,y_proba,y_test,Neg,Pos,TN,FP,FN,TP,FP/P,Prec
0,0.0038,0,1,0,1,676443,0,126256,5.357709732606767,0.15728934507206313
1,0.004,0,1,0,2,676442,0,126256,5.357701812191104,0.15728954102290027
2,0.0042,0,4,0,6,676438,0,126256,5.35767013052845,0.15729032483113117
3,0.0045,0,1,0,7,676437,0,126256,5.357662210112787,0.15729052078440947
4,0.0046,0,1,0,8,676436,0,126256,5.357654289697123,0.15729071673817605
5,0.0047,0,1,0,9,676435,0,126256,5.3576463692814595,0.15729091269243084
6,0.005,0,1,0,10,676434,0,126256,5.357638448865797,0.15729110864717388
7,0.0052,0,2,0,12,676432,0,126256,5.35762260803447,0.1572915005581247
8,0.0053,1,2,1,14,676430,1,126255,5.357606767203142,0.1572908426094919
9,0.0054,0,1,0,15,676429,1,126255,5.3575988467874796,0.15729103856561236
10,0.0055,1,0,1,15,676429,2,126254,5.3575988467874796,0.15728998870039604
11,0.0056,0,1,0,16,676428,2,126254,5.357590926371816,0.15729018465594097
12,0.0059,1,2,1,18,676426,3,126253,5.357575085540489,0.15728952669747184
13,0.006,0,7,0,25,676419,3,126253,5.357519642630845,0.15729089839934618
14,0.0061,0,3,0,28,676416,3,126253,5.357495881383855,0.15729148627890202
15,0.0062,0,4,0,32,676412,3,126253,5.357464199721202,0.1572922701251456
16,0.0063,0,5,0,37,676407,3,126253,5.3574245976428845,0.15729324994393643
17,0.0064,0,2,0,39,676405,3,126253,5.357408756811558,0.15729364187487074
18,0.0065,0,2,0,41,676403,3,126253,5.35739291598023,0.15729403380775825
19,0.0066,0,4,0,45,676399,3,126253,5.357361234317577,0.15729481767939282
20,0.0067,0,2,0,47,676397,3,126253,5.35734539348625,0.15729520961813992
21,0.0068,0,5,0,52,676392,3,126253,5.357305791407933,0.15729618947355306
22,0.0069,0,4,0,56,676388,3,126253,5.35727410974528,0.15729697336667328
23,0.007,1,4,1,60,676384,4,126252,5.357242428082626,0.1572967073492841
24,0.0071,0,7,0,67,676377,4,126252,5.357186985172982,0.15729807918727085
25,0.0072,0,4,0,71,676373,4,126252,5.3571553035103285,0.15729886310543528
26,0.0073,0,5,0,76,676368,4,126252,5.357115701432011,0.15729984301412872
27,0.0074,0,7,0,83,676361,4,126252,5.357060258522368,0.15730121490681062
28,0.0075,0,11,0,94,676350,4,126252,5.35697313395007,0.15730337078651685
29,0.0076,0,5,0,99,676345,4,126252,5.356933531871753,0.15730435075137336
30,0.0077,0,8,0,107,676337,4,126252,5.356870168546445,0.15730591872054064
31,0.0078,0,10,0,117,676327,4,126252,5.356790964389811,0.1573078787259572
32,0.0079,0,4,0,121,676323,4,126252,5.3567592827271575,0.15730866274179983
33,0.008,0,4,0,125,676319,4,126252,5.356727601064504,0.15730944676545752
34,0.0081,0,6,0,131,676313,4,126252,5.356680078570523,0.1573106228155975
35,0.0082,1,13,1,144,676300,5,126251,5.356577113166899,0.15731212097424338
36,0.0083,0,8,0,152,676292,5,126251,5.356513749841592,0.15731368911073923
37,0.0084,0,8,0,160,676284,5,126251,5.3564503865162845,0.15731525727849877
38,0.0085,0,7,0,167,676277,5,126251,5.356394943606641,0.15731662945093505
39,0.0086,0,8,0,175,676269,5,126251,5.356331580281333,0.15731819767731645
40,0.0087,0,9,0,184,676260,5,126251,5.356260296540363,0.15731996196936865
41,0.0088,0,15,0,199,676245,5,126251,5.356141490305411,0.15732290254406253
42,0.0089,0,17,0,216,676228,5,126251,5.3560068432391335,0.1573262353282765
43,0.009,0,8,0,224,676220,5,126251,5.355943479913826,0.157327803746179
44,0.0091,0,12,0,236,676208,5,126251,5.355848434925865,0.15733015643166817
45,0.0092,0,14,0,250,676194,5,126251,5.3557375491065775,0.15733290132033972
46,0.0093,1,16,1,266,676178,6,126250,5.355610822455962,0.1573349883104777
47,0.0094,1,12,1,278,676166,7,126249,5.355515777468002,0.15733629107132843
48,0.0095,0,5,0,283,676161,7,126249,5.3554761753896845,0.15733727146969753
49,0.0096,0,14,0,297,676147,7,126249,5.355365289570397,0.15734001665013286
50,0.0097,0,16,0,313,676131,7,126249,5.355238562919782,0.1573431541165034
51,0.0098,1,18,1,331,676113,8,126248,5.355095995437841,0.15734563369854715
52,0.0099,0,22,0,353,676091,8,126248,5.354921746293246,0.157349948089274
53,0.01,0,10,0,363,676081,8,126248,5.354842542136612,0.15735190925418377
54,0.0101,0,11,0,374,676070,8,126248,5.354755417564314,0.15735406659204954
55,0.0102,0,9,0,383,676061,8,126248,5.354684133823343,0.15735583173066736
56,0.0103,0,16,0,399,676045,8,126248,5.354557407172728,0.15735896985265982
57,0.0104,0,24,0,423,676021,8,126248,5.3543673171968065,0.157363677270342
58,0.0105,1,15,1,438,676006,9,126247,5.354248510961855,0.1573655692156963
59,0.0106,0,23,0,461,675983,9,126247,5.354066341401596,0.15737008089949267
60,0.0107,0,24,0,485,675959,9,126247,5.353876251425675,0.15737478901927934
61,0.0108,0,30,0,515,675929,9,126247,5.353638638955772,0.1573806745651827
62,0.0109,0,26,0,541,675903,9,126247,5.353432708148524,0.1573857757277317
63,0.011,0,27,0,568,675876,9,126247,5.353218856925611,0.15739107343886163
64,0.0111,0,20,0,588,675856,9,126247,5.353060448612343,0.15739499789927228
65,0.0112,0,15,0,603,675841,9,126247,5.352941642377392,0.15739794137301644
66,0.0113,0,24,0,627,675817,9,126247,5.35275155240147,0.15740265116000718
67,0.0114,0,30,0,657,675787,9,126247,5.352513939931567,0.15740853879012612
68,0.0115,0,28,0,685,675759,9,126247,5.352292168292992,0.15741403430897025
69,0.0116,1,34,1,719,675725,10,126246,5.352022874160436,0.15741965731927962
70,0.0117,0,34,0,753,675691,10,126246,5.3517535800278795,0.15742633149486804
71,0.0118,0,22,0,775,675669,10,126246,5.351579330883284,0.15743065038065132
72,0.0119,0,29,0,804,675640,10,126246,5.351349638829046,0.15743634381944566
73,0.012,0,22,0,826,675618,10,126246,5.3511753896844505,0.15744066325461675
74,0.0121,0,22,0,848,675596,10,126246,5.351001140539855,0.15744498292681103
75,0.0122,0,28,0,876,675568,10,126246,5.35077936890128,0.15745048103425482
76,0.0123,0,27,0,903,675541,10,126246,5.350565517678368,0.1574557831444012
77,0.0124,2,33,2,936,675508,12,126244,5.350304143961475,0.15746016224468415
78,0.0125,2,36,2,972,675472,14,126242,5.3500190089975925,0.1574651309569248
79,0.0126,0,28,0,1000,675444,14,126242,5.349797237359017,0.15747063064591374
80,0.0127,1,33,1,1033,675411,15,126241,5.3495358636421235,0.1574760619321102
81,0.0128,1,33,1,1066,675378,16,126240,5.349274489925231,0.15748149367903416
82,0.0129,0,28,0,1094,675350,16,126240,5.349052718286655,0.157486994598236
83,0.013,0,29,0,1123,675321,16,126240,5.348823026232417,0.15749269238398575
84,0.0131,1,33,1,1156,675288,17,126239,5.348561652515524,0.1574981254530415
85,0.0132,0,41,0,1197,675247,17,126239,5.348236915473324,0.1575061822664401
86,0.0133,0,25,0,1222,675222,17,126239,5.348038905081738,0.15751109536209498
87,0.0134,0,30,0,1252,675192,17,126239,5.347801292611837,0.15751699148148748
88,0.0135,0,37,0,1289,675155,17,126239,5.34750823723229,0.15752426397003222
89,0.0136,2,37,2,1326,675118,19,126237,5.347215181852744,0.1575294345202813
90,0.0137,0,27,0,1353,675091,19,126237,5.347001330629832,0.15753474232773595
91,0.0138,0,44,0,1397,675047,19,126237,5.3466528323406415,0.15754339285446858
92,0.0139,1,33,1,1430,675014,20,126236,5.346391458623748,0.15754882995319813
93,0.014,0,31,0,1461,674983,20,126236,5.346145925738183,0.15755492568199206
94,0.0141,0,39,0,1500,674944,20,126236,5.34583702952731,0.15756259517212112
95,0.0142,0,35,0,1535,674909,20,126236,5.34555981497909,0.15756947868363405
96,0.0143,1,35,1,1570,674874,21,126235,5.3452826004308704,0.1575753112248146
97,0.0144,1,51,1,1621,674823,22,126234,5.3448786592320365,0.15758429175451935
98,0.0145,2,42,2,1663,674781,24,126232,5.344546001774173,0.15759045109130562
99,0.0146,1,45,1,1708,674736,25,126231,5.344189583069319,0.1575982531115514
100,0.0147,1,35,1,1743,674701,26,126230,5.3439123685211,0.157604088242308
101,0.0148,1,49,1,1792,674652,27,126229,5.343524268153593,0.15761267903721027
102,0.0149,1,55,1,1847,674597,28,126228,5.343088645292105,0.15762245184653326
103,0.015,1,46,1,1893,674551,29,126227,5.342724306171588,0.15763045438311243
104,0.0151,2,53,2,1946,674498,31,126225,5.342304524141427,0.15763878394900607
105,0.0152,0,34,0,1980,674464,31,126225,5.342035230008871,0.157645477832217
106,0.0153,0,45,0,2025,674419,31,126225,5.341678811304018,0.15765433825770256
107,0.0154,0,54,0,2079,674365,31,126225,5.341251108858193,0.15766497208308872
108,0.0155,3,66,3,2145,674299,34,126222,5.340728361424407,0.15767481427720198
109,0.0156,1,45,1,2190,674254,35,126221,5.340371942719554,0.15768262594084761
110,0.0157,1,69,1,2259,674185,36,126220,5.3398254340387785,0.15769516682179646
111,0.0158,1,40,1,2299,674145,37,126219,5.339508617412242,0.15770199559200565
112,0.0159,2,59,2,2358,674086,39,126217,5.3390413128881,0.157711516763026
113,0.016,1,56,1,2414,674030,40,126216,5.338597769610949,0.15772150063855364
114,0.0161,0,58,0,2472,673972,40,126216,5.3381383855024716,0.15773293276080122
115,0.0162,1,68,1,2540,673904,41,126215,5.337599797237359,0.15774528538879842
116,0.0163,1,60,1,2600,673844,42,126214,5.337124572297554,0.1577560626854553
117,0.0164,4,65,4,2665,673779,46,126210,5.336609745279432,0.15776466926420238
118,0.0165,3,56,3,2721,673723,49,126207,5.336166202002281,0.15777255509857113
119,0.0166,2,58,2,2779,673665,51,126205,5.335706817893803,0.15778188955705302
120,0.0167,0,60,0,2839,673605,51,126205,5.335231592953998,0.15779372600992736
121,0.0168,2,60,2,2899,673545,53,126203,5.334756368014193,0.15780345808929813
122,0.0169,1,66,1,2965,673479,54,126202,5.334233620580408,0.1578154289022748
123,0.017,0,73,0,3038,673406,54,126202,5.333655430236979,0.15782983661994376
124,0.0171,0,72,0,3110,673334,54,126202,5.333085160309213,0.15784404954873826
125,0.0172,2,57,2,3167,673277,56,126200,5.332633696616399,0.15785319652722968
126,0.0173,1,61,1,3228,673216,57,126199,5.33215055126093,0.1578641881876122
127,0.0174,1,67,1,3295,673149,58,126198,5.331619883411482,0.15787636658422438
128,0.0175,0,68,0,3363,673081,58,126198,5.331081295146369,0.15788979818061027
129,0.0176,3,75,3,3438,673006,61,126195,5.330487263971613,0.15790145407725967
130,0.0177,3,71,3,3509,672935,64,126192,5.329924914459511,0.15791232182118736
131,0.0178,2,70,2,3579,672865,66,126190,5.3293704853630715,0.15792404778144184
132,0.0179,4,81,4,3660,672784,70,126186,5.328728931694335,0.15793584239708625
133,0.018,1,78,1,3738,672706,71,126185,5.328111139272589,0.15795020847650054
134,0.0181,1,73,1,3811,672633,72,126184,5.32753294892916,0.15796358865672613
135,0.0182,3,87,3,3898,672546,75,126181,5.3268438727664424,0.15797763190677164
136,0.0183,1,72,1,3970,672474,76,126180,5.326273602838677,0.15799081955389943
137,0.0184,3,92,3,4062,672382,79,126177,5.325544924597643,0.15800585805181583
138,0.0185,1,96,1,4158,672286,80,126176,5.324784564693955,0.15802380075695524
139,0.0186,2,66,2,4224,672220,82,126174,5.32426181726017,0.15803475477020118
140,0.0187,0,89,0,4313,672131,82,126174,5.323556900266126,0.15805237346628168
141,0.0188,0,79,0,4392,672052,82,126174,5.322931187428717,0.15806801582509214
142,0.0189,3,77,3,4469,671975,85,126171,5.322321315422633,0.15808010063321748
143,0.019,1,70,1,4539,671905,86,126170,5.321766886326194,0.1580929110672556
144,0.0191,1,82,1,4621,671823,87,126169,5.321117412241795,0.15810810133434922
145,0.0192,3,100,3,4721,671723,90,126166,5.320325370675453,0.15812475168851808
146,0.0193,0,93,0,4814,671630,90,126166,5.319588772018755,0.15814318447322373
147,0.0194,0,96,0,4910,671534,90,126166,5.318828412115068,0.1581622163720697
148,0.0195,0,87,0,4997,671447,90,126166,5.318139335952351,0.158179467987608
149,0.0196,1,81,1,5078,671366,91,126165,5.317497782283614,0.15819447770682268
150,0.0197,3,92,3,5170,671274,94,126162,5.31676910404258,0.15820956164507247
151,0.0198,3,93,3,5263,671181,97,126159,5.316032505385882,0.15822484761833094
152,0.0199,2,92,2,5355,671089,99,126157,5.315303827144849,0.1582409946239931
153,0.02,2,88,2,5443,671001,101,126155,5.314606830566468,0.1582563513289745
154,0.0201,5,97,5,5540,670904,106,126150,5.313838550247117,0.15827033049203693
155,0.0202,2,86,2,5626,670818,108,126148,5.313157394500063,0.15828529698883015
156,0.0203,1,83,1,5709,670735,109,126147,5.3125,0.15830072708380916
157,0.0204,0,94,0,5803,670641,109,126147,5.311755480927639,0.15831940240063858
158,0.0205,0,91,0,5894,670550,109,126147,5.311034723102268,0.15833748589488852
159,0.0206,3,114,3,6008,670436,112,126144,5.310131795716639,0.15835697607271085
160,0.0207,2,94,2,6102,670342,114,126142,5.309387276644278,0.15837355175998513
161,0.0208,1,126,1,6228,670216,115,126141,5.308389304270688,0.15839755285631946
162,0.0209,2,96,2,6324,670120,117,126139,5.307628944367,0.1584145359738477
163,0.021,1,111,1,6435,670009,118,126138,5.306749778228362,0.1584355652913344
164,0.0211,4,92,4,6527,669917,122,126134,5.306021099987327,0.15844964707035103
165,0.0212,1,94,1,6621,669823,123,126133,5.305276580914966,0.15846730221268512
166,0.0213,3,95,3,6716,669728,126,126130,5.304524141426942,0.15848304597051233
167,0.0214,1,99,1,6815,669629,127,126129,5.303740020276264,0.1585017052923125
168,0.0215,5,103,5,6918,669526,132,126124,5.302924217462932,0.1585169358386225
169,0.0216,3,88,3,7006,669438,135,126121,5.302227220884552,0.15853129686170353
170,0.0217,4,104,4,7110,669334,139,126117,5.301403497655557,0.15854779238444605
171,0.0218,3,126,3,7236,669208,142,126114,5.300405525281967,0.1585697365343848
172,0.0219,1,132,1,7368,669076,143,126113,5.299360030414396,0.15859500068537166
173,0.022,1,105,1,7473,668971,144,126112,5.298528386769737,0.15861488674767288
174,0.0221,0,108,0,7581,668863,144,126112,5.2976729818780885,0.15863643510802228
175,0.0222,5,120,5,7701,668743,149,126107,5.296722531998479,0.15865509215575266
176,0.0223,4,108,4,7809,668635,153,126103,5.29586712710683,0.1586724178282654
177,0.0224,2,94,2,7903,668541,155,126101,5.29512260803447,0.15868907004663735
178,0.0225,4,100,4,8003,668441,159,126097,5.294330566468128,0.1587048070702723
179,0.0226,6,130,6,8133,668311,165,126091,5.293300912431884,0.1587244241580459
180,0.0227,2,132,2,8265,668179,167,126089,5.292255417564314,0.15874868432317554
181,0.0228,3,108,3,8373,668071,170,126086,5.291400012672665,0.1587670951713578
182,0.0229,2,112,2,8485,667959,172,126084,5.290512926118363,0.15878737045726743
183,0.023,3,121,3,8606,667838,175,126081,5.28955455582309,0.15880839229190888
184,0.0231,9,124,9,8730,667714,184,126072,5.288572424280826,0.15882366280080526
185,0.0232,4,127,4,8857,667587,188,126068,5.2875665314915725,0.15884483812235795
186,0.0233,1,133,1,8990,667454,189,126067,5.286513116208338,0.15887040166548838
187,0.0234,3,107,3,9097,667347,192,126064,5.285665631732353,0.15888864661568847
188,0.0235,3,123,3,9220,667224,195,126061,5.284691420605753,0.15891010166585778
189,0.0236,2,113,2,9333,667111,197,126059,5.283796413635788,0.1589306201696988
190,0.0237,4,108,4,9441,667003,201,126055,5.282941008744139,0.15894802145618606
191,0.0238,3,131,3,9572,666872,204,126052,5.281903434292231,0.1589710993739627
192,0.0239,2,128,2,9700,666744,206,126050,5.280889621087315,0.15899464425815532
193,0.024,1,132,1,9832,666612,207,126049,5.279844126219744,0.15902006027797508
194,0.0241,5,126,5,9958,666486,212,126044,5.278846153846154,0.15904003633931837
195,0.0242,6,127,6,10085,666359,218,126038,5.2778402610569,0.1590591584773794
196,0.0243,6,127,6,10212,666232,224,126032,5.276834368267647,0.1590782870356346
197,0.0244,2,136,2,10348,666096,226,126030,5.275757191737422,0.15910347596215754
198,0.0245,7,126,7,10474,665970,233,126023,5.274759219363832,0.15912135587056955
199,0.0246,4,119,4,10593,665851,237,126019,5.273816689899886,0.1591410206220718
200,0.0247,4,126,4,10719,665725,241,126015,5.272818717526296,0.1591620986687549
201,0.0248,4,130,4,10849,665595,245,126011,5.271789063490052,0.15918398799402733
202,0.0249,7,142,7,10991,665453,252,126004,5.270664364465847,0.15920511158534198
203,0.025,2,148,2,11139,665305,254,126002,5.269492142947662,0.15923276301106903
204,0.0251,5,140,5,11279,665165,259,125997,5.268383284754784,0.15925562653413586
205,0.0252,6,133,6,11412,665032,265,125991,5.26732986947155,0.15927602610796399
206,0.0253,2,118,2,11530,664914,267,125989,5.266395260423267,0.15929766355671934
207,0.0254,8,117,8,11647,664797,275,125981,5.265468571790648,0.15931272746586272
208,0.0255,4,173,4,11820,664624,279,125977,5.264098339880877,0.15934333500716544
209,0.0256,7,120,7,11940,664504,286,125970,5.263147890001267,0.15936008015443898
210,0.0257,4,131,4,12071,664373,290,125966,5.26211031554936,0.1593822397730594
211,0.0258,5,161,5,12232,664212,295,125961,5.2608351286275505,0.15940939515776925
212,0.0259,3,145,3,12377,664067,298,125958,5.2596866683563555,0.15943546090313598
213,0.026,3,134,3,12511,663933,301,125955,5.2586253326574575,0.15945931575109382
214,0.0261,4,147,4,12658,663786,305,125951,5.257461031554936,0.15948473985643322
215,0.0262,2,128,2,12786,663658,307,125949,5.256447218350019,0.15950846433732224
216,0.0263,2,141,2,12927,663517,309,125947,5.255330439741478,0.15953482362716984
217,0.0264,5,120,5,13047,663397,314,125942,5.254379989861868,0.15955375320362988
218,0.0265,6,145,6,13192,663252,320,125936,5.253231529590673,0.15957667881417356
219,0.0266,4,153,4,13345,663099,324,125932,5.2520197059941705,0.15960336159162314
220,0.0267,4,149,4,13494,662950,328,125928,5.250839564060322,0.15962924558677008
221,0.0268,7,144,7,13638,662806,335,125921,5.24969902420479,0.15965093118404722
222,0.0269,3,162,3,13800,662644,338,125918,5.248415916867317,0.1596805324121629
223,0.027,3,149,3,13949,662495,341,125915,5.247235774933468,0.15970751258862775
224,0.0271,7,135,7,14084,662360,348,125908,5.2461665188189075,0.15972740235554406
225,0.0272,8,164,8,14248,662196,356,125900,5.244867570650108,0.15975211141789833
226,0.0273,7,165,7,14413,662031,363,125893,5.243560702065644,0.1597781004259294
227,0.0274,1,168,1,14581,661863,364,125892,5.242230072234191,0.15981110878382238
228,0.0275,3,168,3,14749,661695,367,125889,5.240899442402737,0.15984199780594832
229,0.0276,4,165,4,14914,661530,371,125885,5.239592573818274,0.15987122419562746
230,0.0277,4,156,4,15070,661374,375,125881,5.238356988974782,0.1598986351309296
231,0.0278,8,149,8,15219,661225,383,125873,5.237176847040932,0.15992036569779114
232,0.0279,10,152,10,15371,661073,393,125863,5.2359729438600935,0.15994057966594488
233,0.028,3,156,3,15527,660917,396,125860,5.234737359016601,0.15996908908115007
234,0.0281,4,171,4,15698,660746,400,125856,5.233382967938158,0.15999959318689758
235,0.0282,2,173,2,15871,660573,402,125854,5.232012736028387,0.1600326540162024
236,0.0283,6,156,6,16027,660417,408,125848,5.230777151184895,0.16005799571391324
237,0.0284,7,161,7,16188,660256,415,125841,5.2295019642630844,0.16008329760831042
238,0.0285,10,162,10,16350,660094,425,125831,5.228218856925611,0.16010560804147977
239,0.0286,4,152,4,16502,659942,429,125827,5.2270149537447725,0.1601323035141371
240,0.0287,9,181,9,16683,659761,438,125818,5.225581358509695,0.16015957656709257
241,0.0288,4,160,4,16843,659601,442,125814,5.2243140920035485,0.16018792612822522
242,0.0289,3,179,3,17022,659422,445,125811,5.222896337599797,0.16022123369751398
243,0.029,4,163,4,17185,659259,449,125807,5.221605309846661,0.16025022100052735
244,0.0291,2,164,2,17349,659095,451,125805,5.220306361677861,0.16028156453051345
245,0.0292,8,187,8,17536,658908,459,125797,5.218825243948802,0.16031119975022462
246,0.0293,2,155,2,17691,658753,461,125795,5.217597579520973,0.16034073122358353
247,0.0294,7,183,7,17874,658570,468,125788,5.216148143454569,0.16037064707697252
248,0.0295,9,171,9,18045,658399,477,125779,5.214793752376124,0.16039598152460283
249,0.0296,10,171,10,18216,658228,487,125769,5.213439361297681,0.160420256710166
250,0.0297,7,190,7,18406,658038,494,125762,5.211934482321632,0.16045164582801735
251,0.0298,4,163,4,18569,657875,498,125758,5.210643454568496,0.16048073524213502
252,0.0299,5,149,5,18718,657726,503,125753,5.2094633126346475,0.16050589741397026
253,0.03,1,156,1,18874,657570,504,125752,5.208227727791154,0.16053679074505758
254,0.0301,7,188,7,19062,657382,511,125745,5.206738689646433,0.16056782616357246
255,0.0302,10,183,10,19245,657199,521,125735,5.205289253580028,0.16059463505225216
256,0.0303,9,194,9,19439,657005,530,125726,5.203752692941325,0.1606247868041511
257,0.0304,10,185,10,19624,656820,540,125716,5.202287416043594,0.16065203390003782
258,0.0305,10,191,10,19815,656629,550,125706,5.200774616651882,0.16068052688426313
259,0.0306,6,225,6,20040,656404,556,125700,5.198992523127614,0.16072031341100415
260,0.0307,3,183,3,20223,656221,559,125697,5.197543087061209,0.16075470829422012
261,0.0308,5,180,5,20403,656041,564,125692,5.196117412241795,0.16078635544361053
262,0.0309,1,207,1,20610,655834,565,125691,5.194477886199468,0.16082786859025622
263,0.031,4,200,4,20810,655634,569,125687,5.192893803066785,0.16086474061237316
264,0.0311,2,189,2,20999,655445,571,125685,5.1913968445064,0.160901514472623
265,0.0312,11,191,11,21190,655254,582,125674,5.189884045114687,0.1609290485166366
266,0.0313,8,183,8,21373,655071,590,125666,5.188434609048283,0.1609581715737822
267,0.0314,8,206,8,21579,654865,598,125658,5.18680300342162,0.16099205276462064
268,0.0315,10,195,10,21774,654670,608,125648,5.185258522367254,0.16102153224710952
269,0.0316,7,177,7,21951,654493,615,125641,5.183856608794829,0.16105053747176767
270,0.0317,4,180,4,22131,654313,619,125637,5.182430933975415,0.16108340278222963
271,0.0318,12,191,12,22322,654122,631,125625,5.1809181345837025,0.16110994976575735
272,0.0319,6,198,6,22520,653924,637,125619,5.179349892282347,0.16114441409902983
273,0.032,5,202,5,22722,653722,642,125614,5.177749968318337,0.16118080006569696
274,0.0321,7,194,7,22916,653528,649,125607,5.176213407679635,0.16121339690810962
275,0.0322,3,176,3,23092,653352,652,125604,5.174819414522874,0.1612465915918229
276,0.0323,4,189,4,23281,653163,656,125600,5.173322455962489,0.16128141681101954
277,0.0324,8,217,8,23498,652946,664,125592,5.171603725763528,0.1613177519915534
278,0.0325,16,188,16,23686,652758,680,125576,5.170114687618806,0.16133947636875687
279,0.0326,1,192,1,23878,652566,681,125575,5.1685939678114305,0.16137820780552625
280,0.0327,14,180,14,24058,652386,695,125561,5.167168292992017,0.16140045530093952
281,0.0328,4,197,4,24255,652189,699,125557,5.165607971106324,0.161437024426998
282,0.0329,5,183,5,24438,652006,704,125552,5.164158535039919,0.1614696267030884
283,0.033,8,169,8,24607,651837,712,125544,5.162819984792802,0.16149610036777334
284,0.0331,7,191,7,24798,651646,719,125537,5.16130718540109,0.1615282372362751
285,0.0332,5,199,5,24997,651447,724,125532,5.1597310226840705,0.16156421216017422
286,0.0333,3,215,3,25212,651232,727,125529,5.158028133316437,0.161605693385739
287,0.0334,9,222,9,25434,651010,736,125520,5.1562698010391586,0.16164217737885206
288,0.0335,8,204,8,25638,650806,744,125512,5.154654036243822,0.1616760142106714
289,0.0336,4,206,4,25844,650600,748,125508,5.153022430617159,0.1617146067299912
290,0.0337,6,218,6,26062,650382,754,125502,5.151295780002535,0.16175356109933958
291,0.0338,8,241,8,26303,650141,762,125494,5.149386959827652,0.16179517427656048
292,0.0339,10,198,10,26501,649943,772,125484,5.147818717526296,0.16182567798129288
293,0.034,8,190,8,26691,649753,780,125476,5.146313838550247,0.16185669008770312
294,0.0341,5,197,5,26888,649556,785,125471,5.144753516664554,0.16189242439295662
295,0.0342,6,200,6,27088,649356,791,125465,5.143169433531872,0.16192772266110494
296,0.0343,11,203,11,27291,649153,802,125454,5.141561589152198,0.16195825754221171
297,0.0344,3,213,3,27504,648940,805,125451,5.139874540615891,0.16199955836263594
298,0.0345,11,242,11,27746,648698,816,125440,5.137957800025346,0.16203829291418326
299,0.0346,7,200,7,27946,648498,823,125433,5.136373716892662,0.16207258786636017
300,0.0347,4,229,4,28175,648269,827,125429,5.13455994170574,0.16211622622780464
301,0.0348,5,217,5,28392,648052,832,125424,5.13284121150678,0.16215629185650232
302,0.0349,11,228,11,28620,647824,843,125413,5.131035356735522,0.16219218687155426
303,0.035,2,235,2,28855,647589,845,125411,5.129174059054619,0.16223932729624838
304,0.0351,6,204,6,29059,647385,851,125405,5.127558294259282,0.1622756505648365
305,0.0352,10,210,10,29269,647175,861,125395,5.125895006969966,0.1623089169913406
306,0.0353,4,211,4,29480,646964,865,125391,5.1242237992649855,0.16234891986198058
307,0.0354,7,191,7,29671,646773,872,125384,5.122710999873274,0.16238148459445423
308,0.0355,6,207,6,29878,646566,878,125378,5.121071473830947,0.16241851740540764
309,0.0356,5,213,5,30091,646353,883,125373,5.11938442529464,0.16245791900234022
310,0.0357,10,231,10,30322,646122,893,125363,5.117554809276391,0.16249570633259233
311,0.0358,8,220,8,30542,645902,901,125355,5.115812317830439,0.1625333708478497
312,0.0359,7,240,7,30782,645662,908,125348,5.11391141807122,0.16257636087729083
313,0.036,6,233,6,31015,645429,914,125342,5.112065961221645,0.16261898800032695
314,0.0361,14,211,14,31226,645218,928,125328,5.1103947535166645,0.1626483039299406
315,0.0362,9,233,9,31459,644985,937,125319,5.108549296667089,0.16268771809571286
316,0.0363,11,229,11,31688,644756,948,125308,5.106735521480167,0.1627241372145692
317,0.0364,11,226,11,31914,644530,959,125297,5.1049455075402355,0.16275994476681124
318,0.0365,10,222,10,32136,644308,969,125287,5.103187175262958,0.1627960160863831
319,0.0366,12,219,12,32355,644089,981,125275,5.10145260423267,0.16282929796559237
320,0.0367,5,222,5,32577,643867,986,125270,5.099694271955392,0.16287085395709738
321,0.0368,4,225,4,32802,643642,990,125266,5.097912178431124,0.16291415878102453
322,0.0369,14,245,14,33047,643397,1004,125252,5.095971676593588,0.1629508397200803
323,0.037,11,207,11,33254,643190,1015,125241,5.094332150551261,0.16298275316846925
324,0.0371,10,236,10,33490,642954,1025,125231,5.092462932454695,0.16302192831153953
325,0.0372,11,231,11,33721,642723,1036,125220,5.090633316436446,0.1630589770334517
326,0.0373,9,249,9,33970,642474,1045,125211,5.088661132936257,0.1631020535766623
327,0.0374,10,230,10,34200,642244,1055,125201,5.086839437333671,0.16314002957866688
328,0.0375,9,258,9,34458,641986,1064,125192,5.08479597009251,0.1631850756929943
329,0.0376,11,256,11,34714,641730,1075,125181,5.082768343682677,0.1632275453083865
330,0.0377,12,240,12,34954,641490,1087,125169,5.080867443923457,0.16326554569893525
331,0.0378,11,248,11,35202,641242,1098,125158,5.07890318083893,0.16330636743215032
332,0.0379,6,242,6,35444,641000,1104,125152,5.076986440248384,0.1633513976338899
333,0.038,9,232,9,35676,640768,1113,125143,5.075148903814473,0.16339104674041763
334,0.0381,7,213,7,35889,640555,1120,125136,5.073461855278165,0.163428850541537
335,0.0382,8,217,8,36106,640338,1128,125128,5.071743125079204,0.1634664374381096
336,0.0383,8,228,8,36334,640110,1136,125120,5.069937270307946,0.1635063967695987
337,0.0384,6,245,6,36579,639865,1142,125114,5.067996768470409,0.16355220208659324
338,0.0385,10,266,10,36845,639599,1152,125104,5.0658899379039415,0.16359815510073847
339,0.0386,11,206,11,37051,639393,1163,125093,5.064258332277278,0.1636302038232224
340,0.0387,7,265,7,37316,639128,1170,125086,5.062159422126474,0.16367928355146594
341,0.0388,7,256,7,37572,638872,1177,125079,5.060131795716639,0.16372646936779978
342,0.0389,6,262,6,37834,638610,1183,125073,5.058056646812824,0.16377606939004796
343,0.039,9,251,9,38085,638359,1192,125064,5.056068622481308,0.16382005781853573
344,0.0391,12,256,12,38341,638103,1204,125052,5.054040996071474,0.16386186292430766
345,0.0392,6,259,6,38600,637844,1210,125046,5.051989608414649,0.16391091769455624
346,0.0393,8,259,8,38859,637585,1218,125038,5.049938220757825,0.16395781401819773
347,0.0394,8,273,8,39132,637312,1226,125030,5.047775947281713,0.16400775504957094
348,0.0395,14,240,14,39372,637072,1240,125016,5.045875047522494,0.16404404740659873
349,0.0396,15,260,15,39632,636812,1255,125001,5.0438157394500065,0.16408357431548162
350,0.0397,7,240,7,39872,636572,1262,124994,5.041914839690787,0.16412760023425416
351,0.0398,10,267,10,40139,636305,1272,124984,5.039800088708655,0.16417418352294594
352,0.0399,13,208,13,40347,636097,1285,124971,5.038152642250665,0.1642047753945771
353,0.04,9,272,9,40619,635825,1294,124962,5.035998289190217,0.16425359529014033
354,0.0401,13,263,13,40882,635562,1307,124949,5.033915219870739,0.16429611143034092
355,0.0402,4,251,4,41133,635311,1311,124945,5.031927195539222,0.16434595715127537
356,0.0403,8,271,8,41404,635040,1319,124937,5.029780762894437,0.16439576460866578
357,0.0404,11,231,11,41635,634809,1330,124926,5.027951146876188,0.16443365120732886
358,0.0405,11,234,11,41869,634575,1341,124915,5.026097769610949,0.16447221161568948
359,0.0406,10,294,10,42163,634281,1351,124905,5.023769167405906,0.16452489903659973
360,0.0407,13,263,13,42426,634018,1364,124892,5.021686098086428,0.16456760353665126
361,0.0408,4,256,4,42682,633762,1368,124888,5.0196584716765935,0.16461873063995255
362,0.0409,11,276,11,42958,633486,1379,124877,5.017472436953491,0.16466652513374203
363,0.041,14,265,14,43223,633221,1393,124863,5.015373526802686,0.1647086602540088
364,0.0411,10,285,10,43508,632936,1403,124853,5.013116208338614,0.16475958347244418
365,0.0412,10,228,10,43736,632708,1413,124843,5.011310353567355,0.1647981456033983
366,0.0413,11,251,11,43987,632457,1424,124832,5.009322329235839,0.16484063547734087
367,0.0414,8,251,8,44238,632206,1432,124824,5.0073343049043215,0.16488646420881603
368,0.0415,6,264,6,44502,631942,1438,124818,5.00524331516918,0.16493736455415192
369,0.0416,7,230,7,44732,631712,1445,124811,5.003421619566595,0.1649797825049602
370,0.0417,12,289,12,45021,631423,1457,124799,5.001132619439868,0.16502958126052933
371,0.0418,12,268,12,45289,631155,1469,124787,4.999009948042073,0.16507483378354423
372,0.0419,9,258,9,45547,630897,1478,124778,4.996966480800912,0.16512124921427862
373,0.042,7,271,7,45818,630626,1485,124771,4.994820048156127,0.16517275022273056
374,0.0421,14,266,14,46084,630360,1499,124757,4.992713217589659,0.16521545667757448
375,0.0422,11,285,11,46369,630075,1510,124746,4.990455899125586,0.16526567225872094
376,0.0423,14,301,14,46670,629774,1524,124732,4.988071854010898,0.16531611411970215
377,0.0424,10,256,10,46926,629518,1534,124722,4.986044227601065,0.16536115825201528
378,0.0425,9,259,9,47185,629259,1543,124713,4.98399283994424,0.1654079992360459
379,0.0426,8,243,8,47428,629016,1551,124705,4.982068178938031,0.16545246848634973
380,0.0427,7,256,7,47684,628760,1558,124698,4.980040552528196,0.16550093037700842
381,0.0428,19,244,19,47928,628516,1577,124679,4.978107971106324,0.16553349398230205
382,0.0429,7,270,7,48198,628246,1584,124672,4.975969458877202,0.16558509691626444
383,0.043,10,304,10,48502,627942,1594,124662,4.973561652515524,0.16564089481320854
384,0.0431,10,247,10,48749,627695,1604,124652,4.971605309846661,0.1656841856217942
385,0.0432,8,265,8,49014,627430,1612,124644,4.969506399695856,0.16573369109954605
386,0.0433,9,261,9,49275,627169,1621,124635,4.967439171207705,0.1657812408553293
387,0.0434,10,249,10,49524,626920,1631,124625,4.965466987707515,0.16582506702858776
388,0.0435,11,277,11,49801,626643,1642,124614,4.9632730325687495,0.1658739951840715
389,0.0436,11,284,11,50085,626359,1653,124603,4.961023634520339,0.16592450749838208
390,0.0437,12,268,12,50353,626091,1665,124591,4.958900963122544,0.16597041090634915
391,0.0438,13,267,13,50620,625824,1678,124578,4.956786212140413,0.16601501595145002
392,0.0439,11,289,11,50909,625535,1689,124567,4.9544972120136865,0.16606674825557058
393,0.044,9,262,9,51171,625273,1698,124558,4.952422063109872,0.16611476452694007
394,0.0441,10,316,10,51487,624957,1708,124548,4.949919211760233,0.16617367462525268
395,0.0442,9,288,9,51775,624669,1717,124539,4.94763813204917,0.16622753627830988
396,0.0443,15,265,15,52040,624404,1732,124524,4.945539221898366,0.1662696547598701
397,0.0444,12,276,12,52316,624128,1744,124512,4.943353187175263,0.16631758922846762
398,0.0445,11,260,11,52576,623868,1755,124501,4.941293879102775,0.166363117659871
399,0.0446,18,279,18,52855,623589,1773,124483,4.939084083132683,0.16640510539092493
400,0.0447,13,289,13,53144,623300,1786,124470,4.936795083005956,0.1664549259799136
401,0.0448,18,286,18,53430,623014,1804,124452,4.93452984412622,0.16649854307754466
402,0.0449,8,301,8,53731,622713,1812,124444,4.932145799011532,0.16655669424230785
403,0.045,19,255,19,53986,622458,1831,124425,4.930126093017361,0.16659235783917964
404,0.0451,22,308,22,54294,622150,1853,124403,4.92768660499303,0.16663652815004426
405,0.0452,16,255,16,54549,621895,1869,124387,4.92566689899886,0.16667559984027486
406,0.0453,14,297,14,54846,621598,1883,124373,4.923314535546825,0.16672632046017874
407,0.0454,14,271,14,55117,621327,1897,124359,4.92116810290204,0.1667712683354656
408,0.0455,13,285,13,55402,621042,1910,124346,4.918910784437967,0.1668205015374543
409,0.0456,12,297,12,55699,620745,1922,124334,4.916558420985933,0.1668735798485798
410,0.0457,13,271,13,55970,620474,1935,124321,4.914411988341148,0.1669197564430481
411,0.0458,12,281,12,56251,620193,1947,124309,4.912186351539729,0.1669693298339024
412,0.0459,12,311,12,56562,619882,1959,124297,4.909723102268407,0.16702567527436277
413,0.046,12,280,12,56842,619602,1971,124285,4.907505385882651,0.1670751068374632
414,0.0461,11,298,11,57140,619304,1982,124274,4.905145102014954,0.1671297429455955
415,0.0462,10,287,10,57427,619017,1992,124264,4.902871942719554,0.16718307073637023
416,0.0463,17,299,17,57726,618718,2009,124247,4.900503738436193,0.1672312962252596
417,0.0464,16,312,16,58038,618406,2025,124231,4.898032568749208,0.16728361231664998
418,0.0465,23,272,23,58310,618134,2048,124208,4.895878215688759,0.16731910628793736
419,0.0466,17,289,17,58599,617845,2065,124191,4.893589215562033,0.16736519521963894
420,0.0467,10,303,10,58902,617542,2075,124181,4.891189329616018,0.16742233960656472
421,0.0468,16,292,16,59194,617250,2091,124165,4.888876568242301,0.1674703101501858
422,0.0469,16,269,16,59463,616981,2107,124149,4.886745976428843,0.16751312185446549
423,0.047,12,283,12,59746,616698,2119,124137,4.884504498796097,0.167563627528397
424,0.0471,14,273,14,60019,616425,2133,124123,4.882342225319984,0.16760966203406127
425,0.0472,11,291,11,60310,616134,2144,124112,4.880037384361931,0.1676631822394177
426,0.0473,15,272,15,60582,615862,2159,124097,4.877883031301483,0.16770794057508592
427,0.0474,12,297,12,60879,615565,2171,124085,4.875530667849449,0.1677617792199013
428,0.0475,16,266,16,61145,615299,2187,124069,4.873423837282981,0.1678041246037156
429,0.0476,11,333,11,61478,614966,2198,124058,4.870786338867064,0.16786734936889736
430,0.0477,17,293,17,61771,614673,2215,124041,4.868465657077683,0.16791478163402887
431,0.0478,14,326,14,62097,614347,2229,124027,4.865883601571411,0.167973140982754
432,0.0479,19,286,19,62383,614061,2248,124008,4.863618362691674,0.16801681143632913
433,0.048,18,319,18,62702,613742,2266,123990,4.861091750095045,0.16806916332760405
434,0.0481,14,272,14,62974,613470,2280,123976,4.858937397034596,0.16811536031112786
435,0.0482,13,302,13,63276,613168,2293,123963,4.856545431504245,0.16816956551820503
436,0.0483,15,297,15,63573,612871,2308,123948,4.854193068052211,0.16822041776881433
437,0.0484,16,341,16,63914,612530,2324,123932,4.851492206310987,0.1682802371337557
438,0.0485,11,301,11,64215,612229,2335,123921,4.849108161196299,0.1683366161787679
439,0.0486,20,298,20,64513,611931,2355,123901,4.846747877328602,0.168382185063982
440,0.0487,18,298,18,64811,611633,2373,123883,4.844387593460905,0.16843005454673998
441,0.0488,18,315,18,65126,611318,2391,123865,4.84189266252693,0.1684818609788311
442,0.0489,17,292,17,65418,611026,2408,123848,4.839579901153212,0.1685295710557184
443,0.049,18,296,18,65714,610730,2426,123830,4.837235458116842,0.1685771073840122
444,0.0491,13,309,13,66023,610421,2439,123817,4.834788049676847,0.16863333142659465
445,0.0492,15,283,15,66306,610138,2454,123802,4.832546572044101,0.1686813635992043
446,0.0493,11,301,11,66607,609837,2465,123791,4.8301625269294135,0.1687381070515302
447,0.0494,16,303,16,66910,609534,2481,123775,4.827762640983399,0.16878969165795046
448,0.0495,17,308,17,67218,609226,2498,123758,4.825323152959068,0.168841338965107
449,0.0496,14,291,14,67509,608935,2512,123744,4.823018312001014,0.16889251636801383
450,0.0497,14,294,14,67803,608641,2526,123730,4.82068970979597,0.16894442843859192
451,0.0498,19,293,19,68096,608348,2545,123711,4.81836902800659,0.16899047754347668
452,0.0499,20,332,20,68428,608016,2565,123691,4.815739450006336,0.1690444399192573
453,0.05,10,308,10,68736,607708,2575,123681,4.813299961982005,0.1691042659925156
454,0.0501,18,320,18,69056,607388,2593,123663,4.810765428969712,0.16915782893395948
455,0.0502,11,290,11,69346,607098,2604,123652,4.808468508427322,0.1692124529592884
456,0.0503,14,304,14,69650,606794,2618,123638,4.806060702065644,0.16926695435030228
457,0.0504,10,334,10,69984,606460,2628,123628,4.803415283234064,0.16933301191089292
458,0.0505,14,304,14,70288,606156,2642,123614,4.801007476872386,0.16938761527604587
459,0.0506,19,310,19,70598,605846,2661,123595,4.798552148016728,0.1694379668814887
460,0.0507,15,314,15,70912,605532,2676,123580,4.796065137498416,0.1694938500532154
461,0.0508,14,299,14,71211,605233,2690,123566,4.793696933215055,0.16954743351733467
462,0.0509,16,276,16,71487,604957,2706,123550,4.7915108984919526,0.16959342875222888
463,0.051,17,318,17,71805,604639,2723,123533,4.788992206310987,0.16964810511802156
464,0.0511,14,320,14,72125,604319,2737,123519,4.7864576732986945,0.16970672045152904
465,0.0512,22,319,22,72444,604000,2759,123497,4.7839310607020655,0.16975602648533258
466,0.0513,25,347,25,72791,603653,2784,123472,4.781182676466861,0.16980849235000858
467,0.0514,15,323,15,73114,603330,2799,123457,4.778624382207578,0.16986682480561704
468,0.0515,24,329,24,73443,603001,2823,123433,4.776018565454315,0.16991633100873582
469,0.0516,17,277,17,73720,602724,2840,123416,4.7738246103155495,0.1699617153716914
470,0.0517,16,318,16,74038,602406,2856,123400,4.771305918134583,0.1700178835666831
471,0.0518,18,345,18,74383,602061,2874,123382,4.768573374730706,0.17007814535394236
472,0.0519,18,325,18,74708,601736,2892,123364,4.765999239640096,0.17013377465177218
473,0.052,22,337,22,75045,601399,2914,123342,4.763330059561526,0.17018769463849845
474,0.0521,18,330,18,75375,601069,2932,123324,4.760716322392599,0.17024460479325448
475,0.0522,15,317,15,75692,600752,2947,123309,4.758205550627297,0.17030194969760834
476,0.0523,17,300,17,75992,600452,2964,123292,4.7558294259282725,0.17035305301322015
477,0.0524,18,254,18,76246,600198,2982,123274,4.753817640349766,0.17039221974036314
478,0.0525,19,331,19,76577,599867,3001,123255,4.751195982765175,0.17044841672636152
479,0.0526,17,317,17,76894,599550,3018,123238,4.748685210999874,0.17050366082447413
480,0.0527,21,291,21,77185,599259,3039,123217,4.74638037004182,0.17054822582341836
481,0.0528,23,286,23,77471,598973,3062,123194,4.744115131162084,0.17058935121654686
482,0.0529,20,352,20,77823,598621,3082,123174,4.741327144848562,0.17064956116348826
483,0.053,12,303,12,78126,598318,3094,123162,4.738927258902547,0.1707074347175251
484,0.0531,12,319,12,78445,597999,3106,123150,4.736400646305918,0.17076914756867168
485,0.0532,24,315,24,78760,597684,3130,123126,4.733905715371943,0.17081616514754236
486,0.0533,18,334,18,79094,597350,3148,123108,4.731260296540363,0.17087463807744518
487,0.0534,15,324,15,79418,597026,3163,123093,4.728694081865417,0.17093424836728374
488,0.0535,21,325,21,79743,596701,3184,123072,4.726119946774807,0.17098724181095984
489,0.0536,23,336,23,80079,596365,3207,123049,4.7234586871119,0.17104059693027937
490,0.0537,24,304,24,80383,596061,3231,123025,4.721050880750222,0.1710852387614277
491,0.0538,14,338,14,80721,595723,3245,123011,4.7183737802559875,0.17114954906822274
492,0.0539,29,330,29,81051,595393,3274,122982,4.715760043087061,0.17119471028362623
493,0.054,24,353,24,81404,595040,3298,122958,4.7129641363578765,0.1712511734015972
494,0.0541,18,315,18,81719,594725,3316,122940,4.710469205423901,0.1713055534267381
495,0.0542,15,335,15,82054,594390,3331,122925,4.707815866176657,0.1713682273478179
496,0.0543,15,328,15,82382,594062,3346,122910,4.705217969839057,0.17142928873094068
497,0.0544,9,299,9,82681,593763,3355,122901,4.702849765555697,0.17149040554569506
498,0.0545,22,341,22,83022,593422,3377,122879,4.700148903814473,0.1715465984271975
499,0.0546,21,312,21,83334,593110,3398,122858,4.697677734127487,0.17159705461696612
500,0.0547,17,326,17,83660,592784,3415,122841,4.695095678621214,0.1716555458515284
501,0.0548,17,353,17,84013,592431,3432,122824,4.692299771892029,0.17172057517948144
502,0.0549,30,327,30,84340,592104,3462,122794,4.689709795970092,0.17176436358753278
503,0.055,18,334,18,84674,591770,3480,122776,4.687064377138512,0.17182378741186713
504,0.0551,15,340,15,85014,591430,3495,122761,4.684371435812952,0.17188819237430883
505,0.0552,23,312,23,85326,591118,3518,122738,4.681900266125966,0.17193663708086784
506,0.0553,7,333,7,85659,590785,3525,122731,4.67926276771005,0.17200875663615112
507,0.0554,20,298,20,85957,590487,3545,122711,4.676902483842352,0.1720574090224594
508,0.0555,15,307,15,86264,590180,3560,122696,4.674470916233684,0.17211408435688674
509,0.0556,30,356,30,86620,589824,3590,122666,4.6716512482575085,0.1721652233715561
510,0.0557,22,346,22,86966,589478,3612,122644,4.668910784437967,0.17222329881677578
511,0.0558,17,344,17,87310,589134,3629,122627,4.666186161449753,0.17228676479885804
512,0.0559,22,338,22,87648,588796,3651,122605,4.663509060955519,0.17234302453890282
513,0.056,14,337,14,87985,588459,3665,122591,4.6608398808769484,0.17240841009774277
514,0.0561,23,321,23,88306,588138,3688,122568,4.658297427448993,0.17245949802027843
515,0.0562,21,337,21,88643,587801,3709,122547,4.655628247370422,0.17251685089561736
516,0.0563,25,347,25,88990,587454,3734,122522,4.652879863135217,0.1725720306038514
517,0.0564,15,308,15,89298,587146,3749,122507,4.650440375110886,0.1726294400220953
518,0.0565,24,350,24,89648,586796,3773,122483,4.647668229628691,0.1726866296619525
519,0.0566,23,374,23,90022,586422,3796,122460,4.644705994170574,0.1727508950713941
520,0.0567,30,363,30,90385,586059,3826,122430,4.641830883284754,0.1728043766381694
521,0.0568,18,335,18,90720,585724,3844,122412,4.639177544037511,0.17286509935944508
522,0.0569,22,323,22,91043,585401,3866,122390,4.636619249778228,0.17291827672293092
523,0.057,18,348,18,91391,585053,3884,122372,4.63386294512736,0.1729822949429268
524,0.0571,24,339,24,91730,584714,3908,122348,4.631177924217463,0.17303715940044861
525,0.0572,20,355,20,92085,584359,3928,122328,4.628366176656951,0.17310067965025536
526,0.0573,12,363,12,92448,583996,3940,122316,4.625491065771132,0.1731755937885807
527,0.0574,21,349,21,92797,583647,3961,122295,4.6227268407046,0.17323661150632771
528,0.0575,26,354,26,93151,583293,3987,122269,4.6199230135597515,0.17329306283501664
529,0.0576,23,344,23,93495,582949,4010,122246,4.617198390571537,0.17335063351271635
530,0.0577,22,289,22,93784,582660,4032,122224,4.614909390444811,0.17339590627677745
531,0.0578,16,348,16,94132,582312,4048,122208,4.612153085793943,0.17346278317152103
532,0.0579,15,389,15,94521,581923,4063,122193,4.609072044100874,0.17354100744763648
533,0.058,24,350,24,94871,581573,4087,122169,4.60629989861868,0.17359913149989628
534,0.0581,22,321,22,95192,581252,4109,122147,4.603757445190723,0.17365250732514548
535,0.0582,20,343,20,95535,580909,4129,122127,4.6010407426181725,0.17371372163018678
536,0.0583,18,353,18,95888,580556,4147,122109,4.598244835888988,0.17377982395593916
537,0.0584,23,321,23,96209,580235,4170,122086,4.595702382461032,0.17383219354113005
538,0.0585,23,308,23,96517,579927,4193,122063,4.5932628944367,0.17388139432185643
539,0.0586,26,356,26,96873,579571,4219,122037,4.590443226460525,0.17393900867721007
540,0.0587,14,361,14,97234,579210,4233,122023,4.587583956406032,0.17401206161147578
541,0.0588,28,394,28,97628,578816,4261,121995,4.5844633126346475,0.17407689091638118
542,0.0589,16,316,16,97944,578500,4277,121979,4.581960461285008,0.1741365551287048
543,0.059,19,333,19,98277,578167,4296,121960,4.5793229628690915,0.17419696712167934
544,0.0591,16,330,16,98607,577837,4312,121944,4.5767092257001645,0.17426023284427555
545,0.0592,31,326,31,98933,577511,4343,121913,4.574127170193892,0.17430485656769
546,0.0593,24,357,24,99290,577154,4367,121889,4.5712995818020525,0.17436552543977982
547,0.0594,22,335,22,99625,576819,4389,121867,4.568646242554809,0.17442313142098168
548,0.0595,25,339,25,99964,576480,4414,121842,4.565961221644912,0.17447824928900993
549,0.0596,17,350,17,100314,576130,4431,121825,4.563189076162717,0.17454563689636152
550,0.0597,20,358,20,100672,575772,4451,121805,4.5603535673552145,0.1746115482591886
551,0.0598,23,318,23,100990,575454,4474,121782,4.557834875174249,0.17466395883172986
552,0.0599,21,347,21,101337,575107,4495,121761,4.555086490939044,0.17472606002858504
553,0.06,30,327,30,101664,574780,4525,121731,4.552496515017108,0.17477254487007385
554,0.0601,28,338,28,102002,574442,4553,121703,4.549819414522874,0.17482421047339275
555,0.0602,22,334,22,102336,574108,4575,121681,4.547173995691294,0.17488204038868105
556,0.0603,25,346,25,102682,573762,4600,121656,4.544433531871753,0.17493938897181263
557,0.0604,23,364,23,103046,573398,4623,121633,4.54155050057027,0.175003704870718
558,0.0605,23,331,23,103377,573067,4646,121610,4.53892884298568,0.17505977598221908
559,0.0606,21,365,21,103742,572702,4667,121589,4.536037891268534,0.1751268560301084
560,0.0607,20,362,20,104104,572340,4687,121569,4.533170700798378,0.17519444192249992
561,0.0608,22,425,22,104529,571915,4709,121547,4.529804524141427,0.17527564596185516
562,0.0609,23,363,23,104892,571552,4732,121524,4.5269294132556075,0.1753400781443882
563,0.061,25,400,25,105292,571152,4757,121499,4.523761246990242,0.17541157090656045
564,0.0611,20,341,20,105633,570811,4777,121479,4.521060385249018,0.17547415100608127
565,0.0612,21,362,21,105995,570449,4798,121458,4.518193194778862,0.17554093252416872
566,0.0613,30,339,30,106334,570110,4828,121428,4.515508173868965,0.1755912184146063
567,0.0614,18,346,18,106680,569764,4846,121410,4.512767710049423,0.17565764915925658
568,0.0615,22,344,22,107024,569420,4868,121388,4.510043087061209,0.1757188683396834
569,0.0616,28,336,28,107360,569084,4896,121360,4.5073818273983015,0.17577095318374844
570,0.0617,15,319,15,107679,568765,4911,121345,4.5048552148016725,0.17583428728753386
571,0.0618,24,374,24,108053,568391,4935,121321,4.501892979343556,0.1759009557612453
572,0.0619,26,368,26,108421,568023,4961,121295,4.49897826637942,0.17596377869140223
573,0.062,15,362,15,108783,567661,4976,121280,4.496111075909264,0.17603829645789698
574,0.0621,27,351,27,109134,567310,5003,121253,4.4933310100114054,0.176095723993302
575,0.0622,30,397,30,109531,566913,5033,121223,4.49018660499303,0.17616139832823743
576,0.0623,29,342,29,109873,566571,5062,121194,4.4874778228361425,0.17621425923098732
577,0.0624,30,320,30,110193,566251,5092,121164,4.48494328982385,0.17626033764174479
578,0.0625,28,397,28,110590,565854,5120,121136,4.481798884805475,0.17632862195956273
579,0.0626,22,386,22,110976,565468,5142,121114,4.478741604359397,0.176401362109697
580,0.0627,22,370,22,111346,565098,5164,121092,4.475811050563934,0.17647007388624142
581,0.0628,28,325,28,111671,564773,5192,121064,4.473236915473324,0.17652007692789978
582,0.0629,27,342,27,112013,564431,5219,121037,4.470528133316437,0.1765757117764797
583,0.063,39,353,39,112366,564078,5258,120998,4.467732226587251,0.17661982028271317
584,0.0631,31,337,31,112703,563741,5289,120967,4.465063046508681,0.17666947078170547
585,0.0632,24,349,24,113052,563392,5313,120943,4.4622988214421495,0.1767306947620683
586,0.0633,21,366,21,113418,563026,5334,120922,4.45939994930934,0.17679999064256346
587,0.0634,22,378,22,113796,562648,5356,120900,4.4564060321885695,0.17687126580722934
588,0.0635,22,354,22,114150,562294,5378,120878,4.453602205043721,0.17693640840081268
589,0.0636,27,350,27,114500,561944,5405,120851,4.450830059561526,0.17699455912828888
590,0.0637,18,380,18,114880,561564,5423,120833,4.447820301609428,0.17707141150972236
591,0.0638,16,384,16,115264,561180,5439,120817,4.444778861994678,0.17715180565310404
592,0.0639,28,356,28,115620,560824,5467,120789,4.441959194018502,0.17721052855505984
593,0.064,30,373,30,115993,560451,5497,120759,4.439004878976049,0.17727132602281234
594,0.0641,24,358,24,116351,560093,5521,120735,4.436169370168546,0.1773355384913664
595,0.0642,32,320,32,116671,559773,5553,120703,4.433634837156254,0.17738024559279092
596,0.0643,25,373,25,117044,559400,5578,120678,4.430680522113801,0.17744729281053057
597,0.0644,22,385,22,117429,559015,5600,120656,4.427631162083386,0.17752118304297226
598,0.0645,29,341,29,117770,558674,5629,120627,4.424930300342162,0.17757518390227603
599,0.0646,21,382,21,118152,558292,5650,120606,4.421904701558738,0.1776496616575686
600,0.0647,29,392,29,118544,557900,5679,120577,4.41879989861868,0.17771715179733433
601,0.0648,32,369,32,118913,557531,5711,120545,4.41587726523888,0.1777750576631528
602,0.0649,34,353,34,119266,557178,5745,120511,4.413081358509695,0.17782640709824124
603,0.065,47,396,47,119662,556782,5792,120464,4.409944873906983,0.17787332815550036
604,0.0651,20,364,20,120026,556418,5812,120444,4.4070618426055,0.17794469182787628
605,0.0652,20,358,20,120384,556060,5832,120424,4.404226333797998,0.17801455762442275
606,0.0653,24,361,24,120745,555699,5856,120400,4.401367063743505,0.17808042904959184
607,0.0654,26,363,26,121108,555336,5882,120374,4.398491952857686,0.17814447026091074
608,0.0655,21,361,21,121469,554975,5903,120353,4.3956326828031935,0.17821414186884002
609,0.0656,25,365,25,121834,554610,5928,120328,4.392741731086048,0.17828007905911358
610,0.0657,26,403,26,122237,554207,5954,120302,4.389549803573692,0.17835492187650573
611,0.0658,29,376,29,122613,553831,5983,120273,4.386571727284248,0.1784190570001068
612,0.0659,25,378,25,122991,553453,6008,120248,4.3835778101634775,0.17848867672750968
613,0.066,25,390,25,123381,553063,6033,120223,4.380488848054746,0.17856156224843528
614,0.0661,31,375,31,123756,552688,6064,120192,4.377518692180965,0.17862323148258233
615,0.0662,23,377,23,124133,552311,6087,120169,4.3745326954758585,0.17869527718296455
616,0.0663,29,363,29,124496,551948,6116,120140,4.371657584590039,0.17875635333468237
617,0.0664,21,361,21,124857,551587,6137,120119,4.368798314535547,0.1788267486072776
618,0.0665,28,364,28,125221,551223,6165,120091,4.365915283234064,0.17888946156344124
619,0.0666,19,382,19,125603,550841,6184,120072,4.36288968445064,0.1789680629232106
620,0.0667,20,379,20,125982,550462,6204,120052,4.359887846914206,0.17904473284674147
621,0.0668,30,388,30,126370,550074,6234,120022,4.356814725636801,0.17911164967407656
622,0.0669,24,368,24,126738,549706,6258,119998,4.353900012672665,0.17918065294518176
623,0.067,38,377,38,127115,549329,6296,119960,4.350914015967558,0.1792349792092803
624,0.0671,25,392,25,127507,548937,6321,119935,4.3478092130274995,0.17930934468777285
625,0.0672,29,399,29,127906,548538,6350,119906,4.344648967177798,0.17938077086487425
626,0.0673,24,385,24,128291,548153,6374,119882,4.3415996071473835,0.17945466929127965
627,0.0674,26,337,26,128628,547816,6400,119856,4.338930427068813,0.1795132939527193
628,0.0675,27,376,27,129004,547440,6427,119829,4.335952350779369,0.17958124834212288
629,0.0676,32,390,32,129394,547050,6459,119797,4.332863388670638,0.17964690551205897
630,0.0677,25,382,25,129776,546668,6484,119772,4.329837789887213,0.17971910449552847
631,0.0678,33,382,33,130158,546286,6517,119739,4.326812191103789,0.17978153973199204
632,0.0679,25,380,25,130538,545906,6542,119714,4.323802433151692,0.1798533697905712
633,0.068,26,381,26,130919,545525,6568,119688,4.320784754783931,0.1799243249906421
634,0.0681,34,377,34,131296,545148,6602,119654,4.317798758078824,0.17998441641270635
635,0.0682,30,369,30,131665,544779,6632,119624,4.314876124699024,0.18004735077957204
636,0.0683,29,372,29,132037,544407,6661,119595,4.311929730072234,0.180112409299972
637,0.0684,37,362,37,132399,544045,6698,119558,4.3090625396020785,0.18016494801861957
638,0.0685,25,381,25,132780,543664,6723,119533,4.306044861234318,0.18023754630976918
639,0.0686,23,395,23,133175,543269,6746,119510,4.302916297047269,0.18031651576166413
640,0.0687,32,428,32,133603,542841,6778,119478,4.299526359143328,0.18039343579151437
641,0.0688,26,363,26,133966,542478,6804,119452,4.2966512482575085,0.18046016950432825
642,0.0689,30,368,30,134334,542110,6834,119422,4.293736535293372,0.18052339115870433
643,0.069,25,391,25,134725,541719,6859,119397,4.290639652768977,0.1805991686784165
644,0.0691,28,404,28,135129,541315,6887,119369,4.287439804840958,0.18067487634027765
645,0.0692,25,395,25,135524,540920,6912,119344,4.28431124065391,0.1807519416475834
646,0.0693,32,417,32,135941,540503,6944,119312,4.2810084273222655,0.18082644377590687
647,0.0694,23,372,23,136313,540131,6967,119289,4.278062032695476,0.1808998817142337
648,0.0695,22,390,22,136703,539741,6989,119267,4.274973070586745,0.18097959357094298
649,0.0696,38,391,38,137094,539350,7027,119229,4.2718761880623495,0.1810397841413103
650,0.0697,38,376,38,137470,538974,7065,119191,4.268898111772906,0.18109592579368394
651,0.0698,26,355,26,137825,538619,7091,119165,4.266086364212394,0.18116129306884934
652,0.0699,24,356,24,138181,538263,7115,119141,4.263266696236219,0.18122950271066193
653,0.07,27,374,27,138555,537889,7142,119114,4.2603044607781015,0.18129901994359235
654,0.0701,37,405,37,138960,537484,7179,119077,4.257096692434419,0.1813647170636087
655,0.0702,29,382,29,139342,537102,7208,119048,4.254071093650995,0.1814341232949783
656,0.0703,33,372,33,139714,536730,7241,119015,4.251124699024205,0.18149585585860356
657,0.0704,27,359,27,140073,536371,7268,118988,4.248281269801039,0.181561556337824
658,0.0705,34,408,34,140481,535963,7302,118954,4.245049740210367,0.18163217629104145
659,0.0706,23,410,23,140891,535553,7325,118931,4.241802369788367,0.18171720011489967
660,0.0707,36,345,36,141236,535208,7361,118895,4.239069826384489,0.1817680090138709
661,0.0708,28,397,28,141633,534811,7389,118867,4.2359254213661135,0.18184335406729307
662,0.0709,29,394,29,142027,534417,7418,118838,4.232804777594728,0.1819167094013823
663,0.071,27,426,27,142453,533991,7445,118811,4.229430680522114,0.18200158700494176
664,0.0711,35,367,35,142820,533624,7480,118776,4.226523887973641,0.18206008583690989
665,0.0712,26,390,26,143210,533234,7506,118750,4.223434925864909,0.18213637144469802
666,0.0713,37,385,37,143595,532849,7543,118713,4.220385565834495,0.18219754988780806
667,0.0714,28,367,28,143962,532482,7571,118685,4.217478773286022,0.18226507178650023
668,0.0715,34,402,34,144364,532080,7605,118651,4.2142947661893295,0.18233494331759206
669,0.0716,25,345,25,144709,531735,7630,118626,4.211562222785452,0.1824002361765235
670,0.0717,29,380,29,145089,531355,7659,118597,4.208552464833354,0.1824703978139924
671,0.0718,33,333,33,145422,531022,7692,118564,4.205914966417438,0.18252240657895952
672,0.0719,27,407,27,145829,530615,7719,118537,4.202691357242428,0.18260284186138223
673,0.072,33,354,33,146183,530261,7752,118504,4.1998875300975795,0.1826609018673942
674,0.0721,31,382,31,146565,529879,7783,118473,4.196861931314156,0.1827294432653867
675,0.0722,30,357,30,146922,529522,7813,118443,4.194034342922317,0.18279228044724638
676,0.0723,28,397,28,147319,529125,7841,118415,4.1908899379039415,0.18286901195292954
677,0.0724,28,349,28,147668,528776,7869,118387,4.18812571283741,0.18293227517642388
678,0.0725,37,391,37,148059,528385,7906,118350,4.185028830313015,0.182996126697952
679,0.0726,38,420,38,148479,527965,7944,118312,4.181702255734381,0.183067013060963
680,0.0727,25,379,25,148858,527586,7969,118287,4.1787004181979475,0.18314281600252683
681,0.0728,30,365,30,149223,527221,7999,118257,4.175809466480801,0.18320841299006319
682,0.0729,24,382,24,149605,526839,8023,118233,4.172783867697377,0.18328651685393257
683,0.073,35,421,35,150026,526418,8058,118198,4.169449372703079,0.1833618774588282
684,0.0731,42,383,42,150409,526035,8100,118156,4.166415853503992,0.18341765097618565
685,0.0732,37,403,37,150812,525632,8137,118119,4.163223925991636,0.18348554021663654
686,0.0733,31,392,31,151204,525240,8168,118088,4.160119123051578,0.18355799840827697
687,0.0734,26,424,26,151628,524816,8194,118062,4.1567608668102904,0.1836460417062024
688,0.0735,27,378,27,152006,524438,8221,118035,4.15376694968952,0.18371978277686377
689,0.0736,33,381,33,152387,524057,8254,118002,4.150749271321759,0.18378684824914845
690,0.0737,37,411,37,152798,523646,8291,117965,4.147493980484096,0.18385750867737616
691,0.0738,30,402,30,153200,523244,8321,117935,4.144309973387403,0.1839345954873756
692,0.0739,31,389,31,153589,522855,8352,117904,4.141228931694335,0.18400677945998417
693,0.074,38,388,38,153977,522467,8390,117866,4.13815581041693,0.18406985115557062
694,0.0741,25,396,25,154373,522071,8415,117841,4.135019325814219,0.1841518833839653
695,0.0742,29,379,29,154752,521692,8444,117812,4.132017488277785,0.18422402361830417
696,0.0743,35,400,35,155152,521292,8479,117777,4.128849322012419,0.18429465362895087
697,0.0744,26,415,26,155567,520877,8505,117751,4.125562349512102,0.1843812047075919
698,0.0745,33,409,33,155976,520468,8538,117718,4.122322899505766,0.18445719586452852
699,0.0746,31,418,31,156394,520050,8569,117687,4.119012165758459,0.18453845393947663
700,0.0747,35,398,35,156792,519652,8604,117652,4.11585984032442,0.18460891505466778
701,0.0748,30,420,30,157212,519232,8634,117622,4.112533265745786,0.18469225285544252
702,0.0749,36,440,36,157652,518792,8670,117586,4.109048282853884,0.18477382939070805
703,0.075,32,373,32,158025,518419,8702,117554,4.1060939678114305,0.18484118036457522
704,0.0751,33,367,33,158392,518052,8735,117521,4.103187175262958,0.18490558912980884
705,0.0752,38,389,38,158781,517663,8773,117483,4.10010613356989,0.18497006987369832
706,0.0753,33,408,33,159189,517255,8806,117450,4.0968746039792165,0.18504659645031943
707,0.0754,32,389,32,159578,516866,8838,117418,4.093793562286149,0.18511896879000575
708,0.0755,36,374,36,159952,516492,8874,117382,4.090831326828032,0.1851819131246904
709,0.0756,31,407,31,160359,516085,8905,117351,4.0876077176530226,0.18526102084504195
710,0.0757,30,415,30,160774,515670,8935,117321,4.084320745152706,0.18534386744835235
711,0.0758,29,404,29,161178,515266,8964,117292,4.081120897224686,0.1854248938437266
712,0.0759,42,358,42,161536,514908,9006,117250,4.078285388417184,0.18547578295299594
713,0.076,39,400,39,161936,514508,9045,117211,4.075117222151818,0.18554293918656872
714,0.0761,29,367,29,162303,514141,9074,117182,4.072210429603346,0.18561338649154235
715,0.0762,27,415,27,162718,513726,9101,117155,4.068923457103029,0.18570063133934925
716,0.0763,43,380,43,163098,513346,9144,117112,4.065913699150931,0.18575702108625794
717,0.0764,26,388,26,163486,512958,9170,117086,4.062840577873526,0.1858378145018443
718,0.0765,28,362,28,163848,512596,9198,117058,4.059973387403371,0.1859084513081788
719,0.0766,33,394,33,164242,512202,9231,117025,4.0568527436319854,0.1859821654188393
720,0.0767,25,401,25,164643,511801,9256,117000,4.053676656950957,0.18606840637976085
721,0.0768,30,375,30,165018,511426,9286,116970,4.050706501077176,0.18614058650914392
722,0.0769,40,397,40,165415,511029,9326,116930,4.047562096058801,0.1862064243047715
723,0.077,30,391,30,165806,510638,9356,116900,4.044465213534406,0.18628353980157378
724,0.0771,38,442,38,166248,510196,9394,116862,4.040964389811177,0.18636553556449323
725,0.0772,31,380,31,166628,509816,9425,116831,4.03795463185908,0.18643829779764365
726,0.0773,26,419,26,167047,509397,9451,116805,4.03463597769611,0.18652926691387126
727,0.0774,37,405,37,167452,508992,9488,116768,4.031428209352427,0.18660189209920736
728,0.0775,29,411,29,167863,508581,9517,116739,4.0281729185147634,0.1866868163500288
729,0.0776,34,395,34,168258,508186,9551,116705,4.025044354327715,0.18676057104359
730,0.0777,31,407,31,168665,507779,9582,116674,4.021820745152706,0.18684192405193026
731,0.0778,25,411,25,169076,507368,9607,116649,4.018565454315042,0.186932407290186
732,0.0779,26,380,26,169456,506988,9633,116623,4.015555696362945,0.18701241639419447
733,0.078,43,391,43,169847,506597,9676,116580,4.01245881383855,0.18707365644110743
734,0.0781,25,370,25,170217,506227,9701,116555,4.009528260043087,0.1871521656053001
735,0.0782,33,437,33,170654,505790,9734,116522,4.006067038398175,0.18724048387304118
736,0.0783,37,396,37,171050,505394,9771,116485,4.002930553795463,0.18731135799729529
737,0.0784,40,392,40,171442,505002,9811,116445,3.999825750855405,0.18737720191746038
738,0.0785,33,368,33,171810,504634,9844,116412,3.9969110378912687,0.18744505237937287
739,0.0786,36,389,36,172199,504245,9880,116376,3.9938299961982007,0.18751540795429095
740,0.0787,35,390,35,172589,503855,9915,116341,3.990741034089469,0.18758747234745146
741,0.0788,36,417,36,173006,503438,9951,116305,3.9874382207578254,0.1876665004687427
742,0.0789,31,390,31,173396,503048,9982,116274,3.984349258649094,0.18774401684422642
743,0.079,28,366,28,173762,502682,10010,116246,3.9814503865162845,0.18781829227309155
744,0.0791,43,404,43,174166,502278,10053,116203,3.978250538588265,0.18788451059935551
745,0.0792,29,392,29,174558,501886,10082,116174,3.9751457356482067,0.18796556968579103
746,0.0793,32,404,32,174962,501482,10114,116142,3.9719458877201874,0.1880464489721902
747,0.0794,38,408,38,175370,501074,10152,116104,3.968714358129515,0.18812076904879954
748,0.0795,27,375,27,175745,500699,10179,116077,3.9657442022557343,0.18819960569153144
749,0.0796,39,406,39,176151,500293,10218,116038,3.9625285134963883,0.1882722108737026
750,0.0797,37,403,37,176554,499890,10255,116001,3.9593365859840324,0.18834663925921957
751,0.0798,34,426,34,176980,499464,10289,115967,3.955962488911418,0.18843217192504114
752,0.0799,38,382,38,177362,499082,10327,115929,3.9529368901279938,0.18849906749635373
753,0.08,38,447,38,177809,498635,10365,115891,3.9493964643264476,0.18858599961596417
754,0.0801,33,384,33,178193,498251,10398,115858,3.9463550247116967,0.1886603192592846
755,0.0802,30,422,30,178615,497829,10428,115828,3.943012609301736,0.18875039313492717
756,0.0803,32,401,32,179016,497428,10460,115796,3.9398365226207073,0.1888314873520932
757,0.0804,33,376,33,179392,497052,10493,115763,3.9368584463312635,0.18890366586979757
758,0.0805,41,409,41,179801,496643,10534,115722,3.933618996324927,0.1889755293003356
759,0.0806,34,364,34,180165,496279,10568,115688,3.9307359650234446,0.1890428732268243
760,0.0807,31,434,31,180599,495845,10599,115657,3.9272985046255227,0.18913593087185324
761,0.0808,33,451,33,181050,495394,10632,115624,3.923726397161323,0.18923174112710264
762,0.0809,31,405,31,181455,494989,10663,115593,3.9205186288176406,0.1893160951354609
763,0.081,29,400,29,181855,494589,10692,115564,3.9173504625522746,0.18940167466192906
764,0.0811,39,425,39,182280,494164,10731,115525,3.913984285895324,0.18948185058283815
765,0.0812,40,365,40,182645,493799,10771,115485,3.9110933341781777,0.18954215111507933
766,0.0813,34,388,34,183033,493411,10805,115451,3.908020212900773,0.1896176801968262
767,0.0814,40,399,40,183432,493012,10845,115411,3.904859967051071,0.18968875272631047
768,0.0815,31,402,31,183834,492610,10876,115380,3.901675959954378,0.18977285810621886
769,0.0816,37,401,37,184235,492209,10913,115343,3.8984998732733493,0.18984877014642368
770,0.0817,27,412,27,184647,491797,10940,115316,3.895236662020023,0.18994157595044087
771,0.0818,27,417,27,185064,491380,10967,115289,3.891933848688379,0.19003608227880442
772,0.0819,42,436,42,185500,490944,11009,115247,3.888480547459131,0.19011664640352627
773,0.082,46,372,46,185872,490572,11055,115201,3.885534152832341,0.19017189607328158
774,0.0821,38,406,38,186278,490166,11093,115163,3.8823184640729944,0.190248608607881
775,0.0822,46,404,46,186682,489762,11139,115117,3.879118616144975,0.19031409587702663
776,0.0823,30,423,30,187105,489339,11169,115087,3.875768280319351,0.19040709698126818
777,0.0824,28,410,28,187515,488929,11197,115059,3.8725209098973514,0.19049881785730843
778,0.0825,42,409,42,187924,488520,11239,115017,3.869281459891015,0.19057158053275938
779,0.0826,41,456,41,188380,488064,11280,114976,3.8656697503484985,0.19066065269302201
780,0.0827,29,403,29,188783,487661,11309,114947,3.8624778228361425,0.19074921010009824
781,0.0828,31,394,31,189177,487267,11340,114916,3.8593571790647574,0.19083235494857875
782,0.0829,26,425,26,189602,486842,11366,114890,3.8559910024078063,0.19093217578589805
783,0.083,36,403,36,190005,486439,11402,114854,3.8527990748954504,0.19101170311312454
784,0.0831,36,431,36,190436,486008,11438,114818,3.849385375744519,0.19110025198643202
785,0.0832,24,406,24,190842,485602,11462,114794,3.846169686985173,0.19119714321880893
786,0.0833,36,407,36,191249,485195,11498,114758,3.8429460778101636,0.19127831680148277
787,0.0834,33,409,33,191658,484786,11531,114725,3.839706627803827,0.191364295233949
788,0.0835,39,451,39,192109,484335,11570,114686,3.8361345203396273,0.19145572525837992
789,0.0836,43,397,43,192506,483938,11613,114643,3.8329901153212522,0.19152462239863946
790,0.0837,40,400,40,192906,483538,11653,114603,3.8298219490558862,0.1915986364419092
791,0.0838,33,377,33,193283,483161,11686,114570,3.8268359523507796,0.1916748503925679
792,0.0839,43,437,43,193720,482724,11729,114527,3.8233747307058676,0.19175689952800415
793,0.084,41,390,41,194110,482334,11770,114486,3.820285768597136,0.19182668141148085
794,0.0841,32,429,32,194539,481905,11802,114454,3.8168879102775315,0.19192130914432415
795,0.0842,42,391,42,194930,481514,11844,114412,3.8137910277531364,0.19199028067243248
796,0.0843,29,430,29,195360,481084,11873,114383,3.8103852490178682,0.19208957003494737
797,0.0844,27,411,27,195771,480673,11900,114356,3.807129958180205,0.19218559095439045
798,0.0845,27,395,27,196166,480278,11927,114329,3.8040013939931567,0.19227657932045872
799,0.0846,35,371,35,196537,479907,11962,114294,3.80106291978203,0.1923490536030737
800,0.0847,30,366,30,196903,479541,11992,114264,3.7981640476492204,0.19242680678000354
801,0.0848,32,408,32,197311,479133,12024,114232,3.794932518058548,0.19251556798934888
802,0.0849,39,402,39,197713,478731,12063,114193,3.791748510961855,0.19259297987600435
803,0.085,29,355,29,198068,478376,12092,114164,3.788936763401343,0.19266884936038073
804,0.0851,36,399,36,198467,477977,12128,114128,3.785776517551641,0.19274959677759856
805,0.0852,56,423,56,198890,477554,12184,114072,3.782426181726017,0.1928109988404837
806,0.0853,35,396,35,199286,477158,12219,114037,3.779289697123305,0.1928923620801935
807,0.0854,29,414,29,199700,476744,12248,114008,3.7760106450386517,0.19298792048101404
808,0.0855,30,442,30,200142,476302,12278,113978,3.7725098213154227,0.19309141424408754
809,0.0856,38,438,38,200580,475864,12316,113940,3.7690406792548474,0.19318282005547605
810,0.0857,48,378,48,200958,475486,12364,113892,3.766046762134077,0.19324101001394692
811,0.0858,39,400,39,201358,475086,12403,113853,3.762878595868711,0.19331883268046435
812,0.0859,48,385,48,201743,474701,12451,113805,3.7598292358382968,0.1933795067509932
813,0.086,42,405,42,202148,474296,12493,113763,3.756621467494614,0.19345507848702256
814,0.0861,28,439,28,202587,473857,12521,113735,3.7531444050183755,0.19356117850481286
815,0.0862,34,383,34,202970,473474,12555,113701,3.750110885819288,0.19364073742921617
816,0.0863,46,437,46,203407,473037,12601,113655,3.746649664174376,0.19372174837904726
817,0.0864,36,403,36,203810,472634,12637,113619,3.74345773666202,0.19380540483374925
818,0.0865,30,435,30,204245,472199,12667,113589,3.740012355848435,0.19390803498876727
819,0.0866,33,397,33,204642,471802,12700,113556,3.7368679508300597,0.19399410275421194
820,0.0867,43,418,43,205060,471384,12743,113513,3.7335572170827525,0.19407348644291217
821,0.0868,36,397,36,205457,470987,12779,113477,3.7304128120643774,0.19415567083686933
822,0.0869,39,434,39,205891,470553,12818,113438,3.7269753516664554,0.19424614420427713
823,0.087,43,425,43,206316,470128,12861,113395,3.7236091750095044,0.1943282441309083
824,0.0871,35,421,35,206737,469707,12896,113360,3.720274680015207,0.19442019527772966
825,0.0872,38,389,38,207126,469318,12934,113322,3.717193638322139,0.19449745983797886
826,0.0873,35,431,35,207557,468887,12969,113287,3.7137799391712076,0.19459302545287147
827,0.0874,37,424,37,207981,468463,13006,113250,3.7104216829299204,0.1946836326504651
828,0.0875,25,399,25,208380,468064,13031,113225,3.707261437080218,0.1947826296386135
829,0.0876,32,395,32,208775,467669,13063,113193,3.7041328728931693,0.19487072660976273
830,0.0877,50,388,50,209163,467281,13113,113143,3.7010597516157646,0.194931636183204
831,0.0878,32,418,32,209581,466863,13145,113111,3.6977490178684578,0.1950277081386407
832,0.0879,29,425,29,210006,466438,13174,113082,3.6943828412115067,0.19513045278851462
833,0.088,43,415,43,210421,466023,13217,113039,3.69109586871119,0.19521053013321543
834,0.0881,36,405,36,210826,465618,13253,113003,3.6878881003675072,0.19529709429834036
835,0.0882,40,399,40,211225,465219,13293,112963,3.684727854517805,0.19537619642257975
836,0.0883,31,407,31,211632,464812,13324,112932,3.6815042453427957,0.19547065828463817
837,0.0884,41,391,41,212023,464421,13365,112891,3.6784073628184006,0.19554590931766533
838,0.0885,39,393,39,212416,464028,13404,112852,3.675294639462679,0.19562473998058522
839,0.0886,28,390,28,212806,463638,13432,112824,3.6722056773539475,0.19571801783985762
840,0.0887,27,417,27,213223,463221,13459,112797,3.668902864022304,0.19582200556232618
841,0.0888,34,433,34,213656,462788,13493,112763,3.6654733240400454,0.19592182100283034
842,0.0889,34,344,34,214000,462444,13527,112729,3.6627487010518314,0.1959914669151716
843,0.089,33,374,33,214374,462070,13560,112696,3.6597864655937142,0.19607283659785024
844,0.0891,43,435,43,214809,461635,13603,112653,3.6563410847801294,0.1961611595575739
845,0.0892,46,434,46,215243,461201,13649,112607,3.6529036243822075,0.19624508546412736
846,0.0893,49,413,49,215656,460788,13698,112558,3.6496324927132178,0.19631775577051205
847,0.0894,40,416,40,216072,460372,13738,112518,3.646337599797237,0.19640419626804448
848,0.0895,57,405,57,216477,459967,13795,112461,3.6431298314535545,0.19646313597517942
849,0.0896,39,435,39,216912,459532,13834,112422,3.6396844506399697,0.1965577651349584
850,0.0897,44,413,44,217325,459119,13878,112378,3.6364133189709795,0.19663795260517553
851,0.0898,39,417,39,217742,458702,13917,112339,3.633110505639336,0.19672667987062226
852,0.0899,47,463,47,218205,458239,13964,112292,3.6294433531871753,0.19682015525887286
853,0.09,54,420,54,218625,457819,14018,112238,3.6261167786085413,0.19688908302152242
854,0.0901,34,402,34,219027,457417,14052,112204,3.622932771511849,0.19698009729276134
855,0.0902,43,422,43,219449,456995,14095,112161,3.619590356101888,0.19706547941162
856,0.0903,36,393,36,219842,456602,14131,112125,3.6164776327461667,0.197150829835756
857,0.0904,41,410,41,220252,456192,14172,112084,3.6132302623241666,0.19723514630214894
858,0.0905,31,420,31,220672,455772,14203,112053,3.609903687745533,0.19733720776647734
859,0.0906,32,394,32,221066,455378,14235,112021,3.606783043974148,0.19742896973734533
860,0.0907,41,398,41,221464,454980,14276,111980,3.603630718540109,0.1975095244814449
861,0.0908,41,405,41,221869,454575,14317,111939,3.6004229501964264,0.19759264554803588
862,0.0909,42,400,42,222269,454175,14359,111897,3.597254783931061,0.19767273421048911
863,0.091,43,404,43,222673,453771,14402,111854,3.5940549360030416,0.19775292817679557
864,0.0911,37,400,37,223073,453371,14439,111817,3.5908867697376756,0.19784036462203727
865,0.0912,41,407,41,223480,452964,14480,111776,3.5876631605626663,0.1979247087155151
866,0.0913,33,416,33,223896,452548,14513,111743,3.584368267646686,0.19802371471457103
867,0.0914,42,382,42,224278,452166,14555,111701,3.581342668863262,0.19809813307038718
868,0.0915,40,403,40,224681,451763,14595,111661,3.578150741350906,0.19818289600726985
869,0.0916,41,446,41,225127,451317,14636,111620,3.5746182359650236,0.19828151285134926
870,0.0917,40,430,40,225557,450887,14676,111580,3.5712124572297554,0.19837608250795158
871,0.0918,29,399,29,225956,450488,14705,111551,3.5680522113800532,0.19847555062904887
872,0.0919,35,364,35,226320,450124,14740,111516,3.5651691800785703,0.1985542340289153
873,0.092,41,415,41,226735,449709,14781,111475,3.561882207578254,0.19864251297257227
874,0.0921,45,380,45,227115,449329,14826,111430,3.5588724496261563,0.1987128160225694
875,0.0922,35,373,35,227488,448956,14861,111395,3.555918134583703,0.1987950409653949
876,0.0923,38,399,38,227887,448557,14899,111357,3.552757888734001,0.1988823283575692
877,0.0924,44,402,44,228289,448155,14943,111313,3.549573881637308,0.19896222840269684
878,0.0925,46,409,46,228698,447746,14989,111267,3.546334431630972,0.19904188274691287
879,0.0926,47,417,47,229115,447329,15036,111220,3.5430316182993282,0.19912308499343837
880,0.0927,35,414,35,229529,446915,15071,111185,3.539752566214675,0.19922056979036015
881,0.0928,43,421,43,229950,446494,15114,111142,3.5364180712203774,0.19930922680745145
882,0.0929,37,388,37,230338,446106,15151,111105,3.533344949942973,0.1993948432460953
883,0.093,38,360,38,230698,445746,15189,111067,3.530493600304144,0.19946912159019276
884,0.0931,44,401,44,231099,445345,15233,111023,3.5273175136231147,0.1995495786961148
885,0.0932,48,417,48,231516,444928,15281,110975,3.5240147002914712,0.19963015130337486
886,0.0933,47,420,47,231936,444508,15328,110928,3.5206881257128373,0.19971337831901426
887,0.0934,37,412,37,232348,444096,15365,110891,3.517424914459511,0.19980828379763851
888,0.0935,43,430,43,232778,443666,15408,110848,3.5140191357242427,0.19990117472236948
889,0.0936,43,391,43,233169,443275,15451,110805,3.510922253199848,0.19998014727115218
890,0.0937,53,391,53,233560,442884,15504,110752,3.507825370675453,0.20004479477490625
891,0.0938,42,397,42,233957,442487,15546,110710,3.504680965657078,0.20012762180561355
892,0.0939,51,379,51,234336,442108,15597,110659,3.5016791281206436,0.20019103890065795
893,0.094,38,388,38,234724,441720,15635,110621,3.498606006843239,0.20027664069840914
894,0.0941,45,419,45,235143,441301,15680,110576,3.495287352680269,0.20036348679144084
895,0.0942,38,430,38,235573,440871,15718,110538,3.4918815739450006,0.20046462788964273
896,0.0943,44,401,44,235974,440470,15762,110494,3.488705487263972,0.20054667818587057
897,0.0944,43,404,43,236378,440066,15805,110451,3.4855056393359525,0.20063140647791075
898,0.0945,51,422,51,236800,439644,15856,110400,3.4821632239259914,0.20071121583000634
899,0.0946,33,419,33,237219,439225,15889,110367,3.4788445697630213,0.20081624186669383
900,0.0947,38,452,38,237671,438773,15927,110329,3.475264541883158,0.2009262395693332
901,0.0948,44,447,44,238118,438326,15971,110285,3.471724116081612,0.20102586349890905
902,0.0949,34,398,34,238516,437928,16005,110251,3.468571790647573,0.20112226115921988
903,0.095,47,413,47,238929,437515,16052,110204,3.4653006589785833,0.2012053626038169
904,0.0951,43,413,43,239342,437102,16095,110161,3.462029527309593,0.2012944416121682
905,0.0952,52,413,52,239755,436689,16147,110109,3.4587583956406034,0.20137052439840672
906,0.0953,33,395,33,240150,436294,16180,110076,3.4556298314535545,0.2014678697585885
907,0.0954,35,402,35,240552,435892,16215,110041,3.4524458243568623,0.2015650272102987
908,0.0955,40,387,40,240939,435505,16255,110001,3.449380623495121,0.20164947773260056
909,0.0956,40,418,40,241357,435087,16295,109961,3.446069889747814,0.20174553433826012
910,0.0957,40,400,40,241757,434687,16335,109921,3.442901723482448,0.20183508137963452
911,0.0958,45,402,45,242159,434285,16380,109876,3.439717716385756,0.2019181823026641
912,0.0959,35,382,35,242541,433903,16415,109841,3.4366921176023317,0.20200866584274954
913,0.096,42,408,42,242949,433495,16457,109799,3.4334605880116587,0.20209867953631
914,0.0961,43,442,43,243391,433053,16500,109756,3.4299597642884296,0.2022000372138266
915,0.0962,49,408,49,243799,432645,16549,109707,3.426728234697757,0.20228006903265774
916,0.0963,37,399,37,244198,432246,16586,109670,3.423567988848055,0.2023745377512382
917,0.0964,48,392,48,244590,431854,16634,109622,3.4204631859079964,0.20245033944256072
918,0.0965,52,408,52,244998,431446,16686,109570,3.4172316563173237,0.20252635781566533
919,0.0966,46,369,46,245367,431077,16732,109524,3.4143090229375237,0.2025967395546808
920,0.0967,39,410,39,245777,430667,16771,109485,3.411061652515524,0.20269294568936153
921,0.0968,55,368,55,246145,430299,16826,109430,3.4081469395513877,0.20274989856020337
922,0.0969,46,436,46,246581,429863,16872,109384,3.404693638322139,0.2028458201900057
923,0.097,35,422,35,247003,429441,16907,109349,3.4013512229121785,0.20295291300877893
924,0.0971,41,414,41,247417,429027,16948,109308,3.398072170827525,0.20304828777619885
925,0.0972,34,402,34,247819,428625,16982,109274,3.394888163730833,0.20314966192538003
926,0.0973,40,425,40,248244,428200,17022,109234,3.3915219870738817,0.20325100384419295
927,0.0974,54,375,54,248619,427825,17076,109180,3.3885518312001013,0.20331281831640302
928,0.0975,37,402,37,249021,427423,17113,109143,3.385367824103409,0.20341020489557668
929,0.0976,36,421,36,249442,427002,17149,109107,3.382033329109112,0.20351644908031763
930,0.0977,54,402,54,249844,426600,17203,109053,3.378849322012419,0.2035888905690811
931,0.0978,44,436,44,250280,426164,17247,109009,3.3753960207831706,0.2036892743094289
932,0.0979,42,416,42,250696,425748,17289,108967,3.3721011278671904,0.2037851939818408
933,0.098,45,417,45,251113,425331,17334,108922,3.368798314535547,0.20387718927174953
934,0.0981,49,382,49,251495,424949,17383,108873,3.3657727157521227,0.20395000580717917
935,0.0982,44,388,44,251883,424561,17427,108829,3.362699594474718,0.20403269652599412
936,0.0983,42,424,42,252307,424137,17469,108787,3.3593413382334303,0.2041322965375926
937,0.0984,44,402,44,252709,423735,17513,108743,3.356157331136738,0.2042206438575866
938,0.0985,47,391,47,253100,423344,17560,108696,3.353060448612343,0.20430042853920757
939,0.0986,44,372,44,253472,422972,17604,108652,3.350114053985553,0.20437752998359743
940,0.0987,40,431,40,253903,422541,17644,108612,3.346700354834622,0.20448345392005693
941,0.0988,34,421,34,254324,422120,17678,108578,3.3433658598403246,0.20459470357906004
942,0.0989,44,439,44,254763,421681,17722,108534,3.3398887973640856,0.2046980941693464
943,0.099,34,416,34,255179,421265,17756,108500,3.3365939044481054,0.2048077921342482
944,0.0991,37,400,37,255579,420865,17793,108463,3.33342573818274,0.20490697639270924
945,0.0992,38,400,38,255979,420465,17831,108425,3.3302575719173744,0.2050048214184424
946,0.0993,31,382,31,256361,420083,17862,108394,3.32723197313395,0.2051063717058642
947,0.0994,44,408,44,256769,419675,17906,108350,3.324000443543277,0.2051986174897022
948,0.0995,22,403,22,257172,419272,17928,108328,3.320808516030921,0.20532221379833207
949,0.0996,41,355,41,257527,418917,17969,108287,3.3179967684704095,0.2053986692058482
950,0.0997,38,376,38,257903,418541,18007,108249,3.3150186921809657,0.20548795535222764
951,0.0998,47,364,47,258267,418177,18054,108202,3.3121356608794827,0.2055591123506067
952,0.0999,42,362,42,258629,417815,18096,108160,3.309268470409327,0.2056371500546604
953,0.1,27,417,27,259046,417398,18123,108133,3.3059656570776834,0.20575950800238235
954,0.1001,35,449,35,259495,416949,18158,108098,3.3024093904448106,0.2058825209933587
955,0.1002,52,416,52,259911,416533,18210,108046,3.2991144975288305,0.20596707073672413
956,0.1003,39,415,39,260326,416118,18249,108007,3.2958275250285136,0.2060710708323396
957,0.1004,44,442,44,260768,415676,18293,107963,3.2923267013052846,0.20617830222729783
958,0.1005,34,389,34,261157,415287,18327,107929,3.2892456596122166,0.206280006727623
959,0.1006,48,393,48,261550,414894,18375,107881,3.286132936256495,0.2063622017120176
960,0.1007,42,417,42,261967,414477,18417,107839,3.282830122924851,0.2064631372579052
961,0.1008,34,438,34,262405,414039,18451,107805,3.2793609808642756,0.20658472646997952
962,0.1009,41,386,41,262791,413653,18492,107764,3.276303700418198,0.2066752714238316
963,0.101,40,386,40,263177,413267,18532,107724,3.27324641997212,0.20676748734623054
964,0.1011,34,401,34,263578,412866,18566,107690,3.270070333291091,0.20687495677698461
965,0.1012,48,387,48,263965,412479,18614,107642,3.26700513242935,0.20695568915694618
966,0.1013,40,443,40,264408,412036,18654,107602,3.2634963882904575,0.20707107640318836
967,0.1014,38,394,38,264802,411642,18692,107564,3.2603757445190724,0.2071701790811354
968,0.1015,52,404,52,265206,411238,18744,107512,3.257175896591053,0.20725204819277107
969,0.1016,47,400,47,265606,410838,18791,107465,3.2540077303256876,0.20734010800632063
970,0.1017,59,414,59,266020,410424,18850,107406,3.250728678241034,0.2074155610914779
971,0.1018,56,399,56,266419,410025,18906,107350,3.247568432391332,0.20748973181928002
972,0.1019,43,401,43,266820,409624,18949,107307,3.244392345710303,0.207584764697803
973,0.102,40,395,40,267215,409229,18989,107267,3.2412637815232546,0.2076821504910009
974,0.1021,45,377,45,267592,408852,19034,107222,3.2382777848181474,0.20776477791944567
975,0.1022,48,366,48,267958,408486,19082,107174,3.235378912685338,0.2078384982352713
976,0.1023,44,395,44,268353,408091,19126,107130,3.2322503484982894,0.2079301891809534
977,0.1024,54,430,54,268783,407661,19180,107076,3.2288445697630213,0.20802079508564567
978,0.1025,39,357,39,269140,407304,19219,107037,3.2260169813711825,0.2081051286986649
979,0.1026,40,376,40,269516,406928,19259,106997,3.2230389050817387,0.20819574840686872
980,0.1027,39,427,39,269943,406501,19298,106958,3.219656887593461,0.20830874519679274
981,0.1028,42,381,42,270324,406120,19340,106916,3.2166392092257,0.2083986308952978
982,0.1029,55,397,55,270721,405723,19395,106861,3.2134948042073246,0.2084750987155276
983,0.103,47,371,47,271092,405352,19442,106814,3.2105563299961983,0.20855347680244296
984,0.1031,40,417,40,271509,404935,19482,106774,3.2072535166645544,0.20866156350582069
985,0.1032,40,363,40,271872,404572,19522,106734,3.2043784057787352,0.20874779486256761
986,0.1033,52,383,52,272255,404189,19574,106682,3.2013448865796477,0.20882375394179745
987,0.1034,42,402,42,272657,403787,19616,106640,3.1981608794829555,0.20892311731158422
988,0.1035,49,349,49,273006,403438,19665,106591,3.195396654416424,0.20899007703483527
989,0.1036,40,427,40,273433,403011,19705,106551,3.192014636928146,0.20910311208449608
990,0.1037,45,423,45,273856,402588,19750,106506,3.1886643011025217,0.20920694410069654
991,0.1038,40,378,40,274234,402210,19790,106466,3.1856703839817513,0.20930022253851174
992,0.1039,55,397,55,274631,401813,19845,106411,3.182525978963376,0.20937814821810855
993,0.104,48,432,48,275063,401381,19893,106363,3.179104359396781,0.20948154975735803
994,0.1041,44,373,44,275436,401008,19937,106319,3.1761500443543276,0.20956700510715967
995,0.1042,50,393,50,275829,400615,19987,106269,3.173037320998606,0.20965151790153172
996,0.1043,49,379,49,276208,400236,20036,106220,3.170035483462172,0.20973194117554142
997,0.1044,49,379,49,276587,399857,20085,106171,3.167033645925738,0.20981250049404382
998,0.1045,55,382,55,276969,399475,20140,106116,3.164008047142314,0.2098850652009233
999,0.1046,34,369,34,277338,399106,20174,106082,3.1610854137625144,0.20998519363088594
1000,0.1047,40,379,40,277717,398727,20214,106042,3.15808357622608,0.2100802545322712
1001,0.1048,43,352,43,278069,398375,20257,105999,3.1552955899125585,0.21015952447985026
1002,0.1049,33,417,33,278486,397958,20290,105966,3.151992776580915,0.21028170914661734
1003,0.105,41,394,41,278880,397564,20331,105925,3.14887213280953,0.2103819547199641
1004,0.1051,49,429,49,279309,397135,20380,105876,3.145474274489925,0.210484462566425
1005,0.1052,44,386,44,279695,396749,20424,105832,3.1424169940438476,0.21057700151816325
1006,0.1053,44,384,44,280079,396365,20468,105788,3.1393755544290967,0.2106688598893166
1007,0.1054,53,361,53,280440,396004,20521,105735,3.136516284374604,0.21073705651743238
1008,0.1055,41,355,41,280795,395649,20562,105694,3.133704536814092,0.21082173282563035
1009,0.1056,45,368,45,281163,395281,20607,105649,3.130789823849956,0.21090571536941288
1010,0.1057,47,383,47,281546,394898,20654,105602,3.1277563046508683,0.210993006993007
1011,0.1058,60,371,60,281917,394527,20714,105542,3.1248178304397416,0.21105487442732904
1012,0.1059,47,401,47,282318,394126,20761,105495,3.1216417437587123,0.21115005173921833
1013,0.106,39,367,39,282685,393759,20800,105456,3.1187349512102394,0.21124365253447913
1014,0.1061,39,370,39,283055,393389,20839,105417,3.1158043974147764,0.21133867676010312
1015,0.1062,40,395,40,283450,392994,20879,105377,3.112675833227728,0.21144288090599173
1016,0.1063,51,362,51,283812,392632,20930,105326,3.1098086427575717,0.21151583065238433
1017,0.1064,43,366,43,284178,392266,20973,105283,3.1069097706247626,0.21160327927500608
1018,0.1065,49,412,49,284590,391854,21022,105234,3.1036465593714357,0.2117009463113171
1019,0.1066,36,378,36,284968,391476,21058,105198,3.1006526422506653,0.21180492637021467
1020,0.1067,51,385,51,285353,391091,21109,105147,3.097603282220251,0.21188824717172003
1021,0.1068,42,387,42,285740,390704,21151,105105,3.0945380813585097,0.21198687397768093
1022,0.1069,44,395,44,286135,390309,21195,105061,3.0914095171714613,0.21208591557825462
1023,0.107,46,389,46,286524,389920,21241,105015,3.0883284754783933,0.2121793770899209
1024,0.1071,50,383,50,286907,389537,21291,104965,3.0852949562793057,0.21226405555488148
1025,0.1072,57,397,57,287304,389140,21348,104908,3.08215055126093,0.21234373987952587
1026,0.1073,38,363,38,287667,388777,21386,104870,3.079275440375111,0.21243925315053064
1027,0.1074,46,392,46,288059,388385,21432,104824,3.0761706374350526,0.2125346455559408
1028,0.1075,44,418,44,288477,387967,21476,104780,3.0728599036877458,0.21264462289978428
1029,0.1076,45,369,45,288846,387598,21521,104735,3.0699372703079457,0.2127320329939289
1030,0.1077,51,372,51,289218,387226,21572,104684,3.0669908756811557,0.21281128661747067
1031,0.1078,61,387,61,289605,386839,21633,104623,3.0639256748194144,0.21288115866536986
1032,0.1079,53,366,53,289971,386473,21686,104570,3.061026802686605,0.21295487360577384
1033,0.108,48,394,48,290365,386079,21734,104522,3.0579061589152197,0.21304889309235
1034,0.1081,45,365,45,290730,385714,21779,104477,3.055015207198074,0.21313528808158452
1035,0.1082,58,359,58,291089,385355,21837,104419,3.052171777974908,0.21319833229203675
1036,0.1083,46,390,46,291479,384965,21883,104373,3.0490828158661767,0.21329428738418027
1037,0.1084,29,391,29,291870,384574,21912,104344,3.0459859333417816,0.21341820100712186
1038,0.1085,45,379,45,292249,384195,21957,104299,3.042984095805348,0.21351132255462707
1039,0.1086,46,384,46,292633,383811,22003,104253,3.039942656190597,0.21360518292682926
1040,0.1087,47,404,47,293037,383407,22050,104206,3.0367428082625776,0.2137063613972556
1041,0.1088,62,376,62,293413,383031,22112,104144,3.033764731973134,0.21377123210345358
1042,0.1089,38,423,38,293836,382608,22150,104106,3.03041439614751,0.2138956348081214
1043,0.109,50,421,50,294257,382187,22200,104056,3.0270799011532126,0.21399999588683025
1044,0.1091,40,377,40,294634,381810,22240,104016,3.0240939044481054,0.21410134492596114
1045,0.1092,43,391,43,295025,381419,22283,103973,3.0209970219237103,0.21420418960345453
1046,0.1093,49,393,49,295418,381026,22332,103924,3.017884298567989,0.21429838127642026
1047,0.1094,45,394,45,295812,380632,22377,103879,3.014763654796604,0.21439967307243799
1048,0.1095,58,408,58,296220,380224,22435,103821,3.011532125205931,0.2144862564430993
1049,0.1096,53,364,53,296584,379860,22488,103768,3.008649093904448,0.21456160520069145
1050,0.1097,44,404,44,296988,379456,22532,103724,3.005449245976429,0.214669481352705
1051,0.1098,59,361,59,297349,379095,22591,103665,3.0025899759219365,0.21473402933134478
1052,0.1099,46,373,46,297722,378722,22637,103619,2.9996356608794827,0.2148251962822982
1053,0.11,38,410,38,298132,378312,22675,103581,2.996388290457483,0.21494605648971868
1054,0.1101,31,379,31,298511,377933,22706,103550,2.993386452921049,0.2150647063343877
1055,0.1102,44,375,44,298886,377558,22750,103506,2.990416297047269,0.21516056075698867
1056,0.1103,44,387,44,299273,377171,22794,103462,2.987351096185528,0.21526195662803013
1057,0.1104,45,375,45,299648,376796,22839,103417,2.9843809403117474,0.2153565188780812
1058,0.1105,52,384,52,300032,376412,22891,103365,2.9813395006969965,0.21544384161808508
1059,0.1106,69,377,69,300409,376035,22960,103296,2.9783535039918894,0.21550035361785488
1060,0.1107,36,337,36,300746,375698,22996,103260,2.975684323913319,0.21559301650666657
1061,0.1108,48,386,48,301132,375312,23044,103212,2.972627043467241,0.21568824134212705
1062,0.1109,51,379,51,301511,374933,23095,103161,2.9696252059308073,0.2157755587813275
1063,0.111,47,359,47,301870,374574,23142,103114,2.9667817767076414,0.2158605617055484
1064,0.1111,40,351,40,302221,374223,23182,103074,2.964001710809783,0.21595358864606315
1065,0.1112,60,370,60,302591,373853,23242,103014,2.96107115701432,0.2160224968387412
1066,0.1113,42,356,42,302947,373497,23284,102972,2.958251489038145,0.21611479445672227
1067,0.1114,50,394,50,303341,373103,23334,102922,2.9551308452667597,0.21621133343836985
1068,0.1115,36,422,36,303763,372681,23370,102886,2.9517884298567987,0.21634385901460781
1069,0.1116,41,397,41,304160,372284,23411,102845,2.9486440248384236,0.21645700430830364
1070,0.1117,55,416,55,304576,371868,23466,102790,2.9453491319224434,0.21655592026258907
1071,0.1118,38,370,38,304946,371498,23504,102752,2.94241857812698,0.21666209804955192
1072,0.1119,45,420,45,305366,371078,23549,102707,2.939092003548346,0.2167797629726564
1073,0.112,51,385,51,305751,370693,23600,102656,2.936042643517932,0.21687169509178217
1074,0.1121,46,395,46,306146,370298,23646,102610,2.9329140793308834,0.21697666353709388
1075,0.1122,55,366,55,306512,369932,23701,102555,2.930015207198074,0.21705359089244783
1076,0.1123,53,344,53,306856,369588,23754,102502,2.9272905842098593,0.21712385350251012
1077,0.1124,35,402,35,307258,369186,23789,102467,2.9241065771131667,0.21725081786822092
1078,0.1125,42,362,42,307620,368824,23831,102425,2.921239386643011,0.2173479413218914
1079,0.1126,50,358,50,307978,368466,23881,102375,2.918403877835509,0.21743008786405602
1080,0.1127,43,381,43,308359,368085,23924,102332,2.915386199467748,0.21753465542274195
1081,0.1128,44,380,44,308739,367705,23968,102288,2.912376441515651,0.21763728395954834
1082,0.1129,45,383,45,309122,367322,24013,102243,2.909342922316563,0.21773982302769584
1083,0.113,53,409,53,309531,366913,24066,102190,2.906103472310227,0.21784128432348546
1084,0.1131,58,370,58,309901,366543,24124,102132,2.9031729185147634,0.21791646663466155
1085,0.1132,53,380,53,310281,366163,24177,102079,2.9001631605626663,0.21800479239367676
1086,0.1133,44,367,44,310648,365796,24221,102035,2.8972563680141934,0.21810226342418523
1087,0.1134,48,403,48,311051,365393,24269,101987,2.8940644405018374,0.21821002182378366
1088,0.1135,44,368,44,311419,365025,24313,101943,2.891149727537701,0.21830832091278204
1089,0.1136,51,349,51,311768,364676,24364,101892,2.8883855024711695,0.21838617307659333
1090,0.1137,53,337,53,312105,364339,24417,101839,2.8857163223925992,0.2184551823552377
1091,0.1138,44,395,44,312500,363944,24461,101795,2.882587758205551,0.21856662207803082
1092,0.1139,47,378,47,312878,363566,24508,101748,2.8795938410847803,0.21866524540417867
1093,0.114,54,387,54,313265,363179,24562,101694,2.876528640223039,0.21875652059809883
1094,0.1141,48,368,48,313633,362811,24610,101646,2.8736139272589027,0.21884910766766352
1095,0.1142,53,376,53,314009,362435,24663,101593,2.870635850969459,0.21893721930573154
1096,0.1143,50,379,50,314388,362056,24713,101543,2.867634013433025,0.21903196512503262
1097,0.1144,61,370,61,314758,361686,24774,101482,2.864703459637562,0.21910408318363964
1098,0.1145,54,334,54,315092,361352,24828,101428,2.8620580408059815,0.21917109641730412
1099,0.1146,52,389,52,315481,360963,24880,101376,2.8589769991129135,0.21926768020867804
1100,0.1147,42,371,42,315852,360592,24922,101334,2.856038524901787,0.21937279997228992
1101,0.1148,43,369,43,316221,360223,24965,101291,2.853115891521987,0.2194754655330066
1102,0.1149,42,356,42,316577,359867,25007,101249,2.850296223545812,0.2195738165667641
1103,0.115,51,353,51,316930,359514,25058,101198,2.8475003168166264,0.2196556634079425
1104,0.1151,52,370,52,317300,359144,25110,101146,2.8445697630211635,0.2197440743878859
1105,0.1152,54,401,54,317701,358743,25164,101092,2.841393676340134,0.21984407450498547
1106,0.1153,49,374,49,318075,358369,25213,101043,2.8384314408820175,0.21993983613836818
1107,0.1154,47,370,47,318445,357999,25260,100996,2.835500887086554,0.22003725530779203
1108,0.1155,51,374,51,318819,357625,25311,100945,2.8325386516284374,0.22012996925224065
1109,0.1156,49,370,49,319189,357255,25360,100896,2.829608097832974,0.22022433651787293
1110,0.1157,58,354,58,319543,356901,25418,100838,2.826804270688126,0.2202958454490441
1111,0.1158,52,386,52,319929,356515,25470,100786,2.823746990242048,0.22039313275063907
1112,0.1159,47,402,47,320331,356113,25517,100739,2.8205629831453556,0.22050685998966843
1113,0.116,37,335,37,320666,355778,25554,100702,2.817909643898112,0.22060550297932002
1114,0.1161,43,385,43,321051,355393,25597,100659,2.8148602838676973,0.2207182514274688
1115,0.1162,53,360,53,321411,355033,25650,100606,2.8120089342288686,0.22080199456148397
1116,0.1163,46,406,46,321817,354627,25696,100560,2.808793245469522,0.2209201932392621
1117,0.1164,47,377,47,322194,354250,25743,100513,2.805807248764415,0.22102281847907593
1118,0.1165,50,334,50,322528,353916,25793,100463,2.8031618299328347,0.22109956666131136
1119,0.1166,37,351,37,322879,353565,25830,100426,2.8003817640349764,0.22120702833316078
1120,0.1167,51,366,51,323245,353199,25881,100375,2.797482891902167,0.2212979579958287
1121,0.1168,50,374,50,323619,352825,25931,100325,2.79452065644405,0.2213946816727353
1122,0.1169,54,359,54,323978,352466,25985,100271,2.7916772272208847,0.22147736986373986
1123,0.117,40,309,40,324287,352157,26025,100231,2.7892298187808895,0.22155981148925258
1124,0.1171,54,343,54,324630,351814,26079,100177,2.7865131162083387,0.22163494405862064
1125,0.1172,46,348,46,324978,351466,26125,100131,2.7837568115574705,0.22172645079573158
1126,0.1173,51,339,51,325317,351127,26176,100080,2.781071790647573,0.22180506951354922
1127,0.1174,51,351,51,325668,350776,26227,100029,2.7782917247497148,0.2218897305930502
1128,0.1175,31,376,31,326044,350400,26258,99998,2.7753136484602714,0.22202141217323346
1129,0.1176,45,318,45,326362,350082,26303,99953,2.7727949562793057,0.22210050329418823
1130,0.1177,53,352,53,326714,349730,26356,99900,2.7700069699657837,0.2221826835397994
1131,0.1178,48,373,48,327087,349357,26404,99852,2.7670526549233303,0.22228405931314824
1132,0.1179,43,358,43,327445,348999,26447,99809,2.7642171461158282,0.22238685584927184
1133,0.118,50,348,50,327793,348651,26497,99759,2.76146084146496,0.2224727370040811
1134,0.1181,40,372,40,328165,348279,26537,99719,2.75851444683817,0.22258804726806816
1135,0.1182,56,382,56,328547,347897,26593,99663,2.7554888480547457,0.22268075788721065
1136,0.1183,46,351,46,328898,347546,26639,99617,2.7527087821568874,0.22277558742561437
1137,0.1184,57,377,57,329275,347169,26696,99560,2.7497227854517807,0.22286442115913674
1138,0.1185,54,354,54,329629,346815,26750,99506,2.746918958306932,0.2229471613479984
1139,0.1186,55,378,55,330007,346437,26805,99451,2.7439250411861615,0.22304031505669586
1140,0.1187,47,392,47,330399,346045,26852,99404,2.740820238246103,0.22315461478193913
1141,0.1188,48,322,48,330721,345723,26900,99356,2.7382698644024837,0.22323228011207
1142,0.1189,38,363,38,331084,345360,26938,99318,2.7353947535166645,0.22334813055739208
1143,0.119,43,375,43,331459,344985,26981,99275,2.7324245976428845,0.2234614865169045
1144,0.1191,55,320,55,331779,344665,27036,99220,2.7298900646305917,0.2235263638104464
1145,0.1192,43,364,43,332143,344301,27079,99177,2.727007033329109,0.22363454331443725
1146,0.1193,44,335,44,332478,343966,27123,99133,2.7243536940818656,0.22372652612621557
1147,0.1194,45,337,45,332815,343629,27168,99088,2.721684514003295,0.22381792431734043
1148,0.1195,58,338,58,333153,343291,27226,99030,2.719007413509061,0.2238871769597193
1149,0.1196,52,380,52,333533,342911,27278,98978,2.7159976555569636,0.22398837717164266
1150,0.1197,48,363,48,333896,342548,27326,98930,2.7131225446711444,0.22408817653427804
1151,0.1198,52,349,52,334245,342199,27378,98878,2.710358319604613,0.22417401043355242
1152,0.1199,45,357,45,334602,341842,27423,98833,2.707530731212774,0.22427639416803766
1153,0.12,57,358,57,334960,341484,27480,98776,2.704695222405272,0.2243583337118975
1154,0.1201,48,352,48,335312,341132,27528,98728,2.70190723609175,0.22445323512026555
1155,0.1202,43,383,43,335695,340749,27571,98685,2.6988737168926624,0.22457297341580307
1156,0.1203,53,383,53,336078,340366,27624,98632,2.695840197693575,0.22467528325869365
1157,0.1204,52,370,52,336448,339996,27676,98580,2.692909643898112,0.22477290138995293
1158,0.1205,47,342,47,336790,339654,27723,98533,2.690200861741224,0.2248651831295771
1159,0.1206,59,331,59,337121,339323,27782,98474,2.687579204156634,0.22493073273686207
1160,0.1207,57,344,57,337465,338979,27839,98417,2.6848545811684197,0.22500663014750935
1161,0.1208,44,352,44,337817,338627,27883,98373,2.682066594854898,0.22510983981693364
1162,0.1209,48,340,48,338157,338287,27931,98325,2.6793736535293373,0.22519994869586726
1163,0.121,48,348,48,338505,337939,27979,98277,2.676617348878469,0.22529434958827738
1164,0.1211,53,356,53,338861,337583,28032,98224,2.6737976809022936,0.22538417235152258
1165,0.1212,62,366,62,339227,337217,28094,98162,2.670898808769484,0.2254633319475675
1166,0.1213,50,355,50,339582,336862,28144,98112,2.6680870612089724,0.22555830923227596
1167,0.1214,40,354,40,339936,336508,28184,98072,2.6652832340641237,0.22567076257536012
1168,0.1215,58,359,58,340295,336149,28242,98014,2.662439804840958,0.2257539219141198
1169,0.1216,58,342,58,340637,335807,28300,97956,2.6597310226840705,0.22582839015775896
1170,0.1217,34,350,34,340987,335457,28334,97922,2.6569588772018755,0.2259500344963646
1171,0.1218,56,322,56,341309,335135,28390,97866,2.654408503358256,0.2260179537691599
1172,0.1219,40,328,40,341637,334807,28430,97826,2.6518106070206566,0.2261177487616525
1173,0.122,52,369,52,342006,334438,28482,97774,2.6488879736408566,0.2262176894672059
1174,0.1221,58,385,58,342391,334053,28540,97716,2.6458386136104424,0.2263154603503262
1175,0.1222,46,352,46,342743,333701,28586,97670,2.6430506272969208,0.2264176312269485
1176,0.1223,44,358,44,343101,333343,28630,97626,2.6402151184894183,0.2265267339414204
1177,0.1224,45,343,45,343444,333000,28675,97581,2.6374984159168675,0.22662634904930778
1178,0.1225,48,362,48,343806,332638,28723,97533,2.6346312254467112,0.22673076520732452
1179,0.1226,57,353,57,344159,332285,28780,97476,2.6318353187175263,0.2268144387229181
1180,0.1227,51,331,51,344490,331954,28831,97425,2.6292136611329364,0.22689744957252217
1181,0.1228,53,315,53,344805,331639,28884,97372,2.6267187301989607,0.22696853926822388
1182,0.1229,64,363,64,345168,331276,28948,97308,2.6238436193131416,0.2270453400033599
1183,0.123,55,375,55,345543,330901,29003,97253,2.620873463439361,0.22714490580492067
1184,0.1231,43,354,43,345897,330547,29046,97210,2.618069636294513,0.22725519395357643
1185,0.1232,44,324,44,346221,330223,29090,97166,2.6155034216195667,0.227347919576779
1186,0.1233,52,348,52,346569,329875,29142,97114,2.6127471169686984,0.22743911435657593
1187,0.1234,45,352,45,346921,329523,29187,97069,2.609959130655177,0.22754528917560574
1188,0.1235,41,312,41,347233,329211,29228,97028,2.6074879609681916,0.22763754607157016
1189,0.1236,43,353,43,347586,328858,29271,96985,2.6046920542390066,0.22774825463844656
1190,0.1237,45,343,45,347929,328515,29316,96940,2.6019753516664554,0.2278501839207437
1191,0.1238,51,330,51,348259,328185,29367,96889,2.599361614497529,0.22793443024038168
1192,0.1239,43,364,43,348623,327821,29410,96846,2.596478583196046,0.22805162633310336
1193,0.124,37,325,37,348948,327496,29447,96809,2.5939044481054365,0.22815898940620544
1194,0.1241,43,325,43,349273,327171,29490,96766,2.591330313014827,0.22825561345199877
1195,0.1242,49,349,49,349622,326822,29539,96717,2.5885660879482955,0.22835441364313558
1196,0.1243,41,342,41,349964,326480,29580,96676,2.585857305791408,0.22846420705366344
1197,0.1244,50,333,50,350297,326147,29630,96626,2.583219807375491,0.22855291137324285
1198,0.1245,46,376,46,350673,325771,29676,96580,2.5802417310860473,0.22867236019329895
1199,0.1246,45,370,45,351043,325401,29721,96535,2.5773111772905843,0.22879062227446817
1200,0.1247,43,321,43,351364,325080,29764,96492,2.5747687238626282,0.22888616891064872
1201,0.1248,45,338,45,351702,324742,29809,96447,2.5720916233683946,0.2289874616858465
1202,0.1249,45,322,45,352024,324420,29854,96402,2.569541249524775,0.22908022869526784
1203,0.125,46,322,46,352346,324098,29900,96356,2.5669908756811557,0.2291713243303667
1204,0.1251,52,379,52,352725,323719,29952,96304,2.563989038144722,0.22928268213883526
1205,0.1252,54,342,54,353067,323377,30006,96250,2.561280255987834,0.2293703693994905
1206,0.1253,63,346,63,353413,323031,30069,96187,2.558539792168293,0.22944386929950528
1207,0.1254,43,378,43,353791,322653,30112,96144,2.5555458750475224,0.22957184507052342
1208,0.1255,51,329,51,354120,322324,30163,96093,2.552940058294259,0.22965845077996352
1209,0.1256,52,332,52,354452,321992,30215,96041,2.550310480294006,0.22974502012998974
1210,0.1257,47,306,47,354758,321686,30262,95994,2.547886833101001,0.2298266615590883
1211,0.1258,36,320,36,355078,321366,30298,95958,2.545352300088709,0.22993645225292578
1212,0.1259,39,330,39,355408,321036,30337,95919,2.542738562919782,0.23004640788574307
1213,0.126,56,317,56,355725,320719,30393,95863,2.54022779115448,0.2301179599694658
1214,0.1261,45,343,45,356068,320376,30438,95818,2.5375110885819288,0.23022436652138187
1215,0.1262,52,360,52,356428,320016,30490,95766,2.5346597389430996,0.23032743120192795
1216,0.1263,49,369,49,356797,319647,30539,95717,2.5317371055633,0.2304412515287796
1217,0.1264,49,343,49,357140,319304,30588,95668,2.529020402990749,0.23054085576858196
1218,0.1265,47,351,47,357491,318953,30635,95621,2.5262403370928905,0.23064881058628858
1219,0.1266,37,358,37,357849,318595,30672,95584,2.5234048282853885,0.23077944560202232
1220,0.1267,54,352,54,358201,318243,30726,95530,2.520616841971867,0.230875383362375
1221,0.1268,37,336,37,358537,317907,30763,95493,2.5179555823089594,0.23099419448476052
1222,0.1269,44,332,44,358869,317575,30807,95449,2.5153260043087062,0.2310979507244131
1223,0.127,41,341,41,359210,317234,30848,95408,2.512625142567482,0.23121252805094974
1224,0.1271,39,341,39,359551,316893,30887,95369,2.5099242808262576,0.23133104676152544
1225,0.1272,41,335,41,359886,316558,30928,95328,2.507270941579014,0.23144268074175864
1226,0.1273,59,338,59,360224,316220,30987,95269,2.5045938410847803,0.23152259234147207
1227,0.1274,44,297,44,360521,315923,31031,95225,2.502241477632746,0.2316075962913598
1228,0.1275,46,349,46,360870,315574,31077,95179,2.499477252566215,0.23171833194158045
1229,0.1276,46,315,46,361185,315259,31123,95133,2.496982321632239,0.2318100742704536
1230,0.1277,60,330,60,361515,314929,31183,95073,2.4943685844633126,0.23188423471105019
1231,0.1278,46,316,46,361831,314613,31229,95027,2.491865733113674,0.23197685772873744
1232,0.1279,65,356,65,362187,314257,31294,94962,2.4890460651374986,0.23205667381035583
1233,0.128,49,334,49,362521,313923,31343,94913,2.4864006463059183,0.23215421342543222
1234,0.1281,42,346,42,362867,313577,31385,94871,2.483660182486377,0.23227191711062362
1235,0.1282,53,351,53,363218,313226,31438,94818,2.4808801165885184,0.23237199909813647
1236,0.1283,48,373,48,363591,312853,31486,94770,2.477925801546065,0.23249424100210242
1237,0.1284,41,334,41,363925,312519,31527,94729,2.4752803827144847,0.23260764939299886
1238,0.1285,37,344,37,364269,312175,31564,94692,2.4725557597262706,0.23273452995696384
1239,0.1286,45,358,45,364627,311817,31609,94647,2.469720250918768,0.23285457014643363
1240,0.1287,39,301,39,364928,311516,31648,94608,2.4673362058040804,0.23295348218770623
1241,0.1288,45,344,45,365272,311172,31693,94563,2.4646115828158663,0.23306591740914637
1242,0.1289,47,318,47,365590,310854,31740,94516,2.4620928906349007,0.23315982929175816
1243,0.129,49,330,49,365920,310524,31789,94467,2.4594791534659737,0.23325703534152611
1244,0.1291,56,328,56,366248,310196,31845,94411,2.4568812571283742,0.23334000647541936
1245,0.1292,49,359,49,366607,309837,31894,94362,2.4540378279052084,0.233454313345654
1246,0.1293,45,321,45,366928,309516,31939,94317,2.4514953744772527,0.2335544643454101
1247,0.1294,47,297,47,367225,309219,31986,94270,2.449143011025219,0.23363710039183225
1248,0.1295,42,348,42,367573,308871,32028,94228,2.4463867063743505,0.23375895251538703
1249,0.1296,65,356,65,367929,308515,32093,94163,2.443567038398175,0.23384192829009778
1250,0.1297,40,321,40,368250,308194,32133,94123,2.4410245849702195,0.23395233112197594
1251,0.1298,58,291,58,368541,307903,32191,94065,2.438719744012166,0.2340111650678661
1252,0.1299,52,283,52,368824,307620,32243,94013,2.4364782663794196,0.23407688113277544
1253,0.13,64,277,64,369101,307343,32307,93949,2.434284311240654,0.23411630433699152
1254,0.1301,51,320,51,369421,307023,32358,93898,2.4317497782283612,0.23420574128070118
1255,0.1302,52,339,52,369760,306684,32410,93846,2.4290647573184643,0.23430454647591942
1256,0.1303,40,338,40,370098,306346,32450,93806,2.42638765682423,0.23442591815110259
1257,0.1304,51,339,51,370437,306007,32501,93755,2.4237026359143328,0.2345270435909366
1258,0.1305,44,284,44,370721,305723,32545,93711,2.421453237865923,0.23460947240345087
1259,0.1306,44,345,44,371066,305378,32589,93667,2.418720694462045,0.2347279128920297
1260,0.1307,53,324,53,371390,305054,32642,93614,2.416154479787099,0.23481694041157053
1261,0.1308,51,316,51,371706,304738,32693,93563,2.4136516284374605,0.2349052600922418
1262,0.1309,39,294,39,372000,304444,32732,93524,2.4113230262324166,0.23500381940256504
1263,0.131,47,368,47,372368,304076,32779,93477,2.4084083132682803,0.23513091336249506
1264,0.1311,43,311,43,372679,303765,32822,93434,2.4059450639969584,0.23523221357556287
1265,0.1312,46,328,46,373007,303437,32868,93388,2.403347167659359,0.23533799533799535
1266,0.1313,59,335,59,373342,303102,32927,93329,2.400693828412115,0.23542306227313203
1267,0.1314,50,319,50,373661,302783,32977,93279,2.398167215815486,0.23551615656134645
1268,0.1315,53,317,53,373978,302466,33030,93226,2.395656444050184,0.23560243826006086
1269,0.1316,64,357,64,374335,302109,33094,93162,2.392828855658345,0.2356914623131978
1270,0.1317,43,326,43,374661,301783,33137,93119,2.390246800152072,0.23580280677231313
1271,0.1318,46,306,46,374967,301477,33183,93073,2.387823152959067,0.23589659105309846
1272,0.1319,46,329,46,375296,301148,33229,93027,2.385217336205804,0.2360043128052261
1273,0.132,58,296,58,375592,300852,33287,92969,2.3828728931694334,0.23606917863699498
1274,0.1321,50,334,50,375926,300518,33337,92919,2.380227474337853,0.2361725002986501
1275,0.1322,43,323,43,376249,300195,33380,92876,2.3776691800785703,0.23628301248374975
1276,0.1323,46,321,46,376570,299874,33426,92830,2.3751267266506146,0.23638669328552803
1277,0.1324,35,316,35,376886,299558,33461,92795,2.3726238753009756,0.23650896004363417
1278,0.1325,54,297,54,377183,299261,33515,92741,2.3702715118489417,0.23658297661746625
1279,0.1326,60,324,60,377507,298937,33575,92681,2.3677052971739956,0.2366617469064241
1280,0.1327,55,322,55,377829,298615,33630,92626,2.3651549233303766,0.23674921595640538
1281,0.1328,45,281,45,378110,298334,33675,92581,2.362929286528957,0.23683153626747502
1282,0.1329,49,315,49,378425,298019,33724,92532,2.3604343555949816,0.23692680341363867
1283,0.133,40,322,40,378747,297697,33764,92492,2.357883981751362,0.237044099141698
1284,0.1331,45,323,45,379070,297374,33809,92447,2.3553256874920794,0.23715243663117175
1285,0.1332,51,334,51,379404,297040,33860,92396,2.3526802686604995,0.23725592908719276
1286,0.1333,54,303,54,379707,296737,33914,92342,2.3502803827144847,0.237334834313854
1287,0.1334,56,374,56,380081,296363,33970,92286,2.347318147256368,0.2374533319267514
1288,0.1335,47,356,47,380437,296007,34017,92239,2.3444984792801926,0.2375787516162433
1289,0.1336,54,337,54,380774,295670,34071,92185,2.3418292992016223,0.23767902953423314
1290,0.1337,57,332,57,381106,295338,34128,92128,2.3391997212013687,0.23777053986672378
1291,0.1338,54,312,54,381418,295026,34182,92074,2.3367285515143834,0.23785585120123998
1292,0.1339,58,308,58,381726,294718,34240,92016,2.334289063490052,0.23793098098434584
1293,0.134,58,320,58,382046,294398,34298,91958,2.3317545304777596,0.23801364544616882
1294,0.1341,56,292,56,382338,294106,34354,91902,2.3294417691040428,0.23808314853578164
1295,0.1342,45,334,45,382672,293772,34399,91857,2.3267963502724625,0.2382004465431801
1296,0.1343,35,320,35,382992,293452,34434,91822,2.3242618172601697,0.23832908527437616
1297,0.1344,52,352,52,383344,293100,34486,91770,2.321473830946648,0.23844414997271807
1298,0.1345,58,306,58,383650,292794,34544,91712,2.3190501837536432,0.23851903481350095
1299,0.1346,59,319,59,383969,292475,34603,91653,2.3165235711570142,0.2386001541152949
1300,0.1347,50,330,50,384299,292145,34653,91603,2.3139098339880877,0.23870613006452152
1301,0.1348,47,335,47,384634,291810,34700,91556,2.311256494740844,0.23882138739481332
1302,0.1349,50,331,50,384965,291479,34750,91506,2.308634837156254,0.2389284175620455
1303,0.135,54,318,54,385283,291161,34804,91452,2.3061161449752885,0.23901958375695545
1304,0.1351,38,305,38,385588,290856,34842,91414,2.303700418197947,0.23913464305333926
1305,0.1352,53,372,53,385960,290484,34895,91361,2.300754023571157,0.2392620042163705
1306,0.1353,62,303,62,386263,290181,34957,91299,2.2983541376251426,0.23932840515885498
1307,0.1354,58,352,58,386615,289829,35015,91241,2.295566151311621,0.2394336998451728
1308,0.1355,52,291,52,386906,289538,35067,91189,2.2932613103535675,0.23951282677614144
1309,0.1356,50,328,50,387234,289210,35117,91139,2.2906634140159676,0.23961940218062885
1310,0.1357,51,278,51,387512,288932,35168,91088,2.2884615384615383,0.2396926477553813
1311,0.1358,44,288,44,387800,288644,35212,91044,2.2861804587504753,0.23978635089863257
1312,0.1359,43,313,43,388113,288331,35255,91001,2.2837013686478267,0.2398980312760326
1313,0.136,56,295,56,388408,288036,35311,90945,2.2813648460271194,0.23997245244484552
1314,0.1361,42,345,42,388753,287691,35353,90903,2.2786323026232416,0.24010681627284108
1315,0.1362,53,275,53,389028,287416,35406,90850,2.2764541883158027,0.24017490337487377
1316,0.1363,53,272,53,389300,287144,35459,90797,2.2742998352553543,0.24024120166904359
1317,0.1364,52,326,52,389626,286818,35511,90745,2.271717779749081,0.24034399557159997
1318,0.1365,44,328,44,389954,286490,35555,90701,2.2691198834114816,0.2404643801151141
1319,0.1366,54,304,54,390258,286186,35609,90647,2.2667120770498035,0.24054952724416387
1320,0.1367,51,323,51,390581,285863,35660,90596,2.2641537827905207,0.24065303260115975
1321,0.1368,54,301,54,390882,285562,35714,90542,2.2617697376758334,0.24073660476889372
1322,0.1369,68,291,68,391173,285271,35782,90474,2.25946489671778,0.2407856391967957
1323,0.137,43,317,43,391490,284954,35825,90431,2.2569541249524776,0.24090200727253352
1324,0.1371,33,309,33,391799,284645,35858,90398,2.2545067165124824,0.2410336948029959
1325,0.1372,52,312,52,392111,284333,35910,90346,2.2520355468254976,0.24112907315328588
1326,0.1373,41,289,41,392400,284044,35951,90305,2.2497465466987707,0.24123211228025185
1327,0.1374,51,321,51,392721,283723,36002,90254,2.247204093270815,0.24133569711506322
1328,0.1375,56,309,56,393030,283414,36058,90198,2.24475668483082,0.2414215817479096
1329,0.1376,58,320,58,393350,283094,36116,90140,2.2422221518185275,0.24151068766511088
1330,0.1377,40,278,40,393628,282816,36156,90100,2.240020276264098,0.24160937047485226
1331,0.1378,55,295,55,393923,282521,36211,90045,2.2376837536433913,0.2416887209246147
1332,0.1379,39,291,39,394214,282230,36250,90006,2.235378912685338,0.24179821403625656
1333,0.138,34,296,34,394510,281934,36284,89972,2.2330344696489672,0.2419213457163907
1334,0.1381,52,330,52,394840,281604,36336,89920,2.2304207324800407,0.2420301245679956
1335,0.1382,44,332,44,395172,281272,36380,89876,2.227791154479787,0.2421567676506407
1336,0.1383,39,307,39,395479,280965,36419,89837,2.225359586871119,0.24227754974352889
1337,0.1384,51,287,51,395766,280678,36470,89786,2.223086427575719,0.24236093115660362
1338,0.1385,43,303,43,396069,280375,36513,89743,2.220686541629705,0.242471319957419
1339,0.1386,45,317,45,396386,280058,36558,89698,2.2181757698644025,0.24258700332110905
1340,0.1387,46,309,46,396695,279749,36604,89652,2.2157283614244077,0.24269560721275796
1341,0.1388,53,329,53,397024,279420,36657,89599,2.2131225446711444,0.24280321609456423
1342,0.1389,63,316,63,397340,279104,36720,89536,2.2106196933215054,0.24288194444444444
1343,0.139,41,324,41,397664,278780,36761,89495,2.2080534786465593,0.24301133663702396
1344,0.1391,58,318,58,397982,278462,36819,89437,2.2055347864655936,0.24310204702921182
1345,0.1392,57,314,57,398296,278148,36876,89380,2.2030477759472817,0.24319235541237674
1346,0.1393,46,276,46,398572,277872,36922,89334,2.2008617412241795,0.24328033855655953
1347,0.1394,61,302,61,398874,277570,36983,89273,2.1984697756938285,0.2433547866526007
1348,0.1395,47,303,47,399177,277267,37030,89226,2.196069889747814,0.2434589473741654
1349,0.1396,42,308,42,399485,276959,37072,89184,2.1936304017234827,0.243576963099117
1350,0.1397,50,289,50,399774,276670,37122,89134,2.191341401596756,0.24366600693267432
1351,0.1398,50,307,50,400081,276363,37172,89084,2.1889098339880877,0.24376722205955995
1352,0.1399,39,275,39,400356,276088,37211,89045,2.186731719680649,0.24387004187515235
1353,0.14,54,313,54,400669,275775,37265,88991,2.1842526295780003,0.24396736537944874
1354,0.1401,41,324,41,400993,275451,37306,88950,2.181686414903054,0.2440992203643788
1355,0.1402,49,285,49,401278,275166,37355,88901,2.179429096438981,0.24418856968634894
1356,0.1403,46,314,46,401592,274852,37401,88855,2.176942085920669,0.24430379398801783
1357,0.1404,47,304,47,401896,274548,37448,88808,2.174534279558991,0.24441044044958662
1358,0.1405,54,289,54,402185,274259,37502,88754,2.1722452794322646,0.24449262147636586
1359,0.1406,42,272,42,402457,273987,37544,88712,2.1700909263718158,0.24458848797487723
1360,0.1407,61,339,61,402796,273648,37605,88651,2.167405905461919,0.2446901592331196
1361,0.1408,39,308,39,403104,273340,37644,88612,2.1649664174375873,0.2448169923083724
1362,0.1409,50,337,50,403441,273003,37694,88562,2.1622972373590166,0.24494074371136587
1363,0.141,62,273,62,403714,272730,37756,88500,2.1601349638829044,0.244996262768873
1364,0.1411,46,302,46,404016,272428,37802,88454,2.1577429983525533,0.24510504818749618
1365,0.1412,48,320,48,404336,272108,37850,88406,2.155208465340261,0.2452220995578535
1366,0.1413,47,288,47,404624,271820,37897,88359,2.152927385629198,0.24531968826611214
1367,0.1414,51,289,51,404913,271531,37948,88308,2.150638385502471,0.24540975269495524
1368,0.1415,44,305,44,405218,271226,37992,88264,2.14822265872513,0.24552560571921334
1369,0.1416,47,303,47,405521,270923,38039,88217,2.1458227727791153,0.24563401459041043
1370,0.1417,45,304,45,405825,270619,38084,88172,2.1434149664174376,0.24574752432474617
1371,0.1418,57,317,57,406142,270302,38141,88115,2.140904194652135,0.24584492365038488
1372,0.1419,49,293,49,406435,270009,38190,88066,2.138583512862755,0.24594288905955455
1373,0.142,46,302,46,406737,269707,38236,88020,2.136191547332404,0.2460535548057597
1374,0.1421,38,305,38,407042,269402,38274,87982,2.1337758205550625,0.2461833769838605
1375,0.1422,48,283,48,407325,269119,38322,87934,2.1315343429223166,0.24627716333429492
1376,0.1423,50,302,50,407627,268817,38372,87884,2.1291423773919655,0.2463800213624296
1377,0.1424,55,302,55,407929,268515,38427,87829,2.1267504118616145,0.2464725097097187
1378,0.1425,50,304,50,408233,268211,38477,87779,2.124342605499937,0.24657715104356864
1379,0.1426,40,317,40,408550,267894,38517,87739,2.1218318337346345,0.24671220049882886
1380,0.1427,52,285,52,408835,267609,38569,87687,2.1195745152705614,0.2467998513915158
1381,0.1428,41,282,41,409117,267327,38610,87646,2.1173409580534788,0.24690891983333943
1382,0.1429,49,302,49,409419,267025,38659,87597,2.1149489925231277,0.24701513160492017
1383,0.143,48,278,48,409697,266747,38707,87549,2.1127471169686984,0.24710693883080814
1384,0.1431,39,279,39,409976,266468,38746,87510,2.110537320998606,0.24721875370785756
1385,0.1432,38,305,38,410281,266163,38784,87472,2.1081215942212648,0.24735108233065167
1386,0.1433,35,330,35,410611,265833,38819,87437,2.1055078570523382,0.24750757211198235
1387,0.1434,51,304,51,410915,265529,38870,87386,2.10310005069066,0.24761203122564923
1388,0.1435,49,301,49,411216,265228,38919,87337,2.100716005575973,0.24771886035199184
1389,0.1436,37,314,37,411530,264914,38956,87300,2.0982289950576605,0.24786067561198588
1390,0.1437,52,311,52,411841,264603,39008,87248,2.095765745786339,0.2479686003450324
1391,0.1438,61,270,61,412111,264333,39069,87187,2.0936272335572172,0.2480285616750114
1392,0.1439,54,281,54,412392,264052,39123,87133,2.091401596755798,0.24811139427936843
1393,0.144,43,268,43,412660,263784,39166,87090,2.089278925358003,0.24820875869970416
1394,0.1441,46,263,46,412923,263521,39212,87044,2.087195856038525,0.24829632165219004
1395,0.1442,52,289,52,413212,263232,39264,86992,2.084906855911798,0.24838960208323815
1396,0.1443,56,281,56,413493,262951,39320,86936,2.0826812191103787,0.24846879135263672
1397,0.1444,46,273,46,413766,262678,39366,86890,2.080518945634267,0.24856394177956792
1398,0.1445,61,311,61,414077,262367,39427,86829,2.078055696362945,0.2486540510200575
1399,0.1446,50,304,50,414381,262063,39477,86779,2.0756478900012674,0.24876305032077559
1400,0.1447,48,316,48,414697,261747,39525,86731,2.0731450386516284,0.24888515200385677
1401,0.1448,54,260,54,414957,261487,39579,86677,2.071085730579141,0.2489545156880091
1402,0.1449,56,279,56,415236,261208,39635,86621,2.068875934609048,0.24903328934620172
1403,0.145,32,307,32,415543,260901,39667,86589,2.06644436700038,0.2491841491841492
1404,0.1451,52,307,52,415850,260594,39719,86537,2.064012799391712,0.2492920540084291
1405,0.1452,60,272,60,416122,260322,39779,86477,2.0618584463312635,0.24935769710985325
1406,0.1453,47,270,47,416392,260052,39826,86430,2.0597199341021417,0.24945018788854834
1407,0.1454,47,291,47,416683,259761,39873,86383,2.057415093144088,0.24955798742719792
1408,0.1455,66,306,66,416989,259455,39939,86317,2.0549914459510834,0.24963559802413152
1409,0.1456,35,286,35,417275,259169,39974,86282,2.052726207071347,0.24976624760096222
1410,0.1457,39,249,39,417524,258920,40013,86243,2.050754023571157,0.24986165956374234
1411,0.1458,50,261,50,417785,258659,40063,86193,2.048686795083006,0.24994200410610928
1412,0.1459,46,305,46,418090,258354,40109,86147,2.0462710683056646,0.25006313479496434
1413,0.146,50,278,50,418368,258076,40159,86097,2.0440691927512358,0.25015617146028307
1414,0.1461,37,255,37,418623,257821,40196,86060,2.042049486757065,0.25026099144762287
1415,0.1462,47,301,47,418924,257520,40243,86013,2.039665441642377,0.2503776929727275
1416,0.1463,45,292,45,419216,257228,40288,85968,2.0373526802686603,0.2504924299817014
1417,0.1464,39,296,39,419512,256932,40327,85929,2.0350082372322897,0.250623430486407
1418,0.1465,56,305,56,419817,256627,40383,85873,2.0325925104549487,0.2507240875912409
1419,0.1466,51,266,51,420083,256361,40434,85822,2.0304856798884807,0.25080731655283867
1420,0.1467,39,312,39,420395,256049,40473,85783,2.0280145102014955,0.25095075943738443
1421,0.1468,55,278,55,420673,255771,40528,85728,2.025812634647066,0.25103441005683763
1422,0.1469,48,316,48,420989,255455,40576,85680,2.0233097832974276,0.25116156360385183
1423,0.147,42,280,42,421269,255175,40618,85638,2.0210920669116716,0.2512756262231781
1424,0.1471,49,269,49,421538,254906,40667,85589,2.018961475098213,0.2513663930454192
1425,0.1472,62,305,62,421843,254601,40729,85527,2.0165457483208717,0.25145533446232005
1426,0.1473,48,274,48,422117,254327,40777,85479,2.0143755544290967,0.25155235634450246
1427,0.1474,47,292,47,422409,254035,40824,85432,2.0120627930553794,0.25166511030527267
1428,0.1475,43,282,43,422691,253753,40867,85389,2.0098292358382968,0.2517794905968591
1429,0.1476,56,309,56,423000,253444,40923,85333,2.007381827398302,0.2518854585759954
1430,0.1477,39,242,39,423242,253202,40962,85294,2.0054650868077557,0.2519793439213462
1431,0.1478,57,316,57,423558,252886,41019,85237,2.0029622354581167,0.2520887369389246
1432,0.1479,46,272,46,423830,252614,41065,85191,2.0008078823976683,0.2521898728556416
1433,0.148,58,270,58,424100,252344,41123,85133,1.9986693701685465,0.2522631171902085
1434,0.1481,43,277,43,424377,252067,41166,85090,1.9964754150297808,0.2523750063027017
1435,0.1482,37,295,37,424672,251772,41203,85053,1.9941388924090737,0.25251391672233353
1436,0.1483,48,290,48,424962,251482,41251,85005,1.9918419718666835,0.2526249156728195
1437,0.1484,42,317,42,425279,251165,41293,84963,1.9893312001013814,0.25276977817974106
1438,0.1485,47,274,47,425553,250891,41340,84916,1.987161006209606,0.2528714410360713
1439,0.1486,54,270,54,425823,250621,41394,84862,1.9850224939804841,0.25295469517084324
1440,0.1487,57,288,57,426111,250333,41451,84805,1.9827414142694209,0.2530450142926198
1441,0.1488,47,241,47,426352,250092,41498,84758,1.9808325940945382,0.2531222935642825
1442,0.1489,55,290,55,426642,249802,41553,84703,1.978535673552148,0.25321893544192164
1443,0.149,49,292,49,426934,249510,41602,84654,1.9762229121784312,0.25333069989585955
1444,0.1491,61,266,61,427200,249244,41663,84593,1.974116081611963,0.2533961184649994
1445,0.1492,47,273,47,427473,248971,41710,84546,1.971953808135851,0.25349832242434417
1446,0.1493,44,280,44,427753,248691,41754,84502,1.969736091750095,0.25361277097658114
1447,0.1494,50,260,50,428013,248431,41804,84452,1.9676767836776075,0.25369874700720674
1448,0.1495,51,289,51,428302,248142,41855,84401,1.9653877835508808,0.25380477111230726
1449,0.1496,59,267,59,428569,247875,41914,84342,1.9632730325687493,0.2538762314992911
1450,0.1497,56,253,56,428822,247622,41970,84286,1.9612691674059055,0.2539438639623028
1451,0.1498,49,276,49,429098,247346,42019,84237,1.959083132682803,0.25404499024377003
1452,0.1499,41,331,41,429429,247015,42060,84196,1.9564614750982132,0.2542065329955829
1453,0.15,60,273,60,429702,246742,42120,84136,1.954299201622101,0.2542810340971597
1454,0.1501,52,293,52,429995,246449,42172,84084,1.9519785198327209,0.2543891230225121
1455,0.1502,43,271,43,430266,246178,42215,84041,1.9498320871879355,0.2545008009835897
1456,0.1503,52,274,52,430540,245904,42267,83989,1.9476618932961602,0.2545946716056418
1457,0.1504,46,270,46,430810,245634,42313,83943,1.9455233810670385,0.25469920534503315
1458,0.1505,48,252,48,431062,245382,42361,83895,1.943527436319858,0.25478548456163047
1459,0.1506,40,276,40,431338,245106,42401,83855,1.9413414015967558,0.25490863658609986
1460,0.1507,60,274,60,431612,244832,42461,83795,1.9391712077049803,0.2549851351227988
1461,0.1508,46,256,46,431868,244576,42507,83749,1.9371435812951463,0.2550795705474758
1462,0.1509,49,264,49,432132,244312,42556,83700,1.935052591560005,0.25517359121007765
1463,0.151,35,272,35,432404,244040,42591,83665,1.9328982384995566,0.2553058390930868
1464,0.1511,43,251,43,432655,243789,42634,83622,1.9309102141680394,0.2554037585786672
1465,0.1512,47,274,47,432929,243515,42681,83575,1.9287400202762641,0.2555107157051576
1466,0.1513,44,264,44,433193,243251,42725,83531,1.9266490305411228,0.2556168944433904
1467,0.1514,46,278,46,433471,242973,42771,83485,1.9244471549866937,0.2557296803876762
1468,0.1515,53,277,53,433748,242696,42824,83432,1.922253199847928,0.2558259333758524
1469,0.1516,45,283,45,434031,242413,42869,83387,1.9200117222151818,0.25594536525475753
1470,0.1517,48,247,48,434278,242166,42917,83339,1.9180553795463187,0.25602986129245325
1471,0.1518,60,276,60,434554,241890,42977,83279,1.9158693448232162,0.25610989977519383
1472,0.1519,41,297,41,434851,241593,43018,83238,1.9135169813711823,0.2562501731669699
1473,0.152,41,271,41,435122,241322,43059,83197,1.9113705487263972,0.2563701971225105
1474,0.1521,39,267,39,435389,241055,43098,83158,1.9092557977442657,0.2564918741691419
1475,0.1522,49,270,49,435659,240785,43147,83109,1.907117285515144,0.2565932064193841
1476,0.1523,47,266,47,435925,240519,43194,83062,1.9050104549486757,0.2566961595396516
1477,0.1524,46,267,46,436192,240252,43240,83016,1.9028957039665442,0.25680240543450017
1478,0.1525,48,274,48,436466,239978,43288,82968,1.9007255100747686,0.256909823933413
1479,0.1526,52,239,52,436705,239739,43340,82916,1.8988325307312128,0.25698036602563107
1480,0.1527,50,284,50,436989,239455,43390,82866,1.896583132682803,0.2570915329748915
1481,0.1528,55,276,55,437265,239179,43445,82811,1.894397097959701,0.25718500574552006
1482,0.1529,37,279,37,437544,238900,43482,82774,1.8921873019896085,0.2573226309866511
1483,0.153,55,280,55,437824,238620,43537,82719,1.8899695856038525,0.2574197342992914
1484,0.1531,44,252,44,438076,238368,43581,82675,1.887973640856672,0.25752002068258767
1485,0.1532,51,262,51,438338,238106,43632,82624,1.8858984919528576,0.2576123218906869
1486,0.1533,38,268,38,438606,237838,43670,82586,1.8837758205550628,0.25773974483808954
1487,0.1534,45,283,45,438889,237555,43715,82541,1.8815343429223166,0.25786326602019394
1488,0.1535,48,290,48,439179,237265,43763,82493,1.8792374223799264,0.25798572670582126
1489,0.1536,39,251,39,439430,237014,43802,82454,1.8772493980484095,0.2580978376551016
1490,0.1537,35,244,35,439674,236770,43837,82419,1.8753168166265366,0.2582137855627857
1491,0.1538,45,244,45,439918,236526,43882,82374,1.8733842352046635,0.2583066792097836
1492,0.1539,45,252,45,440170,236274,43927,82329,1.8713882904574832,0.2584062296965189
1493,0.154,46,244,46,440414,236030,43973,82283,1.86945570903561,0.25849713960787024
1494,0.1541,44,282,44,440696,235748,44017,82239,1.8672221518185275,0.25862378021743027
1495,0.1542,36,310,36,441006,235438,44053,82203,1.864766822962869,0.25879215844302217
1496,0.1543,38,264,38,441270,235174,44091,82165,1.8626758332277278,0.25891869577959215
1497,0.1544,47,278,47,441548,234896,44138,82118,1.8604739576732987,0.2590358785416417
1498,0.1545,50,256,50,441804,234640,44188,82068,1.8584463312634647,0.2591282822031651
1499,0.1546,55,265,55,442069,234375,44243,82013,1.85634742111266,0.25921653160043995
1500,0.1547,49,245,49,442314,234130,44292,81964,1.8544069192751236,0.259302612513999
1501,0.1548,42,254,42,442568,233876,44334,81922,1.8523951336966165,0.2594126625247785
1502,0.1549,47,297,47,442865,233579,44381,81875,1.8500427702445825,0.2595465582937607
1503,0.155,52,252,52,443117,233327,44433,81823,1.848046825497402,0.259631921307314
1504,0.1551,61,246,61,443363,233081,44494,81762,1.8460984032442023,0.25969133822254264
1505,0.1552,37,255,37,443618,232826,44531,81725,1.8440786972500316,0.25981478361219645
1506,0.1553,49,306,49,443924,232520,44580,81676,1.841655050057027,0.2599523864084839
1507,0.1554,58,235,58,444159,232285,44638,81618,1.8397937523761247,0.26001025794592597
1508,0.1555,49,273,49,444432,232012,44687,81569,1.8376314789000128,0.26012098947321427
1509,0.1556,51,265,51,444697,231747,44738,81518,1.835532568749208,0.2602205800201108
1510,0.1557,47,264,47,444961,231483,44785,81471,1.8334415790140666,0.2603289940374624
1511,0.1558,45,246,45,445207,231237,44830,81426,1.8314931567608668,0.26042736108845627
1512,0.1559,38,266,38,445473,230971,44868,81388,1.8293863261943988,0.26055916429492987
1513,0.156,43,250,43,445723,230721,44911,81345,1.8274062222785452,0.26066601295879716
1514,0.1561,40,231,40,445954,230490,44951,81305,1.8255766062602965,0.2607642842252121
1515,0.1562,41,219,41,446173,230271,44992,81264,1.8238420352300089,0.2608503057441379
1516,0.1563,54,254,54,446427,230017,45046,81210,1.8218302496515018,0.260934944590283
1517,0.1564,52,257,52,446684,229760,45098,81158,1.8197947028260044,0.2610270232022591
1518,0.1565,52,232,52,446916,229528,45150,81106,1.8179571663920921,0.2610982699897629
1519,0.1566,39,257,39,447173,229271,45189,81067,1.8159216195665948,0.2612216357648757
1520,0.1567,54,256,54,447429,229015,45243,81013,1.8138939931567608,0.26130865599236197
1521,0.1568,41,244,41,447673,228771,45284,80972,1.811961411734888,0.26141672289607837
1522,0.1569,38,267,38,447940,228504,45322,80934,1.8098466607527564,0.2615515870707541
1523,0.157,46,262,46,448202,228242,45368,80888,1.807771511848942,0.26166337786691685
1524,0.1571,57,269,57,448471,227973,45425,80831,1.8056409200354835,0.2617550290799342
1525,0.1572,49,266,49,448737,227707,45474,80782,1.8035340894690153,0.2618634700102759
1526,0.1573,35,257,35,448994,227450,45509,80747,1.801498542643518,0.26199800776775894
1527,0.1574,49,237,49,449231,227213,45558,80698,1.7996214041312888,0.2620822250585396
1528,0.1575,42,258,42,449489,226955,45600,80656,1.797577936890128,0.26220128669000786
1529,0.1576,44,297,44,449786,226658,45644,80612,1.795225573438094,0.26234907410420805
1530,0.1577,50,261,50,450047,226397,45694,80562,1.793158344949943,0.2624519887020742
1531,0.1578,44,239,44,450286,226158,45738,80518,1.791265365606387,0.26255070497854416
1532,0.1579,44,287,44,450573,225871,45782,80474,1.788992206310987,0.2626907571528832
1533,0.158,42,269,42,450842,225602,45824,80432,1.786861614497529,0.2628204709280668
1534,0.1581,48,241,48,451083,225361,45872,80384,1.784952794322646,0.2629119037106085
1535,0.1582,49,241,49,451324,225120,45921,80335,1.7830439741477633,0.26300109672455846
1536,0.1583,49,243,49,451567,224877,45970,80286,1.7811193131415537,0.26309218352159336
1537,0.1584,46,264,46,451831,224613,46016,80240,1.7790283234064124,0.2632088252370815
1538,0.1585,52,253,52,452084,224360,46068,80188,1.7770244582435686,0.26330167986655634
1539,0.1586,40,269,40,452353,224091,46108,80148,1.7748938664301102,0.2634376263398184
1540,0.1587,58,289,58,452642,223802,46166,80090,1.7726048663033835,0.2635475761125663
1541,0.1588,34,267,34,452909,223535,46200,80056,1.770490115321252,0.26369688165986477
1542,0.1589,56,245,56,453154,223290,46256,80000,1.7685496134837155,0.26377394572851065
1543,0.159,46,248,46,453402,223042,46302,79954,1.7665853503991888,0.26387807099763694
1544,0.1591,41,245,41,453647,222797,46343,79913,1.7646448485616526,0.2639919394800304
1545,0.1592,60,264,60,453911,222533,46403,79853,1.7625538588265113,0.26407637919744964
1546,0.1593,46,226,46,454137,222307,46449,79807,1.7607638448865797,0.2641618726705813
1547,0.1594,44,236,44,454373,222071,46493,79763,1.7588946267900138,0.2642611501686357
1548,0.1595,40,240,40,454613,221831,46533,79723,1.7569937270307945,0.2643738766522746
1549,0.1596,56,240,56,454853,221591,46589,79667,1.7550928272715751,0.26444774910541796
1550,0.1597,48,272,48,455125,221319,46637,79619,1.7529384742111267,0.2645694461982202
1551,0.1598,52,236,52,455361,221083,46689,79567,1.7510692561145609,0.2646499251621487
1552,0.1599,42,268,42,455629,220815,46731,79525,1.748946584716766,0.2647832456549244
1553,0.16,40,248,40,455877,220567,46771,79485,1.7469823216322393,0.26490408329222936
1554,0.1601,47,226,47,456103,220341,46818,79438,1.7451923076923077,0.2649885415589484
1555,0.1602,37,289,37,456392,220052,46855,79401,1.742903307565581,0.2651534631478062
1556,0.1603,39,240,39,456632,219812,46894,79362,1.7410024078063617,0.2652703777734696
1557,0.1604,48,213,48,456845,219599,46942,79314,1.7393153592700545,0.2653414204132975
1558,0.1605,47,251,47,457096,219348,46989,79267,1.7373273349385376,0.2654488220618522
1559,0.1606,43,226,43,457322,219122,47032,79224,1.735537320998606,0.26554403276732386
1560,0.1607,47,274,47,457596,218848,47079,79177,1.7333671271068305,0.26567234292425135
1561,0.1608,45,247,45,457843,218601,47124,79132,1.7314107844379674,0.26578175748069577
1562,0.1609,43,247,43,458090,218354,47167,79089,1.729454441769104,0.26589632299297683
1563,0.161,52,235,52,458325,218119,47219,79037,1.7275931440882017,0.26597813942844833
1564,0.1611,57,277,57,458602,217842,47276,78980,1.725399188949436,0.2660853979826293
1565,0.1612,54,250,54,458852,217592,47330,78926,1.7234190850335827,0.2661760837453376
1566,0.1613,49,280,49,459132,217312,47379,78877,1.7212013686478267,0.2663063111729335
1567,0.1614,58,284,58,459416,217028,47437,78819,1.718951970599417,0.2664181147687825
1568,0.1615,52,232,52,459648,216796,47489,78767,1.717114434165505,0.2664981746700365
1569,0.1616,54,248,54,459896,216548,47543,78713,1.7151501710809782,0.26658786632843484
1570,0.1617,47,264,47,460160,216284,47590,78666,1.7130591813458371,0.2667096117986099
1571,0.1618,52,230,52,460390,216054,47642,78614,1.7112374857432517,0.26678838557291595
1572,0.1619,48,229,48,460619,215825,47690,78566,1.70942371055633,0.2668763651062702
1573,0.162,48,237,48,460856,215588,47738,78518,1.707546572044101,0.26697177208217443
1574,0.1621,50,244,50,461100,215344,47788,78468,1.7056139906222278,0.2670687378323554
1575,0.1622,52,234,52,461334,215110,47840,78416,1.703760613356989,0.2671518025660419
1576,0.1623,40,267,40,461601,214843,47880,78376,1.7016458623748574,0.2672950934284613
1577,0.1624,56,223,56,461824,214620,47936,78320,1.6998796096819162,0.267358503447805
1578,0.1625,45,235,45,462059,214385,47981,78275,1.6980183120010137,0.2674605344085287
1579,0.1626,55,262,55,462321,214123,48036,78220,1.6959431630971993,0.26756241811844306
1580,0.1627,60,240,60,462561,213883,48096,78160,1.69404226333798,0.2676318213413778
1581,0.1628,54,236,54,462797,213647,48150,78106,1.6921730452414143,0.26771275702392094
1582,0.1629,35,257,35,463054,213390,48185,78071,1.6901374984159168,0.26786088018637144
1583,0.163,48,244,48,463298,213146,48233,78023,1.6882049169940438,0.26796465283048676
1584,0.1631,45,220,45,463518,212926,48278,77978,1.6864624255480927,0.26805406594615405
1585,0.1632,51,241,51,463759,212685,48329,77927,1.68455360537321,0.2681479085516083
1586,0.1633,46,259,46,464018,212426,48375,77881,1.6825022177163858,0.26827117499750264
1587,0.1634,49,222,49,464240,212204,48424,77832,1.680743885439108,0.2683528941234881
1588,0.1635,48,241,48,464481,211963,48472,77784,1.678835065264225,0.2684548934070068
1589,0.1636,34,223,34,464704,211740,48506,77750,1.6770688125712838,0.268575771183806
1590,0.1637,60,252,60,464956,211488,48566,77690,1.6750728678241034,0.2686580583585197
1591,0.1638,49,221,49,465177,211267,48615,77641,1.6733224559624889,0.26873952953881514
1592,0.1639,56,249,56,465426,211018,48671,77585,1.6713502724622988,0.26882949934685363
1593,0.164,52,229,52,465655,210789,48723,77533,1.669536497275377,0.26891114795263626
1594,0.1641,47,232,47,465887,210557,48770,77486,1.667698960841465,0.2690084466555341
1595,0.1642,49,233,49,466120,210324,48819,77437,1.6658535039918896,0.26910178933211937
1596,0.1643,51,239,51,466359,210085,48870,77386,1.6639605246483335,0.2691958493204532
1597,0.1644,46,229,46,466588,209856,48916,77340,1.6621467494614117,0.2692934441983872
1598,0.1645,49,226,49,466814,209630,48965,77291,1.66035673552148,0.269380770316568
1599,0.1646,49,251,49,467065,209379,49014,77242,1.6583687111899632,0.2694917678746498
1600,0.1647,41,217,41,467282,209162,49055,77201,1.6566499809910025,0.26959139274277755
1601,0.1648,56,235,56,467517,208927,49111,77145,1.6547886833101002,0.2696698733186051
1602,0.1649,47,252,47,467769,208675,49158,77098,1.6527927385629197,0.26978755865669607
1603,0.165,41,221,41,467990,208454,49199,77057,1.6510423267013052,0.2698915278220454
1604,0.1651,36,216,36,468206,208238,49235,77021,1.6493315169180078,0.27000375097718216
1605,0.1652,45,222,45,468428,208016,49280,76976,1.64757318464073,0.27009880979115203
1606,0.1653,49,219,49,468647,207797,49329,76927,1.6458386136104424,0.2701809471628665
1607,0.1654,37,242,37,468889,207555,49366,76890,1.6439218730198961,0.2703158782893002
1608,0.1655,39,234,39,469123,207321,49405,76851,1.6420684957546572,0.27043832608420254
1609,0.1656,51,229,51,469352,207092,49456,76800,1.6402547205677354,0.27052541107181605
1610,0.1657,36,273,36,469625,206819,49492,76764,1.6380924470916234,0.2706932361953996
1611,0.1658,46,214,46,469839,206605,49538,76718,1.6363974781396529,0.2707792872445936
1612,0.1659,49,218,49,470057,206387,49587,76669,1.6346708275250286,0.2708615962918998
1613,0.166,34,237,34,470294,206150,49621,76635,1.6327936890127994,0.2710009371076967
1614,0.1661,31,226,31,470520,205924,49652,76604,1.6310036750728678,0.2711377279420093
1615,0.1662,44,247,44,470767,205677,49696,76560,1.6290473324040045,0.2712613867069165
1616,0.1663,45,232,45,470999,205445,49741,76515,1.6272097959700924,0.2713682791885374
1617,0.1664,43,229,43,471228,205216,49784,76472,1.6253960207831708,0.27147766323024053
1618,0.1665,36,227,36,471455,204989,49820,76436,1.6235980864275756,0.271603446744248
1619,0.1666,48,228,48,471683,204761,49868,76388,1.6217922316563174,0.2716993480325379
1620,0.1667,37,232,37,471915,204529,49905,76351,1.6199546952224053,0.271827826829963
1621,0.1668,42,239,42,472154,204290,49947,76309,1.6180617158788493,0.27195036332987643
1622,0.1669,41,219,41,472373,204071,49988,76268,1.6163271448485617,0.2720563317982871
1623,0.167,44,222,44,472595,203849,50032,76224,1.6145688125712838,0.27215761605010125
1624,0.1671,48,245,48,472840,203604,50080,76176,1.6126283107337473,0.27227107012652796
1625,0.1672,46,238,46,473078,203366,50126,76130,1.6107432518058549,0.27238314680710995
1626,0.1673,43,219,43,473297,203147,50169,76087,1.609008680775567,0.27248472607203994
1627,0.1674,41,230,41,473527,202917,50210,76046,1.6071869851729819,0.27260245982442116
1628,0.1675,38,214,38,473741,202703,50248,76008,1.6054920162210113,0.2727125947666221
1629,0.1676,43,247,43,473988,202456,50291,75965,1.603535673552148,0.2728422065864285
1630,0.1677,45,211,45,474199,202245,50336,75920,1.6018644658471677,0.2729315334423813
1631,0.1678,50,228,50,474427,202017,50386,75870,1.6000586110759092,0.2730246467089141
1632,0.1679,46,224,46,474651,201793,50432,75824,1.5982844379673045,0.2731244844516006
1633,0.168,41,223,41,474874,201570,50473,75783,1.5965181852743633,0.27323663345988686
1634,0.1681,48,207,48,475081,201363,50521,75735,1.5948786592320365,0.2733148561158868
1635,0.1682,51,221,51,475302,201142,50572,75684,1.593128247370422,0.2733991749329904
1636,0.1683,52,189,52,475491,200953,50624,75632,1.5916312888100368,0.2734493916879079
1637,0.1684,50,232,50,475723,200721,50674,75582,1.5897937523761247,0.2735475184851413
1638,0.1685,50,259,50,475982,200462,50724,75532,1.5877423647193005,0.2736726160713639
1639,0.1686,38,193,38,476175,200269,50762,75494,1.5862137244962615,0.27376406552002985
1640,0.1687,52,230,52,476405,200039,50814,75442,1.5843920288936764,0.2738555472065224
1641,0.1688,51,234,51,476639,199805,50865,75391,1.5825386516284374,0.2739538365383218
1642,0.1689,47,225,47,476864,199580,50912,75344,1.5807565581041694,0.27405392035617115
1643,0.169,44,203,44,477067,199377,50956,75300,1.5791487137244962,0.2741401719110082
1644,0.1691,51,212,51,477279,199165,51007,75249,1.5774695856038525,0.274217058896412
1645,0.1692,32,228,32,477507,198937,51039,75217,1.575663730832594,0.27436039598182044
1646,0.1693,50,255,50,477762,198682,51089,75167,1.5736440248384236,0.2744833831783209
1647,0.1694,54,220,54,477982,198462,51143,75113,1.5719015333924724,0.27456090651558074
1648,0.1695,43,223,43,478205,198239,51186,75070,1.570135280699531,0.27467079386335613
1649,0.1696,45,236,45,478441,198003,51231,75025,1.5682660626029654,0.27478866636388943
1650,0.1697,49,221,49,478662,197782,51280,74976,1.566515650741351,0.27488103007061204
1651,0.1698,45,236,45,478898,197546,51325,74931,1.564646432644785,0.2749993577439564
1652,0.1699,49,239,49,479137,197307,51374,74882,1.5627534533012293,0.2751103093806142
1653,0.17,34,209,34,479346,197098,51408,74848,1.5610980864275756,0.27523111205901174
1654,0.1701,40,243,40,479589,196855,51448,74808,1.559173425421366,0.27537058782388474
1655,0.1702,45,230,45,479819,196625,51493,74763,1.557351729818781,0.2754838091588427
1656,0.1703,51,241,51,480060,196384,51544,74712,1.5554429096438982,0.27559241006875795
1657,0.1704,47,198,47,480258,196186,51591,74665,1.553874667342542,0.27566817179925496
1658,0.1705,53,214,53,480472,195972,51644,74612,1.5521796983905716,0.27574431599798954
1659,0.1706,52,223,52,480695,195749,51696,74560,1.5504134456976302,0.2758324732065895
1660,0.1707,48,190,48,480885,195559,51744,74512,1.5489085667215816,0.27589781946228953
1661,0.1708,48,222,48,481107,195337,51792,74464,1.5471502344443036,0.2759960118754193
1662,0.1709,39,201,39,481308,195136,51831,74425,1.5455582308959575,0.27609706151854313
1663,0.171,48,244,48,481552,194892,51879,74377,1.5436256494740843,0.27621820558623533
1664,0.1711,51,232,51,481784,194660,51930,74326,1.5417881130401723,0.27631921363937156
1665,0.1712,39,211,39,481995,194449,51969,74287,1.540116905335192,0.2764311443200762
1666,0.1713,42,189,42,482184,194260,52011,74245,1.5386199467748067,0.2765125416658908
1667,0.1714,39,181,39,482365,194079,52050,74206,1.5371863515397288,0.27659392064409116
1668,0.1715,35,201,35,482566,193878,52085,74171,1.5355943479913825,0.2767068707587046
1669,0.1716,61,237,61,482803,193641,52146,74110,1.5337172094791536,0.27678701480106516
1670,0.1717,49,236,49,483039,193405,52195,74061,1.5318479913825878,0.2768987460088385
1671,0.1718,57,209,57,483248,193196,52252,74004,1.5301926245089341,0.2769610778443114
1672,0.1719,37,230,37,483478,192966,52289,73967,1.528370928906349,0.2770994968774936
1673,0.172,53,241,53,483719,192725,52342,73914,1.5264621087314663,0.2772062601494905
1674,0.1721,47,211,47,483930,192514,52389,73867,1.524790901026486,0.27729830581009907
1675,0.1722,50,221,50,484151,192293,52439,73817,1.5230404891648714,0.2773928074856262
1676,0.1723,42,225,42,484376,192068,52481,73775,1.5212583956406032,0.2775134195747114
1677,0.1724,40,227,40,484603,191841,52521,73735,1.5194604612850082,0.27764180498237795
1678,0.1725,38,243,38,484846,191598,52559,73697,1.5175358002787986,0.27779264592246367
1679,0.1726,36,184,36,485030,191414,52595,73661,1.5160784437967305,0.2778873903612185
1680,0.1727,44,237,44,485267,191177,52639,73617,1.5142013052845014,0.2780161181899892
1681,0.1728,37,207,37,485474,190970,52676,73580,1.5125617792421746,0.2781326781326781
1682,0.1729,50,225,50,485699,190745,52726,73530,1.5107796857179066,0.2782329013338379
1683,0.173,44,221,44,485920,190524,52770,73486,1.509029273856292,0.278345517215257
1684,0.1731,43,228,43,486148,190296,52813,73443,1.5072234190850335,0.2784684858894589
1685,0.1732,49,198,49,486346,190098,52862,73394,1.5056551767836777,0.278543561094834
1686,0.1733,41,198,41,486544,189900,52903,73353,1.5040869344823216,0.2786406992512906
1687,0.1734,55,208,55,486752,189692,52958,73298,1.5024394880243315,0.2787102171185216
1688,0.1735,49,216,49,486968,189476,53007,73249,1.500728678241034,0.2788048339518508
1689,0.1736,49,220,49,487188,189256,53056,73200,1.498986186795083,0.27890389246197456
1690,0.1737,45,198,45,487386,189058,53101,73155,1.497417944493727,0.27899074416600245
1691,0.1738,38,203,38,487589,188855,53139,73117,1.495810100114054,0.27910234681569024
1692,0.1739,50,247,50,487836,188608,53189,73067,1.4938537574451907,0.27922805006209994
1693,0.174,38,218,38,488054,188390,53227,73029,1.4921271068305664,0.2793561294320612
1694,0.1741,48,220,48,488274,188170,53275,72981,1.4903846153846154,0.2794590103043833
1695,0.1742,45,217,45,488491,187953,53320,72936,1.4886658851856545,0.2795671722456677
1696,0.1743,43,189,43,488680,187764,53363,72893,1.4871689266252692,0.2796510356522173
1697,0.1744,48,207,48,488887,187557,53411,72845,1.4855294005829427,0.27974055498805694
1698,0.1745,41,205,41,489092,187352,53452,72804,1.4839057153719428,0.2798474761297068
1699,0.1746,52,210,52,489302,187142,53504,72752,1.4822424280826259,0.27992950972319486
1700,0.1747,33,212,33,489514,186930,53537,72719,1.480563299961982,0.2800665513828284
1701,0.1748,35,209,35,489723,186721,53572,72684,1.4789079330883286,0.28019506177598735
1702,0.1749,56,208,56,489931,186513,53628,72628,1.4772604866303383,0.280264412038234
1703,0.175,32,169,32,490100,186344,53660,72596,1.4759219363832214,0.2803583841816637
1704,0.1751,57,189,57,490289,186155,53717,72539,1.4744249778228362,0.28040464796245756
1705,0.1752,62,208,62,490497,185947,53779,72477,1.4727775313648461,0.2804576974274835
1706,0.1753,47,213,47,490710,185734,53826,72430,1.471090482828539,0.2805580948544336
1707,0.1754,57,215,57,490925,185519,53883,72373,1.4693875934609049,0.28063297814589055
1708,0.1755,49,232,49,491157,185287,53932,72324,1.4675500570269928,0.28074888106486134
1709,0.1756,45,217,45,491374,185070,53977,72279,1.4658313268280319,0.28085984402503994
1710,0.1757,32,226,32,491600,184844,54009,72247,1.4640413128881005,0.2810172273630738
1711,0.1758,41,209,41,491809,184635,54050,72206,1.4623859460144468,0.2811311278183779
1712,0.1759,51,203,51,492012,184432,54101,72155,1.4607781016347738,0.28121066149103424
1713,0.176,52,212,52,492224,184220,54153,72103,1.45909897351413,0.28129742551390235
1714,0.1761,40,204,40,492428,184016,54193,72063,1.4574832087187937,0.28140925261345134
1715,0.1762,51,202,51,492630,183814,54244,72012,1.455883284754784,0.2814881990102648
1716,0.1763,61,225,61,492855,183589,54305,71951,1.4541011912305157,0.2815645300148705
1717,0.1764,51,231,51,493086,183358,54356,71900,1.4522715752122672,0.28167579468616066
1718,0.1765,39,202,39,493288,183156,54395,71861,1.4506716512482576,0.2817890572001082
1719,0.1766,44,187,44,493475,182969,54439,71817,1.449190533519199,0.28187184539181903
1720,0.1767,37,193,37,493668,182776,54476,71780,1.4476618932961602,0.28198117506560444
1721,0.1768,34,190,34,493858,182586,54510,71746,1.4461570143201115,0.2820958432285359
1722,0.1769,46,214,46,494072,182372,54556,71700,1.444462045368141,0.28220346988255296
1723,0.177,45,211,45,494283,182161,54601,71655,1.4427908376631606,0.2823108078292937
1724,0.1771,45,213,45,494496,181948,54646,71610,1.4411037891268534,0.28242059016083104
1725,0.1772,43,185,43,494681,181763,54689,71567,1.4396385122291218,0.28250503296096
1726,0.1773,48,193,48,494874,181570,54737,71519,1.438109872006083,0.28258438731039276
1727,0.1774,45,199,45,495073,181371,54782,71474,1.4365337092890635,0.28267911170875437
1728,0.1775,38,208,38,495281,181163,54820,71436,1.4348862628310735,0.28280396992862206
1729,0.1776,58,219,58,495500,180944,54878,71378,1.4331516918007856,0.28288456813119744
1730,0.1777,35,232,35,495732,180712,54913,71343,1.4313141553668736,0.28304536708258116
1731,0.1778,41,200,41,495932,180512,54954,71302,1.4297300722341908,0.2831534386491617
1732,0.1779,37,189,37,496121,180323,54991,71265,1.4282331136738056,0.2832607278566545
1733,0.178,56,202,56,496323,180121,55047,71209,1.426633189709796,0.2833286913619544
1734,0.1781,34,212,34,496535,179909,55081,71175,1.4249540615891523,0.28347087030635165
1735,0.1782,36,214,36,496749,179695,55117,71139,1.4232590926371815,0.2836098774488307
1736,0.1783,50,199,50,496948,179496,55167,71089,1.4216829299201623,0.28369216034479317
1737,0.1784,44,196,44,497144,179300,55211,71045,1.420130528450133,0.2837883720465757
1738,0.1785,62,184,62,497328,179116,55273,70983,1.418673171968065,0.28381960743545553
1739,0.1786,41,223,41,497551,178893,55314,70942,1.4169069192751236,0.28395541057097684
1740,0.1787,50,204,50,497755,178689,55364,70892,1.415291154479787,0.28404405784094144
1741,0.1788,41,192,41,497947,178497,55405,70851,1.4137704346724116,0.28414505029115933
1742,0.1789,42,188,42,498135,178309,55447,70809,1.4122813965276897,0.28423879446687916
1743,0.179,42,206,42,498341,178103,55489,70767,1.4106497909010265,0.28435327681118655
1744,0.1791,42,214,42,498555,177889,55531,70725,1.408954821949056,0.2844771412712076
1745,0.1792,43,200,43,498755,177689,55574,70682,1.407370738816373,0.28458233851778186
1746,0.1793,45,224,45,498979,177465,55619,70637,1.4055965657077683,0.28470951463510974
1747,0.1794,51,225,51,499204,177240,55670,70586,1.4038144721835002,0.28482080169150936
1748,0.1795,52,205,52,499409,177035,55722,70534,1.4021907869725003,0.2849064301265506
1749,0.1796,38,199,38,499608,176836,55760,70496,1.4006146242554809,0.28502579528730615
1750,0.1797,49,174,49,499782,176662,55809,70447,1.399236471930047,0.28508471969859456
1751,0.1798,45,192,45,499974,176470,55854,70402,1.3977157521226713,0.28517612365922423
1752,0.1799,41,230,41,500204,176240,55895,70361,1.3958940565200861,0.2853232549746351
1753,0.18,51,209,51,500413,176031,55946,70310,1.3942386896464327,0.28541736860693107
1754,0.1801,40,207,40,500620,175824,55986,70270,1.392599163604106,0.2855412972278885
1755,0.1802,40,174,40,500794,175650,56026,70230,1.3912210112786718,0.2856271351878965
1756,0.1803,32,203,32,500997,175447,56058,70198,1.3896131668989988,0.28577011541045005
1757,0.1804,42,214,42,501211,175233,56100,70156,1.3879181979470283,0.285897085851444
1758,0.1805,50,199,50,501410,175034,56150,70106,1.3863420352300089,0.2859835196214408
1759,0.1806,56,207,56,501617,174827,56206,70050,1.3847025091876821,0.2860619821379713
1760,0.1807,57,198,57,501815,174629,56263,69993,1.3831342668863262,0.2861271676300578
1761,0.1808,42,197,42,502012,174432,56305,69951,1.3815739450006337,0.2862351309215453
1762,0.1809,47,180,47,502192,174252,56352,69904,1.380148270181219,0.2863087534199446
1763,0.181,41,217,41,502409,174035,56393,69863,1.3784295399822584,0.28644351327194156
1764,0.1811,44,196,44,502605,173839,56437,69819,1.3768771385122291,0.2865450754746407
1765,0.1812,45,215,45,502820,173624,56482,69774,1.375174249144595,0.28666628320692855
1766,0.1813,34,162,34,502982,173462,56516,69740,1.373891141807122,0.2867575102178436
1767,0.1814,53,211,53,503193,173251,56569,69687,1.3722199341021417,0.2868509660901135
1768,0.1815,44,182,44,503375,173069,56613,69643,1.3707784184514002,0.2869367810409044
1769,0.1816,36,196,36,503571,172873,56649,69607,1.3692260169813713,0.2870628505443748
1770,0.1817,51,200,51,503771,172673,56700,69556,1.3676419338486885,0.2871497632405699
1771,0.1818,35,156,35,503927,172517,56735,69521,1.3664063490051959,0.28723175699683523
1772,0.1819,43,196,43,504123,172321,56778,69478,1.3648539475351666,0.28733783018126624
1773,0.182,39,190,39,504313,172131,56817,69439,1.363349068559118,0.2874487726124933
1774,0.1821,43,207,43,504520,171924,56860,69396,1.3617095425167913,0.2875683739433118
1775,0.1822,45,221,45,504741,171703,56905,69351,1.3599591306551768,0.28769902179594614
1776,0.1823,39,197,39,504938,171506,56944,69312,1.3583988087694843,0.28781901685089983
1777,0.1824,38,186,38,505124,171320,56982,69274,1.3569256114560893,0.28792904228700633
1778,0.1825,50,177,50,505301,171143,57032,69224,1.355523697883665,0.28799294412294535
1779,0.1826,41,190,41,505491,170953,57073,69183,1.3540188189076163,0.2880992437618683
1780,0.1827,39,186,39,505677,170767,57112,69144,1.3525456215942213,0.28820687671678247
1781,0.1828,38,182,38,505859,170585,57150,69106,1.3511041059434798,0.28831286948613005
1782,0.1829,42,192,42,506051,170393,57192,69064,1.3495833861361044,0.288419215140923
1783,0.183,43,189,43,506240,170204,57235,69021,1.3480864275757192,0.28851917650747205
1784,0.1831,33,204,33,506444,170000,57268,68988,1.3464706627803826,0.2886672134165732
1785,0.1832,46,199,46,506643,169801,57314,68942,1.3448945000633634,0.2887707702424783
1786,0.1833,38,189,38,506832,169612,57352,68904,1.343397541502978,0.2888862801656912
1787,0.1834,58,202,58,507034,169410,57410,68846,1.3417976175389685,0.2889580954939225
1788,0.1835,50,159,50,507193,169251,57460,68796,1.3405382714484857,0.28900175175490556
1789,0.1836,39,186,39,507379,169065,57499,68757,1.3390650741350907,0.2891111839947524
1790,0.1837,51,196,51,507575,168869,57550,68706,1.3375126726650615,0.289197095654004
1791,0.1838,45,216,45,507791,168653,57595,68661,1.335801862881764,0.2893255349452624
1792,0.1839,36,165,36,507956,168488,57631,68625,1.3344949942973008,0.28941896901477354
1793,0.184,43,180,43,508136,168308,57674,68582,1.3330693194778862,0.28950989910929126
1794,0.1841,41,182,41,508318,168126,57715,68541,1.3316278038271447,0.289609451254294
1795,0.1842,42,169,42,508487,167957,57757,68499,1.330289253580028,0.28969025949859595
1796,0.1843,48,190,48,508677,167767,57805,68451,1.3287843746039791,0.2897789330194989
1797,0.1844,42,175,42,508852,167592,57847,68409,1.3273983018628817,0.2898674158160347
1798,0.1845,42,203,42,509055,167389,57889,68367,1.3257904574832087,0.2899904986511478
1799,0.1846,32,188,32,509243,167201,57921,68335,1.3243014193384868,0.2901255009849874
1800,0.1847,35,207,35,509450,166994,57956,68300,1.3226618932961602,0.2902751451375726
1801,0.1848,41,148,41,509598,166846,57997,68259,1.321489671777975,0.2903341060377278
1802,0.1849,41,177,41,509775,166669,58038,68218,1.3200877582055506,0.29042901480286265
1803,0.185,52,173,52,509948,166496,58090,68166,1.31871752629578,0.29048589034441025
1804,0.1851,39,199,39,510147,166297,58129,68127,1.3171413635787605,0.29061444220728255
1805,0.1852,41,180,41,510327,166117,58170,68086,1.3157156887593462,0.29071361169583654
1806,0.1853,38,189,38,510516,165928,58208,68048,1.3142187301989607,0.2908332478544808
1807,0.1854,53,191,53,510707,165737,58261,67995,1.3127059308072488,0.2909101021682953
1808,0.1855,44,177,44,510884,165560,58305,67951,1.3113040172348245,0.2909969980000942
1809,0.1856,46,199,46,511083,165361,58351,67905,1.309727854517805,0.2911054332821757
1810,0.1857,52,173,52,511256,165188,58403,67853,1.3083576226080345,0.2911633575207796
1811,0.1858,45,192,45,511448,164996,58448,67808,1.306836902800659,0.2912664730846549
1812,0.1859,43,204,43,511652,164792,58491,67765,1.3052211380053225,0.2913909278155463
1813,0.186,44,189,44,511841,164603,58535,67721,1.3037241794449372,0.29149377593361
1814,0.1861,54,184,54,512025,164419,58589,67667,1.302266822962869,0.2915600251630861
1815,0.1862,47,194,47,512219,164225,58636,67620,1.3007302623241668,0.29166037654467425
1816,0.1863,38,187,38,512406,164038,58674,67582,1.2992491445951084,0.29177963906398413
1817,0.1864,53,212,53,512618,163826,58727,67529,1.2975700164744646,0.29188476583605283
1818,0.1865,25,182,25,512800,163644,58752,67504,1.2961285008237233,0.29203800162666343
1819,0.1866,52,192,52,512992,163452,58804,67452,1.2946077810163477,0.29212140110175655
1820,0.1867,40,185,40,513177,163267,58844,67412,1.2931425041186162,0.2922329297421959
1821,0.1868,45,170,45,513347,163097,58889,67367,1.2917960334558358,0.2923102957511802
1822,0.1869,43,164,43,513511,162933,58932,67324,1.2904970852870359,0.29238633353166243
1823,0.187,51,169,51,513680,162764,58983,67273,1.2891585350399188,0.29244425896703574
1824,0.1871,44,182,44,513862,162582,59027,67229,1.2877170193891776,0.29254039188724645
1825,0.1872,51,178,51,514040,162404,59078,67178,1.28630718540109,0.2926100478260491
1826,0.1873,29,198,29,514238,162206,59107,67149,1.2847389430997338,0.2927732118331844
1827,0.1874,49,176,49,514414,162030,59156,67100,1.283344949942973,0.2928468554968795
1828,0.1875,36,160,36,514574,161870,59192,67064,1.2820776834368268,0.2929403234119877
1829,0.1876,37,178,37,514752,161692,59229,67027,1.2806678494487391,0.293053922061569
1830,0.1877,39,201,39,514953,161491,59268,66988,1.2790758459003928,0.2931910591345375
1831,0.1878,47,194,47,515147,161297,59315,66941,1.2775392852616905,0.2932947186708611
1832,0.1879,42,196,42,515343,161101,59357,66899,1.2759868837916615,0.29341666666666666
1833,0.188,56,209,56,515552,160892,59413,66843,1.2743315169180078,0.29351219619294355
1834,0.1881,21,161,21,515713,160731,59434,66822,1.273056329996198,0.2936546650670393
1835,0.1882,42,161,42,515874,160570,59476,66780,1.2717811430743886,0.29373213107543433
1836,0.1883,38,170,38,516044,160400,59514,66742,1.2704346724116082,0.29383381320935803
1837,0.1884,43,185,43,516229,160215,59557,66699,1.2689693955138766,0.2939395541923372
1838,0.1885,35,182,35,516411,160033,59592,66664,1.2675278798631353,0.2940665293321041
1839,0.1886,42,157,42,516568,159876,59634,66622,1.2662843746039791,0.29413946260011126
1840,0.1887,42,178,42,516746,159698,59676,66580,1.2648745406158914,0.29423982888305533
1841,0.1888,38,207,38,516953,159491,59714,66542,1.263235014573565,0.29439064207438737
1842,0.1889,47,184,47,517137,159307,59761,66495,1.2617776580914966,0.29448366267792137
1843,0.189,46,189,46,517326,159118,59807,66449,1.2602806995311113,0.2945865308311943
1844,0.1891,36,189,36,517515,158929,59843,66413,1.258783740970726,0.2947209131009754
1845,0.1892,53,188,53,517703,158741,59896,66360,1.2572947028260044,0.29480100043980256
1846,0.1893,47,193,47,517896,158548,59943,66313,1.2557660626029654,0.29490663120772387
1847,0.1894,35,153,35,518049,158395,59978,66278,1.254554239006463,0.29499761876148894
1848,0.1895,38,143,38,518192,158252,60016,66240,1.2534216195665948,0.29506619389555083
1849,0.1896,36,170,36,518362,158082,60052,66204,1.2520751489038144,0.29517669404242797
1850,0.1897,48,163,48,518525,157919,60100,66156,1.250784121150678,0.2952404328907732
1851,0.1898,45,189,45,518714,157730,60145,66111,1.2492871625902928,0.29534803722285013
1852,0.1899,38,185,38,518899,157545,60183,66073,1.2478218856925611,0.29547263637095406
1853,0.19,48,183,48,519082,157362,60231,66025,1.2463724496261563,0.2955633049371718
1854,0.1901,44,164,44,519246,157198,60275,65981,1.2450735014573564,0.2956416150265034
1855,0.1902,38,172,38,519418,157026,60313,65943,1.2437111899632494,0.29574963335710347
1856,0.1903,49,195,49,519613,156831,60362,65894,1.2421667089088835,0.29585363115950164
1857,0.1904,35,183,35,519796,156648,60397,65859,1.2407172728424787,0.2959861936927827
1858,0.1905,42,180,42,519976,156468,60439,65817,1.2392915980230643,0.29609285376881034
1859,0.1906,40,152,40,520128,156316,60479,65777,1.2380876948422253,0.2961687221119081
1860,0.1907,32,168,32,520296,156148,60511,65745,1.2367570650107718,0.2962914557917555
1861,0.1908,33,179,33,520475,155969,60544,65712,1.2353393106070207,0.29642594538999734
1862,0.1909,29,161,29,520636,155808,60573,65683,1.234064123685211,0.2965492954567003
1863,0.191,34,173,34,520809,155635,60607,65649,1.2326938917754404,0.2966730536324361
1864,0.1911,40,172,40,520981,155463,60647,65609,1.2313315802813332,0.29677661576319025
1865,0.1912,39,196,39,521177,155267,60686,65570,1.229779178811304,0.2969158247938525
1866,0.1913,31,171,31,521348,155096,60717,65539,1.2284247877328602,0.2970471593355542
1867,0.1914,48,153,48,521501,154943,60765,65491,1.2272129641363578,0.2971002658392081
1868,0.1915,29,167,29,521668,154776,60794,65462,1.2258902547205677,0.2972329933980512
1869,0.1916,37,169,37,521837,154607,60831,65425,1.2245517044734509,0.29734311372891215
1870,0.1917,36,177,36,522014,154430,60867,65389,1.2231497909010265,0.2974674618663537
1871,0.1918,36,171,36,522185,154259,60903,65353,1.2217953998225828,0.297583920732929
1872,0.1919,46,186,46,522371,154073,60949,65307,1.2203222025091878,0.29768894156258546
1873,0.192,47,168,47,522539,153905,60996,65260,1.218991572677734,0.2977665229393379
1874,0.1921,45,169,45,522708,153736,61041,65215,1.2176530224306172,0.2978520308196811
1875,0.1922,40,176,40,522884,153560,61081,65175,1.2162590292738562,0.29796328891123963
1876,0.1923,47,171,47,523055,153389,61128,65128,1.2149046381954125,0.29804546099388146
1877,0.1924,49,175,49,523230,153214,61177,65079,1.213518565454315,0.2981268295364487
1878,0.1925,48,157,48,523387,153057,61225,65031,1.212275060195159,0.2981869703972708
1879,0.1926,37,160,37,523547,152897,61262,64994,1.211007793689013,0.29828675805792804
1880,0.1927,33,144,33,523691,152753,61295,64961,1.2098672538334811,0.29837768815969573
1881,0.1928,37,170,37,523861,152583,61332,64924,1.2085207831707008,0.29849154280092133
1882,0.1929,33,171,33,524032,152412,61365,64891,1.207166392092257,0.29861989940313755
1883,0.193,32,170,32,524202,152242,61397,64859,1.2058199214294767,0.2987503512190179
1884,0.1931,35,177,35,524379,152065,61432,64824,1.2044180078570523,0.2988809944257201
1885,0.1932,33,176,33,524555,151889,61465,64791,1.2030240147002915,0.2990169835702418
1886,0.1933,38,178,38,524733,151711,61503,64753,1.2016141807122038,0.29913981077684976
1887,0.1934,40,189,40,524922,151522,61543,64713,1.2001172221518186,0.2992716257775106
1888,0.1935,33,177,33,525099,151345,61576,64680,1.1987153085793942,0.2994097905335031
1889,0.1936,40,166,40,525265,151179,61616,64640,1.1974005195792676,0.2995102377455182
1890,0.1937,46,184,46,525449,150995,61662,64594,1.1959431630971993,0.29961639972354803
1891,0.1938,41,133,41,525582,150862,61703,64553,1.1948897478139653,0.2996680825383562
1892,0.1939,46,170,46,525752,150692,61749,64507,1.193543277151185,0.2997551103862007
1893,0.194,54,158,54,525910,150534,61803,64453,1.1922918514763654,0.2997995227618414
1894,0.1941,43,175,43,526085,150359,61846,64410,1.190905778735268,0.29990361737494703
1895,0.1942,25,177,25,526262,150182,61871,64385,1.1895038651628438,0.3000694421788998
1896,0.1943,43,162,43,526424,150020,61914,64342,1.1882207578253707,0.3001558111978802
1897,0.1944,24,171,24,526595,149849,61938,64318,1.1868663667469268,0.30031704230810535
1898,0.1945,50,180,50,526775,149669,61988,64268,1.1854406919275124,0.3004061943469339
1899,0.1946,42,172,42,526947,149497,62030,64226,1.1840783804334052,0.30051047383763096
1900,0.1947,37,152,37,527099,149345,62067,64189,1.1828744772525661,0.3006031826313374
1901,0.1948,37,182,37,527281,149163,62104,64152,1.1814329616018249,0.3007383447014978
1902,0.1949,41,176,41,527457,148987,62145,64111,1.180038968445064,0.30085219007217334
1903,0.195,39,174,39,527631,148813,62184,64072,1.17866081611963,0.3009700072809263
1904,0.1951,37,159,37,527790,148654,62221,64035,1.177401470029147,0.30107339824814633
1905,0.1952,39,176,39,527966,148478,62260,63996,1.1760074768723863,0.3011944990916536
1906,0.1953,48,158,48,528124,148320,62308,63948,1.1747560511975668,0.3012606704731754
1907,0.1954,37,164,37,528288,148156,62345,63911,1.173457103028767,0.3013717362908892
1908,0.1955,26,150,26,528438,148006,62371,63885,1.1722690406792549,0.3014993558008599
1909,0.1956,35,142,35,528580,147864,62406,63850,1.17114434165505,0.30158610200553576
1910,0.1957,37,158,37,528738,147706,62443,63813,1.1698929159802307,0.3016892099527702
1911,0.1958,39,180,39,528918,147526,62482,63774,1.1684672411608161,0.3018173213440606
1912,0.1959,48,159,48,529077,147367,62530,63726,1.1672078950703333,0.3018858986323564
1913,0.196,47,176,47,529253,147191,62577,63679,1.1658139019135725,0.30198226395409494
1914,0.1961,42,148,42,529401,147043,62619,63637,1.1646416803953872,0.30205524966774255
1915,0.1962,43,177,43,529578,146866,62662,63594,1.1632397668229628,0.30216668250498907
1916,0.1963,43,135,43,529713,146731,62705,63551,1.162170510708402,0.30221797395877914
1917,0.1964,55,188,55,529901,146543,62760,63496,1.16068147256368,0.3023057622631987
1918,0.1965,38,175,38,530076,146368,62798,63458,1.1592953998225828,0.30243153851286303
1919,0.1966,45,150,45,530226,146218,62843,63413,1.1581073374730706,0.3024981992167189
1920,0.1967,40,172,40,530398,146046,62883,63373,1.1567450259789633,0.30261342094079335
1921,0.1968,49,167,49,530565,145879,62932,63324,1.1554223165631732,0.30269164400128107
1922,0.1969,34,166,34,530731,145713,62966,63290,1.1541075275630466,0.3028186198284235
1923,0.197,37,171,37,530902,145542,63003,63253,1.1527531364846026,0.3029430781388443
1924,0.1971,50,147,50,531049,145395,63053,63203,1.151588835382081,0.30298948216186156
1925,0.1972,38,167,38,531216,145228,63091,63165,1.1502661259662907,0.30310519067339114
1926,0.1973,48,151,48,531367,145077,63139,63117,1.1490701432011152,0.30316435632150784
1927,0.1974,41,155,41,531522,144922,63180,63076,1.147842478773286,0.30325291589342207
1928,0.1975,44,148,44,531670,144774,63224,63032,1.1466702572551009,0.30332136704426244
1929,0.1976,36,149,36,531819,144625,63260,62996,1.145490115321252,0.30341824767244163
1930,0.1977,31,136,31,531955,144489,63291,62965,1.1444129387910278,0.3035130679572339
1931,0.1978,42,164,42,532119,144325,63333,62923,1.1431139906222278,0.3036120975835714
1932,0.1979,47,138,47,532257,144187,63380,62876,1.1420209732606768,0.30365637511288834
1933,0.198,39,189,39,532446,143998,63419,62837,1.1405240147002915,0.30380254792467426
1934,0.1981,42,151,42,532597,143847,63461,62795,1.139328031935116,0.3038830441052642
1935,0.1982,38,149,38,532746,143698,63499,62757,1.1381478900012674,0.3039742316727616
1936,0.1983,36,146,36,532892,143552,63535,62721,1.1369915093144087,0.30406791000276334
1937,0.1984,47,146,47,533038,143406,63582,62674,1.1358351286275503,0.30412461180124223
1938,0.1985,48,172,48,533210,143234,63630,62626,1.134472817133443,0.3042164577868454
1939,0.1986,46,179,46,533389,143055,63676,62580,1.133055062729692,0.3043256255014954
1940,0.1987,49,145,49,533534,142910,63725,62531,1.131906602458497,0.30437449194659294
1941,0.1988,38,180,38,533714,142730,63763,62493,1.1304809276390826,0.3045126520906526
1942,0.1989,52,165,52,533879,142565,63815,62441,1.129174059054619,0.30458132932694654
1943,0.199,46,189,46,534068,142376,63861,62395,1.1276771004942339,0.30470623281617026
1944,0.1991,38,137,38,534205,142239,63899,62357,1.1265920035483463,0.3047811296408532
1945,0.1992,47,134,47,534339,142105,63946,62310,1.1255306678494488,0.3048210747743561
1946,0.1993,35,129,35,534468,141976,63981,62275,1.1245089342288683,0.3048944680809396
1947,0.1994,35,149,35,534617,141827,64016,62240,1.1233287922950197,0.3049978683471605
1948,0.1995,44,137,44,534754,141690,64060,62196,1.122243695349132,0.3050528236367382
1949,0.1996,38,141,38,534895,141549,64098,62158,1.1211269167405906,0.3051343350989411
1950,0.1997,25,137,25,535032,141412,64123,62133,1.1200418197947029,0.30525436635633396
1951,0.1998,38,173,38,535205,141239,64161,62095,1.1186715878849323,0.30538424464182085
1952,0.1999,40,159,40,535364,141080,64201,62055,1.1174122417944494,0.30548649912619685
1953,0.2,35,144,35,535508,140936,64236,62020,1.1162717019389177,0.305583476221447
1954,0.2001,53,157,53,535665,140779,64289,61967,1.1150281966797617,0.30563858226549473
1955,0.2002,44,167,44,535832,140612,64333,61923,1.1137054872639716,0.30573974868541237
1956,0.2003,44,145,44,535977,140467,64377,61879,1.1125570269927765,0.30580787364217726
1957,0.2004,45,146,45,536123,140321,64422,61834,1.111400646305918,0.3058742054364225
1958,0.2005,25,159,25,536282,140162,64447,61809,1.1101413002154352,0.306029083383258
1959,0.2006,40,165,40,536447,139997,64487,61769,1.108834431630972,0.3061417681869096
1960,0.2007,43,154,43,536601,139843,64530,61726,1.1076146876188062,0.30622764413178616
1961,0.2008,39,166,39,536767,139677,64569,61687,1.1062998986186796,0.3063457221747681
1962,0.2009,37,127,37,536894,139550,64606,61650,1.1052940058294258,0.30641153081510936
1963,0.201,31,163,31,537057,139387,64637,61619,1.1040029780762894,0.30655303821776464
1964,0.2011,46,148,46,537205,139239,64683,61573,1.1028307565581041,0.306620122303448
1965,0.2012,37,165,37,537370,139074,64720,61536,1.1015238879736409,0.3067444294900553
1966,0.2013,40,146,40,537516,138928,64760,61496,1.1003675072867825,0.30682952141460107
1967,0.2014,32,141,32,537657,138787,64792,61464,1.0992507286782411,0.3069347968299784
1968,0.2015,37,162,37,537819,138625,64829,61427,1.0979676213407679,0.3070551656569292
1969,0.2016,34,173,34,537992,138452,64863,61393,1.0965973894309973,0.30720308238885136
1970,0.2017,34,148,34,538140,138304,64897,61359,1.095425167912812,0.30731282210524735
1971,0.2018,40,163,40,538303,138141,64937,61319,1.0941341401596756,0.30742504762859724
1972,0.2019,32,134,32,538437,138007,64969,61287,1.093072804460778,0.30752054753279073
1973,0.202,28,169,28,538606,137838,64997,61259,1.0917342542136612,0.3076841941365264
1974,0.2021,38,156,38,538762,137682,65035,61221,1.0904986693701686,0.307793245954058
1975,0.2022,47,148,47,538910,137534,65082,61174,1.0893264478519833,0.3078587676389476
1976,0.2023,34,153,34,539063,137381,65116,61140,1.0881146242554809,0.30797749356491255
1977,0.2024,36,139,36,539202,137242,65152,61104,1.0870136864782665,0.30806772004477023
1978,0.2025,53,154,53,539356,137088,65205,61051,1.0857939424661007,0.3081220759164021
1979,0.2026,46,156,46,539512,136932,65251,61005,1.084558357622608,0.30820412555510085
1980,0.2027,34,153,34,539665,136779,65285,60971,1.0833465340261057,0.3083236409608091
1981,0.2028,38,152,38,539817,136627,65323,60933,1.0821426308452669,0.308427819396639
1982,0.2029,46,147,46,539964,136480,65369,60887,1.0809783297427449,0.3084963545070858
1983,0.203,50,144,50,540108,136336,65419,60837,1.0798377898872134,0.3085463019784656
1984,0.2031,50,162,50,540270,136174,65469,60787,1.0785546825497403,0.30862455003782474
1985,0.2032,38,163,38,540433,136011,65507,60749,1.0772636547966037,0.308746696483025
1986,0.2033,31,163,31,540596,135848,65538,60718,1.0759726270434673,0.30889370491336243
1987,0.2034,42,143,42,540739,135705,65580,60676,1.074840007603599,0.3089708271166763
1988,0.2035,41,172,41,540911,135533,65621,60635,1.0734776961094918,0.3090973043513723
1989,0.2036,46,155,46,541066,135378,65667,60589,1.0722500316816626,0.3091796067705277
1990,0.2037,29,146,29,541212,135232,65696,60560,1.0710936509948041,0.3093078368881262
1991,0.2038,44,157,44,541369,135075,65740,60516,1.0698501457356482,0.30940073929782047
1992,0.2039,32,152,32,541521,134923,65772,60484,1.0686462425548093,0.3095283178187066
1993,0.204,36,157,36,541678,134766,65808,60448,1.0674027372956534,0.30964992264899033
1994,0.2041,49,138,49,541816,134628,65857,60399,1.066309719934102,0.30969558061191527
1995,0.2042,44,146,44,541962,134482,65901,60355,1.0651533392472436,0.3097717579309885
1996,0.2043,28,142,28,542104,134340,65929,60327,1.064028640223039,0.30989844195472266
1997,0.2044,31,153,31,542257,134187,65960,60296,1.0628168166265366,0.3100322393216888
1998,0.2045,39,145,39,542402,134042,65999,60257,1.0616683563553415,0.3101251164442432
1999,0.2046,39,141,39,542543,133901,66038,60218,1.0605515777468002,0.3102117773118551
2000,0.2047,30,150,30,542693,133751,66068,60188,1.059363515397288,0.3103450053882922
2001,0.2048,41,158,41,542851,133593,66109,60147,1.0581120897224687,0.3104521523691545
2002,0.2049,44,131,44,542982,133462,66153,60103,1.0570745152705614,0.3105055149433007
2003,0.205,44,138,44,543120,133324,66197,60059,1.0559814979090103,0.3105702155825486
2004,0.2051,49,161,49,543281,133163,66246,60010,1.0547063109872006,0.31065418044964876
2005,0.2052,38,135,38,543416,133028,66284,59972,1.0536370548726397,0.3107357512953368
2006,0.2053,37,133,37,543549,132895,66321,59935,1.0525836395894057,0.310817818804128
2007,0.2054,40,141,40,543690,132754,66361,59895,1.0514668609808642,0.3109022107563496
2008,0.2055,37,131,37,543821,132623,66398,59858,1.050429286528957,0.31098134361313584
2009,0.2056,38,146,38,543967,132477,66436,59820,1.0492729058420986,0.3110812961200643
2010,0.2057,39,172,39,544139,132305,66475,59781,1.0479105943479914,0.31121997438647275
2011,0.2058,39,182,39,544321,132123,66514,59742,1.04646907869725,0.31137518567742944
2012,0.2059,40,144,40,544465,131979,66554,59702,1.0453285388417184,0.311465403456785
2013,0.206,31,166,31,544631,131813,66585,59671,1.0440137498415918,0.31162394769275764
2014,0.2061,41,141,41,544772,131672,66626,59630,1.0428969712330503,0.3117060982112053
2015,0.2062,41,133,41,544905,131539,66667,59589,1.0418435559498163,0.3117753547360931
2016,0.2063,34,151,34,545056,131388,66701,59555,1.0406475731846407,0.31189936263701734
2017,0.2064,36,142,36,545198,131246,66737,59519,1.0395228741604359,0.3120016774565565
2018,0.2065,39,128,39,545326,131118,66776,59480,1.038509060955519,0.31207043095940146
2019,0.2066,35,152,35,545478,130966,66811,59445,1.03730515777468,0.31219309808782053
2020,0.2067,45,136,45,545614,130830,66856,59400,1.0362279812444557,0.3122535877621826
2021,0.2068,23,155,23,545769,130675,66879,59377,1.0350003168166266,0.3124250205206996
2022,0.2069,41,137,41,545906,130538,66920,59336,1.0339152198707389,0.31250197499394333
2023,0.207,40,149,40,546055,130389,66960,59296,1.0327350779368902,0.31260247252023093
2024,0.2071,35,134,35,546189,130255,66995,59261,1.0316737422379927,0.3126965533253129
2025,0.2072,35,141,35,546330,130114,67030,59226,1.0305569636294514,0.31280236611386925
2026,0.2073,36,144,36,546474,129970,67066,59190,1.0294164237739196,0.31290970606893637
2027,0.2074,40,164,40,546638,129806,67106,59150,1.0281174756051197,0.3130358390313089
2028,0.2075,32,144,32,546782,129662,67138,59118,1.0269769357495881,0.31315817353533215
2029,0.2076,32,160,32,546942,129502,67170,59086,1.025709669243442,0.31330731541773604
2030,0.2077,35,133,35,547075,129369,67205,59051,1.0246562539602078,0.31340091285426175
2031,0.2078,37,160,37,547235,129209,67242,59014,1.0233889874540616,0.313532352581778
2032,0.2079,37,133,37,547368,129076,67279,58977,1.0223355721708276,0.3136190329322053
2033,0.208,40,123,40,547491,128953,67319,58937,1.0213613610442276,0.3136782159774336
2034,0.2081,38,150,38,547641,128803,67357,58899,1.0201732986947154,0.31378994363405827
2035,0.2082,34,128,34,547769,128675,67391,58865,1.0191594854897985,0.31387970566279194
2036,0.2083,35,134,35,547903,128541,67426,58830,1.018098149790901,0.31397601549866305
2037,0.2084,38,144,38,548047,128397,67464,58792,1.0169576099353694,0.31407828451458153
2038,0.2085,39,140,39,548187,128257,67503,58753,1.0158487517424915,0.3141703652211112
2039,0.2086,38,179,38,548366,128078,67541,58715,1.0144309973387404,0.31433190751259416
2040,0.2087,38,134,38,548500,127944,67579,58677,1.0133696616398429,0.31441799154435995
2041,0.2088,39,141,39,548641,127803,67618,58638,1.0122528830313016,0.3145123658422772
2042,0.2089,44,120,44,548761,127683,67662,58594,1.0113024331516918,0.3145530580801709
2043,0.209,38,137,38,548898,127546,67700,58556,1.010217336205804,0.31464465723098084
2044,0.2091,38,149,38,549047,127397,67738,58518,1.0090371942719554,0.31475674367318396
2045,0.2092,38,138,38,549185,127259,67776,58480,1.0079441769104043,0.31485040836873246
2046,0.2093,42,165,42,549350,127094,67818,58438,1.006637308325941,0.3149753142315072
2047,0.2094,35,150,35,549500,126944,67853,58403,1.0054492459764288,0.31510086486428157
2048,0.2095,25,133,25,549633,126811,67878,58378,1.0043958306931948,0.315234706165053
2049,0.2096,39,130,39,549763,126681,67917,58339,1.003366176656951,0.3153118581774943
2050,0.2097,29,131,29,549894,126550,67946,58310,1.0023286022050437,0.31542789137725846
2051,0.2098,28,150,28,550044,126400,67974,58282,1.0011405398555315,0.315580294776968
2052,0.2099,36,134,36,550178,126266,68010,58246,1.0000792041566342,0.3156759451959764
2053,0.21,44,163,44,550341,126103,68054,58202,0.9987881764034977,0.31579175822685224
2054,0.2101,41,137,41,550478,125966,68095,58161,0.9977030794576099,0.3158743693211751
2055,0.2102,34,124,34,550602,125842,68129,58127,0.9967209479153466,0.3159608412286853
2056,0.2103,36,146,36,550748,125696,68165,58091,0.9955645672284882,0.31607785099054886
2057,0.2104,34,121,34,550869,125575,68199,58057,0.9946061969332151,0.31615949289884115
2058,0.2105,27,148,27,551017,125427,68226,58030,0.9934339754150298,0.3163139046207013
2059,0.2106,26,148,26,551165,125279,68252,58004,0.9922617538968445,0.31647234058805235
2060,0.2107,32,133,32,551298,125146,68284,57972,0.9912083386136105,0.3165827499208161
2061,0.2108,35,127,35,551425,125019,68319,57937,0.9902024458243569,0.3166717680753842
2062,0.2109,39,137,39,551562,124882,68358,57898,0.9891173488784691,0.31676332202647994
2063,0.211,24,139,24,551701,124743,68382,57874,0.9880164111012546,0.31691463554871674
2064,0.2111,35,134,35,551835,124609,68417,57839,0.9869550754023572,0.3170163553450846
2065,0.2112,38,135,38,551970,124474,68455,57801,0.9858858192877962,0.31710876422987244
2066,0.2113,32,141,32,552111,124333,68487,57769,0.9847690406792549,0.31723429726197405
2067,0.2114,37,128,37,552239,124205,68524,57732,0.9837552274743379,0.3173186322738091
2068,0.2115,39,149,39,552388,124056,68563,57693,0.9825750855404891,0.31743228298367526
2069,0.2116,32,139,32,552527,123917,68595,57661,0.9814741477632746,0.3175549901419776
2070,0.2117,25,129,25,552656,123788,68620,57636,0.9804524141426942,0.3176867448628627
2071,0.2118,31,134,31,552790,123654,68651,57605,0.9793910784437967,0.3178049089976222
2072,0.2119,42,123,42,552913,123531,68693,57563,0.9784168673171968,0.3178625465228003
2073,0.212,40,144,40,553057,123387,68733,57523,0.9772763274616652,0.31796473384555857
2074,0.2121,26,135,26,553192,123252,68759,57497,0.9762070713471043,0.31810411122606486
2075,0.2122,39,155,39,553347,123097,68798,57458,0.9749794069192751,0.31822990224585307
2076,0.2123,44,134,44,553481,122963,68842,57414,0.9739180712203777,0.3183000049895497
2077,0.2124,54,133,54,553614,122830,68896,57360,0.9728646559371436,0.3183306509795216
2078,0.2125,32,119,32,553733,122711,68928,57328,0.9719221264731973,0.31841989791100817
2079,0.2126,38,155,38,553888,122556,68966,57290,0.9706944620453681,0.31855031526973077
2080,0.2127,40,142,40,554030,122414,69006,57250,0.9695697630211634,0.31865036957876924
2081,0.2128,35,130,35,554160,122284,69041,57215,0.9685401089849195,0.31874829386236136
2082,0.2129,34,135,34,554295,122149,69075,57181,0.9674708528703586,0.3188590866001227
2083,0.213,31,116,31,554411,122033,69106,57150,0.9665520846534026,0.3189476680265427
2084,0.2131,37,134,37,554545,121899,69143,57113,0.9654907489545052,0.31904565057091144
2085,0.2132,35,131,35,554676,121768,69178,57078,0.9644531745025979,0.3191460809858761
2086,0.2133,29,131,29,554807,121637,69207,57049,0.9634156000506907,0.31926955665245177
2087,0.2134,25,146,25,554953,121491,69232,57024,0.9622592193638322,0.31943534156793546
2088,0.2135,41,139,41,555092,121352,69273,56983,0.9611582815866176,0.31952785487986096
2089,0.2136,42,136,42,555228,121216,69315,56941,0.9600811050563933,0.31961135403043384
2090,0.2137,28,123,28,555351,121093,69343,56913,0.9591068939297934,0.3197251778029954
2091,0.2138,38,112,38,555463,120981,69381,56875,0.9582198073754911,0.31978117128463474
2092,0.2139,42,129,42,555592,120852,69423,56833,0.9571980737549106,0.3198525480485128
2093,0.214,38,134,38,555726,120718,69461,56795,0.9561367380560132,0.3199483981454879
2094,0.2141,32,126,32,555852,120592,69493,56763,0.9551387656824231,0.32005300104310563
2095,0.2142,40,135,40,555987,120457,69533,56723,0.9540695095678621,0.3201433570380404
2096,0.2143,30,117,30,556104,120340,69563,56693,0.9531428209352427,0.32023972931600325
2097,0.2144,38,133,38,556237,120207,69601,56655,0.9520894056520086,0.3203344980832514
2098,0.2145,24,156,24,556393,120051,69625,56631,0.950853820808516,0.32052501103677794
2099,0.2146,30,135,30,556528,119916,69655,56601,0.9497845646939551,0.32065466782236274
2100,0.2147,37,125,37,556653,119791,69692,56564,0.9487945127360284,0.32073941765189534
2101,0.2148,36,136,36,556789,119655,69728,56528,0.9477173362058041,0.3208482089645425
2102,0.2149,43,129,43,556918,119526,69771,56485,0.9466956025852237,0.32091744265983374
2103,0.215,30,135,30,557053,119391,69801,56455,0.9456263464706628,0.3210479624216644
2104,0.2151,31,131,31,557184,119260,69832,56424,0.9445887720187556,0.3211675508298991
2105,0.2152,31,157,31,557341,119103,69863,56393,0.9433452667595995,0.3213349592013493
2106,0.2153,31,127,31,557468,118976,69894,56362,0.942339373970346,0.3214477181215709
2107,0.2154,31,115,31,557583,118861,69925,56331,0.9414285261690534,0.32153865473309284
2108,0.2155,27,135,27,557718,118726,69952,56304,0.9403592700544925,0.3216819973718791
2109,0.2156,35,137,35,557855,118589,69987,56269,0.9392741731086047,0.32179825915886034
2110,0.2157,30,131,30,557986,118458,70017,56239,0.9382365986566975,0.3219231011408324
2111,0.2158,49,134,49,558120,118324,70066,56190,0.9371752629578001,0.3219798984608685
2112,0.2159,38,146,38,558266,118178,70104,56152,0.9360188822709415,0.32210176102793553
2113,0.216,39,134,39,558400,118044,70143,56113,0.9349575465720441,0.3221977870542097
2114,0.2161,26,98,26,558498,117946,70169,56087,0.9341813458370295,0.3222779587779329
2115,0.2162,30,118,30,558616,117828,70199,56057,0.9332467367887467,0.3223797337320643
2116,0.2163,40,128,40,558744,117700,70239,56017,0.9322329235838297,0.3224612444377925
2117,0.2164,36,132,36,558876,117568,70275,55981,0.931187428716259,0.3225659611982783
2118,0.2165,37,102,37,558978,117466,70312,55944,0.9303795463185908,0.3226111527593564
2119,0.2166,41,113,41,559091,117353,70353,55903,0.929484539348625,0.32266126425636055
2120,0.2167,41,137,41,559228,117216,70394,55862,0.9283994424027373,0.32275621396133536
2121,0.2168,45,136,45,559364,117080,70439,55817,0.927322265872513,0.32283382591947807
2122,0.2169,43,130,43,559494,116950,70482,55774,0.9262926118362692,0.3229082235242352
2123,0.217,41,114,41,559608,116836,70523,55733,0.92538968445064,0.3229606708041421
2124,0.2171,36,132,36,559740,116704,70559,55697,0.9243441895830693,0.3230665715396082
2125,0.2172,38,128,38,559868,116576,70597,55659,0.9233303763781523,0.32315731413475773
2126,0.2173,39,141,39,560009,116435,70636,55620,0.922213597769611,0.3232687222109209
2127,0.2174,32,148,32,560157,116287,70668,55588,0.9210413762514257,0.32342109090909094
2128,0.2175,26,127,26,560284,116160,70694,55562,0.9200354834621721,0.3235578434912242
2129,0.2176,39,131,39,560415,116029,70733,55523,0.9189979090102649,0.3236511378474165
2130,0.2177,37,119,37,560534,115910,70770,55486,0.9180553795463186,0.32372984200331395
2131,0.2178,32,134,32,560668,115776,70802,55454,0.9169940438474211,0.32385680079425333
2132,0.2179,45,110,45,560778,115666,70847,55409,0.9161227981244455,0.3238871839836329
2133,0.218,42,129,42,560907,115537,70889,55367,0.9151010645038652,0.32396550110003275
2134,0.2181,32,142,32,561049,115395,70921,55335,0.9139763654796603,0.3241082410824108
2135,0.2182,29,157,29,561206,115238,70950,55306,0.9127328602205044,0.3242916783938456
2136,0.2183,37,137,37,561343,115101,70987,55269,0.9116477632746166,0.32440570522979395
2137,0.2184,41,115,41,561458,114986,71028,55228,0.910736915473324,0.32446214764942954
2138,0.2185,30,151,30,561609,114835,71058,55198,0.9095409327081485,0.3246311010215664
2139,0.2186,34,109,34,561718,114726,71092,55164,0.9086776074008364,0.3247042203778916
2140,0.2187,37,104,37,561822,114622,71129,55127,0.9078538841718413,0.32475596321627814
2141,0.2188,26,118,26,561940,114504,71155,55101,0.9069192751235585,0.32487839391527373
2142,0.2189,29,128,29,562068,114376,71184,55072,0.9059054619186415,0.32500826212171285
2143,0.219,30,141,30,562209,114235,71214,55042,0.9047886833101001,0.3251593541946041
2144,0.2191,30,138,30,562347,114097,71244,55012,0.903695665948549,0.3253049808111928
2145,0.2192,36,148,36,562495,113949,71280,54976,0.9025234444303637,0.3254462039366583
2146,0.2193,36,130,36,562625,113819,71316,54940,0.9014937903941199,0.3255530075433014
2147,0.2194,34,133,34,562758,113686,71350,54906,0.9004403751108858,0.32567381607668217
2148,0.2195,31,113,31,562871,113573,71381,54875,0.89954536814092,0.32576818958966564
2149,0.2196,33,117,33,562988,113456,71414,54842,0.8986186795083005,0.3258624582585652
2150,0.2197,42,118,42,563106,113338,71456,54800,0.8976840704600177,0.32592275392832076
2151,0.2198,38,114,38,563220,113224,71494,54762,0.8967811430743885,0.32599145166859145
2152,0.2199,28,128,28,563348,113096,71522,54734,0.8957673298694715,0.32612762914854315
2153,0.22,44,123,44,563471,112973,71566,54690,0.8947931187428716,0.32619003596500123
2154,0.2201,38,124,38,563595,112849,71604,54652,0.8938109872006083,0.32627864908269205
2155,0.2202,36,125,36,563720,112724,71640,54616,0.8928209352426816,0.32637743516194573
2156,0.2203,31,127,31,563847,112597,71671,54585,0.8918150424534279,0.3265004605758993
2157,0.2204,32,129,32,563976,112468,71703,54553,0.8907933088328476,0.3266235982301627
2158,0.2205,32,107,32,564083,112361,71735,54521,0.8899458243568622,0.32670389856305654
2159,0.2206,28,121,28,564204,112240,71763,54493,0.8889874540615892,0.3268279224868502
2160,0.2207,34,120,34,564324,112120,71797,54459,0.8880370041819795,0.32692596305656774
2161,0.2208,32,121,32,564445,111999,71829,54427,0.8870786338867064,0.32703423743886173
2162,0.2209,40,130,40,564575,111869,71869,54387,0.8860489798504626,0.327128043499182
2163,0.221,32,129,32,564704,111740,71901,54355,0.8850272462298822,0.3272524759926548
2164,0.2211,23,142,23,564846,111598,71924,54332,0.8839025472056774,0.32743928162478153
2165,0.2212,46,130,46,564976,111468,71970,54286,0.8828728931694335,0.32750944170276436
2166,0.2213,35,121,35,565097,111347,72005,54251,0.8819145228741604,0.3276066136064445
2167,0.2214,29,142,29,565239,111205,72034,54222,0.8807898238499556,0.32776995290974265
2168,0.2215,39,110,39,565349,111095,72073,54183,0.8799185781269802,0.32782947518726024
2169,0.2216,35,107,35,565456,110988,72108,54148,0.8790710936509948,0.3278994283499661
2170,0.2217,43,113,43,565569,110875,72151,54105,0.878176086681029,0.3279488422839132
2171,0.2218,35,130,35,565699,110745,72186,54070,0.8771464326447852,0.3280647999271911
2172,0.2219,37,138,37,565837,110607,72223,54033,0.8760534152832341,0.3281887755102041
2173,0.222,38,122,38,565959,110485,72261,53995,0.8750871245722975,0.32827699416342415
2174,0.2221,33,126,33,566085,110359,72294,53962,0.8740891521987074,0.32839381454591926
2175,0.2222,32,115,32,566200,110244,72326,53930,0.8731783043974147,0.32849294041687477
2176,0.2223,32,120,32,566320,110124,72358,53898,0.872227854517805,0.3286022606723488
2177,0.2224,30,101,30,566421,110023,72388,53868,0.8714278925358003,0.3286818678267873
2178,0.2225,35,122,35,566543,109901,72423,53833,0.8704616018248638,0.32878327042642336
2179,0.2226,29,123,29,566666,109778,72452,53804,0.8694873906982639,0.32891149392964997
2180,0.2227,39,140,39,566806,109638,72491,53765,0.8683785325053859,0.32903312668678053
2181,0.2228,33,131,33,566937,109507,72524,53732,0.8673409580534787,0.3291615361525126
2182,0.2229,43,125,43,567062,109382,72567,53689,0.8663509060955519,0.3292369581348002
2183,0.223,31,130,31,567192,109252,72598,53658,0.8653212520593081,0.32937204591492236
2184,0.2231,26,123,26,567315,109129,72624,53632,0.8643470409327082,0.329513827022444
2185,0.2232,23,117,23,567432,109012,72647,53609,0.8634203523000887,0.32965607147908327
2186,0.2233,37,97,37,567529,108915,72684,53572,0.8626520719807376,0.32970022217161987
2187,0.2234,32,114,32,567643,108801,72716,53540,0.8617491445951083,0.32979961931982676
2188,0.2235,33,104,33,567747,108697,72749,53507,0.8609254213661133,0.3298747256541146
2189,0.2236,39,116,39,567863,108581,72788,53468,0.8600066531491573,0.3299495831507754
2190,0.2237,37,124,37,567987,108457,72825,53431,0.8590245216068939,0.3300491697964025
2191,0.2238,24,122,24,568109,108335,72849,53407,0.8580582308959575,0.3301987115282363
2192,0.2239,40,88,40,568197,108247,72889,53367,0.8573612343175769,0.3302127290952516
2193,0.224,36,123,36,568320,108124,72925,53331,0.856387023190977,0.33031494843764514
2194,0.2241,40,107,40,568427,108017,72965,53291,0.8555395387149918,0.33036799166811315
2195,0.2242,33,101,33,568528,107916,72998,53258,0.854739576732987,0.33043791182200605
2196,0.2243,40,123,40,568651,107793,73038,53218,0.853765365606387,0.33052400146573835
2197,0.2244,25,107,25,568758,107686,73063,53193,0.8529178811304017,0.3306397976118698
2198,0.2245,37,123,37,568881,107563,73100,53156,0.8519436700038018,0.33073874277465637
2199,0.2246,32,131,32,569012,107432,73132,53124,0.8509060955518946,0.33087520864994147
2200,0.2247,28,109,28,569121,107323,73160,53096,0.8500427702445824,0.33098323764641346
2201,0.2248,38,133,38,569254,107190,73198,53058,0.8489893549613484,0.33109929609105887
2202,0.2249,34,96,34,569350,107094,73232,53024,0.8482289950576606,0.33115577261769447
2203,0.225,30,118,30,569468,106976,73262,52994,0.8472943860093778,0.33127461399012315
2204,0.2251,41,113,41,569581,106863,73303,52953,0.846399379039412,0.3313372878810632
2205,0.2252,30,101,30,569682,106762,73333,52923,0.8455994170574072,0.33142123555750386
2206,0.2253,26,109,26,569791,106653,73359,52897,0.844736091750095,0.3315387026010655
2207,0.2254,35,119,35,569910,106534,73394,52862,0.8437935622861488,0.3316394388817787
2208,0.2255,32,120,32,570030,106414,73426,52830,0.8428431124065391,0.3317550425761724
2209,0.2256,29,105,29,570135,106309,73455,52801,0.8420114687618806,0.3318521777386714
2210,0.2257,30,119,30,570254,106190,73485,52771,0.8410689392979344,0.3319745094708765
2211,0.2258,35,120,35,570374,106070,73520,52736,0.8401184894183247,0.3320781330680201
2212,0.2259,29,140,29,570514,105930,73549,52707,0.8390096312254467,0.33224909699502636
2213,0.226,32,121,32,570635,105809,73581,52675,0.8380512609301736,0.3323679361954519
2214,0.2261,38,120,38,570755,105689,73619,52637,0.8371008110505639,0.3324596086555588
2215,0.2262,39,101,39,570856,105588,73658,52598,0.8363008490685592,0.33250730153110897
2216,0.2263,42,115,42,570971,105473,73700,52556,0.8353900012672665,0.33257186972011465
2217,0.2264,29,102,29,571073,105371,73729,52527,0.8345821188695983,0.3326641249414179
2218,0.2265,38,100,38,571173,105271,73767,52489,0.8337900773032568,0.3327142494929006
2219,0.2266,32,109,32,571282,105162,73799,52457,0.8329267519959448,0.33280886187578906
2220,0.2267,31,114,31,571396,105048,73830,52426,0.8320238246103155,0.3329184500298462
2221,0.2268,43,118,43,571514,104930,73873,52383,0.8310892155620327,0.33298583079592914
2222,0.2269,34,111,34,571625,104819,73907,52349,0.8302100494233937,0.33307670772676373
2223,0.227,30,111,30,571736,104708,73937,52319,0.8293308832847548,0.33318473893024764
2224,0.2271,31,119,31,571855,104589,73968,52288,0.8283883538208086,0.3333057108435271
2225,0.2272,35,116,35,571971,104473,74003,52253,0.8274695856038525,0.33340351951813996
2226,0.2273,33,101,33,572072,104372,74036,52220,0.8266696236218477,0.3334780831715541
2227,0.2274,36,123,36,572195,104249,74072,52184,0.8256954124952478,0.3335869030191839
2228,0.2275,33,118,33,572313,104131,74105,52151,0.8247608034469649,0.333698058637591
2229,0.2276,41,108,41,572421,104023,74146,52110,0.8239053985553162,0.3337539149315007
2230,0.2277,37,124,37,572545,103899,74183,52073,0.8229232670130529,0.3338612058574616
2231,0.2278,41,107,41,572652,103792,74224,52032,0.8220757825370676,0.3339151863641031
2232,0.2279,37,81,37,572733,103711,74261,51995,0.8214342288683311,0.3339306128215997
2233,0.228,30,107,30,572840,103604,74291,51965,0.8205867443923457,0.33403184439059197
2234,0.2281,25,82,25,572922,103522,74316,51940,0.8199372703079457,0.3341009378497639
2235,0.2282,31,107,31,573029,103415,74347,51909,0.8190897858319605,0.3341981921660529
2236,0.2283,30,108,30,573137,103307,74377,51879,0.8182343809403118,0.3343020633304551
2237,0.2284,26,119,26,573256,103188,74403,51853,0.8172918514763655,0.3344470172406009
2238,0.2285,29,121,29,573377,103067,74432,51824,0.8163334811810924,0.33458367497143154
2239,0.2286,27,111,27,573488,102956,74459,51797,0.8154543150424535,0.33470756625073506
2240,0.2287,37,118,37,573606,102838,74496,51760,0.8145197059941706,0.3348038137621444
2241,0.2288,26,111,26,573717,102727,74522,51734,0.8136405398555316,0.33493244249357446
2242,0.2289,33,120,33,573837,102607,74555,51701,0.812690089975922,0.3350506778650491
2243,0.229,27,105,27,573942,102502,74582,51674,0.8118584463312635,0.3351624117891241
2244,0.2291,24,105,24,574047,102397,74606,51650,0.811026802686605,0.3352872824527579
2245,0.2292,26,102,26,574149,102295,74632,51624,0.8102189202889367,0.3353971894308045
2246,0.2293,28,105,28,574254,102190,74660,51596,0.8093872766442783,0.3355051825263678
2247,0.2294,27,117,27,574371,102073,74687,51569,0.8084605880116589,0.33564389945457623
2248,0.2295,33,122,33,574493,101951,74720,51536,0.8074942973007223,0.33576785004593224
2249,0.2296,37,120,37,574613,101831,74757,51499,0.8065438474211126,0.3358703450075002
2250,0.2297,25,116,25,574729,101715,74782,51474,0.8056250792041566,0.3360162935981043
2251,0.2298,26,119,26,574848,101596,74808,51448,0.8046825497402104,0.33616476307467136
2252,0.2299,32,105,32,574953,101491,74840,51416,0.8038509060955519,0.3362566788963226
2253,0.23,36,98,36,575051,101393,74876,51380,0.8030747053605373,0.33631597206312636
2254,0.2301,40,127,40,575178,101266,74916,51340,0.8020688125712837,0.33642189691099955
2255,0.2302,26,113,26,575291,101153,74942,51314,0.801173805601318,0.3365580748621013
2256,0.2303,39,107,39,575398,101046,74981,51275,0.8003263211253326,0.336624628252178
2257,0.2304,34,124,34,575522,100922,75015,51241,0.7993441895830693,0.3367507212660108
2258,0.2305,28,119,28,575641,100803,75043,51213,0.7984016601191231,0.3368921692453426
2259,0.2306,28,98,28,575739,100705,75071,51185,0.7976254593841084,0.3369872934360392
2260,0.2307,36,96,36,575835,100609,75107,51149,0.7968650994804207,0.33704318717958853
2261,0.2308,31,99,31,575934,100510,75138,51118,0.7960809783297428,0.3371277072836152
2262,0.2309,48,107,48,576041,100403,75186,51070,0.7952334938537574,0.3371557967426538
2263,0.231,28,100,28,576141,100303,75214,51042,0.794441452287416,0.3372559384188444
2264,0.2311,31,114,31,576255,100189,75245,51011,0.7935385249017869,0.33737433862433863
2265,0.2312,40,127,40,576382,100062,75285,50971,0.7925326321125332,0.33748253692901553
2266,0.2313,25,108,25,576490,99954,75310,50946,0.7916772272208845,0.3376143141153082
2267,0.2314,35,122,35,576612,99832,75345,50911,0.7907109365099481,0.3377337587815023
2268,0.2315,31,106,31,576718,99726,75376,50880,0.7898713724496261,0.3378351460101191
2269,0.2316,46,115,46,576833,99611,75422,50834,0.7889605246483335,0.3378909235933398
2270,0.2317,32,96,32,576929,99515,75454,50802,0.7882001647446458,0.337965765681859
2271,0.2318,36,110,36,577039,99405,75490,50766,0.7873289190216702,0.3380546177357812
2272,0.2319,34,96,34,577135,99309,75524,50732,0.7865685591179825,0.3381209136169447
2273,0.232,33,116,33,577251,99193,75557,50699,0.7856497909010265,0.3382368638753236
2274,0.2321,28,131,28,577382,99062,75585,50671,0.7846122164491193,0.338409034748519
2275,0.2322,28,95,28,577477,98967,75613,50643,0.7838597769610949,0.3385001002606778
2276,0.2323,33,108,33,577585,98859,75646,50610,0.7830043720694462,0.3385986391827068
2277,0.2324,35,112,35,577697,98747,75681,50575,0.7821172855151438,0.33869757972703285
2278,0.2325,30,113,30,577810,98634,75711,50545,0.781222278545178,0.3388211477486778
2279,0.2326,24,105,24,577915,98529,75735,50521,0.7803906349005196,0.33895337135189535
2280,0.2327,25,106,25,578021,98423,75760,50496,0.7795510708401977,0.339083662930855
2281,0.2328,30,97,30,578118,98326,75790,50466,0.7787827905208465,0.3391714608312275
2282,0.2329,29,99,29,578217,98227,75819,50437,0.7779986693701686,0.33926841737071517
2283,0.233,36,113,36,578330,98114,75855,50401,0.7771036624002028,0.33936639396693935
2284,0.2331,40,85,40,578415,98029,75895,50361,0.7764304270688126,0.33938270772963136
2285,0.2332,35,85,35,578500,97944,75930,50326,0.7757571917374224,0.3394213259593984
2286,0.2333,26,102,26,578602,97842,75956,50300,0.7749493093397541,0.3395390908722712
2287,0.2334,31,102,31,578704,97740,75987,50269,0.7741414269420859,0.33963475194076037
2288,0.2335,30,105,30,578809,97635,76017,50239,0.7733097832974275,0.3397419424645306
2289,0.2336,34,126,34,578935,97509,76051,50205,0.7723118109238373,0.3398797676591251
2290,0.2337,49,116,49,579051,97393,76100,50156,0.7713930427068812,0.3399277528143193
2291,0.2338,37,114,37,579165,97279,76137,50119,0.7704901153212521,0.3400249664174548
2292,0.2339,29,119,29,579284,97160,76166,50090,0.7695475858573058,0.340169779286927
2293,0.234,28,120,28,579404,97040,76194,50062,0.7685971359776961,0.34032168155429565
2294,0.2341,32,101,32,579505,96939,76226,50030,0.7677971739956913,0.34041192360293665
2295,0.2342,30,110,30,579615,96829,76256,50000,0.7669259282727158,0.3405321836966812
2296,0.2343,32,102,32,579717,96727,76288,49968,0.7661180458750475,0.3406251065135144
2297,0.2344,33,106,33,579823,96621,76321,49935,0.7652784818147257,0.34072300008187995
2298,0.2345,28,99,28,579922,96522,76349,49907,0.7644943606640476,0.340827295139624
2299,0.2346,34,107,34,580029,96415,76383,49873,0.7636468761880624,0.34092338400962485
2300,0.2347,22,88,22,580117,96327,76405,49851,0.762949879609682,0.3410294298731683
2301,0.2348,32,125,32,580242,96202,76437,49819,0.7619598276517552,0.34117695399976716
2302,0.2349,31,120,31,580362,96082,76468,49788,0.7610093777721455,0.3413176115719476
2303,0.235,24,122,24,580484,95960,76492,49764,0.7600430870612089,0.3414948807334413
2304,0.2351,26,113,26,580597,95847,76518,49738,0.7591480800912432,0.34164233952673695
2305,0.2352,32,94,32,580691,95753,76550,49706,0.7584035610188823,0.34171828487752565
2306,0.2353,32,108,32,580799,95645,76582,49674,0.7575481561272336,0.34182729030615405
2307,0.2354,21,112,21,580911,95533,76603,49653,0.7566610695729312,0.3419957847175347
2308,0.2355,38,113,38,581024,95420,76641,49615,0.7557660626029654,0.3420898403833557
2309,0.2356,25,96,25,581120,95324,76666,49590,0.7550057026992777,0.34220296175662807
2310,0.2357,21,104,21,581224,95220,76687,49569,0.7541819794702826,0.34235335557259183
2311,0.2358,21,96,21,581320,95124,76708,49548,0.7534216195665948,0.3424850696748507
2312,0.2359,28,97,28,581417,95027,76736,49520,0.7526533392472436,0.3425875320829903
2313,0.236,27,99,27,581516,94928,76763,49493,0.7518692180965657,0.3426994689138006
2314,0.2361,24,94,24,581610,94834,76787,49469,0.7511246990242048,0.34281338572309655
2315,0.2362,32,104,32,581714,94730,76819,49437,0.7503009757952097,0.34291481406979407
2316,0.2363,25,100,25,581814,94630,76844,49412,0.7495089342288683,0.34303883589508616
2317,0.2364,17,98,17,581912,94532,76861,49395,0.7487327334938537,0.3431948140376719
2318,0.2365,23,91,23,582003,94441,76884,49372,0.7480119756684831,0.34330693330922796
2319,0.2366,25,90,25,582093,94351,76909,49347,0.7472991382587758,0.3434077022644713
2320,0.2367,19,103,19,582196,94248,76928,49328,0.7464833354454442,0.3435671700005572
2321,0.2368,35,92,35,582288,94156,76963,49293,0.7457546572044101,0.3436273518811564
2322,0.2369,31,104,31,582392,94052,76994,49262,0.744930933975415,0.3437347363132702
2323,0.237,38,87,38,582479,93965,77032,49224,0.744241857812698,0.34376942362891005
2324,0.2371,35,99,35,582578,93866,77067,49189,0.74345773666202,0.34384677222047466
2325,0.2372,31,111,31,582689,93755,77098,49158,0.742578570523381,0.343971507140708
2326,0.2373,34,117,34,582806,93638,77132,49124,0.7416518818907616,0.34409716871436374
2327,0.2374,34,83,34,582889,93555,77166,49090,0.7409944873906983,0.3441410494584458
2328,0.2375,33,84,33,582973,93471,77199,49057,0.7403291724749715,0.3441920184104176
2329,0.2376,37,119,37,583092,93352,77236,49020,0.7393866430110252,0.34430927429550756
2330,0.2377,22,87,22,583179,93265,77258,48998,0.7386975668483082,0.34441843627647384
2331,0.2378,29,107,29,583286,93158,77287,48969,0.7378500823723229,0.34454396420103145
2332,0.2379,25,111,25,583397,93047,77312,48944,0.7369709162336839,0.3446979033882429
2333,0.238,34,119,34,583516,92928,77346,48910,0.7360283867697377,0.34483001734373014
2334,0.2381,38,92,38,583608,92836,77384,48872,0.7352997085287036,0.34487820024275273
2335,0.2382,30,92,30,583700,92744,77414,48842,0.7345710302876695,0.3449634850903338
2336,0.2383,26,99,26,583799,92645,77440,48816,0.7337869091369915,0.3450845109252727
2337,0.2384,36,96,36,583895,92549,77476,48780,0.7330265492333038,0.3451520919273468
2338,0.2385,34,96,34,583991,92453,77510,48746,0.7322661893296161,0.34522907386029644
2339,0.2386,39,104,39,584095,92349,77549,48707,0.7314424661006209,0.3453025748638838
2340,0.2387,32,110,32,584205,92239,77581,48675,0.7305712203776454,0.34542344976368566
2341,0.2388,21,84,21,584289,92155,77602,48654,0.7299059054619187,0.3455318907172127
2342,0.2389,29,109,29,584398,92046,77631,48625,0.7290425801546065,0.3456647070113954
2343,0.239,31,100,31,584498,91946,77662,48594,0.7282505385882652,0.3457663298704995
2344,0.2391,37,88,37,584586,91858,77699,48557,0.7275535420098846,0.3458106327671545
2345,0.2392,33,96,33,584682,91762,77732,48524,0.7267931821061969,0.34589338921916657
2346,0.2393,31,99,31,584781,91663,77763,48493,0.726009060955519,0.3459930363309455
2347,0.2394,35,94,35,584875,91569,77798,48458,0.725264541883158,0.34606183093260584
2348,0.2395,38,86,38,584961,91483,77836,48420,0.7245833861361044,0.34609693859316815
2349,0.2396,24,81,24,585042,91402,77860,48396,0.7239418324673679,0.34618521008884245
2350,0.2397,31,94,31,585136,91308,77891,48365,0.7231973133950069,0.3462730806956248
2351,0.2398,28,120,28,585256,91188,77919,48337,0.7222468635153972,0.346439706145852
2352,0.2399,33,103,33,585359,91085,77952,48304,0.7214310607020656,0.3465409752562971
2353,0.24,27,78,27,585437,91007,77979,48277,0.7208132682803193,0.3466083685132535
2354,0.2401,26,82,26,585519,90925,78005,48251,0.7201637941959194,0.3466905213542565
2355,0.2402,27,101,27,585620,90824,78032,48224,0.7193638322139145,0.34681548817674474
2356,0.2403,26,76,26,585696,90748,78058,48198,0.7187618806234951,0.3468829617261382
2357,0.2404,28,79,28,585775,90669,78086,48170,0.7181361677860855,0.3469486239457213
2358,0.2405,37,92,37,585867,90577,78123,48133,0.7174074895450513,0.34700454184990265
2359,0.2406,28,101,28,585968,90476,78151,48105,0.7166075275630465,0.34712550782574814
2360,0.2407,37,85,37,586053,90391,78188,48068,0.7159342922316563,0.34716414245372273
2361,0.2408,21,104,21,586157,90287,78209,48047,0.7151105690026612,0.3473260369829543
2362,0.2409,39,97,39,586254,90190,78248,48008,0.7143422886833101,0.34738563510325765
2363,0.241,29,94,29,586348,90096,78277,47979,0.7135977696109492,0.34748506246605104
2364,0.2411,34,86,34,586434,90010,78311,47945,0.7129166138638956,0.3475408647747454
2365,0.2412,40,101,40,586535,89909,78351,47905,0.7121166518818908,0.34760619385548636
2366,0.2413,38,99,38,586634,89810,78389,47867,0.7113325307312127,0.3476760824248059
2367,0.2414,35,98,35,586732,89712,78424,47832,0.7105563299961982,0.3477578084103996
2368,0.2415,33,92,33,586824,89620,78457,47799,0.7098276517551642,0.3478339967544517
2369,0.2416,37,88,37,586912,89532,78494,47762,0.7091306551767836,0.34788118927265577
2370,0.2417,31,108,31,587020,89424,78525,47731,0.7082752502851349,0.34800772848237393
2371,0.2418,37,99,37,587119,89325,78562,47694,0.707491129134457,0.3480831125610317
2372,0.2419,34,107,34,587226,89218,78596,47660,0.7066436446584716,0.34819328160843965
2373,0.242,35,99,35,587325,89119,78631,47625,0.7058595235077937,0.34827853507283685
2374,0.2421,27,116,27,587441,89003,78658,47598,0.7049407552908377,0.34844547258072783
2375,0.2422,24,101,24,587542,88902,78682,47574,0.7041407933088328,0.3485887628594039
2376,0.2423,22,88,22,587630,88814,78704,47552,0.7034437967304524,0.3487086223838787
2377,0.2424,29,85,29,587715,88729,78733,47523,0.7027705613990622,0.34878754073334706
2378,0.2425,34,93,34,587808,88636,78767,47489,0.7020339627423647,0.3488631772268136
2379,0.2426,25,106,25,587914,88530,78792,47464,0.7011943986820428,0.3490153977381355
2380,0.2427,24,67,24,587981,88463,78816,47440,0.7006637308325941,0.34907250023914116
2381,0.2428,27,95,27,588076,88368,78843,47413,0.6999112913445698,0.34918729424588124
2382,0.2429,28,92,28,588168,88276,78871,47385,0.6991826131035357,0.34928977377433457
2383,0.243,26,79,26,588247,88197,78897,47359,0.6985569002661259,0.34936852666056833
2384,0.2431,28,99,28,588346,88098,78925,47331,0.697772779115448,0.34948940034999887
2385,0.2432,32,85,32,588431,88013,78957,47299,0.6970995437840578,0.34955510228213316
2386,0.2433,27,100,27,588531,87913,78984,47272,0.6963075022177164,0.3496837666900914
2387,0.2434,33,93,33,588624,87820,79017,47239,0.6955709035610189,0.3497656579717013
2388,0.2435,31,98,31,588722,87722,79048,47208,0.6947947028260043,0.3498703031201364
2389,0.2436,35,94,35,588816,87628,79083,47173,0.6940501837536434,0.34994547518193486
2390,0.2437,21,104,21,588920,87524,79104,47152,0.6932264605246483,0.3501143485104993
2391,0.2438,22,98,22,589018,87426,79126,47130,0.6924502597896338,0.35026308748773743
2392,0.2439,24,98,24,589116,87328,79150,47106,0.6916740590546192,0.3504024279572132
2393,0.244,27,109,27,589225,87219,79177,47079,0.6908107337473071,0.3505562257070098
2394,0.2441,32,96,32,589321,87123,79209,47047,0.6900503738436193,0.35065215771036745
2395,0.2442,33,99,33,589420,87024,79242,47014,0.6892662526929413,0.3507512794879064
2396,0.2443,17,89,17,589509,86935,79259,46997,0.6885613356988974,0.3509019502434071
2397,0.2444,29,83,29,589592,86852,79288,46968,0.6879039411988341,0.35097892691675386
2398,0.2445,23,91,23,589683,86761,79311,46945,0.6871831833734634,0.3511061582875862
2399,0.2446,29,92,29,589775,86669,79340,46916,0.6864545051324293,0.35120709660515775
2400,0.2447,39,98,39,589873,86571,79379,46877,0.6856783043974147,0.35127540315328815
2401,0.2448,31,79,31,589952,86492,79410,46846,0.6850525915600051,0.3513327033553826
2402,0.2449,43,83,43,590035,86409,79453,46803,0.6843951970599417,0.3513422214214936
2403,0.245,24,92,24,590127,86317,79477,46779,0.6836665188189076,0.35146811324157
2404,0.2451,39,87,39,590214,86230,79516,46740,0.6829774426561906,0.35150785891554487
2405,0.2452,26,91,26,590305,86139,79542,46714,0.6822566848308199,0.35162171723634394
2406,0.2453,30,96,30,590401,86043,79572,46684,0.6814963249271322,0.35172948985511615
2407,0.2454,29,87,29,590488,85956,79601,46655,0.6808072487644151,0.3518184765969641
2408,0.2455,26,93,26,590581,85863,79627,46629,0.6800706501077176,0.35193823023276877
2409,0.2456,27,92,27,590673,85771,79654,46602,0.6793419718666835,0.3520506447689484
2410,0.2457,26,86,26,590759,85685,79680,46576,0.6786608161196299,0.35215218393933206
2411,0.2458,27,93,27,590852,85592,79707,46549,0.6779242174629324,0.35226765349134637
2412,0.2459,34,88,34,590940,85504,79741,46515,0.677227220884552,0.35233564865663275
2413,0.246,33,72,33,591012,85432,79774,46482,0.6766569509567862,0.3523659353821429
2414,0.2461,34,92,34,591104,85340,79808,46448,0.6759282727157522,0.352444835645127
2415,0.2462,20,97,20,591201,85243,79828,46428,0.675159992396401,0.3526061167607142
2416,0.2463,36,79,36,591280,85164,79864,46392,0.6745342795589913,0.35264070053817387
2417,0.2464,23,89,23,591369,85075,79887,46369,0.6738293625649474,0.3527661970116552
2418,0.2465,22,77,22,591446,84998,79909,46347,0.6732194905588645,0.3528645932467928
2419,0.2466,34,99,34,591545,84899,79943,46313,0.6724353694081865,0.35296314361491327
2420,0.2467,39,70,39,591615,84829,79982,46274,0.6718809403117476,0.352959123742401
2421,0.2468,23,96,23,591711,84733,80005,46251,0.6711205804080598,0.3531041959323276
2422,0.2469,32,77,32,591788,84656,80037,46219,0.6705107084019769,0.35315377268385867
2423,0.247,30,64,30,591852,84592,80067,46189,0.6700038017995185,0.35317821396074356
2424,0.2471,25,98,25,591950,84494,80092,46164,0.6692276010645039,0.3533193528142173
2425,0.2472,30,92,30,592042,84402,80122,46134,0.6684989228234698,0.35341974627688916
2426,0.2473,29,97,29,592139,84305,80151,46105,0.6677306425041186,0.3535388390460854
2427,0.2474,26,92,26,592231,84213,80177,46079,0.6670019642630846,0.35365947256930585
2428,0.2475,30,74,30,592305,84139,80207,46049,0.6664158535039919,0.35371155559652195
2429,0.2476,26,83,26,592388,84056,80233,46023,0.6657584590039285,0.3538080704802466
2430,0.2477,25,83,25,592471,83973,80258,45998,0.6651010645038652,0.3539097183217795
2431,0.2478,33,85,33,592556,83888,80291,45965,0.664427829172475,0.3539771895913071
2432,0.2479,27,94,27,592650,83794,80318,45938,0.663683310100114,0.3540992199303179
2433,0.248,38,75,38,592725,83719,80356,45900,0.663089278925358,0.3541147516953533
2434,0.2481,29,89,29,592814,83630,80385,45871,0.6623843619313141,0.35421348097698085
2435,0.2482,17,84,17,592898,83546,80402,45854,0.6617190470155874,0.3543585780525502
2436,0.2483,25,110,25,593008,83436,80427,45829,0.6608478012926119,0.3545352570301319
2437,0.2484,28,87,28,593095,83349,80455,45801,0.6601587251298948,0.3546341463414634
2438,0.2485,30,109,30,593204,83240,80485,45771,0.6592953998225827,0.3547837006146763
2439,0.2486,20,90,20,593294,83150,80505,45751,0.6585825624128754,0.3549313038688606
2440,0.2487,28,74,28,593368,83076,80533,45723,0.6579964516537828,0.35499499219714437
2441,0.2488,30,90,30,593458,82986,80563,45693,0.6572836142440756,0.3550929056023127
2442,0.2489,35,94,35,593552,82892,80598,45658,0.6565390951717146,0.3551769739401011
2443,0.249,24,96,24,593648,82796,80622,45634,0.6557787352680269,0.3553219652729113
2444,0.2491,31,92,31,593740,82704,80653,45603,0.6550500570269928,0.3554209824873156
2445,0.2492,26,77,26,593817,82627,80679,45577,0.65444018502091,0.3555037284328102
2446,0.2493,29,98,29,593915,82529,80708,45548,0.6536639842858953,0.3556298164385487
2447,0.2494,26,82,26,593997,82447,80734,45522,0.6530145102014954,0.3557267775789449
2448,0.2495,33,87,33,594084,82360,80767,45489,0.6523254340387784,0.3558025483187197
2449,0.2496,33,89,33,594173,82271,80800,45456,0.6516205170447346,0.35588403391608664
2450,0.2497,32,81,32,594254,82190,80832,45424,0.6509789633759979,0.35594840691460183
2451,0.2498,28,88,28,594342,82102,80860,45396,0.6502819667976175,0.35605264396304254
2452,0.2499,23,86,23,594428,82016,80883,45373,0.6496008110505639,0.35617674995486265
2453,0.25,27,90,27,594518,81926,80910,45346,0.6488879736408567,0.35629203595449116
2454,0.2501,23,84,23,594602,81842,80933,45323,0.6482226587251299,0.3564109621358078
2455,0.2502,25,76,25,594678,81766,80958,45298,0.6476207071347104,0.35649751306428257
2456,0.2503,23,88,23,594766,81678,80981,45275,0.64692371055633,0.3566280434491505
2457,0.2504,36,84,36,594850,81594,81017,45239,0.6462583956406032,0.35668162071385207
2458,0.2505,31,87,31,594937,81507,81048,45208,0.6455693194778862,0.3567691275697431
2459,0.2506,27,81,27,595018,81426,81075,45181,0.6449277658091497,0.3568602052019241
2460,0.2507,17,82,17,595100,81344,81092,45164,0.6442782917247497,0.35700509058715657
2461,0.2508,34,95,34,595195,81249,81126,45130,0.6435258522367254,0.35710046764098463
2462,0.2509,20,76,20,595271,81173,81146,45110,0.6429239006463059,0.3572135600199552
2463,0.251,34,75,34,595346,81098,81180,45076,0.6423298694715499,0.3572526828031132
2464,0.2511,34,79,34,595425,81019,81214,45042,0.6417041566341402,0.3573032103505446
2465,0.2512,31,69,31,595494,80950,81245,45011,0.6411576479533646,0.35734076420479355
2466,0.2513,26,82,26,595576,80868,81271,44985,0.6405081738689646,0.35744082381826414
2467,0.2514,23,70,23,595646,80798,81294,44962,0.6399537447725256,0.35752226463104325
2468,0.2515,17,77,17,595723,80721,81311,44945,0.6393438727664428,0.35765441726481306
2469,0.2516,26,80,26,595803,80641,81337,44919,0.6387102395133697,0.35774928321121374
2470,0.2517,22,98,22,595901,80543,81359,44897,0.6379340387783551,0.3579161352040816
2471,0.2518,24,90,24,595991,80453,81383,44873,0.6372212013686478,0.35805020506519
2472,0.2519,28,90,28,596081,80363,81411,44845,0.6365083639589406,0.3581640150789087
2473,0.252,38,81,38,596162,80282,81449,44807,0.635866810290204,0.3582009609158279
2474,0.2521,24,93,24,596255,80189,81473,44783,0.6351302116335066,0.35834426911628203
2475,0.2522,19,96,19,596351,80093,81492,44764,0.6343698517298187,0.35852214933884363
2476,0.2523,24,96,24,596447,79997,81516,44740,0.633609491826131,0.3586746514666859
2477,0.2524,34,81,34,596528,79916,81550,44706,0.6329679381573945,0.35873280801142654
2478,0.2525,29,76,29,596604,79840,81579,44677,0.6323659865669751,0.35880241252198497
2479,0.2526,24,91,24,596695,79749,81603,44653,0.6316452287416043,0.35894117457918684
2480,0.2527,34,85,34,596780,79664,81637,44619,0.6309719934102141,0.3590112887522831
2481,0.2528,34,91,34,596871,79573,81671,44585,0.6302512355848435,0.3590988901238744
2482,0.2529,27,95,27,596966,79478,81698,44558,0.6294987960968191,0.35923441581476345
2483,0.253,23,97,23,597063,79381,81721,44535,0.628730515777468,0.35939668807902125
2484,0.2531,32,93,32,597156,79288,81753,44503,0.6279939171207705,0.35950109458684393
2485,0.2532,38,112,38,597268,79176,81791,44465,0.6271068305664681,0.3596298962318325
2486,0.2533,30,82,30,597350,79094,81821,44435,0.6264573564820681,0.35971310380558413
2487,0.2534,35,74,35,597424,79020,81856,44400,0.6258712457229756,0.3597472046669908
2488,0.2535,24,82,24,597506,78938,81880,44376,0.6252217716385756,0.35986181617658985
2489,0.2536,29,70,29,597576,78868,81909,44347,0.6246673425421366,0.3599155946922047
2490,0.2537,22,68,22,597644,78800,81931,44325,0.6241287542770244,0.36
2491,0.2538,20,75,20,597719,78725,81951,44305,0.6235347231022684,0.3601154190034951
2492,0.2539,22,92,22,597811,78633,81973,44283,0.6228060448612344,0.3602704285853754
2493,0.254,34,82,34,597893,78551,82007,44249,0.6221565707768344,0.3603338762214984
2494,0.2541,32,77,32,597970,78474,82039,44217,0.6215466987707515,0.3603931828740494
2495,0.2542,28,89,28,598059,78385,82067,44189,0.6208417817767077,0.36050875389560594
2496,0.2543,36,90,36,598149,78295,82103,44153,0.6201289443670004,0.36058571801907746
2497,0.2544,25,85,25,598234,78210,82128,44128,0.6194557090356102,0.36070558616292564
2498,0.2545,31,95,31,598329,78115,82159,44097,0.6187032695475858,0.36082381435538247
2499,0.2546,34,87,34,598416,78028,82193,44063,0.6180141933848688,0.36090293305812876
2500,0.2547,21,79,21,598495,77949,82214,44042,0.6173884805474591,0.3610266331122788
2501,0.2548,26,91,26,598586,77858,82240,44016,0.6166677227220885,0.3611598864400939
2502,0.2549,26,81,26,598667,77777,82266,43990,0.616026169053352,0.3612637249829593
2503,0.255,25,80,25,598747,77697,82291,43965,0.6153925358002788,0.3613700251516497
2504,0.2551,20,75,20,598822,77622,82311,43945,0.6147985046255228,0.36148790378967977
2505,0.2552,33,72,33,598894,77550,82344,43912,0.6142282346977569,0.3615287085672885
2506,0.2553,32,70,32,598964,77480,82376,43880,0.613673805601318,0.36156888595912984
2507,0.2554,29,81,29,599045,77399,82405,43851,0.6130322519325814,0.3616577319587629
2508,0.2555,31,91,31,599136,77308,82436,43820,0.6123114941072108,0.3617660656495608
2509,0.2556,26,64,26,599200,77244,82462,43794,0.6118045875047522,0.3618202547960145
2510,0.2557,25,84,25,599284,77160,82487,43769,0.6111392725890255,0.3619396505387459
2511,0.2558,25,71,25,599355,77089,82512,43744,0.6105769230769231,0.36202030902154214
2512,0.2559,28,65,28,599420,77024,82540,43716,0.6100620960588011,0.36206725194633094
2513,0.256,20,96,20,599516,76928,82560,43696,0.6093017361551134,0.36224963523013665
2514,0.2561,16,79,16,599595,76849,82576,43680,0.6086760233177038,0.36240240937865575
2515,0.2562,23,99,23,599694,76750,82599,43657,0.6078919021670257,0.36257858762364314
2516,0.2563,25,72,25,599766,76678,82624,43632,0.60732163223926,0.36266312027262904
2517,0.2564,27,71,27,599837,76607,82651,43605,0.6067592827271575,0.36273416963364724
2518,0.2565,19,84,19,599921,76523,82670,43586,0.6060939678114308,0.3628870442681231
2519,0.2566,26,84,26,600005,76439,82696,43560,0.6054286528957039,0.36300302502520854
2520,0.2567,28,80,28,600085,76359,82724,43532,0.6047950196426308,0.3630964793020327
2521,0.2568,28,88,28,600173,76271,82752,43504,0.6040980230642504,0.3632143602588186
2522,0.2569,24,66,24,600239,76205,82776,43480,0.6035752756304651,0.36328696160755314
2523,0.257,29,66,29,600305,76139,82805,43451,0.6030525281966798,0.3633330546032277
2524,0.2571,27,86,27,600391,76053,82832,43424,0.6023713724496261,0.3634507059936222
2525,0.2572,29,77,29,600468,75976,82861,43395,0.6017615004435433,0.3635305057342236
2526,0.2573,26,76,26,600544,75900,82887,43369,0.6011595488531238,0.36362340591436165
2527,0.2574,27,87,27,600631,75813,82914,43342,0.6004704726904068,0.3637447022785448
2528,0.2575,27,84,27,600715,75729,82941,43315,0.59980515777468,0.36385706125466216
2529,0.2576,21,83,21,600798,75646,82962,43294,0.5991477632746166,0.3639986547839247
2530,0.2577,13,78,13,600876,75568,82975,43281,0.5985299708528704,0.36416797785425203
2531,0.2578,20,80,20,600956,75488,82995,43261,0.5978963375997972,0.3643062257366378
2532,0.2579,23,73,23,601029,75415,83018,43238,0.597318147256368,0.3644071367769884
2533,0.258,25,82,25,601111,75333,83043,43213,0.596668673171968,0.36452516322777656
2534,0.2581,36,76,36,601187,75257,83079,43177,0.5960667215815486,0.3645659185706807
2535,0.2582,24,65,24,601252,75192,83103,43153,0.5955518945634267,0.3646372892813385
2536,0.2583,27,92,27,601344,75100,83130,43126,0.5948232163223925,0.3647759376110162
2537,0.2584,21,63,21,601407,75037,83151,43105,0.5943242301355975,0.36485754431108325
2538,0.2585,15,78,15,601485,74959,83166,43090,0.5937064377138512,0.36501791628899866
2539,0.2586,23,67,23,601552,74892,83189,43067,0.5931757698644025,0.365101433548945
2540,0.2587,22,65,22,601617,74827,83211,43045,0.5926609428462806,0.36518426768019546
2541,0.2588,25,75,25,601692,74752,83236,43020,0.5920669116715245,0.36528207044119143
2542,0.2589,29,74,29,601766,74678,83265,42991,0.5914808009124319,0.3653553612251315
2543,0.259,31,85,31,601851,74593,83296,42960,0.5908075655810416,0.3654521790171242
2544,0.2591,37,62,37,601913,74531,83333,42923,0.5903164998099101,0.3654451955659237
2545,0.2592,25,81,25,601994,74450,83358,42898,0.5896749461411734,0.36556225926304664
2546,0.2593,13,82,13,602076,74368,83371,42885,0.5890254720567736,0.36574757149070813
2547,0.2594,26,76,26,602152,74292,83397,42859,0.588423520466354,0.36584408156993964
2548,0.2595,35,64,35,602216,74228,83432,42824,0.5879166138638956,0.3658544920206404
2549,0.2596,30,86,30,602302,74142,83462,42794,0.587235458116842,0.36596086748306766
2550,0.2597,31,88,31,602390,74054,83493,42763,0.5865384615384616,0.36606829485434483
2551,0.2598,21,72,21,602462,73982,83514,42742,0.5859681916106957,0.3661800486618005
2552,0.2599,27,66,27,602528,73916,83541,42715,0.5854454441769104,0.3662405363925543
2553,0.26,31,65,31,602593,73851,83572,42684,0.5849306171587885,0.36627622602651566
2554,0.2601,21,78,21,602671,73773,83593,42663,0.5843128247370422,0.366407296712357
2555,0.2602,18,79,18,602750,73694,83611,42645,0.5836871118996325,0.3665580759676463
2556,0.2603,25,65,25,602815,73629,83636,42620,0.5831722848815106,0.3666268096929866
2557,0.2604,26,78,26,602893,73551,83662,42594,0.5825544924597643,0.3667312411210125
2558,0.2605,28,72,28,602965,73479,83690,42566,0.5819842225319984,0.36680598043862295
2559,0.2606,21,68,21,603033,73411,83711,42545,0.5814456342668863,0.3669064127772603
2560,0.2607,34,74,34,603107,73337,83745,42511,0.5808595235077937,0.3669549754851184
2561,0.2608,24,86,24,603193,73251,83769,42487,0.58017836776074,0.3670963728421089
2562,0.2609,27,79,27,603272,73172,83796,42460,0.5795526549233304,0.3671993911719939
2563,0.261,42,100,42,603372,73072,83838,42418,0.578760613356989,0.3672872110139406
2564,0.2611,17,71,17,603443,73001,83855,42401,0.5781982638448866,0.3674199753903745
2565,0.2612,25,75,25,603518,72926,83880,42376,0.5776042326701305,0.3675218122842622
2566,0.2613,25,65,25,603583,72861,83905,42351,0.5770894056520086,0.3675919175085929
2567,0.2614,23,77,23,603660,72784,83928,42328,0.5764795336459257,0.36771144624365837
2568,0.2615,30,64,30,603724,72720,83958,42298,0.5759726270434672,0.36775113460501835
2569,0.2616,29,81,29,603805,72639,83987,42269,0.5753310733747307,0.36785080238103524
2570,0.2617,21,74,21,603879,72565,84008,42248,0.5747449626156381,0.36797226794875143
2571,0.2618,35,74,35,603953,72491,84043,42213,0.5741588518565455,0.3680168084809597
2572,0.2619,17,58,17,604011,72433,84060,42196,0.5736994677480675,0.36810929171501106
2573,0.262,11,67,11,604078,72366,84071,42185,0.5731687998986187,0.36826391738177755
2574,0.2621,30,69,30,604147,72297,84101,42155,0.5726222912178431,0.36832034389962603
2575,0.2622,35,76,35,604223,72221,84136,42120,0.5720203396274236,0.36837180014168147
2576,0.2623,28,83,28,604306,72138,84164,42092,0.5713629451273603,0.36848463626017686
2577,0.2624,24,75,24,604381,72063,84188,42068,0.5707689139526042,0.3685939841059835
2578,0.2625,33,65,33,604446,71998,84221,42035,0.5702540869344823,0.3686213639911254
2579,0.2626,27,68,27,604514,71930,84248,42008,0.5697154986693702,0.36869174463304605
2580,0.2627,25,54,25,604568,71876,84273,41983,0.5692877962235459,0.3687279881256642
2581,0.2628,20,74,20,604642,71802,84293,41963,0.5687016854644532,0.3688568540412253
2582,0.2629,25,93,25,604735,71709,84318,41938,0.5679650868077557,0.3690198597411282
2583,0.263,31,88,31,604823,71621,84349,41907,0.5672680902293752,0.36913360580649707
2584,0.2631,27,77,27,604900,71544,84376,41880,0.5666582182232923,0.3692340245450698
2585,0.2632,24,77,24,604977,71467,84400,41856,0.5660483462172095,0.3693513232088808
2586,0.2633,36,89,36,605066,71378,84436,41820,0.5653434292231656,0.3694411562041732
2587,0.2634,25,67,25,605133,71311,84461,41795,0.5648127613737169,0.36952062666878854
2588,0.2635,29,73,29,605206,71238,84490,41766,0.5642345710302876,0.36959753637039394
2589,0.2636,25,68,25,605274,71170,84515,41741,0.5636959827651755,0.3696805448539115
2590,0.2637,24,63,24,605337,71107,84539,41717,0.5631969965783804,0.3697528894561441
2591,0.2638,24,71,24,605408,71036,84563,41693,0.5626346470662781,0.36985159098368653
2592,0.2639,31,72,31,605480,70964,84594,41662,0.5620643771385122,0.3699145845541882
2593,0.264,21,98,21,605578,70866,84615,41641,0.5612881764034977,0.37011919258357256
2594,0.2641,23,62,23,605640,70804,84638,41618,0.560797110632366,0.3701944459269538
2595,0.2642,31,80,31,605720,70724,84669,41587,0.5601634773792928,0.37028429984596345
2596,0.2643,19,68,19,605788,70656,84688,41568,0.5596248891141807,0.3704020530367836
2597,0.2644,26,73,26,605861,70583,84714,41542,0.5590466987707515,0.37049721293199556
2598,0.2645,26,65,26,605926,70518,84740,41516,0.5585318717526295,0.3705660781548458
2599,0.2646,23,74,23,606000,70444,84763,41493,0.557945760993537,0.37068172275476385
2600,0.2647,29,86,29,606086,70358,84792,41464,0.5572646052464834,0.3708035985763088
2601,0.2648,23,75,23,606161,70283,84815,41441,0.5566705740717273,0.3709229887938133
2602,0.2649,31,65,31,606226,70218,84846,41410,0.5561557470536054,0.3709642741964382
2603,0.265,35,71,35,606297,70147,84881,41375,0.5555933975415029,0.3710030307921307
2604,0.2651,26,70,26,606367,70077,84907,41349,0.555038968445064,0.3710893328307576
2605,0.2652,29,57,29,606424,70020,84936,41320,0.5545875047522494,0.37111550206574456
2606,0.2653,26,76,26,606500,69944,84962,41294,0.55398555316183,0.3712220644024524
2607,0.2654,27,70,27,606570,69874,84989,41267,0.553431124065391,0.371303119460865
2608,0.2655,24,74,24,606644,69800,85013,41243,0.5528450133062983,0.37141467719712185
2609,0.2656,21,76,21,606720,69724,85034,41222,0.5522430617158789,0.3715501234834965
2610,0.2657,25,68,25,606788,69656,85059,41197,0.5517044734507667,0.3716363111508033
2611,0.2658,27,62,27,606850,69594,85086,41170,0.551213407679635,0.3716911631938175
2612,0.2659,24,79,24,606929,69515,85110,41146,0.5505876948422254,0.3718202438076649
2613,0.266,26,75,26,607004,69440,85136,41120,0.5499936636674693,0.3719247467438495
2614,0.2661,22,61,22,607065,69379,85158,41098,0.549510518312001,0.372005032721743
2615,0.2662,26,59,26,607124,69320,85184,41072,0.5490432137878596,0.3720559460830495
2616,0.2663,34,68,34,607192,69252,85218,41038,0.5485046255227475,0.3720917580923021
2617,0.2664,25,69,25,607261,69183,85243,41013,0.5479581168419718,0.3721822933681803
2618,0.2665,16,72,16,607333,69111,85259,40997,0.547387846914206,0.3723344352817234
2619,0.2666,22,68,22,607401,69043,85281,40975,0.546849258649094,0.3724390554272937
2620,0.2667,28,69,28,607470,68974,85309,40947,0.5463027499683183,0.3725129865994669
2621,0.2668,20,75,20,607545,68899,85329,40927,0.5457087187935623,0.3726531058219365
2622,0.2669,20,74,20,607619,68825,85349,40907,0.5451226080344697,0.3727900703532242
2623,0.267,29,81,29,607700,68744,85378,40878,0.5444810543657331,0.3728996004451661
2624,0.2671,24,72,24,607772,68672,85402,40854,0.5439107844379673,0.3730073224622464
2625,0.2672,26,61,26,607833,68611,85428,40828,0.543427639082499,0.3730662743628871
2626,0.2673,27,70,27,607903,68541,85455,40801,0.54287320998606,0.37315029906165975
2627,0.2674,24,87,24,607990,68454,85479,40777,0.5421841338233431,0.3733097746976591
2628,0.2675,24,69,24,608059,68385,85503,40753,0.5416376251425675,0.37340797888911287
2629,0.2676,33,82,33,608141,68303,85536,40720,0.5409881510581676,0.3734991698999294
2630,0.2677,17,76,17,608217,68227,85553,40703,0.540386199467748,0.3736619847608556
2631,0.2678,26,68,26,608285,68159,85579,40677,0.5398476112026359,0.3737458193979933
2632,0.2679,33,71,33,608356,68088,85612,40644,0.5392852616905335,0.37379980134642976
2633,0.268,27,62,27,608418,68026,85639,40617,0.5387941959194018,0.37385749657133915
2634,0.2681,19,63,19,608481,67963,85658,40598,0.5382952097326068,0.3739648676780796
2635,0.2682,16,51,16,608532,67912,85674,40582,0.5378912685337727,0.37404833447010893
2636,0.2683,30,77,30,608609,67835,85704,40552,0.5372813965276898,0.374140810244771
2637,0.2684,22,71,22,608680,67764,85726,40530,0.5367190470155874,0.37425896171533046
2638,0.2685,23,69,23,608749,67695,85749,40507,0.5361725383348118,0.3743646143324523
2639,0.2686,26,70,26,608819,67625,85775,40481,0.5356181092383728,0.3744565519027621
2640,0.2687,21,67,21,608886,67558,85796,40460,0.5350874413889241,0.37456720176266917
2641,0.2688,27,69,27,608955,67489,85823,40433,0.5345409327081485,0.37465021033709534
2642,0.2689,22,76,22,609031,67413,85845,40411,0.5339389811177291,0.3747866894197952
2643,0.269,25,71,25,609102,67342,85870,40386,0.5333766316056266,0.37488860834694787
2644,0.2691,25,73,25,609175,67269,85895,40361,0.5327984412621974,0.3749976772275388
2645,0.2692,26,71,26,609246,67198,85921,40335,0.532236091750095,0.3750941571424586
2646,0.2693,30,82,30,609328,67116,85951,40305,0.5315866176656951,0.37520596531404476
2647,0.2694,26,68,26,609396,67048,85977,40279,0.5310480294005829,0.37529233091393593
2648,0.2695,25,69,25,609465,66979,86002,40254,0.5305015207198074,0.37538817341676534
2649,0.2696,27,52,27,609517,66927,86029,40227,0.5300896591053098,0.3754129570524665
2650,0.2697,27,78,27,609595,66849,86056,40200,0.5294718666835636,0.37552896337191377
2651,0.2698,23,64,23,609659,66785,86079,40177,0.528964960081105,0.3756193788448234
2652,0.2699,32,69,32,609728,66716,86111,40145,0.5284184514003295,0.3756749422146527
2653,0.27,26,82,26,609810,66634,86137,40119,0.5277689773159295,0.3758114526055474
2654,0.2701,19,74,19,609884,66560,86156,40100,0.5271828665568369,0.37596099756234763
2655,0.2702,22,65,22,609949,66495,86178,40078,0.526668039538715,0.37606147898623477
2656,0.2703,34,67,34,610016,66428,86212,40044,0.5261373716892662,0.3760988804568337
2657,0.2704,25,56,25,610072,66372,86237,40019,0.5256938284121151,0.3761502382720343
2658,0.2705,20,59,20,610131,66313,86257,39999,0.5252265238879736,0.3762416284144781
2659,0.2706,30,66,30,610197,66247,86287,39969,0.5247037764541883,0.3762992392859833
2660,0.2707,22,65,22,610262,66182,86309,39947,0.5241889494360664,0.3764004183587898
2661,0.2708,24,78,24,610340,66104,86333,39923,0.5235711570143201,0.3765361653163817
2662,0.2709,27,73,27,610413,66031,86360,39896,0.5229929666708909,0.37663674039668826
2663,0.271,30,84,30,610497,65947,86390,39866,0.5223276517551642,0.37675899936680746
2664,0.2711,21,52,21,610549,65895,86411,39845,0.5219157901406666,0.3768205031208625
2665,0.2712,20,57,20,610606,65838,86431,39825,0.521464326447852,0.3769058232304591
2666,0.2713,16,63,16,610669,65775,86447,39809,0.5209653402610569,0.3770362933777845
2667,0.2714,19,61,19,610730,65714,86466,39790,0.5204821949055887,0.3771420988777677
2668,0.2715,24,71,24,610801,65643,86490,39766,0.5199198453934862,0.3772543141477483
2669,0.2716,21,72,21,610873,65571,86511,39745,0.5193495754657205,0.37738805119829844
2670,0.2717,19,91,19,610964,65480,86530,39726,0.5186288176403497,0.37760203790658325
2671,0.2718,25,63,25,611027,65417,86555,39701,0.5181298314535547,0.37768032116288364
2672,0.2719,25,60,25,611087,65357,86580,39676,0.5176546065137498,0.37774794588367466
2673,0.272,23,61,23,611148,65296,86603,39653,0.5171714611582816,0.37783113702846144
2674,0.2721,32,58,32,611206,65238,86635,39621,0.5167120770498036,0.3778502560581352
2675,0.2722,22,63,22,611269,65175,86657,39599,0.5162130908630085,0.3779468188672762
2676,0.2723,29,65,29,611334,65110,86686,39570,0.5156982638448866,0.3780091708062667
2677,0.2724,30,53,30,611387,65057,86716,39540,0.5152784818147257,0.37802231421551286
2678,0.2725,29,67,29,611454,64990,86745,39511,0.5147478139652769,0.378092075673917
2679,0.2726,18,74,18,611528,64916,86763,39493,0.5141617032061843,0.3782528326102156
2680,0.2727,22,62,22,611590,64854,86785,39471,0.5136706374350526,0.3783465132997843
2681,0.2728,23,68,23,611658,64786,86808,39448,0.5131320491699405,0.37845616593434006
2682,0.2729,27,60,27,611718,64726,86835,39421,0.5126568242301356,0.3785130632663447
2683,0.273,25,74,25,611792,64652,86860,39396,0.5120707134710429,0.3786329386437029
2684,0.2731,29,76,29,611868,64576,86889,39367,0.5114687618806235,0.3787364228471374
2685,0.2732,22,79,22,611947,64497,86911,39345,0.5108430490432138,0.3788929334951176
2686,0.2733,26,68,26,612015,64429,86937,39319,0.5103044607781017,0.3789856189998843
2687,0.2734,24,80,24,612095,64349,86961,39295,0.5096708275250285,0.3791343444868975
2688,0.2735,20,51,20,612146,64298,86981,39275,0.5092668863261944,0.37920114315506936
2689,0.2736,18,55,18,612201,64243,86999,39257,0.5088312634647066,0.37929468599033817
2690,0.2737,24,60,24,612261,64183,87023,39233,0.5083560385249017,0.37937069699079445
2691,0.2738,24,76,24,612337,64107,87047,39209,0.5077540869344823,0.37950559448681714
2692,0.2739,27,81,27,612418,64026,87074,39182,0.5071125332657458,0.3796411130920084
2693,0.274,24,64,24,612482,63962,87098,39158,0.5066056266632872,0.3797323506594259
2694,0.2741,29,66,29,612548,63896,87127,39129,0.506082879229502,0.37980101917010434
2695,0.2742,27,75,27,612623,63821,87154,39102,0.5054888480547459,0.37991508214879083
2696,0.2743,19,63,19,612686,63758,87173,39083,0.5049898618679508,0.38003325521922193
2697,0.2744,15,55,15,612741,63703,87188,39068,0.504554239006463,0.3801461501785523
2698,0.2745,23,79,23,612820,63624,87211,39045,0.5039285261690534,0.38029979838120564
2699,0.2746,36,63,36,612883,63561,87247,39009,0.5034295399822583,0.3803158818367944
2700,0.2747,29,76,29,612959,63485,87276,38980,0.5028275883918388,0.38042258332113404
2701,0.2748,31,60,31,613019,63425,87307,38949,0.5023523634520339,0.380457928770977
2702,0.2749,20,66,20,613085,63359,87327,38929,0.5018296160182486,0.38058227749100576
2703,0.275,21,60,21,613145,63299,87348,38908,0.5013543910784438,0.3806784271136028
2704,0.2751,19,65,19,613210,63234,87367,38889,0.5008395640603219,0.38080549925090335
2705,0.2752,25,71,25,613281,63163,87392,38864,0.5002772145482195,0.38091877640232485
2706,0.2753,22,66,22,613347,63097,87414,38842,0.49975446711443416,0.3810317935235778
2707,0.2754,31,66,31,613413,63031,87445,38811,0.49923171968064883,0.38109031637242
2708,0.2755,35,49,35,613462,62982,87480,38776,0.49884361931314153,0.3810609485249317
2709,0.2756,19,52,19,613514,62930,87499,38757,0.498431757698644,0.38114016540954104
2710,0.2757,21,68,21,613582,62862,87520,38736,0.49789316943353185,0.38126734778243665
2711,0.2758,22,48,22,613630,62814,87542,38714,0.497512989481688,0.38131352927271295
2712,0.2759,22,49,22,613679,62765,87564,38692,0.49712488911418073,0.3813635333195344
2713,0.276,18,52,18,613731,62713,87582,38674,0.49671302749968316,0.3814492982335013
2714,0.2761,14,55,14,613786,62658,87596,38660,0.4962774046381954,0.3815708955960441
2715,0.2762,18,64,18,613850,62594,87614,38642,0.4957704980357369,0.38170216128649886
2716,0.2763,34,64,34,613914,62530,87648,38608,0.4952635914332784,0.381735846071704
2717,0.2764,27,67,27,613981,62463,87675,38581,0.4947329235838297,0.3818237599461621
2718,0.2765,28,61,28,614042,62402,87703,38553,0.4942497782283614,0.3818830171858749
2719,0.2766,23,62,23,614104,62340,87726,38530,0.49375871245722974,0.3819768018241301
2720,0.2767,24,62,24,614166,62278,87750,38506,0.49326764668609807,0.3820646134307033
2721,0.2768,19,53,19,614219,62225,87769,38487,0.49284786465593716,0.38214909841925493
2722,0.2769,24,83,24,614302,62142,87793,38463,0.4921904701558738,0.38231698225734306
2723,0.277,28,46,28,614348,62096,87821,38435,0.4918261310353567,0.38231988142960877
2724,0.2771,24,62,24,614410,62034,87845,38411,0.49133506526422505,0.3824082831400269
2725,0.2772,15,51,15,614461,61983,87860,38396,0.49093112406539097,0.38251028601599935
2726,0.2773,20,49,20,614510,61934,87880,38376,0.49054302369788366,0.3825740205363374
2727,0.2774,10,67,10,614577,61867,87890,38366,0.49001235584843494,0.38276815021001065
2728,0.2775,18,56,18,614633,61811,87908,38348,0.48956881257128376,0.38287123473676854
2729,0.2776,20,61,20,614694,61750,87928,38328,0.4890856672158155,0.3829812746058075
2730,0.2777,25,81,25,614775,61669,87953,38303,0.48844411354707895,0.38313727843796264
2731,0.2778,24,70,24,614845,61599,87977,38279,0.48788968445063996,0.3832575742405735
2732,0.2779,25,50,25,614895,61549,88002,38254,0.48749366366746927,0.38329509132991996
2733,0.278,30,61,30,614956,61488,88032,38224,0.48701051831200104,0.38334403080872914
2734,0.2781,14,66,14,615022,61422,88046,38210,0.4864877708782157,0.3835113216637225
2735,0.2782,31,72,31,615094,61350,88077,38179,0.4859175009504499,0.3835967406484542
2736,0.2783,20,69,20,615163,61281,88097,38159,0.48537099226967434,0.38373893805309733
2737,0.2784,21,68,21,615231,61213,88118,38138,0.4848324040045622,0.3838713248985919
2738,0.2785,23,67,23,615298,61146,88141,38115,0.4843017361551134,0.38398766887297126
2739,0.2786,25,57,25,615355,61089,88166,38090,0.48385027246229884,0.38405307575192327
2740,0.2787,30,57,30,615412,61032,88196,38060,0.4833988087694842,0.38408751463286644
2741,0.2788,17,73,17,615485,60959,88213,38043,0.482820618426055,0.38426496434415464
2742,0.2789,21,55,21,615540,60904,88234,38022,0.4823849955645672,0.3843478964074156
2743,0.279,17,53,17,615593,60851,88251,38005,0.4819652135344063,0.38444808610504166
2744,0.2791,26,53,26,615646,60798,88277,37979,0.48154543150424534,0.3844923413345212
2745,0.2792,22,45,22,615691,60753,88299,37957,0.4811890127993917,0.38453044271097153
2746,0.2793,18,58,18,615749,60695,88317,37939,0.4807296286909137,0.3846442403228096
2747,0.2794,28,61,28,615810,60634,88345,37911,0.48024648333544545,0.38470749403825666
2748,0.2795,21,66,21,615876,60568,88366,37890,0.4797237359016601,0.38483414247699527
2749,0.2796,22,67,22,615943,60501,88388,37868,0.4791930680522114,0.3849586760056522
2750,0.2797,11,53,11,615996,60448,88399,37857,0.47877328602205044,0.3850974009460353
2751,0.2798,25,59,25,616055,60389,88424,37832,0.478305981497909,0.385172213681392
2752,0.2799,20,60,20,616115,60329,88444,37812,0.47783075655810414,0.38528239981251466
2753,0.28,15,63,15,616178,60266,88459,37797,0.4773317703713091,0.385435893252297
2754,0.2801,20,70,20,616248,60196,88479,37777,0.4767773412748701,0.3855858246659794
2755,0.2802,27,59,27,616307,60137,88506,37750,0.4763100367507287,0.38564875826207773
2756,0.2803,24,48,24,616355,60089,88530,37726,0.47592985679888483,0.38568726677912385
2757,0.2804,25,60,25,616415,60029,88555,37701,0.47545463185908,0.3857669088304512
2758,0.2805,24,66,24,616481,59963,88579,37677,0.47493188442529466,0.3858766898811962
2759,0.2806,20,66,20,616547,59897,88599,37657,0.47440913699150933,0.38601184984726405
2760,0.2807,27,55,27,616602,59842,88626,37630,0.47397351413002153,0.38605958634274457
2761,0.2808,17,50,17,616652,59792,88643,37613,0.47357749334685084,0.38615060828499564
2762,0.2809,24,52,24,616704,59740,88667,37589,0.4731656317323533,0.3862055502471
2763,0.281,25,58,25,616762,59682,88692,37564,0.4727062476238753,0.3862780988421118
2764,0.2811,26,75,26,616837,59607,88718,37538,0.47211221644911927,0.386412064439755
2765,0.2812,22,70,22,616907,59537,88740,37516,0.4715577873526803,0.3865516779491618
2766,0.2813,33,63,33,616970,59474,88773,37483,0.47105880116588517,0.3865940571593593
2767,0.2814,25,61,25,617031,59413,88798,37458,0.47057565581041694,0.386679191915021
2768,0.2815,20,58,20,617089,59355,88818,37438,0.4701162717019389,0.3867841682766316
2769,0.2816,20,46,20,617135,59309,88838,37418,0.4697519325814219,0.3868413162819068
2770,0.2817,24,63,24,617198,59246,88862,37394,0.4692529463946268,0.3869412251655629
2771,0.2818,17,51,17,617249,59195,88879,37377,0.4688490051957927,0.38703765066478896
2772,0.2819,27,52,27,617301,59143,88906,37350,0.4684371435812951,0.38707471008259664
2773,0.282,21,61,21,617362,59082,88927,37329,0.4679539982258269,0.3871861094688365
2774,0.2821,17,63,17,617425,59019,88944,37312,0.4674550120390318,0.38733118103206654
2775,0.2822,36,70,36,617495,58949,88980,37276,0.46690058294259285,0.3873837360353338
2776,0.2823,18,67,18,617562,58882,88998,37258,0.46636991509314407,0.3875390056168088
2777,0.2824,24,48,24,617610,58834,89022,37234,0.4659897351413002,0.3875796310946413
2778,0.2825,25,60,25,617670,58774,89047,37209,0.46551451020149537,0.38766239854974316
2779,0.2826,21,59,21,617729,58715,89068,37188,0.46504720567735397,0.3877668060436066
2780,0.2827,12,50,12,617779,58665,89080,37176,0.4646511848941832,0.38789244686512037
2781,0.2828,20,52,20,617831,58613,89100,37156,0.4642393232796857,0.3879752320688323
2782,0.2829,22,54,22,617885,58559,89122,37134,0.46381162083386135,0.3880534626357205
2783,0.283,18,54,18,617939,58505,89140,37116,0.463383918388037,0.38815741312054886
2784,0.2831,30,55,30,617994,58450,89170,37086,0.46294829552654926,0.38818874560375144
2785,0.2832,30,59,30,618053,58391,89200,37056,0.4624809910024078,0.38823640344903454
2786,0.2833,26,54,26,618107,58337,89226,37030,0.46205328855658345,0.3882894502291149
2787,0.2834,24,71,24,618178,58266,89250,37006,0.4614909390444811,0.38842472079939544
2788,0.2835,16,65,16,618243,58201,89266,36990,0.46097611202635913,0.38858715634881447
2789,0.2836,21,53,21,618296,58148,89287,36969,0.4605563299961982,0.3886686922421859
2790,0.2837,23,50,23,618346,58098,89310,36946,0.4601603092130275,0.388725222002441
2791,0.2838,23,52,23,618398,58046,89333,36923,0.45974844759852995,0.38879002621908204
2792,0.2839,21,50,21,618448,57996,89354,36902,0.45935242681535926,0.3888596176947881
2793,0.284,25,62,25,618510,57934,89379,36877,0.4588613610442276,0.38895275864614864
2794,0.2841,20,64,20,618574,57870,89399,36857,0.4583544544417691,0.3890865328786935
2795,0.2842,22,55,22,618629,57815,89421,36835,0.45791883158028135,0.38917062863180135
2796,0.2843,16,64,16,618693,57751,89437,36819,0.45741192497782285,0.38933065454160937
2797,0.2844,20,56,20,618749,57695,89457,36799,0.45696838170067167,0.38943213325713805
2798,0.2845,26,60,26,618809,57635,89483,36773,0.4564931567608668,0.38951148207779
2799,0.2846,19,57,19,618866,57578,89502,36754,0.4560416930680522,0.38962388160963407
2800,0.2847,22,55,22,618921,57523,89524,36732,0.45560607020656446,0.38970876876558275
2801,0.2848,17,50,17,618971,57473,89541,36715,0.4552100494233937,0.38980549539219433
2802,0.2849,24,44,24,619015,57429,89565,36691,0.4548615511342035,0.38983212919677007
2803,0.285,16,63,16,619078,57366,89581,36675,0.45436256494740845,0.38998947267681117
2804,0.2851,22,66,22,619144,57300,89603,36653,0.4538398175136231,0.3901205922109991
2805,0.2852,23,69,23,619213,57231,89626,36630,0.4532933088328476,0.3902579346054272
2806,0.2853,25,49,25,619262,57182,89651,36605,0.45290520846534027,0.39029929521148987
2807,0.2854,28,57,28,619319,57125,89679,36577,0.45245374477252565,0.3903545281850974
2808,0.2855,26,66,26,619385,57059,89705,36551,0.4519309973387403,0.3904604208952035
2809,0.2856,26,68,26,619453,56991,89731,36525,0.4513924090736282,0.39057487488771975
2810,0.2857,18,59,18,619512,56932,89749,36507,0.45092510454948675,0.3907040957202025
2811,0.2858,20,48,20,619560,56884,89769,36487,0.4505449245976429,0.3907744374591683
2812,0.2859,26,63,26,619623,56821,89795,36461,0.4500459384108478,0.39086854913059327
2813,0.286,23,55,23,619678,56766,89818,36438,0.44961031554936004,0.39094888631389213
2814,0.2861,26,54,26,619732,56712,89844,36412,0.4491826131035357,0.39100554099909796
2815,0.2862,26,66,26,619798,56646,89870,36386,0.44865986566975036,0.3911127354028721
2816,0.2863,23,56,23,619854,56590,89893,36363,0.4482163223925992,0.3911977020644842
2817,0.2864,22,71,22,619925,56519,89915,36341,0.44765397288049674,0.39135257376696103
2818,0.2865,18,55,18,619980,56464,89933,36323,0.447218350019009,0.39146647698492243
2819,0.2866,24,57,24,620037,56407,89957,36299,0.4467668863261944,0.3915496300131599
2820,0.2867,17,50,17,620087,56357,89974,36282,0.4463708655430237,0.39164930536814946
2821,0.2868,17,48,17,620135,56309,89991,36265,0.4459906855911798,0.39174066152483417
2822,0.2869,24,57,24,620192,56252,90015,36241,0.4455392218983652,0.3918242461591688
2823,0.287,20,51,20,620243,56201,90035,36221,0.4451352806995311,0.3919088528705287
2824,0.2871,19,50,19,620293,56151,90054,36202,0.44473925991636043,0.3919959286650136
2825,0.2872,28,59,28,620352,56092,90082,36174,0.444271955392219,0.3920620813734203
2826,0.2873,20,54,20,620406,56038,90102,36154,0.4438442529463946,0.39215984033321766
2827,0.2874,28,53,28,620459,55985,90130,36126,0.44342447091623366,0.39220071435550585
2828,0.2875,31,47,31,620506,55938,90161,36095,0.44305221138005324,0.39219627742222896
2829,0.2876,26,49,26,620555,55889,90187,36069,0.44266411101254594,0.3922334109049784
2830,0.2877,21,55,21,620610,55834,90208,36048,0.44222848815105814,0.3923292919178947
2831,0.2878,18,56,18,620666,55778,90226,36030,0.44178494487390696,0.3924494597420704
2832,0.2879,19,59,19,620725,55719,90245,36011,0.44131764034976556,0.3925760383734874
2833,0.288,22,60,22,620785,55659,90267,35989,0.4408424154099607,0.3926872381284916
2834,0.2881,18,54,18,620839,55605,90285,35971,0.44041471296413637,0.3927994234297196
2835,0.2882,22,63,22,620902,55542,90307,35949,0.43991572677734125,0.3929238941535233
2836,0.2883,23,63,23,620965,55479,90330,35926,0.4394167405905462,0.3930419561293146
2837,0.2884,26,55,26,621020,55424,90356,35900,0.4389811177290584,0.3931058648329026
2838,0.2885,14,58,14,621078,55366,90370,35886,0.4385217336205804,0.39326261342217156
2839,0.2886,20,56,20,621134,55310,90390,35866,0.4380781903434292,0.3933710625603229
2840,0.2887,33,57,33,621191,55253,90423,35833,0.43762672665061464,0.39339744856509234
2841,0.2888,26,57,26,621248,55196,90449,35807,0.4371752629578,0.3934705449270903
2842,0.2889,21,52,21,621300,55144,90470,35786,0.4367634013433025,0.393555482239085
2843,0.289,28,61,28,621361,55083,90498,35758,0.43628025598783426,0.3936328309904118
2844,0.2891,17,50,17,621411,55033,90515,35741,0.4358842352046635,0.39373609183246305
2845,0.2892,20,56,20,621467,54977,90535,35721,0.43544069192751234,0.3938455092725308
2846,0.2893,13,58,13,621525,54919,90548,35708,0.4349813078190343,0.3940106149381531
2847,0.2894,24,62,24,621587,54857,90572,35684,0.43449024204790265,0.39411979103389627
2848,0.2895,20,69,20,621656,54788,90592,35664,0.4339437333671271,0.39428647238314246
2849,0.2896,24,63,24,621719,54725,90616,35640,0.43344474718033205,0.3944004869141814
2850,0.2897,22,64,22,621783,54661,90638,35618,0.43293784057787355,0.3945325047907044
2851,0.2898,21,49,21,621832,54612,90659,35597,0.43254974021036624,0.39460585972574796
2852,0.2899,22,55,22,621887,54557,90681,35575,0.43211411734887845,0.3946988860781964
2853,0.29,26,61,26,621948,54496,90707,35549,0.4316309719934102,0.3947914931423177
2854,0.2901,21,67,21,622015,54429,90728,35528,0.4311003041439615,0.3949442511422124
2855,0.2902,24,48,24,622063,54381,90752,35504,0.4307201241921176,0.3949936029370863
2856,0.2903,19,58,19,622121,54323,90771,35485,0.43026074008363957,0.39512070194192056
2857,0.2904,20,55,20,622176,54268,90791,35465,0.42982511722215183,0.3952280654831556
2858,0.2905,25,43,25,622219,54225,90816,35440,0.429484539348625,0.3952489823230915
2859,0.2906,30,52,30,622271,54173,90846,35410,0.4290726777341275,0.3952758893986582
2860,0.2907,19,58,19,622329,54115,90865,35391,0.4286132936256495,0.39540366008982636
2861,0.2908,20,51,20,622380,54064,90885,35371,0.42820935242681535,0.39549393414211437
2862,0.2909,18,62,18,622442,54002,90903,35353,0.4277182866556837,0.3956465782552739
2863,0.291,25,52,25,622494,53950,90928,35328,0.42730642504118616,0.3957077891529828
2864,0.2911,20,44,20,622538,53906,90948,35308,0.42695792675199595,0.39576748044028964
2865,0.2912,18,61,18,622599,53845,90966,35290,0.42647478139652767,0.39591630672575306
2866,0.2913,35,37,35,622636,53808,91001,35255,0.42618172601698134,0.39584339175639716
2867,0.2914,21,44,21,622680,53764,91022,35234,0.42583322772779114,0.3958965370008315
2868,0.2915,22,39,22,622719,53725,91044,35212,0.425524331516918,0.39592070791684003
2869,0.2916,16,51,16,622770,53674,91060,35196,0.4251203903180839,0.3960391583211432
2870,0.2917,29,58,29,622828,53616,91089,35167,0.4246610062096059,0.39610060484552223
2871,0.2918,25,47,25,622875,53569,91114,35142,0.4242887466734254,0.3961402757267983
2872,0.2919,14,36,14,622911,53533,91128,35128,0.42400361170954254,0.39620577254937345
2873,0.292,23,54,23,622965,53479,91151,35105,0.4235759092637182,0.3962905265059153
2874,0.2921,21,55,21,623020,53424,91172,35084,0.4231402864022304,0.39639354634609303
2875,0.2922,16,42,16,623062,53382,91188,35068,0.422807628944367,0.39647258338044095
2876,0.2923,21,50,21,623112,53332,91209,35047,0.4224116081611963,0.396553479899071
2877,0.2924,25,51,25,623163,53281,91234,35022,0.4220076669623622,0.39661166664779224
2878,0.2925,22,47,22,623210,53234,91256,35000,0.4216354074261817,0.3966724845297731
2879,0.2926,20,49,20,623259,53185,91276,34980,0.4212473070586744,0.396756082345602
2880,0.2927,24,58,24,623317,53127,91300,34956,0.4207879229501964,0.39685296822315314
2881,0.2928,18,49,18,623366,53078,91318,34938,0.42039982258268915,0.39695055444464644
2882,0.2929,27,52,27,623418,53026,91345,34911,0.41998796096819163,0.39700012508955274
2883,0.293,21,46,21,623464,52980,91366,34890,0.41962362184767454,0.39706384431546604
2884,0.2931,20,54,20,623518,52926,91386,34870,0.4191959194018502,0.39717071392774156
2885,0.2932,17,63,17,623581,52863,91403,34853,0.41869693321505513,0.3973391399516622
2886,0.2933,28,66,28,623647,52797,91431,34825,0.4181741857812698,0.39744584693341856
2887,0.2934,24,62,24,623709,52735,91455,34801,0.41768312001013813,0.39756214585998906
2888,0.2935,24,50,24,623759,52685,91479,34777,0.41728709922696744,0.3976241110425099
2889,0.2936,29,47,29,623806,52638,91508,34748,0.41691483969078696,0.3976380655940311
2890,0.2937,24,49,24,623855,52589,91532,34724,0.41652673932327966,0.39769564669636825
2891,0.2938,23,47,23,623902,52542,91555,34701,0.41615447978709924,0.3977511089714934
2892,0.2939,22,58,22,623960,52484,91577,34679,0.41569509567862123,0.3978637724722646
2893,0.294,24,48,24,624008,52436,91601,34655,0.41531491572677737,0.3979171211721073
2894,0.2941,10,50,10,624058,52386,91611,34645,0.4149188949436066,0.3980765474371201
2895,0.2942,24,60,24,624118,52326,91635,34621,0.4144436700038018,0.3981851012685889
2896,0.2943,23,49,23,624167,52277,91658,34598,0.41405556963629453,0.3982503597122302
2897,0.2944,19,43,19,624210,52234,91677,34579,0.4137149917627677,0.3983159204266642
2898,0.2945,22,57,22,624267,52177,91699,34557,0.4132635280699531,0.39842506975349923
2899,0.2946,18,43,18,624310,52134,91717,34539,0.41292295019642633,0.3984978020836939
2900,0.2947,26,46,26,624356,52088,91743,34513,0.41255861107590924,0.3985288853477443
2901,0.2948,18,50,18,624406,52038,91761,34495,0.41216259029273855,0.3986340471265298
2902,0.2949,22,52,22,624458,51986,91783,34473,0.41175072867824103,0.3987207809481951
2903,0.295,23,63,23,624521,51923,91806,34450,0.41125174249144597,0.39885149294339667
2904,0.2951,19,45,19,624566,51878,91825,34431,0.4108953237865923,0.3989271107300513
2905,0.2952,17,43,17,624609,51835,91842,34414,0.4105547459130655,0.39900752472492435
2906,0.2953,14,45,14,624654,51790,91856,34400,0.41019832720821187,0.3991182271725258
2907,0.2954,26,42,26,624696,51748,91882,34374,0.4098656697503485,0.3991314646664035
2908,0.2955,26,51,26,624747,51697,91908,34348,0.40946172855151436,0.3991864721947818
2909,0.2956,25,44,25,624791,51653,91933,34323,0.40911323026232416,0.3992160602958965
2910,0.2957,17,47,17,624838,51606,91950,34306,0.4087409707261437,0.39931557873172546
2911,0.2958,15,39,15,624877,51567,91965,34291,0.4084320745152706,0.3993920193808381
2912,0.2959,16,57,16,624934,51510,91981,34275,0.40798061082245596,0.3995453750655709
2913,0.296,23,43,23,624977,51467,92004,34252,0.40764003294892914,0.3995846895087437
2914,0.2961,16,52,16,625029,51415,92020,34236,0.4072281713344316,0.3997151229991477
2915,0.2962,20,47,20,625076,51368,92040,34216,0.40685591179825115,0.3997943540848757
2916,0.2963,24,48,24,625124,51320,92064,34192,0.4064757318464073,0.39985031340630556
2917,0.2964,21,56,21,625180,51264,92085,34171,0.4060321885692561,0.39996488558553284
2918,0.2965,22,54,22,625234,51210,92107,34149,0.40560448612343175,0.4000632622219098
2919,0.2966,16,63,16,625297,51147,92123,34133,0.4051054999366367,0.4002462476547842
2920,0.2967,24,43,24,625340,51104,92147,34109,0.4047649220631099,0.4002793001067912
2921,0.2968,25,42,25,625382,51062,92172,34084,0.4044322646052465,0.4003006600427501
2922,0.2969,17,41,17,625423,51021,92189,34067,0.4041075275630465,0.40037373072583676
2923,0.297,18,37,18,625460,50984,92207,34049,0.4038144721835002,0.40042101301847516
2924,0.2971,17,52,17,625512,50932,92224,34032,0.4034026105690027,0.4005461136481333
2925,0.2972,21,51,21,625563,50881,92245,34011,0.40299866937016854,0.40063845827639827
2926,0.2973,20,43,20,625606,50838,92265,33991,0.4026580914966417,0.4007002322319018
2927,0.2974,21,40,21,625646,50798,92286,33970,0.4023412748701052,0.400740845602114
2928,0.2975,24,43,24,625689,50755,92310,33946,0.40200069699657837,0.40077448908513474
2929,0.2976,21,44,21,625733,50711,92331,33925,0.40165219870738816,0.400834160404556
2930,0.2977,17,54,17,625787,50657,92348,33908,0.4012244962615638,0.4009696683024892
2931,0.2978,19,44,19,625831,50613,92367,33889,0.4008759979723736,0.4010437622778159
2932,0.2979,23,55,23,625886,50558,92390,33866,0.4004403751108858,0.4011418553965697
2933,0.298,22,53,22,625939,50505,92412,33844,0.40002059308072485,0.4012377147328362
2934,0.2981,19,36,19,625975,50469,92431,33825,0.39973545811684197,0.40127411203644386
2935,0.2982,17,59,17,626034,50410,92448,33808,0.39926815359270057,0.40143437269942295
2936,0.2983,25,50,25,626084,50360,92473,33783,0.3988721328095298,0.4014950738623534
2937,0.2984,17,50,17,626134,50310,92490,33766,0.39847611202635913,0.40161282649031826
2938,0.2985,26,40,26,626174,50270,92516,33740,0.3981592953998226,0.4016188548982264
2939,0.2986,17,41,17,626215,50229,92533,33723,0.3978345583576226,0.40169382504288165
2940,0.2987,19,44,19,626259,50185,92552,33704,0.3974860600684324,0.40176900427946455
2941,0.2988,18,54,18,626313,50131,92570,33686,0.39705835762260805,0.4018993760215708
2942,0.2989,20,37,20,626350,50094,92590,33666,0.3967653022430617,0.40193409742120345
2943,0.299,27,50,27,626400,50044,92617,33639,0.39636928145989103,0.40198128652175474
2944,0.2991,16,56,16,626456,49988,92633,33623,0.39592573818273985,0.4021360825728672
2945,0.2992,18,51,18,626507,49937,92651,33605,0.3955217969839057,0.40225275909123553
2946,0.2993,20,44,20,626551,49893,92671,33585,0.3951732986947155,0.40232156975490546
2947,0.2994,15,57,15,626608,49836,92686,33570,0.3947218350019009,0.40248902956621824
2948,0.2995,26,45,26,626653,49791,92712,33544,0.39436541629704724,0.40251994960100795
2949,0.2996,20,51,20,626704,49740,92732,33524,0.39396147509821317,0.4026229823212913
2950,0.2997,13,46,13,626750,49694,92745,33511,0.39359713597769613,0.4027522384472087
2951,0.2998,19,57,19,626807,49637,92764,33492,0.3931456722848815,0.40289189091652733
2952,0.2999,22,44,22,626851,49593,92786,33470,0.3927971739956913,0.4029471605889506
2953,0.3,21,47,21,626898,49546,92807,33449,0.39242491445951083,0.40302427857099826
2954,0.3001,8,39,8,626937,49507,92815,33441,0.3921160182486377,0.4031561942421758
2955,0.3002,23,50,23,626987,49457,92838,33418,0.391719997465467,0.40323378582202113
2956,0.3003,18,47,18,627034,49410,92856,33400,0.3913477379292865,0.4033329308054583
2957,0.3004,15,42,15,627076,49368,92871,33385,0.39101508047142314,0.40342948291904823
2958,0.3005,20,39,20,627115,49329,92891,33365,0.39070618426055,0.403475463757951
2959,0.3006,17,32,17,627147,49297,92908,33348,0.39045273095932076,0.40350898420957104
2960,0.3007,26,59,26,627206,49238,92934,33322,0.3899854264351793,0.403609496124031
2961,0.3008,20,47,20,627253,49191,92954,33302,0.3896131668989989,0.4036948589577298
2962,0.3009,23,42,23,627295,49149,92977,33279,0.38928050944113546,0.40373416800116463
2963,0.301,18,49,18,627344,49100,92995,33261,0.3888924090736282,0.4038440524034434
2964,0.3011,29,46,29,627390,49054,93024,33232,0.3885280699531111,0.40385970882045547
2965,0.3012,16,50,16,627440,49004,93040,33216,0.38813204916994043,0.40398929700802727
2966,0.3013,21,38,21,627478,48966,93061,33195,0.3878310733747307,0.4040238069156899
2967,0.3014,17,43,17,627521,48923,93078,33178,0.3874904955012039,0.4041120083799223
2968,0.3015,20,57,20,627578,48866,93098,33158,0.3870390318083893,0.4042475373061543
2969,0.3016,26,40,26,627618,48826,93124,33132,0.38672221518185274,0.40425583835623125
2970,0.3017,10,66,10,627684,48760,93134,33122,0.3861994677480674,0.40450892748100925
2971,0.3018,17,37,17,627721,48723,93151,33105,0.3859064123685211,0.40456811849244756
2972,0.3019,23,54,23,627775,48669,93174,33082,0.3854787099226967,0.4046678328093846
2973,0.302,17,48,17,627823,48621,93191,33065,0.38509852997085287,0.4047817251426193
2974,0.3021,27,45,27,627868,48576,93218,33038,0.3847421112659992,0.4048079986276864
2975,0.3022,17,51,17,627919,48525,93235,33021,0.38433817006716514,0.4049370907218012
2976,0.3023,14,44,14,627963,48481,93249,33007,0.3839896717779749,0.40505350481052427
2977,0.3024,19,51,19,628014,48430,93268,32988,0.3835857305791408,0.40516839028224716
2978,0.3025,23,45,23,628059,48385,93291,32965,0.38322931187428716,0.4052243392747388
2979,0.3026,26,48,26,628107,48337,93317,32939,0.3828491319224433,0.40527338943845664
2980,0.3027,17,53,17,628160,48284,93334,32922,0.38242934989228233,0.40541339309903207
2981,0.3028,18,47,18,628207,48237,93352,32904,0.3820570903561019,0.4055163234369801
2982,0.3029,23,34,23,628241,48203,93375,32881,0.3817877962235458,0.40551773469488434
2983,0.303,18,47,18,628288,48156,93393,32863,0.38141553668736533,0.4056209037386292
2984,0.3031,19,36,19,628324,48120,93412,32844,0.38113040172348245,0.40566177560397215
2985,0.3032,19,46,19,628370,48074,93431,32825,0.3807660626029654,0.4057528523220312
2986,0.3033,18,42,18,628412,48032,93449,32807,0.380433405145102,0.40583134378208535
2987,0.3034,19,49,19,628461,47983,93468,32788,0.38004530477759474,0.4059377746963638
2988,0.3035,21,48,21,628509,47935,93489,32767,0.3796651248257509,0.4060246338380709
2989,0.3036,17,53,17,628562,47882,93506,32750,0.3792453427955899,0.40616628633793034
2990,0.3037,28,38,28,628600,47844,93534,32722,0.3789443670003802,0.40615147829109055
2991,0.3038,15,45,15,628645,47799,93549,32707,0.37858794829552656,0.40626785581198915
2992,0.3039,14,44,14,628689,47755,93563,32693,0.37823945000633635,0.4063867342879873
2993,0.304,28,45,28,628734,47710,93591,32665,0.3778830313014827,0.406407465007776
2994,0.3041,15,49,15,628783,47661,93606,32650,0.3774949309339754,0.4065445580306558
2995,0.3042,17,52,17,628835,47609,93623,32633,0.3770830693194779,0.4066822860845941
2996,0.3043,21,46,21,628881,47563,93644,32612,0.37671873019896085,0.40676021203617085
2997,0.3044,19,34,19,628915,47529,93663,32593,0.37644943606640474,0.4067921419834752
2998,0.3045,16,44,16,628959,47485,93679,32577,0.37610093777721454,0.40689715470510357
2999,0.3046,19,46,19,629005,47439,93698,32558,0.3757365986566975,0.4069902621348301
3000,0.3047,15,39,15,629044,47400,93713,32543,0.37542770244582435,0.4070775427492088
3001,0.3048,19,45,19,629089,47355,93732,32524,0.3750712837409707,0.4071658383304748
3002,0.3049,24,67,24,629156,47288,93756,32500,0.374540615891522,0.4073294229708728
3003,0.305,22,38,22,629194,47250,93778,32478,0.3742396400963123,0.4073600240818784
3004,0.3051,26,43,26,629237,47207,93804,32452,0.37389906222278546,0.40738648489185153
3005,0.3052,21,45,21,629282,47162,93825,32431,0.3735426435179318,0.40746045506514394
3006,0.3053,14,59,14,629341,47103,93839,32417,0.3730753389937904,0.40765845070422535
3007,0.3054,18,39,18,629380,47064,93857,32399,0.37276644278291726,0.4077243496973434
3008,0.3055,19,41,19,629421,47023,93876,32380,0.3724417057407173,0.4077931564298578
3009,0.3056,23,42,23,629463,46981,93899,32357,0.3721090482828539,0.4078373541052207
3010,0.3057,23,36,23,629499,46945,93922,32334,0.37182391331897097,0.40785075492879574
3011,0.3058,28,50,28,629549,46895,93950,32306,0.3714278925358003,0.4078988901655282
3012,0.3059,17,42,17,629591,46853,93967,32289,0.3710952350779369,0.40798817315711
3013,0.306,20,48,20,629639,46805,93987,32269,0.37071505512609304,0.40808609656777195
3014,0.3061,22,54,22,629693,46751,94009,32247,0.37028735268026863,0.40820020760019243
3015,0.3062,18,60,18,629753,46691,94027,32229,0.3698121277404638,0.4083755701976685
3016,0.3063,27,61,27,629814,46630,94054,32202,0.36932898238499556,0.40848893850213114
3017,0.3064,25,52,25,629866,46578,94079,32177,0.36891712077049804,0.4085708843882928
3018,0.3065,21,57,21,629923,46521,94100,32156,0.3684656570776834,0.40870902550936106
3019,0.3066,22,48,22,629971,46473,94122,32134,0.36808547712583956,0.408793110028369
3020,0.3067,19,31,19,630002,46442,94141,32115,0.3678399442402737,0.4088114362819354
3021,0.3068,14,56,14,630058,46386,94155,32101,0.36739640096312254,0.4089976684036847
3022,0.3069,14,44,14,630102,46342,94169,32087,0.36704790267393234,0.4091216259291844
3023,0.307,23,49,23,630151,46293,94192,32064,0.36665980230642503,0.4092040277192848
3024,0.3071,35,41,35,630192,46252,94227,32029,0.36633506526422505,0.40915420089165955
3025,0.3072,14,53,14,630245,46199,94241,32015,0.36591528323406414,0.40932569616692666
3026,0.3073,23,45,23,630290,46154,94264,31992,0.3655588645292105,0.40938755662477927
3027,0.3074,14,55,14,630345,46099,94278,31978,0.3651232416677227,0.4095700398324731
3028,0.3075,23,44,23,630389,46055,94301,31955,0.3647747433785325,0.4096269709011665
3029,0.3076,18,50,18,630439,46005,94319,31937,0.3643787225953618,0.4097534063791024
3030,0.3077,22,48,22,630487,45957,94341,31915,0.36399854264351794,0.4098392233408671
3031,0.3078,19,38,19,630525,45919,94360,31896,0.3636975668483082,0.4098952644091756
3032,0.3079,22,38,22,630563,45881,94382,31874,0.36339659105309846,0.4099286219535721
3033,0.308,23,42,23,630605,45839,94405,31851,0.3630639335952351,0.40997554382803447
3034,0.3081,24,33,24,630638,45806,94429,31827,0.3628025598783424,0.4099674107660402
3035,0.3082,24,44,24,630682,45762,94453,31803,0.3624540615891522,0.4100174047573003
3036,0.3083,18,39,18,630721,45723,94471,31785,0.36214516537827907,0.41008670072766684
3037,0.3084,14,54,14,630775,45669,94485,31771,0.3617174629324547,0.4102660123966942
3038,0.3085,23,42,23,630817,45627,94508,31748,0.3613848054745913,0.410313408723748
3039,0.3086,12,56,12,630873,45571,94520,31736,0.3609412621974401,0.41051909917601254
3040,0.3087,16,41,16,630914,45530,94536,31720,0.3606165251552401,0.41061488673139157
3041,0.3088,17,33,17,630947,45497,94553,31703,0.3603551514383475,0.410660621761658
3042,0.3089,18,55,18,631002,45442,94571,31685,0.3599195285768597,0.4108159269775824
3043,0.309,25,39,25,631041,45403,94596,31660,0.35961063236598656,0.41083269532719985
3044,0.3091,27,44,27,631085,45359,94623,31633,0.35926213407679636,0.41086086866167915
3045,0.3092,11,43,11,631128,45316,94634,31622,0.35892155620326954,0.41100626478463176
3046,0.3093,18,36,18,631164,45280,94652,31604,0.35863642123938666,0.41106081889599916
3047,0.3094,13,37,13,631201,45243,94665,31591,0.35834336585984033,0.4111591222635812
3048,0.3095,17,38,17,631239,45205,94682,31574,0.35804239006463057,0.4112322379817398
3049,0.3096,25,45,25,631284,45160,94707,31549,0.357685971359777,0.4112815966835704
3050,0.3097,22,34,22,631318,45126,94729,31527,0.35741667722722087,0.4112950569449337
3051,0.3098,17,40,17,631358,45086,94746,31510,0.3570998606006843,0.4113791842916079
3052,0.3099,22,50,22,631408,45036,94768,31488,0.35670383981751363,0.41147875176415244
3053,0.31,18,38,18,631446,44998,94786,31470,0.35640286402230387,0.41154469843594704
3054,0.3101,17,45,17,631491,44953,94803,31453,0.3560464453174503,0.4116561526581682
3055,0.3102,28,34,28,631525,44919,94831,31425,0.35577715118489417,0.4116237032379755
3056,0.3103,27,41,27,631566,44878,94858,31398,0.3554524141426942,0.4116366878179244
3057,0.3104,29,47,29,631613,44831,94887,31369,0.35508015460651376,0.4116666666666667
3058,0.3105,17,40,17,631653,44791,94904,31352,0.35476333797997717,0.4117515726987379
3059,0.3106,24,26,24,631679,44765,94928,31328,0.35455740717272843,0.4117067272942321
3060,0.3107,26,35,26,631714,44730,94954,31302,0.35428019262450894,0.41169507575757575
3061,0.3108,24,42,24,631756,44688,94978,31278,0.35394753516664557,0.4117368296343101
3062,0.3109,19,41,19,631797,44647,94997,31259,0.3536227981244456,0.41181197797275576
3063,0.311,17,43,17,631840,44604,95014,31242,0.35328222025091877,0.4119136144292382
3064,0.3111,18,35,18,631875,44569,95032,31224,0.35300500570269927,0.4119641655561859
3065,0.3112,27,40,27,631915,44529,95059,31197,0.35268818907616273,0.41197210997543776
3066,0.3113,17,40,17,631955,44489,95076,31180,0.35237137244962613,0.4120577779539838
3067,0.3114,17,40,17,631995,44449,95093,31163,0.3520545558230896,0.4121435750939004
3068,0.3115,24,47,24,632042,44402,95117,31139,0.3516822962869091,0.41221323519678055
3069,0.3116,20,55,20,632097,44347,95137,31119,0.3512466734254214,0.412357883020168
3070,0.3117,12,41,12,632138,44306,95149,31107,0.3509219363832214,0.4124885629798576
3071,0.3118,21,34,21,632172,44272,95170,31086,0.35065264225066534,0.41251094774277447
3072,0.3119,18,51,18,632223,44221,95188,31068,0.3502487010518312,0.4126499222994063
3073,0.312,15,34,15,632257,44187,95203,31053,0.34997940691927515,0.41271929824561404
3074,0.3121,16,43,16,632300,44144,95219,31037,0.34963882904574833,0.4128303693752411
3075,0.3122,16,51,16,632351,44093,95235,31021,0.3492348878469142,0.41298559522858586
3076,0.3123,24,44,24,632395,44049,95259,30997,0.348886389557724,0.4130400021320257
3077,0.3124,17,39,17,632434,44010,95276,30980,0.34857749334685084,0.41312174956660885
3078,0.3125,10,37,10,632471,43973,95286,30970,0.3482844379673045,0.4132474013583657
3079,0.3126,18,28,18,632499,43945,95304,30952,0.34806266632872895,0.41326087827282804
3080,0.3127,19,38,19,632537,43907,95323,30933,0.3477616905335192,0.4133217530732229
3081,0.3128,18,43,18,632580,43864,95341,30915,0.34742111265999237,0.41341820564597015
3082,0.3129,9,35,9,632615,43829,95350,30906,0.34714389811177293,0.41354117883187264
3083,0.313,21,46,21,632661,43783,95371,30885,0.34677955899125584,0.41363100658916807
3084,0.3131,18,43,18,632704,43740,95389,30867,0.3464389811177291,0.4137279343761309
3085,0.3132,27,44,27,632748,43696,95416,30840,0.3460904828285388,0.41375979392508316
3086,0.3133,23,49,23,632797,43647,95439,30817,0.3457023824610316,0.4138509883970778
3087,0.3134,18,51,18,632848,43596,95457,30799,0.34529844126219744,0.4139928758653135
3088,0.3135,11,43,11,632891,43553,95468,30788,0.3449578633886706,0.4141456262358591
3089,0.3136,11,39,11,632930,43514,95479,30777,0.34464896717779747,0.41427629187923165
3090,0.3137,20,39,20,632969,43475,95499,30757,0.3443400709669243,0.4143361353594137
3091,0.3138,11,35,11,633004,43440,95510,30746,0.3440628564187049,0.41444477394656676
3092,0.3139,14,48,14,633052,43392,95524,30732,0.34368267646686096,0.4146025578759916
3093,0.314,21,37,21,633089,43355,95545,30711,0.3433896210873147,0.41464369616288177
3094,0.3141,18,37,18,633126,43318,95563,30693,0.34309656570776836,0.41470862439367123
3095,0.3142,16,43,16,633169,43275,95579,30677,0.34275598783424155,0.414823128515794
3096,0.3143,14,39,14,633208,43236,95593,30663,0.3424470916233684,0.41493118986725125
3097,0.3144,17,50,17,633258,43186,95610,30646,0.3420510708401977,0.41507747318235994
3098,0.3145,18,48,18,633306,43138,95628,30628,0.34167089088835384,0.4152048369167367
3099,0.3146,19,40,19,633346,43098,95647,30609,0.34135407426181724,0.41527941715169525
3100,0.3147,25,38,25,633384,43060,95672,30584,0.34105309846660753,0.41529520395415787
3101,0.3148,20,37,20,633421,43023,95692,30564,0.3407600430870612,0.41534510171633576
3102,0.3149,21,34,21,633455,42989,95713,30543,0.34049074895450515,0.41537017896970024
3103,0.315,12,46,12,633501,42943,95725,30531,0.34012640983398806,0.41553474698532816
3104,0.3151,19,38,19,633539,42905,95744,30512,0.33982543403877835,0.4155985670893662
3105,0.3152,14,38,14,633577,42867,95758,30498,0.33952445824356864,0.4157023103659783
3106,0.3153,12,44,12,633621,42823,95770,30486,0.3391759599543784,0.4158561704565606
3107,0.3154,17,39,17,633660,42784,95787,30469,0.3388670637435053,0.41594200920098834
3108,0.3155,9,48,9,633708,42736,95796,30460,0.33848688379166136,0.4161429586316192
3109,0.3156,14,47,14,633755,42689,95810,30446,0.33811462425548094,0.41629862582894644
3110,0.3157,24,35,24,633790,42654,95834,30422,0.33783740970726145,0.41630631123761563
3111,0.3158,24,51,24,633841,42603,95858,30398,0.3374334685084273,0.41640525472253803
3112,0.3159,21,55,21,633896,42548,95879,30377,0.3369978456469396,0.41655125128556736
3113,0.316,17,37,17,633933,42511,95896,30360,0.33670479026739325,0.41662664159953894
3114,0.3161,17,38,17,633971,42473,95913,30343,0.3364038144721835,0.41670786640298835
3115,0.3162,12,37,12,634008,42436,95925,30331,0.33611075909263716,0.4168235601302788
3116,0.3163,17,30,17,634038,42406,95942,30314,0.33587314662273476,0.41685918591859183
3117,0.3164,18,45,18,634083,42361,95960,30296,0.3355167279178811,0.4169729000646875
3118,0.3165,19,34,19,634117,42327,95979,30277,0.33524743378532507,0.4170155914274696
3119,0.3166,24,34,24,634151,42293,96003,30253,0.33497813965276896,0.4170181677831996
3120,0.3167,23,37,23,634188,42256,96026,30230,0.33468508427322263,0.4170460502717766
3121,0.3168,17,39,17,634227,42217,96043,30213,0.33437618806234953,0.41713378434350407
3122,0.3169,18,31,18,634258,42186,96061,30195,0.3341306551767837,0.41716748870559955
3123,0.317,22,53,22,634311,42133,96083,30173,0.33371087314662273,0.4172959367134124
3124,0.3171,16,23,16,634334,42110,96099,30157,0.3335287035863642,0.4172997357023261
3125,0.3172,14,37,14,634371,42073,96113,30143,0.3332356482068179,0.4174005760496289
3126,0.3173,16,38,16,634409,42035,96129,30127,0.3329346724116082,0.41749120035475734
3127,0.3174,19,37,19,634446,41998,96148,30108,0.33264161703206185,0.417551937425457
3128,0.3175,20,33,20,634479,41965,96168,30088,0.3323802433151692,0.4175815025051004
3129,0.3176,20,39,20,634518,41926,96188,30068,0.33207134710429603,0.41764591493735587
3130,0.3177,18,43,18,634561,41883,96206,30050,0.3317307692307692,0.41774985055537794
3131,0.3178,21,50,21,634611,41833,96227,30029,0.3313347484475985,0.4178703626395035
3132,0.3179,19,39,19,634650,41794,96246,30010,0.33102585223672537,0.4179432900674057
3133,0.318,11,35,11,634685,41759,96257,29999,0.3307486376885059,0.4180579168873157
3134,0.3181,22,38,22,634723,41721,96279,29977,0.33044766189329616,0.41810092331724735
3135,0.3182,12,47,12,634770,41674,96291,29965,0.3300754023571157,0.4182777537374894
3136,0.3183,21,43,21,634813,41631,96312,29944,0.3297348244835889,0.4183583653510304
3137,0.3184,17,49,17,634862,41582,96329,29927,0.3293467241160816,0.4185067613866786
3138,0.3185,22,40,22,634902,41542,96351,29905,0.329029907489545,0.4185620110011617
3139,0.3186,13,42,13,634944,41500,96364,29892,0.32869725003168165,0.41870237561631557
3140,0.3187,25,40,25,634984,41460,96389,29867,0.3283804334051451,0.41873343895018716
3141,0.3188,16,36,16,635020,41424,96405,29851,0.3280952984412622,0.4188144510698001
3142,0.3189,20,34,20,635054,41390,96425,29831,0.3278260043087061,0.41885118153353645
3143,0.319,16,40,16,635094,41350,96441,29815,0.3275091876821696,0.418955947446076
3144,0.3191,19,40,19,635134,41310,96460,29796,0.327192371055633,0.41903636823896717
3145,0.3192,22,33,22,635167,41277,96482,29774,0.3269309973387403,0.41905110413646535
3146,0.3193,19,39,19,635206,41238,96501,29755,0.3266221011278672,0.4191258293071148
3147,0.3194,22,36,22,635242,41202,96523,29733,0.3263369661639843,0.4191583844364559
3148,0.3195,14,36,14,635278,41166,96537,29719,0.3260518312001014,0.4192565422868026
3149,0.3196,19,27,19,635305,41139,96556,29700,0.3258379799771892,0.4192605768009148
3150,0.3197,15,43,15,635348,41096,96571,29685,0.3254974021036624,0.41939220977380937
3151,0.3198,27,44,27,635392,41052,96598,29658,0.3251489038144722,0.4194314806957997
3152,0.3199,13,33,13,635425,41019,96611,29645,0.32488753009757954,0.4195205479452055
3153,0.32,14,34,14,635459,40985,96625,29631,0.3246182359650234,0.41960745440126884
3154,0.3201,17,36,17,635495,40949,96642,29614,0.32433310100114054,0.41968170287544465
3155,0.3202,17,52,17,635547,40897,96659,29597,0.323921239386643,0.4198513348653786
3156,0.3203,17,36,17,635583,40861,96676,29580,0.3236361044227601,0.4199258954302182
3157,0.3204,17,38,17,635621,40823,96693,29563,0.32333512862755037,0.4200125024862899
3158,0.3205,20,33,20,635654,40790,96713,29543,0.3230737549106577,0.42004464476134956
3159,0.3206,20,45,20,635699,40745,96733,29523,0.32271733620580406,0.4201485740308533
3160,0.3207,15,28,15,635727,40717,96748,29508,0.3224955645672285,0.4201922392310431
3161,0.3208,22,34,22,635761,40683,96770,29486,0.3222262704346724,0.42021405463951317
3162,0.3209,20,47,20,635808,40636,96790,29466,0.32185401089849197,0.42033037573821
3163,0.321,16,31,16,635839,40605,96806,29450,0.32160847801292614,0.42038398401256155
3164,0.3211,17,37,17,635876,40568,96823,29433,0.3213154226333798,0.42046542192254394
3165,0.3212,14,42,14,635918,40526,96837,29419,0.32098276517551644,0.42060190149403104
3166,0.3213,17,29,17,635947,40497,96854,29402,0.32075307312127743,0.4206354883474728
3167,0.3214,21,37,21,635984,40460,96875,29381,0.3204600177417311,0.4206841253704844
3168,0.3215,17,34,17,636018,40426,96892,29364,0.320190723609175,0.4207479581601949
3169,0.3216,26,36,26,636054,40390,96918,29338,0.3199055886452921,0.42074919687930246
3170,0.3217,16,29,16,636083,40361,96934,29322,0.3196758965910531,0.4207912977340241
3171,0.3218,20,28,20,636111,40333,96954,29302,0.3194541249524775,0.42079414087743233
3172,0.3219,24,50,24,636161,40283,96978,29278,0.3190581041693068,0.4208967668664913
3173,0.322,15,25,15,636186,40258,96993,29263,0.31886009377772145,0.4209231742926598
3174,0.3221,18,36,18,636222,40222,97011,29245,0.31857495881383857,0.42099126203809
3175,0.3222,25,38,25,636260,40184,97036,29220,0.3182739830186288,0.4210131980865656
3176,0.3223,25,39,25,636299,40145,97061,29195,0.31796508680775565,0.4210412460340352
3177,0.3224,16,42,16,636341,40103,97077,29179,0.3176324293498923,0.4211627839842961
3178,0.3225,16,36,16,636377,40067,97093,29163,0.3173472943860094,0.42124801386682076
3179,0.3226,15,38,15,636415,40029,97108,29148,0.3170463185907996,0.4213539182098096
3180,0.3227,20,28,20,636443,40001,97128,29128,0.31682454695222406,0.4213571728218259
3181,0.3228,15,34,15,636477,39967,97143,29113,0.31655525281966795,0.4214389114070643
3182,0.3229,14,29,14,636506,39938,97157,29099,0.31632556076542895,0.4214986166838072
3183,0.323,20,30,20,636536,39908,97177,29079,0.31608794829552656,0.4215141983272211
3184,0.3231,17,27,17,636563,39881,97194,29062,0.3158740970726144,0.4215366317102534
3185,0.3232,14,44,14,636607,39837,97208,29048,0.3155255987834242,0.4216883211149016
3186,0.3233,15,34,15,636641,39803,97223,29033,0.31525630465086807,0.42177058515892846
3187,0.3234,19,38,19,636679,39765,97242,29014,0.31495532885565836,0.42184387676471014
3188,0.3235,21,33,21,636712,39732,97263,28993,0.3146939551387657,0.42186977082575483
3189,0.3236,24,27,24,636739,39705,97287,28969,0.3144801039158535,0.421833590587413
3190,0.3237,19,38,19,636777,39667,97306,28950,0.31417912812064375,0.42190710756809535
3191,0.3238,18,40,18,636817,39627,97324,28932,0.3138623114941072,0.42200148776965823
3192,0.3239,14,35,14,636852,39592,97338,28918,0.3135850969458877,0.4220989636549409
3193,0.324,19,39,19,636891,39553,97357,28899,0.31327620073501455,0.42217904517033833
3194,0.3241,16,34,16,636925,39519,97373,28883,0.3130069066024585,0.4222537352708985
3195,0.3242,20,32,20,636957,39487,97393,28863,0.3127534533012292,0.4222823701536211
3196,0.3243,19,31,19,636988,39456,97412,28844,0.3125079204156634,0.42231332357247436
3197,0.3244,10,39,10,637027,39417,97422,28834,0.3121990242047903,0.422470000439554
3198,0.3245,18,31,18,637058,39386,97440,28816,0.31195349131922445,0.42250960382393477
3199,0.3246,27,40,27,637098,39346,97467,28789,0.31163667469268785,0.4225288031114699
3200,0.3247,9,38,9,637136,39308,97476,28780,0.31133569889747814,0.4226882857478557
3201,0.3248,15,40,15,637176,39268,97491,28765,0.3110188822709416,0.4228095189099408
3202,0.3249,16,38,16,637214,39230,97507,28749,0.31071790647573183,0.42291001632857206
3203,0.325,24,36,24,637250,39194,97531,28725,0.31043277151184895,0.42293025515687804
3204,0.3251,19,40,19,637290,39154,97550,28706,0.3101159548853124,0.423017978190392
3205,0.3252,15,36,15,637326,39118,97565,28691,0.30983081992142947,0.4231149257473197
3206,0.3253,18,37,18,637363,39081,97583,28673,0.30953776454188314,0.4231927266286861
3207,0.3254,20,34,20,637397,39047,97603,28653,0.3092684704093271,0.42323485967503693
3208,0.3255,18,45,18,637442,39002,97621,28635,0.30891205170447344,0.42336295223028814
3209,0.3256,15,37,15,637479,38965,97636,28620,0.3086189963249271,0.4234667455796405
3210,0.3257,15,27,15,637506,38938,97651,28605,0.30840514510201494,0.42350798750425656
3211,0.3258,17,42,17,637548,38896,97668,28588,0.30807248764415157,0.4236263410586213
3212,0.3259,16,33,16,637581,38863,97684,28572,0.3078111139272589,0.42369689330466376
3213,0.326,17,35,17,637616,38828,97701,28555,0.3075338993790394,0.4237715744327204
3214,0.3261,21,42,21,637658,38786,97722,28534,0.30720124192117604,0.4238562091503268
3215,0.3262,18,44,18,637702,38742,97740,28516,0.3068527436319858,0.4239793035772696
3216,0.3263,20,45,20,637747,38697,97760,28496,0.3064963249271322,0.42409179527629365
3217,0.3264,23,39,23,637786,38658,97783,28473,0.30618742871625904,0.42414085891763864
3218,0.3265,24,35,24,637821,38623,97807,28449,0.30591021416803954,0.4241561307251908
3219,0.3266,23,41,23,637862,38582,97830,28426,0.30558547712583956,0.42421800382043934
3220,0.3267,13,32,13,637894,38550,97843,28413,0.30533202382461033,0.42430894673177727
3221,0.3268,13,28,13,637922,38522,97856,28400,0.3051102521860347,0.4243746451092316
3222,0.3269,25,29,25,637951,38493,97881,28375,0.3048805601317957,0.42434348268229943
3223,0.327,14,33,14,637984,38460,97895,28361,0.30461918641490304,0.4244324389039374
3224,0.3271,9,33,9,638017,38427,97904,28352,0.3043578126980104,0.42456460863445095
3225,0.3272,18,44,18,638061,38383,97922,28334,0.3040093144088202,0.4246893595335522
3226,0.3273,17,36,17,638097,38347,97939,28317,0.3037241794449373,0.4247719908796352
3227,0.3274,14,32,14,638129,38315,97953,28303,0.303470726143708,0.42485514425530635
3228,0.3275,18,35,18,638164,38280,97971,28285,0.3031935115954885,0.42492300758656953
3229,0.3276,14,34,14,638198,38246,97985,28271,0.30292421746293247,0.4250191680322324
3230,0.3277,15,35,15,638233,38211,98000,28256,0.30264700291471297,0.4251132140761581
3231,0.3278,13,28,13,638261,38183,98013,28243,0.30242523127613735,0.42517989943696743
3232,0.3279,18,35,18,638296,38148,98031,28225,0.30214801672791786,0.42524821840206106
3233,0.328,13,42,13,638338,38106,98044,28212,0.3018153592700545,0.42540486745679906
3234,0.3281,17,38,17,638376,38068,98061,28195,0.30151438347484477,0.4255014110438706
3235,0.3282,14,33,14,638409,38035,98075,28181,0.3012530097579521,0.4255920019330675
3236,0.3283,16,39,16,638448,37996,98091,28165,0.30094411354707895,0.42570396457127313
3237,0.3284,11,42,11,638490,37954,98102,28154,0.3006114560892156,0.42587886488775945
3238,0.3285,18,26,18,638516,37928,98120,28136,0.3004055252819668,0.4258900460159845
3239,0.3286,16,35,16,638551,37893,98136,28120,0.3001283107337473,0.42597670155878387
3240,0.3287,15,39,15,638590,37854,98151,28105,0.29981941452287414,0.4260980305947634
3241,0.3288,20,41,20,638631,37813,98171,28085,0.2994946774806742,0.4261889586937388
3242,0.3289,10,29,10,638660,37784,98181,28075,0.2992649854264352,0.4262894972592964
3243,0.329,14,41,14,638701,37743,98195,28061,0.2989402483842352,0.42643304358397666
3244,0.3291,15,31,15,638732,37712,98210,28046,0.2986947154986694,0.4265032391496092
3245,0.3292,14,32,14,638764,37680,98224,28032,0.2984412621974401,0.42658875091307524
3246,0.3293,18,40,18,638804,37640,98242,28014,0.29812444557090356,0.4266914430194657
3247,0.3294,17,39,17,638843,37601,98259,27997,0.2978155493600304,0.4267965486752645
3248,0.3295,16,40,16,638883,37561,98275,27981,0.29749873273349386,0.42691709133074973
3249,0.3296,21,38,21,638921,37523,98296,27960,0.2971977569382841,0.42698104851640883
3250,0.3297,12,34,12,638955,37489,98308,27948,0.29692846280572804,0.4270978192765561
3251,0.3298,16,52,16,639007,37437,98324,27932,0.2965166011912305,0.42729734277715736
3252,0.3299,18,36,18,639043,37401,98342,27914,0.2962314662273476,0.42737502870703514
3253,0.33,15,44,15,639087,37357,98357,27899,0.2958829679381574,0.42753156797842345
3254,0.3301,14,30,14,639117,37327,98371,27885,0.295645355468255,0.4276053487088266
3255,0.3302,26,25,26,639142,37302,98397,27859,0.29544734507666964,0.42754101379659615
3256,0.3303,16,32,16,639174,37270,98413,27843,0.29519389177544036,0.42761046181254125
3257,0.3304,16,35,16,639209,37235,98429,27827,0.29491667722722087,0.42769973256278626
3258,0.3305,11,41,11,639250,37194,98440,27816,0.2945919401850209,0.42787263497923395
3259,0.3306,17,29,17,639279,37165,98457,27799,0.2943622481307819,0.4279139215565544
3260,0.3307,16,36,16,639315,37129,98473,27783,0.294077113166899,0.4280102292334237
3261,0.3308,16,34,16,639349,37095,98489,27767,0.29380781903434294,0.42809349079584347
3262,0.3309,18,38,18,639387,37057,98507,27749,0.2935068432391332,0.4281856618214363
3263,0.331,21,20,21,639407,37037,98528,27728,0.29334843492586493,0.42813247896240253
3264,0.3311,19,26,19,639433,37011,98547,27709,0.29314250411861614,0.42813658838071694
3265,0.3312,17,37,17,639470,36974,98564,27692,0.2928494487390698,0.42823121887854515
3266,0.3313,24,31,24,639501,36943,98588,27668,0.292603915853504,0.42822429617247837
3267,0.3314,12,48,12,639549,36895,98600,27656,0.2922237359016601,0.4284364301095258
3268,0.3315,23,40,23,639589,36855,98623,27633,0.2919069192751236,0.4284983252698176
3269,0.3316,16,40,16,639629,36815,98639,27617,0.291590102648587,0.42862242364042713
3270,0.3317,12,44,12,639673,36771,98651,27605,0.2912416043593968,0.42880887287187774
3271,0.3318,10,27,10,639700,36744,98661,27595,0.2910277531364846,0.42890004507374996
3272,0.3319,26,32,26,639732,36712,98687,27569,0.2907742998352554,0.42888256249902773
3273,0.332,8,30,8,639762,36682,98695,27561,0.29053668736535293,0.4290117211213673
3274,0.3321,22,39,22,639801,36643,98717,27539,0.2902277911544798,0.4290766881680222
3275,0.3322,17,36,17,639837,36607,98734,27522,0.2899426561905969,0.4291662118542313
3276,0.3323,11,36,11,639873,36571,98745,27511,0.28965752122671395,0.42930932243063574
3277,0.3324,21,25,21,639898,36546,98766,27490,0.2894595108351286,0.4292897745018427
3278,0.3325,22,28,22,639926,36518,98788,27468,0.28923773919655305,0.429281405307411
3279,0.3326,10,46,10,639972,36472,98798,27458,0.288873400076036,0.42950101673705615
3280,0.3327,22,38,22,640010,36434,98820,27436,0.28857242428082625,0.42956004383904806
3281,0.3328,16,37,16,640047,36397,98836,27420,0.2882793689012799,0.4296660764373129
3282,0.3329,15,26,15,640073,36371,98851,27405,0.2880734380940312,0.42970709984947314
3283,0.333,17,31,17,640104,36340,98868,27388,0.28782790520846535,0.4297639969871956
3284,0.3331,18,40,18,640144,36300,98886,27370,0.28751108858192875,0.4298727815297628
3285,0.3332,12,26,12,640170,36274,98898,27358,0.28730515777468,0.4299409102338446
3286,0.3333,14,37,14,640207,36237,98912,27344,0.2870121023951337,0.4300655856309275
3287,0.3334,15,30,15,640237,36207,98927,27329,0.2867744899252313,0.43013409720473433
3288,0.3335,14,33,14,640270,36174,98941,27315,0.28651311620833864,0.4302320086944195
3289,0.3336,23,36,23,640306,36138,98964,27292,0.2862279812444557,0.430269588522781
3290,0.3337,21,26,21,640332,36112,98985,27271,0.28602205043720696,0.43025732451919285
3291,0.3338,17,37,17,640369,36075,99002,27254,0.28572899505766064,0.4303557611836599
3292,0.3339,18,34,18,640403,36041,99020,27236,0.28545970092510453,0.43042495693537935
3293,0.334,19,38,19,640441,36003,99039,27217,0.2851587251298948,0.4305124960455552
3294,0.3341,13,24,13,640465,35979,99052,27204,0.28496863515397286,0.43055885285598977
3295,0.3342,16,42,16,640507,35937,99068,27188,0.2846359776961095,0.4307009900990099
3296,0.3343,17,26,17,640533,35911,99085,27171,0.28443004688886075,0.4307250879807235
3297,0.3344,20,43,20,640576,35868,99105,27151,0.28408946901533394,0.4308383186023263
3298,0.3345,18,28,18,640604,35840,99123,27133,0.2838676973767583,0.43086719705270515
3299,0.3346,7,29,7,640633,35811,99130,27126,0.2836380053225193,0.431002431002431
3300,0.3347,15,39,15,640672,35772,99145,27111,0.28332910911164616,0.43113401078192837
3301,0.3348,16,26,16,640698,35746,99161,27095,0.2831231783043974,0.43116754984802913
3302,0.3349,18,39,18,640737,35707,99179,27077,0.28281428209352427,0.4312722986748216
3303,0.335,4,31,4,640768,35676,99183,27073,0.28256874920795844,0.43144910675867343
3304,0.3351,15,33,15,640801,35643,99198,27058,0.28230737549106577,0.43154016682349566
3305,0.3352,13,22,13,640823,35621,99211,27045,0.28213312634647064,0.4315737401461718
3306,0.3353,20,25,20,640848,35596,99231,27025,0.2819351159548853,0.431564491145143
3307,0.3354,13,33,13,640881,35563,99244,27012,0.28167374223799263,0.43167399121054734
3308,0.3355,19,35,19,640916,35528,99263,26993,0.28139652768977313,0.4317429343740503
3309,0.3356,7,31,7,640947,35497,99270,26986,0.2811509948042073,0.43189347502520686
3310,0.3357,12,40,12,640987,35457,99282,26974,0.28083417817767076,0.4320609953388541
3311,0.3358,11,35,11,641022,35422,99293,26963,0.28055696362945126,0.4322032539873367
3312,0.3359,21,34,21,641056,35388,99314,26942,0.2802876694968952,0.43224771378148563
3313,0.336,16,36,16,641092,35352,99330,26926,0.28000253453301227,0.4323517132855904
3314,0.3361,13,36,13,641128,35316,99343,26913,0.2797173995691294,0.4324832473605554
3315,0.3362,17,27,17,641155,35289,99360,26896,0.2795035483462172,0.43251588003537833
3316,0.3363,13,31,13,641186,35258,99373,26883,0.2792580154606514,0.4326129286622359
3317,0.3364,22,27,22,641213,35231,99395,26861,0.2790441642377392,0.43260001288410743
3318,0.3365,14,26,14,641239,35205,99409,26847,0.2788382334304904,0.432653258557339
3319,0.3366,14,31,14,641270,35174,99423,26833,0.2785927005449246,0.43274146467334335
3320,0.3367,18,30,18,641300,35144,99441,26815,0.2783550880750222,0.43278619732403684
3321,0.3368,7,31,7,641331,35113,99448,26808,0.27810955518945635,0.43293874452931963
3322,0.3369,19,28,19,641359,35085,99467,26789,0.27788778355088073,0.4329605326954779
3323,0.337,24,20,24,641379,35065,99491,26765,0.2777293752376125,0.43288047873200713
3324,0.3371,16,37,16,641416,35028,99507,26749,0.27743631985806616,0.4329928614209172
3325,0.3372,16,31,16,641447,34997,99523,26733,0.2771907869725003,0.4330633403531508
3326,0.3373,13,37,13,641484,34960,99536,26720,0.276897731592954,0.43320363164721143
3327,0.3374,16,21,16,641505,34939,99552,26704,0.2767314028640223,0.43320409454439274
3328,0.3375,16,31,16,641536,34908,99568,26688,0.2764858699784565,0.43327488797973895
3329,0.3376,20,31,20,641567,34877,99588,26668,0.27624033709289064,0.43330896092290194
3330,0.3377,14,36,14,641603,34841,99602,26654,0.2759552021290077,0.43343361248882023
3331,0.3378,12,46,12,641649,34795,99614,26642,0.27559086300849067,0.4336474762765109
3332,0.3379,24,18,24,641667,34777,99638,26618,0.27544829552654926,0.43355322094633114
3333,0.338,16,50,16,641717,34727,99654,26602,0.2750522747433785,0.43375890687929036
3334,0.3381,15,32,15,641749,34695,99669,26587,0.2747988214421493,0.4338468065663653
3335,0.3382,28,32,28,641781,34663,99697,26559,0.27454536814092,0.433814641795433
3336,0.3383,17,49,17,641830,34614,99714,26542,0.27415726777341276,0.43400484008110407
3337,0.3384,16,32,16,641862,34582,99730,26526,0.2739038144721835,0.4340839169994109
3338,0.3385,17,36,17,641898,34546,99747,26509,0.2736186795083006,0.43418229465236263
3339,0.3386,13,42,13,641940,34504,99760,26496,0.2732860220504372,0.43436065573770494
3340,0.3387,14,28,14,641968,34476,99774,26482,0.2730642504118616,0.4344302634600873
3341,0.3388,12,27,12,641995,34449,99786,26470,0.27285039918894943,0.4345114003841166
3342,0.3389,17,34,17,642029,34415,99803,26453,0.2725811050563934,0.43459617533022277
3343,0.339,18,47,18,642076,34368,99821,26435,0.2722088455202129,0.4347647320033551
3344,0.3391,15,31,15,642107,34337,99836,26420,0.27196331263464707,0.43484701351284627
3345,0.3392,15,37,15,642144,34300,99851,26405,0.27167025725510074,0.4349724075446833
3346,0.3393,15,31,15,642175,34269,99866,26390,0.2714247243695349,0.4350549794754282
3347,0.3394,15,29,15,642204,34240,99881,26375,0.2711950323152959,0.4351233193104017
3348,0.3395,10,34,10,642238,34206,99891,26365,0.27092573818273985,0.43527430618612867
3349,0.3396,12,33,12,642271,34173,99903,26353,0.2706643644658472,0.43539966295476323
3350,0.3397,23,26,23,642297,34147,99926,26330,0.2704584336585984,0.43537212494005983
3351,0.3398,7,33,7,642330,34114,99933,26323,0.27019705994170573,0.43554445124675284
3352,0.3399,17,38,17,642368,34076,99950,26306,0.269896084146496,0.43565963366566196
3353,0.34,8,36,8,642404,34040,99958,26298,0.2696109491826131,0.4358447412907289
3354,0.3401,17,16,17,642420,34024,99975,26281,0.2694842225319985,0.4358013431722079
3355,0.3402,16,26,16,642446,33998,99991,26265,0.2692782917247497,0.43583956988533595
3356,0.3403,23,20,23,642466,33978,100014,26242,0.2691198834114814,0.4357688475589505
3357,0.3404,19,39,19,642505,33939,100033,26223,0.2688109872006083,0.4358731425152089
3358,0.3405,21,35,21,642540,33904,100054,26202,0.2685337726523888,0.4359298572521878
3359,0.3406,12,22,12,642562,33882,100066,26190,0.2683595235077937,0.43597682780663205
3360,0.3407,14,38,14,642600,33844,100080,26176,0.26805854771258397,0.4361212929023659
3361,0.3408,11,32,11,642632,33812,100091,26165,0.2678050944113547,0.43625056271570767
3362,0.3409,14,25,14,642657,33787,100105,26151,0.26760708401976935,0.4363008442056792
3363,0.341,24,29,24,642686,33758,100129,26127,0.26737739196553034,0.43628621524588795
3364,0.3411,22,33,22,642719,33725,100151,26105,0.2671160182486377,0.4363195721210095
3365,0.3412,14,26,14,642745,33699,100165,26091,0.26691008744138894,0.4363773206221776
3366,0.3413,16,35,16,642780,33664,100181,26075,0.26663287289316945,0.4364820301645491
3367,0.3414,17,24,17,642804,33640,100198,26058,0.2664427829172475,0.43649703507655196
3368,0.3415,14,25,14,642829,33615,100212,26044,0.26624477252566214,0.43654771283461
3369,0.3416,19,35,19,642864,33580,100231,26025,0.26596755797744265,0.43662444425803204
3370,0.3417,18,29,18,642893,33551,100249,26007,0.26573786592320364,0.4366667786023708
3371,0.3418,13,29,13,642922,33522,100262,25994,0.26550817386896464,0.43675650245312186
3372,0.3419,13,22,13,642944,33500,100275,25981,0.2653339247243695,0.4367949429229502
3373,0.342,20,37,20,642981,33463,100295,25961,0.26504086934482324,0.43687735595045774
3374,0.3421,19,24,19,643005,33439,100314,25942,0.2648507793689013,0.43687374749499
3375,0.3422,21,34,21,643039,33405,100335,25921,0.2645814852363452,0.4369247884570003
3376,0.3423,16,35,16,643074,33370,100351,25905,0.26430427068812573,0.43703078869675244
3377,0.3424,16,31,16,643105,33339,100367,25889,0.2640587378025599,0.43710744917944216
3378,0.3425,11,38,11,643143,33301,100378,25878,0.2637577620073501,0.4372834958346711
3379,0.3426,24,28,24,643171,33273,100402,25854,0.26353599036877456,0.4372621644933787
3380,0.3427,17,31,17,643202,33242,100419,25837,0.26329045748320873,0.43732967721186883
3381,0.3428,18,21,18,643223,33221,100437,25819,0.26312412875427704,0.43731368563685635
3382,0.3429,19,40,19,643263,33181,100456,25800,0.26280731212774044,0.4374290025601465
3383,0.343,20,35,20,643298,33146,100476,25780,0.26253009757952095,0.43749787869531276
3384,0.3431,18,30,18,643328,33116,100494,25762,0.26229248510961856,0.43754882978362036
3385,0.3432,17,32,17,643360,33084,100511,25745,0.2620390318083893,0.4376243009400126
3386,0.3433,17,23,17,643383,33061,100528,25728,0.26185686224813076,0.43763289050672743
3387,0.3434,13,18,13,643401,33043,100541,25715,0.26171429476618935,0.43764253378263385
3388,0.3435,11,14,11,643415,33029,100552,25704,0.26160340894690154,0.437641530315155
3389,0.3436,13,26,13,643441,33003,100565,25691,0.26139747813965275,0.4377108392680683
3390,0.3437,11,34,11,643475,32969,100576,25680,0.2611281840070967,0.4378591280328735
3391,0.3438,15,38,15,643513,32931,100591,25665,0.260827208211887,0.43799918083145606
3392,0.3439,12,23,12,643536,32908,100603,25653,0.2606450386516284,0.43805604412492954
3393,0.344,21,29,21,643565,32879,100624,25632,0.2604153465973894,0.4380714737399805
3394,0.3441,21,20,21,643585,32859,100645,25611,0.26025693828412116,0.43801949717804
3395,0.3442,21,35,21,643620,32824,100666,25590,0.25997972373590167,0.43807991234977917
3396,0.3443,18,29,18,643649,32795,100684,25572,0.25975003168166266,0.4381242825569243
3397,0.3444,19,28,19,643677,32767,100703,25553,0.25952826004308704,0.43815157750342937
3398,0.3445,16,34,16,643711,32733,100719,25537,0.259258965910531,0.438252960356959
3399,0.3446,16,25,16,643736,32708,100735,25521,0.25906095551894565,0.43828676432705355
3400,0.3447,10,26,10,643762,32682,100745,25511,0.25885502471169686,0.43838606017905934
3401,0.3448,12,33,12,643795,32649,100757,25499,0.2585936509948042,0.43851895164064114
3402,0.3449,17,30,17,643825,32619,100774,25482,0.2583560385249018,0.43858109154747765
3403,0.345,18,33,18,643858,32586,100792,25464,0.25809466480800913,0.438656330749354
3404,0.3451,16,41,16,643899,32545,100808,25448,0.25776992776580915,0.43881158070801646
3405,0.3452,13,27,13,643926,32518,100821,25435,0.257556076542897,0.43889013510948527
3406,0.3453,10,31,10,643957,32487,100831,25425,0.25731054365733114,0.4390281806879403
3407,0.3454,10,32,10,643989,32455,100841,25415,0.2570570903561019,0.43917401071366857
3408,0.3455,18,30,18,644019,32425,100859,25397,0.25681947788619947,0.43922728373283526
3409,0.3456,11,28,11,644047,32397,100870,25386,0.2565977062476239,0.4393333679455895
3410,0.3457,14,30,14,644077,32367,100884,25372,0.25636009377772145,0.43942569147370064
3411,0.3458,17,26,17,644103,32341,100901,25355,0.25615416297047267,0.4394585413200222
3412,0.3459,15,31,15,644134,32310,100916,25340,0.25590863008490683,0.43954900260190805
3413,0.346,17,28,17,644162,32282,100933,25323,0.25568685844633127,0.4395972571825362
3414,0.3461,17,41,17,644203,32241,100950,25306,0.2553621214041313,0.439744904165291
3415,0.3462,15,36,15,644239,32205,100965,25291,0.2550769864402484,0.4398740781967441
3416,0.3463,19,33,19,644272,32172,100984,25272,0.25481561272335573,0.4399415082515145
3417,0.3464,21,22,21,644294,32150,101005,25251,0.2546413635787606,0.4399052281319141
3418,0.3465,20,28,20,644322,32122,101025,25231,0.25441959194018504,0.4399246770003313
3419,0.3466,17,32,17,644354,32090,101042,25214,0.25416613863895576,0.44000418818930614
3420,0.3467,14,28,14,644382,32062,101056,25200,0.2539443670003802,0.44008242813733367
3421,0.3468,18,26,18,644408,32036,101074,25182,0.2537384361931314,0.4401062602677479
3422,0.3469,19,29,19,644437,32007,101093,25163,0.2535087441388924,0.4401434318698618
3423,0.347,19,23,19,644460,31984,101112,25144,0.2533265745786339,0.4401344349530878
3424,0.3471,10,28,10,644488,31956,101122,25134,0.25310480294005827,0.44025223331581714
3425,0.3472,20,32,20,644520,31924,101142,25114,0.25285134963882905,0.4403029559241208
3426,0.3473,14,25,14,644545,31899,101156,25100,0.2526533392472437,0.44035860278250494
3427,0.3474,21,32,21,644577,31867,101177,25079,0.2523998859460144,0.4403996768868753
3428,0.3475,18,30,18,644607,31837,101195,25061,0.25216227347611203,0.44045484902808535
3429,0.3476,11,26,11,644633,31811,101206,25050,0.25195634266886324,0.4405480030249204
3430,0.3477,16,35,16,644668,31776,101222,25034,0.25167912812064375,0.44066185530716423
3431,0.3478,19,23,19,644691,31753,101241,25015,0.25149695856038523,0.4406531848928974
3432,0.3479,7,27,7,644718,31726,101248,25008,0.25128310733747306,0.4407938802129235
3433,0.348,16,32,16,644750,31694,101264,24992,0.25102965403624383,0.44088487457220477
3434,0.3481,14,20,14,644770,31674,101278,24978,0.25087124572297553,0.44090235119678034
3435,0.3482,19,34,19,644804,31640,101297,24959,0.2506019515904195,0.4409795226064065
3436,0.3483,19,28,19,644832,31612,101316,24940,0.25038017995184386,0.4410100438534446
3437,0.3484,17,33,17,644865,31579,101333,24923,0.2501188062349512,0.4410994301086687
3438,0.3485,15,22,15,644887,31557,101348,24908,0.2499445570903561,0.44112281944567433
3439,0.3486,16,32,16,644919,31525,101364,24892,0.24969110378912684,0.44121452753602636
3440,0.3487,16,21,16,644940,31504,101380,24876,0.24952477506019516,0.44122029088329195
3441,0.3488,23,39,23,644979,31465,101403,24853,0.249215878849322,0.44129763130793
3442,0.3489,16,27,16,645006,31438,101419,24837,0.24900202762640983,0.44135051088405153
3443,0.349,20,25,20,645031,31413,101439,24817,0.24880401723482448,0.441348034856838
3444,0.3491,10,29,10,645060,31384,101449,24807,0.24857432518058548,0.4414763930166753
3445,0.3492,28,25,28,645085,31359,101477,24779,0.24837631478900013,0.4413944208913748
3446,0.3493,17,23,17,645108,31336,101494,24762,0.24819414522874161,0.44140611073478553
3447,0.3494,23,30,23,645138,31306,101517,24739,0.2479565327588392,0.4414131501472031
3448,0.3495,10,22,10,645160,31284,101527,24729,0.24778228361424406,0.441486797707675
3449,0.3496,15,18,15,645178,31266,101542,24714,0.24763971613230262,0.4414790996784566
3450,0.3497,14,26,14,645204,31240,101556,24700,0.24743378532505386,0.44154451197711836
3451,0.3498,16,23,16,645227,31217,101572,24684,0.24725161576479535,0.4415663404948033
3452,0.3499,14,28,14,645255,31189,101586,24670,0.24702984412621976,0.4416477201525269
3453,0.35,18,30,18,645285,31159,101604,24652,0.24679223165631733,0.44170504022504525
3454,0.3501,12,24,12,645309,31135,101616,24640,0.24660214168039538,0.44177498879426264
3455,0.3502,12,35,12,645344,31100,101628,24628,0.2463249271321759,0.44193224231983924
3456,0.3503,18,32,18,645376,31068,101646,24610,0.24607147383094666,0.4420058191745393
3457,0.3504,18,25,18,645401,31043,101664,24592,0.24587346343936128,0.442023905814685
3458,0.3505,9,36,9,645437,31007,101673,24583,0.2455883284754784,0.44221982370930024
3459,0.3506,15,33,15,645470,30974,101688,24568,0.24532695475858574,0.44233192899067375
3460,0.3507,14,26,14,645496,30948,101702,24554,0.24512102395133697,0.44239847212713057
3461,0.3508,15,32,15,645528,30916,101717,24539,0.24486757065010772,0.44250293030384996
3462,0.3509,15,21,15,645549,30895,101732,24524,0.244701241921176,0.44251971345567404
3463,0.351,11,23,11,645572,30872,101743,24513,0.2445190723609175,0.44259275977250156
3464,0.3511,14,20,14,645592,30852,101757,24499,0.24436066404764922,0.4426116962656501
3465,0.3512,19,19,19,645611,30833,101776,24480,0.24421017615004437,0.44257227053314774
3466,0.3513,12,23,12,645634,30810,101788,24468,0.24402800658978582,0.44263540649082816
3467,0.3514,16,41,16,645675,30769,101804,24452,0.24370326954758587,0.44280255699824345
3468,0.3515,13,32,13,645707,30737,101817,24439,0.24344981624635662,0.4429280846744962
3469,0.3516,16,27,16,645734,30710,101833,24423,0.24323596502344444,0.4429833312172383
3470,0.3517,13,29,13,645763,30681,101846,24410,0.24300627296920543,0.44308507741736397
3471,0.3518,20,28,20,645791,30653,101866,24390,0.24278450133062984,0.4431081154733572
3472,0.3519,19,18,19,645809,30635,101885,24371,0.24264193384868837,0.44306075700832637
3473,0.352,21,24,21,645833,30611,101906,24350,0.24245184387276644,0.44304142937719476
3474,0.3521,16,31,16,645864,30580,101922,24334,0.2422063109872006,0.4431292566558619
3475,0.3522,11,25,11,645889,30555,101933,24323,0.24200830059561526,0.44321950508400454
3476,0.3523,22,23,22,645912,30532,101955,24301,0.24182613103535675,0.44318202542264695
3477,0.3524,15,30,15,645942,30502,101970,24286,0.24158851856545432,0.44327224939767834
3478,0.3525,14,30,14,645972,30472,101984,24272,0.2413509060955519,0.4433727897121146
3479,0.3526,15,32,15,646004,30440,101999,24257,0.24109745279432265,0.44347953269831986
3480,0.3527,11,29,11,646033,30411,102010,24246,0.24086776074008365,0.44360283220813435
3481,0.3528,22,40,22,646073,30371,102032,24224,0.24055094411354708,0.4437036358640901
3482,0.3529,12,30,12,646103,30341,102044,24212,0.24031333164364466,0.44382527083753415
3483,0.353,15,33,15,646136,30308,102059,24197,0.240051957926752,0.4439409228511146
3484,0.3531,14,29,14,646165,30279,102073,24183,0.23982226587251299,0.4440343725900628
3485,0.3532,26,24,26,646189,30255,102099,24157,0.23963217589659105,0.44396456663971184
3486,0.3533,6,27,6,646216,30228,102105,24151,0.23941832467367888,0.4441236506739734
3487,0.3534,16,30,16,646246,30198,102121,24135,0.23918071220377646,0.4442051791728784
3488,0.3535,10,33,10,646279,30165,102131,24125,0.2389193384868838,0.44437281267268375
3489,0.3536,12,25,12,646304,30140,102143,24113,0.23872132809529845,0.4444546845335742
3490,0.3537,14,25,14,646329,30115,102157,24099,0.2385233177037131,0.4445161766333419
3491,0.3538,14,29,14,646358,30086,102171,24085,0.2382936256494741,0.4446105849993539
3492,0.3539,18,29,18,646387,30057,102189,24067,0.2380639335952351,0.44466410464858475
3493,0.354,9,27,9,646414,30030,102198,24058,0.2378500823723229,0.4447936695755066
3494,0.3541,18,21,18,646435,30009,102216,24040,0.2376837536433912,0.4447815870783918
3495,0.3542,15,26,15,646461,29983,102231,24025,0.23747782283614244,0.4448415049622278
3496,0.3543,19,24,19,646485,29959,102250,24006,0.2372877328602205,0.4448438802927824
3497,0.3544,23,33,23,646518,29926,102273,23983,0.23702635914332784,0.44487933369196236
3498,0.3545,13,33,13,646551,29893,102286,23970,0.23676498542643518,0.4450179158234781
3499,0.3546,16,35,16,646586,29858,102302,23954,0.23648777087821568,0.4451423474317996
3500,0.3547,11,23,11,646609,29835,102313,23943,0.23630560131795716,0.44521923463126184
3501,0.3548,16,24,16,646633,29811,102329,23927,0.23611551134203523,0.4452528936692843
3502,0.3549,11,23,11,646656,29788,102340,23916,0.23593334178177672,0.44532995680023835
3503,0.355,15,31,15,646687,29757,102355,23901,0.23568780889621088,0.44543218159454323
3504,0.3551,18,20,18,646707,29737,102373,23883,0.23552940058294258,0.44541215964192465
3505,0.3552,10,27,10,646734,29710,102383,23873,0.2353155493600304,0.44553309818412556
3506,0.3553,11,31,11,646765,29679,102394,23862,0.23507001647446457,0.4456771446181431
3507,0.3554,26,30,26,646795,29649,102420,23836,0.23483240400456215,0.44565766102645604
3508,0.3555,17,18,17,646813,29631,102437,23819,0.2346898365226207,0.44563143124415344
3509,0.3556,16,38,16,646851,29593,102453,23803,0.23438886072741097,0.4457824556146528
3510,0.3557,14,15,14,646866,29578,102467,23789,0.23427005449245977,0.4457623625086664
3511,0.3558,15,15,15,646881,29563,102482,23774,0.23415124825750855,0.4457318559349045
3512,0.3559,12,34,12,646915,29529,102494,23762,0.23388195412495247,0.44589142631964124
3513,0.356,14,34,14,646949,29495,102508,23748,0.2336126599923964,0.44603046409856695
3514,0.3561,12,32,12,646981,29463,102520,23736,0.23335920669116716,0.4461738002594034
3515,0.3562,15,28,15,647009,29435,102535,23721,0.23313743505259155,0.44625253969448414
3516,0.3563,18,25,18,647034,29410,102553,23703,0.2329394246610062,0.44627492327678725
3517,0.3564,16,26,16,647060,29384,102569,23687,0.23273349385375744,0.44632661905748905
3518,0.3565,20,27,20,647087,29357,102589,23667,0.23251964263084526,0.44634505129752566
3519,0.3566,17,19,17,647106,29338,102606,23650,0.2323691547332404,0.44632747037064996
3520,0.3567,12,23,12,647129,29315,102618,23638,0.2321869851729819,0.44639586048004837
3521,0.3568,15,32,15,647161,29283,102633,23623,0.23193353187175264,0.44650890258193776
3522,0.3569,12,22,12,647183,29261,102645,23611,0.2317592827271575,0.4465690724769254
3523,0.357,17,38,17,647221,29223,102662,23594,0.2314583069319478,0.4467122328038321
3524,0.3571,12,40,12,647261,29183,102674,23582,0.23114149030541123,0.44692504501089736
3525,0.3572,20,22,20,647283,29161,102694,23562,0.23096724116081613,0.4469017316920509
3526,0.3573,10,32,10,647315,29129,102704,23552,0.23071378785958688,0.447068202957423
3527,0.3574,17,30,17,647345,29099,102721,23535,0.23047617538968446,0.4471444313561576
3528,0.3575,16,30,16,647375,29069,102737,23519,0.23023856291978204,0.44723130752262874
3529,0.3576,13,32,13,647407,29037,102750,23506,0.22998510961855279,0.44736691852387567
3530,0.3577,13,20,13,647427,29017,102763,23493,0.22982670130528451,0.44740049514378216
3531,0.3578,14,19,14,647446,28998,102777,23479,0.22967621340767963,0.44741505802542064
3532,0.3579,13,28,13,647474,28970,102790,23466,0.22945444176910404,0.44751697307193533
3533,0.358,14,26,14,647500,28944,102804,23452,0.22924851096185528,0.4475914191923048
3534,0.3581,15,23,15,647523,28921,102819,23437,0.22906634140159676,0.4476297795943313
3535,0.3582,15,27,15,647550,28894,102834,23422,0.2288524901786846,0.4477024237327013
3536,0.3583,10,29,10,647579,28865,102844,23412,0.22862279812444558,0.44784513265872183
3537,0.3584,12,24,12,647603,28841,102856,23400,0.22843270814852362,0.44792404433299515
3538,0.3585,16,31,16,647634,28810,102872,23384,0.2281871752629578,0.44802084530788977
3539,0.3586,17,30,17,647664,28780,102889,23367,0.22794956279305537,0.4480986442173088
3540,0.3587,21,35,21,647699,28745,102910,23346,0.2276723482448359,0.44817722831199247
3541,0.3588,18,27,18,647726,28718,102928,23328,0.22745849702192372,0.44821888329554627
3542,0.3589,19,23,19,647749,28695,102947,23309,0.22727632746166518,0.44821552188293207
3543,0.359,17,35,17,647784,28660,102964,23292,0.2269991129134457,0.44833692639359407
3544,0.3591,14,32,14,647816,28628,102978,23278,0.22674565961221646,0.4484645320386853
3545,0.3592,17,28,17,647844,28600,102995,23261,0.22652388797364087,0.4485258672219973
3546,0.3593,15,23,15,647867,28577,103010,23246,0.22634171841338233,0.44856530883970436
3547,0.3594,10,29,10,647896,28548,103020,23236,0.22611202635914332,0.4487100262629384
3548,0.3595,26,36,26,647932,28512,103046,23210,0.2258268913952604,0.4487452148022118
3549,0.3596,11,34,11,647966,28478,103057,23199,0.22555759726270436,0.44892311860208606
3550,0.3597,12,34,12,648000,28444,103069,23187,0.22528830313014828,0.44909066258643066
3551,0.3598,14,45,14,648045,28399,103083,23173,0.22493188442529463,0.4493329713798185
3552,0.3599,20,25,20,648070,28374,103103,23153,0.22473387403370929,0.44933724066994
3553,0.36,17,17,17,648087,28357,103120,23136,0.22459922696743126,0.44930378886450584
3554,0.3601,15,21,15,648108,28336,103135,23121,0.22443289823849955,0.44932662222826825
3555,0.3602,18,29,18,648137,28307,103153,23103,0.22420320618426054,0.4493872787395448
3556,0.3603,22,30,22,648167,28277,103175,23081,0.22396559371435812,0.44941391798746055
3557,0.3604,21,24,21,648191,28253,103196,23060,0.2237755037384362,0.4493987878315437
3558,0.3605,14,24,14,648215,28229,103210,23046,0.22358541376251426,0.4494588005850805
3559,0.3606,17,20,17,648235,28209,103227,23029,0.22342700544924599,0.4494515789062805
3560,0.3607,17,21,17,648256,28188,103244,23012,0.22326067672031427,0.449453125
3561,0.3608,14,22,14,648278,28166,103258,22998,0.22308642757571917,0.4494957391916191
3562,0.3609,18,30,18,648308,28136,103276,22980,0.22284881510581675,0.4495656937162532
3563,0.361,16,18,16,648326,28118,103292,22964,0.2227062476238753,0.44955170118632787
3564,0.3611,13,34,13,648360,28084,103305,22951,0.22243695349131923,0.44971098265895953
3565,0.3612,13,29,13,648389,28055,103318,22938,0.22220726143708022,0.44982644676720335
3566,0.3613,12,17,12,648406,28038,103330,22926,0.22207261437080217,0.4498469507887921
3567,0.3614,8,28,8,648434,28010,103338,22918,0.22185084273222658,0.4500078542255734
3568,0.3615,13,41,13,648475,27969,103351,22905,0.22152610569002662,0.4502299799504659
3569,0.3616,14,25,14,648500,27944,103365,22891,0.22132809529844127,0.4502999901642569
3570,0.3617,15,17,15,648517,27927,103380,22876,0.22119344823216322,0.45028836879711825
3571,0.3618,15,26,15,648543,27901,103395,22861,0.22098751742491446,0.45035656593514833
3572,0.3619,14,29,14,648572,27872,103409,22847,0.22075782537067545,0.45046235138705415
3573,0.362,15,18,15,648590,27854,103424,22832,0.220615257888734,0.45045969301187705
3574,0.3621,12,22,12,648612,27832,103436,22820,0.22044100874413888,0.45052515201768933
3575,0.3622,14,26,14,648638,27806,103450,22806,0.22023507793689012,0.450604599699676
3576,0.3623,6,27,6,648665,27779,103456,22800,0.22002122671397795,0.45077996797089703
3577,0.3624,18,33,18,648698,27746,103474,22782,0.21975985299708528,0.4508787207093097
3578,0.3625,8,31,8,648729,27715,103482,22774,0.21951432011151945,0.45106854958505815
3579,0.3626,17,28,17,648757,27687,103499,22757,0.21929254847294385,0.4511339306954246
3580,0.3627,18,25,18,648782,27662,103517,22739,0.2190945380813585,0.4511616832999345
3581,0.3628,19,21,19,648803,27641,103536,22720,0.21892820935242682,0.4511427493496952
3582,0.3629,13,28,13,648831,27613,103549,22707,0.21870643771385123,0.45125198728139904
3583,0.363,17,25,17,648856,27588,103566,22690,0.21850842732226589,0.45129082302398665
3584,0.3631,13,23,13,648879,27565,103579,22677,0.21832625776200734,0.4513554396719876
3585,0.3632,13,22,13,648901,27543,103592,22664,0.21815200861741224,0.45141115780668034
3586,0.3633,12,36,12,648937,27507,103604,22652,0.21786687365352933,0.4516038995992743
3587,0.3634,13,14,13,648951,27493,103617,22639,0.21775598783424155,0.45158780818638794
3588,0.3635,16,24,16,648975,27469,103633,22623,0.21756589785831962,0.4516290026351513
3589,0.3636,17,30,17,649005,27439,103650,22606,0.2173282853884172,0.4517134578879009
3590,0.3637,15,26,15,649031,27413,103665,22591,0.2171223545811684,0.4517838572914167
3591,0.3638,16,18,16,649049,27395,103681,22575,0.21697978709922697,0.45177106263758254
3592,0.3639,18,21,18,649070,27374,103699,22557,0.21681345837029528,0.45176343353828285
3593,0.364,18,26,18,649096,27348,103717,22539,0.21660752756304652,0.4518010704191473
3594,0.3641,14,22,14,649118,27326,103731,22525,0.2164332784184514,0.4518465025776815
3595,0.3642,15,33,15,649151,27293,103746,22510,0.21617190470155873,0.45198080436921473
3596,0.3643,20,26,20,649177,27267,103766,22490,0.21596597389430996,0.45199670398134933
3597,0.3644,15,38,15,649215,27229,103781,22475,0.21566499809910025,0.45217688717205856
3598,0.3645,12,22,12,649237,27207,103793,22463,0.21549074895450512,0.4522448157841756
3599,0.3646,18,19,18,649256,27188,103811,22445,0.21534026105690027,0.452219289585558
3600,0.3647,10,14,10,649270,27174,103821,22435,0.21522937523761246,0.45223648934669114
3601,0.3648,15,34,15,649304,27140,103836,22420,0.2149600811050564,0.4523809523809524
3602,0.3649,19,17,19,649321,27123,103855,22401,0.21482543403877835,0.4523261448994427
3603,0.365,18,21,18,649342,27102,103873,22383,0.21465910530984667,0.4523188845104577
3604,0.3651,14,27,14,649369,27075,103887,22369,0.2144452540869345,0.4524108081870399
3605,0.3652,11,21,11,649390,27054,103898,22358,0.21427892535800278,0.452481178661054
3606,0.3653,14,24,14,649414,27030,103912,22344,0.21408883538208084,0.4525458743468222
3607,0.3654,18,25,18,649439,27005,103930,22326,0.2138908249904955,0.4525754596501186
3608,0.3655,9,35,9,649474,26970,103939,22317,0.213613610442276,0.4527968835595593
3609,0.3656,13,12,13,649486,26958,103952,22304,0.21351856545431505,0.4527627786123178
3610,0.3657,13,20,13,649506,26938,103965,22291,0.21336015714104675,0.4528022100794247
3611,0.3658,17,19,17,649525,26919,103982,22274,0.2132096692434419,0.45278799829244
3612,0.3659,17,15,17,649540,26904,103999,22257,0.21309086300849067,0.45273692561176543
3613,0.366,18,25,18,649565,26879,104017,22239,0.21289285261690533,0.4527668064660613
3614,0.3661,20,27,20,649592,26852,104037,22219,0.21267900139399315,0.4527928919320984
3615,0.3662,9,20,9,649612,26832,104046,22210,0.21252059308072488,0.452877125728967
3616,0.3663,15,22,15,649634,26810,104061,22195,0.21234634393612978,0.4529129680644832
3617,0.3664,15,30,15,649664,26780,104076,22180,0.21210873146622736,0.45302287581699346
3618,0.3665,12,26,12,649690,26754,104088,22168,0.2119028006589786,0.45312947140345855
3619,0.3666,12,19,12,649709,26735,104100,22156,0.2117523127613737,0.4531713403284858
3620,0.3667,14,32,14,649741,26703,104114,22142,0.21149885946014446,0.4533114955471389
3621,0.3668,11,17,11,649758,26686,104125,22131,0.21136421239386644,0.45334617039146197
3622,0.3669,11,24,11,649782,26662,104136,22120,0.2111741224179445,0.45344594317576153
3623,0.367,14,29,14,649811,26633,104150,22106,0.2109444303637055,0.45355875171833643
3624,0.3671,10,29,10,649840,26604,104160,22096,0.2107147383094665,0.45371663244353183
3625,0.3672,16,32,16,649872,26572,104176,22080,0.21046128500823724,0.45383540245005344
3626,0.3673,16,22,16,649894,26550,104192,22064,0.2102870358636421,0.4538610276874974
3627,0.3674,21,25,21,649919,26525,104213,22043,0.21008902547205677,0.4538585076593642
3628,0.3675,16,25,16,649944,26500,104229,22027,0.20989101508047142,0.4539122550332804
3629,0.3676,16,27,16,649971,26473,104245,22011,0.20967716385755925,0.45398481973434535
3630,0.3677,10,17,10,649988,26456,104255,22001,0.20954251679128122,0.45403140929071134
3631,0.3678,11,23,11,650011,26433,104266,21990,0.20936034723102268,0.4541230407037978
3632,0.3679,14,27,14,650038,26406,104280,21976,0.2091464960081105,0.45421851101649374
3633,0.368,12,17,12,650055,26389,104292,21964,0.20901184894183247,0.45424275639567346
3634,0.3681,7,27,7,650082,26362,104299,21957,0.2087979977189203,0.4544175169188104
3635,0.3682,20,19,20,650101,26343,104319,21937,0.2086475098213154,0.4543703396851698
3636,0.3683,7,23,7,650124,26320,104326,21930,0.2084653402610569,0.4545077720207254
3637,0.3684,13,18,13,650142,26302,104339,21917,0.20832277277911546,0.4545303718451233
3638,0.3685,18,29,18,650171,26273,104357,21899,0.20809308072487645,0.45460018267873453
3639,0.3686,12,22,12,650193,26251,104369,21887,0.20791883158028132,0.45467198471062364
3640,0.3687,14,21,14,650214,26230,104383,21873,0.20775250285134964,0.4547117643390225
3641,0.3688,12,28,12,650242,26202,104395,21861,0.20753073121277404,0.45484052181511764
3642,0.3689,12,22,12,650264,26180,104407,21849,0.20735648206817894,0.45491265693643423
3643,0.369,13,24,13,650288,26156,104420,21836,0.207166392092257,0.45499249874979164
3644,0.3691,14,24,14,650312,26132,104434,21822,0.20697630211633505,0.4550611002210452
3645,0.3692,6,29,6,650341,26103,104440,21816,0.20674661006209605,0.45526826519752084
3646,0.3693,16,18,16,650359,26085,104456,21800,0.2066040425801546,0.45525738749086353
3647,0.3694,12,16,12,650375,26069,104468,21788,0.20647731592954,0.45527300081492783
3648,0.3695,12,27,12,650402,26042,104480,21776,0.2062634647066278,0.4553933665147016
3649,0.3696,20,22,20,650424,26020,104500,21756,0.2060892155620327,0.45537508372404556
3650,0.3697,10,25,10,650449,25995,104510,21746,0.20589120517044734,0.4554994658679123
3651,0.3698,10,19,10,650468,25976,104520,21736,0.2057407172728425,0.4555667337357478
3652,0.3699,17,27,17,650495,25949,104537,21719,0.2055268660499303,0.4556306117311404
3653,0.37,10,31,10,650526,25918,104547,21709,0.20528133316436448,0.4558128792491654
3654,0.3701,13,29,13,650555,25889,104560,21696,0.20505164111012547,0.4559419985289482
3655,0.3702,12,22,12,650577,25867,104572,21684,0.20487739196553034,0.4560156463586465
3656,0.3703,11,20,11,650597,25847,104583,21673,0.20471898365226207,0.45608164983164984
3657,0.3704,17,29,17,650626,25818,104600,21656,0.20448929159802307,0.4561654800522391
3658,0.3705,7,25,7,650651,25793,104607,21649,0.20429128120643772,0.4563256186501412
3659,0.3706,17,27,17,650678,25766,104624,21632,0.20407742998352554,0.4563905650027427
3660,0.3707,16,24,16,650702,25742,104640,21616,0.2038873400076036,0.45643819418049747
3661,0.3708,11,27,11,650729,25715,104651,21605,0.2036734887846914,0.4565722738799662
3662,0.3709,13,28,13,650757,25687,104664,21592,0.20345171714611582,0.45669324647306414
3663,0.371,13,17,13,650774,25670,104677,21579,0.2033170700798378,0.4567080784778514
3664,0.3711,7,23,7,650797,25647,104684,21572,0.20313490051957928,0.4568499968233127
3665,0.3712,11,34,11,650831,25613,104695,21561,0.2028656063870232,0.45705261372790096
3666,0.3713,18,28,18,650859,25585,104713,21543,0.2026438347484476,0.45711678832116787
3667,0.3714,15,30,15,650889,25555,104728,21528,0.20240622227854518,0.4572350954697024
3668,0.3715,13,26,13,650915,25529,104741,21515,0.20220029147129642,0.4573378114105943
3669,0.3716,13,25,13,650940,25504,104754,21502,0.20200228107971108,0.4574309662596264
3670,0.3717,13,25,13,650965,25479,104767,21489,0.2018042706881257,0.4575242718446602
3671,0.3718,13,23,13,650988,25456,104780,21476,0.2016221011278672,0.45759822722236426
3672,0.3719,17,23,17,651011,25433,104797,21459,0.20143993156760867,0.45762603429156357
3673,0.372,15,16,15,651027,25417,104812,21444,0.20131320491699403,0.45760867245684045
3674,0.3721,12,28,12,651055,25389,104824,21432,0.20109143327841844,0.4577433203049914
3675,0.3722,11,16,11,651071,25373,104835,21421,0.20096470662780383,0.4577723639782878
3676,0.3723,11,31,11,651102,25342,104846,21410,0.200719173742238,0.4579483230663929
3677,0.3724,11,25,11,651127,25317,104857,21399,0.20052116335065265,0.4580657590547136
3678,0.3725,21,24,21,651151,25293,104878,21378,0.20033107337473072,0.45805746609243425
3679,0.3726,6,11,6,651162,25282,104884,21372,0.20024394880243315,0.4580957688515454
3680,0.3727,12,18,12,651180,25264,104896,21360,0.2001013813204917,0.4581331503088538
3681,0.3728,11,25,11,651205,25239,104907,21349,0.19990337092890634,0.45825105177298875
3682,0.3729,13,28,13,651233,25211,104920,21336,0.19968159929033075,0.4583754055041141
3683,0.373,10,22,10,651255,25189,104930,21326,0.19950735014573565,0.4584757605073632
3684,0.3731,18,28,18,651283,25161,104948,21308,0.19928557850716005,0.4585422539757688
3685,0.3732,12,16,12,651299,25145,104960,21296,0.19915885185654544,0.4585603238517689
3686,0.3733,16,20,16,651319,25125,104976,21280,0.19900044354327714,0.45857127464712855
3687,0.3734,9,14,9,651333,25111,104985,21271,0.19888955772398936,0.4586046311068949
3688,0.3735,17,22,17,651355,25089,105002,21254,0.19871530857939423,0.458623740370714
3689,0.3736,12,25,12,651380,25064,105014,21242,0.1985172981878089,0.4587310499719259
3690,0.3737,18,23,18,651403,25041,105032,21224,0.19833512862755037,0.4587485139954609
3691,0.3738,16,24,16,651427,25017,105048,21208,0.19814503865162844,0.4587993510005408
3692,0.3739,7,18,7,651445,24999,105055,21201,0.19800247116968697,0.4588961038961039
3693,0.374,15,21,15,651466,24978,105070,21186,0.19783614244075529,0.4589290356121653
3694,0.3741,14,20,14,651486,24958,105084,21172,0.19767773412748701,0.4589637979622805
3695,0.3742,18,25,18,651511,24933,105102,21154,0.19747972373590167,0.4590014537722134
3696,0.3743,10,30,10,651541,24903,105112,21144,0.19724211126599925,0.4591830086650596
3697,0.3744,11,26,11,651567,24877,105123,21133,0.1970361804587505,0.45931319278417737
3698,0.3745,15,34,15,651601,24843,105138,21118,0.1967668863261944,0.45947651269554624
3699,0.3746,15,29,15,651630,24814,105153,21103,0.1965371942719554,0.45959013001720495
3700,0.3747,7,19,7,651649,24795,105160,21096,0.19638670637435052,0.45969797999607764
3701,0.3748,12,23,12,651672,24772,105172,21084,0.196204536814092,0.4597871598046057
3702,0.3749,15,31,15,651703,24741,105187,21069,0.19595900392852617,0.4599214145383104
3703,0.375,11,24,11,651727,24717,105198,21058,0.19576891395260423,0.46003276897870016
3704,0.3751,11,28,11,651755,24689,105209,21047,0.19554714231402864,0.4601845373447612
3705,0.3752,12,25,12,651780,24664,105221,21035,0.1953491319224433,0.46029453598547015
3706,0.3753,13,15,13,651795,24649,105234,21022,0.19523032568749207,0.4602920890718399
3707,0.3754,13,20,13,651815,24629,105247,21009,0.1950719173742238,0.46034006748761996
3708,0.3755,19,24,19,651839,24605,105266,20990,0.19488182739830187,0.46035749533940123
3709,0.3756,12,33,12,651872,24572,105278,20978,0.1946204536814092,0.46054884742041713
3710,0.3757,6,23,6,651895,24549,105284,20972,0.1944382841211507,0.4607104413347686
3711,0.3758,13,33,13,651928,24516,105297,20959,0.19417691040425802,0.46089059923034637
3712,0.3759,14,20,14,651948,24496,105311,20945,0.19401850209098973,0.46092735635219295
3713,0.376,14,23,14,651971,24473,105325,20931,0.1938363325307312,0.4609946260241388
3714,0.3761,13,22,13,651993,24451,105338,20918,0.1936620833861361,0.4610637219246622
3715,0.3762,12,20,12,652013,24431,105350,20906,0.19350367507286784,0.461124467873922
3716,0.3763,17,17,17,652030,24414,105367,20889,0.19336902800658978,0.46109529170253627
3717,0.3764,14,35,14,652065,24379,105381,20875,0.1930918134583703,0.4612851902594246
3718,0.3765,13,21,13,652086,24358,105394,20862,0.1929254847294386,0.4613445378151261
3719,0.3766,11,28,11,652114,24330,105405,20851,0.192703713090863,0.46149930280427615
3720,0.3767,13,28,13,652142,24302,105418,20838,0.19248194145228742,0.46163048294195835
3721,0.3768,12,29,12,652171,24273,105430,20826,0.1922522493980484,0.4617840750349232
3722,0.3769,11,20,11,652191,24253,105441,20815,0.19209384108478014,0.46185763734800744
3723,0.377,8,18,8,652209,24235,105449,20807,0.19195127360283867,0.4619466275920252
3724,0.3771,11,18,11,652227,24217,105460,20796,0.19180870612089723,0.46199986670517407
3725,0.3772,12,24,12,652251,24193,105472,20784,0.1916186161449753,0.4621028525690909
3726,0.3773,10,29,10,652280,24164,105482,20774,0.1913889240907363,0.4622813654368241
3727,0.3774,16,18,16,652298,24146,105498,20758,0.19124635660879483,0.4622750757170853
3728,0.3775,8,17,8,652315,24129,105506,20750,0.1911117095425168,0.4623543305332115
3729,0.3776,14,24,14,652339,24105,105520,20736,0.19092161956659484,0.46243393323074866
3730,0.3777,10,31,10,652370,24074,105530,20726,0.19067608668102903,0.4626339285714286
3731,0.3778,16,16,16,652386,24058,105546,20710,0.1905493600304144,0.4626072194424589
3732,0.3779,8,22,8,652408,24036,105554,20702,0.1903751108858193,0.4627386114712325
3733,0.378,10,16,10,652424,24020,105564,20692,0.19024838423520465,0.4627840400787261
3734,0.3781,12,22,12,652446,23998,105576,20680,0.19007413509060955,0.46286763060119074
3735,0.3782,14,15,14,652461,23983,105590,20666,0.18995532885565836,0.46285471119174004
3736,0.3783,17,23,17,652484,23960,105607,20649,0.1897731592953998,0.4628886547557668
3737,0.3784,10,23,10,652507,23937,105617,20639,0.1895909897351413,0.4630069992821249
3738,0.3785,20,22,20,652529,23915,105637,20619,0.1894167405905462,0.4629945659496115
3739,0.3786,13,16,13,652545,23899,105650,20606,0.18929001393993156,0.4630041568363105
3740,0.3787,16,31,16,652576,23868,105666,20590,0.18904448105436572,0.46313374420801656
3741,0.3788,11,17,11,652593,23851,105677,20579,0.1889098339880877,0.4631780328606797
3742,0.3789,13,20,13,652613,23831,105690,20566,0.18875142567481942,0.46322949748856906
3743,0.379,14,21,14,652634,23810,105704,20552,0.1885850969458877,0.46327938325593976
3744,0.3791,14,18,14,652652,23792,105718,20538,0.18844252946394627,0.4632979923302504
3745,0.3792,7,22,7,652674,23770,105725,20531,0.18826828031935117,0.46344326313175777
3746,0.3793,8,19,8,652693,23751,105733,20523,0.18811779242174628,0.4635451958259927
3747,0.3794,13,17,13,652710,23734,105746,20510,0.18798314535546826,0.4635656812223126
3748,0.3795,7,19,7,652729,23715,105753,20503,0.1878326574578634,0.463679949341897
3749,0.3796,8,22,8,652751,23693,105761,20495,0.18765840831326827,0.4638137050783018
3750,0.3797,13,15,13,652766,23678,105774,20482,0.18753960207831707,0.46381340579710145
3751,0.3798,8,27,8,652793,23651,105782,20474,0.1873257508554049,0.464
3752,0.3799,9,23,9,652816,23628,105791,20465,0.18714358129514638,0.464132628761935
3753,0.38,12,17,12,652833,23611,105803,20453,0.18700893422886833,0.464165758896151
3754,0.3801,10,27,10,652860,23584,105813,20443,0.18679508300595615,0.4643287073841052
3755,0.3802,13,16,13,652876,23568,105826,20430,0.18666835635534154,0.46433928814946135
3756,0.3803,13,27,13,652903,23541,105839,20417,0.18645450513242934,0.46446608125938393
3757,0.3804,8,23,8,652926,23518,105847,20409,0.18627233557217082,0.46461174220866436
3758,0.3805,12,21,12,652947,23497,105859,20397,0.18610600684323914,0.46468765662732947
3759,0.3806,14,21,14,652968,23476,105873,20383,0.18593967811430745,0.4647392781413165
3760,0.3807,13,24,13,652992,23452,105886,20370,0.1857495881383855,0.46483501437634067
3761,0.3808,12,31,12,653023,23421,105898,20358,0.18550405525281966,0.4650174741314329
3762,0.3809,12,23,12,653046,23398,105910,20346,0.18532188569256114,0.46511521580102416
3763,0.381,14,12,14,653058,23386,105924,20332,0.1852268407046002,0.4650715952239352
3764,0.3811,11,23,11,653081,23363,105935,20321,0.18504467114434164,0.465181759912096
3765,0.3812,7,21,7,653102,23342,105942,20314,0.18487834241540996,0.46531977276892067
3766,0.3813,12,24,12,653126,23318,105954,20302,0.18468825243948803,0.46542870243007795
3767,0.3814,11,30,11,653156,23288,105965,20291,0.1844506399695856,0.4656141719635604
3768,0.3815,14,27,14,653183,23261,105979,20277,0.18423678874667343,0.46573108548853875
3769,0.3816,14,22,14,653205,23239,105993,20263,0.18406253960207833,0.46579467610684566
3770,0.3817,13,26,13,653231,23213,106006,20250,0.18385660879482954,0.4659135356510135
3771,0.3818,20,25,20,653256,23188,106026,20230,0.1836585984032442,0.4659357870007831
3772,0.3819,13,25,13,653281,23163,106039,20217,0.18346058801165885,0.4660442600276625
3773,0.382,11,15,11,653296,23148,106050,20206,0.18334178177670765,0.46607002814042536
3774,0.3821,12,22,12,653318,23126,106062,20194,0.18316753263211252,0.4661588180978763
3775,0.3822,7,23,7,653341,23103,106069,20187,0.182985363071854,0.4663201663201663
3776,0.3823,9,17,9,653358,23086,106078,20178,0.18285071600557598,0.46639238165680474
3777,0.3824,9,18,9,653376,23068,106087,20169,0.1827081485236345,0.4664754723963272
3778,0.3825,12,25,12,653401,23043,106099,20157,0.18251013813204917,0.4665972222222222
3779,0.3826,15,23,15,653424,23020,106114,20142,0.18232796857179065,0.4666604883925675
3780,0.3827,17,24,17,653448,22996,106131,20125,0.18213787859586872,0.4667099557060365
3781,0.3828,15,14,15,653462,22982,106146,20110,0.1820269927765809,0.4666759491320895
3782,0.3829,9,24,9,653486,22958,106155,20101,0.18183690280065898,0.46682458951670963
3783,0.383,8,23,8,653509,22935,106163,20093,0.18165473324040046,0.4669749930277959
3784,0.3831,12,21,12,653530,22914,106175,20081,0.18148840451146875,0.4670543086405396
3785,0.3832,13,24,13,653554,22890,106188,20068,0.18129831453554682,0.46715396433725964
3786,0.3833,18,21,18,653575,22869,106206,20050,0.18113198580661513,0.4671590670798481
3787,0.3834,16,21,16,653596,22848,106222,20034,0.18096565707768344,0.4671890303623898
3788,0.3835,16,12,16,653608,22836,106238,20018,0.18087061208972247,0.4671209222009614
3789,0.3836,14,19,14,653627,22817,106252,20004,0.1807201241921176,0.4671539665117582
3790,0.3837,18,18,18,653645,22799,106270,19986,0.18057755671017614,0.4671263293210237
3791,0.3838,18,22,18,653667,22777,106288,19968,0.18040330756558104,0.46714235583109137
3792,0.3839,12,25,12,653692,22752,106300,19956,0.1802052971739957,0.46726608597920766
3793,0.384,11,27,11,653719,22725,106311,19945,0.17999144595108352,0.4674244199671901
3794,0.3841,15,18,15,653737,22707,106326,19930,0.17984887846914205,0.4674343879728874
3795,0.3842,11,18,11,653755,22689,106337,19919,0.1797063109872006,0.4674943672549756
3796,0.3843,13,20,13,653775,22669,106350,19906,0.17954790267393234,0.4675513799177921
3797,0.3844,13,25,13,653800,22644,106363,19893,0.179349892282347,0.46766344594118064
3798,0.3845,18,30,18,653830,22614,106381,19875,0.17911227981244457,0.467768128221422
3799,0.3846,11,20,11,653850,22594,106392,19864,0.17895387149917627,0.46785058175137784
3800,0.3847,14,16,14,653866,22578,106406,19850,0.17882714484856166,0.4678514188743283
3801,0.3848,18,26,18,653892,22552,106424,19832,0.1786212140413129,0.46791241978104947
3802,0.3849,10,22,10,653914,22530,106434,19822,0.17844696489671777,0.46802984510766904
3803,0.385,12,31,12,653945,22499,106446,19810,0.17820143201115193,0.4682218913233591
3804,0.3851,16,29,16,653974,22470,106462,19794,0.17797173995691293,0.4683418512208972
3805,0.3852,17,24,17,653998,22446,106479,19777,0.177781649980991,0.46839400326836084
3806,0.3853,19,20,19,654018,22426,106498,19758,0.17762324166772273,0.46837663569125737
3807,0.3854,14,25,14,654043,22401,106512,19744,0.17742523127613738,0.46847787400640645
3808,0.3855,14,26,14,654069,22375,106526,19730,0.17721930046888862,0.4685904286901793
3809,0.3856,15,21,15,654090,22354,106541,19715,0.1770529717399569,0.4686348617747035
3810,0.3857,10,20,10,654110,22334,106551,19705,0.17689456342668863,0.4687314160660339
3811,0.3858,13,27,13,654137,22307,106564,19692,0.17668071220377646,0.46886830638824734
3812,0.3859,9,20,9,654157,22287,106573,19683,0.1765223038905082,0.4689778413152252
3813,0.386,17,21,17,654178,22266,106590,19666,0.17635597516157647,0.4689974244014118
3814,0.3861,8,22,8,654200,22244,106598,19658,0.17618172601698137,0.469142284377834
3815,0.3862,16,18,16,654218,22226,106614,19642,0.17603915853503993,0.4691411101557275
3816,0.3863,9,11,9,654229,22215,106623,19633,0.17595203396274237,0.46915025807684957
3817,0.3864,13,23,13,654252,22192,106636,19620,0.17576986440248385,0.4692432794413087
3818,0.3865,13,24,13,654276,22168,106649,19607,0.17557977442656192,0.4693476959904249
3819,0.3866,14,29,14,654305,22139,106663,19593,0.1753500823723229,0.4694958305377169
3820,0.3867,14,17,14,654322,22122,106677,19579,0.17521543530604486,0.4695091244814273
3821,0.3868,16,23,16,654345,22099,106693,19563,0.17503326574578634,0.46956459123421823
3822,0.3869,10,20,10,654365,22079,106703,19553,0.17487485743251807,0.46966275941583396
3823,0.387,8,26,8,654391,22053,106711,19545,0.17466892662526928,0.4698543199192269
3824,0.3871,18,18,18,654409,22035,106729,19527,0.17452635914332784,0.4698282084596506
3825,0.3872,9,13,9,654422,22022,106738,19518,0.17442339373970345,0.4698603755416466
3826,0.3873,16,20,16,654442,22002,106754,19502,0.17426498542643518,0.46988242097147265
3827,0.3874,10,18,10,654460,21984,106764,19492,0.17412241794449373,0.4699585302343524
3828,0.3875,13,13,13,654473,21971,106777,19479,0.17401945254086934,0.4699396863691194
3829,0.3876,12,24,12,654497,21947,106789,19467,0.1738293625649474,0.47005843434587335
3830,0.3877,9,19,9,654516,21928,106798,19458,0.17367887466734255,0.47015899096312763
3831,0.3878,16,23,16,654539,21905,106814,19442,0.173496705107084,0.4702154932643239
3832,0.3879,13,22,13,654561,21883,106827,19429,0.1733224559624889,0.47029918667699455
3833,0.388,14,12,14,654573,21871,106841,19415,0.17322741097452796,0.4702562612023446
3834,0.3881,12,25,12,654598,21846,106853,19403,0.17302940058294258,0.47038716090087035
3835,0.3882,19,14,19,654612,21832,106872,19384,0.1729185147636548,0.4703027950310559
3836,0.3883,12,14,12,654626,21818,106884,19372,0.172807628944367,0.470308327263899
3837,0.3884,11,17,11,654643,21801,106895,19361,0.17267298187808897,0.47036101258442253
3838,0.3885,9,26,9,654669,21775,106904,19352,0.1724670510708402,0.4705424660198896
3839,0.3886,11,19,11,654688,21756,106915,19341,0.17231656317323532,0.47061829330608074
3840,0.3887,15,25,15,654713,21731,106930,19326,0.17211855278164997,0.4707114499354556
3841,0.3888,15,17,15,654730,21714,106945,19311,0.17198390571537195,0.4707129798903108
3842,0.3889,15,17,15,654747,21697,106960,19296,0.1718492586490939,0.470714512233796
3843,0.389,18,11,18,654758,21686,106978,19278,0.17176213407679636,0.47060833902939164
3844,0.3891,15,21,15,654779,21665,106993,19263,0.17159580534786464,0.4706557857701329
3845,0.3892,10,28,10,654807,21637,107003,19253,0.17137403370928905,0.47084861824406943
3846,0.3893,10,15,10,654822,21622,107013,19243,0.17125522747433786,0.47089196133610667
3847,0.3894,8,23,8,654845,21599,107021,19235,0.17107305791407934,0.471053533819856
3848,0.3895,13,13,13,654858,21586,107034,19222,0.17097009251045495,0.4710350911585964
3849,0.3896,9,21,9,654879,21565,107043,19213,0.17080376378152326,0.47116092010397764
3850,0.3897,13,16,13,654895,21549,107056,19200,0.17067703713090862,0.47117720680262093
3851,0.3898,13,23,13,654918,21526,107069,19187,0.1704948675706501,0.4712745314764326
3852,0.3899,14,16,14,654934,21510,107083,19173,0.1703681409200355,0.4712779293562422
3853,0.39,9,20,9,654954,21490,107092,19164,0.1702097326067672,0.4713927288827668
3854,0.3901,9,20,9,654974,21470,107101,19155,0.17005132429349892,0.4715076923076923
3855,0.3902,8,15,8,654989,21455,107109,19147,0.1699325180585477,0.4715777547904044
3856,0.3903,20,14,20,655003,21441,107129,19127,0.16982163223925992,0.47147998422401893
3857,0.3904,17,26,17,655029,21415,107146,19110,0.16961570143201116,0.4715607649599013
3858,0.3905,9,25,9,655054,21390,107155,19101,0.1694176910404258,0.47173445950952064
3859,0.3906,18,24,18,655078,21366,107173,19083,0.16922760106450385,0.47177927760884075
3860,0.3907,11,22,11,655100,21344,107184,19072,0.16905335191990875,0.4718923198733175
3861,0.3908,9,26,9,655126,21318,107193,19063,0.16884742111266,0.4720784527376737
3862,0.3909,10,18,10,655144,21300,107203,19053,0.16870485363071855,0.4721582038510148
3863,0.391,14,20,14,655164,21280,107217,19039,0.16854644531745025,0.4722091321709368
3864,0.3911,10,16,10,655180,21264,107227,19029,0.16841971866683564,0.4722656540838359
3865,0.3912,12,20,12,655200,21244,107239,19017,0.16826131035356737,0.4723429621718288
3866,0.3913,15,16,15,655216,21228,107254,19002,0.16813458370295273,0.47233407904548846
3867,0.3914,17,18,17,655234,21210,107271,18985,0.1679920162210113,0.4723224281627068
3868,0.3915,7,18,7,655252,21192,107278,18978,0.16784944873906982,0.4724421209858103
3869,0.3916,9,24,9,655276,21168,107287,18969,0.1676593587631479,0.47260632334255176
3870,0.3917,13,19,13,655295,21149,107300,18956,0.16750887086554303,0.4726592694177783
3871,0.3918,11,22,11,655317,21127,107311,18945,0.16733462172094793,0.472774006787782
3872,0.3919,12,19,12,655336,21108,107323,18933,0.16718413382334305,0.4728403386528808
3873,0.392,15,21,15,655357,21087,107338,18918,0.16701780509441136,0.47289088863892015
3874,0.3921,12,13,12,655370,21074,107350,18906,0.16691483969078696,0.47288644322161083
3875,0.3922,7,13,7,655383,21061,107357,18899,0.1668118742871626,0.4729479479479479
3876,0.3923,12,14,12,655397,21047,107369,18887,0.1667009884678748,0.47295537637101215
3877,0.3924,10,12,10,655409,21035,107379,18877,0.16660594347991384,0.4729655241531369
3878,0.3925,9,24,9,655433,21011,107388,18868,0.16641585350399188,0.47313122194638785
3879,0.3926,11,17,11,655450,20994,107399,18857,0.16628120643771385,0.47318762389902386
3880,0.3927,17,13,17,655463,20981,107416,18840,0.16617824103408946,0.4731171994676176
3881,0.3928,10,15,10,655478,20966,107426,18830,0.16605943479913826,0.47316313197306265
3882,0.3929,12,14,12,655492,20952,107438,18818,0.16594854897985045,0.47317073170731705
3883,0.393,8,14,8,655506,20938,107446,18810,0.16583766316056267,0.4732313575525813
3884,0.3931,10,10,10,655516,20928,107456,18800,0.16575845900392852,0.47321788159484496
3885,0.3932,15,23,15,655539,20905,107471,18785,0.16557628944367,0.47329302091206854
3886,0.3933,12,15,12,655554,20890,107483,18773,0.16545748320871878,0.4733126591533671
3887,0.3934,9,20,9,655574,20870,107492,18764,0.1652990748954505,0.473431901902407
3888,0.3935,12,24,12,655598,20846,107504,18752,0.16510898491952858,0.47355927067023584
3889,0.3936,13,11,13,655609,20835,107517,18739,0.16502186034723101,0.47351796634153737
3890,0.3937,13,16,13,655625,20819,107530,18726,0.1648951336966164,0.4735364774307751
3891,0.3938,11,23,11,655648,20796,107541,18715,0.1647129641363579,0.4736655614892055
3892,0.3939,14,13,14,655661,20783,107555,18701,0.1646099987327335,0.47363489008205856
3893,0.394,9,15,9,655676,20768,107564,18692,0.1644911924977823,0.4736948808920426
3894,0.3941,11,23,11,655699,20745,107575,18681,0.16430902293752375,0.47382437985085984
3895,0.3942,23,15,23,655714,20730,107598,18658,0.16419021670257256,0.47369757286483194
3896,0.3943,13,20,13,655734,20710,107611,18645,0.16403180838930428,0.4737644517850337
3897,0.3944,9,20,9,655754,20690,107620,18636,0.16387340007603599,0.47388496160301075
3898,0.3945,18,15,18,655769,20675,107638,18618,0.1637545938410848,0.473824854299748
3899,0.3946,12,20,12,655789,20655,107650,18606,0.1635961855278165,0.4739054023076335
3900,0.3947,12,18,12,655807,20637,107662,18594,0.16345361804587505,0.47396191787107134
3901,0.3948,10,24,10,655831,20613,107672,18584,0.16326352806995312,0.4741179171875399
3902,0.3949,9,22,9,655853,20591,107681,18575,0.16308927892535802,0.4742633917173058
3903,0.395,17,30,17,655883,20561,107698,18558,0.1628516664554556,0.47439862982182573
3904,0.3951,13,23,13,655906,20538,107711,18545,0.16266949689519705,0.47450298083565745
3905,0.3952,11,18,11,655924,20520,107722,18534,0.1625269294132556,0.4745736672299892
3906,0.3953,10,24,10,655948,20496,107732,18524,0.16233683943733368,0.47473090722706307
3907,0.3954,18,25,18,655973,20471,107750,18506,0.16213882904574833,0.47479282653872795
3908,0.3955,13,17,13,655990,20454,107763,18493,0.16200418197947028,0.47482476185585537
3909,0.3956,10,20,10,656010,20434,107773,18483,0.161845773666202,0.47493383354318164
3910,0.3957,16,22,16,656032,20412,107789,18467,0.1616715245216069,0.47498649656626973
3911,0.3958,17,15,17,656047,20397,107806,18450,0.16155271828665568,0.4749401498185188
3912,0.3959,11,21,11,656068,20376,107817,18439,0.161386389557724,0.475048306067242
3913,0.396,8,25,8,656093,20351,107825,18431,0.16118837916613865,0.47524624825950185
3914,0.3961,11,21,11,656114,20330,107836,18420,0.16102205043720694,0.47535483870967743
3915,0.3962,7,15,7,656129,20315,107843,18413,0.16090324420225574,0.47544412311505885
3916,0.3963,13,16,13,656145,20299,107856,18400,0.1607765175516411,0.475464482286364
3917,0.3964,13,9,13,656154,20290,107869,18387,0.1607052338106704,0.47539881583369964
3918,0.3965,16,25,16,656179,20265,107885,18371,0.16050722341908502,0.4754891810746454
3919,0.3966,16,20,16,656199,20245,107901,18355,0.16034881510581675,0.4755181347150259
3920,0.3967,11,18,11,656217,20227,107912,18344,0.1602062476238753,0.47559046952373546
3921,0.3968,11,17,11,656234,20210,107923,18333,0.16007160055759725,0.47565057208831696
3922,0.3969,8,24,8,656258,20186,107931,18325,0.15988151058167532,0.4758380722391005
3923,0.397,19,20,19,656278,20166,107950,18306,0.15972310226840705,0.47582657517155336
3924,0.3971,13,13,13,656291,20153,107963,18293,0.15962013686478266,0.4758102273318421
3925,0.3972,17,20,17,656311,20133,107980,18276,0.1594617285515144,0.47582597828633916
3926,0.3973,21,19,21,656330,20114,108001,18255,0.15931124065390953,0.47577471396179205
3927,0.3974,12,11,12,656341,20103,108013,18243,0.15922411608161197,0.47574714442184324
3928,0.3975,12,23,12,656364,20080,108025,18231,0.15904194652135345,0.47586854950275376
3929,0.3976,9,23,9,656387,20057,108034,18222,0.1588597769610949,0.4760312442853784
3930,0.3977,22,33,22,656420,20024,108056,18200,0.15859840324420227,0.4761406446211804
3931,0.3978,9,17,9,656437,20007,108065,18191,0.15846375617792421,0.47622912194355727
3932,0.3979,15,14,15,656451,19993,108080,18176,0.15835287035863643,0.47619796169666484
3933,0.398,18,25,18,656476,19968,108098,18158,0.15815485996705106,0.4762629176939621
3934,0.3981,13,14,13,656490,19954,108111,18145,0.15804397414776328,0.47625921940208404
3935,0.3982,18,15,18,656505,19939,108129,18127,0.15792516791281205,0.4761992329112594
3936,0.3983,14,24,14,656529,19915,108143,18113,0.15773507793689012,0.4763069317345114
3937,0.3984,12,21,12,656550,19894,108155,18101,0.15756874920795844,0.47640479010396103
3938,0.3985,12,21,12,656571,19873,108167,18089,0.15740242047902675,0.47650281860808175
3939,0.3986,8,26,8,656597,19847,108175,18081,0.15719648967177796,0.47671904661463826
3940,0.3987,11,15,11,656612,19832,108186,18070,0.15707768343682676,0.4767558440187853
3941,0.3988,11,22,11,656634,19810,108197,18059,0.15690343429223166,0.4768808260054398
3942,0.3989,6,15,6,656649,19795,108203,18053,0.15678462805728044,0.4769868949482139
3943,0.399,14,18,14,656667,19777,108217,18039,0.156642060575339,0.4770203088639729
3944,0.3991,10,14,10,656681,19763,108227,18029,0.1565311747560512,0.4770586367485182
3945,0.3992,12,16,12,656697,19747,108239,18017,0.15640444810543658,0.47709458743777144
3946,0.3993,11,16,11,656713,19731,108250,18006,0.15627772145482194,0.4771444470943636
3947,0.3994,14,19,14,656732,19712,108264,17992,0.15612723355721708,0.47719074899214936
3948,0.3995,15,23,15,656755,19689,108279,17977,0.15594506399695857,0.47727393405193014
3949,0.3996,16,23,16,656778,19666,108295,17961,0.15576289443670005,0.47734339702872935
3950,0.3997,8,27,8,656805,19639,108303,17953,0.15554904321378785,0.47757501596084273
3951,0.3998,17,19,17,656824,19620,108320,17936,0.155398555316183,0.4775801469805091
3952,0.3999,11,24,11,656848,19596,108331,17925,0.15520846534026106,0.47773246981690254
3953,0.4,11,18,11,656866,19578,108342,17914,0.15506589785831962,0.4778085991678225
3954,0.4001,7,18,7,656884,19560,108349,17907,0.15492333037637815,0.4779405877171911
3955,0.4002,15,11,15,656895,19549,108364,17892,0.15483620580408058,0.4778718517133624
3956,0.4003,5,20,5,656915,19529,108369,17887,0.1546777974908123,0.4780575155013898
3957,0.4004,11,15,11,656930,19514,108380,17876,0.15455899125586112,0.4780957475260765
3958,0.4005,9,14,9,656944,19500,108389,17867,0.1544481054365733,0.47814916905290766
3959,0.4006,11,21,11,656965,19479,108400,17856,0.15428177670764162,0.47826436319807153
3960,0.4007,18,15,18,656980,19464,108418,17838,0.1541629704726904,0.47820492198809716
3961,0.4008,10,22,10,657002,19442,108428,17828,0.1539887213280953,0.47834719613630267
3962,0.4009,10,13,10,657015,19429,108438,17818,0.15388575592447093,0.47837409724273094
3963,0.401,8,11,8,657026,19418,108446,17810,0.15379863135217337,0.4784033523154615
3964,0.4011,14,17,14,657043,19401,108460,17796,0.1536639842858953,0.4784256794902815
3965,0.4012,13,17,13,657060,19384,108473,17783,0.15352933721961728,0.47846207657330425
3966,0.4013,14,25,14,657085,19359,108487,17769,0.15333132682803194,0.47858758888170655
3967,0.4014,16,16,16,657101,19343,108503,17753,0.1532046001774173,0.478569117964201
3968,0.4015,15,18,15,657119,19325,108518,17738,0.15306203269547586,0.4785905080538542
3969,0.4016,11,19,11,657138,19306,108529,17727,0.152911544797871,0.47868117624821105
3970,0.4017,14,14,14,657152,19292,108543,17713,0.1528006589785832,0.4786650452641535
3971,0.4018,10,17,10,657169,19275,108553,17703,0.15266601191230517,0.47874411812429013
3972,0.4019,15,16,15,657185,19259,108568,17688,0.15253928526169053,0.4787398164938967
3973,0.402,12,22,12,657207,19237,108580,17676,0.15236503611709543,0.47885568769810094
3974,0.4021,14,16,14,657223,19221,108594,17662,0.15223830946648081,0.4788656020388797
3975,0.4022,11,20,11,657243,19201,108605,17651,0.15207990115321252,0.4789699337892109
3976,0.4023,11,19,11,657262,19182,108616,17640,0.15192941325560766,0.4790614306664494
3977,0.4024,16,14,16,657276,19168,108632,17624,0.15181852743631985,0.4790171776473146
3978,0.4025,11,14,11,657290,19154,108643,17613,0.15170764161703207,0.4790437076726412
3979,0.4026,16,18,16,657308,19136,108659,17597,0.1515650741350906,0.47905153404295864
3980,0.4027,15,18,15,657326,19118,108674,17582,0.15142250665314916,0.47907356948228885
3981,0.4028,12,16,12,657342,19102,108686,17570,0.15129578000253455,0.4791121291448517
3982,0.4029,8,14,8,657356,19088,108694,17562,0.15118489418324674,0.479181446111869
3983,0.403,19,25,19,657381,19063,108713,17543,0.1509868837916614,0.47923837622247717
3984,0.4031,15,21,15,657402,19042,108728,17528,0.1508205550627297,0.4792999726551818
3985,0.4032,13,19,13,657421,19023,108741,17515,0.15067006716512482,0.4793639498604193
3986,0.4033,8,12,8,657433,19011,108749,17507,0.15057502217716387,0.4794074155211129
3987,0.4034,8,15,8,657448,18996,108757,17499,0.15045621594221265,0.4794903411426223
3988,0.4035,6,16,6,657464,18980,108763,17493,0.15032948929159803,0.4796150577139254
3989,0.4036,12,20,12,657484,18960,108775,17481,0.15017108097832974,0.47970692352021077
3990,0.4037,15,21,15,657505,18939,108790,17466,0.15000475224939805,0.47976926246394724
3991,0.4038,14,16,14,657521,18923,108804,17452,0.14987802559878344,0.47978006872852236
3992,0.4039,7,13,7,657534,18910,108811,17445,0.14977506019515904,0.47985146472287166
3993,0.404,8,21,8,657555,18889,108819,17437,0.14960873146622736,0.4800143148158344
3994,0.4041,12,17,12,657572,18872,108831,17425,0.1494740843999493,0.48006722318648926
3995,0.4042,13,30,13,657602,18842,108844,17412,0.14923647193004688,0.4802780382854306
3996,0.4043,17,22,17,657624,18820,108861,17395,0.14906222278545178,0.48032583183763633
3997,0.4044,8,22,8,657646,18798,108869,17387,0.14888797364085668,0.4805029708442725
3998,0.4045,15,14,15,657660,18784,108884,17372,0.14877708782156887,0.4804735037061622
3999,0.4046,8,20,8,657680,18764,108892,17364,0.1486186795083006,0.48062444641275465
4000,0.4047,8,23,8,657703,18741,108900,17356,0.14843650994804208,0.4808155802421254
4001,0.4048,10,18,10,657721,18723,108910,17346,0.14829394246610061,0.4809115861265907
4002,0.4049,12,16,12,657737,18707,108922,17334,0.148167215815486,0.48095224882772397
4003,0.405,9,25,9,657762,18682,108931,17325,0.14796920542390066,0.4811564418029827
4004,0.4051,14,24,14,657786,18658,108945,17311,0.1477791154479787,0.4812755428285468
4005,0.4052,15,25,15,657811,18633,108960,17296,0.14758110505639335,0.4813938601130006
4006,0.4053,11,16,11,657827,18617,108971,17285,0.14745437840577874,0.48144950142053367
4007,0.4054,14,17,14,657844,18600,108985,17271,0.1473197313395007,0.48147528644308774
4008,0.4055,10,21,10,657865,18579,108995,17261,0.147153402610569,0.4816127232142857
4009,0.4056,7,25,7,657890,18554,109002,17254,0.14695539221898365,0.48184763181411977
4010,0.4057,18,20,18,657910,18534,109020,17236,0.14679698390571538,0.4818563041655018
4011,0.4058,14,23,14,657933,18511,109034,17222,0.14661481434545684,0.48196345115159656
4012,0.4059,11,20,11,657953,18491,109045,17211,0.14645640603218857,0.48207383339868914
4013,0.406,13,15,13,657968,18476,109058,17198,0.14633759979723737,0.482087795032797
4014,0.4061,12,20,12,657988,18456,109070,17186,0.14617919148396907,0.4821839402951574
4015,0.4062,19,17,19,658005,18439,109089,17167,0.14604454441769105,0.48213784193675224
4016,0.4063,9,15,9,658020,18424,109098,17158,0.14592573818273982,0.48221010623348887
4017,0.4064,17,16,17,658036,18408,109115,17141,0.1457990115321252,0.482179526850263
4018,0.4065,12,18,12,658054,18390,109127,17129,0.14565644405018374,0.482248937188547
4019,0.4066,7,17,7,658071,18373,109134,17122,0.14552179698390572,0.4823777996900972
4020,0.4067,19,18,19,658089,18355,109153,17103,0.14537922950196427,0.4823453099441593
4021,0.4068,8,10,8,658099,18345,109161,17095,0.14530002534533012,0.4823645598194131
4022,0.4069,10,16,10,658115,18329,109171,17085,0.14517329869471549,0.48243632461738295
4023,0.407,5,21,5,658136,18308,109176,17080,0.1450069699657838,0.4826494857013677
4024,0.4071,11,13,11,658149,18295,109187,17069,0.14490400456215943,0.48266598801040606
4025,0.4072,11,23,11,658172,18272,109198,17058,0.1447218350019009,0.48281913388055475
4026,0.4073,16,18,16,658190,18254,109214,17042,0.14457926751995945,0.4828309156844968
4027,0.4074,14,19,14,658209,18235,109228,17028,0.1444287796223546,0.4828857442645266
4028,0.4075,6,12,6,658221,18223,109234,17022,0.1443337346343936,0.4829621222868492
4029,0.4076,8,17,8,658238,18206,109242,17014,0.14419908756811559,0.4830777967064168
4030,0.4077,13,19,13,658257,18187,109255,17001,0.1440485996705107,0.48314766397635556
4031,0.4078,12,14,12,658271,18173,109267,16989,0.14393771385122292,0.4831636425686821
4032,0.4079,8,22,8,658293,18151,109275,16981,0.1437634647066278,0.483348514175111
4033,0.408,11,16,11,658309,18135,109286,16970,0.14363673805601318,0.4834069220908703
4034,0.4081,6,11,6,658320,18124,109292,16964,0.14354961348371562,0.4834701322389421
4035,0.4082,12,16,12,658336,18108,109304,16952,0.143422886833101,0.48351397604107244
4036,0.4083,16,14,16,658350,18094,109320,16936,0.1433120010138132,0.4834713103054525
4037,0.4084,11,20,11,658370,18074,109331,16925,0.14315359270054492,0.4835852452927227
4038,0.4085,15,14,15,658384,18060,109346,16910,0.14304270688125711,0.4835573348584501
4039,0.4086,13,18,13,658402,18042,109359,16897,0.14290013939931567,0.4836142992071897
4040,0.4087,7,15,7,658417,18027,109366,16890,0.14278133316436448,0.48371853251997593
4041,0.4088,12,17,12,658434,18010,109378,16878,0.14264668609808642,0.4837766567301078
4042,0.4089,11,11,11,658445,17999,109389,16867,0.14255956152578889,0.4837664200080308
4043,0.409,13,20,13,658465,17979,109402,16854,0.1424011532125206,0.4838515201102403
4044,0.4091,8,14,8,658479,17965,109410,16846,0.1422902673932328,0.48392749418287323
4045,0.4092,13,16,13,658495,17949,109423,16833,0.14216354074261817,0.4839572192513369
4046,0.4093,13,16,13,658511,17933,109436,16820,0.14203681409200355,0.4839869939285817
4047,0.4094,12,10,12,658521,17923,109448,16808,0.1419576099353694,0.4839480579309551
4048,0.4095,10,23,10,658544,17900,109458,16798,0.1417754403751109,0.4841201221972448
4049,0.4096,9,22,9,658566,17878,109467,16789,0.1416011912305158,0.4842934202555745
4050,0.4097,5,15,5,658581,17863,109472,16784,0.14148238499556456,0.4844286662625913
4051,0.4098,10,24,10,658605,17839,109482,16774,0.14129229501964263,0.48461560685291655
4052,0.4099,13,19,13,658624,17820,109495,16761,0.14114180712203778,0.4846881235360458
4053,0.41,12,16,12,658640,17804,109507,16749,0.14101508047142314,0.4847335976615634
4054,0.4101,15,13,15,658653,17791,109522,16734,0.14091211506779877,0.48469225199131066
4055,0.4102,14,20,14,658673,17771,109536,16720,0.14075370675453047,0.4847641413702125
4056,0.4103,10,20,10,658693,17751,109546,16710,0.1405952984412622,0.48489596935666407
4057,0.4104,8,11,8,658704,17740,109554,16702,0.14050817386896464,0.484931188665002
4058,0.4105,15,20,15,658724,17720,109569,16687,0.14034976555569637,0.48498851977795215
4059,0.4106,10,12,10,658736,17708,109579,16677,0.14025472056773539,0.4850079976734041
4060,0.4107,8,17,8,658753,17691,109587,16669,0.14012007350145736,0.485128055878929
4061,0.4108,13,22,13,658775,17669,109600,16656,0.13994582435686226,0.48524399126001455
4062,0.4109,9,19,9,658794,17650,109609,16647,0.13979533645925737,0.4853777298305974
4063,0.411,9,17,9,658811,17633,109618,16638,0.13966068939297935,0.48548335327244607
4064,0.4111,13,14,13,658825,17619,109631,16625,0.13954980357369154,0.4854865085854456
4065,0.4112,13,10,13,658835,17609,109644,16612,0.13947059941705742,0.48543292130563104
4066,0.4113,11,17,11,658852,17592,109655,16601,0.13933595235077936,0.4855087298569883
4067,0.4114,13,12,13,658864,17580,109668,16588,0.1392409073628184,0.4854834933270897
4068,0.4115,12,10,12,658874,17570,109680,16576,0.13916170320618426,0.48544485444854446
4069,0.4116,12,19,12,658893,17551,109692,16564,0.1390112153085794,0.48553422248277883
4070,0.4117,6,21,6,658914,17530,109698,16558,0.1388448865796477,0.48574278338418214
4071,0.4118,8,14,8,658928,17516,109706,16550,0.1387340007603599,0.48582164034521225
4072,0.4119,11,17,11,658945,17499,109717,16539,0.13859935369408186,0.48589811387273046
4073,0.412,12,18,12,658963,17481,109729,16527,0.13845678621214041,0.48597388849682427
4074,0.4121,13,20,13,658983,17461,109742,16514,0.13829837789887214,0.48606328182487124
4075,0.4122,8,16,8,658999,17445,109750,16506,0.1381716512482575,0.4861712467968543
4076,0.4123,12,20,12,659019,17425,109762,16494,0.13801324293498923,0.4862761284235974
4077,0.4124,9,18,9,659037,17407,109771,16485,0.13787067545304776,0.4863979700224242
4078,0.4125,15,15,15,659052,17392,109786,16470,0.13775186921809657,0.4863859193195913
4079,0.4126,18,14,18,659066,17378,109804,16452,0.13764098339880876,0.4863139225539462
4080,0.4127,10,19,10,659085,17359,109814,16442,0.1374904955012039,0.486435312564717
4081,0.4128,12,8,12,659093,17351,109826,16430,0.13742713217589658,0.48636807672952254
4082,0.4129,16,18,16,659111,17333,109842,16414,0.13728456469395514,0.4863839748718405
4083,0.413,11,8,11,659119,17325,109853,16403,0.13722120136864782,0.4863318311195446
4084,0.4131,10,15,10,659134,17310,109863,16393,0.13710239513369663,0.486395869803875
4085,0.4132,13,16,13,659150,17294,109876,16380,0.13697566848308199,0.4864286986992932
4086,0.4133,11,9,11,659159,17285,109887,16369,0.13690438474211128,0.48639091935579726
4087,0.4134,19,14,19,659173,17271,109906,16350,0.13679349892282347,0.48630320335504595
4088,0.4135,11,21,11,659194,17250,109917,16339,0.13662717019389178,0.4864390127720385
4089,0.4136,9,11,9,659205,17239,109926,16330,0.13654004562159422,0.4864607226905776
4090,0.4137,12,15,12,659220,17224,109938,16318,0.13642123938664302,0.4864945441535985
4091,0.4138,16,19,16,659239,17205,109954,16302,0.13627075148903814,0.48652520368878144
4092,0.4139,4,20,4,659259,17185,109958,16298,0.13611234317576987,0.4867544724188394
4093,0.414,8,17,8,659276,17168,109966,16290,0.1359776961094918,0.4868790722697113
4094,0.4141,7,18,7,659294,17150,109973,16283,0.13583512862755037,0.48703376903059853
4095,0.4142,9,17,9,659311,17133,109982,16274,0.13570048156127235,0.4871434130571437
4096,0.4143,10,16,10,659327,17117,109992,16264,0.1355737549106577,0.4872232707228663
4097,0.4144,10,16,10,659343,17101,110002,16254,0.1354470282600431,0.48730325288562437
4098,0.4145,18,17,18,659360,17084,110020,16236,0.13531238119376504,0.4872749099639856
4099,0.4146,11,20,11,659380,17064,110031,16225,0.13515397288049677,0.4873982396587461
4100,0.4147,11,18,11,659398,17046,110042,16214,0.13501140539855533,0.48749248346361995
4101,0.4148,15,12,15,659410,17034,110057,16199,0.13491636041059435,0.48743718592964824
4102,0.4149,15,20,15,659430,17014,110072,16184,0.13475795209732608,0.4874992469425869
4103,0.415,9,11,9,659441,17003,110081,16175,0.1346708275250285,0.48752185182952557
4104,0.4151,10,20,10,659461,16983,110091,16165,0.13451241921176024,0.4876613973693737
4105,0.4152,8,11,8,659472,16972,110099,16157,0.13442529463946268,0.4876995985390443
4106,0.4153,10,12,10,659484,16960,110109,16147,0.1343302496515017,0.4877216298667955
4107,0.4154,12,11,12,659495,16949,110121,16135,0.13424312507920416,0.48769798089711036
4108,0.4155,13,22,13,659517,16927,110134,16122,0.13406887593460906,0.48782111410330115
4109,0.4156,10,12,10,659529,16915,110144,16112,0.13397383094664808,0.4878432797408181
4110,0.4157,11,30,11,659559,16885,110155,16101,0.13373621847674566,0.4881161704965743
4111,0.4158,6,15,6,659574,16870,110161,16095,0.13361741224179444,0.48824510844835434
4112,0.4159,11,12,11,659586,16858,110172,16084,0.13352236725383348,0.4882520794123004
4113,0.416,11,12,11,659598,16846,110183,16073,0.1334273222658725,0.4882590601172575
4114,0.4161,15,17,15,659615,16829,110198,16058,0.13329267519959448,0.4882780429957126
4115,0.4162,14,21,14,659636,16808,110212,16044,0.1331263464706628,0.4883720930232558
4116,0.4163,10,19,10,659655,16789,110222,16034,0.1329758585730579,0.48849891844133686
4117,0.4164,15,18,15,659673,16771,110237,16019,0.13283329109111647,0.48853308935651113
4118,0.4165,10,12,10,659685,16759,110247,16009,0.1327382461031555,0.488555908203125
4119,0.4166,6,10,6,659695,16749,110253,16003,0.13265904194652137,0.4886113825109917
4120,0.4167,12,19,12,659714,16730,110265,15991,0.13250855404891648,0.4887075578374744
4121,0.4168,13,11,13,659725,16719,110278,15978,0.13242142947661895,0.4886686852004771
4122,0.4169,7,23,7,659748,16696,110285,15971,0.1322392599163604,0.4889031744574035
4123,0.417,9,14,9,659762,16682,110294,15962,0.13212837409707262,0.4889719397132704
4124,0.4171,7,16,7,659778,16666,110301,15955,0.13200164744645798,0.4891021121363539
4125,0.4172,13,16,13,659794,16650,110314,15942,0.13187492079584337,0.4891384388807069
4126,0.4173,11,12,11,659806,16638,110325,15931,0.1317798758078824,0.48914612054407564
4127,0.4174,11,22,11,659828,16616,110336,15920,0.1316056266632873,0.4893041553970986
4128,0.4175,10,22,10,659850,16594,110346,15910,0.1314313775186922,0.4894782180654689
4129,0.4176,10,21,10,659871,16573,110356,15900,0.13126504878976047,0.4896375450374157
4130,0.4177,8,18,8,659889,16555,110364,15892,0.13112248130781903,0.48978333898357324
4131,0.4178,14,15,14,659904,16540,110378,15878,0.13100367507286784,0.48978962304892343
4132,0.4179,8,13,8,659917,16527,110386,15870,0.13090070966924344,0.4898601722381702
4133,0.418,12,18,12,659935,16509,110398,15858,0.130758142187302,0.4899434609324312
4134,0.4181,14,13,14,659948,16496,110412,15844,0.1306551767836776,0.4899196042053185
4135,0.4182,7,13,7,659961,16483,110419,15837,0.1305522113800532,0.49000618811881186
4136,0.4183,8,23,8,659984,16460,110427,15829,0.1303700418197947,0.4902288705131779
4137,0.4184,9,21,9,660005,16439,110436,15820,0.130203713090863,0.49040577823243126
4138,0.4185,6,18,6,660023,16421,110442,15814,0.13006114560892157,0.4905847681091981
4139,0.4186,8,19,8,660042,16402,110450,15806,0.12991065771131668,0.49074764033780427
4140,0.4187,7,17,7,660059,16385,110457,15799,0.12977601064503866,0.4908960974397216
4141,0.4188,9,16,9,660075,16369,110466,15790,0.12964928399442402,0.4909978544108959
4142,0.4189,10,9,10,660084,16360,110476,15780,0.1295780002534533,0.4909769757311761
4143,0.419,16,20,16,660104,16340,110492,15764,0.129419591940185,0.49102915524545226
4144,0.4191,15,14,15,660118,16326,110507,15749,0.12930870612089723,0.4910054559625877
4145,0.4192,10,22,10,660140,16304,110517,15739,0.1291344569763021,0.49118372187373216
4146,0.4193,18,15,18,660155,16289,110535,15721,0.1290156507413509,0.49112777257107154
4147,0.4194,5,18,5,660173,16271,110540,15716,0.12887308325940947,0.49132460061900146
4148,0.4195,12,17,12,660190,16254,110552,15704,0.1287384361931314,0.491394955879592
4149,0.4196,12,22,12,660212,16232,110564,15692,0.1285641870485363,0.4915424132314246
4150,0.4197,7,10,7,660222,16222,110571,15685,0.12848498289190216,0.49158491866988435
4151,0.4198,13,21,13,660243,16201,110584,15672,0.12831865416297047,0.4917014400903586
4152,0.4199,11,23,11,660266,16178,110595,15661,0.12813648460271196,0.49188102641414616
4153,0.42,18,19,18,660285,16159,110613,15643,0.12798599670510707,0.4918873026853657
4154,0.4201,12,12,12,660297,16147,110625,15631,0.12789095171714612,0.4918811756561143
4155,0.4202,10,13,10,660310,16134,110635,15621,0.12778798631352173,0.49192253188474255
4156,0.4203,15,22,15,660332,16112,110650,15606,0.12761373716892663,0.49202345671227693
4157,0.4204,13,19,13,660351,16093,110663,15593,0.12746324927132177,0.4921100801615856
4158,0.4205,7,18,7,660369,16075,110670,15586,0.1273206817893803,0.49227756545908213
4159,0.4206,14,26,14,660395,16049,110684,15572,0.12711475098213154,0.4924575440371905
4160,0.4207,15,15,15,660410,16034,110699,15557,0.12699594474718034,0.4924503814377513
4161,0.4208,9,16,9,660426,16018,110708,15548,0.1268692180965657,0.49255528099854273
4162,0.4209,10,13,10,660439,16005,110718,15538,0.12676625269294134,0.4925974067146435
4163,0.421,9,16,9,660455,15989,110727,15529,0.1266395260423267,0.49270258265118344
4164,0.4211,18,12,18,660467,15977,110745,15511,0.12654448105436572,0.4926003556910569
4165,0.4212,14,16,14,660483,15961,110759,15497,0.1264177544037511,0.4926250874181448
4166,0.4213,12,15,12,660498,15946,110771,15485,0.12629894816879988,0.4926664757723267
4167,0.4214,11,12,11,660510,15934,110782,15474,0.12620390318083893,0.49267702496179316
4168,0.4215,10,19,10,660529,15915,110792,15464,0.12605341528323408,0.4928136651900953
4169,0.4216,10,19,10,660548,15896,110802,15454,0.1259029273856292,0.4929505582137161
4170,0.4217,14,19,14,660567,15877,110816,15440,0.12575243948802434,0.4930229587763834
4171,0.4218,9,16,9,660583,15861,110825,15431,0.1256257128374097,0.49312923430908856
4172,0.4219,11,16,11,660599,15845,110836,15420,0.1254989861867951,0.4932032624340317
4173,0.422,11,11,11,660610,15834,110847,15409,0.12541186161449752,0.4931984764587268
4174,0.4221,7,14,7,660624,15820,110854,15402,0.12530097579520974,0.49330600217795145
4175,0.4222,13,19,13,660643,15801,110867,15389,0.12515048789760486,0.493395319012504
4176,0.4223,7,12,7,660655,15789,110874,15382,0.1250554429096439,0.4934714959417407
4177,0.4224,15,10,15,660665,15779,110889,15367,0.12497623875300976,0.49338598856996085
4178,0.4225,13,18,13,660683,15761,110902,15354,0.1248336712710683,0.4934597461031657
4179,0.4226,8,15,8,660698,15746,110910,15346,0.12471486503611709,0.4935674771645439
4180,0.4227,9,9,9,660707,15737,110919,15337,0.12464358129514637,0.49356375104589045
4181,0.4228,13,20,13,660727,15717,110932,15324,0.12448517298187808,0.49366966270416546
4182,0.4229,10,17,10,660744,15700,110942,15314,0.12435052591560006,0.4937770039337074
4183,0.423,5,19,5,660763,15681,110947,15309,0.12420003801799519,0.4939980638915779
4184,0.4231,12,14,12,660777,15667,110959,15297,0.12408915219870739,0.49402531972613356
4185,0.4232,11,13,11,660790,15654,110970,15286,0.12398618679508301,0.4940530058177117
4186,0.4233,5,22,5,660812,15632,110975,15281,0.1238119376504879,0.49432277682528386
4187,0.4234,16,14,16,660826,15618,110991,15265,0.1237010518312001,0.49428488165009876
4188,0.4235,14,11,14,660837,15607,111005,15251,0.12361392725890255,0.4942316417136561
4189,0.4236,10,16,10,660853,15591,111015,15241,0.12348720060828793,0.49432407887908664
4190,0.4237,13,9,13,660862,15582,111028,15228,0.12341591686731719,0.49425511197663097
4191,0.4238,9,11,9,660873,15571,111037,15219,0.12332879229501964,0.494283858395583
4192,0.4239,8,29,8,660902,15542,111045,15211,0.12309910024078063,0.4946184112119143
4193,0.424,14,10,14,660912,15532,111059,15197,0.1230198960841465,0.4945491229782941
4194,0.4241,12,17,12,660929,15515,111071,15185,0.12288524901786846,0.4946254071661238
4195,0.4242,10,9,10,660938,15506,111081,15175,0.12281396527689774,0.49460578208011474
4196,0.4243,11,17,11,660955,15489,111092,15164,0.1226793182106197,0.4946987244315401
4197,0.4244,10,15,10,660970,15474,111102,15154,0.12256051197566849,0.49477602194070786
4198,0.4245,12,14,12,660984,15460,111114,15142,0.12244962615638069,0.49480426115940135
4199,0.4246,17,15,17,660999,15445,111131,15125,0.12233081992142948,0.4947661105659143
4200,0.4247,12,15,12,661014,15430,111143,15113,0.12221201368647827,0.49481059489899487
4201,0.4248,16,16,16,661030,15414,111159,15097,0.12208528703586365,0.4948051522401757
4202,0.4249,18,22,18,661052,15392,111177,15079,0.12191103789126853,0.4948639690197237
4203,0.425,15,17,15,661069,15375,111192,15064,0.12177639082499049,0.4948914221886396
4204,0.4251,6,15,6,661084,15360,111198,15058,0.12165758459003928,0.4950358340456309
4205,0.4252,11,12,11,661096,15348,111209,15047,0.12156253960207831,0.4950485277183747
4206,0.4253,8,18,8,661114,15330,111217,15039,0.12141997212013686,0.49520893015904377
4207,0.4254,10,16,10,661130,15314,111227,15029,0.12129324546952223,0.49530369442705074
4208,0.4255,11,16,11,661146,15298,111238,15018,0.12116651881890762,0.49538197651405197
4209,0.4256,16,22,16,661168,15276,111254,15002,0.12099226967431251,0.49547526256688024
4210,0.4257,14,16,14,661184,15260,111268,14988,0.12086554302369788,0.4955038349642952
4211,0.4258,18,16,18,661200,15244,111286,14970,0.12073881637308326,0.49546567816244125
4212,0.4259,11,9,11,661209,15235,111297,14959,0.12066753263211254,0.49542955554083595
4213,0.426,16,18,16,661227,15217,111313,14943,0.12052496515017108,0.49545755968169763
4214,0.4261,11,16,11,661243,15201,111324,14932,0.12039823849955646,0.4955364550492815
4215,0.4262,11,16,11,661259,15185,111335,14921,0.12027151184894183,0.4956154919285192
4216,0.4263,15,15,15,661274,15170,111350,14906,0.12015270561399062,0.4956111184998005
4217,0.4264,16,20,16,661294,15150,111366,14890,0.11999429730072234,0.49567243675099865
4218,0.4265,10,10,10,661304,15140,111376,14880,0.1199150931440882,0.49566955363091275
4219,0.4266,14,14,14,661318,15126,111390,14866,0.1198042073248004,0.4956655108028808
4220,0.4267,12,11,12,661329,15115,111402,14854,0.11971708275250285,0.49564550035036203
4221,0.4268,18,11,18,661340,15104,111420,14836,0.1196299581802053,0.4955243820975284
4222,0.4269,8,18,8,661358,15086,111428,14828,0.11948739069826385,0.49568763789529985
4223,0.427,11,19,11,661377,15067,111439,14817,0.11933690280065898,0.4958171596841119
4224,0.4271,10,11,10,661388,15056,111449,14807,0.11924977822836143,0.49583096139034927
4225,0.4272,15,14,15,661402,15042,111464,14792,0.11913889240907363,0.49581014949386604
4226,0.4273,9,16,9,661418,15026,111473,14783,0.11901216575845901,0.4959240497836224
4227,0.4274,8,13,8,661431,15013,111481,14775,0.11890920035483463,0.4960051027259299
4228,0.4275,15,16,15,661447,14997,111496,14760,0.11878247370422,0.49601774372416574
4229,0.4276,7,10,7,661457,14987,111503,14753,0.11870326954758585,0.4960659045057162
4230,0.4277,11,20,11,661477,14967,111514,14742,0.11854486123431758,0.4962132687064526
4231,0.4278,8,5,8,661482,14962,111522,14734,0.1185052591560005,0.49616109913793105
4232,0.4279,12,14,12,661496,14948,111534,14722,0.11839437333671271,0.4961914391641389
4233,0.428,7,17,7,661513,14931,111541,14715,0.11825972627043467,0.49635701275045535
4234,0.4281,6,16,6,661529,14915,111547,14709,0.11813299961982004,0.49652308938698353
4235,0.4282,8,15,8,661544,14900,111555,14701,0.11801419338486883,0.49663862707340967
4236,0.4283,10,12,10,661556,14888,111565,14691,0.11791914839690787,0.4966699347510058
4237,0.4284,4,13,4,661569,14875,111569,14687,0.11781618299328349,0.49682024220282794
4238,0.4285,9,14,9,661583,14861,111578,14678,0.1177052971739957,0.4969024002166627
4239,0.4286,15,17,15,661600,14844,111593,14663,0.11757065010771765,0.49693293116887516
4240,0.4287,7,18,7,661618,14826,111600,14656,0.1174280826257762,0.49711688487890915
4241,0.4288,10,11,10,661629,14815,111610,14646,0.11734095805347865,0.4971318013645158
4242,0.4289,10,8,10,661637,14807,111620,14636,0.11727759472817133,0.4970960839588357
4243,0.429,14,20,14,661657,14787,111634,14622,0.11711918641490306,0.4971947363052127
4244,0.4291,15,10,15,661667,14777,111649,14607,0.11703998225826892,0.4971072692621835
4245,0.4292,15,11,15,661678,14766,111664,14592,0.11695285768597136,0.4970365828734927
4246,0.4293,10,18,10,661696,14748,111674,14582,0.1168102902040299,0.4971701329696556
4247,0.4294,7,15,7,661711,14733,111681,14575,0.11669148396907869,0.49730449024157225
4248,0.4295,13,17,13,661728,14716,111694,14562,0.11655683690280066,0.49737003893708587
4249,0.4296,8,11,8,661739,14705,111702,14554,0.1164697123305031,0.4974195973888376
4250,0.4297,12,19,12,661758,14686,111714,14542,0.11631922443289824,0.49753660873135347
4251,0.4298,15,12,15,661770,14674,111729,14527,0.11622417944493726,0.49748296291222904
4252,0.4299,11,17,11,661787,14657,111740,14516,0.11608953237865924,0.49758338189421725
4253,0.43,9,17,9,661804,14640,111749,14507,0.1159548853123812,0.4977184615912444
4254,0.4301,13,11,13,661815,14629,111762,14494,0.11586776074008363,0.4976822442742849
4255,0.4302,11,14,11,661829,14615,111773,14483,0.11575687492079584,0.4977318028730497
4256,0.4303,17,18,17,661847,14597,111790,14466,0.1156143074388544,0.4977462753328975
4257,0.4304,14,9,14,661856,14588,111804,14452,0.11554302369788366,0.49765840220385676
4258,0.4305,15,17,15,661873,14571,111819,14437,0.11540837663160562,0.4976902923331495
4259,0.4306,5,14,5,661887,14557,111824,14432,0.11529749081231783,0.4978440097968195
4260,0.4307,13,9,13,661896,14548,111837,14419,0.1152262070713471,0.49777332827010046
4261,0.4308,17,14,17,661910,14534,111854,14402,0.11511532125205931,0.49771910423002486
4262,0.4309,9,18,9,661928,14516,111863,14393,0.11497275377011786,0.49787263481960636
4263,0.431,12,9,12,661937,14507,111875,14381,0.11490147002914713,0.49781916366657436
4264,0.4311,8,7,8,661944,14500,111883,14373,0.11484602711950323,0.4978007134693312
4265,0.4312,18,16,18,661960,14484,111901,14355,0.1147193004688886,0.49776344533444294
4266,0.4313,10,8,10,661968,14476,111911,14345,0.1146559371435813,0.4977273515839145
4267,0.4314,15,13,15,661981,14463,111926,14330,0.11455297173995692,0.4976904108637516
4268,0.4315,12,14,12,661995,14449,111938,14318,0.11444208592066912,0.49772308547989014
4269,0.4316,14,8,14,662003,14441,111952,14304,0.1143787225953618,0.49761697686554185
4270,0.4317,16,12,16,662015,14429,111968,14288,0.11428367760740084,0.49754500818330605
4271,0.4318,8,19,8,662034,14410,111976,14280,0.11413318970979597,0.49773440223074245
4272,0.4319,8,14,8,662048,14396,111984,14272,0.11402230389050817,0.49783730989256314
4273,0.432,5,15,5,662063,14381,111989,14267,0.11390349765555696,0.4980103323094108
4274,0.4321,10,22,10,662085,14359,111999,14257,0.11372924851096186,0.49821778026279007
4275,0.4322,12,8,12,662093,14351,112011,14245,0.11366588518565454,0.4981465939292209
4276,0.4323,6,15,6,662108,14336,112017,14239,0.11354707895070333,0.4983027121609799
4277,0.4324,10,13,10,662121,14323,112027,14229,0.11344411354707895,0.4983538806388344
4278,0.4325,9,9,9,662130,14314,112036,14220,0.11337282980610823,0.49835284222331255
4279,0.4326,12,14,12,662144,14300,112048,14208,0.11326194398682043,0.4983864178476217
4280,0.4327,17,16,17,662160,14284,112065,14191,0.11313521733620581,0.4983669885864794
4281,0.4328,8,15,8,662175,14269,112073,14183,0.1130164111012546,0.4984886826936595
4282,0.4329,13,15,13,662190,14254,112086,14170,0.11289760486630339,0.49852237545736
4283,0.433,20,12,20,662202,14242,112106,14150,0.11280255987834241,0.4983798253029022
4284,0.4331,5,19,5,662221,14223,112111,14145,0.11265207198073755,0.49862521150592215
4285,0.4332,11,19,11,662240,14204,112122,14134,0.11250158408313268,0.498764909309055
4286,0.4333,12,12,12,662252,14192,112134,14122,0.11240653909517172,0.498763862400226
4287,0.4334,12,14,12,662266,14178,112146,14110,0.11229565327588392,0.4987980769230769
4288,0.4335,9,13,9,662279,14165,112155,14101,0.11219268787225954,0.49886789782777896
4289,0.4336,15,18,15,662297,14147,112170,14086,0.11205012039031809,0.4989197038926079
4290,0.4337,13,7,13,662304,14140,112183,14073,0.11199467748067418,0.4988126041186687
4291,0.4338,9,16,9,662320,14124,112192,14064,0.11186795083005956,0.4989357173265219
4292,0.4339,16,9,16,662329,14115,112208,14048,0.11179666708908884,0.4988104960409047
4293,0.434,9,16,9,662345,14099,112217,14039,0.11166994043847421,0.49893382614258297
4294,0.4341,13,19,13,662364,14080,112230,14026,0.11151945254086934,0.4990393510282502
4295,0.4342,11,8,11,662372,14072,112241,14015,0.11145608921556203,0.4989852956883968
4296,0.4343,9,11,9,662383,14061,112250,14006,0.11136896464326448,0.4990202016603128
4297,0.4344,12,24,12,662407,14037,112262,13994,0.11117887466734254,0.49923299204452215
4298,0.4345,10,10,10,662417,14027,112272,13984,0.1110996705107084,0.4992324443968441
4299,0.4346,11,15,11,662432,14012,112283,13973,0.1109808642757572,0.4993031981418617
4300,0.4347,7,10,7,662442,14002,112290,13966,0.11090166011912306,0.49935640732265446
4301,0.4348,9,13,9,662455,13989,112299,13957,0.11079869471549866,0.49942746725828385
4302,0.4349,10,13,10,662468,13976,112309,13947,0.11069572931187428,0.49948071482290585
4303,0.435,10,15,10,662483,13961,112319,13937,0.11057692307692307,0.49956986163882716
4304,0.4351,12,15,12,662498,13946,112331,13925,0.11045811684197186,0.49962326432492554
4305,0.4352,8,15,8,662513,13931,112339,13917,0.11033931060702065,0.4997486354495835
4306,0.4353,7,14,7,662527,13917,112346,13910,0.11022842478773286,0.49987422287706185
4307,0.4354,8,13,8,662540,13904,112354,13902,0.11012545938410848,0.4999640365388765
4308,0.4355,16,11,16,662551,13893,112370,13886,0.11003833481181093,0.49987400554375605
4309,0.4356,13,15,13,662566,13878,112383,13873,0.10991952857685972,0.49990991315628264
4310,0.4357,13,10,13,662576,13868,112396,13860,0.10984032442022558,0.49985574148874784
4311,0.4358,13,16,13,662592,13852,112409,13847,0.10971359776961095,0.49990974403408067
4312,0.4359,13,9,13,662601,13843,112422,13834,0.10964231402864022,0.4998374101239296
4313,0.436,11,10,11,662611,13833,112433,13823,0.10956310987200608,0.4998192074052647
4314,0.4361,14,12,14,662623,13821,112447,13809,0.10946806488404512,0.4997828447339848
4315,0.4362,8,13,8,662636,13808,112455,13801,0.10936509948042074,0.49987322974392406
4316,0.4363,11,20,11,662656,13788,112466,13790,0.10920669116715245,0.5000362607875843
4317,0.4364,12,12,12,662668,13776,112478,13778,0.10911164617919149,0.5000362923713435
4318,0.4365,10,16,10,662684,13760,112488,13768,0.10898491952857686,0.5001453065969195
4319,0.4366,8,16,8,662700,13744,112496,13760,0.10885819287796224,0.5002908667830134
4320,0.4367,10,18,10,662718,13726,112506,13750,0.10871562539602078,0.5004367447954579
4321,0.4368,4,7,4,662725,13719,112510,13746,0.10866018248637689,0.5004915346805024
4322,0.4369,12,17,12,662742,13702,112522,13734,0.10852553542009885,0.5005831753899985
4323,0.437,14,13,14,662755,13689,112536,13720,0.10842257001647447,0.5005655076799591
4324,0.4371,4,14,4,662769,13675,112540,13716,0.10831168419718668,0.5007484210142017
4325,0.4372,5,21,5,662790,13654,112545,13711,0.10814535546825498,0.5010414763383885
4326,0.4373,13,12,13,662802,13642,112558,13698,0.10805031048029401,0.5010241404535479
4327,0.4374,17,14,17,662816,13628,112575,13681,0.10793942466100621,0.5009703760664982
4328,0.4375,16,15,16,662831,13613,112591,13665,0.107820618426055,0.5009531490578488
4329,0.4376,9,14,9,662845,13599,112600,13656,0.10770973260676721,0.5010456796917997
4330,0.4377,11,16,11,662861,13583,112611,13645,0.10758300595615258,0.5011385338622006
4331,0.4378,9,15,9,662876,13568,112620,13636,0.10746419972120137,0.5012498162034995
4332,0.4379,9,20,9,662896,13548,112629,13627,0.10730579140793309,0.5014535418583257
4333,0.438,11,16,11,662912,13532,112640,13616,0.10717906475731846,0.5015470752909975
4334,0.4381,14,14,14,662926,13518,112654,13602,0.10706817893803067,0.5015486725663717
4335,0.4382,5,9,5,662935,13509,112659,13597,0.10699689519705995,0.5016232568435033
4336,0.4383,14,18,14,662953,13491,112673,13583,0.10685432771511849,0.5016990470562163
4337,0.4384,15,18,15,662971,13473,112688,13568,0.10671176023317704,0.5017565918420177
4338,0.4385,10,20,10,662991,13453,112698,13558,0.10655335191990875,0.5019436525859835
4339,0.4386,17,17,17,663008,13436,112715,13541,0.10641870485363072,0.5019461022352374
4340,0.4387,11,10,11,663018,13426,112726,13530,0.10633950069699658,0.5019290695948954
4341,0.4388,5,14,5,663032,13412,112731,13525,0.10622861487770878,0.5020974867282919
4342,0.4389,5,12,5,663044,13400,112736,13520,0.10613356988974781,0.5022288261515602
4343,0.439,10,11,10,663055,13389,112746,13510,0.10604644531745026,0.5022491542436521
4344,0.4391,11,9,11,663064,13380,112757,13499,0.10597516157647953,0.5022136240187507
4345,0.4392,8,13,8,663077,13367,112765,13491,0.10587219617285515,0.5023084369647777
4346,0.4393,20,10,20,663087,13357,112785,13471,0.10579299201622101,0.5021246458923513
4347,0.4394,5,10,5,663097,13347,112790,13466,0.10571378785958688,0.5022190728378025
4348,0.4395,8,12,8,663109,13335,112798,13458,0.1056187428716259,0.5022953756578211
4349,0.4396,8,10,8,663119,13325,112806,13450,0.10553953871499176,0.5023342670401494
4350,0.4397,14,14,14,663133,13311,112820,13436,0.10542865289570397,0.5023367106591393
4351,0.4398,12,10,12,663143,13301,112832,13424,0.10534944873906983,0.5023012160898036
4352,0.4399,9,12,9,663155,13289,112841,13415,0.10525440375110885,0.5023591971240263
4353,0.44,10,12,10,663167,13277,112851,13405,0.10515935876314789,0.502398620793044
4354,0.4401,6,8,6,663175,13269,112857,13399,0.10509599543784058,0.5024373781310935
4355,0.4402,9,11,9,663186,13258,112866,13390,0.10500887086554303,0.5024767337135995
4356,0.4403,13,16,13,663202,13242,112879,13377,0.1048821442149284,0.5025357827115969
4357,0.4404,11,16,11,663218,13226,112890,13366,0.10475541756431378,0.5026323706377858
4358,0.4405,7,6,7,663224,13220,112897,13359,0.10470789507033329,0.5026148463072351
4359,0.4406,13,9,13,663233,13211,112910,13346,0.10463661132936257,0.5025417027525699
4360,0.4407,13,9,13,663242,13202,112923,13333,0.10456532758839183,0.5024684379121914
4361,0.4408,14,19,14,663261,13183,112937,13319,0.10441483969078698,0.5025658440872387
4362,0.4409,12,15,12,663276,13168,112949,13307,0.10429603345583577,0.502625118035883
4363,0.441,5,16,5,663292,13152,112954,13302,0.10416930680522114,0.5028351100022681
4364,0.4411,9,17,9,663309,13135,112963,13293,0.1040346597389431,0.5029892538217042
4365,0.4412,9,15,9,663324,13120,112972,13284,0.10391585350399189,0.5031055900621118
4366,0.4413,12,19,12,663343,13101,112984,13272,0.10376536560638702,0.5032419519963599
4367,0.4414,9,10,9,663353,13091,112993,13263,0.10368616144975289,0.5032632617439478
4368,0.4415,14,16,14,663369,13075,113007,13249,0.10355943479913826,0.5033049688497189
4369,0.4416,11,16,11,663385,13059,113018,13238,0.10343270814852364,0.5034034300490551
4370,0.4417,6,9,6,663394,13050,113024,13232,0.1033614244075529,0.503462445780382
4371,0.4418,13,19,13,663413,13031,113037,13219,0.10321093650994805,0.5035809523809524
4372,0.4419,10,14,10,663427,13017,113047,13209,0.10310005069066025,0.5036604895904827
4373,0.442,15,12,15,663439,13005,113062,13194,0.10300500570269928,0.5036070079010649
4374,0.4421,12,9,12,663448,12996,113074,13182,0.10293372196172855,0.5035526014210405
4375,0.4422,9,17,9,663465,12979,113083,13173,0.10279907489545051,0.5037090853472009
4376,0.4423,7,11,7,663476,12968,113090,13166,0.10271195032315296,0.5037881686691666
4377,0.4424,14,16,14,663492,12952,113104,13152,0.10258522367253833,0.5038308305240576
4378,0.4425,9,11,9,663503,12941,113113,13143,0.10249809910024078,0.5038721055052906
4379,0.4426,13,16,13,663519,12925,113126,13130,0.10237137244962616,0.5039339857992707
4380,0.4427,12,12,12,663531,12913,113138,13118,0.10227632746166519,0.5039376128462218
4381,0.4428,5,14,5,663545,12899,113143,13113,0.1021654416423774,0.5041134860833462
4382,0.4429,10,12,10,663557,12887,113153,13103,0.10207039665441642,0.5041554444016929
4383,0.443,10,10,10,663567,12877,113163,13093,0.10199119249778228,0.5041586445899114
4384,0.4431,13,16,13,663583,12861,113176,13080,0.10186446584716766,0.5042211171504568
4385,0.4432,10,10,10,663593,12851,113186,13070,0.10178526169053352,0.5042243740596427
4386,0.4433,10,12,10,663605,12839,113196,13060,0.10169021670257256,0.5042665739989961
4387,0.4434,7,12,7,663617,12827,113203,13053,0.10159517171461158,0.5043663060278207
4388,0.4435,17,12,17,663629,12815,113220,13036,0.10150012672665061,0.5042744961510193
4389,0.4436,18,19,18,663648,12796,113238,13018,0.10134963882904575,0.5042999922522662
4390,0.4437,17,16,17,663664,12780,113255,13001,0.10122291217843113,0.5042861021682634
4391,0.4438,6,14,6,663678,12766,113261,12995,0.10111202635914333,0.5044447032335702
4392,0.4439,10,13,10,663691,12753,113271,12985,0.10100906095551894,0.5045069546973346
4393,0.444,13,16,13,663707,12737,113284,12972,0.10088233430490433,0.5045703839122486
4394,0.4441,15,12,15,663719,12725,113299,12957,0.10078728931694335,0.5045167821820731
4395,0.4442,10,21,10,663740,12704,113309,12947,0.10062096058801166,0.5047366574402558
4396,0.4443,12,18,12,663758,12686,113321,12935,0.10047839310607021,0.5048592951094805
4397,0.4444,7,14,7,663772,12672,113328,12928,0.10036750728678241,0.505
4398,0.4445,9,14,9,663786,12658,113337,12919,0.10025662146749462,0.5051022402940142
4399,0.4446,14,19,14,663805,12639,113351,12905,0.10010613356988975,0.5052067021609772
4400,0.4447,14,9,14,663814,12630,113365,12891,0.10003484982891903,0.5051134359938874
4401,0.4448,9,13,9,663827,12617,113374,12882,0.09993188442529465,0.5051962822071454
4402,0.4449,10,15,10,663842,12602,113384,12872,0.09981307819034343,0.5052995210803172
4403,0.445,11,8,11,663850,12594,113395,12861,0.09974971486503612,0.5052445492044785
4404,0.4451,5,12,5,663862,12582,113400,12856,0.09965466987707515,0.5053856435254344
4405,0.4452,7,13,7,663875,12569,113407,12849,0.09955170447345077,0.5055079077818868
4406,0.4453,9,12,9,663887,12557,113416,12840,0.0994566594854898,0.5055715241957711
4407,0.4454,7,15,7,663902,12542,113423,12833,0.0993378532505386,0.5057339901477832
4408,0.4455,7,14,7,663916,12528,113430,12826,0.0992269674312508,0.505876784728248
4409,0.4456,11,16,11,663932,12512,113441,12815,0.09910024078063617,0.5059817585975441
4410,0.4457,14,11,14,663943,12501,113455,12801,0.09901311620833861,0.5059283851078966
4411,0.4458,10,11,10,663954,12490,113465,12791,0.09892599163604106,0.5059530872987619
4412,0.4459,10,16,10,663970,12474,113475,12781,0.09879926498542643,0.5060780043555732
4413,0.446,14,16,14,663986,12458,113489,12767,0.09867253833481181,0.5061248761149653
4414,0.4461,12,11,12,663997,12447,113501,12755,0.09858541376251426,0.5061106261407825
4415,0.4462,15,17,15,664014,12430,113516,12740,0.09845076669623622,0.5061581247516885
4416,0.4463,11,14,11,664028,12416,113527,12729,0.09833988087694842,0.5062239013720422
4417,0.4464,10,10,10,664038,12406,113537,12719,0.09826067672031429,0.5062288557213931
4418,0.4465,2,13,2,664051,12393,113539,12717,0.0981577113166899,0.5064516129032258
4419,0.4466,12,12,12,664063,12381,113551,12705,0.09806266632872893,0.5064577852188472
4420,0.4467,10,8,10,664071,12373,113561,12695,0.09799930300342162,0.5064225307164513
4421,0.4468,10,14,10,664085,12359,113571,12685,0.09788841718413382,0.5065085449608688
4422,0.4469,11,12,11,664097,12347,113582,12674,0.09779337219617286,0.506534511010751
4423,0.447,10,14,10,664111,12333,113592,12664,0.09768248637688506,0.5066207944953395
4424,0.4471,14,15,14,664126,12318,113606,12650,0.09756368014193385,0.5066485100929189
4425,0.4472,4,15,4,664141,12303,113610,12646,0.09744487390698264,0.5068740230069342
4426,0.4473,11,10,11,664151,12293,113621,12635,0.0973656697503485,0.506859756097561
4427,0.4474,11,6,11,664157,12287,113632,12624,0.09731814725636802,0.5067640801252459
4428,0.4475,11,6,11,664163,12281,113643,12613,0.09727062476238753,0.5066682734795533
4429,0.4476,13,14,13,664177,12267,113656,12600,0.09715973894309973,0.5066956207021354
4430,0.4477,5,10,5,664187,12257,113661,12595,0.0970805347864656,0.5068002575245453
4431,0.4478,9,18,9,664205,12239,113670,12586,0.09693796730452414,0.5069889224572004
4432,0.4479,7,14,7,664219,12225,113677,12579,0.09682708148523635,0.5071359458151911
4433,0.448,15,16,15,664235,12209,113692,12564,0.09670035483462172,0.5071650587332983
4434,0.4481,10,16,10,664251,12193,113702,12554,0.0965736281840071,0.5072938133915222
4435,0.4482,11,10,11,664261,12183,113713,12543,0.09649442402737296,0.5072797864595971
4436,0.4483,11,7,11,664268,12176,113724,12532,0.09643898111772906,0.5072041444066699
4437,0.4484,16,15,16,664283,12161,113740,12516,0.09632017488277785,0.5071929326903595
4438,0.4485,8,4,8,664287,12157,113748,12508,0.09628849322012419,0.5071153456314615
4439,0.4486,7,15,7,664302,12142,113755,12501,0.09616968698517298,0.5072840157448363
4440,0.4487,9,16,9,664318,12126,113764,12492,0.09604296033455836,0.5074335851815744
4441,0.4488,6,10,6,664328,12116,113770,12486,0.09596375617792421,0.5075197138444029
4442,0.4489,8,11,8,664339,12105,113778,12478,0.09587663160562666,0.5075865435463531
4443,0.449,12,12,12,664351,12093,113790,12466,0.0957815866176657,0.5075939574086893
4444,0.4491,11,9,11,664360,12084,113801,12455,0.09571030287669496,0.5075593952483801
4445,0.4492,10,21,10,664381,12063,113811,12445,0.09554397414776328,0.5077933735922964
4446,0.4493,14,14,14,664395,12049,113825,12431,0.09543308832847548,0.5078022875816993
4447,0.4494,7,12,7,664407,12037,113832,12424,0.09533804334051452,0.5079105514901271
4448,0.4495,12,13,12,664420,12024,113844,12412,0.09523507793689012,0.5079391062366999
4449,0.4496,9,7,9,664427,12017,113853,12403,0.09517963502724623,0.5079033579033579
4450,0.4497,9,11,9,664438,12006,113862,12394,0.09509251045494868,0.5079508196721312
4451,0.4498,9,16,9,664454,11990,113871,12385,0.09496578380433406,0.508102564102564
4452,0.4499,7,13,7,664467,11977,113878,12378,0.09486281840070968,0.5082323958119482
4453,0.45,9,12,9,664479,11965,113887,12369,0.0947677734127487,0.5083011424344539
4454,0.4501,5,7,5,664486,11958,113892,12364,0.0947123305031048,0.5083463530959625
4455,0.4502,13,13,13,664499,11945,113905,12351,0.09460936509948042,0.5083552848205466
4456,0.4503,11,15,11,664514,11930,113916,12340,0.09449055886452921,0.5084466419447878
4457,0.4504,6,9,6,664523,11921,113922,12334,0.09441927512355848,0.5085137085137085
4458,0.4505,7,10,7,664533,11911,113929,12327,0.09434007096692434,0.5085815661358198
4459,0.4506,6,11,6,664544,11900,113935,12321,0.0942529463946268,0.5086908054993601
4460,0.4507,11,12,11,664556,11888,113946,12310,0.09415790140666583,0.5087197289032152
4461,0.4508,10,16,10,664572,11872,113956,12300,0.0940311747560512,0.5088532186000331
4462,0.4509,7,14,7,664586,11858,113963,12293,0.09392028893676341,0.5090058382675665
4463,0.451,11,19,11,664605,11839,113974,12282,0.09376980103915854,0.5091828696986028
4464,0.4511,9,8,9,664613,11831,113983,12273,0.09370643771385122,0.50916860272154
4465,0.4512,8,26,8,664639,11805,113991,12265,0.09350050690660246,0.5095554632322393
4466,0.4513,13,4,13,664643,11801,114004,12252,0.0934688252439488,0.5093751299214235
4467,0.4514,9,7,9,664650,11794,114013,12243,0.0934133823343049,0.5093397678578857
4468,0.4515,7,14,7,664664,11780,114020,12236,0.09330249651501711,0.509493670886076
4469,0.4516,11,13,11,664677,11767,114031,12225,0.09319953111139273,0.5095448482827609
4470,0.4517,8,14,8,664691,11753,114039,12217,0.09308864529210494,0.5096787651230705
4471,0.4518,7,12,7,664703,11741,114046,12210,0.09299360030414396,0.5097908229301491
4472,0.4519,9,11,9,664714,11730,114055,12201,0.0929064757318464,0.5098407922777987
4473,0.452,10,9,10,664723,11721,114065,12191,0.09283519199087568,0.5098277015724323
4474,0.4521,11,12,11,664735,11709,114076,12180,0.09274014700291472,0.5098580936832852
4475,0.4522,11,14,11,664749,11695,114087,12169,0.09262926118362692,0.5099312772376802
4476,0.4523,5,16,5,664765,11679,114092,12164,0.0925025345330123,0.5101706999958059
4477,0.4524,9,10,9,664775,11669,114101,12155,0.09242333037637815,0.5101997985224983
4478,0.4525,8,15,8,664790,11654,114109,12147,0.09230452414142694,0.5103567077013571
4479,0.4526,13,15,13,664805,11639,114122,12134,0.09218571790647573,0.5104109704286375
4480,0.4527,14,5,14,664810,11634,114136,12120,0.09214611582815867,0.5102298560242485
4481,0.4528,11,9,11,664819,11625,114147,12109,0.09207483208718793,0.5101963427993595
4482,0.4529,8,12,8,664831,11613,114155,12101,0.09197978709922697,0.5102892805937421
4483,0.453,10,6,10,664837,11607,114165,12091,0.09193226460524648,0.5102118322221284
4484,0.4531,11,12,11,664849,11595,114176,12080,0.09183721961728551,0.5102428722280887
4485,0.4532,9,12,9,664861,11583,114185,12071,0.09174217462932455,0.5103153800625687
4486,0.4533,8,9,8,664870,11574,114193,12063,0.09167089088835383,0.510343952278208
4487,0.4534,6,7,6,664877,11567,114199,12057,0.09161544797870992,0.5103708093464273
4488,0.4535,7,10,7,664887,11557,114206,12050,0.09153624382207579,0.5104418181047994
4489,0.4536,4,9,4,664896,11548,114210,12046,0.09146496008110505,0.5105535305586166
4490,0.4537,8,10,8,664906,11538,114218,12038,0.09138575592447092,0.5106040040719375
4491,0.4538,4,17,4,664923,11521,114222,12034,0.09125110885819288,0.5108894077690511
4492,0.4539,14,12,14,664935,11509,114236,12020,0.09115606387023191,0.5108589400314506
4493,0.454,10,13,10,664948,11496,114246,12010,0.09105309846660753,0.5109333787118182
4494,0.4541,5,22,5,664970,11474,114251,12005,0.09087884932201241,0.5113079773414541
4495,0.4542,10,15,10,664985,11459,114261,11995,0.0907600430870612,0.5114266223245502
4496,0.4543,7,12,7,664997,11447,114268,11988,0.09066499809910024,0.5115425645402176
4497,0.4544,10,14,10,665011,11433,114278,11978,0.09055411227981244,0.5116398274315492
4498,0.4545,3,10,3,665021,11423,114281,11975,0.09047490812317831,0.5117958799897427
4499,0.4546,4,13,4,665034,11410,114285,11971,0.09037194271955393,0.5119969205765365
4500,0.4547,7,10,7,665044,11400,114292,11964,0.09029273856291978,0.5120698510529019
4501,0.4548,9,11,9,665055,11389,114301,11955,0.09020561399062223,0.5121230294722413
4502,0.4549,6,16,6,665071,11373,114307,11949,0.0900788873400076,0.5123488551582197
4503,0.455,11,11,11,665082,11362,114318,11938,0.08999176276771005,0.5123605150214592
4504,0.4551,12,10,12,665092,11352,114330,11926,0.08991255861107592,0.5123292379070367
4505,0.4552,5,14,5,665106,11338,114335,11921,0.0898016727917881,0.5125327830087278
4506,0.4553,9,19,9,665125,11319,114344,11912,0.08965118489418325,0.5127631182471697
4507,0.4554,8,13,8,665138,11306,114352,11904,0.08954821949055887,0.5128823782852219
4508,0.4555,8,6,8,665144,11300,114360,11896,0.08950069699657838,0.5128470425935506
4509,0.4556,13,16,13,665160,11284,114373,11883,0.08937397034596375,0.5129278715414167
4510,0.4557,12,9,12,665169,11275,114385,11871,0.08930268660499303,0.5128747947809557
4511,0.4558,8,12,8,665181,11263,114393,11863,0.08920764161703207,0.5129724120038053
4512,0.4559,8,11,8,665192,11252,114401,11855,0.0891205170447345,0.5130479941143377
4513,0.456,9,13,9,665205,11239,114410,11846,0.08901755164111012,0.5131470651938488
4514,0.4561,7,10,7,665215,11229,114417,11839,0.08893834748447599,0.513221779087914
4515,0.4562,14,13,14,665228,11216,114431,11825,0.08883538208085161,0.5132155722407882
4516,0.4563,14,12,14,665240,11204,114445,11811,0.08874033709289063,0.5131870519226591
4517,0.4564,8,11,8,665251,11193,114453,11803,0.08865321252059308,0.5132631762045573
4518,0.4565,16,7,16,665258,11186,114469,11787,0.08859776961094919,0.5130805728463849
4519,0.4566,8,9,8,665267,11177,114477,11779,0.08852648586997845,0.5131120404251612
4520,0.4567,11,11,11,665278,11166,114488,11768,0.0884393612976809,0.5131246184703933
4521,0.4568,11,15,11,665293,11151,114499,11757,0.08832055506272969,0.5132268203247774
4522,0.4569,8,9,8,665302,11142,114507,11749,0.08824927132175897,0.5132584858678083
4523,0.457,9,7,9,665309,11135,114516,11740,0.08819382841211507,0.513224043715847
4524,0.4571,10,15,10,665324,11120,114526,11730,0.08807502217716386,0.513347921225383
4525,0.4572,11,5,11,665329,11115,114537,11719,0.08803542009884678,0.5132258912148551
4526,0.4573,7,6,7,665335,11109,114544,11712,0.0879878976048663,0.5132115157092152
4527,0.4574,14,11,14,665346,11098,114558,11698,0.08790077303256875,0.5131602035444814
4528,0.4575,16,7,16,665353,11091,114574,11682,0.08784533012292485,0.5129758925042814
4529,0.4576,11,9,11,665362,11082,114585,11671,0.08777404638195413,0.5129433481299169
4530,0.4577,7,14,7,665376,11068,114592,11664,0.08766316056266633,0.5131092732711596
4531,0.4578,8,14,8,665390,11054,114600,11656,0.08755227474337854,0.5132540730955526
4532,0.4579,5,9,5,665399,11045,114605,11651,0.0874809910024078,0.5133503701092703
4533,0.458,11,15,11,665414,11030,114616,11640,0.0873621847674566,0.513453903837671
4534,0.4581,5,17,5,665431,11013,114621,11635,0.08722753770117855,0.5137318968562345
4535,0.4582,10,10,10,665441,11003,114631,11625,0.08714833354454442,0.513744033940251
4536,0.4583,8,15,8,665456,10988,114639,11617,0.08702952730959321,0.5139128511391285
4537,0.4584,6,9,6,665465,10979,114645,11611,0.08695824356862249,0.5139884904825144
4538,0.4585,12,16,12,665481,10963,114657,11599,0.08683151691800786,0.514094495168868
4539,0.4586,9,12,9,665493,10951,114666,11590,0.08673647193004688,0.5141741715096935
4540,0.4587,11,14,11,665507,10937,114677,11579,0.08662558611075909,0.5142565286907088
4541,0.4588,12,12,12,665519,10925,114689,11567,0.08653054112279812,0.5142717410634893
4542,0.4589,14,13,14,665532,10912,114703,11553,0.08642757571917374,0.5142666369908747
4543,0.459,6,17,6,665549,10895,114709,11547,0.0862929286528957,0.5145263345512877
4544,0.4591,16,11,16,665560,10884,114725,11531,0.08620580408059815,0.5144322997992415
4545,0.4592,17,15,17,665575,10869,114742,11514,0.08608699784564694,0.5144082562659161
4546,0.4593,11,7,11,665582,10862,114753,11503,0.08603155493600304,0.5143304270064833
4547,0.4594,7,16,7,665598,10846,114760,11496,0.08590482828538842,0.5145465938590994
4548,0.4595,13,13,13,665611,10833,114773,11483,0.08580186288176403,0.5145635418533787
4549,0.4596,6,15,6,665626,10818,114779,11477,0.08568305664681282,0.5147790984525679
4550,0.4597,9,9,9,665635,10809,114788,11468,0.0856117729058421,0.5147910400861876
4551,0.4598,12,12,12,665647,10797,114800,11456,0.08551672791788113,0.5148069923156429
4552,0.4599,13,12,13,665659,10785,114813,11443,0.08542168292992017,0.5148011517005578
4553,0.46,11,14,11,665673,10771,114824,11432,0.08531079711063237,0.5148853758501103
4554,0.4601,8,10,8,665683,10761,114832,11424,0.08523159295399822,0.5149425287356322
4555,0.4602,9,9,9,665692,10752,114841,11415,0.0851603092130275,0.5149546623359047
4556,0.4603,7,5,7,665697,10747,114848,11408,0.08512070713471043,0.5149176258180997
4557,0.4604,6,8,6,665705,10739,114854,11402,0.08505734380940312,0.5149722234768077
4558,0.4605,14,12,14,665717,10727,114868,11388,0.08496229882144216,0.5149446077323084
4559,0.4606,11,14,11,665731,10713,114879,11377,0.08485141300215435,0.5150294250792213
4560,0.4607,10,11,10,665742,10702,114889,11367,0.0847642884298568,0.515066382708777
4561,0.4608,9,14,9,665756,10688,114898,11358,0.084653402610569,0.5151955003175179
4562,0.4609,12,12,12,665768,10676,114910,11346,0.08455835762260804,0.5152120606666061
4563,0.461,12,6,12,665774,10670,114922,11334,0.08451083512862755,0.5150881657880385
4564,0.4611,6,5,6,665779,10665,114928,11328,0.08447123305031048,0.5150729777656528
4565,0.4612,10,8,10,665787,10657,114938,11318,0.08440786972500317,0.5150398179749716
4566,0.4613,6,8,6,665795,10649,114944,11312,0.08434450639969586,0.5150949410318292
4567,0.4614,11,9,11,665804,10640,114955,11301,0.08427322265872512,0.5150631238320952
4568,0.4615,4,11,4,665815,10629,114959,11297,0.08418609808642757,0.5152330566450789
4569,0.4616,4,15,4,665830,10614,114963,11293,0.08406729185147636,0.5154973296206692
4570,0.4617,5,10,5,665840,10604,114968,11288,0.08398808769484223,0.5156221450758268
4571,0.4618,8,10,8,665850,10594,114976,11280,0.08390888353820808,0.5156807168327695
4572,0.4619,14,14,14,665864,10580,114990,11266,0.08379799771892028,0.5157008147944704
4573,0.462,10,12,10,665876,10568,115000,11256,0.08370295273095932,0.5157624633431085
4574,0.4621,12,19,12,665895,10549,115012,11244,0.08355246483335445,0.5159454870830084
4575,0.4622,10,9,10,665904,10540,115022,11234,0.08348118109238373,0.5159364379535225
4576,0.4623,10,11,10,665915,10529,115032,11224,0.08339405652008618,0.5159748080724498
4577,0.4624,9,11,9,665926,10518,115041,11215,0.08330693194778863,0.5160355220172088
4578,0.4625,10,9,10,665935,10509,115051,11205,0.08323564820681789,0.5160265266648245
4579,0.4626,8,7,8,665942,10502,115059,11197,0.083180205297174,0.5160145628830821
4580,0.4627,8,8,8,665950,10494,115067,11189,0.08311684197186668,0.5160263801134529
4581,0.4628,7,9,7,665959,10485,115074,11182,0.08304555823089596,0.516084367932801
4582,0.4629,9,15,9,665974,10470,115083,11173,0.08292675199594475,0.5162408168922977
4583,0.463,15,8,15,665982,10462,115098,11158,0.08286338867063743,0.5160962072155412
4584,0.4631,9,15,9,665997,10447,115107,11149,0.08274458243568622,0.5162530098166327
4585,0.4632,8,9,8,666006,10438,115115,11141,0.0826732986947155,0.516288984661013
4586,0.4633,9,9,9,666015,10429,115124,11132,0.08260201495374478,0.5163025833681184
4587,0.4634,10,14,10,666029,10415,115134,11122,0.08249112913445697,0.5164136137809351
4588,0.4635,9,10,9,666039,10405,115143,11113,0.08241192497782283,0.5164513430616229
4589,0.4636,7,15,7,666054,10390,115150,11106,0.08229311874287162,0.5166542612579085
4590,0.4637,9,10,9,666064,10380,115159,11097,0.08221391458623749,0.5166922754574661
4591,0.4638,10,16,10,666080,10364,115169,11087,0.08208718793562286,0.5168523611952822
4592,0.4639,4,9,4,666089,10355,115173,11083,0.08201590419465214,0.5169791958205057
4593,0.464,13,9,13,666098,10346,115186,11070,0.08194462045368141,0.5169032499066119
4594,0.4641,7,7,7,666105,10339,115193,11063,0.08188917754403752,0.5169143070741052
4595,0.4642,4,10,4,666115,10329,115197,11059,0.08180997338740337,0.5170656442865158
4596,0.4643,11,11,11,666126,10318,115208,11048,0.08172284881510582,0.5170832163250023
4597,0.4644,9,12,9,666138,10306,115217,11039,0.08162780382714485,0.5171702974935583
4598,0.4645,9,14,9,666152,10292,115226,11030,0.08151691800785706,0.517306068849076
4599,0.4646,7,11,7,666163,10281,115233,11023,0.08142979343555949,0.5174145700337964
4600,0.4647,6,11,6,666174,10270,115239,11017,0.08134266886326194,0.5175459200450979
4601,0.4648,15,10,15,666184,10260,115254,11002,0.0812634647066278,0.5174489699934155
4602,0.4649,12,12,12,666196,10248,115266,10990,0.08116841971866684,0.5174686882003955
4603,0.465,9,9,9,666205,10239,115275,10981,0.0810971359776961,0.5174835061262959
4604,0.4651,10,10,10,666215,10229,115285,10971,0.08101793182106197,0.5175
4605,0.4652,13,11,13,666226,10218,115298,10958,0.08093080724876442,0.5174726105024556
4606,0.4653,9,16,9,666242,10202,115307,10949,0.0808040805981498,0.5176587395395017
4607,0.4654,11,12,11,666254,10190,115318,10938,0.08070903561018883,0.5177016281711473
4608,0.4655,10,9,10,666263,10181,115328,10928,0.0806377518692181,0.517693874650623
4609,0.4656,6,11,6,666274,10170,115334,10922,0.08055062729692054,0.5178266641380618
4610,0.4657,4,11,4,666285,10159,115338,10918,0.08046350272462299,0.5180054087393842
4611,0.4658,13,9,13,666294,10150,115351,10905,0.08039221898365226,0.5179292329612919
4612,0.4659,5,11,5,666305,10139,115356,10900,0.08030509441135471,0.5180854603355672
4613,0.466,7,8,7,666313,10131,115363,10893,0.0802417310860474,0.5181221461187214
4614,0.4661,7,11,7,666324,10120,115370,10886,0.08015460651374984,0.5182328858421403
4615,0.4662,8,10,8,666334,10110,115378,10878,0.0800754023571157,0.5182961692395655
4616,0.4663,15,10,15,666344,10100,115393,10863,0.07999619820048157,0.5181987310976482
4617,0.4664,5,16,5,666360,10084,115398,10858,0.07986947154986694,0.5184796103524019
4618,0.4665,8,10,8,666370,10074,115406,10850,0.07979026739323279,0.5185432995603135
4619,0.4666,10,7,10,666377,10067,115416,10840,0.0797348244835889,0.5184866312718228
4620,0.4667,8,13,8,666390,10054,115424,10832,0.07963185907996452,0.5186249162118165
4621,0.4668,5,6,5,666396,10048,115429,10827,0.07958433658598403,0.5186586826347306
4622,0.4669,11,13,11,666409,10035,115440,10816,0.07948137118235965,0.518728118555465
4623,0.467,8,4,8,666413,10031,115448,10808,0.07944968951970599,0.5186429291232785
4624,0.4671,9,14,9,666427,10017,115457,10799,0.0793388037004182,0.5187836279784781
4625,0.4672,5,7,5,666434,10010,115462,10794,0.0792833607907743,0.5188425302826379
4626,0.4673,15,13,15,666447,9997,115477,10779,0.07918039538714992,0.5188197920677705
4627,0.4674,10,12,10,666459,9985,115487,10769,0.07908535039918894,0.5188879252192349
4628,0.4675,6,10,6,666469,9975,115493,10763,0.07900614624255481,0.51899893914553
4629,0.4676,10,14,10,666483,9961,115503,10753,0.07889526042326701,0.5191175050690354
4630,0.4677,11,8,11,666491,9953,115514,10742,0.07883189709795971,0.5190625755013288
4631,0.4678,15,12,15,666503,9941,115529,10727,0.07873685210999873,0.5190149022643701
4632,0.4679,7,14,7,666517,9927,115536,10720,0.07862596629071093,0.5192037584152661
4633,0.468,5,12,5,666529,9915,115541,10715,0.07853092130274997,0.5193892389723703
4634,0.4681,7,14,7,666543,9901,115548,10708,0.07842003548346217,0.5195788247852879
4635,0.4682,8,18,8,666561,9883,115556,10700,0.07827746800152072,0.5198464752465627
4636,0.4683,7,7,7,666568,9876,115563,10693,0.07822202509187683,0.5198599834702708
4637,0.4684,6,15,6,666583,9861,115569,10687,0.07810321885692562,0.520099279735254
4638,0.4685,3,9,3,666592,9852,115572,10684,0.07803193511595488,0.5202571094663031
4639,0.4686,7,13,7,666605,9839,115579,10677,0.0779289697123305,0.5204230844219147
4640,0.4687,11,10,11,666615,9829,115590,10666,0.07784976555569637,0.5204196145401317
4641,0.4688,10,11,10,666626,9818,115600,10656,0.07776264098339881,0.520464979974602
4642,0.4689,8,13,8,666639,9805,115608,10648,0.07765967557977442,0.5206082237324597
4643,0.469,9,6,9,666645,9799,115617,10639,0.07761215308579394,0.52054995596438
4644,0.4691,12,9,12,666654,9790,115629,10627,0.07754086934482321,0.5204976245285792
4645,0.4692,11,11,11,666665,9779,115640,10616,0.07745374477252566,0.5205197352292229
4646,0.4693,10,6,10,666671,9773,115650,10606,0.07740622227854518,0.5204377054811326
4647,0.4694,10,13,10,666684,9760,115660,10596,0.07730325687492079,0.5205344861465907
4648,0.4695,7,8,7,666692,9752,115667,10589,0.07723989354961348,0.5205742097242023
4649,0.4696,11,9,11,666701,9743,115678,10578,0.07716860980864276,0.520545248757443
4650,0.4697,4,6,4,666707,9737,115682,10574,0.07712108731466227,0.5206045984934272
4651,0.4698,14,10,14,666717,9727,115696,10560,0.07704188315802814,0.5205303889190122
4652,0.4699,12,11,12,666728,9716,115708,10548,0.07695475858573057,0.5205290169759179
4653,0.47,13,19,13,666747,9697,115721,10535,0.07680427068812572,0.5207097667062079
4654,0.4701,9,11,9,666758,9686,115730,10526,0.07671714611582815,0.5207797348110034
4655,0.4702,10,15,10,666773,9671,115740,10516,0.07659833988087694,0.5209293109426859
4656,0.4703,6,11,6,666784,9660,115746,10510,0.07651121530857939,0.5210708973723351
4657,0.4704,15,10,15,666794,9650,115761,10495,0.07643201115194526,0.5209729461404815
4658,0.4705,9,10,9,666804,9640,115770,10486,0.07635280699531112,0.5210175891881149
4659,0.4706,6,10,6,666814,9630,115776,10480,0.07627360283867697,0.5211337642963699
4660,0.4707,11,9,11,666823,9621,115787,10469,0.07620231909770625,0.5211050273768044
4661,0.4708,7,10,7,666833,9611,115794,10462,0.0761231149410721,0.5211976286554078
4662,0.4709,8,16,8,666849,9595,115802,10454,0.07599638829045749,0.5214225148386453
4663,0.471,10,10,10,666859,9585,115812,10444,0.07591718413382334,0.5214439063358131
4664,0.4711,11,13,11,666872,9572,115823,10433,0.07581421873019896,0.5215196200949762
4665,0.4712,9,12,9,666884,9560,115832,10424,0.075719173742238,0.521617293835068
4666,0.4713,9,11,9,666895,9549,115841,10415,0.07563204916994044,0.5216890402724905
4667,0.4714,9,16,9,666911,9533,115850,10406,0.07550532251932582,0.5218917698981895
4668,0.4715,9,6,9,666917,9527,115859,10397,0.07545780002534533,0.5218329652680185
4669,0.4716,8,7,8,666924,9520,115867,10389,0.07540235711570144,0.5218243005675826
4670,0.4717,10,12,10,666936,9508,115877,10379,0.07530731212774046,0.5218987278121385
4671,0.4718,6,7,6,666943,9501,115883,10373,0.07525186921809657,0.5219382107275837
4672,0.4719,11,14,11,666957,9487,115894,10362,0.07514098339880877,0.5220414126656254
4673,0.472,8,6,8,666963,9481,115902,10354,0.07509346090482828,0.5220065540710864
4674,0.4721,6,9,6,666972,9472,115908,10348,0.07502217716385756,0.5220988900100908
4675,0.4722,13,11,13,666983,9461,115921,10335,0.07493505259156001,0.5220751667003435
4676,0.4723,16,13,16,666996,9448,115937,10319,0.07483208718793562,0.5220316689431881
4677,0.4724,12,11,12,667007,9437,115949,10307,0.07474496261563807,0.5220320097244733
4678,0.4725,6,6,6,667013,9431,115955,10301,0.07469744012165759,0.5220454084735455
4679,0.4726,8,12,8,667025,9419,115963,10293,0.07460239513369661,0.522169237012987
4680,0.4727,6,7,6,667032,9412,115969,10287,0.07454695222405272,0.5222092492004671
4681,0.4728,9,10,9,667042,9402,115978,10278,0.07446774806741858,0.5222560975609756
4682,0.4729,13,10,13,667052,9392,115991,10265,0.07438854391078444,0.5222058299842295
4683,0.473,10,8,10,667060,9384,116001,10255,0.07432518058547713,0.5221752635062885
4684,0.4731,12,13,12,667073,9371,116013,10243,0.07422221518185275,0.5222290200876925
4685,0.4732,8,12,8,667085,9359,116021,10235,0.07412717019389177,0.5223537817699295
4686,0.4733,10,15,10,667100,9344,116031,10225,0.07400836395894056,0.5225100924932291
4687,0.4734,12,12,12,667112,9332,116043,10213,0.0739133189709796,0.5225377334356613
4688,0.4735,7,13,7,667125,9319,116050,10206,0.07381035356735521,0.5227144686299616
4689,0.4736,6,9,6,667134,9310,116056,10200,0.07373906982638449,0.5228088159917991
4690,0.4737,7,5,7,667139,9305,116063,10193,0.07369946774806742,0.5227715663144938
4691,0.4738,8,12,8,667151,9293,116071,10185,0.07360442276010645,0.5228976280932334
4692,0.4739,9,4,9,667155,9289,116080,10176,0.07357274109745279,0.5227844849730285
4693,0.474,4,9,4,667164,9280,116084,10172,0.07350145735648207,0.522928233600658
4694,0.4741,9,9,9,667173,9271,116093,10163,0.07343017361551134,0.5229494700010291
4695,0.4742,9,5,9,667178,9266,116102,10154,0.07339057153719428,0.5228630278063852
4696,0.4743,9,7,9,667185,9259,116111,10145,0.07333512862755037,0.5228303442589157
4697,0.4744,7,7,7,667192,9252,116118,10138,0.07327968571790648,0.5228468282619907
4698,0.4745,7,10,7,667202,9242,116125,10131,0.07320048156127233,0.5229443039281474
4699,0.4746,10,5,10,667207,9237,116135,10121,0.07316087948295527,0.5228329372869098
4700,0.4747,10,11,10,667218,9226,116145,10111,0.0730737549106577,0.522883591043078
4701,0.4748,7,12,7,667230,9214,116152,10104,0.07297870992269674,0.5230355109224557
4702,0.4749,6,10,6,667240,9204,116158,10098,0.0728995057660626,0.5231582219459123
4703,0.475,9,13,9,667253,9191,116167,10089,0.07279654036243823,0.5232883817427386
4704,0.4751,8,7,8,667260,9184,116175,10081,0.07274109745279432,0.5232805606021282
4705,0.4752,5,12,5,667272,9172,116180,10076,0.07264605246483335,0.5234829592684954
4706,0.4753,7,12,7,667284,9160,116187,10069,0.07255100747687239,0.5236361745280566
4707,0.4754,6,9,6,667293,9151,116193,10063,0.07247972373590165,0.5237326949099614
4708,0.4755,12,6,12,667299,9145,116205,10051,0.07243220124192118,0.523598666388831
4709,0.4756,10,6,10,667305,9139,116215,10041,0.07238467874794069,0.5235140771637122
4710,0.4757,10,10,10,667315,9129,116225,10031,0.07230547459130655,0.5235386221294364
4711,0.4758,8,6,8,667321,9123,116233,10023,0.07225795209732606,0.5235036038859292
4712,0.4759,15,11,15,667332,9112,116248,10008,0.07217082752502851,0.5234309623430963
4713,0.476,8,10,8,667342,9102,116256,10000,0.07209162336839438,0.5235053921055387
4714,0.4761,2,10,2,667352,9092,116258,9998,0.07201241921176023,0.523729701414353
4715,0.4762,6,8,6,667360,9084,116264,9992,0.07194905588645292,0.5237995386873558
4716,0.4763,10,7,10,667367,9077,116274,9982,0.07189361297680902,0.5237420641166903
4717,0.4764,7,11,7,667378,9066,116281,9975,0.07180648840451147,0.5238695446667717
4718,0.4765,11,9,11,667387,9057,116292,9964,0.07173520466354075,0.5238420692918353
4719,0.4766,11,4,11,667391,9053,116303,9953,0.07170352300088709,0.5236767336630538
4720,0.4767,11,11,11,667402,9042,116314,9942,0.07161639842858954,0.5237041719342604
4721,0.4768,8,15,8,667417,9027,116322,9934,0.07149759219363833,0.5239175148990032
4722,0.4769,6,8,6,667425,9019,116328,9928,0.071434228868331,0.5239879664326806
4723,0.477,12,16,12,667441,9003,116340,9916,0.07130750221771638,0.5241291823035044
4724,0.4771,9,8,9,667449,8995,116349,9907,0.07124413889240908,0.5241244312771135
4725,0.4772,9,9,9,667458,8986,116358,9898,0.07117285515143834,0.5241474263927134
4726,0.4773,7,13,7,667471,8973,116365,9891,0.07106988974781396,0.5243320610687023
4727,0.4774,12,11,12,667482,8962,116377,9879,0.07098276517551641,0.5243352263680272
4728,0.4775,12,6,12,667488,8956,116389,9867,0.07093524268153592,0.5241991181001966
4729,0.4776,12,9,12,667497,8947,116401,9855,0.0708639589405652,0.5241463674077226
4730,0.4777,10,11,10,667508,8936,116411,9845,0.07077683436826765,0.5241999893509398
4731,0.4778,10,17,10,667525,8919,116421,9835,0.07064218730198961,0.524421456755892
4732,0.4779,15,9,15,667534,8910,116436,9820,0.07057090356101889,0.5242925787506674
4733,0.478,5,8,5,667542,8902,116441,9815,0.07050754023571157,0.5243895923492012
4734,0.4781,12,8,12,667550,8894,116453,9803,0.07044417691040426,0.5243087126276943
4735,0.4782,7,17,7,667567,8877,116460,9796,0.07030952984412622,0.5246077223799068
4736,0.4783,7,14,7,667581,8863,116467,9789,0.07019864402483843,0.5248230752734291
4737,0.4784,10,9,10,667590,8854,116477,9779,0.07012736028386769,0.524821553158375
4738,0.4785,10,7,10,667597,8847,116487,9769,0.0700719173742238,0.524763644177052
4739,0.4786,6,7,6,667604,8840,116493,9763,0.0700164744645799,0.5248078266946191
4740,0.4787,8,5,8,667609,8835,116501,9755,0.06997687238626284,0.5247444862829478
4741,0.4788,9,8,9,667617,8827,116510,9746,0.06991350906095552,0.5247402142895601
4742,0.4789,10,10,10,667627,8817,116520,9736,0.06983430490432138,0.5247668840618768
4743,0.479,8,10,8,667637,8807,116528,9728,0.06975510074768723,0.5248448880496358
4744,0.4791,11,12,11,667649,8795,116539,9717,0.06966005575972627,0.5249027657735523
4745,0.4792,5,14,5,667663,8781,116544,9712,0.06954916994043847,0.525171686584113
4746,0.4793,7,11,7,667674,8770,116551,9705,0.06946204536814092,0.5253044654939107
4747,0.4794,9,3,9,667677,8767,116560,9696,0.06943828412115068,0.5251584249580241
4748,0.4795,10,11,10,667688,8756,116570,9686,0.06935115954885313,0.5252141850124715
4749,0.4796,13,9,13,667697,8747,116583,9673,0.0692798758078824,0.5251357220412595
4750,0.4797,12,12,12,667709,8735,116595,9661,0.06918483081992143,0.5251685148945423
4751,0.4798,11,12,11,667721,8723,116606,9650,0.06908978583196046,0.5252272356174822
4752,0.4799,9,9,9,667730,8714,116615,9641,0.06901850209098974,0.5252519749387088
4753,0.48,5,12,5,667742,8702,116620,9636,0.06892345710302877,0.5254662449558294
4754,0.4801,9,13,9,667755,8689,116629,9627,0.06882049169940438,0.5256060275169251
4755,0.4802,9,1,9,667756,8688,116638,9618,0.06881257128374096,0.5254015077023927
4756,0.4803,4,11,4,667767,8677,116642,9614,0.06872544671144341,0.5256136897927943
4757,0.4804,6,11,6,667778,8666,116648,9608,0.06863832213914586,0.5257743241764256
4758,0.4805,11,10,11,667788,8656,116659,9597,0.06855911798251173,0.525776584671013
4759,0.4806,9,8,9,667796,8648,116668,9588,0.06849575465720441,0.5257731958762887
4760,0.4807,7,7,7,667803,8641,116675,9581,0.06844031174756052,0.525792997475579
4761,0.4808,11,12,11,667815,8629,116686,9570,0.06834526675959954,0.5258530688499368
4762,0.4809,6,6,6,667821,8623,116692,9564,0.06829774426561906,0.5258701270138011
4763,0.481,2,10,2,667831,8613,116694,9562,0.06821854010898493,0.5261072902338377
4764,0.4811,10,10,10,667841,8603,116704,9552,0.06813933595235078,0.5261360506747452
4765,0.4812,7,5,7,667846,8598,116711,9545,0.06809973387403372,0.5260982196990575
4766,0.4813,11,14,11,667860,8584,116722,9534,0.0679888480547459,0.5262170217463297
4767,0.4814,14,11,14,667871,8573,116736,9520,0.06790172348244836,0.5261703421212623
4768,0.4815,3,9,3,667880,8564,116739,9517,0.06783043974147764,0.5263536308832476
4769,0.4816,9,13,9,667893,8551,116748,9508,0.06772747433785326,0.5264964837477158
4770,0.4817,3,7,3,667900,8544,116751,9505,0.06767203142820935,0.5266219735165383
4771,0.4818,5,10,5,667910,8534,116756,9500,0.06759282727157521,0.5267827437063325
4772,0.4819,7,11,7,667921,8523,116763,9493,0.06750570269927766,0.5269205150976909
4773,0.482,7,12,7,667933,8511,116770,9486,0.06741065771131668,0.5270878479746625
4774,0.4821,6,9,6,667942,8502,116776,9480,0.06733937397034596,0.5271938605271939
4775,0.4822,5,9,5,667951,8493,116781,9475,0.06726809022937524,0.5273263579697239
4776,0.4823,8,7,8,667958,8486,116789,9467,0.06721264731973134,0.527321339051969
4777,0.4824,10,6,10,667964,8480,116799,9457,0.06716512482575085,0.5272342086190556
4778,0.4825,5,7,5,667971,8473,116804,9452,0.06710968191610696,0.5273082287308228
4779,0.4826,9,13,9,667984,8460,116813,9443,0.06700671651248258,0.5274534994135062
4780,0.4827,9,6,9,667990,8454,116822,9434,0.06695919401850209,0.5273926654740608
4781,0.4828,3,13,3,668003,8441,116825,9431,0.06685622861487771,0.5276969561324978
4782,0.4829,9,6,9,668009,8435,116834,9422,0.06680870612089722,0.5276362210897687
4783,0.483,9,14,9,668023,8421,116843,9413,0.06669782030160942,0.5278120444095548
4784,0.4831,5,12,5,668035,8409,116848,9408,0.06660277531364846,0.5280350227310995
4785,0.4832,5,13,5,668048,8396,116853,9403,0.06649980991002408,0.528288106073375
4786,0.4833,10,13,10,668061,8383,116863,9393,0.0663968445063997,0.5284090909090909
4787,0.4834,5,5,5,668066,8378,116868,9388,0.06635724242808262,0.528425081616571
4788,0.4835,6,12,6,668078,8366,116874,9382,0.06626219744012166,0.5286229434302456
4789,0.4836,3,10,3,668088,8356,116877,9379,0.06618299328348752,0.5288412743163237
4790,0.4837,16,9,16,668097,8347,116893,9363,0.06611170954251679,0.5286843591191417
4791,0.4838,14,9,14,668106,8338,116907,9349,0.06604042580154607,0.5285803132244021
4792,0.4839,15,13,15,668119,8325,116922,9334,0.06593746039792169,0.5285690016422221
4793,0.484,6,9,6,668128,8316,116928,9328,0.06586617665695095,0.5286783042394015
4794,0.4841,6,7,6,668135,8309,116934,9322,0.06581073374730706,0.5287278089728319
4795,0.4842,7,11,7,668146,8298,116941,9315,0.06572360917500951,0.5288707204905467
4796,0.4843,9,7,9,668153,8291,116950,9306,0.0656681662653656,0.5288401432062283
4797,0.4844,8,12,8,668165,8279,116958,9298,0.06557312127740464,0.5289867440405075
4798,0.4845,11,7,11,668172,8272,116969,9287,0.06551767836776073,0.5289025570932285
4799,0.4846,7,11,7,668183,8261,116976,9280,0.06543055379546318,0.5290462345362295
4800,0.4847,11,15,11,668198,8246,116987,9269,0.06531174756051197,0.5292035398230088
4801,0.4848,16,12,16,668210,8234,117003,9253,0.06521670257255101,0.529135929547664
4802,0.4849,8,10,8,668220,8224,117011,9245,0.06513749841591687,0.5292231953746637
4803,0.485,7,6,7,668226,8218,117018,9238,0.06508997592193638,0.5292163153070577
4804,0.4851,10,4,10,668230,8214,117028,9228,0.06505829425928272,0.5290677674578603
4805,0.4852,7,10,7,668240,8204,117035,9221,0.06497909010264859,0.5291822094691535
4806,0.4853,14,9,14,668249,8195,117049,9207,0.06490780636167787,0.5290771175726928
4807,0.4854,8,9,8,668258,8186,117057,9199,0.06483652262070713,0.5291343111878056
4808,0.4855,4,11,4,668269,8175,117061,9195,0.06474939804840958,0.5293609671848014
4809,0.4856,9,11,9,668280,8164,117070,9186,0.06466227347611203,0.5294524495677233
4810,0.4857,10,8,10,668288,8156,117080,9176,0.06459891015080471,0.5294253404108008
4811,0.4858,7,11,7,668299,8145,117087,9169,0.06451178557850716,0.5295714450733511
4812,0.4859,9,5,9,668304,8140,117096,9160,0.06447218350019009,0.5294797687861271
4813,0.486,7,5,7,668309,8135,117103,9153,0.06443258142187303,0.5294423877834336
4814,0.4861,4,10,4,668319,8125,117107,9149,0.06435337726523888,0.5296399212689591
4815,0.4862,6,7,6,668326,8118,117113,9143,0.06429793435559499,0.5296912114014252
4816,0.4863,8,10,8,668336,8108,117121,9135,0.06421873019896084,0.5297802006611378
4817,0.4864,10,17,10,668353,8091,117131,9125,0.06408408313268281,0.5300302044609665
4818,0.4865,3,8,3,668361,8083,117134,9122,0.06402071980737549,0.5301947108398721
4819,0.4866,6,6,6,668367,8077,117140,9116,0.06397319731339501,0.5302157854940964
4820,0.4867,10,11,10,668378,8066,117150,9106,0.06388607274109745,0.5302818541812252
4821,0.4868,12,9,12,668387,8057,117162,9094,0.06381478900012673,0.5302314733834762
4822,0.4869,10,9,10,668396,8048,117172,9084,0.063743505259156,0.5302358160168107
4823,0.487,7,9,7,668405,8039,117179,9077,0.06367222151818527,0.5303225052582379
4824,0.4871,5,7,5,668412,8032,117184,9072,0.06361677860854138,0.5304022450888681
4825,0.4872,8,12,8,668424,8020,117192,9064,0.0635217336205804,0.5305549051744323
4826,0.4873,10,13,10,668437,8007,117202,9054,0.06341876821695602,0.5306840161772464
4827,0.4874,4,7,4,668444,8000,117206,9050,0.06336332530731213,0.530791788856305
4828,0.4875,8,10,8,668454,7990,117214,9042,0.06328412115067798,0.5308830436824801
4829,0.4876,5,8,5,668462,7982,117219,9037,0.06322075782537068,0.5309947705505611
4830,0.4877,13,8,13,668470,7974,117232,9024,0.06315739450006336,0.5308859865866572
4831,0.4878,5,7,5,668477,7967,117237,9019,0.06310195159041947,0.5309666784410692
4832,0.4879,8,7,8,668484,7960,117245,9011,0.06304650868077556,0.530964586647811
4833,0.488,9,7,9,668491,7953,117254,9002,0.06299106577113167,0.5309348274845178
4834,0.4881,7,6,7,668497,7947,117261,8995,0.06294354327715118,0.5309290520599693
4835,0.4882,6,7,6,668504,7940,117267,8989,0.06288810036750729,0.5309823379998818
4836,0.4883,13,8,13,668512,7932,117280,8976,0.06282473704219997,0.5308729595457772
4837,0.4884,10,10,10,668522,7922,117290,8966,0.06274553288556584,0.530909521553766
4838,0.4885,8,14,8,668536,7908,117298,8958,0.06263464706627804,0.5311277125578087
4839,0.4886,11,7,11,668543,7901,117309,8947,0.06257920415663414,0.5310422602089269
4840,0.4887,4,13,4,668556,7888,117313,8943,0.062476238753009755,0.5313409779573406
4841,0.4888,11,9,11,668565,7879,117324,8932,0.062404955012039035,0.5313187793706502
4842,0.4889,7,9,7,668574,7870,117331,8925,0.06233367127106831,0.5314081571896397
4843,0.489,4,7,4,668581,7863,117335,8921,0.06227822836142441,0.5315181124880839
4844,0.4891,7,13,7,668594,7850,117342,8914,0.06217526295780003,0.5317346695299451
4845,0.4892,14,12,14,668606,7838,117356,8900,0.062080217969839056,0.5317242203369579
4846,0.4893,14,6,14,668612,7832,117370,8886,0.062032695475858574,0.5315229094389281
4847,0.4894,5,9,5,668621,7823,117375,8881,0.061961411734887846,0.531669061302682
4848,0.4895,7,7,7,668628,7816,117382,8874,0.06190596882524395,0.5316956261234272
4849,0.4896,10,11,10,668639,7805,117392,8864,0.0618188442529464,0.5317655528226048
4850,0.4897,13,4,13,668643,7801,117405,8851,0.06178716259029274,0.5315277444150853
4851,0.4898,6,11,6,668654,7790,117411,8845,0.06170003801799519,0.5317102494740006
4852,0.4899,4,7,4,668661,7783,117415,8841,0.06164459510835129,0.5318214629451395
4853,0.49,8,10,8,668671,7773,117423,8833,0.06156539095171715,0.5319161748765506
4854,0.4901,6,5,6,668676,7768,117429,8827,0.06152578887340008,0.5319072009641458
4855,0.4902,5,6,5,668682,7762,117434,8822,0.06147826637941959,0.5319585142305837
4856,0.4903,9,12,9,668694,7750,117443,8813,0.061383221391458624,0.532089597295176
4857,0.4904,11,12,11,668706,7738,117454,8802,0.06128817640349766,0.5321644498186215
4858,0.4905,6,6,6,668712,7732,117460,8796,0.06124065390951717,0.532187802516941
4859,0.4906,8,9,8,668721,7723,117468,8788,0.06116937016854645,0.5322512264550906
4860,0.4907,5,9,5,668730,7714,117473,8783,0.06109808642757572,0.5323998302721707
4861,0.4908,7,14,7,668744,7700,117480,8776,0.060987200608287925,0.5326535566885167
4862,0.4909,5,6,5,668750,7694,117485,8771,0.060939678114307436,0.5327057394473125
4863,0.491,8,6,8,668756,7688,117493,8763,0.06089215562032695,0.5326727858488846
4864,0.4911,1,10,1,668766,7678,117494,8762,0.06081295146369282,0.5329683698296837
4865,0.4912,7,12,7,668778,7666,117501,8755,0.060717906475731845,0.5331587601242311
4866,0.4913,6,8,6,668786,7658,117507,8749,0.06065454315042453,0.5332480039007741
4867,0.4914,10,11,10,668797,7647,117517,8739,0.06056741857812698,0.5333211277920176
4868,0.4915,8,10,8,668807,7637,117525,8731,0.06048821442149284,0.5334188660801564
4869,0.4916,6,6,6,668813,7631,117531,8725,0.060440691927512356,0.5334433846906335
4870,0.4917,4,6,4,668819,7625,117535,8721,0.060393169433531874,0.5335250214119662
4871,0.4918,10,8,10,668827,7617,117545,8711,0.06032980610822456,0.533500734933856
4872,0.4919,7,11,7,668838,7606,117552,8704,0.060242681535927003,0.5336603310852238
4873,0.492,4,6,4,668844,7600,117556,8700,0.06019515904194652,0.5337423312883436
4874,0.4921,5,11,5,668855,7589,117561,8695,0.06010803446964897,0.5339597150577253
4875,0.4922,7,9,7,668864,7580,117568,8688,0.06003675072867824,0.5340545856896975
4876,0.4923,9,7,9,668871,7573,117577,8679,0.059981307819034345,0.5340265813438346
4877,0.4924,9,8,9,668879,7565,117586,8670,0.05991794449372703,0.5340314136125655
4878,0.4925,17,7,17,668886,7558,117603,8653,0.059862501584083135,0.5337733637653446
4879,0.4926,11,9,11,668895,7549,117614,8642,0.05979121784311241,0.5337533197455376
4880,0.4927,5,11,5,668906,7538,117619,8637,0.05970409327081485,0.5339721792890263
4881,0.4928,8,9,8,668915,7529,117627,8629,0.05963280952984413,0.5340388661963115
4882,0.4929,6,10,6,668925,7519,117633,8623,0.059553605373209986,0.5341965060091687
4883,0.493,10,6,10,668931,7513,117643,8613,0.059506082879229504,0.534106412005457
4884,0.4931,8,6,8,668937,7507,117651,8605,0.05945856038524902,0.5340739821251241
4885,0.4932,12,8,12,668945,7499,117663,8593,0.05939519705994171,0.5339920457370122
4886,0.4933,7,11,7,668956,7488,117670,8586,0.05930807248764415,0.5341545352743561
4887,0.4934,11,9,11,668965,7479,117681,8575,0.05923678874667342,0.5341347950666501
4888,0.4935,7,5,7,668970,7474,117688,8568,0.059197186668356355,0.5340979927689814
4889,0.4936,5,12,5,668982,7462,117693,8563,0.05910214168039539,0.5343525741029641
4890,0.4937,8,9,8,668991,7453,117701,8555,0.05903085793942466,0.5344202898550725
4891,0.4938,12,5,12,668996,7448,117713,8543,0.058991255861107594,0.534238008879995
4892,0.4939,4,8,4,669004,7440,117717,8539,0.05892789253580028,0.5343888854121034
4893,0.494,8,7,8,669011,7433,117725,8531,0.058872449626156384,0.5343898772237534
4894,0.4941,7,12,7,669023,7421,117732,8524,0.05877740463819541,0.53458764502979
4895,0.4942,9,11,9,669034,7410,117741,8515,0.05869028006589786,0.5346938775510204
4896,0.4943,12,6,12,669040,7404,117753,8503,0.05864275757191737,0.5345445401395612
4897,0.4944,5,7,5,669047,7397,117758,8498,0.058587314662273474,0.534633532557408
4898,0.4945,10,11,10,669058,7386,117768,8488,0.05850019008997592,0.5347108479274285
4899,0.4946,7,13,7,669071,7373,117775,8481,0.05839722468635154,0.5349438627475716
4900,0.4947,12,11,12,669082,7362,117787,8469,0.058310100114053985,0.534963047185901
4901,0.4948,5,9,5,669091,7353,117792,8464,0.05823881637308326,0.5351204400328761
4902,0.4949,4,9,4,669100,7344,117796,8460,0.05816753263211253,0.5353075170842825
4903,0.495,6,10,6,669110,7334,117802,8454,0.058088328475478394,0.5354699771978718
4904,0.4951,11,15,11,669125,7319,117813,8443,0.057969522240527184,0.5356553736835427
4905,0.4952,8,8,8,669133,7311,117821,8435,0.05790615891521987,0.535691604216944
4906,0.4953,6,5,6,669138,7306,117827,8429,0.057866556836902804,0.5356847791547505
4907,0.4954,11,9,11,669147,7297,117838,8418,0.057795273095932076,0.5356665606108814
4908,0.4955,6,9,6,669156,7288,117844,8412,0.05772398935496135,0.535796178343949
4909,0.4956,5,11,5,669167,7277,117849,8407,0.05763686478266379,0.536023973476154
4910,0.4957,9,10,9,669177,7267,117858,8398,0.057557660626029655,0.5360995850622406
4911,0.4958,5,6,5,669183,7261,117863,8393,0.05751013813204917,0.5361568928069503
4912,0.4959,9,9,9,669192,7252,117872,8384,0.057438854391078445,0.5361985162445638
4913,0.496,4,8,4,669200,7244,117876,8380,0.05737549106577113,0.5363543266769073
4914,0.4961,10,9,10,669209,7235,117886,8370,0.057304207324800405,0.5363665491829542
4915,0.4962,6,14,6,669223,7221,117892,8364,0.05719332150551261,0.536669874879692
4916,0.4963,7,6,7,669229,7215,117899,8357,0.05714579901153213,0.5366683791420498
4917,0.4964,6,8,6,669237,7207,117905,8351,0.057082435686224814,0.5367656511119682
4918,0.4965,5,7,5,669244,7200,117910,8346,0.057026992776580916,0.5368583558471632
4919,0.4966,3,4,3,669248,7196,117913,8343,0.056995311113927256,0.5369071368813952
4920,0.4967,9,12,9,669260,7184,117922,8334,0.05690026612596629,0.5370537440391803
4921,0.4968,9,11,9,669271,7173,117931,8325,0.05681314155366873,0.5371660859465738
4922,0.4969,8,6,8,669277,7167,117939,8317,0.05676561905968825,0.53713510720744
4923,0.497,5,9,5,669286,7158,117944,8312,0.05669433531871752,0.5372979961215255
4924,0.4971,5,4,5,669290,7154,117949,8307,0.05666265365606387,0.5372873682168036
4925,0.4972,6,12,6,669302,7142,117955,8301,0.056567608668102905,0.537525092274817
4926,0.4973,12,5,12,669307,7137,117967,8289,0.05652800658978583,0.5373395565927654
4927,0.4974,8,5,8,669312,7132,117975,8281,0.05648840451146876,0.5372737299682087
4928,0.4975,16,6,16,669318,7126,117991,8265,0.05644088201748828,0.5370021441101943
4929,0.4976,4,10,4,669328,7116,117995,8261,0.05636167786085414,0.5372309293100085
4930,0.4977,5,15,5,669343,7101,118000,8256,0.05624287162590293,0.5376050009767532
4931,0.4978,6,7,6,669350,7094,118006,8250,0.05618742871625903,0.5376694473409802
4932,0.4979,6,14,6,669364,7080,118012,8244,0.05607654289697123,0.5379796397807362
4933,0.498,5,8,5,669372,7072,118017,8239,0.05601317957166392,0.5381098556593299
4934,0.4981,7,6,7,669378,7066,118024,8232,0.05596565707768344,0.5381095568048111
4935,0.4982,15,5,15,669383,7061,118039,8217,0.05592605499936636,0.5378321769865165
4936,0.4983,5,5,5,669388,7056,118044,8212,0.055886452921049296,0.5378569557243909
4937,0.4984,13,12,13,669400,7044,118057,8199,0.05579140793308833,0.5378862428655776
4938,0.4985,8,12,8,669412,7032,118065,8191,0.05569636294512736,0.5380673980161598
4939,0.4986,5,7,5,669419,7025,118070,8186,0.05564092003548346,0.5381631713891263
4940,0.4987,11,2,11,669421,7023,118081,8175,0.05562507920415664,0.5378997236478484
4941,0.4988,9,9,9,669430,7014,118090,8166,0.05555379546318591,0.5379446640316206
4942,0.4989,5,7,5,669437,7007,118095,8161,0.05549835255354201,0.538040611814346
4943,0.499,6,8,6,669445,6999,118101,8155,0.0554349892282347,0.5381417447538603
4944,0.4991,12,6,12,669451,6993,118113,8143,0.055387466734254216,0.5379889006342494
4945,0.4992,12,5,12,669456,6988,118125,8131,0.05534786465593714,0.5378001190554931
4946,0.4993,6,8,6,669464,6980,118131,8125,0.05528450133062983,0.5379013571665011
4947,0.4994,3,13,3,669477,6967,118134,8122,0.05518153592700545,0.5382729140433429
4948,0.4995,8,9,8,669486,6958,118142,8114,0.05511025218603472,0.5383492569002123
4949,0.4996,4,7,4,669493,6951,118146,8110,0.05505480927639082,0.5384768607662174
4950,0.4997,4,9,4,669502,6942,118150,8106,0.054983525535420096,0.5386762360446571
4951,0.4998,6,8,6,669510,6934,118156,8100,0.05492016221011279,0.538778768125582
4952,0.4999,9,9,9,669519,6925,118165,8091,0.05484887846914206,0.538825253063399
4953,0.5,8,7,8,669526,6918,118173,8083,0.054793435559498165,0.5388307446170255
4954,0.5001,4,10,4,669536,6908,118177,8079,0.05471423140286402,0.5390671915660239
4955,0.5002,14,5,14,669541,6903,118191,8065,0.054674629324546954,0.5388161411010155
4956,0.5003,6,14,6,669555,6889,118197,8059,0.05456374350525916,0.5391356703237892
4957,0.5004,9,6,9,669561,6883,118206,8050,0.05451622101127867,0.5390745329136811
4958,0.5005,10,10,10,669571,6873,118216,8040,0.054437016854644533,0.5391269362301347
4959,0.5006,7,14,7,669585,6859,118223,8033,0.05432613103535674,0.5394171367177008
4960,0.5007,10,9,10,669594,6850,118233,8023,0.05425484729438601,0.5394338734619781
4961,0.5008,12,8,12,669602,6842,118245,8011,0.0541914839690787,0.5393523193967549
4962,0.5009,10,5,10,669607,6837,118255,8001,0.05415188189076163,0.5392236150424585
4963,0.501,9,10,9,669617,6827,118264,7992,0.05407267773412749,0.5393076455901208
4964,0.5011,2,9,2,669626,6818,118266,7990,0.05400139399315676,0.5395732036736899
4965,0.5012,3,14,3,669640,6804,118269,7987,0.053890508173868965,0.5399905347846663
4966,0.5013,8,8,8,669648,6796,118277,7979,0.05382714484856165,0.5400338409475466
4967,0.5014,10,9,10,669657,6787,118287,7969,0.053755861107590924,0.5400515044727568
4968,0.5015,12,12,12,669669,6775,118299,7957,0.05366081611962996,0.5401167526472984
4969,0.5016,5,7,5,669676,6768,118304,7952,0.05360537320998606,0.5402173913043479
4970,0.5017,7,6,7,669682,6762,118311,7945,0.05355785071600558,0.5402189433603046
4971,0.5018,8,11,8,669693,6751,118319,7937,0.05347072614370802,0.5403730936819172
4972,0.5019,9,12,9,669705,6739,118328,7928,0.053375681155747055,0.5405331697006887
4973,0.502,7,10,7,669715,6729,118335,7921,0.05329647699911291,0.5406825938566553
4974,0.5021,6,8,6,669723,6721,118341,7915,0.0532331136738056,0.5407898332877835
4975,0.5022,8,8,8,669731,6713,118349,7907,0.05316975034849829,0.5408344733242134
4976,0.5023,3,8,3,669739,6705,118352,7904,0.053106387023190975,0.541036347457047
4977,0.5024,8,7,8,669746,6698,118360,7896,0.05305094411354708,0.5410442647663424
4978,0.5025,10,10,10,669756,6688,118370,7886,0.05297173995691294,0.5411005900919446
4979,0.5026,4,6,4,669762,6682,118374,7882,0.05292421746293245,0.5411974732216424
4980,0.5027,9,9,9,669771,6673,118383,7873,0.05285293372196173,0.5412484531830056
4981,0.5028,8,10,8,669781,6663,118391,7865,0.05277372956532759,0.5413683920704846
4982,0.5029,13,8,13,669789,6655,118404,7852,0.052710366240020276,0.5412559454056662
4983,0.503,8,13,8,669802,6642,118412,7844,0.052607400836395896,0.5414883335634406
4984,0.5031,6,7,6,669809,6635,118418,7838,0.052551957926752,0.5415601464796518
4985,0.5032,7,12,7,669821,6623,118425,7831,0.052456912938791025,0.5417877404178774
4986,0.5033,8,7,8,669828,6616,118433,7823,0.05240147002914713,0.541796523304938
4987,0.5034,7,8,7,669836,6608,118440,7816,0.052338106703839815,0.5418746533555185
4988,0.5035,9,5,9,669841,6603,118449,7807,0.05229850462552275,0.5417765440666205
4989,0.5036,8,4,8,669845,6599,118457,7799,0.052266822962869094,0.5416724545075705
4990,0.5037,10,5,10,669850,6594,118467,7789,0.05222722088455202,0.5415420983105055
4991,0.5038,5,4,5,669854,6590,118472,7784,0.05219553922189837,0.5415333240573257
4992,0.5039,9,8,9,669862,6582,118481,7775,0.052132175896591054,0.5415476770913144
4993,0.504,8,6,8,669868,6576,118489,7767,0.05208465340261057,0.541518510771805
4994,0.5041,7,6,7,669874,6570,118496,7760,0.05203713090863008,0.5415212840195395
4995,0.5042,3,9,3,669883,6561,118499,7757,0.05196584716765936,0.5417656097220283
4996,0.5043,3,5,3,669888,6556,118502,7754,0.051926245089342286,0.5418588399720475
4997,0.5044,10,7,10,669895,6549,118512,7744,0.05187080217969839,0.5418036801231372
4998,0.5045,9,7,9,669902,6542,118521,7735,0.05181535927005449,0.5417804860965189
4999,0.5046,5,4,5,669906,6538,118526,7730,0.05178367760740084,0.5417717970283151
5000,0.5047,6,6,6,669912,6532,118532,7724,0.051736155113420355,0.5418069584736251
5001,0.5048,10,7,10,669919,6525,118542,7714,0.05168071220377645,0.5417515274949084
5002,0.5049,4,2,4,669921,6523,118546,7710,0.05166487137244963,0.5416988688259678
5003,0.505,7,6,7,669927,6517,118553,7703,0.051617348878469145,0.5417018284106891
5004,0.5051,4,6,4,669933,6511,118557,7699,0.051569826384488655,0.5418015482054891
5005,0.5052,10,10,10,669943,6501,118567,7689,0.05149062222785452,0.541860465116279
5006,0.5053,8,8,8,669951,6493,118575,7681,0.05142725890254721,0.5419077183575561
5007,0.5054,11,8,11,669959,6485,118586,7670,0.051363895577239894,0.5418580007064642
5008,0.5055,9,6,9,669965,6479,118595,7661,0.05131637308325941,0.5417963224893918
5009,0.5056,12,4,12,669969,6475,118607,7649,0.05128469142060575,0.5415604644576607
5010,0.5057,6,9,6,669978,6466,118613,7643,0.051213407679635024,0.5417109646325041
5011,0.5058,11,5,11,669983,6461,118624,7632,0.051173805601317957,0.5415454480947989
5012,0.5059,9,7,9,669990,6454,118633,7623,0.05111836269167406,0.5415216310293386
5013,0.506,6,5,6,669995,6449,118639,7617,0.05107876061335699,0.5415185553817716
5014,0.5061,7,7,7,670002,6442,118646,7610,0.05102331770371309,0.5415599202960433
5015,0.5062,11,13,11,670015,6429,118657,7599,0.050920352300088706,0.5417023096663816
5016,0.5063,6,7,6,670022,6422,118663,7593,0.05086490939044481,0.5417766678558688
5017,0.5064,6,10,6,670032,6412,118669,7587,0.05078570523381067,0.5419672833773841
5018,0.5065,9,6,9,670038,6406,118678,7578,0.05073818273983018,0.5419050343249427
5019,0.5066,5,11,5,670049,6395,118683,7573,0.05065105816753263,0.5421678121420389
5020,0.5067,5,9,5,670058,6386,118688,7568,0.050579774426561905,0.5423534470402752
5021,0.5068,11,5,11,670063,6381,118699,7557,0.05054017234824484,0.54218682737839
5022,0.5069,8,10,8,670073,6371,118707,7549,0.050460968191610694,0.5423132183908046
5023,0.507,8,10,8,670083,6361,118715,7541,0.05038176403497656,0.5424399366997554
5024,0.5071,8,8,8,670091,6353,118723,7533,0.050318400709669246,0.5424888376782371
5025,0.5072,4,10,4,670101,6343,118727,7529,0.050239196553035104,0.5427479815455594
5026,0.5073,9,8,9,670109,6335,118736,7520,0.05017583322772779,0.5427643450018044
5027,0.5074,5,8,5,670117,6327,118741,7515,0.05011246990242048,0.5429128738621587
5028,0.5075,7,9,7,670126,6318,118748,7508,0.05004118616144975,0.543034861854477
5029,0.5076,5,5,5,670131,6313,118753,7503,0.05000158408313268,0.5430660104226983
5030,0.5077,6,6,6,670137,6307,118759,7497,0.0499540615891522,0.5431034482758621
5031,0.5078,3,9,3,670146,6298,118762,7494,0.04988277784818147,0.5433584686774942
5032,0.5079,8,7,8,670153,6291,118770,7486,0.049827334938537575,0.5433693837555346
5033,0.508,6,12,6,670165,6279,118776,7480,0.04973228995057661,0.54364416018606
5034,0.5081,6,4,6,670169,6275,118782,7474,0.04970060828792295,0.5436031711397192
5035,0.5082,9,9,9,670178,6266,118791,7465,0.04962932454695222,0.5436603306387008
5036,0.5083,2,7,2,670185,6259,118793,7463,0.049573881637308324,0.5438711558081912
5037,0.5084,7,8,7,670193,6251,118800,7456,0.04951051831200101,0.5439556431020647
5038,0.5085,8,7,8,670200,6244,118808,7448,0.049455075402357114,0.5439672801635992
5039,0.5086,6,5,6,670205,6239,118814,7442,0.049415473324040046,0.5439660843505592
5040,0.5087,9,6,9,670211,6233,118823,7433,0.049367950830059563,0.5439045807112542
5041,0.5088,4,6,4,670217,6227,118827,7429,0.04932042833607908,0.5440099589923842
5042,0.5089,9,7,9,670224,6220,118836,7420,0.049264985426435176,0.5439882697947214
5043,0.509,6,8,6,670232,6212,118842,7414,0.04920162210112787,0.5441068545427858
5044,0.5091,11,9,11,670241,6203,118853,7403,0.04913033836015714,0.544098191974129
5045,0.5092,4,10,4,670251,6193,118857,7399,0.049051134203523,0.5443643319599765
5046,0.5093,6,9,6,670260,6184,118863,7393,0.04897985046255227,0.5445238270604699
5047,0.5094,9,12,9,670272,6172,118872,7384,0.04888480547459131,0.5447034523458247
5048,0.5095,7,6,7,670278,6166,118879,7377,0.048837282980610824,0.5447094439932069
5049,0.5096,11,7,11,670285,6159,118890,7366,0.04878184007096693,0.5446210720887246
5050,0.5097,5,9,5,670294,6150,118895,7361,0.0487105563299962,0.5448153356524313
5051,0.5098,3,9,3,670303,6141,118898,7358,0.04863927258902547,0.5450774131417142
5052,0.5099,7,8,7,670311,6133,118905,7351,0.04857590926371816,0.545164639572827
5053,0.51,4,8,4,670319,6125,118909,7347,0.048512545938410846,0.5453533254156769
5054,0.5101,7,4,7,670323,6121,118916,7340,0.04848086427575719,0.5452789540153035
5055,0.5102,6,7,6,670330,6114,118922,7334,0.048425421366113296,0.5453599048185603
5056,0.5103,3,4,3,670334,6110,118925,7331,0.048393739703459636,0.5454207276244327
5057,0.5104,7,10,7,670344,6100,118932,7324,0.0483145355468255,0.5455899880810489
5058,0.5105,10,11,10,670355,6089,118942,7314,0.04822741097452794,0.5456987241662314
5059,0.5106,5,10,5,670365,6079,118947,7309,0.0481482068178938,0.5459366596952495
5060,0.5107,10,6,10,670371,6073,118957,7299,0.04810068432391332,0.545842058031708
5061,0.5108,4,8,4,670379,6065,118961,7295,0.048037320998606005,0.5460329341317365
5062,0.5109,12,8,12,670387,6057,118973,7283,0.04797395767329869,0.545952023988006
5063,0.511,8,15,8,670402,6042,118981,7275,0.04785515143834748,0.5462942104077495
5064,0.5111,6,6,6,670408,6036,118987,7269,0.047807628944367,0.546335963923337
5065,0.5112,5,7,5,670415,6029,118992,7264,0.0477521860347231,0.5464530203866697
5066,0.5113,10,11,10,670426,6018,119002,7254,0.04766506146242555,0.5465641952983725
5067,0.5114,7,11,7,670437,6007,119009,7247,0.04757793689012799,0.5467783310698657
5068,0.5115,5,12,5,670449,5995,119014,7242,0.04748289190216703,0.5471028178590315
5069,0.5116,10,11,10,670460,5984,119024,7232,0.04739576732986947,0.5472154963680388
5070,0.5117,7,4,7,670464,5980,119031,7225,0.04736408566721582,0.5471412343809163
5071,0.5118,5,11,5,670475,5969,119036,7220,0.04727696109491826,0.5474258852073698
5072,0.5119,7,4,7,670479,5965,119043,7213,0.04724527943226461,0.547351646683867
5073,0.512,3,6,3,670485,5959,119046,7210,0.047197756938284124,0.5474979117624724
5074,0.5121,12,7,12,670492,5952,119058,7198,0.04714231402864022,0.5473764258555133
5075,0.5122,3,4,3,670496,5948,119061,7195,0.04711063236598657,0.5474397017423723
5076,0.5123,10,9,10,670505,5939,119071,7185,0.04703934862501584,0.5474702834501677
5077,0.5124,3,11,3,670516,5928,119074,7182,0.04695222405271829,0.5478260869565217
5078,0.5125,5,4,5,670520,5924,119079,7177,0.04692054239006463,0.5478207770399206
5079,0.5126,6,13,6,670533,5911,119085,7171,0.04681757698644025,0.5481577740406666
5080,0.5127,7,3,7,670536,5908,119092,7164,0.046793815739450004,0.5480416156670747
5081,0.5128,10,7,10,670543,5901,119102,7154,0.046738372829806106,0.5479892761394102
5082,0.5129,4,8,4,670551,5893,119106,7150,0.04667500950449879,0.5481867668481177
5083,0.513,5,4,5,670555,5889,119111,7145,0.04664332784184514,0.5481816786865122
5084,0.5131,4,7,4,670562,5882,119115,7141,0.04658788493220124,0.5483375566305767
5085,0.5132,12,9,12,670571,5873,119127,7129,0.046516601191230515,0.5483002614982311
5086,0.5133,7,6,7,670577,5867,119134,7122,0.04646907869725003,0.5483101085533914
5087,0.5134,5,5,5,670582,5862,119139,7117,0.046429476618932965,0.5483473303027968
5088,0.5135,3,5,3,670587,5857,119142,7114,0.04638987454061589,0.5484542440829543
5089,0.5136,7,3,7,670590,5854,119149,7107,0.04636611329362565,0.5483373196512614
5090,0.5137,9,10,9,670600,5844,119158,7098,0.04628690913699151,0.5484469170143718
5091,0.5138,6,7,6,670607,5837,119164,7092,0.04623146622734761,0.5485343027302962
5092,0.5139,9,8,9,670615,5829,119173,7083,0.0461681029020403,0.5485594795539034
5093,0.514,5,8,5,670623,5821,119178,7078,0.046104739576732987,0.5487247073416543
5094,0.5141,5,4,5,670627,5817,119183,7073,0.046073057914079334,0.5487199379363848
5095,0.5142,7,12,7,670639,5805,119190,7066,0.04597801292611836,0.5489860927666848
5096,0.5143,6,5,6,670644,5800,119196,7060,0.04593841084780129,0.5489891135303266
5097,0.5144,7,16,7,670660,5784,119203,7053,0.04581168419718667,0.5494274363168965
5098,0.5145,2,5,2,670665,5779,119205,7051,0.0457720821188696,0.5495713172252533
5099,0.5146,9,13,9,670678,5766,119214,7042,0.04566911671524521,0.5498126171143035
5100,0.5147,8,3,8,670681,5763,119222,7034,0.045645355468254975,0.5496600765804486
5101,0.5148,6,9,6,670690,5754,119228,7028,0.04557407172728425,0.5498357064622125
5102,0.5149,6,5,6,670695,5749,119234,7022,0.04553446964896718,0.5498394800720382
5103,0.515,11,4,11,670699,5745,119245,7011,0.04550278798631352,0.5496237064910631
5104,0.5151,10,7,10,670706,5738,119255,7001,0.04544734507666962,0.5495721799199309
5105,0.5152,4,8,4,670714,5730,119259,6997,0.04538398175136231,0.5497760666299992
5106,0.5153,5,5,5,670719,5725,119264,6992,0.04534437967304524,0.5498152079893056
5107,0.5154,8,3,8,670722,5722,119272,6984,0.045320618426055,0.5496615772076184
5108,0.5155,8,4,8,670726,5718,119280,6976,0.045288936763401344,0.5495509689617142
5109,0.5156,7,6,7,670732,5712,119287,6969,0.04524141426942086,0.5495623373550982
5110,0.5157,4,6,4,670738,5706,119291,6965,0.04519389177544038,0.5496803725041434
5111,0.5158,8,4,8,670742,5702,119299,6957,0.04516221011278672,0.5495694762619481
5112,0.5159,6,5,6,670747,5697,119305,6951,0.04512260803446965,0.549573055028463
5113,0.516,5,11,5,670758,5686,119310,6946,0.04503548346217209,0.5498733375554148
5114,0.5161,11,2,11,670760,5684,119321,6935,0.045019642630845264,0.5495681115777795
5115,0.5162,4,8,4,670768,5676,119325,6931,0.04495627930553796,0.5497739351154121
5116,0.5163,7,9,7,670777,5667,119332,6924,0.04488499556456723,0.5499166071003098
5117,0.5164,5,10,5,670787,5657,119337,6919,0.04480579140793309,0.5501749363867684
5118,0.5165,7,9,7,670796,5648,119344,6912,0.04473450766696236,0.5503184713375796
5119,0.5166,7,6,7,670802,5642,119351,6905,0.04468698517298188,0.5503307563561011
5120,0.5167,10,11,10,670813,5631,119361,6895,0.04459986060068433,0.5504550534887435
5121,0.5168,5,9,5,670822,5622,119366,6890,0.0445285768597136,0.5506713554987213
5122,0.5169,8,11,8,670833,5611,119374,6882,0.04444145228741604,0.5508684863523573
5123,0.517,11,5,11,670838,5606,119385,6871,0.044401850209098974,0.550693275627154
5124,0.5171,9,5,9,670843,5601,119394,6862,0.044362248130781906,0.5505897456471155
5125,0.5172,9,5,9,670848,5596,119403,6853,0.04432264605246483,0.5504859828098643
5126,0.5173,6,9,6,670857,5587,119409,6847,0.044251362311494104,0.5506675245295158
5127,0.5174,3,8,3,670865,5579,119412,6844,0.0441879989861868,0.5509136279481607
5128,0.5175,9,11,9,670876,5568,119421,6835,0.04410087441388924,0.551076352495364
5129,0.5176,3,5,3,670881,5563,119424,6832,0.04406127233557217,0.5511899959661154
5130,0.5177,3,8,3,670889,5555,119427,6829,0.04399790901026486,0.551437338501292
5131,0.5178,4,5,4,670894,5550,119431,6825,0.043958306931947785,0.5515151515151515
5132,0.5179,2,8,2,670902,5542,119433,6823,0.04389494360664048,0.5517994338859684
5133,0.518,8,6,8,670908,5536,119441,6815,0.04384742111265999,0.5517771840336815
5134,0.5181,11,5,11,670913,5531,119452,6804,0.04380781903434292,0.5516011349817592
5135,0.5182,13,10,13,670923,5521,119465,6791,0.04372861487770878,0.551575698505523
5136,0.5183,6,4,6,670927,5517,119471,6785,0.04369693321505513,0.5515363355551943
5137,0.5184,9,5,9,670932,5512,119480,6776,0.04365733113673806,0.5514322916666666
5138,0.5185,12,9,12,670941,5503,119492,6764,0.04358604739576733,0.5513980598353305
5139,0.5186,8,8,8,670949,5495,119500,6756,0.04352268407046002,0.5514651865153865
5140,0.5187,8,2,8,670951,5493,119508,6748,0.04350684323913319,0.5512621517849848
5141,0.5188,4,8,4,670959,5485,119512,6744,0.043443479913825876,0.5514759996729086
5142,0.5189,7,7,7,670966,5478,119519,6737,0.04338803700418198,0.551534997953336
5143,0.519,4,3,4,670969,5475,119523,6733,0.04336427575719174,0.5515235910878112
5144,0.5191,5,11,5,670980,5464,119528,6728,0.04327715118489418,0.5518372703412073
5145,0.5192,6,10,6,670990,5454,119534,6722,0.04319794702826004,0.5520696452036794
5146,0.5193,7,5,7,670995,5449,119541,6715,0.04315834494994297,0.5520388030253206
5147,0.5194,11,13,11,671008,5436,119552,6704,0.04305537954631859,0.5522240527182867
5148,0.5195,7,13,7,671021,5423,119559,6697,0.04295241414269421,0.5525577557755775
5149,0.5196,7,9,7,671030,5414,119566,6690,0.042881130401723484,0.5527098479841375
5150,0.5197,9,7,9,671037,5407,119575,6681,0.04282568749207959,0.5526968894771674
5151,0.5198,6,3,6,671040,5404,119581,6675,0.04280192624508934,0.552611971189668
5152,0.5199,8,6,8,671046,5398,119589,6667,0.04275440375110886,0.5525901367592209
5153,0.52,7,6,7,671052,5392,119596,6660,0.042706881257128376,0.5526053767009625
5154,0.5201,12,4,12,671056,5388,119608,6648,0.042675199594474716,0.5523429710867398
5155,0.5202,7,9,7,671065,5379,119615,6641,0.04260391585350399,0.552495840266223
5156,0.5203,5,5,5,671070,5374,119620,6636,0.04256431377518692,0.5525395503746877
5157,0.5204,8,4,8,671074,5370,119628,6628,0.04253263211253327,0.552425404234039
5158,0.5205,7,8,7,671082,5362,119635,6621,0.042469268787225956,0.5525327547358758
5159,0.5206,5,3,5,671085,5359,119640,6616,0.04244550754023571,0.5524843423799582
5160,0.5207,11,4,11,671089,5355,119651,6605,0.04241382587758206,0.552257525083612
5161,0.5208,10,5,10,671094,5350,119661,6595,0.04237422379926498,0.552113855169527
5162,0.5209,5,7,5,671101,5343,119666,6590,0.042318780889621085,0.5522500628509176
5163,0.521,6,7,6,671108,5336,119672,6584,0.04226333797997719,0.5523489932885906
5164,0.5211,5,6,5,671114,5330,119677,6579,0.042215815485996705,0.5524393315979511
5165,0.5212,8,5,8,671119,5325,119685,6571,0.04217621340767964,0.5523705447209146
5166,0.5213,7,11,7,671130,5314,119692,6564,0.04208908883538208,0.5526182859067184
5167,0.5214,3,6,3,671136,5308,119695,6561,0.0420415663414016,0.5527845648327576
5168,0.5215,7,3,7,671139,5305,119702,6554,0.04201780509441135,0.5526604266801586
5169,0.5216,4,6,4,671145,5299,119706,6550,0.04197028260043087,0.5527892649168706
5170,0.5217,8,5,8,671150,5294,119714,6542,0.0419306805221138,0.5527205136870564
5171,0.5218,4,6,4,671156,5288,119718,6538,0.04188315802813332,0.5528496533062743
5172,0.5219,15,10,15,671166,5278,119733,6523,0.041803953871499176,0.552749766968901
5173,0.522,5,15,5,671181,5263,119738,6518,0.041685147636547966,0.5532637297343179
5174,0.5221,9,7,9,671188,5256,119747,6509,0.04162970472690407,0.553251168720782
5175,0.5222,6,3,6,671191,5253,119753,6503,0.04160594347991382,0.5531643416127935
5176,0.5223,9,8,9,671199,5245,119762,6494,0.04154258015460651,0.5531987392452509
5177,0.5224,6,5,6,671204,5240,119768,6488,0.04150297807628944,0.553206002728513
5178,0.5225,9,6,9,671210,5234,119777,6479,0.04145545558230896,0.5531460770084522
5179,0.5226,7,5,7,671215,5229,119784,6472,0.04141585350399189,0.5531151183659516
5180,0.5227,7,7,7,671222,5222,119791,6465,0.041360410594347995,0.5531787456147856
5181,0.5228,5,9,5,671231,5213,119796,6460,0.04128912685337727,0.5534138610468603
5182,0.5229,7,10,7,671241,5203,119803,6453,0.041209922696743125,0.5536204529855868
5183,0.523,6,7,6,671248,5196,119809,6447,0.04115447978709923,0.5537232671991754
5184,0.5231,5,7,5,671255,5189,119814,6442,0.04109903687745533,0.5538646719972488
5185,0.5232,5,5,5,671260,5184,119819,6437,0.04105943479913826,0.5539110231477498
5186,0.5233,10,7,10,671267,5177,119829,6427,0.041003991889494364,0.5538607376766632
5187,0.5234,9,14,9,671281,5163,119838,6418,0.04089310607020656,0.5541835765477938
5188,0.5235,5,10,5,671291,5153,119843,6413,0.040813901913572426,0.5544699982707937
5189,0.5236,7,9,7,671300,5144,119850,6406,0.0407426181726017,0.5546320346320346
5190,0.5237,6,5,6,671305,5139,119856,6400,0.04070301609428463,0.5546407834301066
5191,0.5238,8,5,8,671310,5134,119864,6392,0.040663414015967556,0.5545722713864307
5192,0.5239,4,5,4,671315,5129,119868,6388,0.04062381193765049,0.5546583311626292
5193,0.524,10,10,10,671325,5119,119878,6378,0.040544607781016345,0.5547534139340697
5194,0.5241,4,5,4,671330,5114,119882,6374,0.04050500570269928,0.5548398328690808
5195,0.5242,6,9,6,671339,5105,119888,6368,0.04043372196172855,0.5550422731630785
5196,0.5243,1,5,1,671344,5100,119889,6367,0.04039411988341148,0.555245487049795
5197,0.5244,6,5,6,671349,5095,119895,6361,0.040354517805094414,0.5552548882681564
5198,0.5245,5,4,5,671353,5091,119900,6356,0.040322836142440754,0.5552546518738534
5199,0.5246,5,2,5,671355,5089,119905,6351,0.040306995311113925,0.5551573426573426
5200,0.5247,5,4,5,671359,5085,119910,6346,0.04027531364846027,0.5551570291313096
5201,0.5248,7,8,7,671367,5077,119917,6339,0.04021195032315296,0.5552733006306938
5202,0.5249,7,8,7,671375,5069,119924,6332,0.040148586997845646,0.5553898780808701
5203,0.525,9,4,9,671379,5065,119933,6323,0.040116905335191994,0.555233579206182
5204,0.5251,3,7,3,671386,5058,119936,6320,0.040061462425548096,0.555457901212867
5205,0.5252,6,5,6,671391,5053,119942,6314,0.04002186034723102,0.5554675815958476
5206,0.5253,4,3,4,671394,5050,119946,6310,0.03999809910024078,0.5554577464788732
5207,0.5254,7,4,7,671398,5046,119953,6303,0.03996641743758712,0.5553793285752049
5208,0.5255,10,5,10,671403,5041,119963,6293,0.039926815359270056,0.5552320451738133
5209,0.5256,8,5,8,671408,5036,119971,6285,0.03988721328095299,0.5551629714689515
5210,0.5257,10,5,10,671413,5031,119981,6275,0.03984761120263591,0.5550150362639307
5211,0.5258,4,3,4,671416,5028,119985,6271,0.039823849955645675,0.555004867687406
5212,0.5259,5,8,5,671424,5020,119990,6266,0.03976048663033836,0.5552011341485026
5213,0.526,8,4,8,671428,5016,119998,6258,0.0397288049676847,0.5550824906865354
5214,0.5261,5,10,5,671438,5006,120003,6253,0.03964960081105057,0.5553779198863131
5215,0.5262,12,5,12,671443,5001,120015,6241,0.03960999873273349,0.5551503291229318
5216,0.5263,5,8,5,671451,4993,120020,6236,0.03954663540742618,0.5553477602636032
5217,0.5264,7,3,7,671454,4990,120027,6229,0.03952287416043594,0.5552188252072378
5218,0.5265,7,6,7,671460,4984,120034,6222,0.03947535166645545,0.5552382652150634
5219,0.5266,8,1,8,671461,4983,120042,6214,0.039467431250792044,0.5549700812717693
5220,0.5267,8,6,8,671467,4977,120050,6206,0.039419908756811554,0.5549494768845569
5221,0.5268,4,9,4,671476,4968,120054,6202,0.039348625015840834,0.555237242614145
5222,0.5269,7,6,7,671482,4962,120061,6195,0.039301102521860344,0.5552567894595322
5223,0.527,7,8,7,671490,4954,120068,6188,0.03923773919655304,0.5553760545683001
5224,0.5271,4,5,4,671495,4949,120072,6184,0.039198137118235964,0.5554657325069613
5225,0.5272,4,4,4,671499,4945,120076,6180,0.03916645545558231,0.5555056179775281
5226,0.5273,5,5,5,671504,4940,120081,6175,0.039126853377265236,0.5555555555555556
5227,0.5274,3,8,3,671512,4932,120084,6172,0.03906349005195792,0.555835734870317
5228,0.5275,6,3,6,671515,4929,120090,6166,0.039039728804967685,0.5557458314556106
5229,0.5276,9,10,9,671525,4919,120099,6157,0.03896052464833354,0.5558866016612496
5230,0.5277,7,9,7,671534,4910,120106,6150,0.038889240907362815,0.5560578661844484
5231,0.5278,3,3,3,671537,4907,120109,6147,0.03886547966037258,0.5560882938302877
5232,0.5279,7,9,7,671546,4898,120116,6140,0.03879419591940185,0.5562601920637796
5233,0.528,6,11,6,671557,4887,120122,6134,0.0387070713471043,0.5565738136285273
5234,0.5281,6,7,6,671564,4880,120128,6128,0.038651628437460395,0.5566860465116279
5235,0.5282,3,3,3,671567,4877,120131,6125,0.03862786719047016,0.5567169605526268
5236,0.5283,8,10,8,671577,4867,120139,6117,0.038548663033836014,0.5569009468317553
5237,0.5284,4,7,4,671584,4860,120143,6113,0.038493220124192117,0.5570946869588991
5238,0.5285,6,9,6,671593,4851,120149,6107,0.03842193638322139,0.5573097280525643
5239,0.5286,5,12,5,671605,4839,120154,6102,0.03832689139526042,0.5577186728818206
5240,0.5287,7,5,7,671610,4834,120161,6095,0.038287289316943356,0.5576905480830817
5241,0.5288,9,5,9,671615,4829,120170,6086,0.03824768723862628,0.5575813101236831
5242,0.5289,4,6,4,671621,4823,120174,6082,0.0382001647446458,0.5577258138468593
5243,0.529,3,2,3,671623,4821,120177,6079,0.03818432391331897,0.5577064220183486
5244,0.5291,10,8,10,671631,4813,120187,6069,0.038120960588011656,0.5577099797831281
5245,0.5292,8,4,8,671635,4809,120195,6061,0.038089278925358,0.5575896964121435
5246,0.5293,6,6,6,671641,4803,120201,6055,0.03804175643137752,0.5576533431571192
5247,0.5294,3,5,3,671646,4798,120204,6052,0.038002154353060445,0.5577880184331797
5248,0.5295,10,7,10,671653,4791,120214,6042,0.03794671144341655,0.5577402381611742
5249,0.5296,13,3,13,671656,4788,120227,6029,0.03792295019642631,0.5573634094480909
5250,0.5297,7,5,7,671661,4783,120234,6022,0.037883348118109235,0.5573345673299398
5251,0.5298,7,7,7,671668,4776,120241,6015,0.03782790520846534,0.5574089519043648
5252,0.5299,7,4,7,671672,4772,120248,6008,0.037796223545811684,0.5573283858998145
5253,0.53,9,3,9,671675,4769,120257,5999,0.03777246229882144,0.5571136701337296
5254,0.5301,5,6,5,671681,4763,120262,5994,0.03772493980484096,0.5572185553593009
5255,0.5302,8,6,8,671687,4757,120270,5986,0.037677417310860474,0.5572000372335474
5256,0.5303,3,5,3,671692,4752,120273,5983,0.037637815232543406,0.5573358174196553
5257,0.5304,4,7,4,671699,4745,120277,5979,0.03758237232289951,0.5575345020514734
5258,0.5305,6,7,6,671706,4738,120283,5973,0.03752692941325561,0.557651012977313
5259,0.5306,5,5,5,671711,4733,120288,5968,0.037487327334938536,0.5577048873937015
5260,0.5307,4,2,4,671713,4731,120292,5964,0.037471486503611706,0.5576437587657784
5261,0.5308,8,2,8,671715,4729,120300,5956,0.03745564567228488,0.5574169396350024
5262,0.5309,6,2,6,671717,4727,120306,5950,0.03743980484095805,0.5572726421279386
5263,0.531,8,6,8,671723,4721,120314,5942,0.03739228234697757,0.5572540560817781
5264,0.5311,9,6,9,671729,4715,120323,5933,0.03734475985299709,0.5571938392186326
5265,0.5312,6,4,6,671733,4711,120329,5927,0.03731307819034343,0.5571536003008084
5266,0.5313,6,3,6,671736,4708,120335,5921,0.03728931694335319,0.55706087120143
5267,0.5314,7,5,7,671741,4703,120342,5914,0.037249714865036115,0.5570311764151832
5268,0.5315,7,9,7,671750,4694,120349,5907,0.03717843112406539,0.5572115838128479
5269,0.5316,4,5,4,671755,4689,120353,5903,0.03713882904574832,0.5573074018126888
5270,0.5317,10,5,10,671760,4684,120363,5893,0.03709922696743125,0.5571523116195518
5271,0.5318,6,7,6,671767,4677,120369,5887,0.037043784057787355,0.5572699734948883
5272,0.5319,9,7,9,671774,4670,120378,5878,0.03698834114814346,0.5572620401971938
5273,0.532,5,6,5,671780,4664,120383,5873,0.03694081865416297,0.5573692701907563
5274,0.5321,7,6,7,671786,4658,120390,5866,0.036893296160182484,0.5573926263778031
5275,0.5322,10,5,10,671791,4653,120400,5856,0.03685369408186542,0.5572366542963174
5276,0.5323,5,8,5,671799,4645,120405,5851,0.036790330756558104,0.5574504573170732
5277,0.5324,6,5,6,671804,4640,120411,5845,0.036750728678241036,0.5574630424415832
5278,0.5325,5,9,5,671813,4631,120416,5840,0.03667944493727031,0.5577308757520771
5279,0.5326,8,6,8,671819,4625,120424,5832,0.036631922443289826,0.5577125370565171
5280,0.5327,4,7,4,671826,4618,120428,5828,0.03657647953364593,0.5579169059927245
5281,0.5328,7,9,7,671835,4609,120435,5821,0.0365051957926752,0.5581016299137105
5282,0.5329,7,7,7,671842,4602,120442,5814,0.0364497528830313,0.5581797235023042
5283,0.533,6,5,6,671847,4597,120448,5808,0.03641015080471423,0.5581931763575204
5284,0.5331,10,5,10,671852,4592,120458,5798,0.03637054872639716,0.5580365736284889
5285,0.5332,4,4,4,671856,4588,120462,5794,0.03633886706374351,0.5580812945482566
5286,0.5333,5,9,5,671865,4579,120467,5789,0.03626758332277278,0.5583526234567902
5287,0.5334,6,3,6,671868,4576,120473,5783,0.036243822075782535,0.5582585191620812
5288,0.5335,5,4,5,671872,4572,120478,5778,0.03621214041312888,0.5582608695652174
5289,0.5336,4,9,4,671881,4563,120482,5774,0.036140856672158155,0.558575989165135
5290,0.5337,4,5,4,671886,4558,120486,5770,0.03610125459384109,0.5586754453911696
5291,0.5338,9,6,9,671892,4552,120495,5761,0.036053732099860604,0.5586153398623097
5292,0.5339,3,8,3,671900,4544,120498,5758,0.03599036877455329,0.5589205979421471
5293,0.534,5,8,5,671908,4536,120503,5753,0.03592700544924598,0.5591408300126348
5294,0.5341,4,8,4,671916,4528,120507,5749,0.035863642123938666,0.5594044954753332
5295,0.5342,10,1,10,671917,4527,120517,5739,0.03585572170827525,0.5590298071303331
5296,0.5343,5,3,5,671920,4524,120522,5734,0.035831960461285006,0.5589783583544551
5297,0.5344,5,5,5,671925,4519,120527,5729,0.03579235838296794,0.5590359094457455
5298,0.5345,3,11,3,671936,4508,120530,5726,0.03570523381067038,0.5595075239398085
5299,0.5346,6,10,6,671946,4498,120536,5720,0.035626029654036245,0.5597964376590331
5300,0.5347,3,4,3,671950,4494,120539,5717,0.035594347991382586,0.5598863970228185
5301,0.5348,9,4,9,671954,4490,120548,5708,0.03556266632872893,0.5597175916846441
5302,0.5349,7,7,7,671961,4483,120555,5701,0.035507223419085035,0.5597996857816182
5303,0.535,4,9,4,671970,4474,120559,5697,0.03543593967811431,0.560121915249238
5304,0.5351,8,7,8,671977,4467,120567,5689,0.03538049676847041,0.5601614808979913
5305,0.5352,8,1,8,671978,4466,120575,5681,0.035372576352806995,0.5598699122893466
5306,0.5353,4,2,4,671980,4464,120579,5677,0.035356735521480165,0.559806725175032
5307,0.5354,5,10,5,671990,4454,120584,5672,0.03527753136484603,0.5601422081769701
5308,0.5355,3,5,3,671995,4449,120587,5669,0.035237929286528955,0.5602885945839099
5309,0.5356,8,1,8,671996,4448,120595,5661,0.03523000887086554,0.5599960431298843
5310,0.5357,5,9,5,672005,4439,120600,5656,0.03515872512989482,0.5602773650321942
5311,0.5358,5,4,5,672009,4435,120605,5651,0.03512704346724116,0.5602815784255404
5312,0.5359,4,7,4,672016,4428,120609,5647,0.03507160055759726,0.5604962779156327
5313,0.536,7,7,7,672023,4421,120616,5640,0.035016157647953364,0.5605804591988868
5314,0.5361,4,6,4,672029,4415,120620,5636,0.03496863515397288,0.5607402248532485
5315,0.5362,3,6,3,672035,4409,120623,5633,0.0349211126599924,0.5609440350527783
5316,0.5363,9,10,9,672045,4399,120632,5624,0.034841908503358256,0.5611094482689813
5317,0.5364,9,6,9,672051,4393,120641,5615,0.03479438600937777,0.5610511590727418
5318,0.5365,5,4,5,672055,4389,120646,5610,0.03476270434672411,0.5610561056105611
5319,0.5366,1,6,1,672061,4383,120647,5609,0.03471518185274363,0.5613490792634107
5320,0.5367,8,5,8,672066,4378,120655,5601,0.03467557977442656,0.5612786852390019
5321,0.5368,7,3,7,672069,4375,120662,5594,0.03465181852743632,0.5611395325509078
5322,0.5369,6,4,6,672073,4371,120668,5588,0.034620136864782665,0.5611005120996084
5323,0.537,4,6,4,672079,4365,120672,5584,0.03457261437080218,0.5612624384360237
5324,0.5371,10,4,10,672083,4361,120682,5574,0.03454093270814852,0.5610468042274787
5325,0.5372,4,9,4,672092,4352,120686,5570,0.034469648967177795,0.5613787542834106
5326,0.5373,5,5,5,672097,4347,120691,5565,0.03443004688886073,0.5614406779661016
5327,0.5374,7,7,7,672104,4340,120698,5558,0.03437460397921683,0.5615275813295615
5328,0.5375,5,2,5,672106,4338,120703,5553,0.03435876314789,0.5614194722474978
5329,0.5376,5,5,5,672111,4333,120708,5548,0.03431916106957293,0.5614816314138246
5330,0.5377,2,6,2,672117,4327,120710,5546,0.03427163857559245,0.5617340220804213
5331,0.5378,5,5,5,672122,4322,120715,5541,0.034232036497275374,0.5617966136064078
5332,0.5379,2,5,2,672127,4317,120717,5539,0.034192434418958306,0.5619926948051948
5333,0.538,6,4,6,672131,4313,120723,5533,0.03416075275630465,0.5619540930327036
5334,0.5381,7,1,7,672132,4312,120730,5526,0.03415283234064124,0.5616995324252897
5335,0.5382,5,3,5,672135,4309,120735,5521,0.034129071093650994,0.561648016276704
5336,0.5383,5,6,5,672141,4303,120740,5516,0.03408154859967051,0.5617680008147469
5337,0.5384,8,8,8,672149,4295,120748,5508,0.0340181852743632,0.5618688156686729
5338,0.5385,8,3,8,672152,4292,120756,5500,0.03399442402737295,0.5616830065359477
5339,0.5386,7,2,7,672154,4290,120763,5493,0.03397858319604613,0.5614842072983748
5340,0.5387,6,6,6,672160,4284,120769,5487,0.03393106070206565,0.5615597175314707
5341,0.5388,4,7,4,672167,4277,120773,5483,0.03387561779242174,0.5617827868852459
5342,0.5389,11,4,11,672171,4273,120784,5472,0.03384393612976809,0.561518727552591
5343,0.539,12,6,12,672177,4267,120796,5460,0.03379641363578761,0.5613241492752133
5344,0.5391,8,6,8,672183,4261,120804,5452,0.033748891141807125,0.5613095850921446
5345,0.5392,3,3,3,672186,4258,120807,5449,0.03372512989481688,0.5613474811991347
5346,0.5393,6,8,6,672194,4250,120813,5443,0.03366176656950957,0.5615392551325699
5347,0.5394,4,4,4,672198,4246,120817,5439,0.033630084906855914,0.5615900877645844
5348,0.5395,6,5,6,672203,4241,120823,5433,0.03359048282853884,0.5616084349803597
5349,0.5396,6,11,6,672214,4230,120829,5427,0.03350335825624129,0.5619757688723206
5350,0.5397,9,6,9,672220,4224,120838,5418,0.033455835762260806,0.5619166148102054
5351,0.5398,3,6,3,672226,4218,120841,5415,0.03340831326828032,0.5621301775147929
5352,0.5399,5,3,5,672229,4215,120846,5410,0.03338455202129008,0.5620779220779221
5353,0.54,6,1,6,672230,4214,120852,5404,0.033376631605626664,0.5618631732168851
5354,0.5401,4,10,4,672240,4204,120856,5400,0.03329742744899252,0.5622657226155768
5355,0.5402,6,6,6,672246,4198,120862,5394,0.03324990495501204,0.5623436196830692
5356,0.5403,6,6,6,672252,4192,120868,5388,0.033202382461031556,0.5624217118997912
5357,0.5404,7,2,7,672254,4190,120875,5381,0.033186541629704726,0.5622192038449483
5358,0.5405,3,6,3,672260,4184,120878,5378,0.03313901913572424,0.5624346371052081
5359,0.5406,3,4,3,672264,4180,120881,5375,0.03310733747307058,0.5625327053898482
5360,0.5407,6,4,6,672268,4176,120887,5369,0.03307565581041693,0.5624934520691461
5361,0.5408,7,2,7,672270,4174,120894,5362,0.0330598149790901,0.5622902684563759
5362,0.5409,4,7,4,672277,4167,120898,5358,0.0330043720694462,0.5625196850393701
5363,0.541,4,13,4,672290,4154,120902,5354,0.03290140666582182,0.5631047538914599
5364,0.5411,3,6,3,672296,4148,120905,5351,0.03285388417184134,0.5633224549952627
5365,0.5412,3,13,3,672309,4135,120908,5348,0.03275091876821696,0.5639565538331751
5366,0.5413,6,5,6,672314,4130,120914,5342,0.032711316689899884,0.5639780405405406
5367,0.5414,6,5,6,672319,4125,120920,5336,0.03267171461158282,0.5639995772117112
5368,0.5415,6,7,6,672326,4118,120926,5330,0.03261627170193892,0.5641405588484335
5369,0.5416,2,6,2,672332,4112,120928,5328,0.032568749207958436,0.5644067796610169
5370,0.5417,3,2,3,672334,4110,120931,5325,0.032552908376631606,0.5643879173290938
5371,0.5418,7,5,7,672339,4105,120938,5318,0.03251330629831454,0.5643637907248222
5372,0.5419,3,8,3,672347,4097,120941,5315,0.032449942973007226,0.5647046323841904
5373,0.542,5,7,5,672354,4090,120946,5310,0.03239450006336333,0.5648936170212766
5374,0.5421,2,7,2,672361,4083,120948,5308,0.03233905715371943,0.5652220210840166
5375,0.5422,4,4,4,672365,4079,120952,5304,0.03230737549106577,0.5652776297559416
5376,0.5423,9,4,9,672369,4075,120961,5295,0.03227569382841212,0.5651013874066169
5377,0.5424,7,7,7,672376,4068,120968,5288,0.03222025091876822,0.5651988029072254
5378,0.5425,6,4,6,672380,4064,120974,5282,0.03218856925611456,0.5651615664455382
5379,0.5426,5,2,5,672382,4062,120979,5277,0.03217272842478773,0.5650497911982011
5380,0.5427,6,6,6,672388,4056,120985,5271,0.03212520593080725,0.5651334834351882
5381,0.5428,5,5,5,672393,4051,120990,5266,0.03208560385249018,0.5652033916496726
5382,0.5429,4,6,4,672399,4045,120994,5262,0.0320380813585097,0.5653808960997099
5383,0.543,6,5,6,672404,4040,121000,5256,0.03199847928019262,0.5654044750430293
5384,0.5431,5,6,5,672410,4034,121005,5251,0.03195095678621214,0.5655358104469574
5385,0.5432,1,6,1,672416,4028,121006,5250,0.03190343429223166,0.5658547100668248
5386,0.5433,1,3,1,672419,4025,121007,5249,0.03187967304524141,0.5659909424196679
5387,0.5434,8,8,8,672427,4017,121015,5241,0.0318163097199341,0.5661049902786779
5388,0.5435,9,5,9,672432,4012,121024,5232,0.03177670764161703,0.5659887494591086
5389,0.5436,5,7,5,672439,4005,121029,5227,0.031721264731973134,0.566182842287695
5390,0.5437,2,2,2,672441,4003,121031,5225,0.031705423900646304,0.5662115301257044
5391,0.5438,5,5,5,672446,3998,121036,5220,0.031665821822329236,0.5662833586461271
5392,0.5439,5,3,5,672449,3995,121041,5215,0.03164206057533899,0.5662323561346363
5393,0.544,7,4,7,672453,3991,121048,5208,0.03161037891268534,0.5661484944015653
5394,0.5441,5,5,5,672458,3986,121053,5203,0.03157077683436827,0.5662204810099032
5395,0.5442,4,7,4,672465,3979,121057,5199,0.031515333924724366,0.5664632817607322
5396,0.5443,6,2,6,672467,3977,121063,5193,0.03149949309339754,0.5663031624863686
5397,0.5444,8,6,8,672473,3971,121071,5185,0.03145197059941706,0.5662953254696373
5398,0.5445,11,6,11,672479,3965,121082,5174,0.03140444810543657,0.566145092460882
5399,0.5446,7,12,7,672491,3953,121089,5167,0.031309403117475605,0.5665570175438597
5400,0.5447,4,5,4,672496,3948,121093,5163,0.03126980103915854,0.5666776424102733
5401,0.5448,7,6,7,672502,3942,121100,5156,0.03122227854517805,0.5667179599912069
5402,0.5449,2,6,2,672508,3936,121102,5154,0.03117475605119757,0.566996699669967
5403,0.545,3,3,3,672511,3933,121105,5151,0.031150994804207324,0.5670409511228534
5404,0.5451,6,5,6,672516,3928,121111,5145,0.031111392725890256,0.5670671222307947
5405,0.5452,11,4,11,672520,3924,121122,5134,0.0310797110632366,0.5667917862662839
5406,0.5453,6,4,6,672524,3920,121128,5128,0.031048029400582943,0.5667550839964633
5407,0.5454,8,4,8,672528,3916,121136,5120,0.031016347737929287,0.566622399291722
5408,0.5455,5,4,5,672532,3912,121141,5115,0.03098466607527563,0.5666334330342306
5409,0.5456,6,8,6,672540,3904,121147,5109,0.030921302749968318,0.5668478863863309
5410,0.5457,10,6,10,672546,3898,121157,5099,0.030873780255987835,0.5667444703790152
5411,0.5458,2,6,2,672552,3892,121159,5097,0.03082625776200735,0.5670263655579041
5412,0.5459,5,11,5,672563,3881,121164,5092,0.030739133189709795,0.567480218433077
5413,0.546,6,4,6,672567,3877,121170,5086,0.03070745152705614,0.5674439361820819
5414,0.5461,4,4,4,672571,3873,121174,5082,0.030675769864402482,0.5675041876046901
5415,0.5462,9,11,9,672582,3862,121183,5073,0.030588645292104928,0.5677672076105205
5416,0.5463,4,3,4,672585,3859,121187,5069,0.030564884045114687,0.5677643369175627
5417,0.5464,1,3,1,672588,3856,121188,5068,0.030541122798124445,0.5679067682653519
5418,0.5465,5,4,5,672592,3852,121193,5063,0.03050944113547079,0.5679192372406057
5419,0.5466,3,8,3,672600,3844,121196,5060,0.030446077810163476,0.5682839173405211
5420,0.5467,6,6,6,672606,3838,121202,5054,0.030398555316182994,0.5683760683760684
5421,0.5468,7,7,7,672613,3831,121209,5047,0.030343112406539096,0.5684838927686416
5422,0.5469,6,2,6,672615,3829,121215,5041,0.030327271575212266,0.5683201803833146
5423,0.547,5,2,5,672617,3827,121220,5036,0.03031143074388544,0.5682048967618188
5424,0.5471,6,9,6,672626,3818,121226,5030,0.030240147002914712,0.5684900542495479
5425,0.5472,2,8,2,672634,3810,121228,5028,0.0301767836776074,0.5689069925322471
5426,0.5473,8,4,8,672638,3806,121236,5020,0.030145102014953743,0.5687740765918876
5427,0.5474,3,5,3,672643,3801,121239,5017,0.030105499936636675,0.5689498752551599
5428,0.5475,5,4,5,672647,3797,121244,5012,0.03007381827398302,0.5689635599954592
5429,0.5476,8,6,8,672653,3791,121252,5004,0.030026295780002536,0.5689596361569074
5430,0.5477,7,3,7,672656,3788,121259,4997,0.03000253453301229,0.5688104723961298
5431,0.5478,2,4,2,672660,3784,121261,4995,0.029970852870358635,0.5689714090443103
5432,0.5479,7,6,7,672666,3778,121268,4988,0.029923330376378152,0.5690166552589551
5433,0.548,4,5,4,672671,3773,121272,4984,0.02988372829806108,0.5691446842525979
5434,0.5481,5,3,5,672674,3770,121277,4979,0.02985996705107084,0.5690936106983655
5435,0.5482,3,6,3,672680,3764,121280,4976,0.029812444557090357,0.5693363844393593
5436,0.5483,3,7,3,672687,3757,121283,4973,0.02975700164744646,0.5696449026345933
5437,0.5484,7,6,7,672693,3751,121290,4966,0.029709479153465973,0.5696914075943559
5438,0.5485,5,9,5,672702,3742,121295,4961,0.02963819541249525,0.5700333218430427
5439,0.5486,6,13,6,672715,3729,121301,4955,0.029535230008870865,0.5705895900506679
5440,0.5487,6,3,6,672718,3726,121307,4949,0.029511468761880624,0.5704899135446686
5441,0.5488,3,3,3,672721,3723,121310,4946,0.029487707514890382,0.5705387011189296
5442,0.5489,5,5,5,672726,3718,121315,4941,0.02944810543657331,0.570620163991223
5443,0.549,3,1,3,672727,3717,121318,4938,0.029440185020909896,0.5705372616984402
5444,0.5491,5,5,5,672732,3712,121323,4933,0.029400582942592828,0.5706188548293811
5445,0.5492,5,9,5,672741,3703,121328,4928,0.0293292992016221,0.5709651257096513
5446,0.5493,2,4,2,672745,3699,121330,4926,0.029297617538968444,0.5711304347826087
5447,0.5494,4,8,4,672753,3691,121334,4922,0.02923425421366113,0.5714617438755369
5448,0.5495,6,3,6,672756,3688,121340,4916,0.02921049296667089,0.5713621571362157
5449,0.5496,6,1,6,672757,3687,121346,4910,0.029202572551007475,0.5711294637664301
5450,0.5497,6,6,6,672763,3681,121352,4904,0.029155050057026993,0.5712288875946419
5451,0.5498,9,7,9,672770,3674,121361,4895,0.029099607147383095,0.5712451861360719
5452,0.5499,2,5,2,672775,3669,121363,4893,0.029060005069066024,0.571478626489138
5453,0.55,10,7,10,672782,3662,121373,4883,0.029004562159422126,0.5714452896430661
5454,0.5501,6,4,6,672786,3658,121379,4877,0.02897288049676847,0.5714118336262449
5455,0.5502,5,11,5,672797,3647,121384,4872,0.028885755924470916,0.57189811010682
5456,0.5503,5,9,5,672806,3638,121389,4867,0.02881447218350019,0.5722516166960612
5457,0.5504,4,4,4,672810,3634,121393,4863,0.028782790520846535,0.5723196422266682
5458,0.5505,5,5,5,672815,3629,121398,4858,0.028743188442529464,0.5724048544833275
5459,0.5506,6,3,6,672818,3626,121404,4852,0.028719427195539222,0.5723047888652985
5460,0.5507,4,4,4,672822,3622,121408,4848,0.028687745532885566,0.5723730814639906
5461,0.5508,4,2,4,672824,3620,121412,4844,0.028671904701558736,0.5723062381852552
5462,0.5509,6,8,6,672832,3612,121418,4838,0.028608541376251427,0.5725443786982248
5463,0.551,2,6,2,672838,3606,121420,4836,0.02856101888227094,0.5728500355366027
5464,0.5511,4,8,4,672846,3598,121424,4832,0.028497655556963628,0.573190984578885
5465,0.5512,3,4,3,672850,3594,121427,4829,0.028465973894309972,0.5733111717915232
5466,0.5513,7,8,7,672858,3586,121434,4822,0.028402610569002663,0.5735014272121789
5467,0.5514,6,6,6,672864,3580,121440,4816,0.028355088075022176,0.5736064792758456
5468,0.5515,6,4,6,672868,3576,121446,4810,0.02832340641236852,0.5735750059623181
5469,0.5516,9,6,9,672874,3570,121455,4801,0.028275883918388037,0.5735276549994027
5470,0.5517,2,4,2,672878,3566,121457,4799,0.02824420225573438,0.5736999402271369
5471,0.5518,1,7,1,672885,3559,121458,4798,0.028188759346090483,0.5741294722986717
5472,0.5519,3,5,3,672890,3554,121461,4795,0.028149157267773412,0.5743202778775901
5473,0.552,5,5,5,672895,3549,121466,4790,0.028109555189456344,0.5744094016069073
5474,0.5521,4,3,4,672898,3546,121470,4786,0.0280857939424661,0.5744119059049448
5475,0.5522,2,8,2,672906,3538,121472,4784,0.028022430617158787,0.5748618120644076
5476,0.5523,4,5,4,672911,3533,121476,4780,0.02798282853884172,0.5750030073379044
5477,0.5524,2,5,2,672916,3528,121478,4778,0.027943226460524648,0.5752468095352757
5478,0.5525,4,4,4,672920,3524,121482,4774,0.02791154479787099,0.5753193540612196
5479,0.5526,5,2,5,672922,3522,121487,4769,0.027895703966544165,0.5752020262935713
5480,0.5527,8,8,8,672930,3514,121495,4761,0.027832340641236852,0.5753474320241692
5481,0.5528,1,7,1,672937,3507,121496,4760,0.027776897731592955,0.5757832345469941
5482,0.5529,7,5,7,672942,3502,121503,4753,0.027737295653275883,0.5757722592368262
5483,0.553,6,5,6,672947,3497,121509,4747,0.027697693574958812,0.5758127122755944
5484,0.5531,7,5,7,672952,3492,121516,4740,0.027658091496641744,0.575801749271137
5485,0.5532,7,8,7,672960,3484,121523,4733,0.02759472817133443,0.5760009735913351
5486,0.5533,7,4,7,672964,3480,121530,4726,0.027563046508680775,0.575920058493785
5487,0.5534,4,4,4,672968,3476,121534,4722,0.02753136484602712,0.5759941449133935
5488,0.5535,4,2,4,672970,3474,121538,4718,0.027515524014700293,0.575927734375
5489,0.5536,5,4,5,672974,3470,121543,4713,0.027483842352046636,0.5759501405352561
5490,0.5537,3,3,3,672977,3467,121546,4710,0.027460081105056395,0.5760058701235172
5491,0.5538,9,4,9,672981,3463,121555,4701,0.02742839944240274,0.5758206761391474
5492,0.5539,1,6,1,672987,3457,121556,4700,0.027380876948422252,0.5761922275346328
5493,0.554,8,2,8,672989,3455,121564,4692,0.027365036117095426,0.5759175156499325
5494,0.5541,4,3,4,672992,3452,121568,4688,0.027341274870105185,0.5759213759213759
5495,0.5542,4,7,4,672999,3445,121572,4684,0.027285831960461283,0.5762086357485545
5496,0.5543,7,4,7,673003,3441,121579,4677,0.02725415029780763,0.5761271249076128
5497,0.5544,4,6,4,673009,3435,121583,4673,0.027206627803827144,0.5763443512580168
5498,0.5545,8,6,8,673015,3429,121591,4665,0.02715910530984666,0.5763528539659006
5499,0.5546,8,3,8,673018,3426,121599,4657,0.02713534406285642,0.5761474699987629
5500,0.5547,6,6,6,673024,3420,121605,4651,0.027087821568875934,0.5762606864081279
5501,0.5548,5,6,5,673030,3414,121610,4646,0.02704029907489545,0.5764267990074442
5502,0.5549,3,6,3,673036,3408,121613,4643,0.026992776580914965,0.5766985467643772
5503,0.555,9,3,9,673039,3405,121622,4634,0.026969015333924724,0.5764398557034457
5504,0.5551,5,8,5,673047,3397,121627,4629,0.02690565200861741,0.5767505606777972
5505,0.5552,4,6,4,673053,3391,121631,4625,0.026858129514636928,0.5769710578842315
5506,0.5553,8,4,8,673057,3387,121639,4617,0.026826447851983272,0.5768365817091454
5507,0.5554,9,4,9,673061,3383,121648,4608,0.026794766189329616,0.5766487298210486
5508,0.5555,6,6,6,673067,3377,121654,4602,0.026747243695349133,0.5767640055144755
5509,0.5556,5,5,5,673072,3372,121659,4597,0.02670764161703206,0.5768603337934496
5510,0.5557,4,3,4,673075,3369,121663,4593,0.02668388037004182,0.5768651092690279
5511,0.5558,5,3,5,673078,3366,121668,4588,0.02666011912305158,0.5768166960020116
5512,0.5559,7,4,7,673082,3362,121675,4581,0.026628437460397923,0.5767342313987158
5513,0.556,2,7,2,673089,3355,121677,4579,0.026572994550754025,0.5771363750945299
5514,0.5561,9,3,9,673092,3352,121686,4570,0.02654923330376378,0.5768745266346882
5515,0.5562,2,5,2,673097,3347,121688,4568,0.026509631225446712,0.5771320277953254
5516,0.5563,6,3,6,673100,3344,121694,4562,0.02648586997845647,0.5770301037186947
5517,0.5564,9,4,9,673104,3340,121703,4553,0.026454188315802814,0.5768402381857342
5518,0.5565,4,3,4,673107,3337,121707,4549,0.02643042706881257,0.5768450418463099
5519,0.5566,6,6,6,673113,3331,121713,4543,0.026382904574832087,0.5769621539243078
5520,0.5567,4,4,4,673117,3327,121717,4539,0.02635122291217843,0.5770404271548436
5521,0.5568,2,5,2,673122,3322,121719,4537,0.026311620833861363,0.5772999109301438
5522,0.5569,7,4,7,673126,3318,121726,4530,0.026279939171207706,0.577217125382263
5523,0.557,2,5,2,673131,3313,121728,4528,0.026240337092890635,0.5774773625813034
5524,0.5571,5,7,5,673138,3306,121733,4523,0.026184894183246737,0.5777238472346404
5525,0.5572,5,7,5,673145,3299,121738,4518,0.02612945127360284,0.5779710886529359
5526,0.5573,3,5,3,673150,3294,121741,4515,0.02608984919528577,0.5781790242028428
5527,0.5574,3,7,3,673157,3287,121744,4512,0.02603440628564187,0.5785357097063726
5528,0.5575,6,8,6,673165,3279,121750,4506,0.025971042960334558,0.5788053949903661
5529,0.5576,11,3,11,673168,3276,121761,4495,0.025947281713344317,0.5784326341526187
5530,0.5577,3,2,3,673170,3274,121764,4492,0.025931440882017487,0.5784187483904197
5531,0.5578,4,5,4,673175,3269,121768,4488,0.02589183880370042,0.5785741910532423
5532,0.5579,9,6,9,673181,3263,121777,4479,0.025844316309719933,0.5785326788943426
5533,0.558,8,7,8,673188,3256,121785,4471,0.025788873400076035,0.5786204218972434
5534,0.5581,7,7,7,673195,3249,121792,4464,0.025733430490432137,0.5787631271878646
5535,0.5582,7,4,7,673199,3245,121799,4457,0.02570174882777848,0.5786808621137367
5536,0.5583,6,3,6,673202,3242,121805,4451,0.02567798758078824,0.5785779279864812
5537,0.5584,5,3,5,673205,3239,121810,4446,0.025654226333798,0.5785296031229669
5538,0.5585,6,7,6,673212,3232,121816,4440,0.0255987834241541,0.5787278415015641
5539,0.5586,9,1,9,673213,3231,121825,4431,0.025590863008490686,0.5783085356303838
5540,0.5587,3,3,3,673216,3228,121828,4428,0.025567101761500444,0.5783699059561128
5541,0.5588,7,5,7,673221,3223,121835,4421,0.025527499683183373,0.5783621140763998
5542,0.5589,8,0,8,673221,3223,121843,4413,0.025527499683183373,0.5779203771608172
5543,0.559,4,5,4,673226,3218,121847,4409,0.025487897604866302,0.5780778812114855
5544,0.5591,2,3,2,673229,3215,121849,4407,0.02546413635787606,0.5781946995539229
5545,0.5592,6,5,6,673234,3210,121855,4401,0.025424534279558993,0.5782420181316515
5546,0.5593,10,4,10,673238,3206,121865,4391,0.025392852616905336,0.5779913123601421
5547,0.5594,7,3,7,673241,3203,121872,4384,0.02536909136991509,0.5778304995386846
5548,0.5595,3,2,3,673243,3201,121875,4381,0.025353250538588265,0.5778158797151147
5549,0.5596,6,2,6,673245,3199,121881,4375,0.02533740970726144,0.577634011090573
5550,0.5597,6,2,6,673247,3197,121887,4369,0.02532156887593461,0.577451757864129
5551,0.5598,6,3,6,673250,3194,121893,4363,0.025297807628944367,0.5773455074765118
5552,0.5599,6,2,6,673252,3192,121899,4357,0.025281966797617537,0.5771625380845145
5553,0.56,7,3,7,673255,3189,121906,4350,0.025258205550627296,0.57699960206924
5554,0.5601,8,6,8,673261,3183,121914,4342,0.025210683056646813,0.5770099667774087
5555,0.5602,5,5,5,673266,3178,121919,4337,0.025171080978329742,0.5771124417831005
5556,0.5603,5,4,5,673270,3174,121924,4332,0.025139399315676086,0.5771382893685052
5557,0.5604,10,9,10,673279,3165,121934,4322,0.02506811557470536,0.577267263256311
5558,0.5605,7,3,7,673282,3162,121941,4315,0.025044354327715117,0.5771031162230841
5559,0.5606,4,11,4,673293,3151,121945,4311,0.024957229755417563,0.5777271508978826
5560,0.5607,2,4,2,673297,3147,121947,4309,0.02492554809276391,0.5779238197424893
5561,0.5608,3,3,3,673300,3144,121950,4306,0.024901786845773665,0.577986577181208
5562,0.5609,2,5,2,673305,3139,121952,4304,0.024862184767456597,0.5782614537148999
5563,0.561,6,4,6,673309,3135,121958,4298,0.02483050310480294,0.5782322077223194
5564,0.5611,2,3,2,673312,3132,121960,4296,0.0248067418578127,0.5783521809369951
5565,0.5612,4,9,4,673321,3123,121964,4292,0.024735458116841972,0.5788267026298044
5566,0.5613,4,1,4,673322,3122,121968,4288,0.024727537701178557,0.5786774628879892
5567,0.5614,3,6,3,673328,3116,121971,4285,0.024680015207198074,0.5789758140791785
5568,0.5615,2,3,2,673331,3113,121973,4283,0.024656253960207833,0.5790968090859925
5569,0.5616,3,2,3,673333,3111,121976,4280,0.024640413128881003,0.5790826681098633
5570,0.5617,5,8,5,673341,3103,121981,4275,0.02457704980357369,0.5794253185145026
5571,0.5618,5,2,5,673343,3101,121986,4270,0.024561208972246864,0.5792972459639126
5572,0.5619,6,2,6,673345,3099,121992,4264,0.024545368140920034,0.5791117750916746
5573,0.562,5,7,5,673352,3092,121997,4259,0.024489925231276136,0.5793769555162563
5574,0.5621,10,1,10,673353,3091,122007,4249,0.024482004815612725,0.578882833787466
5575,0.5622,8,4,8,673357,3087,122015,4241,0.02445032315295907,0.5787390829694323
5576,0.5623,6,8,6,673365,3079,122021,4235,0.024386959827651756,0.5790265244736122
5577,0.5624,2,5,2,673370,3074,122023,4233,0.024347357749334685,0.5793075133433694
5578,0.5625,10,3,10,673373,3071,122033,4223,0.024323596502344443,0.5789690156292844
5579,0.5626,3,6,3,673379,3065,122036,4220,0.02427607400836396,0.5792724776938916
5580,0.5627,6,6,6,673385,3059,122042,4214,0.024228551514383474,0.5794032723772858
5581,0.5628,2,1,2,673386,3058,122044,4212,0.02422063109872006,0.5793672627235213
5582,0.5629,5,6,5,673392,3052,122049,4207,0.024173108604739577,0.579556412729026
5583,0.563,6,5,6,673397,3047,122055,4201,0.024133506526422505,0.5796081677704195
5584,0.5631,9,1,9,673398,3046,122064,4192,0.024125586110759094,0.5791655153357281
5585,0.5632,4,4,4,673402,3042,122068,4188,0.024093904448105437,0.5792531120331951
5586,0.5633,7,6,7,673408,3036,122075,4181,0.02404638195412495,0.5793265899958432
5587,0.5634,7,4,7,673412,3032,122082,4174,0.024014700291471295,0.5792395226200389
5588,0.5635,5,2,5,673414,3030,122087,4169,0.02399885946014447,0.579108209473538
5589,0.5636,5,4,5,673418,3026,122092,4164,0.023967177797490812,0.5791376912378303
5590,0.5637,4,4,4,673422,3022,122096,4160,0.023935496134837156,0.5792258423837371
5591,0.5638,5,5,5,673427,3017,122101,4155,0.023895894056520085,0.5793363078639152
5592,0.5639,7,8,7,673435,3009,122108,4148,0.023832530731212775,0.5795724465558195
5593,0.564,5,3,5,673438,3006,122113,4143,0.02380876948422253,0.5795216114141838
5594,0.5641,5,3,5,673441,3003,122118,4138,0.02378500823723229,0.5794706623722168
5595,0.5642,3,4,3,673445,2999,122121,4135,0.023753326574578633,0.579618727221755
5596,0.5643,7,7,7,673452,2992,122128,4128,0.023697883664934735,0.5797752808988764
5597,0.5644,2,4,2,673456,2988,122130,4126,0.02366620200228108,0.5799831318526848
5598,0.5645,2,6,2,673462,2982,122132,4124,0.023618679508300596,0.5803546298902336
5599,0.5646,5,4,5,673466,2978,122137,4119,0.02358699784564694,0.580386078624771
5600,0.5647,4,3,4,673469,2975,122141,4115,0.0235632365986567,0.580394922425952
5601,0.5648,2,5,2,673474,2970,122143,4113,0.023523634520339627,0.5806861499364676
5602,0.5649,2,4,2,673478,2966,122145,4111,0.02349195285768597,0.5808958598276106
5603,0.565,4,4,4,673482,2962,122149,4107,0.023460271195032315,0.5809874098175131
5604,0.5651,2,5,2,673487,2957,122151,4105,0.023420669116715247,0.581280090625885
5605,0.5652,3,4,3,673491,2953,122154,4102,0.02338898745406159,0.5814316087880935
5606,0.5653,4,6,4,673497,2947,122158,4098,0.023341464960081104,0.5816891412349183
5607,0.5654,2,2,2,673499,2945,122160,4096,0.023325624128754278,0.5817355489277092
5608,0.5655,4,6,4,673505,2939,122164,4092,0.02327810163477379,0.5819940264542739
5609,0.5656,4,2,4,673507,2937,122168,4088,0.023262260803446965,0.5819217081850534
5610,0.5657,7,7,7,673514,2930,122175,4081,0.023206817893803067,0.5820852945371559
5611,0.5658,5,2,5,673516,2928,122180,4076,0.023190977062476237,0.5819531696173615
5612,0.5659,5,3,5,673519,2925,122185,4071,0.023167215815485996,0.5819039451114922
5613,0.566,3,5,3,673524,2920,122188,4068,0.02312761373716893,0.5821408128219805
5614,0.5661,9,8,9,673532,2912,122197,4059,0.023064250411861616,0.5822694018074882
5615,0.5662,5,3,5,673535,2909,122202,4054,0.02304048916487137,0.5822203073387907
5616,0.5663,6,3,6,673538,2906,122208,4048,0.02301672791788113,0.5821110152430256
5617,0.5664,6,5,6,673543,2901,122214,4042,0.02297712583956406,0.5821690911709636
5618,0.5665,5,1,5,673544,2900,122219,4037,0.022969205423900647,0.5819518523857575
5619,0.5666,6,3,6,673547,2897,122225,4031,0.022945444176910405,0.5818418013856813
5620,0.5667,5,2,5,673549,2895,122230,4026,0.022929603345583575,0.5817078456870395
5621,0.5668,2,5,2,673554,2890,122232,4024,0.022890001267266508,0.582007520971941
5622,0.5669,8,3,8,673557,2887,122240,4016,0.022866240020276263,0.581776039403158
5623,0.567,5,3,5,673560,2884,122245,4011,0.02284247877328602,0.581725888324873
5624,0.5671,5,2,5,673562,2882,122250,4006,0.022826637941959195,0.5815911730545877
5625,0.5672,4,10,4,673572,2872,122254,4002,0.022747433785325052,0.5821937736398022
5626,0.5673,3,1,3,673573,2871,122257,3999,0.02273951336966164,0.5820960698689956
5627,0.5674,3,5,3,673578,2866,122260,3996,0.02269991129134457,0.582337510929758
5628,0.5675,9,6,9,673584,2860,122269,3987,0.022652388797364087,0.5822988170001461
5629,0.5676,3,0,3,673584,2860,122272,3984,0.022652388797364087,0.5821157218001168
5630,0.5677,2,4,2,673588,2856,122274,3982,0.02262070713471043,0.5823340157940918
5631,0.5678,6,5,6,673593,2851,122280,3976,0.02258110505639336,0.582393437820419
5632,0.5679,5,6,5,673599,2845,122285,3971,0.022533582562412877,0.582599765258216
5633,0.568,0,5,0,673604,2840,122285,3971,0.022493980484095805,0.5830274555865511
5634,0.5681,6,5,6,673609,2835,122291,3965,0.022454378405778734,0.5830882352941177
5635,0.5682,3,6,3,673615,2829,122294,3962,0.02240685591179825,0.5834192313355913
5636,0.5683,9,2,9,673617,2827,122303,3953,0.02239101508047142,0.5830383480825959
5637,0.5684,4,5,4,673622,2822,122307,3949,0.022351413002154354,0.5832225668291242
5638,0.5685,8,3,8,673625,2819,122315,3941,0.022327651755164112,0.5829881656804734
5639,0.5686,4,6,4,673631,2813,122319,3937,0.022280129261183626,0.5832592592592593
5640,0.5687,2,1,2,673632,2812,122321,3935,0.022272208845520215,0.5832221728175485
5641,0.5688,3,8,3,673640,2804,122324,3932,0.022208845520212902,0.583729216152019
5642,0.5689,6,1,6,673641,2803,122330,3926,0.022200925104549487,0.5834447912022589
5643,0.569,5,1,5,673642,2802,122335,3921,0.022193004688886072,0.5832217759928603
5644,0.5691,5,2,5,673644,2800,122340,3916,0.022177163857559246,0.5830851697438951
5645,0.5692,2,2,2,673646,2798,122342,3914,0.022161323026232416,0.583134684147795
5646,0.5693,5,6,5,673652,2792,122347,3909,0.022113800532251933,0.583345769288166
5647,0.5694,4,3,4,673655,2789,122351,3905,0.02209003928526169,0.5833582312518674
5648,0.5695,4,4,4,673659,2785,122355,3901,0.022058357622608035,0.5834579718815435
5649,0.5696,5,1,5,673660,2784,122360,3896,0.02205043720694462,0.5832335329341317
5650,0.5697,6,5,6,673665,2779,122366,3890,0.02201083512862755,0.5832958464537412
5651,0.5698,4,5,4,673670,2774,122370,3886,0.02197123305031048,0.5834834834834834
5652,0.5699,8,7,8,673677,2767,122378,3878,0.021915790140666584,0.58359668924003
5653,0.57,4,3,4,673680,2764,122382,3874,0.02189202889367634,0.5836095209400421
5654,0.5701,4,2,4,673682,2762,122386,3870,0.021876188062349512,0.5835343787696019
5655,0.5702,5,4,5,673686,2758,122391,3865,0.021844506399695856,0.5835723992148573
5656,0.5703,3,4,3,673690,2754,122394,3862,0.0218128247370422,0.5837363966142685
5657,0.5704,5,5,5,673695,2749,122399,3857,0.02177322265872513,0.5838631547078413
5658,0.5705,2,2,2,673697,2747,122401,3855,0.021757381827398302,0.5839139654650106
5659,0.5706,3,2,3,673699,2745,122404,3852,0.021741540996071475,0.5839017735334243
5660,0.5707,2,4,2,673703,2741,122406,3850,0.02170985933341782,0.5841298740707025
5661,0.5708,11,4,11,673707,2737,122417,3839,0.021678177670764163,0.5837895377128953
5662,0.5709,8,5,8,673712,2732,122425,3831,0.02163857559244709,0.5837269541368276
5663,0.571,4,4,4,673716,2728,122429,3827,0.021606893929793435,0.5838291380625477
5664,0.5711,5,4,5,673720,2724,122434,3822,0.02157521226713978,0.5838680109990834
5665,0.5712,5,3,5,673723,2721,122439,3817,0.021551451020149538,0.5838176812480881
5666,0.5713,4,2,4,673725,2719,122443,3813,0.02153561018882271,0.5837415799142682
5667,0.5714,5,6,5,673731,2713,122448,3808,0.021488087694842225,0.5839595154117466
5668,0.5715,3,7,3,673738,2706,122451,3805,0.021432644785198327,0.5843956381508217
5669,0.5716,3,5,3,673743,2701,122454,3802,0.021393042706881256,0.5846532369675534
5670,0.5717,3,3,3,673746,2698,122457,3799,0.021369281459891015,0.5847314144989996
5671,0.5718,7,3,7,673749,2695,122464,3792,0.021345520212900773,0.584553722830276
5672,0.5719,3,5,3,673754,2690,122467,3789,0.021305918134583702,0.5848124710603488
5673,0.572,6,5,6,673759,2685,122473,3783,0.021266316056266634,0.5848794063079777
5674,0.5721,2,3,2,673762,2682,122475,3781,0.02124255480927639,0.5850224354015163
5675,0.5722,3,3,3,673765,2679,122478,3778,0.021218793562286148,0.5851014402973517
5676,0.5723,8,5,8,673770,2674,122486,3770,0.02117919148396908,0.58504034761018
5677,0.5724,7,5,7,673775,2669,122493,3763,0.02113958940565201,0.5850435323383084
5678,0.5725,4,3,4,673778,2666,122497,3759,0.021115828158661767,0.5850583657587549
5679,0.5726,4,7,4,673785,2659,122501,3755,0.02106038524901787,0.585438104147178
5680,0.5727,5,8,5,673793,2651,122506,3750,0.020997021923710557,0.5858459615685049
5681,0.5728,6,3,6,673796,2648,122512,3744,0.020973260676720316,0.5857321652065082
5682,0.5729,6,3,6,673799,2645,122518,3738,0.02094949942973007,0.5856180479398402
5683,0.573,3,4,3,673803,2641,122521,3735,0.020917817767076415,0.5857904642409034
5684,0.5731,6,2,6,673805,2639,122527,3729,0.020901976935749588,0.5855841708542714
5685,0.5732,4,3,4,673808,2636,122531,3725,0.020878215688759347,0.5855997484672222
5686,0.5733,5,2,5,673810,2634,122536,3720,0.020862374857432517,0.5854579792256847
5687,0.5734,1,6,1,673816,2628,122537,3719,0.020814852363452034,0.5859461162754057
5688,0.5735,3,1,3,673817,2627,122540,3716,0.02080693194778862,0.5858426612013243
5689,0.5736,4,4,4,673821,2623,122544,3712,0.020775250285134963,0.5859510655090766
5690,0.5737,4,0,4,673821,2623,122548,3708,0.020775250285134963,0.5856894645395672
5691,0.5738,6,8,6,673829,2615,122554,3702,0.02071188695982765,0.5860376761120785
5692,0.5739,6,3,6,673832,2612,122560,3696,0.02068812571283741,0.5859226379201015
5693,0.574,4,2,4,673834,2610,122564,3692,0.020672284881510582,0.585845763249762
5694,0.5741,4,5,4,673839,2605,122568,3688,0.02063268280319351,0.5860479898299699
5695,0.5742,2,2,2,673841,2603,122570,3686,0.020616841971866685,0.5861027190332326
5696,0.5743,2,4,2,673845,2599,122572,3684,0.02058516030921303,0.5863441031354448
5697,0.5744,2,4,2,673849,2595,122574,3682,0.020553478646559372,0.5865859487016091
5698,0.5745,7,5,7,673854,2590,122581,3675,0.0205138765682423,0.5865921787709497
5699,0.5746,4,5,4,673859,2585,122585,3671,0.020474274489925233,0.5867966751918159
5700,0.5747,3,4,3,673863,2581,122588,3668,0.020442592827271577,0.5869739158265322
5701,0.5748,3,1,3,673864,2580,122591,3665,0.02043467241160816,0.5868694955964772
5702,0.5749,0,5,0,673869,2575,122591,3665,0.02039507033329109,0.5873397435897436
5703,0.575,4,4,4,673873,2571,122595,3661,0.020363388670637434,0.5874518613607189
5704,0.5751,5,5,5,673878,2566,122600,3656,0.020323786592320366,0.5875924140147862
5705,0.5752,6,2,6,673880,2564,122606,3650,0.020307945760993536,0.587383327969102
5706,0.5753,7,2,7,673882,2562,122613,3643,0.02029210492966671,0.5871071716357776
5707,0.5754,2,5,2,673887,2557,122615,3641,0.02025250285134964,0.5874475637302355
5708,0.5755,8,6,8,673893,2551,122623,3633,0.020204980357369156,0.58748382923674
5709,0.5756,6,3,6,673896,2548,122629,3627,0.02018121911037891,0.5873684210526315
5710,0.5757,5,4,5,673900,2544,122634,3622,0.020149537447725258,0.5874148556600713
5711,0.5758,11,5,11,673905,2539,122645,3611,0.020109935369408187,0.5871544715447155
5712,0.5759,4,3,4,673908,2536,122649,3607,0.020086174122417946,0.5871723913397363
5713,0.576,4,3,4,673911,2533,122653,3603,0.0200624128754277,0.5871903520208605
5714,0.5761,3,2,3,673913,2531,122656,3600,0.020046572044100874,0.5871799053987931
5715,0.5762,5,3,5,673916,2528,122661,3595,0.020022810797110633,0.5871304915890904
5716,0.5763,6,1,6,673917,2527,122667,3589,0.020014890381447218,0.5868214519293656
5717,0.5764,4,1,4,673918,2526,122671,3585,0.020006969965783803,0.586647029945999
5718,0.5765,7,5,7,673923,2521,122678,3578,0.019967367887466735,0.5866535497622561
5719,0.5766,4,3,4,673926,2518,122682,3574,0.019943606640476494,0.5866710439921208
5720,0.5767,9,4,9,673930,2514,122691,3565,0.019911924977822838,0.5864451390031256
5721,0.5768,4,7,4,673937,2507,122695,3561,0.019856482068178936,0.5868490441661174
5722,0.5769,4,6,4,673943,2501,122699,3557,0.019808959574198454,0.5871574777154176
5723,0.577,5,3,5,673946,2498,122704,3552,0.019785198327208212,0.5871074380165289
5724,0.5771,3,3,3,673949,2495,122707,3549,0.01976143708021797,0.5871939113170086
5725,0.5772,2,3,2,673952,2492,122709,3547,0.019737675833227726,0.5873488988243086
5726,0.5773,7,3,7,673955,2489,122716,3540,0.019713914586237485,0.5871620500912258
5727,0.5774,4,0,4,673955,2489,122720,3536,0.019713914586237485,0.5868879668049792
5728,0.5775,3,3,3,673958,2486,122723,3533,0.019690153339247243,0.5869745804950989
5729,0.5776,3,4,3,673962,2482,122726,3530,0.019658471676593587,0.5871590153027278
5730,0.5777,2,3,2,673965,2479,122728,3528,0.019634710429603346,0.5873147994006992
5731,0.5778,6,4,6,673969,2475,122734,3522,0.01960302876694969,0.5872936468234117
5732,0.5779,2,4,2,673973,2471,122736,3520,0.019571347104296033,0.5875479886496411
5733,0.578,0,5,0,673978,2466,122736,3520,0.01953174502597896,0.5880387570998997
5734,0.5781,2,6,2,673984,2460,122738,3518,0.01948422253199848,0.5884911341585815
5735,0.5782,4,4,4,673988,2456,122742,3514,0.019452540869344823,0.5886097152428811
5736,0.5783,4,3,4,673991,2453,122746,3510,0.01942877962235458,0.588629884286433
5737,0.5784,3,4,3,673995,2449,122749,3507,0.019397097959700925,0.5888179986568166
5738,0.5785,5,3,5,673998,2446,122754,3502,0.019373336712710684,0.5887693342299932
5739,0.5786,4,5,4,674003,2441,122758,3498,0.019333734634393612,0.588988045125442
5740,0.5787,4,1,4,674004,2440,122762,3494,0.019325814218730197,0.5888102460397708
5741,0.5788,7,3,7,674007,2437,122769,3487,0.019302052971739956,0.5886225523295071
5742,0.5789,7,7,7,674014,2430,122776,3480,0.019246610062096058,0.5888324873096447
5743,0.579,2,5,2,674019,2425,122778,3478,0.019207007983778987,0.5891919363035745
5744,0.5791,5,3,5,674022,2422,122783,3473,0.019183246736788746,0.5891433418150975
5745,0.5792,9,6,9,674028,2416,122792,3464,0.019135724242808263,0.5891156462585034
5746,0.5793,6,7,6,674035,2409,122798,3458,0.019080281333164365,0.5893983296403613
5747,0.5794,2,6,2,674041,2403,122800,3456,0.01903275883918388,0.5898617511520737
5748,0.5795,7,6,7,674047,2397,122807,3449,0.018985236345203396,0.5899760520013685
5749,0.5796,5,2,5,674049,2395,122812,3444,0.01896939551387657,0.5898270251755438
5750,0.5797,7,3,7,674052,2392,122819,3437,0.018945634266886325,0.5896380168124893
5751,0.5798,4,2,4,674054,2390,122823,3433,0.0189297934355595,0.5895586467456637
5752,0.5799,6,2,6,674056,2388,122829,3427,0.01891395260423267,0.5893379191745486
5753,0.58,5,1,5,674057,2387,122834,3422,0.018906032188569257,0.589085901187812
5754,0.5801,5,4,5,674061,2383,122839,3417,0.0188743505259156,0.5891379310344828
5755,0.5802,2,5,2,674066,2378,122841,3415,0.01883474844759853,0.5895045744864492
5756,0.5803,8,4,8,674070,2374,122849,3407,0.018803066784944873,0.5893444040823387
5757,0.5804,5,8,5,674078,2366,122854,3402,0.01873970345963756,0.5898058252427184
5758,0.5805,4,6,4,674084,2360,122858,3398,0.018692180965657078,0.5901354637026746
5759,0.5806,4,3,4,674087,2357,122862,3394,0.018668419718666836,0.5901582333507216
5760,0.5807,1,4,1,674091,2353,122863,3393,0.01863673805601318,0.5904977375565611
5761,0.5808,6,8,6,674099,2345,122869,3387,0.018573374730705867,0.5908932309839497
5762,0.5809,5,1,5,674100,2344,122874,3382,0.018565454315042453,0.5906391896611946
5763,0.581,0,3,0,674103,2341,122874,3382,0.01854169306805221,0.5909488030753102
5764,0.5811,4,3,4,674106,2338,122878,3378,0.01851793182106197,0.5909727081875438
5765,0.5812,2,3,2,674109,2335,122880,3376,0.01849417057407173,0.5911399054456312
5766,0.5813,2,3,2,674112,2332,122882,3374,0.018470409327081484,0.5913073957237995
5767,0.5814,5,4,5,674116,2328,122887,3369,0.01843872766442783,0.5913638757240653
5768,0.5815,6,2,6,674118,2326,122893,3363,0.018422886833101,0.5911407980312885
5769,0.5816,8,2,8,674120,2324,122901,3355,0.018407046001774174,0.5907730234196161
5770,0.5817,5,5,5,674125,2319,122906,3350,0.018367443923457103,0.590933145175516
5771,0.5818,4,5,4,674130,2314,122910,3346,0.018327841845140032,0.5911660777385159
5772,0.5819,6,4,6,674134,2310,122916,3340,0.018296160182486376,0.5911504424778761
5773,0.582,2,7,2,674141,2303,122918,3338,0.018240717272842478,0.5917390533593334
5774,0.5821,4,1,4,674142,2302,122922,3334,0.018232796857179066,0.5915542938254081
5775,0.5822,7,3,7,674145,2299,122929,3327,0.01820903561018882,0.5913615357269819
5776,0.5823,2,0,2,674145,2299,122931,3325,0.01820903561018882,0.5912162162162162
5777,0.5824,4,2,4,674147,2297,122935,3321,0.018193194778861995,0.5911356354574582
5778,0.5825,3,3,3,674150,2294,122938,3318,0.018169433531871754,0.5912330719885959
5779,0.5826,5,2,5,674152,2292,122943,3313,0.018153592700544924,0.5910793933987512
5780,0.5827,6,3,6,674155,2289,122949,3307,0.018129831453554682,0.5909578270192996
5781,0.5828,5,5,5,674160,2284,122954,3302,0.01809022937523761,0.5911206587898318
5782,0.5829,6,5,6,674165,2279,122960,3296,0.018050627296920543,0.5912107623318386
5783,0.583,2,0,2,674165,2279,122962,3294,0.018050627296920543,0.5910640588551946
5784,0.5831,4,3,4,674168,2276,122966,3290,0.018026866049930302,0.5910887531440892
5785,0.5832,7,6,7,674174,2270,122973,3283,0.017979343555949816,0.5912119575004502
5786,0.5833,4,4,4,674178,2266,122977,3279,0.01794766189329616,0.5913435527502254
5787,0.5834,6,6,6,674184,2260,122983,3273,0.017900139399315677,0.5915416591360926
5788,0.5835,7,5,7,674189,2255,122990,3266,0.017860537320998605,0.5915595000905634
5789,0.5836,3,2,3,674191,2253,122993,3263,0.01784469648967178,0.5915518491660624
5790,0.5837,5,2,5,674193,2251,122998,3258,0.01782885565834495,0.591395897622073
5791,0.5838,0,4,0,674197,2247,122998,3258,0.017797173995691293,0.591825613079019
5792,0.5839,5,2,5,674199,2245,123003,3253,0.017781333164364466,0.5916696980720262
5793,0.584,2,2,2,674201,2243,123005,3251,0.017765492333037636,0.5917364397524573
5794,0.5841,4,3,4,674204,2240,123009,3247,0.017741731086047395,0.5917623473665027
5795,0.5842,3,3,3,674207,2237,123012,3244,0.017717969839057154,0.5918627987593504
5796,0.5843,7,4,7,674211,2233,123019,3237,0.017686288176403497,0.5917733089579524
5797,0.5844,1,1,1,674212,2232,123020,3236,0.017678367760740082,0.5918068763716167
5798,0.5845,4,1,4,674213,2231,123024,3232,0.01767044734507667,0.5916163280248947
5799,0.5846,2,6,2,674219,2225,123026,3230,0.017622924851096185,0.5921173235563703
5800,0.5847,3,4,3,674223,2221,123029,3227,0.01759124318844253,0.5923274596182085
5801,0.5848,2,6,2,674229,2215,123031,3225,0.017543720694462046,0.5928308823529411
5802,0.5849,3,1,3,674230,2214,123034,3222,0.01753580027879863,0.5927152317880795
5803,0.585,2,3,2,674233,2211,123036,3220,0.01751203903180839,0.5928926532866875
5804,0.5851,3,2,3,674235,2209,123039,3217,0.017496198200481563,0.5928861039439735
5805,0.5852,5,6,5,674241,2203,123044,3212,0.017448675706501077,0.5931671283471838
5806,0.5853,1,4,1,674245,2199,123045,3211,0.01741699404384742,0.5935304990757856
5807,0.5854,7,4,7,674249,2195,123052,3204,0.017385312381193764,0.59344323022782
5808,0.5855,1,5,1,674254,2190,123053,3203,0.017345710302876696,0.5939180419061747
5809,0.5856,2,5,2,674259,2185,123055,3201,0.017306108224559625,0.5943186037875975
5810,0.5857,4,0,4,674259,2185,123059,3197,0.017306108224559625,0.594017094017094
5811,0.5858,3,2,3,674261,2183,123062,3194,0.0172902673932328,0.5940115305932676
5812,0.5859,2,3,2,674264,2180,123064,3192,0.017266506146242554,0.5941921072226359
5813,0.586,4,4,4,674268,2176,123068,3188,0.017234824483588897,0.5943325876211782
5814,0.5861,1,3,1,674271,2173,123069,3187,0.017211063236598656,0.5945895522388059
5815,0.5862,4,4,4,674275,2169,123073,3183,0.017179381573945,0.5947309417040358
5816,0.5863,4,4,4,674279,2165,123077,3179,0.017147699911291343,0.594872754491018
5817,0.5864,4,3,4,674282,2162,123081,3175,0.017123938664301102,0.5949035038411092
5818,0.5865,2,4,2,674286,2158,123083,3173,0.017092257001647446,0.5951978990808479
5819,0.5866,6,1,6,674287,2157,123089,3167,0.01708433658598403,0.5948534936138242
5820,0.5867,4,2,4,674289,2155,123093,3163,0.017068495754657204,0.5947724708537044
5821,0.5868,4,3,4,674292,2152,123097,3159,0.017044734507666963,0.5948032385614762
5822,0.5869,5,3,5,674295,2149,123102,3154,0.01702097326067672,0.5947576843296247
5823,0.587,3,3,3,674298,2146,123105,3151,0.016997212013686477,0.59486501793468
5824,0.5871,3,3,3,674301,2143,123108,3148,0.016973450766696235,0.594972594972595
5825,0.5872,3,2,3,674303,2141,123111,3145,0.01695760993536941,0.5949678395762391
5826,0.5873,6,0,6,674303,2141,123117,3139,0.01695760993536941,0.5945075757575757
5827,0.5874,4,4,4,674307,2137,123121,3135,0.016925928272715753,0.5946509863429439
5828,0.5875,3,6,3,674313,2131,123124,3132,0.016878405778735266,0.595097852935588
5829,0.5876,4,2,4,674315,2129,123128,3128,0.01686256494740844,0.5950161689176336
5830,0.5877,7,8,7,674323,2121,123135,3121,0.016799201622101127,0.595383441434567
5831,0.5878,2,3,2,674326,2118,123137,3119,0.016775440375110886,0.5955699828145885
5832,0.5879,4,4,4,674330,2114,123141,3115,0.01674375871245723,0.5957161981258366
5833,0.588,3,3,3,674333,2111,123144,3112,0.016719997465466988,0.5958261535515987
5834,0.5881,1,7,1,674340,2104,123145,3111,0.01666455455582309,0.5965484180249281
5835,0.5882,6,5,6,674345,2099,123151,3105,0.01662495247750602,0.5966564181398923
5836,0.5883,6,7,6,674352,2092,123157,3099,0.01656950956786212,0.5969947986900405
5837,0.5884,1,2,1,674354,2090,123158,3098,0.01655366873653529,0.5971472629144179
5838,0.5885,4,1,4,674355,2089,123162,3094,0.01654574832087188,0.5969515724483889
5839,0.5886,4,5,4,674360,2084,123166,3090,0.01650614624255481,0.5972168534982605
5840,0.5887,4,3,4,674363,2081,123170,3086,0.016482384995564568,0.5972517902070834
5841,0.5888,3,1,3,674364,2080,123173,3083,0.016474464579901153,0.5971334495448383
5842,0.5889,6,2,6,674366,2078,123179,3077,0.016458623748574326,0.5968962172647915
5843,0.589,7,0,7,674366,2078,123186,3070,0.016458623748574326,0.5963480963480964
5844,0.5891,6,2,6,674368,2076,123192,3064,0.016442782917247496,0.5961089494163424
5845,0.5892,1,4,1,674372,2072,123193,3063,0.01641110125459384,0.5964946445959104
5846,0.5893,5,5,5,674377,2067,123198,3058,0.016371499176276772,0.5966829268292683
5847,0.5894,6,5,6,674382,2062,123204,3052,0.0163318970979597,0.5967931169339069
5848,0.5895,5,5,5,674387,2057,123209,3047,0.01629229501964263,0.5969827586206896
5849,0.5896,4,3,4,674390,2054,123213,3043,0.016268533772652388,0.5970178536393957
5850,0.5897,2,5,2,674395,2049,123215,3041,0.01622893169433532,0.5974459724950885
5851,0.5898,2,4,2,674399,2045,123217,3039,0.016197250031681664,0.5977576711250984
5852,0.5899,4,5,4,674404,2040,123221,3035,0.016157647953364593,0.5980295566502463
5853,0.59,8,3,8,674407,2037,123229,3027,0.01613388670637435,0.5977488151658767
5854,0.5901,3,3,3,674410,2034,123232,3024,0.01611012545938411,0.597864768683274
5855,0.5902,2,2,2,674412,2032,123234,3022,0.01609428462805728,0.5979422239810052
5856,0.5903,2,0,2,674412,2032,123236,3020,0.01609428462805728,0.5977830562153602
5857,0.5904,4,3,4,674415,2029,123240,3016,0.01607052338106704,0.5978196233894946
5858,0.5905,2,1,2,674416,2028,123242,3014,0.016062602965403624,0.5977786592621975
5859,0.5906,3,5,3,674421,2023,123245,3011,0.016023000887086553,0.5981326976559396
5860,0.5907,2,6,2,674427,2017,123247,3009,0.01597547839310607,0.5986868284918424
5861,0.5908,5,2,5,674429,2015,123252,3004,0.015959637561779243,0.5985256027097031
5862,0.5909,3,1,3,674430,2014,123255,3001,0.01595171714611583,0.5984047856430708
5863,0.591,7,4,7,674434,2010,123262,2994,0.015920035483462172,0.5983213429256595
5864,0.5911,4,4,4,674438,2006,123266,2990,0.015888353820808516,0.5984787830264211
5865,0.5912,2,2,2,674440,2004,123268,2988,0.01587251298948169,0.5985576923076923
5866,0.5913,3,5,3,674445,1999,123271,2985,0.015832910911164618,0.598916532905297
5867,0.5914,4,4,4,674449,1995,123275,2981,0.015801229248510962,0.5990755627009646
5868,0.5915,5,4,5,674453,1991,123280,2976,0.015769547585857305,0.5991544191664989
5869,0.5916,3,2,3,674455,1989,123283,2973,0.01575370675453048,0.5991535671100363
5870,0.5917,4,2,4,674457,1987,123287,2969,0.01573786592320365,0.5990718321226796
5871,0.5918,6,3,6,674460,1984,123293,2963,0.015714104676213408,0.5989488578936729
5872,0.5919,6,2,6,674462,1982,123299,2957,0.01569826384488658,0.5987041911318081
5873,0.592,2,7,2,674469,1975,123301,2955,0.01564282093524268,0.5993914807302231
5874,0.5921,5,2,5,674471,1973,123306,2950,0.015626980103915854,0.5992281129392647
5875,0.5922,5,4,5,674475,1969,123311,2945,0.015595298441262197,0.5993080993080994
5876,0.5923,10,1,10,674476,1968,123321,2935,0.015587378025598784,0.5986130940240669
5877,0.5924,5,3,5,674479,1965,123326,2930,0.015563616778608541,0.5985699693564862
5878,0.5925,3,3,3,674482,1962,123329,2927,0.0155398555316183,0.5986909388422991
5879,0.5926,2,0,2,674482,1962,123331,2925,0.0155398555316183,0.5985267034990792
5880,0.5927,5,6,5,674488,1956,123336,2920,0.015492333037637815,0.5988515176374077
5881,0.5928,1,5,1,674493,1951,123337,2919,0.015452730959320746,0.5993839835728952
5882,0.5929,4,3,4,674496,1948,123341,2915,0.015428969712330503,0.5994242237302077
5883,0.593,4,5,4,674501,1943,123345,2911,0.015389367634013433,0.599711578079934
5884,0.5931,5,4,5,674505,1939,123350,2906,0.015357685971359777,0.5997936016511868
5885,0.5932,3,5,3,674510,1934,123353,2903,0.015318083893042707,0.6001653917717593
5886,0.5933,8,1,8,674511,1933,123361,2895,0.015310163477379292,0.5996271748135874
5887,0.5934,3,5,3,674516,1928,123364,2892,0.015270561399062223,0.6
5888,0.5935,4,4,4,674520,1924,123368,2888,0.015238879736408566,0.600166251039069
5889,0.5936,3,2,3,674522,1922,123371,2885,0.015223038905081738,0.6001664239650509
5890,0.5937,5,3,5,674525,1919,123376,2880,0.015199277658091497,0.6001250260470932
5891,0.5938,8,4,8,674529,1915,123384,2872,0.01516759599543784,0.5999582201796533
5892,0.5939,5,1,5,674530,1914,123389,2867,0.015159675579774427,0.5996653419786655
5893,0.594,1,7,1,674537,1907,123390,2866,0.015104232670130528,0.6004609260423214
5894,0.5941,3,4,3,674541,1903,123393,2863,0.015072551007476872,0.6007133864876206
5895,0.5942,4,3,4,674544,1900,123397,2859,0.01504878976048663,0.6007564614414793
5896,0.5943,5,2,5,674546,1898,123402,2854,0.015032948929159802,0.6005892255892256
5897,0.5944,1,2,1,674548,1896,123403,2853,0.015017108097832974,0.6007580543272267
5898,0.5945,8,5,8,674553,1891,123411,2845,0.014977506019515904,0.6007179054054054
5899,0.5946,2,0,2,674553,1891,123413,2843,0.014977506019515904,0.6005492184199408
5900,0.5947,1,3,1,674556,1888,123414,2842,0.014953744772525663,0.600845665961945
5901,0.5948,4,1,4,674557,1887,123418,2838,0.014945824356862248,0.6006349206349206
5902,0.5949,3,2,3,674559,1885,123421,2835,0.01492998352553542,0.600635593220339
5903,0.595,4,5,4,674564,1880,123425,2831,0.01489038144721835,0.6009339842920823
5904,0.5951,3,2,3,674566,1878,123428,2828,0.014874540615891522,0.6009349766255844
5905,0.5952,2,3,2,674569,1875,123430,2826,0.01485077936890128,0.601148691767709
5906,0.5953,3,3,3,674572,1872,123433,2823,0.014827018121911038,0.6012779552715655
5907,0.5954,3,2,3,674574,1870,123436,2820,0.01481117729058421,0.6012793176972282
5908,0.5955,1,3,1,674577,1867,123437,2819,0.014787416043593968,0.6015791720017072
5909,0.5956,2,2,2,674579,1865,123439,2817,0.01477157521226714,0.601665954720205
5910,0.5957,3,3,3,674582,1862,123442,2814,0.014747813965276899,0.6017964071856288
5911,0.5958,7,3,7,674585,1859,123449,2807,0.014724052718286655,0.6015859408486927
5912,0.5959,3,0,3,674585,1859,123452,2804,0.014724052718286655,0.6013296161269569
5913,0.596,2,2,2,674587,1857,123454,2802,0.014708211886959827,0.601416613007083
5914,0.5961,2,3,2,674590,1854,123456,2800,0.014684450639969586,0.6016330038676407
5915,0.5962,7,2,7,674592,1852,123463,2793,0.014668609808642758,0.6012917115177611
5916,0.5963,4,2,4,674594,1850,123467,2789,0.01465276897731593,0.6012071567148092
5917,0.5964,3,1,3,674595,1849,123470,2786,0.014644848561652515,0.6010787486515642
5918,0.5965,0,2,0,674597,1847,123470,2786,0.014629007730325688,0.6013382257716382
5919,0.5966,2,5,2,674602,1842,123472,2784,0.014589405652008617,0.6018158236057068
5920,0.5967,4,1,4,674603,1841,123476,2780,0.014581485236345204,0.6016013849816058
5921,0.5968,0,3,0,674606,1838,123476,2780,0.01455772398935496,0.6019922044174968
5922,0.5969,5,3,5,674609,1835,123481,2775,0.01453396274236472,0.6019522776572668
5923,0.597,4,4,4,674613,1831,123485,2771,0.014502281079711063,0.6021295089091699
5924,0.5971,2,5,2,674618,1826,123487,2769,0.014462679001393993,0.6026115342763874
5925,0.5972,6,1,6,674619,1825,123493,2763,0.014454758585730578,0.6022231909328684
5926,0.5973,1,6,1,674625,1819,123494,2762,0.014407236091750096,0.6029251255184458
5927,0.5974,2,4,2,674629,1815,123496,2760,0.01437555442909644,0.6032786885245902
5928,0.5975,5,0,5,674629,1815,123501,2755,0.01437555442909644,0.6028446389496718
5929,0.5976,3,1,3,674630,1814,123504,2752,0.014367634013433024,0.6027157249233465
5930,0.5977,5,1,5,674631,1813,123509,2747,0.014359713597769611,0.6024122807017543
5931,0.5978,0,1,0,674632,1812,123509,2747,0.014351793182106196,0.6025444176354464
5932,0.5979,3,5,3,674637,1807,123512,2744,0.014312191103789127,0.6029444078224566
5933,0.598,1,1,1,674638,1806,123513,2743,0.014304270688125714,0.6029896680589141
5934,0.5981,2,4,2,674642,1802,123515,2741,0.014272589025472057,0.6033458067356372
5935,0.5982,5,4,5,674646,1798,123520,2736,0.014240907362818401,0.6034406704896339
5936,0.5983,3,2,3,674648,1796,123523,2733,0.014225066531491573,0.6034444689776993
5937,0.5984,6,4,6,674652,1792,123529,2727,0.014193384868837916,0.6034520911706129
5938,0.5985,2,6,2,674658,1786,123531,2725,0.014145862374857432,0.6040789181999556
5939,0.5986,4,1,4,674659,1785,123535,2721,0.014137941959194019,0.6038615179760319
5940,0.5987,7,1,7,674660,1784,123542,2714,0.014130021543530604,0.6033792796798577
5941,0.5988,2,2,2,674662,1782,123544,2712,0.014114180712203776,0.6034712950600801
5942,0.5989,3,4,3,674666,1778,123547,2709,0.014082499049550121,0.6037441497659907
5943,0.599,6,4,6,674670,1774,123553,2703,0.014050817386896465,0.6037525128434219
5944,0.5991,6,3,6,674673,1771,123559,2697,0.014027056139906222,0.6036257833482542
5945,0.5992,5,3,5,674676,1768,123564,2692,0.01400329489291598,0.6035874439461884
5946,0.5993,6,5,6,674681,1763,123570,2686,0.01396369281459891,0.6037311755450663
5947,0.5994,3,1,3,674682,1762,123573,2683,0.013955772398935496,0.603599550056243
5948,0.5995,6,2,6,674684,1760,123579,2677,0.013939931567608668,0.6033355871084066
5949,0.5996,2,4,2,674688,1756,123581,2675,0.013908249904955011,0.6037011961182577
5950,0.5997,2,2,2,674690,1754,123583,2673,0.013892409073628185,0.6037948949627288
5951,0.5998,3,4,3,674694,1750,123586,2670,0.013860727410974528,0.6040723981900452
5952,0.5999,1,2,1,674696,1748,123587,2669,0.0138448865796477,0.6042562825447136
5953,0.6,0,1,0,674697,1747,123587,2669,0.013836966163984285,0.6043931159420289
5954,0.6001,3,4,3,674701,1743,123590,2666,0.013805284501330629,0.6046722612837379
5955,0.6002,5,2,5,674703,1741,123595,2661,0.013789443670003803,0.6044979554747842
5956,0.6003,4,4,4,674707,1737,123599,2657,0.013757762007350146,0.6046882111970869
5957,0.6004,2,1,2,674708,1736,123601,2655,0.013749841591686731,0.6046458665452061
5958,0.6005,3,1,3,674709,1735,123604,2652,0.013741921176023318,0.6045133348529746
5959,0.6006,2,3,2,674712,1732,123606,2650,0.013718159929033075,0.6047466910086718
5960,0.6007,4,2,4,674714,1730,123610,2646,0.013702319097706247,0.6046617915904936
5961,0.6008,2,0,2,674714,1730,123612,2644,0.013702319097706247,0.6044810242341107
5962,0.6009,3,1,3,674715,1729,123615,2641,0.013694398682042834,0.6043478260869565
5963,0.601,5,3,5,674718,1726,123620,2636,0.013670637435052592,0.60430994956442
5964,0.6011,4,5,4,674723,1721,123624,2632,0.013631035356735521,0.6046404778313806
5965,0.6012,3,3,3,674726,1718,123627,2629,0.01360727410974528,0.6047849091327352
5966,0.6013,1,3,1,674729,1715,123628,2628,0.013583512862755037,0.6051116739580935
5967,0.6014,3,1,3,674730,1714,123631,2625,0.013575592447091623,0.6049781055542752
5968,0.6015,3,3,3,674733,1711,123634,2622,0.013551831200101382,0.6051234710362335
5969,0.6016,5,5,5,674738,1706,123639,2617,0.01351222912178431,0.6053666435345825
5970,0.6017,3,2,3,674740,1704,123642,2614,0.013496388290457483,0.6053728578045391
5971,0.6018,4,0,4,674740,1704,123646,2610,0.013496388290457483,0.6050069541029207
5972,0.6019,7,1,7,674741,1703,123653,2603,0.01348846787479407,0.6045053413841152
5973,0.602,5,3,5,674744,1700,123658,2598,0.013464706627803828,0.6044671940437413
5974,0.6021,3,4,3,674748,1696,123661,2595,0.013433024965150172,0.6047541365649033
5975,0.6022,1,4,1,674752,1692,123662,2594,0.013401343302496515,0.6052263182454503
5976,0.6023,4,0,4,674752,1692,123666,2590,0.013401343302496515,0.6048575432041102
5977,0.6024,3,2,3,674754,1690,123669,2587,0.013385502471169687,0.6048632218844985
5978,0.6025,3,5,3,674759,1685,123672,2584,0.013345900392852618,0.605293979854767
5979,0.6026,5,5,5,674764,1680,123677,2579,0.013306298314535546,0.6055412068560695
5980,0.6027,5,2,5,674766,1678,123682,2574,0.013290457483208718,0.6053621825023519
5981,0.6028,1,2,1,674768,1676,123683,2573,0.01327461665188189,0.6055542480583667
5982,0.6029,3,4,3,674772,1672,123686,2570,0.013242934989228235,0.6058462989156058
5983,0.603,5,1,5,674773,1671,123691,2565,0.01323501457356482,0.6055240793201133
5984,0.6031,2,3,2,674776,1668,123693,2563,0.013211253326574579,0.6057669581659182
5985,0.6032,3,3,3,674779,1665,123696,2560,0.013187492079584336,0.6059171597633136
5986,0.6033,4,2,4,674781,1663,123700,2556,0.013171651248257508,0.6058307655842616
5987,0.6034,2,3,2,674784,1660,123702,2554,0.013147890001267266,0.6060749881347888
5988,0.6035,5,1,5,674785,1659,123707,2549,0.013139969585603853,0.6057509505703422
5989,0.6036,1,1,1,674786,1658,123708,2548,0.013132049169940438,0.6058012363290537
5990,0.6037,5,2,5,674788,1656,123713,2543,0.01311620833861361,0.6056203858061443
5991,0.6038,3,6,3,674794,1650,123716,2540,0.013068685844633126,0.6062052505966588
5992,0.6039,2,4,2,674798,1646,123718,2538,0.013037004181979471,0.6065965583173997
5993,0.604,3,2,3,674800,1644,123721,2535,0.013021163350652643,0.6066044508255564
5994,0.6041,2,3,2,674803,1641,123723,2533,0.0129974021036624,0.6068519405845711
5995,0.6042,2,4,2,674807,1637,123725,2531,0.012965720441008743,0.6072456813819578
5996,0.6043,3,0,3,674807,1637,123728,2528,0.012965720441008743,0.6069627851140457
5997,0.6044,4,6,4,674813,1631,123732,2524,0.01291819794702826,0.6074608904933815
5998,0.6045,3,4,3,674817,1627,123735,2521,0.012886516284374604,0.6077627772420443
5999,0.6046,1,1,1,674818,1626,123736,2520,0.01287859586871119,0.6078147612156295
6000,0.6047,3,1,3,674819,1625,123739,2517,0.012870675453047776,0.6076774505070014
6001,0.6048,3,2,3,674821,1623,123742,2514,0.012854834621720948,0.6076867295141407
6002,0.6049,1,5,1,674826,1618,123743,2513,0.012815232543403879,0.6083272815298959
6003,0.605,6,6,6,674832,1612,123749,2507,0.012767710049423394,0.608642874484098
6004,0.6051,4,3,4,674835,1609,123753,2503,0.012743948802433151,0.6087062256809338
6005,0.6052,3,3,3,674838,1606,123756,2500,0.01272018755544291,0.6088650754992694
6006,0.6053,2,4,2,674842,1602,123758,2498,0.012688505892789253,0.6092682926829268
6007,0.6054,5,4,5,674846,1598,123763,2493,0.012656824230135597,0.6093864580787094
6008,0.6055,1,1,1,674847,1597,123764,2492,0.012648903814472184,0.6094399608706285
6009,0.6056,5,3,5,674850,1594,123769,2487,0.012625142567481942,0.6094094584660622
6010,0.6057,1,2,1,674852,1592,123770,2486,0.012609301736155114,0.609612555174105
6011,0.6058,5,1,5,674853,1591,123775,2481,0.0126013813204917,0.6092829076620825
6012,0.6059,3,1,3,674854,1590,123778,2478,0.012593460904828286,0.6091445427728613
6013,0.606,1,6,1,674860,1584,123779,2477,0.012545938410847801,0.6099482885988673
6014,0.6061,4,2,4,674862,1582,123783,2473,0.012530097579520973,0.6098643649815043
6015,0.6062,3,1,3,674863,1581,123786,2470,0.012522177163857558,0.6097259935818317
6016,0.6063,3,0,3,674863,1581,123789,2467,0.012522177163857558,0.6094367588932806
6017,0.6064,6,3,6,674866,1578,123795,2461,0.012498415916867317,0.6093092349591483
6018,0.6065,4,2,4,674868,1576,123799,2457,0.012482575085540489,0.6092239028018844
6019,0.6066,1,0,1,674868,1576,123800,2456,0.012482575085540489,0.6091269841269841
6020,0.6067,1,1,1,674869,1575,123801,2455,0.012474654669877076,0.609181141439206
6021,0.6068,2,1,2,674870,1574,123803,2453,0.01246673425421366,0.6091383163645394
6022,0.6069,7,2,7,674872,1572,123810,2446,0.012450893422886833,0.6087605774016924
6023,0.607,4,2,4,674874,1570,123814,2442,0.012435052591560004,0.6086739780658026
6024,0.6071,2,2,2,674876,1568,123816,2440,0.012419211760233176,0.6087824351297405
6025,0.6072,5,5,5,674881,1563,123821,2435,0.012379609681916107,0.6090545272636319
6026,0.6073,3,1,3,674882,1562,123824,2432,0.012371689266252693,0.6089133700550826
6027,0.6074,5,3,5,674885,1559,123829,2427,0.01234792801926245,0.6088810837932764
6028,0.6075,2,1,2,674886,1558,123831,2425,0.012340007603599037,0.6088375596284208
6029,0.6076,5,4,5,674890,1554,123836,2420,0.01230832594094538,0.6089582284851535
6030,0.6077,2,4,2,674894,1550,123838,2418,0.012276644278291724,0.609375
6031,0.6078,5,3,5,674897,1547,123843,2413,0.012252883031301483,0.6093434343434343
6032,0.6079,3,1,3,674898,1546,123846,2410,0.012244962615638068,0.609201213346815
6033,0.608,1,4,1,674902,1542,123847,2409,0.012213280952984412,0.6097190584662111
6034,0.6081,0,5,0,674907,1537,123847,2409,0.012173678874667342,0.6104916371008616
6035,0.6082,5,4,5,674911,1533,123852,2404,0.012141997212013686,0.6106172212344425
6036,0.6083,2,3,2,674914,1530,123854,2402,0.012118235965023445,0.6108850457782299
6037,0.6084,0,3,0,674917,1527,123854,2402,0.012094474718033203,0.6113514889284806
6038,0.6085,7,1,7,674918,1526,123861,2395,0.012086554302369788,0.6108135679673553
6039,0.6086,2,6,2,674924,1520,123863,2393,0.012039031808389304,0.6115512394582162
6040,0.6087,2,4,2,674928,1516,123865,2391,0.012007350145735647,0.6119785001279754
6041,0.6088,4,2,4,674930,1514,123869,2387,0.01199150931440882,0.6118943860548577
6042,0.6089,1,1,1,674931,1513,123870,2386,0.011983588898745406,0.6119517825083355
6043,0.609,3,3,3,674934,1510,123873,2383,0.011959827651755165,0.6121243257128178
6044,0.6091,1,3,1,674937,1507,123874,2382,0.011936066404764922,0.6124967858061198
6045,0.6092,5,2,5,674939,1505,123879,2377,0.011920225573438093,0.61231324059763
6046,0.6093,3,1,3,674940,1504,123882,2374,0.01191230515777468,0.6121712222795255
6047,0.6094,3,5,3,674945,1499,123885,2371,0.01187270307945761,0.6126614987080103
6048,0.6095,7,4,7,674949,1495,123892,2364,0.011841021416803954,0.6125939362529152
6049,0.6096,6,2,6,674951,1493,123898,2358,0.011825180585477126,0.6123084913009608
6050,0.6097,2,2,2,674953,1491,123900,2356,0.011809339754150298,0.6124252664413828
6051,0.6099,4,3,4,674956,1488,123904,2352,0.011785578507160055,0.6125
6052,0.61,5,5,5,674961,1483,123909,2347,0.011745976428842985,0.6127937336814622
6053,0.6101,5,1,5,674962,1482,123914,2342,0.011738056013179572,0.6124476987447699
6054,0.6102,2,4,2,674966,1478,123916,2340,0.011706374350525916,0.6128863279203771
6055,0.6103,2,0,2,674966,1478,123918,2338,0.011706374350525916,0.6126834381551363
6056,0.6104,2,1,2,674967,1477,123920,2336,0.011698453934862501,0.6126409651193286
6057,0.6105,4,3,4,674970,1474,123924,2332,0.01167469268787226,0.6127167630057804
6058,0.6106,5,2,5,674972,1472,123929,2327,0.011658851856545431,0.6125296130560673
6059,0.6107,1,4,1,674976,1468,123930,2326,0.011627170193891775,0.6130732735898787
6060,0.6108,0,3,0,674979,1465,123930,2326,0.011603408946901534,0.6135584278554471
6061,0.6109,10,1,10,674980,1464,123940,2316,0.011595488531238119,0.6126984126984127
6062,0.611,1,0,1,674980,1464,123941,2315,0.011595488531238119,0.6125959248478433
6063,0.6111,4,0,4,674980,1464,123945,2311,0.011595488531238119,0.6121854304635762
6064,0.6112,3,2,3,674982,1462,123948,2308,0.01157964769991129,0.6122015915119363
6065,0.6113,1,4,1,674986,1458,123949,2307,0.011547966037257636,0.6127490039840637
6066,0.6114,2,2,2,674988,1456,123951,2305,0.011532125205930808,0.6128689178409997
6067,0.6115,4,5,4,674993,1451,123955,2301,0.011492523127613737,0.613272921108742
6068,0.6116,4,2,4,674995,1449,123959,2297,0.011476682296286908,0.6131873998932195
6069,0.6117,4,6,4,675001,1443,123963,2293,0.011429159802306426,0.6137580299785867
6070,0.6118,5,1,5,675002,1442,123968,2288,0.01142123938664301,0.6134048257372654
6071,0.6119,2,3,2,675005,1439,123970,2286,0.01139747813965277,0.6136912751677852
6072,0.612,5,2,5,675007,1437,123975,2281,0.011381637308325941,0.6135018827326519
6073,0.6121,2,1,2,675008,1436,123977,2279,0.011373716892662526,0.6134589502018842
6074,0.6122,0,6,0,675014,1430,123977,2279,0.011326194398682043,0.6144513345915341
6075,0.6123,4,0,4,675014,1430,123981,2275,0.011326194398682043,0.6140350877192983
6076,0.6124,4,5,4,675019,1425,123985,2271,0.011286592320364972,0.614448051948052
6077,0.6125,2,0,2,675019,1425,123987,2269,0.011286592320364972,0.6142393069842988
6078,0.6126,3,3,3,675022,1422,123990,2266,0.01126283107337473,0.6144251626898047
6079,0.6127,3,2,3,675024,1420,123993,2263,0.011246990242047903,0.6144447461308715
6080,0.6128,8,4,8,675028,1416,124001,2255,0.011215308579394246,0.6142740397711796
6081,0.6129,6,1,6,675029,1415,124007,2249,0.011207388163730833,0.6138100436681223
6082,0.613,6,2,6,675031,1413,124013,2243,0.011191547332404005,0.6135120350109409
6083,0.6131,4,6,4,675037,1407,124017,2239,0.01114402483842352,0.6140976412506857
6084,0.6132,3,2,3,675039,1405,124020,2236,0.011128184007096692,0.6141170008239495
6085,0.6133,5,2,5,675041,1403,124025,2231,0.011112343175769864,0.6139240506329114
6086,0.6134,1,2,1,675043,1401,124026,2230,0.011096502344443036,0.6141558799228862
6087,0.6135,0,1,0,675044,1400,124026,2230,0.011088581928779623,0.6143250688705234
6088,0.6136,4,0,4,675044,1400,124030,2226,0.011088581928779623,0.6138996138996139
6089,0.6137,7,2,7,675046,1398,124037,2219,0.011072741097452795,0.6134918440696709
6090,0.6138,7,6,7,675052,1392,124044,2212,0.01102521860347231,0.6137624861265261
6091,0.6139,4,2,4,675054,1390,124048,2208,0.011009377772145482,0.613674263479711
6092,0.614,3,2,3,675056,1388,124051,2205,0.010993536940818654,0.6136932925132201
6093,0.6141,5,0,5,675056,1388,124056,2200,0.010993536940818654,0.6131549609810479
6094,0.6142,2,0,2,675056,1388,124058,2198,0.010993536940818654,0.6129392080312326
6095,0.6143,2,4,2,675060,1384,124060,2196,0.010961855278164997,0.6134078212290502
6096,0.6144,5,2,5,675062,1382,124065,2191,0.01094601444683817,0.6132101875174923
6097,0.6145,2,2,2,675064,1380,124067,2189,0.010930173615511341,0.6133370692070608
6098,0.6146,3,2,3,675066,1378,124070,2186,0.010914332784184515,0.6133557800224467
6099,0.6147,2,1,2,675067,1377,124072,2184,0.0109064123685211,0.6133108677337826
6100,0.6148,0,4,0,675071,1373,124072,2184,0.010874730705867443,0.6140005622715772
6101,0.6149,3,3,3,675074,1370,124075,2181,0.010850969458877202,0.6141931850183047
6102,0.615,3,3,3,675077,1367,124078,2178,0.010827208211886959,0.6143864598025388
6103,0.6151,3,4,3,675081,1363,124081,2175,0.010795526549233304,0.6147540983606558
6104,0.6152,7,1,7,675082,1362,124088,2168,0.01078760613356989,0.6141643059490085
6105,0.6153,2,2,2,675084,1360,124090,2166,0.010771765302243061,0.6142938173567782
6106,0.6154,5,2,5,675086,1358,124095,2161,0.010755924470916233,0.6140949133276499
6107,0.6155,1,0,1,675086,1358,124096,2160,0.010755924470916233,0.6139852188743604
6108,0.6156,3,1,3,675087,1357,124099,2157,0.01074800405525282,0.6138303927148548
6109,0.6157,4,1,4,675088,1356,124103,2153,0.010740083639589405,0.6135651182673126
6110,0.6158,3,4,3,675092,1352,124106,2150,0.01070840197693575,0.613934894346088
6111,0.6159,5,2,5,675094,1350,124111,2145,0.010692561145608922,0.6137339055793991
6112,0.616,1,4,1,675098,1346,124112,2144,0.010660879482955266,0.6143266475644699
6113,0.6161,3,1,3,675099,1345,124115,2141,0.010652959067291851,0.6141709695926564
6114,0.6162,3,5,3,675104,1340,124118,2138,0.010613356988974781,0.6147211040828062
6115,0.6163,2,3,2,675107,1337,124120,2136,0.01058959574198454,0.615030233227757
6116,0.6164,0,2,0,675109,1335,124120,2136,0.010573754910657712,0.6153846153846154
6117,0.6165,5,0,5,675109,1335,124125,2131,0.010573754910657712,0.6148297749567224
6118,0.6166,2,2,2,675111,1333,124127,2129,0.010557914079330884,0.6149624494511843
6119,0.6167,3,5,3,675116,1328,124130,2126,0.010518312001013812,0.6155182397220614
6120,0.6168,4,6,4,675122,1322,124134,2122,0.01047078950703333,0.616144018583043
6121,0.6169,3,2,3,675124,1320,124137,2119,0.010454948675706502,0.6161674905495783
6122,0.617,4,1,4,675125,1319,124141,2115,0.010447028260043087,0.6158998252766453
6123,0.6171,5,4,5,675129,1315,124146,2110,0.01041534659738943,0.6160583941605839
6124,0.6172,3,2,3,675131,1313,124149,2107,0.010399505766062602,0.6160818713450292
6125,0.6173,7,2,7,675133,1311,124156,2100,0.010383664934735776,0.6156552330694811
6126,0.6174,1,2,1,675135,1309,124157,2099,0.010367824103408948,0.6159037558685446
6127,0.6175,4,2,4,675137,1307,124161,2095,0.01035198327208212,0.615814226925338
6128,0.6176,3,4,3,675141,1303,124164,2092,0.010320301609428463,0.61620029455081
6129,0.6177,5,0,5,675141,1303,124169,2087,0.010320301609428463,0.6156342182890856
6130,0.6178,2,5,2,675146,1298,124171,2085,0.010280699531111393,0.616316878510198
6131,0.6179,1,1,1,675147,1297,124172,2084,0.010272779115447979,0.6163856847086661
6132,0.618,0,1,0,675148,1296,124172,2084,0.010264858699784565,0.6165680473372781
6133,0.6181,7,3,7,675151,1293,124179,2077,0.010241097452794322,0.6163204747774481
6134,0.6182,1,4,1,675155,1289,124180,2076,0.010209415790140666,0.6169390787518574
6135,0.6183,4,2,4,675157,1287,124184,2072,0.010193574958813838,0.6168502530515034
6136,0.6184,0,3,0,675160,1284,124184,2072,0.010169813711823596,0.6174016686531585
6137,0.6185,6,2,6,675162,1282,124190,2066,0.010153972880496768,0.6170848267622461
6138,0.6186,1,5,1,675167,1277,124191,2065,0.010114370802179699,0.6178934769599043
6139,0.6187,6,1,6,675168,1276,124197,2059,0.010106450386516284,0.6173913043478261
6140,0.6188,2,1,2,675169,1275,124199,2057,0.01009852997085287,0.6173469387755102
6141,0.6189,0,1,0,675170,1274,124199,2057,0.010090609555189456,0.6175322725908136
6142,0.619,2,3,2,675173,1271,124201,2055,0.010066848308199214,0.6178592904389657
6143,0.6191,2,1,2,675174,1270,124203,2053,0.010058927892535801,0.6178152272043335
6144,0.6192,6,2,6,675176,1268,124209,2047,0.010043087061208973,0.6174962292609352
6145,0.6193,3,3,3,675179,1265,124212,2044,0.01001932581421873,0.6177092777274101
6146,0.6194,3,2,3,675181,1263,124215,2041,0.010003484982891902,0.6177360774818402
6147,0.6195,3,1,3,675182,1262,124218,2038,0.009995564567228488,0.6175757575757576
6148,0.6196,2,2,2,675184,1260,124220,2036,0.00997972373590166,0.6177184466019418
6149,0.6197,3,2,3,675186,1258,124223,2033,0.009963882904574832,0.6177453661501063
6150,0.6198,2,1,2,675187,1257,124225,2031,0.009955962488911419,0.6177007299270073
6151,0.6199,2,3,2,675190,1254,124227,2029,0.009932201241921176,0.6180322875418824
6152,0.62,2,2,2,675192,1252,124229,2027,0.009916360410594348,0.6181762732540409
6153,0.6201,2,1,2,675193,1251,124231,2025,0.009908439994930934,0.6181318681318682
6154,0.6202,2,2,2,675195,1249,124233,2023,0.009892599163604106,0.6182762836185819
6155,0.6203,1,2,1,675197,1247,124234,2022,0.009876758332277278,0.6185377791373509
6156,0.6204,1,1,1,675198,1246,124235,2021,0.009868837916613863,0.6186103458830732
6157,0.6205,2,2,2,675200,1244,124237,2019,0.009852997085287037,0.6187557462457861
6158,0.6206,3,1,3,675201,1243,124240,2016,0.009845076669623622,0.6185946609389383
6159,0.6207,7,1,7,675202,1242,124247,2009,0.009837156253960208,0.6179637034758536
6160,0.6208,2,3,2,675205,1239,124249,2007,0.009813395006969965,0.6182994454713494
6161,0.6209,2,0,2,675205,1239,124251,2005,0.009813395006969965,0.6180641183723797
6162,0.621,0,1,0,675206,1238,124251,2005,0.009805474591306552,0.618254702436016
6163,0.6211,2,2,2,675208,1236,124253,2003,0.009789633759979724,0.618400740969435
6164,0.6212,5,3,5,675211,1233,124258,1998,0.00976587251298948,0.6183844011142061
6165,0.6213,3,4,3,675215,1229,124261,1995,0.009734190850335826,0.6187965260545906
6166,0.6214,0,2,0,675217,1227,124261,1995,0.009718350019008998,0.6191806331471136
6167,0.6215,1,3,1,675220,1224,124262,1994,0.009694588772018755,0.6196395276569298
6168,0.6216,3,2,3,675222,1222,124265,1991,0.009678747940691927,0.6196700902583255
6169,0.6217,1,5,1,675227,1217,124266,1990,0.009639145862374857,0.6205176177112566
6170,0.6218,1,1,1,675228,1216,124267,1989,0.009631225446711444,0.6205928237129485
6171,0.6219,4,4,4,675232,1212,124271,1985,0.009599543784057788,0.6208945886768846
6172,0.622,1,2,1,675234,1210,124272,1984,0.00958370295273096,0.6211646837820914
6173,0.6221,4,5,4,675239,1205,124276,1980,0.00954410087441389,0.6216640502354788
6174,0.6222,3,5,3,675244,1200,124279,1977,0.009504498796096819,0.6222851746931067
6175,0.6223,2,2,2,675246,1198,124281,1975,0.00948865796476999,0.6224393318625906
6176,0.6224,4,1,4,675247,1197,124285,1971,0.009480737549106577,0.6221590909090909
6177,0.6225,2,1,2,675248,1196,124287,1969,0.009472817133443162,0.6221169036334913
6178,0.6226,4,0,4,675248,1196,124291,1965,0.009472817133443162,0.6216387219234419
6179,0.6227,4,1,4,675249,1195,124295,1961,0.00946489671777975,0.6213561470215463
6180,0.6228,4,2,4,675251,1193,124299,1957,0.009449055886452921,0.6212698412698413
6181,0.6229,2,5,2,675256,1188,124301,1955,0.009409453808135852,0.6220171810372256
6182,0.623,4,3,4,675259,1185,124305,1951,0.009385692561145608,0.6221301020408163
6183,0.6231,4,0,4,675259,1185,124309,1947,0.009385692561145608,0.6216475095785441
6184,0.6232,4,5,4,675264,1180,124313,1943,0.009346090482828539,0.622158181235991
6185,0.6233,2,2,2,675266,1178,124315,1941,0.00933024965150171,0.6223148445014428
6186,0.6234,3,4,3,675270,1174,124318,1938,0.009298567988848054,0.6227506426735219
6187,0.6235,2,3,2,675273,1171,124320,1936,0.009274806741857813,0.623109108464757
6188,0.6236,2,0,2,675273,1171,124322,1934,0.009274806741857813,0.6228663446054751
6189,0.6237,0,2,0,675275,1169,124322,1934,0.009258965910530985,0.6232678053496616
6190,0.6238,6,3,6,675278,1166,124328,1928,0.009235204663540742,0.6231415643180349
6191,0.6239,1,2,1,675280,1164,124329,1927,0.009219363832213915,0.623422840504691
6192,0.624,1,2,1,675282,1162,124330,1926,0.009203523000887087,0.6237046632124352
6193,0.6241,1,1,1,675283,1161,124331,1925,0.009195602585223672,0.6237848347375243
6194,0.6242,1,1,1,675284,1160,124332,1924,0.009187682169560259,0.6238651102464332
6195,0.6243,2,1,2,675285,1159,124334,1922,0.009179761753896844,0.6238234339500163
6196,0.6244,0,2,0,675287,1157,124334,1922,0.009163920922570016,0.6242286456641767
6197,0.6245,1,1,1,675288,1156,124335,1921,0.009156000506906603,0.6243093922651933
6198,0.6246,1,0,1,675288,1156,124336,1920,0.009156000506906603,0.6241872561768531
6199,0.6247,3,3,3,675291,1153,124339,1917,0.00913223925991636,0.6244299674267101
6200,0.6248,2,1,2,675292,1152,124341,1915,0.009124318844252946,0.6243886534072384
6201,0.6249,4,1,4,675293,1151,124345,1911,0.009116398428589533,0.6241018941868061
6202,0.625,2,3,2,675296,1148,124347,1909,0.00909263718159929,0.6244684331043506
6203,0.6251,2,1,2,675297,1147,124349,1907,0.009084716765935877,0.6244269810085135
6204,0.6252,8,3,8,675300,1144,124357,1899,0.009060955518945634,0.624055208675649
6205,0.6253,4,4,4,675304,1140,124361,1895,0.009029273856291977,0.6243822075782537
6206,0.6254,3,0,3,675304,1140,124364,1892,0.009029273856291977,0.6240105540897097
6207,0.6255,4,1,4,675305,1139,124368,1888,0.009021353440628564,0.6237198546415593
6208,0.6256,2,1,2,675306,1138,124370,1886,0.009013433024965151,0.6236772486772487
6209,0.6257,1,4,1,675310,1134,124371,1885,0.008981751362311495,0.6243789334216628
6210,0.6258,2,1,2,675311,1133,124373,1883,0.00897383094664808,0.6243368700265252
6211,0.6259,4,0,4,675311,1133,124377,1879,0.00897383094664808,0.6238379814077025
6212,0.626,3,1,3,675312,1132,124380,1876,0.008965910530984667,0.6236702127659575
6213,0.6261,3,2,3,675314,1130,124383,1873,0.008950069699657838,0.6237096237096237
6214,0.6262,2,5,2,675319,1125,124385,1871,0.008910467621340769,0.6244993324432577
6215,0.6263,1,2,1,675321,1123,124386,1870,0.00889462679001394,0.6247911794186435
6216,0.6264,2,0,2,675321,1123,124388,1868,0.00889462679001394,0.6245402875292544
6217,0.6265,3,3,3,675324,1120,124391,1865,0.008870865543023698,0.6247906197654941
6218,0.6266,2,2,2,675326,1118,124393,1863,0.00885502471169687,0.6249580677624959
6219,0.6267,3,1,3,675327,1117,124396,1860,0.008847104296033456,0.6247900571044676
6220,0.6268,2,0,2,675327,1117,124398,1858,0.008847104296033456,0.6245378151260504
6221,0.6269,2,2,2,675329,1115,124400,1856,0.008831263464706628,0.6247054863682262
6222,0.627,3,1,3,675330,1114,124403,1853,0.008823343049043213,0.6245365689248399
6223,0.6271,1,1,1,675331,1113,124404,1852,0.0088154226333798,0.6246205733558179
6224,0.6273,1,0,1,675331,1113,124405,1851,0.0088154226333798,0.6244939271255061
6225,0.6274,3,2,3,675333,1111,124408,1848,0.008799581802052972,0.6245353159851301
6226,0.6275,3,0,3,675333,1111,124411,1845,0.008799581802052972,0.6241542625169147
6227,0.6276,4,2,4,675335,1109,124415,1841,0.008783740970726144,0.6240677966101695
6228,0.6277,1,1,1,675336,1108,124416,1840,0.00877582055506273,0.6241519674355496
6229,0.6278,2,2,2,675338,1106,124418,1838,0.008759979723735902,0.6243206521739131
6230,0.6279,5,2,5,675340,1104,124423,1833,0.008744138892409074,0.6241062308478039
6231,0.628,2,2,2,675342,1102,124425,1831,0.008728298061082246,0.6242754858506648
6232,0.6281,2,3,2,675345,1099,124427,1829,0.008704536814092003,0.6246584699453552
6233,0.6282,1,1,1,675346,1098,124428,1828,0.00869661639842859,0.6247436773752563
6234,0.6283,5,1,5,675347,1097,124433,1823,0.008688695982765176,0.6243150684931507
6235,0.6284,1,1,1,675348,1096,124434,1822,0.008680775567101761,0.6244002741603838
6236,0.6285,0,1,0,675349,1095,124434,1822,0.008672855151438348,0.624614329790881
6237,0.6286,1,1,1,675350,1094,124435,1821,0.008664934735774933,0.6246998284734134
6238,0.6287,1,1,1,675351,1093,124436,1820,0.00865701432011152,0.624785444558874
6239,0.6288,2,2,2,675353,1091,124438,1818,0.008641173488784692,0.6249570299071846
6240,0.6289,2,2,2,675355,1089,124440,1816,0.008625332657457864,0.6251290877796902
6241,0.629,1,5,1,675360,1084,124441,1815,0.008585730579140794,0.626077957916523
6242,0.6291,3,1,3,675361,1083,124444,1812,0.00857781016347738,0.6259067357512953
6243,0.6292,1,3,1,675364,1080,124445,1811,0.008554048916487138,0.62642684192321
6244,0.6293,5,4,5,675368,1076,124450,1806,0.008522367253833481,0.6266481609993061
6245,0.6294,1,0,1,675368,1076,124451,1805,0.008522367253833481,0.6265185699409928
6246,0.6295,2,4,2,675372,1072,124453,1803,0.008490685591179825,0.6271304347826087
6247,0.6296,1,1,1,675373,1071,124454,1802,0.008482765175516412,0.6272189349112426
6248,0.6297,6,0,6,675373,1071,124460,1796,0.008482765175516412,0.6264387861876526
6249,0.6298,0,3,0,675376,1068,124460,1796,0.008459003928526169,0.6270949720670391
6250,0.6299,2,1,2,675377,1067,124462,1794,0.008451083512862756,0.6270534778049633
6251,0.63,0,2,0,675379,1065,124462,1794,0.008435242681535927,0.6274921301154249
6252,0.6301,4,2,4,675381,1063,124466,1790,0.0084194018502091,0.627409744128987
6253,0.6302,2,3,2,675384,1060,124468,1788,0.008395640603218856,0.6278089887640449
6254,0.6303,2,0,2,675384,1060,124470,1786,0.008395640603218856,0.6275474349964862
6255,0.6304,3,0,3,675384,1060,124473,1783,0.008395640603218856,0.6271544143510376
6256,0.6305,2,2,2,675386,1058,124475,1781,0.00837979977189203,0.6273335681578021
6257,0.6306,2,1,2,675387,1057,124477,1779,0.008371879356228615,0.6272919605077574
6258,0.6307,3,1,3,675388,1056,124480,1776,0.008363958940565202,0.6271186440677966
6259,0.6308,4,2,4,675390,1054,124484,1772,0.008348118109238373,0.627034677990092
6260,0.6309,5,2,5,675392,1052,124489,1767,0.008332277277911545,0.6268180205746718
6261,0.6311,0,1,0,675393,1051,124489,1767,0.00832435686224813,0.627040454222853
6262,0.6312,5,2,5,675395,1049,124494,1762,0.008308516030921302,0.6268231945926717
6263,0.6313,3,4,3,675399,1045,124497,1759,0.008276834368267646,0.6273181169757489
6264,0.6314,2,2,2,675401,1043,124499,1757,0.00826099353694082,0.6275
6265,0.6315,0,1,0,675402,1042,124499,1757,0.008253073121277404,0.6277241872097178
6266,0.6316,2,0,2,675402,1042,124501,1755,0.008253073121277404,0.6274579907043261
6267,0.6317,3,3,3,675405,1039,124504,1752,0.008229311874287163,0.6277319957004658
6268,0.6318,1,1,1,675406,1038,124505,1751,0.008221391458623748,0.6278235926855503
6269,0.6319,5,0,5,675406,1038,124510,1746,0.008221391458623748,0.6271551724137931
6270,0.632,2,2,2,675408,1036,124512,1744,0.00820555062729692,0.6273381294964029
6271,0.6321,2,4,2,675412,1032,124514,1742,0.008173868964643264,0.6279740447007931
6272,0.6322,3,0,3,675412,1032,124517,1739,0.008173868964643264,0.6275712739083363
6273,0.6323,2,3,2,675415,1029,124519,1737,0.008150107717653022,0.6279826464208242
6274,0.6324,3,3,3,675418,1026,124522,1734,0.008126346470662781,0.6282608695652174
6275,0.6325,0,2,0,675420,1024,124522,1734,0.008110505639335953,0.6287164612037709
6276,0.6326,0,1,0,675421,1023,124522,1734,0.008102585223672538,0.6289445048966268
6277,0.6327,2,4,2,675425,1019,124524,1732,0.008070903561018881,0.6295892402762632
6278,0.6328,6,2,6,675427,1017,124530,1726,0.008055062729692055,0.6292380605176814
6279,0.6329,2,4,2,675431,1013,124532,1724,0.008023381067038399,0.6298867373036171
6280,0.633,3,1,3,675432,1012,124535,1721,0.008015460651374984,0.6297109403585803
6281,0.6331,6,2,6,675434,1010,124541,1715,0.007999619820048156,0.6293577981651376
6282,0.6332,1,3,1,675437,1007,124542,1714,0.007975858573057914,0.6299154722528482
6283,0.6333,6,1,6,675438,1006,124548,1708,0.0079679381573945,0.6293294030950627
6284,0.6334,3,1,3,675439,1005,124551,1705,0.007960017741731086,0.6291512915129152
6285,0.6335,3,2,3,675441,1003,124554,1702,0.007944176910404258,0.6292051756007394
6286,0.6336,5,1,5,675442,1002,124559,1697,0.007936256494740845,0.6287513894034827
6287,0.6337,6,3,6,675445,999,124565,1691,0.007912495247750602,0.6286245353159852
6288,0.6338,1,2,1,675447,997,124566,1690,0.007896654416423773,0.6289542240416822
6289,0.6339,3,3,3,675450,994,124569,1687,0.007872893169433532,0.6292428198433421
6290,0.634,1,0,1,675450,994,124570,1686,0.007872893169433532,0.6291044776119403
6291,0.6341,4,1,4,675451,993,124574,1682,0.007864972753770117,0.628785046728972
6292,0.6342,6,1,6,675452,992,124580,1676,0.007857052338106704,0.6281859070464768
6293,0.6343,2,0,2,675452,992,124582,1674,0.007857052338106704,0.627906976744186
6294,0.6344,0,4,0,675456,988,124582,1674,0.007825370675453048,0.6288504883546205
6295,0.6345,2,3,2,675459,985,124584,1672,0.007801609428462805,0.6292811441475348
6296,0.6346,6,1,6,675460,984,124590,1666,0.007793689012799392,0.6286792452830189
6297,0.6347,3,1,3,675461,983,124593,1663,0.007785768597135978,0.628495842781557
6298,0.6348,2,2,2,675463,981,124595,1661,0.00776992776580915,0.6286903860711582
6299,0.6349,1,1,1,675464,980,124596,1660,0.007762007350145736,0.6287878787878788
6300,0.635,0,4,0,675468,976,124596,1660,0.0077303256874920795,0.629742033383915
6301,0.6351,1,2,1,675470,974,124597,1659,0.007714484856165251,0.6300797569312572
6302,0.6352,1,2,1,675472,972,124598,1658,0.007698644024838423,0.6304182509505704
6303,0.6353,1,4,1,675476,968,124599,1657,0.007666962362184768,0.6312380952380953
6304,0.6354,2,1,2,675477,967,124601,1655,0.007659041946521354,0.6311975591151793
6305,0.6355,1,2,1,675479,965,124602,1654,0.0076432011151945254,0.6315387552500955
6306,0.6356,2,0,2,675479,965,124604,1652,0.0076432011151945254,0.6312571646923959
6307,0.6357,6,1,6,675480,964,124610,1646,0.007635280699531111,0.6306513409961686
6308,0.6358,4,2,4,675482,962,124614,1642,0.007619439868204283,0.630568356374808
6309,0.6359,4,1,4,675483,961,124618,1638,0.007611519452540869,0.6302424009234321
6310,0.636,1,3,1,675486,958,124619,1637,0.007587758205550627,0.6308285163776494
6311,0.6361,2,1,2,675487,957,124621,1635,0.007579837789887214,0.6307870370370371
6312,0.6362,2,0,2,675487,957,124623,1633,0.007579837789887214,0.6305019305019305
6313,0.6363,2,4,2,675491,953,124625,1631,0.007548156127233557,0.6311919504643962
6314,0.6364,2,2,2,675493,951,124627,1629,0.007532315295906729,0.6313953488372093
6315,0.6365,3,1,3,675494,950,124630,1626,0.007524394880243315,0.6312111801242236
6316,0.6366,2,4,2,675498,946,124632,1624,0.007492713217589659,0.6319066147859922
6317,0.6367,0,1,0,675499,945,124632,1624,0.007484792801926245,0.6321525885558583
6318,0.6368,1,2,1,675501,943,124633,1623,0.007468951970599417,0.6325019485580671
6319,0.6369,2,3,2,675504,940,124635,1621,0.007445190723609175,0.632955876610699
6320,0.637,3,2,3,675506,938,124638,1618,0.007429349892282347,0.63302034428795
6321,0.6371,2,3,2,675509,935,124640,1616,0.007405588645292105,0.6334770678165426
6322,0.6372,3,0,3,675509,935,124643,1613,0.007405588645292105,0.6330455259026687
6323,0.6373,2,0,2,675509,935,124645,1611,0.007405588645292105,0.6327572663000786
6324,0.6374,3,0,3,675509,935,124648,1608,0.007405588645292105,0.6323240267400708
6325,0.6375,2,2,2,675511,933,124650,1606,0.007389747813965277,0.6325324931075227
6326,0.6376,3,1,3,675512,932,124653,1603,0.0073818273983018625,0.6323471400394477
6327,0.6377,2,0,2,675512,932,124655,1601,0.0073818273983018625,0.6320568495854718
6328,0.6378,4,0,4,675512,932,124659,1597,0.0073818273983018625,0.6314748912613681
6329,0.6379,2,2,2,675514,930,124661,1595,0.007365986566975035,0.6316831683168317
6330,0.638,3,2,3,675516,928,124664,1592,0.007350145735648207,0.6317460317460317
6331,0.6381,2,1,2,675517,927,124666,1590,0.007342225319984793,0.6317044100119189
6332,0.6383,3,3,3,675520,924,124669,1587,0.007318464072994551,0.6320191158900836
6333,0.6384,3,2,3,675522,922,124672,1584,0.0073026232416677226,0.6320830007980845
6334,0.6385,4,2,4,675524,920,124676,1580,0.007286782410340894,0.632
6335,0.6386,4,2,4,675526,918,124680,1576,0.007270941579014066,0.6319165998396151
6336,0.6387,2,0,2,675526,918,124682,1574,0.007270941579014066,0.6316211878009631
6337,0.6388,2,2,2,675528,916,124684,1572,0.007255100747687239,0.6318327974276527
6338,0.6389,1,0,1,675528,916,124685,1571,0.007255100747687239,0.6316847607559308
6339,0.639,2,1,2,675529,915,124687,1569,0.007247180332023825,0.6316425120772947
6340,0.6391,3,2,3,675531,913,124690,1566,0.007231339500696997,0.6317063331988705
6341,0.6392,4,0,4,675531,913,124694,1562,0.007231339500696997,0.6311111111111111
6342,0.6393,2,0,2,675531,913,124696,1560,0.007231339500696997,0.6308127780024262
6343,0.6394,2,3,2,675534,910,124698,1558,0.0072075782537067545,0.6312803889789304
6344,0.6395,4,4,4,675538,906,124702,1554,0.007175896591053098,0.6317073170731707
6345,0.6396,4,0,4,675538,906,124706,1550,0.007175896591053098,0.6311074918566775
6346,0.6397,1,1,1,675539,905,124707,1549,0.007167976175389684,0.6312143439282804
6347,0.6398,4,0,4,675539,905,124711,1545,0.007167976175389684,0.6306122448979592
6348,0.6399,1,1,1,675540,904,124712,1544,0.007160055759726271,0.630718954248366
6349,0.64,2,0,2,675540,904,124714,1542,0.007160055759726271,0.6304170073589533
6350,0.6401,7,1,7,675541,903,124721,1535,0.007152135344062857,0.6296144380639869
6351,0.6402,5,2,5,675543,901,124726,1530,0.007136294512736029,0.6293706293706294
6352,0.6403,2,1,2,675544,900,124728,1528,0.0071283740970726145,0.6293245469522241
6353,0.6404,3,0,3,675544,900,124731,1525,0.0071283740970726145,0.6288659793814433
6354,0.6405,1,1,1,675545,899,124732,1524,0.0071204536814092004,0.6289723483285183
6355,0.6406,5,2,5,675547,897,124737,1519,0.007104612850082372,0.6287251655629139
6356,0.6407,4,2,4,675549,895,124741,1515,0.007088772018755544,0.6286307053941909
6357,0.6408,0,3,0,675552,892,124741,1515,0.007065010771765302,0.6294142085583714
6358,0.6409,5,0,5,675552,892,124746,1510,0.007065010771765302,0.6286427976686095
6359,0.641,1,4,1,675556,888,124747,1509,0.007033329109111646,0.6295369211514393
6360,0.6411,3,0,3,675556,888,124750,1506,0.007033329109111646,0.6290726817042607
6361,0.6412,2,1,2,675557,887,124752,1504,0.007025408693448232,0.6290255123379339
6362,0.6413,2,1,2,675558,886,124754,1502,0.007017488277784818,0.6289782244556114
6363,0.6414,3,2,3,675560,884,124757,1499,0.00700164744645799,0.629039026437264
6364,0.6415,1,0,1,675560,884,124758,1498,0.00700164744645799,0.6288832913518052
6365,0.6416,1,2,1,675562,882,124759,1497,0.006985806615131162,0.6292559899117276
6366,0.6417,2,3,2,675565,879,124761,1495,0.00696204536814092,0.6297388374052233
6367,0.6418,1,1,1,675566,878,124762,1494,0.006954124952477506,0.6298482293423272
6368,0.6419,3,2,3,675568,876,124765,1491,0.006938284121150678,0.6299112801013942
6369,0.642,3,2,3,675570,874,124768,1488,0.00692244328982385,0.6299745977984759
6370,0.6421,0,1,0,675571,873,124768,1488,0.006914522874160436,0.6302414231257941
6371,0.6422,2,0,2,675571,873,124770,1486,0.006914522874160436,0.6299279355659178
6372,0.6423,1,1,1,675572,872,124771,1485,0.006906602458497022,0.6300381841323717
6373,0.6424,1,1,1,675573,871,124772,1484,0.006898682042833608,0.6301486199575371
6374,0.6425,1,1,1,675574,870,124773,1483,0.006890761627170194,0.630259243518912
6375,0.6426,1,2,1,675576,868,124774,1482,0.006874920795843366,0.6306382978723404
6376,0.6427,3,3,3,675579,865,124777,1479,0.0068511595488531234,0.6309726962457338
6377,0.6428,2,3,2,675582,862,124779,1477,0.006827398301862882,0.6314664386489953
6378,0.6429,1,2,1,675584,860,124780,1476,0.006811557470536054,0.6318493150684932
6379,0.643,6,0,6,675584,860,124786,1470,0.006811557470536054,0.630901287553648
6380,0.6431,2,2,2,675586,858,124788,1468,0.006795716639209226,0.6311263972484953
6381,0.6432,1,0,1,675586,858,124789,1467,0.006795716639209226,0.6309677419354839
6382,0.6433,2,1,2,675587,857,124791,1465,0.006787796223545812,0.6309216192937123
6383,0.6434,1,3,1,675590,854,124792,1464,0.006764034976555569,0.631578947368421
6384,0.6435,2,5,2,675595,849,124794,1462,0.0067244328982385,0.6326265685850281
6385,0.6436,1,0,1,675595,849,124795,1461,0.0067244328982385,0.6324675324675325
6386,0.6437,2,1,2,675596,848,124797,1459,0.006716512482575086,0.6324230602514087
6387,0.6438,3,0,3,675596,848,124800,1456,0.006716512482575086,0.6319444444444444
6388,0.6439,1,0,1,675596,848,124801,1455,0.006716512482575086,0.6317846287451151
6389,0.644,4,0,4,675596,848,124805,1451,0.006716512482575086,0.6311439756415833
6390,0.6441,3,1,3,675597,847,124808,1448,0.006708592066911672,0.6309368191721133
6391,0.6442,2,1,2,675598,846,124810,1446,0.006700671651248258,0.6308900523560209
6392,0.6443,2,2,2,675600,844,124812,1444,0.0066848308199214295,0.6311188811188811
6393,0.6444,3,0,3,675600,844,124815,1441,0.0066848308199214295,0.6306345733041575
6394,0.6445,4,1,4,675601,843,124819,1437,0.006676910404258015,0.6302631578947369
6395,0.6446,0,5,0,675606,838,124819,1437,0.006637308325940945,0.6316483516483516
6396,0.6447,5,5,5,675611,833,124824,1432,0.0065977062476238755,0.6322295805739514
6397,0.6448,2,3,2,675614,830,124826,1430,0.006573945000633633,0.6327433628318584
6398,0.6449,0,1,0,675615,829,124826,1430,0.006566024584970219,0.6330234617087207
6399,0.645,2,0,2,675615,829,124828,1428,0.006566024584970219,0.6326982720425344
6400,0.6451,0,2,0,675617,827,124828,1428,0.006550183753643391,0.633259423503326
6401,0.6452,2,2,2,675619,825,124830,1426,0.006534342922316563,0.6334962239004887
6402,0.6453,1,1,1,675620,824,124831,1425,0.006526422506653149,0.6336149399733215
6403,0.6454,6,1,6,675621,823,124837,1419,0.0065185020909897355,0.6329170383586084
6404,0.6455,1,3,1,675624,820,124838,1418,0.006494740843999493,0.6336014298480787
6405,0.6456,1,2,1,675626,818,124839,1417,0.006478900012672665,0.6340044742729306
6406,0.6457,6,3,6,675629,815,124845,1411,0.006455138765682423,0.6338724168912848
6407,0.6458,5,0,5,675629,815,124850,1406,0.006455138765682423,0.6330481764970733
6408,0.6459,6,2,6,675631,813,124856,1400,0.006439297934355595,0.6326253953908721
6409,0.646,3,1,3,675632,812,124859,1397,0.006431377518692181,0.6324128564961521
6410,0.6461,3,0,3,675632,812,124862,1394,0.006431377518692181,0.6319129646418857
6411,0.6462,1,0,1,675632,812,124863,1393,0.006431377518692181,0.6317460317460317
6412,0.6463,1,1,1,675633,811,124864,1392,0.0064234571030287665,0.6318656377666818
6413,0.6464,5,2,5,675635,809,124869,1387,0.006407616271701939,0.6316029143897997
6414,0.6465,2,2,2,675637,807,124871,1385,0.006391775440375111,0.6318430656934306
6415,0.6467,3,1,3,675638,806,124874,1382,0.006383855024711697,0.6316270566727605
6416,0.6468,1,2,1,675640,804,124875,1381,0.006368014193384869,0.6320366132723112
6417,0.6469,0,3,0,675643,801,124875,1381,0.006344252946394627,0.6329055912007333
6418,0.647,4,2,4,675645,799,124879,1377,0.0063284121150677984,0.6328125
6419,0.6471,6,0,6,675645,799,124885,1371,0.0063284121150677984,0.6317972350230415
6420,0.6472,0,2,0,675647,797,124885,1371,0.006312571283740971,0.632380073800738
6421,0.6473,1,2,1,675649,795,124886,1370,0.006296730452414143,0.6327944572748267
6422,0.6474,1,1,1,675650,794,124887,1369,0.006288810036750729,0.63291724456773
6423,0.6475,5,1,5,675651,793,124892,1364,0.006280889621087315,0.6323597589244321
6424,0.6476,2,3,2,675654,790,124894,1362,0.006257128374097073,0.6328996282527881
6425,0.6477,4,0,4,675654,790,124898,1358,0.006257128374097073,0.6322160148975792
6426,0.6478,4,1,4,675655,789,124902,1354,0.0062492079584336585,0.6318245450303314
6427,0.6479,2,1,2,675656,788,124904,1352,0.006241287542770244,0.6317757009345795
6428,0.648,1,3,1,675659,785,124905,1351,0.006217526295780002,0.6324906367041199
6429,0.6481,6,1,6,675660,784,124911,1345,0.006209605880116588,0.6317519962423673
6430,0.6482,1,1,1,675661,783,124912,1344,0.006201685464453175,0.6318758815232722
6431,0.6483,2,2,2,675663,781,124914,1342,0.006185844633126347,0.6321243523316062
6432,0.6484,1,0,1,675663,781,124915,1341,0.006185844633126347,0.6319509896324222
6433,0.6485,4,1,4,675664,780,124919,1337,0.006177924217462933,0.6315540859707133
6434,0.6486,1,0,1,675664,780,124920,1336,0.006177924217462933,0.6313799621928167
6435,0.6487,2,0,2,675664,780,124922,1334,0.006177924217462933,0.631031220435194
6436,0.6488,5,2,5,675666,778,124927,1329,0.0061620833861361045,0.6307546274323683
6437,0.6489,3,3,3,675669,775,124930,1326,0.006138322139145862,0.6311280342693956
6438,0.649,2,2,2,675671,773,124932,1324,0.006122481307819034,0.631378159275155
6439,0.6491,4,1,4,675672,772,124936,1320,0.00611456089215562,0.6309751434034416
6440,0.6492,3,3,3,675675,769,124939,1317,0.006090799645165379,0.6313518696069031
6441,0.6493,0,3,0,675678,766,124939,1317,0.006067038398175136,0.6322611617858858
6442,0.6494,2,0,2,675678,766,124941,1315,0.006067038398175136,0.6319077366650648
6443,0.6495,2,0,2,675678,766,124943,1313,0.006067038398175136,0.6315536315536315
6444,0.6496,2,2,2,675680,764,124945,1311,0.006051197566848308,0.6318072289156627
6445,0.6498,3,2,3,675682,762,124948,1308,0.00603535673552148,0.6318840579710145
6446,0.6499,2,1,2,675683,761,124950,1306,0.006027436319858066,0.6318335752298017
6447,0.6501,0,1,0,675684,760,124950,1306,0.006019515904194652,0.6321393998063891
6448,0.6502,2,1,2,675685,759,124952,1304,0.006011595488531238,0.6320891904992729
6449,0.6503,2,0,2,675685,759,124954,1302,0.006011595488531238,0.6317321688500728
6450,0.6504,2,2,2,675687,757,124956,1300,0.00599575465720441,0.6319883325230918
6451,0.6505,1,2,1,675689,755,124957,1299,0.005979913825877582,0.6324245374878287
6452,0.6506,2,2,2,675691,753,124959,1297,0.005964072994550754,0.6326829268292683
6453,0.6507,2,3,2,675694,750,124961,1295,0.005940311747560512,0.6332518337408313
6454,0.6508,3,1,3,675695,749,124964,1292,0.005932391331897098,0.6330230279274865
6455,0.6509,3,1,3,675696,748,124967,1289,0.005924470916233684,0.632793323514973
6456,0.651,4,2,4,675698,746,124971,1285,0.005908630084906856,0.6326932545544067
6457,0.6511,2,2,2,675700,744,124973,1283,0.0058927892535800275,0.6329551060680809
6458,0.6512,3,2,3,675702,742,124976,1280,0.0058769484222532,0.6330365974282888
6459,0.6513,2,0,2,675702,742,124978,1278,0.0058769484222532,0.6326732673267327
6460,0.6514,0,2,0,675704,740,124978,1278,0.005861107590926372,0.6333002973240832
6461,0.6515,1,2,1,675706,738,124979,1277,0.005845266759599544,0.6337468982630273
6462,0.6516,0,1,0,675707,737,124979,1277,0.00583734634393613,0.6340615690168818
6463,0.6517,1,2,1,675709,735,124980,1276,0.005821505512609302,0.6345101939333665
6464,0.6518,1,2,1,675711,733,124981,1275,0.0058056646812824735,0.6349601593625498
6465,0.6519,0,4,0,675715,729,124981,1275,0.005773983018628818,0.6362275449101796
6466,0.652,3,2,3,675717,727,124984,1272,0.00575814218730199,0.6363181590795398
6467,0.6521,0,5,0,675722,722,124984,1272,0.0057185401089849194,0.6379137412236711
6468,0.6522,0,1,0,675723,721,124984,1272,0.005710619693321505,0.638233818364275
6469,0.6523,2,2,2,675725,719,124986,1270,0.005694778861994677,0.6385118149824032
6470,0.6524,2,0,2,675725,719,124988,1268,0.005694778861994677,0.638147961751384
6471,0.6525,2,1,2,675726,718,124990,1266,0.005686858446331263,0.6381048387096774
6472,0.6526,0,5,0,675731,713,124990,1266,0.005647256368014194,0.6397170288024254
6473,0.6527,2,3,2,675734,710,124992,1264,0.005623495121023951,0.6403242147923
6474,0.6528,0,2,0,675736,708,124992,1264,0.005607654289697123,0.640973630831643
6475,0.6529,3,2,3,675738,706,124995,1261,0.005591813458370295,0.6410777834265379
6476,0.653,0,1,0,675739,705,124995,1261,0.005583893042706881,0.6414038657171923
6477,0.6531,2,1,2,675740,704,124997,1259,0.005575972627043467,0.6413652572592969
6478,0.6532,2,0,2,675740,704,124999,1257,0.005575972627043467,0.6409994900560938
6479,0.6533,2,0,2,675740,704,125001,1255,0.005575972627043467,0.6406329760081675
6480,0.6534,3,0,3,675740,704,125004,1252,0.005575972627043467,0.6400817995910021
6481,0.6535,4,3,4,675743,701,125008,1248,0.0055522113800532255,0.6403283735248846
6482,0.6536,2,1,2,675744,700,125010,1246,0.005544290964389811,0.6402877697841727
6483,0.6538,0,3,0,675747,697,125010,1246,0.005520529717399569,0.6412763767370047
6484,0.6539,2,0,2,675747,697,125012,1244,0.005520529717399569,0.6409067490984028
6485,0.654,4,3,4,675750,694,125016,1240,0.005496768470409327,0.6411582213029989
6486,0.6541,4,1,4,675751,693,125020,1236,0.005488848054745913,0.640746500777605
6487,0.6542,3,1,3,675752,692,125023,1233,0.005480927639082499,0.6405194805194805
6488,0.6543,1,1,1,675753,691,125024,1232,0.005473007223419085,0.640665626625065
6489,0.6544,6,2,6,675755,689,125030,1226,0.005457166392092257,0.6402088772845953
6490,0.6545,1,1,1,675756,688,125031,1225,0.005449245976428843,0.6403554626241506
6491,0.6546,1,2,1,675758,686,125032,1224,0.005433405145102015,0.6408376963350786
6492,0.6547,1,2,1,675760,684,125033,1223,0.005417564313775187,0.6413214472994232
6493,0.6548,3,0,3,675760,684,125036,1220,0.005417564313775187,0.6407563025210085
6494,0.6549,2,2,2,675762,682,125038,1218,0.005401723482448359,0.6410526315789473
6495,0.655,3,1,3,675763,681,125041,1215,0.005393803066784945,0.6408227848101266
6496,0.6551,2,1,2,675764,680,125043,1213,0.005385882651121531,0.6407818277865821
6497,0.6552,3,1,3,675765,679,125046,1210,0.0053779622354581166,0.6405505558496559
6498,0.6553,3,1,3,675766,678,125049,1207,0.0053700418197947025,0.640318302387268
6499,0.6554,1,1,1,675767,677,125050,1206,0.005362121404131288,0.6404673393520978
6500,0.6555,2,1,2,675768,676,125052,1204,0.005354200988467875,0.6404255319148936
6501,0.6556,4,2,4,675770,674,125056,1200,0.005338360157141047,0.6403415154749199
6502,0.6557,4,3,4,675773,671,125060,1196,0.005314598910150805,0.6405998928762721
6503,0.6559,1,1,1,675774,670,125061,1195,0.005306678494487391,0.6407506702412868
6504,0.656,0,2,0,675776,668,125061,1195,0.0052908376631605625,0.6414385399892646
6505,0.6561,3,2,3,675778,666,125064,1192,0.005274996831833734,0.6415500538213132
6506,0.6562,3,1,3,675779,665,125067,1189,0.00526707641617032,0.6413160733549083
6507,0.6563,4,0,4,675779,665,125071,1185,0.00526707641617032,0.6405405405405405
6508,0.6564,1,2,1,675781,663,125072,1184,0.005251235584843493,0.6410395235517055
6509,0.6565,1,1,1,675782,662,125073,1183,0.005243315169180079,0.6411924119241192
6510,0.6566,1,1,1,675783,661,125074,1182,0.005235394753516665,0.6413456321215409
6511,0.6567,1,1,1,675784,660,125075,1181,0.005227474337853251,0.6414991852254209
6512,0.6568,3,1,3,675785,659,125078,1178,0.005219553922189837,0.6412629286880784
6513,0.6569,0,1,0,675786,658,125078,1178,0.005211633506526423,0.6416122004357299
6514,0.657,1,0,1,675786,658,125079,1177,0.005211633506526423,0.6414168937329701
6515,0.6571,4,0,4,675786,658,125083,1173,0.005211633506526423,0.6406335335882032
6516,0.6572,0,3,0,675789,655,125083,1173,0.00518787225953618,0.6416849015317286
6517,0.6573,3,0,3,675789,655,125086,1170,0.00518787225953618,0.6410958904109589
6518,0.6574,3,1,3,675790,654,125089,1167,0.005179951843872766,0.6408566721581549
6519,0.6575,1,2,1,675792,652,125090,1166,0.005164111012545938,0.6413641364136413
6520,0.6576,1,0,1,675792,652,125091,1165,0.005164111012545938,0.6411667583929554
6521,0.6577,1,1,1,675793,651,125092,1164,0.005156190596882524,0.6413223140495867
6522,0.6578,1,1,1,675794,650,125093,1163,0.00514827018121911,0.6414782129067843
6523,0.6579,2,0,2,675794,650,125095,1161,0.00514827018121911,0.6410822749861955
6524,0.658,3,0,3,675794,650,125098,1158,0.00514827018121911,0.6404867256637168
6525,0.6581,2,0,2,675794,650,125100,1156,0.00514827018121911,0.6400885935769657
6526,0.6582,1,4,1,675798,646,125101,1155,0.0051165885185654545,0.6413103831204886
6527,0.6583,0,1,0,675799,645,125101,1155,0.00510866810290204,0.6416666666666667
6528,0.6584,2,0,2,675799,645,125103,1153,0.00510866810290204,0.6412680756395995
6529,0.6585,1,1,1,675800,644,125104,1152,0.005100747687238626,0.6414253897550112
6530,0.6586,4,1,4,675801,643,125108,1148,0.005092827271575212,0.6409826912339475
6531,0.6587,1,1,1,675802,642,125109,1147,0.005084906855911798,0.6411403018446059
6532,0.6588,3,2,3,675804,640,125112,1144,0.00506906602458497,0.6412556053811659
6533,0.6589,4,3,4,675807,637,125116,1140,0.005045304777594728,0.6415306696679798
6534,0.659,2,1,2,675808,636,125118,1138,0.0050373843619313146,0.6414881623449831
6535,0.6591,0,1,0,675809,635,125118,1138,0.0050294639462679005,0.6418499717992103
6536,0.6592,3,2,3,675811,633,125121,1135,0.005013623114941072,0.6419683257918553
6537,0.6593,4,0,4,675811,633,125125,1131,0.005013623114941072,0.641156462585034
6538,0.6594,2,2,2,675813,631,125127,1129,0.004997782283614244,0.6414772727272727
6539,0.6595,0,2,0,675815,629,125127,1129,0.004981941452287416,0.6422070534698521
6540,0.6596,3,3,3,675818,626,125130,1126,0.004958180205297174,0.6426940639269406
6541,0.6597,1,0,1,675818,626,125131,1125,0.004958180205297174,0.6424900057110223
6542,0.6598,0,1,0,675819,625,125131,1125,0.00495025978963376,0.6428571428571429
6543,0.6599,2,0,2,675819,625,125133,1123,0.00495025978963376,0.6424485125858124
6544,0.6601,5,1,5,675820,624,125138,1118,0.004942339373970346,0.6417910447761194
6545,0.6602,2,2,2,675822,622,125140,1116,0.004926498542643518,0.6421173762945915
6546,0.6603,5,0,5,675822,622,125145,1111,0.004926498542643518,0.6410848240046163
6547,0.6604,4,2,4,675824,620,125149,1107,0.00491065771131669,0.6409959467284309
6548,0.6605,1,0,1,675824,620,125150,1106,0.00491065771131669,0.6407879490150638
6549,0.6606,2,3,2,675827,617,125152,1104,0.004886896464326448,0.641487507263219
6550,0.6607,3,1,3,675828,616,125155,1101,0.004878976048663034,0.6412347117064647
6551,0.6608,0,1,0,675829,615,125155,1101,0.00487105563299962,0.6416083916083916
6552,0.6609,3,1,3,675830,614,125158,1098,0.004863135217336206,0.6413551401869159
6553,0.661,3,0,3,675830,614,125161,1095,0.004863135217336206,0.6407255705090696
6554,0.6611,1,3,1,675833,611,125162,1094,0.004839373970345963,0.6416422287390029
6555,0.6612,1,0,1,675833,611,125163,1093,0.004839373970345963,0.6414319248826291
6556,0.6613,1,0,1,675833,611,125164,1092,0.004839373970345963,0.6412213740458015
6557,0.6614,4,0,4,675833,611,125168,1088,0.004839373970345963,0.6403766921718658
6558,0.6615,3,2,3,675835,609,125171,1085,0.004823533139019136,0.640495867768595
6559,0.6616,2,6,2,675841,603,125173,1083,0.004776010645038652,0.6423487544483986
6560,0.6617,0,1,0,675842,602,125173,1083,0.0047680902293752376,0.6427299703264095
6561,0.6618,0,1,0,675843,601,125173,1083,0.0047601698137118235,0.6431116389548693
6562,0.6619,3,0,3,675843,601,125176,1080,0.0047601698137118235,0.6424747174301011
6563,0.662,1,4,1,675847,597,125177,1079,0.004728488151058167,0.6437947494033412
6564,0.6621,6,0,6,675847,597,125183,1073,0.004728488151058167,0.6425149700598802
6565,0.6622,2,1,2,675848,596,125185,1071,0.004720567735394754,0.6424715056988602
6566,0.6623,3,0,3,675848,596,125188,1068,0.004720567735394754,0.6418269230769231
6567,0.6624,2,2,2,675850,594,125190,1066,0.004704726904067926,0.6421686746987951
6568,0.6625,1,1,1,675851,593,125191,1065,0.004696806488404512,0.6423401688781665
6569,0.6626,4,1,4,675852,592,125195,1061,0.004688886072741098,0.6418632788868723
6570,0.6627,2,0,2,675852,592,125197,1059,0.004688886072741098,0.6414294367050273
6571,0.6628,2,0,2,675852,592,125199,1057,0.004688886072741098,0.6409945421467557
6572,0.6629,0,2,0,675854,590,125199,1057,0.0046730452414142695,0.6417729204614451
6573,0.663,3,0,3,675854,590,125202,1054,0.0046730452414142695,0.6411192214111923
6574,0.6631,1,2,1,675856,588,125203,1053,0.004657204410087441,0.6416819012797075
6575,0.6633,3,1,3,675857,587,125206,1050,0.004649283994424027,0.6414172266340867
6576,0.6634,2,2,2,675859,585,125208,1048,0.004633443163097199,0.6417636252296387
6577,0.6635,0,1,0,675860,584,125208,1048,0.004625522747433785,0.6421568627450981
6578,0.6636,1,0,1,675860,584,125209,1047,0.004625522747433785,0.6419374616799509
6579,0.6637,1,0,1,675860,584,125210,1046,0.004625522747433785,0.6417177914110429
6580,0.6638,4,1,4,675861,583,125214,1042,0.004617602331770371,0.6412307692307693
6581,0.664,4,0,4,675861,583,125218,1038,0.004617602331770371,0.6403454657618753
6582,0.6641,1,2,1,675863,581,125219,1037,0.004601761500443544,0.6409147095179234
6583,0.6642,1,1,1,675864,580,125220,1036,0.0045938410847801295,0.6410891089108911
6584,0.6643,0,1,0,675865,579,125220,1036,0.0045859206691167154,0.6414860681114551
6585,0.6644,1,2,1,675867,577,125221,1035,0.004570079837789887,0.642059553349876
6586,0.6645,1,0,1,675867,577,125222,1034,0.004570079837789887,0.6418373680943513
6587,0.6646,3,1,3,675868,576,125225,1031,0.004562159422126473,0.641568139390168
6588,0.6647,2,1,2,675869,575,125227,1029,0.004554239006463059,0.6415211970074813
6589,0.6648,2,1,2,675870,574,125229,1027,0.004546318590799645,0.641474078700812
6590,0.665,2,1,2,675871,573,125231,1025,0.004538398175136231,0.6414267834793492
6591,0.6651,2,1,2,675872,572,125233,1023,0.004530477759472817,0.6413793103448275
6592,0.6652,4,0,4,675872,572,125237,1019,0.004530477759472817,0.6404776869893148
6593,0.6654,5,4,5,675876,568,125242,1014,0.004498796096819161,0.640960809102402
6594,0.6655,1,1,1,675877,567,125243,1013,0.004490875681155747,0.6411392405063291
6595,0.6656,2,0,2,675877,567,125245,1011,0.004490875681155747,0.6406844106463878
6596,0.6658,2,3,2,675880,564,125247,1009,0.004467114434165505,0.6414494596312779
6597,0.6659,2,0,2,675880,564,125249,1007,0.004467114434165505,0.6409929980903882
6598,0.666,3,0,3,675880,564,125252,1004,0.004467114434165505,0.6403061224489796
6599,0.6661,1,0,1,675880,564,125253,1003,0.004467114434165505,0.6400765794511806
6600,0.6662,1,2,1,675882,562,125254,1002,0.004451273602838677,0.6406649616368286
6601,0.6663,1,2,1,675884,560,125255,1001,0.004435432771511849,0.6412556053811659
6602,0.6664,4,2,4,675886,558,125259,997,0.004419591940185021,0.6411575562700965
6603,0.6665,1,1,1,675887,557,125260,996,0.0044116715245216065,0.6413393432066967
6604,0.6666,2,1,2,675888,556,125262,994,0.0044037511088581924,0.6412903225806451
6605,0.6667,2,1,2,675889,555,125264,992,0.004395830693194779,0.6412411118293472
6606,0.6668,3,0,3,675889,555,125267,989,0.004395830693194779,0.6405440414507773
6607,0.6669,1,0,1,675889,555,125268,988,0.004395830693194779,0.6403110823071938
6608,0.667,4,1,4,675890,554,125272,984,0.004387910277531365,0.6397919375812744
6609,0.6671,5,2,5,675892,552,125277,979,0.004372069446204537,0.6394513389941215
6610,0.6672,4,2,4,675894,550,125281,975,0.004356228614877709,0.639344262295082
6611,0.6673,1,1,1,675895,549,125282,974,0.004348308199214295,0.639527248850952
6612,0.6674,4,0,4,675895,549,125286,970,0.004348308199214295,0.6385780118499013
6613,0.6675,1,1,1,675896,548,125287,969,0.004340387783550881,0.6387607119314437
6614,0.6676,1,1,1,675897,547,125288,968,0.004332467367887467,0.638943894389439
6615,0.6677,1,1,1,675898,546,125289,967,0.0043245469522240525,0.6391275611368142
6616,0.6678,2,1,2,675899,545,125291,965,0.004316626536560638,0.6390728476821192
6617,0.6679,1,2,1,675901,543,125292,964,0.00430078570523381,0.6396814863968149
6618,0.668,1,0,1,675901,543,125293,963,0.00430078570523381,0.6394422310756972
6619,0.6681,2,1,2,675902,542,125295,961,0.004292865289570397,0.6393878908848969
6620,0.6682,1,0,1,675902,542,125296,960,0.004292865289570397,0.6391478029294274
6621,0.6683,1,2,1,675904,540,125297,959,0.004277024458243569,0.6397598398932621
6622,0.6684,5,0,5,675904,540,125302,954,0.004277024458243569,0.6385542168674698
6623,0.6685,3,0,3,675904,540,125305,951,0.004277024458243569,0.6378269617706237
6624,0.6686,1,1,1,675905,539,125306,950,0.004269104042580155,0.6380120886501007
6625,0.6687,3,0,3,675905,539,125309,947,0.004269104042580155,0.6372812920592194
6626,0.6688,2,2,2,675907,537,125311,945,0.004253263211253327,0.6376518218623481
6627,0.6689,1,0,1,675907,537,125312,944,0.004253263211253327,0.637407157326131
6628,0.669,1,1,1,675908,536,125313,943,0.0042453427955899126,0.6375929682217715
6629,0.6691,1,1,1,675909,535,125314,942,0.0042374223799264985,0.6377792823290453
6630,0.6692,2,3,2,675912,532,125316,940,0.004213661132936256,0.6385869565217391
6631,0.6693,4,1,4,675913,531,125320,936,0.004205740717272842,0.6380368098159509
6632,0.6694,3,3,3,675916,528,125323,933,0.004181979470282601,0.6386036960985626
6633,0.6695,0,2,0,675918,526,125323,933,0.004166138638955773,0.6394790952707334
6634,0.6696,0,1,0,675919,525,125323,933,0.0041582182232923585,0.6399176954732511
6635,0.6697,3,3,3,675922,522,125326,930,0.004134456976302116,0.640495867768595
6636,0.6698,1,2,1,675924,520,125327,929,0.004118616144975288,0.6411318150448585
6637,0.6699,1,1,1,675925,519,125328,928,0.004110695729311874,0.6413268832066344
6638,0.67,1,0,1,675925,519,125329,927,0.004110695729311874,0.6410788381742739
6639,0.6701,2,0,2,675925,519,125331,925,0.004110695729311874,0.6405817174515236
6640,0.6702,1,0,1,675925,519,125332,924,0.004110695729311874,0.6403326403326404
6641,0.6703,0,5,0,675930,514,125332,924,0.0040710936509948045,0.6425591098748261
6642,0.6704,1,3,1,675933,511,125333,923,0.004047332404004562,0.6436541143654114
6643,0.6705,1,1,1,675934,510,125334,922,0.004039411988341148,0.6438547486033519
6644,0.6706,2,1,2,675935,509,125336,920,0.004031491572677734,0.6438068579426172
6645,0.6707,1,0,1,675935,509,125337,919,0.004031491572677734,0.6435574229691877
6646,0.6708,1,1,1,675936,508,125338,918,0.00402357115701432,0.6437587657784011
6647,0.6709,2,2,2,675938,506,125340,916,0.004007730325687492,0.6441631504922645
6648,0.671,2,2,2,675940,504,125342,914,0.003991889494360664,0.6445698166431594
6649,0.6711,1,0,1,675940,504,125343,913,0.003991889494360664,0.644318983768525
6650,0.6712,1,1,1,675941,503,125344,912,0.00398396907869725,0.6445229681978799
6651,0.6713,3,2,3,675943,501,125347,909,0.003968128247370422,0.6446808510638298
6652,0.6714,1,1,1,675944,500,125348,908,0.003960207831707008,0.6448863636363636
6653,0.6715,3,1,3,675945,499,125351,905,0.003952287416043594,0.6445868945868946
6654,0.6716,2,1,2,675946,498,125353,903,0.00394436700038018,0.6445396145610278
6655,0.6717,2,0,2,675946,498,125355,901,0.00394436700038018,0.6440314510364546
6656,0.6718,0,2,0,675948,496,125355,901,0.003928526169053352,0.6449534717251253
6657,0.6719,2,1,2,675949,495,125357,899,0.003920605753389938,0.6449067431850789
6658,0.672,1,1,1,675950,494,125358,898,0.003912685337726524,0.6451149425287356
6659,0.6721,2,0,2,675950,494,125360,896,0.003912685337726524,0.6446043165467625
6660,0.6722,2,3,2,675953,491,125362,894,0.003888924090736282,0.6454873646209386
6661,0.6723,1,0,1,675953,491,125363,893,0.003888924090736282,0.6452312138728323
6662,0.6724,2,2,2,675955,489,125365,891,0.003873083259409454,0.6456521739130435
6663,0.6725,2,1,2,675956,488,125367,889,0.0038651628437460397,0.6456063907044299
6664,0.6727,2,1,2,675957,487,125369,887,0.0038572424280826256,0.6455604075691412
6665,0.6729,2,1,2,675958,486,125371,885,0.0038493220124192116,0.6455142231947484
6666,0.6731,1,2,1,675960,484,125372,884,0.003833481181092384,0.6461988304093568
6667,0.6732,5,1,5,675961,483,125377,879,0.0038255607654289698,0.6453744493392071
6668,0.6733,3,0,3,675961,483,125380,876,0.0038255607654289698,0.6445916114790287
6669,0.6734,1,1,1,675962,482,125381,875,0.0038176403497655557,0.6448047162859248
6670,0.6735,1,1,1,675963,481,125382,874,0.0038097199341021416,0.6450184501845019
6671,0.6736,3,0,3,675963,481,125385,871,0.0038097199341021416,0.6442307692307693
6672,0.6737,1,0,1,675963,481,125386,870,0.0038097199341021416,0.6439674315321984
6673,0.6738,1,0,1,675963,481,125387,869,0.0038097199341021416,0.6437037037037037
6674,0.6739,1,1,1,675964,480,125388,868,0.0038017995184387275,0.6439169139465876
6675,0.674,3,3,3,675967,477,125391,865,0.0037780382714484857,0.6445603576751118
6676,0.6741,0,1,0,675968,476,125391,865,0.0037701178557850716,0.645041014168531
6677,0.6742,0,1,0,675969,475,125391,865,0.0037621974401216575,0.6455223880597015
6678,0.6743,2,2,2,675971,473,125393,863,0.0037463566087948294,0.6459580838323353
6679,0.6744,1,1,1,675972,472,125394,862,0.0037384361931314157,0.6461769115442278
6680,0.6745,3,1,3,675973,471,125397,859,0.0037305157774680017,0.6458646616541354
6681,0.6746,1,0,1,675973,471,125398,858,0.0037305157774680017,0.6455981941309256
6682,0.6747,2,2,2,675975,469,125400,856,0.0037146749461411735,0.6460377358490565
6683,0.6748,0,1,0,675976,468,125400,856,0.0037067545304777594,0.6465256797583081
6684,0.6749,1,0,1,675976,468,125401,855,0.0037067545304777594,0.6462585034013606
6685,0.675,1,0,1,675976,468,125402,854,0.0037067545304777594,0.6459909228441755
6686,0.6751,4,1,4,675977,467,125406,850,0.0036988341148143453,0.6454062262718299
6687,0.6752,1,1,1,675978,466,125407,849,0.0036909136991509313,0.6456273764258555
6688,0.6753,2,0,2,675978,466,125409,847,0.0036909136991509313,0.645087585681645
6689,0.6754,1,1,1,675979,465,125410,846,0.0036829932834875176,0.6453089244851259
6690,0.6755,1,0,1,675979,465,125411,845,0.0036829932834875176,0.6450381679389313
6691,0.6756,2,0,2,675979,465,125413,843,0.0036829932834875176,0.6444954128440367
6692,0.6757,1,0,1,675979,465,125414,842,0.0036829932834875176,0.6442234123947972
6693,0.6758,1,1,1,675980,464,125415,841,0.0036750728678241035,0.6444444444444445
6694,0.6759,1,0,1,675980,464,125416,840,0.0036750728678241035,0.6441717791411042
6695,0.676,1,0,1,675980,464,125417,839,0.0036750728678241035,0.6438986953184958
6696,0.6761,2,2,2,675982,462,125419,837,0.0036592320364972754,0.6443418013856813
6697,0.6763,0,2,0,675984,460,125419,837,0.003643391205170447,0.6453353893600616
6698,0.6764,1,1,1,675985,459,125420,836,0.003635470789507033,0.6455598455598456
6699,0.6765,1,0,1,675985,459,125421,835,0.003635470789507033,0.6452859350850078
6700,0.6766,2,0,2,675985,459,125423,833,0.003635470789507033,0.6447368421052632
6701,0.6767,2,0,2,675985,459,125425,831,0.003635470789507033,0.6441860465116279
6702,0.6768,1,0,1,675985,459,125426,830,0.003635470789507033,0.6439100077579519
6703,0.6769,1,2,1,675987,457,125427,829,0.0036196299581802054,0.6446345256609642
6704,0.6771,0,1,0,675988,456,125427,829,0.0036117095425167913,0.645136186770428
6705,0.6772,1,0,1,675988,456,125428,828,0.0036117095425167913,0.6448598130841121
6706,0.6773,1,1,1,675989,455,125429,827,0.0036037891268533772,0.6450858034321373
6707,0.6774,4,0,4,675989,455,125433,823,0.0036037891268533772,0.6439749608763693
6708,0.6775,0,1,0,675990,454,125433,823,0.003595868711189963,0.6444792482380579
6709,0.6776,2,2,2,675992,452,125435,821,0.0035800278798631354,0.6449332285938727
6710,0.6777,1,0,1,675992,452,125436,820,0.0035800278798631354,0.6446540880503144
6711,0.6778,1,0,1,675992,452,125437,819,0.0035800278798631354,0.6443745082612117
6712,0.6779,3,0,3,675992,452,125440,816,0.0035800278798631354,0.6435331230283912
6713,0.678,1,0,1,675992,452,125441,815,0.0035800278798631354,0.6432517758484609
6714,0.6781,2,2,2,675994,450,125443,813,0.0035641870485363073,0.6437054631828979
6715,0.6782,2,1,2,675995,449,125445,811,0.003556266632872893,0.6436507936507937
6716,0.6783,0,2,0,675997,447,125445,811,0.003540425801546065,0.6446740858505564
6717,0.6784,1,1,1,675998,446,125446,810,0.003532505385882651,0.6449044585987261
6718,0.6785,4,1,4,675999,445,125450,806,0.0035245849702192373,0.6442845723421263
6719,0.6786,1,1,1,676000,444,125451,805,0.003516664554555823,0.644515612489992
6720,0.6788,3,1,3,676001,443,125454,802,0.003508744138892409,0.6441767068273092
6721,0.6789,2,0,2,676001,443,125456,800,0.003508744138892409,0.6436041834271923
6722,0.679,1,1,1,676002,442,125457,799,0.003500823723228995,0.6438356164383562
6723,0.6791,5,2,5,676004,440,125462,794,0.003484982891902167,0.6434359805510534
6724,0.6792,0,2,0,676006,438,125462,794,0.003469142060575339,0.6444805194805194
6725,0.6793,2,1,2,676007,437,125464,792,0.003461221644911925,0.644426362896664
6726,0.6794,2,2,2,676009,435,125466,790,0.003445380813585097,0.6448979591836734
6727,0.6795,1,0,1,676009,435,125467,789,0.003445380813585097,0.6446078431372549
6728,0.6797,1,1,1,676010,434,125468,788,0.003437460397921683,0.6448445171849427
6729,0.6798,3,1,3,676011,433,125471,785,0.0034295399822582688,0.6444991789819376
6730,0.6799,0,3,0,676014,430,125471,785,0.003405778735268027,0.6460905349794238
6731,0.6801,1,1,1,676015,429,125472,784,0.003397858319604613,0.6463314097279472
6732,0.6803,3,0,3,676015,429,125475,781,0.003397858319604613,0.6454545454545455
6733,0.6804,1,0,1,676015,429,125476,780,0.003397858319604613,0.6451612903225806
6734,0.6805,1,0,1,676015,429,125477,779,0.003397858319604613,0.6448675496688742
6735,0.6806,1,1,1,676016,428,125478,778,0.003389937903941199,0.6451077943615257
6736,0.6808,1,0,1,676016,428,125479,777,0.003389937903941199,0.6448132780082988
6737,0.6809,0,1,0,676017,427,125479,777,0.0033820174882777847,0.6453488372093024
6738,0.681,2,2,2,676019,425,125481,775,0.003366176656950957,0.6458333333333334
6739,0.6811,1,0,1,676019,425,125482,774,0.003366176656950957,0.6455379482902419
6740,0.6812,1,2,1,676021,423,125483,773,0.003350335825624129,0.6463210702341137
6741,0.6813,2,0,2,676021,423,125485,771,0.003350335825624129,0.6457286432160804
6742,0.6814,0,1,0,676022,422,125485,771,0.0033424154099607147,0.6462699077954736
6743,0.6815,0,2,0,676024,420,125485,771,0.0033265745786338866,0.6473551637279596
6744,0.6816,2,0,2,676024,420,125487,769,0.0033265745786338866,0.6467619848612279
6745,0.6817,0,1,0,676025,419,125487,769,0.0033186541629704725,0.6473063973063973
6746,0.6818,1,1,1,676026,418,125488,768,0.003310733747307059,0.6475548060708263
6747,0.6819,2,0,2,676026,418,125490,766,0.003310733747307059,0.6469594594594594
6748,0.682,1,1,1,676027,417,125491,765,0.0033028133316436448,0.6472081218274112
6749,0.6821,1,0,1,676027,417,125492,764,0.0033028133316436448,0.6469093988145639
6750,0.6822,1,4,1,676031,413,125493,763,0.0032711316689899884,0.6488095238095238
6751,0.6823,1,0,1,676031,413,125494,762,0.0032711316689899884,0.6485106382978724
6752,0.6824,4,0,4,676031,413,125498,758,0.0032711316689899884,0.6473099914602903
6753,0.6825,1,1,1,676032,412,125499,757,0.0032632112533265744,0.6475620188195038
6754,0.6826,3,0,3,676032,412,125502,754,0.0032632112533265744,0.6466552315608919
6755,0.6828,1,0,1,676032,412,125503,753,0.0032632112533265744,0.6463519313304721
6756,0.6829,1,2,1,676034,410,125504,752,0.0032473704219997466,0.6471600688468159
6757,0.683,1,2,1,676036,408,125505,751,0.0032315295906729185,0.6479723899913719
6758,0.6831,1,2,1,676038,406,125506,750,0.0032156887593460903,0.6487889273356401
6759,0.6833,0,1,0,676039,405,125506,750,0.0032077683436826767,0.6493506493506493
6760,0.6834,1,1,1,676040,404,125507,749,0.0031998479280192626,0.6496097137901128
6761,0.6835,1,1,1,676041,403,125508,748,0.0031919275123558485,0.6498696785403997
6762,0.6836,1,0,1,676041,403,125509,747,0.0031919275123558485,0.6495652173913044
6763,0.6837,2,0,2,676041,403,125511,745,0.0031919275123558485,0.6489547038327527
6764,0.6838,2,1,2,676042,402,125513,743,0.0031840070966924344,0.6489082969432315
6765,0.6839,2,0,2,676042,402,125515,741,0.0031840070966924344,0.6482939632545932
6766,0.684,2,0,2,676042,402,125517,739,0.0031840070966924344,0.6476774758983348
6767,0.6841,0,2,0,676044,400,125517,739,0.0031681662653656063,0.6488147497805092
6768,0.6842,2,0,2,676044,400,125519,737,0.0031681662653656063,0.6481970096745823
6769,0.6843,2,0,2,676044,400,125521,735,0.0031681662653656063,0.6475770925110133
6770,0.6846,1,1,1,676045,399,125522,734,0.003160245849702192,0.6478375992939099
6771,0.6847,3,3,3,676048,396,125525,731,0.0031364846027119504,0.6486246672582077
6772,0.6848,3,0,3,676048,396,125528,728,0.0031364846027119504,0.6476868327402135
6773,0.6849,0,2,0,676050,394,125528,728,0.003120643771385122,0.6488413547237076
6774,0.685,3,0,3,676050,394,125531,725,0.003120643771385122,0.647899910634495
6775,0.6851,5,1,5,676051,393,125536,720,0.003112723355721708,0.6469002695417789
6776,0.6852,2,0,2,676051,393,125538,718,0.003112723355721708,0.6462646264626463
6777,0.6853,2,1,2,676052,392,125540,716,0.003104802940058294,0.6462093862815884
6778,0.6854,1,0,1,676052,392,125541,715,0.003104802940058294,0.6458897922312556
6779,0.6855,2,0,2,676052,392,125543,713,0.003104802940058294,0.6452488687782806
6780,0.6856,1,0,1,676052,392,125544,712,0.003104802940058294,0.644927536231884
6781,0.6858,1,2,1,676054,390,125545,711,0.0030889621087314663,0.6457765667574932
6782,0.6859,1,0,1,676054,390,125546,710,0.0030889621087314663,0.6454545454545455
6783,0.686,1,0,1,676054,390,125547,709,0.0030889621087314663,0.6451319381255687
6784,0.6861,1,1,1,676055,389,125548,708,0.0030810416930680522,0.6453965360072926
6785,0.6862,4,3,4,676058,386,125552,704,0.00305728044607781,0.6458715596330276
6786,0.6863,3,0,3,676058,386,125555,701,0.00305728044607781,0.6448942042318307
6787,0.6864,1,1,1,676059,385,125556,700,0.0030493600304143964,0.6451612903225806
6788,0.6865,2,1,2,676060,384,125558,698,0.0030414396147509823,0.6451016635859519
6789,0.6866,1,1,1,676061,383,125559,697,0.003033519199087568,0.6453703703703704
6790,0.6867,1,0,1,676061,383,125560,696,0.003033519199087568,0.6450417052826691
6791,0.6868,3,2,3,676063,381,125563,693,0.00301767836776074,0.6452513966480447
6792,0.6869,2,1,2,676064,380,125565,691,0.003009757952097326,0.6451914098972923
6793,0.687,2,0,2,676064,380,125567,689,0.003009757952097326,0.6445275958840038
6794,0.6871,2,1,2,676065,379,125569,687,0.003001837536433912,0.6444652908067542
6795,0.6872,2,1,2,676066,378,125571,685,0.0029939171207704982,0.6444026340545626
6796,0.6873,1,1,1,676067,377,125572,684,0.002985996705107084,0.644674835061263
6797,0.6875,1,0,1,676067,377,125573,683,0.002985996705107084,0.6443396226415095
6798,0.6876,0,2,0,676069,375,125573,683,0.002970155873780256,0.6455576559546313
6799,0.6877,2,1,2,676070,374,125575,681,0.002962235458116842,0.6454976303317536
6800,0.6878,3,1,3,676071,373,125578,678,0.002954315042453428,0.6450999048525214
6801,0.6879,1,0,1,676071,373,125579,677,0.002954315042453428,0.6447619047619048
6802,0.6881,3,0,3,676071,373,125582,674,0.002954315042453428,0.6437440305635148
6803,0.6882,2,1,2,676072,372,125584,672,0.0029463946267900137,0.6436781609195402
6804,0.6883,4,2,4,676074,370,125588,668,0.002930553795463186,0.6435452793834296
6805,0.6884,2,1,2,676075,369,125590,666,0.002922633379799772,0.6434782608695652
6806,0.6885,1,0,1,676075,369,125591,665,0.002922633379799772,0.6431334622823984
6807,0.6887,2,2,2,676077,367,125593,663,0.0029067925484729438,0.6436893203883495
6808,0.6888,1,0,1,676077,367,125594,662,0.0029067925484729438,0.6433430515063168
6809,0.6889,1,0,1,676077,367,125595,661,0.0029067925484729438,0.6429961089494164
6810,0.6891,0,2,0,676079,365,125595,661,0.002890951717146116,0.6442495126705653
6811,0.6892,3,4,3,676083,361,125598,658,0.0028592700544924597,0.6457311089303238
6812,0.6893,2,0,2,676083,361,125600,656,0.0028592700544924597,0.6450344149459194
6813,0.6894,2,0,2,676083,361,125602,654,0.0028592700544924597,0.6443349753694582
6814,0.6895,1,2,1,676085,359,125603,653,0.0028434292231656316,0.6452569169960475
6815,0.6896,0,3,0,676088,356,125603,653,0.0028196679761753897,0.647175421209118
6816,0.6897,1,0,1,676088,356,125604,652,0.0028196679761753897,0.6468253968253969
6817,0.6898,1,1,1,676089,355,125605,651,0.0028117475605119757,0.647117296222664
6818,0.69,2,2,2,676091,353,125607,649,0.0027959067291851475,0.6477045908183633
6819,0.6901,0,2,0,676093,351,125607,649,0.0027800658978583198,0.649
6820,0.6902,2,1,2,676094,350,125609,647,0.0027721454821949057,0.6489468405215647
6821,0.6903,0,1,0,676095,349,125609,647,0.0027642250665314916,0.6495983935742972
6822,0.6904,2,2,2,676097,347,125611,645,0.0027483842352046635,0.6502016129032258
6823,0.6905,1,0,1,676097,347,125612,644,0.0027483842352046635,0.649848637739657
6824,0.6906,2,2,2,676099,345,125614,642,0.0027325434038778353,0.6504559270516718
6825,0.691,3,2,3,676101,343,125617,639,0.0027167025725510076,0.6507128309572301
6826,0.6911,3,0,3,676101,343,125620,636,0.0027167025725510076,0.6496424923391215
6827,0.6912,1,2,1,676103,341,125621,635,0.0027008617412241794,0.6506147540983607
6828,0.6913,3,0,3,676103,341,125624,632,0.0027008617412241794,0.6495375128468653
6829,0.6914,0,2,0,676105,339,125624,632,0.0026850209098973512,0.650875386199794
6830,0.6915,1,0,1,676105,339,125625,631,0.0026850209098973512,0.6505154639175258
6831,0.6916,3,2,3,676107,337,125628,628,0.0026691800785705235,0.6507772020725389
6832,0.6917,1,1,1,676108,336,125629,627,0.0026612596629071094,0.6510903426791277
6833,0.6918,1,0,1,676108,336,125630,626,0.0026612596629071094,0.6507276507276507
6834,0.6919,2,1,2,676109,335,125632,624,0.0026533392472436954,0.6506777893639207
6835,0.692,1,0,1,676109,335,125633,623,0.0026533392472436954,0.6503131524008351
6836,0.6921,2,0,2,676109,335,125635,621,0.0026533392472436954,0.649581589958159
6837,0.6922,0,1,0,676110,334,125635,621,0.0026454188315802813,0.650261780104712
6838,0.6923,1,1,1,676111,333,125636,620,0.002637498415916867,0.6505771248688352
6839,0.6924,1,1,1,676112,332,125637,619,0.002629578000253453,0.650893796004206
6840,0.6925,0,2,0,676114,330,125637,619,0.0026137371689266254,0.6522655426765016
6841,0.6926,1,0,1,676114,330,125638,618,0.0026137371689266254,0.6518987341772152
6842,0.6927,1,2,1,676116,328,125639,617,0.0025978963375997972,0.6529100529100529
6843,0.6929,1,0,1,676116,328,125640,616,0.0025978963375997972,0.652542372881356
6844,0.693,1,1,1,676117,327,125641,615,0.002589975921936383,0.6528662420382165
6845,0.6931,1,1,1,676118,326,125642,614,0.002582055506272969,0.6531914893617021
6846,0.6932,1,0,1,676118,326,125643,613,0.002582055506272969,0.6528221512247071
6847,0.6933,1,0,1,676118,326,125644,612,0.002582055506272969,0.652452025586354
6848,0.6934,2,0,2,676118,326,125646,610,0.002582055506272969,0.6517094017094017
6849,0.6935,1,1,1,676119,325,125647,609,0.002574135090609555,0.6520342612419701
6850,0.6937,1,0,1,676119,325,125648,608,0.002574135090609555,0.6516613076098606
6851,0.6938,0,1,0,676120,324,125648,608,0.0025662146749461413,0.6523605150214592
6852,0.6939,2,0,2,676120,324,125650,606,0.0025662146749461413,0.6516129032258065
6853,0.694,1,1,1,676121,323,125651,605,0.0025582942592827273,0.6519396551724138
6854,0.6942,1,0,1,676121,323,125652,604,0.0025582942592827273,0.651564185544768
6855,0.6944,1,1,1,676122,322,125653,603,0.002550373843619313,0.6518918918918919
6856,0.6945,3,0,3,676122,322,125656,600,0.002550373843619313,0.6507592190889371
6857,0.6946,1,1,1,676123,321,125657,599,0.002542453427955899,0.6510869565217391
6858,0.6947,1,0,1,676123,321,125658,598,0.002542453427955899,0.6507072905331882
6859,0.6948,2,1,2,676124,320,125660,596,0.002534533012292485,0.6506550218340611
6860,0.6949,1,0,1,676124,320,125661,595,0.002534533012292485,0.6502732240437158
6861,0.695,1,0,1,676124,320,125662,594,0.002534533012292485,0.649890590809628
6862,0.6951,2,1,2,676125,319,125664,592,0.002526612596629071,0.6498353457738749
6863,0.6953,1,2,1,676127,317,125665,591,0.002510771765302243,0.6508810572687225
6864,0.6954,0,2,0,676129,315,125665,591,0.002494930933975415,0.652317880794702
6865,0.6955,1,0,1,676129,315,125666,590,0.002494930933975415,0.6519337016574586
6866,0.6956,2,2,2,676131,313,125668,588,0.002479090102648587,0.6526082130965594
6867,0.6958,1,2,1,676133,311,125669,587,0.002463249271321759,0.6536748329621381
6868,0.6959,2,0,2,676133,311,125671,585,0.002463249271321759,0.6529017857142857
6869,0.696,1,0,1,676133,311,125672,584,0.002463249271321759,0.6525139664804469
6870,0.6961,2,1,2,676134,310,125674,582,0.002455328855658345,0.6524663677130045
6871,0.6962,1,0,1,676134,310,125675,581,0.002455328855658345,0.6520763187429854
6872,0.6963,2,2,2,676136,308,125677,579,0.002439488024331517,0.6527621195039459
6873,0.6965,0,1,0,676137,307,125677,579,0.002431567608668103,0.6534988713318285
6874,0.6966,2,1,2,676138,306,125679,577,0.0024236471930046887,0.6534541336353341
6875,0.6967,1,0,1,676138,306,125680,576,0.0024236471930046887,0.6530612244897959
6876,0.6968,1,0,1,676138,306,125681,575,0.0024236471930046887,0.6526674233825198
6877,0.697,1,0,1,676138,306,125682,574,0.0024236471930046887,0.6522727272727272
6878,0.6971,1,0,1,676138,306,125683,573,0.0024236471930046887,0.6518771331058021
6879,0.6972,2,0,2,676138,306,125685,571,0.0024236471930046887,0.6510832383124288
6880,0.6973,0,1,0,676139,305,125685,571,0.0024157267773412747,0.6518264840182648
6881,0.6974,0,2,0,676141,303,125685,571,0.002399885946014447,0.6533180778032036
6882,0.6975,0,1,0,676142,302,125685,571,0.002391965530351033,0.6540664375715922
6883,0.6978,4,2,4,676144,300,125689,567,0.0023761246990242047,0.6539792387543253
6884,0.6979,0,1,0,676145,299,125689,567,0.0023682042833607906,0.6547344110854504
6885,0.698,2,0,2,676145,299,125691,565,0.0023682042833607906,0.6539351851851852
6886,0.6982,0,1,0,676146,298,125691,565,0.002360283867697377,0.6546929316338355
6887,0.6985,0,1,0,676147,297,125691,565,0.002352363452033963,0.6554524361948956
6888,0.6986,1,1,1,676148,296,125692,564,0.002344443036370549,0.6558139534883721
6889,0.6987,1,0,1,676148,296,125693,563,0.002344443036370549,0.6554132712456344
6890,0.6988,1,0,1,676148,296,125694,562,0.002344443036370549,0.655011655011655
6891,0.6989,1,0,1,676148,296,125695,561,0.002344443036370549,0.6546091015169195
6892,0.699,2,0,2,676148,296,125697,559,0.002344443036370549,0.6538011695906433
6893,0.6992,0,1,0,676149,295,125697,559,0.0023365226207071347,0.6545667447306791
6894,0.6993,1,1,1,676150,294,125698,558,0.0023286022050437206,0.6549295774647887
6895,0.6994,1,0,1,676150,294,125699,557,0.0023286022050437206,0.654524089306698
6896,0.6995,2,0,2,676150,294,125701,555,0.0023286022050437206,0.6537102473498233
6897,0.6996,2,0,2,676150,294,125703,553,0.0023286022050437206,0.6528925619834711
6898,0.6998,2,1,2,676151,293,125705,551,0.0023206817893803066,0.6528436018957346
6899,0.6999,0,1,0,676152,292,125705,551,0.0023127613737168925,0.6536180308422301
6900,0.7002,1,0,1,676152,292,125706,550,0.0023127613737168925,0.6532066508313539
6901,0.7003,3,0,3,676152,292,125709,547,0.0023127613737168925,0.6519666269368296
6902,0.7005,0,1,0,676153,291,125709,547,0.002304840958053479,0.652744630071599
6903,0.7006,0,2,0,676155,289,125709,547,0.0022890001267266507,0.6543062200956937
6904,0.7007,3,0,3,676155,289,125712,544,0.0022890001267266507,0.6530612244897959
6905,0.7008,1,1,1,676156,288,125713,543,0.0022810797110632366,0.6534296028880866
6906,0.7009,0,2,0,676158,286,125713,543,0.0022652388797364084,0.6550060313630881
6907,0.701,3,1,3,676159,285,125716,540,0.0022573184640729944,0.6545454545454545
6908,0.7011,2,1,2,676160,284,125718,538,0.0022493980484095807,0.6545012165450121
6909,0.7012,3,1,3,676161,283,125721,535,0.0022414776327461666,0.6540342298288508
6910,0.7013,1,0,1,676161,283,125722,534,0.0022414776327461666,0.653610771113831
6911,0.7015,1,0,1,676161,283,125723,533,0.0022414776327461666,0.6531862745098039
6912,0.7016,1,0,1,676161,283,125724,532,0.0022414776327461666,0.652760736196319
6913,0.7019,1,0,1,676161,283,125725,531,0.0022414776327461666,0.6523341523341524
6914,0.702,2,0,2,676161,283,125727,529,0.0022414776327461666,0.6514778325123153
6915,0.7021,0,1,0,676162,282,125727,529,0.0022335572170827525,0.6522811344019729
6916,0.7022,0,1,0,676163,281,125727,529,0.0022256368014193385,0.6530864197530865
6917,0.7023,0,2,0,676165,279,125727,529,0.0022097959700925103,0.6547029702970297
6918,0.7024,1,1,1,676166,278,125728,528,0.0022018755544290962,0.6550868486352357
6919,0.7025,2,0,2,676166,278,125730,526,0.0022018755544290962,0.654228855721393
6920,0.7026,1,2,1,676168,276,125731,525,0.0021860347231022685,0.6554307116104869
6921,0.7029,1,1,1,676169,275,125732,524,0.0021781143074388544,0.655819774718398
6922,0.703,2,1,2,676170,274,125734,522,0.0021701938917754403,0.6557788944723618
6923,0.7031,2,1,2,676171,273,125736,520,0.0021622734761120263,0.6557377049180327
6924,0.7032,1,0,1,676171,273,125737,519,0.0021622734761120263,0.6553030303030303
6925,0.7033,1,1,1,676172,272,125738,518,0.002154353060448612,0.6556962025316456
6926,0.7034,2,2,2,676174,270,125740,516,0.0021385122291217844,0.6564885496183206
6927,0.7036,3,0,3,676174,270,125743,513,0.0021385122291217844,0.6551724137931034
6928,0.7037,2,0,2,676174,270,125745,511,0.0021385122291217844,0.6542893725992317
6929,0.7038,2,0,2,676174,270,125747,509,0.0021385122291217844,0.6534017971758665
6930,0.7039,1,1,1,676175,269,125748,508,0.0021305918134583704,0.6537966537966537
6931,0.7041,0,3,0,676178,266,125748,508,0.002106830566468128,0.6563307493540051
6932,0.7042,2,4,2,676182,262,125750,506,0.0020751489038144722,0.6588541666666666
6933,0.7043,2,2,2,676184,260,125752,504,0.002059308072487644,0.6596858638743456
6934,0.7044,2,0,2,676184,260,125754,502,0.002059308072487644,0.6587926509186351
6935,0.7045,2,0,2,676184,260,125756,500,0.002059308072487644,0.6578947368421053
6936,0.7046,1,1,1,676185,259,125757,499,0.00205138765682423,0.658311345646438
6937,0.7047,4,0,4,676185,259,125761,495,0.00205138765682423,0.656498673740053
6938,0.7048,1,0,1,676185,259,125762,494,0.00205138765682423,0.6560424966799469
6939,0.705,1,0,1,676185,259,125763,493,0.00205138765682423,0.6555851063829787
6940,0.7051,2,0,2,676185,259,125765,491,0.00205138765682423,0.6546666666666666
6941,0.7052,1,0,1,676185,259,125766,490,0.00205138765682423,0.6542056074766355
6942,0.7053,0,2,0,676187,257,125766,490,0.0020355468254974023,0.6559571619812584
6943,0.7055,1,0,1,676187,257,125767,489,0.0020355468254974023,0.6554959785522788
6944,0.7056,1,0,1,676187,257,125768,488,0.0020355468254974023,0.6550335570469799
6945,0.7057,1,3,1,676190,254,125769,487,0.00201178557850716,0.6572199730094467
6946,0.7058,2,0,2,676190,254,125771,485,0.00201178557850716,0.6562922868741543
6947,0.706,0,2,0,676192,252,125771,485,0.001995944747180332,0.6580732700135685
6948,0.7061,1,0,1,676192,252,125772,484,0.001995944747180332,0.657608695652174
6949,0.7062,1,1,1,676193,251,125773,483,0.001988024331516918,0.6580381471389646
6950,0.7063,1,0,1,676193,251,125774,482,0.001988024331516918,0.6575716234652115
6951,0.7064,2,1,2,676194,250,125776,480,0.001980103915853504,0.6575342465753424
6952,0.7065,0,2,0,676196,248,125776,480,0.001964263084526676,0.6593406593406593
6953,0.7067,2,0,2,676196,248,125778,478,0.001964263084526676,0.6584022038567493
6954,0.7068,1,1,1,676197,247,125779,477,0.001956342668863262,0.6588397790055248
6955,0.7069,1,0,1,676197,247,125780,476,0.001956342668863262,0.6583679114799447
6956,0.7071,1,0,1,676197,247,125781,475,0.001956342668863262,0.6578947368421053
6957,0.7072,1,0,1,676197,247,125782,474,0.001956342668863262,0.6574202496532594
6958,0.7073,1,0,1,676197,247,125783,473,0.001956342668863262,0.6569444444444444
6959,0.7074,0,1,0,676198,246,125783,473,0.001948422253199848,0.6578581363004172
6960,0.7076,5,0,5,676198,246,125788,468,0.001948422253199848,0.6554621848739496
6961,0.7077,1,0,1,676198,246,125789,467,0.001948422253199848,0.6549789621318373
6962,0.7078,1,0,1,676198,246,125790,466,0.001948422253199848,0.6544943820224719
6963,0.7079,1,1,1,676199,245,125791,465,0.001940501837536434,0.6549295774647887
6964,0.708,1,0,1,676199,245,125792,464,0.001940501837536434,0.6544428772919605
6965,0.7081,2,0,2,676199,245,125794,462,0.001940501837536434,0.6534653465346535
6966,0.7083,1,0,1,676199,245,125795,461,0.001940501837536434,0.6529745042492918
6967,0.7084,0,1,0,676200,244,125795,461,0.0019325814218730199,0.6539007092198581
6968,0.7085,1,0,1,676200,244,125796,460,0.0019325814218730199,0.6534090909090909
6969,0.7086,3,0,3,676200,244,125799,457,0.0019325814218730199,0.651925820256776
6970,0.7087,2,1,2,676201,243,125801,455,0.0019246610062096058,0.6518624641833811
6971,0.7088,1,0,1,676201,243,125802,454,0.0019246610062096058,0.6513629842180775
6972,0.7089,1,2,1,676203,241,125803,453,0.0019088201748827778,0.6527377521613833
6973,0.709,1,0,1,676203,241,125804,452,0.0019088201748827778,0.6522366522366523
6974,0.7091,1,1,1,676204,240,125805,451,0.0019008997592193638,0.6526772793053546
6975,0.7092,1,0,1,676204,240,125806,450,0.0019008997592193638,0.6521739130434783
6976,0.7093,1,2,1,676206,238,125807,449,0.0018850589278925358,0.653566229985444
6977,0.7095,0,3,0,676209,235,125807,449,0.0018612976809022938,0.6564327485380117
6978,0.7096,4,3,4,676212,232,125811,445,0.0018375364339120518,0.6573116691285081
6979,0.7097,1,0,1,676212,232,125812,444,0.0018375364339120518,0.6568047337278107
6980,0.7098,0,1,0,676213,231,125812,444,0.0018296160182486377,0.6577777777777778
6981,0.7099,1,1,1,676214,230,125813,443,0.0018216956025852236,0.6582466567607727
6982,0.71,1,0,1,676214,230,125814,442,0.0018216956025852236,0.6577380952380952
6983,0.7101,1,0,1,676214,230,125815,441,0.0018216956025852236,0.6572280178837556
6984,0.7103,4,0,4,676214,230,125819,437,0.0018216956025852236,0.6551724137931034
6985,0.7104,0,2,0,676216,228,125819,437,0.0018058547712583957,0.6571428571428571
6986,0.7105,1,1,1,676217,227,125820,436,0.0017979343555949816,0.6576168929110106
6987,0.7106,1,1,1,676218,226,125821,435,0.0017900139399315677,0.6580937972768532
6988,0.7107,1,1,1,676219,225,125822,434,0.0017820935242681536,0.6585735963581184
6989,0.7108,1,1,1,676220,224,125823,433,0.0017741731086047396,0.6590563165905632
6990,0.711,1,1,1,676221,223,125824,432,0.0017662526929413255,0.6595419847328244
6991,0.7111,1,0,1,676221,223,125825,431,0.0017662526929413255,0.6590214067278287
6992,0.7112,2,2,2,676223,221,125827,429,0.0017504118616144975,0.66
6993,0.7113,0,1,0,676224,220,125827,429,0.0017424914459510834,0.6610169491525424
6994,0.7114,0,1,0,676225,219,125827,429,0.0017345710302876696,0.6620370370370371
6995,0.7115,1,2,1,676227,217,125828,428,0.0017187301989608414,0.6635658914728683
6996,0.7116,1,1,1,676228,216,125829,427,0.0017108097832974276,0.6640746500777605
6997,0.7119,0,1,0,676229,215,125829,427,0.0017028893676340135,0.6651090342679128
6998,0.712,1,0,1,676229,215,125830,426,0.0017028893676340135,0.6645865834633385
6999,0.7121,2,0,2,676229,215,125832,424,0.0017028893676340135,0.6635367762128326
7000,0.7122,0,2,0,676231,213,125832,424,0.0016870485363071853,0.6656200941915228
7001,0.7123,1,0,1,676231,213,125833,423,0.0016870485363071853,0.6650943396226415
7002,0.7124,3,0,3,676231,213,125836,420,0.0016870485363071853,0.6635071090047393
7003,0.7125,1,1,1,676232,212,125837,419,0.0016791281206437714,0.6640253565768621
7004,0.7128,2,3,2,676235,209,125839,417,0.0016553668736535294,0.6661341853035144
7005,0.7129,1,2,1,676237,207,125840,416,0.0016395260423267013,0.6677367576243981
7006,0.713,1,0,1,676237,207,125841,415,0.0016395260423267013,0.6672025723472669
7007,0.7132,0,1,0,676238,206,125841,415,0.0016316056266632872,0.6682769726247987
7008,0.7134,1,1,1,676239,205,125842,414,0.0016236852109998733,0.6688206785137318
7009,0.7137,0,1,0,676240,204,125842,414,0.0016157647953364592,0.6699029126213593
7010,0.7138,2,0,2,676240,204,125844,412,0.0016157647953364592,0.6688311688311688
7011,0.7139,1,0,1,676240,204,125845,411,0.0016157647953364592,0.6682926829268293
7012,0.714,1,0,1,676240,204,125846,410,0.0016157647953364592,0.6677524429967426
7013,0.7141,1,0,1,676240,204,125847,409,0.0016157647953364592,0.66721044045677
7014,0.7143,2,0,2,676240,204,125849,407,0.0016157647953364592,0.6661211129296236
7015,0.7145,2,0,2,676240,204,125851,405,0.0016157647953364592,0.6650246305418719
7016,0.7146,0,1,0,676241,203,125851,405,0.0016078443796730452,0.6661184210526315
7017,0.7147,1,0,1,676241,203,125852,404,0.0016078443796730452,0.6655683690280065
7018,0.7148,1,1,1,676242,202,125853,403,0.0015999239640096313,0.6661157024793388
7019,0.7149,0,1,0,676243,201,125853,403,0.0015920035483462172,0.6672185430463576
7020,0.715,1,0,1,676243,201,125854,402,0.0015920035483462172,0.6666666666666666
7021,0.7152,0,1,0,676244,200,125854,402,0.0015840831326828031,0.6677740863787376
7022,0.7154,1,0,1,676244,200,125855,401,0.0015840831326828031,0.6672212978369384
7023,0.7156,0,2,0,676246,198,125855,401,0.0015682423013559752,0.669449081803005
7024,0.7159,2,0,2,676246,198,125857,399,0.0015682423013559752,0.6683417085427136
7025,0.7162,1,0,1,676246,198,125858,398,0.0015682423013559752,0.6677852348993288
7026,0.7163,2,2,2,676248,196,125860,396,0.001552401470029147,0.668918918918919
7027,0.7164,0,1,0,676249,195,125860,396,0.0015444810543657332,0.6700507614213198
7028,0.7166,1,0,1,676249,195,125861,395,0.0015444810543657332,0.6694915254237288
7029,0.7167,1,0,1,676249,195,125862,394,0.0015444810543657332,0.6689303904923599
7030,0.7168,1,0,1,676249,195,125863,393,0.0015444810543657332,0.6683673469387755
7031,0.7169,0,1,0,676250,194,125863,393,0.001536560638702319,0.6695059625212947
7032,0.717,1,1,1,676251,193,125864,392,0.001528640223038905,0.67008547008547
7033,0.7171,0,1,0,676252,192,125864,392,0.0015207198073754911,0.6712328767123288
7034,0.7172,1,0,1,676252,192,125865,391,0.0015207198073754911,0.6706689536878216
7035,0.7174,0,1,0,676253,191,125865,391,0.001512799391712077,0.6718213058419243
7036,0.7175,2,0,2,676253,191,125867,389,0.001512799391712077,0.6706896551724137
7037,0.7177,0,1,0,676254,190,125867,389,0.001504878976048663,0.6718480138169257
7038,0.7179,0,1,0,676255,189,125867,389,0.0014969585603852491,0.6730103806228374
7039,0.7182,1,0,1,676255,189,125868,388,0.0014969585603852491,0.6724436741767764
7040,0.7183,1,0,1,676255,189,125869,387,0.0014969585603852491,0.671875
7041,0.7184,0,2,0,676257,187,125869,387,0.001481117729058421,0.6742160278745645
7042,0.7186,2,2,2,676259,185,125871,385,0.001465276897731593,0.6754385964912281
7043,0.7188,3,0,3,676259,185,125874,382,0.001465276897731593,0.673721340388007
7044,0.719,2,1,2,676260,184,125876,380,0.001457356482068179,0.6737588652482269
7045,0.7191,1,2,1,676262,182,125877,379,0.001441515650741351,0.6755793226381461
7046,0.7192,0,1,0,676263,181,125877,379,0.001433595235077937,0.6767857142857143
7047,0.7193,1,0,1,676263,181,125878,378,0.001433595235077937,0.6762075134168157
7048,0.7194,0,1,0,676264,180,125878,378,0.0014256748194145228,0.6774193548387096
7049,0.7195,1,0,1,676264,180,125879,377,0.0014256748194145228,0.6768402154398564
7050,0.7197,2,0,2,676264,180,125881,375,0.0014256748194145228,0.6756756756756757
7051,0.7199,0,2,0,676266,178,125881,375,0.0014098339880876949,0.6781193490054249
7052,0.72,0,1,0,676267,177,125881,375,0.0014019135724242808,0.6793478260869565
7053,0.7202,1,0,1,676267,177,125882,374,0.0014019135724242808,0.6787658802177858
7054,0.7203,1,0,1,676267,177,125883,373,0.0014019135724242808,0.6781818181818182
7055,0.7204,1,1,1,676268,176,125884,372,0.0013939931567608667,0.6788321167883211
7056,0.7205,2,1,2,676269,175,125886,370,0.0013860727410974528,0.6788990825688074
7057,0.7207,3,0,3,676269,175,125889,367,0.0013860727410974528,0.6771217712177122
7058,0.7208,1,2,1,676271,173,125890,366,0.0013702319097706247,0.6790352504638218
7059,0.7209,4,0,4,676271,173,125894,362,0.0013702319097706247,0.6766355140186916
7060,0.7213,2,0,2,676271,173,125896,360,0.0013702319097706247,0.6754221388367729
7061,0.7214,1,0,1,676271,173,125897,359,0.0013702319097706247,0.674812030075188
7062,0.7216,3,0,3,676271,173,125900,356,0.0013702319097706247,0.6729678638941399
7063,0.7217,0,1,0,676272,172,125900,356,0.0013623114941072108,0.6742424242424242
7064,0.7219,1,0,1,676272,172,125901,355,0.0013623114941072108,0.6736242884250474
7065,0.7222,1,1,1,676273,171,125902,354,0.0013543910784437967,0.6742857142857143
7066,0.7223,3,0,3,676273,171,125905,351,0.0013543910784437967,0.6724137931034483
7067,0.7224,3,1,3,676274,170,125908,348,0.0013464706627803827,0.6718146718146718
7068,0.7225,1,0,1,676274,170,125909,347,0.0013464706627803827,0.6711798839458414
7069,0.7226,1,0,1,676274,170,125910,346,0.0013464706627803827,0.6705426356589147
7070,0.7227,1,0,1,676274,170,125911,345,0.0013464706627803827,0.6699029126213593
7071,0.7228,1,0,1,676274,170,125912,344,0.0013464706627803827,0.669260700389105
7072,0.7229,1,0,1,676274,170,125913,343,0.0013464706627803827,0.6686159844054581
7073,0.723,1,0,1,676274,170,125914,342,0.0013464706627803827,0.66796875
7074,0.7232,1,0,1,676274,170,125915,341,0.0013464706627803827,0.6673189823874756
7075,0.7233,3,0,3,676274,170,125918,338,0.0013464706627803827,0.6653543307086615
7076,0.7234,0,1,0,676275,169,125918,338,0.0013385502471169688,0.6666666666666666
7077,0.7235,1,0,1,676275,169,125919,337,0.0013385502471169688,0.66600790513834
7078,0.7236,2,0,2,676275,169,125921,335,0.0013385502471169688,0.6646825396825397
7079,0.7237,1,0,1,676275,169,125922,334,0.0013385502471169688,0.6640159045725647
7080,0.7238,1,1,1,676276,168,125923,333,0.0013306298314535547,0.6646706586826348
7081,0.7239,0,1,0,676277,167,125923,333,0.0013227094157901406,0.666
7082,0.7243,0,1,0,676278,166,125923,333,0.0013147890001267266,0.6673346693386774
7083,0.7244,2,0,2,676278,166,125925,331,0.0013147890001267266,0.6659959758551308
7084,0.7246,1,1,1,676279,165,125926,330,0.0013068685844633127,0.6666666666666666
7085,0.7247,2,1,2,676280,164,125928,328,0.0012989481687998986,0.6666666666666666
7086,0.7248,1,1,1,676281,163,125929,327,0.0012910277531364845,0.6673469387755102
7087,0.7249,3,0,3,676281,163,125932,324,0.0012910277531364845,0.6652977412731006
7088,0.725,1,0,1,676281,163,125933,323,0.0012910277531364845,0.6646090534979424
7089,0.7251,4,0,4,676281,163,125937,319,0.0012910277531364845,0.6618257261410788
7090,0.7254,1,0,1,676281,163,125938,318,0.0012910277531364845,0.6611226611226612
7091,0.7256,1,0,1,676281,163,125939,317,0.0012910277531364845,0.6604166666666667
7092,0.7257,1,0,1,676281,163,125940,316,0.0012910277531364845,0.6597077244258872
7093,0.7258,1,0,1,676281,163,125941,315,0.0012910277531364845,0.6589958158995816
7094,0.726,0,1,0,676282,162,125941,315,0.0012831073374730707,0.660377358490566
7095,0.7261,1,0,1,676282,162,125942,314,0.0012831073374730707,0.6596638655462185
7096,0.7264,1,1,1,676283,161,125943,313,0.0012751869218096566,0.6603375527426161
7097,0.7265,1,0,1,676283,161,125944,312,0.0012751869218096566,0.6596194503171248
7098,0.7267,2,0,2,676283,161,125946,310,0.0012751869218096566,0.6581740976645435
7099,0.7268,2,0,2,676283,161,125948,308,0.0012751869218096566,0.6567164179104478
7100,0.7269,0,1,0,676284,160,125948,308,0.0012672665061462425,0.6581196581196581
7101,0.727,1,1,1,676285,159,125949,307,0.0012593460904828286,0.6587982832618026
7102,0.7272,2,0,2,676285,159,125951,305,0.0012593460904828286,0.6573275862068966
7103,0.7273,0,1,0,676286,158,125951,305,0.0012514256748194146,0.6587473002159827
7104,0.7274,2,0,2,676286,158,125953,303,0.0012514256748194146,0.6572668112798264
7105,0.7275,0,1,0,676287,157,125953,303,0.0012435052591560005,0.658695652173913
7106,0.7276,1,0,1,676287,157,125954,302,0.0012435052591560005,0.6579520697167756
7107,0.7277,1,0,1,676287,157,125955,301,0.0012435052591560005,0.6572052401746725
7108,0.7278,1,0,1,676287,157,125956,300,0.0012435052591560005,0.6564551422319475
7109,0.7279,2,1,2,676288,156,125958,298,0.0012355848434925864,0.6563876651982379
7110,0.728,2,0,2,676288,156,125960,296,0.0012355848434925864,0.6548672566371682
7111,0.7281,1,0,1,676288,156,125961,295,0.0012355848434925864,0.6541019955654102
7112,0.7282,1,0,1,676288,156,125962,294,0.0012355848434925864,0.6533333333333333
7113,0.7284,1,1,1,676289,155,125963,293,0.0012276644278291725,0.6540178571428571
7114,0.7285,1,0,1,676289,155,125964,292,0.0012276644278291725,0.6532438478747203
7115,0.7287,2,0,2,676289,155,125966,290,0.0012276644278291725,0.651685393258427
7116,0.729,0,1,0,676290,154,125966,290,0.0012197440121657585,0.6531531531531531
7117,0.7291,1,0,1,676290,154,125967,289,0.0012197440121657585,0.6523702031602708
7118,0.7294,1,0,1,676290,154,125968,288,0.0012197440121657585,0.6515837104072398
7119,0.7296,1,0,1,676290,154,125969,287,0.0012197440121657585,0.6507936507936508
7120,0.7298,1,1,1,676291,153,125970,286,0.0012118235965023444,0.6514806378132119
7121,0.7299,1,0,1,676291,153,125971,285,0.0012118235965023444,0.6506849315068494
7122,0.7307,1,0,1,676291,153,125972,284,0.0012118235965023444,0.6498855835240275
7123,0.7309,0,1,0,676292,152,125972,284,0.0012039031808389305,0.6513761467889908
7124,0.731,1,1,1,676293,151,125973,283,0.0011959827651755164,0.652073732718894
7125,0.7311,1,0,1,676293,151,125974,282,0.0011959827651755164,0.651270207852194
7126,0.7314,2,0,2,676293,151,125976,280,0.0011959827651755164,0.6496519721577726
7127,0.7316,1,1,1,676294,150,125977,279,0.0011880623495121023,0.6503496503496503
7128,0.7317,0,1,0,676295,149,125977,279,0.0011801419338486885,0.6518691588785047
7129,0.7318,0,1,0,676296,148,125977,279,0.0011722215181852744,0.6533957845433255
7130,0.7319,1,0,1,676296,148,125978,278,0.0011722215181852744,0.6525821596244131
7131,0.732,1,0,1,676296,148,125979,277,0.0011722215181852744,0.6517647058823529
7132,0.7321,1,0,1,676296,148,125980,276,0.0011722215181852744,0.6509433962264151
7133,0.7322,2,0,2,676296,148,125982,274,0.0011722215181852744,0.6492890995260664
7134,0.7323,1,1,1,676297,147,125983,273,0.0011643011025218603,0.65
7135,0.7324,0,1,0,676298,146,125983,273,0.0011563806868584462,0.6515513126491647
7136,0.7325,1,0,1,676298,146,125984,272,0.0011563806868584462,0.6507177033492823
7137,0.7328,1,2,1,676300,144,125985,271,0.0011405398555316183,0.653012048192771
7138,0.7329,1,0,1,676300,144,125986,270,0.0011405398555316183,0.6521739130434783
7139,0.733,2,1,2,676301,143,125988,268,0.0011326194398682042,0.6520681265206812
7140,0.7331,0,1,0,676302,142,125988,268,0.0011246990242047904,0.6536585365853659
7141,0.7332,1,1,1,676303,141,125989,267,0.0011167786085413763,0.6544117647058824
7142,0.7334,1,2,1,676305,139,125990,266,0.0011009377772145481,0.6567901234567901
7143,0.7335,1,2,1,676307,137,125991,265,0.0010850969458877202,0.6592039800995025
7144,0.7336,2,0,2,676307,137,125993,263,0.0010850969458877202,0.6575
7145,0.7337,1,0,1,676307,137,125994,262,0.0010850969458877202,0.656641604010025
7146,0.7338,1,1,1,676308,136,125995,261,0.001077176530224306,0.6574307304785895
7147,0.7339,1,0,1,676308,136,125996,260,0.001077176530224306,0.6565656565656566
7148,0.7343,0,1,0,676309,135,125996,260,0.0010692561145608922,0.6582278481012658
7149,0.7344,0,1,0,676310,134,125996,260,0.0010613356988974781,0.6598984771573604
7150,0.7345,1,2,1,676312,132,125997,259,0.0010454948675706502,0.6624040920716112
7151,0.7346,1,0,1,676312,132,125998,258,0.0010454948675706502,0.6615384615384615
7152,0.735,0,1,0,676313,131,125998,258,0.0010375744519072361,0.6632390745501285
7153,0.7352,0,1,0,676314,130,125998,258,0.001029654036243822,0.6649484536082474
7154,0.7354,2,0,2,676314,130,126000,256,0.001029654036243822,0.6632124352331606
7155,0.7355,0,1,0,676315,129,126000,256,0.001021733620580408,0.6649350649350649
7156,0.7357,0,1,0,676316,128,126000,256,0.001013813204916994,0.6666666666666666
7157,0.7359,0,1,0,676317,127,126000,256,0.00100589278925358,0.6684073107049608
7158,0.7361,1,0,1,676317,127,126001,255,0.00100589278925358,0.6675392670157068
7159,0.7362,2,0,2,676317,127,126003,253,0.00100589278925358,0.6657894736842105
7160,0.7364,2,2,2,676319,125,126005,251,0.000990051957926752,0.6675531914893617
7161,0.7366,0,1,0,676320,124,126005,251,0.000982131542263338,0.6693333333333333
7162,0.7367,0,1,0,676321,123,126005,251,0.000974211126599924,0.6711229946524064
7163,0.7369,0,1,0,676322,122,126005,251,0.0009662907109365099,0.6729222520107239
7164,0.7372,1,0,1,676322,122,126006,250,0.0009662907109365099,0.6720430107526881
7165,0.7373,1,0,1,676322,122,126007,249,0.0009662907109365099,0.6711590296495957
7166,0.7375,0,1,0,676323,121,126007,249,0.000958370295273096,0.672972972972973
7167,0.7376,1,1,1,676324,120,126008,248,0.0009504498796096819,0.6739130434782609
7168,0.7377,1,0,1,676324,120,126009,247,0.0009504498796096819,0.6730245231607629
7169,0.7378,0,1,0,676325,119,126009,247,0.0009425294639462679,0.674863387978142
7170,0.7381,1,1,1,676326,118,126010,246,0.0009346090482828539,0.6758241758241759
7171,0.7382,0,1,0,676327,117,126010,246,0.0009266886326194399,0.6776859504132231
7172,0.7383,1,0,1,676327,117,126011,245,0.0009266886326194399,0.6767955801104972
7173,0.7384,3,0,3,676327,117,126014,242,0.0009266886326194399,0.6740947075208914
7174,0.7386,1,0,1,676327,117,126015,241,0.0009266886326194399,0.6731843575418994
7175,0.7387,0,1,0,676328,116,126015,241,0.0009187682169560259,0.6750700280112045
7176,0.7389,1,0,1,676328,116,126016,240,0.0009187682169560259,0.6741573033707865
7177,0.739,2,0,2,676328,116,126018,238,0.0009187682169560259,0.672316384180791
7178,0.7392,0,1,0,676329,115,126018,238,0.0009108478012926118,0.6742209631728046
7179,0.7394,1,0,1,676329,115,126019,237,0.0009108478012926118,0.6732954545454546
7180,0.7395,0,1,0,676330,114,126019,237,0.0009029273856291978,0.6752136752136753
7181,0.7396,1,0,1,676330,114,126020,236,0.0009029273856291978,0.6742857142857143
7182,0.7397,2,0,2,676330,114,126022,234,0.0009029273856291978,0.6724137931034483
7183,0.7401,1,0,1,676330,114,126023,233,0.0009029273856291978,0.6714697406340058
7184,0.7402,1,0,1,676330,114,126024,232,0.0009029273856291978,0.6705202312138728
7185,0.7403,1,1,1,676331,113,126025,231,0.0008950069699657839,0.6715116279069767
7186,0.7404,1,0,1,676331,113,126026,230,0.0008950069699657839,0.6705539358600583
7187,0.7405,1,0,1,676331,113,126027,229,0.0008950069699657839,0.6695906432748538
7188,0.7406,1,0,1,676331,113,126028,228,0.0008950069699657839,0.6686217008797654
7189,0.7407,1,0,1,676331,113,126029,227,0.0008950069699657839,0.6676470588235294
7190,0.7408,0,1,0,676332,112,126029,227,0.0008870865543023698,0.6696165191740413
7191,0.741,1,0,1,676332,112,126030,226,0.0008870865543023698,0.6686390532544378
7192,0.7411,1,0,1,676332,112,126031,225,0.0008870865543023698,0.6676557863501483
7193,0.7414,1,1,1,676333,111,126032,224,0.0008791661386389558,0.6686567164179105
7194,0.7416,1,0,1,676333,111,126033,223,0.0008791661386389558,0.6676646706586826
7195,0.7418,1,1,1,676334,110,126034,222,0.0008712457229755417,0.6686746987951807
7196,0.7421,0,1,0,676335,109,126034,222,0.0008633253073121277,0.6706948640483383
7197,0.7423,1,0,1,676335,109,126035,221,0.0008633253073121277,0.6696969696969697
7198,0.7428,1,0,1,676335,109,126036,220,0.0008633253073121277,0.668693009118541
7199,0.7433,1,0,1,676335,109,126037,219,0.0008633253073121277,0.6676829268292683
7200,0.7434,1,0,1,676335,109,126038,218,0.0008633253073121277,0.6666666666666666
7201,0.7436,0,1,0,676336,108,126038,218,0.0008554048916487138,0.6687116564417178
7202,0.7437,2,0,2,676336,108,126040,216,0.0008554048916487138,0.6666666666666666
7203,0.7438,1,2,1,676338,106,126041,215,0.0008395640603218857,0.6697819314641744
7204,0.7442,1,0,1,676338,106,126042,214,0.0008395640603218857,0.66875
7205,0.7444,1,0,1,676338,106,126043,213,0.0008395640603218857,0.6677115987460815
7206,0.7446,1,0,1,676338,106,126044,212,0.0008395640603218857,0.6666666666666666
7207,0.7448,0,2,0,676340,104,126044,212,0.0008237232289950577,0.6708860759493671
7208,0.7452,1,0,1,676340,104,126045,211,0.0008237232289950577,0.6698412698412698
7209,0.7455,2,0,2,676340,104,126047,209,0.0008237232289950577,0.6677316293929713
7210,0.7458,1,0,1,676340,104,126048,208,0.0008237232289950577,0.6666666666666666
7211,0.7462,1,0,1,676340,104,126049,207,0.0008237232289950577,0.6655948553054662
7212,0.7463,1,2,1,676342,102,126050,206,0.0008078823976682296,0.6688311688311688
7213,0.7464,1,1,1,676343,101,126051,205,0.0007999619820048156,0.6699346405228758
7214,0.7466,2,0,2,676343,101,126053,203,0.0007999619820048156,0.6677631578947368
7215,0.7468,2,1,2,676344,100,126055,201,0.0007920415663414016,0.6677740863787376
7216,0.7469,0,1,0,676345,99,126055,201,0.0007841211506779876,0.67
7217,0.747,0,1,0,676346,98,126055,201,0.0007762007350145735,0.6722408026755853
7218,0.7471,0,1,0,676347,97,126055,201,0.0007682803193511595,0.674496644295302
7219,0.7474,1,1,1,676348,96,126056,200,0.0007603599036877456,0.6756756756756757
7220,0.7475,2,0,2,676348,96,126058,198,0.0007603599036877456,0.673469387755102
7221,0.7478,0,1,0,676349,95,126058,198,0.0007524394880243315,0.6757679180887372
7222,0.748,1,1,1,676350,94,126059,197,0.0007445190723609175,0.6769759450171822
7223,0.7481,0,1,0,676351,93,126059,197,0.0007365986566975034,0.6793103448275862
7224,0.7483,2,2,2,676353,91,126061,195,0.0007207578253706755,0.6818181818181818
7225,0.7485,1,1,1,676354,90,126062,194,0.0007128374097072614,0.6830985915492958
7226,0.7487,1,0,1,676354,90,126063,193,0.0007128374097072614,0.6819787985865724
7227,0.7488,1,0,1,676354,90,126064,192,0.0007128374097072614,0.6808510638297872
7228,0.7489,0,1,0,676355,89,126064,192,0.0007049169940438474,0.6832740213523132
7229,0.749,3,0,3,676355,89,126067,189,0.0007049169940438474,0.6798561151079137
7230,0.7491,1,0,1,676355,89,126068,188,0.0007049169940438474,0.6787003610108303
7231,0.7492,1,0,1,676355,89,126069,187,0.0007049169940438474,0.677536231884058
7232,0.7494,1,0,1,676355,89,126070,186,0.0007049169940438474,0.6763636363636364
7233,0.7498,2,0,2,676355,89,126072,184,0.0007049169940438474,0.673992673992674
7234,0.7501,0,1,0,676356,88,126072,184,0.0006969965783804334,0.6764705882352942
7235,0.7503,2,1,2,676357,87,126074,182,0.0006890761627170194,0.6765799256505576
7236,0.7507,2,0,2,676357,87,126076,180,0.0006890761627170194,0.6741573033707865
7237,0.7509,1,0,1,676357,87,126077,179,0.0006890761627170194,0.6729323308270677
7238,0.7511,1,1,1,676358,86,126078,178,0.0006811557470536054,0.6742424242424242
7239,0.7512,1,1,1,676359,85,126079,177,0.0006732353313901913,0.6755725190839694
7240,0.7516,1,0,1,676359,85,126080,176,0.0006732353313901913,0.6743295019157088
7241,0.7518,1,0,1,676359,85,126081,175,0.0006732353313901913,0.6730769230769231
7242,0.7524,0,1,0,676360,84,126081,175,0.0006653149157267774,0.6756756756756757
7243,0.7525,2,0,2,676360,84,126083,173,0.0006653149157267774,0.6731517509727627
7244,0.7526,0,1,0,676361,83,126083,173,0.0006573945000633633,0.67578125
7245,0.7528,1,0,1,676361,83,126084,172,0.0006573945000633633,0.6745098039215687
7246,0.753,1,0,1,676361,83,126085,171,0.0006573945000633633,0.6732283464566929
7247,0.7532,0,1,0,676362,82,126085,171,0.0006494740843999493,0.6758893280632411
7248,0.7534,1,0,1,676362,82,126086,170,0.0006494740843999493,0.6746031746031746
7249,0.7535,0,1,0,676363,81,126086,170,0.0006415536687365353,0.6772908366533864
7250,0.7542,0,1,0,676364,80,126086,170,0.0006336332530731213,0.68
7251,0.7544,0,1,0,676365,79,126086,170,0.0006257128374097073,0.6827309236947792
7252,0.7545,1,0,1,676365,79,126087,169,0.0006257128374097073,0.6814516129032258
7253,0.7546,1,0,1,676365,79,126088,168,0.0006257128374097073,0.680161943319838
7254,0.7551,0,3,0,676368,76,126088,168,0.0006019515904194653,0.6885245901639344
7255,0.7554,1,0,1,676368,76,126089,167,0.0006019515904194653,0.6872427983539094
7256,0.7556,1,0,1,676368,76,126090,166,0.0006019515904194653,0.6859504132231405
7257,0.7561,3,0,3,676368,76,126093,163,0.0006019515904194653,0.6820083682008368
7258,0.7563,1,0,1,676368,76,126094,162,0.0006019515904194653,0.680672268907563
7259,0.7565,1,0,1,676368,76,126095,161,0.0006019515904194653,0.679324894514768
7260,0.7566,1,0,1,676368,76,126096,160,0.0006019515904194653,0.6779661016949152
7261,0.7568,1,0,1,676368,76,126097,159,0.0006019515904194653,0.676595744680851
7262,0.7573,0,1,0,676369,75,126097,159,0.0005940311747560512,0.6794871794871795
7263,0.7574,0,1,0,676370,74,126097,159,0.0005861107590926372,0.6824034334763949
7264,0.7575,1,0,1,676370,74,126098,158,0.0005861107590926372,0.6810344827586207
7265,0.7577,1,0,1,676370,74,126099,157,0.0005861107590926372,0.6796536796536796
7266,0.7584,1,0,1,676370,74,126100,156,0.0005861107590926372,0.6782608695652174
7267,0.7585,0,1,0,676371,73,126100,156,0.0005781903434292231,0.6812227074235808
7268,0.7587,0,1,0,676372,72,126100,156,0.0005702699277658091,0.6842105263157895
7269,0.7589,0,1,0,676373,71,126100,156,0.0005623495121023952,0.6872246696035242
7270,0.7591,1,0,1,676373,71,126101,155,0.0005623495121023952,0.6858407079646017
7271,0.7592,2,1,2,676374,70,126103,153,0.0005544290964389811,0.6860986547085202
7272,0.7596,3,1,3,676375,69,126106,150,0.0005465086807755671,0.684931506849315
7273,0.7599,1,0,1,676375,69,126107,149,0.0005465086807755671,0.6834862385321101
7274,0.7602,1,0,1,676375,69,126108,148,0.0005465086807755671,0.6820276497695853
7275,0.7603,1,0,1,676375,69,126109,147,0.0005465086807755671,0.6805555555555556
7276,0.7607,1,0,1,676375,69,126110,146,0.0005465086807755671,0.6790697674418604
7277,0.7609,1,1,1,676376,68,126111,145,0.000538588265112153,0.6807511737089202
7278,0.7611,1,0,1,676376,68,126112,144,0.000538588265112153,0.6792452830188679
7279,0.7613,2,1,2,676377,67,126114,142,0.0005306678494487391,0.6794258373205742
7280,0.7615,1,0,1,676377,67,126115,141,0.0005306678494487391,0.6778846153846154
7281,0.7616,1,0,1,676377,67,126116,140,0.0005306678494487391,0.6763285024154589
7282,0.762,0,1,0,676378,66,126116,140,0.0005227474337853251,0.6796116504854369
7283,0.7622,1,0,1,676378,66,126117,139,0.0005227474337853251,0.6780487804878049
7284,0.7624,1,0,1,676378,66,126118,138,0.0005227474337853251,0.6764705882352942
7285,0.7627,1,0,1,676378,66,126119,137,0.0005227474337853251,0.6748768472906403
7286,0.763,1,0,1,676378,66,126120,136,0.0005227474337853251,0.6732673267326733
7287,0.7641,1,0,1,676378,66,126121,135,0.0005227474337853251,0.6716417910447762
7288,0.7646,0,1,0,676379,65,126121,135,0.000514827018121911,0.675
7289,0.765,0,1,0,676380,64,126121,135,0.000506906602458497,0.678391959798995
7290,0.7651,1,0,1,676380,64,126122,134,0.000506906602458497,0.6767676767676768
7291,0.7653,1,0,1,676380,64,126123,133,0.000506906602458497,0.6751269035532995
7292,0.7655,2,0,2,676380,64,126125,131,0.000506906602458497,0.6717948717948717
7293,0.7656,1,0,1,676380,64,126126,130,0.000506906602458497,0.6701030927835051
7294,0.7658,1,0,1,676380,64,126127,129,0.000506906602458497,0.6683937823834197
7295,0.766,1,0,1,676380,64,126128,128,0.000506906602458497,0.6666666666666666
7296,0.7664,2,1,2,676381,63,126130,126,0.000498986186795083,0.6666666666666666
7297,0.7665,0,1,0,676382,62,126130,126,0.000491065771131669,0.6702127659574468
7298,0.7666,1,0,1,676382,62,126131,125,0.000491065771131669,0.6684491978609626
7299,0.7669,1,0,1,676382,62,126132,124,0.000491065771131669,0.6666666666666666
7300,0.7672,0,1,0,676383,61,126132,124,0.00048314535546825497,0.6702702702702703
7301,0.7673,0,1,0,676384,60,126132,124,0.00047522493980484094,0.6739130434782609
7302,0.7675,2,0,2,676384,60,126134,122,0.00047522493980484094,0.6703296703296703
7303,0.7676,0,1,0,676385,59,126134,122,0.00046730452414142697,0.6740331491712708
7304,0.7681,0,1,0,676386,58,126134,122,0.00045938410847801294,0.6777777777777778
7305,0.7682,0,1,0,676387,57,126134,122,0.0004514636928145989,0.6815642458100558
7306,0.7683,1,0,1,676387,57,126135,121,0.0004514636928145989,0.6797752808988764
7307,0.7687,1,1,1,676388,56,126136,120,0.0004435432771511849,0.6818181818181818
7308,0.7688,1,0,1,676388,56,126137,119,0.0004435432771511849,0.68
7309,0.769,1,0,1,676388,56,126138,118,0.0004435432771511849,0.6781609195402298
7310,0.7693,0,1,0,676389,55,126138,118,0.00043562286148777086,0.6820809248554913
7311,0.7694,1,0,1,676389,55,126139,117,0.00043562286148777086,0.6802325581395349
7312,0.7696,1,0,1,676389,55,126140,116,0.00043562286148777086,0.6783625730994152
7313,0.7704,1,0,1,676389,55,126141,115,0.00043562286148777086,0.6764705882352942
7314,0.7705,1,0,1,676389,55,126142,114,0.00043562286148777086,0.6745562130177515
7315,0.7708,0,1,0,676390,54,126142,114,0.0004277024458243569,0.6785714285714286
7316,0.771,1,0,1,676390,54,126143,113,0.0004277024458243569,0.6766467065868264
7317,0.7711,0,1,0,676391,53,126143,113,0.00041978203016094286,0.6807228915662651
7318,0.7715,1,0,1,676391,53,126144,112,0.00041978203016094286,0.6787878787878788
7319,0.7717,2,0,2,676391,53,126146,110,0.00041978203016094286,0.6748466257668712
7320,0.7723,1,0,1,676391,53,126147,109,0.00041978203016094286,0.6728395061728395
7321,0.7725,0,2,0,676393,51,126147,109,0.0004039411988341148,0.68125
7322,0.7728,0,2,0,676395,49,126147,109,0.00038810036750728676,0.689873417721519
7323,0.7731,1,0,1,676395,49,126148,108,0.00038810036750728676,0.6878980891719745
7324,0.7735,1,0,1,676395,49,126149,107,0.00038810036750728676,0.6858974358974359
7325,0.7736,1,0,1,676395,49,126150,106,0.00038810036750728676,0.6838709677419355
7326,0.7737,1,0,1,676395,49,126151,105,0.00038810036750728676,0.6818181818181818
7327,0.7738,1,0,1,676395,49,126152,104,0.00038810036750728676,0.6797385620915033
7328,0.774,1,0,1,676395,49,126153,103,0.00038810036750728676,0.6776315789473685
7329,0.7741,2,2,2,676397,47,126155,101,0.00037225953618045876,0.6824324324324325
7330,0.7742,1,1,1,676398,46,126156,100,0.00036433912051704473,0.684931506849315
7331,0.7743,0,1,0,676399,45,126156,100,0.0003564187048536307,0.6896551724137931
7332,0.7747,1,0,1,676399,45,126157,99,0.0003564187048536307,0.6875
7333,0.7748,0,1,0,676400,44,126157,99,0.0003484982891902167,0.6923076923076923
7334,0.7752,1,0,1,676400,44,126158,98,0.0003484982891902167,0.6901408450704225
7335,0.7755,1,0,1,676400,44,126159,97,0.0003484982891902167,0.6879432624113475
7336,0.7756,2,1,2,676401,43,126161,95,0.0003405778735268027,0.6884057971014492
7337,0.7758,1,0,1,676401,43,126162,94,0.0003405778735268027,0.6861313868613139
7338,0.7759,1,0,1,676401,43,126163,93,0.0003405778735268027,0.6838235294117647
7339,0.7769,1,1,1,676402,42,126164,92,0.0003326574578633887,0.6865671641791045
7340,0.7771,1,0,1,676402,42,126165,91,0.0003326574578633887,0.6842105263157895
7341,0.7775,1,0,1,676402,42,126166,90,0.0003326574578633887,0.6818181818181818
7342,0.778,1,0,1,676402,42,126167,89,0.0003326574578633887,0.6793893129770993
7343,0.7784,1,0,1,676402,42,126168,88,0.0003326574578633887,0.676923076923077
7344,0.7791,1,0,1,676402,42,126169,87,0.0003326574578633887,0.6744186046511628
7345,0.7794,1,0,1,676402,42,126170,86,0.0003326574578633887,0.671875
7346,0.7795,1,0,1,676402,42,126171,85,0.0003326574578633887,0.6692913385826772
7347,0.7806,1,1,1,676403,41,126172,84,0.00032473704219997465,0.672
7348,0.7809,1,0,1,676403,41,126173,83,0.00032473704219997465,0.6693548387096774
7349,0.7811,1,0,1,676403,41,126174,82,0.00032473704219997465,0.6666666666666666
7350,0.7812,1,0,1,676403,41,126175,81,0.00032473704219997465,0.6639344262295082
7351,0.7815,0,1,0,676404,40,126175,81,0.0003168166265365606,0.6694214876033058
7352,0.7816,1,1,1,676405,39,126176,80,0.0003088962108731466,0.6722689075630253
7353,0.782,0,1,0,676406,38,126176,80,0.00030097579520973263,0.6779661016949152
7354,0.7823,1,1,1,676407,37,126177,79,0.0002930553795463186,0.6810344827586207
7355,0.7824,1,0,1,676407,37,126178,78,0.0002930553795463186,0.6782608695652174
7356,0.783,1,0,1,676407,37,126179,77,0.0002930553795463186,0.6754385964912281
7357,0.7834,1,0,1,676407,37,126180,76,0.0002930553795463186,0.672566371681416
7358,0.7837,1,0,1,676407,37,126181,75,0.0002930553795463186,0.6696428571428571
7359,0.7838,0,1,0,676408,36,126181,75,0.0002851349638829046,0.6756756756756757
7360,0.7839,1,0,1,676408,36,126182,74,0.0002851349638829046,0.6727272727272727
7361,0.7841,1,0,1,676408,36,126183,73,0.0002851349638829046,0.6697247706422018
7362,0.7842,0,1,0,676409,35,126183,73,0.00027721454821949055,0.6759259259259259
7363,0.7844,1,0,1,676409,35,126184,72,0.00027721454821949055,0.6728971962616822
7364,0.7852,0,1,0,676410,34,126184,72,0.0002692941325560765,0.6792452830188679
7365,0.7853,1,0,1,676410,34,126185,71,0.0002692941325560765,0.6761904761904762
7366,0.7861,0,1,0,676411,33,126185,71,0.00026137371689266255,0.6826923076923077
7367,0.7863,1,0,1,676411,33,126186,70,0.00026137371689266255,0.6796116504854369
7368,0.7866,1,0,1,676411,33,126187,69,0.00026137371689266255,0.6764705882352942
7369,0.7867,0,2,0,676413,31,126187,69,0.0002455328855658345,0.69
7370,0.7868,1,2,1,676415,29,126188,68,0.00022969205423900647,0.7010309278350515
7371,0.7871,1,0,1,676415,29,126189,67,0.00022969205423900647,0.6979166666666666
7372,0.7873,2,0,2,676415,29,126191,65,0.00022969205423900647,0.6914893617021277
7373,0.7874,1,0,1,676415,29,126192,64,0.00022969205423900647,0.6881720430107527
7374,0.788,0,1,0,676416,28,126192,64,0.00022177163857559244,0.6956521739130435
7375,0.7883,1,0,1,676416,28,126193,63,0.00022177163857559244,0.6923076923076923
7376,0.7886,0,1,0,676417,27,126193,63,0.00021385122291217844,0.7
7377,0.7891,1,1,1,676418,26,126194,62,0.00020593080724876442,0.7045454545454546
7378,0.7893,1,0,1,676418,26,126195,61,0.00020593080724876442,0.7011494252873564
7379,0.79,1,0,1,676418,26,126196,60,0.00020593080724876442,0.6976744186046512
7380,0.7901,0,1,0,676419,25,126196,60,0.0001980103915853504,0.7058823529411765
7381,0.792,1,0,1,676419,25,126197,59,0.0001980103915853504,0.7023809523809523
7382,0.7926,1,0,1,676419,25,126198,58,0.0001980103915853504,0.6987951807228916
7383,0.7929,0,2,0,676421,23,126198,58,0.00018216956025852237,0.7160493827160493
7384,0.7934,1,0,1,676421,23,126199,57,0.00018216956025852237,0.7125
7385,0.7935,1,1,1,676422,22,126200,56,0.00017424914459510834,0.717948717948718
7386,0.7943,1,0,1,676422,22,126201,55,0.00017424914459510834,0.7142857142857143
7387,0.7944,1,0,1,676422,22,126202,54,0.00017424914459510834,0.7105263157894737
7388,0.7946,1,0,1,676422,22,126203,53,0.00017424914459510834,0.7066666666666667
7389,0.7951,1,0,1,676422,22,126204,52,0.00017424914459510834,0.7027027027027027
7390,0.7952,0,1,0,676423,21,126204,52,0.00016632872893169434,0.7123287671232876
7391,0.7955,1,0,1,676423,21,126205,51,0.00016632872893169434,0.7083333333333334
7392,0.7957,1,0,1,676423,21,126206,50,0.00016632872893169434,0.704225352112676
7393,0.7962,1,0,1,676423,21,126207,49,0.00016632872893169434,0.7
7394,0.7963,0,1,0,676424,20,126207,49,0.0001584083132682803,0.7101449275362319
7395,0.7966,0,1,0,676425,19,126207,49,0.00015048789760486631,0.7205882352941176
7396,0.7969,1,0,1,676425,19,126208,48,0.00015048789760486631,0.7164179104477612
7397,0.7979,2,0,2,676425,19,126210,46,0.00015048789760486631,0.7076923076923077
7398,0.7985,1,0,1,676425,19,126211,45,0.00015048789760486631,0.703125
7399,0.7988,1,0,1,676425,19,126212,44,0.00015048789760486631,0.6984126984126984
7400,0.7995,1,1,1,676426,18,126213,43,0.0001425674819414523,0.7049180327868853
7401,0.7998,0,1,0,676427,17,126213,43,0.00013464706627803826,0.7166666666666667
7402,0.8002,0,1,0,676428,16,126213,43,0.00012672665061462426,0.7288135593220338
7403,0.8003,1,0,1,676428,16,126214,42,0.00012672665061462426,0.7241379310344828
7404,0.8012,1,0,1,676428,16,126215,41,0.00012672665061462426,0.7192982456140351
7405,0.802,1,0,1,676428,16,126216,40,0.00012672665061462426,0.7142857142857143
7406,0.8031,1,0,1,676428,16,126217,39,0.00012672665061462426,0.7090909090909091
7407,0.8042,1,0,1,676428,16,126218,38,0.00012672665061462426,0.7037037037037037
7408,0.8044,1,0,1,676428,16,126219,37,0.00012672665061462426,0.6981132075471698
7409,0.8045,0,1,0,676429,15,126219,37,0.00011880623495121023,0.7115384615384616
7410,0.8052,0,1,0,676430,14,126219,37,0.00011088581928779622,0.7254901960784313
7411,0.8057,0,1,0,676431,13,126219,37,0.00010296540362438221,0.74
7412,0.8064,1,0,1,676431,13,126220,36,0.00010296540362438221,0.7346938775510204
7413,0.8071,1,0,1,676431,13,126221,35,0.00010296540362438221,0.7291666666666666
7414,0.8078,1,0,1,676431,13,126222,34,0.00010296540362438221,0.723404255319149
7415,0.8094,0,1,0,676432,12,126222,34,9.50449879609682e-05,0.7391304347826086
7416,0.8109,0,1,0,676433,11,126222,34,8.712457229755417e-05,0.7555555555555555
7417,0.8116,2,0,2,676433,11,126224,32,8.712457229755417e-05,0.7441860465116279
7418,0.8117,1,0,1,676433,11,126225,31,8.712457229755417e-05,0.7380952380952381
7419,0.8128,1,0,1,676433,11,126226,30,8.712457229755417e-05,0.7317073170731707
7420,0.8131,1,0,1,676433,11,126227,29,8.712457229755417e-05,0.725
7421,0.8139,1,0,1,676433,11,126228,28,8.712457229755417e-05,0.717948717948718
7422,0.8163,0,1,0,676434,10,126228,28,7.920415663414016e-05,0.7368421052631579
7423,0.8167,1,0,1,676434,10,126229,27,7.920415663414016e-05,0.7297297297297297
7424,0.8175,1,0,1,676434,10,126230,26,7.920415663414016e-05,0.7222222222222222
7425,0.8177,2,0,2,676434,10,126232,24,7.920415663414016e-05,0.7058823529411765
7426,0.8185,1,0,1,676434,10,126233,23,7.920415663414016e-05,0.696969696969697
7427,0.8201,0,1,0,676435,9,126233,23,7.128374097072614e-05,0.71875
7428,0.8211,1,0,1,676435,9,126234,22,7.128374097072614e-05,0.7096774193548387
7429,0.8214,0,1,0,676436,8,126234,22,6.336332530731213e-05,0.7333333333333333
7430,0.8223,1,0,1,676436,8,126235,21,6.336332530731213e-05,0.7241379310344828
7431,0.8225,1,0,1,676436,8,126236,20,6.336332530731213e-05,0.7142857142857143
7432,0.8227,1,0,1,676436,8,126237,19,6.336332530731213e-05,0.7037037037037037
7433,0.8229,1,0,1,676436,8,126238,18,6.336332530731213e-05,0.6923076923076923
7434,0.8238,0,1,0,676437,7,126238,18,5.544290964389811e-05,0.72
7435,0.8248,1,0,1,676437,7,126239,17,5.544290964389811e-05,0.7083333333333334
7436,0.8253,0,1,0,676438,6,126239,17,4.75224939804841e-05,0.7391304347826086
7437,0.8255,1,0,1,676438,6,126240,16,4.75224939804841e-05,0.7272727272727273
7438,0.8266,1,0,1,676438,6,126241,15,4.75224939804841e-05,0.7142857142857143
7439,0.8287,0,1,0,676439,5,126241,15,3.960207831707008e-05,0.75
7440,0.8288,1,0,1,676439,5,126242,14,3.960207831707008e-05,0.7368421052631579
7441,0.8311,0,1,0,676440,4,126242,14,3.1681662653656065e-05,0.7777777777777778
7442,0.8327,1,0,1,676440,4,126243,13,3.1681662653656065e-05,0.7647058823529411
7443,0.835,1,0,1,676440,4,126244,12,3.1681662653656065e-05,0.75
7444,0.8398,0,1,0,676441,3,126244,12,2.376124699024205e-05,0.8
7445,0.8399,1,0,1,676441,3,126245,11,2.376124699024205e-05,0.7857142857142857
7446,0.8404,1,0,1,676441,3,126246,10,2.376124699024205e-05,0.7692307692307693
7447,0.8408,1,0,1,676441,3,126247,9,2.376124699024205e-05,0.75
7448,0.8412,0,1,0,676442,2,126247,9,1.5840831326828033e-05,0.8181818181818182
7449,0.8413,0,1,0,676443,1,126247,9,7.920415663414016e-06,0.9
7450,0.842,1,0,1,676443,1,126248,8,7.920415663414016e-06,0.8888888888888888
7451,0.8456,1,0,1,676443,1,126249,7,7.920415663414016e-06,0.875
7452,0.847,1,0,1,676443,1,126250,6,7.920415663414016e-06,0.8571428571428571
7453,0.8484,1,0,1,676443,1,126251,5,7.920415663414016e-06,0.8333333333333334
7454,0.8505,1,0,1,676443,1,126252,4,7.920415663414016e-06,0.8
7455,0.852,1,0,1,676443,1,126253,3,7.920415663414016e-06,0.75
7456,0.857,1,0,1,676443,1,126254,2,7.920415663414016e-06,0.6666666666666666
7457,0.8572,1,0,1,676443,1,126255,1,7.920415663414016e-06,0.5
7458,0.8702,1,0,1,676443,1,126256,0,7.920415663414016e-06,0.0
7459,0.8874,0,1,0,676444,0,126256,0,0.0,
