,y_proba,y_test,Neg,Pos,TN,FP,FN,TP,FP/P,Prec
0,0.0026,0,2,0,2,676442,0,126256,5.357701812191104,0.15728954102290027
1,0.0028,0,1,0,3,676441,0,126256,5.35769389177544,0.15728973697422563
2,0.0033,0,1,0,4,676440,0,126256,5.357685971359777,0.15728993292603924
3,0.0034,0,1,0,5,676439,0,126256,5.357678050944114,0.1572901288783411
4,0.0036,0,1,0,6,676438,0,126256,5.35767013052845,0.15729032483113117
5,0.0037,0,1,0,7,676437,0,126256,5.357662210112787,0.15729052078440947
6,0.0038,0,2,0,9,676435,0,126256,5.3576463692814595,0.15729091269243084
7,0.0039,0,2,0,11,676433,0,126256,5.357630528450133,0.15729130460240517
8,0.004,0,2,0,13,676431,0,126256,5.357614687618806,0.15729169651433247
9,0.0041,0,2,0,15,676429,0,126256,5.3575988467874796,0.15729208842821282
10,0.0043,0,2,0,17,676427,0,126256,5.357583005956153,0.15729248034404616
11,0.0044,1,0,1,17,676427,1,126255,5.357583005956153,0.1572914304793181
12,0.0045,0,4,0,21,676423,1,126255,5.357551324293499,0.1572922143125886
13,0.0046,0,1,0,22,676422,1,126255,5.357543403877836,0.1572924102721269
14,0.0047,0,3,0,25,676419,1,126255,5.357519642630845,0.15729299815367134
15,0.0048,0,2,0,27,676417,1,126255,5.357503801799519,0.15729339007714235
16,0.0049,0,3,0,30,676414,1,126255,5.357480040552528,0.15729397796601088
17,0.005,0,5,0,35,676409,1,126255,5.357440438474211,0.15729495779055744
18,0.0051,0,1,0,36,676408,1,126255,5.357432518058547,0.15729515375693162
19,0.0052,0,3,0,39,676405,1,126255,5.357408756811558,0.15729574165898388
20,0.0053,0,2,0,41,676403,1,126255,5.35739291598023,0.15729613359612687
21,0.0054,0,5,0,46,676398,1,126255,5.357353313901913,0.15729711344752964
22,0.0055,0,6,0,52,676392,1,126255,5.357305791407933,0.1572982892853272
23,0.0056,0,4,0,56,676388,1,126255,5.35727410974528,0.1572990731869586
24,0.0057,0,3,0,59,676385,1,126255,5.357250348498289,0.1572996611183096
25,0.0058,0,5,0,64,676380,1,126255,5.357210746419972,0.15730064101366126
26,0.0059,0,3,0,67,676377,1,126255,5.357186985172982,0.15730122895673235
27,0.006,0,1,0,68,676376,1,126255,5.357179064757318,0.15730142493873275
28,0.0061,0,2,0,70,676374,1,126255,5.357163223925991,0.1573018169041986
29,0.0062,0,4,0,74,676370,1,126255,5.357131542263338,0.1573026008409905
30,0.0063,0,5,0,79,676365,1,126255,5.357091940185021,0.15730358077296852
31,0.0064,0,16,0,95,676349,1,126255,5.356965213534406,0.15730671663734544
32,0.0065,0,6,0,101,676343,1,126255,5.356917691040426,0.15730789261872072
33,0.0066,0,7,0,108,676336,1,126255,5.356862248130782,0.15730926461921452
34,0.0067,0,5,0,113,676331,1,126255,5.356822646052465,0.1573102446342199
35,0.0068,0,13,0,126,676318,1,126255,5.35671968064884,0.1573127927303809
36,0.0069,0,12,0,138,676306,1,126255,5.3566246356608795,0.15731514489241316
37,0.007,0,8,0,146,676298,1,126255,5.356561272335572,0.15731671303951267
38,0.0071,0,6,0,152,676292,1,126255,5.356513749841592,0.1573178891703539
39,0.0072,0,11,0,163,676281,1,126255,5.356426625269294,0.15732004545590478
40,0.0073,0,12,0,175,676269,1,126255,5.356331580281333,0.1573223978348311
41,0.0074,0,11,0,186,676258,1,126255,5.356244455709035,0.1573245542439811
42,0.0075,0,6,0,192,676252,1,126255,5.356196933215055,0.15732573049207046
43,0.0076,0,12,0,204,676240,1,126255,5.356101888227094,0.15732808304101584
44,0.0077,0,7,0,211,676233,1,126255,5.3560464453174506,0.1573294553937255
45,0.0078,0,13,0,224,676220,1,126255,5.355943479913826,0.15733200411227763
46,0.0079,0,19,0,243,676201,1,126255,5.355792992016221,0.1573357293110152
47,0.008,0,13,0,256,676188,1,126255,5.355690026612597,0.15733827823284643
48,0.0081,0,12,0,268,676176,1,126255,5.355594981624636,0.15734063115707145
49,0.0082,0,12,0,280,676164,1,126255,5.355499936636675,0.1573429841516714
50,0.0083,0,10,0,290,676154,1,126255,5.355420732480041,0.15734494503426558
51,0.0084,0,13,0,303,676141,1,126255,5.355317767076416,0.15734749425470715
52,0.0085,0,10,0,313,676131,1,126255,5.355238562919782,0.15734945524971772
53,0.0086,0,13,0,326,676118,1,126255,5.355135597516158,0.15735200461630688
54,0.0087,1,10,1,336,676108,2,126254,5.355056393359524,0.15735291551693625
55,0.0088,1,19,1,355,676089,3,126253,5.354905905461918,0.1573555915058666
56,0.0089,0,20,0,375,676069,3,126253,5.35474749714865,0.1573595140105843
57,0.009,0,20,0,395,676049,3,126253,5.354589088835382,0.15736343671086447
58,0.0091,1,15,1,410,676034,4,126252,5.354470282600431,0.15736532857360094
59,0.0092,0,17,0,427,676017,4,126252,5.354335635534153,0.1573686631291998
60,0.0093,0,22,0,449,675995,4,126252,5.354161386389558,0.1573729786462274
61,0.0094,0,14,0,463,675981,4,126252,5.35405050057027,0.1573757250075726
62,0.0095,0,15,0,478,675966,4,126252,5.353931694335318,0.15737866764395714
63,0.0096,0,24,0,502,675942,4,126252,5.353741604359397,0.15738337609107023
64,0.0097,0,22,0,524,675920,4,126252,5.3535673552148015,0.157387692415093
65,0.0098,0,17,0,541,675903,4,126252,5.353432708148524,0.15739102791854442
66,0.0099,0,25,0,566,675878,4,126252,5.353234697756938,0.1573959333275155
67,0.01,1,21,1,587,675857,5,126251,5.353068369028007,0.15739900362544695
68,0.0101,0,28,0,615,675829,5,126251,5.352846597389431,0.15740449830440853
69,0.0102,0,24,0,639,675805,5,126251,5.352656507413509,0.15740920833458014
70,0.0103,0,30,0,669,675775,5,126251,5.3524188949436065,0.1574150962686995
71,0.0104,0,20,0,689,675755,5,126251,5.352260486630338,0.1574190218028294
72,0.0105,0,27,0,716,675728,5,126251,5.352046635407426,0.1574243215844804
73,0.0106,1,33,1,749,675695,6,126250,5.351785261690534,0.15742974892293113
74,0.0107,1,19,1,768,675676,7,126249,5.351634773792929,0.1574324282195966
75,0.0108,0,32,0,800,675644,7,126249,5.3513813204917,0.15743871065092224
76,0.0109,0,33,0,833,675611,7,126249,5.351119946774807,0.15744518993340484
77,0.011,1,39,1,872,675572,8,126248,5.350811050563934,0.15745179716145769
78,0.0111,0,30,0,902,675542,8,126248,5.350573438094031,0.15745768842215543
79,0.0112,0,22,0,924,675520,8,126248,5.350399188949436,0.15746200896019796
80,0.0113,0,36,0,960,675484,8,126248,5.350114053985553,0.1574690794430059
81,0.0114,2,36,2,996,675448,10,126246,5.34982891902167,0.1574740487018738
82,0.0115,0,35,0,1031,675413,10,126246,5.349551704473451,0.15748092393399188
83,0.0116,0,31,0,1062,675382,10,126246,5.349306171587885,0.15748701392665926
84,0.0117,1,35,1,1097,675347,11,126245,5.349028957039666,0.1574928392498927
85,0.0118,1,30,1,1127,675317,12,126244,5.348791344569763,0.15749768264673555
86,0.0119,1,39,1,1166,675278,13,126243,5.34848244835889,0.1575042949592088
87,0.012,1,35,1,1201,675243,14,126242,5.3482052338106705,0.1575101218363413
88,0.0121,0,39,0,1240,675204,14,126242,5.347896337599797,0.1575177866007192
89,0.0122,0,43,0,1283,675161,14,126242,5.34755575972627,0.15752623835947707
90,0.0123,2,41,2,1324,675120,16,126240,5.3472310226840705,0.15753219526804432
91,0.0124,0,38,0,1362,675082,16,126240,5.34693004688886,0.15753966570242675
92,0.0125,1,44,1,1406,675038,17,126239,5.34658154859967,0.1575472651779597
93,0.0126,3,46,3,1452,674992,20,126236,5.346217209479153,0.15755315590568478
94,0.0127,1,47,1,1499,674945,21,126235,5.345844949942973,0.1575613470131556
95,0.0128,1,44,1,1543,674901,22,126234,5.345496451653783,0.1575689490535303
96,0.0129,1,50,1,1593,674851,23,126233,5.3451004308706125,0.15757773217290572
97,0.013,0,40,0,1633,674811,23,126233,5.344783614244076,0.15758560079096778
98,0.0131,0,48,0,1681,674763,23,126233,5.344403434292231,0.15759504417000833
99,0.0132,1,45,1,1726,674718,24,126232,5.344047015587378,0.1576028466196392
100,0.0133,0,56,0,1782,674662,24,126232,5.343603472310227,0.15761386650418158
101,0.0134,1,56,1,1838,674606,25,126231,5.343159929033075,0.15762383606152064
102,0.0135,0,42,0,1880,674564,25,126231,5.342827271575212,0.1576321030975468
103,0.0136,1,59,1,1939,674505,26,126230,5.34235996705107,0.15764266580079553
104,0.0137,2,40,2,1979,674465,28,126228,5.3420431504245345,0.15764843704141288
105,0.0138,0,48,0,2027,674417,28,126228,5.34166297047269,0.1576578883275359
106,0.0139,0,39,0,2066,674378,28,126228,5.341354074261817,0.15766556833198853
107,0.014,0,50,0,2116,674328,28,126228,5.340958053478647,0.1576754155861676
108,0.0141,0,65,0,2181,674263,28,126228,5.340443226460525,0.15768821885567733
109,0.0142,0,54,0,2235,674209,28,126228,5.3400155240147,0.1576988569993641
110,0.0143,1,57,1,2292,674152,29,126227,5.3395640603218855,0.15770903534450553
111,0.0144,1,56,1,2348,674096,30,126226,5.3391205170447344,0.15771901809521668
112,0.0145,0,62,0,2410,674034,30,126226,5.3386294512736026,0.15773123734786196
113,0.0146,2,57,2,2467,673977,32,126224,5.338177987580789,0.1577403677326072
114,0.0147,1,49,1,2516,673928,33,126223,5.3377898872132805,0.1577489748809912
115,0.0148,1,59,1,2575,673869,34,126222,5.33732258268914,0.15775955485063575
116,0.0149,1,57,1,2632,673812,35,126221,5.336871118996325,0.1577697419981426
117,0.015,1,56,1,2688,673756,36,126220,5.336427575719174,0.15777973339200177
118,0.0151,0,81,0,2769,673675,36,126220,5.335786022050438,0.15779571068702766
119,0.0152,1,62,1,2831,673613,37,126219,5.335294956279306,0.15780688944678384
120,0.0153,1,52,1,2883,673561,38,126218,5.334883094664808,0.15781609669671245
121,0.0154,1,61,1,2944,673500,39,126217,5.33439994930934,0.1578270813300205
122,0.0155,1,74,1,3018,673426,40,126216,5.333813838550247,0.1578406336835734
123,0.0156,1,66,1,3084,673360,41,126215,5.333291091116462,0.15785260919863678
124,0.0157,2,84,2,3168,673276,43,126213,5.332625776200735,0.1578670876022059
125,0.0158,1,76,1,3244,673200,44,126212,5.3320238246103155,0.1578810425662862
126,0.0159,1,79,1,3323,673121,45,126211,5.331398111772906,0.1578955928200047
127,0.016,1,73,1,3396,673048,46,126210,5.330819921429477,0.15790896056092024
128,0.0161,0,71,0,3467,672977,46,126210,5.330257571917374,0.15792298923781292
129,0.0162,1,73,1,3540,672904,47,126209,5.329679381573945,0.15793636194130242
130,0.0163,0,70,0,3610,672834,47,126209,5.329124952477506,0.1579501979242669
131,0.0164,4,59,4,3669,672775,51,126205,5.3286576479533645,0.15795764599864828
132,0.0165,3,66,3,3735,672709,54,126202,5.328134900519579,0.15796753330471103
133,0.0166,1,95,1,3830,672614,55,126201,5.327382461031555,0.15798526567478077
134,0.0167,1,59,1,3889,672555,56,126200,5.326915156507414,0.15799588108994622
135,0.0168,6,72,6,3961,672483,62,126194,5.326344886579648,0.1580037987822361
136,0.0169,3,73,3,4034,672410,65,126191,5.325766696236219,0.15801507886917246
137,0.017,4,79,4,4113,672331,69,126187,5.325140983398809,0.1580264940802837
138,0.0171,0,79,0,4192,672252,69,126187,5.324515270561399,0.15804212970558804
139,0.0172,2,82,2,4274,672170,71,126185,5.3238657964769995,0.158056253170582
140,0.0173,2,77,2,4351,672093,73,126183,5.323255924470916,0.15806938953444674
141,0.0174,3,86,3,4437,672007,76,126180,5.322574768723863,0.15808325617931637
142,0.0175,0,76,0,4513,671931,76,126180,5.321972817133443,0.1580983096336224
143,0.0176,2,81,2,4594,671850,78,126178,5.321331263464707,0.15811224668808613
144,0.0177,0,82,0,4676,671768,78,126178,5.3206817893803064,0.15812849491068318
145,0.0178,5,90,5,4766,671678,83,126173,5.3199689519705995,0.15814105641278886
146,0.0179,3,72,3,4838,671606,86,126170,5.319398682042833,0.15815216301317664
147,0.018,0,87,0,4925,671519,86,126170,5.318709605880117,0.15816941188859318
148,0.0181,3,98,3,5023,671421,89,126167,5.317933405145102,0.15818567982467138
149,0.0182,1,94,1,5117,671327,90,126166,5.317188886072741,0.1582032694957824
150,0.0183,1,96,1,5213,671231,91,126165,5.316428526169053,0.15822126020195737
151,0.0184,5,76,5,5289,671155,96,126160,5.315826574578634,0.15823106300521125
152,0.0185,1,89,1,5378,671066,97,126159,5.31512165758459,0.1582476716109003
153,0.0186,4,84,4,5462,670982,101,126155,5.314456342668863,0.15826012341667745
154,0.0187,1,100,1,5562,670882,102,126154,5.313664301102522,0.15827892341123864
155,0.0188,2,101,2,5663,670781,104,126152,5.312864339120517,0.1582968706277692
156,0.0189,4,101,4,5764,670680,108,126148,5.312064377138512,0.15831270989473262
157,0.019,2,100,2,5864,670580,110,126146,5.311272335572171,0.15833046743798998
158,0.0191,2,108,2,5972,670472,112,126144,5.310416930680522,0.15834981973748957
159,0.0192,0,98,0,6070,670374,112,126144,5.3096407299455075,0.15836930238864658
160,0.0193,0,92,0,6162,670282,112,126144,5.308912051704474,0.1583875965877558
161,0.0194,1,100,1,6262,670182,113,126143,5.308120010138132,0.15840642953567952
162,0.0195,2,99,2,6361,670083,115,126141,5.3073358889874545,0.1584240113334941
163,0.0196,5,91,5,6452,669992,120,126136,5.306615131162084,0.15843683427790506
164,0.0197,2,96,2,6548,669896,122,126134,5.305854771258396,0.15845382711706846
165,0.0198,3,91,3,6639,669805,125,126131,5.305134013433025,0.15846877135850118
166,0.0199,2,106,2,6745,669699,127,126129,5.304294449372703,0.15848776368763098
167,0.02,3,136,3,6881,669563,130,126126,5.3032172728424785,0.15851167981460093
168,0.0201,2,118,2,6999,669445,132,126124,5.3022826637941955,0.15853307506954142
169,0.0202,3,116,3,7115,669329,135,126121,5.30136389557724,0.15855302030297316
170,0.0203,2,103,2,7218,669226,137,126119,5.300548092763909,0.1585714375522572
171,0.0204,5,100,5,7318,669126,142,126114,5.2997560511975665,0.15858608721895276
172,0.0205,1,113,1,7431,669013,143,126113,5.298861044227601,0.1586075665995075
173,0.0206,6,148,6,7579,668865,149,126107,5.297688822709416,0.15863074422746964
174,0.0207,2,114,2,7693,668751,151,126105,5.2967858953237865,0.15865137836287327
175,0.0208,3,114,3,7807,668637,154,126102,5.295882967938158,0.15867095990004265
176,0.0209,3,136,3,7943,668501,157,126099,5.294805791407933,0.1586949408507425
177,0.021,1,140,1,8083,668361,158,126098,5.293696933215055,0.15872184719412832
178,0.0211,0,115,0,8198,668246,158,126098,5.292786085413763,0.1587448259192491
179,0.0212,5,125,5,8323,668121,163,126093,5.291796033455836,0.15876451435003663
180,0.0213,5,144,5,8467,667977,168,126088,5.290655493600304,0.15878800853834385
181,0.0214,2,139,2,8606,667838,170,126086,5.28955455582309,0.15881368997536288
182,0.0215,2,133,2,8739,667705,172,126084,5.288501140539855,0.15883817991934884
183,0.0216,2,138,2,8877,667567,174,126082,5.287408123178304,0.15886367903191462
184,0.0217,2,130,2,9007,667437,176,126080,5.28637846914206,0.15888758526912466
185,0.0218,0,108,0,9115,667329,176,126080,5.285523064250412,0.15890921328091817
186,0.0219,5,137,5,9252,667192,181,126075,5.284437967304524,0.15893135602514663
187,0.022,3,134,3,9386,667058,184,126072,5.283376631605627,0.15895502628825034
188,0.0221,5,121,5,9507,666937,189,126067,5.282418261310354,0.15897397743264852
189,0.0222,3,117,3,9624,666820,192,126064,5.2814915726777345,0.15899425388833677
190,0.0223,3,128,3,9752,666692,195,126061,5.280477759472817,0.15901674291992587
191,0.0224,4,141,4,9893,666551,199,126057,5.279360980864276,0.15904078687068512
192,0.0225,6,123,6,10016,666428,205,126051,5.278386769737676,0.15905910440529022
193,0.0226,7,123,7,10139,666305,212,126044,5.277412558611076,0.1590763666010811
194,0.0227,7,127,7,10266,666178,219,126037,5.276406665821822,0.1590944377473287
195,0.0228,3,148,3,10414,666030,222,126034,5.275234444303637,0.15912098012281836
196,0.0229,1,131,1,10545,665899,223,126033,5.27419686985173,0.15914623982867215
197,0.023,2,135,2,10680,665764,225,126031,5.273127613737169,0.15917125013418879
198,0.0231,1,125,1,10805,665639,226,126030,5.2721375617792425,0.15919532026642447
199,0.0232,7,148,7,10953,665491,233,126023,5.270965340261057,0.15921765123548035
200,0.0233,6,141,6,11094,665350,239,126017,5.269848561652515,0.15923964481713287
201,0.0234,3,145,3,11239,665205,242,126014,5.26870010138132,0.15926563947529065
202,0.0235,4,127,4,11366,665078,246,126010,5.267694208592067,0.1592869566976114
203,0.0236,1,155,1,11521,664923,247,126009,5.2664665441642375,0.15931710943545083
204,0.0237,6,131,6,11652,664792,253,126003,5.265428969712331,0.1593371227688592
205,0.0238,8,135,8,11787,664657,261,125995,5.26435971359777,0.1593558227892929
206,0.0239,3,142,3,11929,664515,264,125992,5.2632350145735645,0.15938125785097412
207,0.024,0,135,0,12064,664380,264,125992,5.262165758459004,0.1594084810696735
208,0.0241,3,159,3,12223,664221,267,125989,5.260906412368521,0.1594373647511421
209,0.0242,10,170,10,12393,664051,277,125979,5.25955994170574,0.15946103312532436
210,0.0243,3,140,3,12533,663911,280,125976,5.258451083512862,0.15948610370850513
211,0.0244,2,139,2,12672,663772,282,125974,5.257350145735648,0.1595120456450555
212,0.0245,10,159,10,12831,663613,292,125964,5.256090799645166,0.15953352237970458
213,0.0246,4,143,4,12974,663470,296,125960,5.254958180205297,0.1595581622183094
214,0.0247,3,157,3,13131,663313,299,125957,5.253714674946141,0.15958670670366287
215,0.0248,6,148,6,13279,663165,305,125951,5.252542453427956,0.15961024741609597
216,0.0249,5,164,5,13443,663001,310,125946,5.251243505259156,0.15963809989771177
217,0.025,4,168,4,13611,662833,314,125942,5.249912875427702,0.15966783937117682
218,0.0251,10,186,10,13797,662647,324,125932,5.248439678114307,0.1596948435096547
219,0.0252,2,151,2,13948,662496,326,125930,5.247243695349132,0.15972329679640196
220,0.0253,2,128,2,14076,662368,328,125928,5.246229882144215,0.15974710007408385
221,0.0254,3,167,3,14243,662201,331,125925,5.244907172728425,0.15977775127327357
222,0.0255,7,168,7,14411,662033,338,125918,5.243576542896971,0.15980435331638643
223,0.0256,4,164,4,14575,661869,342,125914,5.242277594728171,0.15983335512444416
224,0.0257,7,154,7,14729,661715,349,125907,5.241057850716006,0.15985713959234252
225,0.0258,7,180,7,14909,661535,356,125900,5.239632175896591,0.15988621283026536
226,0.0259,3,188,3,15097,661347,359,125897,5.2381431377518695,0.15992119342922906
227,0.026,6,171,6,15268,661176,365,125891,5.236788746673425,0.15994953415655846
228,0.0261,2,171,2,15439,661005,367,125889,5.235434355594982,0.1599821576984956
229,0.0262,4,144,4,15583,660861,371,125885,5.23429381573945,0.16000716876857335
230,0.0263,5,179,5,15762,660682,376,125880,5.232876061335699,0.16003824237631617
231,0.0264,3,199,3,15961,660483,379,125877,5.23129989861868,0.16007553792156265
232,0.0265,8,161,8,16122,660322,387,125869,5.23002471169687,0.1600997721927623
233,0.0266,6,182,6,16304,660140,393,125863,5.228583196046128,0.16013043207214223
234,0.0267,6,190,6,16494,659950,399,125857,5.22707831707008,0.1601627371606514
235,0.0268,7,181,7,16675,659769,406,125850,5.2256447218350015,0.16019215421215627
236,0.0269,6,167,6,16842,659602,412,125844,5.224322012419211,0.16021979868762462
237,0.027,8,180,8,17022,659422,420,125836,5.222896337599797,0.16024796945717204
238,0.0271,10,184,10,17206,659238,430,125826,5.221438981117729,0.160274831096573
239,0.0272,1,143,1,17349,659095,431,125825,5.220306361677861,0.16030296081129286
240,0.0273,11,194,11,17543,658901,442,125814,5.2187698010391586,0.16033082074383692
241,0.0274,10,235,10,17778,658666,452,125804,5.2169085033582565,0.16036814664678062
242,0.0275,5,195,5,17973,658471,457,125799,5.21536402230389,0.16040266744871026
243,0.0276,8,201,8,18174,658270,465,125791,5.213772018755544,0.1604352212391638
244,0.0277,12,177,12,18351,658093,477,125779,5.21237010518312,0.16045859528086218
245,0.0278,2,173,2,18524,657920,479,125777,5.21099987327335,0.16049187377264426
246,0.0279,9,199,9,18723,657721,488,125768,5.20942371055633,0.16052299394120403
247,0.028,8,191,8,18914,657530,496,125760,5.207910911164618,0.16055356253750208
248,0.0281,5,206,5,19120,657324,501,125755,5.206279305537954,0.16059043851258942
249,0.0282,2,181,2,19301,657143,503,125753,5.204845710302877,0.16062542151192497
250,0.0283,5,213,5,19514,656930,508,125748,5.20315866176657,0.16066377233038362
251,0.0284,8,179,8,19693,656751,516,125740,5.201740907362819,0.16069194406069845
252,0.0285,4,184,4,19877,656567,520,125736,5.200283550880751,0.1607254478124205
253,0.0286,7,186,7,20063,656381,527,125729,5.198810353567355,0.16075615961949086
254,0.0287,3,165,3,20228,656216,530,125726,5.197503484982892,0.1607868614296201
255,0.0288,3,220,3,20448,655996,533,125723,5.195760993536941,0.1608288912000348
256,0.0289,8,212,8,20660,655784,541,125715,5.1940818654162975,0.16086392944840622
257,0.029,6,164,6,20824,655620,547,125709,5.192782917247497,0.16089125067673157
258,0.0291,6,186,6,21010,655434,553,125703,5.191309719934102,0.1609231159194866
259,0.0292,7,205,7,21215,655229,560,125696,5.189686034723103,0.1609578384607997
260,0.0293,8,197,8,21412,655032,568,125688,5.18812571283741,0.1609898555179834
261,0.0294,4,204,4,21616,654828,572,125684,5.186509948042073,0.16102763314337257
262,0.0295,8,196,8,21812,654632,580,125676,5.184957546572044,0.1610594790774925
263,0.0296,7,192,7,22004,654440,587,125669,5.183436826764669,0.16109159104689216
264,0.0297,6,204,6,22208,654236,593,125663,5.181821061969332,0.16112727417268133
265,0.0298,7,189,7,22397,654047,600,125656,5.180324103408947,0.16115880020982348
266,0.0299,3,200,3,22597,653847,603,125653,5.178740020276264,0.16119692110327133
267,0.03,7,197,7,22794,653650,610,125646,5.177179698390572,0.1612301359175461
268,0.0301,9,199,9,22993,653451,619,125637,5.175603535673552,0.16126162898157845
269,0.0302,6,206,6,23199,653245,625,125631,5.173971930046889,0.16129781890827294
270,0.0303,7,213,7,23412,653032,632,125624,5.172284881510581,0.1613344018411211
271,0.0304,10,201,10,23613,652831,642,125614,5.170692877962235,0.16136528592257643
272,0.0305,10,191,10,23804,652640,652,125604,5.169180078570523,0.16139411290032432
273,0.0306,6,207,6,24011,652433,658,125598,5.167540552528196,0.16143058567075091
274,0.0307,6,231,6,24242,652202,664,125592,5.165710936509948,0.1614720607255906
275,0.0308,9,173,9,24415,652029,673,125583,5.1643407046001775,0.16149827934754094
276,0.0309,5,223,5,24638,651806,678,125578,5.162574451907236,0.16153921356755477
277,0.031,7,216,7,24854,651590,685,125571,5.160863642123939,0.16157655878254312
278,0.0311,8,223,8,25077,651367,693,125563,5.159097389430998,0.16161430244680988
279,0.0312,9,191,9,25268,651176,702,125554,5.157584590039285,0.1616443294323639
280,0.0313,5,218,5,25486,650958,707,125549,5.155857939424661,0.16168431192506957
281,0.0314,8,237,8,25723,650721,715,125541,5.153980800912432,0.1617250361347071
282,0.0315,5,240,5,25963,650481,720,125536,5.152079901153212,0.16176965195350101
283,0.0316,5,187,5,26150,650294,725,125531,5.1505987834241544,0.16180324171043728
284,0.0317,8,221,8,26371,650073,733,125523,5.14884837156254,0.1618407005709158
285,0.0318,8,192,8,26563,649881,741,125515,5.147327651755164,0.16187212727432176
286,0.0319,5,205,5,26768,649676,746,125510,5.145703966544164,0.16190952880985982
287,0.032,10,195,10,26963,649481,756,125500,5.144159485489799,0.1619394539995174
288,0.0321,4,216,4,27179,649265,760,125496,5.142448675706501,0.16198027520745106
289,0.0322,17,219,17,27398,649046,777,125479,5.1407141046762135,0.1620076821277557
290,0.0323,8,218,8,27616,648828,785,125471,5.138987454061589,0.1620446365034696
291,0.0324,13,239,13,27855,648589,798,125458,5.137094474718033,0.16208059717303988
292,0.0325,2,223,2,28078,648366,800,125456,5.135328222025092,0.16212513989005223
293,0.0326,14,209,14,28287,648157,814,125442,5.133672855151438,0.16215377734459327
294,0.0327,6,215,6,28502,647942,820,125436,5.131969965783805,0.16219235613115449
295,0.0328,7,225,7,28727,647717,827,125429,5.130187872259536,0.16223197171038847
296,0.0329,11,223,11,28950,647494,838,125418,5.128421619566595,0.16226685573519364
297,0.033,7,250,7,29200,647244,845,125411,5.1264415156507415,0.1623117691595861
298,0.0331,5,240,5,29440,647004,850,125406,5.124540615891522,0.16235677943061327
299,0.0332,5,236,5,29676,646768,855,125401,5.1226713977949565,0.1624009769881982
300,0.0333,12,222,12,29898,646546,867,125389,5.120913065517678,0.16243466094943226
301,0.0334,5,245,5,30143,646301,872,125384,5.118972563680142,0.16248080499167405
302,0.0335,10,262,10,30405,646039,882,125374,5.116897414776328,0.16252513245174763
303,0.0336,13,224,13,30629,645815,895,125361,5.115123241667723,0.16255822276626866
304,0.0337,7,225,7,30854,645590,902,125354,5.113341148143455,0.16259806159721069
305,0.0338,6,239,6,31093,645351,908,125348,5.111448168799899,0.1626419652808684
306,0.0339,8,242,8,31335,645109,916,125340,5.109531428209352,0.16268435678416093
307,0.034,10,263,10,31598,644846,926,125330,5.107448358889875,0.16272903855742063
308,0.0341,10,226,10,31824,644620,936,125320,5.105658344949943,0.16276592981271268
309,0.0342,4,227,4,32051,644393,940,125316,5.103860410594348,0.16280958128331616
310,0.0343,14,228,14,32279,644165,954,125302,5.10205455582309,0.16284259104029153
311,0.0344,11,215,11,32494,643950,965,125291,5.100351666455456,0.16287613374742116
312,0.0345,13,280,13,32774,643670,978,125278,5.0981339500697,0.1629212898661548
313,0.0346,12,213,12,32987,643457,990,125266,5.096446901533392,0.1629533655165775
314,0.0347,7,213,7,33200,643244,997,125259,5.094759852997085,0.16299090569587887
315,0.0348,8,224,8,33424,643020,1005,125251,5.09298567988848,0.16302971217187684
316,0.0349,9,228,9,33652,642792,1014,125242,5.091179825117222,0.16306830166372843
317,0.035,7,235,7,33887,642557,1021,125235,5.08931852743632,0.16311058203263384
318,0.0351,11,243,11,34130,642314,1032,125224,5.08739386643011,0.16315022839260077
319,0.0352,14,228,14,34358,642086,1046,125210,5.085588011658852,0.16318343898573692
320,0.0353,9,250,9,34608,641836,1055,125201,5.083607907742999,0.1632268065295416
321,0.0354,10,240,10,34848,641596,1065,125191,5.081707007983779,0.1632669828779048
322,0.0355,9,244,9,35092,641352,1074,125182,5.079774426561906,0.16330912914495638
323,0.0356,7,254,7,35346,641098,1081,125175,5.077762640983399,0.1633556186894227
324,0.0357,12,277,12,35623,640821,1093,125163,5.075568685844633,0.16340158541170574
325,0.0358,12,260,12,35883,640561,1105,125151,5.073509377772146,0.16344395804166578
326,0.0359,13,271,13,36154,640290,1118,125138,5.07136294512736,0.163487617385306
327,0.036,10,226,10,36380,640064,1128,125128,5.0695729311874285,0.1635249715104183
328,0.0361,10,227,10,36607,639837,1138,125118,5.067774996831834,0.16356256250367668
329,0.0362,7,232,7,36839,639605,1145,125111,5.0659374603979215,0.1636045276939413
330,0.0363,10,235,10,37074,639370,1155,125101,5.064076162717019,0.16364387923152088
331,0.0364,4,214,4,37288,639156,1159,125097,5.062381193765049,0.16368532410078862
332,0.0365,11,250,11,37538,638906,1170,125086,5.060401089849195,0.1637268453072807
333,0.0366,4,263,4,37801,638643,1174,125082,5.058318020529717,0.1637788470981047
334,0.0367,20,255,20,38056,638388,1194,125062,5.056298314535547,0.16381164450848124
335,0.0368,15,287,15,38343,638101,1209,125047,5.054025155240147,0.1638568141435213
336,0.0369,8,264,8,38607,637837,1217,125039,5.051934165505005,0.16390474992003942
337,0.037,7,225,7,38832,637612,1224,125032,5.050152071980738,0.1639454319446557
338,0.0371,5,260,5,39092,637352,1229,125027,5.04809276390825,0.16399586032668792
339,0.0372,7,223,7,39315,637129,1236,125020,5.046326511215309,0.16403616615648647
340,0.0373,12,266,12,39581,636863,1248,125008,5.04421968064884,0.16408027080700013
341,0.0374,6,256,6,39837,636607,1254,125002,5.042192054239006,0.16412883776320922
342,0.0375,12,258,12,40095,636349,1266,124990,5.040148586997845,0.16417128243791532
343,0.0376,13,255,13,40350,636094,1279,124977,5.038128881003675,0.16421201175711597
344,0.0377,10,297,10,40647,635797,1289,124967,5.035776517551641,0.1642651334710896
345,0.0378,10,287,10,40934,635510,1299,124957,5.033503358256241,0.1643161373208831
346,0.0379,14,252,14,41186,635258,1313,124943,5.031507413509061,0.16435521658087796
347,0.038,7,263,7,41449,634995,1320,124936,5.029424344189583,0.16440439987314637
348,0.0381,12,311,12,41760,634684,1332,124924,5.026961094918262,0.1644585101789344
349,0.0382,14,271,14,42031,634413,1346,124910,5.024814662273476,0.16450179962940673
350,0.0383,15,258,15,42289,634155,1361,124895,5.022771195032315,0.16454120281931361
351,0.0384,9,274,9,42563,633881,1370,124886,5.02060100114054,0.1645907109824228
352,0.0385,14,279,14,42842,633602,1384,124872,5.018391205170447,0.16463583458365086
353,0.0386,7,250,7,43092,633352,1391,124865,5.016411101254594,0.1646824062240757
354,0.0387,7,277,7,43369,633075,1398,124858,5.014217146115828,0.164734877621109
355,0.0388,12,236,12,43605,632839,1410,124846,5.012347928019262,0.1647729597392056
356,0.0389,9,258,9,43863,632581,1419,124837,5.0103044607781015,0.16481916194228285
357,0.039,10,262,10,44125,632319,1429,124827,5.008229311874287,0.16486516471063706
358,0.0391,11,276,11,44401,632043,1440,124816,5.006043277151185,0.16491314762723308
359,0.0392,14,297,14,44698,631746,1454,124802,5.003690913699151,0.16496243463732638
360,0.0393,10,281,10,44979,631465,1464,124792,5.001465276897732,0.1650126874858679
361,0.0394,11,268,11,45247,631197,1475,124781,4.999342605499937,0.16505903610951642
362,0.0395,11,279,11,45526,630918,1486,124770,4.997132809529844,0.16510782227585988
363,0.0396,9,270,9,45796,630648,1495,124761,4.994994297300722,0.1651568885199938
364,0.0397,14,287,14,46083,630361,1509,124747,4.992721138005322,0.16520418271293644
365,0.0398,14,288,14,46371,630073,1523,124733,4.99044005829426,0.16525173355802683
366,0.0399,13,291,13,46662,629782,1536,124720,4.988135217336206,0.1653010860143512
367,0.04,9,258,9,46920,629524,1545,124711,4.986091750095045,0.16534767015585328
368,0.0401,14,273,14,47193,629251,1559,124697,4.983929476618933,0.16539204295256438
369,0.0402,9,288,9,47481,628963,1568,124688,4.98164839690787,0.16544527904825973
370,0.0403,11,274,11,47755,628689,1579,124677,4.979478203016094,0.16549326622119925
371,0.0404,11,268,11,48023,628421,1590,124666,4.977355531618299,0.1655399708134651
372,0.0405,15,306,15,48329,628115,1605,124651,4.9749318844252945,0.1655906350711908
373,0.0406,11,248,11,48577,627867,1616,124640,4.972967621340768,0.16563301072282385
374,0.0407,11,260,11,48837,627607,1627,124629,4.97090831326828,0.1656780584816467
375,0.0408,15,271,15,49108,627336,1642,124614,4.968761880623495,0.1657211250748055
376,0.0409,14,261,14,49369,627075,1656,124600,4.966694652135344,0.16576312901187348
377,0.041,11,296,11,49665,626779,1667,124589,4.964350209098973,0.16581621788524398
378,0.0411,18,241,18,49906,626538,1685,124571,4.96244138892409,0.16584943064189087
379,0.0412,9,306,9,50212,626232,1694,124562,4.960017741731086,0.16590702642802155
380,0.0413,15,289,15,50501,625943,1709,124547,4.95772874160436,0.16595424322775787
381,0.0414,12,293,12,50794,625650,1721,124535,4.955408059814979,0.16600571858941462
382,0.0415,11,299,11,51093,625351,1732,124524,4.953039855531618,0.1660596766127688
383,0.0416,14,267,14,51360,625084,1746,124510,4.950925104549487,0.1661032505596363
384,0.0417,19,292,19,51652,624792,1765,124491,4.94861234317577,0.16614683637557506
385,0.0418,15,284,15,51936,624508,1780,124476,4.94636294512736,0.16619313630197707
386,0.0419,22,257,22,52193,624251,1802,124454,4.944327398301863,0.16622568301266855
387,0.042,18,315,18,52508,623936,1820,124436,4.941832467367887,0.16627559555942767
388,0.0421,18,311,18,52819,623625,1838,124418,4.939369218096566,0.16632466315439084
389,0.0422,19,249,19,53068,623376,1857,124399,4.937397034596375,0.16635886463174082
390,0.0423,11,314,11,53382,623062,1868,124388,4.9349100240780635,0.16641648270787343
391,0.0424,14,276,14,53658,622786,1882,124374,4.932723989354962,0.16646233738422828
392,0.0425,23,269,23,53927,622517,1905,124351,4.930593397541503,0.16649662323194997
393,0.0426,12,275,12,54202,622242,1917,124339,4.928415283234064,0.16654455444218377
394,0.0427,9,310,9,54512,621932,1926,124330,4.925959954378405,0.16660368610488005
395,0.0428,10,282,10,54794,621650,1936,124320,4.923726397161323,0.16665549552931083
396,0.0429,14,285,14,55079,621365,1950,124306,4.92146907869725,0.16670354620201133
397,0.043,11,274,11,55353,621091,1961,124295,4.919298884805475,0.1667525282202778
398,0.0431,10,270,10,55623,620821,1971,124285,4.917160372576353,0.1668017704863469
399,0.0432,18,317,18,55940,620504,1989,124267,4.9146496008110505,0.16685262986877847
400,0.0433,14,281,14,56221,620223,2003,124253,4.912423964009632,0.16689994036073694
401,0.0434,14,275,14,56496,619948,2017,124239,4.910245849702193,0.16694594235051136
402,0.0435,21,290,21,56786,619658,2038,124218,4.907948929159803,0.16698750867079998
403,0.0436,11,338,11,57124,619320,2049,124207,4.905271828665568,0.16705109565624382
404,0.0437,24,295,24,57419,619025,2073,124183,4.902935306044861,0.16709050494612546
405,0.0438,11,276,11,57695,618749,2084,124172,4.900749271321759,0.1671402477517798
406,0.0439,15,330,15,58025,618419,2099,124157,4.898135534152832,0.1671977009760617
407,0.044,14,291,14,58316,618128,2113,124143,4.895830693194779,0.1672475416660492
408,0.0441,10,298,10,58614,617830,2123,124133,4.893470409327081,0.1673034908748819
409,0.0442,15,320,15,58934,617510,2138,124118,4.890935876314789,0.16735883758434147
410,0.0443,15,281,15,59215,617229,2153,124103,4.88871023951337,0.16740542698817804
411,0.0444,8,318,8,59533,616911,2161,124095,4.886191547332404,0.16746827960907198
412,0.0445,23,343,23,59876,616568,2184,124072,4.883474844759853,0.1675199827176496
413,0.0446,17,292,17,60168,616276,2201,124055,4.881162083386136,0.16756693965266886
414,0.0447,12,301,12,60469,615975,2213,124043,4.878778038271449,0.1676215983935526
415,0.0448,13,344,13,60813,615631,2226,124030,4.876053415283234,0.1676849259322852
416,0.0449,13,288,13,61101,615343,2239,124017,4.873772335572171,0.16773560917550315
417,0.045,16,300,16,61401,615043,2255,124001,4.871396210873146,0.1677856798783293
418,0.0451,12,307,12,61708,614736,2267,123989,4.868964643264478,0.16784188974246167
419,0.0452,18,285,18,61993,614451,2285,123971,4.866707324800405,0.1678863847501835
420,0.0453,10,318,10,62311,614133,2295,123961,4.86418863261944,0.16794744300861408
421,0.0454,17,329,17,62640,613804,2312,123944,4.861582815866177,0.16800316639286045
422,0.0455,16,328,16,62968,613476,2328,123928,4.858984919528577,0.16805984236592153
423,0.0456,15,297,15,63265,613179,2343,123913,4.856632556076543,0.1681106293379931
424,0.0457,10,284,10,63549,612895,2353,123903,4.854383158028133,0.16816413725335846
425,0.0458,14,302,14,63851,612593,2367,123889,4.851991192497782,0.16821728161720179
426,0.0459,20,281,20,64132,612312,2387,123869,4.849765555696363,0.16825889285379547
427,0.046,19,320,19,64452,611992,2406,123850,4.8472310226840705,0.1683105884143607
428,0.0461,16,306,16,64758,611686,2422,123834,4.844807375491066,0.1683625190341527
429,0.0462,20,298,20,65056,611388,2442,123814,4.842447091623368,0.16840813817155012
430,0.0463,14,310,14,65366,611078,2456,123800,4.83999176276771,0.16846333677154576
431,0.0464,17,305,17,65671,610773,2473,123783,4.837576035990368,0.168514041135053
432,0.0465,12,351,12,66022,610422,2485,123771,4.83479597009251,0.16858101343924553
433,0.0466,14,286,14,66308,610136,2499,123757,4.832530731212774,0.1686308494562559
434,0.0467,9,309,9,66617,609827,2508,123748,4.830083322772779,0.16869168115052993
435,0.0468,17,302,17,66919,609525,2525,123731,4.827691357242428,0.1687418855079263
436,0.0469,13,313,13,67232,609212,2538,123718,4.825212267139779,0.1687992031981226
437,0.047,16,322,16,67554,608890,2554,123702,4.82266189329616,0.16885524275449362
438,0.0471,13,312,13,67866,608578,2567,123689,4.820190723609175,0.1689124322139329
439,0.0472,13,343,13,68209,608235,2580,123676,4.817474021036624,0.1689768291499923
440,0.0473,12,291,12,68500,607944,2592,123664,4.815169180078571,0.16903040972761368
441,0.0474,18,323,18,68823,607621,2610,123646,4.8126108858192875,0.16908461615251338
442,0.0475,14,316,14,69139,607305,2624,123632,4.810108034469649,0.16914180018250546
443,0.0476,16,313,16,69452,606992,2640,123616,4.807628944367,0.1691960668374833
444,0.0477,13,339,13,69791,606653,2653,123603,4.804943923457103,0.1692598212133827
445,0.0478,11,325,11,70116,606328,2664,123592,4.8023697883664935,0.1693226654975888
446,0.0479,14,352,14,70468,605976,2678,123578,4.7995818020529715,0.16938842087083342
447,0.048,14,337,14,70805,605639,2692,123564,4.796912621974402,0.16945075651087557
448,0.0481,18,314,18,71119,605325,2710,123546,4.794425611456089,0.16950324543026132
449,0.0482,14,298,14,71417,605027,2724,123532,4.792065327588392,0.16955661792661952
450,0.0483,23,325,23,71742,604702,2747,123509,4.789491192497782,0.16960606197928896
451,0.0484,12,318,12,72060,604384,2759,123497,4.786972500316817,0.16966647020598147
452,0.0485,14,289,14,72349,604095,2773,123483,4.78468350019009,0.16971788591738618
453,0.0486,17,351,17,72700,603744,2790,123466,4.781903434292231,0.16978039355894445
454,0.0487,13,325,13,73025,603419,2803,123453,4.779329299201622,0.1698414576431614
455,0.0488,13,319,13,73344,603100,2816,123440,4.776802686604993,0.16990117543425
456,0.0489,15,343,15,73687,602757,2831,123425,4.774085984032442,0.16996427892732124
457,0.049,18,317,18,74004,602440,2849,123407,4.77157521226714,0.17001792388754103
458,0.0491,16,341,16,74345,602099,2865,123391,4.768874350525915,0.17007953245392768
459,0.0492,23,333,23,74678,601766,2888,123368,4.766236852109999,0.17013131366064754
460,0.0493,14,299,14,74977,601467,2902,123354,4.763868647826638,0.17018546648068972
461,0.0494,17,377,17,75354,601090,2919,123337,4.7608826511215305,0.17025455981071938
462,0.0495,20,320,20,75674,600770,2939,123317,4.758348118109239,0.17030688301267666
463,0.0496,20,308,20,75982,600462,2959,123297,4.755908630084907,0.17035643080086052
464,0.0497,11,347,11,76329,600115,2970,123286,4.753160245849702,0.17042553162077465
465,0.0498,17,339,17,76668,599776,2987,123269,4.750475224939805,0.17048593102780601
466,0.0499,18,302,18,76970,599474,3005,123251,4.748083259409454,0.17053651112110416
467,0.05,15,328,15,77298,599146,3020,123236,4.745485363071854,0.17059672029480247
468,0.0501,22,334,22,77632,598812,3042,123214,4.7428399442402736,0.17065036439131
469,0.0502,23,357,23,77989,598455,3065,123191,4.740012355848435,0.17070835284890376
470,0.0503,21,347,21,78336,598108,3086,123170,4.73726397161323,0.17076633420123724
471,0.0504,15,330,15,78666,597778,3101,123155,4.734650234444303,0.17082724746959843
472,0.0505,26,348,26,79014,597430,3127,123129,4.7318939297934355,0.1708798307980332
473,0.0506,21,332,21,79346,597098,3148,123108,4.729264351793182,0.17093442709447018
474,0.0507,20,317,20,79663,596781,3168,123088,4.7267535800278795,0.17098666562944093
475,0.0508,20,331,20,79994,596450,3188,123068,4.72413192244329,0.17104228108261363
476,0.0509,17,380,17,80374,596070,3205,123051,4.7211221644911925,0.17111306720287683
477,0.051,15,338,15,80712,595732,3220,123036,4.718445063996959,0.17117623489081316
478,0.0511,24,433,24,81145,595299,3244,123012,4.7150155240147,0.1712517280119614
479,0.0512,20,341,20,81486,594958,3264,122992,4.712314662273476,0.1713099798036075
480,0.0513,22,325,22,81811,594633,3286,122970,4.709740527182866,0.17136215985719122
481,0.0514,20,326,20,82137,594307,3306,122950,4.7071584716765935,0.17141693981376271
482,0.0515,19,334,19,82471,593973,3325,122931,4.704513052845013,0.17147484181982525
483,0.0516,25,325,25,82796,593648,3350,122906,4.701938917754403,0.17152370930871924
484,0.0517,21,348,21,83144,593300,3371,122885,4.6991826131035355,0.1715827614373381
485,0.0518,27,362,27,83506,592938,3398,122858,4.69631542263338,0.17163828800384467
486,0.0519,14,307,14,83813,592631,3412,122844,4.693883855024712,0.17169572661518573
487,0.052,18,347,18,84160,592284,3430,122826,4.691135470789507,0.17175819104753115
488,0.0521,24,321,24,84481,591963,3454,122802,4.688593017361551,0.17180751715598833
489,0.0522,23,329,23,84810,591634,3477,122779,4.685987200608288,0.17185997455253474
490,0.0523,17,348,17,85158,591286,3494,122762,4.68323089595742,0.17192401631262885
491,0.0524,13,344,13,85502,590942,3507,122749,4.680506272969206,0.17199180037299056
492,0.0525,18,306,18,85808,590636,3525,122731,4.6780826257762005,0.1720446838723967
493,0.0526,24,342,24,86150,590294,3549,122707,4.6753738436193135,0.17209933786909135
494,0.0527,14,329,14,86479,589965,3563,122693,4.67276802686605,0.17216252395959913
495,0.0528,18,356,18,86835,589609,3581,122675,4.669948358889875,0.17222765076851368
496,0.0529,20,339,20,87174,589270,3601,122655,4.6672633379799775,0.17228640657372615
497,0.053,16,346,16,87520,588924,3617,122639,4.664522874160436,0.17235156971343366
498,0.0531,22,319,22,87839,588605,3639,122617,4.661996261563807,0.17240327211475462
499,0.0532,22,338,22,88177,588267,3661,122595,4.659319161069573,0.17245963351536586
500,0.0533,19,351,19,88528,587916,3680,122576,4.6565390951717145,0.17252270257793192
501,0.0534,14,366,14,88894,587550,3694,122562,4.653640223038905,0.17259530890901717
502,0.0535,22,318,22,89212,587232,3716,122540,4.65112153085794,0.17264699086467203
503,0.0536,27,344,27,89556,586888,3743,122513,4.648396907869725,0.17269922089199197
504,0.0537,21,335,21,89891,586553,3764,122492,4.645743568622481,0.17275631306898717
505,0.0538,16,332,16,90223,586221,3780,122476,4.643113990622228,0.17281856703217313
506,0.0539,21,330,21,90553,585891,3801,122455,4.640500253453301,0.17287455565500476
507,0.054,15,349,15,90902,585542,3816,122440,4.63773602838677,0.17294224994420762
508,0.0541,19,348,19,91250,585194,3835,122421,4.634979723735902,0.17300509457826643
509,0.0542,13,354,13,91604,584840,3848,122408,4.632175896591053,0.17307648802117503
510,0.0543,20,358,20,91962,584482,3868,122388,4.629340387783551,0.17314074723782308
511,0.0544,21,326,21,92288,584156,3889,122367,4.626758332277278,0.17319606014241576
512,0.0545,16,333,16,92621,583823,3905,122351,4.624120833861361,0.17325899849045703
513,0.0546,26,363,26,92984,583460,3931,122325,4.621245722975542,0.17331765339303046
514,0.0547,21,373,21,93357,583087,3952,122304,4.618291407933088,0.17338469019309857
515,0.0548,20,344,20,93701,582743,3972,122284,4.615566784944874,0.17344583966287816
516,0.0549,23,349,23,94050,582394,3995,122261,4.612802559878342,0.17350476474303028
517,0.055,21,373,21,94423,582021,4016,122240,4.609848244835889,0.17357201378466222
518,0.0551,22,374,22,94797,581647,4038,122218,4.606886009377772,0.17363841077479347
519,0.0552,25,362,25,95159,581285,4063,122193,4.604018818907616,0.1736983956854372
520,0.0553,21,354,21,95513,580931,4084,122172,4.601214991762768,0.17376117012727865
521,0.0554,32,347,32,95860,580584,4116,122140,4.598466607527563,0.17380934762438738
522,0.0555,19,362,19,96222,580222,4135,122121,4.595599417057407,0.17387658167020956
523,0.0556,20,382,20,96604,579840,4155,122101,4.592573818273983,0.17394766796639605
524,0.0557,19,365,19,96969,579475,4174,122082,4.589682866556837,0.17401579629310235
525,0.0558,22,335,22,97304,579140,4196,122060,4.587029527309594,0.17407301768397035
526,0.0559,18,370,18,97674,578770,4214,122042,4.58409897351413,0.1741437075849158
527,0.056,25,323,25,97997,578447,4239,122017,4.581540679254847,0.1741945339089518
528,0.0561,25,351,25,98348,578096,4264,121992,4.578760613356989,0.1742523797008376
529,0.0562,31,351,31,98699,577745,4295,121961,4.575980547459131,0.17430320734708576
530,0.0563,28,336,28,99035,577409,4323,121933,4.573319287796224,0.17435389265909956
531,0.0564,29,345,29,99380,577064,4352,121904,4.570586744392346,0.17440569525357383
532,0.0565,20,368,20,99748,576696,4372,121884,4.567672031428209,0.17447393283517992
533,0.0566,15,370,15,100118,576326,4387,121869,4.564741477632746,0.17454865760998
534,0.0567,18,338,18,100456,575988,4405,121851,4.562064377138512,0.17461190905065496
535,0.0568,17,344,17,100800,575644,4422,121834,4.559339754150298,0.17467791098787344
536,0.0569,22,319,22,101119,575325,4444,121812,4.556813141553668,0.1747317959023836
537,0.057,22,337,22,101456,574988,4466,121790,4.5541439614750985,0.17479024883104805
538,0.0571,28,333,28,101789,574655,4494,121762,4.551506463059181,0.17484064863436705
539,0.0572,30,379,30,102168,574276,4524,121732,4.548504625522748,0.174900288502431
540,0.0573,26,353,26,102521,573923,4550,121706,4.545708718793562,0.17495820329514727
541,0.0574,19,351,19,102872,573572,4569,121687,4.542928652895704,0.17502398386788232
542,0.0575,17,345,17,103217,573227,4586,121670,4.540196109491826,0.1750906968946477
543,0.0576,32,348,32,103565,572879,4618,121638,4.537439804840958,0.17514042132877958
544,0.0577,25,381,25,103946,572498,4643,121613,4.534422126473197,0.17520684731980907
545,0.0578,18,387,18,104333,572111,4661,121595,4.5313569256114565,0.1752831891319954
546,0.0579,20,371,20,104704,571740,4681,121575,4.52841845140033,0.1753531944354298
547,0.058,20,362,20,105066,571378,4701,121555,4.525551260930174,0.17542100029873017
548,0.0581,23,356,23,105422,571022,4724,121532,4.522731592953998,0.17548378898973943
549,0.0582,19,328,19,105750,570694,4743,121513,4.520133696616399,0.17554430972238072
550,0.0583,29,302,29,106052,570392,4772,121484,4.517741731086048,0.17558637674959096
551,0.0584,20,360,20,106412,570032,4792,121464,4.514890381447218,0.17565394449136365
552,0.0585,13,364,13,106776,569668,4805,121451,4.512007350145736,0.17573095226726512
553,0.0586,25,356,25,107132,569312,4830,121426,4.509187682169561,0.1757916894683657
554,0.0587,24,412,24,107544,568900,4854,121402,4.505924470916233,0.17586795344646255
555,0.0588,15,337,15,107881,568563,4869,121387,4.5032552908376635,0.17593593738676716
556,0.0589,20,365,20,108246,568198,4889,121367,4.500364339120517,0.17600516267501976
557,0.059,33,402,33,108648,567796,4922,121334,4.497180332023825,0.17606837606837608
558,0.0591,25,383,25,109031,567413,4947,121309,4.494146812824737,0.17613638013596197
559,0.0592,20,391,20,109422,567022,4967,121289,4.491049930300342,0.17621249696721394
560,0.0593,32,356,32,109778,566666,4999,121257,4.4882302623241666,0.1762653669087965
561,0.0594,29,362,29,110140,566304,5028,121228,4.485363071854011,0.17632342930947215
562,0.0595,25,382,25,110522,565922,5053,121203,4.4823374730705865,0.17639148626523557
563,0.0596,23,345,23,110867,565577,5076,121180,4.479604929666709,0.1764525152273657
564,0.0597,23,388,23,111255,565189,5099,121157,4.476531808389304,0.17652466831598057
565,0.0598,23,370,23,111625,564819,5122,121134,4.4736012545938415,0.17659227381467826
566,0.0599,21,345,21,111970,564474,5143,121113,4.470868711189963,0.17665591675454756
567,0.06,40,338,40,112308,564136,5183,121073,4.46819161069573,0.17669499379021583
568,0.0601,19,379,19,112687,563757,5202,121054,4.465189773159295,0.17676994090340253
569,0.0602,21,377,21,113064,563380,5223,121033,4.462203776454189,0.17684205297094005
570,0.0603,31,355,31,113419,563025,5254,121002,4.459392028893676,0.17689652601432398
571,0.0604,20,392,20,113811,562633,5274,120982,4.456287225953618,0.17697388149762658
572,0.0605,23,383,23,114194,562250,5297,120959,4.453253706754531,0.17704538435529976
573,0.0606,26,345,26,114539,561905,5323,120933,4.450521163350652,0.17710350039101513
574,0.0607,27,375,27,114914,561530,5350,120906,4.447551007476872,0.17716826193225446
575,0.0608,18,356,18,115270,561174,5368,120888,4.444731339500697,0.17723901932668878
576,0.0609,31,377,31,115647,560797,5399,120857,4.44174534279559,0.17729962708353506
577,0.061,27,354,27,116001,560443,5426,120830,4.4389415156507415,0.177359149709441
578,0.0611,30,368,30,116369,560075,5456,120800,4.436026802686605,0.1774187626216266
579,0.0612,26,336,26,116705,559739,5482,120774,4.433365543023698,0.17747493435099698
580,0.0613,20,351,20,117056,559388,5502,120754,4.43058547712584,0.1775423367473263
581,0.0614,28,371,28,117427,559017,5530,120726,4.427647002914713,0.17760535967269983
582,0.0615,28,377,28,117804,558640,5558,120698,4.424661006209606,0.17767002581925345
583,0.0616,32,352,32,118156,558288,5590,120666,4.4218730198960845,0.17772338037628468
584,0.0617,22,388,22,118544,557900,5612,120644,4.41879989861868,0.1777983446909854
585,0.0618,18,371,18,118915,557529,5630,120626,4.415861424407553,0.17787378991528485
586,0.0619,27,385,27,119300,557144,5657,120599,4.412812064377139,0.17794208129040065
587,0.062,28,385,28,119685,556759,5685,120571,4.409762704346724,0.17800924217146738
588,0.0621,26,380,26,120065,556379,5711,120545,4.406752946394627,0.17807759807600262
589,0.0622,27,383,27,120448,555996,5738,120518,4.403719427195539,0.1781456111773001
590,0.0623,19,384,19,120832,555612,5757,120499,4.400677987580789,0.17822369403840493
591,0.0624,24,388,24,121220,555224,5781,120475,4.397604866303384,0.17829684519290395
592,0.0625,23,347,23,121567,554877,5804,120452,4.394856482068179,0.17836047319158513
593,0.0626,23,371,23,121938,554506,5827,120429,4.391918007857052,0.1784305155311252
594,0.0627,28,367,28,122305,554139,5855,120401,4.389011215308579,0.17849349186112018
595,0.0628,28,365,28,122670,553774,5883,120373,4.386120263591433,0.17855601226438744
596,0.0629,37,369,37,123039,553405,5920,120336,4.383197630211633,0.178608693845261
597,0.063,27,347,27,123386,553058,5947,120309,4.380449245976429,0.17866779928330317
598,0.0631,19,384,19,123770,552674,5966,120290,4.377407806361678,0.1787465599942939
599,0.0632,33,336,33,124106,552338,5999,120257,4.374746546698771,0.17879556047844541
600,0.0633,24,374,24,124480,551964,6023,120233,4.371784311240654,0.17886571942451396
601,0.0634,27,377,27,124857,551587,6050,120206,4.368798314535547,0.1789330939738878
602,0.0635,21,391,21,125248,551196,6071,120185,4.365701432011152,0.17901161933388046
603,0.0636,20,369,20,125617,550827,6091,120165,4.362778798631352,0.17908559267472637
604,0.0637,21,395,21,126012,550432,6112,120144,4.359650234444303,0.17916537424542484
605,0.0638,37,370,37,126382,550062,6149,120107,4.35671968064884,0.17921897312468946
606,0.0639,18,388,18,126770,549674,6167,120089,4.353646559371436,0.17930073772364255
607,0.064,22,392,22,127162,549282,6189,120067,4.350541756431378,0.17937876952083293
608,0.0641,31,402,31,127564,548880,6220,120036,4.347357749334685,0.17944854062393484
609,0.0642,23,324,23,127888,548556,6243,120013,4.3447915346597386,0.17950727598796834
610,0.0643,23,389,23,128277,548167,6266,119990,4.341710492966671,0.17958354099410767
611,0.0644,30,358,30,128635,547809,6296,119960,4.338874984159169,0.1796429603650364
612,0.0645,32,396,32,129031,547413,6328,119928,4.335738499556457,0.1797102231093249
613,0.0646,25,372,25,129403,547041,6353,119903,4.332792104929666,0.1797797116399578
614,0.0647,24,347,24,129750,546694,6377,119879,4.330043720694462,0.17984376804941093
615,0.0648,28,393,28,130143,546301,6405,119851,4.32693099733874,0.17991539468469658
616,0.0649,33,334,33,130477,545967,6438,119818,4.32428557850716,0.17996500371741628
617,0.065,34,363,34,130840,545604,6472,119784,4.321410467621341,0.18002128081660626
618,0.0651,35,386,35,131226,545218,6507,119749,4.318353187175263,0.18008262064132505
619,0.0652,26,358,26,131584,544860,6533,119723,4.315517678367761,0.18014755117118553
620,0.0653,32,350,32,131934,544510,6565,119691,4.3127455328855655,0.18020298072420848
621,0.0654,28,385,28,132319,544125,6593,119663,4.309696172855151,0.18027291846191856
622,0.0655,17,342,17,132661,543783,6610,119646,4.306987390698263,0.1803448447384724
623,0.0656,26,376,26,133037,543407,6636,119620,4.3040093144088205,0.18041497555906472
624,0.0657,30,385,30,133422,543022,6666,119590,4.300959954378405,0.18048269575558548
625,0.0658,30,354,30,133776,542668,6696,119560,4.2981561272335576,0.18054204896198892
626,0.0659,30,389,30,134165,542279,6726,119530,4.295075085540489,0.18061102221335762
627,0.066,25,345,25,134510,541934,6751,119505,4.292342542136612,0.18067425718773764
628,0.0661,29,401,29,134911,541533,6780,119476,4.289166455455582,0.18074791719931196
629,0.0662,24,370,24,135281,541163,6804,119452,4.2862359016601195,0.18081938799452027
630,0.0663,24,391,24,135672,540772,6828,119428,4.283139019135724,0.18089669797031202
631,0.0664,38,365,38,136037,540407,6866,119390,4.2802480674185786,0.18094959510273614
632,0.0665,30,373,30,136410,540034,6896,119360,4.277293752376124,0.1810146892449734
633,0.0666,25,396,25,136806,539638,6921,119335,4.274157267773413,0.18109239680533193
634,0.0667,27,372,27,137178,539266,6948,119308,4.2712108731466225,0.18116111477221997
635,0.0668,27,365,27,137543,538901,6975,119281,4.268319921429477,0.18122798861105288
636,0.0669,33,406,33,137949,538495,7008,119248,4.26510423267013,0.1812987747494082
637,0.067,26,379,26,138328,538116,7034,119222,4.262102395133697,0.18137092333015892
638,0.0671,25,382,25,138710,537734,7059,119197,4.259076796350272,0.1814452354965742
639,0.0672,31,390,31,139100,537344,7090,119166,4.255987834241541,0.1815143714490259
640,0.0673,25,359,25,139459,536985,7115,119141,4.253144405018375,0.181582500922079
641,0.0674,31,393,31,139852,536592,7146,119110,4.250031681662653,0.1816526409863017
642,0.0675,30,376,30,140228,536216,7176,119080,4.24705360537321,0.18171940619201093
643,0.0676,27,383,27,140611,535833,7203,119053,4.244020086174123,0.1817919454683716
644,0.0677,36,378,36,140989,535455,7239,119017,4.2410261690533515,0.1818519356061069
645,0.0678,27,396,27,141385,535059,7266,118990,4.23788968445064,0.1819282653134551
646,0.0679,17,403,17,141788,534656,7283,118973,4.234697756938284,0.18201915765671353
647,0.068,29,398,29,142186,534258,7312,118944,4.231545431504245,0.18209374741657253
648,0.0681,26,382,26,142568,533876,7338,118918,4.2285198327208215,0.1821677282573063
649,0.0682,25,386,25,142954,533490,7363,118893,4.2254625522747435,0.18224417251829064
650,0.0683,31,386,31,143340,533104,7394,118862,4.2224052718286655,0.18231318811103647
651,0.0684,36,391,36,143731,532713,7430,118826,4.21930838930427,0.18237741716152064
652,0.0685,25,425,25,144156,532288,7455,118801,4.215942212647319,0.1824650700595464
653,0.0686,27,382,27,144538,531906,7482,118774,4.212916613863896,0.18253826765844963
654,0.0687,25,391,25,144929,531515,7507,118749,4.2098197313395005,0.18261659879679637
655,0.0688,23,384,23,145313,531131,7530,118726,4.20677829172475,0.18269557764246597
656,0.0689,31,361,31,145674,530770,7561,118695,4.2039190216702575,0.18275811629572034
657,0.069,29,379,29,146053,530391,7590,118666,4.200917184133823,0.18282831862224735
658,0.0691,29,398,29,146451,529993,7619,118637,4.197764858699784,0.18290396682237947
659,0.0692,26,395,26,146846,529598,7645,118611,4.194636294512736,0.18298264911471454
660,0.0693,31,390,31,147236,529208,7676,118580,4.191547332404005,0.18305371510432425
661,0.0694,26,366,26,147602,528842,7702,118554,4.188648460271195,0.1831243937250153
662,0.0695,39,362,39,147964,528480,7741,118515,4.185781269801039,0.1831776134282336
663,0.0696,18,373,18,148337,528107,7759,118497,4.1828269547585855,0.18326054277424822
664,0.0697,27,348,27,148685,527759,7786,118470,4.180070650107718,0.18332510611563393
665,0.0698,38,380,38,149065,527379,7824,118432,4.1770608921556205,0.1833849222140843
666,0.0699,23,375,23,149440,527004,7847,118409,4.1740907362818405,0.18346237215550354
667,0.07,27,362,27,149802,526642,7874,118382,4.171223545811684,0.18353115542987547
668,0.0701,32,410,32,150212,526232,7906,118350,4.1679761753896845,0.18360736104948633
669,0.0702,32,385,32,150597,525847,7938,118318,4.16492681535927,0.1836765425007568
670,0.0703,44,365,44,150962,525482,7982,118274,4.1620358636421235,0.18372488955442745
671,0.0704,23,380,23,151342,525102,8005,118251,4.159026105690026,0.18380422567393018
672,0.0705,30,351,30,151693,524751,8035,118221,4.156246039792168,0.18386648252178944
673,0.0706,28,382,28,152075,524369,8063,118193,4.153220441008744,0.18394022677967262
674,0.0707,25,403,25,152478,523966,8088,118168,4.150028513496388,0.18402389532402894
675,0.0708,26,345,26,152823,523621,8114,118142,4.14729597009251,0.18408976522485715
676,0.0709,29,405,29,153228,523216,8143,118113,4.144088201748827,0.18416912380385106
677,0.071,29,386,29,153614,522830,8172,118084,4.14103092130275,0.1842431277831347
678,0.0711,27,347,27,153961,522483,8199,118057,4.138282537067545,0.18430855215911573
679,0.0712,21,387,21,154348,522096,8220,118036,4.1352173362058045,0.18439321889860216
680,0.0713,31,414,31,154762,521682,8251,118005,4.1319382841211505,0.18447303134189064
681,0.0714,40,360,40,155122,521322,8291,117965,4.129086934482322,0.18452588586972674
682,0.0715,31,391,31,155513,520931,8322,117934,4.125990051957927,0.1845992502328348
683,0.0716,39,396,39,155909,520535,8361,117895,4.1228535673552145,0.18466394123083188
684,0.0717,32,377,32,156286,520158,8393,117863,4.119867570650108,0.18473216398833267
685,0.0718,19,393,19,156679,519765,8412,117844,4.116754847294386,0.18482173244104144
686,0.0719,40,399,40,157078,519366,8452,117804,4.113594601444684,0.18488629408164226
687,0.072,30,393,30,157471,518973,8482,117774,4.1104818780889625,0.1849620021766887
688,0.0721,28,383,28,157854,518590,8510,117746,4.107448358889875,0.18503746448417188
689,0.0722,29,424,29,158278,518166,8539,117717,4.104090102648587,0.18512367841253816
690,0.0723,26,379,26,158657,517787,8565,117691,4.101088265112153,0.1852007465246633
691,0.0724,26,392,26,159049,517395,8591,117665,4.0979834621720945,0.1852817056656064
692,0.0725,27,390,27,159439,517005,8618,117638,4.094894500063363,0.18536090368916067
693,0.0726,31,418,31,159857,516587,8649,117607,4.091583766316056,0.18544325553379565
694,0.0727,31,371,31,160228,516216,8680,117576,4.08864529210493,0.1855119660708876
695,0.0728,32,391,32,160619,515825,8712,117544,4.085548409580535,0.185585338088855
696,0.0729,30,399,30,161018,515426,8742,117514,4.082388163730832,0.18566372799949443
697,0.073,23,412,23,161430,515014,8765,117491,4.079124952477506,0.1857550533197366
698,0.0731,41,425,41,161855,514589,8806,117450,4.075758775820555,0.18582714041380358
699,0.0732,38,399,38,162254,514190,8844,117412,4.072598529970853,0.185895548145826
700,0.0733,26,417,26,162671,513773,8870,117386,4.06929571663921,0.18598483108059935
701,0.0734,34,393,34,163064,513380,8904,117352,4.066182993283488,0.18605683554980562
702,0.0735,40,385,40,163449,512995,8944,117312,4.063133633253073,0.18611882780930564
703,0.0736,37,365,37,163814,512630,8981,117275,4.060242681535927,0.1861788682420365
704,0.0737,31,381,31,164195,512249,9012,117244,4.057225003168166,0.18625147539368983
705,0.0738,38,384,38,164579,511865,9050,117206,4.054183563553416,0.18631601202407996
706,0.0739,43,372,43,164951,511493,9093,117163,4.051237168926625,0.18637060650021633
707,0.074,21,365,21,165316,511128,9114,117142,4.048346217209479,0.18645168478520383
708,0.0741,24,403,24,165719,510725,9138,117118,4.045154289697123,0.1865402656396583
709,0.0742,31,383,31,166102,510342,9169,117087,4.042120770498036,0.18661394356971067
710,0.0743,31,368,31,166470,509974,9200,117056,4.0392060575338995,0.1866832527949221
711,0.0744,33,386,33,166856,509588,9233,117023,4.0361487770878215,0.18675541923138916
712,0.0745,46,401,46,167257,509187,9279,116977,4.032972690406792,0.18681527523140903
713,0.0746,35,416,35,167673,508771,9314,116942,4.0296777974908125,0.1868939913346854
714,0.0747,26,439,26,168112,508332,9340,116916,4.026200735014574,0.1869914018117611
715,0.0748,33,397,33,168509,507935,9373,116883,4.023056329996198,0.18706727399018594
716,0.0749,36,372,36,168881,507563,9409,116847,4.020109935369408,0.1871318524687305
717,0.075,40,400,40,169281,507163,9449,116807,4.016941769104043,0.18719970511402792
718,0.0751,36,378,36,169659,506785,9485,116771,4.013947851983272,0.1872662599670278
719,0.0752,27,391,27,170050,506394,9512,116744,4.010850969458877,0.18734854879657475
720,0.0753,26,407,26,170457,505987,9538,116718,4.007627360283868,0.18743706891706347
721,0.0754,33,393,33,170850,505594,9571,116685,4.004514636928146,0.18751235378343153
722,0.0755,38,350,38,171200,505244,9609,116647,4.001742491445951,0.18756823945032167
723,0.0756,34,407,34,171607,504837,9643,116613,3.9985188822709414,0.18764663287472846
724,0.0757,36,395,36,172002,504442,9679,116577,3.995390318083893,0.1877188942689354
725,0.0758,29,379,29,172381,504063,9708,116548,3.992388480547459,0.18779557565044772
726,0.0759,54,337,54,172718,503726,9762,116494,3.9897193004688885,0.18782690013221115
727,0.076,36,404,36,173122,503322,9798,116458,3.986519452540869,0.18790215883055278
728,0.0761,27,406,27,173528,502916,9825,116431,3.983303763781523,0.18798993133090175
729,0.0762,27,387,27,173915,502529,9852,116404,3.980238562919782,0.18807205303320393
730,0.0763,40,379,40,174294,502150,9892,116364,3.977236725383348,0.188134787571502
731,0.0764,33,407,33,174701,501743,9925,116331,3.9740131162083387,0.18821532696732107
732,0.0765,39,381,39,175082,501362,9964,116292,3.970995437840578,0.18828016980380602
733,0.0766,32,420,32,175502,500942,9996,116260,3.967668863261944,0.18836620749770738
734,0.0767,33,385,33,175887,500557,10029,116227,3.9646195032315297,0.18844036161768138
735,0.0768,32,390,32,176277,500167,10061,116195,3.9615305411227983,0.18851746214075493
736,0.0769,25,378,25,176655,499789,10086,116170,3.9585366240020274,0.18860021527406856
737,0.077,36,402,36,177057,499387,10122,116134,3.9553526169053352,0.18867593469597302
738,0.0771,38,369,38,177426,499018,10160,116096,3.952429983525535,0.18873899797435922
739,0.0772,28,421,28,177847,498597,10188,116068,3.949095488531238,0.18883131461853206
740,0.0773,26,422,26,178269,498175,10214,116042,3.9457530731212773,0.1889267148255421
741,0.0774,34,431,34,178700,497744,10248,116008,3.942339373970346,0.18901445535004366
742,0.0775,30,395,30,179095,497349,10278,115978,3.9392108097832974,0.18909651784447773
743,0.0776,32,400,32,179495,496949,10310,115946,3.936042643517932,0.18917759159399244
744,0.0777,33,377,33,179872,496572,10343,115913,3.9330566468128247,0.18925034898813847
745,0.0778,27,386,27,180258,496186,10370,115886,3.9299993663667467,0.18933393456978917
746,0.0779,48,438,48,180696,495748,10418,115838,3.9265302243061715,0.18940590530195262
747,0.078,38,388,38,181084,495360,10456,115800,3.923457103028767,0.18947575103082662
748,0.0781,35,371,35,181455,494989,10491,115765,3.9205186288176406,0.18954439921801577
749,0.0782,35,407,35,181862,494582,10526,115730,3.917295019642631,0.18962432329693665
750,0.0783,37,412,37,182274,494170,10563,115693,3.9140318083893044,0.18970326122424216
751,0.0784,26,365,26,182639,493805,10589,115667,3.911140856672158,0.18978230337078653
752,0.0785,35,393,35,183032,493412,10624,115632,3.9080281333164364,0.18985820400496517
753,0.0786,22,416,22,183448,492996,10646,115610,3.904733240400456,0.1899586924874221
754,0.0787,29,404,29,183852,492592,10675,115581,3.901533392472437,0.19004625328648264
755,0.0788,33,363,33,184215,492229,10708,115548,3.8986582815866178,0.19011578259789363
756,0.0789,33,380,33,184595,491849,10741,115515,3.89564852363452,0.19019072582504068
757,0.079,35,408,35,185003,491441,10776,115480,3.8924169940438476,0.19027188052481295
758,0.0791,45,351,45,185354,491090,10821,115435,3.8896369281459893,0.19032191583199373
759,0.0792,24,409,24,185763,490681,10845,115411,3.886397478139653,0.19041828633276797
760,0.0793,32,409,32,186172,490272,10877,115379,3.8831580281333165,0.19050410219747016
761,0.0794,32,359,32,186531,489913,10909,115347,3.8803145989101506,0.1905742986485147
762,0.0795,33,407,33,186938,489506,10942,115314,3.8770909897351413,0.19065837769915017
763,0.0796,40,420,40,187358,489086,10982,115274,3.8737644151565074,0.1907373088887418
764,0.0797,28,407,28,187765,488679,11010,115246,3.870540805981498,0.19082833133253302
765,0.0798,26,381,26,188146,488298,11036,115220,3.867523127613737,0.19091394125775868
766,0.0799,32,409,32,188555,487889,11068,115188,3.8642836776074008,0.19100048584177476
767,0.08,38,396,38,188951,487493,11106,115150,3.861147193004689,0.19107498137371545
768,0.0801,30,396,30,189347,487097,11136,115120,3.858010708401977,0.19116032925008758
769,0.0802,37,388,37,189735,486709,11173,115083,3.854937587124572,0.19123384823992343
770,0.0803,47,386,47,190121,486323,11220,115036,3.8518803066784946,0.19129338714478372
771,0.0804,42,352,42,190473,485971,11262,114994,3.849092320364973,0.19134891383025635
772,0.0805,33,422,33,190895,485549,11295,114961,3.845749904955012,0.19143894356463673
773,0.0806,35,377,35,191272,485172,11330,114926,3.8427639082499048,0.19151205303133823
774,0.0807,42,374,42,191646,484798,11372,114884,3.839801672791788,0.19157486801338042
775,0.0808,38,428,38,192074,484370,11410,114846,3.836411734887847,0.1916604363034365
776,0.0809,43,405,43,192479,483965,11453,114803,3.8332039665441644,0.19173202308740614
777,0.081,32,455,32,192934,483510,11485,114771,3.8296001774173107,0.19183460614661005
778,0.0811,26,339,26,193273,483171,11511,114745,3.8269151565074133,0.191908227911613
779,0.0812,30,377,30,193650,482794,11541,114715,3.8239291598023066,0.19198873991856188
780,0.0813,48,363,48,194013,482431,11589,114667,3.821054048916487,0.1920405025640682
781,0.0814,46,415,46,194428,482016,11635,114621,3.81776707641617,0.1921117865636895
782,0.0815,47,417,47,194845,481599,11682,114574,3.8144642630845267,0.1921824705244954
783,0.0816,35,410,35,195255,481189,11717,114539,3.811216892662527,0.1922672763408804
784,0.0817,29,411,29,195666,480778,11746,114510,3.807961601824864,0.19236067248121919
785,0.0818,44,422,44,196088,480356,11790,114466,3.8046191864149033,0.19243740144110338
786,0.0819,35,436,35,196524,479920,11825,114431,3.8011658851856547,0.19253101281902446
787,0.082,37,405,37,196929,479515,11862,114394,3.797958116841972,0.19261199948140204
788,0.0821,37,409,37,197338,479106,11899,114357,3.7947186668356356,0.19269440554845035
789,0.0822,42,360,42,197698,478746,11941,114315,3.7918673171968065,0.19275420235017984
790,0.0823,27,385,27,198083,478361,11968,114288,3.7888179571663922,0.19284264379084415
791,0.0824,33,353,33,198436,478008,12001,114255,3.786022050437207,0.19291260808120717
792,0.0825,31,373,31,198809,477635,12032,114224,3.7830677353947535,0.19299191192496862
793,0.0826,34,375,34,199184,477260,12066,114190,3.7800975795209735,0.19306788401386424
794,0.0827,25,396,25,199580,476864,12091,114165,3.7769610949182613,0.19316311043958925
795,0.0828,46,393,46,199973,476471,12137,114119,3.7738483715625395,0.1932288050932119
796,0.0829,38,341,38,200314,476130,12175,114081,3.7711475098213154,0.19328850190863944
797,0.083,38,404,38,200718,475726,12213,114043,3.767947661893296,0.19336892919092052
798,0.0831,39,387,39,201105,475339,12252,114004,3.7648824610315548,0.19344252837481737
799,0.0832,36,421,36,201526,474918,12288,113968,3.7615479660372575,0.1935315154376229
800,0.0833,31,396,31,201922,474522,12319,113937,3.7584114814345457,0.1936192665929147
801,0.0834,32,400,32,202322,474122,12351,113905,3.75524331516918,0.1937070916811643
802,0.0835,30,373,30,202695,473749,12381,113875,3.752289000126727,0.19378888540971778
803,0.0836,48,372,48,203067,473377,12429,113827,3.749342605499937,0.1938457503695479
804,0.0837,53,409,53,203476,472968,12482,113774,3.7461031554936004,0.19390805498839353
805,0.0838,34,353,34,203829,472615,12516,113740,3.743307248764415,0.19397805083950848
806,0.0839,32,390,32,204219,472225,12548,113708,3.7402182866556837,0.19406314373827724
807,0.084,51,402,51,204621,471823,12599,113657,3.737034279558991,0.19412618706018994
808,0.0841,47,404,47,205025,471419,12646,113610,3.733834431630972,0.19419550141958775
809,0.0842,46,388,46,205413,471031,12692,113564,3.7307613103535675,0.19426098410010348
810,0.0843,35,413,35,205826,470618,12727,113529,3.7274901786845773,0.19435005229847965
811,0.0844,37,376,37,206202,470242,12764,113492,3.7245121023951335,0.19442417265398282
812,0.0845,44,405,44,206607,469837,12808,113448,3.721304334051451,0.1944984012961074
813,0.0846,39,388,39,206995,469449,12847,113409,3.7182312127740462,0.19457397856767858
814,0.0847,38,351,38,207346,469098,12885,113371,3.715451146876188,0.19463868463386033
815,0.0848,39,361,39,207707,468737,12924,113332,3.7125918768216954,0.19470543870228443
816,0.0849,30,419,30,208126,468318,12954,113302,3.7092732226587253,0.19480416766961245
817,0.085,38,421,38,208547,467897,12992,113264,3.705938727664428,0.19489263732425266
818,0.0851,40,371,40,208918,467526,13032,113224,3.7030002534533013,0.19496168747309514
819,0.0852,27,374,27,209292,467152,13059,113197,3.700038017995184,0.19504987516132535
820,0.0853,37,370,37,209662,466782,13096,113160,3.6971074641997212,0.19512296057191927
821,0.0854,51,415,51,210077,466367,13147,113109,3.6938204916994044,0.19519186299346306
822,0.0855,25,426,25,210503,465941,13172,113084,3.69044639462679,0.19530072103967877
823,0.0856,46,379,46,210882,465562,13218,113038,3.6874445570903562,0.19536467334946422
824,0.0857,36,403,36,211285,465159,13254,113002,3.6842526295780003,0.19545074814800723
825,0.0858,29,416,29,211701,464743,13283,112973,3.68095773666202,0.19555110123313185
826,0.0859,37,403,37,212104,464340,13320,112936,3.677765809149664,0.19563605623653157
827,0.086,44,404,44,212508,463936,13364,112892,3.674565961221645,0.19571171995811576
828,0.0861,33,401,33,212909,463535,13397,112859,3.671389874540616,0.19580182999823037
829,0.0862,26,408,26,213317,463127,13423,112833,3.668158344949943,0.1959042294603792
830,0.0863,32,400,32,213717,462727,13455,112801,3.6649901786845773,0.19599567701310797
831,0.0864,28,424,28,214141,462303,13483,112773,3.6616319224432896,0.19610103708031634
832,0.0865,40,408,40,214549,461895,13523,112733,3.658400392852617,0.19618431402576972
833,0.0866,37,419,37,214968,461476,13560,112696,3.6550817386896464,0.19627568045812055
834,0.0867,34,368,34,215336,461108,13594,112662,3.65216702572551,0.19635393973194834
835,0.0868,35,374,35,215710,460734,13629,112627,3.6492047902673934,0.19643296282795655
836,0.0869,35,371,35,216081,460363,13664,112592,3.6462663160562667,0.19651106980478397
837,0.087,36,431,36,216512,459932,13700,112556,3.6428526169053352,0.19660848786350107
838,0.0871,34,391,34,216903,459541,13734,112522,3.63975573438094,0.19669511924385952
839,0.0872,34,378,34,217281,459163,13768,112488,3.6367618172601697,0.1967774043953391
840,0.0873,45,435,45,217716,458728,13813,112443,3.633316436446585,0.19686398644188868
841,0.0874,46,423,46,218139,458305,13859,112397,3.6299661006209605,0.19694516577828708
842,0.0875,42,412,42,218551,457893,13901,112355,3.626702889367634,0.19702831048947125
843,0.0876,39,422,39,218973,457471,13940,112316,3.6233604739576735,0.19711927439551974
844,0.0877,30,399,30,219372,457072,13970,112286,3.6202002281079713,0.19721510894727043
845,0.0878,38,413,38,219785,456659,14008,112248,3.616929096438981,0.19730465612129927
846,0.0879,41,365,41,220150,456294,14049,112207,3.614038144721835,0.1973734434943826
847,0.088,36,371,36,220521,455923,14085,112171,3.6110996705107086,0.1974514781004552
848,0.0881,38,401,38,220922,455522,14123,112133,3.6079235838296793,0.19753723652570662
849,0.0882,40,407,40,221329,455115,14163,112093,3.60469997465467,0.1976223889648947
850,0.0883,38,378,38,221707,454737,14201,112055,3.6017060575338995,0.19770039097234965
851,0.0884,48,364,48,222071,454373,14249,112007,3.5988230262324166,0.19775945478300788
852,0.0885,45,411,45,222482,453962,14294,111962,3.5955677353947535,0.19783928584050156
853,0.0886,40,419,40,222901,453543,14334,111922,3.592249081231783,0.1979291379660987
854,0.0887,22,360,22,223261,453183,14356,111900,3.589397731592954,0.19802400709276335
855,0.0888,52,397,52,223658,452786,14408,111848,3.5862533265745786,0.19808938179422422
856,0.0889,33,403,33,224061,452383,14441,111815,3.5830613990622227,0.1981839708754728
857,0.089,33,412,33,224473,451971,14474,111782,3.5797981878088962,0.19828187167074943
858,0.0891,48,382,48,224855,451589,14522,111734,3.576772589025472,0.198348017034632
859,0.0892,37,384,37,225239,451205,14559,111697,3.573731149410721,0.19843063268561845
860,0.0893,55,441,55,225680,450764,14614,111642,3.5702382461031554,0.19850783953229517
861,0.0894,39,382,39,226062,450382,14653,111603,3.567212647319731,0.19858715090260418
862,0.0895,43,381,43,226443,450001,14696,111560,3.5641949689519707,0.19866051951613448
863,0.0896,44,363,44,226806,449638,14740,111516,3.561319858066151,0.19872619637390093
864,0.0897,42,394,42,227200,449244,14782,111474,3.558199214294766,0.19880581682771017
865,0.0898,40,405,40,227605,448839,14822,111434,3.5549914459510834,0.19889232570550427
866,0.0899,47,368,47,227973,448471,14869,111387,3.552076732986947,0.1989558066509722
867,0.09,35,404,35,228377,448067,14904,111352,3.548876885058928,0.19904937086512972
868,0.0901,40,393,40,228770,447674,14944,111312,3.545764161703206,0.19913199972807905
869,0.0902,40,421,40,229191,447253,14984,111272,3.542429666708909,0.19922474374468466
870,0.0903,32,403,32,229594,446850,15016,111240,3.539237739196553,0.19932268988872762
871,0.0904,43,430,43,230024,446420,15059,111197,3.535831960461285,0.1994146519923173
872,0.0905,38,389,38,230413,446031,15097,111159,3.532750918768217,0.19949927313842675
873,0.0906,37,394,37,230807,445637,15134,111122,3.529630274996832,0.19958725409018982
874,0.0907,38,377,38,231184,445260,15172,111084,3.526644278291725,0.19966783141365774
875,0.0908,43,440,43,231624,444820,15215,111041,3.5231592953998225,0.19976396976942076
876,0.0909,35,399,35,232023,444421,15250,111006,3.5199990495501203,0.19985704692065745
877,0.091,42,348,42,232371,444073,15292,110964,3.5172427448992525,0.1999218070146675
878,0.0911,34,338,34,232709,443735,15326,110930,3.5145656444050184,0.19999459132990183
879,0.0912,30,415,30,233124,443320,15356,110900,3.5112786719047016,0.20010104290714878
880,0.0913,48,399,48,233523,442921,15404,110852,3.5081184260549994,0.20017588434250136
881,0.0914,48,366,48,233889,442555,15452,110804,3.5052195539221898,0.20023890458093208
882,0.0915,36,402,36,234291,442153,15488,110768,3.5020355468254976,0.20033241638498087
883,0.0916,41,375,41,234666,441778,15529,110727,3.499065390951717,0.20040904607198126
884,0.0917,43,402,43,235068,441376,15572,110684,3.495881383855025,0.2004927000688331
885,0.0918,38,389,38,235457,440987,15610,110646,3.4928003421619565,0.20057900814490795
886,0.0919,35,439,35,235896,440548,15645,110611,3.489323279685718,0.2006880047318469
887,0.092,38,419,38,236315,440129,15683,110573,3.4860046255227473,0.20078554281625996
888,0.0921,37,413,37,236728,439716,15720,110536,3.4827334938537575,0.20088250474328126
889,0.0922,46,348,46,237076,439368,15766,110490,3.4799771892028892,0.2009427888654889
890,0.0923,47,359,47,237435,439009,15813,110443,3.477133759979724,0.20100572934487454
891,0.0924,41,406,41,237841,438603,15854,110402,3.4739180712203774,0.20109470769847268
892,0.0925,39,384,39,238225,438219,15893,110363,3.4708766316056265,0.2011786752026133
893,0.0926,36,377,36,238602,437842,15929,110327,3.4678906349005194,0.2012645735165615
894,0.0927,36,411,36,239013,437431,15965,110291,3.4646353440628563,0.20136310025889045
895,0.0928,42,396,42,239409,437035,16007,110249,3.4614988594601446,0.20144751171238334
896,0.0929,29,360,29,239769,436675,16036,110220,3.4586475098213154,0.20153777233289755
897,0.093,38,393,38,240162,436282,16074,110182,3.4555347864655936,0.2016271886162675
898,0.0931,37,404,37,240566,435878,16111,110145,3.4523349385375743,0.20172227177243449
899,0.0932,37,402,37,240968,435476,16148,110108,3.449150931440882,0.2018167688202
900,0.0933,43,413,43,241381,435063,16191,110065,3.445879799771892,0.2019067081492787
901,0.0934,44,359,44,241740,434704,16235,110021,3.4430363705487266,0.2019753086419753
902,0.0935,44,383,44,242123,434321,16279,109977,3.440002851349639,0.20205291954039883
903,0.0936,46,401,46,242524,433920,16325,109931,3.4368267646686097,0.20213440813752295
904,0.0937,47,376,47,242900,433544,16372,109884,3.4338486883791663,0.20220525994243949
905,0.0938,44,382,44,243282,433162,16416,109840,3.430823089595742,0.20228286451983601
906,0.0939,41,427,41,243709,432735,16457,109799,3.4274410721074644,0.2023817862106338
907,0.094,33,389,33,244098,432346,16490,109766,3.424360030414396,0.20247845463668024
908,0.0941,53,388,53,244486,431958,16543,109713,3.4212869091369913,0.20254545655942444
909,0.0942,38,396,38,244882,431562,16581,109675,3.4181504245342795,0.20263766150503384
910,0.0943,32,405,32,245287,431157,16613,109643,3.414942656190597,0.20274223372781064
911,0.0944,37,382,37,245669,430775,16650,109606,3.4119170574071727,0.20283096555948488
912,0.0945,50,356,50,246025,430419,16700,109556,3.4090973894309973,0.20289087457752675
913,0.0946,58,378,58,246403,430041,16758,109498,3.406103472310227,0.20294733096217327
914,0.0947,41,337,41,246740,429704,16799,109457,3.4034342922316565,0.2030135710854457
915,0.0948,42,409,42,247149,429295,16841,109415,3.40019484222532,0.2031055670026545
916,0.0949,42,385,42,247534,428910,16883,109373,3.3971454821949054,0.20318865726764546
917,0.095,41,394,41,247928,428516,16924,109332,3.3940248384235203,0.20327676220791005
918,0.0951,36,327,36,248255,428189,16960,109296,3.391434862501584,0.2033470701507949
919,0.0952,44,382,44,248637,427807,17004,109252,3.38840926371816,0.20342643918079764
920,0.0953,51,380,51,249017,427427,17055,109201,3.3853995057660624,0.20349478595973375
921,0.0954,45,378,45,249395,427049,17100,109156,3.382405588645292,0.20357139526860063
922,0.0955,38,396,38,249791,426653,17138,109118,3.37926910404258,0.20366537195928858
923,0.0956,38,371,38,250162,426282,17176,109080,3.3763306298314535,0.20374998599078753
924,0.0957,35,403,35,250565,425879,17211,109045,3.3731387023190975,0.20385138823459034
925,0.0958,33,423,33,250988,425456,17244,109012,3.3697883664934736,0.2039635675101222
926,0.0959,37,393,37,251381,425063,17281,108975,3.366675643137752,0.2040585126901082
927,0.096,51,400,51,251781,424663,17332,108924,3.3635074768723863,0.20413540809652408
928,0.0961,44,405,44,252186,424258,17376,108880,3.3602997085287036,0.20422479733202287
929,0.0962,41,383,41,252569,423875,17417,108839,3.357266189329616,0.2043103804292735
930,0.0963,53,376,53,252945,423499,17470,108786,3.3542881130401723,0.2043754755441164
931,0.0964,39,385,39,253330,423114,17509,108747,3.351238753009758,0.204465076401541
932,0.0965,36,407,36,253737,422707,17545,108711,3.3480151438347483,0.2045677790364647
933,0.0966,43,370,43,254107,422337,17588,108668,3.3450845900392854,0.20464590728900858
934,0.0967,43,413,43,254520,421924,17631,108625,3.341813458370295,0.20474074967627873
935,0.0968,53,329,53,254849,421595,17684,108572,3.339207641617032,0.20478830255372363
936,0.0969,47,411,47,255260,421184,17731,108525,3.335952350779369,0.20487663981544585
937,0.097,43,413,43,255673,420771,17774,108482,3.3326812191103787,0.20497191324376055
938,0.0971,34,370,34,256043,420401,17808,108448,3.329750665314916,0.20506420547263965
939,0.0972,35,395,35,256438,420006,17843,108413,3.3266221011278674,0.20516484077976
940,0.0973,42,356,42,256794,419650,17885,108371,3.323802433151692,0.20523994310832333
941,0.0974,46,397,46,257191,419253,17931,108325,3.3206580281333165,0.20532508937067126
942,0.0975,28,355,28,257546,418898,17959,108297,3.3178462805728044,0.20542114397898312
943,0.0976,42,406,42,257952,418492,18001,108255,3.3146305918134584,0.20551612064235772
944,0.0977,47,391,47,258343,418101,18048,108208,3.3115337092890633,0.20559785221229354
945,0.0978,39,412,39,258755,417689,18087,108169,3.308270498035737,0.20570001787554815
946,0.0979,41,385,41,259140,417304,18128,108128,3.3052211380053227,0.2057887604866091
947,0.098,39,349,39,259489,416955,18167,108089,3.302456912938791,0.2058665559457874
948,0.0981,48,386,48,259875,416569,18215,108041,3.299399632492713,0.20594536894073692
949,0.0982,34,357,34,260232,416212,18249,108007,3.2965720441008743,0.2060341193279908
950,0.0983,58,408,58,260640,415804,18307,107949,3.2933405145102017,0.20610669533157805
951,0.0984,38,385,38,261025,415419,18345,107911,3.290291154479787,0.20620067643742954
952,0.0985,43,387,43,261412,415032,18388,107868,3.2872259536180457,0.20628800917957543
953,0.0986,36,390,36,261802,414642,18424,107832,3.2841369915093144,0.20638730348304413
954,0.0987,41,392,41,262194,414250,18465,107791,3.281032188569256,0.2064799508084614
955,0.0988,35,392,35,262586,413858,18500,107756,3.277927385629198,0.20658187855387317
956,0.0989,54,384,54,262970,413474,18554,107702,3.274885946014447,0.20665187959537662
957,0.099,44,332,44,263302,413142,18598,107658,3.2722563680141934,0.20671658986175115
958,0.0991,57,396,57,263698,412746,18655,107601,3.2691198834114816,0.20678700943793277
959,0.0992,44,351,44,264049,412395,18699,107557,3.266339817513623,0.20685947933655413
960,0.0993,42,378,42,264427,412017,18741,107515,3.2633459003928524,0.20694586666461354
961,0.0994,40,380,40,264807,411637,18781,107475,3.2603361424407553,0.2070362465132765
962,0.0995,45,392,45,265199,411245,18826,107430,3.257231339500697,0.20712392153082373
963,0.0996,44,338,44,265537,410907,18870,107386,3.2545542390064632,0.20719168501214563
964,0.0997,35,348,35,265885,410559,18905,107351,3.251797934355595,0.2072773261763627
965,0.0998,38,381,38,266266,410178,18943,107313,3.248780255987834,0.2073717224067665
966,0.0999,36,388,36,266654,409790,18979,107277,3.24570713471043,0.2074721457760793
967,0.1,49,372,49,267026,409418,19028,107228,3.24276074008364,0.20754636637078386
968,0.1001,36,360,36,267386,409058,19064,107192,3.2399093904448106,0.2076358353510896
969,0.1002,50,387,50,267773,408671,19114,107142,3.2368441895830693,0.20771481137544032
970,0.1003,40,389,40,268162,408282,19154,107102,3.2337631478900013,0.20781009887773
971,0.1004,35,357,35,268519,407925,19189,107067,3.2309355594981626,0.20790031689812657
972,0.1005,28,394,28,268913,407531,19217,107039,3.2278149157267775,0.20801640204442545
973,0.1006,55,378,55,269291,407153,19272,106984,3.224820998606007,0.20808461557911606
974,0.1007,35,378,35,269669,406775,19307,106949,3.2218270814852366,0.2081837718307885
975,0.1008,50,358,50,270027,406417,19357,106899,3.218991572677734,0.20825183707501813
976,0.1009,48,381,48,270408,406036,19405,106851,3.2159738943099736,0.208332439699193
977,0.101,37,377,37,270785,405659,19442,106814,3.2129878976048665,0.20842854160121607
978,0.1011,52,380,52,271165,405279,19494,106762,3.209978139652769,0.20850283473393733
979,0.1012,42,380,42,271545,404899,19536,106720,3.2069683817006718,0.20859272231875672
980,0.1013,40,384,40,271929,404515,19576,106680,3.203926942085921,0.20868748716243313
981,0.1014,41,372,41,272301,404143,19617,106639,3.200980547459131,0.2087759552999127
982,0.1015,40,362,40,272663,403781,19657,106599,3.1981133569889746,0.20886202437399584
983,0.1016,40,405,40,273068,403376,19697,106559,3.194905588645292,0.2089658485885456
984,0.1017,36,397,36,273465,402979,19733,106523,3.191761183626917,0.20907278087230277
985,0.1018,48,346,48,273811,402633,19781,106475,3.1890207198073757,0.20914030028991884
986,0.1019,38,374,38,274185,402259,19819,106437,3.1860584843492585,0.2092349851384717
987,0.102,47,329,47,274514,401930,19866,106390,3.1834526675959953,0.20929729304375197
988,0.1021,47,378,47,274892,401552,19913,106343,3.180458750475225,0.2093798915130096
989,0.1022,51,381,51,275273,401171,19964,106292,3.1774410721074644,0.20945763533498993
990,0.1023,47,401,47,275674,400770,20011,106245,3.174264985426435,0.20955001331321557
991,0.1024,43,395,43,276069,400375,20054,106202,3.1711364212393867,0.20964631240660353
992,0.1025,44,357,44,276426,400018,20098,106158,3.168308832847548,0.20972547098242508
993,0.1026,43,374,43,276800,399644,20141,106115,3.165346597389431,0.2098133696088453
994,0.1027,44,341,44,277141,399303,20185,106071,3.1626457356482067,0.20988614372721984
995,0.1028,53,364,53,277505,398939,20238,106018,3.1597627043467242,0.2099545109781625
996,0.1029,53,372,53,277877,398567,20291,105965,3.156816309719934,0.2100263214226253
997,0.103,46,368,46,278245,398199,20337,105919,3.153901596755798,0.2101075541837427
998,0.1031,40,385,40,278630,397814,20377,105879,3.1508522367253833,0.21020542274758633
999,0.1032,43,373,43,279003,397441,20420,105836,3.14789792168293,0.21029373486171632
1000,0.1033,47,365,47,279368,397076,20467,105789,3.1450069699657837,0.210372565201396
1001,0.1034,41,366,41,279734,396710,20508,105748,3.142108097832974,0.21046137189576045
1002,0.1035,33,375,33,280109,396335,20541,105715,3.139137941959194,0.2105666766258341
1003,0.1036,35,371,35,280480,395964,20576,105680,3.1361994677480673,0.2106673258326622
1004,0.1037,35,398,35,280878,395566,20611,105645,3.1330471423140285,0.21077949207020596
1005,0.1038,42,360,42,281238,395206,20653,105603,3.1301957926751998,0.21086482072007492
1006,0.1039,36,354,36,281592,394852,20689,105567,3.127391965530351,0.2109572178514405
1007,0.104,35,421,35,282013,394431,20724,105532,3.1240574705360538,0.211079619891872
1008,0.1041,44,393,44,282406,394038,20768,105488,3.120944747180332,0.21117619503289117
1009,0.1042,49,341,49,282747,393697,20817,105439,3.118243885439108,0.21124302795230157
1010,0.1043,46,404,46,283151,393293,20863,105393,3.1150440375110886,0.2113414052128995
1011,0.1044,50,395,50,283546,392898,20913,105343,3.11191547332404,0.2114298100718327
1012,0.1045,44,383,44,283929,392515,20957,105299,3.1088819541249526,0.21152277758359547
1013,0.1046,52,373,52,284302,392142,21009,105247,3.1059276390824992,0.21159896982040213
1014,0.1047,50,357,50,284659,391785,21059,105197,3.10310005069066,0.21167165007988217
1015,0.1048,44,354,44,285013,391431,21103,105153,3.100296223545812,0.2117526944081968
1016,0.1049,53,370,53,285383,391061,21156,105100,3.0973656697503484,0.21182640312317977
1017,0.105,36,416,36,285799,390645,21192,105064,3.0940707768343683,0.2119469285407366
1018,0.1051,33,360,33,286159,390285,21225,105031,3.091219427195539,0.21204847006759323
1019,0.1052,42,354,42,286513,389931,21267,104989,3.088415600050691,0.21213327406449528
1020,0.1053,42,391,42,286904,389540,21309,104947,3.0853187175262957,0.2122340931106379
1021,0.1054,40,368,40,287272,389172,21349,104907,3.0824040045621595,0.2123283928278676
1022,0.1055,38,331,38,287603,388841,21387,104869,3.0797823469775696,0.2124101193008041
1023,0.1056,52,387,52,287990,388454,21439,104817,3.0767171461158282,0.21249374076319102
1024,0.1057,39,385,39,288375,388069,21478,104778,3.0736677860854136,0.2125974186715147
1025,0.1058,51,383,51,288758,387686,21529,104727,3.070634266886326,0.2126812249067348
1026,0.1059,44,390,44,289148,387296,21573,104683,3.0675453047775947,0.21277940725112252
1027,0.106,56,343,56,289491,386953,21629,104627,3.064828602205044,0.21283819520729078
1028,0.1061,46,369,46,289860,386584,21675,104581,3.061905968825244,0.21292437368297823
1029,0.1062,39,366,39,290226,386218,21714,104542,3.0590070966924343,0.21302062107751243
1030,0.1063,48,372,48,290598,385846,21762,104494,3.0560607020656443,0.21310519231553615
1031,0.1064,34,371,34,290969,385475,21796,104460,3.0531222278545176,0.2132119566881321
1032,0.1065,50,373,50,291342,385102,21846,104410,3.0501679128120642,0.21329405612119826
1033,0.1066,41,356,41,291698,384746,21887,104369,3.047348244835889,0.21338335565255614
1034,0.1067,43,419,43,292117,384327,21930,104326,3.0440295906729187,0.21349710326141455
1035,0.1068,35,383,35,292500,383944,21965,104291,3.040996071473831,0.21360820096879576
1036,0.1069,39,381,39,292881,383563,22004,104252,3.03797839310607,0.21371216547256644
1037,0.107,29,353,29,293234,383210,22033,104223,3.0351824863768853,0.2138201557957709
1038,0.1071,31,304,31,293538,382906,22064,104192,3.032774680015207,0.21390356765989596
1039,0.1072,40,377,40,293915,382529,22104,104152,3.0297886833101,0.214004656027254
1040,0.1073,43,387,43,294302,382142,22147,104109,3.026723482448359,0.2141054722766637
1041,0.1074,51,380,51,294682,381762,22198,104058,3.0237137244962615,0.21419044090403852
1042,0.1075,31,404,31,295086,381358,22229,104027,3.020513876568242,0.2143185306509266
1043,0.1076,59,354,59,295440,381004,22288,103968,3.017710049423394,0.21437938685119964
1044,0.1077,40,352,40,295792,380652,22328,103928,3.014922063109872,0.21447026290808535
1045,0.1078,49,368,49,296160,380284,22377,103879,3.0120073501457356,0.21455377631087053
1046,0.1079,59,353,59,296513,379931,22436,103820,3.0092114434165507,0.21461454343246836
1047,0.108,38,356,38,296869,379575,22474,103782,3.0063917754403753,0.21471086588173957
1048,0.1081,50,349,50,297218,379226,22524,103732,3.0036275503738437,0.2147847224810439
1049,0.1082,35,366,35,297584,378860,22559,103697,3.000728678241034,0.21489067612737978
1050,0.1083,57,354,57,297938,378506,22616,103640,2.9979248510961853,0.21495563584474411
1051,0.1084,31,395,31,298333,378111,22647,103609,2.994796286909137,0.21508137507265632
1052,0.1085,51,351,51,298684,377760,22698,103558,2.9920162210112786,0.21515505341582902
1053,0.1086,46,390,46,299074,377370,22744,103512,2.9889272589025473,0.21525446991153754
1054,0.1087,46,370,46,299444,377000,22790,103466,2.985996705107084,0.2153451024630255
1055,0.1088,51,395,51,299839,376605,22841,103415,2.9828681409200355,0.21543894004416483
1056,0.1089,56,326,56,300165,376279,22897,103359,2.9802860854137627,0.21549376821686356
1057,0.109,42,365,42,300530,375914,22939,103317,2.9773951336966165,0.21558914177087876
1058,0.1091,50,358,50,300888,375556,22989,103267,2.974559624889114,0.21566842027220914
1059,0.1092,48,395,48,301283,375161,23037,103219,2.9714310607020655,0.2157677996571763
1060,0.1093,53,372,53,301655,374789,23090,103166,2.9684846660752755,0.21584877237396827
1061,0.1094,41,367,41,302022,374422,23131,103125,2.9655778735268026,0.21594733083863996
1062,0.1095,55,392,55,302414,374030,23186,103070,2.9624730705867446,0.21603437434500106
1063,0.1096,35,334,35,302748,373696,23221,103035,2.9598276517551643,0.2161281729109288
1064,0.1097,60,340,60,303088,373356,23281,102975,2.9571347104296035,0.21618370418889385
1065,0.1098,43,385,43,303473,372971,23324,102932,2.954085350399189,0.21628777292851695
1066,0.1099,36,419,36,303892,372552,23360,102896,2.9507666962362187,0.21641904056805372
1067,0.11,40,384,40,304276,372168,23400,102856,2.9477252566214673,0.2165280070059618
1068,0.1101,41,411,41,304687,371757,23441,102815,2.9444699657838043,0.21664784268772705
1069,0.1102,35,347,35,305034,371410,23476,102780,2.9417215815485998,0.21674856070351547
1070,0.1103,43,386,43,305420,371024,23519,102737,2.9386643011025217,0.21685406776834734
1071,0.1104,42,366,42,305786,370658,23561,102695,2.935765428969712,0.21695225339228863
1072,0.1105,44,403,44,306189,370255,23605,102651,2.9325735014573566,0.21706427915907178
1073,0.1106,50,385,50,306574,369870,23655,102601,2.929524141426942,0.21715830177936846
1074,0.1107,56,343,56,306917,369527,23711,102545,2.926807438854391,0.21722322018675116
1075,0.1108,46,371,46,307288,369156,23757,102499,2.9238689646432645,0.21731774284169572
1076,0.1109,42,370,42,307658,368786,23799,102457,2.920938410847801,0.2174186141757013
1077,0.111,44,356,44,308014,368430,23843,102413,2.9181187428716258,0.21750987059380728
1078,0.1111,34,331,34,308345,368099,23877,102379,2.915497085287036,0.21760634928732056
1079,0.1112,46,399,46,308744,367700,23923,102333,2.9123368394373337,0.21771450089674554
1080,0.1113,56,358,56,309102,367342,23979,102277,2.9095013306298316,0.21778718493076302
1081,0.1114,45,328,45,309430,367014,24024,102232,2.9069034342922317,0.21786440374558333
1082,0.1115,55,373,55,309803,366641,24079,102177,2.9039491192497784,0.21794598330268888
1083,0.1116,42,358,42,310161,366283,24121,102135,2.901113610442276,0.21804243218663671
1084,0.1117,48,400,48,310561,365883,24169,102087,2.8979454441769104,0.21814859926918392
1085,0.1118,56,369,56,310930,365514,24225,102031,2.8950228107971108,0.2182271225229657
1086,0.1119,36,384,36,311314,365130,24261,101995,2.8919813711823594,0.21834626705913834
1087,0.112,34,397,34,311711,364733,24295,101961,2.8888369661639843,0.218475060746442
1088,0.1121,41,362,41,312073,364371,24336,101920,2.8859697756938285,0.21857595364268237
1089,0.1122,44,345,44,312418,364026,24380,101876,2.8832372322899507,0.21866401088640958
1090,0.1123,26,346,26,312764,363680,24406,101850,2.8804967684704095,0.21878289261701717
1091,0.1124,43,352,43,313116,363328,24449,101807,2.8777087821568874,0.21887624023133068
1092,0.1125,49,388,49,313504,362940,24498,101758,2.8746356608794827,0.21897662567947354
1093,0.1126,55,366,55,313870,362574,24553,101703,2.8717367887466736,0.21905672691087433
1094,0.1127,45,361,45,314231,362213,24598,101658,2.868877518692181,0.21915144512159632
1095,0.1128,39,348,39,314579,361865,24637,101619,2.866121214041313,0.21925028695704707
1096,0.1129,47,364,47,314943,361501,24684,101572,2.8632381827398303,0.21934338646390525
1097,0.113,45,392,45,315335,361109,24729,101527,2.860133379799772,0.21945330670332616
1098,0.1131,49,377,49,315712,360732,24778,101478,2.8571473830946648,0.21954955539689752
1099,0.1132,47,385,47,316097,360347,24825,101431,2.8540980230642505,0.21965316667316329
1100,0.1133,31,356,31,316453,359991,24856,101400,2.851278355088075,0.21977021658419865
1101,0.1134,33,321,33,316774,359670,24889,101367,2.848735901660119,0.21986738591479643
1102,0.1135,47,312,47,317086,359358,24936,101320,2.846264731973134,0.21993670199141266
1103,0.1136,28,370,28,317456,358988,24964,101292,2.843334178177671,0.22006604675414965
1104,0.1137,39,332,39,317788,358656,25003,101253,2.840704600177417,0.22015877053938931
1105,0.1138,57,343,57,318131,358313,25060,101196,2.8379878976048665,0.22022637206235351
1106,0.1139,50,365,50,318496,357948,25110,101146,2.83509694588772,0.22031653648272467
1107,0.114,49,329,49,318825,357619,25159,101097,2.832491129134457,0.22039126605568587
1108,0.1141,34,324,34,319149,357295,25193,101063,2.829924914459511,0.22048922457991352
1109,0.1142,44,377,44,319526,356918,25237,101019,2.8269389177544038,0.2205958461535102
1110,0.1143,40,379,40,319905,356539,25277,100979,2.82393708021797,0.22071044199353906
1111,0.1144,35,339,35,320244,356200,25312,100944,2.8212520593080725,0.22081444796388008
1112,0.1145,51,343,51,320587,355857,25363,100893,2.8185353567355214,0.22089326765188835
1113,0.1146,52,324,52,320911,355533,25415,100841,2.8159691420605752,0.22096131681471776
1114,0.1147,37,339,37,321250,355194,25452,100804,2.813284121150678,0.22106237308058369
1115,0.1148,42,366,42,321616,354828,25494,100762,2.8103852490178682,0.22116815557848066
1116,0.1149,45,358,45,321974,354470,25539,100717,2.807549740210366,0.2212651064287864
1117,0.115,45,358,45,322332,354112,25584,100672,2.804714231402864,0.22136222910216719
1118,0.1151,42,318,42,322650,353794,25626,100630,2.8021955392218985,0.22144517014946394
1119,0.1152,51,314,51,322964,353480,25677,100579,2.7997085287035866,0.22151086092336017
1120,0.1153,53,348,53,323312,353132,25730,100526,2.7969522240527183,0.22158983198797333
1121,0.1154,45,355,45,323667,352777,25775,100481,2.794140476492206,0.22168610372017702
1122,0.1155,42,371,42,324038,352406,25817,100439,2.7912020022810795,0.22179553710430722
1123,0.1156,47,369,47,324407,352037,25864,100392,2.78827936890128,0.2218955902473095
1124,0.1157,42,345,42,324752,351692,25906,100350,2.785546825497402,0.22199264670097027
1125,0.1158,36,374,36,325126,351318,25942,100314,2.7825845900392854,0.22211446487405676
1126,0.1159,38,342,38,325468,350976,25980,100276,2.7798758078823975,0.22221729765186637
1127,0.116,44,335,44,325803,350641,26024,100232,2.777222468635154,0.2223065031616442
1128,0.1161,37,355,37,326158,350286,26061,100195,2.774410721074642,0.2224178156237444
1129,0.1162,52,334,52,326492,349952,26113,100143,2.7717653022430615,0.2224930292493807
1130,0.1163,37,345,37,326837,349607,26150,100106,2.769032758839184,0.22259974694972126
1131,0.1164,49,337,49,327174,349270,26199,100057,2.7663635787606133,0.2226819220745693
1132,0.1165,47,376,47,327550,348894,26246,100010,2.7633855024711695,0.22278705469320834
1133,0.1166,40,360,40,327910,348534,26286,99970,2.760534152832341,0.22289656279542658
1134,0.1167,35,317,35,328227,348217,26321,99935,2.7580233810670385,0.22299353790678164
1135,0.1168,47,352,47,328579,347865,26368,99888,2.755235394753517,0.2230872824972697
1136,0.1169,51,368,51,328947,347497,26419,99837,2.75232068178938,0.22318223072692886
1137,0.117,40,362,40,329309,347135,26459,99797,2.7494534913192243,0.22329347641251912
1138,0.1171,40,337,40,329646,346798,26499,99757,2.746784311240654,0.2233924152679961
1139,0.1172,46,369,46,330015,346429,26545,99711,2.743861677860854,0.22349710853095442
1140,0.1173,27,339,27,330354,346090,26572,99684,2.7411766569509566,0.2236200406484003
1141,0.1174,45,335,45,330689,345755,26617,99639,2.738523317703713,0.22370979402506544
1142,0.1175,41,348,41,331037,345407,26658,99598,2.735767013052845,0.22381321558184739
1143,0.1176,57,358,57,331395,345049,26715,99541,2.7329315042453426,0.22389392473964775
1144,0.1177,52,342,52,331737,344707,26767,99489,2.730222722088455,0.2239754522778233
1145,0.1178,32,336,32,332073,344371,26799,99457,2.727561462425548,0.2240890615283398
1146,0.1179,43,359,43,332432,344012,26842,99414,2.7247180332023824,0.22419524340025168
1147,0.118,62,351,62,332783,343661,26904,99352,2.721937967304524,0.22426429924178298
1148,0.1181,43,335,43,333118,343326,26947,99309,2.7192846280572804,0.22435867023619913
1149,0.1182,42,322,42,333440,343004,26989,99267,2.716734254213661,0.2244483585855731
1150,0.1183,52,326,52,333766,342678,27041,99215,2.714152198707388,0.2245226785669834
1151,0.1184,52,359,52,334125,342319,27093,99163,2.7113087694842224,0.2246139140440607
1152,0.1185,48,330,48,334455,341989,27141,99115,2.708695032315296,0.22469757698864667
1153,0.1186,66,338,66,334793,341651,27207,99049,2.7060179318210618,0.2247538007714999
1154,0.1187,49,345,49,335138,341306,27256,99000,2.7032853884171844,0.22484363147447456
1155,0.1188,49,317,49,335455,340989,27305,98951,2.700774616651882,0.2249193071782516
1156,0.1189,44,361,44,335816,340628,27349,98907,2.6979153465973895,0.2250264484057015
1157,0.119,51,366,51,336182,340262,27400,98856,2.69501647446458,0.22512399856075133
1158,0.1191,49,371,49,336553,339891,27449,98807,2.6920780002534532,0.22522783327026794
1159,0.1192,37,341,37,336894,339550,27486,98770,2.689377138512229,0.22533765285636065
1160,0.1193,42,351,42,337245,339199,27528,98728,2.686597072614371,0.22544396668851202
1161,0.1194,39,326,39,337571,338873,27567,98689,2.6840150171080976,0.22554289449266618
1162,0.1195,49,329,49,337900,338544,27616,98640,2.6814092003548344,0.2256258234519104
1163,0.1196,49,333,49,338233,338211,27665,98591,2.678771701938918,0.22571096286189166
1164,0.1197,56,368,56,338601,337843,27721,98535,2.675856988974781,0.22580194235273088
1165,0.1198,53,378,53,338979,337465,27774,98482,2.6728630718540107,0.22590360754862404
1166,0.1199,38,317,38,339296,337148,27812,98444,2.670352300088709,0.2260004775110654
1167,0.12,56,336,56,339632,336812,27868,98388,2.6676910404258014,0.22607536764705882
1168,0.1201,38,360,38,339992,336452,27906,98350,2.6648396907869727,0.22619491170693787
1169,0.1202,38,342,38,340334,336110,27944,98312,2.662130908630085,0.2263052976138409
1170,0.1203,33,336,33,340670,335774,27977,98279,2.659469648967178,0.22642165818459958
1171,0.1204,43,341,43,341011,335433,28020,98236,2.6567687872259538,0.22652299334284903
1172,0.1205,47,347,47,341358,335086,28067,98189,2.654020402990749,0.22662050660665858
1173,0.1206,39,358,39,341716,334728,28106,98150,2.6511848941832468,0.22673824957609304
1174,0.1207,46,329,46,342045,334399,28152,98104,2.6485790774299836,0.22682848442669762
1175,0.1208,49,344,49,342389,334055,28201,98055,2.645854454441769,0.226921385758256
1176,0.1209,54,358,54,342747,333697,28255,98001,2.643018945634267,0.22701286547540178
1177,0.121,45,310,45,343057,333387,28300,97956,2.6405636167786084,0.2270953742149519
1178,0.1211,41,341,41,343398,333046,28341,97915,2.6378627550373843,0.22720153331739995
1179,0.1212,51,314,51,343712,332732,28392,97864,2.6353757445190724,0.22727568300680917
1180,0.1213,45,297,45,344009,332435,28437,97819,2.6330233810670385,0.22735175036141442
1181,0.1214,46,343,46,344352,332092,28483,97773,2.6303066784944873,0.22745047863864237
1182,0.1215,50,338,50,344690,331754,28533,97723,2.6276295780002537,0.22753954228049464
1183,0.1216,51,358,51,345048,331396,28584,97672,2.624794069192751,0.22763757726048087
1184,0.1217,55,343,55,345391,331053,28639,97617,2.6220773666202004,0.22772062425642103
1185,0.1218,50,356,50,345747,330697,28689,97567,2.619257698644025,0.2278197560383315
1186,0.1219,37,321,37,346068,330376,28726,97530,2.616715245216069,0.22792388982627027
1187,0.122,54,320,54,346388,330056,28780,97476,2.6141807122037766,0.22799696864796085
1188,0.1221,57,343,57,346731,329713,28837,97419,2.6114640096312254,0.22807703473399324
1189,0.1222,67,347,67,347078,329366,28904,97352,2.608715625396021,0.22814130174963324
1190,0.1223,61,309,61,347387,329057,28965,97291,2.606268216956026,0.22819621529830092
1191,0.1224,59,354,59,347741,328703,29024,97232,2.6034643898111773,0.22827896275253268
1192,0.1225,56,324,56,348065,328379,29080,97176,2.6008981751362312,0.2283512119467519
1193,0.1226,34,305,34,348370,328074,29114,97142,2.5984824483588898,0.22845330373269115
1194,0.1227,40,322,40,348692,327752,29154,97102,2.5959320745152707,0.22855380907323458
1195,0.1228,49,319,49,349011,327433,29203,97053,2.5934054619186413,0.22863651569191917
1196,0.1229,39,349,39,349360,327084,29242,97014,2.59064123685211,0.22875373144886324
1197,0.123,41,327,41,349687,326757,29283,96973,2.5880512609301736,0.22885563920421023
1198,0.1231,52,338,52,350025,326419,29335,96921,2.5853741604359395,0.2289436386828554
1199,0.1232,30,322,30,350347,326097,29365,96891,2.5828237865923205,0.22906323583647764
1200,0.1233,53,334,53,350681,325763,29418,96838,2.58017836776074,0.2291475883871548
1201,0.1234,48,338,48,351019,325425,29466,96790,2.577501267266506,0.2292433949528084
1202,0.1235,60,330,60,351349,325095,29526,96730,2.5748875300975795,0.22931310377526226
1203,0.1236,47,327,47,351676,324768,29573,96683,2.572297554175643,0.22940507911951805
1204,0.1237,41,317,41,351993,324451,29614,96642,2.569786782410341,0.22950274642418658
1205,0.1238,48,315,48,352308,324136,29662,96594,2.5672918514763654,0.22958667078649014
1206,0.1239,49,289,49,352597,323847,29711,96545,2.565002851349639,0.22965470322936687
1207,0.124,49,295,49,352892,323552,29760,96496,2.5626663287289317,0.2297261265379195
1208,0.1241,50,322,50,353214,323230,29810,96446,2.5601159548853123,0.22981061580838552
1209,0.1242,61,334,61,353548,322896,29871,96385,2.557470536053732,0.22988163069635878
1210,0.1243,46,329,46,353877,322567,29917,96339,2.5548647193004688,0.22997760834172823
1211,0.1244,49,344,49,354221,322223,29966,96290,2.5521400963122542,0.23007648507931652
1212,0.1245,36,338,36,354559,321885,30002,96254,2.5494629958180206,0.2301961787826536
1213,0.1246,49,333,49,354892,321552,30051,96205,2.5468254974021036,0.2302893787536774
1214,0.1247,46,334,46,355226,321218,30097,96159,2.5441800785705233,0.23038883311730163
1215,0.1248,47,302,47,355528,320916,30144,96112,2.5417881130401723,0.2304689373375409
1216,0.1249,38,317,38,355845,320599,30182,96074,2.53927734127487,0.23057409527375183
1217,0.125,49,332,49,356177,320267,30231,96025,2.5366477632746167,0.23066741614059363
1218,0.1251,41,342,41,356519,319925,30272,95984,2.533938981117729,0.230781252629782
1219,0.1252,42,285,42,356804,319640,30314,95942,2.5316816626536562,0.23086177938409266
1220,0.1253,39,341,39,357145,319299,30353,95903,2.5289808009124317,0.23097913786542454
1221,0.1254,50,316,50,357461,318983,30403,95853,2.526477949562793,0.23106239574193174
1222,0.1255,55,306,55,357767,318677,30458,95798,2.5240543023697883,0.23113094879063875
1223,0.1256,44,344,44,358111,318333,30502,95754,2.521329679381574,0.2312412608944497
1224,0.1257,40,310,40,358421,318023,30542,95714,2.5188743505259157,0.23134019920867605
1225,0.1258,46,321,46,358742,317702,30588,95668,2.5163318970979596,0.23143430824684907
1226,0.1259,46,314,46,359056,317388,30634,95622,2.5138448865796477,0.23152466041984457
1227,0.126,36,325,36,359381,317063,30670,95586,2.5112707514890382,0.2316399652004488
1228,0.1261,44,327,44,359708,316736,30714,95542,2.5086807755671017,0.23174168886042912
1229,0.1262,28,304,28,360012,316432,30742,95514,2.506272969205424,0.23186048656862793
1230,0.1263,40,272,40,360284,316160,30782,95474,2.504118616144975,0.2319390526535709
1231,0.1264,54,305,54,360589,315855,30836,95420,2.501702889367634,0.23201021214515835
1232,0.1265,34,335,34,360924,315520,30870,95386,2.4990495501203904,0.23213581695083546
1233,0.1266,46,345,46,361269,315175,30916,95340,2.4963170067165126,0.23224486315968965
1234,0.1267,55,306,55,361575,314869,30971,95285,2.4938933595235078,0.23231517917660197
1235,0.1268,37,306,37,361881,314563,31008,95248,2.491469712330503,0.23241933476651433
1236,0.1269,53,324,53,362205,314239,31061,95195,2.488903497655557,0.23250389562176077
1237,0.127,50,344,50,362549,313895,31111,95145,2.4861788746673423,0.2326056131429689
1238,0.1271,56,313,56,362862,313582,31167,95089,2.4836997845646938,0.2326786094437824
1239,0.1272,57,322,57,363184,313260,31224,95032,2.4811494107210748,0.2327549890764453
1240,0.1273,49,343,49,363527,312917,31273,94983,2.4784327081485236,0.23285854376072568
1241,0.1274,45,328,45,363855,312589,31318,94938,2.4758348118109237,0.23296125164713014
1242,0.1275,44,346,44,364201,312243,31362,94894,2.4730943479913825,0.2330763354841245
1243,0.1276,49,311,49,364512,311932,31411,94845,2.470631098720061,0.23316215026906634
1244,0.1277,41,320,41,364832,311612,31452,94804,2.4680965657077683,0.2332683752608165
1245,0.1278,34,333,34,365165,311279,31486,94770,2.4654590672918513,0.2333954769005711
1246,0.1279,59,303,59,365468,310976,31545,94711,2.463059181345837,0.23345830652695304
1247,0.128,53,314,53,365782,310662,31598,94658,2.460572170827525,0.23353893220171718
1248,0.1281,63,298,63,366080,310364,31661,94595,2.4582118869598277,0.23359154877407343
1249,0.1282,44,312,44,366392,310052,31705,94551,2.4557407172728425,0.23368833152497634
1250,0.1283,41,310,41,366702,309742,31746,94510,2.4532853884171844,0.23378981427426457
1251,0.1284,49,341,49,367043,309401,31795,94461,2.45058452667596,0.23389425100653194
1252,0.1285,51,302,51,367345,309099,31846,94410,2.448192561145609,0.2339724764503394
1253,0.1286,42,333,42,367678,308766,31888,94368,2.4455550627296923,0.23408593668606467
1254,0.1287,44,304,44,367982,308462,31932,94324,2.443147256368014,0.23417894365742603
1255,0.1288,44,319,44,368301,308143,31976,94280,2.440620643771385,0.23428084378874964
1256,0.1289,53,362,53,368663,307781,32029,94227,2.4377534533012293,0.23439085789337524
1257,0.129,43,321,43,368984,307460,32072,94184,2.435210999873273,0.23449622053360689
1258,0.1291,48,315,48,369299,307145,32120,94136,2.432716068939298,0.2345887295934769
1259,0.1292,39,333,39,369632,306812,32159,94097,2.430078570523381,0.23470912351680806
1260,0.1293,43,342,43,369974,306470,32202,94054,2.4273697883664935,0.23482737613726018
1261,0.1294,44,307,44,370281,306163,32246,94010,2.4249382207578254,0.23492339563138942
1262,0.1295,53,303,53,370584,305860,32299,93957,2.422538334811811,0.23500001250572136
1263,0.1296,56,314,56,370898,305546,32355,93901,2.420051324293499,0.23507749463633473
1264,0.1297,45,319,45,371217,305227,32400,93856,2.4175247116968697,0.23517914819724217
1265,0.1298,52,326,52,371543,304901,32452,93804,2.414942656190597,0.23527169210318405
1266,0.1299,42,321,42,371864,304580,32494,93762,2.4124002027626408,0.23538065280588039
1267,0.13,54,305,54,372169,304275,32548,93708,2.4099844759852997,0.2354572934019795
1268,0.1301,38,312,38,372481,303963,32586,93670,2.4075133062983145,0.23556897943581143
1269,0.1302,51,345,51,372826,303618,32637,93619,2.4047807628944367,0.23567542801904154
1270,0.1303,35,350,35,373176,303268,32672,93584,2.4020086174122417,0.2358158709040146
1271,0.1304,40,299,40,373475,302969,32712,93544,2.399640413128881,0.2359166029865351
1272,0.1305,53,320,53,373795,302649,32765,93491,2.3971058801165883,0.23600494774574646
1273,0.1306,47,326,47,374121,302323,32812,93444,2.3945238246103155,0.23610861946549358
1274,0.1307,54,328,54,374449,301995,32866,93390,2.3919259282727157,0.2362001593383664
1275,0.1308,46,306,46,374755,301689,32912,93344,2.389502281079711,0.2362941830176213
1276,0.1309,48,318,48,375073,301371,32960,93296,2.3869835888987456,0.23639169223674641
1277,0.131,50,312,50,375385,301059,33010,93246,2.3845124192117604,0.23648191121086468
1278,0.1311,45,304,45,375689,300755,33055,93201,2.3821046128500822,0.23657718120805368
1279,0.1312,51,310,51,375999,300445,33106,93150,2.379649283994424,0.23666459177581017
1280,0.1313,47,351,47,376350,300094,33153,93103,2.376869218096566,0.23678461432818662
1281,0.1314,41,331,41,376681,299763,33194,93062,2.3742475605119755,0.23690447400241837
1282,0.1315,47,325,47,377006,299438,33241,93015,2.371673425421366,0.23700927244791095
1283,0.1316,49,318,49,377324,299120,33290,92966,2.3691547332404004,0.23710614508041603
1284,0.1317,37,318,37,377642,298802,33327,92929,2.3666360410594347,0.23722656618955354
1285,0.1318,49,310,49,377952,298492,33376,92880,2.3641807122037766,0.23731897018693213
1286,0.1319,38,314,38,378266,298178,33414,92842,2.3616937016854647,0.23743542529793873
1287,0.132,57,303,57,378569,297875,33471,92785,2.35929381573945,0.23750831925459479
1288,0.1321,58,315,58,378884,297560,33529,92727,2.3567988848054746,0.2375866990189271
1289,0.1322,43,299,43,379183,297261,33572,92684,2.354430680522114,0.23768480170280423
1290,0.1323,49,296,49,379479,296965,33621,92635,2.3520862374857434,0.23776950718685833
1291,0.1324,54,322,54,379801,296643,33675,92581,2.349535863642124,0.23786046081433826
1292,0.1325,57,339,57,380140,296304,33732,92524,2.3468508427322265,0.23795611427160596
1293,0.1326,44,307,44,380447,295997,33776,92480,2.3444192751235584,0.23805785155877954
1294,0.1327,31,297,31,380744,295700,33807,92449,2.3420669116715245,0.23817915285109584
1295,0.1328,44,317,44,381061,295383,33851,92405,2.339556139906222,0.23828741477302032
1296,0.1329,52,303,52,381364,295080,33903,92353,2.3371562539602078,0.23837153778846923
1297,0.133,46,297,46,381661,294783,33949,92307,2.334803890508174,0.23846392311865458
1298,0.1331,51,292,51,381953,294491,34000,92256,2.332491129134457,0.23854354397060612
1299,0.1332,44,331,44,382284,294160,34044,92212,2.329869471549867,0.23866118662843064
1300,0.1333,45,314,45,382598,293846,34089,92167,2.3273824610315548,0.23876657003779667
1301,0.1334,47,329,47,382927,293517,34136,92120,2.3247766442782916,0.2388774936014957
1302,0.1335,54,308,54,383235,293209,34190,92066,2.32233715625396,0.238961780546363
1303,0.1336,54,332,54,383567,292877,34244,92012,2.319707578253707,0.23906113191075867
1304,0.1337,42,300,42,383867,292577,34286,91970,2.3173314535546825,0.23916452345226982
1305,0.1338,38,305,38,384172,292272,34324,91932,2.3149157267773415,0.23927913296061468
1306,0.1339,43,293,43,384465,291979,34367,91889,2.312595044987961,0.23937655652463868
1307,0.134,51,330,51,384795,291649,34418,91838,2.3099813078190343,0.23948139050345904
1308,0.1341,45,318,45,385113,291331,34463,91793,2.3074626156380686,0.2395908374312233
1309,0.1342,56,300,56,385413,291031,34519,91737,2.3050864909390443,0.23966737031308782
1310,0.1343,45,304,45,385717,290727,34564,91692,2.3026786845773666,0.23976842154809253
1311,0.1344,55,291,55,386008,290436,34619,91637,2.300373843619313,0.23984160095060367
1312,0.1345,52,316,52,386324,290120,34671,91585,2.2978709922696745,0.23993660025412294
1313,0.1346,43,281,43,386605,289839,34714,91542,2.2956453554682548,0.24002768884658648
1314,0.1347,42,290,42,386895,289549,34756,91500,2.293348434925865,0.24012659789160973
1315,0.1348,55,309,55,387204,289240,34811,91445,2.29090102648587,0.2402117236035042
1316,0.1349,40,270,40,387474,288970,34851,91405,2.288762514256748,0.2403023332237923
1317,0.135,49,278,49,387752,288692,34900,91356,2.286560638702319,0.24038016250578875
1318,0.1351,50,313,50,388065,288379,34950,91306,2.2840815485996706,0.24047829121508618
1319,0.1352,35,305,35,388370,288074,34985,91271,2.281665821822329,0.24060156322081483
1320,0.1353,44,280,44,388650,287794,35029,91227,2.279448105436573,0.2406911490392353
1321,0.1354,37,278,37,388928,287516,35066,91190,2.2772462298821443,0.24079364995537436
1322,0.1355,43,290,43,389218,287226,35109,91147,2.274949309339754,0.2408919241066355
1323,0.1356,48,292,48,389510,286934,35157,91099,2.2726365479660373,0.24098160742580674
1324,0.1357,44,335,44,389845,286599,35201,91055,2.2699832087187937,0.24110693915594697
1325,0.1358,58,291,58,390136,286308,35259,90997,2.26767836776074,0.2411762367315567
1326,0.1359,44,311,44,390447,285997,35303,90953,2.2652151184894183,0.24128664279082107
1327,0.136,46,300,46,390747,285697,35349,90907,2.2628389937903943,0.24138617752334016
1328,0.1361,54,333,54,391080,285364,35403,90853,2.2602014953744773,0.24149094804328353
1329,0.1362,56,275,56,391355,285089,35459,90797,2.2580233810670385,0.24155462028380945
1330,0.1363,38,261,38,391616,284828,35497,90759,2.255956152578887,0.24164574386227425
1331,0.1364,51,319,51,391935,284509,35548,90708,2.253429539982258,0.24174810842792305
1332,0.1365,45,295,45,392230,284214,35593,90663,2.2510930173615513,0.2418473259229027
1333,0.1366,45,326,45,392556,283888,35638,90618,2.248510961855278,0.24196675086647476
1334,0.1367,43,284,43,392840,283604,35681,90575,2.2462615638068684,0.24206329056414175
1335,0.1368,46,283,46,393123,283321,35727,90529,2.2440200861741224,0.24215327002808612
1336,0.1369,46,275,46,393398,283046,35773,90483,2.2418419718666835,0.24223821979016355
1337,0.137,47,279,47,393677,282767,35820,90436,2.239632175896591,0.24232388271262556
1338,0.1371,43,314,43,393991,282453,35863,90393,2.237145165378279,0.24244057868396068
1339,0.1372,43,324,43,394315,282129,35906,90350,2.234578950703333,0.24256401032004488
1340,0.1373,51,310,51,394625,281819,35957,90299,2.2321236218476748,0.2426622737948715
1341,0.1374,52,296,52,394921,281523,36009,90247,2.229779178811304,0.24274954945261856
1342,0.1375,43,272,43,395193,281251,36052,90204,2.2276248257508553,0.24283964410224657
1343,0.1376,39,311,39,395504,280940,36091,90165,2.225161576479534,0.24296358173562738
1344,0.1377,45,327,45,395831,280613,36136,90120,2.2225716005575973,0.24308599450278232
1345,0.1378,46,275,46,396106,280338,36182,90074,2.2203934862501584,0.24317246741466259
1346,0.1379,43,296,43,396402,280042,36225,90031,2.218049043213788,0.24327902873216906
1347,0.138,58,272,58,396674,279770,36283,89973,2.2158946901533394,0.24333929242744284
1348,0.1381,46,288,46,396962,279482,36329,89927,2.213613610442276,0.24343478366796695
1349,0.1382,56,308,56,397270,279174,36385,89871,2.2111741224179444,0.243523147583628
1350,0.1383,55,304,55,397574,278870,36440,89816,2.2087663160562667,0.2436110945357296
1351,0.1384,43,309,43,397883,278561,36483,89773,2.206318907616272,0.2437271606748223
1352,0.1385,32,302,32,398185,278259,36515,89741,2.203926942085921,0.24386141304347825
1353,0.1386,41,332,41,398517,277927,36556,89700,2.2012973640856672,0.24399731249336964
1354,0.1387,46,306,46,398823,277621,36602,89654,2.1988737168926624,0.2441059151861684
1355,0.1388,52,319,52,399142,277302,36654,89602,2.1963471042960334,0.24421101977629026
1356,0.1389,43,262,43,399404,277040,36697,89559,2.194271955392219,0.24429690206465374
1357,0.139,49,286,49,399690,276754,36746,89510,2.1920067165124824,0.24438656269794465
1358,0.1391,54,301,54,399991,276453,36800,89456,2.189622671397795,0.24447608558412065
1359,0.1392,49,252,49,400243,276201,36849,89407,2.1876267266506146,0.24454333603203432
1360,0.1393,40,244,40,400487,275957,36889,89367,2.1856941452287417,0.24462395024690411
1361,0.1394,37,301,37,400788,275656,36926,89330,2.183310100114054,0.2447491136646337
1362,0.1395,53,289,53,401077,275367,36979,89277,2.181021099987327,0.24483331687892848
1363,0.1396,56,293,56,401370,275074,37035,89221,2.178700418197947,0.24491414924717606
1364,0.1397,35,292,35,401662,274782,37070,89186,2.17638765682423,0.24503802532090732
1365,0.1398,50,294,50,401956,274488,37120,89136,2.1740590546191862,0.24513233449937297
1366,0.1399,48,275,48,402231,274213,37168,89088,2.1718809403117474,0.2452181524410888
1367,0.14,50,261,50,402492,273952,37218,89038,2.1698137118235965,0.24529050387063003
1368,0.1401,52,298,52,402790,273654,37270,88986,2.1674534279558992,0.24538385175380542
1369,0.1402,37,310,37,403100,273344,37307,88949,2.1649980991002407,0.24551675025462816
1370,0.1403,45,282,45,403382,273062,37352,88904,2.162764541883158,0.24561422896073112
1371,0.1404,58,299,58,403681,272763,37410,88846,2.1603963375997974,0.2456963183991549
1372,0.1405,49,264,49,403945,272499,37459,88797,2.158305347864656,0.24577354855852265
1373,0.1406,45,318,45,404263,272181,37504,88752,2.1557866556836904,0.24589605273000806
1374,0.1407,46,260,46,404523,271921,37550,88706,2.1537273476112024,0.24597714536071896
1375,0.1408,54,289,54,404812,271632,37604,88652,2.151438347484476,0.24606144041922484
1376,0.1409,41,288,41,405100,271344,37645,88611,2.1491572677734125,0.24617243822144436
1377,0.141,48,298,48,405398,271046,37693,88563,2.1467969839057153,0.24627581623374276
1378,0.1411,38,275,38,405673,270771,37731,88525,2.1446188695982764,0.2463845965443534
1379,0.1412,37,288,37,405961,270483,37768,88488,2.1423377898872134,0.24650459229297075
1380,0.1413,41,305,41,406266,270178,37809,88447,2.139922063109872,0.2466280934123388
1381,0.1414,47,281,47,406547,269897,37856,88400,2.1376964263084526,0.2467226909519198
1382,0.1415,55,312,55,406859,269585,37911,88345,2.1352252566214673,0.24682200430251724
1383,0.1416,40,325,40,407184,269260,37951,88305,2.132651121530858,0.24696209080866416
1384,0.1417,50,285,50,407469,268975,38001,88255,2.130393803066785,0.2470537188925902
1385,0.1418,43,273,43,407742,268702,38044,88212,2.128231529590673,0.24715197498557076
1386,0.1419,50,281,50,408023,268421,38094,88162,2.126005892789254,0.24724117526634753
1387,0.142,63,258,63,408281,268163,38157,88099,2.123962425548093,0.24728710892545375
1388,0.1421,48,305,48,408586,267858,38205,88051,2.1215466987707514,0.2473975089137954
1389,0.1422,41,290,41,408876,267568,38246,88010,2.1192497782283612,0.24751250077338868
1390,0.1423,42,260,42,409136,267308,38288,87968,2.1171904701558737,0.2476046791790045
1391,0.1424,46,270,46,409406,267038,38334,87922,2.115051957926752,0.24769551498760423
1392,0.1425,55,268,55,409674,266770,38389,87867,2.112929286528957,0.24776602554161015
1393,0.1426,42,282,42,409956,266488,38431,87825,2.110695729311874,0.2478740548610974
1394,0.1427,51,297,51,410253,266191,38482,87774,2.1083433658598403,0.24797366971310722
1395,0.1428,40,285,40,410538,265906,38522,87734,2.106086047395767,0.24808845153263206
1396,0.1429,43,271,43,410809,265635,38565,87691,2.103939614750982,0.248187226527343
1397,0.143,48,275,48,411084,265360,38613,87643,2.1017615004435433,0.24827834324354184
1398,0.1431,42,294,42,411378,265066,38655,87601,2.0994328982384998,0.24839579546711205
1399,0.1432,43,293,43,411671,264773,38698,87558,2.097112216449119,0.24851063346682523
1400,0.1433,48,288,48,411959,264485,38746,87510,2.094831136738056,0.24861148595860735
1401,0.1434,50,258,50,412217,264227,38796,87460,2.092787669496895,0.2486870427397089
1402,0.1435,54,282,54,412499,263945,38850,87406,2.0905541122798126,0.2487711718480949
1403,0.1436,31,290,31,412789,263655,38881,87375,2.0882571917374224,0.24891034954277413
1404,0.1437,39,290,39,413079,263365,38920,87336,2.0859602711950322,0.24903265174607428
1405,0.1438,45,258,45,413337,263107,38965,87291,2.0839168039538714,0.24911957260030024
1406,0.1439,48,264,48,413601,262843,39013,87243,2.08182581421873,0.2492044811846232
1407,0.144,43,292,43,413893,262551,39056,87200,2.079513052845013,0.24932023067839693
1408,0.1441,56,293,56,414186,262258,39112,87144,2.077192371055633,0.24940899021757174
1409,0.1442,40,267,40,414453,261991,39152,87104,2.0750776200735013,0.24951374267749465
1410,0.1443,55,269,55,414722,261722,39207,87049,2.0729470282600433,0.24958783843840227
1411,0.1444,45,285,45,415007,261437,39252,87004,2.0706897097959702,0.2496950703275447
1412,0.1445,42,336,42,415343,261101,39294,86962,2.068028450133063,0.24984557393345458
1413,0.1446,49,285,49,415628,260816,39343,86913,2.06577113166899,0.24994464079786272
1414,0.1447,39,255,39,415883,260561,39382,86874,2.0637514256748193,0.2500438931023069
1415,0.1448,43,310,43,416193,260251,39425,86831,2.061296096819161,0.2501743103935093
1416,0.1449,49,280,49,416473,259971,39474,86782,2.059078380433405,0.25027036536093417
1417,0.145,46,259,46,416732,259712,39520,86736,2.057026992776581,0.2503579180713989
1418,0.1451,39,277,39,417009,259435,39559,86697,2.0548330376378154,0.2504738076803069
1419,0.1452,57,263,57,417272,259172,39616,86640,2.0527499683183374,0.2505407562490602
1420,0.1453,51,260,51,417532,258912,39667,86589,2.05069066024585,0.25061866680559536
1421,0.1454,42,263,42,417795,258649,39709,86547,2.048607590926372,0.2507184324267952
1422,0.1455,44,280,44,418075,258369,39753,86503,2.046389874540616,0.2508263935605094
1423,0.1456,41,260,41,418335,258109,39794,86462,2.0443305664681284,0.25092651441937946
1424,0.1457,51,292,51,418627,257817,39845,86411,2.0420178050944116,0.25102838816133494
1425,0.1458,63,264,63,418891,257553,39908,86348,2.0399268153592702,0.25108388751413924
1426,0.1459,38,299,38,419190,257254,39946,86310,2.037558611075909,0.2512195689886018
1427,0.146,42,280,42,419470,256974,39988,86268,2.0353408946901532,0.2513328788434982
1428,0.1461,53,279,53,419749,256695,40041,86215,2.033131098720061,0.25142165582805986
1429,0.1462,38,302,38,420051,256393,40079,86177,2.03073913318971,0.25156026505531714
1430,0.1463,44,254,44,420305,256139,40123,86133,2.0287273476112024,0.25165073391922216
1431,0.1464,43,283,43,420588,255856,40166,86090,2.0264858699784565,0.25176489855123324
1432,0.1465,45,294,45,420882,255562,40211,86045,2.0241572677734125,0.2518830117649814
1433,0.1466,44,282,44,421164,255280,40255,86001,2.02192371055633,0.2519946905922099
1434,0.1467,54,256,54,421420,255024,40309,85947,2.019896084146496,0.2520654249188347
1435,0.1468,52,269,52,421689,254755,40361,85895,2.0177654923330377,0.2521503008953471
1436,0.1469,46,254,46,421943,254501,40407,85849,2.0157537067545306,0.25223740267371825
1437,0.147,41,254,41,422197,254247,40448,85808,2.0137419211760235,0.25233565158577287
1438,0.1471,43,252,43,422449,253995,40491,85765,2.011745976428843,0.2524281846008947
1439,0.1472,45,281,45,422730,253714,40536,85720,2.0095203396274237,0.25253804863390233
1440,0.1473,48,277,48,423007,253437,40584,85672,2.0073263844886577,0.2526385321533784
1441,0.1474,53,280,53,423287,253157,40637,85619,2.0051086681029022,0.25273041773915506
1442,0.1475,49,289,49,423576,252868,40686,85570,2.0028196679761754,0.2528380382817532
1443,0.1476,52,246,52,423822,252622,40738,85518,2.0008712457229754,0.25290707990773054
1444,0.1477,51,281,51,424103,252341,40789,85467,1.9986456089215563,0.25300466537204563
1445,0.1478,53,259,53,424362,252082,40842,85414,1.996594221264732,0.25308151800317635
1446,0.1479,36,257,36,424619,251825,40878,85378,1.9945586744392345,0.25319466315542866
1447,0.148,46,263,46,424882,251562,40924,85332,1.9924756051197567,0.25329035245507486
1448,0.1481,59,238,59,425120,251324,40983,85273,1.990590546191864,0.2533385621381058
1449,0.1482,36,272,36,425392,251052,41019,85237,1.9884361931314156,0.25346353880144756
1450,0.1483,45,290,45,425682,250762,41064,85192,1.9861392725890255,0.25358233567690813
1451,0.1484,46,254,46,425936,250508,41110,85146,1.9841274870105183,0.25367193598169546
1452,0.1485,43,272,43,426208,250236,41153,85103,1.9819731339500697,0.2537819937436445
1453,0.1486,43,249,43,426457,249987,41196,85060,1.9800009504498797,0.2538748295015326
1454,0.1487,49,289,49,426746,249698,41245,85011,1.977711950323153,0.25398480471095786
1455,0.1488,43,245,43,426991,249453,41288,84968,1.9757714484856166,0.2540749534269678
1456,0.1489,45,264,45,427255,249189,41333,84923,1.9736804587504753,0.2541752466238866
1457,0.149,33,290,33,427545,248899,41366,84890,1.971383538208085,0.25432234135936177
1458,0.1491,35,284,35,427829,248615,41401,84855,1.9691341401596756,0.25446067112483883
1459,0.1492,60,293,60,428122,248322,41461,84795,1.9668134583702952,0.2545502030818001
1460,0.1493,47,250,47,428372,248072,41508,84748,1.9648333544544418,0.2546361396550688
1461,0.1494,37,263,37,428635,247809,41545,84711,1.9627502851349639,0.25475460122699384
1462,0.1495,54,261,54,428896,247548,41599,84657,1.9606830566468127,0.2548336117758613
1463,0.1496,43,266,43,429162,247282,41642,84614,1.9585762260803448,0.2549413069154193
1464,0.1497,50,261,50,429423,247021,41692,84564,1.9565089975921937,0.25502963041150833
1465,0.1498,42,301,42,429724,246720,41734,84522,1.954124952477506,0.25516691723875595
1466,0.1499,48,271,48,429995,246449,41782,84474,1.9519785198327209,0.25526784176379397
1467,0.15,41,275,41,430270,246174,41823,84433,1.949800405525282,0.2553878169548739
1468,0.1501,52,247,52,430517,245927,41875,84381,1.9478440628564186,0.2554615692020781
1469,0.1502,37,247,37,430764,245680,41912,84344,1.9458877201875555,0.2555692919302839
1470,0.1503,36,258,36,431022,245422,41948,84308,1.9438442529463946,0.25568798714099417
1471,0.1504,39,245,39,431267,245177,41987,84269,1.9419037511088582,0.25579002325115496
1472,0.1505,51,235,51,431502,244942,42038,84218,1.940042453427956,0.2558573338194191
1473,0.1506,51,259,51,431761,244683,42089,84167,1.9379910657711317,0.2559434392580204
1474,0.1507,51,258,51,432019,244425,42140,84116,1.9359475985299708,0.25602892789636605
1475,0.1508,50,278,50,432297,244147,42190,84066,1.9337457229755417,0.2561324505732558
1476,0.1509,51,237,51,432534,243910,42241,84015,1.9318685844633126,0.2562018754288328
1477,0.151,43,266,43,432800,243644,42284,83972,1.9297617538968446,0.25631226802109786
1478,0.1511,44,250,44,433050,243394,42328,83928,1.927781649980991,0.25640806300829155
1479,0.1512,42,264,42,433314,243130,42370,83886,1.9256906602458497,0.2565195586760281
1480,0.1513,55,244,55,433558,242886,42425,83831,1.9237580788239768,0.25658597501813496
1481,0.1514,43,284,43,433842,242602,42468,83788,1.921508680775567,0.25671129630197004
1482,0.1515,58,261,58,434103,242341,42526,83730,1.9194414522874161,0.2567845653247299
1483,0.1516,44,287,44,434390,242054,42570,83686,1.9171682929920162,0.25691041935285813
1484,0.1517,50,276,50,434666,241778,42620,83636,1.914982258268914,0.25701414198528644
1485,0.1518,45,271,45,434937,241507,42665,83591,1.9128358256241287,0.25712554368221274
1486,0.1519,41,263,41,435200,241244,42706,83550,1.910752756304651,0.25723997364483336
1487,0.152,41,249,41,435449,240995,42747,83509,1.9087805728044607,0.25734351502600894
1488,0.1521,40,250,40,435699,240745,42787,83469,1.9068004688886073,0.25745032601923423
1489,0.1522,47,249,47,435948,240496,42834,83422,1.904828285388417,0.2575404886421872
1490,0.1523,56,267,56,436215,240229,42890,83366,1.9027135344062855,0.2576244997605031
1491,0.1524,47,258,47,436473,239971,42937,83319,1.9006700671651249,0.2577221689504779
1492,0.1525,47,238,47,436711,239733,42984,83272,1.8987850082372324,0.2578040587607003
1493,0.1526,55,263,55,436974,239470,43039,83217,1.8967019389177544,0.2578876744337392
1494,0.1527,38,244,38,437218,239226,43077,83179,1.8947693574958815,0.25799537848358434
1495,0.1528,48,254,48,437472,238972,43125,83131,1.8927575719173741,0.2580882512736609
1496,0.1529,52,267,52,437739,238705,43177,83079,1.8906428209352426,0.2581825075205728
1497,0.153,54,266,54,438005,238439,43231,83025,1.8885359903687746,0.2582715327377249
1498,0.1531,39,258,39,438263,238181,43270,82986,1.8864925231276137,0.2583889378423063
1499,0.1532,42,240,42,438503,237941,43312,82944,1.8845916233683944,0.2584851270704458
1500,0.1533,47,254,47,438757,237687,43359,82897,1.8825798377898872,0.2585812142839318
1501,0.1534,47,236,47,438993,237451,43406,82850,1.8807106196933214,0.2586629451672021
1502,0.1535,38,238,38,439231,237213,43444,82812,1.878825560765429,0.25876728380595265
1503,0.1536,51,254,51,439485,236959,43495,82761,1.8768137751869218,0.2588546227949456
1504,0.1537,49,247,49,439732,236712,43544,82712,1.8748574325180585,0.25894109396914444
1505,0.1538,41,256,41,439988,236456,43585,82671,1.8728298061082245,0.25905360561782614
1506,0.1539,45,238,45,440226,236218,43630,82626,1.870944747180332,0.25914240192696114
1507,0.154,37,235,37,440461,235983,43667,82589,1.8690834494994297,0.25924751704481247
1508,0.1541,49,239,49,440700,235744,43716,82540,1.8671904701558737,0.25932814718930264
1509,0.1542,53,256,53,440956,235488,43769,82487,1.8651628437460397,0.25941347590219355
1510,0.1543,50,215,50,441171,235273,43819,82437,1.8634599543784058,0.25947247489849234
1511,0.1544,44,251,44,441422,235022,43863,82393,1.861471930046889,0.25957500433186836
1512,0.1545,45,230,45,441652,234792,43908,82348,1.8596502344443036,0.25965819511887495
1513,0.1546,36,228,36,441880,234564,43944,82312,1.8578443796730453,0.2597609159418826
1514,0.1547,55,267,55,442147,234297,43999,82257,1.8557296286909137,0.2598513997611782
1515,0.1548,41,267,41,442414,234030,44040,82216,1.8536148777087822,0.2599748297211664
1516,0.1549,42,251,42,442665,233779,44082,82174,1.8516268533772653,0.2600829870265514
1517,0.155,38,266,38,442931,233513,44120,82136,1.849520022810797,0.26021308478721616
1518,0.1551,41,252,41,443183,233261,44161,82095,1.8475240780636168,0.26032483922931543
1519,0.1552,51,255,51,443438,233006,44212,82044,1.8455043720694462,0.2604158070147596
1520,0.1553,45,258,45,443696,232748,44257,81999,1.8434609048282853,0.2605235315983949
1521,0.1554,47,254,47,443950,232494,44304,81952,1.8414491192497782,0.2606234456790673
1522,0.1555,48,253,48,444203,232241,44352,81904,1.8394452540869344,0.2607203679829378
1523,0.1556,47,225,47,444428,232016,44399,81857,1.8376631605626663,0.26079656421546293
1524,0.1557,64,256,64,444684,231760,44463,81793,1.8356355341528323,0.2608586108249642
1525,0.1558,30,227,30,444911,231533,44493,81763,1.8338375997972374,0.26097683979367753
1526,0.1559,48,220,48,445131,231313,44541,81715,1.8320951083512862,0.26104693509845767
1527,0.156,33,256,33,445387,231057,44574,81682,1.8300674819414522,0.2611826475111835
1528,0.1561,59,258,59,445645,230799,44633,81623,1.8280240147002915,0.2612588101990257
1529,0.1562,49,251,49,445896,230548,44682,81574,1.8260359903687746,0.2613529325071607
1530,0.1563,45,217,45,446113,230331,44727,81529,1.8243172601698137,0.2614282049637658
1531,0.1564,33,266,33,446379,230065,44760,81496,1.8222104296033457,0.26157317507646977
1532,0.1565,29,242,29,446621,229823,44789,81467,1.8202936890127994,0.261707732339619
1533,0.1566,51,236,51,446857,229587,44840,81416,1.8184244709162336,0.26178525609077724
1534,0.1567,51,246,51,447103,229341,44891,81365,1.8164760486630338,0.26187135105212
1535,0.1568,31,235,31,447338,229106,44922,81334,1.8146147509821315,0.2619958768199974
1536,0.1569,43,240,43,447578,228866,44965,81291,1.8127138512229122,0.2620962931676538
1537,0.157,51,273,51,447851,228593,45016,81240,1.8105515777468002,0.26220576891422154
1538,0.1571,43,253,43,448104,228340,45059,81197,1.8085477125839564,0.26231759046576014
1539,0.1572,33,250,33,448354,228090,45092,81164,1.8065676086681028,0.2624509303032459
1540,0.1573,46,241,46,448595,227849,45138,81118,1.8046587884932201,0.26254583822867816
1541,0.1574,42,207,42,448802,227642,45180,81076,1.8030192624508934,0.262621551059543
1542,0.1575,56,239,56,449041,227403,45236,81020,1.8011262831073376,0.26269117413422477
1543,0.1576,44,258,44,449299,227145,45280,80976,1.7990828158661767,0.2628058457554013
1544,0.1577,56,249,56,449548,226896,45336,80920,1.7971106323659867,0.26288432050315774
1545,0.1578,42,232,42,449780,226664,45378,80878,1.7952730959320746,0.26298196669072843
1546,0.1579,43,238,43,450018,226426,45421,80835,1.793388037004182,0.2630825259307234
1547,0.158,56,236,56,450254,226190,45477,80779,1.7915188189076163,0.2631503506868772
1548,0.1581,33,226,33,450480,225964,45510,80746,1.7897288049676847,0.2632649734276678
1549,0.1582,36,246,36,450726,225718,45546,80710,1.787780382714485,0.263389768559009
1550,0.1583,44,251,44,450977,225467,45590,80666,1.785792358382968,0.2634998513717894
1551,0.1584,62,242,62,451219,225225,45652,80604,1.7838756177924218,0.2635590477031282
1552,0.1585,45,234,45,451453,224991,45697,80559,1.7820222405271828,0.2636524300441826
1553,0.1586,52,239,52,451692,224752,45749,80507,1.780129261183627,0.26373341981726994
1554,0.1587,45,251,45,451943,224501,45794,80462,1.77814123685211,0.2638418431088361
1555,0.1588,50,243,50,452186,224258,45844,80412,1.7762165758459003,0.2639314668329668
1556,0.1589,44,248,44,452434,224010,45888,80368,1.7742523127613736,0.26404010802357597
1557,0.159,42,233,42,452667,223777,45930,80326,1.7724068559117983,0.26414076809502046
1558,0.1591,45,252,45,452919,223525,45975,80281,1.770410911164618,0.26425087062138336
1559,0.1592,49,274,49,453193,223251,46024,80232,1.7682407172728425,0.26437065667599174
1560,0.1593,40,235,40,453428,223016,46064,80192,1.7663794195919402,0.26447850980185217
1561,0.1594,38,260,38,453688,222756,46102,80154,1.7643201115194524,0.2646132514608299
1562,0.1595,48,246,48,453934,222510,46150,80106,1.7623716892662527,0.26471171385518283
1563,0.1596,43,249,43,454183,222261,46193,80063,1.7603995057660626,0.2648251544700388
1564,0.1597,50,234,50,454417,222027,46243,80013,1.7585461285008237,0.2649086213746524
1565,0.1598,53,230,53,454647,221797,46296,79960,1.7567244328982385,0.2649814254516051
1566,0.1599,43,217,43,454864,221580,46339,79917,1.7550057026992776,0.2650673141026279
1567,0.16,40,225,40,455089,221355,46379,79877,1.7532236091750095,0.2651677112657354
1568,0.1601,47,237,47,455326,221118,46426,79830,1.7513464706627804,0.26526177279795843
1569,0.1602,64,250,64,455576,220868,46490,79766,1.7493663667469268,0.2653259445039483
1570,0.1603,50,226,50,455802,220642,46540,79716,1.7475763528069954,0.2654032854127408
1571,0.1604,41,246,41,456048,220396,46581,79675,1.7456279305537954,0.265520493483209
1572,0.1605,58,233,58,456281,220163,46639,79617,1.74378247370422,0.2655847621589165
1573,0.1606,42,224,42,456505,219939,46681,79575,1.7420083005956153,0.2656804022516477
1574,0.1607,41,220,41,456725,219719,46722,79534,1.7402658091496641,0.2657751133656137
1575,0.1608,43,237,43,456962,219482,46765,79491,1.738388670637435,0.26588019653948686
1576,0.1609,48,258,48,457220,219224,46813,79443,1.7363452033962743,0.26599189063405065
1577,0.161,48,247,48,457467,218977,46861,79395,1.734388860727411,0.2660940034587696
1578,0.1611,46,268,46,457735,218709,46907,79349,1.732266189329616,0.26621999745016073
1579,0.1612,56,255,56,457990,218454,46963,79293,1.7302464833354454,0.26630998800995476
1580,0.1613,58,224,58,458214,218230,47021,79235,1.7284723102268407,0.2663674718034054
1581,0.1614,51,254,51,458468,217976,47072,79184,1.7264605246483335,0.2664692421591062
1582,0.1615,42,223,42,458691,217753,47114,79142,1.7246942719553922,0.26656562084238533
1583,0.1616,51,220,51,458911,217533,47165,79091,1.7229517805094412,0.26663722423000163
1584,0.1617,42,242,42,459153,217291,47207,79049,1.721035039918895,0.2667510292231896
1585,0.1618,36,263,36,459416,217028,47243,79013,1.718951970599417,0.26689884171449224
1586,0.1619,31,221,31,459637,216807,47274,78982,1.7172015587378027,0.2670214240556613
1587,0.162,51,218,51,459855,216589,47325,78931,1.7154749081231784,0.26709190579317815
1588,0.1621,52,206,52,460061,216383,47377,78879,1.713843302496515,0.2671491759860734
1589,0.1622,41,245,41,460306,216138,47418,78838,1.7119028006589785,0.267269201562161
1590,0.1623,39,222,39,460528,215916,47457,78799,1.7101444683817006,0.2673735642909251
1591,0.1624,44,233,44,460761,215683,47501,78755,1.7082990115321253,0.2674756655051318
1592,0.1625,43,222,43,460983,215461,47544,78712,1.7065406792548472,0.2675704432425817
1593,0.1626,49,208,49,461191,215253,47593,78663,1.7048932327968571,0.26763769240191077
1594,0.1627,44,231,44,461422,215022,47637,78619,1.7030636167786086,0.2677384970082516
1595,0.1628,36,207,36,461629,214815,47673,78583,1.7014240907362819,0.26783754490487327
1596,0.1629,49,246,49,461875,214569,47722,78534,1.699475668483082,0.26793993920225995
1597,0.163,45,232,45,462107,214337,47767,78489,1.69763813204917,0.26803972324861863
1598,0.1631,35,233,35,462340,214104,47802,78454,1.6957926751995944,0.26816562869584837
1599,0.1632,44,217,44,462557,213887,47846,78410,1.6940739450006337,0.26825454931114584
1600,0.1633,45,212,45,462769,213675,47891,78365,1.6923948168799898,0.2683365292425695
1601,0.1634,54,228,54,462997,213447,47945,78311,1.6905889621087316,0.26841080621611063
1602,0.1635,36,233,36,463230,213214,47981,78275,1.688743505259156,0.26853500475146574
1603,0.1636,52,231,52,463461,212983,48033,78223,1.6869138892409075,0.2686174048611636
1604,0.1637,43,217,43,463678,212766,48076,78180,1.6851951590419465,0.2687096574622095
1605,0.1638,49,218,49,463896,212548,48125,78131,1.6834685084273222,0.26878790693514154
1606,0.1639,37,217,37,464113,212331,48162,78094,1.6817497782283615,0.26889558405784625
1607,0.164,37,235,37,464348,212096,48199,78057,1.6798884805474592,0.2690201376515149
1608,0.1641,52,239,52,464587,211857,48251,78005,1.6779955012039032,0.2691108182514438
1609,0.1642,43,207,43,464794,211650,48294,77962,1.6763559751615764,0.2691946466306645
1610,0.1643,53,229,53,465023,211421,48347,77909,1.6745421999746546,0.2692738395603636
1611,0.1644,41,218,41,465241,211203,48388,77868,1.6728155493600305,0.2693732681590336
1612,0.1645,53,225,53,465466,210978,48441,77815,1.6710334558357622,0.2694490517429439
1613,0.1646,41,233,41,465699,210745,48482,77774,1.6691879989861869,0.26956283641631923
1614,0.1647,52,250,52,465949,210495,48534,77722,1.6672078950703333,0.2696648705662747
1615,0.1648,43,235,43,466184,210260,48577,77679,1.665346597389431,0.26977589003226377
1616,0.1649,55,233,55,466417,210027,48632,77624,1.6635011405398554,0.2698547893106577
1617,0.165,39,224,39,466641,209803,48671,77585,1.6617269674312507,0.26996603894386684
1618,0.1651,52,240,52,466881,209563,48723,77533,1.6598260676720313,0.2700594922952601
1619,0.1652,43,244,43,467125,209319,48766,77490,1.6578934862501584,0.27017980607303116
1620,0.1653,42,212,42,467337,209107,48808,77448,1.6562143581295146,0.27027272251400253
1621,0.1654,53,207,53,467544,208900,48861,77395,1.654574832087188,0.27033304807977787
1622,0.1655,48,223,48,467767,208677,48909,77347,1.6528085793942466,0.2704213632422454
1623,0.1656,46,205,46,467972,208472,48955,77301,1.6511848941832468,0.27049791267894446
1624,0.1657,43,236,43,468208,208236,48998,77258,1.649315676086681,0.2706116415756548
1625,0.1658,46,252,46,468460,207984,49044,77212,1.6473197313395007,0.2707331098612884
1626,0.1659,58,219,58,468679,207765,49102,77154,1.645585160309213,0.2707927516241458
1627,0.166,45,221,45,468900,207544,49147,77109,1.6438347484475986,0.27088771240773857
1628,0.1661,50,223,50,469123,207321,49197,77059,1.6420684957546572,0.2709719389549195
1629,0.1662,39,233,39,469356,207088,49236,77020,1.6402230389050818,0.27109409097948667
1630,0.1663,52,195,52,469551,206893,49288,76968,1.638678557850716,0.2711467936771871
1631,0.1664,22,223,22,469774,206670,49310,76946,1.6369123051577747,0.2713034525555681
1632,0.1665,39,231,39,470005,206439,49349,76907,1.635082689139526,0.2714243363237879
1633,0.1666,52,259,52,470264,206180,49401,76855,1.6330313014827018,0.27153885561856306
1634,0.1667,38,248,38,470512,205932,49439,76817,1.6310670383981751,0.27167912176524056
1635,0.1668,53,226,53,470738,205706,49492,76764,1.6292770244582435,0.27175983290260913
1636,0.1669,44,221,44,470959,205485,49536,76720,1.627526612596629,0.27185910951258835
1637,0.167,47,220,47,471179,205265,49583,76673,1.625784121150678,0.27194986131702714
1638,0.1671,47,202,47,471381,205063,49630,76626,1.6241841971866684,0.27202340169477685
1639,0.1672,46,219,46,471600,204844,49676,76580,1.6224496261563808,0.272116095286827
1640,0.1673,37,197,37,471797,204647,49713,76543,1.6208893042706882,0.2722109605604751
1641,0.1674,39,204,39,472001,204443,49752,76504,1.6192735394753517,0.2723075882639786
1642,0.1675,39,208,39,472209,204235,49791,76465,1.6176260930173616,0.27240826505165655
1643,0.1676,42,224,42,472433,204011,49833,76423,1.6158519199087569,0.2725168845432437
1644,0.1677,42,212,42,472645,203799,49875,76381,1.614172791788113,0.2726140338353915
1645,0.1678,32,239,32,472884,203560,49907,76349,1.612279812444557,0.27276364818566035
1646,0.1679,52,226,52,473110,203334,49959,76297,1.6104897985046256,0.27284886153538057
1647,0.168,44,232,44,473342,203102,50003,76253,1.6086522620707135,0.27296092785165826
1648,0.1681,51,240,51,473582,202862,50054,76202,1.6067513623114942,0.27306280996473925
1649,0.1682,35,220,35,473802,202642,50089,76167,1.605008870865543,0.2731870205050769
1650,0.1683,51,238,51,474040,202404,50140,76116,1.6031238119376505,0.27328737613097803
1651,0.1684,43,232,43,474272,202172,50183,76073,1.6012862755037385,0.27340293626120865
1652,0.1685,37,233,37,474505,201939,50220,76036,1.5994408186541629,0.27353538987319004
1653,0.1686,53,218,53,474723,201721,50273,75983,1.5977141680395388,0.2736114712067525
1654,0.1687,49,251,49,474974,201470,50322,75934,1.595726143708022,0.2737307320730775
1655,0.1688,51,244,51,475218,201226,50373,75883,1.5937935622861488,0.2738380925917238
1656,0.1689,47,195,47,475413,201031,50420,75836,1.592249081231783,0.2739076885291494
1657,0.169,58,208,58,475621,200823,50478,75778,1.590601634773793,0.27396141011782316
1658,0.1691,29,195,29,475816,200628,50507,75749,1.5890571537194271,0.27407852317667536
1659,0.1692,39,219,39,476035,200409,50546,75710,1.5873225826891395,0.27419337314708514
1660,0.1693,46,228,46,476263,200181,50592,75664,1.5855167279178812,0.2742989722489079
1661,0.1694,44,212,44,476475,199969,50636,75620,1.5838375997972374,0.2743941158754522
1662,0.1695,46,195,46,476670,199774,50682,75574,1.5822931187428717,0.2744672196638436
1663,0.1696,44,218,44,476888,199556,50726,75530,1.5805664681282474,0.2745686803399664
1664,0.1697,54,210,54,477098,199346,50780,75476,1.5789031808389304,0.27463594617607034
1665,0.1698,46,242,46,477340,199104,50826,75430,1.5769864402483842,0.27475649646309747
1666,0.1699,42,213,42,477553,198891,50868,75388,1.575299391712077,0.2748588116479935
1667,0.17,36,217,36,477770,198674,50904,75352,1.5735806615131163,0.2749812061629188
1668,0.1701,46,230,46,478000,198444,50950,75306,1.5717589659105309,0.27509041095890413
1669,0.1702,40,225,40,478225,198219,50990,75266,1.5699768723862628,0.27521070625445637
1670,0.1703,37,237,37,478462,197982,51027,75229,1.5680997338740337,0.2753512852703588
1671,0.1704,45,235,45,478697,197747,51072,75184,1.5662384361931314,0.2754688914047873
1672,0.1705,33,201,33,478898,197546,51105,75151,1.564646432644785,0.2755842565191403
1673,0.1706,27,226,27,479124,197320,51132,75124,1.5628564187048537,0.2757410697244204
1674,0.1707,38,231,38,479355,197089,51170,75086,1.561026802686605,0.27587397813906495
1675,0.1708,40,193,40,479548,196896,51210,75046,1.559498162463566,0.2759632568709504
1676,0.1709,42,230,42,479778,196666,51252,75004,1.5576764668609808,0.27608495601280963
1677,0.171,39,178,39,479956,196488,51291,74965,1.5562666328728931,0.27616198752638577
1678,0.1711,38,210,38,480166,196278,51329,74927,1.5546033455835762,0.27627440497040984
1679,0.1712,42,220,42,480386,196058,51371,74885,1.5528608541376252,0.2763865462477348
1680,0.1713,61,210,61,480596,195848,51432,74824,1.5511975668483082,0.2764379027014246
1681,0.1714,35,213,35,480809,195635,51467,74789,1.549510518312001,0.2765619915392125
1682,0.1715,38,197,38,481006,195438,51505,74751,1.5479501964263085,0.27666189223099386
1683,0.1716,42,228,42,481234,195210,51547,74709,1.54614434165505,0.2767830349104731
1684,0.1717,35,200,35,481434,195010,51582,74674,1.5445602585223672,0.27689443941798547
1685,0.1718,41,211,41,481645,194799,51623,74633,1.542889050817387,0.2770012470679058
1686,0.1719,48,197,48,481842,194602,51671,74585,1.5413287289316944,0.27707504448580356
1687,0.172,37,232,37,482074,194370,51708,74548,1.5394911924977823,0.27721461560773175
1688,0.1721,32,236,32,482310,194134,51740,74516,1.5376219744012165,0.2773720454122464
1689,0.1722,35,180,35,482490,193954,51775,74481,1.5361962995818021,0.27746381805651277
1690,0.1723,52,201,52,482691,193753,51827,74429,1.5346042960334558,0.27753167624971103
1691,0.1724,33,201,33,482892,193552,51860,74396,1.5330122924851097,0.27765088748563155
1692,0.1725,50,214,50,483106,193338,51910,74346,1.531317323533139,0.2777379297978213
1693,0.1726,38,218,38,483324,193120,51948,74308,1.5295906729185147,0.2778617048327026
1694,0.1727,46,200,46,483524,192920,51994,74262,1.528006589785832,0.2779453705713708
1695,0.1728,36,194,36,483718,192726,52030,74226,1.5264700291471296,0.2780499865144296
1696,0.1729,51,177,51,483895,192549,52081,74175,1.5250681155747055,0.2780964592612588
1697,0.173,41,224,41,484119,192325,52122,74134,1.5232939424661007,0.27821916317332124
1698,0.1731,44,232,44,484351,192093,52166,74090,1.5214564060321887,0.2783423434253878
1699,0.1732,49,224,49,484575,191869,52215,74041,1.5196822329235837,0.2784438343800534
1700,0.1733,37,181,37,484756,191688,52252,74004,1.5182486376885058,0.2785330382548214
1701,0.1734,48,195,48,484951,191493,52300,73956,1.5167041566341402,0.2786071900817106
1702,0.1735,48,180,48,485131,191313,52348,73908,1.5152784818147256,0.2786657165156605
1703,0.1736,29,219,29,485350,191094,52377,73879,1.513543910784438,0.2788170870239609
1704,0.1737,46,201,46,485551,190893,52423,73833,1.5119519072360919,0.27890347000294646
1705,0.1738,49,217,49,485768,190676,52472,73784,1.510233177037131,0.2789987143613401
1706,0.1739,40,209,40,485977,190467,52512,73744,1.5085778101634775,0.2791102565752372
1707,0.174,40,242,40,486219,190225,52552,73704,1.5066610695729312,0.27925692136900454
1708,0.1741,46,240,46,486459,189985,52598,73658,1.5047601698137119,0.2793853809886855
1709,0.1742,38,201,38,486660,189784,52636,73620,1.5031681662653655,0.2794946166345234
1710,0.1743,42,196,42,486856,189588,52678,73578,1.5016157647953365,0.2795877886961082
1711,0.1744,46,176,46,487032,189412,52724,73532,1.5002217716385755,0.27964889862480224
1712,0.1745,39,192,39,487224,189220,52763,73493,1.4987010518312,0.27974633916098557
1713,0.1746,56,185,56,487409,189035,52819,73437,1.4972357749334686,0.2797898442500533
1714,0.1747,50,209,50,487618,188826,52869,73387,1.495580408059815,0.27987552104586727
1715,0.1748,53,202,53,487820,188624,52922,73334,1.4939804840958053,0.27994564014078593
1716,0.1749,42,201,42,488021,188423,52964,73292,1.4923884805474592,0.28004508721318994
1717,0.175,45,187,45,488208,188236,53009,73247,1.4909073628184006,0.2801214610510052
1718,0.1751,42,218,42,488426,188018,53051,73205,1.4891807122037763,0.28023948886583494
1719,0.1752,42,221,42,488647,187797,53093,73163,1.487430300342162,0.2803609748620478
1720,0.1753,40,216,40,488863,187581,53133,73123,1.4857194905588644,0.28048284644654475
1721,0.1754,38,211,38,489074,187370,53171,73085,1.4840482828538841,0.2806050949300263
1722,0.1755,30,201,30,489275,187169,53201,73055,1.482456279305538,0.2807389018691589
1723,0.1756,46,190,46,489465,186979,53247,73009,1.4809514003294892,0.2808168069295506
1724,0.1757,43,218,43,489683,186761,53290,72966,1.479224749714865,0.28093344165219636
1725,0.1758,50,230,50,489913,186531,53340,72916,1.4774030541122798,0.2810439126295544
1726,0.1759,37,221,37,490134,186310,53377,72879,1.4756526422506653,0.28118091431349324
1727,0.176,33,200,33,490334,186110,53410,72846,1.4740685591179825,0.28130647677597737
1728,0.1761,49,212,49,490546,185898,53459,72797,1.4723894309973387,0.28140087748120374
1729,0.1762,38,205,38,490751,185693,53497,72759,1.4707657457863388,0.2815184250847353
1730,0.1763,38,197,38,490948,185496,53535,72721,1.4692054239006462,0.2816274683696271
1731,0.1764,55,185,55,491133,185311,53590,72666,1.4677401470029148,0.28167627346623925
1732,0.1765,45,205,45,491338,185106,53635,72621,1.466116461791915,0.28177490134910194
1733,0.1766,43,205,43,491543,184901,53678,72578,1.464492776580915,0.28187929889427876
1734,0.1767,39,202,39,491745,184699,53717,72539,1.4628928526169054,0.28199177415467386
1735,0.1768,49,173,49,491918,184526,53766,72490,1.4615226207071348,0.2820446976063747
1736,0.1769,41,189,41,492107,184337,53807,72449,1.4600256621467496,0.28213765547966013
1737,0.177,37,206,37,492313,184131,53844,72412,1.4583940565200861,0.2822606736492518
1738,0.1771,44,187,44,492500,183944,53888,72368,1.4569129387910278,0.28234339398857644
1739,0.1772,50,197,50,492697,183747,53938,72318,1.4553526169053352,0.2824204791752094
1740,0.1773,35,187,35,492884,183560,53973,72283,1.4538714991762767,0.2825287383278026
1741,0.1774,40,202,40,493086,183358,54013,72243,1.4522715752122672,0.2826397392811452
1742,0.1775,49,232,49,493318,183126,54062,72194,1.4504340387783552,0.2827588908036973
1743,0.1776,46,180,46,493498,182946,54108,72148,1.4490083639589406,0.28282907477243685
1744,0.1777,40,207,40,493705,182739,54148,72108,1.4473688379166139,0.28294623833123406
1745,0.1778,48,178,48,493883,182561,54196,72060,1.4459590039285262,0.28300886415495974
1746,0.1779,54,187,54,494070,182374,54250,72006,1.4444778861994678,0.28306470634483843
1747,0.178,55,188,55,494258,182186,54305,71951,1.442988848054746,0.283118947654218
1748,0.1781,54,207,54,494465,181979,54359,71897,1.4413493220124192,0.2831973089224661
1749,0.1782,38,206,38,494671,181773,54397,71859,1.439717716385756,0.28331992808478423
1750,0.1783,33,211,33,494882,181562,54430,71826,1.4380465086807757,0.28346251598339306
1751,0.1784,32,206,32,495088,181356,54462,71794,1.4364149030541122,0.28360260714991115
1752,0.1785,41,197,41,495285,181159,54503,71753,1.4348545811684197,0.28370737647877525
1753,0.1786,36,189,36,495474,180970,54539,71717,1.4333576226080345,0.28381752919619924
1754,0.1787,55,201,55,495675,180769,54594,71662,1.4317656190596884,0.2838874781623493
1755,0.1788,47,210,47,495885,180559,54641,71615,1.4301023317703714,0.2839904193136485
1756,0.1789,42,175,42,496060,180384,54683,71573,1.428716259029274,0.28406831324392656
1757,0.179,40,201,40,496261,180183,54723,71533,1.4271242554809276,0.28418137901444485
1758,0.1791,49,171,49,496432,180012,54772,71484,1.4257698644024839,0.28423513694054775
1759,0.1792,32,191,32,496623,179821,54804,71452,1.4242570650107718,0.284360038683026
1760,0.1793,50,187,50,496810,179634,54854,71402,1.4227759472817134,0.2844293248777068
1761,0.1794,29,198,29,497008,179436,54883,71373,1.4212077049803573,0.284571127830341
1762,0.1795,38,205,38,497213,179231,54921,71335,1.4195840197693574,0.2846954495023267
1763,0.1796,41,201,41,497414,179030,54962,71294,1.4179920162210113,0.28480689027020983
1764,0.1797,45,193,45,497607,178837,55007,71249,1.4164633759979723,0.28489799508968916
1765,0.1798,42,209,42,497816,178628,55049,71207,1.414808009124319,0.2850161106330178
1766,0.1799,55,198,55,498014,178430,55104,71152,1.4132397668229628,0.2850846615541185
1767,0.18,46,183,46,498197,178247,55150,71106,1.411790330756558,0.28516199925406954
1768,0.1801,41,208,41,498405,178039,55191,71065,1.410142884298568,0.28528245230907573
1769,0.1802,40,212,40,498617,177827,55231,71025,1.4084637561779243,0.2854106055004581
1770,0.1803,51,202,51,498819,177625,55282,70974,1.4068638322139146,0.2854959191308091
1771,0.1804,43,212,43,499031,177413,55325,70931,1.4051847040932708,0.28561591985310697
1772,0.1805,33,167,33,499198,177246,55358,70898,1.4038619946774806,0.28571313430911083
1773,0.1806,41,208,41,499406,177038,55399,70857,1.4022145482194905,0.2858347284132395
1774,0.1807,46,169,46,499575,176869,55445,70811,1.4008759979723735,0.28589712532299744
1775,0.1808,24,184,24,499759,176685,55469,70787,1.3994186414903054,0.28604044093877284
1776,0.1809,45,200,45,499959,176485,55514,70742,1.3978345583576226,0.28614188579726324
1777,0.181,46,172,46,500131,176313,55560,70696,1.3964722468635153,0.2862081948431029
1778,0.1811,53,196,53,500327,176117,55613,70643,1.3949198453934863,0.28628221753930944
1779,0.1812,40,168,40,500495,175949,55653,70603,1.3935892155620326,0.28636149777734515
1780,0.1813,35,177,35,500672,175772,55688,70568,1.3921873019896085,0.2864658601932289
1781,0.1814,43,173,43,500845,175599,55731,70525,1.3908170700798377,0.2865425557848889
1782,0.1815,38,198,38,501043,175401,55769,70487,1.3892488277784818,0.2866630335762624
1783,0.1816,48,191,48,501234,175210,55817,70439,1.3877360283867697,0.28674653672516476
1784,0.1817,50,211,50,501445,174999,55867,70389,1.3860648206817894,0.2868477676169984
1785,0.1818,40,196,40,501641,174803,55907,70349,1.3845124192117602,0.28696074272288213
1786,0.1819,39,198,39,501839,174605,55946,70310,1.3829441769104043,0.2870791907396444
1787,0.182,52,192,52,502031,174413,55998,70258,1.3814234571030288,0.2871529523319069
1788,0.1821,30,199,30,502230,174214,56028,70228,1.3798472943860094,0.2872992366287299
1789,0.1822,36,198,36,502428,174016,56064,70192,1.3782790520846535,0.28742711131494464
1790,0.1823,34,215,34,502643,173801,56098,70158,1.3765761627170194,0.28758110994060476
1791,0.1824,47,173,47,502816,173628,56145,70111,1.3752059308072488,0.28764785282617883
1792,0.1825,48,144,48,502960,173484,56193,70063,1.374065390951717,0.2876775324680657
1793,0.1826,44,150,44,503110,173334,56237,70019,1.3728773286022051,0.2877260604964804
1794,0.1827,57,197,57,503307,173137,56294,69962,1.3713170067165126,0.2877922163398451
1795,0.1828,49,173,49,503480,172964,56343,69913,1.3699467748067418,0.2878535225649197
1796,0.1829,49,215,49,503695,172749,56392,69864,1.368243885439108,0.2879647834205092
1797,0.183,33,183,33,503878,172566,56425,69831,1.3667944493727031,0.28808524857980916
1798,0.1831,45,194,45,504072,172372,56470,69786,1.3652578887340008,0.28818374780102246
1799,0.1832,44,158,44,504230,172214,56514,69742,1.3640064630591813,0.28824249037014993
1800,0.1833,45,205,45,504435,172009,56559,69697,1.3623827778481814,0.28835444713825886
1801,0.1834,51,177,51,504612,171832,56610,69646,1.3609808642757573,0.2884155078309411
1802,0.1835,41,195,41,504807,171637,56651,69605,1.3594363832213914,0.2885277024730354
1803,0.1836,39,179,39,504986,171458,56690,69566,1.3580186288176403,0.2886268587360595
1804,0.1837,42,190,42,505176,171268,56732,69524,1.3565137498415918,0.28873052260872456
1805,0.1838,39,160,39,505336,171108,56771,69485,1.3552464833354454,0.2888072387808457
1806,0.1839,39,187,39,505523,170921,56810,69446,1.353765365606387,0.28891653180345056
1807,0.184,47,217,47,505740,170704,56857,69399,1.352046635407426,0.2890384543300167
1808,0.1841,48,159,48,505899,170545,56905,69351,1.3507872893169433,0.2890877713675926
1809,0.1842,46,193,46,506092,170352,56951,69305,1.3492586490939045,0.2891841256462361
1810,0.1843,50,175,50,506267,170177,57001,69255,1.347872576352807,0.2892470513548732
1811,0.1844,47,203,47,506470,169974,57048,69208,1.346264731973134,0.2893528777249124
1812,0.1845,38,172,38,506642,169802,57086,69170,1.3449024204790268,0.28944813618331855
1813,0.1846,35,180,35,506822,169622,57121,69135,1.3434767456596122,0.2895621908467605
1814,0.1847,40,191,40,507013,169431,57161,69095,1.3419639462679,0.2896749201344927
1815,0.1848,37,220,37,507233,169211,57198,69058,1.340221454821949,0.28983208054761633
1816,0.1849,40,167,40,507400,169044,57238,69018,1.338898745406159,0.2899160722836908
1817,0.185,36,205,36,507605,168839,57274,68982,1.337275060195159,0.2900584893680541
1818,0.1851,50,188,50,507793,168651,57324,68932,1.3357860220504372,0.290138604193061
1819,0.1852,36,164,36,507957,168487,57360,68896,1.3344870738816372,0.2902313982045892
1820,0.1853,31,176,31,508133,168311,57391,68865,1.3330930807248764,0.2903539987182514
1821,0.1854,37,173,37,508306,168138,57428,68828,1.3317228488151058,0.29045517078399435
1822,0.1855,36,164,36,508470,167974,57464,68792,1.330423900646306,0.2905484740207631
1823,0.1856,45,181,45,508651,167793,57509,68747,1.328990305411228,0.29063583326287307
1824,0.1857,48,192,48,508843,167601,57557,68699,1.3274695856038525,0.2907278882776132
1825,0.1858,52,174,52,509017,167427,57609,68647,1.3260914332784184,0.2907859400018638
1826,0.1859,34,182,34,509199,167245,57643,68613,1.3246499176276771,0.290908088765274
1827,0.186,39,193,39,509392,167052,57682,68574,1.3231212774046381,0.2910290035904357
1828,0.1861,38,167,38,509559,166885,57720,68536,1.321798567988848,0.2911210129937431
1829,0.1862,35,195,35,509754,166690,57755,68501,1.3202540869344823,0.2912568933335034
1830,0.1863,35,194,35,509948,166496,57790,68466,1.31871752629578,0.2913917995250296
1831,0.1864,46,184,46,510132,166312,57836,68420,1.3172601698137119,0.29148134894262395
1832,0.1865,41,162,41,510294,166150,57877,68379,1.3159770624762388,0.29155882641379105
1833,0.1866,38,190,38,510484,165960,57915,68341,1.31447218350019,0.29168035987895913
1834,0.1867,52,183,52,510667,165777,57967,68289,1.3130227474337852,0.29175104457717055
1835,0.1868,42,180,42,510847,165597,58009,68247,1.3115970726143709,0.2918484117616873
1836,0.1869,49,182,49,511029,165415,58058,68198,1.3101555569636294,0.29192724719942814
1837,0.187,27,187,27,511216,165228,58085,68171,1.308674439234571,0.2920792291312302
1838,0.1871,45,190,45,511406,165038,58130,68126,1.3071695602585223,0.29218061107203513
1839,0.1872,41,188,41,511594,164850,58171,68085,1.3056805221138006,0.29229184107154355
1840,0.1873,34,173,34,511767,164677,58205,68051,1.30431029020403,0.2924057268571036
1841,0.1874,38,182,38,511949,164495,58243,68013,1.3028687745532885,0.29251896708930447
1842,0.1875,48,168,48,512117,164327,58291,67965,1.301538144721835,0.2925843335112703
1843,0.1876,36,158,36,512275,164169,58327,67929,1.3002867190470155,0.29267378434971436
1844,0.1877,48,202,48,512477,163967,58375,67881,1.2986867950830059,0.2927823401538939
1845,0.1878,34,185,34,512662,163782,58409,67847,1.2972215181852744,0.29291237280306004
1846,0.1879,51,198,51,512860,163584,58460,67796,1.2956532758839183,0.29300717434523293
1847,0.188,43,183,43,513043,163401,58503,67753,1.2942038398175135,0.2931076252195506
1848,0.1881,37,157,37,513200,163244,58540,67716,1.2929603345583576,0.293193626602009
1849,0.1882,52,180,52,513380,163064,58592,67664,1.291534659738943,0.29326306300058946
1850,0.1883,45,196,45,513576,162868,58637,67619,1.289982258268914,0.29337446363569314
1851,0.1884,52,177,52,513753,162691,58689,67567,1.2885803446964896,0.2934404016364252
1852,0.1885,36,179,36,513932,162512,58725,67531,1.2871625902927386,0.2935581608655773
1853,0.1886,36,189,36,514121,162323,58761,67495,1.2856656317323534,0.2936889190576891
1854,0.1887,39,166,39,514287,162157,58800,67456,1.2843508427322265,0.2937812754504318
1855,0.1888,41,173,41,514460,161984,58841,67415,1.282980610822456,0.2938766080061378
1856,0.1889,29,173,29,514633,161811,58870,67386,1.2816103789126854,0.2940090838885326
1857,0.189,42,168,42,514801,161643,58912,67344,1.2802797490812319,0.2940952979863486
1858,0.1891,35,176,35,514977,161467,58947,67309,1.2788857559244708,0.294213553869287
1859,0.1892,50,171,50,515148,161296,58997,67259,1.2775313648460271,0.29427927632298573
1860,0.1893,37,182,37,515330,161114,59034,67222,1.2760898491952857,0.2943994814659099
1861,0.1894,46,167,46,515497,160947,59080,67176,1.2747671397794955,0.29447271866493074
1862,0.1895,37,175,37,515672,160772,59117,67139,1.2733810670383983,0.2945842894814204
1863,0.1896,46,189,46,515861,160583,59163,67093,1.271884108478013,0.2946863086139953
1864,0.1897,31,160,31,516021,160423,59194,67062,1.2706168419718666,0.29479745917313227
1865,0.1898,56,173,56,516194,160250,59250,67006,1.269246610062096,0.2948481008202204
1866,0.1899,40,167,40,516361,160083,59290,66966,1.267923900646306,0.2949407396641254
1867,0.19,41,188,41,516549,159895,59331,66925,1.266434862501584,0.2950577550480557
1868,0.1901,45,185,45,516734,159710,59376,66880,1.2649695856038525,0.29515865660443974
1869,0.1902,39,164,39,516898,159546,59415,66841,1.2636706374350526,0.2952510524014188
1870,0.1903,44,169,44,517067,159377,59459,66797,1.2623320871879355,0.29533456542308134
1871,0.1904,30,149,30,517216,159228,59489,66767,1.261151945254087,0.2954357397287551
1872,0.1905,32,172,32,517388,159056,59521,66735,1.2597896337599797,0.29556093909854686
1873,0.1906,48,196,48,517584,158860,59569,66687,1.2582372322899507,0.29566786523429706
1874,0.1907,51,176,51,517760,158684,59620,66636,1.2568432391331896,0.29573939286348305
1875,0.1908,35,169,35,517929,158515,59655,66601,1.2555046888860728,0.29585191634535085
1876,0.1909,46,154,46,518083,158361,59701,66555,1.254284944873907,0.2959104732433442
1877,0.191,35,176,35,518259,158185,59736,66520,1.252890951717146,0.2960325760441468
1878,0.1911,35,158,35,518417,158027,59771,66485,1.2516395260423268,0.29613116448118587
1879,0.1912,53,177,53,518594,157850,59824,66432,1.2502376124699024,0.29619853577193
1880,0.1913,35,168,35,518762,157682,59859,66397,1.248906982638449,0.2963106761454666
1881,0.1914,36,143,36,518905,157539,59895,66361,1.2477743631985807,0.29638677981241623
1882,0.1915,28,161,28,519066,157378,59923,66333,1.246499176276771,0.29651201773716984
1883,0.1916,48,186,48,519252,157192,59971,66285,1.245025978963376,0.29660770459599867
1884,0.1917,27,188,27,519440,157004,59998,66258,1.243536940818654,0.2967724019313632
1885,0.1918,52,190,52,519630,156814,60050,66206,1.2420320618426055,0.29686126804770874
1886,0.1919,35,176,35,519806,156638,60085,66171,1.2406380686858447,0.29698531028818403
1887,0.192,56,156,56,519962,156482,60141,66115,1.239402483842352,0.2970165815352408
1888,0.1921,36,160,36,520122,156322,60177,66079,1.238135217336206,0.29711646980004586
1889,0.1922,49,184,49,520306,156138,60226,66030,1.2366778608541376,0.2972075186345468
1890,0.1923,45,184,45,520490,155954,60271,65985,1.2352205043720694,0.29731142340913497
1891,0.1924,49,162,49,520652,155792,60320,65936,1.2339373970345964,0.2973733583489681
1892,0.1925,47,200,47,520852,155592,60367,65889,1.2323533139019136,0.2974927871916778
1893,0.1926,40,182,40,521034,155410,60407,65849,1.2309117982511721,0.29761049268052375
1894,0.1927,28,171,28,521205,155239,60435,65821,1.2295574071727284,0.29775174160861306
1895,0.1928,30,164,30,521369,155075,60465,65791,1.2282584590039285,0.29787744605326305
1896,0.1929,39,160,39,521529,154915,60504,65752,1.2269911924977823,0.29796933841489665
1897,0.193,45,177,45,521706,154738,60549,65707,1.225589278925358,0.2980652770532332
1898,0.1931,43,168,43,521874,154570,60592,65664,1.2242586490939045,0.29815559813652753
1899,0.1932,36,195,36,522069,154375,60628,65628,1.2227141680395388,0.2983050231133212
1900,0.1933,36,163,36,522232,154212,60664,65592,1.2214231402864022,0.29841131189605286
1901,0.1934,29,163,29,522395,154049,60693,65563,1.2201321125332658,0.2985401526328252
1902,0.1935,40,160,40,522555,153889,60733,65523,1.2188648460271194,0.2986299746595446
1903,0.1936,42,155,42,522710,153734,60775,65481,1.2176371815992904,0.2987067490819515
1904,0.1937,31,160,31,522870,153574,60806,65450,1.2163699150931442,0.2988256994667251
1905,0.1938,29,181,29,523051,153393,60835,65421,1.214936319858066,0.2989799555787107
1906,0.1939,41,160,41,523211,153233,60876,65380,1.2136690533519199,0.29906730157858863
1907,0.194,38,178,38,523389,153055,60914,65342,1.2122592193638322,0.2991890914252485
1908,0.1941,36,163,36,523552,152892,60950,65306,1.2109681916106958,0.2992969688081467
1909,0.1942,44,144,44,523696,152748,60994,65262,1.209827651755164,0.29935324067703317
1910,0.1943,42,162,42,523858,152586,61036,65220,1.208544544417691,0.2994407867551858
1911,0.1944,38,180,38,524038,152406,61074,65182,1.2071188695982764,0.2995661525451771
1912,0.1945,34,167,34,524205,152239,61108,65148,1.2057961601824865,0.2996867337973292
1913,0.1946,36,178,36,524383,152061,61144,65112,1.2043863261943988,0.299816275503861
1914,0.1947,35,172,35,524555,151889,61179,65077,1.2030240147002915,0.29994100458136297
1915,0.1948,49,140,49,524695,151749,61228,65028,1.2019151565074135,0.29997647351886964
1916,0.1949,51,168,51,524863,151581,61279,64977,1.20058452667596,0.3000443299254703
1917,0.195,25,161,25,525024,151420,61304,64952,1.1993093397541503,0.3001867154715028
1918,0.1951,40,151,40,525175,151269,61344,64912,1.1981133569889748,0.30026690597231026
1919,0.1952,32,178,32,525353,151091,61376,64880,1.1967035230008871,0.3004107032888675
1920,0.1953,46,197,46,525550,150894,61422,64834,1.1951432011151946,0.30053585997181637
1921,0.1954,38,177,38,525727,150717,61460,64796,1.1937412875427702,0.30065935697614526
1922,0.1955,34,143,34,525870,150574,61494,64762,1.192608668102902,0.30074859754058775
1923,0.1956,36,168,36,526038,150406,61530,64726,1.1912780382714485,0.30086644478738633
1924,0.1957,44,173,44,526211,150233,61574,64682,1.189907806361678,0.3009654979875765
1925,0.1958,40,162,40,526373,150071,61614,64642,1.1886246990242049,0.3010623483440686
1926,0.1959,39,142,39,526515,149929,61653,64603,1.1875,0.30113456267596445
1927,0.196,25,146,25,526661,149783,61678,64578,1.1863436193131416,0.30125815796716754
1928,0.1961,32,135,32,526796,149648,61710,64546,1.1852743631985807,0.3013436417453337
1929,0.1962,39,177,39,526973,149471,61749,64507,1.1838724496261563,0.30146557122694856
1930,0.1963,38,165,38,527138,149306,61787,64469,1.182565581041693,0.3015740849023506
1931,0.1964,33,158,33,527296,149148,61820,64436,1.1813141553668736,0.30168926511349164
1932,0.1965,38,174,38,527470,148974,61858,64398,1.1799360030414396,0.3018109217704291
1933,0.1966,40,166,40,527636,148808,61898,64358,1.1786212140413128,0.30191493953069437
1934,0.1967,51,156,51,527792,148652,61949,64307,1.1773856291978202,0.3019689235956217
1935,0.1968,52,164,52,527956,148488,62001,64255,1.1760866810290205,0.30203108915451976
1936,0.1969,53,161,53,528117,148327,62054,64202,1.1748114941072108,0.30208583299220343
1937,0.197,34,160,34,528277,148167,62088,64168,1.1735442276010646,0.3022017095627193
1938,0.1971,37,141,37,528418,148026,62125,64131,1.172427448992523,0.30228085804380717
1939,0.1972,36,159,36,528577,147867,62161,64095,1.1711681029020402,0.3023891074815297
1940,0.1973,37,153,37,528730,147714,62198,64058,1.169956279305538,0.3024856921594923
1941,0.1974,44,166,44,528896,147548,62242,64014,1.1686414903054112,0.3025779676879591
1942,0.1975,30,168,30,529064,147380,62272,63984,1.1673108604739577,0.30271947919229386
1943,0.1976,32,151,32,529215,147229,62304,63952,1.1661148777087822,0.3028302735568067
1944,0.1977,46,143,46,529358,147086,62350,63906,1.164982258268914,0.30288352165010995
1945,0.1978,31,156,31,529514,146930,62381,63875,1.1637466734254214,0.30300514693674246
1946,0.1979,43,147,43,529661,146783,62424,63832,1.1625823723228994,0.3030743299385134
1947,0.198,60,167,60,529828,146616,62484,63772,1.1612596629071095,0.3031161473087819
1948,0.1981,30,130,30,529958,146486,62514,63742,1.1602300088708655,0.303204140266758
1949,0.1982,44,179,44,530137,146307,62558,63698,1.1588122544671144,0.30331658770029285
1950,0.1983,45,163,45,530300,146144,62603,63653,1.157521226713978,0.3034028131956129
1951,0.1984,28,151,28,530451,145993,62631,63625,1.1563252439488025,0.30352832294936505
1952,0.1985,37,151,37,530602,145842,62668,63588,1.155129261183627,0.30362412261853605
1953,0.1986,44,184,44,530786,145658,62712,63544,1.1536719047015587,0.3037447060735557
1954,0.1987,30,146,30,530932,145512,62742,63514,1.1525155240147003,0.30385693645766554
1955,0.1988,25,165,25,531097,145347,62767,63489,1.151208655430237,0.30401367580302247
1956,0.1989,34,154,34,531251,145193,62801,63455,1.1499889114180712,0.304124650128446
1957,0.199,37,160,37,531411,145033,62838,63418,1.148721644911925,0.30423456831581525
1958,0.1991,28,149,28,531560,144884,62866,63390,1.1475415029780762,0.3043586813524492
1959,0.1992,35,157,35,531717,144727,62901,63355,1.1462979977189203,0.304471314193443
1960,0.1993,41,167,41,531884,144560,62942,63314,1.1449752883031301,0.3045787351953587
1961,0.1994,31,173,31,532057,144387,62973,63283,1.1436050563933595,0.304728656040834
1962,0.1995,32,151,32,532208,144236,63005,63251,1.142409073628184,0.3048431949953491
1963,0.1996,30,140,30,532348,144096,63035,63221,1.141300215435306,0.30494846057004493
1964,0.1997,39,165,39,532513,143931,63074,63182,1.1399933468508427,0.3050605225166938
1965,0.1998,46,164,46,532677,143767,63120,63136,1.1386943986820428,0.3051478228928532
1966,0.1999,45,141,45,532818,143626,63165,63091,1.1375776200735015,0.3052047001456097
1967,0.2,41,152,41,532970,143474,63206,63050,1.1363737168926624,0.30529139470473166
1968,0.2001,46,158,46,533128,143316,63252,63004,1.1351222912178431,0.3053702985653354
1969,0.2002,31,137,31,533265,143179,63283,62973,1.1340371942719554,0.3054687803174357
1970,0.2003,39,148,39,533413,143031,63322,62934,1.13286497275377,0.30555676935401643
1971,0.2004,49,159,49,533572,142872,63371,62885,1.1316056266632872,0.3056275120652031
1972,0.2005,51,172,51,533744,142700,63422,62834,1.13024331516918,0.3057109772592369
1973,0.2006,38,162,38,533906,142538,63460,62796,1.128960207831707,0.3058236823906416
1974,0.2007,40,159,40,534065,142379,63500,62756,1.127700861741224,0.30592536622224387
1975,0.2008,35,163,35,534228,142216,63535,62721,1.1264098339880877,0.30605015199793106
1976,0.2009,33,127,33,534355,142089,63568,62688,1.1254039411988341,0.3061281296239324
1977,0.201,43,162,43,534517,141927,63611,62645,1.124120833861361,0.3062247032829517
1978,0.2011,39,152,39,534669,141775,63650,62606,1.122916930680522,0.3063200591052984
1979,0.2012,32,163,32,534832,141612,63682,62574,1.1216259029273856,0.30645587846375366
1980,0.2013,33,142,33,534974,141470,63715,62541,1.1205012039031808,0.30655699937748454
1981,0.2014,40,153,40,535127,141317,63755,62501,1.1192893803066786,0.30665103180288295
1982,0.2015,35,151,35,535278,141166,63790,62466,1.118093397541503,0.3067592519839711
1983,0.2016,42,158,42,535436,141008,63832,62424,1.1168419718666835,0.3068543788587833
1984,0.2017,49,143,49,535579,140865,63881,62375,1.1157093524268153,0.3069031686675851
1985,0.2018,45,160,45,535739,140705,63926,62330,1.1144420859206692,0.30699140542271036
1986,0.2019,26,140,26,535879,140565,63952,62304,1.1133332277277912,0.3071144433107079
1987,0.202,30,145,30,536024,140420,63982,62274,1.1121847674565961,0.30723159047628446
1988,0.2021,32,186,32,536210,140234,64014,62242,1.110711570143201,0.3074043343408602
1989,0.2022,44,175,44,536385,140059,64058,62198,1.1093254974021036,0.3075196408529742
1990,0.2023,39,139,39,536524,139920,64097,62159,1.1082245596248892,0.30759752374071525
1991,0.2024,45,165,45,536689,139755,64142,62114,1.1069176910404257,0.30769459401889343
1992,0.2025,31,137,31,536826,139618,64173,62083,1.1058325940945382,0.3077971849420677
1993,0.2026,36,158,36,536984,139460,64209,62047,1.1045811684197187,0.3079148615184584
1994,0.2027,48,160,48,537144,139300,64257,61999,1.1033139019135725,0.3079945752338561
1995,0.2028,30,164,30,537308,139136,64287,61969,1.1020149537447725,0.30814251261778675
1996,0.2029,31,151,31,537459,138985,64318,61938,1.100818970979597,0.30826734619729945
1997,0.203,43,123,43,537582,138862,64361,61895,1.099844759852997,0.3083080540155511
1998,0.2031,38,130,38,537712,138732,64399,61857,1.0988151058167532,0.30837683023495804
1999,0.2032,38,135,38,537847,138597,64437,61819,1.0977458497021924,0.3084534168928628
2000,0.2033,38,163,38,538010,138434,64475,61781,1.096454821949056,0.308573283720001
2001,0.2034,27,166,27,538176,138268,64502,61754,1.0951400329489291,0.30873603903570607
2002,0.2035,42,165,42,538341,138103,64544,61712,1.0938331643644659,0.3088456822560869
2003,0.2036,29,139,29,538480,137964,64573,61683,1.0927322265872512,0.30896031495589715
2004,0.2037,28,156,28,538636,137808,64601,61655,1.0914966417437588,0.30910494678211
2005,0.2038,43,148,43,538784,137660,64644,61612,1.0903244202255735,0.30918543498333934
2006,0.2039,37,150,37,538934,137510,64681,61575,1.0891363578760613,0.30929000175804305
2007,0.204,32,158,32,539092,137352,64713,61543,1.0878849322012418,0.3094245707534126
2008,0.2041,23,123,23,539215,137229,64736,61520,1.086910721074642,0.30953614860955275
2009,0.2042,39,164,39,539379,137065,64775,61481,1.085611772905842,0.30965620057820353
2010,0.2043,43,159,43,539538,136906,64818,61438,1.0843524268153593,0.3097547694913887
2011,0.2044,34,136,34,539674,136770,64852,61404,1.083275250285135,0.30984892064549335
2012,0.2045,33,143,33,539817,136627,64885,61371,1.0821426308452669,0.3099576763401651
2013,0.2046,35,132,35,539949,136495,64920,61336,1.0810971359776962,0.31004240993575327
2014,0.2047,38,154,38,540103,136341,64958,61298,1.0798773919655305,0.3101513365277096
2015,0.2048,38,168,38,540271,136173,64996,61260,1.0785467621340767,0.3102824755739922
2016,0.2049,46,127,46,540398,136046,65042,61214,1.0775408693448232,0.3103214032241711
2017,0.205,36,139,36,540537,135907,65078,61178,1.0764399315676088,0.31041428825126216
2018,0.2051,39,153,39,540690,135754,65117,61139,1.0752281079711064,0.31051891128684106
2019,0.2052,45,145,45,540835,135609,65162,61094,1.0740796476999113,0.3105900774263738
2020,0.2053,51,168,51,541003,135441,65213,61043,1.0727490178684578,0.31067669632132894
2021,0.2054,38,139,38,541142,135302,65251,61005,1.0716480800912431,0.3107632432873
2022,0.2055,31,159,31,541301,135143,65282,60974,1.0703887340007603,0.31090624474165934
2023,0.2056,45,154,45,541455,134989,65327,60929,1.0691689899885946,0.310992353943997
2024,0.2057,36,164,36,541619,134825,65363,60893,1.0678700418197946,0.3111262122032721
2025,0.2058,33,163,33,541782,134662,65396,60860,1.0665790140666582,0.31126932007651315
2026,0.2059,32,173,32,541955,134489,65428,60828,1.0652087821568876,0.31143218460246674
2027,0.206,28,142,28,542097,134347,65456,60800,1.0640840831326828,0.31156000348455265
2028,0.2061,40,146,40,542243,134201,65496,60760,1.0629277024458244,0.3116520740045445
2029,0.2062,30,161,30,542404,134040,65526,60730,1.0616525155240146,0.31180366586229913
2030,0.2063,42,158,42,542562,133882,65568,60688,1.0604010898491953,0.3119083106337051
2031,0.2064,37,128,37,542690,133754,65605,60651,1.0593872766442782,0.31198271649391734
2032,0.2065,34,151,34,542841,133603,65639,60617,1.0581912938791027,0.3121048295747091
2033,0.2066,46,126,46,542967,133477,65685,60571,1.0571933215055127,0.31214441787598945
2034,0.2067,45,131,45,543098,133346,65730,60526,1.0561557470536054,0.3121956754972353
2035,0.2068,44,142,44,543240,133204,65774,60482,1.0550310480294005,0.312268310564522
2036,0.2069,33,131,33,543371,133073,65807,60449,1.0539934735774934,0.3123624187430886
2037,0.207,39,153,39,543524,132920,65846,60410,1.052781649980991,0.3124709046707702
2038,0.2071,35,150,35,543674,132770,65881,60375,1.0515935876314788,0.31258898754821507
2039,0.2072,32,152,32,543826,132618,65913,60343,1.05038968445064,0.31272122345966286
2040,0.2073,42,169,42,543995,132449,65955,60301,1.049051134203523,0.3128456549935149
2041,0.2074,50,121,50,544116,132328,66005,60251,1.04809276390825,0.3128638117344051
2042,0.2075,41,132,41,544248,132196,66046,60210,1.0470472690406794,0.3129320291467002
2043,0.2076,29,141,29,544389,132055,66075,60181,1.0459304904321378,0.31305790798809796
2044,0.2077,29,130,29,544519,131925,66104,60152,1.044900836395894,0.31316607402239727
2045,0.2078,45,138,45,544657,131787,66149,60107,1.043807819034343,0.31323022085109486
2046,0.2079,41,164,41,544821,131623,66190,60066,1.042508870865543,0.3133513138469083
2047,0.208,50,130,50,544951,131493,66240,60016,1.0414792168292992,0.313384749541797
2048,0.2081,37,136,37,545087,131357,66277,59979,1.0404020402990748,0.3134747250909395
2049,0.2082,40,164,40,545251,131193,66317,59939,1.039103092130275,0.3136000251135341
2050,0.2083,27,142,27,545393,131051,66344,59912,1.0379783931060702,0.3137361687866236
2051,0.2084,39,136,39,545529,130915,66383,59873,1.036901216575846,0.3138195274335912
2052,0.2085,44,136,44,545665,130779,66427,59829,1.0358240400456216,0.3138850415512465
2053,0.2086,29,118,29,545783,130661,66456,59800,1.0348894309973387,0.31397503950940087
2054,0.2087,44,128,44,545911,130533,66500,59756,1.0338756177924218,0.3140276106343509
2055,0.2088,29,157,29,546068,130376,66529,59727,1.0326321125332658,0.3141823116941868
2056,0.2089,33,162,33,546230,130214,66562,59694,1.0313490051957928,0.3143311498199128
2057,0.209,35,150,35,546380,130064,66597,59659,1.0301609428462806,0.31445317647306864
2058,0.2091,33,126,33,546506,129938,66630,59626,1.0291629704726903,0.31454284568799984
2059,0.2092,33,138,33,546644,129800,66663,59593,1.0280699531111392,0.3146526006768994
2060,0.2093,33,156,33,546800,129644,66696,59560,1.0268343682676466,0.3147924991014989
2061,0.2094,38,156,38,546956,129488,66734,59522,1.025598783424154,0.3149145547854611
2062,0.2095,30,158,30,547114,129330,66764,59492,1.0243473577493347,0.31506921862918513
2063,0.2096,39,143,39,547257,129187,66803,59453,1.0232147383094665,0.3151664546225615
2064,0.2097,34,132,34,547389,129055,66837,59419,1.0221692434418959,0.3152636437917166
2065,0.2098,46,149,46,547538,128906,66883,59373,1.0209891015080472,0.3153458431370466
2066,0.2099,31,115,31,547653,128791,66914,59342,1.0200782537067545,0.3154257892023196
2067,0.21,36,125,36,547778,128666,66950,59306,1.0190882017488279,0.31550443683101737
2068,0.2101,44,142,44,547920,128524,66994,59262,1.017963502724623,0.31558263129306763
2069,0.2102,50,157,50,548077,128367,67044,59212,1.016719997465467,0.3156643334275159
2070,0.2103,36,144,36,548221,128223,67080,59176,1.0155794576099353,0.3157754310321827
2071,0.2104,33,134,33,548355,128089,67113,59143,1.014518121911038,0.3158808323363528
2072,0.2105,39,129,39,548484,127960,67152,59104,1.0134963882904575,0.31595603643672754
2073,0.2106,33,144,33,548628,127816,67185,59071,1.0123558484349258,0.3160786999630793
2074,0.2107,36,134,36,548762,127682,67221,59035,1.0112945127360284,0.31617367459845647
2075,0.2108,34,154,34,548916,127528,67255,59001,1.0100747687238627,0.31631006438677095
2076,0.2109,42,131,42,549047,127397,67297,58959,1.0090371942719554,0.3163783296486295
2077,0.211,39,137,39,549184,127260,67336,58920,1.0079520973260676,0.31646793425717046
2078,0.2111,39,117,39,549301,127143,67375,58881,1.0070254086934483,0.3165236743645981
2079,0.2112,45,147,45,549448,126996,67420,58836,1.0058611075909263,0.31660854965775537
2080,0.2113,34,141,34,549589,126855,67454,58802,1.004744328982385,0.3167238509724923
2081,0.2114,43,130,43,549719,126725,67497,58759,1.0037146749461412,0.3167874318000474
2082,0.2115,30,140,30,549859,126585,67527,58729,1.0026058167532632,0.31691615312388705
2083,0.2116,33,136,33,549995,126449,67560,58696,1.001528640223039,0.3170271949012936
2084,0.2117,29,108,29,550103,126341,67589,58667,1.0006732353313903,0.31710520626135086
2085,0.2118,39,139,39,550242,126202,67628,58628,0.9995722975541756,0.31719958881134014
2086,0.2119,27,127,27,550369,126075,67655,58601,0.9985664047649221,0.31731789729038967
2087,0.212,44,155,44,550524,125920,67699,58557,0.9973387403370929,0.317421684003968
2088,0.2121,27,130,27,550654,125790,67726,58530,0.996309086300849,0.3175455729166667
2089,0.2122,30,165,30,550819,125625,67756,58500,0.9950022177163858,0.31771894093686354
2090,0.2123,37,126,37,550945,125499,67793,58463,0.9940042453427956,0.3177993281221122
2091,0.2124,40,153,40,551098,125346,67833,58423,0.9927924217462932,0.3179154264320968
2092,0.2125,42,137,42,551235,125209,67875,58381,0.9917073248004056,0.31799662290974456
2093,0.2126,39,154,39,551389,125055,67914,58342,0.9904875807882397,0.31811861698937277
2094,0.2127,41,134,41,551523,124921,67955,58301,0.9894262450893423,0.3181986879304887
2095,0.2128,28,146,28,551669,124775,67983,58273,0.9882698644024839,0.3183481928237402
2096,0.2129,34,124,34,551793,124651,68017,58239,0.9872877328602205,0.3184373120454918
2097,0.213,42,137,42,551930,124514,68059,58197,0.9862026359143328,0.31851941043505866
2098,0.2131,31,120,31,552050,124394,68090,58166,0.9852521860347231,0.31861305872042067
2099,0.2132,39,129,39,552179,124265,68129,58127,0.9842304524141426,0.31869270582043074
2100,0.2133,28,144,28,552323,124121,68157,58099,0.9830899125586111,0.3188398639007793
2101,0.2134,35,134,35,552457,123987,68192,58064,0.9820285768597136,0.31894359272950984
2102,0.2135,42,137,42,552594,123850,68234,58022,0.9809434799138259,0.3190265681358318
2103,0.2136,36,125,36,552719,123725,68270,57986,0.9799534279558991,0.3191111160028837
2104,0.2137,45,132,45,552851,123593,68315,57941,0.9789079330883285,0.3191743695395904
2105,0.2138,27,148,27,552999,123445,68342,57914,0.9777357115701432,0.3193334766953942
2106,0.2139,40,154,40,553153,123291,68382,57874,0.9765159675579774,0.3194546407970634
2107,0.214,35,132,35,553285,123159,68417,57839,0.9754704726904068,0.31955601719356014
2108,0.2141,20,115,20,553400,123044,68437,57819,0.9745596248891142,0.3196839596821904
2109,0.2142,31,136,31,553536,122908,68468,57788,0.9734824483588899,0.31980785407535306
2110,0.2143,29,121,29,553657,122787,68497,57759,0.9725240780636167,0.3199129307766442
2111,0.2144,36,154,36,553811,122633,68533,57723,0.971304334051451,0.32005034487347245
2112,0.2145,40,144,40,553955,122489,68573,57683,0.9701637941959194,0.3201551850454011
2113,0.2146,28,116,28,554071,122373,68601,57655,0.9692450259789633,0.3202557379963117
2114,0.2147,43,128,43,554199,122245,68644,57612,0.9682312127740463,0.3203211440199714
2115,0.2148,38,148,38,554347,122097,68682,57574,0.9670589912558611,0.320441250953131
2116,0.2149,28,139,28,554486,121958,68710,57546,0.9659580534786466,0.32058338532846065
2117,0.215,36,129,36,554615,121829,68746,57510,0.9649363198580662,0.3206775994067102
2118,0.2151,45,126,45,554741,121703,68791,57465,0.9639383474844759,0.3207324968744419
2119,0.2152,26,135,26,554876,121568,68817,57439,0.962869091369915,0.3208757199439128
2120,0.2153,47,143,47,555019,121425,68864,57392,0.9617364719300469,0.32095382430082153
2121,0.2154,30,132,30,555151,121293,68894,57362,0.9606909770624762,0.3210769359939548
2122,0.2155,29,135,29,555286,121158,68923,57333,0.9596217209479153,0.32120947274652506
2123,0.2156,43,148,43,555434,121010,68966,57290,0.9584494994297301,0.32131239484015706
2124,0.2157,26,122,26,555556,120888,68992,57264,0.9574832087187936,0.32143338272935473
2125,0.2158,29,127,29,555683,120761,69021,57235,0.95647731592954,0.32155216971167894
2126,0.2159,38,101,38,555784,120660,69059,57197,0.9556773539475352,0.3215898165380052
2127,0.216,31,133,31,555917,120527,69090,57166,0.9546239386643011,0.32171216648939466
2128,0.2161,34,133,34,556050,120394,69124,57132,0.9535705233810671,0.32182328222344897
2129,0.2162,39,133,39,556183,120261,69163,57093,0.952517108097833,0.32191549105179473
2130,0.2163,30,123,30,556306,120138,69193,57063,0.9515428969712331,0.32202414207594765
2131,0.2164,36,139,36,556445,119999,69229,57027,0.9504419591940185,0.3221391208071131
2132,0.2165,27,97,27,556542,119902,69256,57000,0.9496736788746674,0.3222122983346712
2133,0.2166,39,138,39,556680,119764,69295,56961,0.9485806615131163,0.32231433017399913
2134,0.2167,25,134,25,556814,119630,69320,56936,0.9475193258142187,0.32246298834430187
2135,0.2168,33,115,33,556929,119515,69353,56903,0.9466084780129261,0.3225464521760818
2136,0.2169,37,123,37,557052,119392,69390,56866,0.9456342668863262,0.3226293274631506
2137,0.217,29,128,29,557180,119264,69419,56837,0.9446204536814092,0.322752284200544
2138,0.2171,32,158,32,557338,119106,69451,56805,0.9433690280065898,0.32291897607312786
2139,0.2172,33,132,33,557470,118974,69484,56772,0.9423235331390192,0.3230343791608344
2140,0.2173,33,136,33,557606,118838,69517,56739,0.9412463566087949,0.32315736115778265
2141,0.2174,26,114,26,557720,118724,69543,56713,0.9403434292231656,0.32326704173007975
2142,0.2175,40,121,40,557841,118603,69583,56673,0.9393850589278926,0.32333576758940186
2143,0.2176,31,122,31,557963,118481,69614,56642,0.938418768216956,0.3234412384438366
2144,0.2177,21,102,21,558065,118379,69635,56621,0.9376108858192878,0.3235485714285714
2145,0.2178,44,116,44,558181,118263,69679,56577,0.9366921176023317,0.3235929993136582
2146,0.2179,31,124,31,558305,118139,69710,56546,0.9357099860600684,0.32370266479663395
2147,0.218,42,126,42,558431,118013,69752,56504,0.9347120136864783,0.323773615177891
2148,0.2181,29,122,29,558553,117891,69781,56475,0.9337457229755417,0.3238876845256529
2149,0.2182,36,131,36,558684,117760,69817,56439,0.9327081485236345,0.3239915269318423
2150,0.2183,31,130,31,558814,117630,69848,56408,0.9316784944873907,0.32411312471988873
2151,0.2184,26,116,26,558930,117514,69874,56382,0.9307597262704347,0.32422827437088836
2152,0.2185,35,122,35,559052,117392,69909,56347,0.9297934355594981,0.3243198130529127
2153,0.2186,28,117,28,559169,117275,69937,56319,0.9288667469268788,0.3244294157632176
2154,0.2187,41,115,41,559284,117160,69978,56278,0.9279558991255861,0.3244848303140027
2155,0.2188,26,126,26,559410,117034,70004,56252,0.926957926751996,0.3246194153018709
2156,0.2189,37,128,37,559538,116906,70041,56215,0.925944113547079,0.32471508366980323
2157,0.219,34,133,34,559671,116773,70075,56181,0.9248906982638448,0.3248320362639777
2158,0.2191,35,115,35,559786,116658,70110,56146,0.9239798504625523,0.3249114603828615
2159,0.2192,46,111,46,559897,116547,70156,56100,0.9231006843239133,0.32494048549931365
2160,0.2193,29,104,29,560001,116443,70185,56071,0.9222769610949183,0.32502289669244233
2161,0.2194,28,117,28,560118,116326,70213,56043,0.9213502724622988,0.3251338697793687
2162,0.2195,41,133,41,560251,116193,70254,56002,0.9202968571790647,0.3252243096489445
2163,0.2196,28,140,28,560391,116053,70282,55974,0.9191879989861867,0.32537915559766784
2164,0.2197,29,117,29,560508,115936,70311,55945,0.9182613103535674,0.32548681936921475
2165,0.2198,42,117,42,560625,115819,70353,55903,0.9173346217209479,0.3255436111855208
2166,0.2199,25,110,25,560735,115709,70378,55878,0.9164633759979723,0.32565404139008197
2167,0.22,35,119,35,560854,115590,70413,55843,0.9155208465340261,0.32574241832086004
2168,0.2201,44,152,44,561006,115438,70457,55799,0.9143169433531871,0.325858313331815
2169,0.2202,25,123,25,561129,115315,70482,55774,0.9133427322265872,0.3259940732601161
2170,0.2203,31,126,31,561255,115189,70513,55743,0.9123447598529971,0.32611213816020407
2171,0.2204,22,106,22,561361,115083,70535,55721,0.9115051957926752,0.3262277230041451
2172,0.2205,31,128,31,561489,114955,70566,55690,0.9104913825877582,0.3263500249055056
2173,0.2206,31,141,31,561630,114814,70597,55659,0.9093746039792169,0.3264974512092824
2174,0.2207,30,125,30,561755,114689,70627,55629,0.9083845520212901,0.32661844314752403
2175,0.2208,32,109,32,561864,114580,70659,55597,0.907521226713978,0.3267010230524689
2176,0.2209,34,131,34,561995,114449,70693,55563,0.9064836522620707,0.32681810695715596
2177,0.221,39,117,39,562112,114332,70732,55524,0.9055569636294513,0.3268886586284853
2178,0.2211,38,103,38,562215,114229,70770,55486,0.9047411608161197,0.3269363344430369
2179,0.2212,31,116,31,562331,114113,70801,55455,0.9038223925991636,0.3270369409322514
2180,0.2213,44,121,44,562452,113992,70845,55411,0.9028640223038905,0.32709574210610204
2181,0.2214,30,116,30,562568,113876,70875,55381,0.9019452540869345,0.32720064753599554
2182,0.2215,38,134,38,562702,113742,70913,55343,0.900883918388037,0.32730875003696364
2183,0.2216,28,116,28,562818,113626,70941,55315,0.899965150171081,0.32742199939623895
2184,0.2217,32,126,32,562944,113500,70973,55283,0.8989671777974908,0.32753891090927406
2185,0.2218,31,130,31,563074,113370,71004,55252,0.897937523761247,0.3276678013545089
2186,0.2219,26,128,26,563202,113242,71030,55226,0.89692371055633,0.3278129971270508
2187,0.222,41,130,41,563332,113112,71071,55185,0.8958940565200861,0.3279024581543343
2188,0.2221,25,116,25,563448,112996,71096,55160,0.8949752883031301,0.3280287352220557
2189,0.2222,22,135,22,563583,112861,71118,55138,0.8939060321885692,0.3282043345496104
2190,0.2223,36,123,36,563706,112738,71154,55102,0.8929318210619693,0.3283007626310772
2191,0.2224,34,118,34,563824,112620,71188,55068,0.8919972120136864,0.3283955918133677
2192,0.2225,35,138,35,563962,112482,71223,55033,0.8909041946521353,0.3285258036593738
2193,0.2226,38,144,38,564106,112338,71261,54995,0.8897636547966037,0.32865603317934894
2194,0.2227,32,137,32,564243,112201,71293,54963,0.888678557850716,0.3287968701395037
2195,0.2228,39,100,39,564343,112101,71332,54924,0.8878865162843746,0.3288370004490346
2196,0.2229,47,136,47,564479,111965,71379,54877,0.8868093397541503,0.3289159803886312
2197,0.223,32,112,32,564591,111853,71411,54845,0.885922253199848,0.32900814646846394
2198,0.2231,37,110,37,564701,111743,71448,54808,0.8850510074768724,0.3290763790070309
2199,0.2232,35,140,35,564841,111603,71483,54773,0.8839421492839944,0.32921214598259363
2200,0.2233,41,128,41,564969,111475,71524,54732,0.8829283360790774,0.3293002099791224
2201,0.2234,38,113,38,565082,111362,71562,54694,0.8820333291091117,0.3293708146649323
2202,0.2235,41,118,41,565200,111244,71603,54653,0.8810987200608288,0.3294393509225604
2203,0.2236,26,120,26,565320,111124,71629,54627,0.8801482701812191,0.32957267226140413
2204,0.2237,35,105,35,565425,111019,71664,54592,0.8793166265365606,0.3296399393760076
2205,0.2238,38,123,38,565548,110896,71702,54554,0.8783424154099607,0.32973103656693864
2206,0.2239,46,133,46,565681,110763,71748,54508,0.8772890001267266,0.32980982749544685
2207,0.224,28,148,28,565829,110615,71776,54480,0.8761167786085414,0.3299918228898513
2208,0.2241,39,127,39,565956,110488,71815,54441,0.8751108858192878,0.3300874921936106
2209,0.2242,36,126,36,566082,110362,71851,54405,0.8741129134456976,0.33019354603773815
2210,0.2243,20,114,20,566196,110248,71871,54385,0.8732099860600684,0.33034081866940407
2211,0.2244,35,106,35,566302,110142,71906,54350,0.8723704219997466,0.33041120540816576
2212,0.2245,34,117,34,566419,110025,71940,54316,0.8714437333671271,0.33050790733900853
2213,0.2246,31,105,31,566524,109920,71971,54285,0.8706120897224686,0.33059285649036263
2214,0.2247,37,141,37,566665,109779,72008,54248,0.8694953111139273,0.33072603900577346
2215,0.2248,36,102,36,566767,109677,72044,54212,0.868687428716259,0.33078486048484035
2216,0.2249,29,114,29,566881,109563,72073,54183,0.8677845013306298,0.33089663258949836
2217,0.225,27,114,27,566995,109449,72100,54156,0.8668815739450006,0.3310167782158247
2218,0.2251,23,91,23,567086,109358,72123,54133,0.8661608161196299,0.33110691108379053
2219,0.2252,39,107,39,567193,109251,72162,54094,0.8653133316436447,0.331164100523432
2220,0.2253,38,122,38,567315,109129,72200,54056,0.8643470409327082,0.3312559365137727
2221,0.2254,30,100,30,567415,109029,72230,54026,0.8635549993663667,0.3313360522523075
2222,0.2255,39,126,39,567541,108903,72269,53987,0.8625570269927766,0.331432254895942
2223,0.2256,37,105,37,567646,108798,72306,53950,0.8617253833481181,0.33149408902106325
2224,0.2257,29,112,29,567758,108686,72335,53921,0.8608382967938157,0.3316031905145535
2225,0.2258,37,120,37,567878,108566,72372,53884,0.859887846914206,0.33169590643274854
2226,0.2259,29,95,29,567973,108471,72401,53855,0.8591354074261818,0.3317706344023755
2227,0.226,35,112,35,568085,108359,72436,53820,0.8582483208718794,0.3318555423328544
2228,0.2261,33,96,33,568181,108263,72469,53787,0.8574879609681916,0.33191607528540573
2229,0.2262,34,126,34,568307,108137,72503,53753,0.8564899885946015,0.33203409722651184
2230,0.2263,37,95,37,568402,108042,72540,53716,0.8557375491065771,0.33207631152709605
2231,0.2264,28,119,28,568521,107923,72568,53688,0.8547950196426308,0.3322051098006943
2232,0.2265,37,102,37,568623,107821,72605,53651,0.8539871372449627,0.33226194015061433
2233,0.2266,33,110,33,568733,107711,72638,53618,0.8531158915219871,0.3323519020138971
2234,0.2267,25,116,25,568849,107595,72663,53593,0.8521971233050311,0.33248753008908855
2235,0.2268,30,111,30,568960,107484,72693,53563,0.8513179571663921,0.33259234881742594
2236,0.2269,43,126,43,569086,107358,72736,53520,0.8503199847928019,0.33267444896132475
2237,0.227,40,120,40,569206,107238,72776,53480,0.8493695349131922,0.33275675406612826
2238,0.2271,32,124,32,569330,107114,72808,53448,0.8483874033709289,0.332880756343344
2239,0.2272,28,91,28,569421,107023,72836,53420,0.8476666455455583,0.332953136004687
2240,0.2273,37,129,37,569550,106894,72873,53383,0.8466449119249778,0.33306712753545425
2241,0.2274,37,107,37,569657,106787,72910,53346,0.8457974274489926,0.33313558104825364
2242,0.2275,31,128,31,569785,106659,72941,53315,0.8447836142440756,0.3332729068473627
2243,0.2276,33,129,33,569914,106530,72974,53282,0.8437618806234951,0.33340424999374263
2244,0.2277,37,121,37,570035,106409,73011,53245,0.842803510328222,0.33350244904606213
2245,0.2278,27,111,27,570146,106298,73038,53218,0.8419243441895831,0.33362170565962035
2246,0.2279,26,97,26,570243,106201,73064,53192,0.8411560638702319,0.3337160352085725
2247,0.228,35,106,35,570349,106095,73099,53157,0.8403164998099101,0.33379172632054854
2248,0.2281,34,119,34,570468,105976,73133,53123,0.8393739703459637,0.3338990188498985
2249,0.2282,28,119,28,570587,105857,73161,53095,0.8384314408820175,0.3340316573556797
2250,0.2283,30,120,30,570707,105737,73191,53065,0.8374809910024078,0.33415825997153686
2251,0.2284,19,102,19,570809,105635,73210,53046,0.8366731086047395,0.3342933306445006
2252,0.2285,34,95,34,570904,105540,73244,53012,0.8359206691167153,0.3343508754225743
2253,0.2286,38,133,38,571037,105407,73282,52974,0.8348672538334811,0.3344719379218467
2254,0.2287,29,117,29,571154,105290,73311,52945,0.8339405652008618,0.33459727620311563
2255,0.2288,31,112,31,571266,105178,73342,52914,0.8330534786465593,0.33470384333173087
2256,0.2289,34,110,34,571376,105068,73376,52880,0.8321822329235838,0.3347937295818877
2257,0.229,26,112,26,571488,104956,73402,52854,0.8312951463692815,0.3349217413345162
2258,0.2291,44,141,44,571629,104815,73446,52810,0.83017836776074,0.335035685963521
2259,0.2292,32,117,32,571746,104698,73478,52778,0.8292516791281206,0.3351494830958368
2260,0.2293,41,108,41,571854,104590,73519,52737,0.8283962742364719,0.335206290083711
2261,0.2294,35,118,35,571972,104472,73554,52702,0.8274616651881891,0.33530991130848614
2262,0.2295,28,119,28,572091,104353,73582,52674,0.8265191357242428,0.33544549663433676
2263,0.2296,42,95,42,572186,104258,73624,52632,0.8257666962362185,0.3354707119637963
2264,0.2297,32,126,32,572312,104132,73656,52600,0.8247687238626283,0.33560472653957074
2265,0.2298,42,103,42,572415,104029,73698,52558,0.8239529210492966,0.33564727595521976
2266,0.2299,36,117,36,572532,103912,73734,52522,0.8230262324166773,0.33574542618612324
2267,0.23,32,104,32,572636,103808,73766,52490,0.8222025091876821,0.3358328321539623
2268,0.2301,24,124,24,572760,103684,73790,52466,0.8212203776454189,0.33599743836055074
2269,0.2302,31,111,31,572871,103573,73821,52435,0.8203412115067799,0.33610455874057743
2270,0.2303,42,92,42,572963,103481,73863,52393,0.8196125332657458,0.33612404891130016
2271,0.2304,34,108,34,573071,103373,73897,52359,0.8187571283740971,0.3362122107209822
2272,0.2305,40,112,40,573183,103261,73937,52319,0.8178700418197947,0.3362835840082273
2273,0.2306,42,119,42,573302,103142,73979,52277,0.8169275123558485,0.33636170609771004
2274,0.2307,32,111,32,573413,103031,74011,52245,0.8160483462172095,0.33646539065921327
2275,0.2308,31,122,31,573535,102909,74042,52214,0.815082055506273,0.3365974097973866
2276,0.2309,34,102,34,573637,102807,74076,52180,0.8142741731086047,0.3366733984140605
2277,0.231,30,116,30,573753,102691,74106,52150,0.8133554048916487,0.336797101542873
2278,0.2311,28,120,28,573873,102571,74134,52122,0.812404955012039,0.33693832300104076
2279,0.2312,30,98,30,573971,102473,74164,52092,0.8116287542770244,0.3370232588231488
2280,0.2313,21,112,21,574083,102361,74185,52071,0.810741667722722,0.337177527973477
2281,0.2314,29,113,29,574196,102248,74214,52042,0.8098466607527564,0.33729988981787545
2282,0.2315,36,103,36,574299,102145,74250,52006,0.8090308579394246,0.33737050035354943
2283,0.2316,35,87,35,574386,102058,74285,51971,0.8083417817767077,0.3374104876354453
2284,0.2317,38,114,38,574500,101944,74323,51933,0.8074388543910784,0.337496831885207
2285,0.2318,39,94,39,574594,101850,74362,51894,0.8066943353187175,0.33753512332188573
2286,0.2319,41,130,41,574724,101720,74403,51853,0.8056646812824737,0.3376439868987387
2287,0.232,27,108,27,574832,101612,74430,51826,0.804809276390825,0.33776509078585487
2288,0.2321,39,112,39,574944,101500,74469,51787,0.8039221898365226,0.33784339180752443
2289,0.2322,35,130,35,575074,101370,74504,51752,0.8028925358002788,0.3379788665247319
2290,0.2323,32,85,32,575159,101285,74536,51720,0.8022193004688886,0.3380281690140845
2291,0.2324,31,106,31,575265,101179,74567,51689,0.8013797364085667,0.33812831985765496
2292,0.2325,25,116,25,575381,101063,74592,51664,0.8004609681916107,0.338276794541895
2293,0.2326,23,97,23,575478,100966,74615,51641,0.7996926878722596,0.338392079000308
2294,0.2327,32,109,32,575587,100857,74647,51609,0.7988293625649474,0.33849513990004326
2295,0.2328,37,105,37,575692,100752,74684,51572,0.7979977189202889,0.3385677897114046
2296,0.2329,26,98,26,575790,100654,74710,51546,0.7972215181852743,0.33867279894875163
2297,0.233,32,94,32,575884,100560,74742,51514,0.7964769991129135,0.3387429803911254
2298,0.2331,26,100,26,575984,100460,74768,51488,0.7956849575465721,0.33885276541974885
2299,0.2332,32,99,32,576083,100361,74800,51456,0.794900836395894,0.338934374938248
2300,0.2333,27,93,27,576176,100268,74827,51429,0.7941642377391965,0.33902450279174934
2301,0.2334,27,110,27,576286,100158,74854,51402,0.793292992016221,0.3391528107680127
2302,0.2335,23,109,23,576395,100049,74877,51379,0.7924296667089089,0.33929656338325803
2303,0.2336,26,106,26,576501,99943,74903,51353,0.791590102648587,0.33942073815566837
2304,0.2337,30,114,30,576615,99829,74933,51323,0.7906871752629578,0.33954562294908436
2305,0.2338,31,83,31,576698,99746,74964,51292,0.7900297807628944,0.33959665779472714
2306,0.2339,38,87,38,576785,99659,75002,51254,0.7893407046001775,0.3396261422143884
2307,0.234,21,115,21,576900,99544,75023,51233,0.7884298567988848,0.339793204533848
2308,0.2341,24,93,24,576993,99451,75047,51209,0.7876932581421873,0.33989778308774726
2309,0.2342,26,115,26,577108,99336,75073,51183,0.7867824103408947,0.340043449664162
2310,0.2343,31,96,31,577204,99240,75104,51152,0.786022050437207,0.3401244747061014
2311,0.2344,27,95,27,577299,99145,75131,51125,0.7852696109491826,0.34022093564916484
2312,0.2345,27,114,27,577413,99031,75158,51098,0.7843666835635534,0.3403606231973836
2313,0.2346,22,97,22,577510,98934,75180,51076,0.7835984032442023,0.3404839677354843
2314,0.2347,18,109,18,577619,98825,75198,51058,0.7827350779368901,0.34065237551957195
2315,0.2348,32,97,32,577716,98728,75230,51026,0.781966797617539,0.34073213403314767
2316,0.2349,32,100,32,577816,98628,75262,50994,0.7811747560511976,0.340818863536111
2317,0.235,24,107,24,577923,98521,75286,50970,0.7803272715752123,0.3409569806878006
2318,0.2351,24,97,24,578020,98424,75310,50946,0.7795589912558611,0.3410725045189797
2319,0.2352,31,110,31,578130,98314,75341,50915,0.7786877455328856,0.3411870346916484
2320,0.2353,29,106,29,578236,98208,75370,50886,0.7778481814725636,0.34130146082337315
2321,0.2354,32,126,32,578362,98082,75402,50854,0.7768502090989735,0.3414486759413439
2322,0.2355,32,107,32,578469,97975,75434,50822,0.7760027246229882,0.34155258506555913
2323,0.2356,34,96,34,578565,97879,75468,50788,0.7752423647193004,0.34162255241580175
2324,0.2357,25,105,25,578670,97774,75493,50763,0.774410721074642,0.34175323320115525
2325,0.2358,40,98,40,578768,97676,75533,50723,0.7736345203396274,0.341801494619236
2326,0.2359,28,109,28,578877,97567,75561,50695,0.7727711950323153,0.3419284779646841
2327,0.236,34,114,34,578991,97453,75595,50661,0.7718682676466861,0.3420405903560771
2328,0.2361,35,133,35,579124,97320,75630,50626,0.770814852363452,0.34219242155921753
2329,0.2362,25,96,25,579220,97224,75655,50601,0.7700544924597643,0.34230339928970066
2330,0.2363,30,108,30,579328,97116,75685,50571,0.7691990875681156,0.3424201182229986
2331,0.2364,33,93,33,579421,97023,75718,50538,0.7684624889114181,0.3424888690101043
2332,0.2365,29,113,29,579534,96910,75747,50509,0.7675674819414523,0.34262205007495644
2333,0.2366,31,112,31,579646,96798,75778,50478,0.7666803953871499,0.34274423531328935
2334,0.2367,27,101,27,579747,96697,75805,50451,0.7658804334051451,0.3428588903688803
2335,0.2368,30,105,30,579852,96592,75835,50421,0.7650487897604866,0.34296966934896916
2336,0.2369,33,90,33,579942,96502,75868,50388,0.7643359523507793,0.3430322009667098
2337,0.237,38,124,38,580066,96378,75906,50350,0.763353820808516,0.34315195463715176
2338,0.2371,20,106,20,580172,96272,75926,50330,0.7625142567481942,0.3433104596117379
2339,0.2372,38,103,38,580275,96169,75964,50292,0.7616984539348625,0.3433815145328791
2340,0.2373,28,117,28,580392,96052,75992,50264,0.7607717653022431,0.3435304409633943
2341,0.2374,36,105,36,580497,95947,76028,50228,0.7599401216575846,0.343615529331281
2342,0.2375,19,98,19,580595,95849,76047,50209,0.75916392092257,0.3437606978049816
2343,0.2376,28,102,28,580697,95747,76075,50181,0.7583560385249017,0.3438750616742503
2344,0.2377,33,115,33,580812,95632,76108,50148,0.7574451907236092,0.3439978049115105
2345,0.2378,36,92,36,580904,95540,76144,50112,0.7567165124825751,0.34405294812292314
2346,0.2379,16,90,16,580994,95450,76160,50096,0.7560036750728678,0.3441935882813681
2347,0.238,24,95,24,581089,95355,76184,50072,0.7552512355848435,0.3443102037448342
2348,0.2381,35,95,35,581184,95260,76219,50037,0.7544987960968191,0.34437737874835683
2349,0.2382,30,111,30,581295,95149,76249,50007,0.7536196299581802,0.3445052219680895
2350,0.2383,25,101,25,581396,95048,76274,49982,0.7528196679761754,0.3446321450734331
2351,0.2384,32,87,32,581483,94961,76306,49950,0.7521305918134583,0.34469432962301
2352,0.2385,34,106,34,581589,94855,76340,49916,0.7512910277531365,0.3447928107148531
2353,0.2386,33,83,33,581672,94772,76373,49883,0.7506336332530731,0.3448411738273824
2354,0.2387,31,86,31,581758,94686,76404,49852,0.7499524775060196,0.34490583791113755
2355,0.2388,32,90,32,581848,94596,76436,49820,0.7492396400963123,0.34497562596942166
2356,0.2389,32,85,32,581933,94511,76468,49788,0.7485664047649221,0.3450335761162586
2357,0.239,24,101,24,582034,94410,76492,49764,0.7477664427829173,0.345166257438928
2358,0.2391,23,96,23,582130,94314,76515,49741,0.7470060828792295,0.34529172885356285
2359,0.2392,26,125,26,582255,94189,76541,49715,0.7460160309213028,0.3454733711363131
2360,0.2393,36,97,36,582352,94092,76577,49679,0.7452477506019516,0.34554256421670576
2361,0.2394,29,72,29,582424,94020,76606,49650,0.7446774806741858,0.34558362915013574
2362,0.2395,29,94,29,582518,93926,76635,49621,0.7439329616018249,0.34567772227911414
2363,0.2396,28,95,28,582613,93831,76663,49593,0.7431805221138005,0.34577894912985274
2364,0.2397,30,104,30,582717,93727,76693,49563,0.7423567988848054,0.345892944378533
2365,0.2398,32,84,32,582801,93643,76725,49531,0.7416914839690787,0.34594968360177125
2366,0.2399,36,101,36,582902,93542,76761,49495,0.7408915219870739,0.34602934904954663
2367,0.24,34,104,34,583006,93438,76795,49461,0.7400677987580788,0.34612558520353537
2368,0.2401,34,83,34,583089,93355,76829,49427,0.7394104042580154,0.34617108599123136
2369,0.2402,30,94,30,583183,93261,76859,49397,0.7386658851856546,0.34626168879417907
2370,0.2403,49,109,49,583292,93152,76908,49348,0.7378025598783424,0.3463017543859649
2371,0.2404,23,95,23,583387,93057,76931,49325,0.737050120390318,0.34642721692348755
2372,0.2405,28,97,28,583484,92960,76959,49297,0.736281840070967,0.3465347926639814
2373,0.2406,24,102,24,583586,92858,76983,49273,0.7354739576732987,0.3466731395684263
2374,0.2407,32,80,32,583666,92778,77015,49241,0.7348403244202256,0.3467212133587759
2375,0.2408,29,83,29,583749,92695,77044,49212,0.7341829299201622,0.3467905036397077
2376,0.2409,23,101,23,583850,92594,77067,49189,0.7333829679381574,0.346931578539035
2377,0.241,33,98,33,583948,92496,77100,49156,0.7326067672031428,0.34701945613192897
2378,0.2411,34,102,34,584050,92394,77134,49122,0.7317988848054746,0.34711269397099975
2379,0.2412,28,93,28,584143,92301,77162,49094,0.7310622861487771,0.3472117118709997
2380,0.2413,35,99,35,584242,92202,77197,49059,0.730278164998099,0.34729330813175613
2381,0.2414,37,97,37,584339,92105,77234,49022,0.7295098846787479,0.34736088771106877
2382,0.2415,26,68,26,584407,92037,77260,48996,0.7289712964136358,0.3474080534343026
2383,0.2416,41,103,41,584510,91934,77301,48955,0.7281554936003042,0.3474721234446976
2384,0.2417,31,109,31,584619,91825,77332,48924,0.727292168292992,0.3475974962521936
2385,0.2418,32,115,32,584734,91710,77364,48892,0.7263813204916995,0.34773331816048136
2386,0.2419,20,102,20,584836,91608,77384,48872,0.7255734380940312,0.34789293849658315
2387,0.242,40,95,40,584931,91513,77424,48832,0.7248209986060068,0.34794257009512275
2388,0.2421,21,90,21,585021,91423,77445,48811,0.7241081611962996,0.3480682288175478
2389,0.2422,35,108,35,585129,91315,77480,48776,0.7232527563046509,0.3481736871033828
2390,0.2423,36,106,36,585235,91209,77516,48740,0.722413192244329,0.34826972682905916
2391,0.2424,23,84,23,585319,91125,77539,48717,0.7217478773286022,0.34837173381387565
2392,0.2425,32,101,32,585420,91024,77571,48685,0.7209479153465974,0.3484743287833998
2393,0.2426,28,101,28,585521,90923,77599,48657,0.7201479533645926,0.34859578736208624
2394,0.2427,26,105,26,585626,90818,77625,48631,0.7193163097199341,0.3487368141757919
2395,0.2428,33,105,33,585731,90713,77658,48598,0.7184846660752756,0.34884538909346713
2396,0.2429,23,87,23,585818,90626,77681,48575,0.7177955899125587,0.3489558264667639
2397,0.243,36,89,36,585907,90537,77717,48539,0.7170906729185148,0.349010612902298
2398,0.2431,21,103,21,586010,90434,77738,48518,0.7162748701051831,0.3491709367263515
2399,0.2432,18,88,18,586098,90346,77756,48500,0.7155778735268027,0.3493078662691039
2400,0.2433,25,89,25,586187,90257,77781,48475,0.7148729565327588,0.349414698843814
2401,0.2434,28,90,28,586277,90167,77809,48447,0.7141601191230516,0.3495101504898495
2402,0.2435,24,94,24,586371,90073,77833,48423,0.7134156000506907,0.3496346464879852
2403,0.2436,26,83,26,586454,89990,77859,48397,0.7127582055506273,0.34972215598285966
2404,0.2437,41,80,41,586534,89910,77900,48356,0.7121245722975542,0.3497316766233203
2405,0.2438,29,79,29,586613,89831,77929,48327,0.7114988594601445,0.3497951620608289
2406,0.2439,25,82,25,586695,89749,77954,48302,0.7108493853757445,0.3498851873582951
2407,0.244,29,91,29,586786,89658,77983,48273,0.7101286275503739,0.3499793374948344
2408,0.2441,36,96,36,586882,89562,78019,48237,0.7093682676466861,0.350053338558335
2409,0.2442,35,93,35,586975,89469,78054,48202,0.7086316689899886,0.35012457235002287
2410,0.2443,16,96,16,587071,89373,78070,48186,0.7078713090863008,0.3502933286807842
2411,0.2444,28,100,28,587171,89273,78098,48158,0.7070792675199594,0.3504158450422394
2412,0.2445,26,98,26,587269,89175,78124,48132,0.7063030667849449,0.3505429439140029
2413,0.2446,33,107,33,587376,89068,78157,48099,0.7054555823089596,0.3506601442037808
2414,0.2447,27,82,27,587458,88986,78184,48072,0.7048061082245596,0.35074202162588103
2415,0.2448,44,86,44,587544,88900,78228,48028,0.7041249524775061,0.35075368076653424
2416,0.2449,25,103,25,587647,88797,78253,48003,0.7033091496641743,0.3508991228070175
2417,0.245,25,103,25,587750,88694,78278,47978,0.7024933468508427,0.3510448372746429
2418,0.2451,36,81,36,587831,88613,78314,47942,0.7018517931821062,0.35108198161912785
2419,0.2452,29,82,29,587913,88531,78343,47913,0.7012023190977063,0.3511550526223212
2420,0.2453,31,84,31,587997,88447,78374,47882,0.7005370041819795,0.3512238775315597
2421,0.2454,35,97,35,588094,88350,78409,47847,0.6997687238626283,0.35130729751756645
2422,0.2455,41,86,41,588180,88264,78450,47806,0.6990875681155747,0.3513338722716249
2423,0.2456,27,85,27,588265,88179,78477,47779,0.6984143327841845,0.3514247046882125
2424,0.2457,25,93,25,588358,88086,78502,47754,0.697677734127487,0.3515459363957597
2425,0.2458,34,109,34,588467,87977,78536,47720,0.6968144088201749,0.3516658437548361
2426,0.2459,38,94,38,588561,87883,78574,47682,0.6960698897478139,0.3517279533802973
2427,0.246,29,92,29,588653,87791,78603,47653,0.6953412115067799,0.3518280617819911
2428,0.2461,31,85,31,588738,87706,78634,47622,0.6946679761753897,0.35190056751004967
2429,0.2462,28,64,28,588802,87642,78662,47594,0.6941610695729312,0.35193291727054926
2430,0.2463,29,101,29,588903,87541,78691,47565,0.6933611075909264,0.3520569034683878
2431,0.2464,32,101,32,589004,87440,78723,47533,0.6925611456089216,0.35216672964222473
2432,0.2465,32,95,32,589099,87345,78755,47501,0.6918087061208972,0.3522610978449491
2433,0.2466,40,92,40,589191,87253,78795,47461,0.6910800278798631,0.3523093368172573
2434,0.2467,33,120,33,589311,87133,78828,47428,0.6901295780002534,0.35246468144558973
2435,0.2468,22,86,22,589397,87047,78850,47406,0.6894484222531998,0.35258417439551365
2436,0.2469,31,74,31,589471,86973,78881,47375,0.6888623114941073,0.3526289933605264
2437,0.247,21,87,21,589558,86886,78902,47354,0.6881732353313902,0.35275625744934447
2438,0.2471,42,88,42,589646,86798,78944,47312,0.6874762387530098,0.3527850272164641
2439,0.2472,33,98,33,589744,86700,78977,47279,0.6867000380179952,0.3528836608722262
2440,0.2473,36,86,36,589830,86614,79013,47243,0.6860188822709415,0.35293634251477324
2441,0.2474,26,81,26,589911,86533,79039,47217,0.685377328602205,0.35302429906542054
2442,0.2475,26,106,26,590017,86427,79065,47191,0.6845377645418832,0.35317846397940394
2443,0.2476,30,92,30,590109,86335,79095,47161,0.683809086300849,0.3532765026667466
2444,0.2477,29,94,29,590203,86241,79124,47132,0.6830645672284882,0.3533848680017695
2445,0.2478,25,78,25,590281,86163,79149,47107,0.6824467748067419,0.35347039843925865
2446,0.2479,25,87,25,590368,86076,79174,47082,0.6817576986440248,0.3535799576443023
2447,0.248,34,96,34,590464,85980,79208,47048,0.6809973387403371,0.353669904080344
2448,0.2481,30,85,30,590549,85895,79238,47018,0.6803241034089469,0.3537501974976112
2449,0.2482,35,90,35,590639,85805,79273,46983,0.6796112659992396,0.35381962225502306
2450,0.2483,31,95,31,590734,85710,79304,46952,0.6788588265112153,0.3539219972561849
2451,0.2484,29,93,29,590827,85617,79333,46923,0.6781222278545178,0.35402897238569486
2452,0.2485,23,84,23,590911,85533,79356,46900,0.6774569129387911,0.35414133939425974
2453,0.2486,27,80,27,590991,85453,79383,46873,0.6768232796857179,0.3542236597494068
2454,0.2487,35,68,35,591059,85385,79418,46838,0.6762846914206058,0.3542348910552627
2455,0.2488,39,89,39,591148,85296,79457,46799,0.6755797744265619,0.35428290245656535
2456,0.2489,34,66,34,591214,85230,79491,46765,0.6750570269927766,0.3542937232470927
2457,0.249,30,100,30,591314,85130,79521,46735,0.6742649854264352,0.354415500701475
2458,0.2491,30,79,30,591393,85051,79551,46705,0.6736392725890255,0.3544810103524697
2459,0.2492,31,89,31,591482,84962,79582,46674,0.6729343555949816,0.35456865902944484
2460,0.2493,25,89,25,591571,84873,79607,46649,0.6722294386009378,0.3546859080610088
2461,0.2494,26,104,26,591675,84769,79633,46623,0.6714057153719427,0.35483895518753045
2462,0.2495,28,89,28,591764,84680,79661,46595,0.6707007983778989,0.35494191582555706
2463,0.2496,18,91,18,591855,84589,79679,46577,0.6699800405525282,0.35509964472500494
2464,0.2497,31,99,31,591954,84490,79710,46546,0.6691959194018502,0.3552153606642449
2465,0.2498,28,86,28,592040,84404,79738,46518,0.6685147636547966,0.3553107957409755
2466,0.2499,28,107,28,592147,84297,79766,46490,0.6676672791788113,0.35546346349407815
2467,0.25,31,91,31,592238,84206,79797,46459,0.6669465213534407,0.3555581066085027
2468,0.2501,34,90,34,592328,84116,79831,46425,0.6662336839437334,0.355635394243954
2469,0.2502,34,80,34,592408,84036,79865,46391,0.6656000506906602,0.35568555590483564
2470,0.2503,29,94,29,592502,83942,79894,46362,0.6648555316182994,0.3557987475442043
2471,0.2504,36,72,36,592574,83870,79930,46326,0.6642852616905335,0.3558173830225199
2472,0.2505,30,88,30,592662,83782,79960,46296,0.6635882651121531,0.3559095312043543
2473,0.2506,29,78,29,592740,83704,79989,46267,0.6629704726904068,0.35597941079163814
2474,0.2507,19,77,19,592817,83627,80008,46248,0.6623606006843239,0.3560962463907604
2475,0.2508,26,85,26,592902,83542,80034,46222,0.6616873653529337,0.35620048703800744
2476,0.2509,44,100,44,593002,83442,80078,46178,0.6608953237865923,0.3562567505014658
2477,0.251,25,84,25,593086,83358,80103,46153,0.6602300088708656,0.35636355213070703
2478,0.2511,34,89,34,593175,83269,80137,46119,0.6595250918768217,0.356439546171206
2479,0.2512,26,101,26,593276,83168,80163,46093,0.6587251298948169,0.3565886075459729
2480,0.2513,32,77,32,593353,83091,80195,46061,0.658115257888734,0.3566417864222002
2481,0.2514,28,83,28,593436,83008,80223,46033,0.6574578633886706,0.35673158143535777
2482,0.2515,22,81,22,593517,82927,80245,46011,0.6568163097199341,0.3568459259489057
2483,0.2516,29,85,29,593602,82842,80274,45982,0.6561430743885439,0.356936595665404
2484,0.2517,27,81,27,593683,82761,80301,45955,0.6555015207198074,0.3570263215140309
2485,0.2518,20,99,20,593782,82662,80321,45935,0.6547173995691293,0.35720117887664565
2486,0.2519,34,93,34,593875,82569,80355,45901,0.6539808009124319,0.35728963960457694
2487,0.252,33,89,33,593964,82480,80388,45868,0.6532758839183881,0.35737214448218907
2488,0.2521,30,89,30,594053,82391,80418,45838,0.6525709669243442,0.3574698391159566
2489,0.2522,31,85,31,594138,82306,80449,45807,0.6518977315929539,0.35755153653415345
2490,0.2523,18,82,18,594220,82224,80467,45789,0.6512482575085541,0.3576902345855499
2491,0.2524,31,75,31,594295,82149,80498,45758,0.650654226333798,0.35774429859194573
2492,0.2525,36,73,36,594368,82076,80534,45722,0.6500760359903688,0.3577677271944788
2493,0.2526,31,94,31,594462,81982,80565,45691,0.6493315169180078,0.3578751967918041
2494,0.2527,28,99,28,594561,81883,80593,45663,0.6485473957673299,0.35801201135276683
2495,0.2528,28,77,28,594638,81806,80621,45635,0.647937523761247,0.35808727175712685
2496,0.2529,33,81,33,594719,81725,80654,45602,0.6472959700925105,0.35814870373133745
2497,0.253,41,75,41,594794,81650,80695,45561,0.6467019389177544,0.3581529899143942
2498,0.2531,15,80,15,594874,81570,80710,45546,0.6460683056646813,0.3583026526951761
2499,0.2532,28,82,28,594956,81488,80738,45518,0.6454188315802813,0.3583925168889659
2500,0.2533,28,98,28,595054,81390,80766,45490,0.6446426308452667,0.35852774274905425
2501,0.2534,20,84,20,595138,81306,80786,45470,0.64397731592954,0.358664100460655
2502,0.2535,31,85,31,595223,81221,80817,45439,0.6433040805981498,0.35874782883309647
2503,0.2536,18,82,18,595305,81139,80835,45421,0.6426546065137498,0.3588890644753477
2504,0.2537,21,77,21,595382,81062,80856,45400,0.642044734507667,0.3590011228669482
2505,0.2538,37,58,37,595440,81004,80893,45363,0.641585350399189,0.35897821424897325
2506,0.2539,31,82,31,595522,80922,80924,45332,0.640935876314789,0.3590539705672692
2507,0.254,21,90,21,595612,80832,80945,45311,0.6402230389050817,0.3592034437107093
2508,0.2541,30,92,30,595704,80740,80975,45281,0.6394943606640476,0.35931313035129064
2509,0.2542,26,78,26,595782,80662,81001,45255,0.6388765682423013,0.35940341653628977
2510,0.2543,36,89,36,595871,80573,81037,45219,0.6381716512482575,0.3594743703892139
2511,0.2544,21,75,21,595946,80498,81058,45198,0.6375776200735015,0.3595818482688391
2512,0.2545,26,83,26,596029,80415,81084,45172,0.6369202255734381,0.359686910269375
2513,0.2546,26,96,26,596125,80319,81110,45146,0.6361598656697504,0.35982943450364646
2514,0.2547,22,74,22,596199,80245,81132,45124,0.6355737549106577,0.3599294881509783
2515,0.2548,27,61,27,596260,80184,81159,45097,0.6350906095551895,0.35996679464563663
2516,0.2549,31,87,31,596347,80097,81190,45066,0.6344015333924724,0.36005848373720667
2517,0.255,36,87,36,596434,80010,81226,45030,0.6337124572297554,0.3601247600767754
2518,0.2551,30,85,30,596519,79925,81256,45000,0.6330392218983653,0.3602161296778067
2519,0.2552,19,89,19,596608,79836,81275,44981,0.6323343049043214,0.3603755898635603
2520,0.2553,27,80,27,596688,79756,81302,44954,0.6317006716512482,0.36046828642450485
2521,0.2554,32,83,32,596771,79673,81334,44922,0.6310432771511849,0.3605441630884064
2522,0.2555,25,79,25,596850,79594,81359,44897,0.6304175643137752,0.3606445445855524
2523,0.2556,32,80,32,596930,79514,81391,44865,0.6297839310607021,0.3607120173019561
2524,0.2557,22,80,22,597010,79434,81413,44843,0.629150297807629,0.360831046774544
2525,0.2558,31,69,31,597079,79365,81444,44812,0.6286037891268533,0.36087198112371854
2526,0.2559,24,81,24,597160,79284,81468,44788,0.6279622354581168,0.3609839448062415
2527,0.256,30,90,30,597250,79194,81498,44758,0.6272493980484096,0.3610913902155673
2528,0.2561,28,103,28,597353,79091,81526,44730,0.6264335952350779,0.36124728438633186
2529,0.2562,26,62,26,597415,79029,81552,44704,0.6259425294639462,0.36129407676206027
2530,0.2563,42,66,42,597481,78963,81594,44662,0.6254197820301609,0.3612699696663296
2531,0.2564,27,95,27,597576,78868,81621,44635,0.6246673425421366,0.3614082249014194
2532,0.2565,26,73,26,597649,78795,81647,44609,0.6240891521987074,0.3614874720430456
2533,0.2566,24,84,24,597733,78711,81671,44585,0.6234238372829806,0.36160946016091355
2534,0.2567,24,77,24,597810,78634,81695,44561,0.6228139652768977,0.36171110840537357
2535,0.2568,34,78,34,597888,78556,81729,44527,0.6221961728551514,0.361764012901863
2536,0.2569,33,72,33,597960,78484,81762,44494,0.6216259029273856,0.36180455040738996
2537,0.257,28,75,28,598035,78409,81790,44466,0.6210318717526295,0.3618799593082401
2538,0.2571,16,83,16,598118,78326,81806,44450,0.6203744772525662,0.36204144132403726
2539,0.2572,35,75,35,598193,78251,81841,44415,0.6197804460778101,0.3620807721781097
2540,0.2573,24,72,24,598265,78179,81865,44391,0.6192101761500444,0.36216855674308557
2541,0.2574,27,66,27,598331,78113,81892,44364,0.618687428716259,0.36222311127803586
2542,0.2575,31,88,31,598419,78025,81923,44333,0.6179904321378786,0.3623220386080191
2543,0.2576,22,70,22,598489,77955,81945,44311,0.6174360030414396,0.3624147350857965
2544,0.2577,28,83,28,598572,77872,81973,44283,0.6167786085413762,0.36251483770619297
2545,0.2578,25,85,25,598657,77787,81998,44258,0.616105373209986,0.3626367323528207
2546,0.2579,31,72,31,598729,77715,82029,44227,0.6155351032822203,0.3626888192747372
2547,0.258,39,85,39,598814,77630,82068,44188,0.6148618679508301,0.36273785483261917
2548,0.2581,35,89,35,598903,77541,82103,44153,0.6141569509567862,0.3628198596479695
2549,0.2582,31,87,31,598990,77454,82134,44122,0.6134678747940692,0.3629170230966638
2550,0.2583,29,74,29,599064,77380,82163,44093,0.6128817640349765,0.36298601335276154
2551,0.2584,21,80,21,599144,77300,82184,44072,0.6122481307819034,0.3631150512474047
2552,0.2585,24,73,24,599217,77227,82208,44048,0.6116699404384742,0.3632075860647289
2553,0.2586,32,92,32,599309,77135,82240,44016,0.6109412621974402,0.3633152016904524
2554,0.2587,30,73,30,599382,77062,82270,43986,0.610363071854011,0.3633765117969731
2555,0.2588,29,70,29,599452,76992,82299,43957,0.609808642757572,0.3634341747348056
2556,0.2589,28,72,28,599524,76920,82327,43929,0.6092383728298061,0.3635032147556041
2557,0.259,18,77,18,599601,76843,82345,43911,0.6086285008237232,0.36364012786325917
2558,0.2591,21,70,21,599671,76773,82366,43890,0.6080740717272842,0.36374033465105293
2559,0.2592,24,83,24,599754,76690,82390,43866,0.6074166772272209,0.3638640963535618
2560,0.2593,36,77,36,599831,76613,82426,43830,0.6068068052211381,0.3639065782154214
2561,0.2594,28,95,28,599926,76518,82454,43802,0.6060543657331137,0.36404587765957447
2562,0.2595,29,83,29,600009,76435,82483,43773,0.6053969712330504,0.36414381738320245
2563,0.2596,32,77,32,600086,76358,82515,43741,0.6047870992269674,0.3642078618473093
2564,0.2597,25,90,25,600176,76268,82540,43716,0.6040742618172602,0.3643485798106414
2565,0.2598,29,75,29,600251,76193,82569,43687,0.6034802306425041,0.36442275608942276
2566,0.2599,25,87,25,600338,76106,82594,43662,0.6027911544797872,0.36455480595818585
2567,0.26,27,79,27,600417,76027,82621,43635,0.6021654416423774,0.3646521034246461
2568,0.2601,29,66,29,600483,75961,82650,43606,0.6016426942085921,0.3646992899378591
2569,0.2602,25,77,25,600560,75884,82675,43581,0.6010328222025092,0.3648014062696187
2570,0.2603,23,67,23,600627,75817,82698,43558,0.6005021543530604,0.3648837696335078
2571,0.2604,31,82,31,600709,75735,82729,43527,0.5998526802686605,0.36496956281128945
2572,0.2605,40,68,40,600777,75667,82769,43487,0.5993140920035483,0.36496466757305673
2573,0.2606,21,102,21,600879,75565,82790,43466,0.5985062096058801,0.3651653770866413
2574,0.2607,29,77,29,600956,75488,82819,43437,0.5978963375997972,0.365247004414547
2575,0.2608,25,72,25,601028,75416,82844,43412,0.5973260676720314,0.3653347695829266
2576,0.2609,24,85,24,601113,75331,82868,43388,0.5966528323406413,0.36546803797201793
2577,0.261,36,69,36,601182,75262,82904,43352,0.5961063236598657,0.36548805368674864
2578,0.2611,32,81,32,601263,75181,82936,43320,0.5954647699911292,0.36556653530349953
2579,0.2612,37,77,37,601340,75104,82973,43283,0.5948548979850462,0.36560602093135225
2580,0.2613,33,98,33,601438,75006,83006,43250,0.5940786972500317,0.36573197131646595
2581,0.2614,30,82,30,601520,74924,83036,43220,0.5934292231656317,0.3658247562296858
2582,0.2615,27,85,27,601605,74839,83063,43193,0.5927559878342415,0.36594313406533824
2583,0.2616,38,70,38,601675,74769,83101,43155,0.5922015587378026,0.3659560394830569
2584,0.2617,22,79,22,601754,74690,83123,43133,0.5915758459003928,0.36608302283934374
2585,0.2618,18,81,18,601835,74609,83141,43115,0.5909342922316563,0.366237980360844
2586,0.2619,33,86,33,601921,74523,83174,43082,0.5902531364846028,0.3663279622465031
2587,0.262,21,83,21,602004,74440,83195,43061,0.5895957419845393,0.36647347682147385
2588,0.2621,25,75,25,602079,74365,83220,43036,0.5890017108097833,0.36657268677438865
2589,0.2622,26,66,26,602145,74299,83246,43010,0.5884789633759979,0.36663853583271533
2590,0.2623,28,75,28,602220,74224,83274,42982,0.5878849322012419,0.3667218401788304
2591,0.2624,25,67,25,602287,74157,83299,42957,0.5873542643517932,0.3667964547364107
2592,0.2625,20,75,20,602362,74082,83319,42937,0.5867602331770372,0.3669233201445919
2593,0.2626,25,78,25,602440,74004,83344,42912,0.5861424407552909,0.3670327414554039
2594,0.2627,22,86,22,602526,73918,83366,42890,0.5854612850082372,0.36718375453736046
2595,0.2628,25,88,25,602614,73830,83391,42865,0.5847642884298568,0.3673250781952954
2596,0.2629,22,75,22,602689,73755,83413,42843,0.5841702572551007,0.36744198013688056
2597,0.263,28,79,28,602768,73676,83441,42815,0.583544544417691,0.3675391231940665
2598,0.2631,19,68,19,602836,73608,83460,42796,0.5830059561525789,0.3676505961994433
2599,0.2632,27,74,27,602910,73534,83487,42769,0.5824198453934862,0.367737719577311
2600,0.2633,28,68,28,602978,73466,83515,42741,0.5818812571283741,0.3678005627888165
2601,0.2634,36,70,36,603048,73396,83551,42705,0.5813268280319351,0.3678262891792491
2602,0.2635,19,68,19,603116,73328,83570,42686,0.5807882397668229,0.3679383522678297
2603,0.2636,20,74,20,603190,73254,83590,42666,0.5802021290077303,0.36806418219461695
2604,0.2637,25,63,25,603253,73191,83615,42641,0.5797031428209353,0.36812797845155054
2605,0.2638,26,77,26,603330,73114,83641,42615,0.5790932708148524,0.3682309533479076
2606,0.2639,25,70,25,603400,73044,83666,42590,0.5785388417184134,0.3683172769254717
2607,0.264,25,86,25,603486,72958,83691,42565,0.5778576859713598,0.3684547665832778
2608,0.2641,35,72,35,603558,72886,83726,42530,0.577287416043594,0.36849310320926043
2609,0.2642,29,81,29,603639,72805,83755,42501,0.5766458623748575,0.36859313478916966
2610,0.2643,33,80,33,603719,72725,83788,42468,0.5760122291217843,0.3686682350490047
2611,0.2644,31,75,31,603794,72650,83819,42437,0.5754181979470283,0.36873843266398465
2612,0.2645,37,82,37,603876,72568,83856,42400,0.5747687238626283,0.3687982743024146
2613,0.2646,26,68,26,603944,72500,83882,42374,0.5742301355975161,0.3688737225133625
2614,0.2647,20,64,20,604008,72436,83902,42354,0.5737232289950577,0.36896942242355607
2615,0.2648,25,75,25,604083,72361,83927,42329,0.5731291978203016,0.36907315371872
2616,0.2649,27,70,27,604153,72291,83954,42302,0.5725747687238626,0.36914994807710766
2617,0.265,18,73,18,604226,72218,83972,42284,0.5719965783804334,0.36928612600653266
2618,0.2651,21,90,21,604316,72128,83993,42263,0.5712837409707261,0.3694608841604672
2619,0.2652,19,71,19,604387,72057,84012,42244,0.5707213914586238,0.36958556793028935
2620,0.2653,19,70,19,604457,71987,84031,42225,0.5701669623621848,0.36970721115119254
2621,0.2654,31,58,31,604515,71929,84062,42194,0.5697075782537068,0.36972389439464437
2622,0.2655,24,54,24,604569,71875,84086,42170,0.5692798758078824,0.3697663203121575
2623,0.2656,29,81,29,604650,71794,84115,42141,0.5686383221391459,0.3698687848334577
2624,0.2657,34,69,34,604719,71725,84149,42107,0.5680918134583703,0.3699047719446201
2625,0.2658,33,65,33,604784,71660,84182,42074,0.5675769864402483,0.3699333532628765
2626,0.2659,37,74,37,604858,71586,84219,42037,0.5669908756811557,0.369969108367144
2627,0.266,24,82,24,604940,71504,84243,42013,0.5663414015967558,0.3701031563554357
2628,0.2661,31,75,31,605015,71429,84274,41982,0.5657473704219997,0.37017573251271924
2629,0.2662,25,81,25,605096,71348,84299,41957,0.5651058167532632,0.37030139887913155
2630,0.2663,32,76,32,605172,71272,84331,41925,0.5645038651628438,0.37037200632525596
2631,0.2664,28,64,28,605236,71208,84359,41897,0.5639969585603852,0.37042571062287255
2632,0.2665,28,56,28,605292,71152,84387,41869,0.5635534152832341,0.37045327859424354
2633,0.2666,24,64,24,605356,71088,84411,41845,0.5630465086807755,0.37052942895345026
2634,0.2667,36,67,36,605423,71021,84447,41809,0.5625158408313268,0.37054861295754676
2635,0.2668,21,71,21,605494,70950,84468,41788,0.5619534913192245,0.37066472706629533
2636,0.2669,23,81,23,605575,70869,84491,41765,0.5613119376504879,0.37080277713656623
2637,0.267,27,73,27,605648,70796,84518,41738,0.5607337473070587,0.37089235253345654
2638,0.2671,36,68,36,605716,70728,84554,41702,0.5601951590419465,0.3709152361469359
2639,0.2672,29,73,29,605789,70655,84583,41673,0.5596169686985173,0.3709938750801225
2640,0.2673,20,77,20,605866,70578,84603,41653,0.5590070966924344,0.3711363170603487
2641,0.2674,27,80,27,605946,70498,84630,41626,0.5583734634393613,0.37124968784559953
2642,0.2675,24,73,24,606019,70425,84654,41602,0.557795273095932,0.37135690503182267
2643,0.2676,35,65,35,606084,70360,84689,41567,0.5572804460778101,0.3713759861338194
2644,0.2677,27,68,27,606152,70292,84716,41540,0.556741857812698,0.37145003219114386
2645,0.2678,25,72,25,606224,70220,84741,41515,0.5561715878849322,0.37154875374770663
2646,0.2679,19,70,19,606294,70150,84760,41496,0.5556171587884933,0.3716747577163535
2647,0.268,29,73,29,606367,70077,84789,41467,0.555038968445064,0.37175464390733703
2648,0.2681,34,84,34,606451,69993,84823,41433,0.5543736535293372,0.37184319638145497
2649,0.2682,34,69,34,606520,69924,84857,41399,0.5538271448485617,0.37188182136665376
2650,0.2683,29,85,29,606605,69839,84886,41370,0.5531539095171715,0.37200226600365077
2651,0.2684,20,81,20,606686,69758,84906,41350,0.5525123558484349,0.3721604204917738
2652,0.2685,44,73,44,606759,69685,84950,41306,0.5519341655050057,0.3721563009613392
2653,0.2686,30,67,30,606826,69618,84980,41276,0.551403497655557,0.3722113008819233
2654,0.2687,22,61,22,606887,69557,85002,41254,0.5509203523000887,0.3722915595022155
2655,0.2688,18,75,18,606962,69482,85020,41236,0.5503263211253326,0.37244169873010713
2656,0.2689,21,75,21,607037,69407,85041,41215,0.5497322899505767,0.372575075482273
2657,0.269,26,61,26,607098,69346,85067,41189,0.5492491445951083,0.37263310263717375
2658,0.2691,17,81,17,607179,69265,85084,41172,0.5486075909263718,0.3728098372827947
2659,0.2692,25,72,25,607251,69193,85109,41147,0.548037320998606,0.3729110023563531
2660,0.2693,35,85,35,607336,69108,85144,41112,0.5473640856672158,0.3729994556341862
2661,0.2694,25,69,25,607405,69039,85169,41087,0.5468175769864403,0.3730908232388355
2662,0.2695,34,78,34,607483,68961,85203,41053,0.546199784564694,0.373161597614849
2663,0.2696,15,94,15,607577,68867,85218,41038,0.545455265492333,0.37339520494972933
2664,0.2697,20,78,20,607655,68789,85238,41018,0.5448374730705867,0.3735463130765798
2665,0.2698,16,64,16,607719,68725,85254,41002,0.5443305664681283,0.37367284260027156
2666,0.2699,27,72,27,607791,68653,85281,40975,0.5437602965403624,0.3737640018973255
2667,0.27,15,74,15,607865,68579,85296,40960,0.5431741857812697,0.3739307461269502
2668,0.2701,31,71,31,607936,68508,85327,40929,0.5426118362691674,0.3739959976973053
2669,0.2702,23,87,23,608023,68421,85350,40906,0.5419227601064504,0.37416191791597686
2670,0.2703,27,71,27,608094,68350,85377,40879,0.541360410594348,0.3742504279998901
2671,0.2704,26,52,26,608146,68298,85403,40853,0.5409485489798505,0.3742796676164213
2672,0.2705,25,73,25,608219,68225,85428,40828,0.5403703586364212,0.37438676606787524
2673,0.2706,28,84,28,608303,68141,85456,40800,0.5397050437206945,0.3745146455420824
2674,0.2707,17,76,17,608379,68065,85473,40783,0.539103092130275,0.37467845068352196
2675,0.2708,24,63,24,608442,68002,85497,40759,0.53860410594348,0.3747574957935289
2676,0.2709,22,61,22,608503,67941,85519,40737,0.5381209605880116,0.3748412742229338
2677,0.271,25,78,25,608581,67863,85544,40712,0.5375031681662653,0.3749666129403638
2678,0.2711,38,69,38,608650,67794,85582,40674,0.5369566594854898,0.3749861710366191
2679,0.2712,27,62,27,608712,67732,85609,40647,0.5364655937143581,0.3750449810387621
2680,0.2713,17,68,17,608780,67664,85626,40630,0.535927005449246,0.3751823739080651
2681,0.2714,28,65,28,608845,67599,85654,40602,0.5354121784311241,0.37524606981451186
2682,0.2715,24,59,24,608904,67540,85678,40578,0.5349448739069826,0.37531215893745723
2683,0.2716,18,74,18,608978,67466,85696,40560,0.53435876314789,0.3754651657934201
2684,0.2717,25,93,25,609071,67373,85721,40535,0.5336221644911925,0.3756440671683286
2685,0.2718,25,71,25,609142,67302,85746,40510,0.53305981497909,0.37574667012948465
2686,0.2719,17,57,17,609199,67245,85763,40493,0.5326083512862755,0.3758469620746626
2687,0.272,22,89,22,609288,67156,85785,40471,0.5319034342922316,0.37603017830098395
2688,0.2721,25,66,25,609354,67090,85810,40446,0.5313806868584463,0.3761159053712245
2689,0.2722,37,55,37,609409,67035,85847,40409,0.5309450639969585,0.37609359294143924
2690,0.2723,36,61,36,609470,66974,85883,40373,0.5304619186414903,0.3760980744687788
2691,0.2724,22,65,22,609535,66909,85905,40351,0.5299470916233684,0.37619802349431286
2692,0.2725,19,63,19,609598,66846,85924,40332,0.5294481054365733,0.37630857078878127
2693,0.2726,29,88,29,609686,66758,85953,40303,0.5287511088581929,0.37644894032374066
2694,0.2727,24,58,24,609744,66700,85977,40279,0.5282917247497149,0.3765131474401518
2695,0.2728,25,69,25,609813,66631,86002,40254,0.5277452160689393,0.37661037563736727
2696,0.2729,23,67,23,609880,66564,86025,40231,0.5272145482194905,0.3767123929022894
2697,0.273,18,59,18,609939,66505,86043,40213,0.5267472436953491,0.37681553252497235
2698,0.2731,31,72,31,610011,66433,86074,40182,0.5261769737675833,0.3768888055151714
2699,0.2732,21,71,21,610082,66362,86095,40161,0.5256146242554809,0.3770171700008449
2700,0.2733,19,60,19,610142,66302,86114,40142,0.5251393993156761,0.3771184848370974
2701,0.2734,28,77,28,610219,66225,86142,40114,0.5245295273095932,0.3772275458674616
2702,0.2735,23,68,23,610287,66157,86165,40091,0.523990939044481,0.37733416158421806
2703,0.2736,22,64,22,610351,66093,86187,40069,0.5234840324420226,0.3774326030029577
2704,0.2737,25,67,25,610418,66026,86212,40044,0.5229533645925738,0.37752427642123126
2705,0.2738,26,85,26,610503,65941,86238,40018,0.5222801292611836,0.3776743834879529
2706,0.2739,19,48,19,610551,65893,86257,39999,0.5218999493093398,0.37773391757639857
2707,0.274,20,64,20,610615,65829,86277,39979,0.5213930427068812,0.3778447754423106
2708,0.2741,29,74,29,610689,65755,86306,39950,0.5208069319477886,0.3779386027151034
2709,0.2742,22,71,22,610760,65684,86328,39928,0.5202445824356863,0.3780630988902776
2710,0.2743,29,61,29,610821,65623,86357,39899,0.5197614370802179,0.37811072572544113
2711,0.2744,24,64,24,610885,65559,86381,39875,0.5192545304777595,0.37819868353662006
2712,0.2745,27,63,27,610948,65496,86408,39848,0.5187555442909644,0.3782654921020656
2713,0.2746,16,63,16,611011,65433,86424,39832,0.5182565581041693,0.3783973780458842
2714,0.2747,14,73,14,611084,65360,86438,39818,0.51767836776074,0.3785772690106296
2715,0.2748,25,50,25,611134,65310,86463,39793,0.5172823469775694,0.378609554437076
2716,0.2749,26,78,26,611212,65232,86489,39767,0.516664554555823,0.3787369403518129
2717,0.275,28,52,28,611264,65180,86517,39739,0.5162526929413256,0.3787588520668325
2718,0.2751,30,60,30,611324,65120,86547,39709,0.5157774680015207,0.3787978517394996
2719,0.2752,22,74,22,611398,65046,86569,39687,0.515191357242428,0.3789350061585174
2720,0.2753,22,70,22,611468,64976,86591,39665,0.514636928145989,0.37905792184707715
2721,0.2754,24,66,24,611534,64910,86615,39641,0.5141141807122038,0.37915467092615085
2722,0.2755,29,67,29,611601,64843,86644,39612,0.513583512862755,0.3792255038054665
2723,0.2756,23,68,23,611669,64775,86667,39589,0.5130449245976428,0.3793357862864589
2724,0.2757,26,72,26,611741,64703,86693,39563,0.5124746546698771,0.37944296319030174
2725,0.2758,22,64,22,611805,64639,86715,39541,0.5119677480674186,0.37954501823766557
2726,0.2759,28,73,28,611878,64566,86743,39513,0.5113895577239893,0.37964430865015997
2727,0.276,28,70,28,611948,64496,86771,39485,0.5108351286275504,0.3797328358065416
2728,0.2761,20,71,20,612019,64425,86791,39465,0.510272779115448,0.37987294253537396
2729,0.2762,25,60,25,612079,64365,86816,39440,0.5097975541756431,0.37994316266075817
2730,0.2763,25,53,25,612132,64312,86841,39415,0.5093777721454822,0.3799878527287977
2731,0.2764,31,58,31,612190,64254,86872,39384,0.5089183880370042,0.3800150523939096
2732,0.2765,33,65,33,612255,64189,86905,39351,0.5084035610188823,0.3800560169982615
2733,0.2766,24,70,24,612325,64119,86929,39327,0.5078491319224433,0.38016936372600196
2734,0.2767,25,72,25,612397,64047,86954,39302,0.5072788619946775,0.3802842794802078
2735,0.2768,21,69,21,612466,63978,86975,39281,0.5067323533139019,0.3804123611501177
2736,0.2769,20,62,20,612528,63916,86995,39261,0.5062412875427702,0.38052085251558004
2737,0.277,20,70,20,612598,63846,87015,39241,0.5056868584463312,0.38065905497298397
2738,0.2771,24,70,24,612668,63776,87039,39217,0.5051324293498923,0.3807734506228579
2739,0.2772,22,51,22,612719,63725,87061,39195,0.5047284881510582,0.38082977069568597
2740,0.2773,24,63,24,612782,63662,87085,39171,0.5042295019642631,0.38091857672148044
2741,0.2774,23,66,23,612848,63596,87108,39148,0.5037067545304778,0.3810246827065327
2742,0.2775,22,66,22,612914,63530,87130,39126,0.5031840070966924,0.38113700124688277
2743,0.2776,25,78,25,612992,63452,87155,39101,0.5025662146749461,0.38127602312950376
2744,0.2777,27,69,27,613061,63383,87182,39074,0.5020197059941706,0.38136974535658863
2745,0.2778,22,74,22,613135,63309,87204,39052,0.5014335952350779,0.38151249010853744
2746,0.2779,35,57,35,613192,63252,87239,39017,0.5009821315422633,0.3815134596016388
2747,0.278,22,67,22,613259,63185,87261,38995,0.5004514636928146,0.381630456057937
2748,0.2781,26,61,26,613320,63124,87287,38969,0.49996831833734634,0.38170099810956676
2749,0.2782,29,63,29,613383,63061,87316,38940,0.4994693321505513,0.3817609631278125
2750,0.2783,18,62,18,613445,62999,87334,38922,0.4989782663794196,0.3818840082024313
2751,0.2784,26,73,26,613518,62926,87360,38896,0.49840007603599035,0.38199996071575887
2752,0.2785,32,70,32,613588,62856,87392,38864,0.4978456469395514,0.3820684231222965
2753,0.2786,24,58,24,613646,62798,87416,38840,0.4973862628310734,0.3821405379877605
2754,0.2787,35,59,35,613705,62739,87451,38805,0.49691895830693195,0.38214961002127157
2755,0.2788,23,54,23,613759,62685,87474,38782,0.4964912558611076,0.3822129362255709
2756,0.2789,26,51,26,613810,62634,87500,38756,0.49608731466227346,0.38224676989841205
2757,0.279,24,66,24,613876,62568,87524,38732,0.49556456722848813,0.38234945705824286
2758,0.2791,27,59,27,613935,62509,87551,38705,0.49509726270434673,0.38240757207500936
2759,0.2792,24,46,24,613981,62463,87575,38681,0.4947329235838297,0.38243494423791824
2760,0.2793,18,64,18,614045,62399,87593,38663,0.4942260169813712,0.38256713700500683
2761,0.2794,23,53,23,614098,62346,87616,38640,0.49380623495121023,0.3826272948725566
2762,0.2795,22,65,22,614163,62281,87638,38618,0.49329140793308834,0.38273917481838277
2763,0.2796,24,59,24,614222,62222,87662,38594,0.4928241034089469,0.382816219647675
2764,0.2797,26,59,26,614281,62163,87688,38568,0.4923567988848055,0.38288113887482506
2765,0.2798,21,62,21,614343,62101,87709,38547,0.4918657331136738,0.38298823622923456
2766,0.2799,27,58,27,614401,62043,87736,38520,0.4914063490051958,0.38304346529041494
2767,0.28,19,54,19,614455,61989,87755,38501,0.49097864655937146,0.38313265001492686
2768,0.2801,21,66,21,614521,61923,87776,38480,0.4904558991255861,0.38325548041393187
2769,0.2802,17,50,17,614571,61873,87793,38463,0.49005987834241543,0.38334197097751554
2770,0.2803,25,55,25,614626,61818,87818,38438,0.48962425548092764,0.3833984998404086
2771,0.2804,27,64,27,614690,61754,87845,38411,0.48911734887846914,0.3834772625168472
2772,0.2805,31,58,31,614748,61696,87876,38380,0.4886579647699911,0.38350853351452896
2773,0.2806,25,59,25,614807,61637,87901,38355,0.48819066024584973,0.3835806864549164
2774,0.2807,24,63,24,614870,61574,87925,38331,0.4876916740590546,0.3836744907662279
2775,0.2808,31,62,31,614932,61512,87956,38300,0.48720060828792294,0.3837213962249028
2776,0.2809,24,45,24,614977,61467,87980,38276,0.4868441895830693,0.38374622780546
2777,0.281,31,65,31,615042,61402,88011,38245,0.4863293625649474,0.3838048310536193
2778,0.2811,22,60,22,615102,61342,88033,38223,0.48585413762514257,0.38389996484708483
2779,0.2812,22,59,22,615161,61283,88055,38201,0.4853868331010011,0.38399139560130274
2780,0.2813,16,65,16,615226,61218,88071,38185,0.4848720060828792,0.38414333571421383
2781,0.2814,22,71,22,615297,61147,88093,38163,0.48430965657077685,0.3842815426442453
2782,0.2815,26,70,26,615367,61077,88119,38137,0.48375522747433786,0.38439131574173
2783,0.2816,12,66,12,615433,61011,88131,38125,0.4832324800405525,0.384572708198838
2784,0.2817,23,79,23,615512,60932,88154,38102,0.48260676720314283,0.38473655512248317
2785,0.2818,21,75,21,615587,60857,88175,38081,0.4820127360283868,0.38489761264630373
2786,0.2819,15,65,15,615652,60792,88190,38066,0.48149790901026485,0.3850573549940318
2787,0.282,27,58,27,615710,60734,88217,38039,0.48103852490178683,0.3851153655351159
2788,0.2821,18,65,18,615775,60669,88235,38021,0.48052369788366495,0.38525686493059075
2789,0.2822,25,57,25,615832,60612,88260,37996,0.4800722341908503,0.38532370598734383
2790,0.2823,21,79,21,615911,60533,88281,37975,0.4794465213534406,0.38550168514232347
2791,0.2824,18,47,18,615958,60486,88299,37957,0.47907426181726015,0.38557337748748005
2792,0.2825,28,58,28,616016,60428,88327,37929,0.47861487770878214,0.38562583242677184
2793,0.2826,16,42,16,616058,60386,88343,37913,0.47828222025091877,0.38569059705592124
2794,0.2827,22,61,22,616119,60325,88365,37891,0.47779907489545054,0.38579253889386655
2795,0.2828,23,53,23,616172,60272,88388,37868,0.4773792928652896,0.3858569390666395
2796,0.2829,23,83,23,616255,60189,88411,37845,0.4767218983652262,0.38603953730338453
2797,0.283,34,69,34,616324,60120,88445,37811,0.47617538968445067,0.3860983753867519
2798,0.2831,24,52,24,616376,60068,88469,37787,0.4757635280699531,0.3861529814521486
2799,0.2832,22,66,22,616442,60002,88491,37765,0.47524078063616776,0.38627553264393916
2800,0.2833,28,68,28,616510,59934,88519,37737,0.47470219237105565,0.3863685228983014
2801,0.2834,28,60,28,616570,59874,88547,37709,0.4742269674312508,0.3864300134244694
2802,0.2835,22,56,22,616626,59818,88569,37687,0.47378342415409963,0.3865135121275832
2803,0.2836,19,53,19,616679,59765,88588,37668,0.47336364212393867,0.3866041279648579
2804,0.2837,33,57,33,616736,59708,88621,37635,0.47291217843112404,0.3866225614579374
2805,0.2838,24,57,24,616793,59651,88645,37611,0.4724607147383095,0.38669778536324567
2806,0.2839,30,53,30,616846,59598,88675,37581,0.4720409327081485,0.3867193529466243
2807,0.284,23,61,23,616907,59537,88698,37558,0.4715577873526803,0.38681703486276325
2808,0.2841,14,52,14,616959,59485,88712,37544,0.47114592573818276,0.3869358645353451
2809,0.2842,22,51,22,617010,59434,88734,37522,0.4707419845393486,0.3870002887907917
2810,0.2843,33,71,33,617081,59363,88767,37489,0.47017963502724625,0.3870751249328873
2811,0.2844,16,64,16,617145,59299,88783,37473,0.46967272842478774,0.3872297772082834
2812,0.2845,17,63,17,617208,59236,88800,37456,0.46917374223799263,0.38737434327555537
2813,0.2846,21,49,21,617257,59187,88821,37435,0.4687856418704854,0.38743764360083627
2814,0.2847,20,69,20,617326,59118,88841,37415,0.4682391331897098,0.38758766432204533
2815,0.2848,25,66,25,617392,59052,88866,37390,0.46771638575592445,0.3876941581468655
2816,0.2849,30,62,30,617454,58990,88896,37360,0.4672253199847928,0.3877529839128179
2817,0.285,15,74,15,617528,58916,88911,37345,0.4666392092257002,0.38795566221003314
2818,0.2851,33,73,33,617601,58843,88944,37312,0.4660610188822709,0.38804014351827776
2819,0.2852,29,63,29,617664,58780,88973,37283,0.46556203269547586,0.38810988622050113
2820,0.2853,25,62,25,617726,58718,88998,37258,0.4650709669243442,0.38820121697090937
2821,0.2854,26,53,26,617779,58665,89024,37232,0.4646511848941832,0.38824989311448743
2822,0.2855,15,72,15,617851,58593,89039,37217,0.46408091496641746,0.3884458824757332
2823,0.2856,24,54,24,617905,58539,89063,37193,0.4636532125205931,0.38851167843563283
2824,0.2857,29,50,29,617955,58489,89092,37164,0.46325719173742236,0.3885293717917891
2825,0.2858,25,64,25,618019,58425,89117,37139,0.46275028513496386,0.3886296094763719
2826,0.2859,28,63,28,618082,58362,89145,37111,0.4622512989481688,0.38870675478931216
2827,0.286,19,58,19,618140,58304,89164,37092,0.4617919148396908,0.3888213342278502
2828,0.2861,21,52,21,618192,58252,89185,37071,0.46138005322519327,0.3888987967227217
2829,0.2862,25,52,25,618244,58200,89210,37046,0.46096819161069574,0.3889507170904815
2830,0.2863,19,56,19,618300,58144,89229,37027,0.46052464833354456,0.3890575910729109
2831,0.2864,21,46,21,618346,58098,89250,37006,0.4601603092130275,0.389110868102288
2832,0.2865,14,64,14,618410,58034,89264,36992,0.45965340261056903,0.38928293309199585
2833,0.2866,22,56,22,618466,57978,89286,36970,0.4592098593334178,0.389371024139529
2834,0.2867,19,57,19,618523,57921,89305,36951,0.4587583956406032,0.38948267138881865
2835,0.2868,20,56,20,618579,57865,89325,36931,0.45831485236345204,0.38958394868981816
2836,0.2869,23,67,23,618646,57798,89348,36908,0.45778418451400327,0.3897113171287986
2837,0.287,21,53,21,618699,57745,89369,36887,0.45736440248384236,0.3897941499704117
2838,0.2871,24,58,24,618757,57687,89393,36863,0.45690501837536435,0.3898783712321523
2839,0.2872,18,55,18,618812,57632,89411,36845,0.45646939551387655,0.38998909787567343
2840,0.2873,24,51,24,618863,57581,89435,36821,0.4560654543150425,0.39004470244274486
2841,0.2874,21,71,21,618934,57510,89456,36800,0.45550310480294004,0.39020252359240803
2842,0.2875,24,49,24,618983,57461,89480,36776,0.4551150044354328,0.39025011407408977
2843,0.2876,19,64,19,619047,57397,89499,36757,0.4546080978329743,0.39039233596023537
2844,0.2877,18,66,18,619113,57331,89517,36739,0.45408535039918896,0.3905495907303072
2845,0.2878,24,50,24,619163,57281,89541,36715,0.45368932961601827,0.39060172773309504
2846,0.2879,16,54,16,619217,57227,89557,36699,0.4532616271701939,0.3907224836573473
2847,0.288,29,56,29,619273,57171,89586,36670,0.45281808389304273,0.3907673618141324
2848,0.2881,14,60,14,619333,57111,89600,36656,0.4523428589532379,0.39092644533791204
2849,0.2882,26,56,26,619389,57055,89626,36630,0.45189931567608665,0.39099108715375996
2850,0.2883,23,55,23,619444,57000,89649,36607,0.4514636928145989,0.39107118057410234
2851,0.2884,21,65,21,619509,56935,89670,36586,0.45094886579647697,0.39120625314100577
2852,0.2885,13,69,13,619578,56866,89683,36573,0.4504023571157014,0.3914104388959642
2853,0.2886,22,61,22,619639,56805,89705,36551,0.4499192117602332,0.39152277304083294
2854,0.2887,32,49,32,619688,56756,89737,36519,0.4495311113927259,0.3915196998123827
2855,0.2888,26,52,26,619740,56704,89763,36493,0.44911924977822837,0.39156839812440314
2856,0.2889,19,56,19,619796,56648,89782,36474,0.4486757065010772,0.39167973196451966
2857,0.289,25,56,25,619852,56592,89807,36449,0.448232163223926,0.39175202330155523
2858,0.2891,22,54,22,619906,56538,89829,36427,0.44780446077810165,0.3918356370677137
2859,0.2892,25,53,25,619959,56485,89854,36402,0.4473846787479407,0.3918955289760677
2860,0.2893,30,44,30,620003,56441,89884,36372,0.4470361804587505,0.3918847575231918
2861,0.2894,18,52,18,620055,56389,89902,36354,0.44662431884425297,0.39198645719892605
2862,0.2895,19,62,19,620117,56327,89921,36335,0.4461332530731213,0.39212406380177417
2863,0.2896,29,43,29,620160,56284,89950,36306,0.4457926751995945,0.3921157792418188
2864,0.2897,22,52,22,620212,56232,89972,36284,0.44538081358509696,0.39219162090881576
2865,0.2898,17,62,17,620274,56170,89989,36267,0.4448897478139653,0.39234289299739283
2866,0.2899,23,51,23,620325,56119,90012,36244,0.44448580661513115,0.39240821541093296
2867,0.29,26,59,26,620384,56060,90038,36218,0.44401850209098975,0.39248791694661783
2868,0.2901,17,52,17,620436,56008,90055,36201,0.44360664047649223,0.3925972518951512
2869,0.2902,27,48,27,620484,55960,90082,36174,0.4432264605246483,0.3926237870927128
2870,0.2903,22,61,22,620545,55899,90104,36152,0.4427433151691801,0.39273880783478726
2871,0.2904,21,55,21,620600,55844,90125,36131,0.4423076923076923,0.39283500951345474
2872,0.2905,16,60,16,620660,55784,90141,36115,0.44183246736788745,0.39298577786482985
2873,0.2906,19,58,19,620718,55726,90160,36096,0.44137308325940944,0.39310840539304304
2874,0.2907,28,60,28,620778,55666,90188,36068,0.4408978583196046,0.39318028212004275
2875,0.2908,32,54,32,620832,55612,90220,36036,0.44047015587378024,0.39320006983240224
2876,0.2909,15,44,15,620876,55568,90235,36021,0.44012165758459004,0.39328958717749946
2877,0.291,22,54,22,620930,55514,90257,35999,0.4396939551387657,0.39337580453050386
2878,0.2911,20,59,20,620989,55455,90277,35979,0.43922665061462424,0.3934969486186758
2879,0.2912,14,51,14,621040,55404,90291,35965,0.43882270941579016,0.39362365791461
2880,0.2913,23,56,23,621096,55348,90314,35942,0.438379166138639,0.39371234527330484
2881,0.2914,22,50,22,621146,55298,90336,35920,0.43798314535546823,0.39378192900524017
2882,0.2915,26,58,26,621204,55240,90362,35894,0.4375237612469902,0.3938595913709483
2883,0.2916,17,61,17,621265,55179,90379,35877,0.437040615891522,0.3940102793885082
2884,0.2917,17,71,17,621336,55108,90396,35860,0.4364782663794196,0.39420455544806965
2885,0.2918,27,44,27,621380,55064,90423,35833,0.43612976809022935,0.39421543065227677
2886,0.2919,17,45,17,621425,55019,90440,35816,0.43577334938537576,0.39429735234215885
2887,0.292,26,49,26,621474,54970,90466,35790,0.43538524901786846,0.39433671220802113
2888,0.2921,23,54,23,621528,54916,90489,35767,0.4349575465720441,0.3944179173604755
2889,0.2922,22,47,22,621575,54869,90511,35745,0.43458528703586363,0.3944754673670735
2890,0.2923,18,55,18,621630,54814,90529,35727,0.4341496641743759,0.39459471399697377
2891,0.2924,25,55,25,621685,54759,90554,35702,0.4337140413128881,0.3946673151966041
2892,0.2925,28,61,28,621746,54698,90582,35674,0.43323089595741987,0.39474616031514187
2893,0.2926,15,51,15,621797,54647,90597,35659,0.43282695475858574,0.39486855801386395
2894,0.2927,32,42,32,621839,54605,90629,35627,0.43249429730072236,0.3948377515737211
2895,0.2928,23,54,23,621893,54551,90652,35604,0.432066594854898,0.3949198602406966
2896,0.2929,25,49,25,621942,54502,90677,35579,0.4316784944873907,0.3949667521452915
2897,0.293,26,42,26,621984,54460,90703,35553,0.43134583702952733,0.3949762812038261
2898,0.2931,23,60,23,622044,54400,90726,35530,0.4308706120897225,0.3950850661625709
2899,0.2932,22,55,22,622099,54345,90748,35508,0.4304349892282347,0.3951787920269774
2900,0.2933,18,47,18,622146,54298,90766,35490,0.4300627296920542,0.39526440058805185
2901,0.2934,19,61,19,622207,54237,90785,35471,0.429579584336586,0.3954050920765149
2902,0.2935,23,62,23,622269,54175,90808,35448,0.4290885185654543,0.3955234705376968
2903,0.2936,16,58,16,622327,54117,90824,35432,0.4286291344569763,0.3956716434577717
2904,0.2937,24,50,24,622377,54067,90848,35408,0.4282331136738056,0.39573065101983795
2905,0.2938,20,42,20,622419,54025,90868,35388,0.4279004562159422,0.39578137407312136
2906,0.2939,29,59,29,622478,53966,90897,35359,0.4274331516918008,0.3958466274839071
2907,0.294,18,50,18,622528,53916,90915,35341,0.4270371309086301,0.3959465364061082
2908,0.2941,14,43,14,622571,53873,90929,35327,0.4266965530351033,0.396042600896861
2909,0.2942,21,47,21,622618,53826,90950,35306,0.4263242934989228,0.39610914149800297
2910,0.2943,26,64,26,622682,53762,90976,35280,0.4258173868964643,0.39621751532984434
2911,0.2944,31,39,31,622721,53723,91007,35249,0.42550849068559116,0.3961808209324282
2912,0.2945,18,55,18,622776,53668,91025,35231,0.4250728678241034,0.39630367045748544
2913,0.2946,25,51,25,622827,53617,91050,35206,0.4246689266252693,0.39636130281571214
2914,0.2947,19,52,19,622879,53565,91069,35187,0.42425706501077176,0.39646430502974583
2915,0.2948,33,55,33,622934,53510,91102,35154,0.42382144214928397,0.39648560858973203
2916,0.2949,29,65,29,622999,53445,91131,35125,0.4233066151311621,0.3965789770802755
2917,0.295,24,54,24,623053,53391,91155,35101,0.4228789126853377,0.3966573249559282
2918,0.2951,15,56,15,623109,53335,91170,35086,0.42243536940818655,0.39680618857511224
2919,0.2952,21,62,21,623171,53273,91191,35065,0.4219443036370549,0.39694129366750436
2920,0.2953,20,62,20,623233,53211,91211,35045,0.4214532378659232,0.39708348440899205
2921,0.2954,22,49,22,623282,53162,91233,35023,0.4210651374984159,0.39715371094857405
2922,0.2955,22,59,22,623341,53103,91255,35001,0.4205978329742745,0.3972691364750749
2923,0.2956,22,46,22,623387,53057,91277,34979,0.42023349385375747,0.3973260938706893
2924,0.2957,17,44,17,623431,53013,91294,34962,0.4198849955645672,0.39740835464620633
2925,0.2958,24,53,24,623484,52960,91318,34938,0.4194652135344063,0.39748344672233726
2926,0.2959,36,50,36,623534,52910,91354,34902,0.4190691927512356,0.3974627613538013
2927,0.296,22,61,22,623595,52849,91376,34880,0.4185860473957673,0.3975880267642399
2928,0.2961,26,49,26,623644,52800,91402,34854,0.41819794702826,0.3976315969607776
2929,0.2962,21,50,21,623694,52750,91423,34833,0.41780192624508933,0.39771416827466516
2930,0.2963,14,59,14,623753,52691,91437,34819,0.41733462172094793,0.3978859558907553
2931,0.2964,15,52,15,623805,52639,91452,34804,0.4169227601064504,0.39801928113170865
2932,0.2965,14,59,14,623864,52580,91466,34790,0.41645545558230895,0.398191598947007
2933,0.2966,27,49,27,623913,52531,91493,34763,0.41606735521480165,0.39822897335441154
2934,0.2967,16,61,16,623974,52470,91509,34747,0.4155842098593334,0.3983971014825091
2935,0.2968,24,41,24,624015,52429,91533,34723,0.41525947281713343,0.39841885441527447
2936,0.2969,22,53,22,624068,52376,91555,34701,0.4148396907869725,0.3985093652744123
2937,0.297,22,53,22,624121,52323,91577,34679,0.41441990875681156,0.3986000321831682
2938,0.2971,16,65,16,624186,52258,91593,34663,0.4139050817386897,0.3987874046548015
2939,0.2972,22,57,22,624243,52201,91615,34641,0.41345361804587505,0.3988968471476935
2940,0.2973,23,44,23,624287,52157,91638,34618,0.41310511975668485,0.39893978680495534
2941,0.2974,21,43,21,624330,52114,91659,34597,0.41276454188315803,0.39899205406465155
2942,0.2975,19,64,19,624394,52050,91678,34578,0.41225763528069953,0.39915500761878375
2943,0.2976,29,67,29,624461,51983,91707,34549,0.4117269674312508,0.39926270050385987
2944,0.2977,32,59,32,624520,51924,91739,34517,0.41125966290710936,0.39931282608947144
2945,0.2978,19,52,19,624572,51872,91758,34498,0.41084780129261184,0.39942109528771563
2946,0.2979,16,51,16,624623,51821,91774,34482,0.4104438600937777,0.3995457863573688
2947,0.298,13,56,13,624679,51765,91787,34469,0.4100003168166265,0.3997147296889858
2948,0.2981,18,50,18,624729,51715,91805,34451,0.40960429603345583,0.399821275212961
2949,0.2982,32,50,32,624779,51665,91837,34419,0.40920827525028514,0.39983039821569627
2950,0.2983,25,56,25,624835,51609,91862,34394,0.40876473197313395,0.39991628199016316
2951,0.2984,24,54,24,624889,51555,91886,34370,0.4083370295273096,0.4
2952,0.2985,19,52,19,624941,51503,91905,34351,0.4079251679128121,0.4001094882008992
2953,0.2986,21,56,21,624997,51447,91926,34330,0.4074816246356609,0.40022383622649427
2954,0.2987,21,47,21,625044,51400,91947,34309,0.4071093650994804,0.4002963516083492
2955,0.2988,23,54,23,625098,51346,91970,34286,0.4066816626536561,0.40038770553064273
2956,0.2989,26,50,26,625148,51296,91996,34260,0.4062856418704854,0.4004394782364767
2957,0.299,22,48,22,625196,51248,92018,34238,0.40590546191864146,0.40051002503333877
2958,0.2991,24,58,24,625254,51190,92042,34214,0.40544607781016345,0.4006135544002623
2959,0.2992,29,48,29,625302,51142,92071,34185,0.4050658978583196,0.4006352033940019
2960,0.2993,22,61,22,625363,51081,92093,34163,0.40458275250285136,0.40076720942236405
2961,0.2994,24,41,24,625404,51040,92117,34139,0.4042580154606514,0.40079127484473875
2962,0.2995,23,49,23,625453,50991,92140,34116,0.40386991509314407,0.4008600937643202
2963,0.2996,24,48,24,625501,50943,92164,34092,0.4034897351413002,0.4009172693596754
2964,0.2997,25,46,25,625547,50897,92189,34067,0.4031253960207832,0.40095805282237185
2965,0.2998,21,50,21,625597,50847,92210,34046,0.4027293752376125,0.4010460226402648
2966,0.2999,11,50,11,625647,50797,92221,34035,0.4023333544544418,0.40120473406261786
2967,0.3,17,44,17,625691,50753,92238,34018,0.40198485616525154,0.40129289497587617
2968,0.3001,27,49,27,625740,50704,92265,33991,0.4015967557977443,0.401334199185312
2969,0.3002,29,67,29,625807,50637,92294,33962,0.4010660879482955,0.40144682561259587
2970,0.3003,18,45,18,625852,50592,92312,33944,0.40070966924344187,0.4015330746664143
2971,0.3004,14,52,14,625904,50540,92326,33930,0.40029780762894435,0.40168107020243876
2972,0.3005,17,40,17,625944,50500,92343,33913,0.3999809910024078,0.4017509151434021
2973,0.3006,19,51,19,625995,50449,92362,33894,0.39957704980357367,0.4018590754419454
2974,0.3007,23,47,23,626042,50402,92385,33871,0.39920479026739325,0.40191995063662145
2975,0.3008,22,54,22,626096,50348,92407,33849,0.3987770878215689,0.4020214496953573
2976,0.3009,23,53,23,626149,50295,92430,33826,0.39835730579140793,0.40211124451682695
2977,0.301,20,51,20,626200,50244,92450,33806,0.3979533645925738,0.4022129684711481
2978,0.3011,23,39,23,626239,50205,92473,33783,0.39764446838170064,0.4022360337191027
2979,0.3012,22,53,22,626292,50152,92495,33761,0.39722468635153974,0.4023333690846472
2980,0.3013,19,59,19,626351,50093,92514,33742,0.3967573818273983,0.4024810639947516
2981,0.3014,16,39,16,626390,50054,92530,33726,0.3964484856165252,0.4025543089042731
2982,0.3015,30,45,30,626435,50009,92560,33696,0.39609206691167154,0.4025565975748163
2983,0.3016,19,39,19,626474,49970,92579,33677,0.3957831707007984,0.40260858129998683
2984,0.3017,24,40,24,626514,49930,92603,33653,0.39546635407426184,0.40262972135482095
2985,0.3018,18,44,18,626558,49886,92621,33635,0.3951178557850716,0.4027130901210474
2986,0.3019,18,49,18,626607,49837,92639,33617,0.39472975541756433,0.40282071560380567
2987,0.302,22,29,22,626636,49808,92661,33595,0.3945000633633253,0.40280325647758475
2988,0.3021,17,36,17,626672,49772,92678,33578,0.3942149283994424,0.40285542891421716
2989,0.3022,19,45,19,626717,49727,92697,33559,0.3938585096945888,0.40293686814110413
2990,0.3023,19,61,19,626778,49666,92716,33540,0.3933753643391205,0.40309593058192916
2991,0.3024,25,55,25,626833,49611,92741,33515,0.3929397414776327,0.4031831196015687
2992,0.3025,26,46,26,626879,49565,92767,33489,0.3925754023571157,0.4032195920726274
2993,0.3026,14,42,14,626921,49523,92781,33475,0.3922427448992523,0.4033229716378708
2994,0.3027,26,48,26,626969,49475,92807,33449,0.39186256494740845,0.40336935024842024
2995,0.3028,21,47,21,627016,49428,92828,33428,0.391490305411228,0.40344694409578064
2996,0.3029,12,46,12,627062,49382,92840,33416,0.39112596629071095,0.40358462764801084
2997,0.303,14,46,14,627108,49336,92854,33402,0.3907616271701939,0.40370809059924095
2998,0.3031,23,51,23,627159,49285,92877,33379,0.3903576859713598,0.4037912513306881
2999,0.3032,25,54,25,627213,49231,92902,33354,0.38992998352553543,0.40387479566507234
3000,0.3033,20,52,20,627265,49179,92922,33334,0.3895181219110379,0.403984826633379
3001,0.3034,18,46,18,627311,49133,92940,33316,0.3891537827905208,0.40408009799997574
3002,0.3035,23,47,23,627358,49086,92963,33293,0.3887815232543404,0.404144260066279
3003,0.3036,22,53,22,627411,49033,92985,33271,0.38836174122417944,0.4042452371695179
3004,0.3037,23,55,23,627466,48978,93008,33248,0.3879261183626917,0.40434898937075864
3005,0.3038,17,42,17,627508,48936,93025,33231,0.38759346090482827,0.40443243637956844
3006,0.3039,20,63,20,627571,48873,93045,33211,0.3870944747180332,0.40459772915549924
3007,0.304,19,48,19,627619,48825,93064,33192,0.38671429476618935,0.40469658729287833
3008,0.3041,18,47,18,627666,48778,93082,33174,0.3863420352300089,0.4047979304959
3009,0.3042,22,42,22,627708,48736,93104,33152,0.3860093777721455,0.4048456428292302
3010,0.3043,20,37,20,627745,48699,93124,33132,0.3857163223925992,0.4048832349598563
3011,0.3044,14,41,14,627786,48658,93138,33118,0.3853915853503992,0.4049843474858149
3012,0.3045,13,47,13,627833,48611,93151,33105,0.3850193258142187,0.4051226198051789
3013,0.3046,23,47,23,627880,48564,93174,33082,0.3846470662780383,0.40518825172084366
3014,0.3047,14,50,14,627930,48514,93188,33068,0.38425104549486755,0.4053345100634944
3015,0.3048,18,56,18,627986,48458,93206,33050,0.38380750221771637,0.4054816705108701
3016,0.3049,13,56,13,628042,48402,93219,33037,0.3833639589405652,0.4056655901963433
3017,0.305,22,44,22,628086,48358,93241,33015,0.383015460651375,0.4057242574318263
3018,0.3051,20,42,20,628128,48316,93261,32995,0.3826828031935116,0.4057876548068527
3019,0.3052,27,46,27,628174,48270,93288,32968,0.3823184640729945,0.4058199364829267
3020,0.3053,13,53,13,628227,48217,93301,32955,0.3818986820428336,0.40598975016015376
3021,0.3054,16,42,16,628269,48175,93317,32939,0.38156602458497024,0.4060827970510639
3022,0.3055,19,51,19,628320,48124,93336,32920,0.3811620833861361,0.4061991017225211
3023,0.3056,19,48,19,628368,48076,93355,32901,0.38078190343429225,0.40630055447843216
3024,0.3057,26,50,26,628418,48026,93381,32875,0.38038588265112155,0.40636086080518163
3025,0.3058,32,48,32,628466,47978,93413,32843,0.38000570269927764,0.4063671570507665
3026,0.3059,18,46,18,628512,47932,93431,32825,0.3796413635787606,0.4064663125178003
3027,0.306,19,34,19,628546,47898,93450,32806,0.37937206944620455,0.40649781919111816
3028,0.3061,19,37,19,628583,47861,93469,32787,0.3790790140666582,0.4065444896339649
3029,0.3062,23,40,23,628623,47821,93492,32764,0.3787621974401217,0.4065769063721536
3030,0.3063,21,46,21,628669,47775,93513,32743,0.3783978583196046,0.4066544126779105
3031,0.3064,17,57,17,628726,47718,93530,32726,0.37794639462679,0.4068171647357168
3032,0.3065,25,49,25,628775,47669,93555,32701,0.3775582942592827,0.40688067686947865
3033,0.3066,16,43,16,628818,47626,93571,32685,0.3772177163857559,0.40698036383558917
3034,0.3067,33,35,33,628853,47591,93604,32652,0.3769405018375364,0.4069139987288611
3035,0.3068,19,43,19,628896,47548,93623,32633,0.37659992396400965,0.4069916813210112
3036,0.3069,21,40,21,628936,47508,93644,32612,0.37628310733747306,0.4070394408387419
3037,0.307,25,43,25,628979,47465,93669,32587,0.3759425294639463,0.40707290261330137
3038,0.3071,21,45,21,629024,47420,93690,32566,0.37558611075909265,0.4071462505938539
3039,0.3072,16,40,16,629064,47380,93706,32550,0.37526929413255605,0.40723132741148504
3040,0.3073,14,53,14,629117,47327,93720,32536,0.37484951210239514,0.4073976685073188
3041,0.3074,29,43,29,629160,47284,93749,32507,0.37450893422886833,0.4074018372999461
3042,0.3075,23,52,23,629212,47232,93772,32484,0.3740970726143708,0.40749661297606504
3043,0.3076,26,51,26,629263,47181,93798,32458,0.3736931314155367,0.40756413315084317
3044,0.3077,18,34,18,629297,47147,93816,32440,0.3734238372829806,0.40760425697664193
3045,0.3078,16,51,16,629348,47096,93832,32424,0.3730198960841465,0.40774647887323945
3046,0.3079,17,55,17,629403,47041,93849,32407,0.37258427322265875,0.407902023965361
3047,0.308,26,42,26,629445,46999,93875,32381,0.3722516157647953,0.4079239103048627
3048,0.3081,25,45,25,629490,46954,93900,32356,0.37189519705994173,0.4079687302988274
3049,0.3082,15,50,15,629540,46904,93915,32341,0.371499176276771,0.4081140765978926
3050,0.3083,22,40,22,629580,46864,93937,32319,0.37118235965023444,0.40815579101574834
3051,0.3084,12,45,12,629625,46819,93949,32307,0.3708259409453808,0.4082981573692592
3052,0.3085,20,49,20,629674,46770,93969,32287,0.37043784057787355,0.4084015330710753
3053,0.3086,24,31,24,629705,46739,93993,32263,0.3701923076923077,0.4083820662768031
3054,0.3087,25,49,25,629754,46690,94018,32238,0.3698042073248004,0.40844820595986214
3055,0.3088,21,46,21,629800,46644,94039,32217,0.3694398682042834,0.40852893065013124
3056,0.3089,22,39,22,629839,46605,94061,32195,0.3691309719934102,0.40856598984771575
3057,0.309,15,60,15,629899,46545,94076,32180,0.3686557470536054,0.4087646872022864
3058,0.3091,20,52,20,629951,46493,94096,32160,0.36824388543910785,0.4088845943574943
3059,0.3092,19,45,19,629996,46448,94115,32141,0.3678874667342542,0.40897581086411583
3060,0.3093,23,39,23,630035,46409,94138,32118,0.36757857052338105,0.40900581965438637
3061,0.3094,20,44,20,630079,46365,94158,32098,0.36723007223419085,0.40908453666059164
3062,0.3095,24,43,24,630122,46322,94182,32074,0.36688949436066404,0.4091280167355477
3063,0.3096,19,44,19,630166,46278,94201,32055,0.36654099607147383,0.40921450729577574
3064,0.3097,21,43,21,630209,46235,94222,32034,0.366200418197947,0.4092808136043644
3065,0.3098,20,47,20,630256,46188,94242,32014,0.36582815866176654,0.4093757192910667
3066,0.3099,21,47,21,630303,46141,94263,31993,0.3654558991255861,0.4094632298359229
3067,0.31,23,47,23,630350,46094,94286,31970,0.36508363958940565,0.40953576552572246
3068,0.3101,20,47,20,630397,46047,94306,31950,0.3647113800532252,0.40963113965921766
3069,0.3102,15,36,15,630433,46011,94321,31935,0.3644262450893423,0.40970672003694864
3070,0.3103,17,32,17,630465,45979,94338,31918,0.364172791788113,0.4097462033197684
3071,0.3104,15,45,15,630510,45934,94353,31903,0.3638163730832594,0.4098693423436155
3072,0.3105,20,32,20,630542,45902,94373,31883,0.36356291978203015,0.4098862248505496
3073,0.3106,19,31,19,630573,45871,94392,31864,0.3633173868964643,0.409905447996398
3074,0.3107,16,49,16,630622,45822,94408,31848,0.36292928652895706,0.4100424874468907
3075,0.3108,12,48,12,630670,45774,94420,31836,0.36254910657711314,0.41020487050637805
3076,0.3109,26,52,26,630722,45722,94446,31810,0.3621372449626156,0.41028220605685395
3077,0.311,16,50,16,630772,45672,94462,31794,0.36174122417944493,0.41042521880566957
3078,0.3111,18,46,18,630818,45626,94480,31776,0.3613768850589279,0.4105320275961861
3079,0.3112,22,51,22,630869,45575,94502,31754,0.36097294386009376,0.4106350786897542
3080,0.3113,20,50,20,630919,45525,94522,31734,0.3605769230769231,0.41074826233836836
3081,0.3114,23,41,23,630960,45484,94545,31711,0.3602521860347231,0.41079085432994367
3082,0.3115,19,38,19,630998,45446,94564,31692,0.3599512102395134,0.4108480904353237
3083,0.3116,14,39,14,631037,45407,94578,31678,0.3596423140286402,0.41094895245508206
3084,0.3117,20,43,20,631080,45364,94598,31658,0.3593017361551134,0.41102542130819764
3085,0.3118,16,36,16,631116,45328,94614,31642,0.3590166011912305,0.4110952319085358
3086,0.3119,21,48,21,631164,45280,94635,31621,0.35863642123938666,0.41119101182039247
3087,0.312,16,48,16,631212,45232,94651,31605,0.35825624128754274,0.4113252729804651
3088,0.3121,15,39,15,631251,45193,94666,31590,0.35794734507666964,0.4114191943529167
3089,0.3122,19,45,19,631296,45148,94685,31571,0.357590926371816,0.4115147486281104
3090,0.3123,26,51,26,631347,45097,94711,31545,0.35718698517298186,0.4115889460087159
3091,0.3124,20,45,20,631392,45052,94731,31525,0.3568305664681283,0.41167713543230994
3092,0.3125,19,40,19,631432,45012,94750,31506,0.3565137498415917,0.41174625578295304
3093,0.3126,17,50,17,631482,44962,94767,31489,0.356117729058421,0.4118847366286903
3094,0.3127,13,56,13,631538,44906,94780,31476,0.3556741857812698,0.412086617265848
3095,0.3128,21,32,21,631570,44874,94801,31455,0.3554207324800406,0.41209762999646266
3096,0.3129,15,40,15,631610,44834,94816,31440,0.355103915853504,0.4121981278023966
3097,0.313,20,56,20,631666,44778,94836,31420,0.3546603725763528,0.4123467807554004
3098,0.3131,11,33,11,631699,44745,94847,31409,0.35439899885946013,0.41244058092811936
3099,0.3132,19,43,19,631742,44702,94866,31390,0.3540584209859333,0.4125269410713347
3100,0.3133,20,37,20,631779,44665,94886,31370,0.35376536560638705,0.41257315709870457
3101,0.3134,16,50,16,631829,44615,94902,31354,0.3533693448232163,0.41272097829377774
3102,0.3135,16,48,16,631877,44567,94918,31338,0.35298916487137244,0.41285817798563995
3103,0.3136,17,49,17,631926,44518,94935,31321,0.35260106450386514,0.4129933147852688
3104,0.3137,16,40,16,631966,44478,94951,31305,0.3522842478773286,0.4130873678793397
3105,0.3138,17,49,17,632015,44429,94968,31288,0.3518961475098213,0.4132229221971288
3106,0.3139,19,56,19,632071,44373,94987,31269,0.3514526042326701,0.4133814547473626
3107,0.314,11,33,11,632104,44340,94998,31258,0.35119123051577744,0.41347654699859787
3108,0.3141,25,40,25,632144,44300,95023,31233,0.3508744138892409,0.4135013835012511
3109,0.3142,14,38,14,632182,44262,95037,31219,0.3505734380940312,0.4136007737046409
3110,0.3143,25,42,25,632224,44220,95062,31194,0.35024078063616776,0.4136367252764739
3111,0.3144,21,39,21,632263,44181,95083,31173,0.34993188442529466,0.41368739549327177
3112,0.3145,21,48,21,632311,44133,95104,31152,0.34955170447345074,0.4137876070930464
3113,0.3146,23,35,23,632346,44098,95127,31129,0.3492744899252313,0.4138008959549098
3114,0.3147,22,37,22,632383,44061,95149,31107,0.348981434545685,0.4138330140485313
3115,0.3148,15,48,15,632431,44013,95164,31092,0.34860125459384106,0.4139804274016377
3116,0.3149,24,46,24,632477,43967,95188,31068,0.348236915473324,0.41404677817018726
3117,0.315,14,45,14,632522,43922,95202,31054,0.3478804967684704,0.41418587281263336
3118,0.3151,21,44,21,632566,43878,95223,31033,0.3475319984792802,0.41426492771422085
3119,0.3152,18,36,18,632602,43842,95241,31015,0.3472468635153973,0.41432330977730875
3120,0.3153,17,51,17,632653,43791,95258,30998,0.34684292231656316,0.41447271657596707
3121,0.3154,13,44,13,632697,43747,95271,30985,0.34649442402737296,0.41461489054220413
3122,0.3155,20,39,20,632736,43708,95291,30965,0.3461855278164998,0.41467464813252447
3123,0.3156,20,37,20,632773,43671,95311,30945,0.3458924724369535,0.4147233837246703
3124,0.3157,31,37,31,632810,43634,95342,30914,0.34559941705740715,0.41468583999570746
3125,0.3158,23,35,23,632845,43599,95365,30891,0.34532220250918766,0.4146999597261377
3126,0.3159,7,52,7,632897,43547,95372,30884,0.34491034089469014,0.4149346374494498
3127,0.316,19,35,19,632932,43512,95391,30865,0.34463312634647064,0.4149804375008403
3128,0.3161,13,48,13,632980,43464,95404,30852,0.3442529463946268,0.41514613273050216
3129,0.3162,15,46,15,633026,43418,95419,30837,0.34388860727410975,0.41528516598208876
3130,0.3163,16,31,16,633057,43387,95435,30821,0.3436430743885439,0.4153325786977145
3131,0.3164,18,40,18,633097,43347,95453,30803,0.34332625776200737,0.41541469993256913
3132,0.3165,16,50,16,633147,43297,95469,30787,0.3429302369788366,0.4155688137789536
3133,0.3166,20,55,20,633202,43242,95489,30767,0.3424946141173489,0.4157197097650286
3134,0.3167,17,63,17,633265,43179,95506,30750,0.34199562793055377,0.4159396177413464
3135,0.3168,25,39,25,633304,43140,95531,30725,0.34168673171968067,0.4159615514790496
3136,0.3169,24,35,24,633339,43105,95555,30701,0.3414095171714612,0.4159688914180419
3137,0.317,19,37,19,633376,43068,95574,30682,0.34111646179191485,0.4160271186440678
3138,0.3171,19,52,19,633428,43016,95593,30663,0.3407046001774173,0.4161701434601447
3139,0.3172,9,52,9,633480,42964,95602,30654,0.3402927385629198,0.4163927300388492
3140,0.3173,25,36,25,633516,42928,95627,30629,0.34000760359903687,0.41639816740758867
3141,0.3174,15,41,15,633557,42887,95642,30614,0.3396828665568369,0.416511339981769
3142,0.3175,18,40,18,633597,42847,95660,30596,0.33936604993030034,0.41659518265866047
3143,0.3176,23,37,23,633634,42810,95683,30573,0.339072994550754,0.4166223784800294
3144,0.3177,27,49,27,633683,42761,95710,30546,0.3386848941832467,0.41668599178796023
3145,0.3178,19,43,19,633726,42718,95729,30527,0.33834431630971995,0.41677930234145677
3146,0.3179,13,34,13,633760,42684,95742,30514,0.33807502217716384,0.41686931336921773
3147,0.318,21,38,21,633798,42646,95763,30493,0.33777404638195413,0.41691847030995777
3148,0.3181,16,43,16,633841,42603,95779,30477,0.3374334685084273,0.4170361247947455
3149,0.3182,14,48,14,633889,42555,95793,30463,0.33705328855658345,0.4171984990002465
3150,0.3183,13,48,13,633937,42507,95806,30450,0.3366731086047396,0.41736913524404784
3151,0.3184,17,46,17,633983,42461,95823,30433,0.33630876948422256,0.41749663895519523
3152,0.3185,19,36,19,634019,42425,95842,30414,0.3360236345203396,0.4175510372190722
3153,0.3186,17,35,17,634054,42390,95859,30397,0.3357464199721201,0.4176157830381799
3154,0.3187,14,34,14,634088,42356,95873,30383,0.33547712583956407,0.41769889605301147
3155,0.3188,19,37,19,634125,42319,95892,30364,0.33518407046001775,0.4177593109805594
3156,0.3189,17,44,17,634169,42275,95909,30347,0.33483557217082754,0.4178761256919391
3157,0.319,15,35,15,634204,42240,95924,30332,0.33455835762260805,0.4179573389185912
3158,0.3191,21,38,21,634242,42202,95945,30311,0.3342573818273983,0.4180078054969454
3159,0.3192,22,38,22,634280,42164,95967,30289,0.33395640603218857,0.4180503222778905
3160,0.3193,25,36,25,634316,42128,95992,30264,0.3336712710683057,0.41805724389435295
3161,0.3194,21,53,21,634369,42075,96013,30243,0.3332514890381447,0.41819464033850495
3162,0.3195,22,39,22,634408,42036,96035,30221,0.33294259282727157,0.4182432151902238
3163,0.3196,23,47,23,634455,41989,96058,30198,0.3325703332910911,0.4183301702522615
3164,0.3197,22,53,22,634508,41936,96080,30176,0.3321505512609302,0.4184601730641225
3165,0.3198,16,33,16,634541,41903,96096,30160,0.3318891775440375,0.4185226815425392
3166,0.3199,19,41,19,634582,41862,96115,30141,0.33156444050183753,0.4186075580184159
3167,0.32,19,36,19,634618,41826,96134,30122,0.33127930553795465,0.4186634791794073
3168,0.3201,20,36,20,634654,41790,96154,30102,0.3309941705740717,0.4187114004339843
3169,0.3202,29,35,29,634689,41755,96183,30073,0.3307169560258522,0.4186807373169238
3170,0.3203,11,38,11,634727,41717,96194,30062,0.3304159802306425,0.418813301940679
3171,0.3204,18,44,18,634771,41673,96212,30044,0.3300674819414523,0.41892438334007276
3172,0.3205,20,46,20,634817,41627,96232,30024,0.32970314282093527,0.41903113703925976
3173,0.3206,15,37,15,634854,41590,96247,30009,0.32941008744138894,0.41912596544644476
3174,0.3207,19,37,19,634891,41553,96266,29990,0.3291170320618426,0.4191884600869407
3175,0.3208,17,52,17,634943,41501,96283,29973,0.3287051704473451,0.4193552900355374
3176,0.3209,21,49,21,634992,41452,96304,29952,0.3283170700798378,0.4194722984706739
3177,0.321,19,35,19,635027,41417,96323,29933,0.3280398555316183,0.41952347582340577
3178,0.3211,18,39,18,635066,41378,96341,29915,0.32773095932074514,0.4196064129718205
3179,0.3212,18,50,18,635116,41328,96359,29897,0.32733493853757445,0.41975429975429973
3180,0.3213,24,39,24,635155,41289,96383,29873,0.3270260423267013,0.41978865124645176
3181,0.3214,17,45,17,635200,41244,96400,29856,0.32666962362184765,0.419915611814346
3182,0.3215,23,38,23,635238,41206,96423,29833,0.32636864782663794,0.41995242050141474
3183,0.3216,18,35,18,635273,41171,96441,29815,0.32609143327841844,0.42001239681063873
3184,0.3217,24,36,24,635309,41135,96465,29791,0.32580629831453556,0.4200293263401291
3185,0.3218,30,40,30,635349,41095,96495,29761,0.32548948168799896,0.4200208874336683
3186,0.3219,13,53,13,635402,41042,96508,29748,0.32506969965783805,0.42022884588218673
3187,0.322,11,41,11,635443,41001,96519,29737,0.32474496261563807,0.420382255647601
3188,0.3221,13,35,13,635478,40966,96532,29724,0.32446774806741857,0.4204838025180365
3189,0.3222,16,43,16,635521,40923,96548,29708,0.32412717019389176,0.4206085146748595
3190,0.3223,20,40,20,635561,40883,96568,29688,0.3238103535673552,0.4206827166966601
3191,0.3224,18,49,18,635610,40834,96586,29670,0.3234222531998479,0.4208271871099512
3192,0.3225,16,46,16,635656,40788,96602,29654,0.3230579140793309,0.4209704437693422
3193,0.3226,11,39,11,635695,40749,96613,29643,0.3227490178684577,0.4211131946812138
3194,0.3227,11,39,11,635734,40710,96624,29632,0.32244012165758457,0.4212561485314606
3195,0.3228,15,43,15,635777,40667,96639,29617,0.3220995437840578,0.42139035911444994
3196,0.3229,11,32,11,635809,40635,96650,29606,0.32184609048282853,0.42149172135932006
3197,0.323,21,35,21,635844,40600,96671,29585,0.32156887593460903,0.4215288166987248
3198,0.3231,21,38,21,635882,40562,96692,29564,0.3212679001393993,0.4215840059321792
3199,0.3232,20,26,20,635908,40536,96712,29544,0.32106196933215053,0.4215753424657534
3200,0.3233,14,33,14,635941,40503,96726,29530,0.32080059561525787,0.4216583610583582
3201,0.3234,13,32,13,635973,40471,96739,29517,0.32054714231402864,0.4217437274961422
3202,0.3235,17,41,17,636014,40430,96756,29500,0.32022240527182866,0.4218504218504219
3203,0.3236,24,27,24,636041,40403,96780,29476,0.3200085540489165,0.4218148513859672
3204,0.3237,15,40,15,636081,40363,96795,29461,0.31969173742237994,0.4219322868927589
3205,0.3238,26,30,26,636111,40333,96821,29435,0.3194541249524775,0.4218982914803348
3206,0.3239,16,21,16,636132,40312,96837,29419,0.3192877962235458,0.42189270195465434
3207,0.324,18,35,18,636167,40277,96855,29401,0.3190105816753263,0.42195528000229626
3208,0.3241,33,43,33,636210,40234,96888,29368,0.3186700038017995,0.4219418982213155
3209,0.3242,24,33,24,636243,40201,96912,29344,0.31840863008490683,0.42194262707599395
3210,0.3243,15,47,15,636290,40154,96927,29329,0.3180363705487264,0.4221032482765569
3211,0.3244,16,60,16,636350,40094,96943,29313,0.31756114560892157,0.4223349229904765
3212,0.3245,20,29,20,636379,40065,96963,29293,0.31733145355468256,0.42234493497505693
3213,0.3246,17,32,17,636411,40033,96980,29276,0.3170780002534533,0.4223982455380975
3214,0.3247,15,30,15,636441,40003,96995,29261,0.3168403877835509,0.42245610995610994
3215,0.3248,19,39,19,636480,39964,97014,29242,0.31653149157267774,0.42253561829899144
3216,0.3249,23,45,23,636525,39919,97037,29219,0.3161750728678241,0.42261853105383435
3217,0.325,18,37,18,636562,39882,97055,29201,0.31588201748827777,0.4226944400214235
3218,0.3251,17,47,17,636609,39835,97072,29184,0.31550975795209735,0.42284008751213437
3219,0.3252,21,28,21,636637,39807,97093,29163,0.31528798631352173,0.42283601565898216
3220,0.3253,18,33,18,636670,39774,97111,29145,0.31502661259662906,0.422887737779132
3221,0.3254,17,39,17,636709,39735,97128,29128,0.3147177163857559,0.42298476685593134
3222,0.3255,22,51,22,636760,39684,97150,29106,0.31431377518692183,0.4231138246838203
3223,0.3256,25,39,25,636799,39645,97175,29081,0.3140048789760487,0.42314407938771353
3224,0.3257,17,39,17,636838,39606,97192,29064,0.3136959827651755,0.42324159021406726
3225,0.3258,19,37,19,636875,39569,97211,29045,0.3134029273856292,0.4233101116390241
3226,0.3259,16,39,16,636914,39530,97227,29029,0.31309403117475604,0.4234163275427004
3227,0.326,19,32,19,636946,39498,97246,29010,0.3128405778735268,0.4234541951304957
3228,0.3261,18,37,18,636983,39461,97264,28992,0.3125475224939805,0.4235314741501468
3229,0.3262,18,36,18,637019,39425,97282,28974,0.3122623875300976,0.4236026842497697
3230,0.3263,21,34,21,637053,39391,97303,28953,0.3119930933975415,0.4236363104295915
3231,0.3264,25,39,25,637092,39352,97328,28928,0.31168419718666834,0.42366725248974807
3232,0.3265,16,40,16,637132,39312,97344,28912,0.3113673805601318,0.42378048780487804
3233,0.3266,20,24,20,637156,39288,97364,28892,0.31117729058420984,0.4237606336168965
3234,0.3267,14,35,14,637191,39253,97378,28878,0.31090007603599035,0.4238599169247479
3235,0.3268,18,36,18,637227,39217,97396,28860,0.31061494107210746,0.4239317243709329
3236,0.3269,20,46,20,637273,39171,97416,28840,0.31025060195159043,0.42404905088882683
3237,0.327,33,27,33,637300,39144,97449,28807,0.31003675072867826,0.42393783755941783
3238,0.3271,21,32,21,637332,39112,97470,28786,0.309783297427449,0.42395946861468675
3239,0.3272,19,38,19,637370,39074,97489,28767,0.30948232163223927,0.4240356126825961
3240,0.3273,28,33,28,637403,39041,97517,28739,0.3092209479153466,0.42400413101209794
3241,0.3274,20,30,20,637433,39011,97537,28719,0.30898333544544415,0.42402185146906834
3242,0.3275,12,39,12,637472,38972,97549,28707,0.30867443923457105,0.42416406861803513
3243,0.3276,15,36,15,637508,38936,97564,28692,0.3083893042706881,0.4242621399420358
3244,0.3277,15,34,15,637542,38902,97579,28677,0.30812001013813206,0.4243478003521804
3245,0.3278,24,36,24,637578,38866,97603,28653,0.3078348751742491,0.4243694367511367
3246,0.3279,20,37,20,637615,38829,97623,28633,0.30754181979470285,0.4244315318253239
3247,0.328,13,48,13,637663,38781,97636,28620,0.30716163984285894,0.4246227800774469
3248,0.3281,19,49,19,637712,38732,97655,28601,0.3067735394753517,0.42476942955163144
3249,0.3282,11,39,11,637751,38693,97666,28590,0.30646464326447853,0.4249215998097588
3250,0.3283,15,47,15,637798,38646,97681,28575,0.30609238372829806,0.42509037354398177
3251,0.3284,12,28,12,637826,38618,97693,28563,0.3058706120897225,0.4251648531578869
3252,0.3285,23,45,23,637871,38573,97716,28540,0.30551419338486885,0.42525293162278544
3253,0.3286,21,37,21,637908,38536,97737,28519,0.3052211380053225,0.42530758332711954
3254,0.3287,17,35,17,637943,38501,97754,28502,0.304943923457103,0.4253839380326254
3255,0.3288,18,39,18,637982,38462,97772,28484,0.3046350272462299,0.42547725032115435
3256,0.3289,18,25,18,638007,38437,97790,28466,0.3044370168546445,0.4254816674887524
3257,0.329,24,34,24,638041,38403,97814,28442,0.3041677227220885,0.4254918094098287
3258,0.3291,15,38,15,638079,38365,97829,28427,0.3038667469268787,0.4256048628578273
3259,0.3292,15,25,15,638104,38340,97844,28412,0.30366873653529336,0.4256351869606903
3260,0.3293,17,32,17,638136,38308,97861,28395,0.30341528323406414,0.42569299731646254
3261,0.3294,15,26,15,638162,38282,97876,28380,0.30320935242681535,0.425729801086076
3262,0.3295,18,40,18,638202,38242,97894,28362,0.3028925358002788,0.4258302804636358
3263,0.3296,20,46,20,638248,38196,97914,28342,0.3025281966797618,0.4259520875289308
3264,0.3297,14,45,14,638293,38151,97928,28328,0.30217177797490813,0.42611952646700463
3265,0.3298,22,31,22,638324,38120,97950,28306,0.3019262450893423,0.4261283232469214
3266,0.3299,24,43,24,638367,38077,97974,28282,0.3015856672158155,0.42619689868744254
3267,0.33,12,40,12,638407,38037,97986,28270,0.30126885058927894,0.42635015910838975
3268,0.3301,13,29,13,638436,38008,97999,28257,0.30103915853503993,0.42642420584018714
3269,0.3302,11,33,11,638469,37975,98010,28246,0.30077778481814726,0.4265414294559128
3270,0.3303,20,47,20,638516,37928,98030,28226,0.3004055252819668,0.42667110076488196
3271,0.3304,13,43,13,638559,37885,98043,28213,0.30006494740844,0.42683591031498685
3272,0.3305,15,33,15,638592,37852,98058,28198,0.2998035736915473,0.4269190007570023
3273,0.3306,24,26,24,638618,37826,98082,28174,0.2995976428842986,0.42687878787878786
3274,0.3307,15,34,15,638652,37792,98097,28159,0.29932834875174247,0.4269685069218056
3275,0.3308,21,37,21,638689,37755,98118,28138,0.2990352933721962,0.42702563246475345
3276,0.3309,19,31,19,638720,37724,98137,28119,0.29878976048663036,0.42706134289142356
3277,0.331,27,43,27,638763,37681,98164,28092,0.29844918261310355,0.4271053471789336
3278,0.3311,20,39,20,638802,37642,98184,28072,0.2981402864022304,0.42718446601941745
3279,0.3312,25,24,25,638826,37618,98209,28047,0.29795019642630843,0.4271225157998934
3280,0.3313,18,33,18,638859,37585,98227,28029,0.29768882270941577,0.4271801749626604
3281,0.3314,17,45,17,638904,37540,98244,28012,0.2973324040045622,0.42732487185745666
3282,0.3315,23,26,23,638930,37514,98267,27989,0.2971264731973134,0.42729340640886676
3283,0.3316,15,30,15,638960,37484,98282,27974,0.296888860727411,0.427358000549971
3284,0.3317,13,33,13,638993,37451,98295,27961,0.29662748701051833,0.427459793310096
3285,0.3318,11,30,11,639023,37421,98306,27950,0.2963898745406159,0.4275596212387756
3286,0.3319,19,45,19,639068,37376,98325,27931,0.29603345583576224,0.4276876904466596
3287,0.332,20,29,20,639097,37347,98345,27911,0.29580376378152323,0.4277023506696497
3288,0.3321,16,48,16,639145,37299,98361,27895,0.29542358382967937,0.42787679847838755
3289,0.3322,25,36,25,639181,37263,98386,27870,0.2951384488657965,0.42789369444060615
3290,0.3323,22,31,22,639212,37232,98408,27848,0.29489291598023065,0.4279041180086048
3291,0.3324,21,31,21,639243,37201,98429,27827,0.2946473830946648,0.42792335609276005
3292,0.3325,18,31,18,639274,37170,98447,27809,0.294401850209099,0.4279690361501408
3293,0.3326,18,38,18,639312,37132,98465,27791,0.29410087441388927,0.42806093372148546
3294,0.3327,22,33,22,639345,37099,98487,27769,0.2938395006969966,0.4280847259049146
3295,0.3328,17,28,17,639373,37071,98504,27752,0.293617729058421,0.42811964889005444
3296,0.3329,15,39,15,639412,37032,98519,27737,0.29330883284754783,0.4282449937470086
3297,0.333,19,30,19,639442,37002,98538,27718,0.29307122037764544,0.42827564894932013
3298,0.3331,12,29,12,639471,36973,98550,27706,0.29284152832340643,0.4283616011379273
3299,0.3332,22,30,22,639501,36943,98572,27684,0.292603915853504,0.42836585328113636
3300,0.3333,19,30,19,639531,36913,98591,27665,0.2923663033836016,0.42839666759577566
3301,0.3334,20,34,20,639565,36879,98611,27645,0.2920970092510455,0.4284452296819788
3302,0.3335,18,41,18,639606,36838,98629,27627,0.2917722722088455,0.4285581323198635
3303,0.3336,20,22,20,639628,36816,98649,27607,0.2915980230642504,0.4285270788383031
3304,0.3337,17,33,17,639661,36783,98666,27590,0.29133664934735776,0.4285958398707533
3305,0.3338,14,36,14,639697,36747,98680,27576,0.2910515143834748,0.42871134741849726
3306,0.3339,19,36,19,639733,36711,98699,27557,0.29076637941959194,0.42878259787141343
3307,0.334,16,26,16,639759,36685,98715,27541,0.2905604486123432,0.4288138760003737
3308,0.3341,14,37,14,639796,36648,98729,27527,0.2902673932327969,0.42893650175301906
3309,0.3342,15,35,15,639831,36613,98744,27512,0.2899901786845774,0.42903703703703705
3310,0.3343,18,37,18,639868,36576,98762,27494,0.28969712330503106,0.4291243951927579
3311,0.3344,28,42,28,639910,36534,98790,27466,0.2893644658471677,0.42915625
3312,0.3345,15,45,15,639955,36489,98805,27451,0.28900804714231404,0.42932436659368156
3313,0.3346,17,30,17,639985,36459,98822,27434,0.2887704346724116,0.42937410983988855
3314,0.3347,19,38,19,640023,36421,98841,27415,0.2884694588772019,0.42945986590638513
3315,0.3348,16,34,16,640057,36387,98857,27399,0.2882001647446458,0.42954566832847335
3316,0.3349,17,41,17,640098,36346,98874,27382,0.28787542770244584,0.4296698468491087
3317,0.335,12,34,12,640132,36312,98886,27370,0.28760613356988973,0.42979177789642287
3318,0.3351,19,37,19,640169,36275,98905,27351,0.2873130781903434,0.42987143620532486
3319,0.3352,8,33,8,640202,36242,98913,27343,0.28705170447345074,0.43002280412046867
3320,0.3353,12,42,12,640244,36200,98925,27331,0.28671904701558737,0.4301994301994302
3321,0.3354,17,34,17,640278,36166,98942,27314,0.2864497528830313,0.4302772526780088
3322,0.3355,25,37,25,640315,36129,98967,27289,0.286156697503485,0.43030369926519285
3323,0.3356,19,20,19,640335,36109,98986,27270,0.2859982891902167,0.43026870098928666
3324,0.3357,20,33,20,640368,36076,99006,27250,0.285736915473324,0.43031298360862835
3325,0.3358,21,34,21,640402,36042,99027,27229,0.285467621340768,0.4303551390052315
3326,0.3359,21,34,21,640436,36008,99048,27208,0.28519832720821187,0.43039736775499876
3327,0.336,14,40,14,640476,35968,99062,27194,0.2848815105816753,0.4305436813273804
3328,0.3361,21,35,21,640511,35933,99083,27173,0.28460429603345583,0.43059297055747475
3329,0.3362,19,40,19,640551,35893,99102,27154,0.2842874794069193,0.4306945612003743
3330,0.3363,16,41,16,640592,35852,99118,27138,0.2839627423647193,0.43083029052230515
3331,0.3364,18,48,18,640640,35804,99136,27120,0.28358256241287544,0.4309961223062742
3332,0.3365,18,22,18,640662,35782,99154,27102,0.2834083132682803,0.43098403409452324
3333,0.3366,18,36,18,640698,35746,99172,27084,0.2831231783043974,0.43106796116504853
3334,0.3367,15,39,15,640737,35707,99187,27069,0.28281428209352427,0.43119982158786796
3335,0.3368,13,40,13,640777,35667,99200,27056,0.28249746546698773,0.4313569185147394
3336,0.3369,23,26,23,640803,35641,99223,27033,0.28229153465973894,0.4313271851166353
3337,0.337,16,29,16,640832,35612,99239,27017,0.28206184260549994,0.4313816283191493
3338,0.3371,15,30,15,640862,35582,99254,27002,0.28182423013559754,0.4314521283395117
3339,0.3372,15,36,15,640898,35546,99269,26987,0.2815390951717146,0.4315641341371756
3340,0.3373,17,36,17,640934,35510,99286,26970,0.2812539602078317,0.4316581306017926
3341,0.3374,20,30,20,640964,35480,99306,26950,0.2810163477379293,0.43168348550376423
3342,0.3375,16,37,16,641001,35443,99322,26934,0.28072329235838295,0.4317937701396348
3343,0.3376,12,45,12,641046,35398,99334,26922,0.28036687365352936,0.4319961489088575
3344,0.3377,26,34,26,641080,35364,99360,26896,0.28009757952097325,0.4319948602634115
3345,0.3378,19,30,19,641110,35334,99379,26877,0.27985996705107086,0.4320297053575734
3346,0.3379,14,30,14,641140,35304,99393,26863,0.2796223545811684,0.4321102835909727
3347,0.338,15,40,15,641180,35264,99408,26848,0.27930553795463187,0.43225141679546625
3348,0.3381,24,34,24,641214,35230,99432,26824,0.27903624382207576,0.4322686692235795
3349,0.3382,19,37,19,641251,35193,99451,26805,0.2787431884425295,0.43235265653730764
3350,0.3383,15,33,15,641284,35160,99466,26790,0.2784818147256368,0.4324455205811138
3351,0.3384,12,32,12,641316,35128,99478,26778,0.27822836142440754,0.43255904112686977
3352,0.3385,15,33,15,641349,35095,99493,26763,0.2779669877075149,0.43265220343367067
3353,0.3386,15,31,15,641380,35064,99508,26748,0.27772145482194904,0.43273150844496217
3354,0.3387,12,34,12,641414,35030,99520,26736,0.277452160689393,0.43285950199138684
3355,0.3388,11,33,11,641447,34997,99531,26725,0.2771907869725003,0.4329898577492628
3356,0.3389,14,36,14,641483,34961,99545,26711,0.2769056520086174,0.43311389285251006
3357,0.339,21,31,21,641514,34930,99566,26690,0.27666011912305155,0.43313859136643945
3358,0.3391,18,33,18,641547,34897,99584,26672,0.27639874540615894,0.4332050220078286
3359,0.3392,13,31,13,641578,34866,99597,26659,0.2761532125205931,0.4333035351483137
3360,0.3393,17,35,17,641613,34831,99614,26642,0.2758759979723736,0.4333935223594098
3361,0.3394,17,31,17,641644,34800,99631,26625,0.2756304650868078,0.43345543345543347
3362,0.3395,21,27,21,641671,34773,99652,26604,0.2754166138638956,0.43345227039444745
3363,0.3396,14,19,14,641690,34754,99666,26590,0.2752661259662907,0.4334572248304643
3364,0.3397,14,32,14,641722,34722,99680,26576,0.27501267266506146,0.4335541126953571
3365,0.3398,13,36,13,641758,34686,99693,26563,0.2747275377011786,0.4336887132851149
3366,0.3399,20,35,20,641793,34651,99713,26543,0.2744503231529591,0.43375167500081707
3367,0.34,14,37,14,641830,34614,99727,26529,0.27415726777341276,0.4338845002698592
3368,0.3401,10,41,10,641871,34573,99737,26519,0.2738325307312128,0.43408302232698226
3369,0.3402,13,46,13,641917,34527,99750,26506,0.27346819161069574,0.43428964658463454
3370,0.3403,20,28,20,641945,34499,99770,26486,0.2732464199721201,0.4343035172583422
3371,0.3404,12,34,12,641979,34465,99782,26474,0.27297712583956407,0.4344344344344344
3372,0.3405,20,38,20,642017,34427,99802,26454,0.2726761500443543,0.4345198009231123
3373,0.3406,16,34,16,642051,34393,99818,26438,0.27240685591179825,0.4346139303973303
3374,0.3407,8,30,8,642081,34363,99826,26430,0.27216924344189586,0.4347540012830425
3375,0.3408,17,27,17,642108,34336,99843,26413,0.2719553922189836,0.4347890500255148
3376,0.3409,18,31,18,642139,34305,99861,26395,0.2717098593334178,0.43484349258649097
3377,0.341,15,35,15,642174,34270,99876,26380,0.27143264478519835,0.43495465787304205
3378,0.3411,15,21,15,642195,34249,99891,26365,0.2712663160562666,0.4349655195169433
3379,0.3412,15,35,15,642230,34214,99906,26350,0.27098910150804717,0.4350769433987187
3380,0.3413,12,23,12,642253,34191,99918,26338,0.2708069319477886,0.43513026813593486
3381,0.3414,20,33,20,642286,34158,99938,26318,0.27054555823089593,0.4351808982075534
3382,0.3415,15,28,15,642314,34130,99953,26303,0.27032378659232037,0.43524233448612515
3383,0.3416,15,31,15,642345,34099,99968,26288,0.27007825370675453,0.43532548396177984
3384,0.3417,10,30,10,642375,34069,99978,26278,0.2698406412368521,0.43544832386034105
3385,0.3418,15,24,15,642399,34045,99993,26263,0.2696505512609302,0.4354811965245075
3386,0.3419,18,31,18,642430,34014,100011,26245,0.26940501837536435,0.43553660034185765
3387,0.342,16,37,16,642467,33977,100027,26229,0.269111962995818,0.43565425372886424
3388,0.3421,20,36,20,642503,33941,100047,26209,0.26882682803193514,0.43572734829592685
3389,0.3422,16,33,16,642536,33908,100063,26193,0.2685654543150425,0.43581637576745813
3390,0.3423,22,30,22,642566,33878,100085,26171,0.26832784184514,0.4358274076171127
3391,0.3424,13,22,13,642588,33856,100098,26158,0.26815359270054495,0.435864964841537
3392,0.3425,18,26,18,642614,33830,100116,26140,0.26794766189329616,0.4358846089711522
3393,0.3426,16,45,16,642659,33785,100132,26124,0.2675912431884425,0.4360613597289222
3394,0.3427,18,31,18,642690,33754,100150,26106,0.2673457103028767,0.43611760775142
3395,0.3428,15,29,15,642719,33725,100165,26091,0.2671160182486377,0.4361876421024475
3396,0.3429,13,24,13,642743,33701,100178,26078,0.2669259282727158,0.4362401512236739
3397,0.343,15,34,15,642777,33667,100193,26063,0.26665663414015967,0.4363468943579441
3398,0.3431,16,35,16,642812,33632,100209,26047,0.26637941959194017,0.4364516831716349
3399,0.3432,20,26,20,642838,33606,100229,26027,0.26617348878469144,0.43645297067060185
3400,0.3433,10,26,10,642864,33580,100239,26017,0.26596755797744265,0.4365488195714549
3401,0.3434,21,36,21,642900,33544,100260,25996,0.26568242301355977,0.4366140409808532
3402,0.3435,22,38,22,642938,33506,100282,25974,0.26538144721835,0.436684599865501
3403,0.3436,20,23,20,642961,33483,100302,25954,0.2651992776580915,0.4366640308225516
3404,0.3437,15,42,15,643003,33441,100317,25939,0.2648666202002281,0.43683058268777364
3405,0.3438,14,34,14,643037,33407,100331,25925,0.26459732606767206,0.4369480213038495
3406,0.3439,26,32,26,643069,33375,100357,25899,0.2643438727664428,0.4369369369369369
3407,0.344,20,33,20,643102,33342,100377,25879,0.2640824990495501,0.4369902568345688
3408,0.3441,18,35,18,643137,33307,100395,25861,0.2638052845013306,0.4370774743104381
3409,0.3442,19,30,19,643167,33277,100414,25842,0.2635676720314282,0.4371183545053198
3410,0.3443,15,30,15,643197,33247,100429,25827,0.2633300595615258,0.4371974134136845
3411,0.3444,4,28,4,643225,33219,100433,25823,0.2631082879229502,0.43736662037193863
3412,0.3445,11,30,11,643255,33189,100444,25812,0.26287067545304776,0.43748411043880614
3413,0.3446,22,46,22,643301,33143,100466,25790,0.26250633633253073,0.4376155973732883
3414,0.3447,17,28,17,643329,33115,100483,25773,0.2622845646939551,0.437661323189784
3415,0.3448,17,34,17,643363,33081,100500,25756,0.26201527056139906,0.4377517548481398
3416,0.3449,15,34,15,643397,33047,100515,25741,0.261745976428843,0.43786146832686945
3417,0.345,9,35,9,643432,33012,100524,25732,0.2614687618806235,0.4380362249761678
3418,0.3451,13,36,13,643468,32976,100537,25719,0.2611836269167406,0.43818042422693587
3419,0.3452,18,37,18,643505,32939,100555,25701,0.26089057153719425,0.4382844474761255
3420,0.3453,15,28,15,643533,32911,100570,25686,0.2606687998986187,0.4383500861818864
3421,0.3454,19,31,19,643564,32880,100589,25667,0.26042326701305285,0.43839991801458655
3422,0.3455,24,42,24,643606,32838,100613,25643,0.2600906095551895,0.4384842940442195
3423,0.3456,28,30,28,643636,32808,100641,25615,0.25985299708528703,0.43844034027694573
3424,0.3457,34,22,34,643658,32786,100675,25581,0.2596787479406919,0.43827847927767405
3425,0.3458,16,24,16,643682,32762,100691,25565,0.25948865796477,0.4383047302278533
3426,0.3459,18,31,18,643713,32731,100709,25547,0.25924312507920416,0.43836439136552385
3427,0.346,16,22,16,643735,32709,100725,25531,0.25906887593460903,0.43837568681318684
3428,0.3461,19,25,19,643760,32684,100744,25512,0.2588708655430237,0.43838064471785004
3429,0.3462,13,28,13,643788,32656,100757,25499,0.2586490939044481,0.4384661679993122
3430,0.3463,9,37,9,643825,32619,100766,25490,0.2583560385249018,0.4386583833829527
3431,0.3464,20,34,20,643859,32585,100786,25470,0.2580867443923457,0.4387219016449918
3432,0.3465,15,34,15,643893,32551,100801,25455,0.25781745025978964,0.4388339137330621
3433,0.3466,16,35,16,643928,32516,100817,25439,0.25754023571157014,0.43894400828228797
3434,0.3467,21,30,21,643958,32486,100838,25418,0.25730262324166775,0.43896794694667035
3435,0.3468,13,31,13,643989,32455,100851,25405,0.2570570903561019,0.4390770826132043
3436,0.3469,16,18,16,644007,32437,100867,25389,0.25691452287416044,0.43905855497527063
3437,0.347,16,28,16,644035,32409,100883,25373,0.2566927512355848,0.43911598767782356
3438,0.3471,16,39,16,644074,32370,100899,25357,0.25638385502471167,0.4392571933410709
3439,0.3472,14,42,14,644116,32328,100913,25343,0.2560511975668483,0.43944096686376166
3440,0.3473,15,36,15,644152,32292,100928,25328,0.2557660626029654,0.4395695938910101
3441,0.3474,14,37,14,644189,32255,100942,25314,0.2554730072234191,0.4397158192777363
3442,0.3475,17,30,17,644219,32225,100959,25297,0.25523539475351664,0.43977956260213485
3443,0.3476,27,28,27,644247,32197,100986,25270,0.2550136231149411,0.43973062801259855
3444,0.3477,13,22,13,644269,32175,100999,25257,0.25483937397034595,0.4397722524028416
3445,0.3478,12,35,12,644304,32140,101011,25245,0.25456215942212645,0.43992332491069097
3446,0.3479,17,34,17,644338,32106,101028,25228,0.2542928652895704,0.44001813932396133
3447,0.348,16,26,16,644364,32080,101044,25212,0.2540869344823216,0.44006143964253297
3448,0.3481,17,26,17,644390,32054,101061,25195,0.2538810036750729,0.44009502349386015
3449,0.3482,13,23,13,644413,32031,101074,25182,0.25369883411481436,0.4401447223533113
3450,0.3483,11,32,11,644445,31999,101085,25171,0.2534453808135851,0.4402833654014343
3451,0.3484,13,26,13,644471,31973,101098,25158,0.25323945000633635,0.44035637394759414
3452,0.3485,11,28,11,644499,31945,101109,25147,0.25301767836776073,0.4404645134169411
3453,0.3486,19,25,19,644524,31920,101128,25128,0.2528196679761754,0.44047118216238956
3454,0.3487,18,31,18,644555,31889,101146,25110,0.25257413509060955,0.4405340444569203
3455,0.3488,15,35,15,644590,31854,101161,25095,0.25229692054239006,0.4406574303324027
3456,0.3489,14,37,14,644627,31817,101175,25081,0.25200386516284373,0.4408063552321698
3457,0.349,11,23,11,644650,31794,101186,25070,0.2518216956025852,0.4408764772087788
3458,0.3491,20,32,20,644682,31762,101206,25050,0.251568242301356,0.4409279729634584
3459,0.3492,20,28,20,644710,31734,101226,25030,0.2513464706627804,0.44094848847861323
3460,0.3493,19,27,19,644737,31707,101245,25011,0.2511326194398682,0.44097112027927643
3461,0.3494,13,35,13,644772,31672,101258,24998,0.2508554048916487,0.4411152285159696
3462,0.3495,20,29,20,644801,31643,101278,24978,0.2506257128374097,0.44114374525352784
3463,0.3496,23,28,23,644829,31615,101301,24955,0.25040394119883413,0.4411348771433622
3464,0.3497,17,35,17,644864,31580,101318,24938,0.25012672665061464,0.4412399589511306
3465,0.3498,16,25,16,644889,31555,101334,24922,0.24992871625902927,0.4412769800095614
3466,0.3499,15,33,15,644922,31522,101349,24907,0.2496673425421366,0.4413865211150295
3467,0.35,8,32,8,644954,31490,101357,24899,0.24941388924090735,0.4415577506251219
3468,0.3501,21,35,21,644989,31455,101378,24878,0.24913667469268788,0.4416239149344079
3469,0.3502,14,30,14,645019,31425,101392,24864,0.24889906222278546,0.4417204071843522
3470,0.3503,16,27,16,645046,31398,101408,24848,0.24868521099987329,0.4417736372364257
3471,0.3504,15,30,15,645076,31368,101423,24833,0.24844759852997086,0.4418604651162791
3472,0.3505,7,27,7,645103,31341,101430,24826,0.24823374730705866,0.4420033115530472
3473,0.3506,14,23,14,645126,31318,101444,24812,0.24805157774680014,0.4420452520933547
3474,0.3507,22,31,22,645157,31287,101466,24790,0.2478060448612343,0.44207072418282006
3475,0.3508,18,33,18,645190,31254,101484,24772,0.24754467114434164,0.44215185806589796
3476,0.3509,18,27,18,645217,31227,101502,24754,0.24733081992142947,0.4421857415908969
3477,0.351,23,29,23,645246,31198,101525,24731,0.24710112786719046,0.44218562820719126
3478,0.3511,15,28,15,645274,31170,101540,24716,0.24687935622861487,0.44225745267150984
3479,0.3512,16,27,16,645301,31143,101556,24700,0.2466655050057027,0.4423114804004083
3480,0.3513,17,25,17,645326,31118,101573,24683,0.24646749461411735,0.44233974301535817
3481,0.3514,22,39,22,645365,31079,101595,24661,0.2461585984032442,0.4424291352709006
3482,0.3515,24,33,24,645398,31046,101619,24637,0.24589722468635153,0.44245101736616205
3483,0.3516,10,36,10,645434,31010,101629,24627,0.24561208972246865,0.44263709402016643
3484,0.3517,17,32,17,645466,30978,101646,24610,0.2453586364212394,0.4427214506728071
3485,0.3518,12,23,12,645489,30955,101658,24598,0.24517646686098085,0.44278436808093175
3486,0.3519,17,27,17,645516,30928,101675,24581,0.24496261563806868,0.44282909077807203
3487,0.352,16,29,16,645545,30899,101691,24565,0.24473292358382967,0.4428998990336074
3488,0.3521,17,27,17,645572,30872,101708,24548,0.2445190723609175,0.4429447852760736
3489,0.3522,14,27,14,645599,30845,101722,24534,0.24430522113800532,0.4430199172971704
3490,0.3523,19,28,19,645627,30817,101741,24515,0.24408344949942973,0.44305284464685896
3491,0.3524,11,34,11,645661,30783,101752,24504,0.24381415536687365,0.44321449888762277
3492,0.3525,22,30,22,645691,30753,101774,24482,0.24357654289697123,0.4432334570471621
3493,0.3526,13,28,13,645719,30725,101787,24469,0.24335477125839564,0.4433271732434685
3494,0.3527,18,22,18,645741,30703,101805,24451,0.24318052211380053,0.4433223338289154
3495,0.3528,20,26,20,645767,30677,101825,24431,0.24297459130655177,0.4433294621470567
3496,0.3529,13,31,13,645798,30646,101838,24418,0.24272905842098594,0.44344762458230425
3497,0.353,17,35,17,645833,30611,101855,24401,0.24245184387276644,0.44355776921398965
3498,0.3531,15,43,15,645876,30568,101870,24386,0.24211126599923963,0.44375295701859735
3499,0.3532,21,27,21,645903,30541,101891,24365,0.24189741477632745,0.44375842348741484
3500,0.3533,15,24,15,645927,30517,101906,24350,0.24170732480040552,0.44380046293764924
3501,0.3534,21,28,21,645955,30489,101927,24329,0.24148555316182993,0.443814075668576
3502,0.3535,22,30,22,645985,30459,101949,24307,0.2412479406919275,0.4438337654749297
3503,0.3536,10,29,10,646014,30430,101959,24297,0.2410182486376885,0.4439673287408409
3504,0.3537,13,27,13,646041,30403,101972,24284,0.24080439741477633,0.44405434563973156
3505,0.3538,19,33,19,646074,30370,101991,24265,0.24054302369788366,0.44412922119520454
3506,0.3539,13,25,13,646099,30345,102004,24252,0.24034501330629832,0.4442002307819111
3507,0.354,13,28,13,646127,30317,102017,24239,0.24012324166772273,0.44429576948456634
3508,0.3541,20,22,20,646149,30295,102037,24219,0.23994899252312762,0.4442711963899182
3509,0.3542,17,38,17,646187,30257,102054,24202,0.23964801672791788,0.44440771956884995
3510,0.3543,13,19,13,646206,30238,102067,24189,0.23949752883031303,0.44443015415143217
3511,0.3544,20,30,20,646236,30208,102087,24169,0.2392599163604106,0.4444710079629255
3512,0.3545,10,28,10,646264,30180,102097,24159,0.239038144721835,0.44459780268315574
3513,0.3546,18,32,18,646296,30148,102115,24141,0.23878469142060577,0.44467571699607655
3514,0.3547,21,21,21,646317,30127,102136,24120,0.23861836269167405,0.44463288292440134
3515,0.3548,18,42,18,646359,30085,102154,24102,0.23828570523381068,0.44479303153893
3516,0.3549,15,26,15,646385,30059,102169,24087,0.23807977442656192,0.44485280537805194
3517,0.355,11,31,11,646416,30028,102180,24076,0.23783424154099608,0.4449948247819015
3518,0.3551,8,24,8,646440,30004,102188,24068,0.23764415156507412,0.4451102234058293
3519,0.3552,8,25,8,646465,29979,102196,24060,0.23744614117348878,0.44523399766835065
3520,0.3553,16,28,16,646493,29951,102212,24044,0.2372243695349132,0.4453004907861839
3521,0.3554,19,35,19,646528,29916,102231,24025,0.2369471549866937,0.44539404163808605
3522,0.3555,10,23,10,646551,29893,102241,24015,0.23676498542643518,0.44548119017585514
3523,0.3556,11,33,11,646584,29860,102252,24004,0.2365036117095425,0.4456408733105599
3524,0.3557,19,29,19,646613,29831,102271,23985,0.2362739196553035,0.44568529805262375
3525,0.3558,16,20,16,646633,29811,102287,23969,0.23611551134203523,0.4456861286723689
3526,0.3559,11,27,11,646660,29784,102298,23958,0.23590166011912306,0.44579658367757063
3527,0.356,14,29,14,646689,29755,102312,23944,0.23567196806488405,0.4458928471666139
3528,0.3561,21,32,21,646721,29723,102333,23923,0.2354185147636548,0.44594191552026247
3529,0.3562,13,22,13,646743,29701,102346,23910,0.2352442656190597,0.44599056163846973
3530,0.3563,16,35,16,646778,29666,102362,23894,0.2349670510708402,0.44611650485436893
3531,0.3564,11,24,11,646802,29642,102373,23883,0.23477696109491827,0.4462027090144792
3532,0.3565,14,32,14,646834,29610,102387,23869,0.23452350779368902,0.4463247255932235
3533,0.3566,15,34,15,646868,29576,102402,23854,0.23425421366113294,0.44645330338760997
3534,0.3567,16,29,16,646897,29547,102418,23838,0.23402452160689394,0.44652992413599324
3535,0.3568,13,21,13,646918,29526,102431,23825,0.23385819287796222,0.44657082341474386
3536,0.3569,16,25,16,646943,29501,102447,23809,0.23366018248637688,0.44661414368786345
3537,0.357,19,30,19,646973,29471,102466,23790,0.23342257001647446,0.44666829387356605
3538,0.3571,20,17,20,646990,29454,102486,23770,0.23328792295019643,0.44660303622425973
3539,0.3572,10,29,10,647019,29425,102496,23760,0.23305823089595742,0.4467425025853154
3540,0.3573,9,30,9,647049,29395,102505,23751,0.232820618426055,0.446900989726414
3541,0.3574,12,30,12,647079,29365,102517,23739,0.23258300595615258,0.44702847243145527
3542,0.3575,15,27,15,647106,29338,102532,23724,0.2323691547332404,0.4470996193132562
3543,0.3576,20,26,20,647132,29312,102552,23704,0.23216322392599165,0.4471103063226196
3544,0.3577,24,28,24,647160,29284,102576,23680,0.23194145228741606,0.4470961407748659
3545,0.3578,14,34,14,647194,29250,102590,23666,0.23167215815485998,0.4472371305465266
3546,0.3579,18,29,18,647223,29221,102608,23648,0.23144246610062097,0.44729425561293007
3547,0.358,10,22,10,647245,29199,102618,23638,0.23126821695602584,0.44737589189393795
3548,0.3581,8,31,8,647276,29168,102626,23630,0.23102268407046,0.44755483162240994
3549,0.3582,11,32,11,647308,29136,102637,23619,0.23076923076923078,0.44771111742962755
3550,0.3583,18,25,18,647333,29111,102655,23601,0.2305712203776454,0.44773486113219
3551,0.3584,18,27,18,647360,29084,102673,23583,0.23035736915473323,0.447775646989576
3552,0.3585,8,37,8,647397,29047,102681,23575,0.23006431377518693,0.4480065371897685
3553,0.3586,12,26,12,647423,29021,102693,23563,0.22985838296793815,0.4481020842841929
3554,0.3587,14,23,14,647446,28998,102707,23549,0.22967621340767963,0.4481511789445639
3555,0.3588,15,25,15,647471,28973,102722,23534,0.22947820301609428,0.44820690574590055
3556,0.3589,20,27,20,647498,28946,102742,23514,0.2292643517931821,0.44822722073961113
3557,0.359,13,29,13,647527,28917,102755,23501,0.2290346597389431,0.44833835705292074
3558,0.3591,17,28,17,647555,28889,102772,23484,0.2288128881003675,0.44839898420942087
3559,0.3592,25,31,25,647586,28858,102797,23459,0.22856735521480168,0.4484010933348625
3560,0.3593,13,29,13,647615,28829,102810,23446,0.22833766316056267,0.4485126733620277
3561,0.3594,11,19,11,647634,28810,102821,23435,0.2281871752629578,0.448559670781893
3562,0.3595,18,37,18,647671,28773,102839,23417,0.2278941198834115,0.4486874880245258
3563,0.3596,22,25,22,647696,28748,102861,23395,0.22769610949182614,0.44867000364382564
3564,0.3597,13,27,13,647723,28721,102874,23382,0.22748225826891394,0.44876494635625586
3565,0.3598,14,26,14,647749,28695,102888,23368,0.22727632746166518,0.44884082745904
3566,0.3599,14,28,14,647777,28667,102902,23354,0.2270545558230896,0.44893408431210474
3567,0.36,20,36,20,647813,28631,102922,23334,0.22676942085920668,0.4490330029827769
3568,0.3601,15,24,15,647837,28607,102937,23319,0.22657933088328475,0.44908138504795286
3569,0.3602,19,27,19,647864,28580,102956,23300,0.22636547966037257,0.4491133384734002
3570,0.3603,17,31,17,647895,28549,102973,23283,0.22611994677480673,0.44920126562741164
3571,0.3604,14,35,14,647930,28514,102987,23269,0.22584273222658724,0.44935596624374796
3572,0.3605,14,33,14,647963,28481,103001,23255,0.2255813585096946,0.44949358280501006
3573,0.3606,19,19,19,647982,28462,103020,23236,0.22543087061208972,0.4494564586637781
3574,0.3607,15,34,15,648016,28428,103035,23221,0.22516157647953364,0.4495924412863753
3575,0.3608,14,31,14,648047,28397,103049,23207,0.2249160435939678,0.4497132005270909
3576,0.3609,15,31,15,648078,28366,103064,23192,0.22467051070840197,0.4498234997478568
3577,0.361,17,22,17,648100,28344,103081,23175,0.22449626156380686,0.44983404180981773
3578,0.3611,17,31,17,648131,28313,103098,23158,0.22425072867824103,0.4499232577567951
3579,0.3612,11,25,11,648156,28288,103109,23147,0.22405271828665568,0.45002430251774084
3580,0.3613,11,23,11,648179,28265,103120,23136,0.22387054872639717,0.45010797455302426
3581,0.3614,18,29,18,648208,28236,103138,23118,0.22364085667215816,0.45016941231452273
3582,0.3615,12,35,12,648243,28201,103150,23106,0.22336364212393867,0.45034790574385564
3583,0.3616,16,32,16,648275,28169,103166,23090,0.22311018882270942,0.4504574806375466
3584,0.3617,18,39,18,648314,28130,103184,23072,0.22280129261183626,0.4506073981485098
3585,0.3618,23,30,23,648344,28100,103207,23049,0.22256368014193384,0.4506246456431211
3586,0.3619,19,27,19,648371,28073,103226,23030,0.22234982891902166,0.4506584740621881
3587,0.362,14,23,14,648394,28050,103240,23016,0.22216765935876315,0.45071084478909645
3588,0.3621,11,33,11,648427,28017,103251,23005,0.22190628564187048,0.4508839324213085
3589,0.3622,13,16,13,648443,28001,103264,22992,0.22177955899125587,0.45088541564528467
3590,0.3623,10,27,10,648470,27974,103274,22982,0.2215657077683437,0.45101656330952195
3591,0.3624,12,29,12,648499,27945,103286,22970,0.2213360157141047,0.4511440636354709
3592,0.3625,13,20,13,648519,27925,103299,22957,0.2211776074008364,0.45118116426241106
3593,0.3626,13,18,13,648537,27907,103312,22944,0.22103503991889495,0.45120056636054356
3594,0.3627,14,34,14,648571,27873,103326,22930,0.22076574578633887,0.45135129815168396
3595,0.3628,18,33,18,648604,27840,103344,22912,0.2205043720694462,0.4514501891551072
3596,0.3629,10,26,10,648630,27814,103354,22902,0.22029844126219744,0.4515734679391119
3597,0.363,21,18,21,648648,27796,103375,22881,0.220155873780256,0.4515066006275036
3598,0.3631,14,35,14,648683,27761,103389,22867,0.2198786592320365,0.4516670617049854
3599,0.3632,11,28,11,648711,27733,103400,22856,0.21965688759346091,0.4517978216608354
3600,0.3633,17,21,17,648732,27712,103417,22839,0.2194905588645292,0.45180115131253584
3601,0.3634,11,31,11,648763,27681,103428,22828,0.21924502597896336,0.45195905680175813
3602,0.3635,12,25,12,648788,27656,103440,22816,0.21904701558737802,0.4520526232366461
3603,0.3636,13,35,13,648823,27621,103453,22803,0.21876980103915852,0.45222513089005234
3604,0.3637,17,25,17,648848,27596,103470,22786,0.21857179064757318,0.4522646977094994
3605,0.3638,14,22,14,648870,27574,103484,22772,0.21839754150297808,0.45231001469828785
3606,0.3639,16,33,16,648903,27541,103500,22756,0.2181361677860854,0.45243255064914406
3607,0.364,16,20,16,648923,27521,103516,22740,0.21797775947281714,0.4524382722190167
3608,0.3641,20,29,20,648952,27492,103536,22720,0.21774806741857813,0.45248147853102844
3609,0.3642,16,20,16,648972,27472,103552,22704,0.21758965910530984,0.45248724489795916
3610,0.3643,17,34,17,649006,27438,103569,22687,0.21732036497275378,0.45260847880299254
3611,0.3644,10,20,10,649026,27418,103579,22677,0.21716195665948548,0.4526799081744685
3612,0.3645,20,19,20,649045,27399,103599,22657,0.21701146876188063,0.45263305098289913
3613,0.3646,20,25,20,649070,27374,103619,22637,0.21681345837029528,0.4526404191077963
3614,0.3647,17,26,17,649096,27348,103636,22620,0.21660752756304652,0.4526897214217099
3615,0.3648,15,21,15,649117,27327,103651,22605,0.2164411988341148,0.4527156933429464
3616,0.3649,19,33,19,649150,27294,103670,22586,0.21617982511722214,0.45280673616680034
3617,0.365,10,26,10,649176,27268,103680,22576,0.21597389430997338,0.4529331514324693
3618,0.3651,10,26,10,649202,27242,103690,22566,0.21576796350272462,0.45305974943784133
3619,0.3652,10,20,10,649222,27222,103700,22556,0.21560955518945635,0.4531319056611354
3620,0.3653,16,24,16,649246,27198,103716,22540,0.21541946521353442,0.4531746350878604
3621,0.3654,20,20,20,649266,27178,103736,22520,0.21526105690026612,0.45313694716085157
3622,0.3655,29,18,29,649284,27160,103765,22491,0.21511848941832468,0.45298181305512475
3623,0.3656,11,25,11,649309,27135,103776,22480,0.21492047902673933,0.45308878363398164
3624,0.3657,12,29,12,649338,27106,103788,22468,0.21469078697250032,0.4532214467261064
3625,0.3658,16,27,16,649365,27079,103804,22452,0.21447693574958815,0.45329187781389435
3626,0.3659,16,32,16,649397,27047,103820,22436,0.2142234824483589,0.45340824121415435
3627,0.366,17,27,17,649424,27020,103837,22419,0.21400963122544672,0.45346790994963493
3628,0.3661,17,23,17,649447,26997,103854,22402,0.21382746166518818,0.45349096135549305
3629,0.3662,15,27,15,649474,26970,103869,22387,0.213613610442276,0.4535729481127297
3630,0.3663,10,19,10,649493,26951,103879,22377,0.21346312254467115,0.45363687966266625
3631,0.3664,13,25,13,649518,26926,103892,22364,0.2132651121530858,0.45372286467843376
3632,0.3665,10,27,10,649545,26899,103902,22354,0.21305126093017362,0.45386067853734796
3633,0.3666,13,50,13,649595,26849,103915,22341,0.2126552401470029,0.45417767838991663
3634,0.3667,11,20,11,649615,26829,103926,22330,0.21249683183373463,0.454240322219736
3635,0.3668,18,24,18,649639,26805,103944,22312,0.2123067418578127,0.4542622717185496
3636,0.3669,12,29,12,649668,26776,103956,22300,0.2120770498035737,0.45439726139049635
3637,0.367,14,30,14,649698,26746,103970,22286,0.21183943733367128,0.4545194974710393
3638,0.3671,16,25,16,649723,26721,103986,22270,0.21164142694208593,0.4545732889714437
3639,0.3672,16,23,16,649746,26698,104002,22254,0.2114592573818274,0.4546085961758457
3640,0.3673,17,26,17,649772,26672,104019,22237,0.21125332657457863,0.45466069639534645
3641,0.3674,18,28,18,649800,26644,104037,22219,0.21103155493600304,0.45472034054396987
3642,0.3675,14,35,14,649835,26609,104051,22205,0.21075434038778354,0.45488999057647395
3643,0.3676,10,27,10,649862,26582,104061,22195,0.21054048916487136,0.4550300346474773
3644,0.3677,13,16,13,649878,26566,104074,22182,0.21041376251425675,0.45503405267908426
3645,0.3678,14,18,14,649896,26548,104088,22168,0.21027119503231528,0.4550455702438624
3646,0.3679,14,19,14,649915,26529,104102,22154,0.21012070713471043,0.4550664503009264
3647,0.368,10,20,10,649935,26509,104112,22144,0.20996229882144216,0.45514151234250716
3648,0.3681,9,25,9,649960,26484,104121,22135,0.2097642884298568,0.4552746868508196
3649,0.3682,22,19,22,649979,26465,104143,22113,0.20961380053225193,0.45520606035654
3650,0.3683,15,26,15,650005,26439,104158,22098,0.20940786972500317,0.4552815377959083
3651,0.3684,11,19,11,650024,26420,104169,22087,0.2092573818273983,0.45533634320819677
3652,0.3685,15,18,15,650042,26402,104184,22072,0.20911481434545684,0.4553368816272641
3653,0.3686,12,20,12,650062,26382,104196,22060,0.20895640603218857,0.4553899508690806
3654,0.3687,15,25,15,650087,26357,104211,22045,0.20875839564060322,0.4554563860997479
3655,0.3688,16,30,16,650117,26327,104227,22029,0.2085207831707008,0.45555877243775333
3656,0.3689,12,21,12,650138,26306,104239,22017,0.20835445444176912,0.45562154667549615
3657,0.369,19,27,19,650165,26279,104258,21998,0.2081406032188569,0.4556621165358245
3658,0.3691,12,28,12,650193,26251,104270,21986,0.20791883158028132,0.45579119762837655
3659,0.3692,13,31,13,650224,26220,104283,21973,0.20767329869471549,0.4559375842964746
3660,0.3693,10,20,10,650244,26200,104293,21963,0.20751489038144721,0.45601395261923056
3661,0.3694,11,22,11,650266,26178,104304,21952,0.2073406412368521,0.45609806773322253
3662,0.3695,15,21,15,650287,26157,104319,21937,0.20717431250792043,0.45612758348234705
3663,0.3696,21,12,21,650299,26145,104340,21916,0.20707926751995945,0.4560038284679886
3664,0.3697,10,28,10,650327,26117,104350,21906,0.20685749588138386,0.45615642504633197
3665,0.3698,24,29,24,650356,26088,104374,21882,0.20662780382714485,0.4561601000625391
3666,0.3699,12,28,12,650384,26060,104386,21870,0.20640603218856926,0.45629042353432087
3667,0.37,14,25,14,650409,26035,104400,21856,0.20620802179698391,0.45636967279864693
3668,0.3701,22,21,22,650430,26014,104422,21834,0.2060416930680522,0.45632001337568967
3669,0.3702,15,18,15,650448,25996,104437,21819,0.20589912558611076,0.4563212381051971
3670,0.3703,13,20,13,650468,25976,104450,21806,0.2057407172728425,0.45636432129253696
3671,0.3704,21,13,21,650481,25963,104471,21785,0.2056377518692181,0.45624947641786046
3672,0.3705,9,23,9,650504,25940,104480,21776,0.20545558230895958,0.45636683711962445
3673,0.3706,13,19,13,650523,25921,104493,21763,0.20530509441135472,0.45640046975924836
3674,0.3707,15,34,15,650557,25887,104508,21748,0.20503580027879864,0.45655505405689095
3675,0.3708,14,19,14,650576,25868,104522,21734,0.20488531238119376,0.4565774547287929
3676,0.3709,9,24,9,650600,25844,104531,21725,0.20469522240527183,0.45670499695179634
3677,0.371,11,31,11,650631,25813,104542,21714,0.204449689519706,0.4568771435184211
3678,0.3711,12,29,12,650660,25784,104554,21702,0.20421999746546698,0.45701891083687823
3679,0.3712,13,29,13,650689,25755,104567,21689,0.20399030541122798,0.45714948149397183
3680,0.3713,16,22,16,650711,25733,104583,21673,0.20381605626663288,0.45717841623423194
3681,0.3714,14,16,14,650727,25717,104597,21659,0.20368932961601824,0.4571724079702803
3682,0.3715,14,18,14,650745,25699,104611,21645,0.2035467621340768,0.45718570462994257
3683,0.3716,17,22,17,650767,25677,104628,21628,0.2033725129894817,0.4572032554698235
3684,0.3717,16,27,16,650794,25650,104644,21612,0.20315866176656952,0.45728069061825566
3685,0.3718,20,29,20,650823,25621,104664,21592,0.20292896971233051,0.4573316671255798
3686,0.3719,10,31,10,650854,25590,104674,21582,0.20268343682676468,0.4575171712032562
3687,0.372,22,25,22,650879,25565,104696,21560,0.2024854264351793,0.45750663129973473
3688,0.3721,11,23,11,650902,25542,104707,21549,0.2023032568749208,0.4576033637000701
3689,0.3722,13,15,13,650917,25527,104720,21536,0.2021844506399696,0.45759938805431016
3690,0.3723,17,21,17,650938,25506,104737,21519,0.20201812191103788,0.45760765550239235
3691,0.3724,19,13,19,650951,25493,104756,21500,0.2019151565074135,0.45751494903496265
3692,0.3725,24,28,24,650979,25465,104780,21476,0.20169338486883792,0.45751049189407983
3693,0.3726,14,18,14,650997,25447,104794,21462,0.20155081738689645,0.45752414248864826
3694,0.3727,14,16,14,651013,25431,104808,21448,0.20142409073628184,0.4575182917724354
3695,0.3728,19,22,19,651035,25409,104827,21429,0.20124984159168674,0.4575131303642342
3696,0.3729,9,24,9,651059,25385,104836,21420,0.2010597516157648,0.4576434141651533
3697,0.373,9,23,9,651082,25362,104845,21411,0.20087758205550627,0.4577640946700019
3698,0.3731,10,30,10,651112,25332,104855,21401,0.20063996958560384,0.45794192540603
3699,0.3732,21,23,21,651135,25309,104876,21380,0.20045780002534533,0.45792370793977166
3700,0.3733,14,36,14,651171,25273,104890,21366,0.20017266506146242,0.45811445356890157
3701,0.3734,18,18,18,651189,25255,104908,21348,0.20003009757952098,0.45808209771903097
3702,0.3735,17,36,17,651225,25219,104925,21331,0.19974496261563807,0.4582384532760473
3703,0.3736,9,26,9,651251,25193,104934,21322,0.1995390318083893,0.45838976674191123
3704,0.3737,15,24,15,651275,25169,104949,21307,0.19934894183246737,0.45845167398227044
3705,0.3738,11,31,11,651306,25138,104960,21296,0.19910340894690154,0.4586294525563165
3706,0.3739,12,16,12,651322,25122,104972,21284,0.1989766822962869,0.4586475886738784
3707,0.374,16,21,16,651343,25101,104988,21268,0.1988103535673552,0.45866850697664385
3708,0.3741,10,26,10,651369,25075,104998,21258,0.19860442276010645,0.4588090561802603
3709,0.3742,14,22,14,651391,25053,105012,21244,0.19843017361551135,0.4588634252759358
3710,0.3743,18,21,18,651412,25032,105030,21226,0.19826384488657964,0.45886116995979076
3711,0.3744,14,20,14,651432,25012,105044,21212,0.19810543657331137,0.45889581169955
3712,0.3745,13,23,13,651455,24989,105057,21199,0.19792326701305285,0.4589720273664155
3713,0.3746,10,20,10,651475,24969,105067,21189,0.19776485869978455,0.45905368516833484
3714,0.3747,16,21,16,651496,24948,105083,21173,0.19759852997085287,0.4590750417380369
3715,0.3748,9,23,9,651519,24925,105092,21164,0.19741636041059435,0.4591985072359999
3716,0.3749,16,20,16,651539,24905,105108,21148,0.19725795209732608,0.45921004060538945
3717,0.375,15,14,15,651553,24891,105123,21133,0.19714706627803827,0.45917347470884756
3718,0.3751,16,28,16,651581,24863,105139,21117,0.19692529463946268,0.4592648977816442
3719,0.3752,18,27,18,651608,24836,105157,21099,0.1967114434165505,0.45932295635136605
3720,0.3753,19,22,19,651630,24814,105176,21080,0.1965371942719554,0.4593193009979518
3721,0.3754,17,33,17,651663,24781,105193,21063,0.19627582055506274,0.4594494372218829
3722,0.3755,14,25,14,651688,24756,105207,21049,0.1960778101634774,0.4595349852636175
3723,0.3756,20,20,20,651708,24736,105227,21029,0.1959194018502091,0.459499617611712
3724,0.3757,13,22,13,651730,24714,105240,21016,0.195745152705614,0.45956702383555653
3725,0.3758,19,30,19,651760,24684,105259,20997,0.19550754023571157,0.45964405332632824
3726,0.3759,9,30,9,651790,24654,105268,20988,0.19526992776580915,0.4598396214013409
3727,0.376,9,28,9,651818,24626,105277,20979,0.19504815612723356,0.4600153491941673
3728,0.3761,16,21,16,651839,24605,105293,20963,0.19488182739830187,0.46003774578651685
3729,0.3762,13,24,13,651863,24581,105306,20950,0.19469173742237994,0.46012606795370187
3730,0.3763,9,23,9,651886,24558,105315,20941,0.1945095678621214,0.46025187366755316
3731,0.3764,18,21,18,651907,24537,105333,20923,0.1943432391331897,0.4602507699076111
3732,0.3765,18,25,18,651932,24512,105351,20905,0.19414522874160436,0.46029019970495627
3733,0.3766,14,29,14,651961,24483,105365,20891,0.19391553668736536,0.46041786044871513
3734,0.3767,9,21,9,651982,24462,105374,20882,0.19374920795843367,0.4605239943542696
3735,0.3768,17,27,17,652009,24435,105391,20865,0.19353535673552147,0.4605960264900662
3736,0.3769,13,24,13,652033,24411,105404,20852,0.19334526675959954,0.46068532797207434
3737,0.377,16,33,16,652066,24378,105420,20836,0.19308389304270687,0.4608307161498651
3738,0.3771,15,18,15,652084,24360,105435,20821,0.19294132556076543,0.4608353068767845
3739,0.3772,17,21,17,652105,24339,105452,20804,0.19277499683183374,0.4608466428903706
3740,0.3773,9,26,9,652131,24313,105461,20795,0.19256906602458498,0.4610046998315155
3741,0.3774,18,19,18,652150,24294,105479,20777,0.1924185781269801,0.4609837811453041
3742,0.3775,7,22,7,652172,24272,105486,20770,0.192244328982385,0.46112517206163134
3743,0.3776,17,25,17,652197,24247,105503,20753,0.19204631859079965,0.4611777777777778
3744,0.3777,16,34,16,652231,24213,105519,20737,0.19177702445824357,0.4613348164627364
3745,0.3778,16,26,16,652257,24187,105535,20721,0.1915710936509948,0.4614099937650307
3746,0.3779,8,18,8,652275,24169,105543,20713,0.19142852616905334,0.4614990419321777
3747,0.378,19,35,19,652310,24134,105562,20694,0.19115131162083387,0.4616311234050147
3748,0.3781,12,22,12,652332,24112,105574,20682,0.19097706247623875,0.4617136223601375
3749,0.3782,19,25,19,652357,24087,105593,20663,0.1907790520846534,0.4617430167597765
3750,0.3783,13,21,13,652378,24066,105606,20650,0.1906127233557217,0.46180338134001253
3751,0.3784,15,17,15,652395,24049,105621,20635,0.19047807628944366,0.46179840658848803
3752,0.3785,13,21,13,652416,24028,105634,20622,0.19031174756051197,0.4618589025755879
3753,0.3786,8,30,8,652446,23998,105642,20614,0.19007413509060955,0.46207298484712633
3754,0.3787,8,23,8,652469,23975,105650,20606,0.18989196553035104,0.4622148448890783
3755,0.3788,11,13,11,652482,23962,105661,20595,0.18978900012672664,0.46221693561056626
3756,0.3789,10,23,10,652505,23939,105671,20585,0.18960683056646813,0.4623349204923187
3757,0.379,16,23,16,652528,23916,105687,20569,0.1894246610062096,0.4623805777228279
3758,0.3791,7,17,7,652545,23899,105694,20562,0.18929001393993156,0.46247272890848157
3759,0.3792,11,23,11,652568,23876,105705,20551,0.18910784437967304,0.4625790622819457
3760,0.3793,10,24,10,652592,23852,105715,20541,0.1889177544037511,0.46270808460793367
3761,0.3794,11,20,11,652612,23832,105726,20530,0.18875934609048284,0.4627834633244669
3762,0.3795,13,25,13,652637,23807,105739,20517,0.18856133569889746,0.4628869235628553
3763,0.3796,10,14,10,652651,23793,105749,20507,0.18845044987960968,0.4629119638826185
3764,0.3797,14,23,14,652674,23770,105763,20493,0.18826828031935117,0.4629826265729842
3765,0.3798,19,17,19,652691,23753,105782,20474,0.1881336332530731,0.46292988445971917
3766,0.3799,13,17,13,652708,23736,105795,20461,0.1879989861867951,0.4629499739801344
3767,0.38,17,27,17,652735,23709,105812,20444,0.1877851349638829,0.4630262949289969
3768,0.3801,11,28,11,652763,23681,105823,20433,0.18756336332530732,0.4631862900666455
3769,0.3802,12,21,12,652784,23660,105835,20421,0.1873970345963756,0.4632608153172569
3770,0.3803,15,23,15,652807,23637,105850,20406,0.1872148650361171,0.4633199373339691
3771,0.3804,10,17,10,652824,23620,105860,20396,0.18708021796983906,0.46337695383496913
3772,0.3805,17,26,17,652850,23594,105877,20379,0.1868742871625903,0.46344347667887115
3773,0.3806,14,31,14,652881,23563,105891,20365,0.18662875427702447,0.46359952649790565
3774,0.3807,19,22,19,652903,23541,105910,20346,0.18645450513242934,0.46359969922756167
3775,0.3808,15,30,15,652933,23511,105925,20331,0.18621689266252692,0.46373340632270427
3776,0.3809,24,22,24,652955,23489,105949,20307,0.18604264351793182,0.46367248150516027
3777,0.381,11,18,11,652973,23471,105960,20296,0.18590007603599037,0.46372837982955195
3778,0.3811,9,28,9,653001,23443,105969,20287,0.18567830439741478,0.46391493254058996
3779,0.3812,13,24,13,653025,23419,105982,20274,0.18548821442149285,0.4640102533586616
3780,0.3813,12,34,12,653059,23385,105994,20262,0.18521892028893677,0.4642243453158293
3781,0.3814,16,19,16,653078,23366,106010,20246,0.1850684323913319,0.4642300284325415
3782,0.3815,17,24,17,653102,23342,106027,20229,0.18487834241540996,0.46427669780358494
3783,0.3816,10,18,10,653120,23324,106037,20219,0.18473577493346852,0.46434558941735754
3784,0.3817,9,32,9,653152,23292,106046,20210,0.18448232163223927,0.4645763413176406
3785,0.3818,14,25,14,653177,23267,106060,20196,0.18428431124065392,0.46467109955594416
3786,0.3819,19,17,19,653194,23250,106079,20177,0.18414966417437587,0.4646187855481613
3787,0.382,17,18,17,653212,23232,106096,20160,0.18400709669243442,0.4646017699115044
3788,0.3821,11,23,11,653235,23209,106107,20149,0.1838249271321759,0.4647123944831404
3789,0.3822,12,18,12,653253,23191,106119,20137,0.18368235965023444,0.46475720088626293
3790,0.3823,9,23,9,653276,23168,106128,20128,0.18350019008997592,0.4648928307464893
3791,0.3824,7,32,7,653308,23136,106135,20121,0.18324673678874667,0.46515014910881475
3792,0.3825,15,18,15,653326,23118,106150,20106,0.18310416930680523,0.4651582454192115
3793,0.3826,17,16,17,653342,23102,106167,20089,0.1829774426561906,0.4651200481581811
3794,0.3827,14,29,14,653371,23073,106181,20075,0.1827477506019516,0.4652591081857792
3795,0.3828,16,18,16,653389,23055,106197,20059,0.18260518312001014,0.4652549055991093
3796,0.3829,9,28,9,653417,23027,106206,20050,0.18238341148143455,0.46544559741857605
3797,0.383,15,22,15,653439,23005,106221,20035,0.18220916233683943,0.46549721189591076
3798,0.3831,14,23,14,653462,22982,106235,20021,0.1820269927765809,0.4655721693835314
3799,0.3832,20,23,20,653485,22959,106255,20001,0.1818448232163224,0.465572625698324
3800,0.3833,10,17,10,653502,22942,106265,19991,0.18171017615004437,0.46563249714671695
3801,0.3834,13,16,13,653518,22926,106278,19978,0.18158344949942973,0.46564422897631924
3802,0.3835,14,19,14,653537,22907,106292,19964,0.18143296160182487,0.46567609806162674
3803,0.3836,16,20,16,653557,22887,106308,19948,0.18127455328855657,0.46569394186996615
3804,0.3837,11,27,11,653584,22860,106319,19937,0.1810607020656444,0.46585041007547257
3805,0.3838,13,18,13,653602,22842,106332,19924,0.18091813458370296,0.46588411354814574
3806,0.3839,11,20,11,653622,22822,106343,19913,0.18075972627043468,0.46596466596466596
3807,0.384,11,17,11,653639,22805,106354,19902,0.18062507920415663,0.4660125974664575
3808,0.3841,18,27,18,653666,22778,106372,19884,0.18041122798124445,0.4660822277436595
3809,0.3842,11,24,11,653690,22754,106383,19873,0.18022113800532252,0.46620686419405544
3810,0.3843,9,23,9,653713,22731,106392,19864,0.180038968445064,0.4663458152365301
3811,0.3844,11,20,11,653733,22711,106403,19853,0.1798805601317957,0.4664270275350061
3812,0.3845,12,19,12,653752,22692,106415,19841,0.17973007223419085,0.46648484705992993
3813,0.3846,11,22,11,653774,22670,106426,19830,0.17955582308959575,0.46658823529411764
3814,0.3847,20,18,20,653792,22652,106446,19810,0.17941325560765428,0.46653478404220244
3815,0.3848,16,21,16,653813,22631,106462,19794,0.1792469268787226,0.46656452563347084
3816,0.3849,13,16,13,653829,22615,106475,19781,0.17912020022810798,0.46657703556939334
3817,0.385,8,19,8,653848,22596,106483,19773,0.1789697123305031,0.4666855483962331
3818,0.3851,12,21,12,653869,22575,106495,19761,0.17880338360157141,0.466765873015873
3819,0.3852,16,30,16,653899,22545,106511,19745,0.178565771131669,0.46689524710333413
3820,0.3853,9,21,9,653920,22524,106520,19736,0.1783994424027373,0.4670137245622338
3821,0.3854,18,19,18,653939,22505,106538,19718,0.17824895450513242,0.4669966605878313
3822,0.3855,18,19,18,653958,22486,106556,19700,0.17809846660752757,0.4669795666808894
3823,0.3856,10,21,10,653979,22465,106566,19690,0.17793213787859588,0.467085754951963
3824,0.3857,13,17,13,653996,22448,106579,19677,0.17779749081231783,0.4671097922848665
3825,0.3858,11,23,11,654019,22425,106590,19666,0.1776153212520593,0.46722577273051247
3826,0.3859,16,21,16,654040,22404,106606,19650,0.17744899252312762,0.4672563846483093
3827,0.386,15,24,15,654064,22380,106621,19635,0.17725890254720567,0.4673330953230989
3828,0.3861,13,27,13,654091,22353,106634,19622,0.1770450513242935,0.4674687313877308
3829,0.3862,18,15,18,654106,22338,106652,19604,0.1769262450893423,0.4674073720852606
3830,0.3863,12,29,12,654135,22309,106664,19592,0.1766965530351033,0.4675783394191069
3831,0.3864,8,21,8,654156,22288,106672,19584,0.1765302243061716,0.46771111960259837
3832,0.3865,14,25,14,654181,22263,106686,19570,0.17633221391458623,0.46781249252982093
3833,0.3866,14,14,14,654195,22249,106700,19556,0.17622132809529845,0.467790934098792
3834,0.3867,18,17,18,654212,22232,106718,19538,0.1760866810290204,0.46775197510174765
3835,0.3868,12,13,12,654225,22219,106730,19526,0.17598371562539603,0.4677446400766559
3836,0.3869,10,24,10,654249,22195,106740,19516,0.1757936256494741,0.4678861691160605
3837,0.387,16,22,16,654271,22173,106756,19500,0.17561937650487897,0.46792887481102874
3838,0.3871,15,16,15,654287,22157,106771,19485,0.17549264985426435,0.4679170068680659
3839,0.3872,14,16,14,654303,22141,106785,19471,0.17536592320364972,0.4679179082956839
3840,0.3873,11,20,11,654323,22121,106796,19460,0.17520751489038144,0.46800221254900076
3841,0.3874,15,23,15,654346,22098,106811,19445,0.17502534533012293,0.4680692294730761
3842,0.3875,15,25,15,654371,22073,106826,19430,0.17482733493853758,0.4681589282702455
3843,0.3876,8,13,8,654384,22060,106834,19422,0.1747243695349132,0.46820307603297817
3844,0.3877,9,20,9,654404,22040,106843,19413,0.17456596122164492,0.4683135116879357
3845,0.3878,13,26,13,654430,22014,106856,19400,0.17436003041439616,0.468440623943594
3846,0.3879,13,27,13,654457,21987,106869,19387,0.17414617919148398,0.4685793010102963
3847,0.388,16,24,16,654481,21963,106885,19371,0.17395608921556202,0.46864566700537086
3848,0.3881,15,20,15,654501,21943,106900,19356,0.17379768090229375,0.4686796290467082
3849,0.3882,25,23,25,654524,21920,106925,19331,0.17361551134203523,0.46861894257108916
3850,0.3883,12,19,12,654543,21901,106937,19319,0.17346502344443038,0.46868025230470645
3851,0.3884,12,22,12,654565,21879,106949,19307,0.17329077429983525,0.4687757976011266
3852,0.3885,6,19,6,654584,21860,106955,19301,0.1731402864022304,0.46891474939870265
3853,0.3886,13,24,13,654608,21836,106968,19288,0.17295019642630846,0.4690205232953993
3854,0.3887,16,23,16,654631,21813,106984,19272,0.17276802686604992,0.46907630522088356
3855,0.3888,24,27,24,654658,21786,107008,19248,0.17255417564313774,0.46907442608568506
3856,0.3889,13,15,13,654673,21771,107021,19235,0.17243536940818655,0.4690776959469346
3857,0.389,17,21,17,654694,21750,107038,19218,0.17226904067925486,0.4690978324545987
3858,0.3891,10,25,10,654719,21725,107048,19208,0.17207103028766949,0.4692546356240686
3859,0.3892,13,20,13,654739,21705,107061,19195,0.17191262197440121,0.4693154034229829
3860,0.3893,15,21,15,654760,21684,107076,19180,0.17174629324546953,0.4693617854346124
3861,0.3894,17,24,17,654784,21660,107093,19163,0.1715562032695476,0.4694167503613159
3862,0.3895,11,15,11,654799,21645,107104,19152,0.17143739703459637,0.46944628281491285
3863,0.3896,10,31,10,654830,21614,107114,19142,0.17119186414903054,0.4696731769555403
3864,0.3897,13,17,13,654847,21597,107127,19129,0.1710572170827525,0.4696999459804547
3865,0.3898,14,15,14,654862,21582,107141,19115,0.1709384108478013,0.46969064058775833
3866,0.3899,18,27,18,654889,21555,107159,19097,0.1707245596248891,0.46976778510282396
3867,0.39,12,24,12,654913,21531,107171,19085,0.17053446964896718,0.4698887138073666
3868,0.3901,15,20,15,654933,21511,107186,19070,0.1703760613356989,0.4699243488331978
3869,0.3902,9,28,9,654961,21483,107195,19061,0.17015428969712332,0.4701312154696133
3870,0.3903,11,19,11,654980,21464,107206,19050,0.17000380179951843,0.4702078293923088
3871,0.3904,6,26,6,655006,21438,107212,19044,0.16979787099226967,0.470431302801245
3872,0.3905,19,20,19,655026,21418,107231,19025,0.1696394626790014,0.47041515218950125
3873,0.3906,10,25,10,655051,21393,107241,19015,0.16944145228741606,0.47057513363690356
3874,0.3907,12,26,12,655077,21367,107253,19003,0.16923552148016727,0.47072083230121375
3875,0.3908,7,22,7,655099,21345,107260,18996,0.16906127233557217,0.47088569941250835
3876,0.3909,13,18,13,655117,21327,107273,18983,0.16891870485363072,0.4709253287025552
3877,0.391,17,17,17,655134,21310,107290,18966,0.16878405778735267,0.47090078458635415
3878,0.3911,11,17,11,655151,21293,107301,18955,0.16864941072107464,0.47095507851321805
3879,0.3912,13,19,13,655170,21274,107314,18942,0.1684989228234698,0.4710065645514223
3880,0.3913,12,19,12,655189,21255,107326,18930,0.1683484349258649,0.47107129525942515
3881,0.3914,7,21,7,655210,21234,107333,18923,0.16818210619693322,0.47122544014742135
3882,0.3915,19,25,19,655235,21209,107352,18904,0.16798409580534787,0.47126866601849776
3883,0.3916,14,21,14,655256,21188,107366,18890,0.16781776707641616,0.4713309047357653
3884,0.3917,16,20,16,655276,21168,107382,18874,0.1676593587631479,0.47135507716897257
3885,0.3918,17,19,17,655295,21149,107399,18857,0.16750887086554303,0.4713542968554717
3886,0.3919,11,18,11,655313,21131,107410,18846,0.16736630338360156,0.47142106711359033
3887,0.392,10,21,10,655334,21110,107420,18836,0.16719997465466988,0.4715365743754068
3888,0.3921,11,19,11,655353,21091,107431,18825,0.16704948675706502,0.47161539232388017
3889,0.3922,12,20,12,655373,21071,107443,18813,0.16689107844379672,0.47169290943736836
3890,0.3923,18,22,18,655395,21049,107461,18795,0.16671682929920162,0.4717146872803935
3891,0.3924,8,19,8,655414,21030,107469,18787,0.16656634140159676,0.47183363889795815
3892,0.3925,16,28,16,655442,21002,107485,18771,0.16634456976302117,0.47195333517713023
3893,0.3926,9,13,9,655455,20989,107494,18762,0.16624160435939678,0.4719881260848784
3894,0.3927,16,33,16,655488,20956,107510,18746,0.1659802306425041,0.4721676489849378
3895,0.3928,5,17,5,655505,20939,107515,18741,0.16584558357622609,0.4723034274193548
3896,0.3929,16,26,16,655531,20913,107531,18725,0.16563965276897732,0.4724002220091831
3897,0.393,11,13,11,655544,20900,107542,18714,0.16553668736535293,0.47240874438329883
3898,0.3931,10,24,10,655568,20876,107552,18704,0.165346597389431,0.47256189994946945
3899,0.3932,12,15,12,655583,20861,107564,18692,0.16522779115447978,0.47258109372234725
3900,0.3933,16,24,16,655607,20837,107580,18676,0.16503770117855784,0.4726545693822286
3901,0.3934,7,18,7,655625,20819,107587,18669,0.1648951336966164,0.4727765397082658
3902,0.3935,13,15,13,655640,20804,107600,18656,0.16477632746166518,0.4727825646224024
3903,0.3936,11,15,11,655655,20789,107611,18645,0.16465752122671398,0.47281533701881623
3904,0.3937,13,19,13,655674,20770,107624,18632,0.1645070333291091,0.47286939749251305
3905,0.3938,10,25,10,655699,20745,107634,18622,0.16430902293752375,0.4730357913988874
3906,0.3939,10,21,10,655720,20724,107644,18612,0.16414269420859207,0.47315436241610737
3907,0.394,10,23,10,655743,20701,107654,18602,0.16396052464833355,0.4732972037757932
3908,0.3941,15,28,15,655771,20673,107669,18587,0.16373875300975796,0.47343352012226186
3909,0.3942,14,19,14,655790,20654,107683,18573,0.16358826511215308,0.47347490249063146
3910,0.3943,11,16,11,655806,20638,107694,18562,0.16346153846153846,0.4735204081632653
3911,0.3944,14,21,14,655827,20617,107708,18548,0.16329520973260678,0.47358611004723605
3912,0.3945,12,22,12,655849,20595,107720,18536,0.16312096058801165,0.473690935575375
3913,0.3946,12,25,12,655874,20570,107732,18524,0.1629229501964263,0.473832301631964
3914,0.3947,5,16,5,655890,20554,107737,18519,0.1627962235458117,0.47395899982084816
3915,0.3948,3,17,3,655907,20537,107740,18516,0.16266157647953364,0.47412490717742556
3916,0.3949,13,23,13,655930,20514,107753,18503,0.16247940691927512,0.4742291821513699
3917,0.395,12,20,12,655950,20494,107765,18491,0.16232099860600685,0.47431063229447223
3918,0.3951,21,22,21,655972,20472,107786,18470,0.16214674946141172,0.47429510554157467
3919,0.3952,13,17,13,655989,20455,107799,18457,0.1620121023951337,0.47432668585526316
3920,0.3953,8,21,8,656010,20434,107807,18449,0.161845773666202,0.4744747061697914
3921,0.3954,8,21,8,656031,20413,107815,18441,0.1616794449372703,0.4746229474442786
3922,0.3955,9,19,9,656050,20394,107824,18432,0.16152895703966544,0.4747334260547056
3923,0.3956,13,19,13,656069,20375,107837,18419,0.16137846914206058,0.47478991596638653
3924,0.3957,10,19,10,656088,20356,107847,18409,0.1612279812444557,0.47488714046175673
3925,0.3958,13,13,13,656101,20343,107860,18396,0.16112501584083133,0.4748702857585379
3926,0.3959,15,23,15,656124,20320,107875,18381,0.16094284628057282,0.4749489677269321
3927,0.396,18,10,18,656134,20310,107893,18363,0.16086364212393867,0.47482739896051507
3928,0.3961,14,27,14,656161,20283,107907,18349,0.1606497909010265,0.4749689376682543
3929,0.3962,16,18,16,656179,20265,107923,18333,0.16050722341908502,0.4749727965179543
3930,0.3963,10,22,10,656201,20243,107933,18323,0.16033297427448992,0.47510760773738525
3931,0.3964,16,13,16,656214,20230,107949,18307,0.16023000887086555,0.4750499519941874
3932,0.3965,20,24,20,656238,20206,107969,18287,0.1600399188949436,0.475073389967007
3933,0.3966,11,20,11,656258,20186,107980,18276,0.15988151058167532,0.4751702979564245
3934,0.3967,12,18,12,656276,20168,107992,18264,0.15973894309973388,0.47522897585345547
3935,0.3968,9,14,9,656290,20154,108001,18255,0.15962805728044607,0.47527923143013356
3936,0.3969,16,28,16,656318,20126,108017,18239,0.15940628564187048,0.47540727225335594
3937,0.397,15,21,15,656339,20105,108032,18224,0.1592399569129388,0.47546244358057865
3938,0.3971,11,24,11,656363,20081,108043,18213,0.15904986693701686,0.47560975609756095
3939,0.3972,9,27,9,656390,20054,108052,18204,0.1588360157141047,0.4758220502901354
3940,0.3973,9,26,9,656416,20028,108061,18195,0.1586300849068559,0.47602229024409387
3941,0.3974,5,23,5,656439,20005,108066,18190,0.15844791534659738,0.4762403455949732
3942,0.3975,8,16,8,656455,19989,108074,18182,0.15832118869598277,0.47633019831809487
3943,0.3976,14,22,14,656477,19967,108088,18168,0.15814693955138764,0.4764127441982431
3944,0.3977,5,17,5,656494,19950,108093,18163,0.15801229248510962,0.47655655550599535
3945,0.3978,16,17,16,656511,19933,108109,18147,0.1578776454188316,0.47654936974789913
3946,0.3979,20,22,20,656533,19911,108129,18127,0.15770339627423646,0.4765497660234502
3947,0.398,14,21,14,656554,19890,108143,18113,0.15753706754530478,0.4766202668210404
3948,0.3981,8,18,8,656572,19872,108151,18105,0.15739450006336334,0.47673591910893437
3949,0.3982,23,19,23,656591,19853,108174,18082,0.15724401216575845,0.476657440358508
3950,0.3983,16,11,16,656602,19842,108190,18066,0.15715688759346091,0.4765748654637543
3951,0.3984,15,18,15,656620,19824,108205,18051,0.15701432011151945,0.4765940594059406
3952,0.3985,11,19,11,656639,19805,108216,18040,0.1568638322139146,0.47668119963007
3953,0.3986,15,15,15,656654,19790,108231,18025,0.15674502597896336,0.47666269998677774
3954,0.3987,15,17,15,656671,19773,108246,18010,0.15661037891268534,0.47666940158272236
3955,0.3988,14,22,14,656693,19751,108260,17996,0.15643612976809024,0.4767531194532016
3956,0.3989,19,24,19,656717,19727,108279,17977,0.1562460397921683,0.4767929132187566
3957,0.399,9,16,9,656733,19711,108288,17968,0.15611931314155367,0.47687040526553254
3958,0.3991,12,15,12,656748,19696,108300,17956,0.15600050690660247,0.4768936577074259
3959,0.3992,13,18,13,656766,19678,108313,17943,0.155857939424661,0.4769410701469924
3960,0.3993,6,14,6,656780,19664,108319,17937,0.15574705360537322,0.4770351852344353
3961,0.3994,14,20,14,656800,19644,108333,17923,0.15558864529210492,0.477094258258578
3962,0.3995,11,29,11,656829,19615,108344,17912,0.15535895323786592,0.47730967037066646
3963,0.3996,11,18,11,656847,19597,108355,17901,0.15521638575592447,0.47738546055789643
3964,0.3997,12,18,12,656865,19579,108367,17889,0.155073818273983,0.47744742179993593
3965,0.3998,15,20,15,656885,19559,108382,17874,0.15491540996071473,0.47749312104293
3966,0.3999,12,21,12,656906,19538,108394,17862,0.15474908123178305,0.47759358288770054
3967,0.4,16,23,16,656929,19515,108410,17846,0.15456691167152453,0.47766387409330585
3968,0.4001,12,10,12,656939,19505,108422,17834,0.15448770751489038,0.4776239320817376
3969,0.4002,14,14,14,656953,19491,108436,17820,0.15437682169560257,0.47760713998552706
3970,0.4003,12,18,12,656971,19473,108448,17808,0.15423425421366113,0.4776695904079826
3971,0.4004,9,17,9,656988,19456,108457,17799,0.1540996071473831,0.47776137431217286
3972,0.4005,18,11,18,656999,19445,108475,17781,0.15401248257508554,0.4776500295492398
3973,0.4006,11,22,11,657021,19423,108486,17770,0.15383823343049044,0.4777780765197752
3974,0.4007,8,14,8,657035,19409,108494,17762,0.15372734761120263,0.47784563234779803
3975,0.4008,17,20,17,657055,19389,108511,17745,0.15356893929793436,0.47786395217321054
3976,0.4009,14,13,14,657068,19376,108525,17731,0.15346597389430996,0.4778343708734201
3977,0.401,9,18,9,657086,19358,108534,17722,0.15332340641236852,0.4779395900755124
3978,0.4011,9,15,9,657101,19343,108543,17713,0.1532046001774173,0.4780062607944732
3979,0.4012,17,22,17,657123,19321,108560,17696,0.1530303510328222,0.4780506253883351
3980,0.4013,7,19,7,657142,19302,108567,17689,0.15287986313521734,0.4781973993674137
3981,0.4014,10,24,10,657166,19278,108577,17679,0.1526897731592954,0.4783667505479341
3982,0.4015,13,13,13,657179,19265,108590,17666,0.15258680775567102,0.47835152040291357
3983,0.4016,17,15,17,657194,19250,108607,17649,0.15246800152071982,0.4783056451394347
3984,0.4017,14,11,14,657205,19239,108621,17635,0.15238087694842226,0.47825025763410534
3985,0.4018,10,21,10,657226,19218,108631,17625,0.15221454821949057,0.47838123931275955
3986,0.4019,13,13,13,657239,19205,108644,17612,0.15211158281586618,0.4783659722410843
3987,0.402,7,12,7,657251,19193,108651,17605,0.1520165378279052,0.47842274036632426
3988,0.4021,5,26,5,657277,19167,108656,17600,0.15181060702065644,0.47869012973590447
3989,0.4022,12,20,12,657297,19147,108668,17588,0.15165219870738816,0.4787804546073227
3990,0.4023,13,12,13,657309,19135,108681,17575,0.15155715371942718,0.4787523835467175
3991,0.4024,14,22,14,657331,19113,108695,17561,0.15138290457483208,0.47884059551726016
3992,0.4025,15,25,15,657356,19088,108710,17546,0.15118489418324674,0.47895397717966914
3993,0.4026,9,12,9,657368,19076,108719,17537,0.15108984919528576,0.4789828749351323
3994,0.4027,15,19,15,657387,19057,108734,17522,0.1509393612976809,0.4790180158014161
3995,0.4028,13,18,13,657405,19039,108747,17509,0.15079679381573946,0.47906862208602385
3996,0.4029,22,16,22,657421,19023,108769,17487,0.15067006716512482,0.4789646672144618
3997,0.403,11,18,11,657439,19005,108780,17476,0.15052749968318338,0.479043885858392
3998,0.4031,15,16,15,657455,18989,108795,17461,0.15040077303256874,0.479039780521262
3999,0.4032,16,22,16,657477,18967,108811,17445,0.15022652388797364,0.4791002966055147
4000,0.4033,12,13,12,657490,18954,108823,17433,0.15012355848434925,0.4790996784565916
4001,0.4034,16,21,16,657511,18933,108839,17417,0.14995722975541756,0.47914718019257224
4002,0.4035,9,25,9,657536,18908,108848,17408,0.1497592193638322,0.4793479458090098
4003,0.4036,14,13,14,657549,18895,108862,17394,0.14965625396020782,0.4793188018407782
4004,0.4037,12,14,12,657563,18881,108874,17382,0.14954536814092004,0.4793315500648043
4005,0.4038,11,21,11,657584,18860,108885,17371,0.14937903941198835,0.4794512986116861
4006,0.4039,13,20,13,657604,18840,108898,17358,0.14922063109872005,0.47952925575998673
4007,0.404,12,15,12,657619,18825,108910,17346,0.14910182486376886,0.47955544496972713
4008,0.4041,11,12,11,657631,18813,108921,17335,0.14900677987580788,0.47955626867323226
4009,0.4042,17,20,17,657651,18793,108938,17318,0.1488483715625396,0.47957686023649304
4010,0.4043,15,9,15,657660,18784,108953,17303,0.14877708782156887,0.4794801452046443
4011,0.4044,11,18,11,657678,18766,108964,17292,0.14863452033962743,0.4795607077486272
4012,0.4045,10,26,10,657704,18740,108974,17282,0.14842858953237867,0.4797623674421187
4013,0.4046,7,16,7,657720,18724,108981,17275,0.14830186288176403,0.47987444095669324
4014,0.4047,11,20,11,657740,18704,108992,17264,0.14814345456849576,0.47998220640569395
4015,0.4048,12,15,12,657755,18689,109004,17252,0.14802464833354453,0.48000890348070446
4016,0.4049,15,24,15,657779,18665,109019,17237,0.1478345583576226,0.4801125285499415
4017,0.405,6,15,6,657794,18650,109025,17231,0.1477157521226714,0.48022630361472646
4018,0.4051,16,14,16,657808,18636,109041,17215,0.1476048663033836,0.48018186382527683
4019,0.4052,9,14,9,657822,18622,109050,17206,0.14749398048409582,0.48023891928100926
4020,0.4053,12,25,12,657847,18597,109062,17194,0.14729597009251044,0.48040010058394567
4021,0.4054,14,21,14,657868,18576,109076,17180,0.14712964136357876,0.4804788007607115
4022,0.4055,11,17,11,657885,18559,109087,17169,0.14699499429730073,0.4805474697716077
4023,0.4056,11,14,11,657899,18545,109098,17158,0.14688410847801292,0.4805758619723833
4024,0.4057,9,20,9,657919,18525,109107,17149,0.14672570016474465,0.48071424566911475
4025,0.4058,8,21,8,657940,18504,109115,17141,0.14655937143581296,0.480880908963389
4026,0.4059,9,23,9,657963,18481,109124,17132,0.14637720187555442,0.4810602869738579
4027,0.406,15,21,15,657984,18460,109139,17117,0.14621087314662273,0.48112544621525144
4028,0.4061,12,17,12,658001,18443,109151,17105,0.1460762260803447,0.48118037582986384
4029,0.4062,12,18,12,658019,18425,109163,17093,0.14593365859840324,0.4812489441973084
4030,0.4063,10,22,10,658041,18403,109173,17083,0.14575940945380814,0.481401115933044
4031,0.4064,8,16,8,658057,18387,109181,17075,0.14563268280319352,0.48150132536235973
4032,0.4065,11,14,11,658071,18373,109192,17064,0.14552179698390572,0.4815306036064001
4033,0.4066,14,19,14,658090,18354,109206,17050,0.14537130908630086,0.48158400180770533
4034,0.4067,6,28,6,658118,18326,109212,17044,0.14514953744772527,0.4818772971444727
4035,0.4068,10,11,10,658129,18315,109222,17034,0.1450624128754277,0.4818806755495205
4036,0.4069,15,22,15,658151,18293,109237,17019,0.1448881637308326,0.48196080652469414
4037,0.407,6,17,6,658168,18276,109243,17013,0.14475351666455455,0.48210490521125565
4038,0.4071,12,17,12,658185,18259,109255,17001,0.14461886959827652,0.482161089052751
4039,0.4072,17,14,17,658199,18245,109272,16984,0.1445079837789887,0.48210281302336144
4040,0.4073,24,12,24,658211,18233,109296,16960,0.14441293879102776,0.48191401699201547
4041,0.4074,7,16,7,658227,18217,109303,16953,0.14428621214041312,0.48203013932328687
4042,0.4075,10,24,10,658251,18193,109313,16943,0.1440961221644912,0.4822119763205829
4043,0.4076,16,24,16,658275,18169,109329,16927,0.14390603218856926,0.48230567586049694
4044,0.4077,12,15,12,658290,18154,109341,16915,0.14378722595361804,0.48233482562947333
4045,0.4078,8,19,8,658309,18135,109349,16907,0.14363673805601318,0.4824781690542777
4046,0.4079,9,18,9,658327,18117,109358,16898,0.14349417057407174,0.48259317435384835
4047,0.408,11,9,11,658336,18108,109369,16887,0.143422886833101,0.48255465066438064
4048,0.4081,15,16,15,658352,18092,109384,16872,0.14329616018248637,0.48255348358311406
4049,0.4082,11,17,11,658369,18075,109395,16861,0.14316151311620834,0.4826253721089993
4050,0.4083,14,22,14,658391,18053,109409,16847,0.14298726397161324,0.4827220630372493
4051,0.4084,10,18,10,658409,18035,109419,16837,0.14284469648967177,0.4828228951594402
4052,0.4085,11,20,11,658429,18015,109430,16826,0.1426862881764035,0.48293676989753453
4053,0.4086,10,16,10,658445,17999,109440,16816,0.14255956152578889,0.4830101967542726
4054,0.4087,9,13,9,658458,17986,109449,16807,0.1424565961221645,0.4830569367401489
4055,0.4088,12,14,12,658472,17972,109461,16795,0.14234571030287668,0.4830730290217735
4056,0.4089,15,18,15,658490,17954,109476,16780,0.14220314282093524,0.48310013243507804
4057,0.409,9,15,9,658505,17939,109485,16771,0.14208433658598404,0.48317487755690003
4058,0.4091,10,19,10,658524,17920,109495,16761,0.14193384868837916,0.48329056255586633
4059,0.4092,10,23,10,658547,17897,109505,16751,0.14175167912812064,0.4834622489032556
4060,0.4093,11,17,11,658564,17880,109516,16740,0.14161703206184262,0.48353552859618715
4061,0.4094,8,24,8,658588,17856,109524,16732,0.14142694208592066,0.48375159014687175
4062,0.4095,15,15,15,658603,17841,109539,16717,0.14130813585096946,0.4837374848081486
4063,0.4096,8,16,8,658619,17825,109547,16709,0.14118140920035482,0.4838420107719928
4064,0.4097,18,26,18,658645,17799,109565,16691,0.14097547839310606,0.48393737315163815
4065,0.4098,15,17,15,658662,17782,109580,16676,0.14084083132682804,0.48395147716060133
4066,0.4099,12,22,12,658684,17760,109592,16664,0.14066658218223294,0.48408087380897047
4067,0.41,8,22,8,658706,17738,109600,16656,0.1404923330376378,0.48427051229865675
4068,0.4101,8,15,8,658721,17723,109608,16648,0.1403735268026866,0.48436181664775535
4069,0.4102,13,19,13,658740,17704,109621,16635,0.14022303890508173,0.4844346078802528
4070,0.4103,16,21,16,658761,17683,109637,16619,0.14005671017615004,0.4844907002507142
4071,0.4104,14,21,14,658782,17662,109651,16605,0.13989038144721835,0.48457699827822687
4072,0.4105,12,11,12,658793,17651,109663,16593,0.1398032568749208,0.48455203831328114
4073,0.4106,19,19,19,658812,17632,109682,16574,0.13965276897731593,0.4845348769221774
4074,0.4107,9,15,9,658827,17617,109691,16565,0.1395339627423647,0.4846117839798724
4075,0.4108,14,18,14,658845,17599,109705,16551,0.13939139526042327,0.48465592972181554
4076,0.4109,9,17,9,658862,17582,109714,16542,0.13925674819414524,0.4847614582112296
4077,0.411,15,13,15,658875,17569,109729,16527,0.13915378279052085,0.48471961520412954
4078,0.4111,16,21,16,658896,17548,109745,16511,0.13898745406158916,0.4847764173933468
4079,0.4112,13,21,13,658917,17527,109758,16498,0.13882112533265745,0.48487876561351945
4080,0.4113,8,24,8,658941,17503,109766,16490,0.13863103535673552,0.48509987350336836
4081,0.4114,12,15,12,658956,17488,109778,16478,0.13851222912178432,0.48513219101454397
4082,0.4115,8,19,8,658975,17469,109786,16470,0.13836174122417944,0.48528241845664283
4083,0.4116,11,11,11,658986,17458,109797,16459,0.1382746166518819,0.4852728720110859
4084,0.4117,11,19,11,659005,17439,109808,16448,0.13812412875427701,0.4853778735208192
4085,0.4118,9,16,9,659021,17423,109817,16439,0.1379974021036624,0.48547043883999763
4086,0.4119,10,18,10,659039,17405,109827,16429,0.13785483462172093,0.48557663888396285
4087,0.412,13,17,13,659056,17388,109840,16416,0.1377201875554429,0.48562300319488816
4088,0.4121,12,26,12,659082,17362,109852,16404,0.13751425674819415,0.4858141325593793
4089,0.4122,13,15,13,659097,17347,109865,16391,0.13739545051324292,0.4858319995257573
4090,0.4123,16,15,16,659112,17332,109881,16375,0.13727664427829173,0.48580413563948144
4091,0.4124,15,21,15,659133,17311,109896,16360,0.13711031554936004,0.48587805529981287
4092,0.4125,14,24,14,659157,17287,109910,16346,0.13692022557343808,0.486010763238486
4093,0.4126,10,9,10,659166,17278,109920,16336,0.13684894183246737,0.4859879811983102
4094,0.4127,18,22,18,659188,17256,109938,16318,0.13667469268787225,0.48603085721093703
4095,0.4128,11,14,11,659202,17242,109949,16307,0.13656380686858446,0.4860651584249903
4096,0.4129,14,13,14,659215,17229,109963,16293,0.13646084146496007,0.4860390191516019
4097,0.413,13,13,13,659228,17216,109976,16280,0.1363578760613357,0.4860281824695486
4098,0.4131,12,15,12,659243,17201,109988,16268,0.13623906982638448,0.4860617287639308
4099,0.4132,11,13,11,659256,17188,109999,16257,0.1361361044227601,0.48608162655105397
4100,0.4133,13,21,13,659277,17167,110012,16244,0.1359697756938284,0.4861871838616025
4101,0.4134,11,31,11,659308,17136,110023,16233,0.1357242428082626,0.48646947765890497
4102,0.4135,10,22,10,659330,17114,110033,16223,0.13554999366366746,0.4866364699883013
4103,0.4136,9,11,9,659341,17103,110042,16214,0.13546286909136993,0.4866584626466969
4104,0.4137,13,17,13,659358,17086,110055,16201,0.13532822202509187,0.4867065220656713
4105,0.4138,10,13,10,659371,17073,110065,16191,0.1352252566214675,0.48674242424242425
4106,0.4139,14,12,14,659383,17061,110079,16177,0.13513021163350653,0.4867019676274144
4107,0.414,10,28,10,659411,17033,110089,16167,0.13490843999493093,0.4869578313253012
4108,0.4141,7,20,7,659431,17013,110096,16160,0.13475003168166266,0.4871431585928315
4109,0.4142,18,16,18,659447,16997,110114,16142,0.13462330503104802,0.487099791786113
4110,0.4143,10,20,10,659467,16977,110124,16132,0.13446489671777975,0.4872391192727053
4111,0.4144,14,12,14,659479,16965,110138,16118,0.13436985172981877,0.48719886346461927
4112,0.4145,11,19,11,659498,16946,110149,16107,0.13421936383221392,0.48730826248752
4113,0.4146,14,17,14,659515,16929,110163,16093,0.13408471676593586,0.4873417721518987
4114,0.4147,14,16,14,659531,16913,110177,16079,0.13395799011532125,0.4873605722599418
4115,0.4148,11,16,11,659547,16897,110188,16068,0.13383126346470664,0.48742605794023963
4116,0.4149,18,17,18,659564,16880,110206,16050,0.13369661639842859,0.48739750986942
4117,0.415,12,15,12,659579,16865,110218,16038,0.1335778101634774,0.48743275689146887
4118,0.4151,3,11,3,659590,16854,110221,16035,0.13349068559117983,0.48754902855057924
4119,0.4152,17,16,17,659606,16838,110238,16018,0.1333639589405652,0.48752130508887265
4120,0.4153,17,17,17,659623,16821,110255,16001,0.13322931187428716,0.487508378526598
4121,0.4154,8,11,8,659634,16810,110263,15993,0.1331421873019896,0.48754687071304453
4122,0.4155,17,14,17,659648,16796,110280,15976,0.1330313014827018,0.4874893201513487
4123,0.4156,8,12,8,659660,16784,110288,15968,0.13293625649474083,0.487542745481192
4124,0.4157,6,26,6,659686,16758,110294,15962,0.13273032568749207,0.4878361858190709
4125,0.4158,10,21,10,659707,16737,110304,15952,0.1325639969585604,0.4879929028113433
4126,0.4159,16,16,16,659723,16721,110320,15936,0.13243727030794575,0.48798113727531617
4127,0.416,9,14,9,659737,16707,110329,15927,0.13232638448865797,0.4880492737635595
4128,0.4161,12,12,12,659749,16695,110341,15915,0.132231339500697,0.4880404783808648
4129,0.4162,9,13,9,659762,16682,110350,15906,0.13212837409707262,0.48809377685037436
4130,0.4163,18,15,18,659777,16667,110368,15888,0.1320095678621214,0.48803563200737216
4131,0.4164,16,18,16,659795,16649,110384,15872,0.13186700038017996,0.4880538728821377
4132,0.4165,18,17,18,659812,16632,110402,15854,0.1317323533139019,0.48802561103244474
4133,0.4166,7,20,7,659832,16612,110409,15847,0.13157394500063363,0.48821590313934504
4134,0.4167,7,25,7,659857,16587,110416,15840,0.13137593460904828,0.4884818207049681
4135,0.4168,8,19,8,659876,16568,110424,15832,0.13122544671144343,0.48864197530864195
4136,0.4169,6,13,6,659889,16555,110430,15826,0.13112248130781903,0.4887433989067663
4137,0.417,12,13,12,659902,16542,110442,15814,0.13101951590419464,0.48875015453084436
4138,0.4171,10,16,10,659918,16526,110452,15804,0.13089278925358003,0.4888339004021033
4139,0.4172,9,14,9,659932,16512,110461,15795,0.13078190343429222,0.48890333364286376
4140,0.4173,8,20,8,659952,16492,110469,15787,0.13062349512102395,0.48907958734781126
4141,0.4174,11,22,11,659974,16470,110480,15776,0.13044924597642885,0.4892389753767909
4142,0.4175,9,15,9,659989,16455,110489,15767,0.13033043974147762,0.48932406430389175
4143,0.4176,12,16,12,660005,16439,110501,15755,0.130203713090863,0.4893769025284214
4144,0.4177,12,18,12,660023,16421,110513,15743,0.13006114560892157,0.48946026613605276
4145,0.4178,16,15,16,660038,16406,110529,15727,0.12994233937397034,0.48943453770267326
4146,0.4179,12,11,12,660049,16395,110541,15715,0.12985521480167278,0.4894113983182809
4147,0.418,12,15,12,660064,16380,110553,15703,0.12973640856672158,0.4894492410310756
4148,0.4181,18,18,18,660082,16362,110571,15685,0.12959384108478014,0.48943738883514837
4149,0.4182,8,16,8,660098,16346,110579,15677,0.1294671144341655,0.48955438278737157
4150,0.4183,9,10,9,660108,16336,110588,15668,0.12938791027753135,0.48956380452443443
4151,0.4184,8,15,8,660123,16321,110596,15660,0.12926910404258016,0.48966573903255056
4152,0.4185,6,17,6,660140,16304,110602,15654,0.1291344569763021,0.4898304024031541
4153,0.4186,13,25,13,660165,16279,110615,15641,0.12893644658471676,0.4900062656641604
4154,0.4187,12,17,12,660182,16262,110627,15629,0.12880179951843873,0.49007556991000595
4155,0.4188,12,14,12,660196,16248,110639,15617,0.12869091369915092,0.4900988545426016
4156,0.4189,12,9,12,660205,16239,110651,15605,0.12861962995818021,0.49004522044969223
4157,0.419,13,13,13,660218,16226,110664,15592,0.12851666455455582,0.4900370859262053
4158,0.4191,9,17,9,660235,16209,110673,15583,0.1283820174882778,0.4901547559134373
4159,0.4192,14,12,14,660247,16197,110687,15569,0.12828697250031681,0.4901152175281748
4160,0.4193,6,17,6,660264,16180,110693,15563,0.1281523254340388,0.49028132186623824
4161,0.4194,14,15,14,660279,16165,110707,15549,0.12803351919908756,0.4902882007946018
4162,0.4195,11,15,11,660294,16150,110718,15538,0.12791471296413637,0.490343347639485
4163,0.4196,12,26,12,660320,16124,110730,15526,0.1277087821568876,0.49055292259083727
4164,0.4197,12,14,12,660334,16110,110742,15514,0.1275978963375998,0.49057677713129266
4165,0.4198,6,21,6,660355,16089,110748,15508,0.1274315676086681,0.4908060891856822
4166,0.4199,14,21,14,660376,16068,110762,15494,0.1272652388797364,0.49090678664216464
4167,0.42,12,9,12,660385,16059,110774,15482,0.1271939551387657,0.4908531752322374
4168,0.4201,10,27,10,660412,16032,110784,15472,0.12698010391585351,0.49111223971559165
4169,0.4202,12,21,12,660433,16011,110796,15460,0.1268137751869218,0.4912459089320327
4170,0.4203,9,21,9,660454,15990,110805,15451,0.12664744645799011,0.491428389682262
4171,0.4204,10,17,10,660471,15973,110815,15441,0.1265127993917121,0.4915324377666009
4172,0.4205,11,13,11,660484,15960,110826,15430,0.1264098339880877,0.49155782096208983
4173,0.4206,11,14,11,660498,15946,110837,15419,0.12629894816879988,0.4915989159891599
4174,0.4207,10,18,10,660516,15928,110847,15409,0.12615638068685844,0.4917190541532374
4175,0.4208,10,13,10,660529,15915,110857,15399,0.12605341528323408,0.49176087373059973
4176,0.4209,11,14,11,660543,15901,110868,15388,0.12594252946394627,0.4918022308159417
4177,0.421,9,17,9,660560,15884,110877,15379,0.12580788239766824,0.49192335988228897
4178,0.4211,8,12,8,660572,15872,110885,15371,0.12571283740970726,0.4919822040136991
4179,0.4212,17,20,17,660592,15852,110902,15354,0.125554429096439,0.49202076523745436
4180,0.4213,14,8,14,660600,15844,110916,15340,0.12549106577113167,0.49191893278604415
4181,0.4214,10,14,10,660614,15830,110926,15330,0.12538017995184386,0.49197689345314505
4182,0.4215,11,11,11,660625,15819,110937,15319,0.12529305537954633,0.49197122486993383
4183,0.4216,12,23,12,660648,15796,110949,15307,0.1251108858192878,0.49213902195929654
4184,0.4217,15,21,15,660669,15775,110964,15292,0.1249445570903561,0.49222647825667104
4185,0.4218,19,14,19,660683,15761,110983,15273,0.1248336712710683,0.4921376554746407
4186,0.4219,8,13,8,660696,15748,110991,15265,0.12473070586744392,0.4922129429594041
4187,0.422,9,11,9,660707,15737,111000,15256,0.12464358129514637,0.4922401832671894
4188,0.4221,11,14,11,660721,15723,111011,15245,0.12453269547585857,0.49228235598036685
4189,0.4222,3,12,3,660733,15711,111014,15242,0.12443765048789761,0.49242399767389267
4190,0.4223,10,15,10,660748,15696,111024,15232,0.1243188442529464,0.49249870667356443
4191,0.4224,15,10,15,660758,15686,111039,15217,0.12423964009631225,0.4924117399605216
4192,0.4225,10,19,10,660777,15667,111049,15207,0.12408915219870739,0.49255036600375723
4193,0.4226,13,13,13,660790,15654,111062,15194,0.12398618679508301,0.4925440871369295
4194,0.4227,13,18,13,660808,15636,111075,15181,0.12384361931314156,0.4926177110036668
4195,0.4228,11,25,11,660833,15611,111086,15170,0.1236456089215562,0.4928364900425587
4196,0.4229,10,21,10,660854,15590,111096,15160,0.12347928019262451,0.4930081300813008
4197,0.423,10,26,10,660880,15564,111106,15150,0.12327334938537575,0.4932604024223481
4198,0.4231,10,15,10,660895,15549,111116,15140,0.12315454315042454,0.49333637459676105
4199,0.4232,10,12,10,660907,15537,111126,15130,0.12305949816246356,0.4933642025630156
4200,0.4233,10,14,10,660921,15523,111136,15120,0.12294861234317576,0.493424273080312
4201,0.4234,3,18,3,660939,15505,111139,15117,0.12280604486123432,0.49366468552021425
4202,0.4235,11,17,11,660956,15488,111150,15106,0.12267139779495628,0.49375694580636725
4203,0.4236,7,20,7,660976,15468,111157,15099,0.122512989481688,0.4939640789086269
4204,0.4237,10,19,10,660995,15449,111167,15089,0.12236250158408313,0.49410570436832796
4205,0.4238,8,15,8,661010,15434,111175,15081,0.12224369534913192,0.4942159593642471
4206,0.4239,10,18,10,661028,15416,111185,15071,0.12210112786719048,0.49434185062485647
4207,0.424,7,13,7,661041,15403,111192,15064,0.12199816246356608,0.4944366035382545
4208,0.4241,8,10,8,661051,15393,111200,15056,0.12191895830693195,0.49446615652402376
4209,0.4242,10,18,10,661069,15375,111210,15046,0.12177639082499049,0.49459255119818546
4210,0.4243,6,17,6,661086,15358,111216,15040,0.12164174375871245,0.49476939272320547
4211,0.4244,14,17,14,661103,15341,111230,15026,0.12150709669243442,0.494813448809563
4212,0.4245,13,21,13,661124,15320,111243,15013,0.12134076796350272,0.49493950482972343
4213,0.4246,11,19,11,661143,15301,111254,15002,0.12119028006589785,0.4950664950664951
4214,0.4247,13,12,13,661155,15289,111267,14989,0.12109523507793689,0.49504590791994185
4215,0.4248,16,19,16,661174,15270,111283,14973,0.12094474718033202,0.49508977283999606
4216,0.4249,18,7,18,661181,15263,111301,14955,0.12088930427068813,0.49490369978158716
4217,0.425,17,17,17,661198,15246,111318,14938,0.12075465720441009,0.49489795918367346
4218,0.4251,7,15,7,661213,15231,111325,14931,0.12063585096945888,0.4950268549830913
4219,0.4252,10,15,10,661228,15216,111335,14921,0.12051704473450767,0.49510568404287086
4220,0.4253,14,18,14,661246,15198,111349,14907,0.12037447725256621,0.4951669157947185
4221,0.4254,6,9,6,661255,15189,111355,14901,0.12030319351159549,0.49521435692921234
4222,0.4255,11,14,11,661269,15175,111366,14890,0.1201923076923077,0.4952602694162648
4223,0.4256,14,13,14,661282,15162,111380,14876,0.12008934228868332,0.4952393634729343
4224,0.4257,13,17,13,661299,15145,111393,14863,0.11995469522240527,0.4953012529992002
4225,0.4258,14,15,14,661314,15130,111407,14849,0.11983588898745406,0.4953133860368925
4226,0.4259,13,18,13,661332,15112,111420,14836,0.11969332150551261,0.49539201282222517
4227,0.426,13,7,13,661339,15105,111433,14823,0.1196378785958687,0.4952886928628709
4228,0.4261,13,15,13,661354,15090,111446,14810,0.1195190723609175,0.4953177257525084
4229,0.4262,14,19,14,661373,15071,111460,14796,0.11936858446331264,0.49539625673820603
4230,0.4263,13,15,13,661388,15056,111473,14783,0.11924977822836143,0.49542544991454135
4231,0.4264,8,22,8,661410,15034,111481,14775,0.11907552908376631,0.49565567446073333
4232,0.4265,15,15,15,661425,15019,111496,14760,0.1189567228488151,0.4956512978944894
4233,0.4266,10,16,10,661441,15003,111506,14750,0.11882999619820048,0.4957483278997076
4234,0.4267,10,22,10,661463,14981,111516,14740,0.11865574705360538,0.4959456276706706
4235,0.4268,9,10,9,661473,14971,111525,14731,0.11857654289697123,0.4959598680223554
4236,0.4269,12,13,12,661486,14958,111537,14719,0.11847357749334685,0.4959733126663746
4237,0.427,14,11,14,661497,14947,111551,14705,0.1183864529210493,0.4959193309051666
4238,0.4271,14,12,14,661509,14935,111565,14691,0.11829140793308833,0.49588199554445417
4239,0.4272,11,14,11,661523,14921,111576,14680,0.11818052211380053,0.4959291915813655
4240,0.4273,9,15,9,661538,14906,111585,14671,0.11806171587884932,0.4960273185245292
4241,0.4274,8,20,8,661558,14886,111593,14663,0.11790330756558104,0.49622660665335544
4242,0.4275,15,14,15,661572,14872,111608,14648,0.11779242174629324,0.4962059620596206
4243,0.4276,16,15,16,661587,14857,111624,14632,0.11767361551134203,0.49618501814235816
4244,0.4277,5,12,5,661599,14845,111629,14627,0.11757857052338107,0.4963015743756786
4245,0.4278,10,24,10,661623,14821,111639,14617,0.11738848054745914,0.4965350906990964
4246,0.4279,15,16,15,661639,14805,111654,14602,0.11726175389684451,0.4965484408474173
4247,0.428,10,20,10,661659,14785,111664,14592,0.11710334558357623,0.4967151172686115
4248,0.4281,7,11,7,661670,14774,111671,14585,0.11701622101127868,0.49678122551858034
4249,0.4282,13,15,13,661685,14759,111684,14572,0.11689741477632747,0.4968122464286932
4250,0.4283,8,16,8,661701,14743,111692,14564,0.11677068812571284,0.49694612208687344
4251,0.4284,5,18,5,661719,14725,111697,14559,0.11662812064377139,0.49716568774757547
4252,0.4285,10,18,10,661737,14707,111707,14549,0.11648555316182993,0.4972996992070003
4253,0.4286,11,14,11,661751,14693,111718,14538,0.11637466734254213,0.4973487051418015
4254,0.4287,8,19,8,661770,14674,111726,14530,0.11622417944493726,0.49753458430352004
4255,0.4288,10,10,10,661780,14664,111736,14520,0.11614497528830313,0.4975328947368421
4256,0.4289,8,13,8,661793,14651,111744,14512,0.11604200988467875,0.4976168432602956
4257,0.429,11,19,11,661812,14632,111755,14501,0.11589152198707388,0.49775169052277485
4258,0.4291,16,15,16,661827,14617,111771,14485,0.11577271575212267,0.4977321146312968
4259,0.4292,11,18,11,661845,14599,111782,14474,0.11563014827018121,0.49785023905341724
4260,0.4293,9,17,9,661862,14582,111791,14465,0.11549550120390319,0.4979860226529418
4261,0.4294,8,10,8,661872,14572,111799,14457,0.11541629704726904,0.4980192221571532
4262,0.4295,16,9,16,661881,14563,111815,14441,0.11534501330629832,0.49789684181492205
4263,0.4296,11,14,11,661895,14549,111826,14430,0.11523412748701052,0.49794678905414264
4264,0.4297,10,18,10,661913,14531,111836,14420,0.11509156000506907,0.49808296777313393
4265,0.4298,7,24,7,661937,14507,111843,14413,0.11490147002914713,0.49837482710926695
4266,0.4299,10,13,10,661950,14494,111853,14403,0.11479850462552275,0.4984254420874139
4267,0.43,6,15,6,661965,14479,111859,14397,0.11467969839057154,0.49858013575287435
4268,0.4301,7,13,7,661978,14466,111866,14390,0.11457673298694715,0.49868311616301636
4269,0.4302,15,12,15,661990,14454,111881,14375,0.11448168799898618,0.49862985188525444
4270,0.4303,11,13,11,662003,14441,111892,14364,0.1143787225953618,0.49866342648845685
4271,0.4304,17,20,17,662023,14421,111909,14347,0.11422031428209352,0.4987138487208009
4272,0.4305,14,18,14,662041,14403,111923,14333,0.11407774680015208,0.49878201559020047
4273,0.4306,8,13,8,662054,14390,111931,14325,0.11397478139652768,0.4988681873585234
4274,0.4307,14,14,14,662068,14376,111945,14311,0.11386389557723989,0.49886708265067803
4275,0.4308,12,9,12,662077,14367,111957,14299,0.11379261183626917,0.4988139259052536
4276,0.4309,10,10,10,662087,14357,111967,14289,0.11371340767963503,0.4988130978147036
4277,0.431,8,16,8,662103,14341,111975,14281,0.1135866810290204,0.4989518552162672
4278,0.4311,9,14,9,662117,14327,111984,14272,0.11347579520973261,0.49903842791706005
4279,0.4312,12,8,12,662125,14319,111996,14260,0.11341243188442529,0.49896777354001187
4280,0.4313,15,17,15,662142,14302,112011,14245,0.11327778481814725,0.4990016464076786
4281,0.4314,9,13,9,662155,14289,112020,14236,0.11317481941452287,0.49907099035933394
4282,0.4315,13,18,13,662173,14271,112033,14223,0.11303225193258142,0.49915771741419246
4283,0.4316,7,11,7,662184,14260,112040,14216,0.11294512736028386,0.4992274195814019
4284,0.4317,19,18,19,662202,14242,112059,14197,0.11280255987834241,0.49920883294068
4285,0.4318,6,13,6,662215,14229,112065,14191,0.11269959447471803,0.4993314567206193
4286,0.4319,8,19,8,662234,14210,112073,14183,0.11254910657711317,0.4995245306941852
4287,0.432,11,20,11,662254,14190,112084,14172,0.11239069826384489,0.4996826740004231
4288,0.4321,11,17,11,662271,14173,112095,14161,0.11225605119756685,0.4997882402766994
4289,0.4322,14,13,14,662284,14160,112109,14147,0.11215308579394247,0.49977037481894937
4290,0.4323,6,16,6,662300,14144,112115,14141,0.11202635914332784,0.4999469683577868
4291,0.4324,11,19,11,662319,14125,112126,14130,0.11187587124572297,0.5000884799150593
4292,0.4325,10,15,10,662334,14110,112136,14120,0.11175706501077176,0.500177116542685
4293,0.4326,8,15,8,662349,14095,112144,14112,0.11163825877582055,0.500301343638104
4294,0.4327,13,14,13,662363,14081,112157,14099,0.11152737295653276,0.500319375443577
4295,0.4328,14,15,14,662378,14066,112171,14085,0.11140856672158155,0.5003374658093851
4296,0.4329,7,16,7,662394,14050,112178,14078,0.11128184007096692,0.5004977246871445
4297,0.433,15,9,15,662403,14041,112193,14063,0.1112105563299962,0.5003914033589525
4298,0.4331,11,12,11,662415,14029,112204,14052,0.11111551134203523,0.5004095295751576
4299,0.4332,17,15,17,662430,14014,112221,14035,0.11099670510708402,0.5003743448964313
4300,0.4333,11,17,11,662447,13997,112232,14024,0.11086205804080598,0.5004817815210021
4301,0.4334,8,18,8,662465,13979,112240,14016,0.11071949055886453,0.5006608322914806
4302,0.4335,7,15,7,662480,13964,112247,14009,0.11060068432391332,0.5008043470489401
4303,0.4336,10,24,10,662504,13940,112257,13999,0.11041059434799139,0.501055871720534
4304,0.4337,11,17,11,662521,13923,112268,13988,0.11027594728171335,0.5011644154634374
4305,0.4338,16,21,16,662542,13902,112284,13972,0.11010961855278165,0.5012556504269211
4306,0.4339,7,6,7,662548,13896,112291,13965,0.11006209605880117,0.5012382900829115
4307,0.434,9,10,9,662558,13886,112300,13956,0.10998289190216702,0.5012570935995977
4308,0.4341,10,14,10,662572,13872,112310,13946,0.10987200608287923,0.5013300740527716
4309,0.4342,15,13,15,662585,13859,112325,13931,0.10976904067925485,0.5012954300107952
4310,0.4343,7,18,7,662603,13841,112332,13924,0.10962647319731339,0.5014946875562759
4311,0.4344,6,10,6,662613,13831,112338,13918,0.10954726904067925,0.5015676240585246
4312,0.4345,8,10,8,662623,13821,112346,13910,0.10946806488404512,0.5016047023187047
4313,0.4346,14,15,14,662638,13806,112360,13896,0.10934925864909391,0.5016244314489928
4314,0.4347,9,13,9,662651,13793,112369,13887,0.10924629324546953,0.5016979768786127
4315,0.4348,10,13,10,662664,13780,112379,13877,0.10914332784184513,0.5017536247604585
4316,0.4349,9,14,9,662678,13766,112388,13868,0.10903244202255734,0.5018455525801548
4317,0.435,14,14,14,662692,13752,112402,13854,0.10892155620326954,0.5018474244729406
4318,0.4351,8,16,8,662708,13736,112410,13846,0.10879482955265492,0.5019940540932493
4319,0.4352,9,18,9,662726,13718,112419,13837,0.10865226207071348,0.50215931772818
4320,0.4353,5,16,5,662742,13702,112424,13832,0.10852553542009885,0.502360717658168
4321,0.4354,12,18,12,662760,13684,112436,13820,0.1083829679381574,0.5024723676556138
4322,0.4355,13,12,13,662772,13672,112449,13807,0.10828792295019643,0.5024564212671495
4323,0.4356,9,12,9,662784,13660,112458,13798,0.10819287796223546,0.5025129288367689
4324,0.4357,8,14,8,662798,13646,112466,13790,0.10808199214294766,0.5026242892549935
4325,0.4358,10,19,10,662817,13627,112476,13780,0.1079315042453428,0.5027912577078848
4326,0.4359,15,8,15,662825,13619,112491,13765,0.10786814092003548,0.5026657902424774
4327,0.436,14,20,14,662845,13599,112505,13751,0.10770973260676721,0.5027787934186472
4328,0.4361,12,17,12,662862,13582,112517,13739,0.10757508554048917,0.502873247684931
4329,0.4362,14,14,14,662876,13568,112531,13725,0.10746419972120137,0.502876195361448
4330,0.4363,15,5,15,662881,13563,112546,13710,0.1074245976428843,0.5026949730502694
4331,0.4364,12,16,12,662897,13547,112558,13698,0.10729787099226967,0.5027711506698477
4332,0.4365,15,12,15,662909,13535,112573,13683,0.10720282600430871,0.5027187890366669
4333,0.4366,13,12,13,662921,13523,112586,13670,0.10710778101634774,0.502702901481999
4334,0.4367,8,14,8,662935,13509,112594,13662,0.10699689519705995,0.5028155018217952
4335,0.4368,11,14,11,662949,13495,112605,13651,0.10688600937777215,0.5028733515066677
4336,0.4369,12,12,12,662961,13483,112617,13639,0.10679096438981117,0.5028758941081041
4337,0.437,11,12,11,662973,13471,112628,13628,0.1066959194018502,0.5028967858592568
4338,0.4371,12,16,12,662989,13455,112640,13616,0.10656919275123558,0.5029736618521665
4339,0.4372,11,20,11,663009,13435,112651,13605,0.10641078443796731,0.5031434911242604
4340,0.4373,11,14,11,663023,13421,112662,13594,0.10629989861867951,0.5032019248565611
4341,0.4374,15,17,15,663040,13404,112677,13579,0.10616525155240147,0.5032427824926806
4342,0.4375,12,10,12,663050,13394,112689,13567,0.10608604739576732,0.5032083379696599
4343,0.4376,6,11,6,663061,13383,112695,13561,0.10599892282346977,0.5033031472684085
4344,0.4377,9,16,9,663077,13367,112704,13552,0.10587219617285515,0.5034362346298153
4345,0.4378,8,14,8,663091,13353,112712,13544,0.10576131035356735,0.5035505818492769
4346,0.4379,14,15,14,663106,13338,112726,13530,0.10564250411861614,0.5035730236712819
4347,0.438,8,13,8,663119,13325,112734,13522,0.10553953871499176,0.5036689388013559
4348,0.4381,10,12,10,663131,13313,112744,13512,0.1054444937270308,0.5037092264678471
4349,0.4382,9,9,9,663140,13304,112753,13503,0.10537320998606006,0.5037117170888201
4350,0.4383,5,18,5,663158,13286,112758,13498,0.10523064250411862,0.5039575866188769
4351,0.4384,7,16,7,663174,13270,112765,13491,0.105103915853504,0.5041291431560854
4352,0.4385,12,16,12,663190,13254,112777,13479,0.10497718920288937,0.5042082818987768
4353,0.4386,9,8,9,663198,13246,112786,13470,0.10491382587758205,0.5041922443479563
4354,0.4387,10,13,10,663211,13233,112796,13460,0.10481086047395767,0.5042520510995392
4355,0.4388,12,14,12,663225,13219,112808,13448,0.10469997465466988,0.5042936963287958
4356,0.4389,7,17,7,663242,13202,112815,13441,0.10456532758839183,0.504485230642195
4357,0.439,11,16,11,663258,13186,112826,13430,0.10443860093777721,0.5045837090471896
4358,0.4391,15,13,15,663271,13173,112841,13415,0.10433563553415283,0.5045509252294268
4359,0.4392,12,14,12,663285,13159,112853,13403,0.10422474971486503,0.5045930276334614
4360,0.4393,10,13,10,663298,13146,112863,13393,0.10412178431124065,0.5046535287689815
4361,0.4394,6,10,6,663308,13136,112869,13387,0.10404258015460652,0.5047317422614335
4362,0.4395,9,14,9,663322,13122,112878,13378,0.10393169433531872,0.5048301886792452
4363,0.4396,15,10,15,663332,13112,112893,13363,0.10385249017868457,0.5047403210576015
4364,0.4397,5,7,5,663339,13105,112898,13358,0.10379704726904068,0.5047802592298681
4365,0.4398,9,13,9,663352,13092,112907,13349,0.1036940818654163,0.5048598767066299
4366,0.4399,7,9,7,663361,13083,112914,13342,0.10362279812444557,0.5049006622516556
4367,0.44,8,13,8,663374,13070,112922,13334,0.10351983272082119,0.5049992425390093
4368,0.4401,9,13,9,663387,13057,112931,13325,0.1034168673171968,0.5050792206807672
4369,0.4402,7,15,7,663402,13042,112938,13318,0.1032980610822456,0.5052352048558422
4370,0.4403,13,11,13,663413,13031,112951,13305,0.10321093650994805,0.5052020048602673
4371,0.4404,13,9,13,663422,13022,112964,13292,0.10313965276897731,0.5051303488637228
4372,0.4405,14,17,14,663439,13005,112978,13278,0.10300500570269928,0.5051934710649469
4373,0.4406,6,14,6,663453,12991,112984,13272,0.10289411988341148,0.5053497315615124
4374,0.4407,12,17,12,663470,12974,112996,13260,0.10275947281713345,0.5054509415262636
4375,0.4408,17,10,17,663480,12964,113013,13243,0.1026802686604993,0.5053230053039265
4376,0.4409,15,19,15,663499,12945,113028,13228,0.10252978076289444,0.5054063347724754
4377,0.441,17,18,17,663517,12927,113045,13211,0.10238721328095299,0.5054327033437906
4378,0.4411,19,17,19,663534,12910,113064,13192,0.10225256621467495,0.5054018849130335
4379,0.4412,7,6,7,663540,12904,113071,13185,0.10220504372069446,0.505385411476101
4380,0.4413,7,21,7,663561,12883,113078,13178,0.10203871499176277,0.5056597981658417
4381,0.4414,8,8,8,663569,12875,113086,13170,0.10197535166645545,0.5056632751007871
4382,0.4415,8,15,8,663584,12860,113094,13162,0.10185654543150424,0.5058027822611636
4383,0.4416,5,17,5,663601,12843,113099,13157,0.1017218983652262,0.5060384615384615
4384,0.4417,11,18,11,663619,12825,113110,13146,0.10157933088328476,0.506179969966501
4385,0.4418,12,6,12,663625,12819,113122,13134,0.10153180838930427,0.5060686625823604
4386,0.4419,11,10,11,663635,12809,113133,13123,0.10145260423267013,0.5060542958506864
4387,0.442,11,11,11,663646,12798,113144,13112,0.10136547966037257,0.5060594365109996
4388,0.4421,8,17,8,663663,12781,113152,13104,0.10123083259409454,0.5062391346339579
4389,0.4422,7,14,7,663677,12767,113159,13097,0.10111994677480675,0.5063795236622333
4390,0.4423,5,18,5,663695,12749,113164,13092,0.1009773792928653,0.506636740064239
4391,0.4424,12,13,12,663708,12736,113176,13080,0.10087441388924091,0.506662534862101
4392,0.4425,15,15,15,663723,12721,113191,13065,0.1007556076542897,0.506670286201815
4393,0.4426,8,17,8,663740,12704,113199,13057,0.10062096058801166,0.5068514421024028
4394,0.4427,4,6,4,663746,12698,113203,13053,0.10057343809403117,0.5068929361966525
4395,0.4428,16,14,16,663760,12684,113219,13037,0.10046255227474338,0.5068620971190856
4396,0.4429,8,8,8,663768,12676,113227,13029,0.10039918894943607,0.506866368410815
4397,0.443,7,8,7,663776,12668,113234,13022,0.10033582562412875,0.5068898404048268
4398,0.4431,13,14,13,663790,12654,113247,13009,0.10022493980484096,0.5069165724973698
4399,0.4432,9,15,9,663805,12639,113256,13000,0.10010613356988975,0.507040056164437
4400,0.4433,10,11,10,663816,12628,113266,12990,0.1000190089975922,0.5070653446795222
4401,0.4434,9,11,9,663827,12617,113275,12981,0.09993188442529465,0.5071099304633174
4402,0.4435,9,17,9,663844,12600,113284,12972,0.0997972373590166,0.5072735804786486
4403,0.4436,13,17,13,663861,12583,113297,12959,0.09966259029273856,0.5073604259650771
4404,0.4437,11,18,11,663879,12565,113308,12948,0.09952002281079711,0.507505977344883
4405,0.4438,6,14,6,663893,12551,113314,12942,0.09940913699150931,0.5076687718197153
4406,0.4439,11,11,11,663904,12540,113325,12931,0.09932201241921176,0.507675395547878
4407,0.444,6,19,6,663923,12521,113331,12925,0.0991715245216069,0.5079383793130551
4408,0.4441,7,13,7,663936,12508,113338,12918,0.09906855911798251,0.5080626130732321
4409,0.4442,7,14,7,663950,12494,113345,12911,0.09895767329869472,0.5082070458571147
4410,0.4443,9,11,9,663961,12483,113354,12902,0.09887054872639717,0.5082529052590112
4411,0.4444,9,12,9,663973,12471,113363,12893,0.09877550373843619,0.5083188771487147
4412,0.4445,14,11,14,663984,12460,113377,12879,0.09868837916613864,0.5082678874462291
4413,0.4446,9,15,9,663999,12445,113386,12870,0.09856957293118743,0.5083942326683785
4414,0.4447,12,13,12,664012,12432,113398,12858,0.09846660752756305,0.5084223013048635
4415,0.4448,12,12,12,664024,12420,113410,12846,0.09837156253960208,0.508430301591071
4416,0.4449,9,14,9,664038,12406,113419,12837,0.09826067672031429,0.5085370201640058
4417,0.445,6,7,6,664045,12399,113425,12831,0.09820523381067038,0.5085612366230677
4418,0.4451,9,18,9,664063,12381,113434,12822,0.09806266632872893,0.5087489584573265
4419,0.4452,14,13,14,664076,12368,113448,12808,0.09795970092510455,0.5087384810931045
4420,0.4453,8,14,8,664090,12354,113456,12800,0.09784881510581675,0.5088653892025126
4421,0.4454,15,15,15,664105,12339,113471,12785,0.09773000887086554,0.5088759751631906
4422,0.4455,9,16,9,664121,12323,113480,12776,0.09760328222025091,0.509024263914897
4423,0.4456,9,18,9,664139,12305,113489,12767,0.09746071473830947,0.509213465220166
4424,0.4457,11,9,11,664148,12296,113500,12756,0.09738943099733874,0.5091809037202618
4425,0.4458,9,6,9,664154,12290,113509,12747,0.09734190850335826,0.5091264927906698
4426,0.4459,9,17,9,664171,12273,113518,12738,0.09720726143708022,0.5092959097996881
4427,0.446,4,12,4,664183,12261,113522,12734,0.09711221644911924,0.5094618923784757
4428,0.4461,4,9,4,664192,12252,113526,12730,0.09704093270814852,0.5095668881594748
4429,0.4462,7,13,7,664205,12239,113533,12723,0.09693796730452414,0.5096947359987181
4430,0.4463,7,15,7,664220,12224,113540,12716,0.09681916106957293,0.5098636728147554
4431,0.4464,8,19,8,664239,12205,113548,12708,0.09666867317196806,0.5100951310560752
4432,0.4465,14,8,14,664247,12197,113562,12694,0.09660530984666076,0.5099835281828774
4433,0.4466,8,25,8,664272,12172,113570,12686,0.0964072994550754,0.5103387239520476
4434,0.4467,10,12,10,664284,12160,113580,12676,0.09631225446711443,0.51038814623933
4435,0.4468,12,5,12,664289,12155,113592,12664,0.09627265238879737,0.5102542407026874
4436,0.4469,11,14,11,664303,12141,113603,12653,0.09616176656950957,0.51032507864806
4437,0.447,8,11,8,664314,12130,113611,12645,0.09607464199721201,0.510393541876892
4438,0.4471,12,14,12,664328,12116,113623,12633,0.09596375617792421,0.5104448664592509
4439,0.4472,10,12,10,664340,12104,113633,12623,0.09586871118996325,0.5104946010433938
4440,0.4473,12,18,12,664358,12086,113645,12611,0.0957261437080218,0.5106288213143296
4441,0.4474,4,15,4,664373,12071,113649,12607,0.09560733747307058,0.5108598751924791
4442,0.4475,13,6,13,664379,12065,113662,12594,0.09555981497909011,0.5107263068250942
4443,0.4476,6,12,6,664391,12053,113668,12588,0.09546476999112913,0.5108558905888559
4444,0.4477,9,12,9,664403,12041,113677,12579,0.09536972500316816,0.5109260763606823
4445,0.4478,11,8,11,664411,12033,113688,12568,0.09530636167786086,0.5108735417259461
4446,0.4479,9,15,9,664426,12018,113697,12559,0.09518755544290965,0.5110062253326281
4447,0.448,14,15,14,664441,12003,113711,12545,0.09506874920795844,0.5110395958937591
4448,0.4481,11,13,11,664454,11990,113722,12534,0.09496578380433406,0.5110911759908661
4449,0.4482,8,14,8,664468,11976,113730,12526,0.09485489798504626,0.5112235735858297
4450,0.4483,4,11,4,664479,11965,113734,12522,0.0947677734127487,0.5113733817944215
4451,0.4484,11,11,11,664490,11954,113745,12511,0.09468064884045115,0.5113836092376864
4452,0.4485,8,12,8,664502,11942,113753,12503,0.09458560385249018,0.5114747392104725
4453,0.4486,11,10,11,664512,11932,113764,12492,0.09450639969585604,0.5114641336390435
4454,0.4487,8,15,8,664527,11917,113772,12484,0.09438759346090483,0.5116183762960534
4455,0.4488,11,19,11,664546,11898,113783,12473,0.09423710556329996,0.5117968076812606
4456,0.4489,10,8,10,664554,11890,113793,12463,0.09417374223799264,0.5117644643370427
4457,0.449,7,21,7,664575,11869,113800,12456,0.09400741350906096,0.512065775950668
4458,0.4491,5,16,5,664591,11853,113805,12451,0.09388068685844633,0.5123025016458196
4459,0.4492,9,14,9,664605,11839,113814,12442,0.09376980103915854,0.5124171162637453
4460,0.4493,7,12,7,664617,11827,113821,12435,0.09367475605119757,0.5125298821201879
4461,0.4494,11,9,11,664626,11818,113832,12424,0.09360347231022684,0.5124989687319528
4462,0.4495,9,6,9,664632,11812,113841,12415,0.09355594981624636,0.5124447929995459
4463,0.4496,12,16,12,664648,11796,113853,12403,0.09342922316563174,0.5125418405719244
4464,0.4497,5,18,5,664666,11778,113858,12398,0.09328665568369028,0.5128226340172072
4465,0.4498,9,17,9,664683,11761,113867,12389,0.09315200861741224,0.5130020703933748
4466,0.4499,6,6,6,664689,11755,113873,12383,0.09310448612343175,0.5130085342613306
4467,0.45,8,16,8,664705,11739,113881,12375,0.09297775947281714,0.5131873600398109
4468,0.4501,7,7,7,664712,11732,113888,12368,0.09292231656317324,0.5131950207468879
4469,0.4502,13,16,13,664728,11716,113901,12355,0.09279558991255861,0.5132732333513357
4470,0.4503,11,14,11,664742,11702,113912,12344,0.09268470409327081,0.5133494136238875
4471,0.4504,10,12,10,664754,11690,113922,12334,0.09258965910530985,0.5134032634032634
4472,0.4505,11,15,11,664769,11675,113933,12323,0.09247085287035864,0.5135011250937578
4473,0.4506,13,7,13,664776,11668,113946,12310,0.09241540996071473,0.5133872716656935
4474,0.4507,8,15,8,664791,11653,113954,12302,0.09229660372576352,0.5135462325193071
4475,0.4508,7,11,7,664802,11642,113961,12295,0.09220947915346597,0.513639971592096
4476,0.4509,14,17,14,664819,11625,113975,12281,0.09207483208718793,0.5137204049192672
4477,0.451,11,4,11,664823,11621,113986,12270,0.09204315042453427,0.5135825206144573
4478,0.4511,11,11,11,664834,11610,113997,12259,0.09195602585223672,0.5135950395911014
4479,0.4512,5,13,5,664847,11597,114002,12254,0.09185306044861234,0.5137730074210725
4480,0.4513,13,12,13,664859,11585,114015,12241,0.09175801546065138,0.5137664736002686
4481,0.4514,13,17,13,664876,11568,114028,12228,0.09162336839437334,0.51386787695411
4482,0.4515,12,16,12,664892,11552,114040,12216,0.09149664174375871,0.5139683608212723
4483,0.4516,6,10,6,664902,11542,114046,12210,0.09141743758712458,0.5140619737285281
4484,0.4517,12,8,12,664910,11534,114058,12198,0.09135407426181726,0.5139895499747177
4485,0.4518,9,14,9,664924,11520,114067,12189,0.09124318844252946,0.5141085663672024
4486,0.4519,10,6,10,664930,11514,114077,12179,0.09119566594854898,0.5140336808340016
4487,0.452,7,15,7,664945,11499,114084,12172,0.09107685971359777,0.5142157069832284
4488,0.4521,6,10,6,664955,11489,114090,12166,0.09099765555696362,0.5143098710632001
4489,0.4522,12,9,12,664964,11480,114102,12154,0.0909263718159929,0.5142591182195143
4490,0.4523,14,9,14,664973,11471,114116,12140,0.09085508807502218,0.5141671254923552
4491,0.4524,13,12,13,664985,11459,114129,12127,0.0907600430870612,0.5141609429322479
4492,0.4525,12,10,12,664995,11449,114141,12115,0.09068083893042707,0.5141317263622475
4493,0.4526,9,16,9,665011,11433,114150,12106,0.09055411227981244,0.5142954246144696
4494,0.4527,14,14,14,665025,11419,114164,12092,0.09044322646052465,0.5143124494917273
4495,0.4528,12,9,12,665034,11410,114176,12080,0.09037194271955393,0.5142613878246062
4496,0.4529,6,12,6,665046,11398,114182,12074,0.09027689773159295,0.5144001363326517
4497,0.453,11,8,11,665054,11390,114193,12063,0.09021353440628564,0.514347844625421
4498,0.4531,12,11,12,665065,11379,114205,12051,0.09012640983398809,0.5143405889884763
4499,0.4532,12,9,12,665074,11370,114217,12039,0.09005512609301736,0.5142893758810714
4500,0.4533,11,11,11,665085,11359,114228,12028,0.0899680015207198,0.5143028178047633
4501,0.4534,6,10,6,665095,11349,114234,12022,0.08988879736408567,0.5143981857858029
4502,0.4535,11,18,11,665113,11331,114245,12011,0.08974622988214422,0.5145660183360466
4503,0.4536,13,11,13,665124,11320,114258,11998,0.08965910530984667,0.5145381250536066
4504,0.4537,14,12,14,665136,11308,114272,11984,0.08956406032188569,0.514511420230122
4505,0.4538,11,10,11,665146,11298,114283,11973,0.08948485616525155,0.5145030295217223
4506,0.4539,9,9,9,665155,11289,114292,11964,0.08941357242428083,0.5145142562250032
4507,0.454,8,13,8,665168,11276,114300,11956,0.08931060702065645,0.5146349862258953
4508,0.4541,11,13,11,665181,11263,114311,11945,0.08920764161703207,0.5146932092381937
4509,0.4542,11,11,11,665192,11252,114322,11934,0.0891205170447345,0.5147071508669024
4510,0.4543,8,15,8,665207,11237,114330,11926,0.0890017108097833,0.5148728575745801
4511,0.4544,8,9,8,665216,11228,114338,11918,0.08893042706881257,0.5149053832195628
4512,0.4545,15,11,15,665227,11217,114353,11903,0.08884330249651502,0.5148356401384083
4513,0.4546,6,9,6,665236,11208,114359,11897,0.08877201875554429,0.5149101925990045
4514,0.4547,15,13,15,665249,11195,114374,11882,0.08866905335191991,0.5148849503834987
4515,0.4548,12,7,12,665256,11188,114386,11870,0.08861361044227602,0.5147887934773181
4516,0.4549,7,13,7,665269,11175,114393,11863,0.08851064503865162,0.5149318517232399
4517,0.455,9,13,9,665282,11162,114402,11854,0.08840767963502724,0.515033020507473
4518,0.4551,6,10,6,665292,11152,114408,11848,0.0883284754783931,0.5151304347826087
4519,0.4552,10,6,10,665298,11146,114418,11838,0.08828095298441262,0.5150539505743126
4520,0.4553,11,9,11,665307,11137,114429,11827,0.0882096692434419,0.5150235150670615
4521,0.4554,10,13,10,665320,11124,114439,11817,0.08810670383981752,0.5151039623381718
4522,0.4555,9,17,9,665337,11107,114448,11808,0.08797205677353948,0.5152956578660266
4523,0.4556,12,14,12,665351,11093,114460,11796,0.08786117095425168,0.5153567215693128
4524,0.4557,7,14,7,665365,11079,114467,11789,0.08775028513496388,0.5155238761588246
4525,0.4558,9,11,9,665376,11068,114476,11780,0.08766316056266633,0.5155812324929971
4526,0.4559,7,8,7,665384,11060,114483,11773,0.08759979723735901,0.5156133666184908
4527,0.456,7,13,7,665397,11047,114490,11766,0.08749683183373463,0.5157585587165213
4528,0.4561,7,8,7,665405,11039,114497,11759,0.08743346850842733,0.5157908588472673
4529,0.4562,10,13,10,665418,11026,114507,11749,0.08733050310480293,0.5158726673984633
4530,0.4563,9,3,9,665421,11023,114516,11740,0.0873067418578127,0.5157492421912753
4531,0.4564,8,10,8,665431,11013,114524,11732,0.08722753770117855,0.5158056715761706
4532,0.4565,14,11,14,665442,11002,114538,11718,0.087140413128881,0.5157570422535211
4533,0.4566,7,11,7,665453,10991,114545,11711,0.08705328855658345,0.5158576336886618
4534,0.4567,7,12,7,665465,10979,114552,11704,0.08695824356862249,0.5159811312436626
4535,0.4568,3,10,3,665475,10969,114555,11701,0.08687903941198834,0.5161446846052051
4536,0.4569,14,10,14,665485,10959,114569,11687,0.0867998352553542,0.516073478760046
4537,0.457,13,15,13,665500,10944,114582,11674,0.08668102902040299,0.5161375895304625
4538,0.4571,12,16,12,665516,10928,114594,11662,0.08655430236978837,0.5162461266046924
4539,0.4572,16,15,16,665531,10913,114610,11646,0.08643549613483716,0.5162462875127444
4540,0.4573,7,12,7,665543,10901,114617,11639,0.08634045114687619,0.5163708961845608
4541,0.4574,14,13,14,665556,10888,114631,11625,0.08623748574325181,0.5163683205259184
4542,0.4575,11,17,11,665573,10871,114642,11614,0.08610283867697377,0.5165221258616856
4543,0.4576,7,9,7,665582,10862,114649,11607,0.08603155493600304,0.5165783969023988
4544,0.4577,3,5,3,665587,10857,114652,11604,0.08599195285768597,0.5166288232937091
4545,0.4578,7,8,7,665595,10849,114659,11597,0.08592858953237865,0.516662211529894
4546,0.4579,14,8,14,665603,10841,114673,11583,0.08586522620707135,0.5165447734570103
4547,0.458,7,7,7,665610,10834,114680,11576,0.08580978329742744,0.5165551093261936
4548,0.4581,10,6,10,665616,10828,114690,11566,0.08576226080344697,0.5164776279360543
4549,0.4582,15,9,15,665625,10819,114705,11551,0.08569097706247623,0.51636119803308
4550,0.4583,14,16,14,665641,10803,114719,11537,0.08556425041186161,0.5164279319606088
4551,0.4584,11,16,11,665657,10787,114730,11526,0.08543752376124698,0.516559853000493
4552,0.4585,10,8,10,665665,10779,114740,11516,0.08537416043593968,0.516528369589594
4553,0.4586,12,17,12,665682,10762,114752,11504,0.08523951336966164,0.516662175514237
4554,0.4587,10,11,10,665693,10751,114762,11494,0.08515238879736409,0.5167003821083389
4555,0.4588,6,22,6,665715,10729,114768,11488,0.08497813965276897,0.5170815141558266
4556,0.4589,4,19,4,665734,10710,114772,11484,0.08482765175516412,0.5174371451743714
4557,0.459,12,8,12,665742,10702,114784,11472,0.0847642884298568,0.5173626770091098
4558,0.4591,11,6,11,665748,10696,114795,11461,0.08471676593587632,0.5172631673963082
4559,0.4592,7,10,7,665758,10686,114802,11454,0.08463756177924217,0.5173441734417344
4560,0.4593,5,7,5,665765,10679,114807,11449,0.08458211886959828,0.5173987707881417
4561,0.4594,2,11,2,665776,10668,114809,11447,0.08449499429730072,0.5176124802170472
4562,0.4595,7,11,7,665787,10657,114816,11440,0.08440786972500317,0.5177173371950944
4563,0.4596,11,10,11,665797,10647,114827,11429,0.08432866556836903,0.5177115419460047
4564,0.4597,6,8,6,665805,10639,114833,11423,0.08426530224306171,0.5177681080591061
4565,0.4598,17,9,17,665814,10630,114850,11406,0.08419401850209099,0.5176075512797241
4566,0.4599,14,14,14,665828,10616,114864,11392,0.0840831326828032,0.5176299527444566
4567,0.46,5,9,5,665837,10607,114869,11387,0.08401184894183247,0.5177321087569338
4568,0.4601,8,10,8,665847,10597,114877,11379,0.08393264478519832,0.5177921368765926
4569,0.4602,7,16,7,665863,10581,114884,11372,0.0838059181345837,0.5180157609438345
4570,0.4603,9,11,9,665874,10570,114893,11363,0.08371879356228615,0.5180777823371175
4571,0.4604,15,13,15,665887,10557,114908,11348,0.08361582815866177,0.518055238530016
4572,0.4605,10,14,10,665901,10543,114918,11338,0.08350494233937397,0.5181664457748731
4573,0.4606,8,8,8,665909,10535,114926,11330,0.08344157901406665,0.5181797393093985
4574,0.4607,6,9,6,665918,10526,114932,11324,0.08337029527309593,0.5182608695652174
4575,0.4608,12,12,12,665930,10514,114944,11312,0.08327525028513497,0.5182809493264914
4576,0.4609,10,14,10,665944,10500,114954,11302,0.08316436446584717,0.5183928079992661
4577,0.461,13,13,13,665957,10487,114967,11289,0.08306139906222279,0.5184147685525349
4578,0.4611,9,14,9,665971,10473,114976,11280,0.082950513242935,0.5185491656323266
4579,0.4612,7,9,7,665980,10464,114983,11273,0.08287922950196426,0.5186088236647192
4580,0.4613,9,12,9,665992,10452,114992,11264,0.0827841845140033,0.5186958924295451
4581,0.4614,3,10,3,666002,10442,114995,11261,0.08270498035736916,0.518868359213012
4582,0.4615,9,9,9,666011,10433,115004,11252,0.08263369661639842,0.51888402121282
4583,0.4616,13,8,13,666019,10425,115017,11239,0.08257033329109112,0.5187869276218612
4584,0.4617,9,14,9,666033,10411,115026,11230,0.08245944747180332,0.5189224157848529
4585,0.4618,9,10,9,666043,10401,115035,11221,0.08238024331516917,0.5189621681620572
4586,0.4619,9,13,9,666056,10388,115044,11212,0.0822772779115448,0.519074074074074
4587,0.462,4,15,4,666071,10373,115048,11208,0.08215847167659358,0.5193457207729021
4588,0.4621,13,10,13,666081,10363,115061,11195,0.08207926751995945,0.5192967807774376
4589,0.4622,8,15,8,666096,10348,115069,11187,0.08196046128500824,0.5194799164151381
4590,0.4623,4,13,4,666109,10335,115073,11183,0.08185749588138386,0.5197044334975369
4591,0.4624,9,7,9,666116,10328,115082,11174,0.08180205297173995,0.5196725885964096
4592,0.4625,7,12,7,666128,10316,115089,11167,0.08170700798377899,0.519806358516036
4593,0.4626,1,7,1,666135,10309,115090,11166,0.0816515650741351,0.5199534342258441
4594,0.4627,8,7,8,666142,10302,115098,11158,0.08159612216449119,0.5199440820130475
4595,0.4628,12,14,12,666156,10288,115110,11146,0.0814852363452034,0.5200149295511803
4596,0.4629,7,6,7,666162,10282,115117,11139,0.0814377138512229,0.5200037346529107
4597,0.463,9,14,9,666176,10268,115126,11130,0.08132682803193511,0.5201420693522759
4598,0.4631,9,9,9,666185,10259,115135,11121,0.08125554429096439,0.5201590271281572
4599,0.4632,5,8,5,666193,10251,115140,11116,0.08119218096565707,0.520241493892451
4600,0.4633,12,13,12,666206,10238,115152,11104,0.08108921556203269,0.5202886327429482
4601,0.4634,10,10,10,666216,10228,115162,11094,0.08101001140539855,0.5203076634462058
4602,0.4635,12,15,12,666231,10213,115174,11082,0.08089120517044734,0.5204038506691712
4603,0.4636,12,6,12,666237,10207,115186,11070,0.08084368267646685,0.5202801146778211
4604,0.4637,9,17,9,666254,10190,115195,11061,0.08070903561018883,0.5204931532633759
4605,0.4638,5,9,5,666263,10181,115200,11056,0.0806377518692181,0.5206008381598154
4606,0.4639,11,12,11,666275,10169,115211,11045,0.08054270688125713,0.5206467427170737
4607,0.464,13,9,13,666284,10160,115224,11032,0.08047142314028641,0.5205738014345036
4608,0.4641,8,7,8,666291,10153,115232,11024,0.0804159802306425,0.5205647636586863
4609,0.4642,9,9,9,666300,10144,115241,11015,0.08034469648967178,0.5205822581407439
4610,0.4643,9,12,9,666312,10132,115250,11006,0.0802496515017108,0.5206736682751443
4611,0.4644,8,11,8,666323,10121,115258,10998,0.08016252692941325,0.5207632937165585
4612,0.4645,7,13,7,666336,10108,115265,10991,0.08005956152578887,0.5209251623299682
4613,0.4646,8,11,8,666347,10097,115273,10983,0.07997243695349132,0.5210151802656546
4614,0.4647,8,10,8,666357,10087,115281,10975,0.07989323279685719,0.5210806191244896
4615,0.4648,11,13,11,666370,10074,115292,10964,0.07979026739323279,0.5211522007795418
4616,0.4649,8,5,8,666375,10069,115300,10956,0.07975066531491573,0.5210939357907254
4617,0.465,13,5,13,666380,10064,115313,10943,0.07971106323659866,0.5209215975627172
4618,0.4651,10,11,10,666391,10053,115323,10933,0.0796239386643011,0.5209663585247307
4619,0.4652,5,12,5,666403,10041,115328,10928,0.07952889367634014,0.5211502694453718
4620,0.4653,6,9,6,666412,10032,115334,10922,0.0794576099353694,0.5212369953230886
4621,0.4654,3,4,3,666416,10028,115337,10919,0.07942592827271575,0.5212679619993317
4622,0.4655,7,13,7,666429,10015,115344,10912,0.07932296286909137,0.5214316433315812
4623,0.4656,6,13,6,666442,10002,115350,10906,0.07921999746546698,0.5216185192270901
4624,0.4657,6,13,6,666455,9989,115356,10900,0.0791170320618426,0.5218057350758772
4625,0.4658,9,10,9,666465,9979,115365,10891,0.07903782790520847,0.52184954480115
4626,0.4659,12,9,12,666474,9970,115377,10879,0.07896654416423773,0.5217996066957648
4627,0.466,7,10,7,666484,9960,115384,10872,0.0788873400076036,0.521889400921659
4628,0.4661,3,17,3,666501,9943,115387,10869,0.07875269294132556,0.5222467807034403
4629,0.4662,7,9,7,666510,9934,115394,10862,0.07868140920035484,0.522311983073668
4630,0.4663,15,14,15,666524,9920,115409,10847,0.07857052338106704,0.5223190638994558
4631,0.4664,7,10,7,666534,9910,115416,10840,0.07849131922443289,0.5224096385542168
4632,0.4665,4,13,4,666547,9897,115420,10836,0.07838835382080851,0.5226450586022283
4633,0.4666,11,9,11,666556,9888,115431,10825,0.07831707007983779,0.5226186452952252
4634,0.4667,10,14,10,666570,9874,115441,10815,0.07820618426055,0.5227415534825269
4635,0.4668,9,3,9,666573,9871,115450,10806,0.07818242301355975,0.5226096629104803
4636,0.4669,11,7,11,666580,9864,115461,10795,0.07812698010391585,0.5225325523984704
4637,0.467,9,9,9,666589,9855,115470,10786,0.07805569636294513,0.5225522019282012
4638,0.4671,9,19,9,666608,9836,115479,10777,0.07790520846534026,0.5228254014456896
4639,0.4672,3,7,3,666615,9829,115482,10774,0.07784976555569637,0.5229335533660147
4640,0.4673,4,8,4,666623,9821,115486,10770,0.07778640223038905,0.5230440483706473
4641,0.4674,9,10,9,666633,9811,115495,10761,0.07770719807375491,0.5230896363989889
4642,0.4675,10,7,10,666640,9804,115505,10751,0.07765175516411102,0.5230357577231817
4643,0.4676,5,18,5,666658,9786,115510,10746,0.07750918768216956,0.5233781414377557
4644,0.4677,6,6,6,666664,9780,115516,10740,0.07746166518818907,0.5233918128654971
4645,0.4678,11,9,11,666673,9771,115527,10729,0.07739038144721835,0.5233658536585366
4646,0.4679,9,13,9,666686,9758,115536,10720,0.07728741604359397,0.5234886219357359
4647,0.468,6,10,6,666696,9748,115542,10714,0.07720821188695982,0.5236047307203597
4648,0.4681,8,21,8,666717,9727,115550,10706,0.07704188315802814,0.5239563451279793
4649,0.4682,6,10,6,666727,9717,115556,10700,0.07696267900139399,0.524073076357937
4650,0.4683,4,15,4,666742,9702,115560,10696,0.07684387276644278,0.5243651338366506
4651,0.4684,9,8,9,666750,9694,115569,10687,0.07678050944113547,0.5243609243903635
4652,0.4685,16,11,16,666761,9683,115585,10671,0.07669338486883792,0.5242704136779012
4653,0.4686,17,13,17,666774,9670,115602,10654,0.07659041946521354,0.5242078331037198
4654,0.4687,9,4,9,666778,9666,115611,10645,0.07655873780255988,0.5241002412485846
4655,0.4688,6,9,6,666787,9657,115617,10639,0.07648745406158915,0.5241919590067008
4656,0.4689,9,6,9,666793,9651,115626,10630,0.07643993156760867,0.5241358907351709
4657,0.469,14,11,14,666804,9640,115640,10616,0.07635280699531112,0.5240916271721959
4658,0.4691,6,20,6,666824,9620,115646,10610,0.07619439868204284,0.5244686109738013
4659,0.4692,9,10,9,666834,9610,115655,10601,0.0761151945254087,0.524516352481322
4660,0.4693,4,9,4,666843,9601,115659,10597,0.07604391078443797,0.5246559065253985
4661,0.4694,7,8,7,666851,9593,115666,10590,0.07598054745913066,0.5246990041123718
4662,0.4695,13,11,13,666862,9582,115679,10577,0.0758934228868331,0.524678803512079
4663,0.4696,8,10,8,666872,9572,115687,10569,0.07581421873019896,0.5247505089121692
4664,0.4697,8,11,8,666883,9561,115695,10561,0.07572709415790141,0.5248484246098797
4665,0.4698,6,17,6,666900,9544,115701,10555,0.07559244709162337,0.5251505050002487
4666,0.4699,6,15,6,666915,9529,115707,10549,0.07547364085667216,0.5254009363482418
4667,0.47,9,6,9,666921,9523,115716,10540,0.07542611836269167,0.5253451627373773
4668,0.4701,8,10,8,666931,9513,115724,10532,0.07534691420605753,0.5254178099276627
4669,0.4702,12,12,12,666943,9501,115736,10520,0.07525186921809657,0.5254482793067279
4670,0.4703,12,9,12,666952,9492,115748,10508,0.07518058547712583,0.5254
4671,0.4704,7,12,7,666964,9480,115755,10501,0.07508554048916487,0.5255492718082178
4672,0.4705,6,15,6,666979,9465,115761,10495,0.07496673425421366,0.5258016032064128
4673,0.4706,10,10,10,666989,9455,115771,10485,0.07488753009757952,0.525827482447342
4674,0.4707,3,8,3,666997,9447,115774,10482,0.0748241667722722,0.5259671835014301
4675,0.4708,10,11,10,667008,9436,115784,10472,0.07473704219997465,0.5260196905766527
4676,0.4709,6,18,6,667026,9418,115790,10466,0.0745944747180332,0.5263528465097566
4677,0.471,7,9,7,667035,9409,115797,10459,0.07452319097706248,0.5264244010469096
4678,0.4711,13,15,13,667050,9394,115810,10446,0.07440438474211127,0.5265120967741935
4679,0.4712,9,10,9,667060,9384,115819,10437,0.07432518058547713,0.5265627364915998
4680,0.4713,6,9,6,667069,9375,115825,10431,0.0742538968445064,0.5266585883065737
4681,0.4714,8,10,8,667079,9365,115833,10423,0.07417469268787226,0.5267333737618759
4682,0.4715,6,9,6,667088,9356,115839,10417,0.07410340894690154,0.5268295149951955
4683,0.4716,8,14,8,667102,9342,115847,10409,0.07399252312761374,0.5270112905675662
4684,0.4717,13,10,13,667112,9332,115860,10396,0.0739133189709796,0.5269667477696675
4685,0.4718,7,11,7,667123,9321,115867,10389,0.07382619439868204,0.5270928462709285
4686,0.4719,11,16,11,667139,9305,115878,10378,0.07369946774806742,0.5272570238276686
4687,0.472,4,12,4,667151,9293,115882,10374,0.07360442276010645,0.5274825850409315
4688,0.4721,11,6,11,667157,9287,115893,10363,0.07355690026612596,0.5273791348600508
4689,0.4722,12,8,12,667165,9279,115905,10351,0.07349353694081866,0.5273051451859398
4690,0.4723,8,11,8,667176,9268,115913,10343,0.0734064123685211,0.5274080872979451
4691,0.4724,4,8,4,667184,9260,115917,10339,0.07334304904321379,0.527526914638502
4692,0.4725,8,14,8,667198,9246,115925,10331,0.07323216322392599,0.5277110895438525
4693,0.4726,8,18,8,667216,9228,115933,10323,0.07308959574198454,0.528003682676078
4694,0.4727,11,12,11,667228,9216,115944,10312,0.07299455075402357,0.528062269561655
4695,0.4728,7,8,7,667236,9208,115951,10305,0.07293118742871627,0.5281094654845487
4696,0.4729,7,11,7,667247,9197,115958,10298,0.0728440628564187,0.5282380097460887
4697,0.473,10,4,10,667251,9193,115968,10288,0.07281238119376506,0.5281043067604333
4698,0.4731,7,7,7,667258,9186,115975,10281,0.07275693828412115,0.5281245184157806
4699,0.4732,10,9,10,667267,9177,115985,10271,0.07268565454315043,0.5281262854792267
4700,0.4733,10,8,10,667275,9169,115995,10261,0.07262229121784311,0.5281008749356665
4701,0.4734,10,10,10,667285,9159,116005,10251,0.07254308706120897,0.528129829984544
4702,0.4735,8,8,8,667293,9151,116013,10243,0.07247972373590165,0.5281530370217593
4703,0.4736,10,9,10,667302,9142,116023,10233,0.07240843999493093,0.5281548387096774
4704,0.4737,10,12,10,667314,9130,116033,10223,0.07231339500696997,0.5282385159923526
4705,0.4738,10,10,10,667324,9120,116043,10213,0.07223419085033582,0.528267728753944
4706,0.4739,6,12,6,667336,9108,116049,10207,0.07213914586237485,0.5284493916645094
4707,0.474,6,11,6,667347,9097,116055,10201,0.0720520212900773,0.5286040004145507
4708,0.4741,12,8,12,667355,9089,116067,10189,0.07198865796477,0.5285299304907148
4709,0.4742,11,9,11,667364,9080,116078,10178,0.07191737422379926,0.5285076331914009
4710,0.4743,5,7,5,667371,9073,116083,10173,0.07186193131415537,0.5285773667255533
4711,0.4744,2,8,2,667379,9065,116085,10171,0.07179856798884805,0.5287481804949054
4712,0.4745,10,8,10,667387,9057,116095,10161,0.07173520466354075,0.5287230721198876
4713,0.4746,7,16,7,667403,9041,116102,10154,0.07160847801292612,0.5289919249804637
4714,0.4747,7,6,7,667409,9035,116109,10147,0.07156095551894563,0.5289855072463768
4715,0.4748,11,9,11,667418,9026,116120,10136,0.07148967177797491,0.5289635737396932
4716,0.4749,12,15,12,667433,9011,116132,10124,0.0713708655430237,0.5290828325058793
4717,0.475,2,17,2,667450,8994,116134,10122,0.07123621847674566,0.529504080351538
4718,0.4751,10,7,10,667457,8987,116144,10112,0.07118077556710176,0.5294518037593591
4719,0.4752,4,9,4,667466,8978,116148,10108,0.07110949182613104,0.5296028502567327
4720,0.4753,6,10,6,667476,8968,116154,10102,0.0710302876694969,0.5297325642370215
4721,0.4754,10,8,10,667484,8960,116164,10092,0.07096692434418958,0.529708167121562
4722,0.4755,7,12,7,667496,8948,116171,10085,0.07087187935622861,0.529869174591499
4723,0.4756,6,12,6,667508,8936,116177,10079,0.07077683436826765,0.5300552195635025
4724,0.4757,5,8,5,667516,8928,116182,10074,0.07071347104296033,0.530154720555731
4725,0.4758,10,14,10,667530,8914,116192,10064,0.07060258522367253,0.5302982400674465
4726,0.4759,7,10,7,667540,8904,116199,10057,0.0705233810670384,0.5304045145298244
4727,0.476,12,9,12,667549,8895,116211,10045,0.07045209732606768,0.5303590285110876
4728,0.4761,5,7,5,667556,8888,116216,10040,0.07039665441642377,0.5304311073541843
4729,0.4762,9,12,9,667568,8876,116225,10031,0.07030160942846281,0.5305442428730099
4730,0.4763,14,13,14,667581,8863,116239,10017,0.07019864402483843,0.5305614406779661
4731,0.4764,14,10,14,667591,8853,116253,10003,0.07011943986820428,0.5304942723801442
4732,0.4765,9,10,9,667601,8843,116262,9994,0.07004023571157014,0.5305515740298349
4733,0.4766,12,7,12,667608,8836,116274,9982,0.06998479280192625,0.5304495695610586
4734,0.4767,8,11,8,667619,8825,116282,9974,0.06989766822962869,0.5305601361774562
4735,0.4768,10,11,10,667630,8814,116292,9964,0.06981054365733114,0.5306209393971669
4736,0.4769,14,10,14,667640,8804,116306,9950,0.069731339500697,0.5305534819238562
4737,0.477,6,7,6,667647,8797,116312,9944,0.0696758965910531,0.530601355317219
4738,0.4771,7,7,7,667654,8790,116319,9937,0.0696204536814092,0.5306242323917338
4739,0.4772,8,12,8,667666,8778,116327,9929,0.06952540869344823,0.5307638851766718
4740,0.4773,9,6,9,667672,8772,116336,9920,0.06947788619946775,0.5307083244168628
4741,0.4774,9,9,9,667681,8763,116345,9911,0.06940660245849702,0.530737924386848
4742,0.4775,11,10,11,667691,8753,116356,9900,0.06932739830186288,0.53074572454833
4743,0.4776,10,6,10,667697,8747,116366,9890,0.0692798758078824,0.5306648065675806
4744,0.4777,9,8,9,667705,8739,116375,9881,0.06921651248257508,0.5306659505907626
4745,0.4778,11,10,11,667715,8729,116386,9870,0.06913730832594095,0.5306736921339857
4746,0.4779,8,13,8,667728,8716,116394,9862,0.06903434292231657,0.5308429325008074
4747,0.478,10,9,10,667737,8707,116404,9852,0.06896305918134583,0.5308475672180614
4748,0.4781,7,11,7,667748,8696,116411,9845,0.06887593460904828,0.5309853837441346
4749,0.4782,12,4,12,667752,8692,116423,9833,0.06884425294639462,0.5307962213225371
4750,0.4783,13,13,13,667765,8679,116436,9820,0.06874128754277024,0.5308395048380994
4751,0.4784,10,16,10,667781,8663,116446,9810,0.06861456089215562,0.5310453093704325
4752,0.4785,6,10,6,667791,8653,116452,9804,0.06853535673552148,0.5311805818930487
4753,0.4786,6,9,6,667800,8644,116458,9798,0.06846407299455075,0.5312872790369808
4754,0.4787,10,5,10,667805,8639,116468,9788,0.06842447091623369,0.5311770771151029
4755,0.4788,8,11,8,667816,8628,116476,9780,0.06833734634393612,0.5312907431551499
4756,0.4789,9,14,9,667830,8614,116485,9771,0.06822646052464833,0.5314658689148762
4757,0.479,11,8,11,667838,8606,116496,9760,0.06816309719934102,0.5314167483393226
4758,0.4791,10,5,10,667843,8601,116506,9750,0.06812349512102395,0.5313061958476377
4759,0.4792,8,10,8,667853,8591,116514,9742,0.06804429096438981,0.531391479845088
4760,0.4793,8,10,8,667863,8581,116522,9734,0.06796508680775568,0.5314769314769314
4761,0.4794,11,6,11,667869,8575,116533,9723,0.06791756431377519,0.5313695485845448
4762,0.4795,5,8,5,667877,8567,116538,9718,0.06785420098846788,0.53147388569866
4763,0.4796,6,13,6,667890,8554,116544,9712,0.06775123558484349,0.5316982371619402
4764,0.4797,7,7,7,667897,8547,116551,9705,0.0676957926751996,0.5317225509533202
4765,0.4798,11,6,11,667903,8541,116562,9694,0.0676482701812191,0.5316150260488073
4766,0.4799,10,8,10,667911,8533,116572,9684,0.0675849068559118,0.5315913706976999
4767,0.48,7,15,7,667926,8518,116579,9677,0.06746610062096059,0.5318494091783457
4768,0.4801,15,10,15,667936,8508,116594,9662,0.06738689646432645,0.5317556411667584
4769,0.4802,6,11,6,667947,8497,116600,9656,0.06729977189202889,0.5319230981105052
4770,0.4803,8,6,8,667953,8491,116608,9648,0.06725224939804841,0.5318926070896962
4771,0.4804,7,10,7,667963,8481,116615,9641,0.06717304524141426,0.5320052974285399
4772,0.4805,6,8,6,667971,8473,116621,9635,0.06710968191610696,0.5320852661806936
4773,0.4806,11,6,11,667977,8467,116632,9624,0.06706215942212647,0.5319772262450942
4774,0.4807,8,10,8,667987,8457,116640,9616,0.06698295526549233,0.5320644054667183
4775,0.4808,4,9,4,667996,8448,116644,9612,0.06691167152452161,0.5322259136212625
4776,0.4809,8,12,8,668008,8436,116652,9604,0.06681662653656063,0.5323725055432372
4777,0.481,12,10,12,668018,8426,116664,9592,0.0667374223799265,0.5323565323565324
4778,0.4811,8,5,8,668023,8421,116672,9584,0.06669782030160942,0.5322965842821439
4779,0.4812,12,11,12,668034,8410,116684,9572,0.06661069572931187,0.5323100878656434
4780,0.4813,11,9,11,668043,8401,116695,9561,0.06653941198834115,0.5322903908250751
4781,0.4814,4,8,4,668051,8393,116699,9557,0.06647604866303383,0.5324233983286908
4782,0.4815,6,4,6,668055,8389,116705,9551,0.06644436700038019,0.5323857302118171
4783,0.4816,7,6,7,668061,8383,116712,9544,0.0663968445063997,0.5323813242594968
4784,0.4817,13,8,13,668069,8375,116725,9531,0.06633348118109238,0.5322796827878923
4785,0.4818,5,15,5,668084,8360,116730,9526,0.06621467494614117,0.5325953259532595
4786,0.4819,6,14,6,668098,8346,116736,9520,0.06610378912685337,0.5328557035710287
4787,0.482,6,12,6,668110,8334,116742,9514,0.0660087441388924,0.5330569251456746
4788,0.4821,12,9,12,668119,8325,116754,9502,0.06593746039792169,0.5330117237897571
4789,0.4822,8,6,8,668125,8319,116762,9494,0.0658899379039412,0.5329815303430079
4790,0.4823,9,8,9,668133,8311,116771,9485,0.06582657457863389,0.532984940436053
4791,0.4824,8,10,8,668143,8301,116779,9477,0.06574737042199974,0.5330745865676679
4792,0.4825,12,4,12,668147,8297,116791,9465,0.0657156887593461,0.5328791802724918
4793,0.4826,11,17,11,668164,8280,116802,9454,0.06558104169306805,0.5331002593887448
4794,0.4827,6,14,6,668178,8266,116808,9448,0.06547015587378026,0.5333634413458281
4795,0.4828,11,2,11,668180,8264,116819,9437,0.06545431504245343,0.533133721258686
4796,0.4829,9,8,9,668188,8256,116828,9428,0.06539095171714611,0.5331372992535626
4797,0.483,1,9,1,668197,8247,116829,9427,0.06531966797617539,0.5333823695824375
4798,0.4831,14,10,14,668207,8237,116843,9413,0.06524046381954125,0.533314447592068
4799,0.4832,4,9,4,668216,8228,116847,9409,0.06516918007857052,0.5334807506945626
4800,0.4833,11,8,11,668224,8220,116858,9398,0.06510581675326321,0.5334317175615847
4801,0.4834,6,9,6,668233,8211,116864,9392,0.06503453301229249,0.5335454183945918
4802,0.4835,7,12,7,668245,8199,116871,9385,0.06493948802433151,0.5337238398544131
4803,0.4836,10,12,10,668257,8187,116881,9375,0.06484444303637055,0.5338230269900922
4804,0.4837,7,13,7,668270,8174,116888,9368,0.06474147763274617,0.5340326074563904
4805,0.4838,9,12,9,668282,8162,116897,9359,0.0646464326447852,0.5341590091889732
4806,0.4839,6,7,6,668289,8155,116903,9353,0.0645909897351413,0.5342129312314371
4807,0.484,10,12,10,668301,8143,116913,9343,0.06449594474718033,0.5343131648175683
4808,0.4841,10,10,10,668311,8133,116923,9333,0.0644167405905462,0.5343524562006183
4809,0.4842,8,7,8,668318,8126,116931,9325,0.06436129768090229,0.5343533321872672
4810,0.4843,6,11,6,668329,8115,116937,9319,0.06427417310860474,0.5345302282895491
4811,0.4844,9,5,9,668334,8110,116946,9310,0.06423457103028767,0.534443168771527
4812,0.4845,2,3,2,668337,8107,116948,9308,0.06421080978329742,0.5344817685902957
4813,0.4846,11,7,11,668344,8100,116959,9297,0.06415536687365353,0.5344024831867563
4814,0.4847,6,8,6,668352,8092,116965,9291,0.06409200354834621,0.5344877178852903
4815,0.4848,9,10,9,668362,8082,116974,9282,0.06401279939171207,0.5345542501727713
4816,0.4849,8,8,8,668370,8074,116982,9274,0.06394943606640477,0.5345861194373991
4817,0.485,9,13,9,668383,8061,116991,9265,0.06384647066278039,0.5347454692369848
4818,0.4851,8,9,8,668392,8052,116999,9257,0.06377518692180965,0.5348084811369808
4819,0.4852,7,7,7,668399,8045,117006,9250,0.06371974401216576,0.5348366579936398
4820,0.4853,5,6,5,668405,8039,117011,9245,0.06367222151818527,0.5348877574635501
4821,0.4854,6,12,6,668417,8027,117017,9239,0.06357717653022431,0.5350978802270357
4822,0.4855,10,10,10,668427,8017,117027,9229,0.06349797237359017,0.5351385828597935
4823,0.4856,9,6,9,668433,8011,117036,9220,0.06345044987960968,0.5350821194359004
4824,0.4857,7,13,7,668446,7998,117043,9213,0.0633474844759853,0.5352971936552205
4825,0.4858,6,16,6,668462,7982,117049,9207,0.06322075782537068,0.5356332538251207
4826,0.4859,12,6,12,668468,7976,117061,9195,0.06317323533139019,0.5354958942402889
4827,0.486,14,7,14,668475,7969,117075,9181,0.0631177924217463,0.53533527696793
4828,0.4861,11,10,11,668485,7959,117086,9170,0.06303858826511215,0.5353494074376788
4829,0.4862,6,8,6,668493,7951,117092,9164,0.06297522493980484,0.5354367513876717
4830,0.4863,8,10,8,668503,7941,117100,9156,0.0628960207831707,0.5355325495701
4831,0.4864,6,4,6,668507,7937,117106,9150,0.06286433912051705,0.5354948206238661
4832,0.4865,12,8,12,668515,7929,117118,9138,0.06280097579520973,0.5354192300931623
4833,0.4866,9,5,9,668520,7924,117127,9129,0.06276137371689267,0.5353310267988037
4834,0.4867,7,10,7,668530,7914,117134,9122,0.06268216956025852,0.5354543320028176
4835,0.4868,7,9,7,668539,7905,117141,9115,0.0626108858192878,0.5355464159811986
4836,0.4869,5,5,5,668544,7900,117146,9110,0.06257128374097072,0.5355673133450911
4837,0.487,7,8,7,668552,7892,117153,9103,0.06250792041566341,0.535628125919388
4838,0.4871,5,9,5,668561,7883,117158,9098,0.06243663667469269,0.5357752782521642
4839,0.4872,10,13,10,668574,7870,117168,9088,0.06233367127106831,0.5359122538035146
4840,0.4873,9,8,9,668582,7862,117177,9079,0.062270307945760994,0.5359187769317042
4841,0.4874,8,10,8,668592,7852,117185,9071,0.06219110378912685,0.5360160728003309
4842,0.4875,4,11,4,668603,7841,117189,9067,0.0621039792168293,0.5362550272060563
4843,0.4876,4,8,4,668611,7833,117193,9063,0.06204061589152199,0.5363991477272727
4844,0.4877,4,8,4,668619,7825,117197,9059,0.061977252566214676,0.5365434731106373
4845,0.4878,9,3,9,668622,7822,117206,9050,0.06195349131922443,0.5363916548127075
4846,0.4879,8,10,8,668632,7812,117214,9042,0.061874287162590295,0.5364898540405838
4847,0.488,4,14,4,668646,7798,117218,9038,0.06176340134330249,0.5368258493703968
4848,0.4881,9,10,9,668656,7788,117227,9029,0.06168419718666836,0.5368971873699233
4849,0.4882,6,9,6,668665,7779,117233,9023,0.06161291344569763,0.537019402452089
4850,0.4883,5,7,5,668672,7772,117238,9018,0.06155747053605373,0.5371054198927934
4851,0.4884,12,6,12,668678,7766,117250,9006,0.06150994804207325,0.536966372525638
4852,0.4885,6,12,6,668690,7754,117256,9000,0.06141490305411228,0.5371851498149696
4853,0.4886,7,8,7,668698,7746,117263,8993,0.061351539728804964,0.5372483421948743
4854,0.4887,8,11,8,668709,7735,117271,8985,0.061264415156507414,0.5373803827751196
4855,0.4888,11,11,11,668720,7724,117282,8974,0.061177290584209856,0.5374296322912924
4856,0.4889,8,5,8,668725,7719,117290,8966,0.06113768850589279,0.537368894216362
4857,0.489,7,7,7,668732,7712,117297,8959,0.06108224559624889,0.5374002759282587
4858,0.4891,13,10,13,668742,7702,117310,8946,0.06100304143961475,0.5373618452666987
4859,0.4892,6,10,6,668752,7692,117316,8940,0.06092383728298061,0.5375180375180375
4860,0.4893,5,8,5,668760,7684,117321,8935,0.0608604739576733,0.5376376436608701
4861,0.4894,9,13,9,668773,7671,117330,8926,0.06075750855404892,0.5378080375971561
4862,0.4895,5,10,5,668783,7661,117335,8921,0.06067830439741478,0.5379930044626704
4863,0.4896,5,5,5,668788,7656,117340,8916,0.06063870231909771,0.5380159304851557
4864,0.4897,10,9,10,668797,7647,117350,8906,0.06056741857812698,0.538029360236815
4865,0.4898,6,7,6,668804,7640,117356,8900,0.060511975668483084,0.5380894800483675
4866,0.4899,11,6,11,668810,7634,117367,8889,0.0604644531745026,0.5379773648853113
4867,0.49,4,10,4,668820,7624,117371,8885,0.06038524901786846,0.5381912895996124
4868,0.4901,6,4,6,668824,7620,117377,8879,0.0603535673552148,0.5381538275046972
4869,0.4902,10,6,10,668830,7614,117387,8869,0.060306044861234316,0.5380695261784869
4870,0.4903,5,7,5,668837,7607,117392,8864,0.06025060195159042,0.538157974622063
4871,0.4904,6,7,6,668844,7600,117398,8858,0.06019515904194652,0.5382184955644671
4872,0.4905,10,10,10,668854,7590,117408,8848,0.06011595488531238,0.5382649957415744
4873,0.4906,9,7,9,668861,7583,117417,8839,0.06006051197566848,0.5382413835099257
4874,0.4907,5,9,5,668870,7574,117422,8834,0.05998922823469776,0.53839590443686
4875,0.4908,6,7,6,668877,7567,117428,8828,0.05993378532505386,0.538456846599573
4876,0.4909,7,8,7,668885,7559,117435,8821,0.05987042199974655,0.5385225885225885
4877,0.491,9,6,9,668891,7553,117444,8812,0.05982289950576606,0.538466238924534
4878,0.4911,10,9,10,668900,7544,117454,8802,0.05975161576479534,0.5384803621681146
4879,0.4912,12,10,12,668910,7534,117466,8790,0.0596724116081612,0.5384709629992649
4880,0.4913,16,7,16,668917,7527,117482,8774,0.0596169686985173,0.5382491871664316
4881,0.4914,12,8,12,668925,7519,117494,8762,0.059553605373209986,0.5381733308764818
4882,0.4915,11,10,11,668935,7509,117505,8751,0.059474401216575844,0.5381918819188192
4883,0.4916,10,5,10,668940,7504,117515,8741,0.059434799138258776,0.5380732533087104
4884,0.4917,8,7,8,668947,7497,117523,8733,0.05937935622861488,0.5380776340110905
4885,0.4918,6,9,6,668956,7488,117529,8727,0.05930807248764415,0.5382053654024052
4886,0.4919,8,4,8,668960,7484,117537,8719,0.0592763908249905,0.5381102265012652
4887,0.492,9,7,9,668967,7477,117546,8710,0.0592209479153466,0.5380861184901464
4888,0.4921,13,8,13,668975,7469,117559,8697,0.05915758459003929,0.537980947667945
4889,0.4922,11,11,11,668986,7458,117570,8686,0.05907046001774173,0.5380327056491576
4890,0.4923,9,9,9,668995,7449,117579,8677,0.058999176276771,0.5380751581297284
4891,0.4924,9,7,9,669002,7442,117588,8668,0.058943733367127105,0.5380509000620732
4892,0.4925,5,8,5,669010,7434,117593,8663,0.05888037004181979,0.5381748151829533
4893,0.4926,8,13,8,669023,7421,117601,8655,0.05877740463819541,0.5383801940781289
4894,0.4927,9,10,9,669033,7411,117610,8646,0.05869820048156127,0.5384567478358349
4895,0.4928,12,11,12,669044,7400,117622,8634,0.05861107590926372,0.5384807284520394
4896,0.4929,8,16,8,669060,7384,117630,8626,0.05848434925864909,0.538788257339163
4897,0.493,8,5,8,669065,7379,117638,8618,0.058444747180332025,0.5387260111270863
4898,0.4931,3,7,3,669072,7372,117641,8615,0.05838930427068813,0.5388753362106712
4899,0.4932,11,6,11,669078,7366,117652,8604,0.058341781776707645,0.5387601753287414
4900,0.4933,7,10,7,669088,7356,117659,8597,0.0582625776200735,0.538895505547546
4901,0.4934,8,10,8,669098,7346,117667,8589,0.05818337346343936,0.5390021964229683
4902,0.4935,8,9,8,669107,7337,117675,8581,0.05811208972246863,0.5390752607111446
4903,0.4936,5,7,5,669114,7330,117680,8576,0.058056646812824735,0.5391676097070288
4904,0.4937,8,9,8,669123,7321,117688,8568,0.057985363071854014,0.5392409843287809
4905,0.4938,12,2,12,669125,7319,117700,8556,0.057969522240527184,0.5389606299212598
4906,0.4939,7,12,7,669137,7307,117707,8549,0.05787447725256621,0.539164984863774
4907,0.494,6,9,6,669146,7298,117713,8543,0.05780319351159549,0.5392967615680828
4908,0.4941,7,9,7,669155,7289,117720,8536,0.05773190977062476,0.5393996840442338
4909,0.4942,8,6,8,669161,7283,117728,8528,0.05768438727664428,0.5393713237619379
4910,0.4943,7,5,7,669166,7278,117735,8521,0.057644785198327206,0.5393379327805558
4911,0.4944,5,9,5,669175,7269,117740,8516,0.057573501457356485,0.5394995248653786
4912,0.4945,4,10,4,669185,7259,117744,8512,0.05749429730072234,0.5397248113626276
4913,0.4946,10,5,10,669190,7254,117754,8502,0.057454695222405275,0.5396039603960396
4914,0.4947,10,9,10,669199,7245,117764,8492,0.05738341148143455,0.5396200038126707
4915,0.4948,5,8,5,669207,7237,117769,8487,0.057320048156127235,0.5397481556855762
4916,0.4949,3,11,3,669218,7226,117772,8484,0.05723292358382968,0.5400381922342457
4917,0.495,13,13,13,669231,7213,117785,8471,0.0571299581802053,0.5401045651619485
4918,0.4951,6,8,6,669239,7205,117791,8465,0.057066594854897984,0.5402042118698149
4919,0.4952,11,10,11,669249,7195,117802,8454,0.05698739069826384,0.5402262125375423
4920,0.4953,3,10,3,669259,7185,117805,8451,0.056908186541629706,0.5404834996162702
4921,0.4954,5,17,5,669276,7168,117810,8446,0.056773539475351666,0.5409248110669912
4922,0.4955,8,8,8,669284,7160,117818,8438,0.05671017615004435,0.5409667906141813
4923,0.4956,7,15,7,669299,7145,117825,8431,0.05659136991509314,0.54128145865434
4924,0.4957,8,11,8,669310,7134,117833,8423,0.05650424534279559,0.541428295943948
4925,0.4958,7,10,7,669320,7124,117840,8416,0.05642504118616145,0.5415701415701416
4926,0.4959,4,11,4,669331,7113,117844,8412,0.0563379166138639,0.5418357487922705
4927,0.496,8,8,8,669339,7105,117852,8404,0.056274553288556586,0.5418789090205687
4928,0.4961,9,14,9,669353,7091,117861,8395,0.056163667469268784,0.5421025442335012
4929,0.4962,11,6,11,669359,7085,117872,8384,0.0561161449752883,0.5419872002068653
4930,0.4963,6,1,6,669360,7084,117878,8378,0.056108224559624886,0.5418445220540681
4931,0.4964,12,9,12,669369,7075,117890,8366,0.056036940818654166,0.5418042872870928
4932,0.4965,6,11,6,669380,7064,117896,8360,0.05594981624635661,0.54201244813278
4933,0.4966,9,8,9,669388,7056,117905,8351,0.055886452921049296,0.5420263516583371
4934,0.4967,5,4,5,669392,7052,117910,8346,0.05585477125839564,0.5420184439537602
4935,0.4968,6,9,6,669401,7043,117916,8340,0.055783487517424915,0.5421569264772801
4936,0.4969,10,11,10,669412,7032,117926,8330,0.05569636294512736,0.5422471032417654
4937,0.497,4,7,4,669419,7025,117930,8326,0.05564092003548346,0.542375089570712
4938,0.4971,3,5,3,669424,7020,117933,8323,0.05560131795716639,0.5424623606856547
4939,0.4972,5,7,5,669431,7013,117938,8318,0.055545875047522494,0.5425608244732895
4940,0.4973,10,8,10,669439,7005,117948,8308,0.05548251172221518,0.5425455495330764
4941,0.4974,9,10,9,669449,6995,117957,8299,0.05540330756558104,0.5426310971622859
4942,0.4975,4,9,4,669458,6986,117961,8295,0.05533202382461032,0.5428309665597801
4943,0.4976,5,8,5,669466,6978,117966,8290,0.055268660499303006,0.5429656798532879
4944,0.4977,8,8,8,669474,6970,117974,8282,0.05520529717399569,0.543010752688172
4945,0.4978,10,8,10,669482,6962,117984,8272,0.05514193384868838,0.5429959301562295
4946,0.4979,11,11,11,669493,6951,117995,8261,0.05505480927639082,0.5430581120168289
4947,0.498,5,4,5,669497,6947,118000,8256,0.05502312761373717,0.5430507136749326
4948,0.4981,12,9,12,669506,6938,118012,8244,0.05495184387276644,0.5430114609405875
4949,0.4982,9,9,9,669515,6929,118021,8235,0.054880560131795715,0.5430625164864152
4950,0.4983,8,11,8,669526,6918,118029,8227,0.054793435559498165,0.5432155827005613
4951,0.4984,12,9,12,669535,6909,118041,8215,0.05472215181852744,0.5431764083575774
4952,0.4985,9,7,9,669542,6902,118050,8206,0.05466670890888354,0.5431559438707969
4953,0.4986,7,13,7,669555,6889,118057,8199,0.05456374350525916,0.5434119830328739
4954,0.4987,13,7,13,669562,6882,118070,8186,0.05450830059561526,0.5432705070347756
4955,0.4988,9,12,9,669574,6870,118079,8177,0.05441325560765429,0.5434305841696019
4956,0.4989,10,8,10,669582,6862,118089,8167,0.054349892282346976,0.5434160622795928
4957,0.499,8,3,8,669585,6859,118097,8159,0.05432613103535674,0.543281395658543
4958,0.4991,12,12,12,669597,6847,118109,8147,0.054231086047395766,0.5433506736027744
4959,0.4992,9,2,9,669599,6845,118118,8138,0.05421524521606894,0.5431489020890342
4960,0.4993,10,9,10,669608,6836,118128,8128,0.054143961475098215,0.5431702753274525
4961,0.4994,6,1,6,669609,6835,118134,8122,0.0541360410594348,0.5430233335561945
4962,0.4995,4,4,4,669613,6831,118138,8118,0.05410435939678114,0.543046357615894
4963,0.4996,6,12,6,669625,6819,118144,8112,0.054009314408820175,0.5432991762105687
4964,0.4997,4,8,4,669633,6811,118148,8108,0.05394595108351286,0.5434680608619881
4965,0.4998,7,9,7,669642,6802,118155,8101,0.053874667342542135,0.5435818291619137
4966,0.4999,7,6,7,669648,6796,118162,8094,0.05382714484856165,0.5435862995298858
4967,0.5,8,15,8,669663,6781,118170,8086,0.05370833861361044,0.5438891504674783
4968,0.5001,9,7,9,669670,6774,118179,8077,0.053652895703966544,0.5438690997239243
4969,0.5002,6,7,6,669677,6767,118185,8071,0.053597452794322646,0.5439412319719639
4970,0.5003,11,7,11,669684,6760,118196,8060,0.05354200988467875,0.543859649122807
4971,0.5004,7,8,7,669692,6752,118203,8053,0.053478646559371436,0.5439378588314758
4972,0.5005,7,9,7,669701,6743,118210,8046,0.05340736281840071,0.5440530123740618
4973,0.5006,9,8,9,669709,6735,118219,8037,0.053343999493093396,0.5440698619008936
4974,0.5007,4,6,4,669715,6729,118223,8033,0.05329647699911291,0.5441674569841485
4975,0.5008,6,7,6,669722,6722,118229,8027,0.053241034089469015,0.5442402874771171
4976,0.5009,8,11,8,669733,6711,118237,8019,0.053153909517171465,0.5443991853360489
4977,0.501,8,5,8,669738,6706,118245,8011,0.05311430743885439,0.5443364816198953
4978,0.5011,7,9,7,669747,6697,118252,8004,0.05304302369788366,0.5444527583157608
4979,0.5012,11,13,11,669760,6684,118263,7993,0.05294005829425928,0.5445935817946447
4980,0.5013,6,5,6,669765,6679,118269,7987,0.052900456215942214,0.5445929360425474
4981,0.5014,4,7,4,669772,6672,118273,7983,0.052845013306298316,0.5447287615148414
4982,0.5015,8,14,8,669786,6658,118281,7975,0.05273412748701052,0.5450010250802979
4983,0.5016,11,8,11,669794,6650,118292,7964,0.05267076416170321,0.5449568906527987
4984,0.5017,8,11,8,669805,6639,118300,7956,0.05258363958940565,0.5451181911613566
4985,0.5018,11,11,11,669816,6628,118311,7945,0.0524965150171081,0.5451863034378646
4986,0.5019,11,8,11,669824,6620,118322,7934,0.05243315169180079,0.5451422289404975
4987,0.502,5,1,5,669825,6619,118327,7929,0.05242523127613737,0.5450233709100908
4988,0.5021,4,11,4,669836,6608,118331,7925,0.052338106703839815,0.5453106722631254
4989,0.5022,5,7,5,669843,6601,118336,7920,0.05228266379419592,0.5454169823014944
4990,0.5023,7,5,7,669848,6596,118343,7913,0.05224306171587885,0.5453856227169344
4991,0.5024,6,7,6,669855,6589,118349,7907,0.05218761880623495,0.545460816777042
4992,0.5025,5,5,5,669860,6584,118354,7902,0.052148016727917884,0.545492199364904
4993,0.5026,8,5,8,669865,6579,118362,7894,0.05210841464960081,0.5454294202998687
4994,0.5027,10,10,10,669875,6569,118372,7884,0.052029210492966674,0.545492285338684
4995,0.5028,10,9,10,669884,6560,118382,7874,0.051957926751995946,0.5455175280587502
4996,0.5029,4,5,4,669889,6555,118386,7870,0.05191832467367887,0.545580589254766
4997,0.503,10,10,10,669899,6545,118396,7860,0.051839120517044736,0.5456438736549809
4998,0.5031,9,7,9,669906,6538,118405,7851,0.05178367760740084,0.5456251303078741
4999,0.5032,7,3,7,669909,6535,118412,7844,0.05175991636041059,0.5455177689686348
5000,0.5033,5,13,5,669922,6522,118417,7839,0.05165695095678621,0.5458533528305828
5001,0.5034,5,5,5,669927,6517,118422,7834,0.051617348878469145,0.5458853041599888
5002,0.5035,8,4,8,669931,6513,118430,7826,0.051585667215815485,0.5457842248413418
5003,0.5036,8,5,8,669936,6508,118438,7818,0.05154606513749842,0.54572106659221
5004,0.5037,7,10,7,669946,6498,118445,7811,0.051466860980864275,0.5458802152491439
5005,0.5038,15,8,15,669954,6490,118460,7796,0.05140349765555696,0.5457090858182836
5006,0.5039,5,12,5,669966,6478,118465,7791,0.051308452667596,0.5460088303314878
5007,0.504,5,13,5,669979,6465,118470,7786,0.051205487263971616,0.5463476247280893
5008,0.5041,6,10,6,669989,6455,118476,7780,0.051126283107337474,0.5465402177730945
5009,0.5042,10,4,10,669993,6451,118486,7770,0.051094601444683814,0.5463750791083609
5010,0.5043,8,3,8,669996,6448,118494,7762,0.051070840197693576,0.5462350457424349
5011,0.5044,6,4,6,670000,6444,118500,7756,0.051039158535039916,0.5461971830985916
5012,0.5045,9,6,9,670006,6438,118509,7747,0.050991636041059434,0.5461402890377159
5013,0.5046,11,13,11,670019,6425,118520,7736,0.05088867063743505,0.5462891038768448
5014,0.5047,3,7,3,670026,6418,118523,7733,0.050833227727791155,0.5464631474807434
5015,0.5048,9,4,9,670030,6414,118532,7724,0.050801546065137496,0.5463290422973547
5016,0.5049,10,10,10,670040,6404,118542,7714,0.05072234190850336,0.5463946734664966
5017,0.505,8,9,8,670049,6395,118550,7706,0.05065105816753263,0.546486064818098
5018,0.5051,2,5,2,670054,6390,118552,7704,0.050611456089215565,0.5466155810983397
5019,0.5052,4,7,4,670061,6383,118556,7700,0.05055601317957167,0.5467585031598381
5020,0.5053,3,6,3,670067,6377,118559,7697,0.05050849068559118,0.5468949836578088
5021,0.5054,8,8,8,670075,6369,118567,7689,0.050445127360283865,0.5469483568075117
5022,0.5055,15,7,15,670082,6362,118582,7674,0.05038968445063997,0.5467369620974637
5023,0.5056,6,6,6,670088,6356,118588,7668,0.050342161956659484,0.5467769537934969
5024,0.5057,7,13,7,670101,6343,118595,7661,0.050239196553035104,0.5470579834333048
5025,0.5058,14,6,14,670107,6337,118609,7647,0.05019167405905462,0.5468392448512586
5026,0.5059,5,7,5,670114,6330,118614,7642,0.05013623114941072,0.546951044947037
5027,0.506,8,4,8,670118,6326,118622,7634,0.05010454948675706,0.5468481375358166
5028,0.5061,7,9,7,670127,6317,118629,7627,0.050033265745786336,0.5469736087205966
5029,0.5062,4,14,4,670141,6303,118633,7623,0.04992237992649854,0.54739336492891
5030,0.5063,7,9,7,670150,6294,118640,7616,0.04985109618552782,0.5475197699496764
5031,0.5064,4,7,4,670157,6287,118644,7612,0.049795653275883915,0.5476652996618462
5032,0.5065,14,10,14,670167,6277,118658,7598,0.04971644911924978,0.5476036036036036
5033,0.5066,8,12,8,670179,6265,118666,7590,0.04962140413128881,0.5478166726813425
5034,0.5067,11,12,11,670191,6253,118677,7579,0.04952635914332784,0.5479323308270677
5035,0.5068,4,14,4,670205,6239,118681,7575,0.049415473324040046,0.5483567395395975
5036,0.5069,9,4,9,670209,6235,118690,7566,0.049383791661386386,0.5482211433954062
5037,0.507,8,10,8,670219,6225,118698,7558,0.04930458750475225,0.5483566712616992
5038,0.5071,8,8,8,670227,6217,118706,7550,0.04924122417944494,0.548412871359047
5039,0.5072,8,5,8,670232,6212,118714,7542,0.04920162210112787,0.548349571033881
5040,0.5073,3,11,3,670243,6201,118717,7539,0.04911449752883031,0.5486899563318778
5041,0.5074,2,4,2,670247,6197,118719,7537,0.04908281586617666,0.5487840396097277
5042,0.5075,6,11,6,670258,6186,118725,7531,0.0489956912938791,0.5490267551213822
5043,0.5076,7,8,7,670266,6178,118732,7524,0.04893232796857179,0.5491169172383593
5044,0.5077,8,6,8,670272,6172,118740,7516,0.04888480547459131,0.549094097019287
5045,0.5078,7,5,7,670277,6167,118747,7509,0.04884520339627424,0.5490640538169055
5046,0.5079,6,7,6,670284,6160,118753,7503,0.04878976048663034,0.549147332211081
5047,0.508,4,9,4,670293,6151,118757,7499,0.048718476745659614,0.5493772893772894
5048,0.5081,6,5,6,670298,6146,118763,7493,0.04867887466734254,0.5493804531123982
5049,0.5082,12,8,12,670306,6138,118775,7481,0.04861551134203523,0.5493061164549526
5050,0.5083,7,9,7,670315,6129,118782,7474,0.048544227601064506,0.5494376240535176
5051,0.5084,11,8,11,670323,6121,118793,7463,0.04848086427575719,0.5493963486454653
5052,0.5085,8,4,8,670327,6117,118801,7455,0.048449182613103534,0.5492926613616269
5053,0.5086,6,12,6,670339,6105,118807,7449,0.04835413762514257,0.5495794599380257
5054,0.5087,5,7,5,670346,6098,118812,7444,0.04829869471549867,0.5496972382218284
5055,0.5088,4,6,4,670352,6092,118816,7440,0.04825117222151819,0.5498078628436299
5056,0.5089,15,5,15,670357,6087,118831,7425,0.04821157014320111,0.5495115452930728
5057,0.509,7,8,7,670365,6079,118838,7418,0.0481482068178938,0.5496036156182855
5058,0.5091,5,7,5,670372,6072,118843,7413,0.0480927639082499,0.5497219132369299
5059,0.5092,9,12,9,670384,6060,118852,7404,0.04799771892028894,0.5499108734402852
5060,0.5093,5,8,5,670392,6052,118857,7399,0.047934355594981624,0.550070626719203
5061,0.5094,5,8,5,670400,6044,118862,7394,0.04787099226967431,0.5502306890906384
5062,0.5095,11,10,11,670410,6034,118873,7383,0.04779178811304017,0.5502720429306104
5063,0.5096,5,7,5,670417,6027,118878,7378,0.04773634520339627,0.5503916449086161
5064,0.5097,7,7,7,670424,6020,118885,7371,0.047680902293752374,0.5504443282801882
5065,0.5098,4,5,4,670429,6015,118889,7367,0.047641300215435306,0.5505156179943207
5066,0.5099,5,8,5,670437,6007,118894,7362,0.04757793689012799,0.550676939187673
5067,0.51,6,5,6,670442,6002,118900,7356,0.047538334811810926,0.5506812397065429
5068,0.5101,3,2,3,670444,6000,118903,7353,0.047522493980484096,0.5506627724106943
5069,0.5102,3,7,3,670451,5993,118906,7350,0.0474670510708402,0.5508506332908641
5070,0.5103,7,6,7,670457,5987,118913,7343,0.047419528576859715,0.5508627156789198
5071,0.5104,2,10,2,670467,5977,118915,7341,0.04734032442022557,0.5512088902237573
5072,0.5105,9,10,9,670477,5967,118924,7332,0.04726112026359143,0.5513196480938416
5073,0.5106,11,9,11,670486,5958,118935,7321,0.04718983652262071,0.5513216356653362
5074,0.5107,7,5,7,670491,5953,118942,7314,0.047150234444303635,0.5512926810884149
5075,0.5108,9,5,9,670496,5948,118951,7305,0.04711063236598657,0.551195955632687
5076,0.5109,5,6,5,670502,5942,118956,7300,0.047063109872006084,0.5512762422594775
5077,0.511,8,4,8,670506,5938,118964,7292,0.047031428209352424,0.5511715797430083
5078,0.5111,7,7,7,670513,5931,118971,7285,0.04697598529970853,0.5512257869249395
5079,0.5112,5,10,5,670523,5921,118976,7280,0.04689678114307439,0.5514733732293008
5080,0.5113,11,8,11,670531,5913,118987,7269,0.04683341781776708,0.5514337733272644
5081,0.5114,5,11,5,670542,5902,118992,7264,0.04674629324546952,0.5517241379310345
5082,0.5115,8,11,8,670553,5891,119000,7256,0.04665916867317197,0.5519129839507112
5083,0.5116,5,7,5,670560,5884,119005,7251,0.04660372576352807,0.5520365435858393
5084,0.5117,7,5,7,670565,5879,119012,7244,0.046564123685211,0.5520079250171455
5085,0.5118,8,10,8,670575,5869,119020,7236,0.04648491952857686,0.5521556657764212
5086,0.5119,8,3,8,670578,5866,119028,7228,0.04646115828158662,0.5520085535359707
5087,0.512,6,5,6,670583,5861,119034,7222,0.04642155620326955,0.5520140640525873
5088,0.5121,7,7,7,670590,5854,119041,7215,0.04636611329362565,0.5520697834570357
5089,0.5122,9,3,9,670593,5851,119050,7206,0.04634235204663541,0.5518878762349697
5090,0.5123,9,6,9,670599,5845,119059,7197,0.046294829552654924,0.5518325410213157
5091,0.5124,3,8,3,670607,5837,119062,7194,0.04623146622734761,0.5520681451922339
5092,0.5125,8,6,8,670613,5831,119070,7186,0.04618394373336713,0.5520473227318122
5093,0.5126,5,9,5,670622,5822,119075,7181,0.0461126599923964,0.5522571714219795
5094,0.5127,10,8,10,670630,5814,119085,7171,0.04604929666708909,0.5522525991528687
5095,0.5128,4,3,4,670633,5811,119089,7167,0.046025535420098844,0.5522422561257513
5096,0.5129,9,7,9,670640,5804,119098,7158,0.045970092510454946,0.5522295941984262
5097,0.513,7,12,7,670652,5792,119105,7151,0.04587504752249398,0.5524994205361972
5098,0.5131,5,6,5,670658,5786,119110,7146,0.0458275250285135,0.5525827404887101
5099,0.5132,13,9,13,670667,5777,119123,7133,0.04575624128754277,0.5525174283501162
5100,0.5133,11,6,11,670673,5771,119134,7122,0.04570871879356229,0.5523927712712324
5101,0.5134,9,4,9,670677,5767,119143,7113,0.04567703713090863,0.552251552795031
5102,0.5135,7,7,7,670684,5760,119150,7106,0.04562159422126473,0.5523084097621639
5103,0.5136,6,8,6,670692,5752,119156,7100,0.04555823089595742,0.552443199502023
5104,0.5137,7,6,7,670698,5746,119163,7093,0.045510708401976935,0.5524573564919386
5105,0.5138,12,14,12,670712,5732,119175,7081,0.04539982258268914,0.5526418481230001
5106,0.5139,10,2,10,670714,5730,119185,7071,0.04538398175136231,0.5523787204124678
5107,0.514,8,8,8,670722,5722,119193,7063,0.045320618426055,0.5524442706296441
5108,0.5141,7,7,7,670729,5715,119200,7056,0.0452651755164111,0.5525017618040874
5109,0.5142,5,5,5,670734,5710,119205,7051,0.04522557343809403,0.552542904161116
5110,0.5143,7,2,7,670736,5708,119212,7044,0.0452097326067672,0.5523839397741531
5111,0.5144,9,6,9,670742,5702,119221,7035,0.04516221011278672,0.552327863704169
5112,0.5145,6,14,6,670756,5688,119227,7029,0.04505132429349892,0.5527246992215145
5113,0.5146,2,8,2,670764,5680,119229,7027,0.04498796096819161,0.5530022822066577
5114,0.5147,7,4,7,670768,5676,119236,7020,0.04495627930553796,0.552930056710775
5115,0.5148,8,8,8,670776,5668,119244,7012,0.044892915980230645,0.5529968454258675
5116,0.5149,8,8,8,670784,5660,119252,7004,0.04482955265492333,0.5530638029058749
5117,0.515,8,10,8,670794,5650,119260,6996,0.04475034849828919,0.5532184089830776
5118,0.5151,11,4,11,670798,5646,119271,6985,0.04471866683563554,0.5530045127068324
5119,0.5152,3,4,3,670802,5642,119274,6982,0.04468698517298188,0.5530735107731305
5120,0.5153,3,8,3,670810,5634,119277,6979,0.044623621847674565,0.5533180052326965
5121,0.5154,8,9,8,670819,5625,119285,6971,0.04455233810670384,0.5534296602095904
5122,0.5155,11,8,11,670827,5617,119296,6960,0.044488974781396524,0.5533911107577324
5123,0.5156,10,6,10,670833,5611,119306,6950,0.04444145228741604,0.5532998965050553
5124,0.5157,7,8,7,670841,5603,119313,6943,0.04437808896210873,0.5534034752112227
5125,0.5158,8,4,8,670845,5599,119321,6935,0.044346407299455076,0.5532950374980055
5126,0.5159,6,4,6,670849,5595,119327,6929,0.044314725636801416,0.5532577451293517
5127,0.516,8,2,8,670851,5593,119335,6921,0.04429888480547459,0.5530605721591817
5128,0.5161,5,6,5,670857,5587,119340,6916,0.044251362311494104,0.5531472446612813
5129,0.5162,7,7,7,670864,5580,119347,6909,0.044195919401850206,0.5532068220033629
5130,0.5163,8,5,8,670869,5575,119355,6901,0.04415631732353314,0.5531420327027894
5131,0.5164,9,2,9,670871,5573,119364,6892,0.04414047649220631,0.5529081427998396
5132,0.5165,9,8,9,670879,5565,119373,6883,0.044077113166898996,0.5529402313624678
5133,0.5166,8,1,8,670880,5564,119381,6875,0.04406919275123559,0.5526971621512984
5134,0.5167,6,8,6,670888,5556,119387,6869,0.044005829425928275,0.5528370221327967
5135,0.5168,7,4,7,670892,5552,119394,6862,0.043974147763274615,0.5527630095053971
5136,0.5169,11,4,11,670896,5548,119405,6851,0.04394246610062096,0.552544560045165
5137,0.517,8,8,8,670904,5540,119413,6843,0.04387910277531365,0.5526124525559234
5138,0.5171,8,6,8,670910,5534,119421,6835,0.04383158028133317,0.5525911553076239
5139,0.5172,6,8,6,670918,5526,119427,6829,0.043768216956025854,0.5527316875758802
5140,0.5173,10,5,10,670923,5521,119437,6819,0.04372861487770878,0.5525931928687197
5141,0.5174,9,5,9,670928,5516,119446,6810,0.04368901279939171,0.5524906701281843
5142,0.5175,6,4,6,670932,5512,119452,6804,0.04365733113673806,0.5524520948359857
5143,0.5176,12,4,12,670936,5508,119464,6792,0.0436256494740844,0.5521951219512196
5144,0.5177,11,8,11,670944,5500,119475,6781,0.04356228614877709,0.5521537334093315
5145,0.5178,5,2,5,670946,5498,119480,6776,0.04354644531745026,0.5520612677203846
5146,0.5179,5,3,5,670949,5495,119485,6771,0.04352268407046002,0.5520136963965433
5147,0.518,4,8,4,670957,5487,119489,6767,0.043459320745152706,0.5522278439693161
5148,0.5181,9,6,9,670963,5481,119498,6758,0.04341179825117222,0.5521692948770325
5149,0.5182,6,8,6,670971,5473,119504,6752,0.04334843492586491,0.5523108384458078
5150,0.5183,6,4,6,670975,5469,119510,6746,0.04331675326321125,0.5522717969709374
5151,0.5184,3,7,3,670982,5462,119513,6743,0.04326131035356735,0.5524784924211389
5152,0.5185,12,9,12,670991,5453,119525,6731,0.043190026612596626,0.552445830597505
5153,0.5186,3,11,3,671002,5442,119528,6728,0.043102902040299075,0.5528348397699261
5154,0.5187,9,2,9,671004,5440,119537,6719,0.043087061208972245,0.5525947857554075
5155,0.5188,9,8,9,671012,5432,119546,6710,0.04302369788366493,0.5526272442760666
5156,0.5189,11,7,11,671019,5425,119557,6699,0.042968254974021035,0.5525404157043879
5157,0.519,10,4,10,671023,5421,119567,6689,0.04293657331136738,0.5523534269199009
5158,0.5191,7,2,7,671025,5419,119574,6682,0.04292073248004055,0.5521857697710933
5159,0.5192,9,8,9,671033,5411,119583,6673,0.04285736915473324,0.5522178086726249
5160,0.5193,8,11,8,671044,5400,119591,6665,0.04277024458243569,0.5524243680066308
5161,0.5194,5,9,5,671053,5391,119596,6660,0.04269896084146496,0.5526512322628827
5162,0.5195,3,4,3,671057,5387,119599,6657,0.0426672791788113,0.5527233477250083
5163,0.5196,8,12,8,671069,5375,119607,6649,0.042572234190850336,0.552977378576181
5164,0.5197,9,6,9,671075,5369,119616,6640,0.04252471169686985,0.5529186443500708
5165,0.5198,11,6,11,671081,5363,119627,6629,0.04247718920288937,0.5527851901267512
5166,0.5199,7,6,7,671087,5357,119634,6622,0.04242966670890888,0.5528007346189164
5167,0.52,9,7,9,671094,5350,119643,6613,0.04237422379926498,0.5527877622669899
5168,0.5201,4,16,4,671110,5334,119647,6609,0.04224749714865036,0.5533785481034916
5169,0.5202,11,5,11,671115,5329,119658,6598,0.04220789507033329,0.5531986249685588
5170,0.5203,5,8,5,671123,5321,119663,6593,0.04214453174502598,0.5533825751217055
5171,0.5204,10,14,10,671137,5307,119673,6583,0.04203364592573818,0.5536585365853659
5172,0.5205,13,6,13,671143,5301,119686,6570,0.0419861234317577,0.5534495830174374
5173,0.5206,9,5,9,671148,5296,119695,6561,0.04194652135344063,0.5533440161929661
5174,0.5207,2,14,2,671162,5282,119697,6559,0.04183563553415283,0.5539228105734313
5175,0.5208,3,8,3,671170,5274,119700,6556,0.04177227220884552,0.5541842772612003
5176,0.5209,8,5,8,671175,5269,119708,6548,0.04173267013052845,0.5541169501565542
5177,0.521,7,3,7,671178,5266,119715,6541,0.04170890888353821,0.5539933937494707
5178,0.5211,7,7,7,671185,5259,119722,6534,0.04165346597389431,0.5540574917323836
5179,0.5212,7,4,7,671189,5255,119729,6527,0.04162178431124065,0.5539806484467832
5180,0.5213,6,6,6,671195,5249,119735,6521,0.04157426181726017,0.554035683942226
5181,0.5214,6,6,6,671201,5243,119741,6515,0.04152673932327969,0.5540908317741112
5182,0.5215,10,6,10,671207,5237,119751,6505,0.041479216829299205,0.5539942088230284
5183,0.5216,8,6,8,671213,5231,119759,6497,0.041431694335318715,0.5539733969986358
5184,0.5217,9,7,9,671220,5224,119768,6488,0.04137625142567482,0.5539617486338798
5185,0.5218,7,5,7,671225,5219,119775,6481,0.04133664934735775,0.553931623931624
5186,0.5219,4,8,4,671233,5211,119779,6477,0.04127328602205044,0.5541581108829569
5187,0.522,5,8,5,671241,5203,119784,6472,0.041209922696743125,0.5543468950749465
5188,0.5221,7,9,7,671250,5194,119791,6465,0.0411386389557724,0.5545072476198645
5189,0.5222,7,6,7,671256,5188,119798,6458,0.041091116461791914,0.554525158852825
5190,0.5223,9,5,9,671261,5183,119807,6449,0.041051514383474846,0.5544188445667125
5191,0.5224,4,9,4,671270,5174,119811,6445,0.04098023064250412,0.5546948962905586
5192,0.5225,7,9,7,671279,5165,119818,6438,0.04090894690153339,0.5548565026286305
5193,0.5226,6,6,6,671285,5159,119824,6432,0.04086142440755291,0.5549132947976878
5194,0.5227,7,6,7,671291,5153,119831,6425,0.040813901913572426,0.5549317671445846
5195,0.5228,1,5,1,671296,5148,119832,6424,0.04077429983525535,0.5551330798479087
5196,0.5229,6,3,6,671299,5145,119838,6418,0.04075053858826511,0.5550462682694802
5197,0.523,7,7,7,671306,5138,119845,6411,0.040695095678621215,0.5551129967962594
5198,0.5231,10,5,10,671311,5133,119855,6401,0.04065549360030414,0.554967920929426
5199,0.5232,7,6,7,671317,5127,119862,6394,0.04060797110632366,0.5549865463067442
5200,0.5233,6,12,6,671329,5115,119868,6388,0.04051292611836269,0.5553333912892289
5201,0.5234,3,9,3,671338,5106,119871,6385,0.040441642377391965,0.5556522495866331
5202,0.5235,10,8,10,671346,5098,119881,6375,0.04037827905208465,0.5556524012899852
5203,0.5236,7,4,7,671350,5094,119888,6368,0.040346597389431,0.5555749432908742
5204,0.5237,7,10,7,671360,5084,119895,6361,0.04026739323279686,0.5557885539536915
5205,0.5238,8,8,8,671368,5076,119903,6353,0.040204029907489544,0.5558666550004375
5206,0.5239,5,7,5,671375,5069,119908,6348,0.040148586997845646,0.5560129631251642
5207,0.524,7,7,7,671382,5062,119915,6341,0.04009314408820175,0.556081732877313
5208,0.5241,6,5,6,671387,5057,119921,6335,0.04005354200988468,0.5560919943820225
5209,0.5242,7,6,7,671393,5051,119928,6328,0.04000601951590419,0.5561121363915985
5210,0.5243,8,9,8,671402,5042,119936,6320,0.03993473577493347,0.5562400985741947
5211,0.5244,5,7,5,671409,5035,119941,6315,0.03987929286528957,0.5563876651982379
5212,0.5245,6,5,6,671414,5030,119947,6309,0.0398396907869725,0.5563982714525091
5213,0.5246,4,11,4,671425,5019,119951,6305,0.03975256621467495,0.5567820558106676
5214,0.5247,2,3,2,671428,5016,119953,6303,0.0397288049676847,0.5568513119533528
5215,0.5248,11,7,11,671435,5009,119964,6292,0.039673362058040805,0.5567648880630033
5216,0.5249,5,4,5,671439,5005,119969,6287,0.03964168039538715,0.5567658519305703
5217,0.525,6,10,6,671449,4995,119975,6281,0.03956247623875301,0.5570237672933664
5218,0.5251,5,7,5,671456,4988,119980,6276,0.03950703332910911,0.5571732954545454
5219,0.5252,10,7,10,671463,4981,119990,6266,0.039451590419465214,0.5571263448030586
5220,0.5253,4,4,4,671467,4977,119994,6262,0.039419908756811554,0.5571670077409022
5221,0.5254,5,8,5,671475,4969,119999,6257,0.03935654543150425,0.5573668270087297
5222,0.5255,6,5,6,671480,4964,120005,6251,0.039316943353187174,0.5573785109228712
5223,0.5256,7,7,7,671487,4957,120012,6244,0.039261500443543276,0.5574502276582448
5224,0.5257,5,5,5,671492,4952,120017,6239,0.03922189836522621,0.5575015637565901
5225,0.5258,3,6,3,671498,4946,120020,6236,0.039174375871245726,0.5576819889107494
5226,0.5259,5,1,5,671499,4945,120025,6231,0.03916645545558231,0.5575340014316392
5227,0.526,8,1,8,671500,4944,120033,6223,0.039158535039918896,0.5572669472553058
5228,0.5261,13,5,13,671505,4939,120046,6210,0.03911893296160183,0.5570006278590008
5229,0.5262,4,11,4,671516,4928,120050,6206,0.03903180838930427,0.5573917729477277
5230,0.5263,6,10,6,671526,4918,120056,6200,0.03895260423267013,0.5576542543622954
5231,0.5264,11,6,11,671532,4912,120067,6189,0.038905081738689645,0.55751734078011
5232,0.5265,6,5,6,671537,4907,120073,6183,0.03886547966037258,0.5575293056807935
5233,0.5266,11,8,11,671545,4899,120084,6172,0.038802116335065265,0.5574925480986361
5234,0.5267,3,13,3,671558,4886,120087,6169,0.038699150931440884,0.5580280416101312
5235,0.5268,5,7,5,671565,4879,120092,6164,0.03864370802179699,0.5581816535361768
5236,0.5269,7,5,7,671570,4874,120099,6157,0.03860410594347991,0.5581542924485541
5237,0.527,2,4,2,671574,4870,120101,6155,0.03857242428082626,0.5582766439909297
5238,0.5271,8,12,8,671586,4858,120109,6147,0.03847737929286529,0.5585642889595638
5239,0.5272,5,1,5,671587,4857,120114,6142,0.03846945887720188,0.5584144013092099
5240,0.5273,6,9,6,671596,4848,120120,6136,0.03839817513623115,0.5586307356154406
5241,0.5274,4,8,4,671604,4840,120124,6132,0.03833481181092384,0.5588771418155304
5242,0.5275,7,8,7,671612,4832,120131,6125,0.038271448485616526,0.5590033768367254
5243,0.5276,13,7,13,671619,4825,120144,6112,0.03821600557597263,0.5588369754045899
5244,0.5277,5,9,5,671628,4816,120149,6107,0.0381447218350019,0.5590954865879337
5245,0.5278,4,8,4,671636,4808,120153,6103,0.03808135850969459,0.5593437815049033
5246,0.5279,5,0,5,671636,4808,120158,6098,0.03808135850969459,0.5591417568311021
5247,0.528,6,5,6,671641,4803,120164,6092,0.03804175643137752,0.5591555759522717
5248,0.5281,4,5,4,671646,4798,120168,6088,0.038002154353060445,0.559250413374977
5249,0.5282,4,4,4,671650,4794,120172,6084,0.03797047269040679,0.5592939878654164
5250,0.5283,4,8,4,671658,4786,120176,6080,0.03790710936509948,0.5595435302779311
5251,0.5284,13,4,13,671662,4782,120189,6067,0.03787542770244583,0.5592220481150336
5252,0.5285,6,7,6,671669,4775,120195,6061,0.03781998479280193,0.5593392395717978
5253,0.5286,9,0,9,671669,4775,120204,6052,0.03781998479280193,0.5589729380253071
5254,0.5287,3,5,3,671674,4770,120207,6049,0.037780382714484854,0.5591089749514743
5255,0.5288,5,3,5,671677,4767,120212,6044,0.03775662146749462,0.5590602164462122
5256,0.5289,3,8,3,671685,4759,120215,6041,0.037693258142187304,0.5593518518518519
5257,0.529,5,6,5,671691,4753,120220,6036,0.03764573564820682,0.5594587079432756
5258,0.5291,7,5,7,671696,4748,120227,6029,0.037606133569889746,0.559432123967709
5259,0.5292,2,3,2,671699,4745,120229,6027,0.03758237232289951,0.5595061269959153
5260,0.5293,6,4,6,671703,4741,120235,6021,0.03755069066024585,0.5594685002787586
5261,0.5294,5,11,5,671714,4730,120240,6016,0.0374635660879483,0.5598362181276754
5262,0.5295,3,4,3,671718,4726,120243,6013,0.03743188442529464,0.5599217804264829
5263,0.5296,7,8,7,671726,4718,120250,6006,0.037368521099987326,0.5600522193211488
5264,0.5297,4,5,4,671731,4713,120254,6002,0.03732891902167026,0.5601493233784415
5265,0.5298,9,6,9,671737,4707,120263,5993,0.037281396527689775,0.5600934579439253
5266,0.5299,1,7,1,671744,4700,120264,5992,0.03722595361804588,0.5604190048634493
5267,0.53,5,3,5,671747,4697,120269,5987,0.03720219237105563,0.5603706476974916
5268,0.5301,2,5,2,671752,4692,120271,5985,0.037162590292738565,0.560550716493397
5269,0.5302,9,5,9,671757,4687,120280,5976,0.03712298821442149,0.5604426521616805
5270,0.5303,9,12,9,671769,4675,120289,5967,0.037027943226460525,0.560702875399361
5271,0.5304,7,4,7,671773,4671,120296,5960,0.03699626156380687,0.5606245884676888
5272,0.5305,3,7,3,671780,4664,120299,5957,0.03694081865416297,0.5608699745786649
5273,0.5306,7,7,7,671787,4657,120306,5950,0.03688537574451907,0.5609503158291694
5274,0.5307,4,3,4,671790,4654,120310,5946,0.03686161449752883,0.5609433962264151
5275,0.5308,8,4,8,671794,4650,120318,5938,0.03682993283487517,0.5608235738571968
5276,0.5309,5,13,5,671807,4637,120323,5933,0.03672696743125079,0.5613055818353831
5277,0.531,8,5,8,671812,4632,120331,5925,0.036687365352933723,0.5612389883489628
5278,0.5311,9,9,9,671821,4623,120340,5916,0.036616081611962996,0.5613435809849132
5279,0.5312,5,8,5,671829,4615,120345,5911,0.03655271828665568,0.5615618468554057
5280,0.5313,7,8,7,671837,4607,120352,5904,0.03648935496134837,0.561697269527162
5281,0.5314,12,4,12,671841,4603,120364,5892,0.03645767329869472,0.56141019533111
5282,0.5315,6,6,6,671847,4597,120370,5886,0.03641015080471423,0.561480492225508
5283,0.5316,8,6,8,671853,4591,120378,5878,0.036362628310733745,0.5614671888432515
5284,0.5317,7,8,7,671861,4583,120385,5871,0.03629926498542643,0.5616032140807347
5285,0.5318,7,6,7,671867,4577,120392,5864,0.03625174249144595,0.5616320275835648
5286,0.5319,11,6,11,671873,4571,120403,5853,0.03620421999746547,0.5614927091327705
5287,0.532,6,7,6,671880,4564,120409,5847,0.03614877708782157,0.5616175199308424
5288,0.5321,5,3,5,671883,4561,120414,5842,0.036125015840831325,0.561568778237047
5289,0.5322,9,8,9,671891,4553,120423,5833,0.03606165251552401,0.5616214134411708
5290,0.5323,5,4,5,671895,4549,120428,5828,0.03602997085287036,0.5616266743760239
5291,0.5324,10,4,10,671899,4545,120438,5818,0.0359982891902167,0.5614204380970761
5292,0.5325,6,4,6,671903,4541,120444,5812,0.035966607527563046,0.5613831739592389
5293,0.5326,7,5,7,671908,4536,120451,5805,0.03592700544924598,0.5613577023498695
5294,0.5327,4,5,4,671913,4531,120455,5801,0.035887403370928904,0.5614595431668602
5295,0.5328,6,4,6,671917,4527,120461,5795,0.03585572170827525,0.5614222049990312
5296,0.5329,7,7,7,671924,4520,120468,5788,0.03580027879863135,0.5615056266977105
5297,0.533,5,8,5,671932,4512,120473,5783,0.03573691547332404,0.5617289946576007
5298,0.5331,9,7,9,671939,4505,120482,5774,0.03568147256368014,0.5617277945325421
5299,0.5332,1,3,1,671942,4502,120483,5773,0.0356577113166899,0.5618491484184915
5300,0.5333,6,5,6,671947,4497,120489,5767,0.03561810923837283,0.5618667186282151
5301,0.5334,9,7,9,671954,4490,120498,5758,0.03556266632872893,0.5618657298985168
5302,0.5335,3,7,3,671961,4483,120501,5755,0.035507223419085035,0.5621215081070522
5303,0.5336,5,10,5,671971,4473,120506,5750,0.03542801926245089,0.5624572043431478
5304,0.5337,8,3,8,671974,4470,120514,5742,0.035404258015460655,0.5622796709753232
5305,0.5338,9,7,9,671981,4463,120523,5733,0.03534881510581675,0.5622793252255787
5306,0.5339,3,3,3,671984,4460,120526,5730,0.03532505385882651,0.5623159960745829
5307,0.534,6,7,6,671991,4453,120532,5724,0.035269610949182614,0.5624447283089319
5308,0.5341,6,7,6,671998,4446,120538,5718,0.03521416803953872,0.5625737898465171
5309,0.5342,5,5,5,672003,4441,120543,5713,0.03517456596122164,0.56263541461493
5310,0.5343,6,6,6,672009,4435,120549,5707,0.03512704346724116,0.5627095247485703
5311,0.5344,3,1,3,672010,4434,120552,5704,0.035119123051577744,0.562635628329059
5312,0.5345,5,8,5,672018,4426,120557,5699,0.03505575972627043,0.5628641975308643
5313,0.5346,6,7,6,672025,4419,120563,5693,0.035000316816626534,0.5629944620253164
5314,0.5347,6,5,6,672030,4414,120569,5687,0.034960714738309466,0.563013563013563
5315,0.5348,3,6,3,672036,4408,120572,5684,0.03491319224432898,0.5632183908045977
5316,0.5349,5,8,5,672044,4400,120577,5679,0.03484982891902167,0.5634487548367894
5317,0.535,8,5,8,672049,4395,120585,5671,0.0348102268407046,0.5633816809060203
5318,0.5351,7,9,7,672058,4386,120592,5664,0.034738943099733875,0.5635820895522388
5319,0.5352,4,7,4,672065,4379,120596,5660,0.03468350019008998,0.563801175415878
5320,0.5353,5,10,5,672075,4369,120601,5655,0.034604296033455835,0.564146049481245
5321,0.5354,5,5,5,672080,4364,120606,5650,0.03456469395513877,0.5642101058518074
5322,0.5355,6,4,6,672084,4360,120612,5644,0.03453301229248511,0.5641743302678929
5323,0.5356,4,3,4,672087,4357,120616,5640,0.03450925104549487,0.5641692507752326
5324,0.5357,4,3,4,672090,4354,120620,5636,0.034485489798504625,0.5641641641641642
5325,0.5358,4,5,4,672095,4349,120624,5632,0.03444588772018756,0.5642721170223425
5326,0.5359,9,8,9,672103,4341,120633,5623,0.034382524394880244,0.5643315937374548
5327,0.536,4,6,4,672109,4335,120637,5619,0.03433500190089976,0.5644966847498493
5328,0.5361,6,7,6,672116,4328,120643,5613,0.034279558991255864,0.5646313248164169
5329,0.5362,3,7,3,672123,4321,120646,5610,0.034224116081611966,0.5648977947840097
5330,0.5363,6,4,6,672127,4317,120652,5604,0.034192434418958306,0.5648624130631993
5331,0.5364,2,8,2,672135,4309,120654,5602,0.034129071093650994,0.565230551912017
5332,0.5365,6,7,6,672142,4302,120660,5596,0.034073628184007096,0.5653667407557083
5333,0.5366,7,4,7,672146,4298,120667,5589,0.03404194652135344,0.5652877515930009
5334,0.5367,6,6,6,672152,4292,120673,5583,0.03399442402737295,0.565367088607595
5335,0.5368,5,5,5,672157,4287,120678,5578,0.033954821949055886,0.5654333502280791
5336,0.5369,3,1,3,672158,4286,120681,5575,0.03394690153339247,0.5653584829124835
5337,0.537,4,6,4,672164,4280,120685,5571,0.03389937903941199,0.5655263425032991
5338,0.5371,2,7,2,672171,4273,120687,5569,0.03384393612976809,0.5658402763665922
5339,0.5372,5,4,5,672175,4269,120692,5564,0.03381225446711444,0.565849689819994
5340,0.5373,6,2,6,672177,4267,120698,5558,0.03379641363578761,0.5656997455470738
5341,0.5374,6,3,6,672180,4264,120704,5552,0.03377265238879736,0.5656071719641402
5342,0.5375,7,8,7,672188,4256,120711,5545,0.03370928906349005,0.5657585960616264
5343,0.5376,2,9,2,672197,4247,120713,5543,0.03363800532251932,0.5661899897854954
5344,0.5377,6,3,6,672200,4244,120719,5537,0.033614244075529084,0.5660975360392598
5345,0.5378,5,3,5,672203,4241,120724,5532,0.03359048282853884,0.5660493195538729
5346,0.5379,5,7,5,672210,4234,120729,5527,0.03353503991889494,0.5662329679336133
5347,0.538,4,4,4,672214,4230,120733,5523,0.03350335825624129,0.5662872962165487
5348,0.5381,8,5,8,672219,4225,120741,5515,0.033463756177924214,0.5662217659137577
5349,0.5382,2,6,2,672225,4219,120743,5513,0.03341623368394373,0.5664817098232635
5350,0.5383,7,8,7,672233,4211,120750,5506,0.03335287035863642,0.5666357929402079
5351,0.5384,3,11,3,672244,4200,120753,5503,0.03326574578633887,0.567144182211687
5352,0.5385,3,5,3,672249,4195,120756,5500,0.033226143708021794,0.5673027333677153
5353,0.5386,6,2,6,672251,4193,120762,5494,0.03321030287669497,0.5671518529988645
5354,0.5387,3,10,3,672261,4183,120765,5491,0.03313109872006083,0.5676038867066363
5355,0.5388,9,4,9,672265,4179,120774,5482,0.033099417057407175,0.5674360832211987
5356,0.5389,6,5,6,672270,4174,120780,5476,0.0330598149790901,0.567461139896373
5357,0.539,3,10,3,672280,4164,120783,5473,0.032980610822455965,0.5679153263463733
5358,0.5391,6,4,6,672284,4160,120789,5467,0.032948929159802305,0.5678819985457567
5359,0.5392,5,6,5,672290,4154,120794,5462,0.03290140666582182,0.5680116472545758
5360,0.5393,3,8,3,672298,4146,120797,5459,0.03283804334051451,0.5683498178032275
5361,0.5394,7,10,7,672308,4136,120804,5452,0.03275883918388037,0.5686274509803921
5362,0.5395,9,7,9,672315,4129,120813,5443,0.03270339627423647,0.5686376932720435
5363,0.5396,8,9,8,672324,4120,120821,5435,0.03263211253326575,0.5688121402407117
5364,0.5397,5,7,5,672331,4113,120826,5430,0.032576669623621844,0.5690034580320654
5365,0.5398,3,6,3,672337,4107,120829,5427,0.03252914712964136,0.5692259282567652
5366,0.5399,5,4,5,672341,4103,120834,5422,0.03249746546698771,0.569238845144357
5367,0.54,3,8,3,672349,4095,120837,5419,0.032434102141680396,0.5695816691191927
5368,0.5401,3,4,3,672353,4091,120840,5416,0.032402420479026736,0.5696854948984958
5369,0.5402,8,6,8,672359,4085,120848,5408,0.03235489798504625,0.569682924259981
5370,0.5403,3,4,3,672363,4081,120851,5405,0.0323232163223926,0.5697870546067889
5371,0.5404,3,3,3,672366,4078,120854,5402,0.032299455075402356,0.569831223628692
5372,0.5405,3,6,3,672372,4072,120857,5399,0.03225193258142187,0.5700559602998627
5373,0.5406,5,3,5,672375,4069,120862,5394,0.03222817133443163,0.5700095107259854
5374,0.5407,6,5,6,672380,4064,120868,5388,0.03218856925611456,0.570038087177317
5375,0.5408,5,5,5,672385,4059,120873,5383,0.03214896717779749,0.5701122643507731
5376,0.5409,4,6,4,672391,4053,120877,5379,0.03210144468381701,0.57029262086514
5377,0.541,7,5,7,672396,4048,120884,5372,0.032061842605499935,0.570276008492569
5378,0.5411,6,5,6,672401,4043,120890,5366,0.03202224052718287,0.5703050271017112
5379,0.5412,3,3,3,672404,4040,120893,5363,0.03199847928019262,0.5703498883335106
5380,0.5413,2,6,2,672410,4034,120895,5361,0.03195095678621214,0.5706226716338478
5381,0.5414,2,6,2,672416,4028,120897,5359,0.03190343429223166,0.5708959198892085
5382,0.5415,6,8,6,672424,4020,120903,5353,0.031840070966924344,0.5711085031473381
5383,0.5416,8,2,8,672426,4018,120911,5345,0.031824230135597514,0.570864039303642
5384,0.5417,2,5,2,672431,4013,120913,5343,0.03178462805728045,0.571077383497221
5385,0.5418,6,5,6,672436,4008,120919,5337,0.03174502597896338,0.571107544141252
5386,0.5419,8,2,8,672438,4006,120927,5329,0.03172918514763655,0.5708623460096411
5387,0.542,6,6,6,672444,4000,120933,5323,0.031681662653656066,0.5709535557224069
5388,0.5421,3,10,3,672454,3990,120936,5320,0.031602458497021924,0.5714285714285714
5389,0.5422,9,5,9,672459,3985,120945,5311,0.031562856418704856,0.5713209982788297
5390,0.5423,6,6,6,672465,3979,120951,5305,0.031515333924724366,0.5714131839724257
5391,0.5424,4,8,4,672473,3971,120955,5301,0.03145197059941706,0.5717213114754098
5392,0.5425,3,4,3,672477,3967,120958,5298,0.0314202889367634,0.5718294657312466
5393,0.5426,5,8,5,672485,3959,120963,5293,0.03135692561145609,0.5720925205361003
5394,0.5427,8,2,8,672487,3957,120971,5285,0.03134108478012926,0.5718459207963644
5395,0.5428,5,7,5,672494,3950,120976,5280,0.03128564187048536,0.5720476706392199
5396,0.5429,7,2,7,672496,3948,120983,5273,0.03126980103915854,0.5718468712720963
5397,0.543,7,6,7,672502,3942,120990,5266,0.03122227854517805,0.5718940052128584
5398,0.5431,5,8,5,672510,3934,120995,5261,0.03115891521987074,0.5721587819467102
5399,0.5432,7,10,7,672520,3924,121002,5254,0.0310797110632366,0.5724558727391589
5400,0.5433,2,2,2,672522,3922,121004,5252,0.03106387023190977,0.5724874645737955
5401,0.5434,5,5,5,672527,3917,121009,5247,0.031024268153592702,0.5725665648188564
5402,0.5435,5,4,5,672531,3913,121014,5242,0.030992586490939045,0.5725832878208629
5403,0.5436,3,8,3,672539,3905,121017,5239,0.030929223165631733,0.5729440069991251
5404,0.5437,5,6,5,672545,3899,121022,5234,0.030881700671651247,0.5730866090003285
5405,0.5438,5,0,5,672545,3899,121027,5229,0.030881700671651247,0.5728527607361963
5406,0.5439,6,6,6,672551,3893,121033,5223,0.030834178177670764,0.5729486616937253
5407,0.544,3,6,3,672557,3887,121036,5220,0.03078665568369028,0.5731854617327331
5408,0.5441,3,4,3,672561,3883,121039,5217,0.030754974021036625,0.5732967032967033
5409,0.5442,3,3,3,672564,3880,121042,5214,0.030731212774046383,0.5733450626786892
5410,0.5443,7,7,7,672571,3873,121049,5207,0.030675769864402482,0.5734581497797356
5411,0.5444,10,4,10,672575,3869,121059,5197,0.03064408820174883,0.5732406794617251
5412,0.5445,6,8,6,672583,3861,121065,5191,0.030580724876441517,0.5734644277507733
5413,0.5446,6,7,6,672590,3854,121071,5185,0.03052528196679762,0.5736254010399381
5414,0.5447,5,6,5,672596,3848,121076,5180,0.030477759472817133,0.5737704918032787
5415,0.5448,7,4,7,672600,3844,121083,5173,0.030446077810163476,0.5736941333037595
5416,0.5449,5,2,5,672602,3842,121088,5168,0.03043023697883665,0.5735849056603773
5417,0.545,5,4,5,672606,3838,121093,5163,0.030398555316182994,0.5736029330074436
5418,0.5451,7,6,7,672612,3832,121100,5156,0.030351032822202507,0.5736537605696485
5419,0.5452,7,5,7,672617,3827,121107,5149,0.03031143074388544,0.5736408199643493
5420,0.5453,5,3,5,672620,3824,121112,5144,0.0302876694968952,0.5735950044603033
5421,0.5454,5,5,5,672625,3819,121117,5139,0.030248067418578127,0.5736771600803751
5422,0.5455,9,2,9,672627,3817,121126,5130,0.0302322265872513,0.5733765507991505
5423,0.5456,6,3,6,672630,3814,121132,5124,0.030208465340261056,0.5732826135600806
5424,0.5457,2,7,2,672637,3807,121134,5122,0.030153022430617158,0.5736364654496584
5425,0.5458,2,5,2,672642,3802,121136,5120,0.03011342035230009,0.5738623626989464
5426,0.5459,7,3,7,672645,3799,121143,5113,0.030089659105309845,0.5737208258527827
5427,0.546,5,6,5,672651,3793,121148,5108,0.030042136611329363,0.5738681047073363
5428,0.5461,5,3,5,672654,3790,121153,5103,0.03001837536433912,0.5738221072753852
5429,0.5462,7,2,7,672656,3788,121160,5096,0.03000253453301229,0.5736154885186853
5430,0.5463,4,3,4,672659,3785,121164,5092,0.02997877328602205,0.5736172130224175
5431,0.5464,8,3,8,672662,3782,121172,5084,0.02995501203903181,0.5734265734265734
5432,0.5465,6,5,6,672667,3777,121178,5078,0.029915409960714737,0.5734613212874082
5433,0.5466,5,2,5,672669,3775,121183,5073,0.02989956912938791,0.5733499095840868
5434,0.5467,7,5,7,672674,3770,121190,5066,0.02985996705107084,0.5733363512901766
5435,0.5468,15,6,15,672680,3764,121205,5051,0.029812444557090357,0.5730005672149745
5436,0.5469,4,4,4,672684,3760,121209,5047,0.0297807628944367,0.5730668786192801
5437,0.547,4,4,4,672688,3756,121213,5043,0.029749081231783044,0.5731333106034777
5438,0.5471,7,7,7,672695,3749,121220,5036,0.029693638322139147,0.5732498577120091
5439,0.5472,8,4,8,672699,3745,121228,5028,0.02966195665948549,0.573122079106349
5440,0.5473,5,7,5,672706,3738,121233,5023,0.029606513749841593,0.5733363771258989
5441,0.5474,3,7,3,672713,3731,121236,5020,0.029551070840197695,0.5736487258599017
5442,0.5475,5,6,5,672719,3725,121241,5015,0.02950354834621721,0.5737986270022883
5443,0.5476,5,5,5,672724,3720,121246,5010,0.02946394626790014,0.5738831615120275
5444,0.5477,6,7,6,672731,3713,121252,5004,0.02940850335825624,0.5740507055179535
5445,0.5478,7,2,7,672733,3711,121259,4997,0.029392662526929413,0.5738401469912724
5446,0.5479,5,2,5,672735,3709,121264,4992,0.029376821695602587,0.5737271577979542
5447,0.548,4,5,4,672740,3704,121268,4988,0.029337219617285516,0.5738610216290843
5448,0.5481,7,4,7,672744,3700,121275,4981,0.02930553795463186,0.5737818223706946
5449,0.5482,3,9,3,672753,3691,121278,4978,0.02923425421366113,0.5742300149959626
5450,0.5483,4,11,4,672764,3680,121282,4974,0.029147129641363578,0.5747631153223942
5451,0.5484,3,8,3,672772,3672,121285,4971,0.029083766316056265,0.5751475182228393
5452,0.5485,5,7,5,672779,3665,121290,4966,0.029028323406412367,0.5753678600393929
5453,0.5486,1,4,1,672783,3661,121291,4965,0.02899664174375871,0.5755854393693485
5454,0.5487,4,4,4,672787,3657,121295,4961,0.028964960081105058,0.5756556045486192
5455,0.5488,5,2,5,672789,3655,121300,4956,0.028949119249778228,0.5755429102310997
5456,0.5489,5,3,5,672792,3652,121305,4951,0.028925358002787987,0.5754969196791817
5457,0.549,4,5,4,672797,3647,121309,4947,0.028885755924470916,0.5756341633697929
5458,0.5491,8,4,8,672801,3643,121317,4939,0.02885407426181726,0.5755068748543463
5459,0.5492,6,6,6,672807,3637,121323,4933,0.028806551767836776,0.57561260210035
5460,0.5493,4,3,4,672810,3634,121327,4929,0.028782790520846535,0.5756160224220483
5461,0.5494,4,3,4,672813,3631,121331,4925,0.02875902927385629,0.575619448340346
5462,0.5495,5,9,5,672822,3622,121336,4920,0.028687745532885566,0.5759775228283774
5463,0.5496,8,3,8,672825,3619,121344,4912,0.028663984285895325,0.5757824405110773
5464,0.5497,11,4,11,672829,3615,121355,4901,0.02863230262324167,0.5755049318929075
5465,0.5498,3,6,3,672835,3609,121358,4898,0.028584780129261182,0.5757611378864465
5466,0.5499,4,3,4,672838,3606,121362,4894,0.02856101888227094,0.575764705882353
5467,0.55,4,4,4,672842,3602,121366,4890,0.028529337219617285,0.5758360810174281
5468,0.5501,8,2,8,672844,3600,121374,4882,0.028513496388290458,0.5755717991039849
5469,0.5502,4,5,4,672849,3595,121378,4878,0.028473894309973387,0.5757110822613006
5470,0.5503,5,5,5,672854,3590,121383,4873,0.02843429223165632,0.575800543542479
5471,0.5504,7,4,7,672858,3586,121390,4866,0.028402610569002663,0.5757217226691907
5472,0.5505,6,5,6,672863,3581,121396,4860,0.02836300849068559,0.5757611657386565
5473,0.5506,4,7,4,672870,3574,121400,4856,0.028307565581041694,0.5760379596678529
5474,0.5507,6,4,6,672874,3570,121406,4850,0.028275883918388037,0.5760095011876485
5475,0.5508,6,7,6,672881,3563,121412,4844,0.02822044100874414,0.5761865112406328
5476,0.5509,9,5,9,672886,3558,121421,4835,0.02818083893042707,0.576075300845943
5477,0.551,4,8,4,672894,3550,121425,4831,0.028117475605119756,0.576422861233743
5478,0.5511,6,4,6,672898,3546,121431,4825,0.0280857939424661,0.5763946959741967
5479,0.5512,3,6,3,672904,3540,121434,4822,0.028038271448485617,0.5766563023200192
5480,0.5513,11,6,11,672910,3534,121445,4811,0.027990748954505134,0.5765128819652486
5481,0.5514,5,3,5,672913,3531,121450,4806,0.02796698770751489,0.5764663548038863
5482,0.5515,5,7,5,672920,3524,121455,4801,0.02791154479787099,0.5766966966966967
5483,0.5516,10,2,10,672922,3522,121465,4791,0.027895703966544165,0.5763262360158787
5484,0.5517,5,4,5,672926,3518,121470,4786,0.02786402230389051,0.5763487475915221
5485,0.5518,3,8,3,672934,3510,121473,4783,0.027800658978583196,0.5767514771494031
5486,0.5519,10,6,10,672940,3504,121483,4773,0.027753136484602713,0.5766582094961943
5487,0.552,6,3,6,672943,3501,121489,4767,0.02772937523761247,0.5765602322206096
5488,0.5521,3,5,3,672948,3496,121492,4764,0.0276897731592954,0.5767554479418886
5489,0.5522,8,4,8,672952,3492,121500,4756,0.027658091496641744,0.5766246362754607
5490,0.5523,1,5,1,672957,3487,121501,4755,0.027618489418324673,0.5769230769230769
5491,0.5524,2,3,2,672960,3484,121503,4753,0.02759472817133443,0.5770304722593177
5492,0.5525,6,3,6,672963,3481,121509,4747,0.02757096692434419,0.5769324258629072
5493,0.5526,6,4,6,672967,3477,121515,4741,0.027539285261690534,0.5769043562910684
5494,0.5527,4,3,4,672970,3474,121519,4737,0.027515524014700293,0.576909024479357
5495,0.5528,9,2,9,672972,3472,121528,4728,0.027499683183373463,0.5765853658536585
5496,0.5529,4,5,4,672977,3467,121532,4724,0.027460081105056395,0.5767305579294347
5497,0.553,4,9,4,672986,3458,121536,4720,0.027388797364085667,0.5771582293959403
5498,0.5531,4,2,4,672988,3456,121540,4716,0.02737295653275884,0.5770925110132159
5499,0.5532,6,4,6,672992,3452,121546,4710,0.027341274870105185,0.5770644449889732
5500,0.5533,3,6,3,672998,3446,121549,4707,0.0272937523761247,0.5773334968723169
5501,0.5534,2,4,2,673002,3442,121551,4705,0.027262070713471042,0.5775131950411194
5502,0.5535,4,3,4,673005,3439,121555,4701,0.0272383094664808,0.5775184275184275
5503,0.5536,3,3,3,673008,3436,121558,4698,0.02721454821949056,0.5775756085566757
5504,0.5537,9,2,9,673010,3434,121567,4689,0.02719870738816373,0.5772497845623538
5505,0.5538,5,4,5,673014,3430,121572,4684,0.027167025725510073,0.5772738476706927
5506,0.5539,8,5,8,673019,3425,121580,4676,0.027127423647193005,0.5772126897913837
5507,0.554,7,5,7,673024,3420,121587,4669,0.027087821568875934,0.5772036098405242
5508,0.5541,3,4,3,673028,3416,121590,4666,0.027056139906222278,0.5773323434793368
5509,0.5542,3,2,3,673030,3414,121593,4663,0.02704029907489545,0.5773183112541785
5510,0.5543,2,6,2,673036,3408,121595,4661,0.026992776580914965,0.577642830586194
5511,0.5544,5,8,5,673044,3400,121600,4656,0.026929413255607656,0.5779543197616683
5512,0.5545,3,2,3,673046,3398,121603,4653,0.026913572424280826,0.5779406284933548
5513,0.5546,5,3,5,673049,3395,121608,4648,0.026889811177290585,0.577893820713664
5514,0.5547,6,6,6,673055,3389,121614,4642,0.026842288683310102,0.578010210434566
5515,0.5548,5,8,5,673063,3381,121619,4637,0.02677892535800279,0.5783237715140933
5516,0.5549,3,7,3,673070,3374,121622,4634,0.02672348244835889,0.5786713286713286
5517,0.555,9,3,9,673073,3371,121631,4625,0.026699721201368647,0.5784142071035517
5518,0.5551,5,2,5,673075,3369,121636,4620,0.02668388037004182,0.578295155839279
5519,0.5552,3,6,3,673081,3363,121639,4617,0.026636357876061334,0.5785714285714286
5520,0.5553,11,7,11,673088,3356,121650,4606,0.026580914966417436,0.5784978648580759
5521,0.5554,7,6,7,673094,3350,121657,4599,0.026533392472436954,0.5785633413007926
5522,0.5555,10,7,10,673101,3343,121667,4589,0.026477949562793056,0.5785426122037317
5523,0.5556,6,12,6,673113,3331,121673,4583,0.026382904574832087,0.5791003285317159
5524,0.5557,5,5,5,673118,3326,121678,4578,0.026343302496515016,0.5792004048582996
5525,0.5558,2,7,2,673125,3319,121680,4576,0.026287859586871118,0.5796073464217859
5526,0.5559,6,2,6,673127,3317,121686,4570,0.02627201875554429,0.5794345124889058
5527,0.556,6,3,6,673130,3314,121692,4564,0.02624825750855405,0.5793348565625793
5528,0.5561,2,5,2,673135,3309,121694,4562,0.02620865543023698,0.5795959852623555
5529,0.5562,6,4,6,673139,3305,121700,4556,0.026176973767583323,0.5795700292583641
5530,0.5563,2,3,2,673142,3302,121702,4554,0.02615321252059308,0.5796843177189409
5531,0.5564,7,4,7,673146,3298,121709,4547,0.026121530857939425,0.5796048438495858
5532,0.5565,3,5,3,673151,3293,121712,4544,0.026081928779622354,0.5798137042235549
5533,0.5566,6,4,6,673155,3289,121718,4538,0.026050247116968697,0.5797879136322984
5534,0.5567,3,6,3,673161,3283,121721,4535,0.026002724622988214,0.5800716295727808
5535,0.5568,2,4,2,673165,3279,121723,4533,0.025971042960334558,0.5802611367127496
5536,0.5569,3,3,3,673168,3276,121726,4530,0.025947281713344317,0.5803228285933897
5537,0.557,6,5,6,673173,3271,121732,4524,0.025907679635027245,0.5803720333547145
5538,0.5571,5,4,5,673177,3267,121737,4519,0.02587599797237359,0.580400719239661
5539,0.5572,5,5,5,673182,3262,121742,4514,0.02583639589405652,0.5805041152263375
5540,0.5573,1,5,1,673187,3257,121743,4513,0.02579679381573945,0.5808236808236809
5541,0.5574,7,3,7,673190,3254,121750,4506,0.02577303256874921,0.5806701030927836
5542,0.5575,1,4,1,673194,3250,121751,4505,0.025741350906095552,0.5809155383623469
5543,0.5576,3,4,3,673198,3246,121754,4502,0.025709669243441896,0.5810531750129065
5544,0.5577,2,5,2,673203,3241,121756,4500,0.025670067165124825,0.5813202428626792
5545,0.5578,3,4,3,673207,3237,121759,4497,0.02563838550247117,0.5814584949573313
5546,0.5579,7,10,7,673217,3227,121766,4490,0.02555918134583703,0.5818323182583905
5547,0.558,1,3,1,673220,3224,121767,4489,0.025535420098846788,0.5820044081420978
5548,0.5581,4,4,4,673224,3220,121771,4485,0.02550373843619313,0.582089552238806
5549,0.5582,4,1,4,673225,3219,121775,4481,0.025495818020529717,0.581948051948052
5550,0.5583,6,4,6,673229,3215,121781,4475,0.02546413635787606,0.581924577373212
5551,0.5584,7,2,7,673231,3213,121788,4468,0.025448295526549234,0.5816950917849238
5552,0.5585,4,4,4,673235,3209,121792,4464,0.025416613863895578,0.5817802684738694
5553,0.5586,1,5,1,673240,3204,121793,4463,0.025377011785578506,0.5821051258640929
5554,0.5587,4,4,4,673244,3200,121797,4459,0.02534533012292485,0.5821908865387126
5555,0.5588,5,4,5,673248,3196,121802,4454,0.025313648460271194,0.5822222222222222
5556,0.5589,4,5,4,673253,3191,121806,4450,0.025274046381954126,0.5823845046459888
5557,0.559,4,7,4,673260,3184,121810,4446,0.02521860347231023,0.5826998689384011
5558,0.5591,4,4,4,673264,3180,121814,4442,0.025186921809656572,0.5827866701653109
5559,0.5592,7,6,7,673270,3174,121821,4435,0.025139399315676086,0.5828623997897227
5560,0.5593,3,5,3,673275,3169,121824,4432,0.025099797237359018,0.5830811735297987
5561,0.5594,4,4,4,673279,3165,121828,4428,0.02506811557470536,0.5831687080205452
5562,0.5595,5,8,5,673287,3157,121833,4423,0.02500475224939805,0.583509234828496
5563,0.5596,3,5,3,673292,3152,121836,4420,0.024965150171080978,0.583729529846804
5564,0.5597,4,7,4,673299,3145,121840,4416,0.02490970726143708,0.5840497288718424
5565,0.5598,6,7,6,673306,3138,121846,4410,0.024854264351793182,0.5842607313195548
5566,0.5599,8,6,8,673312,3132,121854,4402,0.0248067418578127,0.5842845765861429
5567,0.56,2,1,2,673313,3131,121856,4400,0.024798821442149285,0.5842517593945027
5568,0.5601,6,5,6,673318,3126,121862,4394,0.024759219363832213,0.5843085106382979
5569,0.5602,3,2,3,673320,3124,121865,4391,0.024743378532505387,0.5842980705256154
5570,0.5603,2,4,2,673324,3120,121867,4389,0.02471169686985173,0.5844986016779864
5571,0.5604,5,2,5,673326,3118,121872,4384,0.0246958560385249,0.584377499333511
5572,0.5605,10,6,10,673332,3112,121882,4374,0.024648333544544418,0.5842906759283997
5573,0.5606,3,6,3,673338,3106,121885,4371,0.024600811050563935,0.5845927511033837
5574,0.5607,4,2,4,673340,3104,121889,4367,0.024584970219237105,0.5845268371034668
5575,0.5608,7,7,7,673347,3097,121896,4360,0.024529527309593208,0.5846855303741451
5576,0.5609,4,3,4,673350,3094,121900,4356,0.024505766062602966,0.5846979865771812
5577,0.561,5,4,5,673354,3090,121905,4351,0.02447408439994931,0.5847332347802715
5578,0.5611,3,3,3,673357,3087,121908,4348,0.02445032315295907,0.5848016139878951
5579,0.5612,5,2,5,673359,3085,121913,4343,0.02443448232163224,0.5846795907377491
5580,0.5613,10,3,10,673362,3082,121923,4333,0.024410721074641997,0.5843560350640593
5581,0.5614,3,3,3,673365,3079,121926,4330,0.024386959827651756,0.5844243487650155
5582,0.5615,6,6,6,673371,3073,121932,4324,0.02433943733367127,0.5845613086386373
5583,0.5616,5,7,5,673378,3066,121937,4319,0.024283994424027372,0.5848341232227489
5584,0.5617,3,4,3,673382,3062,121940,4316,0.024252312761373716,0.5849823800487937
5585,0.5618,1,6,1,673388,3056,121941,4315,0.024204790267393233,0.5854022520689187
5586,0.5619,8,4,8,673392,3052,121949,4307,0.024173108604739577,0.5852697377361055
5587,0.562,2,2,2,673394,3050,121951,4305,0.02415726777341275,0.5853161114887832
5588,0.5621,8,3,8,673397,3047,121959,4297,0.024133506526422505,0.5851034858387799
5589,0.5622,1,4,1,673401,3043,121960,4296,0.02410182486376885,0.5853658536585366
5590,0.5623,6,3,6,673404,3040,121966,4290,0.024078063616778608,0.5852660300136425
5591,0.5624,4,3,4,673407,3037,121970,4286,0.024054302369788366,0.5852792571350539
5592,0.5625,6,5,6,673412,3032,121976,4280,0.024014700291471295,0.5853391684901532
5593,0.5626,4,5,4,673417,3027,121980,4276,0.023975098213154227,0.5855128029576886
5594,0.5627,2,2,2,673419,3025,121982,4274,0.023959257381827397,0.5855596657076312
5595,0.5628,5,3,5,673422,3022,121987,4269,0.023935496134837156,0.5855163900699493
5596,0.5629,4,6,4,673428,3016,121991,4265,0.023887973640856673,0.5857711852767477
5597,0.563,4,4,4,673432,3012,121995,4261,0.023856291978203017,0.5858655300426234
5598,0.5631,3,5,3,673437,3007,121998,4258,0.023816689899885946,0.5860977288368892
5599,0.5632,0,4,0,673441,3003,121998,4258,0.02378500823723229,0.5864206032226966
5600,0.5633,3,2,3,673443,3001,122001,4255,0.023769167405905463,0.5864112458654906
5601,0.5634,2,2,2,673445,2999,122003,4253,0.023753326574578633,0.5864589078874793
5602,0.5635,4,4,4,673449,2995,122007,4249,0.023721644911924977,0.5865543898398675
5603,0.5636,4,4,4,673453,2991,122011,4245,0.02368996324927132,0.5866500829187397
5604,0.5637,5,6,5,673459,2985,122016,4240,0.023642440755290837,0.5868512110726644
5605,0.5638,6,7,6,673466,2978,122022,4234,0.02358699784564694,0.5870770937326678
5606,0.5639,2,4,2,673470,2974,122024,4232,0.023555316182993283,0.5872883708021094
5607,0.564,5,4,5,673474,2970,122029,4227,0.023523634520339627,0.5873280533555648
5608,0.5641,3,2,3,673476,2968,122032,4224,0.0235077936890128,0.5873192436040044
5609,0.5642,4,3,4,673479,2965,122036,4220,0.023484032442022556,0.5873347251217815
5610,0.5643,2,3,2,673482,2962,122038,4218,0.023460271195032315,0.5874651810584958
5611,0.5644,4,4,4,673486,2958,122042,4214,0.023428589532378658,0.5875627440044618
5612,0.5645,2,5,2,673491,2953,122044,4212,0.02338898745406159,0.587857641311933
5613,0.5646,3,2,3,673493,2951,122047,4209,0.02337314662273476,0.5878491620111732
5614,0.5647,3,9,3,673502,2942,122050,4206,0.023301862881764036,0.5884163402350308
5615,0.5648,5,4,5,673506,2938,122055,4201,0.02327018121911038,0.5884577671942849
5616,0.5649,3,3,3,673509,2935,122058,4198,0.023246419972120135,0.588532174400673
5617,0.565,6,4,6,673513,2931,122064,4192,0.023214738309466482,0.5885160746876316
5618,0.5651,9,3,9,673516,2928,122073,4183,0.023190977062476237,0.5882435663057235
5619,0.5652,2,4,2,673520,2924,122075,4181,0.02315929539982258,0.5884588318085855
5620,0.5653,4,5,4,673525,2919,122079,4177,0.023119693321505513,0.588641488162345
5621,0.5654,7,3,7,673528,2916,122086,4170,0.023095932074515272,0.5884843353090601
5622,0.5655,9,10,9,673538,2906,122095,4161,0.02301672791788113,0.5887929814631385
5623,0.5656,5,7,5,673545,2899,122100,4156,0.022961285008237232,0.5890857547838413
5624,0.5657,5,3,5,673548,2896,122105,4151,0.02293752376124699,0.589044983680999
5625,0.5658,4,3,4,673551,2893,122109,4147,0.02291376251425675,0.5890625
5626,0.5659,5,5,5,673556,2888,122114,4142,0.022874160435939678,0.5891891891891892
5627,0.566,3,1,3,673557,2887,122117,4139,0.022866240020276263,0.5890976373469968
5628,0.5661,5,2,5,673559,2885,122122,4134,0.022850399188949436,0.5889727881464596
5629,0.5662,4,5,4,673564,2880,122126,4130,0.022810797110632365,0.5891583452211127
5630,0.5663,8,6,8,673570,2874,122134,4122,0.022763274616651882,0.5891938250428816
5631,0.5664,5,6,5,673576,2868,122139,4117,0.022715752122671396,0.5894058697208303
5632,0.5665,3,5,3,673581,2863,122142,4114,0.02267615004435433,0.5896517127705317
5633,0.5666,4,2,4,673583,2861,122146,4110,0.0226603092130275,0.5895854253335246
5634,0.5667,5,5,5,673588,2856,122151,4105,0.02262070713471043,0.5897141215342623
5635,0.5668,2,2,2,673590,2854,122153,4103,0.0226048663033836,0.589765703607877
5636,0.5669,3,6,3,673596,2848,122156,4100,0.022557343809403118,0.590097869890616
5637,0.567,5,2,5,673598,2846,122161,4095,0.022541502978076288,0.5899726264227056
5638,0.5671,5,0,5,673598,2846,122166,4090,0.022541502978076288,0.589677047289504
5639,0.5672,6,8,6,673606,2838,122172,4084,0.02247813965276898,0.5900028893383416
5640,0.5673,4,4,4,673610,2834,122176,4080,0.022446457990115323,0.5901070292160833
5641,0.5674,4,2,4,673612,2832,122180,4076,0.022430617158788493,0.5900405327156919
5642,0.5675,7,2,7,673614,2830,122187,4069,0.022414776327461666,0.5897956225539933
5643,0.5676,6,9,6,673623,2821,122193,4063,0.02234349258649094,0.5902091807088902
5644,0.5677,6,6,6,673629,2815,122199,4057,0.022295970092510456,0.5903667054714785
5645,0.5678,1,4,1,673633,2811,122200,4056,0.0222642884298568,0.5906509392747925
5646,0.5679,3,3,3,673636,2808,122203,4053,0.022240527182866558,0.5907302142544818
5647,0.568,6,3,6,673639,2805,122209,4047,0.022216765935876313,0.590630472854641
5648,0.5681,3,3,3,673642,2802,122212,4044,0.022193004688886072,0.5907099035933392
5649,0.5682,5,6,5,673648,2796,122217,4039,0.02214548219490559,0.590929041697147
5650,0.5683,4,5,4,673653,2791,122221,4035,0.022105880116588518,0.5911221799003809
5651,0.5684,4,5,4,673658,2786,122225,4031,0.02206627803827145,0.5913158280768667
5652,0.5685,6,4,6,673662,2782,122231,4025,0.022034596375617794,0.5913030703687381
5653,0.5686,6,3,6,673665,2779,122237,4019,0.02201083512862755,0.5912032950867903
5654,0.5687,9,7,9,673672,2772,122246,4010,0.02195539221898365,0.5912710115010321
5655,0.5688,7,2,7,673674,2770,122253,4003,0.021939551387656825,0.5910231802746199
5656,0.5689,3,2,3,673676,2768,122256,4000,0.021923710556329995,0.5910165484633569
5657,0.569,2,1,2,673677,2767,122258,3998,0.021915790140666584,0.5909830007390983
5658,0.5691,6,6,6,673683,2761,122264,3992,0.021868267646686097,0.5911446764401007
5659,0.5692,4,1,4,673684,2760,122268,3988,0.021860347231022682,0.5909899229401304
5660,0.5693,4,8,4,673692,2752,122272,3984,0.021796983905715373,0.5914489311163895
5661,0.5694,6,2,6,673694,2750,122278,3978,0.021781143074388543,0.5912604042806183
5662,0.5695,5,4,5,673698,2746,122283,3973,0.021749461411734887,0.5913082303914273
5663,0.5696,5,5,5,673703,2741,122288,3968,0.02170985933341782,0.5914443285139365
5664,0.5697,5,7,5,673710,2734,122293,3963,0.021654416423773918,0.5917575033597133
5665,0.5698,6,3,6,673713,2731,122299,3957,0.021630655176783677,0.5916566985645934
5666,0.5699,8,0,8,673713,2731,122307,3949,0.021630655176783677,0.5911676646706587
5667,0.57,6,2,6,673715,2729,122313,3943,0.02161481434545685,0.5909772182254197
5668,0.5701,3,6,3,673721,2723,122316,3940,0.021567291851476364,0.5913252288758817
5669,0.5702,5,3,5,673724,2720,122321,3935,0.021543530604486123,0.5912847483095417
5670,0.5703,4,3,4,673727,2717,122325,3931,0.02151976935749588,0.5913056558363418
5671,0.5704,6,1,6,673728,2716,122331,3925,0.021511848941832466,0.5910254479747026
5672,0.5705,4,1,4,673729,2715,122335,3921,0.021503928526169055,0.590867992766727
5673,0.5706,2,3,2,673732,2712,122337,3919,0.02148016727917881,0.5910119137385009
5674,0.5707,4,4,4,673736,2708,122341,3915,0.021448485616525154,0.5911218481050883
5675,0.5708,4,3,4,673739,2705,122345,3911,0.021424724369534912,0.591142684401451
5676,0.5709,3,6,3,673745,2699,122348,3908,0.02137720187555443,0.5914938701377327
5677,0.571,2,0,2,673745,2699,122350,3906,0.02137720187555443,0.5913701741105223
5678,0.5711,5,11,5,673756,2688,122355,3901,0.021290077303256875,0.5920473516466839
5679,0.5712,1,3,1,673759,2685,122356,3900,0.021266316056266634,0.592255125284738
5680,0.5713,4,1,4,673760,2684,122360,3896,0.02125839564060322,0.59209726443769
5681,0.5714,9,1,9,673761,2683,122369,3887,0.021250475224939804,0.5916286149162862
5682,0.5715,5,2,5,673763,2681,122374,3882,0.021234634393612978,0.5914977906445223
5683,0.5716,7,3,7,673766,2678,122381,3875,0.021210873146622736,0.5913322142530139
5684,0.5717,4,5,4,673771,2673,122385,3871,0.021171271068305665,0.5915342298288508
5685,0.5718,2,5,2,673776,2668,122387,3869,0.021131668989988594,0.5918617102646474
5686,0.5719,4,4,4,673780,2664,122391,3865,0.021099987327334938,0.5919742686475724
5687,0.572,8,1,8,673781,2663,122399,3857,0.021092066911671526,0.5915644171779141
5688,0.5721,5,4,5,673785,2659,122404,3852,0.02106038524901787,0.5916141913684534
5689,0.5722,2,1,2,673786,2658,122406,3850,0.021052464833354455,0.5915795943454211
5690,0.5723,8,5,8,673791,2653,122414,3842,0.021012862755037384,0.59153194765204
5691,0.5724,6,2,6,673793,2651,122420,3836,0.020997021923710557,0.5913365191922306
5692,0.5725,4,4,4,673797,2647,122424,3832,0.0209653402610569,0.5914492977311313
5693,0.5726,7,4,7,673801,2643,122431,3825,0.020933658598403244,0.5913729128014842
5694,0.5727,7,3,7,673804,2640,122438,3818,0.020909897351413003,0.5912047073397336
5695,0.5728,3,3,3,673807,2637,122441,3815,0.02088613610442276,0.5912895226286423
5696,0.5729,8,2,8,673809,2635,122449,3807,0.020870295273095932,0.5909655386525924
5697,0.573,3,5,3,673814,2630,122452,3804,0.02083069319477886,0.5912340690083929
5698,0.5731,3,4,3,673818,2626,122455,3801,0.020799011532125204,0.5914112338571651
5699,0.5732,3,0,3,673818,2626,122458,3798,0.020799011532125204,0.5912204234122043
5700,0.5733,5,3,5,673821,2623,122463,3793,0.020775250285134963,0.5911783042394015
5701,0.5734,1,3,1,673824,2620,122464,3792,0.02075148903814472,0.5913911416094823
5702,0.5735,2,3,2,673827,2617,122466,3790,0.02072772779115448,0.5915405025753082
5703,0.5736,4,5,4,673832,2612,122470,3786,0.02068812571283741,0.5917474210690841
5704,0.5737,6,2,6,673834,2610,122476,3780,0.020672284881510582,0.5915492957746479
5705,0.5738,3,2,3,673836,2608,122479,3777,0.020656444050183752,0.5915426781519185
5706,0.5739,7,3,7,673839,2605,122486,3770,0.02063268280319351,0.5913725490196079
5707,0.574,8,4,8,673843,2601,122494,3762,0.020601001140539855,0.5912305516265912
5708,0.5741,4,4,4,673847,2597,122498,3758,0.0205693194778862,0.591345397324941
5709,0.5742,3,1,3,673848,2596,122501,3755,0.020561399062222787,0.591245473153834
5710,0.5743,6,4,6,673852,2592,122507,3749,0.02052971739956913,0.5912316669295063
5711,0.5744,9,1,9,673853,2591,122516,3740,0.020521796983905716,0.5907439583004265
5712,0.5745,7,1,7,673854,2590,122523,3733,0.0205138765682423,0.5903843112446624
5713,0.5746,4,2,4,673856,2588,122527,3729,0.020498035736915474,0.5903118568940953
5714,0.5747,5,2,5,673858,2586,122532,3724,0.020482194905588644,0.590174326465927
5715,0.5748,1,3,1,673861,2583,122533,3723,0.020458433658598403,0.5903901046622264
5716,0.5749,4,4,4,673865,2579,122537,3719,0.020426751995944747,0.590504922197523
5717,0.575,3,2,3,673867,2577,122540,3716,0.02041091116461792,0.5904973780390911
5718,0.5751,7,3,7,673870,2574,122547,3709,0.020387149917627675,0.5903230940633455
5719,0.5752,6,3,6,673873,2571,122553,3703,0.020363388670637434,0.5902135798533631
5720,0.5753,0,7,0,673880,2564,122553,3703,0.020307945760993536,0.5908728259135152
5721,0.5754,1,5,1,673885,2559,122554,3702,0.020268343682676465,0.5912793483469094
5722,0.5755,4,4,4,673889,2555,122558,3698,0.020236662020022812,0.5913961298576683
5723,0.5756,5,2,5,673891,2553,122563,3693,0.020220821188695982,0.5912584053794429
5724,0.5757,3,1,3,673892,2552,122566,3690,0.020212900773032567,0.5911566805511054
5725,0.5758,5,3,5,673895,2549,122571,3685,0.020189139526042326,0.5911132499197946
5726,0.5759,2,1,2,673896,2548,122573,3683,0.02018121911037891,0.5910768736960359
5727,0.576,11,4,11,673900,2544,122584,3672,0.020149537447725258,0.5907335907335908
5728,0.5761,1,4,1,673904,2540,122585,3671,0.020117855785071602,0.5910481403960715
5729,0.5762,4,7,4,673911,2533,122589,3667,0.0200624128754277,0.5914516129032258
5730,0.5763,4,3,4,673914,2530,122593,3663,0.02003865162843746,0.5914742451154529
5731,0.5764,4,5,4,673919,2525,122597,3659,0.01999904955012039,0.5916882276843467
5732,0.5765,5,5,5,673924,2520,122602,3654,0.01995944747180332,0.5918367346938775
5733,0.5766,5,7,5,673931,2513,122607,3649,0.019904004562159423,0.592177864329763
5734,0.5767,3,5,3,673936,2508,122610,3646,0.01986440248384235,0.5924601884952876
5735,0.5768,3,0,3,673936,2508,122613,3643,0.01986440248384235,0.5922614209071696
5736,0.5769,4,3,4,673939,2505,122617,3639,0.01984064123685211,0.59228515625
5737,0.577,6,4,6,673943,2501,122623,3633,0.019808959574198454,0.5922725790674926
5738,0.5771,7,6,7,673949,2495,122630,3626,0.01976143708021797,0.5923868648913576
5739,0.5772,7,4,7,673953,2491,122637,3619,0.019729755417564315,0.5923076923076923
5740,0.5773,3,3,3,673956,2488,122640,3616,0.019705994170574073,0.5923984272608126
5741,0.5774,4,4,4,673960,2484,122644,3612,0.019674312507920417,0.59251968503937
5742,0.5775,4,3,4,673963,2481,122648,3608,0.019650551260930172,0.5925439316800788
5743,0.5776,4,6,4,673969,2475,122652,3604,0.01960302876694969,0.5928606678730054
5744,0.5777,2,0,2,673969,2475,122654,3602,0.01960302876694969,0.5927266743458943
5745,0.5778,3,3,3,673972,2472,122657,3599,0.019579267519959448,0.5928183165870532
5746,0.5779,2,7,2,673979,2465,122659,3597,0.01952382461031555,0.593368525239195
5747,0.578,4,3,4,673982,2462,122663,3593,0.01950006336332531,0.5933938893476466
5748,0.5781,2,4,2,673986,2458,122665,3591,0.019468381700671653,0.593651843279881
5749,0.5782,5,3,5,673989,2455,122670,3586,0.019444620453681408,0.5936103294156596
5750,0.5783,6,5,6,673994,2450,122676,3580,0.01940501837536434,0.593698175787728
5751,0.5784,7,4,7,673998,2446,122683,3573,0.019373336712710684,0.593620202691477
5752,0.5785,4,5,4,674003,2441,122687,3569,0.019333734634393612,0.5938435940099833
5753,0.5786,3,2,3,674005,2439,122690,3566,0.019317893803066786,0.5938384679433805
5754,0.5787,4,4,4,674009,2435,122694,3562,0.01928621214041313,0.5939636484909121
5755,0.5788,7,2,7,674011,2433,122701,3555,0.0192703713090863,0.593687374749499
5756,0.5789,3,4,3,674015,2429,122704,3552,0.019238689646432643,0.5938806219695703
5757,0.579,4,8,4,674023,2421,122708,3548,0.019175326321125334,0.5944044228513989
5758,0.5791,6,3,6,674026,2418,122714,3542,0.01915156507413509,0.5942953020134228
5759,0.5792,6,4,6,674030,2414,122720,3536,0.019119883411481433,0.5942857142857143
5760,0.5793,3,3,3,674033,2411,122723,3533,0.01909612216449119,0.5943808882907133
5761,0.5794,2,2,2,674035,2409,122725,3531,0.019080281333164365,0.5944444444444444
5762,0.5795,4,1,4,674036,2408,122729,3527,0.01907236091750095,0.5942712721145745
5763,0.5796,4,4,4,674040,2404,122733,3523,0.019040679254847294,0.5943985152691075
5764,0.5797,5,3,5,674043,2401,122738,3518,0.019016918007857053,0.5943571549248183
5765,0.5798,5,1,5,674044,2400,122743,3513,0.019008997592193638,0.5941146626078133
5766,0.5799,4,5,4,674049,2395,122747,3509,0.01896939551387657,0.5943428184281843
5767,0.58,3,5,3,674054,2390,122750,3506,0.0189297934355595,0.594640434192673
5768,0.5801,7,5,7,674059,2385,122757,3499,0.018890191357242427,0.5946634942216179
5769,0.5802,8,4,8,674063,2381,122765,3491,0.01885850969458877,0.594516348773842
5770,0.5803,3,2,3,674065,2379,122768,3488,0.018842668863261944,0.5945116754729844
5771,0.5804,4,3,4,674068,2376,122772,3484,0.018818907616271703,0.5945392491467577
5772,0.5805,2,2,2,674070,2374,122774,3482,0.018803066784944873,0.594603825136612
5773,0.5806,3,2,3,674072,2372,122777,3479,0.018787225953618047,0.5945992138096052
5774,0.5807,6,3,6,674075,2369,122783,3473,0.018763464706627805,0.594488188976378
5775,0.5808,2,4,2,674079,2365,122785,3471,0.01873178304397415,0.5947566826593558
5776,0.5809,5,2,5,674081,2363,122790,3466,0.01871594221264732,0.5946131411905987
5777,0.581,5,2,5,674083,2361,122795,3461,0.018700101381320493,0.5944692545517004
5778,0.5811,4,2,4,674085,2359,122799,3457,0.018684260549993663,0.59439477303989
5779,0.5812,6,3,6,674088,2356,122805,3451,0.01866049930300342,0.5942827621835716
5780,0.5813,3,2,3,674090,2354,122808,3448,0.018644658471676595,0.5942778352292313
5781,0.5814,1,3,1,674093,2351,122809,3447,0.01862089722468635,0.5945153501207313
5782,0.5815,3,5,3,674098,2346,122812,3444,0.018581295146369282,0.5948186528497409
5783,0.5816,8,6,8,674104,2340,122820,3436,0.018533772652388796,0.5948753462603878
5784,0.5817,2,7,2,674111,2333,122822,3434,0.0184783297427449,0.5954569100052021
5785,0.5818,5,7,5,674118,2326,122827,3429,0.018422886833101,0.5958297132927889
5786,0.5819,7,8,7,674126,2318,122834,3422,0.018359523507793688,0.5961672473867596
5787,0.582,5,3,5,674129,2315,122839,3417,0.018335762260803447,0.5961270062805304
5788,0.5821,1,4,1,674133,2311,122840,3416,0.01830408059814979,0.5964728479133927
5789,0.5822,10,5,10,674138,2306,122850,3406,0.01826447851983272,0.5962885154061625
5790,0.5823,3,1,3,674139,2305,122853,3403,0.018256558104169308,0.5961807988787666
5791,0.5824,3,5,3,674144,2300,122856,3400,0.018216956025852236,0.5964912280701754
5792,0.5825,4,4,4,674148,2296,122860,3396,0.01818527436319858,0.5966268446943078
5793,0.5826,7,3,7,674151,2293,122867,3389,0.01816151311620834,0.5964449137627595
5794,0.5827,3,2,3,674153,2291,122870,3386,0.01814567228488151,0.5964417826316717
5795,0.5828,5,4,5,674157,2287,122875,3381,0.018113990622227856,0.5965067043048694
5796,0.5829,1,2,1,674159,2285,122876,3380,0.018098149790901026,0.5966460723742277
5797,0.583,2,2,2,674161,2283,122878,3378,0.0180823089595742,0.5967143614202438
5798,0.5831,3,8,3,674169,2275,122881,3375,0.018018945634266887,0.5973451327433629
5799,0.5832,2,3,2,674172,2272,122883,3373,0.017995184387276646,0.5975199291408326
5800,0.5833,5,1,5,674173,2271,122888,3368,0.01798726397161323,0.5972690193296684
5801,0.5834,8,4,8,674177,2267,122896,3360,0.017955582308959574,0.5971210236360405
5802,0.5835,4,2,4,674179,2265,122900,3356,0.017939741477632744,0.5970467888276108
5803,0.5836,5,3,5,674182,2262,122905,3351,0.017915980230642503,0.5970069481560663
5804,0.5837,4,3,4,674185,2259,122909,3347,0.017892218983652262,0.5970388869068854
5805,0.5838,3,1,3,674186,2258,122912,3344,0.017884298567988847,0.596929667975723
5806,0.5839,1,7,1,674193,2251,122913,3343,0.01782885565834495,0.5976045763317841
5807,0.584,7,4,7,674197,2247,122920,3336,0.017797173995691293,0.5975282106394412
5808,0.5841,2,5,2,674202,2242,122922,3334,0.017757571917374225,0.5979196556671449
5809,0.5842,3,3,3,674205,2239,122925,3331,0.01773381067038398,0.5980251346499103
5810,0.5843,8,5,8,674210,2234,122933,3323,0.017694208592066912,0.5979845240237538
5811,0.5844,3,5,3,674215,2229,122936,3320,0.01765460651374984,0.5983060010812759
5812,0.5845,7,2,7,674217,2227,122943,3313,0.017638765682423015,0.598014440433213
5813,0.5846,1,5,1,674222,2222,122944,3312,0.017599163604105943,0.5984821105890856
5814,0.5847,4,0,4,674222,2222,122948,3308,0.017599163604105943,0.5981916817359856
5815,0.5848,5,5,5,674227,2217,122953,3303,0.017559561525788872,0.5983695652173913
5816,0.5849,4,4,4,674231,2213,122957,3299,0.017527879863135216,0.5985123367198839
5817,0.585,4,3,4,674234,2210,122961,3295,0.017504118616144974,0.5985467756584922
5818,0.5851,12,3,12,674237,2207,122973,3283,0.017480357369154733,0.5979963570127504
5819,0.5852,0,2,0,674239,2205,122973,3283,0.017464516537827907,0.5982142857142857
5820,0.5853,3,2,3,674241,2203,122976,3280,0.017448675706501077,0.5982126573043954
5821,0.5854,2,8,2,674249,2195,122978,3278,0.017385312381193764,0.5989402521469029
5822,0.5855,4,1,4,674250,2194,122982,3274,0.017377391965530353,0.5987564008778347
5823,0.5856,1,2,1,674252,2192,122983,3273,0.017361551134203523,0.5989021043000915
5824,0.5857,6,3,6,674255,2189,122989,3267,0.01733778988721328,0.5987903225806451
5825,0.5858,5,1,5,674256,2188,122994,3262,0.017329869471549866,0.5985321100917431
5826,0.5859,7,2,7,674258,2186,123001,3255,0.01731402864022304,0.5982356184524904
5827,0.586,5,1,5,674259,2185,123006,3250,0.017306108224559625,0.5979760809567617
5828,0.5861,4,5,4,674264,2180,123010,3246,0.017266506146242554,0.5982307408772577
5829,0.5862,8,4,8,674268,2176,123018,3238,0.017234824483588897,0.5980790543036572
5830,0.5863,9,4,9,674272,2172,123027,3229,0.01720314282093524,0.5978522495834104
5831,0.5864,2,4,2,674276,2168,123029,3227,0.017171461158281588,0.5981464318813716
5832,0.5865,4,7,4,674283,2161,123033,3223,0.017116018248637687,0.5986255572065379
5833,0.5866,2,3,2,674286,2158,123035,3221,0.017092257001647446,0.5988101877672429
5834,0.5867,7,5,7,674291,2153,123042,3214,0.017052654923330378,0.5988447922489286
5835,0.5868,3,4,3,674295,2149,123045,3211,0.01702097326067672,0.5990671641791044
5836,0.5869,4,1,4,674296,2148,123049,3207,0.017013052845013307,0.5988795518207283
5837,0.587,2,3,2,674299,2145,123051,3205,0.016989291598023065,0.5990654205607476
5838,0.5871,5,4,5,674303,2141,123056,3200,0.01695760993536941,0.599138738064033
5839,0.5872,5,3,5,674306,2138,123061,3195,0.016933848688379168,0.5990999437464841
5840,0.5873,3,2,3,674308,2136,123064,3192,0.016918007857052338,0.5990990990990991
5841,0.5874,5,0,5,674308,2136,123069,3187,0.016918007857052338,0.5987225248919782
5842,0.5875,4,4,4,674312,2132,123073,3183,0.01688632619439868,0.598871119473189
5843,0.5876,4,3,4,674315,2129,123077,3179,0.01686256494740844,0.5989073097211756
5844,0.5877,5,2,5,674317,2127,123082,3174,0.016846724116081613,0.5987549518958687
5845,0.5878,8,7,8,674324,2120,123090,3166,0.016791281206437712,0.598940597805524
5846,0.5879,1,3,1,674327,2117,123091,3165,0.01676751995944747,0.5992048466489966
5847,0.588,3,5,3,674332,2112,123094,3162,0.016727917881130403,0.5995449374288965
5848,0.5881,0,2,0,674334,2110,123094,3162,0.016712077049803573,0.599772382397572
5849,0.5882,3,3,3,674337,2107,123097,3159,0.016688315802813332,0.5998860615267756
5850,0.5883,7,4,7,674341,2103,123104,3152,0.016656634140159676,0.5998097050428164
5851,0.5884,8,2,8,674343,2101,123112,3144,0.01664079330883285,0.5994280266920877
5852,0.5885,2,3,2,674346,2098,123114,3142,0.016617032061842604,0.599618320610687
5853,0.5886,3,2,3,674348,2096,123117,3139,0.016601191230515778,0.5996179560649475
5854,0.5887,3,3,3,674351,2093,123120,3136,0.016577429983525536,0.5997322623828648
5855,0.5888,3,3,3,674354,2090,123123,3133,0.01655366873653529,0.5998468313229944
5856,0.5889,4,4,4,674358,2086,123127,3129,0.01652198707388164,0.6
5857,0.589,1,2,1,674360,2084,123128,3128,0.01650614624255481,0.6001534919416731
5858,0.5891,3,2,3,674362,2082,123131,3125,0.016490305411227982,0.6001536393316689
5859,0.5892,1,0,1,674362,2082,123132,3124,0.016490305411227982,0.600076834421821
5860,0.5893,1,2,1,674364,2080,123133,3123,0.016474464579901153,0.6002306361714396
5861,0.5894,4,2,4,674366,2078,123137,3119,0.016458623748574326,0.6001539349624784
5862,0.5895,4,1,4,674367,2077,123141,3115,0.01645070333291091,0.5999614791987673
5863,0.5896,2,4,2,674371,2073,123143,3113,0.016419021670257255,0.6002699575780949
5864,0.5897,3,2,3,674373,2071,123146,3110,0.01640318083893043,0.600270218104613
5865,0.5898,3,1,3,674374,2070,123149,3107,0.016395260423267013,0.6001545296503766
5866,0.5899,6,3,6,674377,2067,123155,3101,0.016371499176276772,0.6000386996904025
5867,0.59,2,4,2,674381,2063,123157,3099,0.016339817513623116,0.6003487020534677
5868,0.5901,5,2,5,674383,2061,123162,3094,0.016323976682296286,0.6001939864209506
5869,0.5902,3,2,3,674385,2059,123165,3091,0.01630813585096946,0.6001941747572815
5870,0.5903,1,4,1,674389,2055,123166,3090,0.016276454188315803,0.6005830903790087
5871,0.5904,3,3,3,674392,2052,123169,3087,0.016252692941325562,0.6007005253940455
5872,0.5905,6,4,6,674396,2048,123175,3081,0.016221011278671905,0.6007018912068629
5873,0.5906,6,6,6,674402,2042,123181,3075,0.01617348878469142,0.60093804963846
5874,0.5907,1,2,1,674404,2040,123182,3074,0.016157647953364593,0.6010950332420806
5875,0.5908,3,2,3,674406,2038,123185,3071,0.016141807122037763,0.6010961049128988
5876,0.5909,4,5,4,674411,2033,123189,3067,0.016102205043720695,0.6013725490196078
5877,0.591,5,1,5,674412,2032,123194,3062,0.01609428462805728,0.6010993325480958
5878,0.5911,7,3,7,674415,2029,123201,3055,0.01607052338106704,0.6009047993705744
5879,0.5912,3,2,3,674417,2027,123204,3052,0.01605468254974021,0.6009056900964757
5880,0.5913,8,3,8,674420,2024,123212,3044,0.016030921302749968,0.6006314127861089
5881,0.5914,1,2,1,674422,2022,123213,3043,0.01601508047142314,0.6007897334649556
5882,0.5915,7,2,7,674424,2020,123220,3036,0.01599923964009631,0.6004746835443038
5883,0.5916,2,4,2,674428,2016,123222,3034,0.015967557977442655,0.6007920792079208
5884,0.5917,4,5,4,674433,2011,123226,3030,0.015927955899125587,0.6010712160285657
5885,0.5918,5,6,5,674439,2005,123231,3025,0.0158804334051451,0.6013916500994035
5886,0.5919,4,4,4,674443,2001,123235,3021,0.015848751742491445,0.6015531660692951
5887,0.592,6,3,6,674446,1998,123241,3015,0.015824990495501203,0.6014362657091562
5888,0.5921,4,3,4,674449,1995,123245,3011,0.015801229248510962,0.6014782261286457
5889,0.5922,2,4,2,674453,1991,123247,3009,0.015769547585857305,0.6018
5890,0.5923,3,4,3,674457,1987,123250,3006,0.01573786592320365,0.6020428600040056
5891,0.5924,9,3,9,674460,1984,123259,2997,0.015714104676213408,0.6016864083517366
5892,0.5925,5,5,5,674465,1979,123264,2992,0.015674502597896336,0.6018909676121504
5893,0.5926,3,3,3,674468,1976,123267,2989,0.015650741350906095,0.6020140986908359
5894,0.5927,4,2,4,674470,1974,123271,2985,0.01563490051957927,0.6019358741681791
5895,0.5928,4,5,4,674475,1969,123275,2981,0.015595298441262197,0.6022222222222222
5896,0.5929,2,4,2,674479,1965,123277,2979,0.015563616778608541,0.6025485436893204
5897,0.593,4,3,4,674482,1962,123281,2975,0.0155398555316183,0.6025926676119101
5898,0.5931,3,4,3,674486,1958,123284,2972,0.015508173868964643,0.602839756592292
5899,0.5932,3,4,3,674490,1954,123287,2969,0.015476492206310987,0.6030875482429413
5900,0.5933,2,1,2,674491,1953,123289,2967,0.015468571790647574,0.6030487804878049
5901,0.5934,2,6,2,674497,1947,123291,2965,0.01542104929666709,0.6036237785016286
5902,0.5935,1,1,1,674498,1946,123292,2964,0.015413128881003674,0.6036659877800408
5903,0.5936,2,4,2,674502,1942,123294,2962,0.01538144721835002,0.6039967373572593
5904,0.5937,10,3,10,674505,1939,123304,2952,0.015357685971359777,0.603557554692292
5905,0.5938,1,3,1,674508,1936,123305,2951,0.015333924724369535,0.6038469408635154
5906,0.5939,4,0,4,674508,1936,123309,2947,0.015333924724369535,0.6035224247388901
5907,0.594,3,3,3,674511,1933,123312,2944,0.015310163477379292,0.6036497847037113
5908,0.5941,4,3,4,674514,1930,123316,2940,0.015286402230389051,0.6036960985626283
5909,0.5942,4,1,4,674515,1929,123320,2936,0.015278481814725638,0.6034943473792395
5910,0.5943,3,4,3,674519,1925,123323,2933,0.015246800152071981,0.6037463976945245
5911,0.5944,2,3,2,674522,1922,123325,2931,0.015223038905081738,0.603956315681022
5912,0.5945,5,7,5,674529,1915,123330,2926,0.01516759599543784,0.6044205742615162
5913,0.5946,1,3,1,674532,1912,123331,2925,0.0151438347484476,0.6047136654951416
5914,0.5947,3,5,3,674537,1907,123334,2922,0.015104232670130528,0.6050942224062953
5915,0.5948,2,3,2,674540,1904,123336,2920,0.015080471423140287,0.6053067993366501
5916,0.5949,4,1,4,674541,1903,123340,2916,0.015072551007476872,0.6051047935256277
5917,0.595,4,1,4,674542,1902,123344,2912,0.015064630591813458,0.6049023680930619
5918,0.5951,5,0,5,674542,1902,123349,2907,0.015064630591813458,0.6044915782907049
5919,0.5952,4,3,4,674545,1899,123353,2903,0.015040869344823217,0.6045397750937109
5920,0.5953,6,5,6,674550,1894,123359,2897,0.015001267266506146,0.6046754331037362
5921,0.5954,5,3,5,674553,1891,123364,2892,0.014977506019515904,0.604641438427765
5922,0.5955,4,2,4,674555,1889,123368,2888,0.014961665188189076,0.6045635335984928
5923,0.5956,6,3,6,674558,1886,123374,2882,0.014937903941198835,0.6044463087248322
5924,0.5957,2,4,2,674562,1882,123376,2880,0.014906222278545178,0.6047879042419152
5925,0.5958,6,3,6,674565,1879,123382,2874,0.014882461031554935,0.6046707342730907
5926,0.5959,3,1,3,674566,1878,123385,2871,0.014874540615891522,0.6045483259633607
5927,0.596,3,2,3,674568,1876,123388,2868,0.014858699784564694,0.6045531197301856
5928,0.5961,2,2,2,674570,1874,123390,2866,0.014842858953237866,0.6046413502109704
5929,0.5962,3,2,3,674572,1872,123393,2863,0.014827018121911038,0.6046462513199578
5930,0.5963,2,2,2,674574,1870,123395,2861,0.01481117729058421,0.6047347283872332
5931,0.5964,4,1,4,674575,1869,123399,2857,0.014803256874920796,0.6045281421921287
5932,0.5965,5,6,5,674581,1863,123404,2852,0.014755734380940312,0.6048780487804878
5933,0.5966,3,2,3,674583,1861,123407,2849,0.014739893549613484,0.6048832271762208
5934,0.5967,2,4,2,674587,1857,123409,2847,0.014708211886959827,0.6052295918367347
5935,0.5968,1,4,1,674591,1853,123410,2846,0.014676530224306171,0.6056607788891254
5936,0.5969,6,5,6,674596,1848,123416,2840,0.014636928145989101,0.60580204778157
5937,0.597,4,0,4,674596,1848,123420,2836,0.014636928145989101,0.605465414175918
5938,0.5971,4,3,4,674599,1845,123424,2832,0.01461316689899886,0.605516356638871
5939,0.5972,3,1,3,674600,1844,123427,2829,0.014605246483335445,0.6053926813610101
5940,0.5973,4,3,4,674603,1841,123431,2825,0.014581485236345204,0.6054436348049721
5941,0.5974,1,4,1,674607,1837,123432,2824,0.014549803573691547,0.6058785668311522
5942,0.5975,2,4,2,674611,1833,123434,2822,0.014518121911037891,0.6062298603651987
5943,0.5976,2,3,2,674614,1830,123436,2820,0.01449436066404765,0.6064516129032258
5944,0.5977,0,2,0,674616,1828,123436,2820,0.014478519832720822,0.6067125645438899
5945,0.5978,6,5,6,674621,1823,123442,2814,0.01443891775440375,0.6068578822514556
5946,0.5979,1,1,1,674622,1822,123443,2813,0.014430997338740337,0.6069039913700108
5947,0.598,5,2,5,674624,1820,123448,2808,0.014415156507413509,0.6067415730337079
5948,0.5981,5,3,5,674627,1817,123453,2803,0.014391395260423268,0.6067099567099568
5949,0.5982,2,4,2,674631,1813,123455,2801,0.014359713597769611,0.6070654529692241
5950,0.5983,2,1,2,674632,1812,123457,2799,0.014351793182106196,0.6070266753415745
5951,0.5984,0,4,0,674636,1808,123457,2799,0.014320111519452542,0.6075537225960495
5952,0.5985,3,0,3,674636,1808,123460,2796,0.014320111519452542,0.6072980017376195
5953,0.5986,4,8,4,674644,1800,123464,2792,0.014256748194145229,0.60801393728223
5954,0.5987,3,2,3,674646,1798,123467,2789,0.014240907362818401,0.6080226727708742
5955,0.5988,1,2,1,674648,1796,123468,2788,0.014225066531491573,0.6082024432809773
5956,0.5989,6,3,6,674651,1793,123474,2782,0.014201305284501331,0.608087431693989
5957,0.599,3,0,3,674651,1793,123477,2779,0.014201305284501331,0.607830271216098
5958,0.5991,2,2,2,674653,1791,123479,2777,0.014185464453174503,0.6079246935201401
5959,0.5992,3,4,3,674657,1787,123482,2774,0.014153782790520847,0.6081999561499671
5960,0.5993,6,2,6,674659,1785,123488,2768,0.014137941959194019,0.6079508016692291
5961,0.5994,5,3,5,674662,1782,123493,2763,0.014114180712203776,0.6079207920792079
5962,0.5995,6,1,6,674663,1781,123499,2757,0.014106260296540362,0.6075363596297929
5963,0.5996,1,3,1,674666,1778,123500,2756,0.014082499049550121,0.607851786501985
5964,0.5997,5,2,5,674668,1776,123505,2751,0.014066658218223293,0.607687210072896
5965,0.5998,4,2,4,674670,1774,123509,2747,0.014050817386896465,0.6076089360760893
5966,0.5999,3,4,3,674674,1770,123512,2744,0.014019135724242808,0.6078865750996899
5967,0.6,4,3,4,674677,1767,123516,2740,0.013995374477252567,0.607943199467495
5968,0.6001,2,4,2,674681,1763,123518,2738,0.01396369281459891,0.6083092646078649
5969,0.6002,3,3,3,674684,1760,123521,2735,0.013939931567608668,0.6084538375973304
5970,0.6003,3,1,3,674685,1759,123524,2732,0.013932011151945254,0.6083277666443999
5971,0.6004,4,7,4,674692,1752,123528,2728,0.013876568242301357,0.6089285714285714
5972,0.6005,2,0,2,674692,1752,123530,2726,0.013876568242301357,0.6087539079946405
5973,0.6006,1,4,1,674696,1748,123531,2725,0.0138448865796477,0.6092108204784261
5974,0.6007,6,3,6,674699,1745,123537,2719,0.013821125332657457,0.609094982078853
5975,0.6008,2,3,2,674702,1742,123539,2717,0.013797364085667216,0.60932944606414
5976,0.6009,3,4,3,674706,1738,123542,2714,0.01376568242301356,0.6096136567834681
5977,0.601,2,4,2,674710,1734,123544,2712,0.013734000760359903,0.6099865047233468
5978,0.6011,1,5,1,674715,1729,123545,2711,0.013694398682042834,0.6105855855855856
5979,0.6012,3,5,3,674720,1724,123548,2708,0.013654796603725764,0.6110108303249098
5980,0.6013,6,4,6,674724,1720,123554,2702,0.013623114941072108,0.6110357304387155
5981,0.6014,4,6,4,674730,1714,123558,2698,0.013575592447091623,0.6115140525838622
5982,0.6015,4,1,4,674731,1713,123562,2694,0.01356767203142821,0.6113002042205582
5983,0.6016,3,5,3,674736,1708,123565,2691,0.013528069953111139,0.6117299386224142
5984,0.6017,3,4,3,674740,1704,123568,2688,0.013496388290457483,0.6120218579234973
5985,0.6018,5,2,5,674742,1702,123573,2683,0.013480547459130654,0.6118586088939567
5986,0.6019,3,3,3,674745,1699,123576,2680,0.013456786212140413,0.6120118748572734
5987,0.602,6,0,6,674745,1699,123582,2674,0.013456786212140413,0.611479533501029
5988,0.6021,1,4,1,674749,1695,123583,2673,0.013425104549486757,0.6119505494505495
5989,0.6022,1,1,1,674750,1694,123584,2672,0.013417184133823343,0.6120018323408154
5990,0.6023,7,3,7,674753,1691,123591,2665,0.0133934228868331,0.6117998163452709
5991,0.6024,7,1,7,674754,1690,123598,2658,0.013385502471169687,0.6113155473781049
5992,0.6025,3,3,3,674757,1687,123601,2655,0.013361741224179446,0.6114693689543989
5993,0.6026,1,3,1,674760,1684,123602,2654,0.013337979977189203,0.611802674043338
5994,0.6027,4,0,4,674760,1684,123606,2650,0.013337979977189203,0.6114443931702815
5995,0.6028,3,2,3,674762,1682,123609,2647,0.013322139145862374,0.6114576114576115
5996,0.6029,4,3,4,674765,1679,123613,2643,0.013298377898872133,0.6115224433132809
5997,0.603,5,0,5,674765,1679,123618,2638,0.013298377898872133,0.611072504053741
5998,0.6031,1,2,1,674767,1677,123619,2637,0.013282537067545305,0.6112656467315716
5999,0.6032,2,2,2,674769,1675,123621,2635,0.013266696236218477,0.611368909512761
6000,0.6033,2,4,2,674773,1671,123623,2633,0.01323501457356482,0.6117565055762082
6001,0.6034,2,5,2,674778,1666,123625,2631,0.013195412495247751,0.6122876425413079
6002,0.6035,2,3,2,674781,1663,123627,2629,0.013171651248257508,0.6125349487418453
6003,0.6036,2,3,2,674784,1660,123629,2627,0.013147890001267266,0.6127828318171216
6004,0.6037,6,4,6,674788,1656,123635,2621,0.01311620833861361,0.6128127191956979
6005,0.6038,6,6,6,674794,1650,123641,2615,0.013068685844633126,0.6131301289566237
6006,0.6039,5,3,5,674797,1647,123646,2610,0.013044924597642884,0.6131078224101479
6007,0.604,3,3,3,674800,1644,123649,2607,0.013021163350652643,0.6132674664784756
6008,0.6041,2,4,2,674804,1640,123651,2605,0.012989481687998987,0.6136631330977621
6009,0.6042,7,1,7,674805,1639,123658,2598,0.012981561272335572,0.6131696955392967
6010,0.6043,3,6,3,674811,1633,123661,2595,0.012934038778355089,0.6137653736991485
6011,0.6044,5,2,5,674813,1631,123666,2590,0.01291819794702826,0.6135986733001658
6012,0.6045,1,2,1,674815,1629,123667,2589,0.012902357115701433,0.6137980085348507
6013,0.6046,3,3,3,674818,1626,123670,2586,0.01287859586871119,0.613960113960114
6014,0.6047,2,3,2,674821,1623,123672,2584,0.012854834621720948,0.6142144045638221
6015,0.6048,5,1,5,674822,1622,123677,2579,0.012846914206057533,0.6139014520352297
6016,0.6049,0,4,0,674826,1618,123677,2579,0.012815232543403879,0.6144865380033357
6017,0.605,2,1,2,674827,1617,123679,2577,0.012807312127740464,0.6144492131616596
6018,0.6051,3,2,3,674829,1615,123682,2574,0.012791471296413635,0.6144664597756028
6019,0.6052,6,3,6,674832,1612,123688,2568,0.012767710049423394,0.614354066985646
6020,0.6053,1,1,1,674833,1611,123689,2567,0.012759789633759979,0.6144088080421254
6021,0.6054,4,5,4,674838,1606,123693,2563,0.01272018755544291,0.6147757255936676
6022,0.6055,8,2,8,674840,1604,123701,2555,0.012704346724116081,0.6143303678768934
6023,0.6056,1,4,1,674844,1600,123702,2554,0.012672665061462425,0.6148290804044295
6024,0.6057,4,3,4,674847,1597,123706,2550,0.012648903814472184,0.61490233904027
6025,0.6058,3,2,3,674849,1595,123709,2547,0.012633062983145356,0.6149203283437953
6026,0.6059,4,0,4,674849,1595,123713,2543,0.012633062983145356,0.6145480908651523
6027,0.606,3,4,3,674853,1591,123716,2540,0.0126013813204917,0.6148632292423142
6028,0.6061,3,2,3,674855,1589,123719,2537,0.012585540489164871,0.6148812409112943
6029,0.6062,3,1,3,674856,1588,123722,2534,0.012577620073501458,0.6147501213003397
6030,0.6063,4,2,4,674858,1586,123726,2530,0.01256177924217463,0.6146744412050534
6031,0.6064,3,4,3,674862,1582,123729,2527,0.012530097579520973,0.6149914821124361
6032,0.6065,3,3,3,674865,1579,123732,2524,0.012506336332530732,0.6151596392883256
6033,0.6066,3,4,3,674869,1575,123735,2521,0.012474654669877076,0.615478515625
6034,0.6067,6,6,6,674875,1569,123741,2515,0.012427132175896591,0.6158178256611165
6035,0.6068,3,0,3,674875,1569,123744,2512,0.012427132175896591,0.6155354079882381
6036,0.6069,0,1,0,674876,1568,123744,2512,0.012419211760233176,0.615686274509804
6037,0.607,1,2,1,674878,1566,123745,2511,0.01240337092890635,0.6158940397350994
6038,0.6071,6,1,6,674879,1565,123751,2505,0.012395450513242935,0.6154791154791155
6039,0.6072,7,1,7,674880,1564,123758,2498,0.012387530097579522,0.6149679960610537
6040,0.6073,4,4,4,674884,1560,123762,2494,0.012355848434925865,0.6151948692649235
6041,0.6074,1,4,1,674888,1556,123763,2493,0.012324166772272209,0.6157075821190418
6042,0.6075,2,1,2,674889,1555,123765,2491,0.012316246356608794,0.6156697973306969
6043,0.6076,4,0,4,674889,1555,123769,2487,0.012316246356608794,0.6152894606630381
6044,0.6077,3,2,3,674891,1553,123772,2484,0.012300405525281968,0.6153083973247461
6045,0.6078,2,6,2,674897,1547,123774,2482,0.012252883031301483,0.6160337552742616
6046,0.6079,3,3,3,674900,1544,123777,2479,0.01222912178431124,0.6162068108376834
6047,0.608,6,2,6,674902,1542,123783,2473,0.012213280952984412,0.6159402241594022
6048,0.6081,1,4,1,674906,1538,123784,2472,0.012181599290330757,0.6164588528678304
6049,0.6082,5,2,5,674908,1536,123789,2467,0.012165758459003929,0.6162877841618786
6050,0.6083,1,3,1,674911,1533,123790,2466,0.012141997212013686,0.6166541635408852
6051,0.6084,3,4,3,674915,1529,123793,2463,0.01211031554936003,0.6169839679358717
6052,0.6085,5,2,5,674917,1527,123798,2458,0.012094474718033203,0.6168130489335006
6053,0.6086,3,2,3,674919,1525,123801,2455,0.012078633886706375,0.6168341708542714
6054,0.6087,4,7,4,674926,1518,123805,2451,0.012023190977062476,0.6175359032501889
6055,0.6088,1,6,1,674932,1512,123806,2450,0.011975668483081993,0.6183745583038869
6056,0.6089,1,3,1,674935,1509,123807,2449,0.01195190723609175,0.6187468418393128
6057,0.609,9,2,9,674937,1507,123816,2440,0.011936066404764922,0.6181910311629085
6058,0.6091,3,2,3,674939,1505,123819,2437,0.011920225573438093,0.6182141045154744
6059,0.6092,2,3,2,674942,1502,123821,2435,0.011896464326447852,0.618491236982474
6060,0.6093,5,2,5,674944,1500,123826,2430,0.011880623495121024,0.6183206106870229
6061,0.6094,4,0,4,674944,1500,123830,2426,0.011880623495121024,0.6179317371370352
6062,0.6095,1,1,1,674945,1499,123831,2425,0.01187270307945761,0.6179918450560652
6063,0.6096,1,2,1,674947,1497,123832,2424,0.011856862248130783,0.6182096403978576
6064,0.6097,4,1,4,674948,1496,123836,2420,0.011848941832467368,0.6179775280898876
6065,0.6098,3,1,3,674949,1495,123839,2417,0.011841021416803954,0.6178425357873211
6066,0.6099,1,2,1,674951,1493,123840,2416,0.011825180585477126,0.6180608851368636
6067,0.61,6,0,6,674951,1493,123846,2410,0.011825180585477126,0.617473738150141
6068,0.6101,1,3,1,674954,1490,123847,2409,0.011801419338486883,0.6178507309566555
6069,0.6102,3,3,3,674957,1487,123850,2406,0.011777658091496642,0.6180323657847419
6070,0.6103,3,2,3,674959,1485,123853,2403,0.011761817260169814,0.6180555555555556
6071,0.6104,4,2,4,674961,1483,123857,2399,0.011745976428842985,0.6179804224626482
6072,0.6105,5,0,5,674961,1483,123862,2394,0.011745976428842985,0.6174877482589631
6073,0.6106,4,1,4,674962,1482,123866,2390,0.011738056013179572,0.6172520661157025
6074,0.6107,2,3,2,674965,1479,123868,2388,0.011714294766189329,0.6175329712955779
6075,0.6108,7,2,7,674967,1477,123875,2381,0.011698453934862501,0.6171591498185588
6076,0.6109,3,2,3,674969,1475,123878,2378,0.011682613103535673,0.6171814170776019
6077,0.611,1,1,1,674970,1474,123879,2377,0.01167469268787226,0.6172422747338354
6078,0.6111,5,1,5,674971,1473,123884,2372,0.011666772272208846,0.6169050715214565
6079,0.6112,3,5,3,674976,1468,123887,2369,0.011627170193891775,0.6174094344540005
6080,0.6113,4,2,4,674978,1466,123891,2365,0.011611329362564947,0.6173322892195249
6081,0.6114,2,4,2,674982,1462,123893,2363,0.01157964769991129,0.6177777777777778
6082,0.6115,2,3,2,674985,1459,123895,2361,0.01155588645292105,0.6180628272251308
6083,0.6116,3,1,3,674986,1458,123898,2358,0.011547966037257636,0.6179245283018868
6084,0.6117,4,6,4,674992,1452,123902,2354,0.011500443543277152,0.6184971098265896
6085,0.6118,4,4,4,674996,1448,123906,2350,0.011468761880623495,0.6187467087941022
6086,0.6119,1,2,1,674998,1446,123907,2349,0.011452921049296667,0.6189723320158103
6087,0.612,8,0,8,674998,1446,123915,2341,0.011452921049296667,0.618167414840243
6088,0.6121,1,3,1,675001,1443,123916,2340,0.011429159802306426,0.6185567010309279
6089,0.6122,3,3,3,675004,1440,123919,2337,0.011405398555316183,0.6187450357426529
6090,0.6123,1,1,1,675005,1439,123920,2336,0.01139747813965277,0.6188079470198675
6091,0.6124,2,0,2,675005,1439,123922,2334,0.01139747813965277,0.6186058839120063
6092,0.6125,4,2,4,675007,1437,123926,2330,0.011381637308325941,0.6185293336872844
6093,0.6126,4,0,4,675007,1437,123930,2326,0.011381637308325941,0.6181238373638055
6094,0.6127,3,1,3,675008,1436,123933,2323,0.011373716892662526,0.6179835062516627
6095,0.6128,3,0,3,675008,1436,123936,2320,0.011373716892662526,0.617678381256656
6096,0.6129,4,3,4,675011,1433,123940,2316,0.011349955645672285,0.6177647372632702
6097,0.613,3,1,3,675012,1432,123943,2313,0.011342035230008872,0.6176234979973297
6098,0.6131,4,2,4,675014,1430,123947,2309,0.011326194398682043,0.6175447980743515
6099,0.6132,4,4,4,675018,1426,123951,2305,0.011294512736028387,0.6177968373090325
6100,0.6133,3,4,3,675022,1422,123954,2302,0.01126283107337473,0.6181525241675617
6101,0.6134,3,1,3,675023,1421,123957,2299,0.011254910657711316,0.6180107526881721
6102,0.6135,5,2,5,675025,1419,123962,2294,0.01123906982638449,0.617829248586049
6103,0.6136,2,1,2,675026,1418,123964,2292,0.011231149410721075,0.6177897574123989
6104,0.6137,2,2,2,675028,1416,123966,2290,0.011215308579394246,0.6179168915272532
6105,0.6138,6,3,6,675031,1413,123972,2284,0.011191547332404005,0.6177982147687314
6106,0.6139,3,2,3,675033,1411,123975,2281,0.011175706501077177,0.6178223185265439
6107,0.614,3,0,3,675033,1411,123978,2278,0.011175706501077177,0.6175115207373272
6108,0.6141,1,4,1,675037,1407,123979,2277,0.01114402483842352,0.6180781758957655
6109,0.6142,4,1,4,675038,1406,123983,2273,0.011136104422760107,0.6178309323185648
6110,0.6143,3,3,3,675041,1403,123986,2270,0.011112343175769864,0.6180234141029132
6111,0.6144,4,2,4,675043,1401,123990,2266,0.011096502344443036,0.6179438232887919
6112,0.6145,5,2,5,675045,1399,123995,2261,0.011080661513116208,0.6177595628415301
6113,0.6146,3,1,3,675046,1398,123998,2258,0.011072741097452795,0.6176148796498906
6114,0.6147,3,1,3,675047,1397,124001,2255,0.01106482068178938,0.6174698795180723
6115,0.6148,1,2,1,675049,1395,124002,2254,0.011048979850462552,0.6177034804055905
6116,0.6149,3,2,3,675051,1393,124005,2251,0.011033139019135725,0.6177277716794731
6117,0.615,1,3,1,675054,1390,124006,2250,0.011009377772145482,0.6181318681318682
6118,0.6151,0,1,0,675055,1389,124006,2250,0.011001457356482069,0.6183017312448474
6119,0.6152,2,1,2,675056,1388,124008,2248,0.010993536940818654,0.6182618261826183
6120,0.6153,1,3,1,675059,1385,124009,2247,0.010969775693828412,0.6186674008810573
6121,0.6154,3,2,3,675061,1383,124012,2244,0.010953934862501584,0.618693134822167
6122,0.6155,4,2,4,675063,1381,124016,2240,0.010938094031174756,0.6186136426401546
6123,0.6156,1,3,1,675066,1378,124017,2239,0.010914332784184515,0.6190212883605197
6124,0.6157,4,1,4,675067,1377,124021,2235,0.0109064123685211,0.6187707641196013
6125,0.6158,6,2,6,675069,1375,124027,2229,0.010890571537194272,0.6184794672586016
6126,0.6159,0,1,0,675070,1374,124027,2229,0.010882651121530858,0.6186511240632806
6127,0.616,2,4,2,675074,1370,124029,2227,0.010850969458877202,0.6191270503197108
6128,0.6161,6,2,6,675076,1368,124035,2221,0.010835128627550374,0.6188353301755364
6129,0.6162,5,3,5,675079,1365,124040,2216,0.010811367380560133,0.6188215582239598
6130,0.6163,3,4,3,675083,1361,124043,2213,0.010779685717906476,0.6191941801902631
6131,0.6164,1,4,1,675087,1357,124044,2212,0.01074800405525282,0.6197814513869431
6132,0.6165,2,2,2,675089,1355,124046,2210,0.010732163223925992,0.6199158485273493
6133,0.6166,5,5,5,675094,1350,124051,2205,0.010692561145608922,0.620253164556962
6134,0.6167,1,3,1,675097,1347,124052,2204,0.010668799898618679,0.6206702337369755
6135,0.6168,3,0,3,675097,1347,124055,2201,0.010668799898618679,0.6203494926719278
6136,0.6169,3,3,3,675100,1344,124058,2198,0.010645038651628438,0.6205533596837944
6137,0.617,4,3,4,675103,1341,124062,2194,0.010621277404638195,0.6206506364922206
6138,0.6171,3,1,3,675104,1340,124065,2191,0.010613356988974781,0.6205041064854149
6139,0.6172,0,1,0,675105,1339,124065,2191,0.010605436573311368,0.6206798866855524
6140,0.6173,4,3,4,675108,1336,124069,2187,0.010581675326321125,0.6207777462390008
6141,0.6174,6,2,6,675110,1334,124075,2181,0.010565834494994297,0.6204836415362731
6142,0.6175,3,2,3,675112,1332,124078,2178,0.010549993663667469,0.6205128205128205
6143,0.6176,5,2,5,675114,1330,124083,2173,0.01053415283234064,0.6203254353411362
6144,0.6177,4,5,4,675119,1325,124087,2169,0.010494550754023571,0.6207784773898111
6145,0.6178,2,2,2,675121,1323,124089,2167,0.010478709922696743,0.620916905444126
6146,0.6179,3,1,3,675122,1322,124092,2164,0.01047078950703333,0.6207687894434882
6147,0.618,8,6,8,675128,1316,124100,2156,0.010423267013052845,0.6209677419354839
6148,0.6181,4,0,4,675128,1316,124104,2152,0.010423267013052845,0.6205305651672434
6149,0.6182,4,1,4,675129,1315,124108,2148,0.01041534659738943,0.6202714409471557
6150,0.6183,2,3,2,675132,1312,124110,2146,0.010391585350399189,0.6205899363794101
6151,0.6184,3,1,3,675133,1311,124113,2143,0.010383664934735776,0.6204400694846555
6152,0.6185,0,1,0,675134,1310,124113,2143,0.01037574451907236,0.6206197509412106
6153,0.6186,0,3,0,675137,1307,124113,2143,0.01035198327208212,0.621159420289855
6154,0.6187,3,2,3,675139,1305,124116,2140,0.010336142440755291,0.6211901306240929
6155,0.6188,3,1,3,675140,1304,124119,2137,0.010328222025091876,0.6210403952339436
6156,0.6189,4,2,4,675142,1302,124123,2133,0.010312381193765048,0.6209606986899563
6157,0.619,4,1,4,675143,1301,124127,2129,0.010304460778101635,0.6206997084548105
6158,0.6191,3,2,3,675145,1299,124130,2126,0.010288619946774807,0.6207299270072992
6159,0.6192,3,1,3,675146,1298,124133,2123,0.010280699531111393,0.6205787781350482
6160,0.6193,2,2,2,675148,1296,124135,2121,0.010264858699784565,0.62071992976295
6161,0.6194,6,2,6,675150,1294,124141,2115,0.010249017868457737,0.6204165444411851
6162,0.6195,4,2,4,675152,1292,124145,2111,0.010233177037130909,0.6203349985307082
6163,0.6196,3,1,3,675153,1291,124148,2108,0.010225256621467494,0.6201824065901735
6164,0.6197,3,6,3,675159,1285,124151,2105,0.010177734127487011,0.6209439528023599
6165,0.6198,1,5,1,675164,1280,124152,2104,0.01013813204916994,0.6217494089834515
6166,0.6199,2,2,2,675166,1278,124154,2102,0.010122291217843112,0.6218934911242604
6167,0.62,6,7,6,675173,1271,124160,2096,0.010066848308199214,0.6225126225126225
6168,0.6201,3,0,3,675173,1271,124163,2093,0.010066848308199214,0.6221759809750297
6169,0.6202,0,1,0,675174,1270,124163,2093,0.010058927892535801,0.6223609872137972
6170,0.6203,1,2,1,675176,1268,124164,2092,0.010043087061208973,0.6226190476190476
6171,0.6204,3,3,3,675179,1265,124167,2089,0.01001932581421873,0.6228384019081693
6172,0.6205,3,3,3,675182,1262,124170,2086,0.009995564567228488,0.6230585424133811
6173,0.6206,5,2,5,675184,1260,124175,2081,0.00997972373590166,0.6228674049685723
6174,0.6207,2,2,2,675186,1258,124177,2079,0.009963882904574832,0.6230146838477675
6175,0.6208,5,5,5,675191,1253,124182,2074,0.009924280826257762,0.6233844304177938
6176,0.6209,6,2,6,675193,1251,124188,2068,0.009908439994930934,0.6230792407351612
6177,0.621,3,3,3,675196,1248,124191,2065,0.009884678747940691,0.6233021430727438
6178,0.6211,4,0,4,675196,1248,124195,2061,0.009884678747940691,0.6228467815049864
6179,0.6212,5,1,5,675197,1247,124200,2056,0.009876758332277278,0.6224644262791402
6180,0.6213,2,2,2,675199,1245,124202,2054,0.00986091750095045,0.6226129130039406
6181,0.6214,3,0,3,675199,1245,124205,2051,0.00986091750095045,0.6222694174757282
6182,0.6215,3,0,3,675199,1245,124208,2048,0.00986091750095045,0.6219252960825995
6183,0.6216,4,2,4,675201,1243,124212,2044,0.009845076669623622,0.6218436264070581
6184,0.6217,1,2,1,675203,1241,124213,2043,0.009829235838296793,0.6221071863580999
6185,0.6218,4,2,4,675205,1239,124217,2039,0.009813395006969965,0.6220256253813301
6186,0.6219,1,3,1,675208,1236,124218,2038,0.009789633759979724,0.6224801466096518
6187,0.622,0,5,0,675213,1231,124218,2038,0.009750031681662654,0.6234322422759253
6188,0.6221,2,1,2,675214,1230,124220,2036,0.00974211126599924,0.6233925290875689
6189,0.6222,5,2,5,675216,1228,124225,2031,0.009726270434672411,0.6231972997852102
6190,0.6223,0,2,0,675218,1226,124225,2031,0.009710429603345583,0.6235799815781394
6191,0.6224,2,8,2,675226,1218,124227,2029,0.009647066278038272,0.6248845087773329
6192,0.6225,3,1,3,675227,1217,124230,2026,0.009639145862374857,0.6247301880974406
6193,0.6226,3,1,3,675228,1216,124233,2023,0.009631225446711444,0.6245754862611917
6194,0.6227,5,2,5,675230,1214,124238,2018,0.009615384615384616,0.6243811881188119
6195,0.6228,3,2,3,675232,1212,124241,2015,0.009599543784057788,0.6244189649829563
6196,0.6229,1,2,1,675234,1210,124242,2014,0.00958370295273096,0.6246898263027295
6197,0.623,5,3,5,675237,1207,124247,2009,0.009559941705740716,0.6246890547263682
6198,0.6231,2,0,2,675237,1207,124249,2007,0.009559941705740716,0.6244555071561917
6199,0.6232,3,2,3,675239,1205,124252,2004,0.00954410087441389,0.6244936117170458
6200,0.6233,7,3,7,675242,1202,124259,1997,0.009520339627423647,0.6242575804939043
6201,0.6234,1,3,1,675245,1199,124260,1996,0.009496578380433406,0.6247261345852895
6202,0.6235,2,0,2,675245,1199,124262,1994,0.009496578380433406,0.6244910742248669
6203,0.6236,5,1,5,675246,1198,124267,1989,0.00948865796476999,0.6240978977094446
6204,0.6237,4,1,4,675247,1197,124271,1985,0.009480737549106577,0.6238214959145192
6205,0.6238,3,1,3,675248,1196,124274,1982,0.009472817133443162,0.6236626809314034
6206,0.6239,4,2,4,675250,1194,124278,1978,0.009456976302116334,0.6235813366960908
6207,0.624,4,1,4,675251,1193,124282,1974,0.009449055886452921,0.623302810230502
6208,0.6241,3,0,3,675251,1193,124285,1971,0.009449055886452921,0.6229456384323641
6209,0.6242,0,5,0,675256,1188,124285,1971,0.009409453808135852,0.6239316239316239
6210,0.6243,3,1,3,675257,1187,124288,1968,0.009401533392472437,0.6237717908082409
6211,0.6244,4,3,4,675260,1184,124292,1964,0.009377772145482195,0.6238881829733164
6212,0.6246,0,4,0,675264,1180,124292,1964,0.009346090482828539,0.6246819338422391
6213,0.6247,1,5,1,675269,1175,124293,1963,0.00930648840451147,0.6255576800509879
6214,0.6248,4,4,4,675273,1171,124297,1959,0.009274806741857813,0.6258785942492012
6215,0.6249,2,2,2,675275,1169,124299,1957,0.009258965910530985,0.6260396673064619
6216,0.625,2,3,2,675278,1166,124301,1955,0.009235204663540742,0.6264017942966997
6217,0.6251,3,2,3,675280,1164,124304,1952,0.009219363832213915,0.6264441591784339
6218,0.6252,1,3,1,675283,1161,124305,1951,0.009195602585223672,0.6269280205655527
6219,0.6253,3,1,3,675284,1160,124308,1948,0.009187682169560259,0.6267696267696268
6220,0.6255,1,3,1,675287,1157,124309,1947,0.009163920922570016,0.6272551546391752
6221,0.6256,2,2,2,675289,1155,124311,1945,0.009148080091243188,0.6274193548387097
6222,0.6257,4,1,4,675290,1154,124315,1941,0.009140159675579775,0.627140549273021
6223,0.6258,1,5,1,675295,1149,124316,1940,0.009100557597262705,0.6280349627711234
6224,0.6259,3,6,3,675301,1143,124319,1937,0.00905303510328222,0.6288961038961038
6225,0.626,2,1,2,675302,1142,124321,1935,0.009045114687618806,0.628859278518037
6226,0.6261,3,0,3,675302,1142,124324,1932,0.009045114687618806,0.6284970722186076
6227,0.6262,0,2,0,675304,1140,124324,1932,0.009029273856291977,0.62890625
6228,0.6263,1,3,1,675307,1137,124325,1931,0.009005512609301736,0.6294002607561929
6229,0.6264,2,2,2,675309,1135,124327,1929,0.008989671777974908,0.6295691906005222
6230,0.6265,7,2,7,675311,1133,124334,1922,0.00897383094664808,0.6291325695581015
6231,0.6266,3,3,3,675314,1130,124337,1919,0.008950069699657838,0.6293866841587406
6232,0.6267,5,0,5,675314,1130,124342,1914,0.008950069699657838,0.628777923784494
6233,0.6268,2,3,2,675317,1127,124344,1912,0.008926308452667595,0.6291543270812767
6234,0.6269,5,3,5,675320,1124,124349,1907,0.008902547205677354,0.629165291982844
6235,0.627,0,4,0,675324,1120,124349,1907,0.008870865543023698,0.629996696399075
6236,0.6271,5,2,5,675326,1118,124354,1902,0.00885502471169687,0.6298013245033113
6237,0.6272,1,4,1,675330,1114,124355,1901,0.008823343049043213,0.630514096185738
6238,0.6273,1,1,1,675331,1113,124356,1900,0.0088154226333798,0.6306007301692665
6239,0.6274,1,3,1,675334,1110,124357,1899,0.008791661386389558,0.6311066799601196
6240,0.6275,3,2,3,675336,1108,124360,1896,0.00877582055506273,0.6311584553928096
6241,0.6276,0,3,0,675339,1105,124360,1896,0.008752059308072487,0.631789403532156
6242,0.6277,2,4,2,675343,1101,124362,1894,0.008720377645418831,0.6323873121869783
6243,0.6278,3,2,3,675345,1099,124365,1891,0.008704536814092003,0.6324414715719063
6244,0.6279,6,4,6,675349,1095,124371,1885,0.008672855151438348,0.6325503355704698
6245,0.628,6,1,6,675350,1094,124377,1879,0.008664934735774933,0.6320215270770265
6246,0.6281,4,3,4,675353,1091,124381,1875,0.008641173488784692,0.6321645313553608
6247,0.6282,2,1,2,675354,1090,124383,1873,0.008633253073121277,0.6321295983800203
6248,0.6283,1,1,1,675355,1089,124384,1872,0.008625332657457864,0.6322188449848024
6249,0.6284,4,1,4,675356,1088,124388,1868,0.008617412241794449,0.631935047361299
6250,0.6285,1,2,1,675358,1086,124389,1867,0.00860157141046762,0.6322384016254656
6251,0.6286,1,4,1,675362,1082,124390,1866,0.008569889747813966,0.6329715061058344
6252,0.6287,4,1,4,675363,1081,124394,1862,0.008561969332150551,0.6326877336051648
6253,0.6288,2,2,2,675365,1079,124396,1860,0.008546128500823723,0.6328683225586934
6254,0.629,1,2,1,675367,1077,124397,1859,0.008530287669496895,0.6331743869209809
6255,0.6291,4,3,4,675370,1074,124401,1855,0.008506526422506653,0.6333219528849436
6256,0.6292,5,0,5,675370,1074,124406,1850,0.008506526422506653,0.6326949384404925
6257,0.6293,7,1,7,675371,1073,124413,1843,0.008498606006843238,0.6320301783264746
6258,0.6294,1,2,1,675373,1071,124414,1842,0.008482765175516412,0.6323377960865088
6259,0.6295,3,0,3,675373,1071,124417,1839,0.008482765175516412,0.6319587628865979
6260,0.6296,3,3,3,675376,1068,124420,1836,0.008459003928526169,0.6322314049586777
6261,0.6297,2,3,2,675379,1065,124422,1834,0.008435242681535927,0.6326319420489824
6262,0.6298,1,0,1,675379,1065,124423,1833,0.008435242681535927,0.6325051759834368
6263,0.6299,1,2,1,675381,1063,124424,1832,0.0084194018502091,0.6328151986183074
6264,0.63,2,4,2,675385,1059,124426,1830,0.008387720187555443,0.6334371754932503
6265,0.6301,4,2,4,675387,1057,124430,1826,0.008371879356228615,0.6333680194242108
6266,0.6302,4,1,4,675388,1056,124434,1822,0.008363958940565202,0.6330785267546908
6267,0.6303,5,3,5,675391,1053,124439,1817,0.008340197693574958,0.6331010452961673
6268,0.6304,3,0,3,675391,1053,124442,1814,0.008340197693574958,0.6327171259155913
6269,0.6305,2,1,2,675392,1052,124444,1812,0.008332277277911545,0.63268156424581
6270,0.6306,4,1,4,675393,1051,124448,1808,0.00832435686224813,0.6323889471843301
6271,0.6307,2,3,2,675396,1048,124450,1806,0.008300595615257889,0.6327960756832516
6272,0.6308,1,6,1,675402,1042,124451,1805,0.008253073121277404,0.6340007024938532
6273,0.6309,3,3,3,675405,1039,124454,1802,0.008229311874287163,0.6342837029215065
6274,0.631,4,1,4,675406,1038,124458,1798,0.008221391458623748,0.6339915373765868
6275,0.6311,3,2,3,675408,1036,124461,1795,0.00820555062729692,0.634051571882727
6276,0.6312,4,0,4,675408,1036,124465,1791,0.00820555062729692,0.6335337813937035
6277,0.6313,2,1,2,675409,1035,124467,1789,0.008197630211633507,0.6334985835694051
6278,0.6314,1,0,1,675409,1035,124468,1788,0.008197630211633507,0.6333687566418703
6279,0.6315,0,2,0,675411,1033,124468,1788,0.008181789380306679,0.6338177951081176
6280,0.6316,1,1,1,675412,1032,124469,1787,0.008173868964643264,0.6339127350124157
6281,0.6318,1,2,1,675414,1030,124470,1786,0.008158028133316437,0.6342329545454546
6282,0.6319,1,2,1,675416,1028,124471,1785,0.008142187301989609,0.6345538570920726
6283,0.632,2,2,2,675418,1026,124473,1783,0.008126346470662781,0.6347454610181559
6284,0.6321,1,2,1,675420,1024,124474,1782,0.008110505639335953,0.6350677120456165
6285,0.6322,2,4,2,675424,1020,124476,1780,0.008078823976682296,0.6357142857142857
6286,0.6323,1,1,1,675425,1019,124477,1779,0.008070903561018881,0.6358112937812723
6287,0.6325,1,2,1,675427,1017,124478,1778,0.008055062729692055,0.6361359570661896
6288,0.6326,3,4,3,675431,1013,124481,1775,0.008023381067038399,0.6366571018651362
6289,0.6327,1,2,1,675433,1011,124482,1774,0.00800754023571157,0.636983842010772
6290,0.6328,1,3,1,675436,1008,124483,1773,0.007983778988721327,0.6375404530744336
6291,0.6329,3,2,3,675438,1006,124486,1770,0.0079679381573945,0.6376080691642652
6292,0.633,2,5,2,675443,1001,124488,1768,0.00792833607907743,0.6384976525821596
6293,0.6331,2,3,2,675446,998,124490,1766,0.007904574832087188,0.6389290882778582
6294,0.6332,4,2,4,675448,996,124494,1762,0.00788873400076036,0.6388687454677302
6295,0.6333,2,1,2,675449,995,124496,1760,0.007880813585096945,0.6388384754990926
6296,0.6334,4,0,4,675449,995,124500,1756,0.007880813585096945,0.6383133406034169
6297,0.6335,3,3,3,675452,992,124503,1753,0.007857052338106704,0.6386156648451731
6298,0.6337,2,4,2,675456,988,124505,1751,0.007825370675453048,0.6392844103687477
6299,0.6338,2,1,2,675457,987,124507,1749,0.007817450259789634,0.6392543859649122
6300,0.6339,2,1,2,675458,986,124509,1747,0.007809529844126219,0.6392242956458105
6301,0.634,1,3,1,675461,983,124510,1746,0.007785768597135978,0.6397947966288018
6302,0.6341,7,2,7,675463,981,124517,1739,0.00776992776580915,0.6393382352941176
6303,0.6342,2,2,2,675465,979,124519,1737,0.007754086934482322,0.6395434462444771
6304,0.6343,3,2,3,675467,977,124522,1734,0.0077382461031554935,0.6396163777203984
6305,0.6344,1,2,1,675469,975,124523,1733,0.007722405271828665,0.6399556868537666
6306,0.6345,1,5,1,675474,970,124524,1732,0.007682803193511596,0.6410066617320503
6307,0.6346,2,0,2,675474,970,124526,1730,0.007682803193511596,0.6407407407407407
6308,0.6347,3,4,3,675478,966,124529,1727,0.0076511215308579395,0.6412922391385072
6309,0.6348,4,1,4,675479,965,124533,1723,0.0076432011151945254,0.6409970238095238
6310,0.6349,0,2,0,675481,963,124533,1723,0.007627360283867697,0.6414743112434848
6311,0.635,3,2,3,675483,961,124536,1720,0.007611519452540869,0.6415516598284222
6312,0.6351,5,4,5,675487,957,124541,1715,0.007579837789887214,0.6418413173652695
6313,0.6352,4,0,4,675487,957,124545,1711,0.007579837789887214,0.6413043478260869
6314,0.6353,2,2,2,675489,955,124547,1709,0.0075639969585603855,0.6415165165165165
6315,0.6354,3,3,3,675492,952,124550,1706,0.007540235711570143,0.6418359668924003
6316,0.6355,1,3,1,675495,949,124551,1705,0.007516474464579901,0.6424265259984928
6317,0.6356,1,1,1,675496,948,124552,1704,0.007508554048916487,0.6425339366515838
6318,0.6357,3,4,3,675500,944,124555,1701,0.0074768723862628315,0.6431001890359168
6319,0.6358,2,2,2,675502,942,124557,1699,0.007461031554936003,0.6433169254070428
6320,0.6359,2,1,2,675503,941,124559,1697,0.007453111139272589,0.6432903714935557
6321,0.636,2,3,2,675506,938,124561,1695,0.007429349892282347,0.6437523737181922
6322,0.6361,4,1,4,675507,937,124565,1691,0.007421429476618933,0.643455098934551
6323,0.6362,3,2,3,675509,935,124568,1688,0.007405588645292105,0.6435379336637438
6324,0.6363,2,1,2,675510,934,124570,1686,0.007397668229628691,0.6435114503816793
6325,0.6364,2,4,2,675514,930,124572,1684,0.007365986566975035,0.6442234123947972
6326,0.6365,4,1,4,675515,929,124576,1680,0.007358066151311621,0.6439248754311997
6327,0.6366,2,0,2,675515,929,124578,1678,0.007358066151311621,0.6436517069428462
6328,0.6367,0,1,0,675516,928,124578,1678,0.007350145735648207,0.6438986953184958
6329,0.6368,2,2,2,675518,926,124580,1676,0.007334304904321379,0.644119907763259
6330,0.6369,1,1,1,675519,925,124581,1675,0.007326384488657965,0.6442307692307693
6331,0.637,1,2,1,675521,923,124582,1674,0.007310543657331137,0.6445899114362726
6332,0.6372,3,3,3,675524,920,124585,1671,0.007286782410340894,0.6449247394828251
6333,0.6373,2,0,2,675524,920,124587,1669,0.007286782410340894,0.6446504441869447
6334,0.6374,2,3,2,675527,917,124589,1667,0.007263021163350653,0.6451238390092879
6335,0.6375,3,3,3,675530,914,124592,1664,0.007239259916360411,0.6454615981380916
6336,0.6376,2,1,2,675531,913,124594,1662,0.007231339500696997,0.6454368932038835
6337,0.6377,1,0,1,675531,913,124595,1661,0.007231339500696997,0.6452991452991453
6338,0.6378,3,3,3,675534,910,124598,1658,0.0072075782537067545,0.6456386292834891
6339,0.6379,4,2,4,675536,908,124602,1654,0.007191737422379926,0.6455893832943014
6340,0.638,4,1,4,675537,907,124606,1650,0.007183817006716512,0.6452874462260462
6341,0.6381,1,1,1,675538,906,124607,1649,0.007175896591053098,0.6454011741682975
6342,0.6382,2,3,2,675541,903,124609,1647,0.007152135344062857,0.6458823529411765
6343,0.6383,1,3,1,675544,900,124610,1646,0.0071283740970726145,0.6465043205027494
6344,0.6384,2,1,2,675545,899,124612,1644,0.0071204536814092004,0.6464805348014157
6345,0.6385,3,1,3,675546,898,124615,1641,0.007112533265745786,0.6463174478141
6346,0.6386,4,2,4,675548,896,124619,1637,0.007096692434418958,0.646269245953415
6347,0.6387,2,4,2,675552,892,124621,1635,0.007065010771765302,0.6470122675108825
6348,0.6388,2,3,2,675555,889,124623,1633,0.0070412495247750605,0.647501982553529
6349,0.6389,0,2,0,675557,887,124623,1633,0.007025408693448232,0.648015873015873
6350,0.639,3,2,3,675559,885,124626,1630,0.007009567862121404,0.6481113320079522
6351,0.6391,3,4,3,675563,881,124629,1627,0.006977886199467748,0.6487240829346093
6352,0.6392,2,1,2,675564,880,124631,1625,0.006969965783804334,0.6487025948103793
6353,0.6393,3,3,3,675567,877,124634,1622,0.006946204536814092,0.6490596238495399
6354,0.6394,2,1,2,675568,876,124636,1620,0.006938284121150678,0.6490384615384616
6355,0.6395,1,4,1,675572,872,124637,1619,0.006906602458497022,0.6499397832195906
6356,0.6396,5,2,5,675574,870,124642,1614,0.006890761627170194,0.6497584541062802
6357,0.6397,1,2,1,675576,868,124643,1613,0.006874920795843366,0.6501410721483273
6358,0.6398,2,1,2,675577,867,124645,1611,0.006867000380179952,0.6501210653753027
6359,0.6399,3,0,3,675577,867,124648,1608,0.006867000380179952,0.6496969696969697
6360,0.64,3,1,3,675578,866,124651,1605,0.0068590799645165375,0.6495346013759612
6361,0.6401,1,3,1,675581,863,124652,1604,0.006835318717526296,0.6501824077827321
6362,0.6402,1,1,1,675582,862,124653,1603,0.006827398301862882,0.6503042596348885
6363,0.6403,6,2,6,675584,860,124659,1597,0.006811557470536054,0.64997964997965
6364,0.6404,1,1,1,675585,859,124660,1596,0.00680363705487264,0.65010183299389
6365,0.6406,1,1,1,675586,858,124661,1595,0.006795716639209226,0.6502242152466368
6366,0.6407,2,2,2,675588,856,124663,1593,0.006779875807882398,0.6504695794201715
6367,0.6408,2,1,2,675589,855,124665,1591,0.0067719553922189835,0.6504497138184792
6368,0.6409,3,0,3,675589,855,124668,1588,0.0067719553922189835,0.6500204666393778
6369,0.641,1,0,1,675589,855,124669,1587,0.0067719553922189835,0.6498771498771498
6370,0.6411,2,3,2,675592,852,124671,1585,0.006748194145228741,0.6503898235535495
6371,0.6412,1,0,1,675592,852,124672,1584,0.006748194145228741,0.6502463054187192
6372,0.6413,1,0,1,675592,852,124673,1583,0.006748194145228741,0.6501026694045174
6373,0.6414,2,1,2,675593,851,124675,1581,0.006740273729565327,0.6500822368421053
6374,0.6415,0,1,0,675594,850,124675,1581,0.006732353313901914,0.6503496503496503
6375,0.6416,1,1,1,675595,849,124676,1580,0.0067244328982385,0.6504734458624949
6376,0.6417,1,1,1,675596,848,124677,1579,0.006716512482575086,0.6505974454058508
6377,0.6418,2,0,2,675596,848,124679,1577,0.006716512482575086,0.6503092783505154
6378,0.6419,4,2,4,675598,846,124683,1573,0.006700671651248258,0.6502687060768912
6379,0.642,4,2,4,675600,844,124687,1569,0.0066848308199214295,0.6502279320348114
6380,0.6421,3,1,3,675601,843,124690,1566,0.006676910404258015,0.6500622665006227
6381,0.6422,5,0,5,675601,843,124695,1561,0.006676910404258015,0.6493344425956739
6382,0.6423,1,1,1,675602,842,124696,1560,0.006668989988594601,0.649458784346378
6383,0.6424,2,3,2,675605,839,124698,1558,0.006645228741604359,0.6499791405924071
6384,0.6425,0,2,0,675607,837,124698,1558,0.006629387910277532,0.6505219206680585
6385,0.6426,3,1,3,675608,836,124701,1555,0.006621467494614118,0.6503554997908825
6386,0.6427,3,1,3,675609,835,124704,1552,0.006613547078950704,0.6501885211562631
6387,0.6428,1,1,1,675610,834,124705,1551,0.0066056266632872895,0.650314465408805
6388,0.6429,1,2,1,675612,832,124706,1550,0.006589785831960461,0.6507136859781696
6389,0.643,2,1,2,675613,831,124708,1548,0.006581865416297047,0.6506935687263556
6390,0.6431,1,0,1,675613,831,124709,1547,0.006581865416297047,0.6505466778805719
6391,0.6432,3,1,3,675614,830,124712,1544,0.006573945000633633,0.6503791069924179
6392,0.6433,3,0,3,675614,830,124715,1541,0.006573945000633633,0.6499367355546183
6393,0.6434,3,0,3,675614,830,124718,1538,0.006573945000633633,0.6494932432432432
6394,0.6435,2,2,2,675616,828,124720,1536,0.006558104169306805,0.649746192893401
6395,0.6436,1,2,1,675618,826,124721,1535,0.006542263337979977,0.6501482422702245
6396,0.6437,2,5,2,675623,821,124723,1533,0.006502661259662907,0.651231945624469
6397,0.6438,1,2,1,675625,819,124724,1532,0.006486820428336079,0.6516376010208422
6398,0.6439,2,1,2,675626,818,124726,1530,0.006478900012672665,0.651618398637138
6399,0.644,1,1,1,675627,817,124727,1529,0.006470979597009251,0.6517476555839727
6400,0.6441,6,1,6,675628,816,124733,1523,0.006463059181345837,0.6511329628046174
6401,0.6442,3,5,3,675633,811,124736,1520,0.0064234571030287665,0.6520806520806521
6402,0.6443,3,4,3,675637,807,124739,1517,0.006391775440375111,0.6527538726333907
6403,0.6444,3,0,3,675637,807,124742,1514,0.006391775440375111,0.6523050409306334
6404,0.6445,0,2,0,675639,805,124742,1514,0.006375934609048283,0.6528676153514446
6405,0.6446,1,1,1,675640,804,124743,1513,0.006368014193384869,0.6529995684074233
6406,0.6447,3,0,3,675640,804,124746,1510,0.006368014193384869,0.6525496974935178
6407,0.6448,3,1,3,675641,803,124749,1507,0.006360093777721455,0.6523809523809524
6408,0.6449,2,2,2,675643,801,124751,1505,0.006344252946394627,0.6526452732003469
6409,0.645,1,3,1,675646,798,124752,1504,0.006320491699404384,0.6533449174630755
6410,0.6452,1,0,1,675646,798,124753,1503,0.006320491699404384,0.6531942633637549
6411,0.6453,3,0,3,675646,798,124756,1500,0.006320491699404384,0.6527415143603134
6412,0.6454,4,0,4,675646,798,124760,1496,0.006320491699404384,0.6521360069747166
6413,0.6455,1,1,1,675647,797,124761,1495,0.006312571283740971,0.6522687609075044
6414,0.6456,0,1,0,675648,796,124761,1495,0.006304650868077557,0.6525534701003929
6415,0.6457,1,0,1,675648,796,124762,1494,0.006304650868077557,0.6524017467248908
6416,0.6458,3,0,3,675648,796,124765,1491,0.006304650868077557,0.6519457804984696
6417,0.6459,1,2,1,675650,794,124766,1490,0.006288810036750729,0.6523642732049036
6418,0.646,4,2,4,675652,792,124770,1486,0.006272969205423901,0.6523266022827041
6419,0.6461,3,1,3,675653,791,124773,1483,0.006265048789760487,0.6521547933157432
6420,0.6462,3,1,3,675654,790,124776,1480,0.006257128374097073,0.6519823788546255
6421,0.6463,3,2,3,675656,788,124779,1477,0.006241287542770244,0.6520971302428256
6422,0.6464,2,0,2,675656,788,124781,1475,0.006241287542770244,0.6517896597437031
6423,0.6465,5,3,5,675659,785,124786,1470,0.006217526295780002,0.6518847006651884
6424,0.6466,3,0,3,675659,785,124789,1467,0.006217526295780002,0.6514209591474245
6425,0.6467,4,3,4,675662,782,124793,1463,0.006193765048789761,0.6516703786191537
6426,0.6468,1,1,1,675663,781,124794,1462,0.006185844633126347,0.6518056174765938
6427,0.6469,2,0,2,675663,781,124796,1460,0.006185844633126347,0.6514948683623383
6428,0.647,2,3,2,675666,778,124798,1458,0.0061620833861361045,0.6520572450805009
6429,0.6471,5,3,5,675669,775,124803,1453,0.006138322139145862,0.6521543985637342
6430,0.6472,6,1,6,675670,774,124809,1447,0.006130401723482448,0.6515083295812697
6431,0.6473,7,1,7,675671,773,124816,1440,0.006122481307819034,0.6507004066877542
6432,0.6474,4,1,4,675672,772,124820,1436,0.00611456089215562,0.6503623188405797
6433,0.6475,1,3,1,675675,769,124821,1435,0.006090799645165379,0.6510889292196007
6434,0.6476,0,1,0,675676,768,124821,1435,0.0060828792295019645,0.6513844757149342
6435,0.6477,1,3,1,675679,765,124822,1434,0.006059117982511722,0.6521145975443383
6436,0.6478,3,0,3,675679,765,124825,1431,0.006059117982511722,0.6516393442622951
6437,0.6479,0,1,0,675680,764,124825,1431,0.006051197566848308,0.6519362186788155
6438,0.648,4,2,4,675682,762,124829,1427,0.00603535673552148,0.6518958428506167
6439,0.6481,2,1,2,675683,761,124831,1425,0.006027436319858066,0.651875571820677
6440,0.6482,4,0,4,675683,761,124835,1421,0.006027436319858066,0.6512373968835931
6441,0.6483,0,1,0,675684,760,124835,1421,0.006019515904194652,0.6515359926639156
6442,0.6484,2,1,2,675685,759,124837,1419,0.006011595488531238,0.6515151515151515
6443,0.6485,4,1,4,675686,758,124841,1415,0.006003675072867824,0.6511734928670041
6444,0.6486,5,1,5,675687,757,124846,1410,0.00599575465720441,0.6506691278264882
6445,0.6487,1,7,1,675694,750,124847,1409,0.005940311747560512,0.6526169522927281
6446,0.6488,1,2,1,675696,748,124848,1408,0.005924470916233684,0.6530612244897959
6447,0.6489,1,1,1,675697,747,124849,1407,0.00591655050057027,0.6532033426183844
6448,0.649,3,2,3,675699,745,124852,1404,0.0059007096692434416,0.6533271288971615
6449,0.6491,2,2,2,675701,743,124854,1402,0.005884868837916614,0.6536130536130537
6450,0.6492,2,3,2,675704,740,124856,1400,0.005861107590926372,0.6542056074766355
6451,0.6493,2,1,2,675705,739,124858,1398,0.005853187175262958,0.6541881141787552
6452,0.6494,5,0,5,675705,739,124863,1393,0.005853187175262958,0.6533771106941839
6453,0.6495,2,1,2,675706,738,124865,1391,0.005845266759599544,0.6533583842179427
6454,0.6496,2,2,2,675708,736,124867,1389,0.005829425928272716,0.6536470588235294
6455,0.6497,3,2,3,675710,734,124870,1386,0.0058135850969458875,0.6537735849056604
6456,0.6498,0,2,0,675712,732,124870,1386,0.005797744265619059,0.6543909348441926
6457,0.6499,3,1,3,675713,731,124873,1383,0.005789823849955645,0.6542100283822138
6458,0.65,2,3,2,675716,728,124875,1381,0.005766062602965404,0.6548127074442864
6459,0.6501,1,0,1,675716,728,124876,1380,0.005766062602965404,0.6546489563567363
6460,0.6502,1,2,1,675718,726,124877,1379,0.005750221771638576,0.6551068883610451
6461,0.6503,4,3,4,675721,723,124881,1375,0.0057264605246483335,0.6553860819828408
6462,0.6504,1,2,1,675723,721,124882,1374,0.005710619693321505,0.6558472553699284
6463,0.6505,5,1,5,675724,720,124887,1369,0.005702699277658091,0.6553374820488271
6464,0.6506,3,1,3,675725,719,124890,1366,0.005694778861994677,0.6551558752997602
6465,0.6507,2,3,2,675728,716,124892,1364,0.005671017615004436,0.6557692307692308
6466,0.6508,3,0,3,675728,716,124895,1361,0.005671017615004436,0.6552720269619644
6467,0.6509,1,2,1,675730,714,124896,1360,0.005655176783677608,0.6557377049180327
6468,0.651,3,0,3,675730,714,124899,1357,0.005655176783677608,0.6552390149686141
6469,0.6511,6,4,6,675734,710,124905,1351,0.005623495121023951,0.6555070354196991
6470,0.6512,5,1,5,675735,709,124910,1346,0.005615574705360537,0.6549878345498783
6471,0.6513,1,0,1,675735,709,124911,1345,0.005615574705360537,0.6548198636806232
6472,0.6514,1,0,1,675735,709,124912,1344,0.005615574705360537,0.6546517291768145
6473,0.6515,1,0,1,675735,709,124913,1343,0.005615574705360537,0.6544834307992202
6474,0.6516,2,0,2,675735,709,124915,1341,0.005615574705360537,0.6541463414634147
6475,0.6517,0,4,0,675739,705,124915,1341,0.005583893042706881,0.655425219941349
6476,0.6518,3,2,3,675741,703,124918,1338,0.005568052211380054,0.6555609995100441
6477,0.6519,2,2,2,675743,701,124920,1336,0.0055522113800532255,0.65586647029946
6478,0.652,1,2,1,675745,699,124921,1335,0.005536370548726397,0.6563421828908554
6479,0.6521,2,1,2,675746,698,124923,1333,0.005528450133062983,0.6563269325455441
6480,0.6522,2,1,2,675747,697,124925,1331,0.005520529717399569,0.6563116370808678
6481,0.6523,1,1,1,675748,696,124926,1330,0.005512609301736155,0.6564659427443238
6482,0.6524,2,2,2,675750,694,124928,1328,0.005496768470409327,0.6567754698318496
6483,0.6526,6,1,6,675751,693,124934,1322,0.005488848054745913,0.6560794044665013
6484,0.6528,2,1,2,675752,692,124936,1320,0.005480927639082499,0.6560636182902585
6485,0.6529,1,1,1,675753,691,124937,1319,0.005473007223419085,0.6562189054726368
6486,0.653,2,0,2,675753,691,124939,1317,0.005473007223419085,0.6558764940239044
6487,0.6531,4,1,4,675754,690,124943,1313,0.005465086807755671,0.655516724912631
6488,0.6532,1,5,1,675759,685,124944,1312,0.005425484729438601,0.656985478217326
6489,0.6533,3,0,3,675759,685,124947,1309,0.005425484729438601,0.656469408224674
6490,0.6534,0,1,0,675760,684,124947,1309,0.005417564313775187,0.6567987957852484
6491,0.6535,2,1,2,675761,683,124949,1307,0.005409643898111773,0.65678391959799
6492,0.6536,2,2,2,675763,681,124951,1305,0.005393803066784945,0.6570996978851964
6493,0.6537,1,1,1,675764,680,124952,1304,0.005385882651121531,0.657258064516129
6494,0.6538,2,1,2,675765,679,124954,1302,0.0053779622354581166,0.657243816254417
6495,0.6539,4,1,4,675766,678,124958,1298,0.0053700418197947025,0.6568825910931174
6496,0.654,0,3,0,675769,675,124958,1298,0.005346280572804461,0.6578813988849468
6497,0.6541,2,1,2,675770,674,124960,1296,0.005338360157141047,0.6578680203045685
6498,0.6542,2,3,2,675773,671,124962,1294,0.005314598910150805,0.6585241730279898
6499,0.6543,1,3,1,675776,668,124963,1293,0.0052908376631605625,0.6593574706782254
6500,0.6544,1,2,1,675778,666,124964,1292,0.005274996831833734,0.6598569969356486
6501,0.6545,2,1,2,675779,665,124966,1290,0.00526707641617032,0.659846547314578
6502,0.6546,0,3,0,675782,662,124966,1290,0.005243315169180079,0.6608606557377049
6503,0.6547,2,0,2,675782,662,124968,1288,0.005243315169180079,0.6605128205128206
6504,0.6548,2,2,2,675784,660,124970,1286,0.005227474337853251,0.6608427543679343
6505,0.6549,6,1,6,675785,659,124976,1280,0.005219553922189837,0.6601340897369778
6506,0.655,5,1,5,675786,658,124981,1275,0.005211633506526423,0.6595964821520952
6507,0.6551,4,2,4,675788,656,124985,1271,0.0051957926751995944,0.6595744680851063
6508,0.6552,0,2,0,675790,654,124985,1271,0.005179951843872766,0.6602597402597402
6509,0.6553,3,0,3,675790,654,124988,1268,0.005179951843872766,0.659729448491155
6510,0.6555,1,2,1,675792,652,124989,1267,0.005164111012545938,0.6602397081813445
6511,0.6556,2,0,2,675792,652,124991,1265,0.005164111012545938,0.6598852373500261
6512,0.6557,2,0,2,675792,652,124993,1263,0.005164111012545938,0.6595300261096606
6513,0.6558,1,0,1,675792,652,124994,1262,0.005164111012545938,0.6593521421107628
6514,0.6559,2,2,2,675794,650,124996,1260,0.00514827018121911,0.6596858638743456
6515,0.656,3,2,3,675796,648,124999,1257,0.005132429349892283,0.6598425196850394
6516,0.6561,1,0,1,675796,648,125000,1256,0.005132429349892283,0.6596638655462185
6517,0.6562,0,1,0,675797,647,125000,1256,0.005124508934228869,0.6600105097214923
6518,0.6563,1,0,1,675797,647,125001,1255,0.005124508934228869,0.6598317560462671
6519,0.6565,1,1,1,675798,646,125002,1254,0.0051165885185654545,0.66
6520,0.6566,4,1,4,675799,645,125006,1250,0.00510866810290204,0.6596306068601583
6521,0.6567,1,2,1,675801,643,125007,1249,0.005092827271575212,0.6601479915433404
6522,0.6568,2,0,2,675801,643,125009,1247,0.005092827271575212,0.6597883597883598
6523,0.6569,1,3,1,675804,640,125010,1246,0.00506906602458497,0.6606574761399788
6524,0.657,3,1,3,675805,639,125013,1243,0.005061145608921556,0.6604675876726886
6525,0.6571,2,2,2,675807,637,125015,1241,0.005045304777594728,0.6608093716719915
6526,0.6572,1,1,1,675808,636,125016,1240,0.0050373843619313146,0.6609808102345416
6527,0.6573,2,2,2,675810,634,125018,1238,0.005021543530604486,0.6613247863247863
6528,0.6574,2,1,2,675811,633,125020,1236,0.005013623114941072,0.6613162118780096
6529,0.6575,4,1,4,675812,632,125024,1232,0.005005702699277658,0.6609442060085837
6530,0.6576,3,0,3,675812,632,125027,1229,0.005005702699277658,0.6603976356797421
6531,0.6577,1,0,1,675812,632,125028,1228,0.005005702699277658,0.6602150537634408
6532,0.6578,1,2,1,675814,630,125029,1227,0.00498986186795083,0.6607431340872375
6533,0.6579,2,0,2,675814,630,125031,1225,0.00498986186795083,0.660377358490566
6534,0.658,3,3,3,675817,627,125034,1222,0.004966100620960588,0.6608977825851812
6535,0.6581,2,0,2,675817,627,125036,1220,0.004966100620960588,0.660530590146183
6536,0.6582,2,0,2,675817,627,125038,1218,0.004966100620960588,0.6601626016260163
6537,0.6583,3,0,3,675817,627,125041,1215,0.004966100620960588,0.6596091205211726
6538,0.6584,2,2,2,675819,625,125043,1213,0.00495025978963376,0.6599564744287268
6539,0.6585,0,1,0,675820,624,125043,1213,0.004942339373970346,0.6603157321720196
6540,0.6586,1,2,1,675822,622,125044,1212,0.004926498542643518,0.6608505997818975
6541,0.6587,5,1,5,675823,621,125049,1207,0.004918578126980104,0.6602844638949672
6542,0.6588,1,2,1,675825,619,125050,1206,0.004902737295653276,0.6608219178082192
6543,0.6589,2,0,2,675825,619,125052,1204,0.004902737295653276,0.6604498080087767
6544,0.659,3,0,3,675825,619,125055,1201,0.004902737295653276,0.6598901098901099
6545,0.6591,6,0,6,675825,619,125061,1195,0.004902737295653276,0.6587651598676957
6546,0.6592,0,3,0,675828,616,125061,1195,0.004878976048663034,0.6598564329099945
6547,0.6593,0,1,0,675829,615,125061,1195,0.00487105563299962,0.6602209944751382
6548,0.6594,0,3,0,675832,612,125061,1195,0.0048472943860093775,0.6613171001660211
6549,0.6595,1,2,1,675834,610,125062,1194,0.004831453554682549,0.6618625277161863
6550,0.6596,2,0,2,675834,610,125064,1192,0.004831453554682549,0.6614872364039955
6551,0.6597,1,4,1,675838,606,125065,1191,0.004799771892028894,0.662771285475793
6552,0.6598,2,1,2,675839,605,125067,1189,0.00479185147636548,0.6627647714604237
6553,0.6599,1,0,1,675839,605,125068,1188,0.00479185147636548,0.6625766871165644
6554,0.66,4,2,4,675841,603,125072,1184,0.004776010645038652,0.6625629546726357
6555,0.6601,7,3,7,675844,600,125079,1177,0.004752249398048409,0.6623522791221159
6556,0.6602,3,1,3,675845,599,125082,1174,0.004744328982384995,0.6621545403271292
6557,0.6603,2,1,2,675846,598,125084,1172,0.004736408566721581,0.6621468926553672
6558,0.6604,2,2,2,675848,596,125086,1170,0.004720567735394754,0.6625141562853907
6559,0.6605,6,1,6,675849,595,125092,1164,0.00471264731973134,0.6617396247868107
6560,0.6606,2,1,2,675850,594,125094,1162,0.004704726904067926,0.6617312072892938
6561,0.6607,1,2,1,675852,592,125095,1161,0.004688886072741098,0.6622932116371933
6562,0.6608,2,2,2,675854,590,125097,1159,0.0046730452414142695,0.6626643796455117
6563,0.6609,2,1,2,675855,589,125099,1157,0.004665124825750855,0.6626575028636884
6564,0.661,1,1,1,675856,588,125100,1156,0.004657204410087441,0.6628440366972477
6565,0.6611,1,1,1,675857,587,125101,1155,0.004649283994424027,0.6630309988518944
6566,0.6612,5,1,5,675858,586,125106,1150,0.004641363578760613,0.6624423963133641
6567,0.6613,1,0,1,675858,586,125107,1149,0.004641363578760613,0.6622478386167147
6568,0.6614,1,4,1,675862,582,125108,1148,0.004609681916106958,0.6635838150289017
6569,0.6615,3,1,3,675863,581,125111,1145,0.004601761500443544,0.6633835457705678
6570,0.6616,2,0,2,675863,581,125113,1143,0.004601761500443544,0.6629930394431555
6571,0.6617,2,4,2,675867,577,125115,1141,0.004570079837789887,0.6641443538998836
6572,0.6618,1,0,1,675867,577,125116,1140,0.004570079837789887,0.663948747815958
6573,0.6619,5,0,5,675867,577,125121,1135,0.004570079837789887,0.6629672897196262
6574,0.662,3,1,3,675868,576,125124,1132,0.004562159422126473,0.6627634660421545
6575,0.6621,1,2,1,675870,574,125125,1131,0.004546318590799645,0.6633431085043988
6576,0.6622,2,2,2,675872,572,125127,1129,0.004530477759472817,0.6637272192827748
6577,0.6623,1,0,1,675872,572,125128,1128,0.004530477759472817,0.6635294117647059
6578,0.6624,5,1,5,675873,571,125133,1123,0.004522557343809403,0.6629279811097993
6579,0.6625,0,1,0,675874,570,125133,1123,0.004514636928145989,0.6633195510927348
6580,0.6626,1,1,1,675875,569,125134,1122,0.0045067165124825755,0.6635127143701951
6581,0.6628,3,1,3,675876,568,125137,1119,0.004498796096819161,0.6633076467101363
6582,0.6629,4,0,4,675876,568,125141,1115,0.004498796096819161,0.6625074272133096
6583,0.663,2,0,2,675876,568,125143,1113,0.004498796096819161,0.6621058893515764
6584,0.6631,0,2,0,675878,566,125143,1113,0.004482955265492333,0.6628945801072067
6585,0.6632,1,2,1,675880,564,125144,1112,0.004467114434165505,0.6634844868735084
6586,0.6633,3,0,3,675880,564,125147,1109,0.004467114434165505,0.6628810520023909
6587,0.6634,0,3,0,675883,561,125147,1109,0.004443353187175263,0.6640718562874252
6588,0.6635,3,0,3,675883,561,125150,1106,0.004443353187175263,0.6634673065386922
6589,0.6636,0,2,0,675885,559,125150,1106,0.004427512355848435,0.6642642642642642
6590,0.6637,3,1,3,675886,558,125153,1103,0.004419591940185021,0.6640577965081277
6591,0.6638,1,0,1,675886,558,125154,1102,0.004419591940185021,0.6638554216867469
6592,0.6639,1,2,1,675888,556,125155,1101,0.0044037511088581924,0.6644538322269161
6593,0.664,1,0,1,675888,556,125156,1100,0.0044037511088581924,0.6642512077294686
6594,0.6641,2,2,2,675890,554,125158,1098,0.004387910277531365,0.6646489104116223
6595,0.6642,1,1,1,675891,553,125159,1097,0.004379989861867951,0.6648484848484848
6596,0.6643,1,0,1,675891,553,125160,1096,0.004379989861867951,0.6646452395391146
6597,0.6644,3,2,3,675893,551,125163,1093,0.004364149030541123,0.6648418491484185
6598,0.6645,1,1,1,675894,550,125164,1092,0.004356228614877709,0.6650426309378806
6599,0.6646,4,0,4,675894,550,125168,1088,0.004356228614877709,0.6642246642246642
6600,0.6647,1,0,1,675894,550,125169,1087,0.004356228614877709,0.6640195479535737
6601,0.6648,1,1,1,675895,549,125170,1086,0.004348308199214295,0.6642201834862386
6602,0.6649,3,0,3,675895,549,125173,1083,0.004348308199214295,0.6636029411764706
6603,0.665,1,1,1,675896,548,125174,1082,0.004340387783550881,0.6638036809815951
6604,0.6651,0,3,0,675899,545,125174,1082,0.004316626536560638,0.6650276582667486
6605,0.6652,1,1,1,675900,544,125175,1081,0.004308706120897224,0.6652307692307692
6606,0.6653,3,2,3,675902,542,125178,1078,0.004292865289570397,0.6654320987654321
6607,0.6654,2,0,2,675902,542,125180,1076,0.004292865289570397,0.6650185414091471
6608,0.6655,2,1,2,675903,541,125182,1074,0.004284944873906983,0.6650154798761609
6609,0.6656,2,1,2,675904,540,125184,1072,0.004277024458243569,0.6650124069478908
6610,0.6658,1,5,1,675909,535,125185,1071,0.0042374223799264985,0.6668742216687422
6611,0.6659,1,1,1,675910,534,125186,1070,0.004229501964263084,0.6670822942643392
6612,0.666,1,2,1,675912,532,125187,1069,0.004213661132936256,0.6677076826983136
6613,0.6661,5,2,5,675914,530,125192,1064,0.004197820301609428,0.6675031367628608
6614,0.6662,1,1,1,675915,529,125193,1063,0.004189899885946015,0.667713567839196
6615,0.6663,2,2,2,675917,527,125195,1061,0.004174059054619187,0.6681360201511335
6616,0.6664,3,2,3,675919,525,125198,1058,0.0041582182232923585,0.6683512318382817
6617,0.6665,4,1,4,675920,524,125202,1054,0.0041502978076289445,0.6679340937896071
6618,0.6666,3,2,3,675922,522,125205,1051,0.004134456976302116,0.6681500317863954
6619,0.6667,3,2,3,675924,520,125208,1048,0.004118616144975288,0.6683673469387755
6620,0.6668,1,1,1,675925,519,125209,1047,0.004110695729311874,0.6685823754789272
6621,0.6669,2,1,2,675926,518,125211,1045,0.00410277531364846,0.6685860524632118
6622,0.6671,2,1,2,675927,517,125213,1043,0.004094854897985046,0.6685897435897435
6623,0.6672,2,0,2,675927,517,125215,1041,0.004094854897985046,0.6681643132220796
6624,0.6673,0,2,0,675929,515,125215,1041,0.004079014066658219,0.6690231362467867
6625,0.6674,0,2,0,675931,513,125215,1041,0.0040631732353313904,0.6698841698841699
6626,0.6675,6,0,6,675931,513,125221,1035,0.0040631732353313904,0.6686046511627907
6627,0.6676,1,0,1,675931,513,125222,1034,0.0040631732353313904,0.6683904330963154
6628,0.6677,1,1,1,675932,512,125223,1033,0.004055252819667976,0.6686084142394823
6629,0.6679,1,1,1,675933,511,125224,1032,0.004047332404004562,0.6688269604666235
6630,0.668,1,0,1,675933,511,125225,1031,0.004047332404004562,0.6686121919584954
6631,0.6681,0,2,0,675935,509,125225,1031,0.004031491572677734,0.6694805194805195
6632,0.6682,2,2,2,675937,507,125227,1029,0.004015650741350906,0.669921875
6633,0.6683,1,1,1,675938,506,125228,1028,0.004007730325687492,0.6701434159061278
6634,0.6684,2,1,2,675939,505,125230,1026,0.003999809910024078,0.6701502286087524
6635,0.6685,2,0,2,675939,505,125232,1024,0.003999809910024078,0.6697187704381949
6636,0.6686,2,0,2,675939,505,125234,1022,0.003999809910024078,0.6692861820563196
6637,0.6687,1,0,1,675939,505,125235,1021,0.003999809910024078,0.6690694626474443
6638,0.6688,2,1,2,675940,504,125237,1019,0.003991889494360664,0.6690741956664478
6639,0.6689,0,2,0,675942,502,125237,1019,0.003976048663033836,0.6699539776462854
6640,0.669,2,1,2,675943,501,125239,1017,0.003968128247370422,0.6699604743083004
6641,0.6691,3,1,3,675944,500,125242,1014,0.003960207831707008,0.6697490092470277
6642,0.6692,3,0,3,675944,500,125245,1011,0.003960207831707008,0.6690933156849769
6643,0.6693,2,0,2,675944,500,125247,1009,0.003960207831707008,0.6686547382372432
6644,0.6694,3,0,3,675944,500,125250,1006,0.003960207831707008,0.6679946879150066
6645,0.6696,0,1,0,675945,499,125250,1006,0.003952287416043594,0.6684385382059801
6646,0.6697,2,0,2,675945,499,125252,1004,0.003952287416043594,0.6679973386560213
6647,0.6698,1,0,1,675945,499,125253,1003,0.003952287416043594,0.6677762982689747
6648,0.6699,1,0,1,675945,499,125254,1002,0.003952287416043594,0.6675549633577615
6649,0.6701,3,0,3,675945,499,125257,999,0.003952287416043594,0.6668891855807744
6650,0.6702,2,2,2,675947,497,125259,997,0.003936446584716766,0.6673360107095047
6651,0.6703,1,1,1,675948,496,125260,996,0.003928526169053352,0.6675603217158177
6652,0.6704,4,3,4,675951,493,125264,992,0.0039047649220631097,0.6680134680134681
6653,0.6705,1,2,1,675953,491,125265,991,0.003888924090736282,0.6686909581646424
6654,0.6706,3,1,3,675954,490,125268,988,0.003881003675072868,0.6684709066305818
6655,0.6707,2,0,2,675954,490,125270,986,0.003881003675072868,0.6680216802168022
6656,0.6708,1,0,1,675954,490,125271,985,0.003881003675072868,0.6677966101694915
6657,0.6709,0,2,0,675956,488,125271,985,0.0038651628437460397,0.6687033265444671
6658,0.671,2,1,2,675957,487,125273,983,0.0038572424280826256,0.6687074829931973
6659,0.6711,1,2,1,675959,485,125274,982,0.003841401596755798,0.6693933197000682
6660,0.6712,3,1,3,675960,484,125277,979,0.003833481181092384,0.6691729323308271
6661,0.6713,1,1,1,675961,483,125278,978,0.0038255607654289698,0.6694045174537988
6662,0.6714,3,0,3,675961,483,125281,975,0.0038255607654289698,0.668724279835391
6663,0.6715,4,0,4,675961,483,125285,971,0.0038255607654289698,0.6678129298486932
6664,0.6716,2,1,2,675962,482,125287,969,0.0038176403497655557,0.667815299793246
6665,0.6717,1,2,1,675964,480,125288,968,0.0038017995184387275,0.6685082872928176
6666,0.6718,4,1,4,675965,479,125292,964,0.0037938791027753134,0.668052668052668
6667,0.6719,1,1,1,675966,478,125293,963,0.0037859586871119,0.6682859125607217
6668,0.672,0,2,0,675968,476,125293,963,0.0037701178557850716,0.6692147324530924
6669,0.6721,0,1,0,675969,475,125293,963,0.0037621974401216575,0.6696801112656467
6670,0.6722,5,1,5,675970,474,125298,958,0.0037542770244582435,0.6689944134078212
6671,0.6723,1,2,1,675972,472,125299,957,0.0037384361931314157,0.6696990902729181
6672,0.6724,2,2,2,675974,470,125301,955,0.0037225953618045876,0.6701754385964912
6673,0.6725,1,2,1,675976,468,125302,954,0.0037067545304777594,0.6708860759493671
6674,0.6726,1,1,1,675977,467,125303,953,0.0036988341148143453,0.6711267605633803
6675,0.6727,2,0,2,675977,467,125305,951,0.0036988341148143453,0.6706629055007052
6676,0.6728,1,1,1,675978,466,125306,950,0.0036909136991509313,0.6709039548022598
6677,0.6729,7,0,7,675978,466,125313,943,0.0036909136991509313,0.6692689850958127
6678,0.673,2,1,2,675979,465,125315,941,0.0036829932834875176,0.6692745376955903
6679,0.6731,2,1,2,675980,464,125317,939,0.0036750728678241035,0.66928011404134
6680,0.6733,1,3,1,675983,461,125318,938,0.0036513116208338613,0.6704789135096497
6681,0.6734,4,0,4,675983,461,125322,934,0.0036513116208338613,0.6695340501792114
6682,0.6736,1,1,1,675984,460,125323,933,0.003643391205170447,0.6697774587221823
6683,0.6737,3,2,3,675986,458,125326,930,0.0036275503738436195,0.670028818443804
6684,0.6738,1,1,1,675987,457,125327,929,0.0036196299581802054,0.6702741702741702
6685,0.674,2,1,2,675988,456,125329,927,0.0036117095425167913,0.6702819956616052
6686,0.6741,2,0,2,675988,456,125331,925,0.0036117095425167913,0.6698044895003621
6687,0.6742,3,0,3,675988,456,125334,922,0.0036117095425167913,0.6690856313497823
6688,0.6743,1,0,1,675988,456,125335,921,0.0036117095425167913,0.6688453159041394
6689,0.6744,4,1,4,675989,455,125339,917,0.0036037891268533772,0.6683673469387755
6690,0.6745,2,1,2,675990,454,125341,915,0.003595868711189963,0.6683710737764792
6691,0.6746,4,1,4,675991,453,125345,911,0.003587948295526549,0.6678885630498533
6692,0.6747,1,1,1,675992,452,125346,910,0.0035800278798631354,0.6681350954478708
6693,0.6748,1,0,1,675992,452,125347,909,0.0035800278798631354,0.6678912564290963
6694,0.6749,3,2,3,675994,450,125350,906,0.0035641870485363073,0.668141592920354
6695,0.675,1,0,1,675994,450,125351,905,0.0035641870485363073,0.6678966789667896
6696,0.6751,0,1,0,675995,449,125351,905,0.003556266632872893,0.6683899556868538
6697,0.6752,0,2,0,675997,447,125351,905,0.003540425801546065,0.6693786982248521
6698,0.6754,0,2,0,675999,445,125351,905,0.0035245849702192373,0.6703703703703704
6699,0.6755,3,0,3,675999,445,125354,902,0.0035245849702192373,0.6696362286562731
6700,0.6756,2,0,2,675999,445,125356,900,0.0035245849702192373,0.6691449814126395
6701,0.6757,1,0,1,675999,445,125357,899,0.0035245849702192373,0.6688988095238095
6702,0.6758,1,0,1,675999,445,125358,898,0.0035245849702192373,0.6686522710349962
6703,0.6759,0,1,0,676000,444,125358,898,0.003516664554555823,0.669150521609538
6704,0.676,3,2,3,676002,442,125361,895,0.003500823723228995,0.6694091249065071
6705,0.6761,1,0,1,676002,442,125362,894,0.003500823723228995,0.6691616766467066
6706,0.6762,3,2,3,676004,440,125365,891,0.003484982891902167,0.6694214876033058
6707,0.6763,1,0,1,676004,440,125366,890,0.003484982891902167,0.6691729323308271
6708,0.6764,2,0,2,676004,440,125368,888,0.003484982891902167,0.6686746987951807
6709,0.6765,1,0,1,676004,440,125369,887,0.003484982891902167,0.6684250188394876
6710,0.6766,2,1,2,676005,439,125371,885,0.003477062476238753,0.668429003021148
6711,0.6767,3,1,3,676006,438,125374,882,0.003469142060575339,0.6681818181818182
6712,0.6768,0,3,0,676009,435,125374,882,0.003445380813585097,0.6697038724373576
6713,0.6769,2,1,2,676010,434,125376,880,0.003437460397921683,0.669710806697108
6714,0.677,1,1,1,676011,433,125377,879,0.0034295399822582688,0.6699695121951219
6715,0.6771,3,0,3,676011,433,125380,876,0.0034295399822582688,0.6692131398013751
6716,0.6773,2,1,2,676012,432,125382,874,0.003421619566594855,0.669218989280245
6717,0.6774,3,2,3,676014,430,125385,871,0.003405778735268027,0.6694850115295926
6718,0.6775,3,1,3,676015,429,125388,868,0.003397858319604613,0.669236700077101
6719,0.6776,2,0,2,676015,429,125390,866,0.003397858319604613,0.6687258687258687
6720,0.6777,0,2,0,676017,427,125390,866,0.0033820174882777847,0.6697602474864656
6721,0.6778,1,0,1,676017,427,125391,865,0.0033820174882777847,0.6695046439628483
6722,0.6779,2,2,2,676019,425,125393,863,0.003366176656950957,0.6700310559006211
6723,0.6781,1,1,1,676020,424,125394,862,0.003358256241287543,0.6702954898911353
6724,0.6782,4,2,4,676022,422,125398,858,0.0033424154099607147,0.6703125
6725,0.6783,0,1,0,676023,421,125398,858,0.0033344949942973007,0.6708365910867865
6726,0.6784,1,1,1,676024,420,125399,857,0.0033265745786338866,0.6711041503523885
6727,0.6785,1,0,1,676024,420,125400,856,0.0033265745786338866,0.670846394984326
6728,0.6786,2,0,2,676024,420,125402,854,0.0033265745786338866,0.6703296703296703
6729,0.6788,2,1,2,676025,419,125404,852,0.0033186541629704725,0.6703383162863886
6730,0.6789,2,1,2,676026,418,125406,850,0.003310733747307059,0.6703470031545742
6731,0.679,4,0,4,676026,418,125410,846,0.003310733747307059,0.6693037974683544
6732,0.6791,1,2,1,676028,416,125411,845,0.0032948929159802307,0.6701030927835051
6733,0.6792,1,0,1,676028,416,125412,844,0.0032948929159802307,0.6698412698412698
6734,0.6793,1,0,1,676028,416,125413,843,0.0032948929159802307,0.6695790309769658
6735,0.6794,3,2,3,676030,414,125416,840,0.0032790520846534025,0.6698564593301436
6736,0.6795,1,3,1,676033,411,125417,839,0.0032552908376631607,0.6712
6737,0.6796,2,2,2,676035,409,125419,837,0.0032394500063363326,0.6717495987158909
6738,0.6797,1,1,1,676036,408,125420,836,0.0032315295906729185,0.6720257234726688
6739,0.6798,1,4,1,676040,404,125421,835,0.0031998479280192626,0.6739305891848265
6740,0.6799,2,0,2,676040,404,125423,833,0.0031998479280192626,0.6734033953112368
6741,0.68,2,0,2,676040,404,125425,831,0.0031998479280192626,0.6728744939271255
6742,0.6801,0,1,0,676041,403,125425,831,0.0031919275123558485,0.673419773095624
6743,0.6803,2,1,2,676042,402,125427,829,0.0031840070966924344,0.6734362307067425
6744,0.6804,2,2,2,676044,400,125429,827,0.0031681662653656063,0.6740016299918501
6745,0.6805,0,1,0,676045,399,125429,827,0.003160245849702192,0.6745513866231647
6746,0.6806,1,0,1,676045,399,125430,826,0.003160245849702192,0.6742857142857143
6747,0.6807,3,1,3,676046,398,125433,823,0.0031523254340387785,0.674037674037674
6748,0.6808,1,1,1,676047,397,125434,822,0.0031444050183753645,0.6743232157506153
6749,0.6809,2,2,2,676049,395,125436,820,0.0031285641870485363,0.6748971193415638
6750,0.681,1,1,1,676050,394,125437,819,0.003120643771385122,0.6751854905193735
6751,0.6811,3,0,3,676050,394,125440,816,0.003120643771385122,0.6743801652892562
6752,0.6812,0,1,0,676051,393,125440,816,0.003112723355721708,0.674937965260546
6753,0.6813,0,2,0,676053,391,125440,816,0.0030968825243948804,0.676056338028169
6754,0.6814,1,0,1,676053,391,125441,815,0.0030968825243948804,0.675787728026534
6755,0.6815,5,1,5,676054,390,125446,810,0.0030889621087314663,0.675
6756,0.6816,1,1,1,676055,389,125447,809,0.0030810416930680522,0.6752921535893155
6757,0.6817,3,0,3,676055,389,125450,806,0.0030810416930680522,0.6744769874476988
6758,0.6818,6,1,6,676056,388,125456,800,0.003073121277404638,0.6734006734006734
6759,0.6819,1,1,1,676057,387,125457,799,0.003065200861741224,0.6736930860033726
6760,0.682,2,1,2,676058,386,125459,797,0.00305728044607781,0.6737109044801353
6761,0.6821,2,1,2,676059,385,125461,795,0.0030493600304143964,0.673728813559322
6762,0.6822,1,1,1,676060,384,125462,794,0.0030414396147509823,0.6740237691001698
6763,0.6823,2,0,2,676060,384,125464,792,0.0030414396147509823,0.673469387755102
6764,0.6824,1,2,1,676062,382,125465,791,0.003025598783424154,0.6743393009377664
6765,0.6825,1,2,1,676064,380,125466,790,0.003009757952097326,0.6752136752136753
6766,0.6826,2,0,2,676064,380,125468,788,0.003009757952097326,0.6746575342465754
6767,0.6827,2,2,2,676066,378,125470,786,0.0029939171207704982,0.6752577319587629
6768,0.6828,1,1,1,676067,377,125471,785,0.002985996705107084,0.6755593803786575
6769,0.6829,1,0,1,676067,377,125472,784,0.002985996705107084,0.6752799310938846
6770,0.683,3,1,3,676068,376,125475,781,0.00297807628944367,0.6750216076058773
6771,0.6832,2,0,2,676068,376,125477,779,0.00297807628944367,0.6744588744588744
6772,0.6833,3,1,3,676069,375,125480,776,0.002970155873780256,0.6741963509991312
6773,0.6834,0,2,0,676071,373,125480,776,0.002954315042453428,0.6753698868581375
6774,0.6835,0,2,0,676073,371,125480,776,0.0029384742111266,0.6765475152571927
6775,0.6836,1,0,1,676073,371,125481,775,0.0029384742111266,0.6762652705061082
6776,0.6837,1,2,1,676075,369,125482,774,0.002922633379799772,0.6771653543307087
6777,0.6838,1,1,1,676076,368,125483,773,0.002914712964136358,0.677475898334794
6778,0.684,3,2,3,676078,366,125486,770,0.0028988721328095297,0.6778169014084507
6779,0.6841,1,0,1,676078,366,125487,769,0.0028988721328095297,0.677533039647577
6780,0.6842,0,3,0,676081,363,125487,769,0.002875110885819288,0.6793286219081273
6781,0.6843,2,0,2,676081,363,125489,767,0.002875110885819288,0.6787610619469027
6782,0.6845,2,0,2,676081,363,125491,765,0.002875110885819288,0.6781914893617021
6783,0.6846,2,0,2,676081,363,125493,763,0.002875110885819288,0.677619893428064
6784,0.6848,1,2,1,676083,361,125494,762,0.0028592700544924597,0.678539626001781
6785,0.6849,1,0,1,676083,361,125495,761,0.0028592700544924597,0.67825311942959
6786,0.685,1,1,1,676084,360,125496,760,0.0028513496388290456,0.6785714285714286
6787,0.6851,3,2,3,676086,358,125499,757,0.002835508807502218,0.6789237668161435
6788,0.6852,2,0,2,676086,358,125501,755,0.002835508807502218,0.6783468104222821
6789,0.6853,2,1,2,676087,357,125503,753,0.002827588391838804,0.6783783783783783
6790,0.6854,3,0,3,676087,357,125506,750,0.002827588391838804,0.6775067750677507
6791,0.6855,2,2,2,676089,355,125508,748,0.0028117475605119757,0.6781504986400725
6792,0.6856,2,1,2,676090,354,125510,746,0.0028038271448485616,0.6781818181818182
6793,0.6857,2,1,2,676091,353,125512,744,0.0027959067291851475,0.6782133090246126
6794,0.6858,1,1,1,676092,352,125513,743,0.0027879863135217334,0.6785388127853881
6795,0.686,2,2,2,676094,350,125515,741,0.0027721454821949057,0.6791934005499541
6796,0.6861,0,2,0,676096,348,125515,741,0.0027563046508680775,0.6804407713498623
6797,0.6862,3,1,3,676097,347,125518,738,0.0027483842352046635,0.680184331797235
6798,0.6863,4,2,4,676099,345,125522,734,0.0027325434038778353,0.680259499536608
6799,0.6864,1,1,1,676100,344,125523,733,0.0027246229882144216,0.680594243268338
6800,0.6865,4,1,4,676101,343,125527,729,0.0027167025725510076,0.6800373134328358
6801,0.6866,1,1,1,676102,342,125528,728,0.0027087821568875935,0.680373831775701
6802,0.6867,1,1,1,676103,341,125529,727,0.0027008617412241794,0.6807116104868914
6803,0.6868,3,0,3,676103,341,125532,724,0.0027008617412241794,0.67981220657277
6804,0.6869,4,1,4,676104,340,125536,720,0.0026929413255607653,0.6792452830188679
6805,0.687,1,0,1,676104,340,125537,719,0.0026929413255607653,0.6789423984891407
6806,0.6873,4,1,4,676105,339,125541,715,0.0026850209098973512,0.6783681214421252
6807,0.6874,1,0,1,676105,339,125542,714,0.0026850209098973512,0.6780626780626781
6808,0.6876,4,0,4,676105,339,125546,710,0.0026850209098973512,0.6768350810295519
6809,0.6877,3,1,3,676106,338,125549,707,0.0026771004942339376,0.676555023923445
6810,0.6878,1,0,1,676106,338,125550,706,0.0026771004942339376,0.6762452107279694
6811,0.6879,3,0,3,676106,338,125553,703,0.0026771004942339376,0.675312199807877
6812,0.688,1,0,1,676106,338,125554,702,0.0026771004942339376,0.675
6813,0.6881,1,2,1,676108,336,125555,701,0.0026612596629071094,0.6759884281581485
6814,0.6882,3,1,3,676109,335,125558,698,0.0026533392472436954,0.675701839303001
6815,0.6883,0,1,0,676110,334,125558,698,0.0026454188315802813,0.6763565891472868
6816,0.6884,1,2,1,676112,332,125559,697,0.002629578000253453,0.6773566569484937
6817,0.6885,2,0,2,676112,332,125561,695,0.002629578000253453,0.676728334956183
6818,0.6886,2,2,2,676114,330,125563,693,0.0026137371689266254,0.6774193548387096
6819,0.6887,1,0,1,676114,330,125564,692,0.0026137371689266254,0.6771037181996086
6820,0.6888,1,1,1,676115,329,125565,691,0.0026058167532632113,0.6774509803921569
6821,0.6889,1,0,1,676115,329,125566,690,0.0026058167532632113,0.677134445534838
6822,0.689,1,0,1,676115,329,125567,689,0.0026058167532632113,0.6768172888015717
6823,0.6891,4,0,4,676115,329,125571,685,0.0026058167532632113,0.6755424063116371
6824,0.6892,3,0,3,676115,329,125574,682,0.0026058167532632113,0.6745796241345203
6825,0.6893,4,1,4,676116,328,125578,678,0.0025978963375997972,0.6739562624254473
6826,0.6894,2,1,2,676117,327,125580,676,0.002589975921936383,0.6739780658025922
6827,0.6895,1,0,1,676117,327,125581,675,0.002589975921936383,0.6736526946107785
6828,0.6897,2,0,2,676117,327,125583,673,0.002589975921936383,0.673
6829,0.6898,3,0,3,676117,327,125586,670,0.002589975921936383,0.6720160481444333
6830,0.6899,1,0,1,676117,327,125587,669,0.002589975921936383,0.6716867469879518
6831,0.69,1,3,1,676120,324,125588,668,0.0025662146749461413,0.6733870967741935
6832,0.6901,3,0,3,676120,324,125591,665,0.0025662146749461413,0.6723963599595552
6833,0.6902,0,1,0,676121,323,125591,665,0.0025582942592827273,0.6730769230769231
6834,0.6903,1,0,1,676121,323,125592,664,0.0025582942592827273,0.6727456940222898
6835,0.6904,0,1,0,676122,322,125592,664,0.002550373843619313,0.6734279918864098
6836,0.6905,1,1,1,676123,321,125593,663,0.002542453427955899,0.6737804878048781
6837,0.6906,1,0,1,676123,321,125594,662,0.002542453427955899,0.6734486266531028
6838,0.6907,1,0,1,676123,321,125595,661,0.002542453427955899,0.6731160896130346
6839,0.6909,2,0,2,676123,321,125597,659,0.002542453427955899,0.6724489795918367
6840,0.6911,5,0,5,676123,321,125602,654,0.002542453427955899,0.6707692307692308
6841,0.6912,1,2,1,676125,319,125603,653,0.002526612596629071,0.6718106995884774
6842,0.6913,2,0,2,676125,319,125605,651,0.002526612596629071,0.6711340206185566
6843,0.6914,1,1,1,676126,318,125606,650,0.0025186921809656573,0.6714876033057852
6844,0.6917,1,2,1,676128,316,125607,649,0.002502851349638829,0.672538860103627
6845,0.6919,1,0,1,676128,316,125608,648,0.002502851349638829,0.6721991701244814
6846,0.692,2,1,2,676129,315,125610,646,0.002494930933975415,0.6722164412070759
6847,0.6921,3,1,3,676130,314,125613,643,0.002487010518312001,0.6718913270637409
6848,0.6922,2,1,2,676131,313,125615,641,0.002479090102648587,0.6719077568134172
6849,0.6923,2,0,2,676131,313,125617,639,0.002479090102648587,0.6712184873949579
6850,0.6924,1,2,1,676133,311,125618,638,0.002463249271321759,0.672286617492097
6851,0.6926,1,0,1,676133,311,125619,637,0.002463249271321759,0.6719409282700421
6852,0.6927,1,0,1,676133,311,125620,636,0.002463249271321759,0.6715945089757128
6853,0.693,0,2,0,676135,309,125620,636,0.002447408439994931,0.6730158730158731
6854,0.6931,1,0,1,676135,309,125621,635,0.002447408439994931,0.6726694915254238
6855,0.6932,2,0,2,676135,309,125623,633,0.002447408439994931,0.6719745222929936
6856,0.6933,1,3,1,676138,306,125624,632,0.0024236471930046887,0.673773987206823
6857,0.6934,2,1,2,676139,305,125626,630,0.0024157267773412747,0.6737967914438503
6858,0.6935,0,1,0,676140,304,125626,630,0.002407806361677861,0.6745182012847966
6859,0.6936,2,1,2,676141,303,125628,628,0.002399885946014447,0.6745435016111708
6860,0.6939,2,1,2,676142,302,125630,626,0.002391965530351033,0.6745689655172413
6861,0.6941,0,2,0,676144,300,125630,626,0.0023761246990242047,0.6760259179265659
6862,0.6942,1,1,1,676145,299,125631,625,0.0023682042833607906,0.6764069264069265
6863,0.6943,2,0,2,676145,299,125633,623,0.0023682042833607906,0.675704989154013
6864,0.6945,1,0,1,676145,299,125634,622,0.0023682042833607906,0.6753528773072747
6865,0.6946,0,1,0,676146,298,125634,622,0.002360283867697377,0.6760869565217391
6866,0.6948,0,1,0,676147,297,125634,622,0.002352363452033963,0.676822633297062
6867,0.6949,1,0,1,676147,297,125635,621,0.002352363452033963,0.6764705882352942
6868,0.695,0,2,0,676149,295,125635,621,0.0023365226207071347,0.6779475982532751
6869,0.6951,1,0,1,676149,295,125636,620,0.0023365226207071347,0.6775956284153005
6870,0.6953,1,0,1,676149,295,125637,619,0.0023365226207071347,0.6772428884026258
6871,0.6956,2,0,2,676149,295,125639,617,0.0023365226207071347,0.6765350877192983
6872,0.6957,1,0,1,676149,295,125640,616,0.0023365226207071347,0.6761800219538968
6873,0.6958,0,2,0,676151,293,125640,616,0.0023206817893803066,0.6776677667766776
6874,0.6959,0,1,0,676152,292,125640,616,0.0023127613737168925,0.6784140969162996
6875,0.6961,1,0,1,676152,292,125641,615,0.0023127613737168925,0.6780595369349504
6876,0.6963,0,1,0,676153,291,125641,615,0.002304840958053479,0.6788079470198676
6877,0.6964,0,1,0,676154,290,125641,615,0.0022969205423900648,0.6795580110497238
6878,0.6965,0,3,0,676157,287,125641,615,0.0022731592953998225,0.6818181818181818
6879,0.6966,1,0,1,676157,287,125642,614,0.0022731592953998225,0.681465038845727
6880,0.6968,2,2,2,676159,285,125644,612,0.0022573184640729944,0.6822742474916388
6881,0.6969,2,0,2,676159,285,125646,610,0.0022573184640729944,0.6815642458100558
6882,0.697,1,1,1,676160,284,125647,609,0.0022493980484095807,0.6819708846584547
6883,0.6971,3,0,3,676160,284,125650,606,0.0022493980484095807,0.6808988764044944
6884,0.6972,1,2,1,676162,282,125651,605,0.0022335572170827525,0.6820744081172492
6885,0.6973,2,0,2,676162,282,125653,603,0.0022335572170827525,0.6813559322033899
6886,0.6974,3,0,3,676162,282,125656,600,0.0022335572170827525,0.6802721088435374
6887,0.6975,0,1,0,676163,281,125656,600,0.0022256368014193385,0.681044267877412
6888,0.6976,1,0,1,676163,281,125657,599,0.0022256368014193385,0.6806818181818182
6889,0.6977,0,1,0,676164,280,125657,599,0.0022177163857559244,0.6814562002275313
6890,0.6978,1,1,1,676165,279,125658,598,0.0022097959700925103,0.6818700114025086
6891,0.6979,2,0,2,676165,279,125660,596,0.0022097959700925103,0.6811428571428572
6892,0.698,2,0,2,676165,279,125662,594,0.0022097959700925103,0.6804123711340206
6893,0.6981,1,0,1,676165,279,125663,593,0.0022097959700925103,0.680045871559633
6894,0.6982,1,0,1,676165,279,125664,592,0.0022097959700925103,0.6796785304247991
6895,0.6983,2,1,2,676166,278,125666,590,0.0022018755544290962,0.6797235023041475
6896,0.6985,2,1,2,676167,277,125668,588,0.0021939551387656826,0.6797687861271676
6897,0.6987,1,0,1,676167,277,125669,587,0.0021939551387656826,0.6793981481481481
6898,0.6989,0,1,0,676168,276,125669,587,0.0021860347231022685,0.6801853997682503
6899,0.6991,1,1,1,676169,275,125670,586,0.0021781143074388544,0.6806039488966318
6900,0.6992,1,0,1,676169,275,125671,585,0.0021781143074388544,0.6802325581395349
6901,0.6993,1,0,1,676169,275,125672,584,0.0021781143074388544,0.6798603026775321
6902,0.6995,3,0,3,676169,275,125675,581,0.0021781143074388544,0.6787383177570093
6903,0.6996,2,1,2,676170,274,125677,579,0.0021701938917754403,0.6787807737397421
6904,0.6997,1,1,1,676171,273,125678,578,0.0021622734761120263,0.6792009400705052
6905,0.6998,2,2,2,676173,271,125680,576,0.0021464326447851985,0.680047225501771
6906,0.6999,2,0,2,676173,271,125682,574,0.0021464326447851985,0.6792899408284023
6907,0.7,2,0,2,676173,271,125684,572,0.0021464326447851985,0.6785290628706999
6908,0.7001,1,1,1,676174,270,125685,571,0.0021385122291217844,0.6789536266349584
6909,0.7002,1,0,1,676174,270,125686,570,0.0021385122291217844,0.6785714285714286
6910,0.7003,1,0,1,676174,270,125687,569,0.0021385122291217844,0.6781883194278904
6911,0.7004,1,1,1,676175,269,125688,568,0.0021305918134583704,0.6786140979689367
6912,0.7005,0,2,0,676177,267,125688,568,0.002114750982131542,0.6802395209580838
6913,0.7006,2,0,2,676177,267,125690,566,0.002114750982131542,0.6794717887154862
6914,0.7007,4,0,4,676177,267,125694,562,0.002114750982131542,0.6779252110977081
6915,0.7008,0,2,0,676179,265,125694,562,0.002098910150804714,0.6795646916565901
6916,0.7009,3,1,3,676180,264,125697,559,0.0020909897351413004,0.6792223572296476
6917,0.701,1,0,1,676180,264,125698,558,0.0020909897351413004,0.6788321167883211
6918,0.7011,1,1,1,676181,263,125699,557,0.0020830693194778863,0.6792682926829269
6919,0.7012,2,0,2,676181,263,125701,555,0.0020830693194778863,0.6784841075794621
6920,0.7013,2,1,2,676182,262,125703,553,0.0020751489038144722,0.6785276073619632
6921,0.7014,1,0,1,676182,262,125704,552,0.0020751489038144722,0.6781326781326781
6922,0.7016,1,0,1,676182,262,125705,551,0.0020751489038144722,0.6777367773677737
6923,0.7017,2,0,2,676182,262,125707,549,0.0020751489038144722,0.6769420468557337
6924,0.7018,0,1,0,676183,261,125707,549,0.002067228488151058,0.6777777777777778
6925,0.702,1,0,1,676183,261,125708,548,0.002067228488151058,0.6773794808405439
6926,0.7021,2,0,2,676183,261,125710,546,0.002067228488151058,0.6765799256505576
6927,0.7022,3,2,3,676185,259,125713,543,0.00205138765682423,0.6770573566084788
6928,0.7023,1,1,1,676186,258,125714,542,0.002043467241160816,0.6775
6929,0.7024,1,0,1,676186,258,125715,541,0.002043467241160816,0.6770963704630788
6930,0.7026,1,2,1,676188,256,125716,540,0.002027626409833988,0.678391959798995
6931,0.7027,0,2,0,676190,254,125716,540,0.00201178557850716,0.6801007556675063
6932,0.7029,1,2,1,676192,252,125717,539,0.001995944747180332,0.6814159292035398
6933,0.703,2,1,2,676193,251,125719,537,0.001988024331516918,0.6814720812182741
6934,0.7031,1,1,1,676194,250,125720,536,0.001980103915853504,0.6819338422391857
6935,0.7032,0,1,0,676195,249,125720,536,0.00197218350019009,0.6828025477707006
6936,0.7033,2,0,2,676195,249,125722,534,0.00197218350019009,0.6819923371647509
6937,0.7034,0,2,0,676197,247,125722,534,0.001956342668863262,0.6837387964148528
6938,0.7035,0,1,0,676198,246,125722,534,0.001948422253199848,0.6846153846153846
6939,0.7037,0,2,0,676200,244,125722,534,0.0019325814218730199,0.6863753213367609
6940,0.7038,0,1,0,676201,243,125722,534,0.0019246610062096058,0.6872586872586872
6941,0.7039,2,2,2,676203,241,125724,532,0.0019088201748827778,0.6882276843467011
6942,0.7041,0,1,0,676204,240,125724,532,0.0019008997592193638,0.689119170984456
6943,0.7044,2,0,2,676204,240,125726,530,0.0019008997592193638,0.6883116883116883
6944,0.7045,2,0,2,676204,240,125728,528,0.0019008997592193638,0.6875
6945,0.7046,0,2,0,676206,238,125728,528,0.0018850589278925358,0.6892950391644909
6946,0.7047,0,1,0,676207,237,125728,528,0.0018771385122291217,0.6901960784313725
6947,0.7048,2,1,2,676208,236,125730,526,0.0018692180965657079,0.6902887139107612
6948,0.7049,2,0,2,676208,236,125732,524,0.0018692180965657079,0.6894736842105263
6949,0.705,1,1,1,676209,235,125733,523,0.0018612976809022938,0.6899736147757256
6950,0.7051,1,0,1,676209,235,125734,522,0.0018612976809022938,0.6895640686922061
6951,0.7052,1,1,1,676210,234,125735,521,0.0018533772652388797,0.6900662251655629
6952,0.7053,1,0,1,676210,234,125736,520,0.0018533772652388797,0.6896551724137931
6953,0.7054,2,0,2,676210,234,125738,518,0.0018533772652388797,0.6888297872340425
6954,0.7055,3,1,3,676211,233,125741,515,0.0018454568495754656,0.6885026737967914
6955,0.7056,1,0,1,676211,233,125742,514,0.0018454568495754656,0.6880856760374833
6956,0.7057,1,0,1,676211,233,125743,513,0.0018454568495754656,0.6876675603217158
6957,0.7058,1,1,1,676212,232,125744,512,0.0018375364339120518,0.6881720430107527
6958,0.706,3,1,3,676213,231,125747,509,0.0018296160182486377,0.6878378378378378
6959,0.7061,1,0,1,676213,231,125748,508,0.0018296160182486377,0.6874154262516915
6960,0.7062,1,0,1,676213,231,125749,507,0.0018296160182486377,0.6869918699186992
6961,0.7063,1,0,1,676213,231,125750,506,0.0018296160182486377,0.6865671641791045
6962,0.7064,1,0,1,676213,231,125751,505,0.0018296160182486377,0.686141304347826
6963,0.7066,1,0,1,676213,231,125752,504,0.0018296160182486377,0.6857142857142857
6964,0.7067,1,0,1,676213,231,125753,503,0.0018296160182486377,0.6852861035422343
6965,0.7069,2,0,2,676213,231,125755,501,0.0018296160182486377,0.6844262295081968
6966,0.707,0,1,0,676214,230,125755,501,0.0018216956025852236,0.6853625170998632
6967,0.7071,2,0,2,676214,230,125757,499,0.0018216956025852236,0.6844993141289437
6968,0.7072,3,0,3,676214,230,125760,496,0.0018216956025852236,0.6831955922865014
6969,0.7074,4,1,4,676215,229,125764,492,0.0018137751869218097,0.6823855755894591
6970,0.7075,2,2,2,676217,227,125766,490,0.0017979343555949816,0.6834030683403068
6971,0.7077,3,0,3,676217,227,125769,487,0.0017979343555949816,0.6820728291316527
6972,0.7078,2,0,2,676217,227,125771,485,0.0017979343555949816,0.6811797752808989
6973,0.7079,1,0,1,676217,227,125772,484,0.0017979343555949816,0.680731364275668
6974,0.708,1,1,1,676218,226,125773,483,0.0017900139399315677,0.6812411847672779
6975,0.7082,1,1,1,676219,225,125774,482,0.0017820935242681536,0.6817538896746818
6976,0.7083,2,0,2,676219,225,125776,480,0.0017820935242681536,0.6808510638297872
6977,0.7085,0,1,0,676220,224,125776,480,0.0017741731086047396,0.6818181818181818
6978,0.7086,2,0,2,676220,224,125778,478,0.0017741731086047396,0.6809116809116809
6979,0.7087,1,0,1,676220,224,125779,477,0.0017741731086047396,0.6804564907275321
6980,0.7088,2,2,2,676222,222,125781,475,0.0017583322772779116,0.6814921090387375
6981,0.7093,0,1,0,676223,221,125781,475,0.0017504118616144975,0.6824712643678161
6982,0.7094,2,1,2,676224,220,125783,473,0.0017424914459510834,0.6825396825396826
6983,0.7095,1,0,1,676224,220,125784,472,0.0017424914459510834,0.6820809248554913
6984,0.7096,1,2,1,676226,218,125785,471,0.0017266506146242555,0.683599419448476
6985,0.7097,0,1,0,676227,217,125785,471,0.0017187301989608414,0.684593023255814
6986,0.7099,1,0,1,676227,217,125786,470,0.0017187301989608414,0.6841339155749636
6987,0.71,1,2,1,676229,215,125787,469,0.0017028893676340135,0.685672514619883
6988,0.7101,1,0,1,676229,215,125788,468,0.0017028893676340135,0.6852122986822841
6989,0.7102,1,1,1,676230,214,125789,467,0.0016949689519705994,0.6857562408223201
6990,0.7103,1,0,1,676230,214,125790,466,0.0016949689519705994,0.6852941176470588
6991,0.7104,1,0,1,676230,214,125791,465,0.0016949689519705994,0.6848306332842415
6992,0.7105,1,1,1,676231,213,125792,464,0.0016870485363071853,0.6853766617429837
6993,0.7106,1,0,1,676231,213,125793,463,0.0016870485363071853,0.6849112426035503
6994,0.7107,2,0,2,676231,213,125795,461,0.0016870485363071853,0.6839762611275965
6995,0.7109,1,0,1,676231,213,125796,460,0.0016870485363071853,0.6835066864784547
6996,0.711,1,0,1,676231,213,125797,459,0.0016870485363071853,0.6830357142857143
6997,0.7112,1,2,1,676233,211,125798,458,0.0016712077049803574,0.6846038863976084
6998,0.7113,2,1,2,676234,210,125800,456,0.0016632872893169433,0.6846846846846847
6999,0.7114,2,0,2,676234,210,125802,454,0.0016632872893169433,0.6837349397590361
7000,0.7115,3,0,3,676234,210,125805,451,0.0016632872893169433,0.6822995461422088
7001,0.7117,0,1,0,676235,209,125805,451,0.0016553668736535294,0.6833333333333333
7002,0.7118,1,0,1,676235,209,125806,450,0.0016553668736535294,0.6828528072837633
7003,0.712,1,1,1,676236,208,125807,449,0.0016474464579901153,0.6834094368340944
7004,0.7121,2,1,2,676237,207,125809,447,0.0016395260423267013,0.6834862385321101
7005,0.7122,1,0,1,676237,207,125810,446,0.0016395260423267013,0.6830015313935681
7006,0.7124,2,1,2,676238,206,125812,444,0.0016316056266632872,0.683076923076923
7007,0.7125,0,2,0,676240,204,125812,444,0.0016157647953364592,0.6851851851851852
7008,0.7129,1,0,1,676240,204,125813,443,0.0016157647953364592,0.6846986089644513
7009,0.7131,2,0,2,676240,204,125815,441,0.0016157647953364592,0.6837209302325581
7010,0.7134,2,0,2,676240,204,125817,439,0.0016157647953364592,0.6827371695178849
7011,0.7135,0,2,0,676242,202,125817,439,0.0015999239640096313,0.6848673946957878
7012,0.7138,1,2,1,676244,200,125818,438,0.0015840831326828031,0.6865203761755486
7013,0.7139,1,0,1,676244,200,125819,437,0.0015840831326828031,0.6860282574568289
7014,0.714,1,0,1,676244,200,125820,436,0.0015840831326828031,0.6855345911949685
7015,0.7141,2,1,2,676245,199,125822,434,0.0015761627170193893,0.6856240126382307
7016,0.7142,0,1,0,676246,198,125822,434,0.0015682423013559752,0.6867088607594937
7017,0.7143,2,2,2,676248,196,125824,432,0.001552401470029147,0.6878980891719745
7018,0.7144,1,0,1,676248,196,125825,431,0.001552401470029147,0.6874003189792663
7019,0.7145,0,1,0,676249,195,125825,431,0.0015444810543657332,0.6884984025559105
7020,0.7148,1,1,1,676250,194,125826,430,0.001536560638702319,0.6891025641025641
7021,0.7149,1,2,1,676252,192,125827,429,0.0015207198073754911,0.6908212560386473
7022,0.715,3,0,3,676252,192,125830,426,0.0015207198073754911,0.6893203883495146
7023,0.7153,1,0,1,676252,192,125831,425,0.0015207198073754911,0.6888168557536467
7024,0.7157,2,0,2,676252,192,125833,423,0.0015207198073754911,0.6878048780487804
7025,0.7161,1,3,1,676255,189,125834,422,0.0014969585603852491,0.690671031096563
7026,0.7162,1,0,1,676255,189,125835,421,0.0014969585603852491,0.6901639344262295
7027,0.7163,0,1,0,676256,188,125835,421,0.001489038144721835,0.6912972085385879
7028,0.7164,0,1,0,676257,187,125835,421,0.001481117729058421,0.6924342105263158
7029,0.7165,0,1,0,676258,186,125835,421,0.0014731973133950069,0.6935749588138386
7030,0.7166,2,0,2,676258,186,125837,419,0.0014731973133950069,0.6925619834710743
7031,0.7167,1,1,1,676259,185,125838,418,0.001465276897731593,0.693200663349917
7032,0.7169,3,0,3,676259,185,125841,415,0.001465276897731593,0.6916666666666667
7033,0.717,1,0,1,676259,185,125842,414,0.001465276897731593,0.6911519198664441
7034,0.7171,0,1,0,676260,184,125842,414,0.001457356482068179,0.6923076923076923
7035,0.7172,1,0,1,676260,184,125843,413,0.001457356482068179,0.6917922948073701
7036,0.7173,0,1,0,676261,183,125843,413,0.0014494360664047648,0.6929530201342282
7037,0.7174,2,0,2,676261,183,125845,411,0.0014494360664047648,0.6919191919191919
7038,0.7175,1,1,1,676262,182,125846,410,0.001441515650741351,0.6925675675675675
7039,0.718,0,1,0,676263,181,125846,410,0.001433595235077937,0.6937394247038917
7040,0.7182,1,0,1,676263,181,125847,409,0.001433595235077937,0.6932203389830508
7041,0.7183,0,1,0,676264,180,125847,409,0.0014256748194145228,0.6943972835314092
7042,0.7184,0,1,0,676265,179,125847,409,0.001417754403751109,0.6955782312925171
7043,0.7185,1,0,1,676265,179,125848,408,0.001417754403751109,0.6950596252129472
7044,0.7187,1,1,1,676266,178,125849,407,0.0014098339880876949,0.6957264957264957
7045,0.7189,1,0,1,676266,178,125850,406,0.0014098339880876949,0.6952054794520548
7046,0.7191,4,0,4,676266,178,125854,402,0.0014098339880876949,0.6931034482758621
7047,0.7192,2,0,2,676266,178,125856,400,0.0014098339880876949,0.6920415224913494
7048,0.7193,1,1,1,676267,177,125857,399,0.0014019135724242808,0.6927083333333334
7049,0.7194,0,1,0,676268,176,125857,399,0.0013939931567608667,0.6939130434782609
7050,0.7196,0,1,0,676269,175,125857,399,0.0013860727410974528,0.6951219512195121
7051,0.7197,1,0,1,676269,175,125858,398,0.0013860727410974528,0.6945898778359512
7052,0.7199,1,0,1,676269,175,125859,397,0.0013860727410974528,0.6940559440559441
7053,0.7201,2,0,2,676269,175,125861,395,0.0013860727410974528,0.6929824561403509
7054,0.7202,1,0,1,676269,175,125862,394,0.0013860727410974528,0.6924428822495606
7055,0.7203,1,0,1,676269,175,125863,393,0.0013860727410974528,0.6919014084507042
7056,0.7204,2,2,2,676271,173,125865,391,0.0013702319097706247,0.6932624113475178
7057,0.7205,1,0,1,676271,173,125866,390,0.0013702319097706247,0.6927175843694494
7058,0.7206,1,0,1,676271,173,125867,389,0.0013702319097706247,0.6921708185053381
7059,0.7207,1,0,1,676271,173,125868,388,0.0013702319097706247,0.6916221033868093
7060,0.7208,2,0,2,676271,173,125870,386,0.0013702319097706247,0.6905187835420393
7061,0.7209,0,1,0,676272,172,125870,386,0.0013623114941072108,0.6917562724014337
7062,0.7211,1,0,1,676272,172,125871,385,0.0013623114941072108,0.6912028725314183
7063,0.7212,1,0,1,676272,172,125872,384,0.0013623114941072108,0.6906474820143885
7064,0.7213,0,1,0,676273,171,125872,384,0.0013543910784437967,0.6918918918918919
7065,0.7214,1,0,1,676273,171,125873,383,0.0013543910784437967,0.6913357400722022
7066,0.7215,2,0,2,676273,171,125875,381,0.0013543910784437967,0.6902173913043478
7067,0.7216,1,0,1,676273,171,125876,380,0.0013543910784437967,0.6896551724137931
7068,0.7217,2,0,2,676273,171,125878,378,0.0013543910784437967,0.6885245901639344
7069,0.7218,1,0,1,676273,171,125879,377,0.0013543910784437967,0.6879562043795621
7070,0.7219,1,0,1,676273,171,125880,376,0.0013543910784437967,0.6873857404021938
7071,0.722,0,1,0,676274,170,125880,376,0.0013464706627803827,0.6886446886446886
7072,0.7221,1,0,1,676274,170,125881,375,0.0013464706627803827,0.6880733944954128
7073,0.7222,1,0,1,676274,170,125882,374,0.0013464706627803827,0.6875
7074,0.7224,2,0,2,676274,170,125884,372,0.0013464706627803827,0.6863468634686347
7075,0.7225,1,0,1,676274,170,125885,371,0.0013464706627803827,0.6857670979667283
7076,0.7226,1,0,1,676274,170,125886,370,0.0013464706627803827,0.6851851851851852
7077,0.7227,2,0,2,676274,170,125888,368,0.0013464706627803827,0.6840148698884758
7078,0.7228,1,0,1,676274,170,125889,367,0.0013464706627803827,0.6834264432029795
7079,0.7229,1,0,1,676274,170,125890,366,0.0013464706627803827,0.6828358208955224
7080,0.7231,0,1,0,676275,169,125890,366,0.0013385502471169688,0.6841121495327103
7081,0.7233,2,0,2,676275,169,125892,364,0.0013385502471169688,0.6829268292682927
7082,0.7235,3,0,3,676275,169,125895,361,0.0013385502471169688,0.6811320754716981
7083,0.7236,2,0,2,676275,169,125897,359,0.0013385502471169688,0.6799242424242424
7084,0.7237,0,1,0,676276,168,125897,359,0.0013306298314535547,0.681214421252372
7085,0.7238,0,1,0,676277,167,125897,359,0.0013227094157901406,0.6825095057034221
7086,0.7239,1,0,1,676277,167,125898,358,0.0013227094157901406,0.6819047619047619
7087,0.724,1,2,1,676279,165,125899,357,0.0013068685844633127,0.6839080459770115
7088,0.7242,2,0,2,676279,165,125901,355,0.0013068685844633127,0.6826923076923077
7089,0.7244,1,0,1,676279,165,125902,354,0.0013068685844633127,0.6820809248554913
7090,0.7245,0,1,0,676280,164,125902,354,0.0012989481687998986,0.6833976833976834
7091,0.7247,1,0,1,676280,164,125903,353,0.0012989481687998986,0.6827852998065764
7092,0.7248,1,0,1,676280,164,125904,352,0.0012989481687998986,0.6821705426356589
7093,0.7249,2,0,2,676280,164,125906,350,0.0012989481687998986,0.6809338521400778
7094,0.725,2,0,2,676280,164,125908,348,0.0012989481687998986,0.6796875
7095,0.7251,1,0,1,676280,164,125909,347,0.0012989481687998986,0.6790606653620352
7096,0.7252,0,2,0,676282,162,125909,347,0.0012831073374730707,0.6817288801571709
7097,0.7253,2,0,2,676282,162,125911,345,0.0012831073374730707,0.6804733727810651
7098,0.7254,1,0,1,676282,162,125912,344,0.0012831073374730707,0.6798418972332015
7099,0.7255,1,0,1,676282,162,125913,343,0.0012831073374730707,0.6792079207920793
7100,0.7256,1,0,1,676282,162,125914,342,0.0012831073374730707,0.6785714285714286
7101,0.7257,0,1,0,676283,161,125914,342,0.0012751869218096566,0.679920477137177
7102,0.7259,1,0,1,676283,161,125915,341,0.0012751869218096566,0.6792828685258964
7103,0.726,2,1,2,676284,160,125917,339,0.0012672665061462425,0.6793587174348698
7104,0.7261,1,1,1,676285,159,125918,338,0.0012593460904828286,0.6800804828973843
7105,0.7262,1,1,1,676286,158,125919,337,0.0012514256748194146,0.6808080808080809
7106,0.7265,2,0,2,676286,158,125921,335,0.0012514256748194146,0.6795131845841785
7107,0.7266,1,0,1,676286,158,125922,334,0.0012514256748194146,0.6788617886178862
7108,0.7268,0,1,0,676287,157,125922,334,0.0012435052591560005,0.6802443991853361
7109,0.727,1,1,1,676288,156,125923,333,0.0012355848434925864,0.6809815950920245
7110,0.7271,2,0,2,676288,156,125925,331,0.0012355848434925864,0.6796714579055442
7111,0.7272,1,1,1,676289,155,125926,330,0.0012276644278291725,0.6804123711340206
7112,0.7274,1,2,1,676291,153,125927,329,0.0012118235965023444,0.6825726141078838
7113,0.7275,3,0,3,676291,153,125930,326,0.0012118235965023444,0.6805845511482255
7114,0.7278,2,0,2,676291,153,125932,324,0.0012118235965023444,0.6792452830188679
7115,0.7279,0,3,0,676294,150,125932,324,0.0011880623495121023,0.6835443037974683
7116,0.728,1,0,1,676294,150,125933,323,0.0011880623495121023,0.6828752642706131
7117,0.7283,2,0,2,676294,150,125935,321,0.0011880623495121023,0.6815286624203821
7118,0.7284,0,1,0,676295,149,125935,321,0.0011801419338486885,0.6829787234042554
7119,0.7285,0,2,0,676297,147,125935,321,0.0011643011025218603,0.6858974358974359
7120,0.7286,0,1,0,676298,146,125935,321,0.0011563806868584462,0.6873661670235546
7121,0.7288,0,1,0,676299,145,125935,321,0.0011484602711950324,0.6888412017167382
7122,0.729,2,0,2,676299,145,125937,319,0.0011484602711950324,0.6875
7123,0.7291,0,1,0,676300,144,125937,319,0.0011405398555316183,0.6889848812095032
7124,0.7292,1,1,1,676301,143,125938,318,0.0011326194398682042,0.6898047722342733
7125,0.7293,0,1,0,676302,142,125938,318,0.0011246990242047904,0.691304347826087
7126,0.7294,1,0,1,676302,142,125939,317,0.0011246990242047904,0.690631808278867
7127,0.7295,1,0,1,676302,142,125940,316,0.0011246990242047904,0.6899563318777293
7128,0.7299,1,0,1,676302,142,125941,315,0.0011246990242047904,0.6892778993435449
7129,0.73,1,0,1,676302,142,125942,314,0.0011246990242047904,0.6885964912280702
7130,0.7301,1,0,1,676302,142,125943,313,0.0011246990242047904,0.6879120879120879
7131,0.7302,1,0,1,676302,142,125944,312,0.0011246990242047904,0.6872246696035242
7132,0.7304,1,0,1,676302,142,125945,311,0.0011246990242047904,0.6865342163355408
7133,0.7305,0,1,0,676303,141,125945,311,0.0011167786085413763,0.6880530973451328
7134,0.7306,2,0,2,676303,141,125947,309,0.0011167786085413763,0.6866666666666666
7135,0.7308,0,2,0,676305,139,125947,309,0.0011009377772145481,0.6897321428571429
7136,0.731,2,0,2,676305,139,125949,307,0.0011009377772145481,0.6883408071748879
7137,0.7311,1,0,1,676305,139,125950,306,0.0011009377772145481,0.6876404494382022
7138,0.7313,1,0,1,676305,139,125951,305,0.0011009377772145481,0.6869369369369369
7139,0.7315,1,0,1,676305,139,125952,304,0.0011009377772145481,0.6862302483069977
7140,0.7317,1,0,1,676305,139,125953,303,0.0011009377772145481,0.6855203619909502
7141,0.732,0,1,0,676306,138,125953,303,0.0010930173615511342,0.6870748299319728
7142,0.7321,1,0,1,676306,138,125954,302,0.0010930173615511342,0.6863636363636364
7143,0.7322,1,0,1,676306,138,125955,301,0.0010930173615511342,0.6856492027334852
7144,0.7323,0,1,0,676307,137,125955,301,0.0010850969458877202,0.6872146118721462
7145,0.7324,1,0,1,676307,137,125956,300,0.0010850969458877202,0.6864988558352403
7146,0.7326,1,0,1,676307,137,125957,299,0.0010850969458877202,0.6857798165137615
7147,0.733,1,0,1,676307,137,125958,298,0.0010850969458877202,0.6850574712643678
7148,0.7331,0,1,0,676308,136,125958,298,0.001077176530224306,0.6866359447004609
7149,0.7333,0,1,0,676309,135,125958,298,0.0010692561145608922,0.6882217090069284
7150,0.7334,1,0,1,676309,135,125959,297,0.0010692561145608922,0.6875
7151,0.7335,0,1,0,676310,134,125959,297,0.0010613356988974781,0.6890951276102089
7152,0.7338,0,1,0,676311,133,125959,297,0.001053415283234064,0.6906976744186046
7153,0.7339,1,1,1,676312,132,125960,296,0.0010454948675706502,0.6915887850467289
7154,0.734,0,1,0,676313,131,125960,296,0.0010375744519072361,0.6932084309133489
7155,0.7343,1,0,1,676313,131,125961,295,0.0010375744519072361,0.6924882629107981
7156,0.7344,0,2,0,676315,129,125961,295,0.001021733620580408,0.6957547169811321
7157,0.7349,2,0,2,676315,129,125963,293,0.001021733620580408,0.6943127962085308
7158,0.735,3,0,3,676315,129,125966,290,0.001021733620580408,0.6921241050119332
7159,0.7351,1,0,1,676315,129,125967,289,0.001021733620580408,0.6913875598086124
7160,0.7352,1,1,1,676316,128,125968,288,0.001013813204916994,0.6923076923076923
7161,0.7353,2,0,2,676316,128,125970,286,0.001013813204916994,0.6908212560386473
7162,0.7354,0,1,0,676317,127,125970,286,0.00100589278925358,0.6924939467312349
7163,0.7355,1,0,1,676317,127,125971,285,0.00100589278925358,0.691747572815534
7164,0.7356,2,0,2,676317,127,125973,283,0.00100589278925358,0.6902439024390243
7165,0.7359,2,0,2,676317,127,125975,281,0.00100589278925358,0.6887254901960784
7166,0.7361,0,1,0,676318,126,125975,281,0.000997972373590166,0.6904176904176904
7167,0.7362,0,1,0,676319,125,125975,281,0.000990051957926752,0.6921182266009852
7168,0.7364,1,2,1,676321,123,125976,280,0.000974211126599924,0.6947890818858561
7169,0.7365,1,0,1,676321,123,125977,279,0.000974211126599924,0.6940298507462687
7170,0.7366,0,1,0,676322,122,125977,279,0.0009662907109365099,0.6957605985037406
7171,0.7367,1,0,1,676322,122,125978,278,0.0009662907109365099,0.695
7172,0.7368,1,0,1,676322,122,125979,277,0.0009662907109365099,0.6942355889724311
7173,0.737,1,1,1,676323,121,125980,276,0.000958370295273096,0.6952141057934509
7174,0.7372,1,0,1,676323,121,125981,275,0.000958370295273096,0.6944444444444444
7175,0.7373,1,0,1,676323,121,125982,274,0.000958370295273096,0.6936708860759494
7176,0.7374,1,5,1,676328,116,125983,273,0.0009187682169560259,0.7017994858611826
7177,0.7375,0,1,0,676329,115,125983,273,0.0009108478012926118,0.7036082474226805
7178,0.7377,2,0,2,676329,115,125985,271,0.0009108478012926118,0.7020725388601037
7179,0.7378,2,0,2,676329,115,125987,269,0.0009108478012926118,0.7005208333333334
7180,0.738,1,1,1,676330,114,125988,268,0.0009029273856291978,0.7015706806282722
7181,0.7383,0,3,0,676333,111,125988,268,0.0008791661386389558,0.7071240105540897
7182,0.7384,1,1,1,676334,110,125989,267,0.0008712457229755417,0.7082228116710876
7183,0.7386,2,1,2,676335,109,125991,265,0.0008633253073121277,0.7085561497326203
7184,0.7389,1,1,1,676336,108,125992,264,0.0008554048916487138,0.7096774193548387
7185,0.739,1,0,1,676336,108,125993,263,0.0008554048916487138,0.7088948787061995
7186,0.7393,0,1,0,676337,107,125993,263,0.0008474844759852997,0.7108108108108108
7187,0.7395,1,0,1,676337,107,125994,262,0.0008474844759852997,0.7100271002710027
7188,0.7396,0,1,0,676338,106,125994,262,0.0008395640603218857,0.7119565217391305
7189,0.7398,2,0,2,676338,106,125996,260,0.0008395640603218857,0.7103825136612022
7190,0.7399,1,0,1,676338,106,125997,259,0.0008395640603218857,0.7095890410958904
7191,0.7401,1,1,1,676339,105,125998,258,0.0008316436446584716,0.7107438016528925
7192,0.7404,1,0,1,676339,105,125999,257,0.0008316436446584716,0.7099447513812155
7193,0.7406,0,1,0,676340,104,125999,257,0.0008237232289950577,0.7119113573407202
7194,0.7407,2,0,2,676340,104,126001,255,0.0008237232289950577,0.7103064066852368
7195,0.7409,1,0,1,676340,104,126002,254,0.0008237232289950577,0.7094972067039106
7196,0.7411,3,0,3,676340,104,126005,251,0.0008237232289950577,0.7070422535211267
7197,0.7412,1,0,1,676340,104,126006,250,0.0008237232289950577,0.7062146892655368
7198,0.7413,1,1,1,676341,103,126007,249,0.0008158028133316436,0.7073863636363636
7199,0.7414,0,1,0,676342,102,126007,249,0.0008078823976682296,0.7094017094017094
7200,0.7415,1,0,1,676342,102,126008,248,0.0008078823976682296,0.7085714285714285
7201,0.7422,1,0,1,676342,102,126009,247,0.0008078823976682296,0.7077363896848138
7202,0.7423,2,0,2,676342,102,126011,245,0.0008078823976682296,0.7060518731988472
7203,0.7429,2,0,2,676342,102,126013,243,0.0008078823976682296,0.7043478260869566
7204,0.7432,1,1,1,676343,101,126014,242,0.0007999619820048156,0.7055393586005831
7205,0.7433,1,0,1,676343,101,126015,241,0.0007999619820048156,0.7046783625730995
7206,0.7437,1,0,1,676343,101,126016,240,0.0007999619820048156,0.7038123167155426
7207,0.7439,1,0,1,676343,101,126017,239,0.0007999619820048156,0.7029411764705882
7208,0.744,2,0,2,676343,101,126019,237,0.0007999619820048156,0.7011834319526628
7209,0.7442,2,1,2,676344,100,126021,235,0.0007920415663414016,0.7014925373134329
7210,0.7443,0,1,0,676345,99,126021,235,0.0007841211506779876,0.7035928143712575
7211,0.7444,1,0,1,676345,99,126022,234,0.0007841211506779876,0.7027027027027027
7212,0.7445,2,1,2,676346,98,126024,232,0.0007762007350145735,0.703030303030303
7213,0.7446,1,0,1,676346,98,126025,231,0.0007762007350145735,0.7021276595744681
7214,0.7448,1,0,1,676346,98,126026,230,0.0007762007350145735,0.7012195121951219
7215,0.7449,1,0,1,676346,98,126027,229,0.0007762007350145735,0.7003058103975535
7216,0.7452,1,0,1,676346,98,126028,228,0.0007762007350145735,0.6993865030674846
7217,0.7453,2,0,2,676346,98,126030,226,0.0007762007350145735,0.6975308641975309
7218,0.7454,2,2,2,676348,96,126032,224,0.0007603599036877456,0.7
7219,0.7457,3,0,3,676348,96,126035,221,0.0007603599036877456,0.6971608832807571
7220,0.7458,0,1,0,676349,95,126035,221,0.0007524394880243315,0.6993670886075949
7221,0.746,1,1,1,676350,94,126036,220,0.0007445190723609175,0.7006369426751592
7222,0.7461,1,0,1,676350,94,126037,219,0.0007445190723609175,0.6996805111821086
7223,0.7462,1,0,1,676350,94,126038,218,0.0007445190723609175,0.6987179487179487
7224,0.7469,1,0,1,676350,94,126039,217,0.0007445190723609175,0.6977491961414791
7225,0.747,0,1,0,676351,93,126039,217,0.0007365986566975034,0.7
7226,0.7473,0,1,0,676352,92,126039,217,0.0007286782410340895,0.7022653721682848
7227,0.7474,1,0,1,676352,92,126040,216,0.0007286782410340895,0.7012987012987013
7228,0.7475,2,0,2,676352,92,126042,214,0.0007286782410340895,0.6993464052287581
7229,0.7478,1,0,1,676352,92,126043,213,0.0007286782410340895,0.6983606557377049
7230,0.7479,1,2,1,676354,90,126044,212,0.0007128374097072614,0.7019867549668874
7231,0.748,1,0,1,676354,90,126045,211,0.0007128374097072614,0.7009966777408638
7232,0.7484,0,1,0,676355,89,126045,211,0.0007049169940438474,0.7033333333333334
7233,0.7486,1,0,1,676355,89,126046,210,0.0007049169940438474,0.7023411371237458
7234,0.7493,1,0,1,676355,89,126047,209,0.0007049169940438474,0.7013422818791947
7235,0.7494,2,1,2,676356,88,126049,207,0.0006969965783804334,0.7016949152542373
7236,0.7497,1,1,1,676357,87,126050,206,0.0006890761627170194,0.7030716723549488
7237,0.7498,0,1,0,676358,86,126050,206,0.0006811557470536054,0.7054794520547946
7238,0.7499,1,0,1,676358,86,126051,205,0.0006811557470536054,0.7044673539518901
7239,0.75,3,0,3,676358,86,126054,202,0.0006811557470536054,0.7013888888888888
7240,0.7501,1,0,1,676358,86,126055,201,0.0006811557470536054,0.7003484320557491
7241,0.7504,1,0,1,676358,86,126056,200,0.0006811557470536054,0.6993006993006993
7242,0.7507,1,1,1,676359,85,126057,199,0.0006732353313901913,0.7007042253521126
7243,0.7508,0,1,0,676360,84,126057,199,0.0006653149157267774,0.7031802120141343
7244,0.7511,3,0,3,676360,84,126060,196,0.0006653149157267774,0.7
7245,0.7513,2,0,2,676360,84,126062,194,0.0006653149157267774,0.697841726618705
7246,0.7514,1,0,1,676360,84,126063,193,0.0006653149157267774,0.6967509025270758
7247,0.7516,1,0,1,676360,84,126064,192,0.0006653149157267774,0.6956521739130435
7248,0.7521,1,1,1,676361,83,126065,191,0.0006573945000633633,0.6970802919708029
7249,0.7523,1,2,1,676363,81,126066,190,0.0006415536687365353,0.7011070110701108
7250,0.7524,2,1,2,676364,80,126068,188,0.0006336332530731213,0.7014925373134329
7251,0.7526,1,2,1,676366,78,126069,187,0.0006177924217462932,0.7056603773584905
7252,0.7531,1,0,1,676366,78,126070,186,0.0006177924217462932,0.7045454545454546
7253,0.7533,0,1,0,676367,77,126070,186,0.0006098720060828792,0.7072243346007605
7254,0.7538,0,1,0,676368,76,126070,186,0.0006019515904194653,0.7099236641221374
7255,0.7539,2,0,2,676368,76,126072,184,0.0006019515904194653,0.7076923076923077
7256,0.754,2,0,2,676368,76,126074,182,0.0006019515904194653,0.7054263565891473
7257,0.7541,0,2,0,676370,74,126074,182,0.0005861107590926372,0.7109375
7258,0.7544,1,1,1,676371,73,126075,181,0.0005781903434292231,0.7125984251968503
7259,0.7546,0,1,0,676372,72,126075,181,0.0005702699277658091,0.7154150197628458
7260,0.7548,0,1,0,676373,71,126075,181,0.0005623495121023952,0.7182539682539683
7261,0.7549,1,0,1,676373,71,126076,180,0.0005623495121023952,0.7171314741035857
7262,0.7551,1,0,1,676373,71,126077,179,0.0005623495121023952,0.716
7263,0.7555,0,1,0,676374,70,126077,179,0.0005544290964389811,0.7188755020080321
7264,0.7556,1,0,1,676374,70,126078,178,0.0005544290964389811,0.717741935483871
7265,0.7558,1,0,1,676374,70,126079,177,0.0005544290964389811,0.7165991902834008
7266,0.7559,0,1,0,676375,69,126079,177,0.0005465086807755671,0.7195121951219512
7267,0.7561,1,0,1,676375,69,126080,176,0.0005465086807755671,0.7183673469387755
7268,0.7563,1,1,1,676376,68,126081,175,0.000538588265112153,0.720164609053498
7269,0.7564,1,0,1,676376,68,126082,174,0.000538588265112153,0.71900826446281
7270,0.7567,1,0,1,676376,68,126083,173,0.000538588265112153,0.7178423236514523
7271,0.7569,0,1,0,676377,67,126083,173,0.0005306678494487391,0.7208333333333333
7272,0.757,1,0,1,676377,67,126084,172,0.0005306678494487391,0.7196652719665272
7273,0.7571,1,0,1,676377,67,126085,171,0.0005306678494487391,0.7184873949579832
7274,0.7573,1,0,1,676377,67,126086,170,0.0005306678494487391,0.7172995780590717
7275,0.7574,0,1,0,676378,66,126086,170,0.0005227474337853251,0.7203389830508474
7276,0.7575,1,0,1,676378,66,126087,169,0.0005227474337853251,0.7191489361702128
7277,0.7577,1,1,1,676379,65,126088,168,0.000514827018121911,0.721030042918455
7278,0.7578,1,0,1,676379,65,126089,167,0.000514827018121911,0.7198275862068966
7279,0.7579,2,1,2,676380,64,126091,165,0.000506906602458497,0.7205240174672489
7280,0.758,1,0,1,676380,64,126092,164,0.000506906602458497,0.7192982456140351
7281,0.7582,1,0,1,676380,64,126093,163,0.000506906602458497,0.7180616740088106
7282,0.7585,0,1,0,676381,63,126093,163,0.000498986186795083,0.7212389380530974
7283,0.7586,2,1,2,676382,62,126095,161,0.000491065771131669,0.7219730941704036
7284,0.7587,1,0,1,676382,62,126096,160,0.000491065771131669,0.7207207207207207
7285,0.7589,1,0,1,676382,62,126097,159,0.000491065771131669,0.7194570135746606
7286,0.759,1,0,1,676382,62,126098,158,0.000491065771131669,0.7181818181818181
7287,0.7591,1,0,1,676382,62,126099,157,0.000491065771131669,0.7168949771689498
7288,0.7594,1,0,1,676382,62,126100,156,0.000491065771131669,0.7155963302752294
7289,0.7595,1,0,1,676382,62,126101,155,0.000491065771131669,0.7142857142857143
7290,0.7598,1,0,1,676382,62,126102,154,0.000491065771131669,0.7129629629629629
7291,0.7599,3,1,3,676383,61,126105,151,0.00048314535546825497,0.7122641509433962
7292,0.76,0,1,0,676384,60,126105,151,0.00047522493980484094,0.7156398104265402
7293,0.7602,1,0,1,676384,60,126106,150,0.00047522493980484094,0.7142857142857143
7294,0.7606,1,1,1,676385,59,126107,149,0.00046730452414142697,0.7163461538461539
7295,0.7607,1,0,1,676385,59,126108,148,0.00046730452414142697,0.714975845410628
7296,0.7609,1,1,1,676386,58,126109,147,0.00045938410847801294,0.7170731707317073
7297,0.761,0,1,0,676387,57,126109,147,0.0004514636928145989,0.7205882352941176
7298,0.7611,0,2,0,676389,55,126109,147,0.00043562286148777086,0.7277227722772277
7299,0.7612,0,1,0,676390,54,126109,147,0.0004277024458243569,0.7313432835820896
7300,0.762,1,0,1,676390,54,126110,146,0.0004277024458243569,0.73
7301,0.7622,1,0,1,676390,54,126111,145,0.0004277024458243569,0.7286432160804021
7302,0.763,1,0,1,676390,54,126112,144,0.0004277024458243569,0.7272727272727273
7303,0.7631,0,1,0,676391,53,126112,144,0.00041978203016094286,0.7309644670050761
7304,0.7632,1,0,1,676391,53,126113,143,0.00041978203016094286,0.7295918367346939
7305,0.7634,1,0,1,676391,53,126114,142,0.00041978203016094286,0.7282051282051282
7306,0.7635,1,0,1,676391,53,126115,141,0.00041978203016094286,0.7268041237113402
7307,0.7638,0,2,0,676393,51,126115,141,0.0004039411988341148,0.734375
7308,0.7639,0,1,0,676394,50,126115,141,0.0003960207831707008,0.7382198952879581
7309,0.7642,1,0,1,676394,50,126116,140,0.0003960207831707008,0.7368421052631579
7310,0.7643,0,1,0,676395,49,126116,140,0.00038810036750728676,0.7407407407407407
7311,0.7644,1,0,1,676395,49,126117,139,0.00038810036750728676,0.7393617021276596
7312,0.7648,1,1,1,676396,48,126118,138,0.0003801799518438728,0.7419354838709677
7313,0.7652,0,1,0,676397,47,126118,138,0.00037225953618045876,0.745945945945946
7314,0.7653,0,1,0,676398,46,126118,138,0.00036433912051704473,0.75
7315,0.7662,1,0,1,676398,46,126119,137,0.00036433912051704473,0.7486338797814208
7316,0.7664,1,0,1,676398,46,126120,136,0.00036433912051704473,0.7472527472527473
7317,0.7669,2,0,2,676398,46,126122,134,0.00036433912051704473,0.7444444444444445
7318,0.7671,0,1,0,676399,45,126122,134,0.0003564187048536307,0.7486033519553073
7319,0.7672,2,0,2,676399,45,126124,132,0.0003564187048536307,0.7457627118644068
7320,0.7674,0,1,0,676400,44,126124,132,0.0003484982891902167,0.75
7321,0.7679,1,0,1,676400,44,126125,131,0.0003484982891902167,0.7485714285714286
7322,0.7691,1,0,1,676400,44,126126,130,0.0003484982891902167,0.7471264367816092
7323,0.7692,1,0,1,676400,44,126127,129,0.0003484982891902167,0.7456647398843931
7324,0.7695,1,0,1,676400,44,126128,128,0.0003484982891902167,0.7441860465116279
7325,0.7696,1,0,1,676400,44,126129,127,0.0003484982891902167,0.7426900584795322
7326,0.7698,2,0,2,676400,44,126131,125,0.0003484982891902167,0.7396449704142012
7327,0.7703,1,0,1,676400,44,126132,124,0.0003484982891902167,0.7380952380952381
7328,0.7704,1,0,1,676400,44,126133,123,0.0003484982891902167,0.7365269461077845
7329,0.7707,1,0,1,676400,44,126134,122,0.0003484982891902167,0.7349397590361446
7330,0.7715,1,0,1,676400,44,126135,121,0.0003484982891902167,0.7333333333333333
7331,0.7717,2,0,2,676400,44,126137,119,0.0003484982891902167,0.7300613496932515
7332,0.7718,1,0,1,676400,44,126138,118,0.0003484982891902167,0.7283950617283951
7333,0.772,0,1,0,676401,43,126138,118,0.0003405778735268027,0.7329192546583851
7334,0.7723,2,0,2,676401,43,126140,116,0.0003405778735268027,0.7295597484276729
7335,0.7724,1,0,1,676401,43,126141,115,0.0003405778735268027,0.7278481012658228
7336,0.7725,1,0,1,676401,43,126142,114,0.0003405778735268027,0.7261146496815286
7337,0.7726,1,0,1,676401,43,126143,113,0.0003405778735268027,0.7243589743589743
7338,0.7727,1,0,1,676401,43,126144,112,0.0003405778735268027,0.7225806451612903
7339,0.773,1,0,1,676401,43,126145,111,0.0003405778735268027,0.7207792207792207
7340,0.7732,1,0,1,676401,43,126146,110,0.0003405778735268027,0.7189542483660131
7341,0.7733,1,0,1,676401,43,126147,109,0.0003405778735268027,0.7171052631578947
7342,0.7736,0,1,0,676402,42,126147,109,0.0003326574578633887,0.7218543046357616
7343,0.7737,2,0,2,676402,42,126149,107,0.0003326574578633887,0.7181208053691275
7344,0.7739,3,0,3,676402,42,126152,104,0.0003326574578633887,0.7123287671232876
7345,0.774,0,1,0,676403,41,126152,104,0.00032473704219997465,0.7172413793103448
7346,0.7743,2,0,2,676403,41,126154,102,0.00032473704219997465,0.7132867132867133
7347,0.7747,0,1,0,676404,40,126154,102,0.0003168166265365606,0.7183098591549296
7348,0.7748,1,0,1,676404,40,126155,101,0.0003168166265365606,0.7163120567375887
7349,0.7749,1,0,1,676404,40,126156,100,0.0003168166265365606,0.7142857142857143
7350,0.7753,0,1,0,676405,39,126156,100,0.0003088962108731466,0.7194244604316546
7351,0.7758,1,0,1,676405,39,126157,99,0.0003088962108731466,0.717391304347826
7352,0.7759,1,1,1,676406,38,126158,98,0.00030097579520973263,0.7205882352941176
7353,0.7762,1,0,1,676406,38,126159,97,0.00030097579520973263,0.7185185185185186
7354,0.7763,0,1,0,676407,37,126159,97,0.0002930553795463186,0.7238805970149254
7355,0.7767,0,1,0,676408,36,126159,97,0.0002851349638829046,0.7293233082706767
7356,0.7769,0,1,0,676409,35,126159,97,0.00027721454821949055,0.7348484848484849
7357,0.7771,3,0,3,676409,35,126162,94,0.00027721454821949055,0.7286821705426356
7358,0.7783,0,1,0,676410,34,126162,94,0.0002692941325560765,0.734375
7359,0.7785,0,2,0,676412,32,126162,94,0.0002534533012292485,0.746031746031746
7360,0.7792,1,0,1,676412,32,126163,93,0.0002534533012292485,0.744
7361,0.78,0,2,0,676414,30,126163,93,0.00023761246990242047,0.7560975609756098
7362,0.7804,1,0,1,676414,30,126164,92,0.00023761246990242047,0.7540983606557377
7363,0.7807,1,0,1,676414,30,126165,91,0.00023761246990242047,0.7520661157024794
7364,0.7813,1,0,1,676414,30,126166,90,0.00023761246990242047,0.75
7365,0.7816,0,1,0,676415,29,126166,90,0.00022969205423900647,0.7563025210084033
7366,0.782,0,1,0,676416,28,126166,90,0.00022177163857559244,0.7627118644067796
7367,0.7822,1,0,1,676416,28,126167,89,0.00022177163857559244,0.7606837606837606
7368,0.7839,1,0,1,676416,28,126168,88,0.00022177163857559244,0.7586206896551724
7369,0.7844,0,2,0,676418,26,126168,88,0.00020593080724876442,0.7719298245614035
7370,0.7849,1,0,1,676418,26,126169,87,0.00020593080724876442,0.7699115044247787
7371,0.7855,1,0,1,676418,26,126170,86,0.00020593080724876442,0.7678571428571429
7372,0.7857,1,0,1,676418,26,126171,85,0.00020593080724876442,0.7657657657657657
7373,0.7859,1,0,1,676418,26,126172,84,0.00020593080724876442,0.7636363636363637
7374,0.786,1,0,1,676418,26,126173,83,0.00020593080724876442,0.7614678899082569
7375,0.7863,2,0,2,676418,26,126175,81,0.00020593080724876442,0.7570093457943925
7376,0.7864,1,0,1,676418,26,126176,80,0.00020593080724876442,0.7547169811320755
7377,0.7865,1,0,1,676418,26,126177,79,0.00020593080724876442,0.7523809523809524
7378,0.7869,1,0,1,676418,26,126178,78,0.00020593080724876442,0.75
7379,0.7872,2,0,2,676418,26,126180,76,0.00020593080724876442,0.7450980392156863
7380,0.7874,2,0,2,676418,26,126182,74,0.00020593080724876442,0.74
7381,0.7878,0,1,0,676419,25,126182,74,0.0001980103915853504,0.7474747474747475
7382,0.7879,3,1,3,676420,24,126185,71,0.0001900899759219364,0.7473684210526316
7383,0.788,1,0,1,676420,24,126186,70,0.0001900899759219364,0.7446808510638298
7384,0.7886,1,0,1,676420,24,126187,69,0.0001900899759219364,0.7419354838709677
7385,0.789,1,0,1,676420,24,126188,68,0.0001900899759219364,0.7391304347826086
7386,0.7892,1,0,1,676420,24,126189,67,0.0001900899759219364,0.7362637362637363
7387,0.7894,1,0,1,676420,24,126190,66,0.0001900899759219364,0.7333333333333333
7388,0.79,2,0,2,676420,24,126192,64,0.0001900899759219364,0.7272727272727273
7389,0.7908,0,1,0,676421,23,126192,64,0.00018216956025852237,0.735632183908046
7390,0.7911,1,0,1,676421,23,126193,63,0.00018216956025852237,0.7325581395348837
7391,0.7914,1,0,1,676421,23,126194,62,0.00018216956025852237,0.7294117647058823
7392,0.7916,1,0,1,676421,23,126195,61,0.00018216956025852237,0.7261904761904762
7393,0.7923,1,0,1,676421,23,126196,60,0.00018216956025852237,0.7228915662650602
7394,0.7924,0,1,0,676422,22,126196,60,0.00017424914459510834,0.7317073170731707
7395,0.7927,1,0,1,676422,22,126197,59,0.00017424914459510834,0.7283950617283951
7396,0.7928,1,0,1,676422,22,126198,58,0.00017424914459510834,0.725
7397,0.7932,1,0,1,676422,22,126199,57,0.00017424914459510834,0.7215189873417721
7398,0.7934,1,0,1,676422,22,126200,56,0.00017424914459510834,0.717948717948718
7399,0.7937,1,0,1,676422,22,126201,55,0.00017424914459510834,0.7142857142857143
7400,0.7938,0,1,0,676423,21,126201,55,0.00016632872893169434,0.7236842105263158
7401,0.7947,0,1,0,676424,20,126201,55,0.0001584083132682803,0.7333333333333333
7402,0.795,0,1,0,676425,19,126201,55,0.00015048789760486631,0.7432432432432432
7403,0.7951,0,1,0,676426,18,126201,55,0.0001425674819414523,0.7534246575342466
7404,0.796,1,0,1,676426,18,126202,54,0.0001425674819414523,0.75
7405,0.7968,1,0,1,676426,18,126203,53,0.0001425674819414523,0.7464788732394366
7406,0.7969,1,0,1,676426,18,126204,52,0.0001425674819414523,0.7428571428571429
7407,0.7971,2,0,2,676426,18,126206,50,0.0001425674819414523,0.7352941176470589
7408,0.7988,1,0,1,676426,18,126207,49,0.0001425674819414523,0.7313432835820896
7409,0.7992,1,0,1,676426,18,126208,48,0.0001425674819414523,0.7272727272727273
7410,0.7996,1,0,1,676426,18,126209,47,0.0001425674819414523,0.7230769230769231
7411,0.8,0,1,0,676427,17,126209,47,0.00013464706627803826,0.734375
7412,0.8003,1,0,1,676427,17,126210,46,0.00013464706627803826,0.7301587301587301
7413,0.8006,1,0,1,676427,17,126211,45,0.00013464706627803826,0.7258064516129032
7414,0.8014,0,1,0,676428,16,126211,45,0.00012672665061462426,0.7377049180327869
7415,0.8017,0,1,0,676429,15,126211,45,0.00011880623495121023,0.75
7416,0.8018,0,1,0,676430,14,126211,45,0.00011088581928779622,0.7627118644067796
7417,0.8022,1,0,1,676430,14,126212,44,0.00011088581928779622,0.7586206896551724
7418,0.8028,1,0,1,676430,14,126213,43,0.00011088581928779622,0.7543859649122807
7419,0.8039,0,1,0,676431,13,126213,43,0.00010296540362438221,0.7678571428571429
7420,0.8043,0,1,0,676432,12,126213,43,9.50449879609682e-05,0.7818181818181819
7421,0.8045,1,0,1,676432,12,126214,42,9.50449879609682e-05,0.7777777777777778
7422,0.8046,1,0,1,676432,12,126215,41,9.50449879609682e-05,0.7735849056603774
7423,0.8047,1,0,1,676432,12,126216,40,9.50449879609682e-05,0.7692307692307693
7424,0.8051,2,0,2,676432,12,126218,38,9.50449879609682e-05,0.76
7425,0.8055,1,0,1,676432,12,126219,37,9.50449879609682e-05,0.7551020408163265
7426,0.8058,1,0,1,676432,12,126220,36,9.50449879609682e-05,0.75
7427,0.8066,0,1,0,676433,11,126220,36,8.712457229755417e-05,0.7659574468085106
7428,0.8077,1,0,1,676433,11,126221,35,8.712457229755417e-05,0.7608695652173914
7429,0.8087,1,0,1,676433,11,126222,34,8.712457229755417e-05,0.7555555555555555
7430,0.8101,1,0,1,676433,11,126223,33,8.712457229755417e-05,0.75
7431,0.811,1,0,1,676433,11,126224,32,8.712457229755417e-05,0.7441860465116279
7432,0.8114,1,0,1,676433,11,126225,31,8.712457229755417e-05,0.7380952380952381
7433,0.8119,1,0,1,676433,11,126226,30,8.712457229755417e-05,0.7317073170731707
7434,0.8123,0,1,0,676434,10,126226,30,7.920415663414016e-05,0.75
7435,0.8153,1,0,1,676434,10,126227,29,7.920415663414016e-05,0.7435897435897436
7436,0.8163,1,0,1,676434,10,126228,28,7.920415663414016e-05,0.7368421052631579
7437,0.8166,1,0,1,676434,10,126229,27,7.920415663414016e-05,0.7297297297297297
7438,0.8168,1,0,1,676434,10,126230,26,7.920415663414016e-05,0.7222222222222222
7439,0.8181,1,0,1,676434,10,126231,25,7.920415663414016e-05,0.7142857142857143
7440,0.8189,1,0,1,676434,10,126232,24,7.920415663414016e-05,0.7058823529411765
7441,0.8193,1,0,1,676434,10,126233,23,7.920415663414016e-05,0.696969696969697
7442,0.8204,1,0,1,676434,10,126234,22,7.920415663414016e-05,0.6875
7443,0.8206,1,0,1,676434,10,126235,21,7.920415663414016e-05,0.6774193548387096
7444,0.8214,1,0,1,676434,10,126236,20,7.920415663414016e-05,0.6666666666666666
7445,0.8216,1,0,1,676434,10,126237,19,7.920415663414016e-05,0.6551724137931034
7446,0.8226,1,1,1,676435,9,126238,18,7.128374097072614e-05,0.6666666666666666
7447,0.8263,1,0,1,676435,9,126239,17,7.128374097072614e-05,0.6538461538461539
7448,0.8277,1,0,1,676435,9,126240,16,7.128374097072614e-05,0.64
7449,0.83,1,0,1,676435,9,126241,15,7.128374097072614e-05,0.625
7450,0.8308,1,0,1,676435,9,126242,14,7.128374097072614e-05,0.6086956521739131
7451,0.8328,0,1,0,676436,8,126242,14,6.336332530731213e-05,0.6363636363636364
7452,0.833,1,0,1,676436,8,126243,13,6.336332530731213e-05,0.6190476190476191
7453,0.8332,0,1,0,676437,7,126243,13,5.544290964389811e-05,0.65
7454,0.8378,1,0,1,676437,7,126244,12,5.544290964389811e-05,0.631578947368421
7455,0.8388,1,0,1,676437,7,126245,11,5.544290964389811e-05,0.6111111111111112
7456,0.8408,1,0,1,676437,7,126246,10,5.544290964389811e-05,0.5882352941176471
7457,0.8409,0,1,0,676438,6,126246,10,4.75224939804841e-05,0.625
7458,0.8426,1,0,1,676438,6,126247,9,4.75224939804841e-05,0.6
7459,0.8427,1,0,1,676438,6,126248,8,4.75224939804841e-05,0.5714285714285714
7460,0.8431,1,0,1,676438,6,126249,7,4.75224939804841e-05,0.5384615384615384
7461,0.8442,1,0,1,676438,6,126250,6,4.75224939804841e-05,0.5
7462,0.8454,1,0,1,676438,6,126251,5,4.75224939804841e-05,0.45454545454545453
7463,0.8467,1,1,1,676439,5,126252,4,3.960207831707008e-05,0.4444444444444444
7464,0.8476,1,0,1,676439,5,126253,3,3.960207831707008e-05,0.375
7465,0.8479,0,1,0,676440,4,126253,3,3.1681662653656065e-05,0.42857142857142855
7466,0.8498,0,1,0,676441,3,126253,3,2.376124699024205e-05,0.5
7467,0.8502,1,0,1,676441,3,126254,2,2.376124699024205e-05,0.4
7468,0.8631,1,0,1,676441,3,126255,1,2.376124699024205e-05,0.25
7469,0.8693,0,2,0,676443,1,126255,1,7.920415663414016e-06,0.5
7470,0.8762,0,1,0,676444,0,126255,1,0.0,1.0
7471,0.911,1,0,1,676444,0,126256,0,0.0,
