,y_proba,y_test,Neg,Pos,TN,FP,FN,TP,FP/P,Prec
0,0.0025,0,1,0,1,676443,0,126256,5.357709732606767,0.15728934507206313
1,0.0026,0,1,0,2,676442,0,126256,5.357701812191104,0.15728954102290027
2,0.0028,0,1,0,3,676441,0,126256,5.35769389177544,0.15728973697422563
3,0.0034,0,1,0,4,676440,0,126256,5.357685971359777,0.15728993292603924
4,0.0037,0,1,0,5,676439,0,126256,5.357678050944114,0.1572901288783411
5,0.0038,0,1,0,6,676438,0,126256,5.35767013052845,0.15729032483113117
6,0.0041,0,1,0,7,676437,0,126256,5.357662210112787,0.15729052078440947
7,0.0042,0,2,0,9,676435,0,126256,5.3576463692814595,0.15729091269243084
8,0.0043,0,2,0,11,676433,0,126256,5.357630528450133,0.15729130460240517
9,0.0046,0,3,0,14,676430,0,126256,5.357606767203142,0.1572918924710285
10,0.0047,1,0,1,14,676430,1,126255,5.357606767203142,0.1572908426094919
11,0.0049,0,1,0,15,676429,1,126255,5.3575988467874796,0.15729103856561236
12,0.0051,0,1,0,16,676428,1,126255,5.357590926371816,0.1572912345222211
13,0.0052,0,3,0,19,676425,1,126255,5.357567165124825,0.15729182239497683
14,0.0053,0,2,0,21,676423,1,126255,5.357551324293499,0.1572922143125886
15,0.0054,1,4,1,25,676419,2,126254,5.357519642630845,0.15729194827781676
16,0.0055,0,4,0,29,676415,2,126254,5.357487960968192,0.15729273212245645
17,0.0057,0,2,0,31,676413,2,126254,5.3574721201368645,0.15729312404770596
18,0.0058,0,3,0,34,676410,2,126254,5.357448358889875,0.15729371193924233
19,0.0059,0,4,0,38,676406,2,126254,5.357416677227221,0.15729449580146015
20,0.006,0,6,0,44,676400,2,126254,5.357369154733241,0.1572956716094357
21,0.0061,0,8,0,52,676392,2,126254,5.357305791407933,0.1572972393807482
22,0.0062,1,3,1,55,676389,3,126253,5.357282030160943,0.15729677739266074
23,0.0063,0,2,0,57,676387,3,126253,5.357266189329616,0.15729716934117413
24,0.0064,0,11,0,68,676376,3,126253,5.357179064757318,0.15729932509291342
25,0.0065,0,5,0,73,676371,3,126253,5.357139462679001,0.15730030499960132
26,0.0066,1,5,1,78,676366,4,126252,5.357099860600684,0.1573002349810246
27,0.0067,0,6,0,84,676360,4,126252,5.357052338106704,0.15730141089343294
28,0.0068,1,6,1,90,676354,5,126251,5.357004815612723,0.15730153687056522
29,0.0069,0,13,0,103,676341,5,126251,5.356901850209099,0.15730408476536023
30,0.007,0,6,0,109,676335,5,126251,5.356854327715118,0.15730526074464293
31,0.0071,0,10,0,119,676325,5,126251,5.356775123558484,0.15730722074918763
32,0.0072,0,8,0,127,676317,5,126251,5.356711760233177,0.15730878878799054
33,0.0073,0,11,0,138,676306,5,126251,5.3566246356608795,0.1573109448923877
34,0.0074,0,12,0,150,676294,5,126251,5.356529590672919,0.15731329707368435
35,0.0075,0,10,0,160,676284,5,126251,5.3564503865162845,0.15731525727849877
36,0.0076,0,8,0,168,676276,5,126251,5.356387023190977,0.15731682547752288
37,0.0077,0,4,0,172,676272,5,126251,5.356355341528324,0.15731760958875945
38,0.0078,0,9,0,181,676263,5,126251,5.356284057787352,0.157319373867621
39,0.0079,0,13,0,194,676250,5,126251,5.3561810923837285,0.1573219223402837
40,0.008,0,13,0,207,676237,5,126251,5.356078126980104,0.15732447089551496
41,0.0081,0,8,0,215,676229,5,126251,5.356014763654796,0.15732603927823746
42,0.0082,1,16,1,231,676213,6,126250,5.355888037004182,0.15732812603197904
43,0.0083,0,17,0,248,676196,6,126250,5.355753389937904,0.15733145906391208
44,0.0084,1,12,1,260,676184,7,126249,5.355658344949943,0.1573327617383632
45,0.0085,0,16,0,276,676168,7,126249,5.355531618299328,0.15733589891540184
46,0.0086,0,13,0,289,676155,7,126249,5.355428652895704,0.1573384479638686
47,0.0087,0,13,0,302,676142,7,126249,5.35532568749208,0.15734099709493252
48,0.0088,0,17,0,319,676125,7,126249,5.355191040425802,0.15734433069865175
49,0.0089,0,17,0,336,676108,7,126249,5.355056393359524,0.15734766444363293
50,0.009,0,23,0,359,676085,7,126249,5.354874223799265,0.15735217502935187
51,0.0091,0,18,0,377,676067,7,126249,5.354731656317323,0.15735570523334946
52,0.0092,1,15,1,392,676052,8,126248,5.354612850082372,0.15735759690888695
53,0.0093,1,18,1,410,676034,9,126247,5.354470282600431,0.157360077080225
54,0.0094,0,14,0,424,676020,9,126247,5.354359396781143,0.15736282310004027
55,0.0095,0,19,0,443,676001,9,126247,5.354208908883538,0.1573665499945154
56,0.0096,0,25,0,468,675976,9,126247,5.3540108984919526,0.15737145407199743
57,0.0097,0,22,0,490,675954,9,126247,5.3538366493473575,0.1573757699130268
58,0.0098,0,20,0,510,675934,9,126247,5.353678241034089,0.15737969361029494
59,0.0099,3,21,3,531,675913,12,126244,5.353511912305158,0.15738066238903356
60,0.01,0,15,0,546,675898,12,126244,5.3533931060702065,0.15738360539655075
61,0.0101,1,27,1,573,675871,13,126243,5.353179254847294,0.1573878525995058
62,0.0102,0,18,0,591,675853,13,126243,5.3530366873653525,0.15739138457242025
63,0.0103,1,28,1,619,675825,14,126242,5.3528149157267775,0.15739582852804068
64,0.0104,0,20,0,639,675805,14,126242,5.352656507413509,0.15739975338103626
65,0.0105,1,24,1,663,675781,15,126241,5.352466417437587,0.15740341287396106
66,0.0106,0,25,0,688,675756,15,126241,5.352268407046002,0.15740831948249184
67,0.0107,1,23,1,711,675733,16,126240,5.352086237485743,0.1574117831897084
68,0.0108,1,23,1,734,675710,17,126239,5.351904067925485,0.1574152471042423
69,0.0109,0,39,0,773,675671,17,126239,5.351595171714612,0.1574229028195184
70,0.011,0,26,0,799,675645,17,126239,5.351389240907363,0.15742800704341275
71,0.0111,0,26,0,825,675619,17,126239,5.351183310100114,0.1574331115983129
72,0.0112,0,24,0,849,675595,17,126239,5.3509932201241925,0.1574378237889638
73,0.0113,1,29,1,878,675566,18,126238,5.350763528069953,0.15744246723638197
74,0.0114,2,29,2,907,675537,20,126236,5.350533836015714,0.1574460601691501
75,0.0115,0,45,0,952,675492,20,126236,5.35017741731086,0.1574548974215694
76,0.0116,0,42,0,994,675450,20,126236,5.3498447598529975,0.15746314641892212
77,0.0117,1,37,1,1031,675413,21,126235,5.349551704473451,0.1574693631119893
78,0.0118,0,40,0,1071,675373,21,126235,5.349234887846914,0.1574772207862197
79,0.0119,0,35,0,1106,675338,21,126235,5.3489576732986945,0.15748409689448123
80,0.012,0,28,0,1134,675310,21,126235,5.3487359016601195,0.15748959821345027
81,0.0121,0,37,0,1171,675273,21,126235,5.348442846280573,0.15749686840306024
82,0.0122,0,39,0,1210,675234,21,126235,5.3481339500697,0.15750453230255942
83,0.0123,0,31,0,1241,675203,21,126235,5.347888417184134,0.15751062465218768
84,0.0124,2,34,2,1275,675169,23,126233,5.347619123051578,0.15751520460393162
85,0.0125,0,45,0,1320,675124,23,126233,5.347262704346724,0.15752404983047505
86,0.0126,1,41,1,1361,675083,24,126232,5.346937967304524,0.15753105832288175
87,0.0127,0,52,0,1413,675031,24,126232,5.346526105690026,0.15754128170151374
88,0.0128,0,35,0,1448,674996,24,126232,5.346248891141807,0.1575481635689217
89,0.0129,1,54,1,1502,674942,25,126231,5.345821188695982,0.15755773097695505
90,0.013,1,46,1,1548,674896,26,126230,5.3454568495754655,0.15756572624031676
91,0.0131,1,43,1,1591,674853,27,126229,5.345116271701939,0.15757313233851217
92,0.0132,0,41,0,1632,674812,27,126229,5.3447915346597386,0.15758119746679633
93,0.0133,1,43,1,1675,674769,28,126228,5.344450956786212,0.15758860520076853
94,0.0134,1,54,1,1729,674715,29,126227,5.344023254340388,0.157598178145234
95,0.0135,4,55,4,1784,674660,33,126223,5.3435876314789,0.15760479370894376
96,0.0136,1,52,1,1836,674608,34,126222,5.343175769864403,0.1576139755004183
97,0.0137,2,66,2,1902,674542,36,126220,5.342653022430617,0.1576248623186415
98,0.0138,0,53,0,1955,674489,36,126220,5.342233240400456,0.1576352957191689
99,0.0139,0,53,0,2008,674436,36,126220,5.341813458370296,0.15764573050098918
100,0.014,1,58,1,2066,674378,37,126219,5.341354074261817,0.15765609913601975
101,0.0141,3,54,3,2120,674324,40,126216,5.340926371815993,0.1576635770854673
102,0.0142,3,66,3,2186,674258,43,126213,5.3404036243822075,0.15767341977410798
103,0.0143,3,65,3,2251,674193,46,126210,5.339888797364086,0.1576830671549207
104,0.0144,1,61,1,2312,674132,47,126209,5.339405652008617,0.1576940329184685
105,0.0145,0,61,0,2373,674071,47,126209,5.338922506653149,0.15770605288149148
106,0.0146,0,48,0,2421,674023,47,126209,5.3385423267013055,0.1577155125013746
107,0.0147,0,50,0,2471,673973,47,126209,5.338146305918134,0.15772536747889854
108,0.0148,1,58,1,2529,673915,48,126208,5.337686921809657,0.1577357481287252
109,0.0149,3,67,3,2596,673848,51,126205,5.337156253960208,0.15774579934079366
110,0.015,1,63,1,2659,673785,52,126204,5.336657267773413,0.15775716916107596
111,0.0151,1,68,1,2727,673717,53,126203,5.3361186795083,0.15776952695269528
112,0.0152,0,78,0,2805,673639,53,126203,5.335500887086554,0.15778491252022275
113,0.0153,2,69,2,2874,673570,55,126201,5.3349543784057785,0.15779641922500315
114,0.0154,2,68,2,2942,673502,57,126199,5.334415790140667,0.15780773063932646
115,0.0155,1,56,1,2998,673446,58,126198,5.333972246863516,0.15781772888935577
116,0.0156,0,73,0,3071,673373,58,126198,5.333394056520087,0.15783213748372565
117,0.0157,4,65,4,3136,673308,62,126194,5.332879229501964,0.1578407558705294
118,0.0158,1,66,1,3202,673242,63,126193,5.332356482068179,0.15785273349302945
119,0.0159,2,74,2,3276,673168,65,126191,5.331770371309086,0.15786523952316794
120,0.016,3,64,3,3340,673104,68,126188,5.331263464706628,0.1578747191264269
121,0.0161,2,72,2,3412,673032,70,126186,5.330693194778862,0.15788683438060705
122,0.0162,5,75,5,3487,672957,75,126181,5.330099163604106,0.1578963833530629
123,0.0163,3,78,3,3565,672879,78,126178,5.32948137118236,0.15790863480327436
124,0.0164,5,67,5,3632,672812,83,126173,5.328950703332911,0.15791660669474394
125,0.0165,2,77,2,3709,672735,85,126171,5.328340831326828,0.15792971889058288
126,0.0166,0,87,0,3796,672648,85,126171,5.327651755164111,0.1579469191393795
127,0.0167,0,90,0,3886,672558,85,126171,5.326938917754403,0.15796471644324922
128,0.0168,1,97,1,3983,672461,86,126170,5.326170637435053,0.1579828481488948
129,0.0169,1,80,1,4063,672381,87,126169,5.32553700418198,0.1579976206874961
130,0.017,2,87,2,4150,672294,89,126167,5.324847928019262,0.15801272698353458
131,0.0171,1,83,1,4233,672211,90,126166,5.324190533519199,0.15802809950687458
132,0.0172,2,77,2,4310,672134,92,126164,5.323580661513116,0.15804123272261736
133,0.0173,2,94,2,4404,672040,94,126162,5.322836142440755,0.15805773475887056
134,0.0174,1,91,1,4495,671949,95,126161,5.322115384615385,0.15807470148225183
135,0.0175,3,95,3,4590,671854,98,126158,5.32136294512736,0.15809035453100956
136,0.0176,4,95,4,4685,671759,102,126154,5.320610505639336,0.15810495630476004
137,0.0177,2,64,2,4749,671695,104,126152,5.3201035990368775,0.15811552841584917
138,0.0178,2,98,2,4847,671597,106,126150,5.319327398301863,0.1581328416151988
139,0.0179,1,78,1,4925,671519,107,126149,5.318709605880117,0.15814724923150986
140,0.018,3,104,3,5029,671415,110,126146,5.3178858826511215,0.1581647046432812
141,0.0181,2,93,2,5122,671322,112,126144,5.317149283994424,0.15818103843925635
142,0.0182,1,86,1,5208,671236,113,126143,5.3164681282473705,0.15819704306233298
143,0.0183,4,83,4,5291,671153,117,126139,5.315810733747307,0.15820928844137405
144,0.0184,0,98,0,5389,671055,117,126139,5.315034533012293,0.15822873729606596
145,0.0185,1,103,1,5492,670952,118,126138,5.314218730198961,0.1582481275640141
146,0.0186,7,124,7,5616,670828,125,126131,5.313236598656697,0.158265356185199
147,0.0187,5,108,5,5724,670720,130,126126,5.312381193765049,0.15828152491196543
148,0.0188,1,111,1,5835,670609,131,126125,5.3115020276264096,0.15830252003805537
149,0.0189,1,111,1,5946,670498,132,126124,5.310622861487771,0.1583235210677084
150,0.019,3,104,3,6050,670394,135,126121,5.309799138258776,0.1583410230818001
151,0.0191,3,103,3,6153,670291,138,126118,5.308983335445444,0.15835833095808813
152,0.0192,2,108,2,6261,670183,140,126116,5.308127930553796,0.15837769481061761
153,0.0193,4,95,4,6356,670088,144,126112,5.3073754910657716,0.1583923637277066
154,0.0194,2,122,2,6478,669966,146,126110,5.306409200354834,0.1584145232364749
155,0.0195,2,119,2,6597,669847,148,126108,5.305466670890889,0.15843609249266605
156,0.0196,4,90,4,6687,669757,152,126104,5.304753833481181,0.15844977954693093
157,0.0197,4,129,4,6816,669628,156,126100,5.303732099860601,0.15847123640238875
158,0.0198,2,107,2,6923,669521,158,126098,5.302884615384615,0.1584904332350032
159,0.0199,2,123,2,7046,669398,160,126096,5.301910404258016,0.1585128234782412
160,0.02,2,126,2,7172,669272,162,126094,5.300912431884425,0.15853581872999348
161,0.0201,5,123,5,7295,669149,167,126089,5.299938220757825,0.1585550489287484
162,0.0202,3,107,3,7402,669042,170,126086,5.2990907362818405,0.15857321085410148
163,0.0203,2,109,2,7511,668933,172,126084,5.298227410974528,0.1585928351217647
164,0.0204,1,106,1,7617,668827,173,126083,5.297387846914206,0.15861292473361766
165,0.0205,2,115,2,7732,668712,175,126081,5.2964769991129135,0.15863375746892588
166,0.0206,3,96,3,7828,668616,178,126078,5.295716639209226,0.15864974442993152
167,0.0207,3,121,3,7949,668495,181,126075,5.294758268913952,0.15867072756333614
168,0.0208,5,115,5,8064,668380,186,126070,5.29384742111266,0.15868840078041413
169,0.0209,2,123,2,8187,668257,188,126068,5.29287320998606,0.15871085512856828
170,0.021,0,115,0,8302,668142,188,126068,5.291962362184767,0.15873383613905642
171,0.0211,5,130,5,8432,668012,193,126063,5.290932708148524,0.15875452570601015
172,0.0212,1,120,1,8552,667892,194,126062,5.289982258268914,0.15877746065892986
173,0.0213,3,141,3,8693,667751,197,126059,5.288865479660372,0.15880248422166512
174,0.0214,3,120,3,8813,667631,200,126056,5.287915029780763,0.1588233144803934
175,0.0215,5,117,5,8930,667514,205,126051,5.2869883411481435,0.15884143075866503
176,0.0216,5,102,5,9032,667412,210,126046,5.286180458750475,0.15885654943298827
177,0.0217,3,140,3,9172,667272,213,126043,5.285071600557597,0.15888140272149145
178,0.0218,6,132,6,9304,667140,219,126037,5.284026105690026,0.15890148100613105
179,0.0219,4,125,4,9429,667015,223,126033,5.2830360537321,0.15892228465364014
180,0.022,5,135,5,9564,666880,228,126028,5.281966797617539,0.15894403890489187
181,0.0221,5,127,5,9691,666753,233,126023,5.2809609048282855,0.15896419669616638
182,0.0222,6,126,6,9817,666627,239,126017,5.279962932454695,0.15898309960082962
183,0.0223,3,125,3,9942,666502,242,126014,5.278972880496768,0.1590049916973285
184,0.0224,6,136,6,10078,666366,248,126008,5.277895703966544,0.1590259145302597
185,0.0225,3,129,3,10207,666237,251,126005,5.276873970345964,0.1590486240315459
186,0.0226,2,126,2,10333,666111,253,126003,5.275875997972373,0.1590718002711731
187,0.0227,6,144,6,10477,665967,259,125997,5.274735458116842,0.15909435277361092
188,0.0228,3,137,3,10614,665830,262,125994,5.273650361170954,0.1591186930428984
189,0.0229,1,147,1,10761,665683,263,125993,5.272486060068433,0.1591471763701312
190,0.023,2,131,2,10892,665552,265,125991,5.271448485616525,0.15917139056248367
191,0.0231,4,136,4,11028,665416,269,125987,5.2703713090863005,0.15919449382931325
192,0.0232,7,161,7,11189,665255,276,125980,5.269096122164491,0.15921944807800464
193,0.0233,6,133,6,11322,665122,282,125974,5.268042706881257,0.15923983941266293
194,0.0234,3,166,3,11488,664956,285,125971,5.266727917881131,0.15927007170067528
195,0.0235,3,134,3,11622,664822,288,125968,5.265666582182233,0.15929387068627576
196,0.0236,2,138,2,11760,664684,290,125966,5.264573564820682,0.15931954720799343
197,0.0237,5,145,5,11905,664539,295,125961,5.263425104549487,0.15934345351043644
198,0.0238,4,146,4,12051,664393,299,125957,5.262268723862628,0.15936863414942748
199,0.0239,3,142,3,12193,664251,302,125954,5.261144024838424,0.15939408128270513
200,0.024,3,165,3,12358,664086,305,125951,5.25983715625396,0.15942417886757201
201,0.0241,4,148,4,12506,663938,309,125947,5.258664934735775,0.1594497933243447
202,0.0242,5,152,5,12658,663786,314,125942,5.257461031554936,0.1594751610681146
203,0.0243,6,150,6,12808,663636,320,125936,5.2562729692054235,0.15949907038243505
204,0.0244,2,142,2,12950,663494,322,125934,5.255148270181219,0.1595256312165264
205,0.0245,6,149,6,13099,663345,328,125928,5.2539681282473705,0.15954935744666293
206,0.0246,8,164,8,13263,663181,336,125920,5.252669180078571,0.15957399623115417
207,0.0247,4,164,4,13427,663017,340,125916,5.251370231909771,0.15960290671070929
208,0.0248,7,140,7,13567,662877,347,125909,5.250261373716893,0.15962377628406182
209,0.0249,5,153,5,13720,662724,352,125904,5.24904955012039,0.1596494164549065
210,0.025,11,163,11,13883,662561,363,125893,5.247758522367254,0.15967069733935016
211,0.0251,3,185,3,14068,662376,366,125890,5.246293245469523,0.15970497268688488
212,0.0252,5,169,5,14237,662207,371,125885,5.244954695222405,0.15973388893682464
213,0.0253,2,171,2,14408,662036,373,125883,5.243600304143961,0.1597664226906573
214,0.0254,4,158,4,14566,661878,377,125879,5.242348878469142,0.15979420049583817
215,0.0255,5,148,5,14714,661730,382,125874,5.241176656950957,0.1598188937587925
216,0.0256,5,149,5,14863,661581,387,125869,5.239996515017108,0.15984379960632422
217,0.0257,5,167,5,15030,661414,392,125864,5.238673805601318,0.15987237036980584
218,0.0258,7,157,7,15187,661257,399,125857,5.237430300342162,0.1598967875047325
219,0.0259,4,164,4,15351,661093,403,125853,5.236131352173362,0.15992583989244497
220,0.026,8,155,8,15506,660938,411,125845,5.234903687745533,0.1599488041810766
221,0.0261,7,184,7,15690,660754,418,125838,5.2334463312634645,0.15997874374516904
222,0.0262,1,136,1,15826,660618,419,125837,5.232369154733241,0.16000534041998588
223,0.0263,5,179,5,16005,660439,424,125832,5.23095140032949,0.1600364251002517
224,0.0264,3,143,3,16148,660296,427,125829,5.229818780889621,0.16006233105422166
225,0.0265,4,168,4,16316,660128,431,125825,5.228488151058167,0.16009227014846944
226,0.0266,4,182,4,16498,659946,435,125821,5.227046635407426,0.16012507524495176
227,0.0267,4,182,4,16680,659764,439,125817,5.225605119756684,0.1601578958757913
228,0.0268,6,186,6,16866,659578,445,125811,5.22413192244329,0.16018940932455128
229,0.0269,2,193,2,17059,659385,447,125809,5.222603282220251,0.16022664462540467
230,0.027,6,205,6,17264,659180,453,125803,5.220979597009251,0.16026206936965515
231,0.0271,8,173,8,17437,659007,461,125795,5.219609365099481,0.16028883718441084
232,0.0272,2,198,2,17635,658809,463,125793,5.218041122798124,0.16032714675720938
233,0.0273,4,170,4,17805,658639,467,125789,5.216694652135344,0.16035761089609243
234,0.0274,7,188,7,17993,658451,474,125782,5.215205613990622,0.16038855799233137
235,0.0275,7,162,7,18155,658289,481,125775,5.213922506653149,0.1604142008815607
236,0.0276,4,180,4,18335,658109,485,125771,5.212496831833735,0.1604467520538858
237,0.0277,2,196,2,18531,657913,487,125769,5.210944430363705,0.16048473743176442
238,0.0278,6,161,6,18692,657752,493,125763,5.209669243441896,0.16051128568055492
239,0.0279,7,206,7,18898,657546,500,125756,5.208037637815233,0.16054599630793742
240,0.028,11,200,11,19098,657346,511,125745,5.2064535546825494,0.16057520773447786
241,0.0281,10,209,10,19307,657137,521,125735,5.204798187808896,0.16060735343708807
242,0.0282,7,236,7,19543,656901,528,125728,5.202928969712331,0.16064827651415933
243,0.0283,11,160,11,19703,656741,539,125717,5.2016617032061845,0.1606693266603447
244,0.0284,2,195,2,19898,656546,541,125715,5.200117222151818,0.16070723198523254
245,0.0285,3,187,3,20085,656359,544,125712,5.19863610442276,0.1607424389857187
246,0.0286,11,194,11,20279,656165,555,125701,5.1970995437840575,0.1607705156638094
247,0.0287,11,199,11,20478,655966,566,125690,5.195523381067038,0.16079963564534783
248,0.0288,11,216,11,20694,655750,577,125679,5.193812571283741,0.16083227011027235
249,0.0289,10,202,10,20896,655548,587,125669,5.192212647319732,0.1608631148579716
250,0.029,5,189,5,21085,655359,592,125664,5.190715688759346,0.16089667013647485
251,0.0291,8,209,8,21294,655150,600,125656,5.189060321885693,0.160931140385704
252,0.0292,6,190,6,21484,654960,606,125650,5.187555442909644,0.16096386159541898
253,0.0293,10,206,10,21690,654754,616,125640,5.185923837282981,0.16099559965863397
254,0.0294,1,219,1,21909,654535,617,125639,5.184189266252693,0.1610397167811283
255,0.0295,5,203,5,22112,654332,622,125634,5.18258142187302,0.16107625204175566
256,0.0296,12,217,12,22329,654115,634,125622,5.180862691674059,0.16110816852348933
257,0.0297,12,189,12,22518,653926,646,125610,5.1793657331136735,0.1611343157981158
258,0.0298,9,218,9,22736,653708,655,125601,5.1776390824990495,0.1611697029034696
259,0.0299,6,204,6,22940,653504,661,125595,5.176023317703713,0.16120544372409668
260,0.03,12,193,12,23133,653311,673,125583,5.174494677480674,0.16123246552162426
261,0.0301,7,225,7,23358,653086,680,125576,5.172712583956406,0.16127151446969287
262,0.0302,4,200,4,23558,652886,684,125572,5.171128500823723,0.16130863835942338
263,0.0303,8,233,8,23791,652653,692,125564,5.169283043974148,0.16134831287417262
264,0.0304,7,243,7,24034,652410,699,125557,5.167358382967938,0.16139116440671647
265,0.0305,6,187,6,24221,652223,705,125551,5.16587726523888,0.16142349834270622
266,0.0306,6,177,6,24398,652046,711,125545,5.164475351666455,0.1614537719700974
267,0.0307,3,218,3,24616,651828,714,125542,5.162748701051831,0.16149581280471334
268,0.0308,8,221,8,24837,651607,722,125534,5.160998289190217,0.16153310660485035
269,0.0309,11,210,11,25047,651397,733,125523,5.159335001900899,0.16156489728672194
270,0.031,11,216,11,25263,651181,744,125512,5.157624192117602,0.16159795440412106
271,0.0311,5,233,5,25496,650948,749,125507,5.155778735268027,0.1616410480967989
272,0.0312,9,213,9,25709,650735,758,125498,5.15409168673172,0.16167568243040428
273,0.0313,6,179,6,25888,650556,764,125492,5.152673932327969,0.1617064923819145
274,0.0314,11,197,11,26085,650359,775,125481,5.151113610442276,0.16173566714786555
275,0.0315,8,233,8,26318,650126,783,125473,5.1492681535927005,0.16177560827180024
276,0.0316,7,221,7,26539,649905,790,125466,5.147517741731086,0.16181415090324502
277,0.0317,5,215,5,26754,649690,795,125461,5.145814852363452,0.16185362593868807
278,0.0318,5,216,5,26970,649474,800,125456,5.144104042580155,0.16189333230098202
279,0.0319,8,190,8,27160,649284,808,125448,5.142599163604106,0.16192438159260233
280,0.032,11,200,11,27360,649084,819,125437,5.141015080471423,0.1619542917493522
281,0.0321,7,240,7,27600,648844,826,125430,5.139114180712204,0.16199691582049766
282,0.0322,10,251,10,27851,648593,836,125420,5.1371261563806865,0.16203862209032666
283,0.0323,4,225,4,28076,648368,840,125416,5.135344062856419,0.16208140773135654
284,0.0324,9,211,9,28287,648157,849,125407,5.133672855151438,0.16211586888738358
285,0.0325,8,215,8,28502,647942,857,125399,5.131969965783805,0.16215227176627128
286,0.0326,1,203,1,28705,647739,858,125398,5.130362121404131,0.16219376384780446
287,0.0327,6,231,6,28936,647508,864,125392,5.128532505385882,0.1622357355414672
288,0.0328,11,217,11,29153,647291,875,125381,5.126813775186922,0.16226937173859024
289,0.0329,8,226,8,29379,647065,883,125373,5.12502376124699,0.16230817230638575
290,0.033,7,241,7,29620,646824,890,125366,5.1231149410721075,0.16235123479972546
291,0.0331,5,218,5,29838,646606,895,125361,5.1213882904574834,0.16239165663817234
292,0.0332,9,235,9,30073,646371,904,125352,5.1195269927765805,0.16243133870572732
293,0.0333,9,210,9,30283,646161,913,125343,5.117863705487264,0.16246578112362348
294,0.0334,8,209,8,30492,645952,921,125335,5.11620833861361,0.16250111826077712
295,0.0335,5,237,5,30729,645715,926,125330,5.114331200101382,0.16254563611721753
296,0.0336,4,210,4,30939,645505,930,125326,5.112667912812064,0.16258557323200545
297,0.0337,7,212,7,31151,645293,937,125319,5.110988784691421,0.16262269468941568
298,0.0338,9,250,9,31401,645043,946,125310,5.109008680775567,0.16266568702919312
299,0.0339,5,222,5,31623,644821,951,125305,5.107250348498289,0.16270714142880516
300,0.034,8,220,8,31843,644601,959,125297,5.105507857052338,0.1627449350433434
301,0.0341,9,246,9,32089,644355,968,125288,5.103559434799139,0.16278716235969143
302,0.0342,5,238,5,32327,644117,973,125283,5.101674375871245,0.16283207694307253
303,0.0343,14,231,14,32558,643886,987,125269,5.0998447598529975,0.16286574227561415
304,0.0344,9,266,9,32824,643620,996,125260,5.097737929286529,0.16291228800332952
305,0.0345,11,225,11,33049,643395,1007,125249,5.095955835762261,0.1629479967319071
306,0.0346,15,210,15,33259,643185,1022,125234,5.094292548472944,0.16297618877201112
307,0.0347,13,249,13,33508,642936,1035,125221,5.092320364972754,0.16301485243251054
308,0.0348,13,230,13,33738,642706,1048,125208,5.090498669370168,0.16304950814804783
309,0.0349,10,260,10,33998,642446,1058,125198,5.088439361297681,0.16309382995242586
310,0.035,8,253,8,34251,642193,1066,125190,5.086435496134837,0.16313887589378445
311,0.0351,4,250,4,34501,641943,1070,125186,5.084455392218984,0.16318767769175718
312,0.0352,11,220,11,34721,641723,1081,125175,5.082712900773033,0.16322248851868176
313,0.0353,5,245,5,34966,641478,1086,125170,5.080772398935496,0.16326919264121215
314,0.0354,12,213,12,35179,641265,1098,125158,5.079085350399189,0.1633014666835416
315,0.0355,4,277,4,35456,640988,1102,125154,5.076891395260423,0.16335614024554196
316,0.0356,10,242,10,35698,640746,1112,125144,5.0749746546698775,0.16339683244330125
317,0.0357,16,264,16,35962,640482,1128,125128,5.072883664934736,0.16343569180130876
318,0.0358,11,221,11,36183,640261,1139,125117,5.071133253073121,0.16347086015014803
319,0.0359,11,264,11,36447,639997,1150,125106,5.06904226333798,0.16351523912466687
320,0.036,8,255,8,36702,639742,1158,125098,5.067022557343809,0.16356100622352387
321,0.0361,14,231,14,36933,639511,1172,125084,5.065192941325561,0.16359510590574095
322,0.0362,16,246,16,37179,639265,1188,125068,5.063244519072361,0.16363025016583085
323,0.0363,5,255,5,37434,639010,1193,125063,5.061224813078191,0.16367938665546355
324,0.0364,4,228,4,37662,638782,1197,125059,5.059418958306932,0.1637238639978739
325,0.0365,12,237,12,37899,638545,1209,125047,5.057541819794703,0.16376153757504008
326,0.0366,9,262,9,38161,638283,1218,125038,5.055466670890889,0.1638078868523203
327,0.0367,12,246,12,38407,638037,1230,125026,5.053518248637689,0.16384754600865198
328,0.0368,7,252,7,38659,637785,1237,125019,5.051522303890509,0.16389400160460615
329,0.0369,5,284,5,38943,637501,1242,125014,5.049272905842098,0.1639495616479676
330,0.037,10,267,10,39210,637234,1252,125004,5.047158154859967,0.1639960222397729
331,0.0371,13,257,13,39467,636977,1265,124991,5.04512260803447,0.1640370724229889
332,0.0372,11,245,11,39712,636732,1276,124980,5.043182106196933,0.16407776167370344
333,0.0373,18,265,18,39977,636467,1294,124962,5.041083196046128,0.1641151046256447
334,0.0374,13,251,13,40228,636216,1307,124949,5.039095171714612,0.16415494669355526
335,0.0375,15,257,15,40485,635959,1322,124934,5.037059624889114,0.16419391425601235
336,0.0376,10,283,10,40768,635676,1332,124924,5.0348181472563684,0.16424401788062057
337,0.0377,14,266,14,41034,635410,1346,124910,5.0327113166899,0.16428609006734007
338,0.0378,10,270,10,41304,635140,1356,124900,5.030572804460778,0.1643334561338877
339,0.0379,11,297,11,41601,634843,1367,124889,5.028220441008744,0.16438559913232562
340,0.038,9,269,9,41870,634574,1376,124880,5.0260898491952855,0.1644339222652063
341,0.0381,11,249,11,42119,634325,1387,124869,5.024117665695096,0.16447574664710204
342,0.0382,11,238,11,42357,634087,1398,124858,5.022232606767203,0.16451521520004744
343,0.0383,14,273,14,42630,633814,1412,124844,5.020070333291091,0.16455899759839085
344,0.0384,8,297,8,42927,633517,1420,124836,5.017717969839057,0.16461463197218182
345,0.0385,14,286,14,43213,633231,1434,124822,5.01545273095932,0.16466130996117687
346,0.0386,6,277,6,43490,632954,1440,124816,5.013258775820555,0.1647148871029468
347,0.0387,10,255,10,43745,632699,1450,124806,5.0112390698263845,0.16475930851941573
348,0.0388,15,264,15,44009,632435,1465,124791,5.009148080091244,0.1648002049586253
349,0.0389,14,280,14,44289,632155,1479,124777,5.006930363705488,0.16484571929843103
350,0.039,12,245,12,44534,631910,1491,124765,5.0049898618679505,0.16488584927478772
351,0.0391,14,283,14,44817,631627,1505,124751,5.002748384235205,0.16493208422243905
352,0.0392,10,256,10,45073,631371,1515,124741,5.000720757825371,0.16497688173180694
353,0.0393,10,304,10,45377,631067,1525,124731,4.998312951463693,0.16503219114101916
354,0.0394,17,251,17,45628,630816,1542,124714,4.996324927132176,0.1650682302489643
355,0.0395,12,310,12,45938,630506,1554,124702,4.993869598276517,0.16512272115761487
356,0.0396,16,285,16,46223,630221,1570,124686,4.991612279812444,0.16516736498668047
357,0.0397,7,285,7,46508,629936,1577,124679,4.989354961348371,0.16522200062283415
358,0.0398,9,257,9,46765,629679,1586,124670,4.987319414522874,0.16526833070634414
359,0.0399,10,257,10,47022,629422,1596,124660,4.985283867697377,0.1653135865860742
360,0.04,19,270,19,47292,629152,1615,124641,4.983145355468255,0.16535176102723162
361,0.0401,15,283,15,47575,628869,1630,124626,4.980903877835509,0.16539724882049647
362,0.0402,15,270,15,47845,628599,1645,124611,4.978765365606387,0.1654399171545784
363,0.0403,21,276,21,48121,628323,1666,124590,4.976579330883284,0.16547728622032026
364,0.0404,19,333,19,48454,627990,1685,124571,4.973941832467368,0.16552943880961143
365,0.0405,13,306,13,48760,627684,1698,124558,4.9715181852743635,0.1655823524876303
366,0.0406,17,268,17,49028,627416,1715,124541,4.969395513876568,0.16562250235053333
367,0.0407,14,300,14,49328,627116,1729,124527,4.967019389177544,0.16567306553776195
368,0.0408,15,285,15,49613,626831,1744,124512,4.964762070713471,0.16571925205931246
369,0.0409,17,270,17,49883,626561,1761,124495,4.962623558484349,0.1657599433331203
370,0.041,9,280,9,50163,626281,1770,124486,4.960405842098593,0.16581176317019794
371,0.0411,11,304,11,50467,625977,1781,124475,4.9579980357369156,0.16586670433285539
372,0.0412,11,294,11,50761,625683,1792,124464,4.955669433531872,0.16591947978196273
373,0.0413,18,253,18,51014,625430,1810,124446,4.953665568369028,0.16595543796574366
374,0.0414,7,262,7,51276,625168,1817,124439,4.951590419465213,0.16600565362916836
375,0.0415,17,262,17,51538,624906,1834,124422,4.949515270561399,0.166044776119403
376,0.0416,17,332,17,51870,624574,1851,124405,4.946885692561145,0.16609945005133656
377,0.0417,16,282,16,52152,624292,1867,124389,4.944652135344063,0.1661441922527752
378,0.0418,10,289,10,52441,624003,1877,124379,4.942363135217336,0.16619720944651262
379,0.0419,11,285,11,52726,623718,1888,124368,4.940105816753263,0.1662482655737442
380,0.042,11,264,11,52990,623454,1899,124357,4.938014827018122,0.16629469210803263
381,0.0421,14,258,14,53248,623196,1913,124343,4.935971359776961,0.16633647207704214
382,0.0422,16,273,16,53521,622923,1929,124327,4.933809086300849,0.16637939110070257
383,0.0423,19,310,19,53831,622613,1948,124308,4.931353757445191,0.16642723929304437
384,0.0424,19,279,19,54110,622334,1967,124289,4.9291439614750985,0.16646821756093771
385,0.0425,17,311,17,54421,622023,1984,124272,4.926680712203776,0.16651860189335316
386,0.0426,6,295,6,54716,621728,1990,124266,4.92434418958307,0.16657774727410676
387,0.0427,15,309,15,55025,621419,2005,124251,4.921896781143074,0.16663001059449892
388,0.0428,15,281,15,55306,621138,2020,124236,4.919671144341655,0.16667605792528314
389,0.0429,17,320,17,55626,620818,2037,124219,4.917136611329362,0.16672863226926984
390,0.043,11,305,11,55931,620513,2048,124208,4.914720884552021,0.16678460792699548
391,0.0431,10,285,10,56216,620228,2058,124198,4.912463566087948,0.1668372679084288
392,0.0432,16,327,16,56543,619901,2074,124182,4.909873590166012,0.16689267191966486
393,0.0433,7,281,7,56824,619620,2081,124175,4.9076479533645925,0.16694788214494585
394,0.0434,25,310,25,57134,619310,2106,124150,4.905192624508934,0.16698948161299867
395,0.0435,19,311,19,57445,618999,2125,124131,4.902729375237612,0.1670380687093779
396,0.0436,13,290,13,57735,618709,2138,124118,4.900432454695222,0.16708870302237264
397,0.0437,12,315,12,58050,618394,2150,124106,4.897937523761247,0.16714612794612796
398,0.0438,15,315,15,58365,618079,2165,124091,4.895442592827272,0.16720023714243368
399,0.0439,14,255,14,58620,617824,2179,124077,4.893422886833101,0.16724199050816754
400,0.044,14,284,14,58904,617540,2193,124063,4.891173488784691,0.1672903157080001
401,0.0441,13,288,13,59192,617252,2206,124050,4.8888924090736285,0.16734070594710387
402,0.0442,15,323,15,59515,616929,2221,124035,4.886334114814345,0.1673967966055031
403,0.0443,13,297,13,59812,616632,2234,124022,4.883981751362311,0.16744930831400356
404,0.0444,12,294,12,60106,616338,2246,124010,4.881653149157268,0.167502309724616
405,0.0445,12,289,12,60395,616049,2258,123998,4.8793641490305415,0.167554222907464
406,0.0446,10,298,10,60693,615751,2268,123988,4.877003865162844,0.16761046801642202
407,0.0447,12,328,12,61021,615423,2280,123976,4.874405968825244,0.16767131142995867
408,0.0448,18,318,18,61339,615105,2298,123958,4.871887276644278,0.16772318462702096
409,0.0449,15,320,15,61659,614785,2313,123943,4.8693527436319854,0.16777893893286838
410,0.045,18,346,18,62005,614439,2331,123925,4.866612279812444,0.1678372726730989
411,0.0451,18,316,18,62321,614123,2349,123907,4.864109428462806,0.1678888392070783
412,0.0452,21,315,21,62636,613808,2370,123886,4.86161449752883,0.16793684102080267
413,0.0453,19,295,19,62931,613513,2389,123867,4.859277974908123,0.16798258699720633
414,0.0454,13,330,13,63261,613183,2402,123854,4.856664237739197,0.16804312402226754
415,0.0455,17,338,17,63599,612845,2419,123837,4.853987137244963,0.16810102595149604
416,0.0456,16,315,16,63914,612530,2435,123821,4.851492206310987,0.16815486092909496
417,0.0457,10,333,10,64247,612197,2445,123811,4.84885470789507,0.16821963891696828
418,0.0458,15,294,15,64541,611903,2460,123796,4.846526105690026,0.16826990386013846
419,0.0459,16,331,16,64872,611572,2476,123780,4.8439044481054365,0.16832754925532262
420,0.046,14,272,14,65144,611300,2490,123766,4.841750095044988,0.1683739963486272
421,0.0461,18,327,18,65471,610973,2508,123748,4.8391601191230516,0.1684285599567727
422,0.0462,15,293,15,65764,610680,2523,123733,4.836839437333671,0.16847877148144164
423,0.0463,15,309,15,66073,610371,2538,123718,4.834392028893676,0.16853269835128984
424,0.0464,10,308,10,66381,610063,2548,123708,4.831952540869345,0.16859210843710096
425,0.0465,19,322,19,66703,609741,2567,123689,4.829402167025726,0.16864458775888633
426,0.0466,24,291,24,66994,609450,2591,123665,4.827097326067672,0.1686843128295015
427,0.0467,15,303,15,67297,609147,2606,123650,4.824697440121658,0.16873704450209268
428,0.0468,15,361,15,67658,608786,2621,123635,4.821838170067165,0.168803188330209
429,0.0469,24,346,24,68004,608440,2645,123611,4.819097706247624,0.1688557218008035
430,0.047,20,350,20,68354,608090,2665,123591,4.816325560765429,0.16891377526545037
431,0.0471,13,294,13,68648,607796,2678,123578,4.813996958560385,0.16896690339005763
432,0.0472,13,317,13,68965,607479,2691,123565,4.811486186795083,0.1690253938203446
433,0.0473,18,338,18,69303,607141,2709,123547,4.808809086300849,0.169083110712096
434,0.0474,21,321,21,69624,606820,2730,123526,4.806266632872894,0.1691335339688312
435,0.0475,24,314,24,69938,606506,2754,123502,4.803779622354581,0.16917896790172163
436,0.0476,22,334,22,70272,606172,2776,123480,4.8011342035230005,0.16923135960704555
437,0.0477,17,326,17,70598,605846,2793,123463,4.798552148016728,0.16928764076680802
438,0.0478,18,315,18,70913,605531,2811,123445,4.796057217082753,0.1693402800640899
439,0.0479,21,319,21,71232,605212,2832,123424,4.793530604486123,0.16939047754983283
440,0.048,22,327,22,71559,604885,2854,123402,4.790940628564187,0.16944144272793554
441,0.0481,17,307,17,71866,604578,2871,123385,4.788509060955519,0.16949350447756273
442,0.0482,13,336,13,72202,604242,2884,123372,4.785847801292612,0.16955693540805977
443,0.0483,12,310,12,72512,603932,2896,123360,4.783392472436954,0.16961550518911248
444,0.0484,21,338,21,72850,603594,2917,123339,4.780715371942719,0.16967038227732129
445,0.0485,12,338,12,73188,603256,2929,123327,4.7780382714484855,0.16973559799775112
446,0.0486,13,306,13,73494,602950,2942,123314,4.775614624255481,0.16979225185332056
447,0.0487,25,310,25,73804,602640,2967,123289,4.7731592953998225,0.1698361685509189
448,0.0488,19,349,19,74153,602291,2986,123270,4.770395070333291,0.16989612175957639
449,0.0489,20,323,20,74476,601968,3006,123250,4.767836776074009,0.16994889812442604
450,0.049,16,320,16,74796,601648,3022,123234,4.765302243061716,0.17000560091159664
451,0.0491,20,318,20,75114,601330,3042,123214,4.762783550880751,0.17005730500839147
452,0.0492,21,324,21,75438,601006,3063,123193,4.7602173362058045,0.17010932078061416
453,0.0493,16,280,16,75718,600726,3079,123177,4.7579996198200485,0.1701567751480516
454,0.0494,16,325,16,76043,600401,3095,123161,4.755425484729439,0.17021485373748207
455,0.0495,13,309,13,76352,600092,3108,123148,4.752978076289444,0.17027266191029258
456,0.0496,17,340,17,76692,599752,3125,123131,4.750285134963883,0.17033323511550277
457,0.0497,11,339,11,77031,599413,3136,123120,4.747600114053985,0.17040052149867202
458,0.0498,17,315,17,77346,599098,3153,123103,4.74510518312001,0.17045531645622203
459,0.0499,18,334,18,77680,598764,3171,123085,4.74245976428843,0.17051350074600088
460,0.05,23,314,23,77994,598450,3194,123062,4.739972753770118,0.17056126578629324
461,0.0501,14,348,14,78342,598102,3208,123048,4.737216449119249,0.1706274700131734
462,0.0502,21,330,21,78672,597772,3229,123027,4.734602711950323,0.1706814243637963
463,0.0503,17,343,17,79015,597429,3246,123010,4.731886009377772,0.17074311634989223
464,0.0504,24,326,24,79341,597103,3270,122986,4.729303953871499,0.17079277700395368
465,0.0505,18,353,18,79694,596750,3288,122968,4.726508047142314,0.17085580741345915
466,0.0506,19,368,19,80062,596382,3307,122949,4.723593334178178,0.17092131438795213
467,0.0507,22,318,22,80380,596064,3329,122927,4.721074641997212,0.17097154206380888
468,0.0508,14,374,14,80754,595690,3343,122913,4.718112406539095,0.1710443735971044
469,0.0509,18,381,18,81135,595309,3361,122895,4.7150947281713345,0.17111433520281147
470,0.051,25,364,25,81499,594945,3386,122870,4.7122116968698515,0.17117223797217945
471,0.0511,24,316,24,81815,594629,3410,122846,4.709708845520213,0.17121990313251334
472,0.0512,12,315,12,82130,594314,3422,122834,4.707213914586237,0.17128124180782767
473,0.0513,11,351,11,82481,593963,3433,122823,4.704433848688379,0.17135239806581043
474,0.0514,23,321,23,82802,593642,3456,122800,4.701891395260423,0.1714025699219197
475,0.0515,13,314,13,83116,593328,3469,122787,4.699404384742111,0.1714626840661067
476,0.0516,23,343,23,83459,592985,3492,122764,4.696687682169561,0.1715182277586137
477,0.0517,24,306,24,83765,592679,3516,122740,4.694264034976555,0.1715637968798704
478,0.0518,10,393,10,84158,592286,3526,122730,4.691151311620834,0.17164650860959754
479,0.0519,17,338,17,84496,591948,3543,122713,4.6884742111266,0.1717079846248781
480,0.052,13,334,13,84830,591614,3556,122700,4.68582879229502,0.17177319778136785
481,0.0521,18,374,18,85204,591240,3574,122682,4.682866556836903,0.17184230210022944
482,0.0522,17,318,17,85522,590922,3591,122665,4.680347864655937,0.1718991517502421
483,0.0523,16,339,16,85861,590583,3607,122649,4.67766284374604,0.17196227875361733
484,0.0524,19,382,19,86243,590201,3626,122630,4.674637244962615,0.17203236110662976
485,0.0525,22,302,22,86545,589899,3648,122608,4.672245279432264,0.17207971290106625
486,0.0526,21,313,21,86858,589586,3669,122587,4.669766189329616,0.1721309288613862
487,0.0527,18,328,18,87186,589258,3687,122569,4.667168292992017,0.17218931004303012
488,0.0528,18,319,18,87505,588939,3705,122551,4.664641680395387,0.17224556915768316
489,0.0529,16,333,16,87838,588606,3721,122535,4.66200418197947,0.17230760144612672
490,0.053,23,353,23,88191,588253,3744,122512,4.659208275250285,0.1723663939558082
491,0.0531,22,352,22,88543,587901,3766,122490,4.656420288936763,0.1724261709396656
492,0.0532,16,312,16,88855,587589,3782,122474,4.653949119249778,0.17248328669427923
493,0.0533,31,334,31,89189,587255,3813,122443,4.651303700418198,0.17252831486068723
494,0.0534,22,342,22,89531,586913,3835,122421,4.648594918261311,0.17258583403587027
495,0.0535,22,323,22,89854,586590,3857,122399,4.646036624002027,0.1726387856511173
496,0.0536,16,349,16,90203,586241,3873,122383,4.643272398935496,0.17270512994197204
497,0.0537,24,353,24,90556,585888,3897,122359,4.640476492206311,0.17276317442925984
498,0.0538,17,363,17,90919,585525,3914,122342,4.637601381320492,0.17283190203809473
499,0.0539,23,369,23,91288,585156,3937,122319,4.634678747940692,0.1728951553058412
500,0.054,21,343,21,91631,584813,3958,122298,4.631962045368141,0.17295445835236617
501,0.0541,21,325,21,91956,584488,3979,122277,4.629387910277531,0.17300941614256507
502,0.0542,22,352,22,92308,584136,4001,122255,4.62659992396401,0.173069872068019
503,0.0543,22,324,22,92632,583812,4023,122233,4.624033709289064,0.17312352612085632
504,0.0544,22,355,22,92987,583457,4045,122211,4.621221961728551,0.17318484046322066
505,0.0545,20,384,20,93371,583073,4065,122191,4.618180522113801,0.173255688649924
506,0.0546,19,354,19,93725,582719,4084,122172,4.615376694968952,0.173320414078205
507,0.0547,17,362,17,94087,582357,4101,122155,4.612509504498796,0.17338952352834303
508,0.0548,21,364,21,94451,581993,4122,122134,4.609626473197314,0.17345450465612028
509,0.0549,21,299,21,94750,581694,4143,122113,4.607258268913952,0.1735035315079276
510,0.055,22,358,22,95108,581336,4165,122091,4.60442276010645,0.17356598481434463
511,0.0551,19,364,19,95472,580972,4184,122072,4.601539728804967,0.17363351369188842
512,0.0552,21,397,21,95869,580575,4205,122051,4.598395323786592,0.173706922317136
513,0.0553,25,359,25,96228,580216,4230,122026,4.595551894563426,0.1737663084805523
514,0.0554,19,368,19,96596,579848,4249,122007,4.59263718159929,0.17383505139950559
515,0.0555,26,387,26,96983,579461,4275,121981,4.589571980737549,0.17390033673489755
516,0.0556,20,349,20,97332,579112,4295,121961,4.586807755671018,0.17396333905313713
517,0.0557,22,390,22,97722,578722,4317,121939,4.583718793562286,0.1740342333881863
518,0.0558,20,347,20,98069,578375,4337,121919,4.580970409327081,0.1740968793106895
519,0.0559,23,344,23,98413,578031,4360,121896,4.578245786338867,0.1741553047674972
520,0.056,26,362,26,98775,577669,4386,121870,4.575378595868711,0.17421473284548825
521,0.0561,28,343,28,99118,577326,4414,121842,4.57266189329616,0.17426712893038582
522,0.0562,19,363,19,99481,576963,4433,121823,4.569786782410341,0.17433520419699308
523,0.0563,24,375,24,99856,576588,4457,121799,4.566816626536561,0.1744004398707307
524,0.0564,22,373,22,100229,576215,4479,121777,4.563862311494107,0.17446761567467822
525,0.0565,20,361,20,100590,575854,4499,121757,4.561003041439615,0.17453423182833985
526,0.0566,21,366,21,100956,575488,4520,121736,4.558104169306805,0.17460098906520716
527,0.0567,28,337,28,101293,575151,4548,121708,4.555434989228234,0.17465226107433499
528,0.0568,30,325,30,101618,574826,4578,121678,4.552860854137625,0.17469820704547281
529,0.0569,27,336,27,101954,574490,4605,121651,4.5501995944747184,0.17475051749573722
530,0.057,22,366,22,102320,574124,4627,121629,4.547300722341909,0.17481635005526386
531,0.0571,21,362,21,102682,573762,4648,121608,4.544433531871753,0.17488243668838171
532,0.0572,22,385,22,103067,573377,4670,121586,4.541384171841338,0.1749531989472821
533,0.0573,26,352,26,103419,573025,4696,121560,4.538596185527816,0.1750109777780977
534,0.0574,19,380,19,103799,572645,4715,121541,4.535586427575719,0.17508419933562475
535,0.0575,19,382,19,104181,572263,4734,121522,4.532560828792295,0.17515801004634002
536,0.0576,27,384,27,104565,571879,4761,121495,4.529519389177544,0.17522289558016307
537,0.0577,26,360,26,104925,571519,4787,121469,4.526668039538715,0.17528297748301558
538,0.0578,24,376,24,105301,571143,4811,121445,4.5236899632492715,0.17534955846766043
539,0.0579,28,355,28,105656,570788,4839,121417,4.520878215688759,0.1754061296870147
540,0.058,20,379,20,106035,570409,4859,121397,4.517876378152326,0.17547838555895728
541,0.0581,30,341,30,106376,570068,4889,121367,4.515175516411102,0.17552915313803902
542,0.0582,24,391,24,106767,569677,4913,121343,4.5120786338867065,0.17559983792075481
543,0.0583,25,383,25,107150,569294,4938,121318,4.509045114687619,0.17566737907826682
544,0.0584,14,372,14,107522,568922,4952,121304,4.5060987200608285,0.17574533558573568
545,0.0585,34,360,34,107882,568562,4986,121270,4.503247370422,0.1757964257964258
546,0.0586,25,362,25,108244,568200,5011,121245,4.5003801799518435,0.1758588429823989
547,0.0587,33,352,33,108596,567848,5044,121212,4.497592193638322,0.17590920964792617
548,0.0588,30,361,30,108957,567487,5074,121182,4.49473292358383,0.1759655218980381
549,0.0589,16,379,16,109336,567108,5090,121166,4.491731086047396,0.17604326184048794
550,0.059,36,365,36,109701,566743,5126,121130,4.48884013433025,0.17609355215279565
551,0.0591,28,372,28,110073,566371,5154,121102,4.485893739703459,0.17615528173470085
552,0.0592,24,344,24,110417,566027,5178,121078,4.483169116715246,0.1762146978991566
553,0.0593,25,336,25,110753,565691,5203,121053,4.480507857052338,0.17627092482788345
554,0.0594,24,390,24,111143,565301,5227,121029,4.4774188949436065,0.17634228432386753
555,0.0595,23,365,23,111508,564936,5250,121006,4.474527943226461,0.1764085010102895
556,0.0596,23,407,23,111915,564529,5273,120983,4.471304334051451,0.1764856049201181
557,0.0597,22,364,22,112279,564165,5295,120961,4.468421302749968,0.1765529260311242
558,0.0598,36,375,36,112654,563790,5331,120925,4.465451146876188,0.1766063252594145
559,0.0599,17,382,17,113036,563408,5348,120908,4.462425548092764,0.1766844557192876
560,0.06,30,366,30,113402,563042,5378,120878,4.459526675959954,0.17674289390571996
561,0.0601,26,364,26,113766,562678,5404,120852,4.456643644658472,0.17680569982297778
562,0.0602,25,362,25,114128,562316,5429,120827,4.453776454188316,0.176869264561007
563,0.0603,24,402,24,114530,561914,5453,120803,4.450592447091624,0.1769444733322885
564,0.0604,20,392,20,114922,561522,5473,120783,4.447487644151565,0.17702200628751072
565,0.0605,28,383,28,115305,561139,5501,120755,4.444454124952477,0.17708764118763326
566,0.0606,17,399,17,115704,560740,5518,120738,4.441293879102775,0.17717079641602518
567,0.0607,39,367,39,116071,560373,5557,120699,4.438387086554302,0.17721914863626753
568,0.0608,15,365,15,116436,560008,5572,120684,4.435496134837156,0.17729604578869737
569,0.0609,25,361,25,116797,559647,5597,120659,4.432636864782664,0.17735989393008442
570,0.061,22,345,22,117142,559302,5619,120637,4.429904321378786,0.17742326885205878
571,0.0611,27,378,27,117520,558924,5646,120610,4.426910404258016,0.17748927941795406
572,0.0612,20,378,20,117898,558546,5666,120590,4.423916487137245,0.17756384582763982
573,0.0613,25,392,25,118290,558154,5691,120565,4.4208116841971865,0.17763610566375776
574,0.0614,24,353,24,118643,557801,5715,120541,4.418015777468002,0.17769944954020245
575,0.0615,27,345,27,118988,557456,5742,120514,4.415283234064123,0.1777571278965146
576,0.0616,19,380,19,119368,557076,5761,120495,4.412273476112026,0.17783376207069074
577,0.0617,24,415,24,119783,556661,5785,120471,4.408986503611709,0.17791361211698753
578,0.0618,31,347,31,120130,556314,5816,120440,4.406238119376505,0.1779671786202963
579,0.0619,23,382,23,120512,555932,5839,120417,4.4032125205930805,0.17803973983845617
580,0.062,26,383,26,120895,555549,5865,120391,4.400179001393993,0.17810900375772998
581,0.0621,33,356,33,121251,555193,5898,120358,4.397359333417818,0.17816271458409505
582,0.0622,28,371,28,121622,554822,5926,120330,4.394420859206691,0.17822653269189753
583,0.0623,32,419,32,122041,554403,5958,120298,4.391102205043721,0.1782982387753983
584,0.0624,26,401,26,122442,554002,5984,120272,4.387926118362691,0.1783725903712734
585,0.0625,25,405,25,122847,553597,6009,120247,4.384718350019009,0.17844931467817476
586,0.0626,23,365,23,123212,553232,6032,120224,4.381827398301863,0.17851797296334132
587,0.0627,20,383,20,123595,552849,6052,120204,4.378793879102775,0.178595147781824
588,0.0628,25,346,25,123941,552503,6077,120179,4.376053415283234,0.17865648255788025
589,0.0629,33,360,33,124301,552143,6110,120146,4.373202065644405,0.1787118337500688
590,0.063,32,402,32,124703,551741,6142,120114,4.370018058547712,0.178779647394155
591,0.0631,24,372,24,125075,551369,6166,120090,4.367071663920923,0.17884934150856568
592,0.0632,27,368,27,125443,551001,6193,120063,4.364156950956787,0.17891438074460855
593,0.0633,25,326,25,125769,550675,6218,120038,4.361574895450513,0.17897073711110414
594,0.0634,22,421,22,126190,550254,6240,120016,4.358240400456216,0.1790562012323392
595,0.0635,26,368,26,126558,549886,6266,119990,4.35532568749208,0.17912270330628355
596,0.0636,28,381,28,126939,549505,6294,119962,4.352308009124319,0.17919031109823189
597,0.0637,23,363,23,127302,549142,6317,119939,4.3494328982385,0.1792593124001429
598,0.0638,31,367,31,127669,548775,6348,119908,4.346526105690026,0.17931964772545436
599,0.0639,27,373,27,128042,548402,6375,119881,4.343571790647573,0.1793865772434732
600,0.064,32,398,32,128440,548004,6407,119849,4.340419465213534,0.1794541613199312
601,0.0641,28,422,28,128862,547582,6435,119821,4.337077049803574,0.17953320557444302
602,0.0642,25,374,25,129236,547208,6460,119796,4.334114814345456,0.17960312082086463
603,0.0643,20,317,20,129553,546891,6480,119776,4.331604042580155,0.17966391016804492
604,0.0644,25,405,25,129958,546486,6505,119751,4.328396274236472,0.17974234394066976
605,0.0645,30,372,30,130330,546114,6535,119721,4.325449879609682,0.17980580774516208
606,0.0646,27,407,27,130737,545707,6562,119694,4.322226270434673,0.1798825069394245
607,0.0647,29,404,29,131141,545303,6591,119665,4.319026422506653,0.17995602795924015
608,0.0648,23,395,23,131536,544908,6614,119642,4.315897858319604,0.18003460988638928
609,0.0649,25,356,25,131892,544552,6639,119617,4.313078190343429,0.1801002455700281
610,0.065,26,382,26,132274,544170,6665,119591,4.310052591560005,0.18017177869745285
611,0.0651,31,373,31,132647,543797,6696,119560,4.307098276517552,0.18023477554318415
612,0.0652,37,388,37,133035,543409,6733,119523,4.304025155240147,0.1802945098441469
613,0.0653,26,409,26,133444,543000,6759,119497,4.30078570523381,0.18037364697500516
614,0.0654,27,373,27,133817,542627,6786,119470,4.297831390191357,0.18044183858256418
615,0.0655,33,392,33,134209,542235,6819,119437,4.294726587251299,0.1805078649240107
616,0.0656,31,390,31,134599,541845,6850,119406,4.291637625142568,0.18057590839182094
617,0.0657,39,365,39,134964,541480,6889,119367,4.288746673425421,0.18062728589219593
618,0.0658,21,428,21,135392,541052,6910,119346,4.28535673552148,0.18071829411960666
619,0.0659,25,386,25,135778,540666,6935,119321,4.282299455075402,0.18079295501275025
620,0.066,30,409,30,136187,540257,6965,119291,4.279060005069066,0.18086780643713574
621,0.0661,23,441,23,136628,539816,6988,119268,4.2755671017615,0.18096024179012082
622,0.0662,30,369,30,136997,539447,7018,119238,4.272644468381701,0.18102431359451027
623,0.0663,37,424,37,137421,539023,7055,119201,4.269286212140413,0.18109488563163909
624,0.0664,25,429,25,137850,538594,7080,119176,4.2658883538208086,0.18118187208294692
625,0.0665,33,368,33,138218,538226,7113,119143,4.262973640856672,0.18124219426227886
626,0.0666,26,338,26,138556,537888,7139,119117,4.260296540362439,0.18130303422348384
627,0.0667,36,406,36,138962,537482,7175,119081,4.257080851603092,0.18137025692888573
628,0.0668,31,372,31,139334,537110,7206,119050,4.254134456976302,0.18143440624237991
629,0.0669,31,381,31,139715,536729,7237,119019,4.251116778608542,0.1815011254323307
630,0.067,20,416,20,140131,536313,7257,118999,4.247821885692561,0.18159136411358254
631,0.0671,34,370,34,140501,535943,7291,118965,4.244891331897098,0.18165146860322365
632,0.0672,30,408,30,140909,535535,7321,118935,4.241659802306425,0.1817271991076749
633,0.0673,32,384,32,141293,535151,7353,118903,4.238618362691674,0.1817938579994924
634,0.0674,28,393,28,141686,534758,7381,118875,4.235505639335952,0.18186811253409788
635,0.0675,23,404,23,142090,534354,7404,118852,4.232305791407933,0.18195178856287297
636,0.0676,21,388,21,142478,533966,7425,118831,4.2292326701305285,0.18203361841430032
637,0.0677,26,360,26,142838,533606,7451,118805,4.2263813204917,0.18210146671346744
638,0.0678,25,425,25,143263,533181,7476,118780,4.223015143834749,0.18218881190746072
639,0.0679,30,386,30,143649,532795,7506,118750,4.219957863388671,0.18225909185090822
640,0.068,24,442,24,144091,532353,7530,118726,4.216457039665442,0.1823526791679658
641,0.0681,24,432,24,144523,531921,7554,118702,4.213035420098847,0.18244359636840382
642,0.0682,28,384,28,144907,531537,7582,118674,4.209993980484096,0.18251613706935133
643,0.0683,30,395,30,145302,531142,7612,118644,4.206865416297047,0.1825893447996725
644,0.0684,31,409,31,145711,530733,7643,118613,4.203625966290711,0.18266532788374765
645,0.0685,38,389,38,146100,530344,7681,118575,4.200544924597643,0.18272696592332788
646,0.0686,46,405,46,146505,529939,7727,118529,4.19733715625396,0.1827831134304237
647,0.0687,34,346,34,146851,529593,7761,118495,4.194596692434419,0.1828378244929701
648,0.0688,39,380,39,147231,529213,7800,118456,4.191586934482322,0.18289589280944432
649,0.0689,37,400,37,147631,528813,7837,118419,4.188418768216956,0.1829622144764165
650,0.069,24,398,24,148029,528415,7861,118395,4.185266442782917,0.18304447983178987
651,0.0691,28,407,28,148436,528008,7889,118367,4.182042833607908,0.18312434732160124
652,0.0692,32,398,32,148834,527610,7921,118335,4.178890508173869,0.18319671179434782
653,0.0693,41,377,41,149211,527233,7962,118294,4.175904511468762,0.18325182370373355
654,0.0694,28,402,28,149613,526831,7990,118266,4.172720504372069,0.18333056889119
655,0.0695,35,403,35,150016,526428,8025,118231,4.1695285768597135,0.18340083672142946
656,0.0696,42,420,42,150436,526008,8067,118189,4.1662020022810795,0.18346716920445144
657,0.0697,21,402,21,150838,525606,8088,118168,4.163017995184387,0.18355509852836555
658,0.0698,26,398,26,151236,525208,8114,118142,4.159865669750348,0.18363565710732882
659,0.0699,36,386,36,151622,524822,8150,118106,4.15680838930427,0.18370019660055248
660,0.07,26,369,26,151991,524453,8176,118080,4.153885755924471,0.18377266226014852
661,0.0701,32,401,32,152392,524052,8208,118048,4.150709669243442,0.18384675284223642
662,0.0702,29,389,29,152781,523663,8237,118019,4.1476286275503735,0.18392131928276
663,0.0703,43,392,43,153173,523271,8280,117976,4.1445238246103155,0.18397902836192606
664,0.0704,31,400,31,153573,522871,8311,117945,4.14135565834495,0.18405439314873537
665,0.0705,27,394,27,153967,522477,8338,117918,4.1382350145735645,0.18413323027194153
666,0.0706,31,412,31,154379,522065,8369,117887,4.134971803320238,0.18421225341900643
667,0.0707,31,356,31,154735,521709,8400,117856,4.132152135344063,0.18427524958370142
668,0.0708,35,365,35,155100,521344,8435,117821,4.129261183626917,0.1843358131311946
669,0.0709,34,388,34,155488,520956,8469,117787,4.126188062349512,0.18440436920639444
670,0.071,30,402,30,155890,520554,8499,117757,4.12300405525282,0.18448217248331927
671,0.0711,24,364,24,156254,520190,8523,117733,4.120121023951337,0.18455675684996464
672,0.0712,36,423,36,156677,519767,8559,117697,4.116770688125713,0.18463317144183827
673,0.0713,40,408,40,157085,519359,8599,117657,4.11353915853504,0.1847002273098321
674,0.0714,37,415,37,157500,518944,8636,117620,4.110252186034723,0.1847732513934184
675,0.0715,36,408,36,157908,518536,8672,117584,4.107020656444051,0.1848456266113312
676,0.0716,42,376,42,158284,518160,8714,117542,4.104042580154607,0.18490110145948888
677,0.0717,24,401,24,158685,517759,8738,117518,4.1008664934735775,0.18498702140955836
678,0.0718,24,410,24,159095,517349,8762,117494,4.097619123051578,0.18507568012878775
679,0.0719,30,427,30,159522,516922,8792,117464,4.0942371055633,0.18516171542247148
680,0.072,36,415,36,159937,516507,8828,117428,4.090950133062983,0.1852366567550301
681,0.0721,35,401,35,160338,516106,8863,117393,4.087774046381954,0.18530889551522575
682,0.0722,36,423,36,160761,515683,8899,117357,4.08442371055633,0.18538638948565653
683,0.0723,24,377,24,161138,515306,8923,117333,4.081437713851223,0.18546596084022643
684,0.0724,21,405,21,161543,514901,8944,117312,4.07822994550754,0.18555771551676412
685,0.0725,35,392,35,161935,514509,8979,117277,4.075125142567482,0.1856277283763806
686,0.0726,47,373,47,162308,514136,9026,117230,4.072170827525029,0.1856767706845158
687,0.0727,38,457,38,162765,513679,9064,117192,4.0685511975668485,0.18576222397288827
688,0.0728,33,458,33,163223,513221,9097,117159,4.064923647193004,0.18585456391382976
689,0.0729,32,384,32,163607,512837,9129,117127,4.061882207578254,0.18592649738715228
690,0.073,32,401,32,164008,512436,9161,117095,4.058706120897225,0.18600354867353633
691,0.0731,33,407,33,164415,512029,9194,117062,4.055482511722215,0.18608118698248743
692,0.0732,42,414,42,164829,511615,9236,117020,4.052203459637561,0.18614935534928853
693,0.0733,28,416,28,165245,511199,9264,116992,4.048908566721582,0.18623635168284805
694,0.0734,42,416,42,165661,510783,9306,116950,4.045613673805601,0.18630532407886793
695,0.0735,38,403,38,166064,510380,9344,116912,4.042421746293246,0.18637572294880214
696,0.0736,30,430,30,166494,509950,9374,116882,4.039015967557978,0.18646463486229164
697,0.0737,34,402,34,166896,509548,9408,116848,4.035831960461285,0.18654014393450788
698,0.0738,27,449,27,167345,509099,9435,116821,4.032275693828412,0.18663886758691206
699,0.0739,40,389,40,167734,508710,9475,116781,4.029194652135344,0.18670292618119205
700,0.074,32,395,32,168129,508315,9507,116749,4.026066087948296,0.18677927380236264
701,0.0741,39,417,39,168546,507898,9546,116710,4.0227632746166515,0.1868531943234797
702,0.0742,42,440,42,168986,507458,9588,116668,4.01927829172475,0.1869302031961495
703,0.0743,40,406,40,169392,507052,9628,116628,4.016062602965404,0.18699974345818368
704,0.0744,24,419,24,169811,506633,9652,116604,4.0127439488024335,0.18709415519296832
705,0.0745,32,439,32,170250,506194,9684,116572,4.009266886326194,0.1871842714599063
706,0.0746,32,422,32,170672,505772,9716,116540,4.005924470916233,0.1872694082710923
707,0.0747,25,397,25,171069,505375,9741,116515,4.002780065897858,0.18735628487353068
708,0.0748,30,389,30,171458,504986,9771,116485,3.9996990242047903,0.1874343291963744
709,0.0749,27,411,27,171869,504575,9798,116458,3.996443733367127,0.18752304627934424
710,0.075,42,396,42,172265,504179,9840,116416,3.993307248764415,0.18758771823814244
711,0.0751,40,412,40,172677,503767,9880,116376,3.9900440375110886,0.1876599429486425
712,0.0752,27,350,27,173027,503417,9907,116349,3.9872718920288936,0.18773053055508046
713,0.0753,47,389,47,173416,503028,9954,116302,3.9841908503358257,0.18778680186653318
714,0.0754,31,423,31,173839,502605,9985,116271,3.9808405145102017,0.18787446919899947
715,0.0755,44,395,44,174234,502210,10029,116227,3.977711950323153,0.1879366855475982
716,0.0756,39,411,39,174645,501799,10068,116188,3.9744566594854898,0.1880104274038127
717,0.0757,40,392,40,175037,501407,10108,116148,3.9713518565454313,0.18807717531232035
718,0.0758,34,399,34,175436,501008,10142,116114,3.968191610695729,0.18815404409500877
719,0.0759,50,412,50,175848,500596,10192,116064,3.9649283994424027,0.18821392663704473
720,0.076,45,355,45,176203,500241,10237,116019,3.9621166518818907,0.18826307078181287
721,0.0761,36,412,36,176615,499829,10273,115983,3.9588534406285643,0.1883415717783999
722,0.0762,41,423,41,177038,499406,10314,115942,3.95550310480294,0.18841696080916814
723,0.0763,30,379,30,177417,499027,10344,115912,3.952501267266506,0.18849349285051037
724,0.0764,31,386,31,177803,498641,10375,115881,3.9494439868204285,0.18857095433523943
725,0.0765,41,421,41,178224,498220,10416,115840,3.9461094918261312,0.18864606064553952
726,0.0766,30,370,30,178594,497850,10446,115810,3.943178938030668,0.18872013818726982
727,0.0767,39,430,39,179024,497420,10485,115771,3.9397731592953997,0.18880087933449774
728,0.0768,36,418,36,179442,497002,10521,115735,3.936462425548093,0.18888201626472695
729,0.0769,43,428,43,179870,496574,10564,115692,3.9330724876441514,0.18895708727905844
730,0.077,32,423,32,180293,496151,10596,115660,3.9297221518185275,0.18904530974434916
731,0.0771,41,381,41,180674,495770,10637,115619,3.9267044734507666,0.1891087343736966
732,0.0772,37,401,37,181075,495369,10674,115582,3.9235283867697377,0.18918374796014736
733,0.0773,45,410,45,181485,494959,10719,115537,3.920281016347738,0.189251035223818
734,0.0774,31,410,31,181895,494549,10750,115506,3.917033645925738,0.1893370269893698
735,0.0775,47,397,47,182292,494152,10797,115459,3.9138892409073627,0.1893978291074144
736,0.0776,42,423,42,182715,493729,10839,115417,3.9105389050817387,0.18947345956470205
737,0.0777,44,403,44,183118,493326,10883,115373,3.9073469775693828,0.18954031467112645
738,0.0778,27,419,27,183537,492907,10910,115346,3.904028323406412,0.18963490521214035
739,0.0779,41,417,41,183954,492490,10951,115305,3.9007255100747686,0.1897103464161436
740,0.078,48,377,48,184331,492113,10999,115257,3.8977395133696615,0.18976406473813326
741,0.0781,40,433,40,184764,491680,11039,115217,3.8943099733874034,0.18984605295461998
742,0.0782,37,392,37,185156,491288,11076,115180,3.891205170447345,0.18991933622219145
743,0.0783,34,394,34,185550,490894,11110,115146,3.88808452667596,0.18999735991023695
744,0.0784,35,407,35,185957,490487,11145,115111,3.8848609175009505,0.1900782367180869
745,0.0785,41,377,41,186334,490110,11186,115070,3.8818749207958434,0.19014177600052876
746,0.0786,32,391,32,186725,489719,11218,115038,3.8787780382714483,0.19022185770483022
747,0.0787,33,416,33,187141,489303,11251,115005,3.875483145355468,0.1903085843642646
748,0.0788,39,378,39,187519,488925,11290,114966,3.8724892282346977,0.19037541543093042
749,0.0789,29,371,29,187890,488554,11319,114937,3.869550754023571,0.19045354446048077
750,0.079,28,401,28,188291,488153,11347,114909,3.866374667342542,0.19054259761019596
751,0.0791,32,414,32,188705,487739,11379,114877,3.8630956152578886,0.19063051760988756
752,0.0792,30,386,30,189091,487353,11409,114847,3.860038334811811,0.19071238791099301
753,0.0793,31,386,31,189477,486967,11440,114816,3.856981054365733,0.19079302672225704
754,0.0794,47,421,47,189898,486546,11487,114769,3.8536465593714357,0.19086335780747196
755,0.0795,29,418,29,190316,486128,11516,114740,3.850335825624129,0.19095708208791282
756,0.0796,28,422,28,190738,485706,11544,114712,3.846993410214168,0.19105356601567575
757,0.0797,25,387,25,191125,485319,11569,114687,3.843928209352427,0.1911430885691143
758,0.0798,32,384,32,191509,484935,11601,114655,3.8408867697376756,0.19122233526242932
759,0.0799,39,391,39,191900,484544,11640,114616,3.837789887213281,0.1912944789371787
760,0.08,34,386,34,192286,484158,11674,114582,3.834732606767203,0.191371880949995
761,0.0801,39,407,39,192693,483751,11713,114543,3.8315089975921937,0.19144935433081395
762,0.0802,25,394,25,193087,483357,11738,114518,3.8283883538208086,0.19154171022370897
763,0.0803,36,405,36,193492,482952,11774,114482,3.825180585477126,0.19162284034721827
764,0.0804,38,365,38,193857,482587,11812,114444,3.8222896337599797,0.19168853878609318
765,0.0805,38,432,38,194289,482155,11850,114406,3.818868014193385,0.19177586198226165
766,0.0806,39,425,39,194714,481730,11889,114367,3.815501837536434,0.19185971410693226
767,0.0807,37,388,37,195102,481342,11926,114330,3.812428716259029,0.19193448743603864
768,0.0808,36,419,36,195521,480923,11962,114294,3.809110062096059,0.19202072521450161
769,0.0809,41,396,41,195917,480527,12003,114253,3.8059735774933467,0.19209287467635092
770,0.081,39,413,39,196330,480114,12042,114214,3.802702445824357,0.19217334535811875
771,0.0811,39,423,39,196753,479691,12081,114175,3.7993521099987326,0.1922571758612212
772,0.0812,45,428,45,197181,479263,12126,114130,3.7959621720947916,0.19233459107202142
773,0.0813,32,409,32,197590,478854,12158,114098,3.792722722088455,0.19242367004411826
774,0.0814,34,382,34,197972,478472,12192,114064,3.789697123305031,0.19250138388216076
775,0.0815,32,433,32,198405,478039,12224,114032,3.786267583322773,0.19259852281229786
776,0.0816,44,415,44,198820,477624,12268,113988,3.782980610822456,0.1926735766008803
777,0.0817,39,396,39,199216,477228,12307,113949,3.779844126219744,0.19274937962742122
778,0.0818,40,417,40,199633,476811,12347,113909,3.7765413128881002,0.19283078277356447
779,0.0819,40,372,40,200005,476439,12387,113869,3.77359491826131,0.1928976059955142
780,0.082,38,388,38,200393,476051,12425,113831,3.7705217969839055,0.19297249280364548
781,0.0821,33,378,33,200771,475673,12458,113798,3.767527879863135,0.1930510576432089
782,0.0822,41,434,41,201205,475239,12499,113757,3.7640904194652136,0.19313713505694435
783,0.0823,36,398,36,201603,474841,12535,113721,3.7609380940311747,0.1932183865081334
784,0.0824,39,438,39,202041,474403,12574,113682,3.7574689519705995,0.19330879039594617
785,0.0825,31,410,31,202451,473993,12605,113651,3.7542215815485998,0.19340110679254788
786,0.0826,41,392,41,202843,473601,12646,113610,3.7511167786085413,0.1934738960952707
787,0.0827,45,436,45,203279,473165,12691,113565,3.7476634773792927,0.19355580931603975
788,0.0828,23,377,23,203656,472788,12714,113542,3.7446774806741856,0.19364862790578685
789,0.0829,28,388,28,204044,472400,12742,113514,3.741604359396781,0.19373833019862982
790,0.083,49,405,49,204449,471995,12791,113465,3.7383965910530983,0.19380487138318586
791,0.0831,37,373,37,204822,471622,12828,113428,3.735442276010645,0.19387744637210494
792,0.0832,39,411,39,205233,471211,12867,113389,3.732186985172982,0.1939599726308587
793,0.0833,45,403,45,205636,470808,12912,113344,3.728995057660626,0.1940316903819554
794,0.0834,29,440,29,206076,470368,12941,113315,3.725510074768724,0.1941379139018954
795,0.0835,34,398,34,206474,469970,12975,113281,3.722357749334685,0.19422341324746978
796,0.0836,27,387,27,206861,469583,13002,113254,3.7192925484729438,0.19431504863280816
797,0.0837,37,424,37,207285,469159,13039,113217,3.7159342922316565,0.19440533263733395
798,0.0838,34,430,34,207715,468729,13073,113183,3.7125285134963883,0.1945019178157522
799,0.0839,43,438,43,208153,468291,13116,113140,3.709059371435813,0.19458886781062584
800,0.084,42,397,42,208550,467894,13158,113098,3.7059149664174376,0.19466360982595285
801,0.0841,41,411,41,208961,467483,13199,113057,3.7026596755797745,0.19474454817928136
802,0.0842,39,392,39,209353,467091,13238,113018,3.699554872639716,0.1948220075882291
803,0.0843,40,398,40,209751,466693,13278,112978,3.696402547205677,0.19490021063672325
804,0.0844,42,442,42,210193,466251,13320,112936,3.692901723482448,0.1949905643600426
805,0.0845,50,410,50,210603,465841,13370,112886,3.6896543530604484,0.1950591556986282
806,0.0846,40,433,40,211036,465408,13410,112846,3.6862248130781903,0.19514953636291318
807,0.0847,44,396,44,211432,465012,13454,112802,3.6830883284754785,0.19522199185204928
808,0.0848,47,365,47,211797,464647,13501,112755,3.6801973767583323,0.19527989165260945
809,0.0849,34,425,34,212222,464222,13535,112721,3.676831200101381,0.19537631967109403
810,0.085,54,438,54,212660,463784,13589,112667,3.673362058040806,0.19544939639275496
811,0.0851,34,415,34,213075,463369,13623,112633,3.670075085540489,0.19554272380998677
812,0.0852,44,428,44,213503,462941,13667,112589,3.666685147636548,0.19562663979288655
813,0.0853,47,428,47,213931,462513,13714,112542,3.6632952097326066,0.19570649763935624
814,0.0854,47,406,47,214337,462107,13761,112495,3.6600795209732606,0.19577899137141883
815,0.0855,39,410,39,214747,461697,13800,112456,3.656832150551261,0.19586416861010916
816,0.0856,30,436,30,215183,461261,13830,112426,3.6533788493220123,0.19597097371911862
817,0.0857,43,427,43,215610,460834,13873,112383,3.6499968318337346,0.19605664172555942
818,0.0858,37,441,37,216051,460393,13910,112346,3.646503928526169,0.19615566601890216
819,0.0859,35,407,35,216458,459986,13945,112311,3.6432803193511596,0.19624600513369805
820,0.086,38,411,38,216869,459575,13983,112273,3.6400250285134965,0.19633364110742715
821,0.0861,39,411,39,217280,459164,14022,112234,3.6367697376758334,0.19642000847045316
822,0.0862,50,396,50,217676,458768,14072,112184,3.6336332530731212,0.19648586921492525
823,0.0863,30,402,30,218078,458366,14102,112154,3.630449245976429,0.19658206548411974
824,0.0864,38,453,38,218531,457913,14140,112116,3.6268612976809025,0.19668473007513654
825,0.0865,43,373,43,218904,457540,14183,112073,3.6239069826384487,0.19675288309782255
826,0.0866,28,386,28,219290,457154,14211,112045,3.620849702192371,0.19684679699015634
827,0.0867,44,430,44,219720,456724,14255,112001,3.617443923457103,0.19693349158204757
828,0.0868,44,389,44,220109,456335,14299,111957,3.614362881764035,0.19700611657387399
829,0.0869,49,401,49,220510,455934,14348,111908,3.611186795083006,0.1970759471824909
830,0.087,52,399,52,220909,455535,14400,111856,3.608026549233304,0.19714094865798013
831,0.0871,42,435,42,221344,455100,14442,111814,3.6045811684197187,0.1972327372405691
832,0.0872,41,404,41,221748,454696,14483,111773,3.6013813204916993,0.19731529880717216
833,0.0873,44,433,44,222181,454263,14527,111729,3.597951780509441,0.19740385023109866
834,0.0874,46,423,46,222604,453840,14573,111683,3.594601444683817,0.1974862207195817
835,0.0875,44,432,44,223036,453408,14617,111639,3.591179825117222,0.197574715023706
836,0.0876,47,440,47,223476,452968,14664,111592,3.58769484222532,0.19766189598979736
837,0.0877,45,398,45,223874,452570,14709,111547,3.584542516791281,0.19773734881239174
838,0.0878,36,408,36,224282,452162,14745,111511,3.581310987200608,0.19782923787373174
839,0.0879,38,395,38,224677,451767,14783,111473,3.5781824230135597,0.19791385555003196
840,0.088,44,415,44,225092,451352,14827,111429,3.574895450513243,0.19799708945397942
841,0.0881,40,393,40,225485,450959,14867,111389,3.571782727157521,0.19807841407811533
842,0.0882,40,416,40,225901,450543,14907,111349,3.568487834241541,0.19816797534045688
843,0.0883,44,410,44,226311,450133,14951,111305,3.565240463819541,0.1982498512747623
844,0.0884,45,388,45,226699,449745,14996,111260,3.5621673425421365,0.19832265309578345
845,0.0885,38,415,38,227114,449330,15034,111222,3.5588803700418197,0.19841513365396965
846,0.0886,54,389,54,227503,448941,15088,111168,3.5557993283487517,0.19847565384594784
847,0.0887,35,408,35,227911,448533,15123,111133,3.552567798758079,0.198570218666133
848,0.0888,36,403,36,228314,448130,15159,111097,3.549375871245723,0.19866172412991503
849,0.0889,29,397,29,228711,447733,15188,111068,3.5462314662273475,0.19876127637566862
850,0.089,51,430,51,229141,447303,15239,111017,3.5428256874920794,0.1988411663562115
851,0.0891,36,375,36,229516,446928,15275,110981,3.5398555316182994,0.1989231218711295
852,0.0892,39,408,39,229924,446520,15314,110942,3.5366240020276263,0.19901266812805177
853,0.0893,45,389,45,230313,446131,15359,110897,3.5335429603345583,0.19908693997429214
854,0.0894,41,408,41,230721,445723,15400,110856,3.5303114307438856,0.19917388187481022
855,0.0895,46,407,46,231128,445316,15446,110810,3.527087821568876,0.19925340660210097
856,0.0896,38,421,38,231549,444895,15484,110772,3.5237533265745786,0.1993496104681401
857,0.0897,34,411,34,231960,444484,15518,110738,3.5204980357369156,0.19944814866846056
858,0.0898,39,405,39,232365,444079,15557,110699,3.517290267393233,0.19953747264671634
859,0.0899,39,403,39,232768,443676,15596,110660,3.514098339880877,0.1996262194769959
860,0.09,34,393,34,233161,443283,15630,110626,3.510985616525155,0.19971872636118929
861,0.0901,39,428,39,233589,442855,15669,110587,3.507595678621214,0.19981678296912775
862,0.0902,38,418,38,234007,442437,15707,110549,3.504284944873907,0.19991283685301256
863,0.0903,50,443,50,234450,441994,15757,110499,3.5007762007350145,0.2000007239910732
864,0.0904,59,369,59,234819,441625,15816,110440,3.497853567355215,0.2000489072844683
865,0.0905,48,375,48,235194,441250,15864,110392,3.4948834114814344,0.20011529216412094
866,0.0906,45,415,45,235609,440835,15909,110347,3.4915964389811176,0.20020065967321138
867,0.0907,32,374,32,235983,440461,15941,110315,3.488634203523001,0.20029013609888593
868,0.0908,32,462,32,236445,439999,15973,110283,3.4849749714865035,0.2004117888646185
869,0.0909,35,397,35,236842,439602,16008,110248,3.4818305664681284,0.20050559243430027
870,0.091,46,393,46,237235,439209,16054,110202,3.4787178431124066,0.2005820778979671
871,0.0911,41,383,41,237618,438826,16095,110161,3.475684323913319,0.20066231076510008
872,0.0912,42,408,42,238026,438418,16137,110119,3.472452794322646,0.2007503595928807
873,0.0913,53,433,53,238459,437985,16190,110066,3.469023254340388,0.2008316744244605
874,0.0914,35,397,35,238856,437588,16225,110031,3.4658788493220123,0.2009261913848862
875,0.0915,44,409,44,239265,437179,16269,109987,3.462639399315676,0.20101212429134852
876,0.0916,41,412,41,239677,436767,16310,109946,3.4593761880623495,0.2011036869436066
877,0.0917,52,371,52,240048,436396,16362,109894,3.456437713851223,0.20116421680792254
878,0.0918,33,421,33,240469,435975,16395,109861,3.4531032188569255,0.2012710777596201
879,0.0919,45,401,45,240870,435574,16440,109816,3.4499271321758966,0.201353160123948
880,0.092,38,431,38,241301,435143,16478,109778,3.446513433024965,0.20145672491975902
881,0.0921,45,405,45,241706,434738,16523,109733,3.4433056646812825,0.2015405779187505
882,0.0922,42,386,42,242092,434352,16565,109691,3.4402483842352045,0.20162193061945471
883,0.0923,46,368,46,242460,433984,16611,109645,3.4373336712710683,0.20169085902334127
884,0.0924,36,383,36,242843,433601,16647,109609,3.4343001520719807,0.20178015868632757
885,0.0925,52,462,52,243305,433139,16699,109557,3.4306409200354833,0.2018754514497988
886,0.0926,44,421,44,243726,432718,16743,109513,3.427306425041186,0.20196742716665037
887,0.0927,42,413,42,244139,432305,16785,109471,3.4240352933721963,0.20205952275479164
888,0.0928,38,440,38,244579,431865,16823,109433,3.420550310480294,0.20216775232866185
889,0.0929,53,404,53,244983,431461,16876,109380,3.4173504625522746,0.20224058457106617
890,0.093,43,409,43,245392,431052,16919,109337,3.4141110125459386,0.20233017326407457
891,0.0931,39,360,39,245752,430692,16958,109298,3.4112596629071095,0.20240745198985166
892,0.0932,42,405,42,246157,430287,17000,109256,3.408051894563427,0.20249729863977478
893,0.0933,41,376,41,246533,429911,17041,109215,3.405073818273983,0.20257787604381908
894,0.0934,41,399,41,246932,429512,17082,109174,3.401913572424281,0.20266723100284767
895,0.0935,40,382,40,247314,429130,17122,109134,3.3988879736408566,0.20275180952097854
896,0.0936,34,401,34,247715,428729,17156,109100,3.3957118869598277,0.20285257953736224
897,0.0937,51,390,51,248105,428339,17207,109049,3.3926229248510964,0.2029241441937669
898,0.0938,47,397,47,248502,427942,17254,109002,3.389478519832721,0.20300441014332965
899,0.0939,55,410,55,248912,427532,17309,108947,3.386231149410721,0.2030778464767493
900,0.094,44,387,44,249299,427145,17353,108903,3.38316594854898,0.20315904545861566
901,0.0941,38,408,38,249707,426737,17391,108865,3.379934418958307,0.20325726939033087
902,0.0942,36,411,36,250118,426326,17427,108829,3.3766791281206436,0.2033597742710056
903,0.0943,41,386,41,250504,425940,17468,108788,3.373621847674566,0.20344549004353615
904,0.0944,39,417,39,250921,425523,17507,108749,3.370319034342922,0.20354613380450406
905,0.0945,54,421,54,251342,425102,17561,108695,3.366984539348625,0.20362609756143252
906,0.0946,43,399,43,251741,424703,17604,108652,3.3638242934989226,0.20371422410964554
907,0.0947,45,413,45,252154,424290,17649,108607,3.360553161829933,0.20380486285342195
908,0.0948,30,378,30,252532,423912,17679,108577,3.3575592447091624,0.2039046815990565
909,0.0949,37,405,37,252937,423507,17716,108540,3.35435147636548,0.20400453343407632
910,0.095,45,411,45,253348,423096,17761,108495,3.3510961855278163,0.20409487745277854
911,0.0951,36,381,36,253729,422715,17797,108459,3.348078507160056,0.20418732844604592
912,0.0952,49,386,49,254115,422329,17846,108410,3.345021226713978,0.20426235871115558
913,0.0953,29,449,29,254564,421880,17875,108381,3.341464960081105,0.2043917995100526
914,0.0954,56,399,56,254963,421481,17931,108325,3.338304714231403,0.20446163312608767
915,0.0955,53,423,53,255386,421058,17984,108272,3.334954378405779,0.20454536867360626
916,0.0956,48,402,48,255788,420656,18032,108224,3.3317703713090863,0.2046286492209953
917,0.0957,55,377,55,256165,420279,18087,108169,3.328784374603979,0.20469185236768803
918,0.0958,49,396,49,256561,419883,18136,108120,3.3256478900012674,0.20477156379793296
919,0.0959,44,429,44,256990,419454,18180,108076,3.3222500316816626,0.2048717608477243
920,0.096,48,400,48,257390,419054,18228,108028,3.319081865416297,0.20495482676319812
921,0.0961,42,386,42,257776,418668,18270,107986,3.3160245849702195,0.20504164024198052
922,0.0962,47,400,47,258176,418268,18317,107939,3.3128564187048535,0.20512649964747715
923,0.0963,40,372,40,258548,417896,18357,107899,3.3099100240780635,0.2052111564392967
924,0.0964,51,410,51,258958,417486,18408,107848,3.3066626536560637,0.2052941557180765
925,0.0965,30,422,30,259380,417064,18438,107818,3.303320238246103,0.20541378824192866
926,0.0966,40,375,40,259755,416689,18478,107778,3.300350082372323,0.20550006006097618
927,0.0967,42,403,42,260158,416286,18520,107736,3.297158154859967,0.2055944216082531
928,0.0968,39,444,39,260602,415842,18559,107697,3.2936414903054114,0.20570960329602953
929,0.0969,48,447,48,261049,415395,18607,107649,3.2901010645038653,0.20581251290522404
930,0.097,48,379,48,261428,415016,18655,107601,3.287099226967431,0.20588882489471258
931,0.0971,45,376,45,261804,414640,18700,107556,3.2841211506779877,0.20596864012746172
932,0.0972,47,425,47,262229,414215,18747,107509,3.2807549740210367,0.20606489254855057
933,0.0973,29,393,29,262622,413822,18776,107480,3.277642250665315,0.20617607452110293
934,0.0974,42,408,42,263030,413414,18818,107438,3.274410721074642,0.20627356715535317
935,0.0975,42,415,42,263445,412999,18860,107396,3.271123748574325,0.20637400436207112
936,0.0976,41,408,41,263853,412591,18901,107355,3.2678922189836523,0.2064733645417024
937,0.0977,51,397,51,264250,412194,18952,107304,3.264747813965277,0.2065532494831549
938,0.0978,41,379,41,264629,411815,18993,107263,3.261745976428843,0.2066413910818798
939,0.0979,47,404,47,265033,411411,19040,107216,3.2585461285008237,0.20673046331949552
940,0.098,37,411,37,265444,411000,19077,107179,3.2552908376631606,0.20683779157395418
941,0.0981,43,400,43,265844,410600,19120,107136,3.252122671397795,0.206931718095709
942,0.0982,49,413,49,266257,410187,19169,107087,3.248851539728805,0.2070218104911517
943,0.0983,50,364,50,266621,409823,19219,107037,3.2459685084273224,0.20709089501992803
944,0.0984,38,372,38,266993,409451,19257,106999,3.2430221138005324,0.20718172136702487
945,0.0985,43,404,43,267397,409047,19300,106956,3.239822265872513,0.20727786466357753
946,0.0986,44,380,44,267777,408667,19344,106912,3.2368125079204155,0.20736298414016086
947,0.0987,40,432,40,268209,408235,19384,106872,3.2333908883538207,0.2074753400749747
948,0.0988,48,394,48,268603,407841,19432,106824,3.2302702445824356,0.2075602576433214
949,0.0989,57,446,57,269049,407395,19489,106767,3.226737739196553,0.20765245195094154
950,0.099,42,388,42,269437,407007,19531,106725,3.2236646179191486,0.2077445049169606
951,0.0991,37,357,37,269794,406650,19568,106688,3.2208370295273094,0.20783187685306756
952,0.0992,37,373,37,270167,406277,19605,106651,3.217882714484856,0.20792586873791252
953,0.0993,50,379,50,270546,405898,19655,106601,3.2148808769484223,0.2080023570777699
954,0.0994,40,359,40,270905,405539,19695,106561,3.2120374477252565,0.2080863112673306
955,0.0995,35,425,35,271330,405114,19730,106526,3.208671271068306,0.2082049878821046
956,0.0996,54,364,54,271694,404750,19784,106472,3.205788239766823,0.20826959716131152
957,0.0997,35,420,35,272114,404330,19819,106437,3.202461665188189,0.20838660289329577
958,0.0998,57,374,57,272488,403956,19876,106380,3.1994994297300723,0.20845090293453725
959,0.0999,39,417,39,272905,403539,19915,106341,3.196196616398429,0.20856083784419863
960,0.1,46,377,46,273282,403162,19961,106295,3.1932106196933217,0.20864371281580193
961,0.1001,40,385,40,273667,402777,20001,106255,3.190161259662907,0.20873933269421177
962,0.1002,50,394,50,274061,402383,20051,106205,3.187040615891522,0.20882325182662587
963,0.1003,43,394,43,274455,401989,20094,106162,3.1839199721201368,0.20891821525491439
964,0.1004,42,384,42,274839,401605,20136,106120,3.180878532505386,0.2090107833965237
965,0.1005,39,371,39,275210,401234,20175,106081,3.177940058294259,0.20910282566058563
966,0.1006,47,392,47,275602,400842,20222,106034,3.174835255354201,0.2091912025820911
967,0.1007,37,386,37,275988,400456,20259,105997,3.171777974908123,0.20929286626794588
968,0.1008,48,411,48,276399,400045,20307,105949,3.16852268407046,0.20938785835405163
969,0.1009,49,429,49,276828,399616,20356,105900,3.1651248257508553,0.20948891825382382
970,0.101,45,374,45,277202,399242,20401,105855,3.1621625902927386,0.20957360665377145
971,0.1011,42,369,42,277571,398873,20443,105813,3.1592399569129386,0.2096610565777533
972,0.1012,29,382,29,277953,398491,20472,105784,3.156214358129515,0.2097744286351693
973,0.1013,40,383,40,278336,398108,20512,105744,3.153180838930427,0.20987115264006098
974,0.1014,43,385,43,278721,397723,20555,105701,3.1501314789000125,0.2099641653953725
975,0.1015,42,373,42,279094,397350,20597,105659,3.147177163857559,0.21005389565594254
976,0.1016,51,340,51,279434,397010,20648,105608,3.1444842225319984,0.21011583349581592
977,0.1017,43,365,43,279799,396645,20691,105565,3.141593270814852,0.2102009119690966
978,0.1018,43,382,43,280181,396263,20734,105522,3.1385676720314284,0.21029325308648125
979,0.1019,46,418,46,280599,395845,20780,105476,3.135256938284121,0.21039613341551622
980,0.102,47,414,47,281013,395431,20827,105429,3.1319778861994676,0.21049594697120952
981,0.1021,41,379,41,281392,395052,20868,105388,3.128976048663034,0.21059068020142274
982,0.1022,56,387,56,281779,394665,20924,105332,3.1259108478012925,0.21066526399158395
983,0.1023,40,375,40,282154,394290,20964,105292,3.1229406919275124,0.21076019552345762
984,0.1024,44,389,44,282543,393901,21008,105248,3.1198596502344444,0.2108548749972453
985,0.1025,51,377,51,282920,393524,21059,105197,3.1168736535293373,0.2109335680671157
986,0.1026,59,375,59,283295,393149,21118,105138,3.113903497655557,0.2109988821703155
987,0.1027,51,374,51,283669,392775,21169,105087,3.11094126219744,0.21107656338503442
988,0.1028,37,396,37,284065,392379,21206,105050,3.107804777594728,0.21118591799030614
989,0.1029,60,377,60,284442,392002,21266,104990,3.1048187808896213,0.21125088532612196
990,0.103,53,390,53,284832,391612,21319,104937,3.1017298187808895,0.2113326177275556
991,0.1031,52,362,52,285194,391250,21371,104885,3.0988626283107337,0.2114041541112802
992,0.1032,44,423,44,285617,390827,21415,104841,3.0955122924851097,0.21151456216661152
993,0.1033,40,372,40,285989,390455,21455,104801,3.0925658978583197,0.21160975333968696
994,0.1034,52,409,52,286398,390046,21507,104749,3.0893264478519833,0.21170181590355602
995,0.1035,50,406,50,286804,389640,21557,104699,3.0861107590926373,0.21179595378879676
996,0.1036,38,392,38,287196,389248,21595,104661,3.083005956152579,0.21190340730782392
997,0.1037,41,389,41,287585,388859,21636,104620,3.079924914459511,0.21200496880313044
998,0.1038,40,389,40,287974,388470,21676,104580,3.076843872766443,0.21210830544569517
999,0.1039,56,396,56,288370,388074,21732,104524,3.0737073881637307,0.21218924965184593
1000,0.104,37,370,37,288740,387704,21769,104487,3.0707768343682678,0.21228953800455513
1001,0.1041,46,382,46,289122,387322,21815,104441,3.0677512355848435,0.21238076065096398
1002,0.1042,56,400,56,289522,386922,21871,104385,3.064583069319478,0.21246389731878437
1003,0.1043,50,370,50,289892,386552,21921,104335,3.0616525155240146,0.21254382373132716
1004,0.1044,50,373,50,290265,386179,21971,104285,3.0586982004815613,0.21262518757747764
1005,0.1045,40,397,40,290662,385782,22011,104245,3.0555537954631857,0.21273317592704075
1006,0.1046,50,409,50,291071,385373,22061,104195,3.0523143454568498,0.21283049545721944
1007,0.1047,32,374,32,291445,384999,22093,104163,3.0493521099987326,0.21294172482735782
1008,0.1048,51,420,51,291865,384579,22144,104112,3.0460255354200987,0.21304259746956666
1009,0.1049,40,380,40,292245,384199,22184,104072,3.0430157774680016,0.2131439303173852
1010,0.105,57,419,57,292664,383780,22241,104015,3.039697123305031,0.2132350680101272
1011,0.1051,55,360,55,293024,383420,22296,103960,3.036845773666202,0.21330378759899873
1012,0.1052,51,364,51,293388,383056,22347,103909,3.0339627423647193,0.21338083845861613
1013,0.1053,40,388,40,293776,382668,22387,103869,3.0308896210873146,0.21348633300242326
1014,0.1054,44,372,44,294148,382296,22431,103825,3.0279432264605246,0.21357851234569172
1015,0.1055,44,376,44,294524,381920,22475,103781,3.024965150171081,0.21367260928019502
1016,0.1056,59,387,59,294911,381533,22534,103722,3.02189994930934,0.21374741115495977
1017,0.1057,46,359,46,295270,381174,22580,103676,3.019056520086174,0.21383108177786944
1018,0.1058,40,388,40,295658,380786,22620,103636,3.0159833988087694,0.21393743471601206
1019,0.1059,53,423,53,296081,380363,22673,103583,3.0126330629831455,0.2140383431209267
1020,0.106,49,368,49,296449,379995,22722,103534,3.009718350019009,0.21412159353420374
1021,0.1061,47,372,47,296821,379623,22769,103487,3.006771955392219,0.21421001428246156
1022,0.1062,41,336,41,297157,379287,22810,103446,3.0041106957293118,0.21429237280235658
1023,0.1063,38,396,38,297553,378891,22848,103408,3.0009742111266,0.21440641593700174
1024,0.1064,29,381,29,297934,378510,22877,103379,2.997956532758839,0.21452865701437468
1025,0.1065,51,350,51,298284,378160,22928,103328,2.995184387276644,0.2146014023194763
1026,0.1066,42,387,42,298671,377773,22970,103286,2.9921191864149033,0.21470547271748372
1027,0.1067,47,366,47,299037,377407,23017,103239,2.9892203142820937,0.21479217553043195
1028,0.1068,46,398,46,299435,377009,23063,103193,2.986067988848055,0.21489498169520327
1029,0.1069,38,359,38,299794,376650,23101,103155,2.983224559624889,0.21499359114640323
1030,0.107,53,386,53,300180,376264,23154,103102,2.9801672791788114,0.21507991805843552
1031,0.1071,44,379,44,300559,375885,23198,103058,2.977165441642377,0.21517800656863134
1032,0.1072,39,367,39,300926,375518,23237,103019,2.9742586490939042,0.21527906933006224
1033,0.1073,44,357,44,301283,375161,23281,102975,2.9714310607020655,0.21536759415731088
1034,0.1074,38,389,38,301672,374772,23319,102937,2.9683500190089975,0.21548055406115438
1035,0.1075,44,353,44,302025,374419,23363,102893,2.9655541122798126,0.21556759519978547
1036,0.1076,53,391,53,302416,374028,23416,102840,2.9624572297554175,0.21565716298849996
1037,0.1077,41,345,41,302761,373683,23457,102799,2.9597246863515396,0.21574582040874576
1038,0.1078,50,389,50,303150,373294,23507,102749,2.9566436446584716,0.2158397455692028
1039,0.1079,44,369,44,303519,372925,23551,102705,2.953721011278672,0.2159346550890398
1040,0.108,43,390,43,303909,372535,23594,102662,2.9506320491699403,0.2160409261842983
1041,0.1081,47,376,47,304285,372159,23641,102615,2.947653972880497,0.2161344134261775
1042,0.1082,51,384,51,304669,371775,23692,102564,2.9446125332657456,0.21622510483008986
1043,0.1083,44,368,44,305037,371407,23736,102520,2.9416978203016093,0.21632023497289668
1044,0.1084,41,418,41,305455,370989,23777,102479,2.9383870865543025,0.21644334992016356
1045,0.1085,50,381,50,305836,370608,23827,102429,2.9353694081865416,0.21653485879540077
1046,0.1086,35,366,35,306202,370242,23862,102394,2.932470536053732,0.21664452136527898
1047,0.1087,40,354,40,306556,369888,23902,102354,2.9296667089088837,0.216740569453797
1048,0.1088,44,354,44,306910,369534,23946,102310,2.926862881764035,0.21683013877467977
1049,0.1089,58,416,58,307326,369118,24004,102252,2.923567988848055,0.2169251331226001
1050,0.109,39,366,39,307692,368752,24043,102213,2.920669116715245,0.21702886626394743
1051,0.1091,38,357,38,308049,368395,24081,102175,2.9178415283234065,0.21713028879869095
1052,0.1092,45,370,45,308419,368025,24126,102130,2.914910974527943,0.21722623390158566
1053,0.1093,53,383,53,308802,367642,24179,102077,2.9118774553288556,0.21731503303038624
1054,0.1094,32,401,32,309203,367241,24211,102045,2.9087013686478267,0.21744735619643457
1055,0.1095,48,398,48,309601,366843,24259,101997,2.905549043213788,0.21755183004863066
1056,0.1096,46,340,46,309941,366503,24305,101951,2.902856101888227,0.21763289458516738
1057,0.1097,42,367,42,310308,366136,24347,101909,2.899949309339754,0.21773333760642674
1058,0.1098,41,392,41,310700,365744,24388,101868,2.8968445063996957,0.21784727509131502
1059,0.1099,42,381,42,311081,365363,24430,101826,2.8938268280319352,0.21795461793835044
1060,0.11,41,403,41,311484,364960,24471,101785,2.8906349005195793,0.2180741089888483
1061,0.1101,47,382,47,311866,364578,24518,101738,2.887609301736155,0.21817394213366043
1062,0.1102,45,370,45,312236,364208,24563,101693,2.884678747940692,0.2182716929133013
1063,0.1103,42,370,42,312606,363838,24605,101651,2.8817481941452288,0.21837465546983925
1064,0.1104,37,340,37,312946,363498,24642,101614,2.879055252819668,0.21847210994341149
1065,0.1105,41,386,41,313332,363112,24683,101573,2.87599797237359,0.2185846326005789
1066,0.1106,49,401,49,313733,362711,24732,101524,2.872821885692561,0.21869096470537552
1067,0.1107,35,387,35,314120,362324,24767,101489,2.86975668483082,0.21881447911119353
1068,0.1108,52,369,52,314489,361955,24819,101437,2.86683405145102,0.21890106000966783
1069,0.1109,31,408,31,314897,361547,24850,101406,2.863602521860347,0.21904167377681968
1070,0.111,39,407,39,315304,361140,24889,101367,2.860378912685338,0.21916857474589574
1071,0.1111,43,367,43,315671,360773,24932,101324,2.857472120136865,0.21926998011240065
1072,0.1112,52,369,52,316040,360404,24984,101272,2.854549486757065,0.21935729819180552
1073,0.1113,44,348,44,316388,360056,25028,101228,2.851793182106197,0.21944832250847635
1074,0.1114,50,382,50,316770,359674,25078,101178,2.848767583322773,0.2195455373959536
1075,0.1115,55,393,55,317163,359281,25133,101123,2.845654859967051,0.21963970773494584
1076,0.1116,56,403,56,317566,358878,25189,101067,2.842462932454695,0.2197371424844275
1077,0.1117,45,325,45,317891,358553,25234,101022,2.8398887973640856,0.21981613447206658
1078,0.1118,47,378,47,318269,358175,25281,100975,2.836894880243315,0.21991723837525862
1079,0.1119,39,366,39,318635,357809,25320,100936,2.8339960081105056,0.22002637630927857
1080,0.112,42,346,42,318981,357463,25362,100894,2.8312555442909644,0.2201209973884985
1081,0.1121,45,330,45,319311,357133,25407,100849,2.828641807122038,0.22020297740959252
1082,0.1122,46,357,46,319668,356776,25453,100803,2.825814218730199,0.22029638597925166
1083,0.1123,46,382,46,320050,356394,25499,100757,2.822788619946775,0.22040201158916856
1084,0.1124,48,366,48,320416,356028,25547,100709,2.8198897478139653,0.2204966972240042
1085,0.1125,40,344,40,320760,355684,25587,100669,2.8171651248257508,0.22059458357894
1086,0.1126,50,365,50,321125,355319,25637,100619,2.814274173108605,0.22068570726721615
1087,0.1127,47,370,47,321495,354949,25684,100572,2.8113436193131416,0.22078455219408105
1088,0.1128,44,388,44,321883,354561,25728,100528,2.808270498035737,0.2208974508282995
1089,0.1129,58,344,58,322227,354217,25786,100470,2.8055458750475224,0.22096519143938578
1090,0.113,53,369,53,322596,353848,25839,100417,2.802623241667723,0.22105379018854635
1091,0.1131,50,346,50,322942,353502,25889,100367,2.7998827778481816,0.2211364953323536
1092,0.1132,47,376,47,323318,353126,25936,100320,2.796904701558738,0.22123913321542146
1093,0.1133,46,329,46,323647,352797,25982,100274,2.7942988848054746,0.22132072015202917
1094,0.1134,39,360,39,324007,352437,26021,100235,2.7914475351666455,0.22142964442245158
1095,0.1135,40,369,40,324376,352068,26061,100195,2.788524901786846,0.22154144822813274
1096,0.1136,64,370,64,324746,351698,26125,100131,2.7855943479913825,0.22161260122745552
1097,0.1137,53,347,53,325093,351351,26178,100078,2.782845963756178,0.22169156168522625
1098,0.1138,47,343,47,325436,351008,26225,100031,2.780129261183627,0.2217790479315536
1099,0.1139,49,341,49,325777,350667,26274,99982,2.7774283994424027,0.22186224755852116
1100,0.114,53,369,53,326146,350298,26327,99929,2.774505766062603,0.22195248174809595
1101,0.1141,57,340,57,326486,349958,26384,99872,2.7718128247370424,0.22202165262432474
1102,0.1142,55,375,55,326861,349583,26439,99817,2.768842668863262,0.22211170449488207
1103,0.1143,44,380,44,327241,349203,26483,99773,2.765832910911165,0.22222345960585865
1104,0.1144,42,352,42,327593,348851,26525,99731,2.7630449245976427,0.22232501527034076
1105,0.1145,40,307,40,327900,348544,26565,99691,2.7606133569889746,0.2224078887190871
1106,0.1146,54,356,54,328256,348188,26619,99637,2.757793689012799,0.22249092837603976
1107,0.1147,54,343,54,328599,347845,26673,99583,2.7550769864402485,0.2225676533431077
1108,0.1148,55,373,55,328972,347472,26728,99528,2.752122671397795,0.22265771812080537
1109,0.1149,50,362,50,329334,347110,26778,99478,2.7492554809276393,0.22275117110177614
1110,0.115,43,349,43,329683,346761,26821,99435,2.7464912558611076,0.22285049619449748
1111,0.1151,49,357,49,330040,346404,26870,99386,2.743663667469269,0.22294353843738082
1112,0.1152,48,348,48,330388,346056,26918,99338,2.7409073628184006,0.22303398788488393
1113,0.1153,52,358,52,330746,345698,26970,99286,2.7380718540108986,0.22312262912823833
1114,0.1154,38,334,38,331080,345364,27008,99248,2.7354264351793183,0.2232238446105818
1115,0.1155,53,349,53,331429,345015,27061,99195,2.7326622101127866,0.22330654420206658
1116,0.1156,55,365,55,331794,344650,27116,99140,2.7297712583956404,0.22339394758782308
1117,0.1157,55,375,55,332169,344275,27171,99085,2.7268011025218604,0.22348655719956695
1118,0.1158,50,374,50,332543,343901,27221,99035,2.7238388670637437,0.22358760633590405
1119,0.1159,48,365,48,332908,343536,27269,98987,2.7209479153465974,0.2236878083173078
1120,0.116,51,397,51,333305,343139,27320,98936,2.717803510328222,0.22379912910705196
1121,0.1161,58,346,58,333651,342793,27378,98878,2.7150630465086807,0.22387252049602532
1122,0.1162,29,315,29,333966,342478,27407,98849,2.7125681155747055,0.22398131091005083
1123,0.1163,45,324,45,334290,342154,27452,98804,2.7100019008997593,0.22406669115879516
1124,0.1164,59,354,59,334644,341800,27511,98745,2.7071980737549106,0.22414282309412206
1125,0.1165,42,408,42,335052,341392,27553,98703,2.7039665441642375,0.22427657664822367
1126,0.1166,49,325,49,335377,341067,27602,98654,2.701392409073628,0.22435589839921222
1127,0.1167,45,362,45,335739,340705,27647,98609,2.6985252186034723,0.22446131923863114
1128,0.1168,36,360,36,336099,340345,27683,98573,2.695673868964643,0.22458181254812973
1129,0.1169,50,350,50,336449,339995,27733,98523,2.692901723482448,0.22467264741698173
1130,0.117,48,372,48,336821,339623,27781,98475,2.689955328855658,0.2247784742226625
1131,0.1171,49,350,49,337171,339273,27830,98426,2.6871831833734636,0.2248714299095954
1132,0.1172,47,367,47,337538,338906,27877,98379,2.6842763908249907,0.22497684576420413
1133,0.1173,54,358,54,337896,338548,27931,98325,2.681440882017488,0.22506540802475777
1134,0.1174,56,327,56,338223,338221,27987,98269,2.678850906095552,0.22513459643978098
1135,0.1175,53,332,53,338555,337889,28040,98216,2.6762213280952984,0.2252118182547781
1136,0.1176,52,360,52,338915,337529,28092,98164,2.6733699784564693,0.22530543295393776
1137,0.1177,47,390,47,339305,337139,28139,98117,2.670281016347738,0.22542365872038525
1138,0.1178,42,348,42,339653,336791,28181,98075,2.6675247116968697,0.2255292434910984
1139,0.1179,53,338,53,339991,336453,28234,98022,2.664847611202636,0.2256102192301053
1140,0.118,38,382,38,340373,336071,28272,97984,2.661822012419212,0.22574097752588956
1141,0.1181,53,352,53,340725,335719,28325,97931,2.65903402610569,0.22582958607171683
1142,0.1182,46,321,46,341046,335398,28371,97885,2.656491572677734,0.22591470240004802
1143,0.1183,53,343,53,341389,335055,28424,97832,2.6537748701051833,0.22599893274688312
1144,0.1184,40,320,40,341709,334735,28464,97792,2.6512403370928905,0.2260945559467964
1145,0.1185,38,337,38,342046,334398,28502,97754,2.64857115701432,0.22620281752716637
1146,0.1186,42,388,42,342434,334010,28544,97712,2.6454980357369156,0.22633083326770467
1147,0.1187,41,327,41,342761,333683,28585,97671,2.642908059814979,0.226428872805167
1148,0.1188,41,345,41,343106,333338,28626,97630,2.640175516411101,0.22653654099608322
1149,0.1189,36,401,36,343507,332937,28662,97594,2.6369994297300723,0.22668286371945343
1150,0.119,45,380,45,343887,332557,28707,97549,2.6339896717779747,0.22680223014791703
1151,0.1191,49,339,49,344226,332218,28756,97500,2.6313046508680777,0.226892985632438
1152,0.1192,45,369,45,344595,331849,28801,97455,2.6283820174882777,0.22700696942027096
1153,0.1193,46,384,46,344979,331465,28847,97409,2.625340577873527,0.22712731478243028
1154,0.1194,37,346,37,345325,331119,28884,97372,2.6226001140539856,0.22724397945347743
1155,0.1195,43,355,43,345680,330764,28927,97329,2.6197883664934736,0.22735480374591502
1156,0.1196,49,315,49,345995,330449,28976,97280,2.6172934355594983,0.22743372555987554
1157,0.1197,53,370,53,346365,330079,29029,97227,2.614362881764035,0.22753483452139683
1158,0.1198,43,339,43,346704,329740,29072,97184,2.6116778608541376,0.2276377060085636
1159,0.1199,54,351,54,347055,329389,29126,97130,2.6088977949562793,0.22772725247878758
1160,0.12,56,333,56,347388,329056,29182,97074,2.6062602965403623,0.22780372186891323
1161,0.1201,47,322,47,347710,328734,29229,97027,2.6037099226967433,0.22789076500665867
1162,0.1202,52,343,52,348053,328391,29281,96975,2.600993220124192,0.22798013945637405
1163,0.1203,49,361,49,348414,328030,29330,96926,2.5981339500696996,0.22808478995472473
1164,0.1204,51,332,51,348746,327698,29381,96875,2.5955043720694464,0.22817042063437853
1165,0.1205,53,310,53,349056,327388,29434,96822,2.593049043213788,0.22824072982720822
1166,0.1206,45,342,45,349398,327046,29479,96777,2.5903402610569004,0.22834296392597853
1167,0.1207,50,345,50,349743,326701,29529,96727,2.5876077176530226,0.22843789262873498
1168,0.1208,57,361,57,350104,326340,29586,96670,2.58474844759853,0.22852887638590105
1169,0.1209,54,331,54,350435,326009,29640,96616,2.5821267900139397,0.2286092871931381
1170,0.121,63,356,63,350791,325653,29703,96553,2.5793071220377644,0.2286869442878595
1171,0.1211,43,308,43,351099,325345,29746,96510,2.576867634013433,0.22877529008782638
1172,0.1212,63,327,63,351426,325018,29809,96447,2.574277658091497,0.22883750726632104
1173,0.1213,45,349,45,351775,324669,29854,96402,2.571513433024965,0.22894476228474533
1174,0.1214,53,314,53,352089,324355,29907,96349,2.5690264225066533,0.2290185023199209
1175,0.1215,40,336,40,352425,324019,29947,96309,2.566365162843746,0.22912820464018577
1176,0.1216,46,375,46,352800,323644,29993,96263,2.563395006969966,0.22924838118916807
1177,0.1217,44,336,44,353136,323308,30037,96219,2.560733747307059,0.22935115022394267
1178,0.1218,46,343,46,353479,322965,30083,96173,2.5580170447345076,0.22945426088782214
1179,0.1219,50,369,50,353848,322596,30133,96123,2.555094411354708,0.2295644573090784
1180,0.122,50,306,50,354154,322290,30183,96073,2.5526707641617032,0.2296402884576313
1181,0.1221,67,335,67,354489,321955,30250,96006,2.5500174249144596,0.2297008572570168
1182,0.1222,55,352,55,354841,321603,30305,95951,2.547229438600938,0.22979303275743976
1183,0.1223,61,334,61,355175,321269,30366,95890,2.5445840197693577,0.22986439223413616
1184,0.1224,45,351,45,355526,320918,30411,95845,2.5418039538714994,0.22997482981934578
1185,0.1225,43,295,43,355821,320623,30454,95802,2.539467431250792,0.23005823377558984
1186,0.1226,46,344,46,356165,320279,30500,95756,2.5367428082625776,0.23016332760464864
1187,0.1227,54,353,54,356518,319926,30554,95702,2.5339469015333926,0.23025878910949213
1188,0.1228,49,310,49,356828,319616,30603,95653,2.531491572677734,0.2303398519995473
1189,0.1229,57,315,57,357143,319301,30660,95596,2.528996641743759,0.23040899307538978
1190,0.123,52,316,52,357459,318985,30712,95544,2.52649379039412,0.23048809612837703
1191,0.1231,50,335,50,357794,318650,30762,95494,2.523840451146876,0.23058163344150825
1192,0.1232,54,338,54,358132,318312,30816,95440,2.521163350652642,0.23066957984493125
1193,0.1233,57,389,57,358521,317923,30873,95383,2.518082308959574,0.23078058387732092
1194,0.1234,35,309,35,358830,317614,30908,95348,2.5156349005195793,0.23088807202599754
1195,0.1235,54,309,54,359139,317305,30962,95294,2.5131874920795845,0.23096032709725423
1196,0.1236,49,309,49,359448,316996,31011,95245,2.5107400836395892,0.23104203609053928
1197,0.1237,47,315,47,359763,316681,31058,95198,2.508245152705614,0.2311309874987557
1198,0.1238,48,335,48,360098,316346,31106,95150,2.5055918134583703,0.23122946517098586
1199,0.1239,28,320,28,360418,316026,31134,95122,2.503057280446078,0.23135707822973722
1200,0.124,51,337,51,360755,315689,31185,95071,2.5003881003675072,0.2314514558379589
1201,0.1241,49,312,49,361067,315377,31234,95022,2.497916930680522,0.23153565188998998
1202,0.1242,42,346,42,361413,315031,31276,94980,2.495176466860981,0.2316523215230811
1203,0.1243,57,325,57,361738,314706,31333,94923,2.4926023317703714,0.23172919886043225
1204,0.1244,39,365,39,362103,314341,31372,94884,2.489711380053225,0.23186266723685015
1205,0.1245,48,344,48,362447,313997,31420,94836,2.4869867570650106,0.23196757600291562
1206,0.1246,49,331,49,362778,313666,31469,94787,2.4843650994804207,0.23206341978146813
1207,0.1247,53,352,53,363130,313314,31522,94734,2.481577113166899,0.23216386307493236
1208,0.1248,54,345,54,363475,312969,31576,94680,2.4788445697630213,0.23225863426624374
1209,0.1249,46,358,46,363833,312611,31622,94634,2.4760090609555188,0.23237608810421245
1210,0.125,43,358,43,364191,312253,31665,94591,2.4731735521480167,0.23249943467274925
1211,0.1251,55,324,55,364515,311929,31720,94536,2.4706073374730706,0.23258091102554956
1212,0.1252,46,376,46,364891,311553,31766,94490,2.467629261183627,0.23270934359168857
1213,0.1253,56,311,56,365202,311242,31822,94434,2.4651660119123053,0.23278182589061222
1214,0.1254,63,334,63,365536,310908,31885,94371,2.462520593080725,0.23285440400316817
1215,0.1255,47,333,47,365869,310575,31932,94324,2.459883094664808,0.23295686084677908
1216,0.1256,50,321,50,366190,310254,31982,94274,2.457340641236852,0.2330469089902306
1217,0.1257,50,332,50,366522,309922,32032,94224,2.4547110632365987,0.23314346795465005
1218,0.1258,49,296,49,366818,309626,32081,94175,2.452366620200228,0.23322131445935002
1219,0.1259,48,313,48,367131,309313,32129,94127,2.4498875300975795,0.23331102518342256
1220,0.126,36,284,36,367415,309029,32165,94091,2.44763813204917,0.23340692597737647
1221,0.1261,56,321,56,367736,308708,32221,94035,2.445095678621214,0.2334863672366745
1222,0.1262,47,347,47,368083,308361,32268,93988,2.442347294386009,0.23359819460219858
1223,0.1263,57,340,57,368423,308021,32325,93931,2.4396543530604484,0.233687106918239
1224,0.1264,45,315,45,368738,307706,32370,93886,2.437159422126473,0.23378453754058845
1225,0.1265,52,312,52,369050,307394,32422,93834,2.434688252439488,0.2338670282233543
1226,0.1266,52,367,52,369417,307027,32474,93782,2.431781459891015,0.2339817718664002
1227,0.1267,50,341,50,369758,306686,32524,93732,2.429080598149791,0.23408538077708793
1228,0.1268,49,365,49,370123,306321,32573,93683,2.4261896464326447,0.2342051579484205
1229,0.1269,35,307,35,370430,306014,32608,93648,2.4237580788239765,0.23431799870890901
1230,0.127,49,333,49,370763,305681,32657,93599,2.42112058040806,0.23441945501903427
1231,0.1271,45,333,45,371096,305348,32702,93554,2.418483081992143,0.23452878150523185
1232,0.1272,46,345,46,371441,305003,32748,93508,2.415750538588265,0.23464346028089564
1233,0.1273,51,311,51,371752,304692,32799,93457,2.4132872893169433,0.23472870709206856
1234,0.1274,51,355,51,372107,304337,32850,93406,2.410475541756431,0.2348400851806317
1235,0.1275,40,311,40,372418,304026,32890,93366,2.4080122924851097,0.23494685348472039
1236,0.1276,54,325,54,372743,303701,32944,93312,2.4054381573945,0.2350351247944022
1237,0.1277,37,325,37,373068,303376,32981,93275,2.4028640223038904,0.23515634651116474
1238,0.1278,57,335,57,373403,303041,33038,93218,2.4002106830566468,0.23524513007906445
1239,0.1279,56,354,56,373757,302687,33094,93162,2.397406855911798,0.23534731677988324
1240,0.128,48,319,48,374076,302368,33142,93114,2.394880243315169,0.23544434386394325
1241,0.1281,52,318,52,374394,302050,33194,93062,2.3923615511342033,0.23553321589827694
1242,0.1282,49,326,49,374720,301724,33243,93013,2.3897794956279306,0.2356328390801977
1243,0.1283,51,315,51,375035,301409,33294,92962,2.3872845646939553,0.23572220066891328
1244,0.1284,35,312,35,375347,301097,33329,92927,2.38481339500697,0.23584096400219276
1245,0.1285,36,320,36,375667,300777,33365,92891,2.3822788619946773,0.2359627909812329
1246,0.1286,60,291,60,375958,300486,33425,92831,2.379974021036624,0.23602081781362108
1247,0.1287,43,291,43,376249,300195,33468,92788,2.3776691800785703,0.23611199466643595
1248,0.1288,55,343,55,376592,299852,33523,92733,2.3749524775060196,0.23621126634996242
1249,0.1289,50,310,50,376902,299542,33573,92683,2.372497148650361,0.23630059277200585
1250,0.129,48,310,48,377212,299232,33621,92635,2.370041819794703,0.23639398061076844
1251,0.1291,51,299,51,377511,298933,33672,92584,2.3676736155113423,0.2364750445063688
1252,0.1292,54,310,54,377821,298623,33726,92530,2.3652182866556837,0.2365570505658911
1253,0.1293,51,320,51,378141,298303,33777,92479,2.3626837536433913,0.23665112517976775
1254,0.1294,47,315,47,378456,297988,33824,92432,2.3601888227094157,0.23675016648737257
1255,0.1295,47,283,47,378739,297705,33871,92385,2.3579473450766697,0.23682996231638853
1256,0.1296,46,326,46,379065,297379,33917,92339,2.3553652895703965,0.2369379910602025
1257,0.1297,43,323,43,379388,297056,33960,92296,2.352806995311114,0.23705027841130905
1258,0.1298,47,340,47,379728,296716,34007,92249,2.350114053985553,0.23716529764888872
1259,0.1299,49,332,49,380060,296384,34056,92200,2.3474844759852997,0.23727173532621004
1260,0.13,47,290,47,380350,296094,34103,92153,2.3451875554429096,0.23735663121672543
1261,0.1301,45,341,45,380691,295753,34148,92108,2.3424866937016855,0.23747682803891085
1262,0.1302,50,327,50,381018,295426,34198,92058,2.339896717779749,0.23757884196508758
1263,0.1303,36,297,36,381315,295129,34234,92022,2.337544354327715,0.23769020356398407
1264,0.1304,65,322,65,381637,294807,34299,91957,2.334993980484096,0.23775997766079573
1265,0.1305,38,307,38,381944,294500,34337,91919,2.332562412875428,0.23787391406737246
1266,0.1306,46,323,46,382267,294177,34383,91873,2.330004118616145,0.2379821266675301
1267,0.1307,49,297,49,382564,293880,34432,91824,2.327651755164111,0.23806857071744136
1268,0.1308,42,347,42,382911,293533,34474,91782,2.324903370928906,0.23819991435578683
1269,0.1309,53,330,53,383241,293203,34527,91729,2.3222896337599797,0.2382992320721582
1270,0.131,62,330,62,383571,292873,34589,91667,2.319675896591053,0.23838092266084152
1271,0.1311,52,308,52,383879,292565,34641,91615,2.3172364085667216,0.23846894684783174
1272,0.1312,63,334,63,384213,292231,34704,91552,2.3145909897351413,0.23855147309807886
1273,0.1313,49,290,49,384503,291941,34753,91503,2.312294069192751,0.23863458549357924
1274,0.1314,51,340,51,384843,291601,34804,91452,2.3096011278671904,0.23874503006111425
1275,0.1315,59,321,59,385164,291280,34863,91393,2.3070586744392347,0.23882792880605636
1276,0.1316,46,314,46,385478,290966,34909,91347,2.3045716639209224,0.23893249771783853
1277,0.1317,49,284,49,385762,290682,34958,91298,2.302322265872513,0.2390125137441751
1278,0.1318,57,302,57,386064,290380,35015,91241,2.299930300342162,0.23908799568157937
1279,0.1319,39,292,39,386356,290088,35054,91202,2.2976175389684452,0.2391932649689213
1280,0.132,60,327,60,386683,289761,35114,91142,2.2950275630465087,0.23927876651010888
1281,0.1321,54,320,54,387003,289441,35168,91088,2.2924930300342163,0.23937203209216643
1282,0.1322,32,310,32,387313,289131,35200,91056,2.2900377011785578,0.23950319185032629
1283,0.1323,40,329,40,387642,288802,35240,91016,2.2874318844252945,0.23963055989974147
1284,0.1324,47,308,47,387950,288494,35287,90969,2.284992396400963,0.23973088285287367
1285,0.1325,55,278,55,388228,288216,35342,90914,2.282790520846534,0.23979637591327513
1286,0.1326,46,288,46,388516,287928,35388,90868,2.2805094411354707,0.23988637683608063
1287,0.1327,52,332,52,388848,287596,35440,90816,2.2778798631352175,0.23999238924769828
1288,0.1328,51,322,51,389170,287274,35491,90765,2.275329489291598,0.24009427598739813
1289,0.1329,57,301,57,389471,286973,35548,90708,2.2729454441769104,0.240170937907917
1290,0.133,49,349,49,389820,286624,35597,90659,2.2701812191103787,0.24029442089890082
1291,0.1331,58,331,58,390151,286293,35655,90601,2.267559561525789,0.24038854425912856
1292,0.1332,47,314,47,390465,285979,35702,90554,2.265072551007477,0.24049419307205477
1293,0.1333,49,335,49,390800,285644,35751,90505,2.2624192117602333,0.24060943934451506
1294,0.1334,41,329,41,391129,285315,35792,90464,2.25981339500697,0.24073724183629208
1295,0.1335,48,303,48,391432,285012,35840,90416,2.2574135090609557,0.24083446093525257
1296,0.1336,40,296,40,391728,284716,35880,90376,2.255069066024585,0.2409435551811289
1297,0.1337,57,295,57,392023,284421,35937,90319,2.252732543403878,0.24101777232214336
1298,0.1338,45,280,45,392303,284141,35982,90274,2.250514827018122,0.24110679326415876
1299,0.1339,39,313,39,392616,283828,36021,90235,2.2480357369154733,0.2412294185738766
1300,0.134,41,281,41,392897,283547,36062,90194,2.245810100114054,0.24132755036241677
1301,0.1341,55,309,55,393206,283238,36117,90139,2.243362691674059,0.2414155130069608
1302,0.1342,51,318,51,393524,282920,36168,90088,2.2408439994930935,0.24151760820143267
1303,0.1343,58,307,58,393831,282613,36226,90030,2.2384124318844254,0.24159852727677697
1304,0.1344,48,325,48,394156,282288,36274,89982,2.235838296793816,0.2417116608912886
1305,0.1345,38,292,38,394448,281996,36312,89944,2.2335255354200987,0.2418239500994784
1306,0.1346,57,335,57,394783,281661,36369,89887,2.230872196172855,0.24192567312971675
1307,0.1347,44,269,44,395052,281392,36413,89843,2.2287416043593966,0.24201112502862068
1308,0.1348,51,301,51,395353,281091,36464,89792,2.2263575592447093,0.24210330481580444
1309,0.1349,48,300,48,395653,280791,36512,89744,2.223981434545685,0.24220114159256212
1310,0.135,65,279,65,395932,280512,36577,89679,2.2217716385755923,0.24225062197622307
1311,0.1351,41,298,41,396230,280214,36618,89638,2.219411354707895,0.24236180958870035
1312,0.1352,62,321,62,396551,279893,36680,89576,2.216868901279939,0.242445238978101
1313,0.1353,42,292,42,396843,279601,36722,89534,2.214556139906222,0.2425508282877538
1314,0.1354,63,291,63,397134,279310,36785,89471,2.2122512989481686,0.24261282441340526
1315,0.1355,53,257,53,397391,279053,36838,89418,2.2102157521226715,0.24267310046109464
1316,0.1356,53,294,53,397685,278759,36891,89365,2.2078871499176276,0.2427578750638372
1317,0.1357,60,312,60,397997,278447,36951,89305,2.2054159802306423,0.2428402836694294
1318,0.1358,48,295,48,398292,278152,36999,89257,2.2030794576099355,0.24293634614285442
1319,0.1359,55,292,55,398584,277860,37054,89202,2.2007666962362187,0.243016166206254
1320,0.136,54,313,54,398897,277547,37108,89148,2.19828760613357,0.2431121231541199
1321,0.1361,46,332,46,399229,277215,37154,89102,2.1956580281333165,0.24323741458900353
1322,0.1362,37,285,37,399514,276930,37191,89065,2.1934007096692434,0.24335031899342888
1323,0.1363,45,307,45,399821,276623,37236,89020,2.1909691420605752,0.24346151847567163
1324,0.1364,47,271,47,400092,276352,37283,88973,2.18882270941579,0.24354478888660783
1325,0.1365,51,304,51,400396,276048,37334,88922,2.1864149030541125,0.2436419431734115
1326,0.1366,49,306,49,400702,275742,37383,88873,2.1839912558611076,0.24374477188267077
1327,0.1367,34,327,34,401029,275415,37417,88839,2.181401279939171,0.24389299774333295
1328,0.1368,51,313,51,401342,275102,37468,88788,2.1789221898365225,0.24399681222347414
1329,0.1369,45,301,45,401643,274801,37513,88743,2.176538144721835,0.24410525273419448
1330,0.137,60,303,60,401946,274498,37573,88683,2.1741382587758205,0.24418402945087986
1331,0.1371,56,279,56,402225,274219,37629,88627,2.1719284628057283,0.24425513854362457
1332,0.1372,47,292,47,402517,273927,37676,88580,2.169615701432011,0.24435390213154504
1333,0.1373,42,315,42,402832,273612,37718,88538,2.1671207704980358,0.24447880712411985
1334,0.1374,54,311,54,403143,273301,37772,88484,2.164657521226714,0.24457619857097448
1335,0.1375,47,268,47,403411,273033,37819,88437,2.162534849828919,0.24465930782637563
1336,0.1376,64,309,64,403720,272724,37883,88373,2.160087441388924,0.24473479425196
1337,0.1377,54,306,54,404026,272418,37937,88319,2.1576637941959196,0.24482933549926955
1338,0.1378,32,290,32,404316,272128,37969,88287,2.1553668736535294,0.24495928304870773
1339,0.1379,39,298,39,404614,271830,38008,88248,2.153006589785832,0.24508023261626646
1340,0.138,45,276,45,404890,271554,38053,88203,2.1508205550627295,0.24517382566565765
1341,0.1381,46,298,46,405188,271256,38099,88157,2.1484602711950322,0.24528049903592802
1342,0.1382,49,277,49,405465,270979,38148,88108,2.1462663160562667,0.2453667217136794
1343,0.1383,49,315,49,405780,270664,38197,88059,2.143771385122291,0.24547910225996103
1344,0.1384,44,324,44,406104,270340,38241,88015,2.141205170447345,0.24560840507318163
1345,0.1385,49,286,49,406390,270054,38290,87966,2.1389399315676085,0.24570135746606334
1346,0.1386,48,280,48,406670,269774,38338,87918,2.1367222151818526,0.2457924694988985
1347,0.1387,37,296,37,406966,269478,38375,87881,2.1343777721454824,0.24591797044428712
1348,0.1388,47,300,47,407266,269178,38422,87834,2.132001647446458,0.24602534368592652
1349,0.1389,47,310,47,407576,268868,38469,87787,2.1295463185907995,0.24613982700368703
1350,0.139,40,296,40,407872,268572,38509,87747,2.1272018755544293,0.24625967181093347
1351,0.1391,49,307,49,408179,268265,38558,87698,2.124770307945761,0.2463683023235561
1352,0.1392,54,284,54,408463,267981,38612,87644,2.1225209098973514,0.2464506151142355
1353,0.1393,48,299,48,408762,267682,38660,87596,2.120152705613991,0.24655621794763538
1354,0.1394,46,275,46,409037,267407,38706,87550,2.117974591306552,0.246649594176196
1355,0.1395,43,280,43,409317,267127,38749,87507,2.115756874920796,0.24675299040701118
1356,0.1396,43,308,43,409625,266819,38792,87464,2.1133173868964645,0.24687608493774751
1357,0.1397,54,285,54,409910,266534,38846,87410,2.1110600684323915,0.24695997106886966
1358,0.1398,45,300,45,410210,266234,38891,87365,2.108683943733367,0.2470736625386384
1359,0.1399,57,307,57,410517,265927,38948,87308,2.106252376124699,0.24716690022223167
1360,0.14,34,304,34,410821,265623,38982,87274,2.1038445697630213,0.24730728796220994
1361,0.1401,51,308,51,411129,265315,39033,87223,2.10140508173869,0.24741446312170604
1362,0.1402,39,276,39,411405,265039,39072,87184,2.0992190470155876,0.2475250054652876
1363,0.1403,57,285,57,411690,264754,39129,87127,2.0969617285515145,0.2476035932602215
1364,0.1404,55,268,55,411958,264486,39184,87072,2.0948390571537194,0.24767463690201902
1365,0.1405,41,258,41,412216,264228,39225,87031,2.0927955899125585,0.24776874044508468
1366,0.1406,35,289,35,412505,263939,39260,86996,2.090506589785832,0.2478977588442304
1367,0.1407,43,281,43,412786,263658,39303,86953,2.0882809529844124,0.24800419838510485
1368,0.1408,36,315,36,413101,263343,39339,86917,2.085786022050437,0.24814994575458232
1369,0.1409,46,273,46,413374,263070,39385,86871,2.083623748574325,0.2482447041072638
1370,0.141,56,275,56,413649,262795,39441,86815,2.081445634266886,0.24831955607677125
1371,0.1411,54,295,54,413944,262500,39495,86761,2.0791091116461793,0.24841307789876338
1372,0.1412,47,280,47,414224,262220,39542,86714,2.0768913952604233,0.24851117976465464
1373,0.1413,47,277,47,414501,261943,39589,86667,2.074697440121658,0.24860732623849
1374,0.1414,53,307,53,414808,261636,39642,86614,2.0722658725129897,0.24871213208901652
1375,0.1415,64,293,64,415101,261343,39706,86550,2.069945190723609,0.24878339029529195
1376,0.1416,48,285,48,415386,261058,39754,86502,2.067687872259536,0.24888364598918172
1377,0.1417,33,271,33,415657,260787,39787,86469,2.065541439614751,0.2490064966480061
1378,0.1418,51,282,51,415939,260505,39838,86418,2.0633078823976683,0.24909850312605392
1379,0.1419,69,325,69,416264,260180,39907,86349,2.060733747307059,0.2491826080934063
1380,0.142,40,318,40,416582,259862,39947,86309,2.058215055126093,0.2493247556843294
1381,0.1421,43,274,43,416856,259588,39990,86266,2.0560448612343176,0.24942894978806085
1382,0.1422,54,273,54,417129,259315,40044,86212,2.0538825877582054,0.24950872146026215
1383,0.1423,43,281,43,417410,259034,40087,86169,2.051656950956786,0.24961834051268383
1384,0.1424,38,286,38,417696,258748,40125,86131,2.0493917120770497,0.2497426633688917
1385,0.1425,49,292,49,417988,258456,40174,86082,2.047078950703333,0.2498476220329833
1386,0.1426,49,287,49,418275,258169,40223,86033,2.044805791407933,0.24994915776201185
1387,0.1427,49,274,49,418549,257895,40272,85984,2.0426355975161576,0.2500414389945301
1388,0.1428,51,278,51,418827,257617,40323,85933,2.0404337219617283,0.2501324406927667
1389,0.1429,49,301,49,419128,257316,40372,85884,2.038049676847041,0.25024475524475526
1390,0.143,46,281,46,419409,257035,40418,85838,2.035824040045622,0.2503492546803044
1391,0.1431,48,302,48,419711,256733,40466,85790,2.0334320745152707,0.25046493228191974
1392,0.1432,53,273,53,419984,256460,40519,85737,2.0312698010391586,0.2505486605668665
1393,0.1433,36,302,36,420286,256158,40555,85701,2.0288778355088075,0.2506910743903188
1394,0.1434,61,278,61,420564,255880,40616,85640,2.026675959954378,0.250761302412743
1395,0.1435,54,299,54,420863,255581,40670,85586,2.0243077556710176,0.25086248083783014
1396,0.1436,51,265,51,421128,255316,40721,85535,2.022208845520213,0.25094542776755824
1397,0.1437,43,269,43,421397,255047,40764,85492,2.0200782537067545,0.25104907220612027
1398,0.1438,63,315,63,421712,254732,40827,85429,2.0175833227727793,0.2511428411840276
1399,0.1439,41,263,41,421975,254469,40868,85388,2.0155002534533013,0.2512468479389861
1400,0.144,47,309,47,422284,254160,40915,85341,2.0130528450133065,0.25137186635680014
1401,0.1441,36,277,36,422561,253883,40951,85305,2.0108588898745405,0.25149769449390896
1402,0.1442,47,303,47,422864,253580,40998,85258,2.008459003928526,0.2516187676706863
1403,0.1443,46,274,46,423138,253306,41044,85212,2.0062888100367506,0.25172073567727565
1404,0.1444,57,272,57,423410,253034,41101,85155,2.004134456976302,0.2517970720514269
1405,0.1445,44,276,44,423686,252758,41145,85111,2.0019484222532,0.2519053242528909
1406,0.1446,49,314,49,424000,252444,41194,85062,1.999461411734888,0.25203107500311106
1407,0.1447,63,292,63,424292,252152,41257,84999,1.997148650361171,0.2521095888785737
1408,0.1448,51,291,51,424583,251861,41308,84948,1.9948438094031176,0.2522141629231998
1409,0.1449,33,252,33,424835,251609,41341,84915,1.992847864655937,0.2523297001105419
1410,0.145,41,288,41,425123,251321,41382,84874,1.9905667849448738,0.25245467660137716
1411,0.1451,61,284,61,425407,251037,41443,84813,1.9883173868964643,0.252532380527021
1412,0.1452,51,299,51,425706,250738,41494,84762,1.9859491826131035,0.2526438152011922
1413,0.1453,47,288,47,425994,250450,41541,84715,1.9836681029020402,0.2527561052019155
1414,0.1454,50,290,50,426284,250160,41591,84665,1.9813711823596503,0.252863436123348
1415,0.1455,46,261,46,426545,249899,41637,84619,1.9793039538714992,0.25295798731308927
1416,0.1456,55,264,55,426809,249635,41692,84564,1.9772129641363578,0.2530348684466441
1417,0.1457,53,275,53,427084,249360,41745,84511,1.975034849828919,0.2531247098430232
1418,0.1458,45,279,45,427363,249081,41790,84466,1.9728250538588266,0.25323567593172774
1419,0.1459,45,284,45,427647,248797,41835,84421,1.9705756558104168,0.25335065932812756
1420,0.146,46,273,46,427920,248524,41881,84375,1.9684133823343049,0.25345525219360826
1421,0.1461,51,278,51,428198,248246,41932,84324,1.9662115067798758,0.253552635535376
1422,0.1462,51,312,51,428510,247934,41983,84273,1.9637403370928905,0.25367617178445967
1423,0.1463,55,254,55,428764,247680,42038,84218,1.9617285515143834,0.25374663300170536
1424,0.1464,48,254,48,429018,247426,42086,84170,1.9597167659358763,0.25383297747861855
1425,0.1465,49,261,49,429279,247165,42135,84121,1.9576495374477252,0.2539225925635252
1426,0.1466,50,273,50,429552,246892,42185,84071,1.9554872639716132,0.2540193314660551
1427,0.1467,52,266,52,429818,246626,42237,84019,1.953380433405145,0.2541063678567648
1428,0.1468,36,280,36,430098,246346,42273,83983,1.9511627170193893,0.25424046935025385
1429,0.1469,44,279,44,430377,246067,42317,83939,1.9489529210492966,0.25435598140639865
1430,0.147,51,297,51,430674,245770,42368,83888,1.9466005575972627,0.25446978383658214
1431,0.1471,44,258,44,430932,245512,42412,83844,1.9445570903561018,0.25456952355505896
1432,0.1472,41,258,41,431190,245254,42453,83803,1.9425136231149411,0.2546762415022321
1433,0.1473,59,253,59,431443,245001,42512,83744,1.9405097579520973,0.2547384751098876
1434,0.1474,49,263,49,431706,244738,42561,83695,1.9384266886326194,0.25483127456741556
1435,0.1475,39,278,39,431984,244460,42600,83656,1.9362248130781903,0.25495861219812505
1436,0.1476,41,260,41,432244,244200,42641,83615,1.9341655050057027,0.25506764486066835
1437,0.1477,43,271,43,432515,243929,42684,83572,1.9320190723609174,0.2551809002109917
1438,0.1478,56,325,56,432840,243604,42740,83516,1.929444937270308,0.2553069210075813
1439,0.1479,48,258,48,433098,243346,42788,83468,1.927401470029147,0.2553990955099843
1440,0.148,40,235,40,433333,243111,42828,83428,1.9255401723482448,0.2554916870572887
1441,0.1481,43,288,43,433621,242823,42871,83385,1.9232590926371815,0.2556191141848146
1442,0.1482,40,234,40,433855,242589,42911,83345,1.9214057153719428,0.25571127897058915
1443,0.1483,39,272,39,434127,242317,42950,83306,1.9192513623114942,0.25583573641911045
1444,0.1484,52,272,52,434399,242045,43002,83254,1.9170970092510455,0.2559306976043578
1445,0.1485,53,248,53,434647,241797,43055,83201,1.9151327461665189,0.2560046523363221
1446,0.1486,39,266,39,434913,241531,43094,83162,1.9130259156000506,0.2561250165540988
1447,0.1487,47,282,47,435195,241249,43141,83115,1.910792358382968,0.25623990331849406
1448,0.1488,59,288,59,435483,240961,43200,83056,1.9085112786719047,0.25633222948178647
1449,0.1489,51,259,51,435742,240702,43251,83005,1.9064598910150805,0.25642015773523585
1450,0.149,42,223,42,435965,240479,43293,82963,1.9046936383221391,0.25650039265154184
1451,0.1491,48,252,48,436217,240227,43341,82915,1.9026976935749589,0.2565899821131267
1452,0.1492,52,257,52,436474,239970,43393,82863,1.9006621467494613,0.2566745035358839
1453,0.1493,46,251,46,436725,239719,43439,82817,1.8986741224179444,0.2567682367239626
1454,0.1494,46,253,46,436978,239466,43485,82771,1.8966702572551009,0.2568637369389611
1455,0.1495,66,268,66,437246,239198,43551,82705,1.8945475858573058,0.2569252228155687
1456,0.1496,50,303,50,437549,238895,43601,82655,1.8921476999112914,0.257051780438501
1457,0.1497,68,266,68,437815,238629,43669,82587,1.8900408693448232,0.25710736700537956
1458,0.1498,49,262,49,438077,238367,43718,82538,1.8879657204410087,0.2572038453747994
1459,0.1499,41,265,41,438342,238102,43759,82497,1.885866810290204,0.2573214514081454
1460,0.15,53,268,53,438610,237834,43812,82444,1.883744138892409,0.2574138716989615
1461,0.1501,43,225,43,438835,237609,43855,82401,1.881962045368141,0.2574950782788038
1462,0.1502,54,258,54,439093,237351,43909,82347,1.87991857812698,0.2575774637313965
1463,0.1503,46,276,46,439369,237075,43955,82301,1.8777325434038779,0.2576931265968639
1464,0.1504,45,260,45,439629,236815,44000,82256,1.8756732353313903,0.2577984210410849
1465,0.1505,46,273,46,439902,236542,44046,82210,1.873510961855278,0.2579121072181508
1466,0.1506,58,275,58,440177,236267,44104,82152,1.8713328475478392,0.25799967966735654
1467,0.1507,59,275,59,440452,235992,44163,82093,1.8691547332404004,0.258085103038496
1468,0.1508,47,262,47,440714,235730,44210,82046,1.867079584336586,0.25818815769598713
1469,0.1509,43,255,43,440969,235475,44253,82003,1.8650598783424155,0.2582950629649928
1470,0.151,59,250,59,441219,235225,44312,81944,1.863079774426562,0.2583606846822987
1471,0.1511,43,280,43,441499,234945,44355,81901,1.860862058040806,0.25848835080764787
1472,0.1512,55,243,55,441742,234702,44410,81846,1.8589373970345964,0.25855794381894687
1473,0.1513,35,273,35,442015,234429,44445,81811,1.8567751235584844,0.2586990892992664
1474,0.1514,54,284,54,442299,234145,44499,81757,1.8545257255100747,0.2588049458376332
1475,0.1515,42,231,42,442530,233914,44541,81715,1.8526961094918262,0.2588957288462087
1476,0.1516,46,245,46,442775,233669,44587,81669,1.8507556076542897,0.25898876760809036
1477,0.1517,57,259,57,443034,233410,44644,81612,1.8487042199974655,0.25906762067411165
1478,0.1518,54,252,54,443286,233158,44698,81558,1.846708275250285,0.2591479301973843
1479,0.1519,39,251,39,443537,232907,44737,81519,1.8447202509187681,0.25926291082798497
1480,0.152,58,278,58,443815,232629,44795,81461,1.842518375364339,0.2593555987137445
1481,0.1521,52,261,52,444076,232368,44847,81409,1.8404511468761882,0.2594485892847468
1482,0.1522,47,242,47,444318,232126,44894,81362,1.838534406285642,0.25953784514877765
1483,0.1523,58,250,58,444568,231876,44952,81304,1.8365543023697883,0.25960789322434386
1484,0.1524,45,272,45,444840,231604,44997,81259,1.8343999493093397,0.259727100999479
1485,0.1525,52,240,52,445080,231364,45049,81207,1.8324990495501203,0.25980337267372855
1486,0.1526,45,247,45,445327,231117,45094,81162,1.8305427068812572,0.25990220283784693
1487,0.1527,40,270,40,445597,230847,45134,81122,1.8284041946521354,0.2600322467937519
1488,0.1528,48,251,48,445848,230596,45182,81074,1.8264161703206183,0.26012769916899287
1489,0.1529,41,275,41,446123,230321,45223,81033,1.8242380560131797,0.2602600255657547
1490,0.153,39,235,39,446358,230086,45262,80994,1.8223767583322772,0.26036389353221034
1491,0.1531,41,257,41,446615,229829,45303,80953,1.8203412115067799,0.2604816237748647
1492,0.1532,45,267,45,446882,229562,45348,80908,1.8182264605246483,0.26059844751505784
1493,0.1533,47,243,47,447125,229319,45395,80861,1.8163017995184387,0.26069056676768326
1494,0.1534,43,236,43,447361,229083,45438,80818,1.814432581421873,0.26078650924004765
1495,0.1535,39,240,39,447601,228843,45477,80779,1.8125316816626535,0.2608955435983231
1496,0.1536,47,257,47,447858,228586,45524,80732,1.8104961348371562,0.26100000646583776
1497,0.1537,54,283,54,448141,228303,45578,80678,1.80825465720441,0.2611099064343762
1498,0.1538,45,258,45,448399,228045,45623,80633,1.8062111899632494,0.2612204303513694
1499,0.1539,46,239,46,448638,227806,45669,80587,1.8043182106196933,0.2613126757092411
1500,0.154,43,286,43,448924,227520,45712,80544,1.802052971739957,0.26145216578373326
1501,0.1541,44,248,44,449172,227272,45756,80500,1.8000887086554302,0.2615572566705223
1502,0.1542,42,245,42,449417,227027,45798,80458,1.7981482068178938,0.26166479665674747
1503,0.1543,47,214,47,449631,226813,45845,80411,1.7964532378659233,0.26173410931437646
1504,0.1544,48,259,48,449890,226554,45893,80363,1.794401850209099,0.2618395201308497
1505,0.1545,44,226,44,450116,226328,45937,80319,1.7926118362691674,0.2619265800741569
1506,0.1546,49,254,49,450370,226074,45986,80270,1.7906000506906603,0.2620256966025122
1507,0.1547,43,244,43,450614,225830,46029,80227,1.7886674692687872,0.26213091025527924
1508,0.1548,45,261,45,450875,225569,46074,80182,1.786600240780636,0.2622460760553522
1509,0.1549,50,254,50,451129,225315,46124,80132,1.784588455202129,0.262343385268148
1510,0.155,60,256,60,451385,225059,46184,80072,1.782560828792295,0.2624184366714624
1511,0.1551,52,237,52,451622,224822,46236,80020,1.7806836902800658,0.26249663760243014
1512,0.1552,42,231,42,451853,224591,46278,79978,1.7788540742618173,0.26259402631259254
1513,0.1553,40,197,40,452050,224394,46318,79938,1.7772937523761247,0.26266708725996607
1514,0.1554,41,234,41,452284,224160,46359,79897,1.7754403751108858,0.2627698096080669
1515,0.1555,48,293,48,452577,223867,46407,79849,1.7731196933215054,0.26290679450539317
1516,0.1556,40,240,40,452817,223627,46447,79809,1.771218793562286,0.26301757207450666
1517,0.1557,50,283,50,453100,223344,46497,79759,1.7689773159295399,0.2631415723367964
1518,0.1558,49,269,49,453369,223075,46546,79710,1.7668467241160817,0.2632561058176594
1519,0.1559,41,220,41,453589,222855,46587,79669,1.7651042326701305,0.2633477013393979
1520,0.156,46,206,46,453795,222649,46633,79623,1.7634726270434673,0.2634150698708448
1521,0.1561,40,238,40,454033,222411,46673,79583,1.7615875681155746,0.26352510314774463
1522,0.1562,54,260,54,454293,222151,46727,79529,1.759528260043087,0.26362039246884117
1523,0.1563,54,255,54,454548,221896,46781,79475,1.7575085540489166,0.2637115050884126
1524,0.1564,37,227,37,454775,221669,46818,79438,1.7557106196933214,0.2638198381306313
1525,0.1565,61,269,61,455044,221400,46879,79377,1.7535800278798632,0.2639064822110733
1526,0.1566,49,266,49,455310,221134,46928,79328,1.751473197313395,0.26402007575001163
1527,0.1567,51,258,51,455568,220876,46979,79277,1.7494297300722341,0.26412196446478964
1528,0.1568,55,230,55,455798,220646,47034,79222,1.747608034469649,0.2641895767471021
1529,0.1569,47,267,47,456065,220379,47081,79175,1.7454932834875174,0.2643096069489975
1530,0.157,40,236,40,456301,220143,47121,79135,1.7436240653909518,0.26441970341956306
1531,0.1571,53,254,53,456555,219889,47174,79082,1.7416122798124445,0.264513949513498
1532,0.1572,52,254,52,456809,219635,47226,79030,1.7396004942339374,0.2646108516230559
1533,0.1573,52,265,52,457074,219370,47278,78978,1.7375015840831327,0.26471771220185825
1534,0.1574,63,231,63,457305,219139,47341,78915,1.735671968064884,0.2647674582458212
1535,0.1575,52,236,52,457541,218903,47393,78863,1.7338027499683184,0.26484890820308565
1536,0.1576,45,245,45,457786,218658,47438,78818,1.731862248130782,0.26495582836934745
1537,0.1577,46,238,46,458024,218420,47484,78772,1.7299771892028895,0.2650542410293682
1538,0.1578,42,244,42,458268,218176,47526,78730,1.7280446077810163,0.2651681003415222
1539,0.1579,51,245,51,458513,217931,47577,78679,1.7261041059434798,0.2652607801490172
1540,0.158,44,258,44,458771,217673,47621,78635,1.7240606387023192,0.26538264238562576
1541,0.1581,50,241,50,459012,217432,47671,78585,1.7221518185274363,0.2654746180118034
1542,0.1582,60,261,60,459273,217171,47731,78525,1.7200845900392852,0.2655598993560955
1543,0.1583,52,248,52,459521,216923,47783,78473,1.7181203269547587,0.2656535633522458
1544,0.1584,40,211,40,459732,216712,47823,78433,1.7164491192497782,0.265743956360433
1545,0.1585,45,237,45,459969,216475,47868,78388,1.714571980737549,0.26584549434822274
1546,0.1586,45,248,45,460217,216227,47913,78343,1.7126077176530223,0.26595715789116336
1547,0.1587,39,230,39,460447,215997,47952,78304,1.7107860220504372,0.266067733375014
1548,0.1588,50,217,50,460664,215780,48002,78254,1.7090672918514764,0.26613929001408
1549,0.1589,49,236,49,460900,215544,48051,78205,1.7071980737549106,0.2662306935512972
1550,0.159,45,217,45,461117,215327,48096,78160,1.7054793435559499,0.26631503269310053
1551,0.1591,39,224,39,461341,215103,48135,78121,1.7037051704473452,0.26642089324202656
1552,0.1592,58,243,58,461584,214860,48193,78063,1.7017805094411356,0.26649665611781936
1553,0.1593,47,255,47,461839,214605,48240,78016,1.699760803446965,0.26661107712706883
1554,0.1594,55,260,55,462099,214345,48295,77961,1.6977014953744773,0.2667102283223745
1555,0.1595,53,230,53,462329,214115,48348,77908,1.695879799771892,0.2667872051174051
1556,0.1596,47,231,47,462560,213884,48395,77861,1.6940501837536435,0.26688032357024116
1557,0.1597,61,219,61,462779,213665,48456,77800,1.6923156127233556,0.2669274183864272
1558,0.1598,48,231,48,463010,213434,48504,77752,1.6904859967051071,0.2670183319252986
1559,0.1599,43,236,43,463246,213198,48547,77709,1.6886167786085413,0.26712660747249123
1560,0.16,42,238,42,463484,212960,48589,77667,1.6867317196806488,0.2672394512553892
1561,0.1601,45,273,45,463757,212687,48634,77622,1.6845694462045369,0.2673771739766938
1562,0.1602,50,226,50,463983,212461,48684,77572,1.6827794322646052,0.2674592201577062
1563,0.1603,32,247,32,464230,212214,48716,77540,1.680823089595742,0.26760631432180404
1564,0.1604,37,230,37,464460,211984,48753,77503,1.6790013939931567,0.2677253209988704
1565,0.1605,47,232,47,464692,211752,48800,77456,1.6771638575592447,0.2678210837874471
1566,0.1606,59,239,59,464931,211513,48859,77397,1.6752708782156887,0.26789311550309786
1567,0.1607,37,237,37,465168,211276,48896,77360,1.6733937397034597,0.268019235299824
1568,0.1608,53,237,53,465405,211039,48949,77307,1.6715166011912306,0.26810498498331864
1569,0.1609,47,248,47,465653,210791,48996,77260,1.669552338106704,0.26821639223609706
1570,0.161,45,231,45,465884,210560,49041,77215,1.6677227220884552,0.2683172617496308
1571,0.1611,50,219,50,466103,210341,49091,77165,1.6659881510581676,0.2683943987255918
1572,0.1612,33,219,33,466322,210122,49124,77132,1.66425358002788,0.2685149728115187
1573,0.1613,45,200,45,466522,209922,49169,77087,1.6626694968951972,0.26858739621405603
1574,0.1614,45,234,45,466756,209688,49214,77042,1.6608161196299582,0.2686918006486939
1575,0.1615,48,232,48,466988,209456,49262,76994,1.6589785831960462,0.2687868737999651
1576,0.1616,32,235,32,467223,209221,49294,76962,1.657117285515144,0.2689258271805104
1577,0.1617,52,207,52,467430,209014,49346,76910,1.6554777594728172,0.26898756312866356
1578,0.1618,51,247,51,467677,208767,49397,76859,1.6535214168039538,0.26908964870144875
1579,0.1619,43,258,43,467935,208509,49440,76816,1.6514779495627931,0.26922281608691845
1580,0.162,41,268,41,468203,208241,49481,76775,1.649355278164998,0.2693708423386757
1581,0.1621,42,251,42,468454,207990,49523,76733,1.6473672538334811,0.26950053209610747
1582,0.1622,49,207,49,468661,207783,49572,76684,1.6457277277911544,0.26957081137706657
1583,0.1623,46,258,46,468919,207525,49618,76638,1.6436842605499937,0.26969732160766885
1584,0.1624,46,225,46,469144,207300,49664,76592,1.6419021670257254,0.2697927380834965
1585,0.1625,43,240,43,469384,207060,49707,76549,1.640001267266506,0.2699103342982769
1586,0.1626,43,243,43,469627,206817,49750,76506,1.6380766062602965,0.2700310246608994
1587,0.1627,42,222,42,469849,206595,49792,76464,1.6363182739830187,0.27013449492861913
1588,0.1628,54,226,54,470075,206369,49846,76410,1.634528260043087,0.270211012840416
1589,0.1629,38,246,38,470321,206123,49884,76372,1.6325798377898872,0.2703481477548275
1590,0.163,53,254,53,470575,205869,49937,76319,1.6305680522113801,0.27045444880717817
1591,0.1631,47,225,47,470800,205644,49984,76272,1.6287859586871118,0.27054867407312816
1592,0.1632,46,241,46,471041,205403,50030,76226,1.6268771385122291,0.27066104698024707
1593,0.1633,53,225,53,471266,205178,50083,76173,1.6250950449879609,0.27074010755248784
1594,0.1634,40,232,40,471498,204946,50123,76133,1.6232575085540488,0.2708597938657815
1595,0.1635,57,207,57,471705,204739,50180,76076,1.6216179825117223,0.27091145416021223
1596,0.1636,56,242,56,471947,204497,50236,76020,1.619701241921176,0.2709996185614419
1597,0.1637,56,230,56,472177,204267,50292,75964,1.6178795463185909,0.2710763620013489
1598,0.1638,47,218,47,472395,204049,50339,75917,1.6161528957039666,0.27116507004421964
1599,0.1639,33,206,33,472601,203843,50372,75884,1.6145212900773032,0.2712787825272498
1600,0.164,36,201,36,472802,203642,50408,75848,1.612929286528957,0.27138001359619307
1601,0.1641,28,205,28,473007,203437,50436,75820,1.6113056013179572,0.27150617531521143
1602,0.1642,47,230,47,473237,203207,50483,75773,1.609483905715372,0.2716072836762492
1603,0.1643,53,239,53,473476,202968,50536,75720,1.607590926371816,0.2717016879090596
1604,0.1644,45,228,45,473704,202740,50581,75675,1.6057850716005575,0.27180647594418406
1605,0.1645,57,225,57,473929,202515,50638,75618,1.6040029780762894,0.27187712353442417
1606,0.1646,36,218,36,474147,202297,50674,75582,1.6022763274616652,0.271996084626762
1607,0.1647,49,229,49,474376,202068,50723,75533,1.6004625522747433,0.2720919593229131
1608,0.1648,49,215,49,474591,201853,50772,75484,1.5987596629071095,0.27217428615727435
1609,0.1649,45,225,45,474816,201628,50817,75439,1.5969775693828412,0.2722771026502615
1610,0.165,41,232,41,475048,201396,50858,75398,1.5951400329489291,0.27239752306769655
1611,0.1651,41,190,41,475238,201206,50899,75357,1.5936351539728806,0.2724767955221776
1612,0.1652,37,244,37,475482,200962,50936,75320,1.5917025725510074,0.27262000419860866
1613,0.1653,39,242,39,475724,200720,50975,75281,1.5897858319604612,0.27275625812949955
1614,0.1654,56,192,56,475916,200528,51031,75225,1.5882651121530857,0.27279848270009754
1615,0.1655,39,193,39,476109,200335,51070,75186,1.586736471930047,0.27288664021980175
1616,0.1656,37,207,37,476316,200128,51107,75149,1.5850969458877202,0.2729941113859857
1617,0.1657,42,207,42,476523,199921,51149,75107,1.5834574198453935,0.2730885582558867
1618,0.1658,45,212,45,476735,199709,51194,75062,1.5817782917247498,0.27318021188553376
1619,0.1659,54,220,54,476955,199489,51248,75008,1.5800358002787986,0.2732561740201168
1620,0.166,30,197,30,477152,199292,51278,74978,1.578475478393106,0.2733729536588034
1621,0.1661,50,203,50,477355,199089,51328,74928,1.576867634013433,0.2734428885799056
1622,0.1662,42,215,42,477570,198874,51370,74886,1.575164744645799,0.27354617182933955
1623,0.1663,45,219,45,477789,198655,51415,74841,1.5734301736155114,0.27364568403194195
1624,0.1664,45,256,45,478045,198399,51460,74796,1.5714025472056774,0.27378246307582493
1625,0.1665,54,198,54,478243,198201,51514,74742,1.5698343049043213,0.2738373946208549
1626,0.1666,57,226,57,478469,197975,51571,74685,1.56804429096439,0.27391256509939116
1627,0.1667,45,202,45,478671,197773,51616,74640,1.5664443670003803,0.273995734417961
1628,0.1668,32,229,32,478900,197544,51648,74608,1.5646305918134584,0.27414092124988976
1629,0.1669,36,201,36,479101,197343,51684,74572,1.563038588265112,0.27424746703933217
1630,0.167,41,233,41,479334,197110,51725,74531,1.5611931314155367,0.27437316163613
1631,0.1671,48,208,48,479542,196902,51773,74483,1.5595456849575466,0.2744551098992207
1632,0.1672,47,235,47,479777,196667,51820,74436,1.5576843872766444,0.274567230904859
1633,0.1673,45,180,45,479957,196487,51865,74391,1.5562587124572298,0.2746291688509218
1634,0.1674,43,235,43,480192,196252,51908,74348,1.5543974147763275,0.27475240206947527
1635,0.1675,38,215,38,480407,196037,51946,74310,1.5526945254086935,0.2748689647009214
1636,0.1676,51,226,51,480633,195811,51997,74259,1.5509045114687618,0.27496204687673564
1637,0.1677,34,240,34,480873,195571,52031,74225,1.5490036117095425,0.2751152722797966
1638,0.1678,41,207,41,481080,195364,52072,74184,1.5473640856672157,0.2752162880080728
1639,0.1679,48,232,48,481312,195132,52120,74136,1.5455265492333037,0.2753242123089264
1640,0.168,40,240,40,481552,194892,52160,74096,1.5436256494740843,0.27546210239862
1641,0.1681,44,202,44,481754,194690,52204,74052,1.5420257255100747,0.27555052801571767
1642,0.1682,34,206,34,481960,194484,52238,74018,1.5403941198834115,0.27567019984953556
1643,0.1683,56,231,56,482191,194253,52294,73962,1.5385645038651627,0.27575638946367653
1644,0.1684,42,225,42,482416,194028,52336,73920,1.5367824103408947,0.2758744233955842
1645,0.1685,40,236,40,482652,193792,52376,73880,1.5349131922443289,0.27600944439463226
1646,0.1686,34,229,34,482881,193563,52410,73846,1.5330994170574073,0.2761537569790097
1647,0.1687,39,237,39,483118,193326,52449,73807,1.5312222785451781,0.27629308247202705
1648,0.1688,51,240,51,483358,193086,52500,73756,1.5293213787859588,0.2764032648533589
1649,0.1689,55,228,55,483586,192858,52555,73701,1.5275155240147003,0.2764903829921331
1650,0.169,51,225,51,483811,192633,52606,73650,1.5257334304904322,0.27658543729791235
1651,0.1691,58,194,58,484005,192439,52664,73592,1.5241968698517299,0.2766294153688856
1652,0.1692,38,221,38,484226,192218,52702,73554,1.5224464579901154,0.2767560164351399
1653,0.1693,53,219,53,484445,191999,52755,73501,1.5207118869598277,0.27683992467043317
1654,0.1694,45,216,45,484661,191783,52800,73456,1.5190010771765303,0.2769426818831318
1655,0.1695,42,234,42,484895,191549,52842,73414,1.5171476999112914,0.2770726478791378
1656,0.1696,46,217,46,485112,191332,52888,73368,1.5154289697123304,0.277174159425765
1657,0.1697,41,194,41,485306,191138,52929,73327,1.513892409073628,0.27726542264571874
1658,0.1698,43,218,43,485524,190920,52972,73284,1.512165758459004,0.27737657264840804
1659,0.1699,49,193,49,485717,190727,53021,73235,1.510637118235965,0.2774452383297596
1660,0.17,55,221,55,485938,190506,53076,73180,1.5088867063743505,0.27752705869860367
1661,0.1701,51,205,51,486143,190301,53127,73129,1.5072630211633506,0.27760315833428234
1662,0.1702,43,208,43,486351,190093,53170,73086,1.5056155747053606,0.27770452809684665
1663,0.1703,49,206,49,486557,189887,53219,73037,1.5039839690786974,0.2777874975278027
1664,0.1704,44,240,44,486797,189647,53263,72993,1.502083069319478,0.27792034724337494
1665,0.1705,47,207,47,487004,189440,53310,72946,1.5004435432771512,0.27801025969373366
1666,0.1706,41,209,41,487213,189231,53351,72905,1.4987881764034976,0.2781189916684469
1667,0.1707,46,198,46,487411,189033,53397,72859,1.4972199341021417,0.27820246513830127
1668,0.1708,53,198,53,487609,188835,53450,72806,1.4956516918007856,0.27826678540442823
1669,0.1709,38,224,38,487833,188611,53488,72768,1.4938775186921809,0.2784003305544822
1670,0.171,31,216,31,488049,188395,53519,72737,1.4921667089088835,0.27854495044651745
1671,0.1711,25,205,25,488254,188190,53544,72712,1.4905430236978836,0.2786946822945014
1672,0.1712,58,190,58,488444,188000,53602,72654,1.489038144721835,0.27873732994697953
1673,0.1713,32,174,32,488618,187826,53634,72622,1.487659992396401,0.2788349305811525
1674,0.1714,42,212,42,488830,187614,53676,72580,1.4859808642757573,0.2789457097396558
1675,0.1715,42,215,42,489045,187399,53718,72538,1.4842779749081232,0.2790599260590066
1676,0.1716,40,202,40,489247,187197,53758,72498,1.4826780509441135,0.27916594466585803
1677,0.1717,44,203,44,489450,186994,53802,72454,1.4810702065644406,0.27926212574388704
1678,0.1718,47,211,47,489661,186783,53849,72407,1.4793989988594602,0.2793587715575447
1679,0.1719,49,226,49,489887,186557,53898,72358,1.4776089849195286,0.27946623409226967
1680,0.172,32,200,32,490087,186357,53930,72326,1.4760249017868459,0.27959317001890344
1681,0.1721,41,205,41,490292,186152,53971,72285,1.474401216575846,0.27970066205690364
1682,0.1722,45,209,45,490501,185943,54016,72240,1.4727458497021924,0.279801536119729
1683,0.1723,40,206,40,490707,185737,54056,72200,1.4711142440755292,0.27991331216537374
1684,0.1724,45,207,45,490914,185530,54101,72155,1.4694747180332024,0.2800124182626074
1685,0.1725,46,203,46,491117,185327,54147,72109,1.4678668736535294,0.2801045696794543
1686,0.1726,41,200,41,491317,185127,54188,72068,1.4662827905208464,0.28020762456501874
1687,0.1727,47,204,47,491521,184923,54235,72021,1.46466702572551,0.2802984307864749
1688,0.1728,45,217,45,491738,184706,54280,71976,1.4629482955265491,0.2804092223061999
1689,0.1729,44,183,44,491921,184523,54324,71932,1.4614988594601446,0.2804858552182644
1690,0.173,39,251,39,492172,184272,54363,71893,1.4595108351286274,0.2806511428181055
1691,0.1731,37,218,37,492390,184054,54400,71856,1.4577841845140034,0.28078621390332537
1692,0.1732,34,216,34,492606,183838,54434,71822,1.456073374730706,0.2809277947273723
1693,0.1733,45,215,45,492821,183623,54479,71777,1.454370485363072,0.2810375880971026
1694,0.1734,44,195,44,493016,183428,54523,71733,1.4528260043087062,0.2811283856075184
1695,0.1735,47,190,47,493206,183238,54570,71686,1.4513211253326574,0.2812053788580126
1696,0.1736,46,198,46,493404,183040,54616,71640,1.4497528830313016,0.2812941730799435
1697,0.1737,54,235,54,493639,182805,54670,71586,1.447891585350399,0.2814014646744578
1698,0.1738,41,193,41,493832,182612,54711,71545,1.4463629451273603,0.28149923079041694
1699,0.1739,34,206,34,494038,182406,54745,71511,1.444731339500697,0.28163139923675845
1700,0.174,46,199,46,494237,182207,54791,71465,1.4431551767836777,0.28172206629032764
1701,0.1741,38,199,38,494436,182008,54829,71427,1.4415790140666582,0.28183557914258095
1702,0.1742,33,228,33,494664,181780,54862,71394,1.4397731592953997,0.2819957815573479
1703,0.1743,43,177,43,494841,181603,54905,71351,1.4383712457229756,0.28207104849103
1704,0.1744,46,209,46,495050,181394,54951,71305,1.436715878849322,0.282173653239625
1705,0.1745,47,198,47,495248,181196,54998,71258,1.435147636547966,0.2822613228548567
1706,0.1746,49,212,49,495460,180984,55047,71209,1.4334685084273222,0.28235914557501596
1707,0.1747,47,229,47,495689,180755,55094,71162,1.4316547332404004,0.2824819285717121
1708,0.1748,49,218,49,495907,180537,55143,71113,1.4299280826257763,0.28258692628650905
1709,0.1749,38,192,38,496099,180345,55181,71075,1.4284073628184006,0.28269429639646804
1710,0.175,55,200,55,496299,180145,55236,71020,1.4268232796857179,0.2827623275536002
1711,0.1751,56,205,56,496504,179940,55292,70964,1.425199594474718,0.282833274878041
1712,0.1752,41,186,41,496690,179754,55333,70923,1.423726397161323,0.2829258368338539
1713,0.1753,48,203,48,496893,179551,55381,70875,1.42211855278165,0.2830177377748317
1714,0.1754,53,195,53,497088,179356,55434,70822,1.4205740717272843,0.2830864424529735
1715,0.1755,57,227,57,497315,179129,55491,70765,1.4187761373716892,0.28318006834897996
1716,0.1756,39,220,39,497535,178909,55530,70726,1.4170336459257382,0.28331764375988944
1717,0.1757,39,204,39,497739,178705,55569,70687,1.4154178811304017,0.2834373195611728
1718,0.1758,43,180,43,497919,178525,55612,70644,1.413992206310987,0.28351841521216525
1719,0.1759,40,201,40,498120,178324,55652,70604,1.412400202762641,0.28363221493765267
1720,0.176,45,191,45,498311,178133,55697,70559,1.4108874033709289,0.2837204252649864
1721,0.1761,49,179,49,498490,177954,55746,70510,1.4094696489671779,0.28378356623092277
1722,0.1762,44,205,44,498695,177749,55790,70466,1.407845963756178,0.28389098160868603
1723,0.1763,45,178,45,498873,177571,55835,70421,1.4064361297680903,0.28396480531630053
1724,0.1764,50,184,50,499057,177387,55885,70371,1.404978773286022,0.2840311917274114
1725,0.1765,42,191,42,499248,177196,55927,70329,1.40346597389431,0.2841288758711241
1726,0.1766,38,175,38,499423,177021,55965,70291,1.4020799011532126,0.28421993271656854
1727,0.1767,42,220,42,499643,176801,56007,70249,1.4003374097072614,0.28435134588140054
1728,0.1768,42,174,42,499817,176627,56049,70207,1.3989592573818275,0.28443002179602483
1729,0.1769,35,181,35,499998,176446,56084,70172,1.3975256621467496,0.28453721950547
1730,0.177,37,209,37,500207,176237,56121,70135,1.395870295273096,0.284671147695355
1731,0.1771,43,212,43,500419,176025,56164,70092,1.394191167152452,0.2847913797096503
1732,0.1772,42,173,42,500592,175852,56206,70050,1.3928209352426815,0.28486958219127945
1733,0.1773,41,166,41,500758,175686,56247,70009,1.3915061462425549,0.2849427135269338
1734,0.1774,41,181,41,500939,175505,56288,69968,1.390072551007477,0.2850333845270152
1735,0.1775,45,186,45,501125,175319,56333,69923,1.388599353694082,0.28511837287250963
1736,0.1776,47,215,47,501340,175104,56380,69876,1.3868964643264479,0.2852314474650992
1737,0.1777,42,182,42,501522,174922,56422,69834,1.3854549486757064,0.28532089100982205
1738,0.1778,34,213,34,501735,174709,56456,69800,1.3837679001393992,0.2854700644966034
1739,0.1779,40,174,40,501909,174535,56496,69760,1.3823897478139653,0.2855563969790622
1740,0.178,41,161,41,502070,174374,56537,69719,1.3811145608921556,0.28562474138955235
1741,0.1781,42,185,42,502255,174189,56579,69677,1.379649283994424,0.28571838632691726
1742,0.1782,36,190,36,502445,173999,56615,69641,1.3781444050183753,0.2858356591692661
1743,0.1783,44,190,44,502635,173809,56659,69597,1.3766395260423268,0.2859296812732636
1744,0.1784,38,199,38,502834,173610,56697,69559,1.3750633633253073,0.2860520872315139
1745,0.1785,52,190,52,503024,173420,56749,69507,1.3735584843492588,0.2861229916806283
1746,0.1786,40,188,40,503212,173232,56789,69467,1.3720694462045369,0.2862269725050371
1747,0.1787,49,204,49,503416,173028,56838,69418,1.3704536814092003,0.2863235524611666
1748,0.1788,40,217,40,503633,172811,56878,69378,1.3687349512102396,0.28646222578234354
1749,0.1789,43,195,43,503828,172616,56921,69335,1.3671904701558737,0.28656628821538244
1750,0.179,41,200,41,504028,172416,56962,69294,1.365606387023191,0.2866823879856026
1751,0.1791,28,154,28,504182,172262,56990,69266,1.3643866430110252,0.28678248484647745
1752,0.1792,45,195,45,504377,172067,57035,69221,1.3628421619566595,0.286881237359504
1753,0.1793,42,169,42,504546,171898,57077,69179,1.3615036117095425,0.28695810882000355
1754,0.1794,28,196,28,504742,171702,57105,69151,1.3599512102395133,0.2871087343732484
1755,0.1795,47,187,47,504929,171515,57152,69104,1.358470092510455,0.2871926157119762
1756,0.1796,46,190,46,505119,171325,57198,69058,1.3569652135344064,0.28728321054317485
1757,0.1797,35,197,35,505316,171128,57233,69023,1.3554048916487138,0.2874150013949557
1758,0.1798,55,206,55,505522,170922,57288,68968,1.3537732860220504,0.28749843678352577
1759,0.1799,36,207,36,505729,170715,57324,68932,1.3521337599797236,0.2876397367795132
1760,0.18,39,190,39,505919,170525,57363,68893,1.350628881003675,0.28775196518223356
1761,0.1801,41,180,41,506099,170345,57404,68852,1.3492032061842605,0.28784641947850514
1762,0.1802,44,192,44,506291,170153,57448,68808,1.347682486376885,0.2879465686869406
1763,0.1803,41,166,41,506457,169987,57489,68767,1.3463676973767584,0.28802449383046985
1764,0.1804,41,201,41,506658,169786,57530,68726,1.344775693828412,0.28814483128731466
1765,0.1805,34,194,34,506852,169592,57564,68692,1.3432391331897098,0.2882778533178896
1766,0.1806,50,183,50,507035,169409,57614,68642,1.341789697123305,0.28834997542543406
1767,0.1807,45,200,45,507235,169209,57659,68597,1.3402056139906222,0.28845781855798425
1768,0.1808,54,193,54,507428,169016,57713,68543,1.3386769737675834,0.28853042823046066
1769,0.1809,49,183,49,507611,168833,57762,68494,1.3372275377011786,0.2886060161717799
1770,0.181,52,179,52,507790,168654,57814,68442,1.3358097832974274,0.2886678813645106
1771,0.1811,29,151,29,507941,168503,57843,68413,1.3346138005322519,0.28876479427307566
1772,0.1812,52,218,52,508159,168285,57895,68361,1.3328871499176276,0.28887452143708325
1773,0.1813,35,184,35,508343,168101,57930,68326,1.3314297934355594,0.28899406582158554
1774,0.1814,57,188,57,508531,167913,57987,68269,1.3299407552908378,0.28905251035218604
1775,0.1815,36,173,36,508704,167740,58023,68233,1.328570523381067,0.2891559627584512
1776,0.1816,34,195,34,508899,167545,58057,68199,1.3270260423267013,0.289292622505769
1777,0.1817,44,160,44,509059,167385,58101,68155,1.3257587758205551,0.2893563725906428
1778,0.1818,48,198,48,509257,167187,58149,68107,1.324190533519199,0.28945489472744734
1779,0.1819,43,186,43,509443,167001,58192,68064,1.322717336205804,0.28955395316189136
1780,0.182,64,200,64,509643,166801,58256,68000,1.3211332530731212,0.289606943752369
1781,0.1821,50,185,50,509828,166616,58306,67950,1.3196679761753898,0.28968392691182865
1782,0.1822,42,177,42,510005,166439,58348,67908,1.3182660626029654,0.28977541850333055
1783,0.1823,43,192,43,510197,166247,58391,67865,1.31674534279559,0.2898826202843084
1784,0.1824,47,196,47,510393,166051,58438,67818,1.3151929413255607,0.2899828536488376
1785,0.1825,36,190,36,510583,165861,58474,67782,1.3136880623495122,0.29010926926978337
1786,0.1826,40,175,40,510758,165686,58514,67742,1.3123019896084147,0.29020511678119165
1787,0.1827,43,182,43,510940,165504,58557,67699,1.3108604739576732,0.29030072511931665
1788,0.1828,43,207,43,511147,165297,58600,67656,1.3092209479153465,0.2904276828373105
1789,0.1829,35,209,35,511356,165088,58635,67621,1.307565581041693,0.2905817995866082
1790,0.183,41,183,41,511539,164905,58676,67580,1.3061161449752883,0.2906854205647676
1791,0.1831,41,167,41,511706,164738,58717,67539,1.3047934355594981,0.2907692108990559
1792,0.1832,47,183,47,511889,164555,58764,67492,1.3033439994930933,0.2908548699185941
1793,0.1833,33,191,33,512080,164364,58797,67459,1.3018312001013814,0.2909935597416995
1794,0.1834,42,164,42,512244,164200,58839,67417,1.3005322519325815,0.2910710353730512
1795,0.1835,50,187,50,512431,164013,58889,67367,1.299051134203523,0.2911530815109344
1796,0.1836,29,182,29,512613,163831,58918,67338,1.2976096185527817,0.2912933827632598
1797,0.1837,38,210,38,512823,163621,58956,67300,1.2959463312634647,0.29144166186704545
1798,0.1838,50,217,50,513040,163404,59006,67250,1.294227601064504,0.2915622534185403
1799,0.1839,46,170,46,513210,163234,59052,67204,1.2928811304017236,0.29163592810213596
1800,0.184,64,192,64,513402,163042,59116,67140,1.291360410594348,0.29168223405826693
1801,0.1841,41,176,41,513578,162866,59157,67099,1.289966417437587,0.29177918378883744
1802,0.1842,43,203,43,513781,162663,59200,67056,1.2883585730579141,0.2919044571846473
1803,0.1843,45,191,45,513972,162472,59245,67011,1.286845773666202,0.292008558368158
1804,0.1844,41,159,41,514131,162313,59286,66970,1.2855864275757192,0.2920844545823284
1805,0.1845,37,182,37,514313,162131,59323,66933,1.284144911924978,0.29220217930360076
1806,0.1846,48,172,48,514485,161959,59371,66885,1.2827826004308707,0.29227333904319097
1807,0.1847,49,188,49,514673,161771,59420,66836,1.2812935622861488,0.2923620011635689
1808,0.1848,37,199,37,514872,161572,59457,66799,1.2797173995691293,0.29250211279015287
1809,0.1849,30,171,30,515043,161401,59487,66769,1.2783630084906856,0.29262830345794805
1810,0.185,40,192,40,515235,161209,59527,66729,1.2768422886833102,0.29275066026726565
1811,0.1851,44,186,44,515421,161023,59571,66685,1.2753690913699152,0.2928531276898484
1812,0.1852,40,141,40,515562,160882,59611,66645,1.2742523127613736,0.2929102919653492
1813,0.1853,39,183,39,515745,160699,59650,66606,1.272802876694969,0.2930247904797519
1814,0.1854,47,187,47,515932,160512,59697,66559,1.2713217589659105,0.293119773110613
1815,0.1855,43,193,43,516125,160319,59740,66516,1.2697931187428717,0.29323517093922896
1816,0.1856,48,196,48,516321,160123,59788,66468,1.2682407172728425,0.2933390999642528
1817,0.1857,39,182,39,516503,159941,59827,66429,1.266799201622101,0.2934531960948889
1818,0.1858,45,199,45,516702,159742,59872,66384,1.2652230389050818,0.2935708410355289
1819,0.1859,37,160,37,516862,159582,59909,66347,1.2639557723989354,0.2936630534371418
1820,0.186,40,171,40,517033,159411,59949,66307,1.2626013813204917,0.29376035584224564
1821,0.1861,42,158,42,517191,159253,59991,66265,1.2613499556456722,0.2938346384767513
1822,0.1862,31,184,31,517375,159069,60022,66234,1.259892599163604,0.29397744370913836
1823,0.1863,42,170,42,517545,158899,60064,66192,1.2585461285008237,0.29406773260592384
1824,0.1864,36,162,36,517707,158737,60100,66156,1.2572630211633506,0.29416655920815676
1825,0.1865,33,181,33,517888,158556,60133,66123,1.2558294259282727,0.29429986781141093
1826,0.1866,49,182,49,518070,158374,60182,66074,1.2543879102775313,0.2943844453949244
1827,0.1867,47,164,47,518234,158210,60229,66027,1.2530889621087316,0.29445185228129167
1828,0.1868,41,167,41,518401,158043,60270,65986,1.2517662526929414,0.2945422244441568
1829,0.1869,34,168,34,518569,157875,60304,65952,1.2504356228614877,0.29465614068007884
1830,0.187,30,190,30,518759,157685,60334,65922,1.2489307438854391,0.2948118797712057
1831,0.1871,39,171,39,518930,157514,60373,65883,1.2475763528069954,0.2949144348402172
1832,0.1872,36,179,36,519109,157335,60409,65847,1.2461585984032442,0.2950372341855526
1833,0.1873,34,189,34,519298,157146,60443,65813,1.244661639842859,0.2951798312694262
1834,0.1874,50,164,50,519462,156982,60493,65763,1.243362691674059,0.29523895036925635
1835,0.1875,59,163,59,519625,156819,60552,65704,1.2420716639209226,0.29526835428247866
1836,0.1876,36,197,36,519822,156622,60588,65668,1.24051134203523,0.29541589815106395
1837,0.1877,42,187,42,520009,156435,60630,65626,1.2390302243061715,0.2955314080365305
1838,0.1878,35,181,35,520190,156254,60665,65591,1.2375966290710936,0.29566138520137936
1839,0.1879,40,189,40,520379,156065,60705,65551,1.2360996705107083,0.29578640531369577
1840,0.188,26,154,26,520533,155911,60731,65525,1.2348799264985426,0.29590942755468846
1841,0.1881,49,180,49,520713,155731,60780,65476,1.233454251679128,0.295994249729891
1842,0.1882,29,155,29,520868,155576,60809,65447,1.232226587251299,0.2961094546721382
1843,0.1883,52,178,52,521046,155398,60861,65395,1.2308167532632113,0.29618239708686417
1844,0.1884,31,162,31,521208,155236,60892,65364,1.2295336459257382,0.2963009972801451
1845,0.1885,37,192,37,521400,155044,60929,65327,1.2280129261183628,0.29644100176520505
1846,0.1886,33,197,33,521597,154847,60962,65294,1.2264526042326702,0.296600814932248
1847,0.1887,53,171,53,521768,154676,61015,65241,1.2250982131542263,0.2966619224525616
1848,0.1888,43,142,43,521910,154534,61058,65198,1.2239735141300216,0.29671599949028815
1849,0.1889,50,171,50,522081,154363,61108,65148,1.2226191230515777,0.29678694917338994
1850,0.189,44,163,44,522244,154200,61152,65104,1.2213280952984413,0.2968664502243461
1851,0.1891,37,141,37,522385,154059,61189,65067,1.2202113166898998,0.2969387475698913
1852,0.1892,30,177,30,522562,153882,61219,65037,1.2188094031174757,0.2970824825620435
1853,0.1893,44,167,44,522729,153715,61263,64993,1.2174866937016855,0.29716791338222653
1854,0.1894,38,207,38,522936,153508,61301,64955,1.2158471676593587,0.29732723619102547
1855,0.1895,34,190,34,523126,153318,61335,64921,1.2143422886833102,0.2974766196692617
1856,0.1896,41,158,41,523284,153160,61376,64880,1.2130908630084907,0.2975600807191341
1857,0.1897,40,152,40,523436,153008,61416,64840,1.2118869598276518,0.2976387205758143
1858,0.1898,31,179,31,523615,152829,61447,64809,1.2104692054239006,0.2977834753122157
1859,0.1899,39,200,39,523815,152629,61486,64770,1.2088851222912178,0.2979314532265558
1860,0.19,48,164,48,523979,152465,61534,64722,1.2075861741224179,0.29800126158563817
1861,0.1901,52,157,52,524136,152308,61586,64670,1.206342668863262,0.29804865009355785
1862,0.1902,57,175,57,524311,152133,61643,64613,1.2049565961221644,0.2981046939735912
1863,0.1903,36,171,36,524482,151962,61679,64577,1.2036022050437207,0.2982234147197503
1864,0.1904,38,155,38,524637,151807,61717,64539,1.2023745406158914,0.2983138121342664
1865,0.1905,47,149,47,524786,151658,61764,64492,1.2011943986820428,0.29836687485542446
1866,0.1906,32,165,32,524951,151493,61796,64460,1.1998875300975795,0.2984908753293541
1867,0.1907,38,164,38,525115,151329,61834,64422,1.1985885819287796,0.2985942127730578
1868,0.1908,38,173,38,525288,151156,61872,64384,1.197218350019009,0.29871021620116917
1869,0.1909,37,182,37,525470,150974,61909,64347,1.1957768343682675,0.29884219374793913
1870,0.191,48,172,48,525642,150802,61957,64299,1.1944145228741605,0.29892469119157977
1871,0.1911,46,160,46,525802,150642,62003,64253,1.193147256368014,0.2989971846715838
1872,0.1912,37,173,37,525975,150469,62040,64216,1.1917770244582435,0.29911731140973985
1873,0.1913,43,163,43,526138,150306,62083,64173,1.1904859967051071,0.29920411788566714
1874,0.1914,40,131,40,526269,150175,62123,64133,1.1894484222531998,0.29925621068742186
1875,0.1915,40,148,40,526417,150027,62163,64093,1.1882762007350145,0.29933215019615167
1876,0.1916,36,159,36,526576,149868,62199,64057,1.1870168546445317,0.2994367184761014
1877,0.1917,35,162,35,526738,149706,62234,64022,1.1857337473070586,0.29954895942506365
1878,0.1918,29,160,29,526898,149546,62263,63993,1.1844664808009124,0.29967827890923904
1879,0.1919,51,151,51,527049,149395,62314,63942,1.183270498035737,0.29972297351139277
1880,0.192,44,158,44,527207,149237,62358,63898,1.1820190723609174,0.2998005958664696
1881,0.1921,36,169,36,527376,149068,62394,63862,1.1806805221138006,0.29992016155544077
1882,0.1922,39,168,39,527544,148900,62433,63823,1.1793498922823469,0.30002867578964193
1883,0.1923,36,167,36,527711,148733,62469,63787,1.178027182866557,0.3001458686241295
1884,0.1924,42,187,42,527898,148546,62511,63745,1.1765460651374984,0.3002717967318445
1885,0.1925,48,193,48,528091,148353,62559,63697,1.1750174249144596,0.30038670124970523
1886,0.1926,46,157,46,528248,148196,62605,63651,1.1737739196553034,0.3004574055804425
1887,0.1927,50,165,50,528413,148031,62655,63601,1.1724670510708401,0.3005263854237544
1888,0.1928,34,187,34,528600,147844,62689,63567,1.1709859333417818,0.3006797186522934
1889,0.1929,30,161,30,528761,147683,62719,63537,1.169710746419972,0.30080958242590666
1890,0.193,36,154,36,528915,147529,62755,63501,1.1684910024078063,0.30090982324787946
1891,0.1931,39,155,39,529070,147374,62794,63462,1.1672633379799773,0.30100172646037676
1892,0.1932,41,157,41,529227,147217,62835,63421,1.166019832720821,0.3010900217434651
1893,0.1933,32,165,32,529392,147052,62867,63389,1.1647129641363578,0.3012198193317842
1894,0.1934,31,158,31,529550,146894,62898,63358,1.1634615384615385,0.3013431501246124
1895,0.1935,46,152,46,529702,146742,62944,63312,1.1622576352806995,0.30140820931760404
1896,0.1936,34,146,34,529848,146596,62978,63278,1.161101254593841,0.3015047123512203
1897,0.1937,36,161,36,530009,146435,63014,63242,1.1598260676720313,0.3016162955402834
1898,0.1938,39,180,39,530189,146255,63053,63203,1.158400392852617,0.30174545732318653
1899,0.1939,38,142,38,530331,146113,63091,63165,1.157275693828412,0.3018234119209855
1900,0.194,38,152,38,530483,145961,63129,63127,1.1560717906475733,0.3019159397000306
1901,0.1941,37,151,37,530634,145810,63166,63090,1.1548758078823977,0.3020105313547152
1902,0.1942,54,163,54,530797,145647,63220,63036,1.1535847801292611,0.30206581273989735
1903,0.1943,34,151,34,530948,145496,63254,63002,1.1523887973640856,0.30217076422795425
1904,0.1944,29,168,29,531116,145328,63283,62973,1.1510581675326321,0.3023173196480094
1905,0.1945,32,158,32,531274,145170,63315,62941,1.1498067418578126,0.3024395635021695
1906,0.1946,41,155,41,531429,145015,63356,62900,1.1485790774299836,0.30252747517014167
1907,0.1947,44,155,44,531584,144860,63400,62856,1.1473514130021543,0.30260548055999537
1908,0.1948,28,177,28,531761,144683,63428,62828,1.1459494994297301,0.3027694917377874
1909,0.1949,43,174,43,531935,144509,63471,62785,1.144571347104296,0.3028790027690141
1910,0.195,40,160,40,532095,144349,63511,62745,1.1433040805981498,0.3029783576540122
1911,0.1951,30,164,30,532259,144185,63541,62715,1.1420051324293499,0.3031174480425326
1912,0.1952,37,150,37,532409,144035,63578,62678,1.1408170700798377,0.30321266683759607
1913,0.1953,39,166,39,532575,143869,63617,62639,1.139502281079711,0.3033248106610882
1914,0.1954,41,165,41,532740,143704,63658,62598,1.1381954124952478,0.3034289536698626
1915,0.1955,44,178,44,532918,143526,63702,62554,1.13678557850716,0.3035423136645963
1916,0.1956,26,158,26,533076,143368,63728,62528,1.1355341528323406,0.3036872984419319
1917,0.1957,28,186,28,533262,143182,63756,62500,1.1340609555189456,0.30386713470308535
1918,0.1958,35,162,35,533424,143020,63791,62465,1.1327778481814725,0.3039881256539407
1919,0.1959,33,163,33,533587,142857,63824,62432,1.1314868204283361,0.3041176098086113
1920,0.196,39,152,39,533739,142705,63863,62393,1.130282917247497,0.3042106700211606
1921,0.1961,51,161,51,533900,142544,63914,62342,1.1290077303256876,0.3042765245063108
1922,0.1962,37,162,37,534062,142382,63951,62305,1.1277246229882145,0.3043915832466156
1923,0.1963,34,158,34,534220,142224,63985,62271,1.126473197313395,0.30451111274114284
1924,0.1964,42,165,42,534385,142059,64027,62229,1.1251663287289317,0.3046140742481203
1925,0.1965,42,170,42,534555,141889,64069,62187,1.1238198580661514,0.3047247104020071
1926,0.1966,32,176,32,534731,141713,64101,62155,1.1224258649093903,0.3048786469676457
1927,0.1967,43,182,43,534913,141531,64144,62112,1.120984349258649,0.305004345840515
1928,0.1968,40,145,40,535058,141386,64184,62072,1.119835888987454,0.30508507898436044
1929,0.1969,40,170,40,535228,141216,64224,62032,1.1184894183246736,0.3052034952373455
1930,0.197,38,162,38,535390,141054,64262,61994,1.1172063109872006,0.305316969386549
1931,0.1971,37,152,37,535542,140902,64299,61957,1.1160024078063617,0.3054190348961594
1932,0.1972,49,129,49,535671,140773,64348,61908,1.1149806741857813,0.30544550303185797
1933,0.1973,39,165,39,535836,140608,64387,61869,1.113673805601318,0.30556063157790764
1934,0.1974,35,143,35,535979,140465,64422,61834,1.1125411861614498,0.3056564787764645
1935,0.1975,37,176,37,536155,140289,64459,61797,1.1111471930046888,0.305795552388587
1936,0.1976,40,160,40,536315,140129,64499,61757,1.1098799264985426,0.3059003596088882
1937,0.1977,43,177,43,536492,139952,64542,61714,1.1084780129261185,0.3060208463499053
1938,0.1978,28,156,28,536648,139796,64570,61686,1.1072424280826259,0.30616134443771653
1939,0.1979,51,157,51,536805,139639,64621,61635,1.1059989228234697,0.30622435088486344
1940,0.198,38,176,38,536981,139463,64659,61597,1.1046049296667089,0.3063612851885009
1941,0.1981,42,159,42,537140,139304,64701,61555,1.103345583576226,0.3064587596274003
1942,0.1982,36,138,36,537278,139166,64737,61519,1.102252566214675,0.30654508309041534
1943,0.1983,37,131,37,537409,139035,64774,61482,1.1012149917627676,0.30661739403641586
1944,0.1984,43,156,43,537565,138879,64817,61439,1.0999794069192752,0.3067073353368145
1945,0.1985,36,136,36,537701,138743,64853,61403,1.0989022303890508,0.30679104253894657
1946,0.1986,36,155,36,537856,138588,64889,61367,1.0976745659612217,0.3069040534120177
1947,0.1987,38,169,38,538025,138419,64927,61329,1.0963360157141047,0.30703186014378114
1948,0.1988,24,152,24,538177,138267,64951,61305,1.0951321125332658,0.3071823702723829
1949,0.1989,37,154,37,538331,138113,64988,61268,1.0939123685211,0.30729106584880206
1950,0.199,45,143,45,538474,137970,65033,61223,1.0927797490812319,0.30735517814381025
1951,0.1991,38,154,38,538628,137816,65071,61185,1.091560005069066,0.30746076652881144
1952,0.1992,31,148,31,538776,137668,65102,61154,1.0903877835508808,0.3075816559535665
1953,0.1993,28,157,28,538933,137511,65130,61126,1.0891442782917247,0.3077271605994855
1954,0.1994,30,144,30,539077,137367,65160,61096,1.0880037384361931,0.30784579493406833
1955,0.1995,41,154,41,539231,137213,65201,61055,1.0867839944240274,0.30794177577823956
1956,0.1996,46,118,46,539349,137095,65247,61009,1.0858493853757445,0.3079645034931147
1957,0.1997,27,161,27,539510,136934,65274,60982,1.0845741984539348,0.3081206168273409
1958,0.1998,35,166,35,539676,136768,65309,60947,1.0832594094538082,0.30825683433224593
1959,0.1999,29,154,29,539830,136614,65338,60918,1.0820396654416424,0.30839560172529007
1960,0.2,35,150,35,539980,136464,65373,60883,1.0808516030921302,0.3085073499977197
1961,0.2001,38,124,38,540104,136340,65411,60845,1.079869471549867,0.30856809595050333
1962,0.2002,28,140,28,540244,136200,65439,60817,1.078760613356989,0.3086890978951055
1963,0.2003,40,165,40,540409,136035,65479,60777,1.0774537447725256,0.3088073897933053
1964,0.2004,38,148,38,540557,135887,65517,60739,1.0762815232543403,0.3089062484106883
1965,0.2005,45,137,45,540694,135750,65562,60694,1.0751964263084526,0.3089633686954043
1966,0.2006,36,166,36,540860,135584,65598,60658,1.073881637308326,0.3090979504897015
1967,0.2007,36,142,36,541002,135442,65634,60622,1.072756938284121,0.3091949567488167
1968,0.2008,28,147,28,541149,135295,65662,60594,1.0715926371815994,0.3093282420146103
1969,0.2009,40,125,40,541274,135170,65702,60554,1.0706025852236725,0.3093846436819194
1970,0.201,38,164,38,541438,135006,65740,60516,1.0693036370548727,0.30950992727161136
1971,0.2011,37,169,37,541607,134837,65777,60479,1.0679650868077557,0.3096469311269942
1972,0.2012,39,168,39,541775,134669,65816,60440,1.0666344569763022,0.3097755613528848
1973,0.2013,40,132,40,541907,134537,65856,60400,1.0655889621087316,0.30984369309058823
1974,0.2014,47,157,47,542064,134380,65903,60353,1.0643454568495754,0.30992692558528856
1975,0.2015,38,150,38,542214,134230,65941,60315,1.0631573945000634,0.3100310982035005
1976,0.2016,51,123,51,542337,134107,65992,60264,1.0621831833734634,0.31004625175566314
1977,0.2017,44,146,44,542483,133961,66036,60220,1.061026802686605,0.31012302954460014
1978,0.2018,46,148,46,542631,133813,66082,60174,1.0598545811684197,0.31019604406480844
1979,0.2019,40,155,40,542786,133658,66122,60134,1.0586269167405906,0.31030176684280053
1980,0.202,28,167,28,542953,133491,66150,60106,1.0573042073248005,0.3104696870302742
1981,0.2021,40,151,40,543104,133340,66190,60066,1.056108224559625,0.3105694756108911
1982,0.2022,28,139,28,543243,133201,66218,60038,1.0550072867824103,0.3106929760555581
1983,0.2023,28,154,28,543397,133047,66246,60010,1.0537875427702446,0.31084083975199034
1984,0.2024,36,124,36,543521,132923,66282,59974,1.0528054112279812,0.31091204114112714
1985,0.2025,38,160,38,543681,132763,66320,59936,1.051538144721835,0.31103430739132015
1986,0.2026,35,135,35,543816,132628,66355,59901,1.0504688886072742,0.3111271548701754
1987,0.2027,49,157,49,543973,132471,66404,59852,1.0492253833481182,0.31120562803200863
1988,0.2028,28,145,28,544118,132326,66432,59824,1.0480769230769231,0.3113400988810825
1989,0.2029,27,131,27,544249,132195,66459,59797,1.0470393486250158,0.3114556856535689
1990,0.203,48,125,48,544374,132070,66507,59749,1.0460492966670891,0.3114863491103592
1991,0.2031,30,132,30,544506,131938,66537,59719,1.0450038017995185,0.31159310643493326
1992,0.2032,39,169,39,544675,131769,66576,59680,1.0436652515524014,0.3117279275420608
1993,0.2033,25,140,25,544815,131629,66601,59655,1.0425563933595234,0.3118661257606491
1994,0.2034,42,123,42,544938,131506,66643,59613,1.0415821822329236,0.3119156127857513
1995,0.2035,43,140,43,545078,131366,66686,59570,1.0404733240400457,0.31198935769053504
1996,0.2036,35,127,35,545205,131239,66721,59535,1.039467431250792,0.31207082726157653
1997,0.2037,44,156,44,545361,131083,66765,59491,1.0382318464072995,0.31216745201339113
1998,0.2038,25,141,25,545502,130942,66790,59466,1.0371150677987582,0.3123083063736818
1999,0.2039,38,152,38,545654,130790,66828,59428,1.035911164617919,0.3124204859687306
2000,0.204,38,142,38,545796,130648,66866,59390,1.0347864655937145,0.3125164440796051
2001,0.2041,36,135,36,545931,130513,66902,59354,1.0337172094791536,0.3126082994938562
2002,0.2042,50,135,50,546066,130378,66952,59304,1.0326479533645925,0.31264959247582796
2003,0.2043,37,109,37,546175,130269,66989,59267,1.0317846280572804,0.31269521357420227
2004,0.2044,50,142,50,546317,130127,67039,59217,1.0306599290330756,0.3127482254520872
2005,0.2045,33,123,33,546440,130004,67072,59184,1.0296857179064758,0.3128316806562784
2006,0.2046,35,146,35,546586,129858,67107,59149,1.0285293372196174,0.312946081362066
2007,0.2047,34,156,34,546742,129702,67141,59115,1.0272937523761247,0.313080919620585
2008,0.2048,21,142,21,546884,129560,67162,59094,1.0261690533519199,0.3132401115269223
2009,0.2049,37,147,37,547031,129413,67199,59057,1.0250047522493981,0.3133496047116252
2010,0.205,48,118,48,547149,129295,67247,59009,1.0240701432011152,0.31337093210977995
2011,0.2051,34,145,34,547294,129150,67281,58975,1.0229216829299201,0.31348837209302327
2012,0.2052,41,140,41,547434,129010,67322,58934,1.0218128247370422,0.3135721278678755
2013,0.2053,43,127,43,547561,128883,67365,58891,1.0208069319477886,0.3136270197151895
2014,0.2054,46,146,46,547707,128737,67411,58845,1.0196505512609302,0.313702807305605
2015,0.2055,41,158,41,547865,128579,67452,58804,1.0183991255861107,0.313817155238202
2016,0.2056,35,155,35,548020,128424,67487,58769,1.0171714611582816,0.31394870534688796
2017,0.2057,37,127,37,548147,128297,67524,58732,1.016165568369028,0.31402616706500064
2018,0.2058,35,152,35,548299,128145,67559,58697,1.014961665188189,0.3141531347341604
2019,0.2059,30,144,30,548443,128001,67589,58667,1.0138211253326574,0.3142852551053207
2020,0.206,32,135,32,548578,127866,67621,58635,1.0127518692180966,0.31439509707722746
2021,0.2061,29,143,29,548721,127723,67650,58606,1.0116192497782284,0.31452967600319864
2022,0.2062,26,151,26,548872,127572,67676,58580,1.0104232670130529,0.31468907129657486
2023,0.2063,42,140,42,549012,127432,67718,58538,1.0093144088201749,0.3147711996558585
2024,0.2064,52,149,52,549161,127283,67770,58486,1.0081342668863262,0.3148318610747757
2025,0.2065,27,118,27,549279,127165,67797,58459,1.0071996578380433,0.31493233633581863
2026,0.2066,34,141,34,549420,127024,67831,58425,1.006082879229502,0.31504618520455757
2027,0.2067,30,133,30,549553,126891,67861,58395,1.0050294639462678,0.3151614261196205
2028,0.2068,43,138,43,549691,126753,67904,58352,1.0039364465847167,0.3152372977499257
2029,0.2069,35,139,35,549830,126614,67939,58317,1.0028355088075023,0.31534464205568563
2030,0.207,32,136,32,549966,126478,67971,58285,1.0017583322772778,0.3154581815623258
2031,0.2071,35,137,35,550103,126341,68006,58250,1.0006732353313903,0.31556251388204193
2032,0.2072,36,145,36,550248,126196,68042,58214,0.9995247750601952,0.31567702402255843
2033,0.2073,31,107,31,550355,126089,68073,58183,0.9986772905842098,0.3157452027437701
2034,0.2074,40,130,40,550485,125959,68113,58143,0.9976476365479661,0.3158194913689151
2035,0.2075,30,151,30,550636,125808,68143,58113,0.9964516537827905,0.31596718156164877
2036,0.2076,32,147,32,550783,125661,68175,58081,0.9952873526802687,0.31610083704324543
2037,0.2077,39,130,39,550913,125531,68214,58042,0.9942576986440248,0.31617939457327604
2038,0.2078,36,145,36,551058,125386,68250,58006,0.9931092383728298,0.3162951491886233
2039,0.2079,44,120,44,551178,125266,68294,57962,0.9921587884932201,0.31633811426201236
2040,0.208,51,133,51,551311,125133,68345,57911,0.991105373209986,0.3163774830095496
2041,0.2081,38,139,38,551450,124994,68383,57873,0.9900044354327715,0.31647590872054554
2042,0.2082,25,145,25,551595,124849,68408,57848,0.9888559751615765,0.31663355172772406
2043,0.2083,33,136,33,551731,124713,68441,57815,0.9877787986313522,0.31674592391304346
2044,0.2084,38,141,38,551872,124572,68479,57777,0.9866620200228108,0.3168484609183489
2045,0.2085,43,131,43,552003,124441,68522,57734,0.9856244455709036,0.3169150542061205
2046,0.2086,28,153,28,552156,124288,68550,57706,0.9844126219744013,0.3170763871336418
2047,0.2087,31,153,31,552309,124135,68581,57675,0.9832007983778989,0.31722677520488424
2048,0.2088,37,112,37,552421,124023,68618,57638,0.9823137118235965,0.31728329140542
2049,0.2089,39,148,39,552569,123875,68657,57599,0.9811414903054112,0.3173953293584756
2050,0.209,27,149,27,552718,123726,68684,57572,0.9799613483715626,0.31755452349170976
2051,0.2091,33,138,33,552856,123588,68717,57539,0.9788683310100114,0.31767213060449295
2052,0.2092,33,139,33,552995,123449,68750,57506,0.9777673932327968,0.3177917161725291
2053,0.2093,33,128,33,553123,123321,68783,57473,0.9767535800278798,0.3178921866876113
2054,0.2094,41,119,41,553242,123202,68824,57432,0.9758110505639336,0.31794678742650884
2055,0.2095,32,143,32,553385,123059,68856,57400,0.9746784311240654,0.3180777905230551
2056,0.2096,28,140,28,553525,122919,68884,57372,0.9735695729311874,0.31821887947817695
2057,0.2097,31,133,31,553658,122786,68915,57341,0.9725161576479534,0.31833650702004695
2058,0.2098,41,135,41,553793,122651,68956,57300,0.9714469015333925,0.31842001433723627
2059,0.2099,32,156,32,553949,122495,68988,57268,0.9702113166898999,0.31857501265555205
2060,0.21,40,142,40,554091,122353,69028,57228,0.9690866176656951,0.31867513823845506
2061,0.2101,29,150,29,554241,122203,69057,57199,0.967898555316183,0.3188314511543907
2062,0.2102,39,141,39,554382,122062,69096,57160,0.9667817767076416,0.3189340594346676
2063,0.2103,28,129,28,554511,121933,69124,57132,0.9657600430870612,0.3190573255521738
2064,0.2104,49,138,49,554649,121795,69173,57083,0.9646670257255101,0.31911694003734387
2065,0.2105,37,114,37,554763,121681,69210,57046,0.9637640983398809,0.31917953079277334
2066,0.2106,43,121,43,554884,121560,69253,57003,0.9628057280446077,0.3192318677441575
2067,0.2107,28,128,28,555012,121432,69281,56975,0.9617919148396908,0.319354061219571
2068,0.2108,37,121,37,555133,121311,69318,56938,0.9608335445444177,0.3194295620171782
2069,0.2109,36,119,36,555252,121192,69354,56902,0.9598910150804715,0.31950542971689105
2070,0.211,36,131,36,555383,121061,69390,56866,0.9588534406285641,0.31960298324593794
2071,0.2111,37,132,37,555515,120929,69427,56829,0.9578079457609935,0.3196986914794271
2072,0.2112,34,141,34,555656,120788,69461,56795,0.9566911671524522,0.31982228028583815
2073,0.2113,27,135,27,555791,120653,69488,56768,0.9556219110378913,0.31996212398757756
2074,0.2114,32,115,32,555906,120538,69520,56736,0.9547110632365987,0.3200469329963785
2075,0.2115,31,104,31,556010,120434,69551,56705,0.9538873400076036,0.3201158412320268
2076,0.2116,39,140,39,556150,120294,69590,56666,0.9527784818147257,0.3202192585895118
2077,0.2117,24,126,24,556276,120168,69614,56642,0.9517805094411355,0.3203551835303433
2078,0.2118,38,121,38,556397,120047,69652,56604,0.9508221391458623,0.32042841535004046
2079,0.2119,41,123,41,556520,119924,69693,56563,0.9498479280192624,0.32049386073761804
2080,0.212,20,113,20,556633,119811,69713,56543,0.9489529210492966,0.3206221577055241
2081,0.2121,42,142,42,556775,119669,69755,56501,0.9478282220250919,0.32071862405630924
2082,0.2122,38,145,38,556920,119524,69793,56463,0.9466797617538969,0.32083619812827086
2083,0.2123,33,135,33,557055,119389,69826,56430,0.9456105056393359,0.3209550731149648
2084,0.2124,35,131,35,557186,119258,69861,56395,0.9445729311874287,0.3210591336327874
2085,0.2125,36,141,36,557327,119117,69897,56359,0.9434561525788874,0.32117782488773394
2086,0.2126,41,167,41,557494,118950,69938,56318,0.9421334431630972,0.32132505648492593
2087,0.2127,30,129,30,557623,118821,69968,56288,0.9411117095425168,0.32144549966021163
2088,0.2128,29,120,29,557743,118701,69997,56259,0.9401612596629071,0.32155349794238686
2089,0.2129,40,135,40,557878,118566,70037,56219,0.9390920035483462,0.32164659438739024
2090,0.213,31,107,31,557985,118459,70068,56188,0.938244519072361,0.3217232474648863
2091,0.2131,43,101,43,558086,118358,70111,56145,0.9374445570903561,0.3217423196162817
2092,0.2132,37,157,37,558243,118201,70148,56108,0.9362010518312001,0.32188814117458076
2093,0.2133,42,118,42,558361,118083,70190,56066,0.9352664427829173,0.3219427042360278
2094,0.2134,31,150,31,558511,117933,70221,56035,0.9340783804334052,0.3220994665685643
2095,0.2135,37,105,37,558616,117828,70258,55998,0.9332467367887467,0.3221497359428394
2096,0.2136,36,112,36,558728,117716,70294,55962,0.9323596502344443,0.32221697624339296
2097,0.2137,40,113,40,558841,117603,70334,55922,0.9314646432644785,0.3222705662008356
2098,0.2138,21,127,21,558968,117476,70355,55901,0.930458750475225,0.3224245430478091
2099,0.2139,26,114,26,559082,117362,70381,55875,0.9295558230895957,0.32253502427310565
2100,0.214,31,144,31,559226,117218,70412,55844,0.9284152832340641,0.3226820445851776
2101,0.2141,27,123,27,559349,117095,70439,55817,0.9274410721074642,0.32280582030165633
2102,0.2142,31,118,31,559467,116977,70470,55786,0.9265064630591814,0.32290478864108635
2103,0.2143,24,123,24,559590,116854,70494,55762,0.9255322519325814,0.32304073782268156
2104,0.2144,33,130,33,559720,116724,70527,55729,0.9245025978963376,0.3231547146178959
2105,0.2145,30,131,30,559851,116593,70557,55699,0.9234650234444304,0.3232825668051912
2106,0.2146,34,149,34,560000,116444,70591,55665,0.9222848815105816,0.3234287573572562
2107,0.2147,34,116,34,560116,116328,70625,55631,0.9213661132936256,0.3235131630214179
2108,0.2148,42,128,42,560244,116200,70667,55589,0.9203523000887086,0.3235888211701564
2109,0.2149,33,128,33,560372,116072,70700,55556,0.9193384868837917,0.3237000955555038
2110,0.215,26,159,26,560531,115913,70726,55530,0.9180791407933089,0.32389773860700055
2111,0.2151,33,114,33,560645,115799,70759,55497,0.9171762134076796,0.3239830468895946
2112,0.2152,37,143,37,560788,115656,70796,55460,0.9160435939678114,0.324107622899086
2113,0.2153,44,119,44,560907,115537,70840,55416,0.9151010645038652,0.3241592718466479
2114,0.2154,31,148,31,561055,115389,70871,55385,0.9139288429856799,0.3243175190602785
2115,0.2155,28,117,28,561172,115272,70899,55357,0.9130021543530604,0.32442902437452015
2116,0.2156,46,145,46,561317,115127,70945,55311,0.9118536940818655,0.3245227003367794
2117,0.2157,35,114,35,561431,115013,70980,55276,0.9109507666962362,0.3246011192737053
2118,0.2158,22,127,22,561558,114886,71002,55254,0.9099448739069826,0.3247560832255789
2119,0.2159,41,128,41,561686,114758,71043,55213,0.9089310607020656,0.3248377664425108
2120,0.216,39,109,39,561795,114649,71082,55174,0.9080677353947535,0.3248912102600943
2121,0.2161,36,118,36,561913,114531,71118,55138,0.9071331263464707,0.32497391980856843
2122,0.2162,25,115,25,562028,114416,71143,55113,0.906222278545178,0.3250948215349586
2123,0.2163,37,105,37,562133,114311,71180,55076,0.9053906349005196,0.3251489193385561
2124,0.2164,37,130,37,562263,114181,71217,55039,0.9043609808642757,0.3252511523460584
2125,0.2165,36,134,36,562397,114047,71253,55003,0.9032996451653783,0.32536527654540076
2126,0.2166,32,114,32,562511,113933,71285,54971,0.9023967177797491,0.325457064367925
2127,0.2167,44,125,44,562636,113808,71329,54927,0.9014066658218224,0.3255222686461019
2128,0.2168,34,134,34,562770,113674,71363,54893,0.9003453301229248,0.32564499575836314
2129,0.2169,37,121,37,562891,113553,71400,54856,0.8993869598276517,0.32573081011109856
2130,0.217,36,162,36,563053,113391,71436,54820,0.8981038524901787,0.32590020866649627
2131,0.2171,50,114,50,563167,113277,71486,54770,0.8972009251045495,0.3259207245592007
2132,0.2172,28,112,28,563279,113165,71514,54742,0.8963138385502472,0.32602571661693674
2133,0.2173,31,116,31,563395,113049,71545,54711,0.8953950703332911,0.32612660944206007
2134,0.2174,34,122,34,563517,112927,71579,54677,0.8944287796223546,0.32622729767785974
2135,0.2175,31,133,31,563650,112794,71610,54646,0.8933753643391206,0.3263616817964644
2136,0.2176,31,129,31,563779,112665,71641,54615,0.8923536307185401,0.32648852223816355
2137,0.2177,40,120,40,563899,112545,71681,54575,0.8914031808389304,0.32656175203446625
2138,0.2178,34,145,34,564044,112400,71715,54541,0.8902547205677354,0.3267082382398572
2139,0.2179,29,119,29,564163,112281,71744,54512,0.8893121911037891,0.32682426720545826
2140,0.218,32,106,32,564269,112175,71776,54480,0.8884726270434672,0.32690288320182415
2141,0.2181,33,98,33,564367,112077,71809,54447,0.8876964263084527,0.32696187936873966
2142,0.2182,28,118,28,564485,111959,71837,54419,0.8867618172601698,0.3270805034319441
2143,0.2183,26,110,26,564595,111849,71863,54393,0.8858905715371943,0.32719168441188146
2144,0.2184,35,128,35,564723,111721,71898,54358,0.8848767583322773,0.32730206708855425
2145,0.2185,35,130,35,564853,111591,71933,54323,0.8838471042960334,0.32741661342623285
2146,0.2186,34,103,34,564956,111488,71967,54289,0.8830313014827018,0.32748209944684725
2147,0.2187,30,139,30,565095,111349,71997,54259,0.8819303637054873,0.3276351383991112
2148,0.2188,40,123,40,565218,111226,72037,54219,0.8809561525788874,0.3277161594487594
2149,0.2189,39,147,39,565365,111079,72076,54180,0.8797918514763655,0.327849012761786
2150,0.219,34,108,34,565473,110971,72110,54146,0.8789364465847168,0.32792504708782255
2151,0.2191,45,132,45,565605,110839,72155,54101,0.8778909517171462,0.328004122711289
2152,0.2192,24,127,24,565732,110712,72179,54077,0.8768850589278926,0.32815903974173033
2153,0.2193,35,122,35,565854,110590,72214,54042,0.875918768216956,0.32825939064094467
2154,0.2194,48,116,48,565970,110474,72262,53994,0.875,0.3282948658705645
2155,0.2195,40,110,40,566080,110364,72302,53954,0.8741287542770244,0.3283511240399713
2156,0.2196,35,141,35,566221,110223,72337,53919,0.8730119756684831,0.32848996600504443
2157,0.2197,34,122,34,566343,110101,72371,53885,0.8720456849575465,0.32859512397399776
2158,0.2198,28,117,28,566460,109984,72399,53857,0.8711189963249272,0.32871503469827457
2159,0.2199,22,131,22,566591,109853,72421,53835,0.8700814218730198,0.3288878842676311
2160,0.22,30,119,30,566710,109734,72451,53805,0.8691388924090736,0.3290040907673399
2161,0.2201,35,110,35,566820,109624,72486,53770,0.8682676466860981,0.32908185123076733
2162,0.2202,34,133,34,566953,109491,72520,53736,0.867214231402864,0.32921024095278356
2163,0.2203,41,111,41,567064,109380,72561,53695,0.8663350652642251,0.3292656753027748
2164,0.2204,31,128,31,567192,109252,72592,53664,0.8653212520593081,0.32939674433450367
2165,0.2205,35,138,35,567330,109114,72627,53629,0.8642282346977569,0.3295318385429788
2166,0.2206,34,124,34,567454,108990,72661,53595,0.8632461031554935,0.3296429559922502
2167,0.2207,39,136,39,567590,108854,72700,53556,0.8621689266252693,0.3297580198263654
2168,0.2208,40,140,40,567730,108714,72740,53516,0.8610600684323914,0.3298773346483388
2169,0.2209,27,106,27,567836,108608,72767,53489,0.8602205043720694,0.32998143087163856
2170,0.221,43,116,43,567952,108492,72810,53446,0.8593017361551134,0.33003989181044596
2171,0.2211,28,121,28,568073,108371,72838,53418,0.8583433658598403,0.3301707779886148
2172,0.2212,32,117,32,568190,108254,72870,53386,0.8574166772272209,0.33027715911902994
2173,0.2213,34,127,34,568317,108127,72904,53352,0.8564107844379673,0.3303959028728194
2174,0.2214,31,130,31,568447,107997,72935,53321,0.8553811304017235,0.33053348045475395
2175,0.2215,31,102,31,568549,107895,72966,53290,0.8545732480040552,0.3306138908707386
2176,0.2216,36,97,36,568646,107798,73002,53254,0.853804967684704,0.33066338822243746
2177,0.2217,29,123,29,568769,107675,73031,53225,0.8528307565581041,0.3307955251709136
2178,0.2218,39,118,39,568887,107557,73070,53186,0.8518961475098213,0.3308759946000759
2179,0.2219,44,110,44,568997,107447,73114,53142,0.8510249017868458,0.33091930331467284
2180,0.222,46,111,46,569108,107336,73160,53096,0.8501457356482068,0.33095641767228484
2181,0.2221,28,120,28,569228,107216,73188,53068,0.8491952857685972,0.3310873200069876
2182,0.2222,29,113,29,569341,107103,73217,53039,0.8483002787986313,0.3311998101684755
2183,0.2223,36,110,36,569451,106993,73253,53003,0.8474290330756558,0.33127703192579816
2184,0.2224,30,103,30,569554,106890,73283,52973,0.8466132302623242,0.33136498126520836
2185,0.2225,29,104,29,569658,106786,73312,52944,0.8457895070333291,0.33145933763225444
2186,0.2226,34,115,34,569773,106671,73346,52910,0.8448786592320365,0.33155576165082307
2187,0.2227,43,115,43,569888,106556,73389,52867,0.8439678114307438,0.331614635278473
2188,0.2228,21,120,21,570008,106436,73410,52846,0.8430173615511342,0.3317763463542648
2189,0.2229,38,128,38,570136,106308,73448,52808,0.8420035483462172,0.3318836572060635
2190,0.223,33,117,33,570253,106191,73481,52775,0.8410768597135978,0.3319892304014695
2191,0.2231,33,101,33,570354,106090,73514,52742,0.840276897731593,0.33206154930996273
2192,0.2232,40,118,40,570472,105972,73554,52702,0.8393422886833101,0.3321401111713324
2193,0.2233,41,114,41,570586,105858,73595,52661,0.8384393612976809,0.33220623395302773
2194,0.2234,24,137,24,570723,105721,73619,52637,0.8373542643517932,0.33239242728501245
2195,0.2235,31,99,31,570822,105622,73650,52606,0.8365701432011152,0.3324696008291832
2196,0.2236,38,107,38,570929,105515,73688,52568,0.8357226587251299,0.33253417508524
2197,0.2237,19,96,19,571025,105419,73707,52549,0.8349622988214421,0.33265598095816873
2198,0.2238,25,95,25,571120,105324,73732,52524,0.8342098593334178,0.3327504941462673
2199,0.2239,21,119,21,571239,105205,73753,52503,0.8332673298694715,0.33291272478250944
2200,0.224,44,100,44,571339,105105,73797,52459,0.8324752883031301,0.33293772689192963
2201,0.2241,23,119,23,571458,104986,73820,52436,0.8315327588391839,0.3330919439468435
2202,0.2242,31,112,31,571570,104874,73851,52405,0.8306456722848815,0.33319769327119325
2203,0.2243,34,101,34,571671,104773,73885,52371,0.8298457103028767,0.3332675762358092
2204,0.2244,28,110,28,571781,104663,73913,52343,0.8289744645799012,0.3333821637389654
2205,0.2245,31,94,31,571875,104569,73944,52312,0.8282299455075403,0.3334501947335879
2206,0.2246,32,112,32,571987,104457,73976,52280,0.8273428589532379,0.3335523839297677
2207,0.2247,39,108,39,572095,104349,74015,52241,0.8264874540615892,0.3336164506034868
2208,0.2248,33,92,33,572187,104257,74048,52208,0.825758775820555,0.333672067235484
2209,0.2249,22,130,22,572317,104127,74070,52186,0.8247291217843112,0.3338557893457358
2210,0.225,32,108,32,572425,104019,74102,52154,0.8238737168926625,0.33395017064409344
2211,0.2251,39,122,39,572547,103897,74141,52115,0.822907426181726,0.33404481706535394
2212,0.2252,33,117,33,572664,103780,74174,52082,0.8219807375491066,0.33415457263476667
2213,0.2253,32,89,32,572753,103691,74206,52050,0.8212758205550628,0.33420871832080185
2214,0.2254,27,116,27,572869,103575,74233,52023,0.8203570523381067,0.33434234373192456
2215,0.2255,43,119,43,572988,103456,74276,51980,0.8194145228741604,0.3344141640289251
2216,0.2256,32,102,32,573090,103354,74308,51948,0.8186066404764922,0.33449665812417095
2217,0.2257,28,103,28,573193,103251,74336,51920,0.8177908376631605,0.3345986041206153
2218,0.2258,41,101,41,573294,103150,74377,51879,0.8169908756811557,0.3346406156267537
2219,0.2259,45,110,45,573404,103040,74422,51834,0.8161196299581802,0.3346849697173186
2220,0.226,28,114,28,573518,102926,74450,51806,0.815216702572551,0.33481115735594447
2221,0.2261,33,115,33,573633,102811,74483,51773,0.8143058547712584,0.33491823215856753
2222,0.2262,33,99,33,573732,102712,74516,51740,0.8135217336205804,0.3349908062051641
2223,0.2263,32,114,32,573846,102598,74548,51708,0.8126188062349512,0.33510038494938627
2224,0.2264,39,123,39,573969,102475,74587,51669,0.8116445951083513,0.3351995536641063
2225,0.2265,22,120,22,574089,102355,74609,51647,0.8106941452287416,0.3353657744704614
2226,0.2266,26,114,26,574203,102241,74635,51621,0.8097912178431124,0.3355019432998401
2227,0.2267,29,114,29,574317,102127,74664,51592,0.8088882904574832,0.33562539438846206
2228,0.2268,38,121,38,574438,102006,74702,51554,0.8079299201622101,0.33572544933576454
2229,0.2269,28,105,28,574543,101901,74730,51526,0.8070982765175516,0.33583397967763173
2230,0.227,39,91,39,574634,101810,74769,51487,0.806377518692181,0.33586436786108015
2231,0.2271,29,123,29,574757,101687,74798,51458,0.8054033075655811,0.3360083580920043
2232,0.2272,42,96,42,574853,101591,74840,51416,0.8046429476618933,0.33603691334383395
2233,0.2273,41,94,41,574947,101497,74881,51375,0.8038984285895324,0.33606546653409386
2234,0.2274,27,95,27,575042,101402,74908,51348,0.803145989101508,0.3361571194762684
2235,0.2275,38,122,38,575164,101280,74946,51310,0.8021796983905716,0.3362605675339144
2236,0.2276,38,115,38,575279,101165,74984,51272,0.8012688505892789,0.33634878671188756
2237,0.2277,34,89,34,575368,101076,75018,51238,0.800563933595235,0.33639717951074755
2238,0.2278,36,123,36,575491,100953,75054,51202,0.7995897224686351,0.3365121093621636
2239,0.2279,35,134,35,575625,100819,75089,51167,0.7985283867697377,0.3366560077901912
2240,0.228,26,135,26,575760,100684,75115,51141,0.7974591306551768,0.3368417586036555
2241,0.2281,33,86,33,575846,100598,75148,51108,0.7967779749081232,0.336888455301702
2242,0.2282,37,110,37,575956,100488,75185,51071,0.7959067291851476,0.33697108056928327
2243,0.2283,31,115,31,576071,100373,75216,51040,0.794995881383855,0.3370912669321657
2244,0.2284,27,113,27,576184,100260,75243,51013,0.7941008744138892,0.3372247525996047
2245,0.2285,38,115,38,576299,100145,75281,50975,0.7931900266125966,0.3373147167813658
2246,0.2286,30,103,30,576402,100042,75311,50945,0.792374223799265,0.3374131547749144
2247,0.2287,26,121,26,576523,99921,75337,50919,0.7914158535039919,0.3375696101829753
2248,0.2288,25,127,25,576650,99794,75362,50894,0.7904099607147383,0.3377442132087492
2249,0.2289,29,107,29,576757,99687,75391,50865,0.789562476238753,0.3378566873904033
2250,0.229,31,105,31,576862,99582,75422,50834,0.7887308325940945,0.3379560685033507
2251,0.2291,43,127,43,576989,99455,75465,50791,0.7877249398048409,0.3380522609586944
2252,0.2292,41,105,41,577094,99350,75506,50750,0.7868932961601824,0.338107928047968
2253,0.2293,32,106,32,577200,99244,75538,50718,0.7860537320998606,0.33820567877195556
2254,0.2294,29,110,29,577310,99134,75567,50689,0.785182486376885,0.33832589121830425
2255,0.2295,27,105,27,577415,99029,75594,50662,0.7843508427322265,0.3384438610203686
2256,0.2296,43,104,43,577519,98925,75637,50619,0.7835271195032315,0.3384890065800032
2257,0.2297,44,98,44,577617,98827,75681,50575,0.782750918768217,0.3385162179890497
2258,0.2298,25,107,25,577724,98720,75706,50550,0.7819034342922316,0.3386480873584779
2259,0.2299,30,114,30,577838,98606,75736,50520,0.7810005069066025,0.3387739227230664
2260,0.23,33,112,33,577950,98494,75769,50487,0.7801134203523001,0.33888213933320355
2261,0.2301,36,99,36,578049,98395,75805,50451,0.7793292992016221,0.3389476371551805
2262,0.2302,30,112,30,578161,98283,75835,50421,0.7784422126473197,0.33906956100710134
2263,0.2303,34,116,34,578277,98167,75869,50387,0.7775234444303637,0.33918305801257453
2264,0.2304,34,111,34,578388,98056,75903,50353,0.7766442782917248,0.3392853533141521
2265,0.2305,32,100,32,578488,97956,75935,50321,0.7758522367253834,0.33937158156693215
2266,0.2306,42,121,42,578609,97835,75977,50279,0.7748938664301103,0.3394614958747991
2267,0.2307,41,110,41,578719,97725,76018,50238,0.7740226207071347,0.33953082865310924
2268,0.2308,29,113,29,578832,97612,76047,50209,0.7731276137371689,0.3396608059747938
2269,0.2309,29,122,29,578954,97490,76076,50180,0.7721613230262324,0.33981174239859147
2270,0.231,33,111,33,579065,97379,76109,50147,0.7712821568875935,0.3399197429605629
2271,0.2311,30,97,30,579162,97282,76139,50117,0.7705138765682423,0.3400090909707664
2272,0.2312,26,115,26,579277,97167,76165,50091,0.7696030287669496,0.3401580898830624
2273,0.2313,33,110,33,579387,97057,76198,50058,0.7687317830439742,0.3402644189919451
2274,0.2314,38,73,38,579460,96984,76236,50020,0.768153592700545,0.34026284999047646
2275,0.2315,20,121,20,579581,96863,76256,50000,0.7671952224052718,0.3404533476777677
2276,0.2316,32,103,32,579684,96760,76288,49968,0.7663794195919402,0.3405484979008778
2277,0.2317,28,97,28,579781,96663,76316,49940,0.7656111392725891,0.3406478721444991
2278,0.2318,30,99,30,579880,96564,76346,49910,0.764827018121911,0.3407430670289608
2279,0.2319,30,126,30,580006,96438,76376,49880,0.7638290457483209,0.3409013245123635
2280,0.232,27,105,27,580111,96333,76403,49853,0.7629974021036624,0.3410244483055833
2281,0.2321,31,84,31,580195,96249,76434,49822,0.7623320871879357,0.34108070732725865
2282,0.2322,25,100,25,580295,96149,76459,49797,0.7615400456215943,0.3412015402957258
2283,0.2323,31,103,31,580398,96046,76490,49766,0.7607242428082626,0.341302499108441
2284,0.2324,35,135,35,580533,95911,76525,49731,0.7596549866937017,0.3414605676933852
2285,0.2325,33,107,33,580640,95804,76558,49698,0.7588075022177164,0.3415623152946351
2286,0.2326,35,101,35,580741,95703,76593,49663,0.7580075402357116,0.34164109901902784
2287,0.2327,26,111,26,580852,95592,76619,49637,0.7571283740970726,0.34178435436448645
2288,0.2328,27,108,27,580960,95484,76646,49610,0.7562729692054239,0.3419162749665734
2289,0.2329,34,100,34,581060,95384,76680,49576,0.7554809276390825,0.34199779249448126
2290,0.233,40,91,40,581151,95293,76720,49536,0.7547601698137119,0.342030946840757
2291,0.2331,30,105,30,581256,95188,76750,49506,0.7539285261690534,0.3421427287931773
2292,0.2332,31,98,31,581354,95090,76781,49475,0.7531523254340388,0.3422335973437554
2293,0.2333,32,107,32,581461,94983,76813,49443,0.7523048409580535,0.34234140667192886
2294,0.2334,23,85,23,581546,94898,76836,49420,0.7516316056266633,0.3424382266938289
2295,0.2335,21,93,21,581639,94805,76857,49399,0.7508950069699658,0.34256331308424176
2296,0.2336,45,97,45,581736,94708,76902,49354,0.7501267266506146,0.34258860768280325
2297,0.2337,36,103,36,581839,94605,76938,49318,0.7493109238372829,0.34266934402423516
2298,0.2338,33,94,33,581933,94511,76971,49285,0.7485664047649221,0.34274249631422293
2299,0.2339,25,102,25,582035,94409,76996,49260,0.7477585223672538,0.34287146148438424
2300,0.234,30,111,30,582146,94298,77026,49230,0.7468793562286149,0.34299927540270886
2301,0.2341,40,110,40,582256,94188,77066,49190,0.7460081105056393,0.34307913347933433
2302,0.2342,29,99,29,582355,94089,77095,49161,0.7452239893549614,0.3431832460732984
2303,0.2343,24,111,24,582466,93978,77119,49137,0.7443448232163223,0.3433392726129337
2304,0.2344,25,100,25,582566,93878,77144,49112,0.743552781649981,0.34346457794251345
2305,0.2345,40,88,40,582654,93790,77184,49072,0.7428557850716005,0.34349232126107715
2306,0.2346,29,101,29,582755,93689,77213,49043,0.7420558230895957,0.3436019953479248
2307,0.2347,40,87,40,582842,93602,77253,49003,0.7413667469268788,0.3436275025419866
2308,0.2348,24,88,24,582930,93514,77277,48979,0.7406697503484982,0.3437291656432246
2309,0.2349,33,112,33,583042,93402,77310,48946,0.7397826637941959,0.3438474723916037
2310,0.235,23,104,23,583146,93298,77333,48923,0.7389589405652008,0.3439927999381245
2311,0.2351,29,102,29,583248,93196,77362,48894,0.7381510581675327,0.3441058484059399
2312,0.2352,30,85,30,583333,93111,77392,48864,0.7374778228361425,0.3441732699418912
2313,0.2353,28,101,28,583434,93010,77420,48836,0.7366778608541377,0.34428887666906366
2314,0.2354,32,100,32,583534,92910,77452,48804,0.7358858192877962,0.3443837588382235
2315,0.2355,25,98,25,583632,92812,77477,48779,0.7351096185527817,0.3445063598675057
2316,0.2356,25,106,25,583738,92706,77502,48754,0.7342700544924597,0.3446486639332674
2317,0.2357,32,107,32,583845,92599,77534,48722,0.7334225700164745,0.34476121737038373
2318,0.2358,28,107,28,583952,92492,77562,48694,0.7325750855404891,0.34489255308600003
2319,0.2359,35,107,35,584059,92385,77597,48659,0.7317276010645039,0.34499163381639775
2320,0.236,29,80,29,584139,92305,77626,48630,0.7310939678114308,0.3450526838613545
2321,0.2361,40,117,40,584256,92188,77666,48590,0.7301672791788113,0.34515336203099917
2322,0.2362,30,89,30,584345,92099,77696,48560,0.7294623621847675,0.34523208610895856
2323,0.2363,22,90,22,584435,92009,77718,48538,0.7287495247750602,0.34535066561363814
2324,0.2364,32,111,32,584546,91898,77750,48506,0.7278703586364212,0.34547448790632745
2325,0.2365,41,103,41,584649,91795,77791,48465,0.7270545558230896,0.3455368601169257
2326,0.2366,35,83,35,584732,91712,77826,48430,0.7263971613230262,0.3455780565426496
2327,0.2367,38,87,38,584819,91625,77864,48392,0.7257080851603092,0.34561517530014213
2328,0.2368,30,109,30,584928,91516,77894,48362,0.7248447598529971,0.3457441484722401
2329,0.2369,28,120,28,585048,91396,77922,48334,0.7238943099733874,0.34590996922636513
2330,0.237,31,112,31,585160,91284,77953,48303,0.7230072234190851,0.3460422532184229
2331,0.2371,27,99,27,585259,91185,77980,48276,0.722223102268407,0.3461612924043281
2332,0.2372,23,107,23,585366,91078,78003,48253,0.7213756177924218,0.34631919673295963
2333,0.2373,30,91,30,585457,90987,78033,48223,0.720654859967051,0.3464047123051505
2334,0.2374,19,83,19,585540,90904,78052,48204,0.7199974654669877,0.34652212669292926
2335,0.2375,31,87,31,585627,90817,78083,48173,0.7193083893042707,0.34659328009209295
2336,0.2376,29,82,29,585709,90735,78112,48144,0.7186589152198707,0.34666148229753957
2337,0.2377,29,98,29,585807,90637,78141,48115,0.7178827144848562,0.3467697762915129
2338,0.2378,45,97,45,585904,90540,78186,48070,0.717114434165505,0.34680037515330786
2339,0.2379,19,91,19,585995,90449,78205,48051,0.7163936763401343,0.34693862815884474
2340,0.238,33,109,33,586104,90340,78238,48018,0.7155303510328223,0.3470561875713728
2341,0.2381,34,89,34,586193,90251,78272,47984,0.7148254340387784,0.34711903642348174
2342,0.2382,22,105,22,586298,90146,78294,47962,0.7139937903941199,0.3472789411185449
2343,0.2383,29,103,29,586401,90043,78323,47933,0.7131779875807882,0.3474009972748884
2344,0.2384,20,97,20,586498,89946,78343,47913,0.712409707261437,0.3475507583835658
2345,0.2385,36,95,36,586593,89851,78379,47877,0.7116572677734128,0.34761994656133827
2346,0.2386,23,81,23,586674,89770,78402,47854,0.7110157141046762,0.3477155147358019
2347,0.2387,28,93,28,586767,89677,78430,47826,0.7102791154479787,0.34781786579201907
2348,0.2388,32,83,32,586850,89594,78462,47794,0.7096217209479153,0.34787608815908233
2349,0.2389,21,107,21,586957,89487,78483,47773,0.70877423647193,0.34804750109281657
2350,0.239,23,96,23,587053,89391,78506,47750,0.7080138765682423,0.34818179829518525
2351,0.2391,33,90,33,587143,89301,78539,47717,0.707301039158535,0.34825351413682876
2352,0.2392,32,86,32,587229,89215,78571,47685,0.7066198834114814,0.3483199415631848
2353,0.2393,33,119,33,587348,89096,78604,47652,0.7056773539475352,0.3484657910901805
2354,0.2394,29,85,29,587433,89011,78633,47623,0.705004118616145,0.3485442861952369
2355,0.2395,26,96,26,587529,88915,78659,47597,0.7042437587124573,0.3486653187998125
2356,0.2396,39,91,39,587620,88824,78698,47558,0.7035230008870865,0.3487117068234811
2357,0.2397,30,120,30,587740,88704,78728,47528,0.7025725510074768,0.3488754477655764
2358,0.2398,45,104,45,587844,88600,78773,47483,0.7017488277784818,0.34892675793449585
2359,0.2399,29,99,29,587943,88501,78802,47454,0.7009647066278039,0.34904196241403407
2360,0.24,24,112,24,588055,88389,78826,47430,0.7000776200735015,0.34921476376648336
2361,0.2401,27,102,27,588157,88287,78853,47403,0.6992697376758332,0.34934777802343575
2362,0.2402,38,102,38,588259,88185,78891,47365,0.698461855278165,0.34942825525636295
2363,0.2403,29,85,29,588344,88100,78920,47336,0.6977886199467748,0.34950825482146547
2364,0.2404,29,92,29,588436,88008,78949,47307,0.6970599417057407,0.3496064737833943
2365,0.2405,26,65,26,588501,87943,78975,47281,0.6965451146876188,0.34964947050819384
2366,0.2406,22,85,22,588586,87858,78997,47259,0.6958718793562286,0.3497635382668354
2367,0.2407,30,83,30,588669,87775,79027,47229,0.6952144848561652,0.34983407899025215
2368,0.2408,36,104,36,588773,87671,79063,47193,0.6943907616271702,0.34993030015422943
2369,0.2409,36,90,36,588863,87581,79099,47157,0.6936779242174629,0.34999035164541553
2370,0.241,44,85,44,588948,87496,79143,47113,0.6930046888860727,0.3499988856614342
2371,0.2411,25,73,25,589021,87423,79168,47088,0.6924264985426435,0.3500680241764614
2372,0.2412,28,95,28,589116,87328,79196,47060,0.6916740590546192,0.35018007560198827
2373,0.2413,32,92,32,589208,87236,79228,47028,0.6909453808135851,0.3502651492581779
2374,0.2414,25,105,25,589313,87131,79253,47003,0.6901137371689267,0.35041823847793996
2375,0.2415,33,102,33,589415,87029,79286,46970,0.6893058547712584,0.35052500391793967
2376,0.2416,23,90,23,589505,86939,79309,46947,0.6885930173615511,0.35064905964776005
2377,0.2417,41,117,41,589622,86822,79350,46906,0.6876663287289317,0.3507567599904283
2378,0.2418,29,95,29,589717,86727,79379,46877,0.6869138892409073,0.3508652435555822
2379,0.2419,39,82,39,589799,86645,79418,46838,0.6862644151565074,0.3508911247125102
2380,0.242,27,101,27,589900,86544,79445,46811,0.6854644531745026,0.351025458363016
2381,0.2421,28,96,28,589996,86448,79473,46783,0.6847040932708148,0.3511420014861406
2382,0.2422,30,100,30,590096,86348,79503,46753,0.6839120517044734,0.35125956980037715
2383,0.2423,25,71,25,590167,86277,79528,46728,0.683349702192371,0.351325138152701
2384,0.2424,17,81,17,590248,86196,79545,46711,0.6827081485236345,0.35145628145996827
2385,0.2425,29,76,29,590324,86120,79574,46682,0.6821061969332151,0.351515790424843
2386,0.2426,31,89,31,590413,86031,79605,46651,0.6814012799391712,0.3516000663239927
2387,0.2427,31,88,31,590501,85943,79636,46620,0.6807042833607908,0.35168184184123774
2388,0.2428,31,95,31,590596,85848,79667,46589,0.6799518438727664,0.3517823568942214
2389,0.2429,23,93,23,590689,85755,79690,46566,0.6792152452160689,0.3519169292856009
2390,0.243,33,83,33,590772,85672,79723,46533,0.6785578507160056,0.3519760977270149
2391,0.2431,28,84,28,590856,85588,79751,46505,0.6778925358002788,0.3520625619828454
2392,0.2432,31,98,31,590954,85490,79782,46474,0.6771163350652643,0.35217180443151164
2393,0.2433,28,86,28,591040,85404,79810,46446,0.6764351793182106,0.35226393629124003
2394,0.2434,36,79,36,591119,85325,79846,46410,0.6758094664808009,0.3522981743652029
2395,0.2435,24,68,24,591187,85257,79870,46386,0.6752708782156888,0.3523620701442538
2396,0.2436,30,98,30,591285,85159,79900,46356,0.6744946774806742,0.3524769037752348
2397,0.2437,31,100,31,591385,85059,79931,46325,0.6737026359143328,0.35259240090117516
2398,0.2438,30,60,30,591445,84999,79961,46295,0.673227410974528,0.35260560269319235
2399,0.2439,33,86,33,591531,84913,79994,46262,0.6725462552274744,0.352673908900324
2400,0.244,30,82,30,591613,84831,80024,46232,0.6718967811430744,0.35274638914110007
2401,0.2441,33,93,33,591706,84738,80057,46199,0.6711601824863769,0.35283380557061794
2402,0.2442,34,76,34,591782,84662,80091,46165,0.6705582308959575,0.35287058481811856
2403,0.2443,30,84,30,591866,84578,80121,46135,0.6698929159802306,0.3529488268190616
2404,0.2444,27,95,27,591961,84483,80148,46108,0.6691404764922063,0.353071804335674
2405,0.2445,24,104,24,592065,84379,80172,46084,0.6683167532632113,0.3532342503238466
2406,0.2446,17,84,17,592149,84295,80189,46067,0.6676514383474845,0.35337751798837086
2407,0.2447,32,93,32,592242,84202,80221,46035,0.666914839690787,0.3534709798290808
2408,0.2448,31,103,31,592345,84099,80252,46004,0.6660990368774553,0.35359676563953174
2409,0.2449,32,88,32,592433,84011,80284,45972,0.6654020402990749,0.35367701930252415
2410,0.245,38,92,38,592525,83919,80322,45934,0.6646733620580408,0.3537384581026237
2411,0.2451,28,87,28,592612,83832,80350,45906,0.6639842858953238,0.3538361929426999
2412,0.2452,21,78,21,592690,83754,80371,45885,0.6633664934735775,0.3539444148751533
2413,0.2453,24,94,24,592784,83660,80395,45861,0.6626219744012166,0.3540815775048062
2414,0.2454,29,86,29,592870,83574,80424,45832,0.661940818654163,0.3541721403953449
2415,0.2455,23,87,23,592957,83487,80447,45809,0.6612517424914459,0.35429556985521593
2416,0.2456,29,78,29,593035,83409,80476,45780,0.6606339500696996,0.35436453568028237
2417,0.2457,33,93,33,593128,83316,80509,45747,0.6598973514130022,0.35445480114362754
2418,0.2458,34,78,34,593206,83238,80543,45713,0.6592795589912559,0.3544989957425689
2419,0.2459,40,101,40,593307,83137,80583,45673,0.6584795970092511,0.35457650803509044
2420,0.246,31,106,31,593413,83031,80614,45642,0.6576400329489291,0.35471310997645195
2421,0.2461,29,95,29,593508,82936,80643,45613,0.6568875934609049,0.3548296758434527
2422,0.2462,29,85,29,593593,82851,80672,45584,0.6562143581295147,0.3549188305368474
2423,0.2463,28,97,28,593690,82754,80700,45556,0.6554460778101635,0.35504637206764866
2424,0.2464,31,92,31,593782,82662,80731,45525,0.6547173995691293,0.35514521753375927
2425,0.2465,26,78,26,593860,82584,80757,45499,0.6540996071473831,0.35523059266257034
2426,0.2466,29,85,29,593945,82499,80786,45470,0.653426371815993,0.35532042916643874
2427,0.2467,24,83,24,594028,82416,80810,45446,0.6527689773159295,0.35543007304750435
2428,0.2468,33,82,33,594110,82334,80843,45413,0.6521195032315296,0.3554917140911333
2429,0.2469,28,71,28,594181,82263,80871,45385,0.6515571537194272,0.35554806969165204
2430,0.247,37,77,37,594258,82186,80908,45348,0.6509472817133443,0.35557576803048596
2431,0.2471,22,88,22,594346,82098,80930,45326,0.6502502851349639,0.35571007031642393
2432,0.2472,33,84,33,594430,82014,80963,45293,0.6495849702192371,0.35577776555884594
2433,0.2473,28,101,28,594531,81913,80991,45265,0.6487850082372323,0.35591847646605546
2434,0.2474,15,82,15,594613,81831,81006,45250,0.6481355341528323,0.35607211148794865
2435,0.2475,32,88,32,594701,81743,81038,45218,0.6474385375744519,0.35615661502351115
2436,0.2476,35,72,35,594773,81671,81073,45183,0.6468682676466861,0.35618112160436405
2437,0.2477,24,94,24,594867,81577,81097,45159,0.6461237485743252,0.35632338088625176
2438,0.2478,30,102,30,594969,81475,81127,45129,0.6453158661766569,0.3564579318188999
2439,0.2479,29,75,29,595044,81400,81156,45100,0.644721835001901,0.3565217391304348
2440,0.248,35,71,35,595115,81329,81191,45065,0.6441594854897985,0.35654382328275075
2441,0.2481,29,79,29,595194,81250,81220,45036,0.6435337726523888,0.35661910267171343
2442,0.2482,31,95,31,595289,81155,81251,45005,0.6427813331643645,0.3567295497780596
2443,0.2483,24,81,24,595370,81074,81275,44981,0.642139779495628,0.3568363016143747
2444,0.2484,32,77,32,595447,80997,81307,44949,0.6415299074895451,0.35689104854461434
2445,0.2485,28,91,28,595538,80906,81335,44921,0.6408091496641743,0.3570060479865212
2446,0.2486,19,93,19,595631,80813,81354,44902,0.6400725510074768,0.35717297060812153
2447,0.2487,24,79,24,595710,80734,81378,44878,0.6394468381700672,0.3572747826640767
2448,0.2488,30,81,30,595791,80653,81408,44848,0.6388052845013307,0.35735173424912947
2449,0.2489,25,101,25,595892,80552,81433,44823,0.6380053225193258,0.3575114656031904
2450,0.249,31,84,31,595976,80468,81464,44792,0.637340007603599,0.3575922082069296
2451,0.2491,23,83,23,596059,80385,81487,44769,0.6366826131035357,0.3577112996787957
2452,0.2492,27,81,27,596140,80304,81514,44742,0.6360410594347992,0.35780432800729334
2453,0.2493,26,111,26,596251,80193,81540,44716,0.6351618932961601,0.3579886157122385
2454,0.2494,32,94,32,596345,80099,81572,44684,0.6344173742237993,0.3580936505774024
2455,0.2495,20,75,20,596420,80024,81592,44664,0.6338233430490432,0.35820608238162455
2456,0.2496,29,87,29,596507,79937,81621,44635,0.6331342668863262,0.35830684262916224
2457,0.2497,26,80,26,596587,79857,81647,44609,0.632500633633253,0.3584030980348047
2458,0.2498,32,77,32,596664,79780,81679,44577,0.6318907616271702,0.35845991781725195
2459,0.2499,29,82,29,596746,79698,81708,44548,0.6312412875427702,0.35854675402025016
2460,0.25,20,78,20,596824,79620,81728,44528,0.630623495121024,0.3586686857621548
2461,0.2501,31,83,31,596907,79537,81759,44497,0.6299661006209606,0.3587484076946644
2462,0.2502,40,79,40,596986,79458,81799,44457,0.6293403877835508,0.35877012468224184
2463,0.2503,24,81,24,597067,79377,81823,44433,0.6286988341148143,0.3588805427671432
2464,0.2504,23,101,23,597168,79276,81846,44410,0.6278988721328095,0.3590543796387627
2465,0.2505,28,77,28,597245,79199,81874,44382,0.6272890001267266,0.3591328764130408
2466,0.2506,19,84,19,597329,79115,81893,44363,0.6266236852109999,0.3592785759406534
2467,0.2507,30,78,30,597407,79037,81923,44333,0.6260058927892536,0.3593499229958661
2468,0.2508,38,104,38,597511,78933,81961,44295,0.6251821695602585,0.35945564319797446
2469,0.2509,28,73,28,597584,78860,81989,44267,0.6246039792168293,0.35952309404111205
2470,0.251,31,101,31,597685,78759,82020,44236,0.6238040172348245,0.3596568966218139
2471,0.2511,30,71,30,597756,78688,82050,44206,0.623241667722722,0.3597083665597995
2472,0.2512,29,91,29,597847,78597,82079,44177,0.6225209098973514,0.3598237411829866
2473,0.2513,24,69,24,597916,78528,82103,44153,0.6219744012165759,0.3599008811470399
2474,0.2514,29,99,29,598015,78429,82132,44124,0.6211902800658978,0.3600401458960613
2475,0.2515,26,81,26,598096,78348,82158,44098,0.6205487263971613,0.36014243013246655
2476,0.2516,26,64,26,598160,78284,82184,44072,0.6200418197947029,0.3601948412828141
2477,0.2517,26,87,26,598247,78197,82210,44046,0.6193527436319858,0.36031511006765216
2478,0.2518,30,80,30,598327,78117,82240,44016,0.6187191103789127,0.3603939967085063
2479,0.2519,19,76,19,598403,78041,82259,43997,0.6181171587884933,0.36051885478293644
2480,0.252,19,77,19,598480,77964,82278,43978,0.6175072867824103,0.36064686490298664
2481,0.2521,24,86,24,598566,77878,82302,43954,0.6168261310353568,0.3607754941230547
2482,0.2522,31,84,31,598650,77794,82333,43923,0.6161608161196299,0.3608616709251789
2483,0.2523,33,90,33,598740,77704,82366,43890,0.6154479787099227,0.36095531029491584
2484,0.2524,26,81,26,598821,77623,82392,43864,0.6148064250411862,0.36105920798110086
2485,0.2525,30,74,30,598895,77549,82422,43834,0.6142203142820936,0.3611214090935304
2486,0.2526,20,82,20,598977,77467,82442,43814,0.6135708401976936,0.36126021388346075
2487,0.2527,46,79,46,599056,77388,82488,43768,0.6129451273602838,0.36125326025950016
2488,0.2528,19,102,19,599158,77286,82507,43749,0.6121372449626157,0.361457429669104
2489,0.2529,19,78,19,599236,77208,82526,43730,0.6115194525408694,0.36159023631943643
2490,0.253,32,82,32,599318,77126,82558,43698,0.6108699784564694,0.36166655631331524
2491,0.2531,28,85,28,599403,77041,82586,43670,0.6101967431250792,0.3617731606895809
2492,0.2532,18,86,18,599489,76955,82604,43652,0.6095155873780256,0.36193587436881774
2493,0.2533,28,76,28,599565,76879,82632,43624,0.6089136357876062,0.3620158834219895
2494,0.2534,23,77,23,599642,76802,82655,43601,0.6083037637815233,0.3621255284336769
2495,0.2535,23,75,23,599717,76727,82678,43578,0.6077097326067672,0.362229333776651
2496,0.2536,33,76,33,599793,76651,82711,43545,0.6071077810163478,0.36228327065792537
2497,0.2537,27,92,27,599885,76559,82738,43518,0.6063791027753136,0.3624174488036843
2498,0.2538,26,75,26,599960,76484,82764,43492,0.6057850716005576,0.3625058345002334
2499,0.2539,28,78,28,600038,76406,82792,43464,0.6051672791788113,0.36259280887628265
2500,0.254,26,78,26,600116,76328,82818,43438,0.604549486757065,0.3626905799642636
2501,0.2541,23,81,23,600197,76247,82841,43415,0.6039079330883285,0.36281359161638616
2502,0.2542,29,90,29,600287,76157,82870,43386,0.6031950956786212,0.3629321666680609
2503,0.2543,26,61,26,600348,76096,82896,43360,0.602711950323153,0.3629788373961961
2504,0.2544,23,80,23,600428,76016,82919,43337,0.6020783170700799,0.36309937747689625
2505,0.2545,21,83,21,600511,75933,82940,43316,0.6014209225700164,0.3632399433118936
2506,0.2546,25,82,25,600593,75851,82965,43291,0.6007714484856165,0.36335633110070337
2507,0.2547,26,74,26,600667,75777,82991,43265,0.6001853377265239,0.3634431545168932
2508,0.2548,26,87,26,600754,75690,83017,43239,0.5994962615638069,0.3635698610095099
2509,0.2549,31,66,31,600820,75624,83048,43208,0.5989735141300215,0.3636057627575064
2510,0.255,27,69,27,600889,75555,83075,43181,0.598427005449246,0.363672348740062
2511,0.2551,30,71,30,600960,75484,83105,43151,0.5978646559371436,0.36372908500863993
2512,0.2552,27,67,27,601027,75417,83132,43124,0.5973339880876949,0.3637897436330046
2513,0.2553,25,64,25,601091,75353,83157,43099,0.5968270814852363,0.36385202444872183
2514,0.2554,24,73,24,601164,75280,83181,43075,0.5962488911418071,0.36394744624223735
2515,0.2555,30,87,30,601251,75193,83211,43045,0.59555981497909,0.36405385747390856
2516,0.2556,33,78,33,601329,75115,83244,43012,0.5949420225573439,0.364116586385839
2517,0.2557,24,84,24,601413,75031,83268,42988,0.594276707641617,0.36424643489607605
2518,0.2558,33,73,33,601486,74958,83301,42955,0.5936985172981878,0.3642940133827483
2519,0.2559,22,66,22,601552,74892,83323,42933,0.5931757698644025,0.3643793761935073
2520,0.256,26,85,26,601637,74807,83349,42907,0.5925025345330123,0.36450209830606384
2521,0.2561,22,68,22,601705,74739,83371,42885,0.5919639462679002,0.3645939604162416
2522,0.2562,23,69,23,601774,74670,83394,42862,0.5914174375871246,0.36468366062008645
2523,0.2563,28,86,28,601860,74584,83422,42834,0.590736281840071,0.3647992641673338
2524,0.2564,21,76,21,601936,74508,83443,42813,0.5901343302496515,0.3649218809931726
2525,0.2565,27,54,27,601990,74454,83470,42786,0.5897066278038271,0.3649437052200614
2526,0.2566,18,79,18,602069,74375,83488,42768,0.5890809149664175,0.3650922376923931
2527,0.2567,22,74,22,602143,74301,83510,42746,0.5884948042073248,0.36520372158192865
2528,0.2568,31,81,31,602224,74220,83541,42715,0.5878532505385883,0.3652884080899645
2529,0.2569,23,76,23,602300,74144,83564,42692,0.5872512989481689,0.36540107501112673
2530,0.257,38,89,38,602389,74055,83602,42654,0.586546381954125,0.3654730997609439
2531,0.2571,25,86,25,602475,73969,83627,42629,0.5858652262070714,0.36560661417863083
2532,0.2572,29,80,29,602555,73889,83656,42600,0.5852315929539982,0.3656997656431079
2533,0.2573,20,72,20,602627,73817,83676,42580,0.5846613230262324,0.3658169884103542
2534,0.2574,27,74,27,602701,73743,83703,42553,0.5840752122671398,0.36590252459241934
2535,0.2575,27,68,27,602769,73675,83730,42526,0.5835366240020277,0.3659693117959398
2536,0.2576,30,81,30,602850,73594,83760,42496,0.5828950703332911,0.366060814885003
2537,0.2577,29,92,29,602942,73502,83789,42467,0.582166392092257,0.3661926894256224
2538,0.2578,22,74,22,603016,73428,83811,42445,0.5815802813331644,0.3663062145624951
2539,0.2579,26,77,26,603093,73351,83837,42419,0.5809704093270814,0.36640753217586597
2540,0.258,26,78,26,603171,73273,83863,42393,0.5803526169053352,0.36651219891757303
2541,0.2581,26,89,26,603260,73184,83889,42367,0.5796476999112914,0.36665195454820815
2542,0.2582,29,62,29,603322,73122,83918,42338,0.5791566341401597,0.36668976268837694
2543,0.2583,24,62,24,603384,73060,83942,42314,0.578665568369028,0.36675507480021496
2544,0.2584,27,73,27,603457,72987,83969,42287,0.5780873780255987,0.3668390096639312
2545,0.2585,33,72,33,603529,72915,84002,42254,0.577517108097833,0.36688692269621165
2546,0.2586,24,67,24,603596,72848,84026,42230,0.5769864402483842,0.3669684909365821
2547,0.2587,32,62,32,603658,72786,84058,42198,0.5764953744772525,0.36699018993946986
2548,0.2588,30,78,30,603736,72708,84088,42168,0.5758775820555063,0.36707406246735613
2549,0.2589,14,76,14,603812,72632,84102,42154,0.5752756304650868,0.367239907305769
2550,0.259,15,77,15,603889,72555,84117,42139,0.5746657584590039,0.36740370028074704
2551,0.2591,32,78,32,603967,72477,84149,42107,0.5740479660372576,0.36747713467848914
2552,0.2592,26,70,26,604037,72407,84175,42081,0.5734935369408186,0.3675581720354972
2553,0.2593,23,62,23,604099,72345,84198,42058,0.5730024711696869,0.3676302194872512
2554,0.2594,25,88,25,604187,72257,84223,42033,0.5723054745913065,0.36777495843905855
2555,0.2595,33,70,33,604257,72187,84256,42000,0.5717510454948675,0.3678177025405694
2556,0.2596,22,78,22,604335,72109,84278,41978,0.5711332530731212,0.36794726831277885
2557,0.2597,16,67,16,604402,72042,84294,41962,0.5706025852236726,0.3680748043928283
2558,0.2598,20,63,20,604465,71979,84314,41942,0.5701035990368775,0.36816741426075966
2559,0.2599,26,51,26,604516,71928,84340,41916,0.5696996578380433,0.3681880468008854
2560,0.26,25,74,25,604590,71854,84365,41891,0.5691135470789507,0.36828871598751595
2561,0.2601,27,81,27,604671,71773,84392,41864,0.5684719934102141,0.3684011369536331
2562,0.2602,21,58,21,604729,71715,84413,41843,0.5680126093017361,0.3684724986350587
2563,0.2603,22,59,22,604788,71656,84435,41821,0.5675453047775947,0.3685416427998625
2564,0.2604,33,75,33,604863,71581,84468,41788,0.5669512736028387,0.36860164595259726
2565,0.2605,22,65,22,604928,71516,84490,41766,0.5664364465847168,0.36869052453169965
2566,0.2606,27,82,27,605010,71434,84517,41739,0.5657869725003168,0.36880704761736455
2567,0.2607,30,65,30,605075,71369,84547,41709,0.565272145482195,0.36885158916853855
2568,0.2608,24,65,24,605140,71304,84571,41685,0.564757318464073,0.3689297188221862
2569,0.2609,21,81,21,605221,71223,84592,41664,0.5641157647953364,0.3690770416434133
2570,0.261,39,69,39,605290,71154,84631,41625,0.5635692561145609,0.3690846700183545
2571,0.2611,25,58,25,605348,71096,84656,41600,0.5631098720060829,0.36913466316461985
2572,0.2612,26,67,26,605415,71029,84682,41574,0.5625792041566341,0.369208635649139
2573,0.2613,22,67,22,605482,70962,84704,41552,0.5620485363071854,0.3693051531364986
2574,0.2614,17,63,17,605545,70899,84721,41535,0.5615495501203903,0.36941672447836066
2575,0.2615,28,63,28,605608,70836,84749,41507,0.5610505639335952,0.3694667224482166
2576,0.2616,20,68,20,605676,70768,84769,41487,0.5605119756684831,0.3695781925081288
2577,0.2617,25,57,25,605733,70711,84794,41462,0.5600605119756685,0.36962548919971827
2578,0.2618,27,77,27,605810,70634,84821,41435,0.5594506399695856,0.3697275785453604
2579,0.2619,19,71,19,605881,70563,84840,41416,0.5588882904574832,0.3698550621098599
2580,0.262,21,71,21,605952,70492,84861,41395,0.5583259409453808,0.3699714890916728
2581,0.2621,27,63,27,606015,70429,84888,41368,0.5578269547585857,0.3700278182777713
2582,0.2622,25,70,25,606085,70359,84913,41343,0.5572725256621468,0.3701187087070957
2583,0.2623,24,66,24,606151,70293,84937,41319,0.5567497782283615,0.37020212880335446
2584,0.2624,21,79,21,606230,70214,84958,41298,0.5561240653909517,0.37034579238108906
2585,0.2625,25,59,25,606289,70155,84983,41273,0.5556567608668103,0.3704006174390638
2586,0.2626,12,66,12,606355,70089,84995,41261,0.5551340134330249,0.37055231252806464
2587,0.2627,30,69,30,606424,70020,85025,41231,0.5545875047522494,0.370612398989672
2588,0.2628,23,53,23,606477,69967,85048,41208,0.5541677227220885,0.3706588711490893
2589,0.2629,24,68,24,606545,69899,85072,41184,0.5536291344569763,0.3707497996993239
2590,0.263,23,72,23,606617,69827,85095,41161,0.5530588645292105,0.37085991278336394
2591,0.2631,24,71,24,606688,69756,85119,41137,0.5524965150171081,0.37096119682937606
2592,0.2632,26,71,26,606759,69685,85145,41111,0.5519341655050057,0.37105130149102855
2593,0.2633,13,71,13,606830,69614,85158,41098,0.5513718159929033,0.3712154057374088
2594,0.2634,19,74,19,606904,69540,85177,41079,0.5507857052338107,0.3713557345483145
2595,0.2635,22,84,22,606988,69456,85199,41057,0.5501203903180839,0.3715128536914209
2596,0.2636,29,70,29,607058,69386,85228,41028,0.5495659612216449,0.3715833137102179
2597,0.2637,20,90,20,607148,69296,85248,41008,0.5488531238119376,0.3717725558456629
2598,0.2638,23,66,23,607214,69230,85271,40985,0.5483303763781523,0.37186408383613845
2599,0.2639,21,82,21,607296,69148,85292,40964,0.5476809022937523,0.37202121476315025
2600,0.264,31,60,31,607356,69088,85323,40933,0.5472056773539475,0.3720471546341153
2601,0.2641,25,68,25,607424,69020,85348,40908,0.5466670890888354,0.3721344880285278
2602,0.2642,27,67,27,607491,68953,85375,40881,0.5461364212393867,0.3722071489702642
2603,0.2643,21,84,21,607575,68869,85396,40860,0.5454711063236599,0.3723719344931604
2604,0.2644,26,55,26,607630,68814,85422,40834,0.5450354834621721,0.3724098934773092
2605,0.2645,20,56,20,607686,68758,85442,40814,0.5445919401850209,0.37248567152192164
2606,0.2646,36,61,36,607747,68697,85478,40778,0.5441087948295527,0.37248686914820733
2607,0.2647,27,80,27,607827,68617,85505,40751,0.5434751615764796,0.37260441811133055
2608,0.2648,28,70,28,607897,68547,85533,40723,0.5429207324800406,0.37268234648119336
2609,0.2649,20,76,20,607973,68471,85553,40703,0.542318780889621,0.37282686353893785
2610,0.265,31,68,31,608041,68403,85584,40672,0.5417801926245089,0.37288104515241804
2611,0.2651,26,59,26,608100,68344,85610,40646,0.5413128881003675,0.3729332966327186
2612,0.2652,32,73,32,608173,68271,85642,40614,0.5407346977569383,0.3729990356798457
2613,0.2653,27,61,27,608234,68210,85669,40587,0.54025155240147,0.3730525657876596
2614,0.2654,24,68,24,608302,68142,85693,40563,0.5397129641363578,0.373147509314199
2615,0.2655,27,76,27,608378,68066,85720,40536,0.5391110125459384,0.3732527946078341
2616,0.2656,20,72,20,608450,67994,85740,40516,0.5385407426181726,0.3733849414800479
2617,0.2657,17,81,17,608531,67913,85757,40499,0.5378991889494361,0.3735656569383463
2618,0.2658,25,69,25,608600,67844,85782,40474,0.5373526802686605,0.37365904097195296
2619,0.2659,19,59,19,608659,67785,85801,40455,0.5368853757445191,0.3737527716186253
2620,0.266,23,62,23,608721,67723,85824,40432,0.5363943099733874,0.37383384956775
2621,0.2661,23,85,23,608806,67638,85847,40409,0.5357210746419973,0.3739946504761817
2622,0.2662,30,85,30,608891,67553,85877,40379,0.5350478393106071,0.37411518363414004
2623,0.2663,32,66,32,608957,67487,85909,40347,0.5345250918768217,0.3741584286959586
2624,0.2664,21,64,21,609021,67423,85930,40326,0.5340181852743632,0.37425869381618393
2625,0.2665,21,71,21,609092,67352,85951,40305,0.5334558357622609,0.37438345857677624
2626,0.2666,24,58,24,609150,67294,85975,40281,0.5329964516537828,0.3744457355333488
2627,0.2667,31,65,31,609215,67229,86006,40250,0.5324816246356608,0.374491761181254
2628,0.2668,24,63,24,609278,67166,86030,40226,0.5319826384488658,0.37457166269368297
2629,0.2669,16,67,16,609345,67099,86046,40210,0.5314519705994171,0.37471227949193453
2630,0.267,23,69,23,609414,67030,86069,40187,0.5309054619186415,0.3748192917167986
2631,0.2671,29,63,29,609477,66967,86098,40158,0.5304064757318464,0.37487047841306886
2632,0.2672,19,62,19,609539,66905,86117,40139,0.5299154099607147,0.37497664511789547
2633,0.2673,25,60,25,609599,66845,86142,40114,0.52944018502091,0.37504090352378017
2634,0.2674,27,78,27,609677,66767,86169,40087,0.5288223925991636,0.3751567559473674
2635,0.2675,20,64,20,609741,66703,86189,40067,0.5283154859967051,0.3752645874309263
2636,0.2676,22,73,22,609814,66630,86211,40045,0.5277372956532759,0.3753925474572299
2637,0.2677,17,64,17,609878,66566,86228,40028,0.5272303890508174,0.3755183218567649
2638,0.2678,15,65,15,609943,66501,86243,40013,0.5267155620326954,0.37565953771335225
2639,0.2679,21,60,21,610003,66441,86264,39992,0.5262403370928906,0.3757481232324561
2640,0.268,23,72,23,610075,66369,86287,39969,0.5256700671651249,0.37586751678609714
2641,0.2681,29,78,29,610153,66291,86316,39940,0.5250522747433786,0.3759731151923638
2642,0.2682,25,65,25,610218,66226,86341,39915,0.5245374477252566,0.3760563778370281
2643,0.2683,14,49,14,610267,66177,86355,39901,0.5241493473577493,0.3761477403420125
2644,0.2684,15,76,15,610343,66101,86370,39886,0.5235473957673299,0.3763291724456773
2645,0.2685,37,77,37,610420,66024,86407,39849,0.522937523761247,0.37638491400073676
2646,0.2686,32,73,32,610493,65951,86439,39817,0.5223593334178178,0.3764560169427426
2647,0.2687,18,80,18,610573,65871,86457,39799,0.5217257001647446,0.3766348064729819
2648,0.2688,24,49,24,610622,65822,86481,39775,0.5213375997972374,0.376667897762247
2649,0.2689,30,58,30,610680,65764,86511,39745,0.5208782156887594,0.37669772246917327
2650,0.269,18,61,18,610741,65703,86529,39727,0.5203950703332911,0.3768092573271365
2651,0.2691,15,66,15,610807,65637,86544,39712,0.5198723228995058,0.37695659189930614
2652,0.2692,30,71,30,610878,65566,86574,39682,0.5193099733874034,0.37703329279416237
2653,0.2693,25,74,25,610952,65492,86599,39657,0.5187238626283107,0.3771505197386566
2654,0.2694,18,79,18,611031,65413,86617,39639,0.5180981497909011,0.37732741880211706
2655,0.2695,20,65,20,611096,65348,86637,39619,0.5175833227727791,0.37744243428887175
2656,0.2696,25,73,25,611169,65275,86662,39594,0.5170051324293499,0.37755676129266036
2657,0.2697,27,41,27,611210,65234,86689,39567,0.5166803953871499,0.3775441074035553
2658,0.2698,23,52,23,611262,65182,86712,39544,0.5162685337726524,0.37759486660428165
2659,0.2699,22,39,22,611301,65143,86734,39522,0.5159596375617792,0.37760473892896385
2660,0.27,20,72,20,611373,65071,86754,39502,0.5153893676340134,0.3777456896139539
2661,0.2701,25,74,25,611447,64997,86779,39477,0.5148032568749208,0.3778643490246377
2662,0.2702,23,68,23,611515,64929,86802,39454,0.5142646686098087,0.37797342479139323
2663,0.2703,37,68,37,611583,64861,86839,39417,0.5137260803446965,0.37799919446096014
2664,0.2704,18,48,18,611631,64813,86857,39399,0.5133459003928527,0.37806586573523204
2665,0.2705,25,69,25,611700,64744,86882,39374,0.512799391712077,0.378167079659617
2666,0.2706,20,71,20,611771,64673,86902,39354,0.5122370421999747,0.37830563219164254
2667,0.2707,20,64,20,611835,64609,86922,39334,0.5117301355975161,0.3784189411504382
2668,0.2708,24,52,24,611887,64557,86946,39310,0.5113182739830187,0.37846476744297997
2669,0.2709,20,68,20,611955,64489,86966,39290,0.5107796857179064,0.37859297160311817
2670,0.271,23,69,23,612024,64420,86989,39267,0.5102331770371309,0.37870707031739753
2671,0.2711,22,71,22,612095,64349,87011,39245,0.5096708275250285,0.37883468154526323
2672,0.2712,20,73,20,612168,64276,87031,39225,0.5090926371815993,0.378981845586033
2673,0.2713,33,64,33,612232,64212,87064,39192,0.5085857305791408,0.3790182197980736
2674,0.2714,25,66,25,612298,64146,87089,39167,0.5080629831453555,0.37911008295180665
2675,0.2715,24,64,24,612362,64082,87113,39143,0.5075560765428969,0.37920077500605476
2676,0.2716,15,63,15,612425,64019,87128,39128,0.5070570903561019,0.37934210398751295
2677,0.2717,39,70,39,612495,63949,87167,39089,0.5065026612596629,0.37936489450493993
2678,0.2718,21,70,21,612565,63879,87188,39068,0.5059482321632239,0.3794962456409609
2679,0.2719,29,66,29,612631,63813,87217,39039,0.5054254847294386,0.37956481157391203
2680,0.272,22,60,22,612691,63753,87239,39017,0.5049502597896338,0.37965359540722
2681,0.2721,31,72,31,612763,63681,87270,38986,0.5043799898618679,0.3797325333359307
2682,0.2722,26,60,26,612823,63621,87296,38960,0.5039047649220632,0.3797974283736754
2683,0.2723,21,51,21,612874,63570,87317,38939,0.503500823723229,0.37985932942473344
2684,0.2724,15,60,15,612934,63510,87332,38924,0.5030255987834241,0.3799910186071031
2685,0.2725,30,74,30,613008,63436,87362,38894,0.5024394880243315,0.3800840418254666
2686,0.2726,24,65,24,613073,63371,87386,38870,0.5019246610062096,0.38018016255709547
2687,0.2727,28,55,28,613128,63316,87414,38842,0.5014890381447218,0.3802149611386284
2688,0.2728,19,73,19,613201,63243,87433,38823,0.5009108478012926,0.38037152430780086
2689,0.2729,32,72,32,613273,63171,87465,38791,0.5003405778735268,0.3804456562248681
2690,0.273,23,63,23,613336,63108,87488,38768,0.4998415916867317,0.3805410499038046
2691,0.2731,27,64,27,613400,63044,87515,38741,0.4993346850842732,0.3806160043228374
2692,0.2732,16,69,16,613469,62975,87531,38725,0.49878817640349765,0.38077679449360863
2693,0.2733,24,45,24,613514,62930,87555,38701,0.498431757698644,0.3807991656089185
2694,0.2734,23,67,23,613581,62863,87578,38678,0.4979010898491953,0.38091017421534157
2695,0.2735,18,76,18,613657,62787,87596,38660,0.4972991382587758,0.3810856900647629
2696,0.2736,23,63,23,613720,62724,87619,38637,0.49680015207198075,0.38118211146298875
2697,0.2737,26,57,26,613777,62667,87645,38611,0.4963486883791661,0.3812377811568159
2698,0.2738,24,76,24,613853,62591,87669,38587,0.4957467367887467,0.3813773745280595
2699,0.2739,24,58,24,613911,62533,87693,38563,0.49528735268026863,0.38144931550209704
2700,0.274,31,68,31,613979,62465,87724,38532,0.49474876441515653,0.3815162826618612
2701,0.2741,23,67,23,614046,62398,87747,38509,0.49421809656570775,0.38162862834094763
2702,0.2742,20,56,20,614102,62342,87767,38489,0.4937745532885566,0.3817179240511351
2703,0.2743,12,56,12,614158,62286,87779,38477,0.4933310100114054,0.3818564353979139
2704,0.2744,21,49,21,614207,62237,87800,38456,0.4929429096438981,0.3819133405499886
2705,0.2745,15,66,15,614273,62171,87815,38441,0.4924201622101128,0.38207172106706955
2706,0.2746,26,44,26,614317,62127,87841,38415,0.49207166392092255,0.3820791311093871
2707,0.2747,23,64,23,614381,62063,87864,38392,0.49156475731846405,0.38218107610372803
2708,0.2748,23,58,23,614439,62005,87887,38369,0.49110537320998604,0.38226034630482
2709,0.2749,29,61,29,614500,61944,87916,38340,0.4906222278545178,0.3823142275936341
2710,0.275,22,56,22,614556,61888,87938,38318,0.49017868457736663,0.3823922719198451
2711,0.2751,24,55,24,614611,61833,87962,38294,0.48974306171587884,0.38245428306051316
2712,0.2752,23,69,23,614680,61764,87985,38271,0.4891965530351033,0.38257609836557205
2713,0.2753,17,49,17,614729,61715,88002,38254,0.488808452667596,0.3826586241734938
2714,0.2754,21,66,21,614795,61649,88023,38233,0.48828570523381065,0.38278168238521454
2715,0.2755,22,54,22,614849,61595,88045,38211,0.4878580027879863,0.3828527343045508
2716,0.2756,22,65,22,614914,61530,88067,38189,0.4873431757698644,0.3829661348388973
2717,0.2757,25,59,25,614973,61471,88092,38164,0.48687587124572296,0.383038089024941
2718,0.2758,22,49,22,615022,61422,88114,38142,0.4864877708782157,0.3830902735928649
2719,0.2759,27,68,27,615090,61354,88141,38115,0.48594918261310355,0.38318471081442457
2720,0.276,30,60,30,615150,61294,88171,38085,0.4854739576732987,0.3832298574145443
2721,0.2761,22,64,22,615214,61230,88193,38063,0.4849670510708402,0.38334021532232887
2722,0.2762,29,67,29,615281,61163,88222,38034,0.48443638322139143,0.38341885339274373
2723,0.2763,22,67,22,615348,61096,88244,38012,0.4839057153719427,0.3835411873915325
2724,0.2764,21,66,21,615414,61030,88265,37991,0.4833829679381574,0.3836660910311954
2725,0.2765,11,48,11,615462,60982,88276,37980,0.4830027879863135,0.3837836745417433
2726,0.2766,26,52,26,615514,60930,88302,37954,0.482590926371816,0.3838234699243558
2727,0.2767,17,61,17,615575,60869,88319,37937,0.4821077810163477,0.38395441572374145
2728,0.2768,29,51,29,615626,60818,88348,37908,0.48170383981751363,0.38397180074144605
2729,0.2769,26,53,26,615679,60765,88374,37882,0.48128405778735267,0.38401573286567253
2730,0.277,16,61,16,615740,60704,88390,37866,0.48080091243188444,0.38415339352744243
2731,0.2771,14,64,14,615804,60640,88404,37852,0.48029400582942594,0.38431547739917965
2732,0.2772,24,47,24,615851,60593,88428,37828,0.47992174629324547,0.3843488686357586
2733,0.2773,29,61,29,615912,60532,88457,37799,0.47943860093777724,0.3844057316614293
2734,0.2774,26,50,26,615962,60482,88483,37773,0.4790425801546065,0.3844384509694163
2735,0.2775,27,58,27,616020,60424,88510,37746,0.4785831960461285,0.3844962819598655
2736,0.2776,22,58,22,616078,60366,88532,37724,0.47812381193765047,0.38458558466714243
2737,0.2777,28,60,28,616138,60306,88560,37696,0.4776485869978456,0.3846452113222179
2738,0.2778,29,55,29,616193,60251,88589,37667,0.4772129641363579,0.3846790171367879
2739,0.2779,20,59,20,616252,60192,88609,37647,0.47674565961221643,0.38478520835249747
2740,0.278,21,47,21,616299,60145,88630,37626,0.476373400076036,0.38483803990958465
2741,0.2781,22,55,22,616354,60090,88652,37604,0.4759377772145482,0.38491616680655927
2742,0.2782,22,49,22,616403,60041,88674,37582,0.4755496768470409,0.3849707548426088
2743,0.2783,18,60,18,616463,59981,88692,37564,0.4750744519072361,0.3850940591521862
2744,0.2784,28,46,28,616509,59935,88720,37536,0.47471011278671904,0.38509915769818714
2745,0.2785,24,61,24,616570,59874,88744,37512,0.4742269674312508,0.3851888361776847
2746,0.2786,20,60,20,616630,59814,88764,37492,0.47375174249144597,0.38529998150165456
2747,0.2787,24,73,24,616703,59741,88788,37468,0.4731735521480167,0.3854375623656246
2748,0.2788,23,58,23,616761,59683,88811,37445,0.4727141680395387,0.3855221975125607
2749,0.2789,11,70,11,616831,59613,88822,37434,0.47215973894309976,0.3857306253670902
2750,0.279,27,54,27,616885,59559,88849,37407,0.47173203649727535,0.38577439514881506
2751,0.2791,21,52,21,616937,59507,88870,37386,0.47132017488277783,0.38584830689523497
2752,0.2792,19,61,19,616998,59446,88889,37367,0.4708370295273096,0.3859708923388388
2753,0.2793,22,60,22,617058,59386,88911,37345,0.47036180458750476,0.38607064953324166
2754,0.2794,17,56,17,617114,59330,88928,37328,0.4699182613103536,0.38618634774152166
2755,0.2795,21,62,21,617176,59268,88949,37307,0.4694271955392219,0.38630080248511517
2756,0.2796,31,65,31,617241,59203,88980,37276,0.46891236852109996,0.3863638719306792
2757,0.2797,19,67,19,617308,59136,88999,37257,0.46838170067165125,0.38651146867511127
2758,0.2798,27,51,27,617359,59085,89026,37230,0.4679777594728171,0.3865441520012459
2759,0.2799,16,51,16,617410,59034,89042,37214,0.46757381827398303,0.3866469952622392
2760,0.28,19,57,19,617467,58977,89061,37195,0.4671223545811684,0.38675498065965147
2761,0.2801,27,48,27,617515,58929,89088,37168,0.46674217462932455,0.3867758618895491
2762,0.2802,14,66,14,617581,58863,89102,37154,0.4662194271955392,0.38695231052834395
2763,0.2803,27,55,27,617636,58808,89129,37127,0.4657838043340515,0.3870016156772815
2764,0.2804,26,60,26,617696,58748,89155,37101,0.46530857939424664,0.38707759079385284
2765,0.2805,22,64,22,617760,58684,89177,37079,0.46480167279178813,0.38719547215521655
2766,0.2806,15,55,15,617815,58629,89192,37064,0.46436604993030034,0.38732195667394687
2767,0.2807,26,68,26,617883,58561,89218,37038,0.4638274616651882,0.38743083086643165
2768,0.2808,16,57,16,617940,58504,89234,37022,0.4633759979723736,0.3875594079098884
2769,0.2809,22,44,22,617984,58460,89256,37000,0.46302749968318335,0.3875968992248062
2770,0.281,22,45,22,618029,58415,89278,36978,0.46267108097832976,0.38763850597003974
2771,0.2811,29,53,29,618082,58362,89307,36949,0.4622512989481688,0.3876677403447661
2772,0.2812,27,60,27,618142,58302,89334,36922,0.46177607400836396,0.3877383852810216
2773,0.2813,23,45,23,618187,58257,89357,36899,0.4614196553035103,0.3877737609819665
2774,0.2814,22,55,22,618242,58202,89379,36877,0.4609840324420226,0.3878564141398206
2775,0.2815,26,52,26,618294,58150,89405,36851,0.46057217082752505,0.38790117998757906
2776,0.2816,20,64,20,618358,58086,89425,36831,0.46006526422506655,0.38803375580770566
2777,0.2817,21,61,21,618419,58025,89446,36810,0.45958211886959827,0.3881478357146623
2778,0.2818,26,65,26,618484,57960,89472,36784,0.4590672918514764,0.3882462213966056
2779,0.2819,30,56,30,618540,57904,89502,36754,0.4586237485743252,0.38828202581926513
2780,0.282,20,67,20,618607,57837,89522,36734,0.4580930807248764,0.3884277421196773
2781,0.2821,14,66,14,618673,57771,89536,36720,0.4575703332910911,0.38860843889894275
2782,0.2822,25,46,25,618719,57725,89561,36695,0.45720599417057406,0.38863588222834144
2783,0.2823,18,64,18,618783,57661,89579,36677,0.45669908756811556,0.38878288706565756
2784,0.2824,24,53,24,618836,57608,89603,36653,0.45627930553795465,0.3888458641431769
2785,0.2825,22,47,22,618883,57561,89625,36631,0.4559070460017742,0.388897146254459
2786,0.2826,24,37,24,618920,57524,89649,36607,0.45561399062222785,0.38889420063528485
2787,0.2827,27,42,27,618962,57482,89676,36580,0.4552813331643645,0.3888924326508048
2788,0.2828,28,61,28,619023,57421,89704,36552,0.4547981878088962,0.3889627871835527
2789,0.2829,23,51,23,619074,57370,89727,36529,0.4543942466100621,0.3890243772564138
2790,0.283,15,48,15,619122,57322,89742,36514,0.4540140666582182,0.3891257086832346
2791,0.2831,30,80,30,619202,57242,89772,36484,0.4533804334051451,0.38926231782002857
2792,0.2832,24,47,24,619249,57195,89796,36460,0.45300817386896464,0.38930115850728736
2793,0.2833,21,57,21,619306,57138,89817,36439,0.45255671017615007,0.38940124175812435
2794,0.2834,21,65,21,619371,57073,89838,36418,0.4520418831580281,0.38953482153362357
2795,0.2835,11,65,11,619436,57008,89849,36407,0.45152705613990624,0.38973398276508053
2796,0.2836,29,63,29,619499,56945,89878,36378,0.4510280699531111,0.3898074429668999
2797,0.2837,19,62,19,619561,56883,89897,36359,0.45053700418197945,0.3899423006799511
2798,0.2838,20,58,20,619619,56825,89917,36339,0.45007762007350144,0.3900540981494998
2799,0.2839,19,52,19,619671,56773,89936,36320,0.4496657584590039,0.3901474869216805
2800,0.284,26,52,26,619723,56721,89962,36294,0.4492538968445064,0.3901951298177713
2801,0.2841,23,57,23,619780,56664,89985,36271,0.4488024331516918,0.3902835315005111
2802,0.2842,24,60,24,619840,56604,90009,36247,0.448327208211887,0.39037813270724064
2803,0.2843,30,62,30,619902,56542,90039,36217,0.4478361424407553,0.3904418978212357
2804,0.2844,15,55,15,619957,56487,90054,36202,0.4474005195792675,0.3905749333793654
2805,0.2845,29,66,29,620023,56421,90083,36173,0.4468777721454822,0.39066246193057863
2806,0.2846,18,39,18,620062,56382,90101,36155,0.44656887593460903,0.3907085814322919
2807,0.2847,19,50,19,620112,56332,90120,36136,0.44617285515143834,0.3907946532854609
2808,0.2848,19,49,19,620161,56283,90139,36117,0.44578475478393104,0.3908766233766234
2809,0.2849,26,52,26,620213,56231,90165,36091,0.4453728931694335,0.39092523992114553
2810,0.285,14,51,14,620264,56180,90179,36077,0.44496895197059944,0.3910489176973021
2811,0.2851,28,70,28,620334,56110,90207,36049,0.44441452287416044,0.3911609283954904
2812,0.2852,24,55,24,620389,56055,90231,36025,0.44397890001267265,0.39123588184187663
2813,0.2853,28,64,28,620453,55991,90259,35997,0.44347199341021415,0.39132278123233466
2814,0.2854,17,78,17,620531,55913,90276,35980,0.4428542009884679,0.3915423372835798
2815,0.2855,19,51,19,620582,55862,90295,35961,0.44245025978963376,0.3916339043594742
2816,0.2856,26,34,26,620616,55828,90321,35935,0.4421809656570777,0.3916066388413631
2817,0.2857,14,58,14,620674,55770,90335,35921,0.4417215815485997,0.39176145968524717
2818,0.2858,29,52,29,620726,55718,90364,35892,0.4413097199341021,0.391791289160572
2819,0.2859,25,72,25,620798,55646,90389,35867,0.44073945000633635,0.39193338651339155
2820,0.286,19,58,19,620856,55588,90408,35848,0.44028006589785834,0.39205564547880484
2821,0.2861,16,57,16,620913,55531,90424,35832,0.4398286022050437,0.392193776474065
2822,0.2862,23,66,23,620979,55465,90447,35809,0.4393058547712584,0.39232421061857703
2823,0.2863,27,39,27,621018,55426,90474,35782,0.43899695856038523,0.39231207788790456
2824,0.2864,20,45,20,621063,55381,90494,35762,0.43864053985553164,0.39237242574854897
2825,0.2865,17,55,17,621118,55326,90511,35745,0.43820491699404385,0.39249596468689263
2826,0.2866,29,53,29,621171,55273,90540,35716,0.4377851349638829,0.39253096528151754
2827,0.2867,15,53,15,621224,55220,90555,35701,0.437365352933722,0.39265956159743076
2828,0.2868,25,62,25,621286,55158,90580,35676,0.4368742871625903,0.3927604201070084
2829,0.2869,22,54,22,621340,55104,90602,35654,0.43644658471676595,0.3928469115670244
2830,0.287,22,47,22,621387,55057,90624,35632,0.4360743251805855,0.3929032186924544
2831,0.2871,28,55,28,621442,55002,90652,35604,0.4356387023190977,0.39295410899940403
2832,0.2872,21,55,21,621497,54947,90673,35583,0.43520307945760994,0.3930520269523915
2833,0.2873,18,54,18,621551,54893,90691,35565,0.4347753770117856,0.39316588914192224
2834,0.2874,26,66,26,621617,54827,90717,35539,0.43425262957800026,0.3932784454330168
2835,0.2875,23,54,23,621671,54773,90740,35516,0.4338249271321759,0.39335910243772776
2836,0.2876,20,52,20,621723,54721,90760,35496,0.4334130655176784,0.3934513450901715
2837,0.2877,13,45,13,621768,54676,90773,35483,0.43305664681282474,0.39356026575272574
2838,0.2878,33,42,33,621810,54634,90806,35450,0.43272398935496137,0.3935216020602993
2839,0.2879,28,70,28,621880,54564,90834,35422,0.4321695602585224,0.3936390105127464
2840,0.288,31,68,31,621948,54496,90865,35391,0.4316309719934102,0.3937276803097222
2841,0.2881,17,48,17,621996,54448,90882,35374,0.43125079204156636,0.39382333949366527
2842,0.2882,23,64,23,622060,54384,90905,35351,0.43074388543910785,0.3939488493898702
2843,0.2883,10,45,10,622105,54339,90915,35341,0.4303874667342542,0.39407894736842103
2844,0.2884,23,45,23,622150,54294,90938,35318,0.43003104802940056,0.39412132303709324
2845,0.2885,23,46,23,622196,54248,90961,35295,0.42966670890888353,0.3941681650156908
2846,0.2886,20,60,20,622256,54188,90981,35275,0.4291914839690787,0.39429708371058425
2847,0.2887,28,53,28,622309,54135,91009,35247,0.4287717019389178,0.39434114251191515
2848,0.2888,24,40,24,622349,54095,91033,35223,0.4284548853123812,0.39435500123155465
2849,0.2889,27,54,27,622403,54041,91060,35196,0.42802718286655683,0.3944103903089526
2850,0.289,20,49,20,622452,53992,91080,35176,0.4276390824990495,0.3944912973263951
2851,0.2891,31,67,31,622519,53925,91111,35145,0.4271084146496008,0.39457729875378916
2852,0.2892,22,48,22,622567,53877,91133,35123,0.42672823469775695,0.39464044943820226
2853,0.2893,24,57,24,622624,53820,91157,35099,0.4262767710049423,0.3947300352005758
2854,0.2894,27,48,27,622672,53772,91184,35072,0.42589659105309846,0.3947593534735041
2855,0.2895,21,60,21,622732,53712,91205,35051,0.4254213661132936,0.3948830030530739
2856,0.2896,29,35,29,622767,53677,91234,35022,0.4251441515650741,0.39484097904147736
2857,0.2897,25,51,25,622818,53626,91259,34997,0.42474021036624005,0.39489748710831274
2858,0.2898,22,38,22,622856,53588,91281,34975,0.4244392345710303,0.3949166130325305
2859,0.2899,30,67,30,622923,53521,91311,34945,0.42390856672158156,0.39501051251328195
2860,0.29,23,61,23,622984,53460,91334,34922,0.4234254213661133,0.39512570432893573
2861,0.2901,15,46,15,623030,53414,91349,34907,0.42306108224559624,0.39522876779021976
2862,0.2902,30,51,30,623081,53363,91379,34877,0.4226571410467621,0.39525158658204895
2863,0.2903,15,40,15,623121,53323,91394,34862,0.42234032442022557,0.39532800362873505
2864,0.2904,14,46,14,623167,53277,91408,34848,0.42197598529970853,0.3954382978723404
2865,0.2905,28,55,28,623222,53222,91436,34820,0.42154036243822074,0.3954930601303923
2866,0.2906,24,70,24,623292,53152,91460,34796,0.4209859333417818,0.39564287988356756
2867,0.2907,14,52,14,623344,53100,91474,34782,0.4205740717272842,0.39578070594661025
2868,0.2908,24,51,24,623395,53049,91498,34758,0.42017013052845015,0.3958454337353514
2869,0.2909,26,50,26,623445,52999,91524,34732,0.41977410974527946,0.3958919880087996
2870,0.291,22,44,22,623489,52955,91546,34710,0.4194256114560892,0.39593908629441626
2871,0.2911,23,48,23,623537,52907,91569,34687,0.41904543150424534,0.39599744274722015
2872,0.2912,8,58,8,623595,52849,91577,34679,0.4185860473957673,0.3962046430856412
2873,0.2913,15,41,15,623636,52808,91592,34664,0.41826131035356734,0.39628681177976954
2874,0.2914,21,50,21,623686,52758,91613,34643,0.41786528957039665,0.3963684626034027
2875,0.2915,25,52,25,623738,52706,91638,34618,0.4174534279558991,0.39643167972149695
2876,0.2916,20,45,20,623783,52661,91658,34598,0.4170970092510455,0.39649778246370004
2877,0.2917,24,43,24,623826,52618,91682,34574,0.41675643137751867,0.3965272043306725
2878,0.2918,26,54,26,623880,52564,91708,34548,0.4163287289316943,0.3965928919092662
2879,0.2919,23,50,23,623930,52514,91731,34525,0.4159327081485236,0.39666126678845115
2880,0.292,22,39,22,623969,52475,91753,34503,0.41562381193765047,0.3966865184299478
2881,0.2921,20,59,20,624028,52416,91773,34483,0.41515650741350907,0.3968169944418233
2882,0.2922,29,46,29,624074,52370,91802,34454,0.41479216829299204,0.3968257624619921
2883,0.2923,21,46,21,624120,52324,91823,34433,0.41442782917247495,0.3968901644824049
2884,0.2924,23,42,23,624162,52282,91846,34410,0.4140951717146116,0.39692243805656807
2885,0.2925,23,41,23,624203,52241,91869,34387,0.4137704346724116,0.39695017777162117
2886,0.2926,18,51,18,624254,52190,91887,34369,0.4133664934735775,0.39705865363509285
2887,0.2927,21,55,21,624309,52135,91908,34348,0.4129308706120897,0.3971647607044159
2888,0.2928,25,59,25,624368,52076,91933,34323,0.4124635660879483,0.3972615423789627
2889,0.2929,27,52,27,624420,52024,91960,34296,0.41205170447345074,0.3973123262279889
2890,0.293,20,52,20,624472,51972,91980,34276,0.4116398428589532,0.39741211390409054
2891,0.2931,15,44,15,624516,51928,91995,34261,0.411291344569763,0.39751012310155587
2892,0.2932,25,57,25,624573,51871,92020,34236,0.41083988087694845,0.39759833695286095
2893,0.2933,12,65,12,624638,51806,92032,34224,0.4103250538588265,0.39781471579681504
2894,0.2934,20,47,20,624685,51759,92052,34204,0.40995279432264603,0.39789211637565
2895,0.2935,32,54,32,624739,51705,92084,34172,0.4095250918768217,0.3979179524203221
2896,0.2936,17,53,17,624792,51652,92101,34155,0.40910530984666077,0.3980444485881105
2897,0.2937,23,44,23,624836,51608,92124,34132,0.4087568115574705,0.3980872404945183
2898,0.2938,22,49,22,624885,51559,92146,34110,0.40836871118996326,0.39816036139093486
2899,0.2939,21,49,21,624934,51510,92167,34089,0.40798061082245596,0.3982406336522623
2900,0.294,25,59,25,624993,51451,92192,34064,0.40751330629831456,0.3983394726071449
2901,0.2941,17,48,17,625041,51403,92209,34047,0.40713312634647064,0.3984435342305442
2902,0.2942,31,54,31,625095,51349,92240,34016,0.4067054239006463,0.39847712762841914
2903,0.2943,16,54,16,625149,51295,92256,34000,0.40627772145482194,0.39861656603552376
2904,0.2944,18,51,18,625200,51244,92274,33982,0.40587378025598786,0.3987280876727759
2905,0.2945,16,53,16,625253,51191,92290,33966,0.4054539982258269,0.3988632760665594
2906,0.2946,22,50,22,625303,51141,92312,33944,0.4050579774426562,0.3989422342363519
2907,0.2947,15,38,15,625341,51103,92327,33929,0.40475700164744643,0.3990144886630915
2908,0.2948,24,43,24,625384,51060,92351,33905,0.4044164237739197,0.39904666627434826
2909,0.2949,23,54,23,625438,51006,92374,33882,0.4039887213280953,0.3991376873056262
2910,0.295,28,50,28,625488,50956,92402,33854,0.4035927005449246,0.3991746256337696
2911,0.2951,22,55,22,625543,50901,92424,33832,0.40315707768343684,0.3992777312263227
2912,0.2952,23,54,23,625597,50847,92447,33809,0.4027293752376125,0.39936921186921187
2913,0.2953,29,42,29,625639,50805,92476,33780,0.40239671777974906,0.3993615889342082
2914,0.2954,21,53,21,625692,50752,92497,33759,0.40197693574958815,0.39946279182591615
2915,0.2955,22,42,22,625734,50710,92519,33737,0.4016442782917248,0.39950501497980984
2916,0.2956,28,58,28,625792,50652,92547,33709,0.4011848941832467,0.39958037481774755
2917,0.2957,24,45,24,625837,50607,92571,33685,0.4008284754783931,0.3996227399990509
2918,0.2958,22,49,22,625886,50558,92593,33663,0.4004403751108858,0.3996984125099441
2919,0.2959,23,53,23,625939,50505,92616,33640,0.40002059308072485,0.39978608354625944
2920,0.296,17,48,17,625987,50457,92633,33623,0.399640413128881,0.39989295908658423
2921,0.2961,21,51,21,626038,50406,92654,33602,0.3992364719300469,0.39998571564612895
2922,0.2962,16,31,16,626069,50375,92670,33586,0.3989909390444811,0.4000190564666929
2923,0.2963,18,46,18,626115,50329,92688,33568,0.398626599923964,0.4001096582714519
2924,0.2964,19,40,19,626155,50289,92707,33549,0.39830978329742744,0.40016460316324337
2925,0.2965,22,44,22,626199,50245,92729,33527,0.39796128500823724,0.40021725636250777
2926,0.2966,14,47,14,626246,50198,92743,33513,0.39758902547205677,0.40034165163479113
2927,0.2967,19,65,19,626311,50133,92762,33494,0.3970741984539349,0.4005165795735827
2928,0.2968,16,55,16,626366,50078,92778,33478,0.3966385755924471,0.4006654219924362
2929,0.2969,24,35,24,626401,50043,92802,33454,0.3963613610442276,0.40066110159646456
2930,0.297,24,48,24,626449,49995,92826,33430,0.3959811810923837,0.40071920887024276
2931,0.2971,10,29,10,626478,49966,92836,33420,0.3957514890381447,0.400786702803828
2932,0.2972,23,34,23,626512,49932,92859,33397,0.39548219490558867,0.4007848408117222
2933,0.2973,20,41,20,626553,49891,92879,33377,0.3951574578633887,0.4008382571936398
2934,0.2974,21,45,21,626598,49846,92900,33356,0.39480103915853504,0.40090382442729744
2935,0.2975,22,45,22,626643,49801,92922,33334,0.3944446204536814,0.4009622902507969
2936,0.2976,12,50,12,626693,49751,92934,33322,0.3940485996705107,0.40111708978849925
2937,0.2977,17,61,17,626754,49690,92951,33305,0.3935654543150425,0.4012892342912224
2938,0.2978,19,49,19,626803,49641,92970,33286,0.39317735394753517,0.4013891736105249
2939,0.2979,28,37,28,626840,49604,92998,33258,0.39288429856798884,0.4013661268132558
2940,0.298,21,42,21,626882,49562,93019,33237,0.39255164111012547,0.401417891520429
2941,0.2981,24,44,24,626926,49518,93043,33213,0.39220314282093527,0.4014577365195634
2942,0.2982,22,51,22,626977,49467,93065,33191,0.39179920162210113,0.4015461298361925
2943,0.2983,25,50,25,627027,49417,93090,33166,0.39140318083893044,0.40160807914461816
2944,0.2984,16,46,16,627073,49371,93106,33150,0.39103884171841335,0.40171592685498236
2945,0.2985,22,47,22,627120,49324,93128,33128,0.39066658218223294,0.4017852811332654
2946,0.2986,20,41,20,627161,49283,93148,33108,0.39034184514003295,0.4018400067968589
2947,0.2987,19,44,19,627205,49239,93167,33089,0.38999334685084275,0.40191672335050044
2948,0.2988,22,55,22,627260,49184,93189,33067,0.38955772398935495,0.4020255072886652
2949,0.2989,25,41,25,627301,49143,93214,33042,0.38923298694715497,0.4020441686439131
2950,0.299,22,43,22,627344,49100,93236,33020,0.3888924090736282,0.40209449585971746
2951,0.2991,25,44,25,627388,49056,93261,32995,0.38854391078443795,0.4021279448148103
2952,0.2992,13,40,13,627428,49016,93274,32982,0.3882270941579014,0.4022293226664065
2953,0.2993,26,45,26,627473,48971,93300,32956,0.38787067545304776,0.40226054902535185
2954,0.2994,24,45,24,627518,48926,93324,32932,0.3875142567481941,0.40230643309145103
2955,0.2995,19,57,19,627575,48869,93343,32913,0.38706279305537955,0.4024479714362574
2956,0.2996,20,47,20,627622,48822,93363,32893,0.3866905335191991,0.402533194639907
2957,0.2997,18,46,18,627668,48776,93381,32875,0.38632619439868204,0.4026282592987226
2958,0.2998,15,57,15,627725,48719,93396,32860,0.3858747307058674,0.4027997401291999
2959,0.2999,17,49,17,627774,48670,93413,32843,0.38548663033836017,0.4029173260706881
2960,0.3,13,42,13,627816,48628,93426,32830,0.38515397288049674,0.40302978221905766
2961,0.3001,15,41,15,627857,48587,93441,32815,0.3848292358382968,0.40312277339623104
2962,0.3002,18,44,18,627901,48543,93459,32797,0.38448073754910655,0.4032087533808704
2963,0.3003,28,48,28,627949,48495,93487,32769,0.3841005575972627,0.4032412876550502
2964,0.3004,19,33,19,627982,48462,93506,32750,0.38383918388037,0.403265527261981
2965,0.3005,27,50,27,628032,48412,93533,32723,0.38344316309719934,0.40331546188451345
2966,0.3006,23,56,23,628088,48356,93556,32700,0.38299961982004815,0.40342479273588633
2967,0.3007,21,46,21,628134,48310,93577,32679,0.3826352806995311,0.40349924063761744
2968,0.3008,21,52,21,628186,48258,93598,32658,0.3822234190850336,0.4036037372089574
2969,0.3009,20,42,20,628228,48216,93618,32638,0.38189076162717017,0.40366586687115047
2970,0.301,18,36,18,628264,48180,93636,32620,0.3816056266632873,0.40371287128712874
2971,0.3011,27,60,27,628324,48120,93663,32593,0.38113040172348245,0.40381351207364363
2972,0.3012,19,62,19,628386,48058,93682,32574,0.3806393359523508,0.4039835301121143
2973,0.3013,16,49,16,628435,48009,93698,32558,0.38025123558484347,0.4041108642496307
2974,0.3014,20,42,20,628477,47967,93718,32538,0.3799185781269801,0.40417365381032233
2975,0.3015,19,60,19,628537,47907,93737,32519,0.37944335318717526,0.40433441921766594
2976,0.3016,13,42,13,628579,47865,93750,32506,0.3791106957293119,0.40444936606487414
2977,0.3017,19,50,19,628629,47815,93769,32487,0.3787146749461412,0.4045602849244104
2978,0.3018,19,60,19,628689,47755,93788,32468,0.37823945000633635,0.40472183787691807
2979,0.3019,24,55,24,628744,47700,93812,32444,0.37780382714484856,0.40482132162108203
2980,0.302,23,48,23,628792,47652,93835,32421,0.3774236471930047,0.40489303510546626
2981,0.3021,18,40,18,628832,47612,93853,32403,0.37710683056646815,0.4049615697056802
2982,0.3022,20,31,20,628863,47581,93873,32383,0.3768612976809023,0.4049697363813716
2983,0.3023,17,54,17,628917,47527,93890,32366,0.3764335952350779,0.40511684377855384
2984,0.3024,26,33,26,628950,47494,93916,32340,0.3761722215181853,0.40509056291805495
2985,0.3025,11,48,11,628998,47446,93927,32329,0.3757920415663414,0.4052522720150423
2986,0.3026,19,51,19,629049,47395,93946,32310,0.3753881003675073,0.40536980114171006
2987,0.3027,22,44,22,629093,47351,93968,32288,0.37503960207831705,0.40542950062155475
2988,0.3028,24,58,24,629151,47293,93992,32264,0.37458021796983904,0.4055457093656121
2989,0.3029,20,36,20,629187,47257,94012,32244,0.37429508300595615,0.4055798040276223
2990,0.303,19,40,19,629227,47217,94031,32225,0.3739782663794196,0.40564185191712193
2991,0.3031,34,54,34,629281,47163,94065,32191,0.37355056393359526,0.40566323058698994
2992,0.3032,18,36,18,629317,47127,94083,32173,0.3732654289697123,0.4057124842370744
2993,0.3033,17,38,17,629355,47089,94100,32156,0.3729644531745026,0.405779544450754
2994,0.3034,17,37,17,629392,47052,94117,32139,0.3726713977949563,0.405841572906012
2995,0.3035,21,43,21,629435,47009,94138,32118,0.37233081992142947,0.40590443211545996
2996,0.3036,25,59,25,629494,46950,94163,32093,0.37186351539728807,0.4060195083688625
2997,0.3037,17,56,17,629550,46894,94180,32076,0.3714199721201369,0.4061795618589338
2998,0.3038,15,38,15,629588,46856,94195,32061,0.3711189963249271,0.4062622755553303
2999,0.3039,18,44,18,629632,46812,94213,32043,0.3707704980357369,0.40635343351721515
3000,0.304,19,45,19,629677,46767,94232,32024,0.3704140793308833,0.4064423601680395
3001,0.3041,21,35,21,629712,46732,94253,32003,0.3701368647826638,0.4064647234393853
3002,0.3042,15,55,15,629767,46677,94268,31988,0.36970124192117604,0.4066357338079197
3003,0.3043,18,40,18,629807,46637,94286,31970,0.36938442529463944,0.4067067818387675
3004,0.3044,19,23,19,629830,46614,94305,31951,0.3692022557343809,0.40668236492076626
3005,0.3045,19,45,19,629875,46569,94324,31932,0.36884583702952733,0.40677188825620053
3006,0.3046,18,48,18,629923,46521,94342,31914,0.3684656570776834,0.40688468158347674
3007,0.3047,27,39,27,629962,46482,94369,31887,0.3681567608668103,0.4068828235654404
3008,0.3048,12,48,12,630010,46434,94381,31875,0.3677765809149664,0.4070413362448761
3009,0.3049,19,37,19,630047,46397,94400,31856,0.3674835255354201,0.4070898240323055
3010,0.305,13,46,13,630093,46351,94413,31843,0.36711918641490304,0.4072307338158938
3011,0.3051,18,41,18,630134,46310,94431,31825,0.36679444937270306,0.40730786459333207
3012,0.3052,17,37,17,630171,46273,94448,31808,0.3665013939931568,0.4073718318156786
3013,0.3053,14,47,14,630218,46226,94462,31794,0.3661291344569763,0.40751089464239937
3014,0.3054,18,39,18,630257,46187,94480,31776,0.36582023824610316,0.4075779536446776
3015,0.3055,22,47,22,630304,46140,94502,31754,0.3654479787099227,0.40765655891339514
3016,0.3056,16,47,16,630351,46093,94518,31738,0.36507571917374226,0.4077809613136154
3017,0.3057,18,33,18,630384,46060,94536,31720,0.3648143454568496,0.4078169195165852
3018,0.3058,11,51,11,630435,46009,94547,31709,0.36441040425801546,0.40800072055379705
3019,0.3059,17,50,17,630485,45959,94564,31692,0.36401438347484477,0.40813382957077177
3020,0.306,17,42,17,630527,45917,94581,31675,0.36368172601698134,0.4082250747499742
3021,0.3061,23,44,23,630571,45873,94604,31652,0.36333322772779114,0.40828119961302806
3022,0.3062,15,41,15,630612,45832,94619,31637,0.36300849068559116,0.4083827079218784
3023,0.3063,16,48,16,630660,45784,94635,31621,0.3626283107337473,0.4085136619081455
3024,0.3064,18,39,18,630699,45745,94653,31603,0.36231941452287414,0.40858199307027976
3025,0.3065,12,39,12,630738,45706,94665,31591,0.36201051831200104,0.40869632715370585
3026,0.3066,17,36,17,630774,45670,94682,31574,0.3617253833481181,0.40875666718450626
3027,0.3067,26,56,26,630830,45614,94708,31548,0.3612818400709669,0.40885409916798426
3028,0.3068,14,37,14,630867,45577,94722,31534,0.3609887846914206,0.4089429523673665
3029,0.3069,22,36,22,630903,45541,94744,31512,0.3607036497275377,0.40896525767977887
3030,0.307,13,52,13,630955,45489,94757,31499,0.3602917881130402,0.4091416844183509
3031,0.3071,16,49,16,631004,45440,94773,31483,0.3599036877455329,0.40927940927940926
3032,0.3072,22,48,22,631052,45392,94795,31461,0.359523507793689,0.40936593236438396
3033,0.3073,12,33,12,631085,45359,94807,31449,0.35926213407679636,0.4094495365066139
3034,0.3074,19,32,19,631117,45327,94826,31430,0.3590086807755671,0.40947405448363017
3035,0.3075,31,36,31,631153,45291,94857,31399,0.3587235458116842,0.4094275655235363
3036,0.3076,24,36,24,631189,45255,94881,31375,0.3584384108478013,0.4094349471486363
3037,0.3077,14,42,14,631231,45213,94895,31361,0.3581057533899379,0.40955154491080525
3038,0.3078,16,48,16,631279,45165,94911,31345,0.357725573438094,0.4096850084956215
3039,0.3079,21,42,21,631321,45123,94932,31324,0.35739291598023065,0.4097479299383887
3040,0.308,13,43,13,631364,45080,94945,31311,0.35705233810670384,0.40987812700449006
3041,0.3081,25,42,25,631406,45038,94970,31286,0.35671968064884046,0.40991038205544783
3042,0.3082,21,41,21,631447,44997,94991,31265,0.3563949436066405,0.40996826728908237
3043,0.3083,13,38,13,631485,44959,95004,31252,0.35609396781143077,0.41007203684507487
3044,0.3084,16,30,16,631515,44929,95020,31236,0.3558563553415283,0.41010963040766757
3045,0.3085,24,30,24,631545,44899,95044,31212,0.3556187428716259,0.41008527019747476
3046,0.3086,21,42,21,631587,44857,95065,31191,0.3552860854137625,0.4101488533557753
3047,0.3087,15,35,15,631622,44822,95080,31176,0.355008870865543,0.41022132161372665
3048,0.3088,20,50,20,631672,44772,95100,31156,0.3546128500823723,0.41033610789168684
3049,0.3089,20,33,20,631705,44739,95120,31136,0.35435147636547965,0.41035914332784185
3050,0.309,9,46,9,631751,44693,95129,31127,0.3539871372449626,0.41053811659192824
3051,0.3091,16,46,16,631797,44647,95145,31111,0.3536227981244456,0.41066290028775837
3052,0.3092,21,37,21,631834,44610,95166,31090,0.35332974274489926,0.4107001321003963
3053,0.3093,14,55,14,631889,44555,95180,31076,0.35289411988341146,0.41088971453504514
3054,0.3094,23,42,23,631931,44513,95203,31053,0.3525614624255481,0.4109387819919011
3055,0.3095,11,48,11,631979,44465,95214,31042,0.3521812824737042,0.4111142013323268
3056,0.3096,29,31,29,632010,44434,95243,31013,0.3519357495881384,0.41105676832743515
3057,0.3097,17,43,17,632053,44391,95260,30996,0.3515951717146116,0.41115842253969515
3058,0.3098,17,40,17,632093,44351,95277,30979,0.35127835508807503,0.411243860347803
3059,0.3099,18,43,18,632136,44308,95295,30961,0.3509377772145482,0.4113380010362832
3060,0.31,22,39,22,632175,44269,95317,30939,0.35062888100367506,0.4113791086054675
3061,0.3101,13,38,13,632213,44231,95330,30926,0.35032790520846535,0.41148529079127694
3062,0.3102,18,48,18,632261,44183,95348,30908,0.3499477252566215,0.41160724987015757
3063,0.3103,19,46,19,632307,44137,95367,30889,0.3495833861361044,0.41171060698957695
3064,0.3104,18,41,18,632348,44096,95385,30871,0.34925864909390447,0.4117945229234196
3065,0.3105,14,50,14,632398,44046,95399,30857,0.3488626283107337,0.4119594675780676
3066,0.3106,24,42,24,632440,44004,95423,30833,0.34852997085287035,0.41200208453037934
3067,0.3107,14,34,14,632474,43970,95437,30819,0.3482606767203143,0.412079316477022
3068,0.3108,17,43,17,632517,43927,95454,30802,0.3479200988467875,0.4121826867748799
3069,0.3109,18,38,18,632555,43889,95472,30784,0.34761912305157777,0.412250746588459
3070,0.311,10,22,10,632577,43867,95482,30774,0.34744487390698264,0.41229351160890126
3071,0.3111,18,43,18,632620,43824,95500,30756,0.34710429603345583,0.41238938053097346
3072,0.3112,22,33,22,632653,43791,95522,30734,0.34684292231656316,0.41239852398523985
3073,0.3113,20,42,20,632695,43749,95542,30714,0.3465102648586998,0.41247330889166434
3074,0.3114,21,43,21,632738,43706,95563,30693,0.346169686985173,0.41254586755198325
3075,0.3115,22,46,22,632784,43660,95585,30671,0.34580534786465594,0.4126273022023113
3076,0.3116,19,46,19,632830,43614,95604,30652,0.3454410087441389,0.4127326098079875
3077,0.3117,22,33,22,632863,43581,95626,30630,0.34517963502724625,0.4127420463273639
3078,0.3118,19,46,19,632909,43535,95645,30611,0.34481529590672916,0.41284762495616756
3079,0.3119,22,49,22,632958,43486,95667,30589,0.3444271955392219,0.41294633817077286
3080,0.312,18,34,18,632992,43452,95685,30571,0.3441579014066658,0.41299325885197846
3081,0.3121,21,36,21,633028,43416,95706,30550,0.3438727664427829,0.4130276072790201
3082,0.3122,16,38,16,633066,43378,95722,30534,0.3435717906475732,0.41311289100552007
3083,0.3123,18,26,18,633092,43352,95740,30516,0.3433658598403244,0.4131152867276764
3084,0.3124,21,35,21,633127,43317,95761,30495,0.3430886452921049,0.4131442041944399
3085,0.3125,16,44,16,633171,43273,95777,30479,0.3427401470029147,0.41326336912897277
3086,0.3126,21,40,21,633211,43233,95798,30458,0.3424233303763782,0.41332048689799294
3087,0.3127,16,52,16,633263,43181,95814,30442,0.3420114687618806,0.4134849163984081
3088,0.3128,18,39,18,633302,43142,95832,30424,0.3417025725510075,0.4135606122393497
3089,0.3129,24,39,24,633341,43103,95856,30400,0.34139367634013434,0.4135885610111152
3090,0.313,21,29,21,633370,43074,95877,30379,0.34116398428589534,0.41358419669720775
3091,0.3131,16,34,16,633404,43040,95893,30363,0.34089469015333923,0.41364794354454176
3092,0.3132,14,42,14,633446,42998,95907,30349,0.34056203269547586,0.41377288778000465
3093,0.3133,16,38,16,633484,42960,95923,30333,0.34026105690026615,0.41385944087429904
3094,0.3134,22,39,22,633523,42921,95945,30311,0.339952160689393,0.413903757920035
3095,0.3135,18,36,18,633559,42885,95963,30293,0.33966702572551005,0.41396321298750993
3096,0.3136,25,39,25,633598,42846,95988,30268,0.33935812951463695,0.4139836419837514
3097,0.3137,25,45,25,633643,42801,96013,30243,0.3390017108097833,0.41403811401347135
3098,0.3138,24,55,24,633698,42746,96037,30219,0.3385660879482955,0.41415747276091275
3099,0.3139,11,36,11,633734,42710,96048,30208,0.33828095298441263,0.41427356756905015
3100,0.314,21,35,21,633769,42675,96069,30187,0.33800373843619314,0.41430375229886635
3101,0.3141,25,38,25,633807,42637,96094,30162,0.3377027626409834,0.414318878006566
3102,0.3142,29,31,29,633838,42606,96123,30133,0.3374572297554176,0.4142619502605205
3103,0.3143,15,40,15,633878,42566,96138,30118,0.337140413128881,0.41436904958450277
3104,0.3144,18,32,18,633910,42534,96156,30100,0.33688695982765177,0.41440647630586225
3105,0.3145,19,45,19,633955,42489,96175,30081,0.3365305411227981,0.41451012815212895
3106,0.3146,16,40,16,633995,42449,96191,30065,0.3362137244962616,0.4146095926303886
3107,0.3147,16,38,16,634033,42411,96207,30049,0.3359127487010518,0.4146977642837428
3108,0.3148,19,41,19,634074,42370,96226,30030,0.3355880116588519,0.41477900552486185
3109,0.3149,26,53,26,634127,42317,96252,30004,0.3351682296286909,0.41487258196097954
3110,0.315,20,42,20,634169,42275,96272,29984,0.33483557217082754,0.4149517707136827
3111,0.3151,22,39,22,634208,42236,96294,29962,0.3345266759599544,0.4149976453641375
3112,0.3152,15,43,15,634251,42193,96309,29947,0.3341860980864276,0.41512337122262266
3113,0.3153,14,44,14,634295,42149,96323,29933,0.33383759979723737,0.4152631724979884
3114,0.3154,12,33,12,634328,42116,96335,29921,0.3335762260803447,0.4153559976123381
3115,0.3155,13,37,13,634365,42079,96348,29908,0.3332831707007984,0.4154639032047453
3116,0.3156,21,37,21,634402,42042,96369,29887,0.33299011532125206,0.415506958250497
3117,0.3157,20,35,20,634437,42007,96389,29867,0.33271290077303256,0.41554665108384115
3118,0.3158,24,34,24,634471,41973,96413,29843,0.3324436066404765,0.4155480672830567
3119,0.3159,19,38,19,634509,41935,96432,29824,0.33214263084526674,0.4156133725386363
3120,0.316,20,35,20,634544,41900,96452,29804,0.33186541629704724,0.4156532411023095
3121,0.3161,20,42,20,634586,41858,96472,29784,0.33153275883918387,0.41573378744311995
3122,0.3162,24,49,24,634635,41809,96496,29760,0.33114465847167657,0.4158224929788037
3123,0.3163,18,40,18,634675,41769,96514,29742,0.33082784184514,0.4159080421193942
3124,0.3164,20,30,20,634705,41739,96534,29722,0.33059022937523763,0.4159191726955962
3125,0.3165,26,25,26,634730,41714,96560,29696,0.3303922189836523,0.4158521215516034
3126,0.3166,18,39,18,634769,41675,96578,29678,0.33008332277277913,0.41593205611537004
3127,0.3167,19,35,19,634804,41640,96597,29659,0.32980610822455964,0.41598058878806154
3128,0.3168,20,42,20,634846,41598,96617,29639,0.32947345076669626,0.4160618779566798
3129,0.3169,12,38,12,634884,41560,96629,29627,0.3291724749714865,0.41618553949457066
3130,0.317,17,36,17,634920,41524,96646,29610,0.3288873400076036,0.4162566423932297
3131,0.3171,17,34,17,634954,41490,96663,29593,0.3286180458750475,0.4163161374730948
3132,0.3172,22,38,22,634992,41452,96685,29571,0.3283170700798378,0.41635808118496825
3133,0.3173,20,31,20,635023,41421,96705,29551,0.32807153719427196,0.41637547201713354
3134,0.3174,22,32,22,635055,41389,96727,29529,0.32781808389304273,0.4163823006852985
3135,0.3175,12,31,12,635086,41358,96739,29517,0.3275725510074769,0.4164656084656085
3136,0.3176,17,49,17,635135,41309,96756,29500,0.3271844506399696,0.416613707297095
3137,0.3177,17,32,17,635167,41277,96773,29483,0.3269309973387403,0.41666195590729227
3138,0.3178,13,35,13,635202,41242,96786,29470,0.3266537827905208,0.4167609458083494
3139,0.3179,14,46,14,635248,41196,96800,29456,0.3262894436700038,0.4169167185642303
3140,0.318,31,33,31,635281,41163,96831,29425,0.3260280699531111,0.41685555618518727
3141,0.3181,17,55,17,635336,41108,96848,29408,0.3255924470916234,0.41704010437347555
3142,0.3182,20,27,20,635363,41081,96868,29388,0.3253785958687112,0.41703444067604195
3143,0.3183,13,43,13,635406,41038,96881,29375,0.3250380179951844,0.4171814863732549
3144,0.3184,18,37,18,635443,41001,96899,29357,0.32474496261563807,0.4172517695215896
3145,0.3185,21,46,21,635489,40955,96920,29336,0.32438062349512103,0.41735072768917786
3146,0.3186,15,35,15,635524,40920,96935,29321,0.32410340894690154,0.4174342620406885
3147,0.3187,13,41,13,635565,40879,96948,29308,0.32377867190470155,0.4175702053086754
3148,0.3188,15,38,15,635603,40841,96963,29293,0.32347769610949184,0.41767188524823906
3149,0.3189,15,35,15,635638,40806,96978,29278,0.32320048156127235,0.4177558358541179
3150,0.319,18,35,18,635673,40771,96996,29260,0.32292326701305285,0.4178149676571804
3151,0.3191,25,45,25,635718,40726,97021,29235,0.3225668483081992,0.41787567358957134
3152,0.3192,18,36,18,635754,40690,97039,29217,0.3222817133443163,0.41794097872888264
3153,0.3193,25,35,25,635789,40655,97064,29192,0.3220044987960968,0.41794207338897876
3154,0.3194,10,41,10,635830,40614,97074,29182,0.32167976175389684,0.4181041893518253
3155,0.3195,23,45,23,635875,40569,97097,29159,0.3213233430490432,0.4181820789352914
3156,0.3196,23,35,23,635910,40534,97120,29136,0.3210461285008237,0.4182000861202813
3157,0.3197,18,36,18,635946,40498,97138,29118,0.3207609935369408,0.41826591588140655
3158,0.3198,20,46,20,635992,40452,97158,29098,0.3203966544164238,0.41837526959022286
3159,0.3199,8,28,8,636020,40424,97166,29090,0.32017488277784817,0.4184768535834508
3160,0.32,17,42,17,636062,40382,97183,29073,0.3198422253199848,0.4185875746886473
3161,0.3201,27,32,27,636094,40350,97210,29046,0.3195887720187555,0.4185543835379561
3162,0.3202,19,34,19,636128,40316,97229,29027,0.31931947788619947,0.4186002913055391
3163,0.3203,15,45,15,636173,40271,97244,29012,0.3189630591813458,0.4187463014014982
3164,0.3204,19,36,19,636209,40235,97263,28993,0.31867792421746294,0.41880452995897616
3165,0.3205,27,24,27,636233,40211,97290,28966,0.318487834241541,0.4187229859635428
3166,0.3206,15,42,15,636275,40169,97305,28951,0.3181551767836776,0.41885127314814813
3167,0.3207,18,40,18,636315,40129,97323,28933,0.31783836015714106,0.4189423995829834
3168,0.3208,15,31,15,636346,40098,97338,28918,0.31759282727157523,0.4190042888605541
3169,0.3209,12,38,12,636384,40060,97350,28906,0.31729185147636546,0.4191340660615376
3170,0.321,10,44,10,636428,40016,97360,28896,0.31694335318717526,0.4193173902948688
3171,0.3211,21,35,21,636463,39981,97381,28875,0.31666613863895576,0.4193534332520042
3172,0.3212,26,28,26,636491,39953,97407,28849,0.3164443670003802,0.4193046713758321
3173,0.3213,24,34,24,636525,39919,97431,28825,0.3161750728678241,0.41930932154078904
3174,0.3214,19,30,19,636555,39889,97450,28806,0.3159374603979217,0.41933182909964334
3175,0.3215,19,34,19,636589,39855,97469,28787,0.3156681662653656,0.41937880597884675
3176,0.3216,18,33,18,636622,39822,97487,28769,0.3154067925484729,0.41942820486652765
3177,0.3217,15,39,15,636661,39783,97502,28754,0.31509789633759977,0.4195398106132454
3178,0.3218,17,24,17,636685,39759,97519,28737,0.31490780636167787,0.4195427470217239
3179,0.3219,12,33,12,636718,39726,97531,28725,0.3146464326447852,0.41964324845509926
3180,0.322,16,47,16,636765,39679,97547,28709,0.3142741731086047,0.4197958706205767
3181,0.3221,12,41,12,636806,39638,97559,28697,0.31394943606640474,0.4199458549791468
3182,0.3222,10,35,10,636841,39603,97569,28687,0.3136722215181853,0.42007614584858693
3183,0.3223,25,33,25,636874,39570,97594,28662,0.31341084780129264,0.420066830812522
3184,0.3224,23,33,23,636907,39537,97617,28639,0.31314947408439997,0.42007451302511145
3185,0.3225,14,47,14,636954,39490,97631,28625,0.3127772145482195,0.42024517360346475
3186,0.3226,16,32,16,636986,39458,97647,28609,0.3125237612469902,0.42030646274993755
3187,0.3227,13,33,13,637019,39425,97660,28596,0.3122623875300976,0.4203995824818806
3188,0.3228,19,44,19,637063,39381,97679,28577,0.31191388924090735,0.42050972659583863
3189,0.3229,15,52,15,637115,39329,97694,28562,0.3115020276264098,0.4207037751690209
3190,0.323,19,41,19,637156,39288,97713,28543,0.31117729058420984,0.42079580132977545
3191,0.3231,18,45,18,637201,39243,97731,28525,0.31082087187935625,0.4209213788218628
3192,0.3232,15,27,15,637228,39216,97746,28510,0.3106070206564441,0.420960930809438
3193,0.3233,19,26,19,637254,39190,97765,28491,0.3104010898491953,0.4209600921972193
3194,0.3234,18,38,18,637292,39152,97783,28473,0.3101001140539856,0.4210425138632163
3195,0.3235,19,35,19,637327,39117,97802,28454,0.3098228995057661,0.42109780823134185
3196,0.3236,21,41,21,637368,39076,97823,28433,0.3094981624635661,0.42117347316654075
3197,0.3237,10,45,10,637413,39031,97833,28423,0.30914174375871245,0.42136863640406796
3198,0.3238,14,32,14,637445,38999,97847,28409,0.30888829045748323,0.4214484927605032
3199,0.3239,13,33,13,637478,38966,97860,28396,0.30862691674059056,0.4215433033461002
3200,0.324,16,34,16,637512,38932,97876,28380,0.30835762260803445,0.4216187306869503
3201,0.3241,8,43,8,637555,38889,97884,28372,0.3080170447345077,0.421819479341669
3202,0.3242,15,33,15,637588,38856,97899,28357,0.30775567101761503,0.4218975495811822
3203,0.3243,23,40,23,637628,38816,97922,28334,0.30743885439107843,0.42195085629188384
3204,0.3244,18,35,18,637663,38781,97940,28316,0.30716163984285894,0.4220158874465326
3205,0.3245,11,27,11,637690,38754,97951,28305,0.30694778861994676,0.4220909944973829
3206,0.3246,12,31,12,637721,38723,97963,28293,0.3067022557343809,0.42218276232541485
3207,0.3247,18,33,18,637754,38690,97981,28275,0.30644088201748826,0.4222354961547077
3208,0.3248,17,31,17,637785,38659,97998,28258,0.3061953491319224,0.42228432236950253
3209,0.3249,16,32,16,637817,38627,98014,28242,0.3059418958306932,0.42234817329405255
3210,0.325,16,38,16,637855,38589,98030,28226,0.3056409200354835,0.42245004864177205
3211,0.3251,14,32,14,637887,38557,98044,28212,0.3053874667342542,0.4225314142790816
3212,0.3252,19,28,19,637915,38529,98063,28193,0.30516569509567865,0.4225442882407602
3213,0.3253,19,34,19,637949,38495,98082,28174,0.30489640096312254,0.4225952091676791
3214,0.3254,18,36,18,637985,38459,98100,28156,0.30461126599923966,0.4226675673647077
3215,0.3255,18,36,18,638021,38423,98118,28138,0.3043261310353567,0.42274004296810447
3216,0.3256,14,31,14,638052,38392,98132,28124,0.3040805981497909,0.42281556317277047
3217,0.3257,14,21,14,638073,38371,98146,28110,0.3039142694208592,0.4228275747958063
3218,0.3258,12,36,12,638109,38335,98158,28098,0.3036291344569763,0.42295244833140155
3219,0.3259,22,18,22,638127,38317,98180,28076,0.30348656697503484,0.422875905592457
3220,0.326,15,31,15,638158,38286,98195,28061,0.303241034089469,0.42294301174129956
3221,0.3261,12,30,12,638188,38256,98207,28049,0.3030034216195666,0.4230299374104517
3222,0.3262,12,38,12,638226,38218,98219,28037,0.30270244582435685,0.4231680627877141
3223,0.3263,10,37,10,638263,38181,98229,28027,0.3024093904448105,0.42331742387626875
3224,0.3264,19,21,19,638284,38160,98248,28008,0.30224306171587884,0.4232861806311208
3225,0.3265,17,42,17,638326,38118,98265,27991,0.30191040425801546,0.4234067978641335
3226,0.3266,14,41,14,638367,38077,98279,27977,0.3015856672158155,0.4235474006116208
3227,0.3267,16,33,16,638400,38044,98295,27961,0.3013242934989228,0.4236194227710022
3228,0.3268,16,21,16,638421,38023,98311,27945,0.3011579647699911,0.4236144797477565
3229,0.3269,9,45,9,638466,37978,98320,27936,0.3008015460651375,0.423824984070152
3230,0.327,13,39,13,638505,37939,98333,27923,0.3004926498542643,0.42396222404421363
3231,0.3271,18,34,18,638539,37905,98351,27905,0.3002233557217083,0.4240237046041635
3232,0.3272,19,39,19,638578,37866,98370,27886,0.2999144595108351,0.4241087723567344
3233,0.3273,26,37,26,638615,37829,98396,27860,0.2996214041312888,0.4241197156297097
3234,0.3274,19,36,19,638651,37793,98415,27841,0.2993362691674059,0.42418563549379895
3235,0.3275,12,31,12,638682,37762,98427,27829,0.2990907362818401,0.42428077022762267
3236,0.3276,18,27,18,638709,37735,98445,27811,0.2988768850589279,0.42429743996582553
3237,0.3277,9,33,9,638742,37702,98454,27802,0.29861551134203523,0.4244320957498779
3238,0.3278,22,41,22,638783,37661,98476,27780,0.29829077429983525,0.42450451551779467
3239,0.3279,17,38,17,638821,37623,98493,27763,0.29798979850462554,0.4246015966720705
3240,0.328,11,32,11,638853,37591,98504,27752,0.29773634520339626,0.42471267006412317
3241,0.3281,20,32,20,638885,37559,98524,27732,0.29748289190216703,0.4247446049225774
3242,0.3282,18,40,18,638925,37519,98542,27714,0.2971660752756305,0.4248463201140527
3243,0.3283,11,33,11,638958,37486,98553,27703,0.2969047015587378,0.4249643344736075
3244,0.3284,12,41,12,638999,37445,98565,27691,0.29657996451653784,0.4251258904446082
3245,0.3285,13,32,13,639031,37413,98578,27678,0.29632651121530856,0.42522007650827304
3246,0.3286,15,38,15,639069,37375,98593,27663,0.29602553542009885,0.4253359574402657
3247,0.3287,19,29,19,639098,37346,98612,27644,0.29579584336585985,0.4253577473457455
3248,0.3288,16,43,16,639141,37303,98628,27628,0.29545526549233303,0.4254978361645439
3249,0.3289,12,30,12,639171,37273,98640,27616,0.29521765302243064,0.42558831234878025
3250,0.329,18,42,18,639213,37231,98658,27598,0.2948849955645672,0.4257045458051181
3251,0.3291,18,41,18,639254,37190,98676,27580,0.2945602585223673,0.4258144202562915
3252,0.3292,8,42,8,639296,37148,98684,27572,0.29422760106450385,0.4260197775030902
3253,0.3293,15,32,15,639328,37116,98699,27557,0.29397414776327463,0.4260974440647565
3254,0.3294,14,37,14,639365,37079,98713,27543,0.2936810923837283,0.4262170777753706
3255,0.3295,13,30,13,639395,37049,98726,27530,0.29344347991382586,0.42629957106799427
3256,0.3296,8,32,8,639427,37017,98734,27522,0.29319002661259663,0.4264398270812997
3257,0.3297,17,33,17,639460,36984,98751,27505,0.29292865289570397,0.42650684612879713
3258,0.3298,10,33,10,639493,36951,98761,27495,0.2926672791788113,0.42663625360767155
3259,0.3299,13,36,13,639529,36915,98774,27482,0.2923821442149284,0.4267590105129121
3260,0.33,11,37,11,639566,36878,98785,27471,0.2920890888353821,0.42690640103187305
3261,0.3301,11,38,11,639604,36840,98796,27460,0.2917881130401723,0.42706065318818043
3262,0.3302,16,24,16,639628,36816,98812,27444,0.2915980230642504,0.42707749766573294
3263,0.3303,18,49,18,639677,36767,98830,27426,0.2912099226967431,0.427242845793155
3264,0.3304,25,29,25,639706,36738,98855,27401,0.2909802306425041,0.4272127722602473
3265,0.3305,16,30,16,639736,36708,98871,27385,0.2907426181726017,0.4272697486464981
3266,0.3306,14,32,14,639768,36676,98885,27371,0.29048916487137244,0.4273580339438225
3267,0.3307,17,31,17,639799,36645,98902,27354,0.2902436319858066,0.4274129283270051
3268,0.3308,15,38,15,639837,36607,98917,27339,0.2899426561905969,0.42753260563600537
3269,0.3309,18,39,18,639876,36568,98935,27321,0.28963375997972374,0.42763229976991346
3270,0.331,18,38,18,639914,36530,98953,27303,0.289332784184514,0.4277254711512854
3271,0.3311,15,38,15,639952,36492,98968,27288,0.28903180838930426,0.42784571966133583
3272,0.3312,17,39,17,639991,36453,98985,27271,0.2887229121784311,0.42795493063837803
3273,0.3313,12,40,12,640031,36413,98997,27259,0.28840609555189456,0.42811596934288226
3274,0.3314,9,30,9,640061,36383,99006,27250,0.28816848308199217,0.4282369210944007
3275,0.3315,20,44,20,640105,36339,99026,27230,0.2878199847928019,0.4283534427157891
3276,0.3316,12,31,12,640136,36308,99038,27218,0.2875744519072361,0.42845449107452066
3277,0.3317,18,31,18,640167,36277,99056,27200,0.28732891902167024,0.42850166201931406
3278,0.3318,15,38,15,640205,36239,99071,27185,0.2870279432264605,0.4286232341069627
3279,0.3319,17,28,17,640233,36211,99088,27168,0.2868061715878849,0.4286593351109989
3280,0.332,11,29,11,640262,36182,99099,27157,0.2865764795336459,0.4287563744296563
3281,0.3321,10,34,10,640296,36148,99109,27147,0.28630718540108985,0.42889643731732363
3282,0.3322,20,19,20,640315,36129,99129,27127,0.286156697503485,0.4288446945744277
3283,0.3323,17,38,17,640353,36091,99146,27110,0.2858557217082752,0.42894890903624944
3284,0.3324,9,32,9,640385,36059,99155,27101,0.285602268407046,0.4290848638378721
3285,0.3325,15,38,15,640423,36021,99170,27086,0.2853012926118363,0.42920753640642084
3286,0.3326,11,29,11,640452,35992,99181,27075,0.2850716005575973,0.429305341937939
3287,0.3327,23,40,23,640492,35952,99204,27052,0.2847547839310607,0.4293695638372167
3288,0.3328,14,36,14,640528,35916,99218,27038,0.2844696489671778,0.4294881977316771
3289,0.3329,14,29,14,640557,35887,99232,27024,0.2842399569129388,0.42955921857862694
3290,0.333,18,29,18,640586,35858,99250,27006,0.2840102648586998,0.4295940442860779
3291,0.3331,18,30,18,640616,35828,99268,26988,0.28377265238879734,0.429635761589404
3292,0.3332,20,37,20,640653,35791,99288,26968,0.28347959700925107,0.42970729297789956
3293,0.3333,19,23,19,640676,35768,99307,26949,0.2832974274489925,0.4296921089975605
3294,0.3334,11,30,11,640706,35738,99318,26938,0.2830598149790901,0.4297976897057885
3295,0.3335,15,37,15,640743,35701,99333,26923,0.2827667595995438,0.42991504854368934
3296,0.3336,9,29,9,640772,35672,99342,26914,0.2825370675453048,0.4300322755887898
3297,0.3337,20,35,20,640807,35637,99362,26894,0.2822598529970853,0.4300906750251875
3298,0.3338,18,38,18,640845,35599,99380,26876,0.28195887720187557,0.43018807523009206
3299,0.3339,14,38,14,640883,35561,99394,26862,0.2816579014066658,0.43032215689729747
3300,0.334,23,29,23,640912,35532,99417,26839,0.2814282093524268,0.43031216430712993
3301,0.3341,23,36,23,640948,35496,99440,26816,0.2811430743885439,0.43035049428681477
3302,0.3342,13,35,13,640983,35461,99453,26803,0.2808658598403244,0.43047346781446744
3303,0.3343,14,41,14,641024,35420,99467,26789,0.28054112279812443,0.4306290086643412
3304,0.3344,17,47,17,641071,35373,99484,26772,0.280168863261944,0.4307989379676563
3305,0.3345,10,28,10,641099,35345,99494,26762,0.2799470916233684,0.43090150868662147
3306,0.3346,15,34,15,641133,35311,99509,26747,0.27967779749081234,0.43100003222791583
3307,0.3347,17,27,17,641160,35284,99526,26730,0.27946394626790017,0.4310317025187861
3308,0.3348,22,32,22,641192,35252,99548,26708,0.2792104929666709,0.43105229180116206
3309,0.3349,20,32,20,641224,35220,99568,26688,0.27895703966544166,0.43109129676293856
3310,0.335,10,29,10,641253,35191,99578,26678,0.27872734761120266,0.4312014094296013
3311,0.3351,14,37,14,641290,35154,99592,26664,0.27843429223165633,0.43133068038435407
3312,0.3352,17,42,17,641332,35112,99609,26647,0.2781016347737929,0.4314674784241973
3313,0.3353,19,25,19,641357,35087,99628,26628,0.27790362438220756,0.43146722838856033
3314,0.3354,16,35,16,641392,35052,99644,26612,0.27762640983398806,0.4315646081992735
3315,0.3355,14,24,14,641416,35028,99658,26598,0.27743631985806616,0.43160354395871875
3316,0.3356,13,33,13,641449,34995,99671,26585,0.2771749461411735,0.4317148424813251
3317,0.3357,27,26,27,641475,34969,99698,26558,0.2769690153339247,0.4316478944203358
3318,0.3358,16,34,16,641509,34935,99714,26542,0.27669972120136865,0.4317386990256519
3319,0.3359,23,30,23,641539,34905,99737,26519,0.2764621087314662,0.4317367804115655
3320,0.336,16,35,16,641574,34870,99753,26503,0.2761848941832467,0.43183484594202665
3321,0.3361,26,32,26,641606,34838,99779,26477,0.2759314408820175,0.43181929381064993
3322,0.3362,16,26,16,641632,34812,99795,26461,0.2757255100747687,0.43185416088652423
3323,0.3363,13,29,13,641661,34783,99808,26448,0.2754958180205297,0.4319380705851611
3324,0.3364,10,30,10,641691,34753,99818,26438,0.2752582055506273,0.4320570018466768
3325,0.3365,18,23,18,641714,34730,99836,26420,0.2750760359903688,0.4320523303352412
3326,0.3366,14,34,14,641748,34696,99850,26406,0.2748067418578127,0.43216261333507905
3327,0.3367,16,28,16,641776,34668,99866,26390,0.2745849702192371,0.4322119951521504
3328,0.3368,14,26,14,641802,34642,99880,26376,0.2743790394119883,0.43226588875413813
3329,0.3369,22,23,22,641825,34619,99902,26354,0.2741968698517298,0.4322240991914454
3330,0.337,21,34,21,641859,34585,99923,26333,0.27392757571917375,0.43226960832594635
3331,0.3371,18,27,18,641886,34558,99941,26315,0.2737137244962616,0.4322934634402773
3332,0.3372,24,31,24,641917,34527,99965,26291,0.27346819161069574,0.4322897826301424
3333,0.3373,23,32,23,641949,34495,99988,26268,0.27321473830946646,0.43230255254019717
3334,0.3374,18,25,18,641974,34470,100006,26250,0.2730167279178811,0.4323122529644269
3335,0.3375,14,38,14,642012,34432,100020,26236,0.2727157521226714,0.4324520340212303
3336,0.3376,10,40,10,642052,34392,100030,26226,0.27239893549613486,0.43264376917747205
3337,0.3377,17,28,17,642080,34364,100047,26209,0.27217716385755925,0.4326845294107936
3338,0.3378,18,24,18,642104,34340,100065,26191,0.2719870738816373,0.43268738332424705
3339,0.3379,17,28,17,642132,34312,100082,26174,0.2717653022430617,0.4327282346328076
3340,0.338,14,29,14,642161,34283,100096,26160,0.2715356101888227,0.4328044604007081
3341,0.3381,10,40,10,642201,34243,100106,26150,0.2712187935622862,0.4329972016624443
3342,0.3382,21,32,21,642233,34211,100127,26129,0.2709653402610569,0.4330294995028174
3343,0.3383,20,21,20,642254,34190,100147,26109,0.2707990115321252,0.43299225526128127
3344,0.3384,11,25,11,642279,34165,100158,26098,0.27060100114053987,0.4330683835852845
3345,0.3385,21,27,21,642306,34138,100179,26077,0.2703871499176277,0.43306485095075975
3346,0.3386,19,25,19,642331,34113,100198,26058,0.27018913952604234,0.4330657625766565
3347,0.3387,16,32,16,642363,34081,100214,26042,0.26993568622481307,0.4331453852934817
3348,0.3388,17,36,17,642399,34045,100231,26025,0.2696505512609302,0.4332445480273015
3349,0.3389,24,27,24,642426,34018,100255,26001,0.269436700038018,0.4332128159416185
3350,0.339,22,37,22,642463,33981,100277,25979,0.2691436446584717,0.43327218145430285
3351,0.3391,19,28,19,642491,33953,100296,25960,0.26892187301989606,0.4332949443359538
3352,0.3392,22,33,22,642524,33920,100318,25938,0.2686604993030034,0.43332553710448063
3353,0.3393,21,31,21,642555,33889,100339,25917,0.26841496641743756,0.4333511687790523
3354,0.3394,19,25,19,642580,33864,100358,25898,0.2682169560258522,0.4333522974465379
3355,0.3395,14,27,14,642607,33837,100372,25884,0.26800310480294004,0.433415381524087
3356,0.3396,15,40,15,642647,33797,100387,25869,0.2676862881764035,0.43356350350283246
3357,0.3397,16,37,16,642684,33760,100403,25853,0.26739323279685717,0.4336805730293728
3358,0.3398,15,25,15,642709,33735,100418,25838,0.2671952224052718,0.4337199738136404
3359,0.3399,23,31,23,642740,33704,100441,25815,0.266949689519706,0.43372704514524774
3360,0.34,14,28,14,642768,33676,100455,25801,0.2667279178811304,0.4337979386989929
3361,0.3401,14,30,14,642798,33646,100469,25787,0.266490305411228,0.43388353271751384
3362,0.3402,15,24,15,642822,33622,100484,25772,0.266300215435306,0.4339158837593023
3363,0.3403,12,34,12,642856,33588,100496,25760,0.26603092130274997,0.4340500101098605
3364,0.3404,23,37,23,642893,33551,100519,25737,0.26573786592320364,0.43410133585211175
3365,0.3405,20,38,20,642931,33513,100539,25717,0.26543689012799393,0.4341887556981259
3366,0.3406,15,33,15,642964,33480,100554,25702,0.26517551641110126,0.43428745226589166
3367,0.3407,16,37,16,643001,33443,100570,25686,0.26488246103155494,0.4344061289722471
3368,0.3408,15,35,15,643036,33408,100585,25671,0.26460524648333544,0.4345198801604631
3369,0.3409,15,35,15,643071,33373,100600,25656,0.26432803193511595,0.4346338240525843
3370,0.341,15,30,15,643101,33343,100615,25641,0.26409041946521356,0.43471110809711105
3371,0.3411,8,28,8,643129,33315,100623,25633,0.26386864782663794,0.43484087670489247
3372,0.3412,22,32,22,643161,33283,100645,25611,0.2636151945254087,0.4348660304954664
3373,0.3413,13,28,13,643189,33255,100658,25598,0.2633934228868331,0.4349480910064058
3374,0.3414,17,40,17,643229,33215,100675,25581,0.26307660626029655,0.43508061772909723
3375,0.3415,15,17,15,643246,33198,100690,25566,0.2629419591940185,0.43506228303042677
3376,0.3416,15,30,15,643276,33168,100705,25551,0.2627043467241161,0.43514024421396824
3377,0.3417,17,29,17,643305,33139,100722,25534,0.26247465466987707,0.4351916554462871
3378,0.3418,14,34,14,643339,33105,100736,25520,0.262205360537321,0.4353091684434968
3379,0.3419,11,26,11,643365,33079,100747,25509,0.26199942973007223,0.4353963268928791
3380,0.342,19,29,19,643394,33050,100766,25490,0.2617697376758332,0.43542876665527847
3381,0.3421,11,34,11,643428,33016,100777,25479,0.2615004435432772,0.4355756902299342
3382,0.3422,18,25,18,643453,32991,100795,25461,0.2613024331516918,0.4355881749127489
3383,0.3423,13,29,13,643482,32962,100808,25448,0.2610727410974528,0.4356788221195001
3384,0.3424,14,23,14,643505,32939,100822,25434,0.26089057153719425,0.4357151422746818
3385,0.3425,13,26,13,643531,32913,100835,25421,0.2606846407299455,0.4357835910446738
3386,0.3426,16,27,16,643558,32886,100851,25405,0.26047078950703334,0.4358305741881251
3387,0.3427,19,30,19,643588,32856,100870,25386,0.2602331770371309,0.4358710209127434
3388,0.3428,14,36,14,643624,32820,100884,25372,0.259948042073248,0.4360049491339016
3389,0.3429,14,34,14,643658,32786,100898,25358,0.2596787479406919,0.43612410566868465
3390,0.343,23,39,23,643697,32747,100921,25335,0.2593698517298188,0.43619365724320786
3391,0.3431,20,30,20,643727,32717,100941,25315,0.25913223925991635,0.4362248414667769
3392,0.3432,10,38,10,643765,32679,100951,25305,0.25883126346470664,0.4364134933774834
3393,0.3433,15,32,15,643797,32647,100966,25290,0.25857781016347736,0.4365086214336262
3394,0.3434,17,24,17,643821,32623,100983,25273,0.25838772018755546,0.43652411220118836
3395,0.3435,13,30,13,643851,32593,100996,25260,0.258150107717653,0.4366238570169222
3396,0.3436,19,30,19,643881,32563,101015,25241,0.2579124952477506,0.43666528267939936
3397,0.3437,16,27,16,643908,32536,101031,25225,0.25769864402483844,0.43671335330067
3398,0.3438,16,26,16,643934,32510,101047,25209,0.25749271321758965,0.4367539285157401
3399,0.3439,17,28,17,643962,32482,101064,25192,0.2572709415790141,0.43679994451572635
3400,0.344,15,34,15,643996,32448,101079,25177,0.257001647446458,0.4369110629067245
3401,0.3441,12,24,12,644020,32424,101091,25165,0.2568115574705361,0.4369758113528625
3402,0.3442,12,31,12,644051,32393,101103,25153,0.25656602458497024,0.43709380321829494
3403,0.3443,16,27,16,644078,32366,101119,25137,0.25635217336205807,0.4371424099612194
3404,0.3444,19,24,19,644102,32342,101138,25118,0.2561620833861361,0.4371388792203272
3405,0.3445,16,34,16,644136,32308,101154,25102,0.25589278925358006,0.4372408987981188
3406,0.3446,18,28,18,644164,32280,101172,25084,0.25567101761500444,0.4372777351649118
3407,0.3447,13,40,13,644204,32240,101185,25071,0.2553542009884679,0.4374552878156026
3408,0.3448,8,32,8,644236,32208,101193,25063,0.2551007476872386,0.43762113460564683
3409,0.3449,11,35,11,644271,32173,101204,25052,0.2548235331390191,0.43778069025775446
3410,0.345,17,36,17,644307,32137,101221,25035,0.25453839817513624,0.43788917651997483
3411,0.3451,12,34,12,644341,32103,101233,25023,0.25426910404258013,0.43803171935721036
3412,0.3452,9,28,9,644369,32075,101242,25014,0.25404733240400457,0.4381579638809578
3413,0.3453,14,24,14,644393,32051,101256,25000,0.2538572424280826,0.43820441359485374
3414,0.3454,21,31,21,644424,32020,101277,24979,0.25361170954251677,0.43823575852207935
3415,0.3455,21,29,21,644453,31991,101298,24958,0.25338201748827777,0.43825176912676256
3416,0.3456,18,32,18,644485,31959,101316,24940,0.25312856418704854,0.43832053287404
3417,0.3457,12,24,12,644509,31935,101328,24928,0.2529384742111266,0.4383870003341364
3418,0.3458,9,28,9,644537,31907,101337,24919,0.252716702572551,0.43851406046527996
3419,0.3459,6,25,6,644562,31882,101343,24913,0.2525186921809657,0.4386477682894621
3420,0.346,19,32,19,644594,31850,101362,24894,0.2522652388797364,0.4387071760891019
3421,0.3461,18,28,18,644622,31822,101380,24876,0.25204346724116083,0.43874563476665845
3422,0.3462,12,25,12,644647,31797,101392,24864,0.2518454568495755,0.43882035262349767
3423,0.3463,11,32,11,644679,31765,101403,24853,0.2515920035483462,0.43895934155215655
3424,0.3464,10,23,10,644702,31742,101413,24843,0.2514098339880877,0.4390386144738005
3425,0.3465,13,19,13,644721,31723,101426,24830,0.25125934609048284,0.43905716761268193
3426,0.3466,11,35,11,644756,31688,101437,24819,0.25098213154226334,0.43921991965597185
3427,0.3467,12,24,12,644780,31664,101449,24807,0.2507920415663414,0.43928742186254893
3428,0.3468,12,26,12,644806,31638,101461,24795,0.25058611075909265,0.43937058104300675
3429,0.3469,15,27,15,644833,31611,101476,24780,0.2503722595361805,0.4394318242272703
3430,0.347,22,31,22,644864,31580,101498,24758,0.25012672665061464,0.4394547197273599
3431,0.3471,18,24,18,644888,31556,101516,24740,0.24993663667469268,0.4394628392781015
3432,0.3472,9,32,9,644920,31524,101525,24731,0.24968318337346343,0.4396231446093681
3433,0.3473,25,26,25,644946,31498,101550,24706,0.24947725256621467,0.439577254287951
3434,0.3474,20,46,20,644992,31452,101570,24686,0.24911291344569764,0.4397377890199152
3435,0.3475,21,18,21,645010,31434,101591,24665,0.24897034596375617,0.43966915631294673
3436,0.3476,19,29,19,645039,31405,101610,24646,0.24874065390951716,0.4397066956878557
3437,0.3477,13,20,13,645059,31385,101623,24633,0.2485822455962489,0.43973365703880896
3438,0.3478,17,34,17,645093,31351,101640,24616,0.2483129514636928,0.4398306144692408
3439,0.3479,15,32,15,645125,31319,101655,24601,0.24805949816246356,0.43993204577968525
3440,0.348,19,32,19,645157,31287,101674,24582,0.2478060448612343,0.43999355635504483
3441,0.3481,14,28,14,645185,31259,101688,24568,0.24758427322265872,0.4400737994160532
3442,0.3482,21,17,21,645202,31242,101709,24547,0.2474496261563807,0.4399971320511212
3443,0.3483,15,25,15,645227,31217,101724,24532,0.24725161576479535,0.44004376760121255
3444,0.3484,17,22,17,645249,31195,101741,24515,0.24707736662020022,0.4400466702566864
3445,0.3485,14,33,14,645282,31162,101755,24501,0.24681599290330758,0.44016671756822306
3446,0.3486,21,27,21,645309,31135,101776,24480,0.24660214168039538,0.44016901914951
3447,0.3487,7,19,7,645328,31116,101783,24473,0.24645165378279052,0.44024897011998776
3448,0.3488,17,23,17,645351,31093,101800,24456,0.246269484222532,0.44025995067417956
3449,0.3489,20,29,20,645380,31064,101820,24436,0.246039792168293,0.4402882882882883
3450,0.349,17,23,17,645403,31041,101837,24419,0.24585762260803448,0.440299314821493
3451,0.3491,18,32,18,645435,31009,101855,24401,0.24560416930680523,0.44037177404800576
3452,0.3492,22,31,22,645466,30978,101877,24379,0.2453586364212394,0.4403959752154199
3453,0.3493,16,25,16,645491,30953,101893,24363,0.24516062602965405,0.4404331477330248
3454,0.3494,11,27,11,645518,30926,101904,24352,0.24494677480674185,0.44053692246463333
3455,0.3495,13,33,13,645551,30893,101917,24339,0.2446854010898492,0.44066845307068364
3456,0.3496,8,26,8,645577,30867,101925,24331,0.24447947028260042,0.4407949563389978
3457,0.3497,14,19,14,645596,30848,101939,24317,0.24432898238499556,0.4408048581528143
3458,0.3498,16,19,16,645615,30829,101955,24301,0.2441784944873907,0.4407944857609287
3459,0.3499,18,27,18,645642,30802,101973,24283,0.24396464326447853,0.4408278115639466
3460,0.35,10,30,10,645672,30772,101983,24273,0.2437270307945761,0.44096648196929783
3461,0.3501,13,20,13,645692,30752,101996,24260,0.2435686224813078,0.44099469206718533
3462,0.3502,15,26,15,645718,30726,102011,24245,0.24336269167405905,0.4410507358425352
3463,0.3503,11,26,11,645744,30700,102022,24234,0.2431567608668103,0.44114755888884843
3464,0.3504,16,36,16,645780,30664,102038,24218,0.24287162590292738,0.44127400604934225
3465,0.3505,9,32,9,645812,30632,102047,24209,0.24261817260169813,0.44143979869076055
3466,0.3506,12,23,12,645835,30609,102059,24197,0.2424360030414396,0.4415027551727913
3467,0.3507,4,30,4,645865,30579,102063,24193,0.2421983905715372,0.44170379025779594
3468,0.3508,13,35,13,645900,30544,102076,24180,0.2419211760233177,0.44185366566771433
3469,0.3509,13,18,13,645918,30526,102089,24167,0.24177860854137626,0.44186641800596055
3470,0.351,9,22,9,645940,30504,102098,24158,0.24160435939678115,0.44195236178698183
3471,0.3511,16,41,16,645981,30463,102114,24142,0.24127962235458117,0.44212068491896345
3472,0.3512,14,25,14,646006,30438,102128,24128,0.24108161196299582,0.44218011215775394
3473,0.3513,14,29,14,646035,30409,102142,24114,0.24085191990875682,0.44227206866826846
3474,0.3514,15,38,15,646073,30371,102157,24099,0.24055094411354708,0.4424270240499357
3475,0.3515,14,23,14,646096,30348,102171,24085,0.24036877455328856,0.4424705601381515
3476,0.3516,14,32,14,646128,30316,102185,24071,0.2401153212520593,0.44258738301432327
3477,0.3517,18,26,18,646154,30290,102203,24053,0.23990939044481055,0.4426145041679701
3478,0.3518,8,24,8,646178,30266,102211,24045,0.23971930046888862,0.44272799248770967
3479,0.3519,14,19,14,646197,30247,102225,24031,0.23956881257128373,0.44273923136445703
3480,0.352,13,20,13,646217,30227,102238,24018,0.23941040425801546,0.4427689187943589
3481,0.3521,14,30,14,646247,30197,102252,24004,0.23917279178811304,0.442870057748012
3482,0.3522,18,16,18,646263,30181,102270,23986,0.2390460651374984,0.4428157365185445
3483,0.3523,16,28,16,646291,30153,102286,23970,0.2388242934989228,0.44288010642425585
3484,0.3524,15,25,15,646316,30128,102301,23955,0.23862628310733747,0.44293031081855666
3485,0.3525,16,24,16,646340,30104,102317,23939,0.23843619313141554,0.4429620857465352
3486,0.3526,14,32,14,646372,30072,102331,23925,0.23818273983018629,0.4430801711206178
3487,0.3527,13,31,13,646403,30041,102344,23912,0.23793720694462045,0.4432005634533761
3488,0.3528,15,28,15,646431,30013,102359,23897,0.23771543530604486,0.44327583008718235
3489,0.3529,12,20,12,646451,29993,102371,23885,0.2375570269927766,0.44331638145439695
3490,0.353,6,20,6,646471,29973,102377,23879,0.2373986186795083,0.4434190002228329
3491,0.3531,19,22,19,646493,29951,102396,23860,0.2372243695349132,0.44340376502945494
3492,0.3532,11,29,11,646522,29922,102407,23849,0.23699467748067418,0.4435290398170017
3493,0.3533,9,18,9,646540,29904,102416,23840,0.23685210999873274,0.44358440011908307
3494,0.3534,19,21,19,646561,29883,102435,23821,0.23668578126980103,0.44356100104275287
3495,0.3535,15,22,15,646583,29861,102450,23806,0.23651153212520593,0.4435873069111372
3496,0.3536,10,23,10,646606,29838,102460,23796,0.2363293625649474,0.44367378901443116
3497,0.3537,14,21,14,646627,29817,102474,23782,0.23616303383601572,0.4437023078788783
3498,0.3538,15,30,15,646657,29787,102489,23767,0.2359254213661133,0.44379504798894576
3499,0.3539,12,21,12,646678,29766,102501,23755,0.2357590926371816,0.44384447226322377
3500,0.354,16,23,16,646701,29743,102517,23739,0.23557692307692307,0.4438689652593396
3501,0.3541,18,27,18,646728,29716,102535,23721,0.2353630718540109,0.44390590789153583
3502,0.3542,17,22,17,646750,29694,102552,23704,0.2351888227094158,0.44391175699464397
3503,0.3543,18,33,18,646783,29661,102570,23686,0.23492744899252313,0.44399872532663504
3504,0.3544,16,24,16,646807,29637,102586,23670,0.2347373590166012,0.4440317406719568
3505,0.3545,20,20,20,646827,29617,102606,23650,0.2345789507033329,0.4439897122045544
3506,0.3546,20,26,20,646853,29591,102626,23630,0.23437301989608414,0.44399767009263263
3507,0.3547,14,27,14,646880,29564,102640,23616,0.23415916867317196,0.4440767205716435
3508,0.3548,11,20,11,646900,29544,102651,23605,0.2340007603599037,0.4441287700615251
3509,0.3549,18,31,18,646931,29513,102669,23587,0.23375522747433786,0.44419962335216573
3510,0.355,11,29,11,646960,29484,102680,23576,0.23352553542009885,0.44432717678100264
3511,0.3551,16,17,16,646977,29467,102696,23560,0.2333908883538208,0.4443019593791842
3512,0.3552,15,24,15,647001,29443,102711,23545,0.23320079837789887,0.4443458896353891
3513,0.3553,9,25,9,647026,29418,102720,23536,0.23300278798631352,0.4444612305019451
3514,0.3554,15,32,15,647058,29386,102735,23521,0.23274933468508427,0.44457255183624095
3515,0.3555,16,30,16,647088,29356,102751,23505,0.23251172221518185,0.4446567412648266
3516,0.3556,17,22,17,647110,29334,102768,23488,0.23233747307058675,0.444663208511605
3517,0.3557,14,24,14,647134,29310,102782,23474,0.23214738309466482,0.4447180963928463
3518,0.3558,15,30,15,647164,29280,102797,23459,0.2319097706247624,0.4448131363886308
3519,0.3559,16,18,16,647182,29262,102813,23443,0.23176720314282093,0.4447965088701262
3520,0.356,19,28,19,647210,29234,102832,23424,0.23154543150424534,0.4448326939876182
3521,0.3561,11,34,11,647244,29200,102843,23413,0.23127613737168926,0.4450040864425142
3522,0.3562,8,33,8,647277,29167,102851,23405,0.2310147636547966,0.44519896522863883
3523,0.3563,10,22,10,647299,29145,102861,23395,0.2308405145102015,0.4452797868290826
3524,0.3564,15,25,15,647324,29120,102876,23380,0.23064250411861614,0.44533333333333336
3525,0.3565,13,21,13,647345,29099,102889,23367,0.23047617538968446,0.4453741470666717
3526,0.3566,11,21,11,647366,29078,102900,23356,0.23030984666075274,0.4454361673723157
3527,0.3567,15,30,15,647396,29048,102915,23341,0.23007223419085032,0.4455324591040104
3528,0.3568,17,33,17,647429,29015,102932,23324,0.22981086047395768,0.4456332753778253
3529,0.3569,15,25,15,647454,28990,102947,23309,0.2296128500823723,0.4456872980362913
3530,0.357,11,25,11,647479,28965,102958,23298,0.22941483969078696,0.4457838241203146
3531,0.3571,10,22,10,647501,28943,102968,23288,0.22924059054619186,0.44586548218490935
3532,0.3572,13,24,13,647525,28919,102981,23275,0.22905050057026993,0.44593248266084223
3533,0.3573,9,23,9,647548,28896,102990,23266,0.22886833101001142,0.44603351098500826
3534,0.3574,15,20,15,647568,28876,103005,23251,0.22870992269674312,0.44604523567441057
3535,0.3575,11,24,11,647592,28852,103016,23240,0.2285198327208212,0.44613376334177995
3536,0.3576,11,21,11,647613,28831,103027,23229,0.2283535039918895,0.4461966961198617
3537,0.3577,13,29,13,647642,28802,103040,23216,0.2281238119376505,0.44630704756045986
3538,0.3578,12,27,12,647669,28775,103052,23204,0.22790996071473832,0.44641105061659514
3539,0.3579,8,21,8,647690,28754,103060,23196,0.2277436319858066,0.44650625601539945
3540,0.358,9,20,9,647710,28734,103069,23187,0.22758522367253833,0.4465823077367539
3541,0.3581,18,28,18,647738,28706,103087,23169,0.22736345203396274,0.4466313253012048
3542,0.3582,17,30,17,647768,28676,103104,23152,0.22712583956406032,0.4467083429806282
3543,0.3583,13,35,13,647803,28641,103117,23139,0.22684862501584083,0.4468713789107764
3544,0.3584,27,27,27,647830,28614,103144,23112,0.22663477379292865,0.44681591462707343
3545,0.3585,16,24,16,647854,28590,103160,23096,0.22644468381700672,0.446852145648725
3546,0.3586,10,32,10,647886,28558,103170,23086,0.22619123051577747,0.4470219192936256
3547,0.3587,13,32,13,647918,28526,103183,23073,0.22593777721454822,0.44715982867885035
3548,0.3588,16,28,16,647946,28498,103199,23057,0.22571600557597263,0.44723111240422847
3549,0.3589,11,27,11,647973,28471,103210,23046,0.22550215435306045,0.4473474775316886
3550,0.359,18,37,18,648010,28434,103228,23028,0.22520909897351413,0.44747580739186193
3551,0.3591,12,28,12,648038,28406,103240,23016,0.22498732733493854,0.4475905254560305
3552,0.3592,13,26,13,648064,28380,103253,23003,0.22478139652768978,0.4476772473386139
3553,0.3593,11,27,11,648091,28353,103264,22992,0.2245675453047776,0.44779433245690914
3554,0.3594,10,25,10,648116,28328,103274,22982,0.22436953491319225,0.4479048918339505
3555,0.3595,9,22,9,648138,28306,103283,22973,0.22419528576859712,0.44800015600928256
3556,0.3596,18,26,18,648164,28280,103301,22955,0.22398935496134836,0.4480335708012101
3557,0.3597,20,18,20,648182,28262,103321,22935,0.22384678747940692,0.44797546731253785
3558,0.3598,14,31,14,648213,28231,103335,22921,0.2236012545938411,0.4480958711291836
3559,0.3599,14,26,14,648239,28205,103349,22907,0.22339532378659233,0.4481726404758178
3560,0.36,16,20,16,648259,28185,103365,22891,0.22323691547332403,0.44817526822773907
3561,0.3601,17,20,17,648279,28165,103382,22874,0.22307850716005576,0.44816708791316445
3562,0.3602,7,23,7,648302,28142,103389,22867,0.22289633759979724,0.4482934384128291
3563,0.3603,19,33,19,648335,28109,103408,22848,0.22263496388290457,0.44837804423337324
3564,0.3604,11,26,11,648361,28083,103419,22837,0.2224290330756558,0.4484878240377062
3565,0.3605,10,27,10,648388,28056,103429,22827,0.22221518185274364,0.4486174164259183
3566,0.3606,13,22,13,648410,28034,103442,22814,0.22204093270814854,0.44867054751415986
3567,0.3607,17,19,17,648429,28015,103459,22797,0.22189044481054365,0.44865386129260804
3568,0.3608,10,28,10,648457,27987,103469,22787,0.22166867317196806,0.4487926891716233
3569,0.3609,18,35,18,648492,27952,103487,22769,0.22139145862374857,0.44890676445653677
3570,0.361,13,18,13,648510,27934,103500,22756,0.22124889114180712,0.4489248372460051
3571,0.3611,13,25,13,648535,27909,103513,22743,0.22105088075022178,0.4490049751243781
3572,0.3612,26,28,26,648563,27881,103539,22717,0.2208291091116462,0.44897031503221474
3573,0.3613,18,28,18,648591,27853,103557,22699,0.2206073374730706,0.4490227884158886
3574,0.3614,22,15,22,648606,27838,103579,22677,0.22048853123811937,0.4489161635157874
3575,0.3615,14,26,14,648632,27812,103593,22663,0.2202826004308706,0.44899455175829617
3576,0.3616,15,22,15,648654,27790,103608,22648,0.2201083512862755,0.4490265276180657
3577,0.3617,13,24,13,648678,27766,103621,22635,0.21991826131035358,0.449098232177933
3578,0.3618,8,26,8,648704,27740,103629,22627,0.2197123305031048,0.44924255961244464
3579,0.3619,17,30,17,648734,27710,103646,22610,0.21947471803320237,0.44932432432432434
3580,0.362,17,27,17,648761,27683,103663,22593,0.2192608668102902,0.4493794255708489
3581,0.3621,10,19,10,648780,27664,103673,22583,0.21911037891268534,0.44943976754831133
3582,0.3622,11,26,11,648806,27638,103684,22572,0.21890444810543658,0.44955188209520014
3583,0.3623,22,17,22,648823,27621,103706,22550,0.21876980103915852,0.4494628370971278
3584,0.3624,14,20,14,648843,27601,103720,22536,0.21861139272589025,0.4494884017791252
3585,0.3625,13,19,13,648862,27582,103733,22523,0.2184609048282854,0.44951601636563215
3586,0.3626,14,16,14,648878,27566,103747,22509,0.21833417817767076,0.4495057413879181
3587,0.3627,21,25,21,648903,27541,103768,22488,0.2181361677860854,0.4494992904115613
3588,0.3628,16,23,16,648926,27518,103784,22472,0.2179539982258269,0.44952990598119624
3589,0.3629,10,25,10,648951,27493,103794,22462,0.21775598783424155,0.44964468021219095
3590,0.363,11,28,11,648979,27465,103805,22451,0.21753421619566596,0.4497756230467185
3591,0.3631,13,19,13,648998,27446,103818,22438,0.21738372829806107,0.44980354422259644
3592,0.3632,11,20,11,649018,27426,103829,22427,0.2172253199847928,0.4498625960323351
3593,0.3633,17,20,17,649038,27406,103846,22410,0.21706691167152453,0.4498554681226915
3594,0.3634,18,25,18,649063,27381,103864,22392,0.21686890127993916,0.4498824663974444
3595,0.3635,17,30,17,649093,27351,103881,22375,0.21663128881003674,0.4499658126533403
3596,0.3636,14,20,14,649113,27331,103895,22361,0.21647288049676847,0.44999195041455364
3597,0.3637,18,19,18,649132,27312,103913,22343,0.2163223925991636,0.4499647568220723
3598,0.3638,11,13,11,649145,27299,103924,22332,0.21621942719553922,0.4499607100400959
3599,0.3639,10,27,10,649172,27272,103934,22322,0.21600557597262704,0.450094769528572
3600,0.364,15,28,15,649200,27244,103949,22307,0.21578380433405145,0.4501826401081714
3601,0.3641,10,29,10,649229,27215,103959,22297,0.21555411227981244,0.4503352722572306
3602,0.3642,17,22,17,649251,27193,103976,22280,0.21537986313521734,0.45034665373031757
3603,0.3643,10,30,10,649281,27163,103986,22270,0.21514225066531492,0.4505087694455121
3604,0.3644,19,29,19,649310,27134,104005,22251,0.21491255861107592,0.4505619115115926
3605,0.3645,15,35,15,649345,27099,104020,22236,0.21463534406285642,0.4507145028884159
3606,0.3646,14,21,14,649366,27078,104034,22222,0.21446901533392473,0.45075050709939146
3607,0.3647,10,21,10,649387,27057,104044,22212,0.21430268660499302,0.45083115143396457
3608,0.3648,9,27,9,649414,27030,104053,22203,0.21408883538208084,0.450978002559259
3609,0.3649,12,31,12,649445,26999,104065,22191,0.213843302496515,0.451128278105306
3610,0.365,14,29,14,649474,26970,104079,22177,0.213613610442276,0.4512381223675911
3611,0.3651,16,37,16,649511,26933,104095,22161,0.2133205550627297,0.4513993563368232
3612,0.3652,9,27,9,649538,26906,104104,22152,0.2131067038398175,0.4515471482734722
3613,0.3653,14,17,14,649555,26889,104118,22138,0.21297205677353948,0.4515471066963102
3614,0.3654,15,10,15,649565,26879,104133,22123,0.21289285261690533,0.4514713685155708
3615,0.3655,10,20,10,649585,26859,104143,22113,0.21273444430363705,0.45154373927958835
3616,0.3656,8,26,8,649611,26833,104151,22105,0.2125285134963883,0.45169398013813394
3617,0.3657,12,17,12,649628,26816,104163,22093,0.21239386643011024,0.4517164530045595
3618,0.3658,20,23,20,649651,26793,104183,22073,0.21221169686985172,0.45170466172799084
3619,0.3659,19,23,19,649674,26770,104202,22054,0.2120295273095932,0.4517040799606751
3620,0.366,19,22,19,649696,26748,104221,22035,0.2118552781649981,0.45169423774675604
3621,0.3661,12,23,12,649719,26725,104233,22023,0.2116731086047396,0.45177238040534995
3622,0.3662,20,25,20,649744,26700,104253,22003,0.21147509821315422,0.45177915118165207
3623,0.3663,16,24,16,649768,26676,104269,21987,0.21128500823723229,0.45182171259478454
3624,0.3664,15,22,15,649790,26654,104284,21972,0.21111075909263718,0.45185703121786697
3625,0.3665,11,12,11,649802,26642,104295,21961,0.2110157141046762,0.4518445363454931
3626,0.3666,17,22,17,649824,26620,104312,21944,0.2108414649600811,0.45185734288773577
3627,0.3667,15,21,15,649845,26599,104327,21929,0.21067513623114942,0.45188344873062974
3628,0.3668,18,20,18,649865,26579,104345,21911,0.21051672791788112,0.4518663641988039
3629,0.3669,18,21,18,649886,26558,104363,21893,0.21035039918894943,0.451858578770304
3630,0.367,11,29,11,649915,26529,104374,21882,0.21012070713471043,0.4520047096734213
3631,0.3671,13,31,13,649946,26498,104387,21869,0.2098751742491446,0.45214712510596067
3632,0.3672,13,26,13,649972,26472,104400,21856,0.20966924344189583,0.4522430061248138
3633,0.3673,12,36,12,650008,26436,104412,21844,0.20938410847801292,0.45244407622203814
3634,0.3674,10,36,10,650044,26400,104422,21834,0.20909897351413,0.45266824231869635
3635,0.3675,10,27,10,650071,26373,104432,21824,0.20888512229121783,0.45280826607465197
3636,0.3676,12,15,12,650086,26358,104444,21812,0.20876631605626664,0.45281295412082206
3637,0.3677,13,23,13,650109,26335,104457,21799,0.20858414649600812,0.45288153903685546
3638,0.3678,12,13,12,650122,26322,104469,21787,0.20848118109238373,0.4528674468394687
3639,0.3679,13,35,13,650157,26287,104482,21774,0.20820396654416423,0.4530492499115707
3640,0.368,15,20,15,650177,26267,104497,21759,0.20804555823089596,0.453067088660309
3641,0.3681,11,21,11,650198,26246,104508,21748,0.20787922950196427,0.4531399758303121
3642,0.3682,14,20,14,650218,26226,104522,21734,0.20772082118869598,0.45316930775646375
3643,0.3683,9,34,9,650252,26192,104531,21725,0.2074515270561399,0.45338815034330193
3644,0.3684,15,24,15,650276,26168,104546,21710,0.20726143708021796,0.4534441706002757
3645,0.3685,11,27,11,650303,26141,104557,21699,0.2070475858573058,0.4535744147157191
3646,0.3686,11,29,11,650332,26112,104568,21688,0.20681789380306678,0.4537238493723849
3647,0.3687,17,20,17,650352,26092,104585,21671,0.2066594854897985,0.4537194062349517
3648,0.3688,11,27,11,650379,26065,104596,21660,0.20644563426688634,0.4538501833420639
3649,0.3689,13,21,13,650400,26044,104609,21647,0.20627930553795462,0.45390115535425973
3650,0.369,11,20,11,650420,26024,104620,21636,0.20612089722468635,0.4539655895929501
3651,0.3691,15,16,15,650436,26008,104635,21621,0.20599417057407174,0.4539461252598207
3652,0.3692,18,30,18,650466,25978,104653,21603,0.20575655810416932,0.45402576658750343
3653,0.3693,16,20,16,650486,25958,104669,21587,0.20559814979090102,0.45403302134819645
3654,0.3694,14,30,14,650516,25928,104683,21573,0.2053605373209986,0.4541588598134776
3655,0.3695,11,19,11,650535,25909,104694,21562,0.20521004942339374,0.4542141517979398
3656,0.3696,14,20,14,650555,25889,104708,21548,0.20505164111012547,0.4542445770179396
3657,0.3697,15,26,15,650581,25863,104723,21533,0.20484571030287668,0.4543210397501899
3658,0.3698,18,20,18,650601,25843,104741,21515,0.2046873019896084,0.4543055027661641
3659,0.3699,13,17,13,650618,25826,104754,21502,0.20455265492333038,0.4543187964841109
3660,0.37,9,22,9,650640,25804,104763,21493,0.20437840577873526,0.4544262849652198
3661,0.3701,16,26,16,650666,25778,104779,21477,0.2041724749714865,0.45449158819172575
3662,0.3702,7,28,7,650694,25750,104786,21470,0.2039507033329109,0.45468022024565863
3663,0.3703,12,26,12,650720,25724,104798,21458,0.20374477252566214,0.454792081726082
3664,0.3704,17,20,17,650740,25704,104815,21441,0.20358636421239387,0.45478841870824055
3665,0.3705,15,25,15,650765,25679,104830,21426,0.20338835382080853,0.4548561723808513
3666,0.3706,15,24,15,650789,25655,104845,21411,0.20319826384488657,0.45491437555772746
3667,0.3707,12,16,12,650805,25639,104857,21399,0.20307153719427196,0.4549300565500234
3668,0.3708,17,24,17,650829,25615,104874,21382,0.20288144721835003,0.45496521054535394
3669,0.3709,11,29,11,650858,25586,104885,21371,0.20265175516411102,0.4551185126818153
3670,0.371,12,17,12,650875,25569,104897,21359,0.20251710809783297,0.45514405046027956
3671,0.3711,17,30,17,650905,25539,104914,21342,0.20227949562793054,0.455237729570615
3672,0.3712,15,29,15,650934,25510,104929,21327,0.20204980357369154,0.4553451331212503
3673,0.3713,11,23,11,650957,25487,104940,21316,0.20186763401343302,0.4554408905412046
3674,0.3714,19,19,19,650976,25468,104959,21297,0.20171714611582817,0.45540468298941517
3675,0.3715,11,21,11,650997,25447,104970,21286,0.20155081738689645,0.45548113752594527
3676,0.3716,12,23,12,651020,25424,104982,21274,0.20136864782663794,0.455565548845775
3677,0.3717,12,18,12,651038,25406,104994,21262,0.2012260803446965,0.45560126853518473
3678,0.3718,16,23,16,651061,25383,105010,21246,0.20104391078443798,0.4556391944926977
3679,0.3719,13,22,13,651083,25361,105023,21233,0.20086966163984285,0.45570245095935097
3680,0.372,15,26,15,651109,25335,105038,21218,0.2006637308325941,0.45578158228255966
3681,0.3721,15,23,15,651132,25312,105053,21203,0.20048156127233557,0.45583145221971405
3682,0.3722,9,27,9,651159,25285,105062,21194,0.2002677100494234,0.45599087760063683
3683,0.3723,17,25,17,651184,25260,105079,21177,0.20006969965783805,0.45603721170618255
3684,0.3724,15,23,15,651207,25237,105094,21162,0.1998875300975795,0.456087415677062
3685,0.3725,8,30,8,651237,25207,105102,21154,0.1996499176276771,0.45628869092556246
3686,0.3726,15,24,15,651261,25183,105117,21139,0.19945982765175516,0.45634903501575924
3687,0.3727,11,20,11,651281,25163,105128,21128,0.19930141933848688,0.4564170141064138
3688,0.3728,16,20,16,651301,25143,105144,21112,0.1991430110252186,0.45642633228840124
3689,0.3729,14,21,14,651322,25122,105158,21098,0.1989766822962869,0.4564690610125487
3690,0.373,9,23,9,651345,25099,105167,21089,0.19879451273602838,0.4565904563956006
3691,0.3731,10,25,10,651370,25074,105177,21079,0.19859650234444304,0.45672003986739756
3692,0.3732,12,26,12,651396,25048,105189,21067,0.19839057153719428,0.4568361704434566
3693,0.3733,16,19,16,651415,25029,105205,21051,0.1982400836395894,0.4568359375
3694,0.3734,16,16,16,651431,25013,105221,21035,0.19811335698897478,0.45680594162612925
3695,0.3735,11,15,11,651446,24998,105232,21024,0.19799455075402358,0.4568249967406892
3696,0.3736,17,24,17,651470,24974,105249,21007,0.19780446077810163,0.45686261716796067
3697,0.3737,13,19,13,651489,24955,105262,20994,0.19765397288049677,0.45689786502426605
3698,0.3738,17,21,17,651510,24934,105279,20977,0.19748764415156508,0.4569057524340572
3699,0.3739,13,22,13,651532,24912,105292,20964,0.19731339500696995,0.4569709652105676
3700,0.374,19,24,19,651556,24888,105311,20945,0.19712330503104802,0.4569851417101215
3701,0.3741,12,22,12,651578,24866,105323,20933,0.19694905588645292,0.45706238127470034
3702,0.3742,12,33,12,651611,24833,105335,20921,0.19668768216956026,0.45724963937579227
3703,0.3743,11,21,11,651632,24812,105346,20910,0.19652135344062857,0.45732907571847253
3704,0.3744,12,27,12,651659,24785,105358,20898,0.1963075022177164,0.4574568220125648
3705,0.3745,12,11,12,651670,24774,105370,20886,0.19622037764541883,0.4574244415243101
3706,0.3746,21,23,21,651693,24751,105391,20865,0.19603820808516031,0.45740529638723254
3707,0.3747,16,19,16,651712,24732,105407,20849,0.19588772018755543,0.45740549790482876
3708,0.3748,16,29,16,651741,24703,105423,20833,0.19565802813331643,0.457506148981026
3709,0.3749,7,25,7,651766,24678,105430,20826,0.19546001774173108,0.4576740506329114
3710,0.375,8,23,8,651789,24655,105438,20818,0.19527784818147256,0.45781012908759044
3711,0.3751,13,22,13,651811,24633,105451,20805,0.19510359903687746,0.4578766671068269
3712,0.3752,17,20,17,651831,24613,105468,20788,0.19494519072360916,0.4578753771943349
3713,0.3753,9,30,9,651861,24583,105477,20779,0.19470757825370674,0.45807063180635776
3714,0.3754,5,22,5,651883,24561,105482,20774,0.19453332910911164,0.4582331531928973
3715,0.3755,12,26,12,651909,24535,105494,20762,0.19432739830186288,0.4583526502858909
3716,0.3756,16,21,16,651930,24514,105510,20746,0.1941610695729312,0.4583738400353513
3717,0.3757,11,31,11,651961,24483,105521,20735,0.19391553668736536,0.4585563271263656
3718,0.3758,14,19,14,651980,24464,105535,20721,0.19376504878976047,0.4585813876286378
3719,0.3759,19,26,19,652006,24438,105554,20702,0.1935591179825117,0.4586176340274701
3720,0.376,13,18,13,652024,24420,105567,20689,0.19341655050057027,0.45864461637367265
3721,0.3761,12,24,12,652048,24396,105579,20677,0.19322646052464834,0.45874470303729503
3722,0.3762,12,22,12,652070,24374,105591,20665,0.1930522113800532,0.4588245742578654
3723,0.3763,14,24,14,652094,24350,105605,20651,0.19286212140413128,0.4589009133130375
3724,0.3764,17,26,17,652120,24324,105622,20634,0.19265619059688252,0.45896169758441213
3725,0.3765,20,19,20,652139,24305,105642,20614,0.19250570269927766,0.4589149357732808
3726,0.3766,14,20,14,652159,24285,105656,20600,0.19234729438600937,0.458950651665367
3727,0.3767,20,27,20,652186,24258,105676,20580,0.1921334431630972,0.45898568178776933
3728,0.3768,12,31,12,652217,24227,105688,20568,0.19188791027753135,0.45915838821297017
3729,0.3769,14,31,14,652248,24196,105702,20554,0.19164237739196552,0.4593072625698324
3730,0.377,14,26,14,652274,24170,105716,20540,0.19143644658471676,0.4594050547975844
3731,0.3771,7,24,7,652298,24146,105723,20533,0.19124635660879483,0.45956713444795094
3732,0.3772,3,22,3,652320,24124,105726,20530,0.19107210746419973,0.4597572445917499
3733,0.3773,13,20,13,652340,24104,105739,20517,0.19091369915093145,0.45980592097891126
3734,0.3774,17,24,17,652364,24080,105756,20500,0.1907236091750095,0.4598474652310453
3735,0.3775,14,17,14,652381,24063,105770,20486,0.19058896210873147,0.4598531953579205
3736,0.3776,15,16,15,652397,24047,105785,20471,0.19046223545811683,0.459836470641089
3737,0.3777,11,20,11,652417,24027,105796,20460,0.19030382714484856,0.4599096365230292
3738,0.3778,15,21,15,652438,24006,105811,20445,0.19013749841591687,0.45994465816292096
3739,0.3779,15,20,15,652458,23986,105826,20430,0.18997909010264857,0.4599693804034582
3740,0.378,12,18,12,652476,23968,105838,20418,0.18983652262070713,0.46000991303564187
3741,0.3781,12,25,12,652501,23943,105850,20406,0.1896385122291218,0.46012311438814857
3742,0.3782,10,23,10,652524,23920,105860,20396,0.18945634266886327,0.460240093871288
3743,0.3783,23,26,23,652550,23894,105883,20373,0.1892504118616145,0.46022996814783024
3744,0.3784,7,23,7,652573,23871,105890,20366,0.18906824230135597,0.4603838415805773
3745,0.3785,12,21,12,652594,23850,105902,20354,0.18890191357242428,0.46045606732422406
3746,0.3786,13,24,13,652618,23826,105915,20341,0.18871182359650235,0.4605474675662825
3747,0.3787,13,18,13,652636,23808,105928,20328,0.18856925611456088,0.4605764002175095
3748,0.3788,13,23,13,652659,23785,105941,20315,0.18838708655430236,0.4606575963718821
3749,0.3789,11,23,11,652682,23762,105952,20304,0.18820491699404385,0.4607634003540144
3750,0.379,10,19,10,652701,23743,105962,20294,0.188054429096439,0.4608397483933965
3751,0.3791,8,26,8,652727,23717,105970,20286,0.18784849828919023,0.46101402177124284
3752,0.3792,13,17,13,652744,23700,105983,20273,0.18771385122291218,0.4610329065562959
3753,0.3793,9,20,9,652764,23680,105992,20264,0.1875554429096439,0.4611323502639723
3754,0.3794,10,26,10,652790,23654,106002,20254,0.18734951210239514,0.4612826819713947
3755,0.3795,10,24,10,652814,23630,106012,20244,0.18715942212647318,0.46141222591967906
3756,0.3796,12,26,12,652840,23604,106024,20232,0.18695349131922442,0.46153846153846156
3757,0.3797,13,26,13,652866,23578,106037,20219,0.18674756051197566,0.4616526246089915
3758,0.3798,10,18,10,652884,23560,106047,20209,0.18660499303003422,0.46171948182503597
3759,0.3799,11,17,11,652901,23543,106058,20198,0.18647034596375617,0.46176356279005965
3760,0.38,13,24,13,652925,23519,106071,20185,0.18628025598783424,0.46185703825736774
3761,0.3801,12,14,12,652939,23505,106083,20173,0.18616937016854646,0.4618572278950501
3762,0.3802,9,18,9,652957,23487,106092,20164,0.186026802686605,0.46193672539002545
3763,0.3803,14,22,14,652979,23465,106106,20150,0.18585255354200989,0.46199701937406856
3764,0.3804,11,14,11,652993,23451,106117,20139,0.18574166772272208,0.46200963523743976
3765,0.3805,19,12,19,653005,23439,106136,20120,0.18564662273476112,0.46190224752634357
3766,0.3806,22,17,22,653022,23422,106158,20098,0.18551197566848307,0.46181066176470587
3767,0.3807,11,27,11,653049,23395,106169,20087,0.1852981244455709,0.46196127133066556
3768,0.3808,12,19,12,653068,23376,106181,20075,0.18514763654796604,0.4620146832063704
3769,0.3809,12,15,12,653083,23361,106193,20063,0.1850288303130148,0.4620256079587325
3770,0.381,14,12,14,653095,23349,106207,20049,0.18493378532505386,0.46197981473800637
3771,0.3811,11,18,11,653113,23331,106218,20038,0.1847912178431124,0.46203509419170374
3772,0.3812,14,26,14,653139,23305,106232,20024,0.18458528703586363,0.4621385215444621
3773,0.3813,11,27,11,653166,23278,106243,20013,0.18437143581295146,0.4622900833891571
3774,0.3814,9,37,9,653203,23241,106252,20004,0.18407838043340516,0.4625737079431148
3775,0.3815,15,15,15,653218,23226,106267,19989,0.18395957419845393,0.4625477264838598
3776,0.3816,5,16,5,653234,23210,106272,19984,0.18383284754783932,0.46265685048849375
3777,0.3817,6,23,6,653257,23187,106278,19978,0.18365067798758078,0.4628286806440403
3778,0.3818,9,20,9,653277,23167,106287,19969,0.1834922696743125,0.4629311943620178
3779,0.3819,14,26,14,653303,23141,106301,19955,0.18328633886706375,0.4630360126229813
3780,0.382,12,21,12,653324,23120,106313,19943,0.18312001013813206,0.46311218447391034
3781,0.3821,13,18,13,653342,23102,106326,19930,0.1829774426561906,0.4631437070087377
3782,0.3822,11,15,11,653357,23087,106337,19919,0.1828586364212394,0.4631679300562712
3783,0.3823,8,29,8,653386,23058,106345,19911,0.1826289443670004,0.4633805766948265
3784,0.3824,18,27,18,653413,23031,106363,19893,0.18241509314408821,0.4634470226446743
3785,0.3825,12,16,12,653429,23015,106375,19881,0.18228836649347357,0.4634697873927639
3786,0.3826,14,22,14,653451,22993,106389,19867,0.18211411734887847,0.46353243117125525
3787,0.3827,17,13,17,653464,22980,106406,19850,0.18201115194525408,0.4634601914545879
3788,0.3828,15,22,15,653486,22958,106421,19835,0.18183690280065898,0.4635103872128619
3789,0.3829,10,20,10,653506,22938,106431,19825,0.1816784944873907,0.4636017117601665
3790,0.383,10,15,10,653521,22923,106441,19815,0.18155968825243948,0.46363891618699987
3791,0.3831,15,14,15,653535,22909,106456,19800,0.1814488024331517,0.46360251937530733
3792,0.3832,10,23,10,653558,22886,106466,19790,0.18126663287289316,0.4637266847877027
3793,0.3833,12,14,12,653572,22872,106478,19778,0.18115574705360538,0.46372801875732705
3794,0.3834,8,27,8,653599,22845,106486,19770,0.1809418958306932,0.46392115452305527
3795,0.3835,11,29,11,653628,22816,106497,19759,0.1807122037764542,0.4640986494421609
3796,0.3836,15,26,15,653654,22790,106512,19744,0.18050627296920543,0.4641933512013918
3797,0.3837,13,22,13,653676,22768,106525,19731,0.1803320238246103,0.46426974752347117
3798,0.3838,23,13,23,653689,22755,106548,19708,0.18022905842098594,0.46412170595577323
3799,0.3839,6,29,6,653718,22726,106554,19702,0.17999936636674693,0.4643631564061469
3800,0.384,10,23,10,653741,22703,106564,19692,0.17981719680648842,0.464488736879349
3801,0.3841,16,21,16,653762,22682,106580,19676,0.1796508680775567,0.4645167382784834
3802,0.3842,15,24,15,653786,22658,106595,19661,0.17946077810163477,0.4645903731184574
3803,0.3843,17,30,17,653816,22628,106612,19644,0.17922316563173235,0.46470476911430736
3804,0.3844,12,24,12,653840,22604,106624,19632,0.17903307565581042,0.4648167440098494
3805,0.3845,11,20,11,653860,22584,106635,19621,0.17887466734254215,0.4648975239900486
3806,0.3846,10,28,10,653888,22556,106645,19611,0.17865289570396656,0.46507932743614677
3807,0.3847,15,21,15,653909,22535,106660,19596,0.17848656697503484,0.4651206949751964
3808,0.3848,13,16,13,653925,22519,106673,19583,0.17835984032442023,0.46513229775307585
3809,0.3849,17,18,17,653943,22501,106690,19566,0.17821727284247876,0.46511517341383984
3810,0.385,7,22,7,653965,22479,106697,19559,0.17804302369788366,0.46526951805509303
3811,0.3851,21,15,21,653980,22464,106718,19538,0.17792421746293247,0.465168325317842
3812,0.3852,13,22,13,654002,22442,106731,19525,0.17774996831833734,0.4652465032048991
3813,0.3853,11,27,11,654029,22415,106742,19514,0.17753611709542516,0.4654058050513964
3814,0.3854,13,16,13,654045,22399,106755,19501,0.17740939044481055,0.46541766109785204
3815,0.3855,14,21,14,654066,22378,106769,19487,0.17724306171587884,0.46547235160635375
3816,0.3856,15,19,15,654085,22359,106784,19472,0.17709257381827398,0.4654920991609094
3817,0.3857,10,22,10,654107,22337,106794,19462,0.17691832467367888,0.465609225101079
3818,0.3858,15,16,15,654123,22321,106809,19447,0.17679159802306424,0.46559567132733193
3819,0.3859,12,23,12,654146,22298,106821,19435,0.17660942846280572,0.46569860781635636
3820,0.386,8,19,8,654165,22279,106829,19427,0.17645894056520087,0.4658082769865247
3821,0.3861,18,20,18,654185,22259,106847,19409,0.17630053225193257,0.4658010943649803
3822,0.3862,6,25,6,654210,22234,106853,19403,0.17610252186034722,0.4660037947018277
3823,0.3863,16,19,16,654229,22215,106869,19387,0.17595203396274237,0.4660112494591606
3824,0.3864,14,22,14,654251,22193,106883,19373,0.17577778481814726,0.46607804455564644
3825,0.3865,11,27,11,654278,22166,106894,19362,0.1755639335952351,0.4662396455403583
3826,0.3866,11,11,11,654289,22155,106905,19351,0.17547680902293752,0.46622175107213415
3827,0.3867,14,26,14,654315,22129,106919,19337,0.17527087821568876,0.46633386388848697
3828,0.3868,16,32,16,654347,22097,106935,19321,0.1750174249144595,0.46648800038630545
3829,0.3869,8,21,8,654368,22076,106943,19313,0.17485109618552783,0.46662156611660105
3830,0.387,17,21,17,654389,22055,106960,19296,0.1746847674565961,0.46663925902638387
3831,0.3871,11,20,11,654409,22035,106971,19285,0.17452635914332784,0.46672313649564373
3832,0.3872,8,23,8,654432,22012,106979,19277,0.17434418958306933,0.4668797984935455
3833,0.3873,9,14,9,654446,21998,106988,19268,0.17423330376378152,0.46692192119420345
3834,0.3874,16,18,16,654464,21980,107004,19252,0.17409073628184007,0.46691889794334496
3835,0.3875,15,23,15,654487,21957,107019,19237,0.17390856672158156,0.466985483322814
3836,0.3876,14,24,14,654511,21933,107033,19223,0.1737184767456596,0.4670764894547575
3837,0.3877,7,20,7,654531,21913,107040,19216,0.17356006843239133,0.46721291546111016
3838,0.3878,12,21,12,654552,21892,107052,19204,0.17339373970345964,0.4672960872104341
3839,0.3879,7,18,7,654570,21874,107059,19197,0.17325117222151817,0.4674100947140318
3840,0.388,15,21,15,654591,21853,107074,19182,0.1730848434925865,0.4674546119166565
3841,0.3881,16,24,16,654615,21829,107090,19166,0.17289475351666456,0.46752042932064886
3842,0.3882,16,21,16,654636,21808,107106,19150,0.17272842478773287,0.4675521265686801
3843,0.3883,12,12,12,654648,21796,107118,19138,0.1726333797997719,0.4675331020667416
3844,0.3884,15,20,15,654668,21776,107133,19123,0.17247497148650362,0.46756644416733906
3845,0.3885,9,21,9,654689,21755,107142,19114,0.1723086427575719,0.4676894467689447
3846,0.3886,10,16,10,654705,21739,107152,19104,0.1721819161069573,0.467742330387092
3847,0.3887,13,20,13,654725,21719,107165,19091,0.17202350779368902,0.4678020093114433
3848,0.3888,13,13,13,654738,21706,107178,19078,0.17192054239006463,0.4677814829344841
3849,0.3889,8,26,8,654764,21680,107186,19070,0.17171461158281587,0.46797546012269936
3850,0.389,8,23,8,654787,21657,107194,19062,0.17153244202255735,0.46813526854785237
3851,0.3891,11,28,11,654815,21629,107205,19051,0.17131067038398176,0.46831366764995086
3852,0.3892,13,19,13,654834,21610,107218,19038,0.17116018248637688,0.46836252706160203
3853,0.3893,10,25,10,654859,21585,107228,19028,0.17096217209479153,0.4685199320414646
3854,0.3894,13,21,13,654880,21564,107241,19015,0.17079584336585985,0.4685921289336849
3855,0.3895,7,14,7,654894,21550,107248,19008,0.17068495754657204,0.46866216282854184
3856,0.3896,12,17,12,654911,21533,107260,18996,0.170550310480294,0.4687014236719386
3857,0.3897,13,19,13,654930,21514,107273,18983,0.17039982258268915,0.46875077166209844
3858,0.3898,13,21,13,654951,21493,107286,18970,0.17023349385375744,0.46882336949805997
3859,0.3899,10,27,10,654978,21466,107296,18960,0.17001964263084526,0.4690050957304705
3860,0.39,19,24,19,655002,21442,107315,18941,0.16982955265492333,0.4690339994552163
3861,0.3901,9,19,9,655021,21423,107324,18932,0.16967906475731848,0.4691364143228844
3862,0.3902,11,23,11,655044,21400,107335,18921,0.16949689519705993,0.46925919496044244
3863,0.3903,9,18,9,655062,21382,107344,18912,0.1693543277151185,0.4693502754752569
3864,0.3904,8,20,8,655082,21362,107352,18904,0.16919591940185022,0.4694779714895942
3865,0.3905,9,20,9,655102,21342,107361,18895,0.16903751108858192,0.4695926634689465
3866,0.3906,12,25,12,655127,21317,107373,18883,0.16883950069699658,0.469726368159204
3867,0.3907,20,26,20,655153,21291,107393,18863,0.16863356988974781,0.46976639936245457
3868,0.3908,12,19,12,655172,21272,107405,18851,0.16848308199214296,0.46983027191386484
3869,0.3909,15,25,15,655197,21247,107420,18836,0.16828507160055758,0.4699249058204226
3870,0.391,14,18,14,655215,21229,107434,18822,0.16814250411861614,0.4699508127137899
3871,0.3911,11,25,11,655240,21204,107445,18811,0.1679444937270308,0.4700987129826315
3872,0.3912,13,24,13,655264,21180,107458,18798,0.16775440375110887,0.47020861473810593
3873,0.3913,13,24,13,655288,21156,107471,18785,0.16756431377518693,0.47031872011216547
3874,0.3914,10,16,10,655304,21140,107481,18775,0.1674375871245723,0.4703745459100589
3875,0.3915,15,22,15,655326,21118,107496,18760,0.1672633379799772,0.4704348262199709
3876,0.3916,10,19,10,655345,21099,107506,18750,0.1671128500823723,0.4705262365429496
3877,0.3917,10,27,10,655372,21072,107516,18740,0.16689899885946013,0.4707123480357681
3878,0.3918,11,18,11,655390,21054,107527,18729,0.1667564313775187,0.4707789759444989
3879,0.3919,14,18,14,655408,21036,107541,18715,0.16661386389557725,0.47080576589268197
3880,0.392,12,18,12,655426,21018,107553,18703,0.16647129641363578,0.47085924322146977
3881,0.3921,4,25,4,655451,20993,107557,18699,0.16627328602205044,0.4711024891665827
3882,0.3922,7,21,7,655472,20972,107564,18692,0.16610695729311875,0.47125857200484067
3883,0.3923,13,15,13,655487,20957,107577,18679,0.16598815105816753,0.47126349783025534
3884,0.3924,7,18,7,655505,20939,107584,18672,0.16584558357622609,0.4713842114564136
3885,0.3925,17,14,17,655519,20925,107601,18655,0.16573469775693828,0.47132390096008087
3886,0.3926,15,17,15,655536,20908,107616,18640,0.16560005069066025,0.4713259836148478
3887,0.3927,11,12,11,655548,20896,107627,18629,0.16550500570269927,0.47132194813409234
3888,0.3928,17,12,17,655560,20884,107644,18612,0.16540996071473832,0.4712375936803727
3889,0.3929,12,18,12,655578,20866,107656,18600,0.16526739323279685,0.47129174479298636
3890,0.393,8,12,8,655590,20854,107664,18592,0.1651723482448359,0.4713278912944278
3891,0.3931,18,27,18,655617,20827,107682,18574,0.16495849702192372,0.47140935509251036
3892,0.3932,22,20,22,655637,20807,107704,18552,0.16480008870865542,0.47135343885769454
3893,0.3933,15,17,15,655654,20790,107719,18537,0.1646654416423774,0.47135555725074374
3894,0.3934,7,31,7,655685,20759,107726,18530,0.16441990875681156,0.47163328158008605
3895,0.3935,16,12,16,655697,20747,107742,18514,0.16432486376885058,0.4715621099819159
3896,0.3936,9,17,9,655714,20730,107751,18505,0.16419021670257256,0.4716452147317446
3897,0.3937,13,11,13,655725,20719,107764,18492,0.164103092130275,0.47160235648159954
3898,0.3938,12,16,12,655741,20703,107776,18480,0.16397636547966038,0.4716331061940127
3899,0.3939,14,29,14,655770,20674,107790,18466,0.16374667342542137,0.4717935615738375
3900,0.394,15,21,15,655791,20653,107805,18451,0.16358034469648966,0.4718443126022913
3901,0.3941,12,15,12,655806,20638,107817,18439,0.16346153846153846,0.4718632443636922
3902,0.3942,8,19,8,655825,20619,107825,18431,0.1633110505639336,0.47198463508322663
3903,0.3943,12,12,12,655837,20607,107837,18419,0.16321600557597263,0.4719674063444883
3904,0.3944,10,16,10,655853,20591,107847,18409,0.16308927892535802,0.47202564102564104
3905,0.3945,13,16,13,655869,20575,107860,18396,0.16296255227474338,0.47204331425932106
3906,0.3946,11,33,11,655902,20542,107871,18385,0.1627011785578507,0.47229429444858323
3907,0.3947,11,14,11,655916,20528,107882,18374,0.16259029273856293,0.47231504806950797
3908,0.3948,12,13,12,655929,20515,107894,18362,0.16248732733493854,0.47231010623247677
3909,0.3949,16,20,16,655949,20495,107910,18346,0.16232891902167026,0.4723359336783296
3910,0.395,10,22,10,655971,20473,107920,18336,0.16215466987707514,0.47246772655827257
3911,0.3951,16,19,16,655990,20454,107936,18320,0.16200418197947028,0.47248155980811885
3912,0.3952,9,10,9,656000,20444,107945,18311,0.16192497782283613,0.4724809701973939
3913,0.3953,13,29,13,656029,20415,107958,18298,0.16169528576859712,0.47265776354196265
3914,0.3954,12,9,12,656038,20406,107970,18286,0.16162400202762642,0.47260415589786003
3915,0.3955,10,24,10,656062,20382,107980,18276,0.1614339120517045,0.47276113611671583
3916,0.3956,15,16,15,656078,20366,107995,18261,0.16130718540108985,0.47275221994977606
3917,0.3957,20,20,20,656098,20346,108015,18241,0.16114877708782158,0.47272397439552183
3918,0.3958,10,18,10,656116,20328,108025,18231,0.1610062096058801,0.47280790476931456
3919,0.3959,11,15,11,656131,20313,108036,18220,0.1608874033709289,0.47284146056626786
3920,0.396,8,15,8,656146,20298,108044,18212,0.1607685971359777,0.47291612568164115
3921,0.3961,16,19,16,656165,20279,108060,18196,0.16061810923837283,0.4729304743339831
3922,0.3962,15,15,15,656180,20264,108075,18181,0.1604993030034216,0.472909351020939
3923,0.3963,14,20,14,656200,20244,108089,18167,0.16034089469015333,0.47296347400484234
3924,0.3964,12,11,12,656211,20233,108101,18155,0.1602537701178558,0.4729342502865479
3925,0.3965,9,22,9,656233,20211,108110,18146,0.16007952097326067,0.4730818364314206
3926,0.3966,8,10,8,656243,20201,108118,18138,0.16000031681662655,0.4730952815670727
3927,0.3967,15,16,15,656259,20185,108133,18123,0.1598735901660119,0.4730865615537225
3928,0.3968,12,19,12,656278,20166,108145,18111,0.15972310226840705,0.4731562034642213
3929,0.3969,10,5,10,656283,20161,108155,18101,0.15968350019008998,0.4730803408081125
3930,0.397,8,22,8,656305,20139,108163,18093,0.15950925104549488,0.4732423101067169
3931,0.3971,10,13,10,656318,20126,108173,18083,0.15940628564187048,0.47326546101703787
3932,0.3972,18,20,18,656338,20106,108191,18065,0.1592478773286022,0.4732650441434597
3933,0.3973,8,18,8,656356,20088,108199,18057,0.15910530984666074,0.4733779001179709
3934,0.3974,12,26,12,656382,20062,108211,18045,0.15889937903941198,0.4735350460545307
3935,0.3975,12,17,12,656399,20045,108223,18033,0.15876473197313395,0.4735805451967015
3936,0.3976,17,10,17,656409,20035,108240,18016,0.1586855278164998,0.4734698168247878
3937,0.3977,14,26,14,656435,20009,108254,18002,0.15847959700925104,0.4735997474415301
3938,0.3978,10,15,10,656450,19994,108264,17992,0.15836079077429985,0.4736481861738535
3939,0.3979,11,22,11,656472,19972,108275,17981,0.15818654162970472,0.4737701894448397
3940,0.398,10,12,10,656484,19960,108285,17971,0.15809149664174377,0.473781339801218
3941,0.3981,8,23,8,656507,19937,108293,17963,0.15790932708148522,0.4739577836411609
3942,0.3982,8,23,8,656530,19914,108301,17955,0.1577271575212267,0.47413451635902715
3943,0.3983,10,18,10,656548,19896,108311,17945,0.15758459003928527,0.47422108295235327
3944,0.3984,11,14,11,656562,19882,108322,17934,0.15747370421999746,0.47424370636767504
3945,0.3985,12,19,12,656581,19863,108334,17922,0.1573232163223926,0.47431520444620884
3946,0.3986,9,20,9,656601,19843,108343,17913,0.15716480800912433,0.4744411484267401
3947,0.3987,10,13,10,656614,19830,108353,17903,0.15706184260549994,0.47446532213182097
3948,0.3988,11,20,11,656634,19810,108364,17892,0.15690343429223166,0.4745636836242109
3949,0.3989,9,11,9,656645,19799,108373,17883,0.1568163097199341,0.47457672098083964
3950,0.399,12,21,12,656666,19778,108385,17871,0.1566499809910024,0.474673962123828
3951,0.3991,8,16,8,656682,19762,108393,17863,0.15652325434038777,0.4747641196013289
3952,0.3992,18,24,18,656706,19738,108411,17845,0.15633316436446584,0.4748157411595668
3953,0.3993,6,19,6,656725,19719,108417,17839,0.156182676466861,0.47497204323978914
3954,0.3994,15,26,15,656751,19693,108432,17824,0.15597674565961223,0.4750912919476504
3955,0.3995,15,16,15,656767,19677,108447,17809,0.1558500190089976,0.4750840313717121
3956,0.3996,13,21,13,656788,19656,108460,17796,0.1556836902800659,0.475168215315604
3957,0.3997,9,23,9,656811,19633,108469,17787,0.15550152071980738,0.4753340459647247
3958,0.3998,12,16,12,656827,19617,108481,17775,0.15537479406919275,0.4753690629011553
3959,0.3999,16,23,16,656850,19594,108497,17759,0.15519262450893423,0.4754370465558322
3960,0.4,18,14,18,656864,19580,108515,17741,0.15508173868964642,0.4753623965059886
3961,0.4001,11,28,11,656892,19552,108526,17730,0.15485996705107083,0.4755646156322086
3962,0.4002,10,8,10,656900,19544,108536,17720,0.15479660372576354,0.4755259768140833
3963,0.4003,17,17,17,656917,19527,108553,17703,0.15466195665948548,0.4755036261079774
3964,0.4004,13,19,13,656936,19508,108566,17690,0.15451146876188063,0.47556320232270555
3965,0.4005,7,12,7,656948,19496,108573,17683,0.15441642377391965,0.47561795637322146
3966,0.4006,12,25,12,656973,19471,108585,17671,0.1542184133823343,0.47576867158472885
3967,0.4007,18,20,18,656993,19451,108603,17653,0.15406000506906603,0.4757708063820612
3968,0.4008,10,13,10,657006,19438,108613,17643,0.15395703966544164,0.4757962298751382
3969,0.4009,10,12,10,657018,19426,108623,17633,0.15386199467748068,0.47580884535470463
3970,0.401,11,19,11,657037,19407,108634,17622,0.1537115067798758,0.47589726970752655
3971,0.4011,9,20,9,657057,19387,108643,17613,0.15355309846660753,0.47602702702702704
3972,0.4012,7,18,7,657075,19369,108650,17606,0.1534105309846661,0.47615956727518594
3973,0.4013,14,18,14,657093,19351,108664,17592,0.15326796350272462,0.47619305416452373
3974,0.4014,12,21,12,657114,19330,108676,17580,0.15310163477379293,0.4762936873476023
3975,0.4015,11,20,11,657134,19310,108687,17569,0.15294322646052466,0.47639578079665934
3976,0.4016,11,17,11,657151,19293,108698,17558,0.1528085793942466,0.4764592548370465
3977,0.4017,13,19,13,657170,19274,108711,17545,0.15265809149664175,0.47652027485808957
3978,0.4018,8,15,8,657185,19259,108719,17537,0.15253928526169053,0.4766007174692901
3979,0.4019,13,17,13,657202,19242,108732,17524,0.1524046381954125,0.4766360224120111
3980,0.402,13,24,13,657226,19218,108745,17511,0.15221454821949057,0.4767622314792126
3981,0.4021,8,17,8,657243,19201,108753,17503,0.15207990115321252,0.4768690061028771
3982,0.4022,15,22,15,657265,19179,108768,17488,0.15190565200861741,0.4769411187171026
3983,0.4023,9,26,9,657291,19153,108777,17479,0.15169972120136865,0.4771511246997161
3984,0.4024,11,19,11,657310,19134,108788,17468,0.15154923330376377,0.4772416807824709
3985,0.4025,14,18,14,657328,19116,108802,17454,0.15140666582182233,0.4772764561115669
3986,0.4026,5,18,5,657346,19098,108807,17449,0.1512640983398809,0.47744000875584863
3987,0.4027,14,16,14,657362,19082,108821,17435,0.15113737168926625,0.4774488594353315
3988,0.4028,7,15,7,657377,19067,108828,17428,0.15101856545431505,0.4775448691601589
3989,0.4029,13,16,13,657393,19051,108841,17415,0.1508918388037004,0.4775681456699391
3990,0.403,12,15,12,657408,19036,108853,17403,0.15077303256874922,0.47759268915173303
3991,0.4031,14,17,14,657425,19019,108867,17389,0.15063838550247116,0.4776148099318831
3992,0.4032,6,21,6,657446,18998,108873,17383,0.15047205677353948,0.47780434842362773
3993,0.4033,10,19,10,657465,18979,108883,17373,0.15032156887593462,0.4779104313380282
3994,0.4034,11,20,11,657485,18959,108894,17362,0.15016316056266632,0.4780154731422593
3995,0.4035,11,14,11,657499,18945,108905,17351,0.15005227474337854,0.4780416574829182
3996,0.4036,11,12,11,657511,18933,108916,17340,0.14995722975541756,0.4780415184848234
3997,0.4037,18,20,18,657531,18913,108934,17322,0.1497988214421493,0.47804608803642884
3998,0.4038,13,16,13,657547,18897,108947,17309,0.14967209479153465,0.4780699331602497
3999,0.4039,15,14,15,657561,18883,108962,17294,0.14956120897224687,0.47803853276943914
4000,0.404,12,21,12,657582,18862,108974,17282,0.14939488024331518,0.47814298362107127
4001,0.4041,8,18,8,657600,18844,108982,17274,0.1492523127613737,0.4782656847001495
4002,0.4042,6,22,6,657622,18822,108988,17268,0.1490780636167786,0.4784704904405653
4003,0.4043,14,18,14,657640,18804,109002,17254,0.14893549613483717,0.47850685007487936
4004,0.4044,8,20,8,657660,18784,109010,17246,0.14877708782156887,0.47865667499306136
4005,0.4045,21,10,21,657670,18774,109031,17225,0.14869788366493475,0.4784855134864857
4006,0.4046,8,19,8,657689,18755,109039,17217,0.14854739576732987,0.478622261759146
4007,0.4047,7,15,7,657704,18740,109046,17210,0.14842858953237867,0.47872044506258693
4008,0.4048,10,16,10,657720,18724,109056,17200,0.14830186288176403,0.4787885536131834
4009,0.4049,18,21,18,657741,18703,109074,17182,0.14813553415283234,0.4788073011007385
4010,0.405,13,21,13,657762,18682,109087,17169,0.14796920542390066,0.4788987754874341
4011,0.4051,11,16,11,657778,18666,109098,17158,0.14784247877328602,0.4789526574363555
4012,0.4052,5,23,5,657801,18643,109103,17153,0.1476603092130275,0.47918761872834953
4013,0.4053,14,20,14,657821,18623,109117,17139,0.14750190089975923,0.4792517197024775
4014,0.4054,11,18,11,657839,18605,109128,17128,0.14735933341781776,0.479332829597291
4015,0.4055,10,16,10,657855,18589,109138,17118,0.14723260676720315,0.4794017979667852
4016,0.4056,17,13,17,657868,18576,109155,17101,0.14712964136357876,0.47932841886929956
4017,0.4057,15,19,15,657887,18557,109170,17086,0.1469791534659739,0.4793648121650815
4018,0.4058,15,16,15,657903,18541,109185,17071,0.14685242681535926,0.4793608895877794
4019,0.4059,11,21,11,657924,18520,109196,17060,0.14668609808642757,0.47948285553681846
4020,0.406,14,20,14,657944,18500,109210,17046,0.1465276897731593,0.47954762842513926
4021,0.4061,16,24,16,657968,18476,109226,17030,0.14633759979723737,0.4796372444093956
4022,0.4062,12,18,12,657986,18458,109238,17018,0.1461950323152959,0.4797045890179276
4023,0.4063,17,10,17,657996,18448,109255,17001,0.14611582815866175,0.47959039747242516
4024,0.4064,14,15,14,658011,18433,109269,16987,0.14599702192371056,0.47958780350084695
4025,0.4065,22,14,22,658025,18419,109291,16965,0.14588613610442275,0.4794539905041827
4026,0.4066,12,19,12,658044,18400,109303,16953,0.1457356482068179,0.47953497581534804
4027,0.4067,8,12,8,658056,18388,109311,16945,0.1456406032188569,0.47957999603769846
4028,0.4068,6,10,6,658066,18378,109317,16939,0.1455613990622228,0.4796273749185944
4029,0.4069,7,15,7,658081,18363,109324,16932,0.14544259282727157,0.47972800679983
4030,0.407,11,16,11,658097,18347,109335,16921,0.14531586617665695,0.47978337302937507
4031,0.4071,10,19,10,658116,18328,109345,16911,0.14516537827905207,0.4798944351428815
4032,0.4072,8,18,8,658134,18310,109353,16903,0.14502281079711063,0.4800215829381194
4033,0.4073,18,21,18,658155,18289,109371,16885,0.14485648206817894,0.4800420765338034
4034,0.4074,13,21,13,658176,18268,109384,16872,0.14469015333924726,0.48013659647125784
4035,0.4075,16,20,16,658196,18248,109400,16856,0.14453174502597896,0.4801731996353692
4036,0.4076,13,17,13,658213,18231,109413,16843,0.14439709795970093,0.4802132633859839
4037,0.4077,20,19,20,658232,18212,109433,16823,0.14424661006209605,0.4801769658912516
4038,0.4078,11,23,11,658255,18189,109444,16812,0.14406444050183753,0.4803291334533299
4039,0.4079,18,18,18,658273,18171,109462,16794,0.1439218730198961,0.4803088803088803
4040,0.408,12,18,12,658291,18153,109474,16782,0.14377930553795462,0.4803778445684843
4041,0.4081,15,17,15,658308,18136,109489,16767,0.1436446584716766,0.48038850528607857
4042,0.4082,13,19,13,658327,18117,109502,16754,0.14349417057407174,0.48045653981818703
4043,0.4083,16,22,16,658349,18095,109518,16738,0.1433199214294766,0.4805213447018632
4044,0.4084,13,17,13,658366,18078,109531,16725,0.14318527436319858,0.4805620205154728
4045,0.4085,14,18,14,658384,18060,109545,16711,0.14304270688125711,0.4806016508009548
4046,0.4086,8,14,8,658398,18046,109553,16703,0.14293182106196933,0.4806757028979251
4047,0.4087,15,13,15,658411,18033,109568,16688,0.14282885565834494,0.4806313182224014
4048,0.4088,14,24,14,658435,18009,109582,16674,0.142638765682423,0.4807542600121097
4049,0.4089,8,17,8,658452,17992,109590,16666,0.14250411861614498,0.4808702175543886
4050,0.409,10,18,10,658470,17974,109600,16656,0.1423615511342035,0.4809702570025989
4051,0.4091,15,20,15,658490,17954,109615,16641,0.14220314282093524,0.48102326925856337
4052,0.4092,15,12,15,658502,17942,109630,16626,0.14210809783297426,0.4809650543855589
4053,0.4093,8,15,8,658517,17927,109638,16618,0.14198929159802307,0.48105369807497467
4054,0.4094,5,14,5,658531,17913,109643,16613,0.14187840577873526,0.48117360829519784
4055,0.4095,8,11,8,658542,17902,109651,16605,0.14179128120643772,0.48120671168168777
4056,0.4096,5,17,5,658559,17885,109656,16600,0.14165663414015967,0.4813687110337828
4057,0.4097,10,22,10,658581,17863,109666,16590,0.14148238499556456,0.4815255565553072
4058,0.4098,13,23,13,658604,17840,109679,16577,0.14130021543530605,0.4816515094284801
4059,0.4099,10,21,10,658625,17819,109689,16567,0.14113388670637436,0.4817949165357995
4060,0.41,8,22,8,658647,17797,109697,16559,0.14095963756177923,0.48198276865758527
4061,0.4101,12,13,12,658660,17784,109709,16547,0.14085667215815487,0.4819842125192974
4062,0.4102,11,18,11,658678,17766,109720,16536,0.1407141046762134,0.48207101626727306
4063,0.4103,5,16,5,658694,17750,109725,16531,0.14058737802559879,0.48222047198156415
4064,0.4104,6,23,6,658717,17727,109731,16525,0.14040520846534027,0.48245357935303046
4065,0.4105,14,10,14,658727,17717,109745,16511,0.14032600430870612,0.4823828444548323
4066,0.4106,18,11,18,658738,17706,109763,16493,0.14023887973640856,0.4822655633205649
4067,0.4107,9,20,9,658758,17686,109772,16484,0.14008047142314028,0.4824114720515072
4068,0.4108,18,20,18,658778,17666,109790,16466,0.139922063109872,0.48242118832766906
4069,0.4109,10,11,10,658789,17655,109800,16456,0.13983493853757445,0.4824250241857465
4070,0.411,6,16,6,658805,17639,109806,16450,0.13970821188695984,0.48256035671330927
4071,0.4111,10,11,10,658816,17628,109816,16440,0.13962108731466227,0.48256428319830924
4072,0.4112,10,11,10,658827,17617,109826,16430,0.1395339627423647,0.4825682145269774
4073,0.4113,10,21,10,658848,17596,109836,16420,0.13936763401343302,0.4827140169332079
4074,0.4114,13,19,13,658867,17577,109849,16407,0.13921714611582817,0.4827860169491525
4075,0.4115,6,18,6,658885,17559,109855,16401,0.1390745786338867,0.48295053003533567
4076,0.4116,13,14,13,658899,17545,109868,16388,0.13896369281459892,0.4829516989361389
4077,0.4117,9,19,9,658918,17526,109877,16379,0.13881320491699403,0.4830850906945878
4078,0.4118,10,21,10,658939,17505,109887,16369,0.13864687618806235,0.483231977327744
4079,0.4119,13,16,13,658955,17489,109900,16356,0.13852014953744773,0.4832619293839563
4080,0.412,3,12,3,658967,17477,109903,16353,0.13842510454948675,0.4833875258646172
4081,0.4121,12,20,12,658987,17457,109915,16341,0.13826669623621848,0.4834901473459968
4082,0.4122,18,23,18,659010,17434,109933,16323,0.13808452667595997,0.4835441538051367
4083,0.4123,14,17,14,659027,17417,109947,16309,0.1379498796096819,0.48357350412144934
4084,0.4124,15,17,15,659044,17400,109962,16294,0.1378152325434039,0.48358758235887694
4085,0.4125,14,18,14,659062,17382,109976,16280,0.13767266506146242,0.48363139445071596
4086,0.4126,12,17,12,659079,17365,109988,16268,0.1375380179951844,0.4836916124044837
4087,0.4127,14,19,14,659098,17346,110002,16254,0.1373875300975795,0.48375
4088,0.4128,8,10,8,659108,17336,110010,16246,0.13730832594094539,0.4837710678339587
4089,0.4129,9,9,9,659117,17327,110019,16237,0.13723704219997465,0.48376236443808845
4090,0.413,12,19,12,659136,17308,110031,16225,0.1370865543023698,0.4838517281483911
4091,0.4131,15,23,15,659159,17285,110046,16210,0.13690438474211128,0.483952828780415
4092,0.4132,5,14,5,659173,17271,110051,16205,0.13679349892282347,0.4840781455371012
4093,0.4133,13,15,13,659188,17256,110064,16192,0.13667469268787225,0.48409471418320976
4094,0.4134,5,15,5,659203,17241,110069,16187,0.13655588645292105,0.48423477324398706
4095,0.4135,15,13,15,659216,17228,110084,16172,0.13645292104929665,0.48419161676646705
4096,0.4136,6,19,6,659235,17209,110090,16166,0.1363024331516918,0.484374531835206
4097,0.4137,22,15,22,659250,17194,110112,16144,0.1361836269167406,0.4842522046913432
4098,0.4138,5,13,5,659263,17181,110117,16139,0.1360806615131162,0.48436374549819927
4099,0.4139,15,10,15,659273,17171,110132,16124,0.13600145735648206,0.48427691845622467
4100,0.414,8,12,8,659285,17159,110140,16116,0.1359064123685211,0.4843275732531931
4101,0.4141,9,14,9,659299,17145,110149,16107,0.1357955265492333,0.48439191627571276
4102,0.4142,10,12,10,659311,17133,110159,16097,0.13570048156127235,0.48441167619620823
4103,0.4143,15,15,15,659326,17118,110174,16082,0.13558167532632112,0.4843975903614458
4104,0.4144,9,21,9,659347,17097,110183,16073,0.13541534659738944,0.48456436539041303
4105,0.4145,10,16,10,659363,17081,110193,16063,0.1352886199467748,0.48464277093893315
4106,0.4146,7,11,7,659374,17070,110200,16056,0.13520149537447726,0.4846948016663648
4107,0.4147,9,18,9,659392,17052,110209,16047,0.1350589278925358,0.4848182724553612
4108,0.4148,8,21,8,659413,17031,110217,16039,0.1348925991636041,0.4850015119443605
4109,0.4149,12,12,12,659425,17019,110229,16027,0.13479755417564313,0.4849906191369606
4110,0.415,9,27,9,659452,16992,110238,16018,0.13458370295273095,0.4852468948803393
4111,0.4151,6,14,6,659466,16978,110244,16012,0.13447281713344317,0.48535919975750225
4112,0.4152,13,13,13,659479,16965,110257,15999,0.13436985172981877,0.48534765198398255
4113,0.4153,10,24,10,659503,16941,110267,15989,0.13417976175389684,0.4855450956574552
4114,0.4154,13,14,13,659517,16927,110280,15976,0.13406887593460906,0.48554843023432515
4115,0.4155,14,18,14,659535,16909,110294,15962,0.1339263084526676,0.485595205500289
4116,0.4156,6,13,6,659548,16896,110300,15956,0.13382334304904323,0.48569341288201634
4117,0.4157,9,11,9,659559,16885,110309,15947,0.13373621847674566,0.4857151559454191
4118,0.4158,9,10,9,659569,16875,110318,15938,0.1336570143201115,0.4857221223295645
4119,0.4159,14,18,14,659587,16857,110332,15924,0.13351444683817007,0.48576919557060494
4120,0.416,11,23,11,659610,16834,110343,15913,0.13333227727791155,0.4859376431428833
4121,0.4161,15,18,15,659628,16816,110358,15898,0.13318970979597008,0.48596930977563124
4122,0.4162,14,19,14,659647,16797,110372,15884,0.13303922189836523,0.4860316391787277
4123,0.4163,13,6,13,659653,16791,110385,15871,0.13299169940438474,0.4859163553977099
4124,0.4164,9,20,9,659673,16771,110394,15862,0.13283329109111647,0.4860723807189042
4125,0.4165,14,20,14,659693,16751,110408,15848,0.13267488277784817,0.48614988189821773
4126,0.4166,10,19,10,659712,16732,110418,15838,0.1325243948802433,0.48627571384709856
4127,0.4167,6,16,6,659728,16716,110424,15832,0.1323976682296287,0.48642005653189135
4128,0.4168,15,19,15,659747,16697,110439,15817,0.13224718033202382,0.48646736790305717
4129,0.4169,12,11,12,659758,16686,110451,15805,0.13216005575972628,0.48644239943368933
4130,0.417,16,17,16,659775,16669,110467,15789,0.13202540869344823,0.4864440199642615
4131,0.4171,12,16,12,659791,16653,110479,15777,0.13189868204283361,0.4864939870490287
4132,0.4172,13,18,13,659809,16635,110492,15764,0.13175611456089215,0.48655822710577484
4133,0.4173,11,12,11,659821,16623,110503,15753,0.1316610695729312,0.48656412157153445
4134,0.4174,14,14,14,659835,16609,110517,15739,0.13155018375364338,0.4865524916532707
4135,0.4175,9,22,9,659857,16587,110526,15730,0.13137593460904828,0.48674072469598045
4136,0.4176,14,26,14,659883,16561,110540,15716,0.13117000380179952,0.4869101837221551
4137,0.4177,16,6,16,659889,16555,110556,15700,0.13112248130781903,0.4867462408928848
4138,0.4178,11,13,11,659902,16542,110567,15689,0.13101951590419464,0.48676739784679346
4139,0.4179,12,6,12,659908,16536,110579,15677,0.13097199341021418,0.4866668736224506
4140,0.418,18,20,18,659928,16516,110597,15659,0.13081358509694588,0.4866822066822067
4141,0.4181,9,19,9,659947,16497,110606,15650,0.13066309719934102,0.4868261424083118
4142,0.4182,13,15,13,659962,16482,110619,15637,0.1305442909643898,0.48684579221021823
4143,0.4183,12,19,12,659981,16463,110631,15625,0.13039380306678494,0.48694215906257793
4144,0.4184,13,9,13,659990,16454,110644,15612,0.1303225193258142,0.48687082891536204
4145,0.4185,17,18,17,660008,16436,110661,15595,0.13017995184387277,0.4868720926602354
4146,0.4186,13,15,13,660023,16421,110674,15582,0.13006114560892157,0.48689185388869793
4147,0.4187,16,8,16,660031,16413,110690,15566,0.12999778228361425,0.48675693423809374
4148,0.4188,7,13,7,660044,16400,110697,15559,0.12989481687998986,0.4868425169748741
4149,0.4189,9,11,9,660055,16389,110706,15550,0.12980769230769232,0.4868655875262219
4150,0.419,15,29,15,660084,16360,110721,15535,0.1295780002534533,0.4870669383915974
4151,0.4191,9,14,9,660098,16346,110730,15526,0.1294671144341655,0.4871360441767068
4152,0.4192,15,13,15,660111,16333,110745,15511,0.1293641490305411,0.4870933299836704
4153,0.4193,9,11,9,660122,16322,110754,15502,0.12927702445824357,0.4871166415284062
4154,0.4194,7,11,7,660133,16311,110761,15495,0.129189899885946,0.4871722316544048
4155,0.4195,9,18,9,660151,16293,110770,15486,0.12904733240400457,0.48730293590106677
4156,0.4196,8,15,8,660166,16278,110778,15478,0.12892852616905334,0.4874039551580804
4157,0.4197,15,13,15,660179,16265,110793,15463,0.12882556076542898,0.4873613212304589
4158,0.4198,8,14,8,660193,16251,110801,15455,0.12871467494614117,0.4874471708824828
4159,0.4199,10,12,10,660205,16239,110811,15445,0.12861962995818021,0.48747001641206916
4160,0.42,7,14,7,660219,16225,110818,15438,0.1285087441388924,0.48757224520733977
4161,0.4201,13,10,13,660229,16215,110831,15425,0.12842953998225826,0.48751580278128953
4162,0.4202,11,20,11,660249,16195,110842,15414,0.12827113166898998,0.48764592362934606
4163,0.4203,11,14,11,660263,16181,110853,15403,0.1281602458497022,0.4876836372847011
4164,0.4204,12,18,12,660281,16163,110865,15391,0.12801767836776073,0.48776700259871963
4165,0.4205,7,21,7,660302,16142,110872,15384,0.12785134963882905,0.48797817674300575
4166,0.4206,9,10,9,660312,16132,110881,15375,0.1277721454821949,0.4879867965848859
4167,0.4207,14,16,14,660328,16116,110895,15361,0.1276454188315803,0.4880071163071449
4168,0.4208,17,19,17,660347,16097,110912,15344,0.1274949309339754,0.48802519003848477
4169,0.4209,15,17,15,660364,16080,110927,15329,0.12736028386769738,0.4880448279155656
4170,0.421,6,9,6,660373,16071,110933,15323,0.12728900012672664,0.4880868955851437
4171,0.4211,13,10,13,660383,16061,110946,15310,0.12720979597009252,0.48803034649835836
4172,0.4212,16,11,16,660394,16050,110962,15294,0.12712267139779496,0.48794027565084225
4173,0.4213,6,11,6,660405,16039,110968,15288,0.1270355468254974,0.48801353465062086
4174,0.4214,15,18,15,660423,16021,110983,15273,0.12689297934355595,0.4880488272512303
4175,0.4215,6,10,6,660433,16011,110989,15267,0.1268137751869218,0.4881066564358335
4176,0.4216,13,14,13,660447,15997,111002,15254,0.12670288936763402,0.4881123804038271
4177,0.4217,7,20,7,660467,15977,111009,15247,0.12654448105436572,0.4883102741480912
4178,0.4218,11,16,11,660483,15961,111020,15236,0.1264177544037511,0.4883802929768888
4179,0.4219,16,13,16,660496,15948,111036,15220,0.12631478900012671,0.4883213552361396
4180,0.422,9,12,9,660508,15936,111045,15211,0.12621974401216576,0.4883616399653257
4181,0.4221,8,15,8,660523,15921,111053,15203,0.12610093777721454,0.4884654928672407
4182,0.4222,7,14,7,660537,15907,111060,15196,0.12599005195792676,0.48857023438253544
4183,0.4223,9,15,9,660552,15892,111069,15187,0.12587124572297553,0.48865793622703435
4184,0.4224,8,17,8,660569,15875,111077,15179,0.1257365986566975,0.48879371417530754
4185,0.4225,10,20,10,660589,15855,111087,15169,0.12557819034342924,0.48894404332129965
4186,0.4226,5,12,5,660601,15843,111092,15164,0.12548314535546826,0.4890508594833425
4187,0.4227,14,15,14,660616,15828,111106,15150,0.12536433912051703,0.48905674995157855
4188,0.4228,11,11,11,660627,15817,111117,15139,0.1252772145482195,0.4890489727354955
4189,0.4229,10,20,10,660647,15797,111127,15129,0.1251188062349512,0.4892000258682015
4190,0.423,11,15,11,660662,15782,111138,15118,0.125,0.4892556634304207
4191,0.4231,7,14,7,660676,15768,111145,15111,0.1248891141807122,0.48936170212765956
4192,0.4232,15,18,15,660694,15750,111160,15096,0.12474654669877075,0.48939894962069636
4193,0.4233,16,16,16,660710,15734,111176,15080,0.12461982004815612,0.48938794054650486
4194,0.4234,12,15,12,660725,15719,111188,15068,0.12450101381320491,0.48942735570208207
4195,0.4235,3,11,3,660736,15708,111191,15065,0.12441388924090736,0.48955252981509767
4196,0.4236,8,8,8,660744,15700,111199,15057,0.12435052591560006,0.4895470949702507
4197,0.4237,4,19,4,660763,15681,111203,15053,0.12420003801799519,0.48978330188065333
4198,0.4238,13,16,13,660779,15665,111216,15040,0.12407331136738056,0.48982250447809805
4199,0.4239,10,14,10,660793,15651,111226,15030,0.12396242554809277,0.48987973012613667
4200,0.424,9,16,9,660809,15635,111235,15021,0.12383569889747814,0.4899856471816284
4201,0.4241,10,14,10,660823,15621,111245,15011,0.12372481307819035,0.49004309219117265
4202,0.4242,9,22,9,660845,15599,111254,15002,0.12355056393359523,0.4902454168164439
4203,0.4243,11,12,11,660857,15587,111265,14991,0.12345551894563427,0.49025443129047025
4204,0.4244,8,15,8,660872,15572,111273,14983,0.12333671271068306,0.4903616429389625
4205,0.4245,7,16,7,660888,15556,111280,14976,0.12320998606006843,0.490501768636185
4206,0.4246,13,10,13,660898,15546,111293,14963,0.1231307819034343,0.49044544232849324
4207,0.4247,16,19,16,660917,15527,111309,14947,0.12298029400582942,0.4904836910152917
4208,0.4248,14,16,14,660933,15511,111323,14933,0.1228535673552148,0.4905071606884772
4209,0.4249,15,14,15,660947,15497,111338,14918,0.122742681535927,0.4904816702285057
4210,0.425,10,14,10,660961,15483,111348,14908,0.12263179571663921,0.49053996248889475
4211,0.4251,13,12,13,660973,15471,111361,14895,0.12253675072867824,0.490515708358032
4212,0.4252,7,13,7,660986,15458,111368,14888,0.12243378532505386,0.4906083174059184
4213,0.4253,11,17,11,661003,15441,111379,14877,0.12229913825877582,0.4906985948941223
4214,0.4254,16,22,16,661025,15419,111395,14861,0.1221248891141807,0.49078599735799205
4215,0.4255,17,10,17,661035,15409,111412,14844,0.12204568495754657,0.4906620830991968
4216,0.4256,13,16,13,661051,15393,111425,14831,0.12191895830693195,0.4907027527792483
4217,0.4257,12,16,12,661067,15377,111437,14819,0.12179223165631732,0.49076036561133923
4218,0.4258,11,9,11,661076,15368,111448,14808,0.1217209479153466,0.49072110286320253
4219,0.4259,8,14,8,661090,15354,111456,14800,0.1216100620960588,0.4908138223784573
4220,0.426,11,18,11,661108,15336,111467,14789,0.12146749461411735,0.49092116182572615
4221,0.4261,7,20,7,661128,15316,111474,14782,0.12130908630084906,0.49112897866967903
4222,0.4262,10,15,10,661143,15301,111484,14772,0.12119028006589785,0.49120473514448176
4223,0.4263,10,16,10,661159,15285,111494,14762,0.12106355341528323,0.4912969680833361
4224,0.4264,10,16,10,661175,15269,111504,14752,0.1209368267646686,0.49138936078078677
4225,0.4265,11,21,11,661196,15248,111515,14741,0.12077049803573692,0.4915469005301944
4226,0.4266,13,19,13,661215,15229,111528,14728,0.12062001013813205,0.491638014487432
4227,0.4267,9,20,9,661235,15209,111537,14719,0.12046160182486376,0.49181368618016574
4228,0.4268,11,18,11,661253,15191,111548,14708,0.12031903434292232,0.49192280678283556
4229,0.4269,6,8,6,661261,15183,111554,14702,0.120255671017615,0.4919524845240087
4230,0.427,9,15,9,661276,15168,111563,14693,0.12013686478266379,0.4920464820334215
4231,0.4271,12,16,12,661292,15152,111575,14681,0.12001013813204917,0.49210605705091676
4232,0.4272,12,16,12,661308,15136,111587,14669,0.11988341148143454,0.4921657440026841
4233,0.4273,13,14,13,661322,15122,111600,14656,0.11977252566214674,0.4921754315266304
4234,0.4274,16,21,16,661343,15101,111616,14640,0.11960619693321506,0.4922497562287751
4235,0.4275,18,17,18,661360,15084,111634,14622,0.11947154986693702,0.49222379317309634
4236,0.4276,7,12,7,661372,15072,111641,14615,0.11937650487897605,0.4923030282615286
4237,0.4277,8,13,8,661385,15059,111649,14607,0.11927353947535167,0.4923818512775568
4238,0.4278,12,11,12,661396,15048,111661,14595,0.11918641490305411,0.49235907296832304
4239,0.4279,11,15,11,661411,15033,111672,14584,0.1190676086681029,0.4924198939798089
4240,0.428,9,21,9,661432,15012,111681,14575,0.11890127993917121,0.4926149998310069
4241,0.4281,14,10,14,661442,15002,111695,14561,0.11882207578253706,0.49254135236613333
4242,0.4282,5,12,5,661454,14990,111700,14556,0.1187270307945761,0.4926555202057808
4243,0.4283,6,11,6,661465,14979,111706,14550,0.11863990622227855,0.4927359544854211
4244,0.4284,12,11,12,661476,14968,111718,14538,0.118552781649981,0.4927133464380126
4245,0.4285,9,20,9,661496,14948,111727,14529,0.11839437333671271,0.4928927638497812
4246,0.4286,10,13,10,661509,14935,111737,14519,0.11829140793308833,0.49293814082976845
4247,0.4287,4,15,4,661524,14920,111741,14515,0.11817260169813712,0.4931204348564634
4248,0.4288,10,10,10,661534,14910,111751,14505,0.11809339754150298,0.49311575726670065
4249,0.4289,16,15,16,661549,14895,111767,14489,0.11797459130655177,0.49309147835556766
4250,0.429,9,21,9,661570,14874,111776,14480,0.11780826257762007,0.49328881924098933
4251,0.4291,8,13,8,661583,14861,111784,14472,0.1177052971739957,0.49336924283230493
4252,0.4292,6,9,6,661592,14852,111790,14466,0.11763401343302496,0.49341701343884303
4253,0.4293,14,13,14,661605,14839,111804,14452,0.11753104802940058,0.4933938752517838
4254,0.4294,8,11,8,661616,14828,111812,14444,0.11744392345710303,0.4934408308280951
4255,0.4295,11,13,11,661629,14815,111823,14433,0.11734095805347865,0.4934696389496718
4256,0.4296,16,13,16,661642,14802,111839,14417,0.11723799264985427,0.4934118210753277
4257,0.4297,18,12,18,661654,14790,111857,14399,0.1171429476618933,0.49330227140361094
4258,0.4298,5,12,5,661666,14778,111862,14394,0.11704790267393232,0.4934183463595228
4259,0.4299,8,21,8,661687,14757,111870,14386,0.11688157394500064,0.49363483512335726
4260,0.43,8,12,8,661699,14745,111878,14378,0.11678652895703967,0.49369913813824123
4261,0.4301,13,11,13,661710,14734,111891,14365,0.1166994043847421,0.49365957593044435
4262,0.4302,10,16,10,661726,14718,111901,14355,0.11657267773412748,0.49375709421112374
4263,0.4303,6,13,6,661739,14705,111907,14349,0.1164697123305031,0.49387347697391065
4264,0.4304,8,14,8,661753,14691,111915,14341,0.1163588265112153,0.493972168641499
4265,0.4305,5,18,5,661771,14673,111920,14336,0.11621625902927385,0.4941914578234341
4266,0.4306,6,9,6,661780,14664,111926,14330,0.11614497528830313,0.49424018762502586
4267,0.4307,11,12,11,661792,14652,111937,14319,0.11604993030034216,0.4942528735632184
4268,0.4308,10,7,10,661799,14645,111947,14309,0.11599448739069826,0.4941976928921738
4269,0.4309,10,15,10,661814,14630,111957,14299,0.11587568115574705,0.49427909709979606
4270,0.431,12,13,12,661827,14617,111969,14287,0.11577271575212267,0.494291447550512
4271,0.4311,7,14,7,661841,14603,111976,14280,0.11566182993283487,0.49440847557386697
4272,0.4312,4,13,4,661854,14590,111980,14276,0.11555886452921049,0.4945610753135176
4273,0.4313,9,14,9,661868,14576,111989,14267,0.1154479787099227,0.4946434143466352
4274,0.4314,7,14,7,661882,14562,111996,14260,0.1153370928906349,0.494760946499202
4275,0.4315,11,11,11,661893,14551,112007,14249,0.11524996831833735,0.49475694444444446
4276,0.4316,9,12,9,661905,14539,112016,14240,0.11515492333037637,0.4948052399318948
4277,0.4317,10,8,10,661913,14531,112026,14230,0.11509156000506907,0.4947672194986266
4278,0.4318,7,7,7,661920,14524,112033,14223,0.11503611709542516,0.4947646710961144
4279,0.4319,9,12,9,661932,14512,112042,14214,0.1149410721074642,0.49481306133816055
4280,0.432,7,16,7,661948,14496,112049,14207,0.11481434545684957,0.4949656830296485
4281,0.4321,10,15,10,661963,14481,112059,14197,0.11469553922189836,0.4950484692098473
4282,0.4322,10,14,10,661977,14467,112069,14187,0.11458465340261056,0.4951141201926433
4283,0.4323,13,18,13,661995,14449,112082,14174,0.11444208592066912,0.49519617091150475
4284,0.4324,12,10,12,662005,14439,112094,14162,0.11436288176403497,0.49515751197510577
4285,0.4325,10,15,10,662020,14424,112104,14152,0.11424407552908376,0.4952407614781635
4286,0.4326,7,5,7,662025,14419,112111,14145,0.1142044734507667,0.4952037529757737
4287,0.4327,13,13,13,662038,14406,112124,14132,0.11410150804714231,0.49519938327843577
4288,0.4328,6,11,6,662049,14395,112130,14126,0.11401438347484476,0.49528417657164897
4289,0.4329,12,15,12,662064,14380,112142,14114,0.11389557723989355,0.49533235067031656
4290,0.433,15,20,15,662084,14360,112157,14099,0.11373716892662528,0.49541445588390315
4291,0.4331,10,14,10,662098,14346,112167,14089,0.11362628310733747,0.49548092139968347
4292,0.4332,12,14,12,662112,14332,112179,14077,0.11351539728804967,0.495511985638354
4293,0.4333,10,11,10,662123,14321,112189,14067,0.11342827271575212,0.4955262787093138
4294,0.4334,6,12,6,662135,14309,112195,14061,0.11333322772779116,0.49562918575960524
4295,0.4335,18,17,18,662152,14292,112213,14043,0.11319858066151312,0.4956061408152462
4296,0.4336,11,11,11,662163,14281,112224,14032,0.11311145608921556,0.4956027266626638
4297,0.4337,8,16,8,662179,14265,112232,14024,0.11298472943860094,0.49574039379264023
4298,0.4338,14,14,14,662193,14251,112246,14010,0.11287384361931314,0.495736173525353
4299,0.4339,15,17,15,662210,14234,112261,13995,0.1127391965530351,0.4957667646746254
4300,0.434,7,13,7,662223,14221,112268,13988,0.11263623114941072,0.495870112375483
4301,0.4341,7,7,7,662230,14214,112275,13981,0.11258078823976682,0.4958680617130697
4302,0.4342,7,11,7,662241,14203,112282,13974,0.11249366366746927,0.4959364020300245
4303,0.4343,14,16,14,662257,14187,112296,13960,0.11236693701685464,0.49596759867836715
4304,0.4344,17,19,17,662276,14168,112313,13943,0.11221644911924977,0.4959980078972644
4305,0.4345,8,11,8,662287,14157,112321,13935,0.11212932454695222,0.4960486971379752
4306,0.4346,10,18,10,662305,14139,112331,13925,0.11198675706501077,0.49618728620296465
4307,0.4347,15,13,15,662318,14126,112346,13910,0.11188379166138639,0.4961478099586246
4308,0.4348,11,12,11,662330,14114,112357,13899,0.11178874667342542,0.4961624959840074
4309,0.4349,10,14,10,662344,14100,112367,13889,0.11167786085413763,0.4962306620458037
4310,0.435,16,5,16,662349,14095,112383,13873,0.11163825877582055,0.4960311784897025
4311,0.4351,10,17,10,662366,14078,112393,13863,0.11150361170954251,0.4961526072796249
4312,0.4352,15,10,15,662376,14068,112408,13848,0.11142440755290837,0.4960596073936094
4313,0.4353,10,17,10,662393,14051,112418,13838,0.11128976048663033,0.496181290114382
4314,0.4354,15,22,15,662415,14029,112433,13823,0.11111551134203523,0.49630188137297143
4315,0.4355,8,16,8,662431,14013,112441,13815,0.11098878469142061,0.4964424320827943
4316,0.4356,12,12,12,662443,14001,112453,13803,0.11089373970345964,0.4964393612429866
4317,0.4357,8,14,8,662457,13987,112461,13795,0.11078285388417185,0.4965445252321647
4318,0.4358,8,19,8,662476,13968,112469,13787,0.11063236598656698,0.496739326247523
4319,0.4359,6,15,6,662491,13953,112475,13781,0.11051355975161577,0.4968991130020913
4320,0.436,13,18,13,662509,13935,112488,13768,0.11037099226967431,0.4969858860051258
4321,0.4361,10,22,10,662531,13913,112498,13758,0.11019674312507921,0.49719923385493836
4322,0.4362,12,13,12,662544,13900,112510,13746,0.11009377772145482,0.49721478694928745
4323,0.4363,8,13,8,662557,13887,112518,13738,0.10999081231783044,0.4973031674208145
4324,0.4364,11,8,11,662565,13879,112529,13727,0.10992744899252313,0.49724697529522566
4325,0.4365,12,12,12,662577,13867,112541,13715,0.10983240400456216,0.49724457979841924
4326,0.4366,7,15,7,662592,13852,112548,13708,0.10971359776961095,0.49738751814223514
4327,0.4367,7,10,7,662602,13842,112555,13701,0.1096343936129768,0.4974403659732055
4328,0.4368,12,17,12,662619,13825,112567,13689,0.10949974654669876,0.4975285309297085
4329,0.4369,14,17,14,662636,13808,112581,13675,0.10936509948042074,0.49758032238110833
4330,0.437,13,16,13,662652,13792,112594,13662,0.10923837282980611,0.49763240329278063
4331,0.4371,13,11,13,662663,13781,112607,13649,0.10915124825750855,0.4975938753189938
4332,0.4372,8,14,8,662677,13767,112615,13641,0.10904036243822075,0.4977014010507881
4333,0.4373,8,19,8,662696,13748,112623,13633,0.1088898745406159,0.4979000036521676
4334,0.4374,11,13,11,662709,13735,112634,13622,0.1087869091369915,0.4979347150637862
4335,0.4375,5,22,5,662731,13713,112639,13617,0.1086126599923964,0.4982436882546652
4336,0.4376,12,19,12,662750,13694,112651,13605,0.10846217209479153,0.4983699036594747
4337,0.4377,10,16,10,662766,13678,112661,13595,0.1083354454441769,0.49847834854984785
4338,0.4378,16,11,16,662777,13667,112677,13579,0.10824832087187936,0.4983850840490347
4339,0.4379,8,15,8,662792,13652,112685,13571,0.10812951463692815,0.49851228740403336
4340,0.438,7,12,7,662804,13640,112692,13564,0.10803446964896718,0.4986031465960888
4341,0.4381,12,13,12,662817,13627,112704,13552,0.1079315042453428,0.49862025828764855
4342,0.4382,10,18,10,662835,13609,112714,13542,0.10778893676340134,0.49876615962579646
4343,0.4383,12,16,12,662851,13593,112726,13530,0.10766221011278672,0.4988386240460126
4344,0.4384,10,16,10,662867,13577,112736,13520,0.1075354834621721,0.4989482230505222
4345,0.4385,9,21,9,662888,13556,112745,13511,0.10736915473324041,0.4991687294491447
4346,0.4386,7,7,7,662895,13549,112752,13504,0.1073137118235965,0.4991682992644069
4347,0.4387,9,15,9,662910,13534,112761,13495,0.10719490558864529,0.4992785526656554
4348,0.4388,10,13,10,662923,13521,112771,13485,0.10709194018502091,0.499333481448567
4349,0.4389,7,15,7,662938,13506,112778,13478,0.1069731339500697,0.49948117402905423
4350,0.439,9,17,9,662955,13489,112787,13469,0.10683848688379166,0.4996290526003413
4351,0.4391,12,21,12,662976,13468,112799,13457,0.10667215815485996,0.4997957288765088
4352,0.4392,9,8,9,662984,13460,112808,13448,0.10660879482955266,0.4997770179872157
4353,0.4393,8,24,8,663008,13436,112816,13440,0.10641870485363072,0.5000744158356898
4354,0.4394,14,16,14,663024,13420,112830,13426,0.1062919782030161,0.5001117484913954
4355,0.4395,6,17,6,663041,13403,112836,13420,0.10615733113673806,0.5003168922193639
4356,0.4396,12,13,12,663054,13390,112848,13408,0.10605436573311368,0.5003358459586537
4357,0.4397,10,23,10,663077,13367,112858,13398,0.10587219617285515,0.5005791145152251
4358,0.4398,7,13,7,663090,13354,112865,13391,0.10576923076923077,0.5006917180781455
4359,0.4399,10,16,10,663106,13338,112875,13381,0.10564250411861614,0.5008046708334892
4360,0.44,14,18,14,663124,13320,112889,13367,0.10549993663667469,0.5008805785588489
4361,0.4401,9,14,9,663138,13306,112898,13358,0.10538905081738689,0.500975097509751
4362,0.4402,9,9,9,663147,13297,112907,13349,0.10531776707641617,0.5009757562110636
4363,0.4403,9,11,9,663158,13286,112916,13340,0.10523064250411862,0.5010140464207917
4364,0.4404,5,7,5,663165,13279,112921,13335,0.10517519959447472,0.5010520778537612
4365,0.4405,9,15,9,663180,13264,112930,13326,0.1050563933595235,0.501165851823994
4366,0.4406,8,13,8,663193,13251,112938,13318,0.10495342795589913,0.5012608679287892
4367,0.4407,13,15,13,663208,13236,112951,13305,0.10483462172094792,0.5012998756640669
4368,0.4408,16,17,16,663225,13219,112967,13289,0.10469997465466988,0.5013203561189075
4369,0.4409,12,7,12,663232,13212,112979,13277,0.10464453174502598,0.5012269243837064
4370,0.441,14,16,14,663248,13196,112993,13263,0.10451780509441136,0.5012661098303035
4371,0.4411,11,11,11,663259,13185,113004,13252,0.1044306805221138,0.5012671634451715
4372,0.4412,11,14,11,663273,13171,113015,13241,0.104319794702826,0.5013251552324701
4373,0.4413,3,13,3,663286,13158,113018,13238,0.10421682929920162,0.5015153811183513
4374,0.4414,8,12,8,663298,13146,113026,13230,0.10412178431124065,0.5015923566878981
4375,0.4415,11,18,11,663316,13128,113037,13219,0.1039792168292992,0.5017269518351235
4376,0.4416,14,15,14,663331,13113,113051,13205,0.10386041059434799,0.5017478531803329
4377,0.4417,10,14,10,663345,13099,113061,13195,0.10374952477506019,0.5018255115235415
4378,0.4418,10,11,10,663356,13088,113071,13185,0.10366240020276264,0.5018460015985993
4379,0.4419,11,4,11,663360,13084,113082,13174,0.10363071854010898,0.5017137634244802
4380,0.442,11,21,11,663381,13063,113093,13163,0.1034643898111773,0.5019065049950431
4381,0.4421,8,13,8,663394,13050,113101,13155,0.1033614244075529,0.5020034344590727
4382,0.4422,8,10,8,663404,13040,113109,13147,0.10328222025091877,0.5020429984343376
4383,0.4423,11,12,11,663416,13028,113120,13136,0.1031871752629578,0.5020639046017429
4384,0.4424,10,11,10,663427,13017,113130,13126,0.10310005069066025,0.5020846880618138
4385,0.4425,10,16,10,663443,13001,113140,13116,0.10297332404004562,0.5022016311214917
4386,0.4426,14,7,14,663450,12994,113154,13102,0.10291788113040172,0.5020692826486818
4387,0.4427,11,8,11,663458,12986,113165,13091,0.10285451780509441,0.5020132683974383
4388,0.4428,11,17,11,663475,12969,113176,13080,0.10271987073881637,0.5021306000230336
4389,0.4429,6,17,6,663492,12952,113182,13074,0.10258522367253833,0.5023438100361177
4390,0.443,12,11,12,663503,12941,113194,13062,0.10249809910024078,0.502326654616775
4391,0.4431,11,15,11,663518,12926,113205,13051,0.10237929286528957,0.502405974515918
4392,0.4432,10,8,10,663526,12918,113215,13041,0.10231592953998225,0.5023691205362302
4393,0.4433,9,20,9,663546,12898,113224,13032,0.10215752122671398,0.5025838796760509
4394,0.4434,12,16,12,663562,12882,113236,13020,0.10203079457609936,0.502663886958536
4395,0.4435,13,13,13,663575,12869,113249,13007,0.10192782917247498,0.5026665636110682
4396,0.4436,10,8,10,663583,12861,113259,12997,0.10186446584716766,0.5026297470802072
4397,0.4437,10,19,10,663602,12842,113269,12987,0.10171397794956279,0.502806922451508
4398,0.4438,8,12,8,663614,12830,113277,12979,0.10161893296160182,0.5028865899492425
4399,0.4439,16,13,16,663627,12817,113293,12963,0.10151596755797744,0.5028316524437548
4400,0.444,8,13,8,663640,12804,113301,12955,0.10141300215435306,0.502931014402733
4401,0.4441,14,11,14,663651,12793,113315,12941,0.10132587758205551,0.5028755731716795
4402,0.4442,7,10,7,663661,12783,113322,12934,0.10124667342542136,0.5029358012209822
4403,0.4443,7,14,7,663675,12769,113329,12927,0.10113578760613356,0.5030744084682441
4404,0.4444,9,16,9,663691,12753,113338,12918,0.10100906095551894,0.503213743134276
4405,0.4445,8,9,8,663700,12744,113346,12910,0.10093777721454822,0.5032353629063694
4406,0.4446,16,16,16,663716,12728,113362,12894,0.1008110505639336,0.503239403637499
4407,0.4447,7,12,7,663728,12716,113369,12887,0.10071600557597263,0.503339452407921
4408,0.4448,11,8,11,663736,12708,113380,12876,0.10065264225066531,0.5032833020637899
4409,0.4449,13,15,13,663751,12693,113393,12863,0.1005338360157141,0.5033260291125372
4410,0.445,7,15,7,663766,12678,113400,12856,0.10041502978076289,0.5034855486801911
4411,0.4451,12,8,12,663774,12670,113412,12844,0.10035166645545558,0.50340989260798
4412,0.4452,5,15,5,663789,12655,113417,12839,0.10023286022050437,0.5036086922413117
4413,0.4453,8,15,8,663804,12640,113425,12831,0.10011405398555316,0.5037493620195517
4414,0.4454,9,16,9,663820,12624,113434,12822,0.09998732733493854,0.5038905918415468
4415,0.4455,8,10,8,663830,12614,113442,12814,0.0999081231783044,0.5039326726443291
4416,0.4456,12,11,12,663841,12603,113454,12802,0.09982099860600685,0.50391655185987
4417,0.4457,16,14,16,663855,12589,113470,12786,0.09971011278671904,0.5038817733990147
4418,0.4458,7,11,7,663866,12578,113477,12779,0.09962298821442149,0.5039634026107189
4419,0.4459,9,15,9,663881,12563,113486,12770,0.09950418197947028,0.504085580073422
4420,0.446,8,12,8,663893,12551,113494,12762,0.09940913699150931,0.5041678189072808
4421,0.4461,14,12,14,663905,12539,113508,12748,0.09931409200354835,0.5041325582315024
4422,0.4462,6,13,6,663918,12526,113514,12742,0.09921112659992397,0.5042741807820168
4423,0.4463,13,15,13,663933,12511,113527,12729,0.09909232036497276,0.5043185419968305
4424,0.4464,10,15,10,663948,12496,113537,12719,0.09897351413002155,0.5044219710489788
4425,0.4465,16,17,16,663965,12479,113553,12703,0.09883886706374351,0.5044476213168136
4426,0.4466,11,19,11,663984,12460,113564,12692,0.09868837916613864,0.5046119592875318
4427,0.4467,9,7,9,663991,12453,113573,12683,0.09863293625649475,0.5045751113940166
4428,0.4468,15,13,15,664004,12440,113588,12668,0.09852997085287035,0.504540385534491
4429,0.4469,6,16,6,664020,12424,113594,12662,0.09840324420225574,0.5047436817348322
4430,0.447,9,12,9,664032,12412,113603,12653,0.09830819921429476,0.5048075004987034
4431,0.4471,7,19,7,664051,12393,113610,12646,0.0981577113166899,0.505052118694836
4432,0.4472,7,15,7,664066,12378,113617,12639,0.0980389050817387,0.5052164528120878
4433,0.4473,5,14,5,664080,12364,113622,12634,0.0979280192624509,0.5054004320345628
4434,0.4474,13,18,13,664098,12346,113635,12621,0.09778545178050944,0.5055072695958666
4435,0.4475,7,6,7,664104,12340,113642,12614,0.09773792928652895,0.5054901017872886
4436,0.4476,14,10,14,664114,12330,113656,12600,0.09765872512989482,0.5054151624548736
4437,0.4477,4,16,4,664130,12314,113660,12596,0.0975319984792802,0.5056603773584906
4438,0.4478,12,16,12,664146,12298,113672,12584,0.09740527182866557,0.5057471264367817
4439,0.4479,12,14,12,664160,12284,113684,12572,0.09729438600937777,0.5057933698101063
4440,0.448,13,14,13,664174,12270,113697,12559,0.09718350019008998,0.505819807483185
4441,0.4481,9,21,9,664195,12249,113706,12550,0.09701717146115828,0.5060687930964958
4442,0.4482,4,14,4,664209,12235,113710,12546,0.09690628564187048,0.5062749687260402
4443,0.4483,7,11,7,664220,12224,113717,12539,0.09681916106957293,0.5063602956023099
4444,0.4484,4,12,4,664232,12212,113721,12535,0.09672411608161197,0.5065260435608356
4445,0.4485,13,15,13,664247,12197,113734,12522,0.09660530984666076,0.5065738905295522
4446,0.4486,5,10,5,664257,12187,113739,12517,0.0965261056900266,0.5066790803108808
4447,0.4487,4,16,4,664273,12171,113743,12513,0.096399379039412,0.5069275644141954
4448,0.4488,11,9,11,664282,12162,113754,12502,0.09632809529844126,0.5068926370418424
4449,0.4489,11,10,11,664292,12152,113765,12491,0.09624889114180712,0.5068782209958204
4450,0.449,5,12,5,664304,12140,113770,12486,0.09615384615384616,0.5070250954275969
4451,0.4491,7,8,7,664312,12132,113777,12479,0.09609048282853884,0.507049693226606
4452,0.4492,7,10,7,664322,12122,113784,12472,0.0960112786719047,0.5071155566398309
4453,0.4493,9,13,9,664335,12109,113793,12463,0.09590831326828032,0.5072033208530035
4454,0.4494,8,8,8,664343,12101,113801,12455,0.095844949942973,0.5072080143345822
4455,0.4495,9,14,9,664357,12087,113810,12446,0.09573406412368521,0.5073166754983084
4456,0.4496,9,12,9,664369,12075,113819,12437,0.09563901913572424,0.507384138381201
4457,0.4497,7,13,7,664382,12062,113826,12430,0.09553605373209986,0.5075126571941858
4458,0.4498,5,8,5,664390,12054,113831,12425,0.09547269040679254,0.5075779239348013
4459,0.4499,10,10,10,664400,12044,113841,12415,0.09539348625015841,0.5075841203646919
4460,0.45,6,15,6,664415,12029,113847,12409,0.0952746800152072,0.5077747769866601
4461,0.4501,13,10,13,664425,12019,113860,12396,0.09519547585857306,0.5077206635265206
4462,0.4502,10,17,10,664442,12002,113870,12386,0.09506082879229502,0.5078727242906348
4463,0.4503,13,13,13,664455,11989,113883,12373,0.09495786338867064,0.5078811263443067
4464,0.4504,9,24,9,664479,11965,113892,12364,0.0947677734127487,0.5082000904270624
4465,0.4505,11,9,11,664488,11956,113903,12353,0.09469648967177798,0.5081656999465218
4466,0.4506,8,11,8,664499,11945,113911,12345,0.09460936509948042,0.508233841086867
4467,0.4507,11,7,11,664506,11938,113922,12334,0.09455392218983652,0.5081575477916941
4468,0.4508,10,8,10,664514,11930,113932,12324,0.09449055886452921,0.5081223715675764
4469,0.4509,11,14,11,664528,11916,113943,12313,0.09437967304524142,0.5081926616864089
4470,0.451,11,17,11,664545,11899,113954,12302,0.09424502597896338,0.5083261022271807
4471,0.4511,10,14,10,664559,11885,113964,12292,0.09413414015967558,0.5084170906233196
4472,0.4512,7,16,7,664575,11869,113971,12285,0.09400741350906096,0.5086114101184069
4473,0.4513,11,8,11,664583,11861,113982,12274,0.09394405018375364,0.5085560389475865
4474,0.4514,7,10,7,664593,11851,113989,12267,0.0938648460271195,0.5086242640351605
4475,0.4515,12,9,12,664602,11842,114001,12255,0.09379356228614878,0.5085695314769474
4476,0.4516,10,8,10,664610,11834,114011,12245,0.09373019896084146,0.5085344075750654
4477,0.4517,8,10,8,664620,11824,114019,12237,0.09365099480420733,0.5085823531856531
4478,0.4518,5,12,5,664632,11812,114024,12232,0.09355594981624636,0.5087339876892364
4479,0.4519,10,10,10,664642,11802,114034,12222,0.09347674565961221,0.5087412587412588
4480,0.452,6,12,6,664654,11790,114040,12216,0.09338170067165125,0.5088727818045489
4481,0.4521,9,12,9,664666,11778,114049,12207,0.09328665568369028,0.5089430894308943
4482,0.4522,8,17,8,664683,11761,114057,12199,0.09315200861741224,0.5091402337228714
4483,0.4523,11,15,11,664698,11746,114068,12188,0.09303320238246103,0.5092337260800535
4484,0.4524,12,9,12,664707,11737,114080,12176,0.09296191864149031,0.5091791075983775
4485,0.4525,11,12,11,664719,11725,114091,12165,0.09286687365352933,0.5092088740058602
4486,0.4526,7,16,7,664735,11709,114098,12158,0.09274014700291472,0.5094062932081954
4487,0.4527,8,8,8,664743,11701,114106,12150,0.0926767836776074,0.5094126032451469
4488,0.4528,14,14,14,664757,11687,114120,12136,0.0925658978583196,0.509423666204928
4489,0.4529,9,14,9,664771,11673,114129,12127,0.09245501203903181,0.5095378151260505
4490,0.453,11,16,11,664787,11657,114140,12116,0.09232828538841718,0.5096538089429185
4491,0.4531,8,18,8,664805,11639,114148,12108,0.09218571790647573,0.5098749315703036
4492,0.4532,21,11,21,664816,11628,114169,12087,0.09209859333417818,0.5096774193548387
4493,0.4533,9,16,9,664832,11612,114178,12078,0.09197186668356355,0.5098353735753482
4494,0.4534,5,16,5,664848,11596,114183,12073,0.09184514003294893,0.5100764713338122
4495,0.4535,15,21,15,664869,11575,114198,12058,0.09167881130401724,0.510218761900732
4496,0.4536,9,17,9,664886,11558,114207,12049,0.0915441642377392,0.5103994577879443
4497,0.4537,11,13,11,664899,11545,114218,12038,0.09144119883411482,0.5104524445575203
4498,0.4538,7,7,7,664906,11538,114225,12031,0.09138575592447092,0.5104586533157962
4499,0.4539,12,8,12,664914,11530,114237,12019,0.09132239259916361,0.5103826064801054
4500,0.454,5,7,5,664921,11523,114242,12014,0.0912669496895197,0.5104303862004503
4501,0.4541,10,16,10,664937,11507,114252,12004,0.09114022303890508,0.5105695206499086
4502,0.4542,8,13,8,664950,11494,114260,11996,0.0910372576352807,0.5106853980417199
4503,0.4543,22,15,22,664965,11479,114282,11974,0.09091845140032949,0.510553020935488
4504,0.4544,12,9,12,664974,11470,114294,11962,0.09084716765935877,0.5104984636394674
4505,0.4545,15,13,15,664987,11457,114309,11947,0.09074420225573437,0.5104682960177748
4506,0.4546,7,11,7,664998,11446,114316,11940,0.09065707768343682,0.5105618746258446
4507,0.4547,6,12,6,665010,11434,114322,11934,0.09056203269547586,0.5106983909619993
4508,0.4548,5,10,5,665020,11424,114327,11929,0.09048282853884172,0.5108123153342183
4509,0.4549,9,10,9,665030,11414,114336,11920,0.09040362438220757,0.5108425473557898
4510,0.455,10,12,10,665042,11402,114346,11910,0.09030857939424661,0.5108956760466712
4511,0.4551,9,11,9,665053,11391,114355,11901,0.09022145482194906,0.5109479649665121
4512,0.4552,8,15,8,665068,11376,114363,11893,0.09010264858699785,0.511109201082986
4513,0.4553,7,7,7,665075,11369,114370,11886,0.09004720567735394,0.5111158890561169
4514,0.4554,13,15,13,665090,11354,114383,11873,0.08992839944240273,0.5111723425323976
4515,0.4555,7,14,7,665104,11340,114390,11866,0.08981751362311494,0.5113332758769283
4516,0.4556,4,10,4,665114,11330,114394,11862,0.0897383094664808,0.5114694722318041
4517,0.4557,7,10,7,665124,11320,114401,11855,0.08965910530984667,0.5115426105717368
4518,0.4558,9,13,9,665137,11307,114410,11846,0.08955613990622228,0.5116399602643286
4519,0.4559,9,6,9,665143,11301,114419,11837,0.0895086174122418,0.5115826778459677
4520,0.456,12,14,12,665157,11287,114431,11825,0.089397731592954,0.5116389754240221
4521,0.4561,10,10,10,665167,11277,114441,11815,0.08931852743631986,0.5116490559501126
4522,0.4562,10,13,10,665180,11264,114451,11805,0.08921556203269547,0.5117256924877541
4523,0.4563,10,9,10,665189,11255,114461,11795,0.08914427829172475,0.5117136659436009
4524,0.4564,3,22,3,665211,11233,114464,11792,0.08897002914712965,0.5121389793702498
4525,0.4565,6,8,6,665219,11225,114470,11786,0.08890666582182233,0.5121898222589196
4526,0.4566,8,12,8,665231,11213,114478,11778,0.08881162083386136,0.5122874168152756
4527,0.4567,9,13,9,665244,11200,114487,11769,0.08870865543023698,0.5123862597413905
4528,0.4568,10,15,10,665259,11185,114497,11759,0.08858984919528577,0.5125087168758717
4529,0.4569,10,14,10,665273,11171,114507,11749,0.08847896337599798,0.5126090750436301
4530,0.457,6,11,6,665284,11160,114513,11743,0.08839183880370041,0.5127275902720168
4531,0.4571,15,18,15,665302,11142,114528,11728,0.08824927132175897,0.5128115435067775
4532,0.4572,13,11,13,665313,11131,114541,11715,0.0881621467494614,0.5127812308500393
4533,0.4573,7,10,7,665323,11121,114548,11708,0.08808294259282727,0.5128564545096149
4534,0.4574,10,8,10,665331,11113,114558,11698,0.08801957926751997,0.5128227609486651
4535,0.4575,11,10,11,665341,11103,114569,11687,0.08794037511088582,0.5128126371215446
4536,0.4576,6,8,6,665349,11095,114575,11681,0.08787701178557851,0.5128644186863365
4537,0.4577,6,7,6,665356,11088,114581,11675,0.0878215688759346,0.5128937310547819
4538,0.4578,4,16,4,665372,11072,114585,11671,0.08769484222531998,0.513168887130106
4539,0.4579,17,12,17,665384,11060,114602,11654,0.08759979723735901,0.5130756361715242
4540,0.458,7,10,7,665394,11050,114609,11647,0.08752059308072488,0.5131515178217385
4541,0.4581,10,11,10,665405,11039,114619,11637,0.08743346850842733,0.5131857470453343
4542,0.4582,8,15,8,665420,11024,114627,11629,0.08731466227347612,0.5133536396945217
4543,0.4583,12,17,12,665437,11007,114639,11617,0.08718001520719808,0.5134812588401697
4544,0.4584,5,7,5,665444,11000,114644,11612,0.08712457229755417,0.5135326375375907
4545,0.4585,5,15,5,665459,10985,114649,11607,0.08700576606260296,0.5137659348441926
4546,0.4586,8,10,8,665469,10975,114657,11599,0.08692656190596883,0.5138212102418712
4547,0.4587,9,13,9,665482,10962,114666,11590,0.08682359650234445,0.5139233770840723
4548,0.4588,7,12,7,665494,10950,114673,11583,0.08672855151438348,0.5140460657702037
4549,0.4589,11,10,11,665504,10940,114684,11572,0.08664934735774933,0.5140369580668088
4550,0.459,11,14,11,665518,10926,114695,11561,0.08653846153846154,0.5141192689109263
4551,0.4591,11,9,11,665527,10917,114706,11550,0.08646717779749082,0.5140873280811857
4552,0.4592,13,11,13,665538,10906,114719,11537,0.08638005322519325,0.5140578354052489
4553,0.4593,10,12,10,665550,10894,114729,11527,0.08628500823723229,0.5141162303197895
4554,0.4594,6,11,6,665561,10883,114735,11521,0.08619788366493474,0.5142385288341368
4555,0.4595,6,13,6,665574,10870,114741,11515,0.08609491826131035,0.5144069689524235
4556,0.4596,4,13,4,665587,10857,114745,11511,0.08599195285768597,0.5146190987124464
4557,0.4597,9,14,9,665601,10843,114754,11502,0.08588106703839818,0.5147460281942269
4558,0.4598,9,14,9,665615,10829,114763,11493,0.08577018121911038,0.5148732192455873
4559,0.4599,13,6,13,665621,10823,114776,11480,0.0857226587251299,0.5147289602295655
4560,0.46,11,10,11,665631,10813,114787,11469,0.08564345456849576,0.5147204021183017
4561,0.4601,11,11,11,665642,10802,114798,11458,0.0855563299961982,0.5147349505840072
4562,0.4602,14,8,14,665650,10794,114812,11444,0.08549296667089089,0.5146146236172318
4563,0.4603,4,9,4,665659,10785,114816,11440,0.08542168292992017,0.5147356580427447
4564,0.4604,11,15,11,665674,10770,114827,11429,0.08530287669496896,0.514843010946439
4565,0.4605,7,16,7,665690,10754,114834,11422,0.08517615004435433,0.5150613275613276
4566,0.4606,3,10,3,665700,10744,114837,11419,0.08509694588772018,0.5152280828407707
4567,0.4607,7,14,7,665714,10730,114844,11412,0.08498606006843239,0.5154005961521091
4568,0.4608,7,12,7,665726,10718,114851,11405,0.08489101508047142,0.5155268272838223
4569,0.4609,10,11,10,665737,10707,114861,11395,0.08480389050817387,0.5155642023346303
4570,0.461,13,10,13,665747,10697,114874,11382,0.08472468635153974,0.5155124779201956
4571,0.4611,10,5,10,665752,10692,114884,11372,0.08468508427322266,0.515409717186367
4572,0.4612,10,10,10,665762,10682,114894,11362,0.08460588011658852,0.5154236980584286
4573,0.4613,8,12,8,665774,10670,114902,11354,0.08451083512862755,0.515528514347984
4574,0.4614,12,16,12,665790,10654,114914,11342,0.08438410847801292,0.5156392071285688
4575,0.4615,3,8,3,665798,10646,114917,11339,0.08432074515270561,0.5157607459631567
4576,0.4616,14,14,14,665812,10632,114931,11325,0.08420985933341782,0.5157808443776473
4577,0.4617,5,9,5,665821,10623,114936,11320,0.0841385755924471,0.5158820580595178
4578,0.4618,13,15,13,665836,10608,114949,11307,0.08401976935749589,0.5159479808350445
4579,0.4619,12,9,12,665845,10599,114961,11295,0.08394848561652515,0.5158947656892299
4580,0.462,8,14,8,665859,10585,114969,11287,0.08383759979723736,0.5160479151426481
4581,0.4621,6,9,6,665868,10576,114975,11281,0.08376631605626664,0.5161275563892574
4582,0.4622,5,12,5,665880,10564,114980,11276,0.08367127106830566,0.5163003663003664
4583,0.4623,6,12,6,665892,10552,114986,11270,0.08357622608034469,0.5164512876913206
4584,0.4624,5,10,5,665902,10542,114991,11265,0.08349702192371056,0.5165772458384922
4585,0.4625,8,10,8,665912,10532,114999,11257,0.08341781776707642,0.5166368351002799
4586,0.4626,12,9,12,665921,10523,115011,11245,0.08334653402610569,0.5165839764792356
4587,0.4627,12,8,12,665929,10515,115023,11233,0.08328317070079838,0.5165072650358654
4588,0.4628,4,17,4,665946,10498,115027,11229,0.08314852363452034,0.5168223868918856
4589,0.4629,3,9,3,665955,10489,115030,11226,0.08307723989354962,0.5169698365185356
4590,0.463,6,14,6,665969,10475,115036,11220,0.08296635407426181,0.5171698548052547
4591,0.4631,10,18,10,665987,10457,115046,11210,0.08282378659232037,0.5173766557437578
4592,0.4632,8,10,8,665997,10447,115054,11202,0.08274458243568622,0.5174372950251743
4593,0.4633,7,9,7,666006,10438,115061,11195,0.0826732986947155,0.5174964175102852
4594,0.4634,9,10,9,666016,10428,115070,11186,0.08259409453808136,0.5175349310631998
4595,0.4635,12,12,12,666028,10416,115082,11174,0.08249904955012038,0.5175544233441408
4596,0.4636,13,9,13,666037,10407,115095,11161,0.08242776580914966,0.5174795994065282
4597,0.4637,8,9,8,666046,10398,115103,11153,0.08235648206817894,0.5175165885573755
4598,0.4638,10,8,10,666054,10390,115113,11143,0.08229311874287162,0.5174847907862351
4599,0.4639,7,6,7,666060,10384,115120,11136,0.08224559624889115,0.5174721189591078
4600,0.464,10,13,10,666073,10371,115130,11126,0.08214263084526675,0.5175605898497465
4601,0.4641,17,15,17,666088,10356,115147,11109,0.08202382461031554,0.517540181691125
4602,0.4642,8,12,8,666100,10344,115155,11101,0.08192877962235458,0.5176498018186058
4603,0.4643,6,12,6,666112,10332,115161,11095,0.08183373463439361,0.5178046390068605
4604,0.4644,8,12,8,666124,10320,115169,11087,0.08173868964643265,0.5179147007988041
4605,0.4645,10,14,10,666138,10306,115179,11077,0.08162780382714485,0.5180283402703082
4606,0.4646,10,9,10,666147,10297,115189,11067,0.08155652008617412,0.5180209698558322
4607,0.4647,6,14,6,666161,10283,115195,11061,0.08144563426688632,0.5182252623688156
4608,0.4648,9,11,9,666172,10272,115204,11052,0.08135850969458877,0.518289251547552
4609,0.4649,10,11,10,666183,10261,115214,11042,0.08127138512229122,0.5183307515373422
4610,0.465,6,8,6,666191,10253,115220,11036,0.0812080217969839,0.5183897787589835
4611,0.4651,7,11,7,666202,10242,115227,11029,0.08112089722468635,0.5184993653330826
4612,0.4652,9,13,9,666215,10229,115236,11020,0.08101793182106197,0.5186126405948516
4613,0.4653,11,11,11,666226,10218,115247,11009,0.08093080724876442,0.5186319310312338
4614,0.4654,8,13,8,666239,10205,115255,11001,0.08082784184514004,0.5187682731302462
4615,0.4655,7,13,7,666252,10192,115262,10994,0.08072487644151564,0.5189275936939488
4616,0.4656,13,13,13,666265,10179,115275,10981,0.08062191103789126,0.5189508506616257
4617,0.4657,11,13,11,666278,10166,115286,10970,0.08051894563426688,0.5190196820590461
4618,0.4658,7,14,7,666292,10152,115293,10963,0.08040805981497909,0.5192043570921147
4619,0.4659,10,12,10,666304,10140,115303,10953,0.08031301482701812,0.5192717963305362
4620,0.466,6,14,6,666318,10126,115309,10947,0.08020212900773033,0.5194799031936601
4621,0.4661,7,14,7,666332,10112,115316,10940,0.08009124318844253,0.5196655899676991
4622,0.4662,9,11,9,666343,10101,115325,10931,0.08000411861614498,0.5197318372004565
4623,0.4663,6,6,6,666349,10095,115331,10925,0.07995659612216449,0.5197431018078021
4624,0.4664,11,8,11,666357,10087,115342,10914,0.07989323279685719,0.5196895385934003
4625,0.4665,8,12,8,666369,10075,115350,10906,0.0797981878088962,0.5198036318573948
4626,0.4666,7,11,7,666380,10064,115357,10899,0.07971106323659866,0.5199160425511615
4627,0.4667,12,7,12,666387,10057,115369,10887,0.07965562032695477,0.5198147440794499
4628,0.4668,8,9,8,666396,10048,115377,10879,0.07958433658598403,0.5198547331198929
4629,0.4669,6,16,6,666412,10032,115383,10873,0.0794576099353694,0.5201148050705573
4630,0.467,5,12,5,666424,10020,115388,10868,0.07936256494740844,0.5202987361164305
4631,0.4671,7,9,7,666433,10011,115395,10861,0.07929128120643772,0.52036220774243
4632,0.4672,11,14,11,666447,9997,115406,10850,0.07918039538714992,0.5204585791720632
4633,0.4673,13,10,13,666457,9987,115419,10837,0.07910119123051577,0.5204091432961967
4634,0.4674,12,7,12,666464,9980,115431,10825,0.07904574832087188,0.520307618360971
4635,0.4675,10,8,10,666472,9972,115441,10815,0.07898238499556456,0.5202770962620868
4636,0.4676,12,10,12,666482,9962,115453,10803,0.07890318083893043,0.5202504213821334
4637,0.4677,6,10,6,666492,9952,115459,10797,0.07882397668229629,0.5203624271049208
4638,0.4678,7,16,7,666508,9936,115466,10790,0.07869725003168167,0.520602142236804
4639,0.4679,8,13,8,666521,9923,115474,10782,0.07859428462805729,0.5207437816952427
4640,0.468,15,12,15,666533,9911,115489,10767,0.07849923964009631,0.5206983267240546
4641,0.4681,12,10,12,666543,9901,115501,10755,0.07842003548346217,0.5206719597211464
4642,0.4682,7,11,7,666554,9890,115508,10748,0.07833291091116462,0.5207868979552283
4643,0.4683,12,12,12,666566,9878,115520,10736,0.07823786592320366,0.5208110992529349
4644,0.4684,9,14,9,666580,9864,115529,10727,0.07812698010391585,0.5209557573697247
4645,0.4685,9,12,9,666592,9852,115538,10718,0.07803193511595488,0.5210500729217307
4646,0.4686,7,7,7,666599,9845,115545,10711,0.07797649220631099,0.5210644094181748
4647,0.4687,11,16,11,666615,9829,115556,10700,0.07784976555569637,0.5212138925422573
4648,0.4688,10,11,10,666626,9818,115566,10690,0.07776264098339881,0.5212599960990832
4649,0.4689,12,11,12,666637,9807,115578,10678,0.07767551641110125,0.5212594581401025
4650,0.469,7,13,7,666650,9794,115585,10671,0.07757255100747687,0.5214268262887858
4651,0.4691,6,8,6,666658,9786,115591,10665,0.07750918768216956,0.5214903916678891
4652,0.4692,8,8,8,666666,9778,115599,10657,0.07744582435686224,0.521507218008319
4653,0.4693,9,3,9,666669,9775,115608,10648,0.077422063109872,0.5213729618567302
4654,0.4694,6,8,6,666677,9767,115614,10642,0.0773586997845647,0.521436621098535
4655,0.4695,10,11,10,666688,9756,115624,10632,0.07727157521226714,0.5214832254267217
4656,0.4696,5,8,5,666696,9748,115629,10627,0.07720821188695982,0.5215705521472392
4657,0.4697,4,6,4,666702,9742,115633,10623,0.07716068939297935,0.521630247974466
4658,0.4698,7,8,7,666710,9734,115640,10616,0.07709732606767203,0.5216707616707617
4659,0.4699,14,10,14,666720,9724,115654,10602,0.07701812191103789,0.5215979533602283
4660,0.47,16,11,16,666731,9713,115670,10586,0.07693099733874034,0.5215035223410021
4661,0.4701,9,6,9,666737,9707,115679,10577,0.07688347484475985,0.5214454742654309
4662,0.4702,5,8,5,666745,9699,115684,10572,0.07682011151945255,0.5215332248039071
4663,0.4703,16,20,16,666765,9679,115700,10556,0.07666170320618426,0.5216703731158883
4664,0.4704,4,12,4,666777,9667,115704,10552,0.0765666582182233,0.5218853553588209
4665,0.4705,4,11,4,666788,9656,115708,10548,0.07647953364592573,0.5220748366660067
4666,0.4706,4,10,4,666798,9646,115712,10544,0.0764003294892916,0.5222387320455671
4667,0.4707,7,16,7,666814,9630,115719,10537,0.07627360283867697,0.5224872316160063
4668,0.4708,11,13,11,666827,9617,115730,10526,0.07617063743505259,0.5225636697612074
4669,0.4709,9,3,9,666830,9614,115739,10517,0.07614687618806235,0.5224280959713874
4670,0.471,7,9,7,666839,9605,115746,10510,0.07607559244709163,0.5224956500124285
4671,0.4711,7,7,7,666846,9598,115753,10503,0.07602014953744772,0.5225113178448834
4672,0.4712,15,8,15,666854,9590,115768,10488,0.07595678621214041,0.522362785137962
4673,0.4713,6,12,6,666866,9578,115774,10482,0.07586174122417945,0.5225324027916252
4674,0.4714,6,13,6,666879,9565,115780,10476,0.07575877582055507,0.5227284067661294
4675,0.4715,10,6,10,666885,9559,115790,10466,0.07571125332657458,0.5226466916354556
4676,0.4716,10,13,10,666898,9546,115800,10456,0.0756082879229502,0.5227477252274773
4677,0.4717,13,10,13,666908,9536,115813,10443,0.07552908376631606,0.5226988337754642
4678,0.4718,14,17,14,666925,9519,115827,10429,0.07539443670003802,0.5228093041908963
4679,0.4719,10,12,10,666937,9507,115837,10419,0.07529939171207704,0.5228846732911774
4680,0.472,6,12,6,666949,9495,115843,10413,0.07520434672411608,0.5230560578661845
4681,0.4721,5,10,5,666959,9485,115848,10408,0.07512514256748194,0.5231991152666767
4682,0.4722,11,6,11,666965,9479,115859,10397,0.07507762007350145,0.5230931777017509
4683,0.4723,12,10,12,666975,9469,115871,10385,0.07499841591686732,0.5230683993149995
4684,0.4724,8,13,8,666988,9456,115879,10377,0.07489545051324294,0.5232188776281954
4685,0.4725,4,7,4,666995,9449,115883,10373,0.07484000760359903,0.52330743618202
4686,0.4726,12,8,12,667003,9441,115895,10361,0.07477664427829173,0.5232299767700233
4687,0.4727,16,6,16,667009,9435,115911,10345,0.07472912178431124,0.5230030333670375
4688,0.4728,16,13,16,667022,9422,115927,10329,0.07462615638068686,0.5229608627411271
4689,0.4729,9,10,9,667032,9412,115936,10320,0.07454695222405272,0.52300831137239
4690,0.473,13,10,13,667042,9402,115949,10307,0.07446774806741858,0.5229590542391801
4691,0.4731,10,10,10,667052,9392,115959,10297,0.07438854391078444,0.5229823759459596
4692,0.4732,11,3,11,667055,9389,115970,10286,0.07436478266379419,0.5227954256670903
4693,0.4733,11,12,11,667067,9377,115981,10275,0.07426973767583323,0.5228475473234276
4694,0.4734,6,8,6,667075,9369,115987,10269,0.07420637435052592,0.5229147571035747
4695,0.4735,6,10,6,667085,9359,115993,10263,0.07412717019389177,0.523035368463969
4696,0.4736,3,8,3,667093,9351,115996,10260,0.07406380686858446,0.523175768701239
4697,0.4737,3,13,3,667106,9338,115999,10257,0.07396084146496008,0.523449859658076
4698,0.4738,11,8,11,667114,9330,116010,10246,0.07389747813965276,0.523395995096036
4699,0.4739,9,14,9,667128,9316,116019,10237,0.07378659232036497,0.5235513731908147
4700,0.474,10,16,10,667144,9300,116029,10227,0.07365986566975034,0.5237363650330312
4701,0.4741,9,7,9,667151,9293,116038,10218,0.07360442276010645,0.5237045769053355
4702,0.4742,4,15,4,667166,9278,116042,10214,0.07348561652515524,0.5240098501949517
4703,0.4743,14,8,14,667174,9270,116056,10200,0.07342225319984792,0.5238828967642527
4704,0.4744,13,11,13,667185,9259,116069,10187,0.07333512862755037,0.5238609482669958
4705,0.4745,6,17,6,667202,9242,116075,10181,0.07320048156127233,0.5241723729598929
4706,0.4746,6,9,6,667211,9233,116081,10175,0.07312919782030161,0.5242683429513603
4707,0.4747,9,16,9,667227,9217,116090,10166,0.07300247116968699,0.5244802146210596
4708,0.4748,8,19,8,667246,9198,116098,10158,0.07285198327208212,0.5247985120892746
4709,0.4749,10,11,10,667257,9187,116108,10148,0.07276485869978457,0.5248513059219033
4710,0.475,8,13,8,667270,9174,116116,10140,0.07266189329616018,0.5250077663870767
4711,0.4751,12,15,12,667285,9159,116128,10128,0.07254308706120897,0.5251205475190542
4712,0.4752,10,13,10,667298,9146,116138,10118,0.0724401216575846,0.5252284053156147
4713,0.4753,8,9,8,667307,9137,116146,10110,0.07236883791661386,0.5252766664934795
4714,0.4754,15,5,15,667312,9132,116161,10095,0.0723292358382968,0.5250429084100484
4715,0.4755,3,7,3,667319,9125,116164,10092,0.0722737929286529,0.5251600145704324
4716,0.4756,6,13,6,667332,9112,116170,10086,0.07217082752502851,0.5253672257526826
4717,0.4757,10,7,10,667339,9105,116180,10076,0.07211538461538461,0.5253115061779886
4718,0.4758,11,12,11,667351,9093,116191,10065,0.07202033962742364,0.5253679924835578
4719,0.4759,11,12,11,667363,9081,116202,10054,0.07192529463946268,0.5254246145806114
4720,0.476,9,12,9,667375,9069,116211,10045,0.07183024965150171,0.5255310243800356
4721,0.4761,6,4,6,667379,9065,116217,10039,0.07179856798884805,0.5254920435510888
4722,0.4762,12,8,12,667387,9057,116229,10027,0.07173520466354075,0.5254139593376651
4723,0.4763,8,9,8,667396,9048,116237,10019,0.07166392092257001,0.525462841558714
4724,0.4764,9,11,9,667407,9037,116246,10010,0.07157679635027246,0.5255420801176038
4725,0.4765,9,11,9,667418,9026,116255,10001,0.07148967177797491,0.5256214852577915
4726,0.4766,4,17,4,667435,9009,116259,9997,0.07135502471169687,0.5259917920656635
4727,0.4767,10,8,10,667443,9001,116269,9987,0.07129166138638955,0.5259637665894249
4728,0.4768,5,6,5,667449,8995,116274,9982,0.07124413889240908,0.5260051641460716
4729,0.4769,4,14,4,667463,8981,116278,9978,0.07113325307312128,0.5262935808850677
4730,0.477,10,12,10,667475,8969,116288,9968,0.07103820808516031,0.5263769340444632
4731,0.4771,10,9,10,667484,8960,116298,9958,0.07096692434418958,0.5263769954540649
4732,0.4772,15,3,15,667487,8957,116313,9943,0.07094316309719934,0.526084656084656
4733,0.4773,7,7,7,667494,8950,116320,9936,0.07088772018755544,0.5261039923753045
4734,0.4774,6,6,6,667500,8944,116326,9930,0.07084019769357495,0.5261205891702871
4735,0.4775,5,6,5,667506,8938,116331,9925,0.07079267519959448,0.5261623283677039
4736,0.4776,6,8,6,667514,8930,116337,9919,0.07072931187428716,0.5262348135179585
4737,0.4777,6,5,6,667519,8925,116343,9913,0.0706897097959701,0.5262235906147149
4738,0.4778,9,12,9,667531,8913,116352,9904,0.07059466480800912,0.5263325716107775
4739,0.4779,10,7,10,667538,8906,116362,9894,0.07053922189836523,0.5262765957446809
4740,0.478,13,4,13,667542,8902,116375,9881,0.07050754023571157,0.5260607996592663
4741,0.4781,8,8,8,667550,8894,116383,9873,0.07044417691040426,0.5260830180636223
4742,0.4782,4,8,4,667558,8886,116387,9869,0.07038081358509694,0.5262063449746734
4743,0.4783,4,9,4,667567,8877,116391,9865,0.07030952984412622,0.5263579127094227
4744,0.4784,8,7,8,667574,8870,116399,9857,0.07025408693448232,0.5263523255193037
4745,0.4785,10,3,10,667577,8867,116409,9847,0.07023032568749207,0.526183605856578
4746,0.4786,11,5,11,667582,8862,116420,9836,0.07019072360917501,0.5260455663707349
4747,0.4787,12,6,12,667588,8856,116432,9824,0.07014320111519452,0.5259100642398287
4748,0.4788,8,9,8,667597,8847,116440,9816,0.0700719173742238,0.5259604565182446
4749,0.4789,2,8,2,667605,8839,116442,9814,0.07000855404891648,0.5261352061330618
4750,0.479,2,10,2,667615,8829,116444,9812,0.06992934989228235,0.526366611233303
4751,0.4791,5,14,5,667629,8815,116449,9807,0.06981846407299455,0.5266351627107722
4752,0.4792,7,15,7,667644,8800,116456,9800,0.06969965783804334,0.5268817204301075
4753,0.4793,6,10,6,667654,8790,116462,9794,0.0696204536814092,0.5270124838570813
4754,0.4794,10,11,10,667665,8779,116472,9784,0.06953332910911164,0.5270699779130529
4755,0.4795,6,5,6,667670,8774,116478,9778,0.06949372703079458,0.5270590771884432
4756,0.4796,17,6,17,667676,8768,116495,9761,0.06944620453681409,0.526795833558206
4757,0.4797,8,12,8,667688,8756,116503,9753,0.06935115954885313,0.5269328434815496
4758,0.4798,9,4,9,667692,8752,116512,9744,0.06931947788619947,0.5268166089965398
4759,0.4799,5,9,5,667701,8743,116517,9739,0.06924819414522874,0.526945135807813
4760,0.48,8,18,8,667719,8725,116525,9731,0.06910562666328729,0.5272540095361942
4761,0.4801,5,8,5,667727,8717,116530,9726,0.06904226333797998,0.5273545518624952
4762,0.4802,6,19,6,667746,8698,116536,9720,0.06889177544037511,0.5277445976761863
4763,0.4803,4,10,4,667756,8688,116540,9716,0.06881257128374096,0.52792871114975
4764,0.4804,5,6,5,667762,8682,116545,9711,0.06876504878976049,0.5279725982710813
4765,0.4805,4,10,4,667772,8672,116549,9707,0.06868584463312635,0.5281571358615812
4766,0.4806,5,11,5,667783,8661,116554,9702,0.06859872006082879,0.5283450416598595
4767,0.4807,6,7,6,667790,8654,116560,9696,0.0685432771511849,0.5283923705722071
4768,0.4808,5,8,5,667798,8646,116565,9691,0.06847991382587758,0.528494301139772
4769,0.4809,7,8,7,667806,8638,116572,9684,0.06841655050057027,0.5285449186770004
4770,0.481,13,11,13,667817,8627,116585,9671,0.06832942592827272,0.5285277079462236
4771,0.4811,8,12,8,667829,8615,116593,9663,0.06823438094031174,0.5286683444578182
4772,0.4812,4,5,4,667834,8610,116597,9659,0.06819477886199468,0.5287098363347748
4773,0.4813,9,11,9,667845,8599,116606,9650,0.06810765428969712,0.5287960984163516
4774,0.4814,7,5,7,667850,8594,116613,9643,0.06806805221138006,0.5287602127542907
4775,0.4815,18,10,18,667860,8584,116631,9625,0.0679888480547459,0.5285847657751661
4776,0.4816,8,9,8,667869,8575,116639,9617,0.06791756431377519,0.5286389621811786
4777,0.4817,10,11,10,667880,8564,116649,9607,0.06783043974147764,0.5286995762478675
4778,0.4818,7,8,7,667888,8556,116656,9600,0.06776707641617032,0.5287508261731659
4779,0.4819,11,8,11,667896,8548,116667,9589,0.06770371309086301,0.5286982411644704
4780,0.482,7,16,7,667912,8532,116674,9582,0.06757698644024838,0.5289831069890693
4781,0.4821,9,10,9,667922,8522,116683,9573,0.06749778228361425,0.529041171594363
4782,0.4822,10,5,10,667927,8517,116693,9563,0.06745818020529717,0.5289269911504425
4783,0.4823,5,14,5,667941,8503,116698,9558,0.06734729438600938,0.5292065777088755
4784,0.4824,7,13,7,667954,8490,116705,9551,0.067244328982385,0.5294052436117732
4785,0.4825,8,9,8,667963,8481,116713,9543,0.06717304524141426,0.5294607190412783
4786,0.4826,7,4,7,667967,8477,116720,9536,0.06714136357876062,0.5293954366291012
4787,0.4827,5,11,5,667978,8466,116725,9531,0.06705423900646305,0.5295882647107851
4788,0.4828,8,9,8,667987,8457,116733,9523,0.06698295526549233,0.5296440489432703
4789,0.4829,11,6,11,667993,8451,116744,9512,0.06693543277151184,0.529532928798085
4790,0.483,4,7,4,668000,8444,116748,9508,0.06687998986186795,0.5296345811051694
4791,0.4831,5,8,5,668008,8436,116753,9503,0.06681662653656063,0.5297396733374212
4792,0.4832,8,8,8,668016,8428,116761,9495,0.06675326321125333,0.5297662221726274
4793,0.4833,10,4,10,668020,8424,116771,9485,0.06672158154859967,0.529621977776537
4794,0.4834,4,10,4,668030,8414,116775,9481,0.06664237739196553,0.5298127968706342
4795,0.4835,8,7,8,668037,8407,116783,9473,0.06658693448232163,0.5298098434004475
4796,0.4836,4,10,4,668047,8397,116787,9469,0.06650773032568749,0.5300011194447554
4797,0.4837,8,8,8,668055,8389,116795,9461,0.06644436700038019,0.5300280112044818
4798,0.4838,6,8,6,668063,8381,116801,9455,0.06638100367507287,0.5301076474545863
4799,0.4839,3,9,3,668072,8372,116804,9452,0.06630971993410215,0.5302962298025135
4800,0.484,8,10,8,668082,8362,116812,9444,0.066230515777468,0.5303830169605751
4801,0.4841,8,7,8,668089,8355,116820,9436,0.0661750728678241,0.5303805294811984
4802,0.4842,9,12,9,668101,8343,116829,9427,0.06608002787986314,0.5305008441193022
4803,0.4843,9,5,9,668106,8338,116838,9418,0.06604042580154607,0.5304122550123902
4804,0.4844,6,10,6,668116,8328,116844,9412,0.06596122164491193,0.5305524239007892
4805,0.4845,5,16,5,668132,8312,116849,9407,0.0658344949942973,0.5308990349342514
4806,0.4846,15,3,15,668135,8309,116864,9392,0.06581073374730706,0.5305914920061013
4807,0.4847,12,10,12,668145,8299,116876,9380,0.06573152959067292,0.5305729962101929
4808,0.4848,9,8,9,668153,8291,116885,9371,0.0656681662653656,0.5305741139168837
4809,0.4849,9,10,9,668163,8281,116894,9362,0.06558896210873147,0.5306353794706116
4810,0.485,10,4,10,668167,8277,116904,9352,0.06555728044607781,0.5304895342900902
4811,0.4851,6,13,6,668180,8264,116910,9346,0.06545431504245343,0.5307211811470756
4812,0.4852,11,6,11,668186,8258,116921,9335,0.06540679254847294,0.5306087648496561
4813,0.4853,6,7,6,668193,8251,116927,9329,0.06535134963882905,0.5306598407281001
4814,0.4854,3,10,3,668203,8241,116930,9326,0.0652721454821949,0.5308817669493937
4815,0.4855,9,8,9,668211,8233,116939,9317,0.06520878215688759,0.5308831908831909
4816,0.4856,11,9,11,668220,8224,116950,9306,0.06513749841591687,0.5308613804905875
4817,0.4857,7,8,7,668228,8216,116957,9299,0.06507413509060955,0.5309163574079361
4818,0.4858,8,12,8,668240,8204,116965,9291,0.06497909010264859,0.5310660188625321
4819,0.4859,4,7,4,668247,8197,116969,9287,0.06492364719300468,0.5311713566689544
4820,0.486,7,10,7,668257,8187,116976,9280,0.06484444303637055,0.5312875708478846
4821,0.4861,13,9,13,668266,8178,116989,9267,0.06477315929539983,0.5312123817712812
4822,0.4862,8,10,8,668276,8168,116997,9259,0.06469395513876568,0.5313020026395823
4823,0.4863,6,6,6,668282,8162,117003,9253,0.0646464326447852,0.5313235716336492
4824,0.4864,7,8,7,668290,8154,117010,9246,0.06458306931947788,0.5313793103448275
4825,0.4865,13,13,13,668303,8141,117023,9233,0.0644801039158535,0.5314262691377921
4826,0.4866,5,6,5,668309,8135,117028,9228,0.06443258142187303,0.5314749755226631
4827,0.4867,4,8,4,668317,8127,117032,9224,0.0643692180965657,0.5316120108351103
4828,0.4868,9,8,9,668325,8119,117041,9215,0.0643058547712584,0.5316141686858198
4829,0.4869,8,8,8,668333,8111,117049,9207,0.06424249144595108,0.5316433768333526
4830,0.487,9,5,9,668338,8106,117058,9198,0.06420288936763402,0.5315533980582524
4831,0.4871,11,8,11,668346,8098,117069,9187,0.0641395260423267,0.5315013017066821
4832,0.4872,7,8,7,668354,8090,117076,9180,0.0640761627170194,0.5315576143601621
4833,0.4873,5,12,5,668366,8078,117081,9175,0.06398111772905841,0.5317915724801484
4834,0.4874,4,8,4,668374,8070,117085,9171,0.06391775440375111,0.531929702453454
4835,0.4875,8,12,8,668386,8058,117093,9163,0.06382270941579014,0.5320829220138203
4836,0.4876,5,13,5,668399,8045,117098,9158,0.06371974401216576,0.5323490088937975
4837,0.4877,6,9,6,668408,8036,117104,9152,0.06364846027119503,0.5324645101233418
4838,0.4878,9,4,9,668412,8032,117113,9143,0.06361677860854138,0.5323435225618631
4839,0.4879,10,12,10,668424,8020,117123,9133,0.0635217336205804,0.5324433043782428
4840,0.488,6,9,6,668433,8011,117129,9127,0.06345044987960968,0.5325592251137823
4841,0.4881,5,10,5,668443,8001,117134,9122,0.06337124572297555,0.5327337499269987
4842,0.4882,10,5,10,668448,7996,117144,9112,0.06333164364465847,0.5326163198503624
4843,0.4883,4,9,4,668457,7987,117148,9108,0.06326035990368775,0.5327873647265282
4844,0.4884,9,10,9,668467,7977,117157,9099,0.0631811557470536,0.5328531271960647
4845,0.4885,7,7,7,668474,7970,117164,9092,0.06312571283740971,0.5328800843980775
4846,0.4886,6,13,6,668487,7957,117170,9086,0.06302274743378533,0.5331221029161533
4847,0.4887,5,9,5,668496,7948,117175,9081,0.0629514636928146,0.533266780198485
4848,0.4888,7,7,7,668503,7941,117182,9074,0.0628960207831707,0.5332941522186306
4849,0.4889,5,7,5,668510,7934,117187,9069,0.0628405778735268,0.5333764629771217
4850,0.489,4,7,4,668517,7927,117191,9065,0.06278513496388291,0.5334863465160076
4851,0.4891,5,9,5,668526,7918,117196,9060,0.06271385122291218,0.5336317587466133
4852,0.4892,13,6,13,668532,7912,117209,9047,0.0626663287289317,0.5334630579633233
4853,0.4893,6,9,6,668541,7903,117215,9041,0.06259504498796097,0.533581208687441
4854,0.4894,8,12,8,668553,7891,117223,9033,0.0625,0.5337390687780666
4855,0.4895,5,13,5,668566,7878,117228,9028,0.06239703459637562,0.5340115935170945
4856,0.4896,10,6,10,668572,7872,117238,9018,0.06234951210239514,0.5339253996447603
4857,0.4897,5,9,5,668581,7863,117243,9013,0.06227822836142441,0.534072054989334
4858,0.4898,10,8,10,668589,7855,117253,9003,0.0622148650361171,0.5340491161466366
4859,0.4899,12,12,12,668601,7843,117265,8991,0.062119820048156124,0.5340976594986337
4860,0.49,9,9,9,668610,7834,117274,8982,0.062048536307185403,0.5341341579448144
4861,0.4901,7,9,7,668619,7825,117281,8975,0.061977252566214676,0.5342261904761905
4862,0.4902,7,8,7,668627,7817,117288,8968,0.06191388924090736,0.5342865653857611
4863,0.4903,3,9,3,668636,7808,117291,8965,0.061842605499936636,0.5344899540928874
4864,0.4904,5,12,5,668648,7796,117296,8960,0.06174756051197567,0.5347338266889472
4865,0.4905,6,4,6,668652,7792,117302,8954,0.06171587884932201,0.53469485250209
4866,0.4906,10,6,10,668658,7786,117312,8944,0.06166835635534153,0.5346084877465631
4867,0.4907,6,15,6,668673,7771,117318,8938,0.06154955012039032,0.5349212998982584
4868,0.4908,8,3,8,668676,7768,117326,8930,0.06152578887340008,0.5347945861779854
4869,0.4909,11,8,11,668684,7760,117337,8919,0.06146242554809277,0.5347442892259728
4870,0.491,18,9,18,668693,7751,117355,8901,0.06139114180712204,0.5345303867403315
4871,0.4911,6,8,6,668701,7743,117361,8895,0.061327778481814726,0.5346195456184638
4872,0.4912,7,14,7,668715,7729,117368,8888,0.06121689266252693,0.5348739242943973
4873,0.4913,8,9,8,668724,7720,117376,8880,0.061145608921556203,0.5349397590361445
4874,0.4914,9,6,9,668730,7714,117385,8871,0.06109808642757572,0.5348809164908049
4875,0.4915,9,6,9,668736,7708,117394,8862,0.06105056393359524,0.5348219674109838
4876,0.4916,8,7,8,668743,7701,117402,8854,0.06099512102395134,0.5348233162186651
4877,0.4917,4,7,4,668750,7694,117406,8850,0.060939678114307436,0.5349371373307543
4878,0.4918,7,10,7,668760,7684,117413,8843,0.0608604739576733,0.5350638349367701
4879,0.4919,10,14,10,668774,7670,117423,8833,0.060749588138385505,0.5352360176937526
4880,0.492,6,9,6,668783,7661,117429,8827,0.06067830439741478,0.5353590490053373
4881,0.4921,3,6,3,668789,7655,117432,8824,0.060630781903434294,0.535469385278233
4882,0.4922,8,13,8,668802,7642,117440,8816,0.06052781649980991,0.5356665451452182
4883,0.4923,9,10,9,668812,7632,117449,8807,0.06044861234317577,0.5357381835878094
4884,0.4924,8,12,8,668824,7620,117457,8799,0.0603535673552148,0.5359035264023387
4885,0.4925,5,10,5,668834,7610,117462,8794,0.06027436319858066,0.5360887588393075
4886,0.4926,9,5,9,668839,7605,117471,8785,0.06023476112026359,0.5359975594874924
4887,0.4927,9,8,9,668847,7597,117480,8776,0.060171397794956276,0.5360043974836621
4888,0.4928,2,7,2,668854,7590,117482,8774,0.06011595488531238,0.5361769738450257
4889,0.4929,2,11,2,668865,7579,117484,8772,0.06002883031301483,0.5364809491774204
4890,0.493,12,6,12,668871,7573,117496,8760,0.059981307819034345,0.536337476275026
4891,0.4931,8,7,8,668878,7566,117504,8752,0.05992586490939045,0.536340237774237
4892,0.4932,7,9,7,668887,7557,117511,8745,0.05985458116841972,0.5364372469635628
4893,0.4933,9,10,9,668897,7547,117520,8736,0.05977537701178558,0.5365104710434195
4894,0.4934,6,8,6,668905,7539,117526,8730,0.059712013686478264,0.5366033560759728
4895,0.4935,2,5,2,668910,7534,117528,8728,0.0596724116081612,0.5367113516172672
4896,0.4936,8,9,8,668919,7525,117536,8720,0.05960112786719047,0.5367805478608803
4897,0.4937,7,9,7,668928,7516,117543,8713,0.05952984412621974,0.5368784275063159
4898,0.4938,4,7,4,668935,7509,117547,8709,0.059474401216575844,0.5369959304476507
4899,0.4939,7,9,7,668944,7500,117554,8702,0.05940311747560512,0.537094185902975
4900,0.494,12,8,12,668952,7492,117566,8690,0.05933975415029781,0.5370164380175504
4901,0.4941,6,10,6,668962,7482,117572,8684,0.05926054999366367,0.5371767907954967
4902,0.4942,10,6,10,668968,7476,117582,8674,0.059213027499683185,0.5370897832817337
4903,0.4943,9,12,9,668980,7464,117591,8665,0.05911798251172221,0.5372310744621489
4904,0.4944,8,13,8,668993,7451,117599,8657,0.05901501710809783,0.5374348149987583
4905,0.4945,4,14,4,669007,7437,117603,8653,0.05890413128881004,0.5377874456183965
4906,0.4946,10,6,10,669013,7431,117613,8643,0.058856608794829554,0.5377006345651363
4907,0.4947,5,6,5,669019,7425,117618,8638,0.05880908630084907,0.5377575795305982
4908,0.4948,11,8,11,669027,7417,117629,8627,0.05874572297554176,0.537708800797806
4909,0.4949,5,9,5,669036,7408,117634,8622,0.05867443923457103,0.5378665003119152
4910,0.495,10,12,10,669048,7396,117644,8612,0.05857939424661006,0.5379810094952524
4911,0.4951,10,10,10,669058,7386,117654,8602,0.05850019008997592,0.5380285213910433
4912,0.4952,8,10,8,669068,7376,117662,8594,0.05842098593334178,0.5381340012523481
4913,0.4953,9,8,9,669076,7368,117671,8585,0.05835762260803447,0.5381432959317997
4914,0.4954,7,7,7,669083,7361,117678,8578,0.05830217969839057,0.5381767990463643
4915,0.4955,4,9,4,669092,7352,117682,8574,0.05823089595741984,0.5383649378374984
4916,0.4956,12,11,12,669103,7341,117694,8562,0.05814377138512229,0.5383889832107149
4917,0.4957,12,7,12,669110,7334,117706,8550,0.058088328475478394,0.5382775119617225
4918,0.4958,10,14,10,669124,7320,117716,8540,0.0579774426561906,0.5384615384615384
4919,0.4959,5,8,5,669132,7312,117721,8535,0.057914079330883286,0.5385877453145705
4920,0.496,13,4,13,669136,7308,117734,8522,0.057882397668229627,0.5383449147188882
4921,0.4961,7,10,7,669146,7298,117741,8515,0.05780319351159549,0.5384809966483273
4922,0.4962,5,9,5,669155,7289,117746,8510,0.05773190977062476,0.5386416861826698
4923,0.4963,7,9,7,669164,7280,117753,8503,0.057660626029654036,0.5387442184629031
4924,0.4964,11,7,11,669171,7273,117764,8492,0.05760518312001014,0.5386615921344751
4925,0.4965,7,8,7,669179,7265,117771,8485,0.057541819794702825,0.5387301587301587
4926,0.4966,10,5,10,669184,7260,117781,8475,0.05750221771638576,0.5386081982840801
4927,0.4967,3,6,3,669190,7254,117784,8472,0.057454695222405275,0.5387256772224341
4928,0.4968,6,8,6,669198,7246,117790,8466,0.05739133189709796,0.5388238289205702
4929,0.4969,7,3,7,669201,7243,117797,8459,0.05736757065010772,0.5387211820150299
4930,0.497,7,11,7,669212,7232,117804,8452,0.05728044607781017,0.5388931395052282
4931,0.4971,11,18,11,669230,7214,117815,8441,0.05713787859586871,0.5391887575854359
4932,0.4972,6,6,6,669236,7208,117821,8435,0.05709035610188823,0.5392188199194528
4933,0.4973,7,1,7,669237,7207,117828,8428,0.057082435686224814,0.5390470099136553
4934,0.4974,5,6,5,669243,7201,117833,8423,0.05703491319224433,0.5391065028161802
4935,0.4975,5,7,5,669250,7194,117838,8418,0.05697947028260043,0.5392006149116064
4936,0.4976,8,11,8,669261,7183,117846,8410,0.056892345710302876,0.5393445776951196
4937,0.4977,10,6,10,669267,7177,117856,8400,0.05684482321632239,0.5392565962637221
4938,0.4978,8,10,8,669277,7167,117864,8392,0.05676561905968825,0.539366283180153
4939,0.4979,11,11,11,669288,7156,117875,8381,0.0566784944873907,0.539422024843921
4940,0.498,3,9,3,669297,7147,117878,8378,0.05660721074641997,0.5396457326892109
4941,0.4981,7,7,7,669304,7140,117885,8371,0.056551767836776075,0.5396815163432402
4942,0.4982,9,5,9,669309,7135,117894,8362,0.05651216575845901,0.5395883074143383
4943,0.4983,6,8,6,669317,7127,117900,8356,0.056448802433151694,0.5396886908221921
4944,0.4984,7,7,7,669324,7120,117907,8349,0.0563933595235078,0.5397246105113452
4945,0.4985,4,8,4,669332,7112,117911,8345,0.056329996198200484,0.5398848418192405
4946,0.4986,4,11,4,669343,7101,117915,8341,0.05624287162590293,0.5401502396062686
4947,0.4987,13,12,13,669355,7089,117928,8328,0.05614782663794196,0.5401829149640007
4948,0.4988,4,7,4,669362,7082,117932,8324,0.05609238372829806,0.5403089705309619
4949,0.4989,6,10,6,669372,7072,117938,8318,0.05601317957166392,0.5404808317089019
4950,0.499,10,8,10,669380,7064,117948,8308,0.05594981624635661,0.5404631798074421
4951,0.4991,5,3,5,669383,7061,117953,8303,0.05592605499936636,0.5404191616766467
4952,0.4992,8,8,8,669391,7053,117961,8295,0.05586269167405906,0.5404612978889758
4953,0.4993,12,6,12,669397,7047,117973,8283,0.05581516918007857,0.5403131115459883
4954,0.4994,10,10,10,669407,7037,117983,8273,0.05573596502344443,0.540365774003919
4955,0.4995,9,8,9,669415,7029,117992,8264,0.05567260169813712,0.540377950696397
4956,0.4996,7,10,7,669425,7019,117999,8257,0.05559339754150298,0.5405210788164441
4957,0.4997,8,6,8,669431,7013,118007,8249,0.055545875047522494,0.5404927270344647
4958,0.4998,8,9,8,669440,7004,118015,8241,0.05547459130655177,0.5405706789111184
4959,0.4999,6,10,6,669450,6994,118021,8235,0.055395387149917624,0.5407446319521965
4960,0.5,11,13,11,669463,6981,118032,8224,0.055292421746293244,0.540874712265702
4961,0.5001,9,6,9,669469,6975,118041,8215,0.05524489925231276,0.5408163265306123
4962,0.5002,7,10,7,669479,6965,118048,8208,0.05516569509567862,0.5409609174190997
4963,0.5003,5,11,5,669490,6954,118053,8203,0.05507857052338107,0.541202084845286
4964,0.5004,7,7,7,669497,6947,118060,8196,0.05502312761373717,0.5412401769794625
4965,0.5005,6,10,6,669507,6937,118066,8190,0.05494392345710303,0.5414160111059695
4966,0.5006,9,7,9,669514,6930,118075,8181,0.05488848054745913,0.5413936867182847
4967,0.5007,5,4,5,669518,6926,118080,8176,0.05485679888480548,0.5413852469871541
4968,0.5008,3,6,3,669524,6920,118083,8173,0.05480927639082499,0.5415093089511694
4969,0.5009,10,8,10,669532,6912,118093,8163,0.05474591306551768,0.5414925373134328
4970,0.501,6,7,6,669539,6905,118099,8157,0.05469047015587378,0.5415615456114726
4971,0.5011,5,8,5,669547,6897,118104,8152,0.05462710683056647,0.5416971227324074
4972,0.5012,9,5,9,669552,6892,118113,8143,0.0545875047522494,0.5416029265048221
4973,0.5013,8,9,8,669561,6883,118121,8135,0.05451622101127867,0.5416833133573046
4974,0.5014,8,11,8,669572,6872,118129,8127,0.05442909643898112,0.5418361224081606
4975,0.5015,3,11,3,669583,6861,118132,8124,0.05434197186668356,0.5421421421421422
4976,0.5016,8,9,8,669592,6852,118140,8116,0.05427068812571284,0.5422234099412079
4977,0.5017,7,15,7,669607,6837,118147,8109,0.05415188189076163,0.5425531914893617
4978,0.5018,4,8,4,669615,6829,118151,8105,0.05408851856545432,0.5427213070845052
4979,0.5019,8,6,8,669621,6823,118159,8097,0.05404099607147383,0.5426943699731903
4980,0.502,8,4,8,669625,6819,118167,8089,0.054009314408820175,0.5425945800912262
4981,0.5021,8,6,8,669631,6813,118175,8081,0.05396179191483969,0.5425674768363099
4982,0.5022,2,6,2,669637,6807,118177,8079,0.05391426942085921,0.5427247077791213
4983,0.5023,11,9,11,669646,6798,118188,8068,0.05384298567988848,0.5427149199515673
4984,0.5024,3,9,3,669655,6789,118191,8065,0.053771701938917754,0.5429513935640231
4985,0.5025,9,13,9,669668,6776,118200,8056,0.053668736535293374,0.5431499460625674
4986,0.5026,12,15,12,669683,6761,118212,8044,0.05354993030034216,0.5433299560959135
4987,0.5027,3,10,3,669693,6751,118215,8041,0.05347072614370802,0.5436046511627907
4988,0.5028,7,10,7,669703,6741,118222,8034,0.05339152198707388,0.543756345177665
4989,0.5029,9,6,9,669709,6735,118231,8025,0.053343999493093396,0.5436991869918699
4990,0.503,6,9,6,669718,6726,118237,8019,0.05327271575212267,0.5438453713123093
4991,0.5031,7,5,7,669723,6721,118244,8012,0.0532331136738056,0.5438132084436299
4992,0.5032,5,7,5,669730,6714,118249,8007,0.0531776707641617,0.543916853474628
4993,0.5033,4,8,4,669738,6706,118253,8003,0.05311430743885439,0.5440886532055205
4994,0.5034,10,7,10,669745,6699,118263,7993,0.05305886452921049,0.5440375714674653
4995,0.5035,8,7,8,669752,6692,118271,7985,0.053003421619566594,0.5440485112761464
4996,0.5036,6,11,6,669763,6681,118277,7979,0.052916297047269044,0.5442701227830832
4997,0.5037,4,6,4,669769,6675,118281,7975,0.052868774553288554,0.5443686006825939
4998,0.5038,8,9,8,669778,6666,118289,7967,0.052797490812317834,0.5444543155880543
4999,0.5039,1,7,1,669785,6659,118290,7966,0.05274204790267393,0.5446837606837607
5000,0.504,12,9,12,669794,6650,118302,7954,0.05267076416170321,0.5446453026568063
5001,0.5041,9,8,9,669802,6642,118311,7945,0.052607400836395896,0.5446630561458833
5002,0.5042,6,7,6,669809,6635,118317,7939,0.052551957926752,0.5447372032386442
5003,0.5043,4,11,4,669820,6624,118321,7935,0.05246483335445444,0.5450236966824644
5004,0.5044,5,9,5,669829,6615,118326,7930,0.05239354961348371,0.5452045376418013
5005,0.5045,9,8,9,669837,6607,118335,7921,0.0523301862881764,0.5452230176211453
5006,0.5046,5,5,5,669842,6602,118340,7916,0.05229058420985933,0.5452541672406668
5007,0.5047,6,10,6,669852,6592,118346,7910,0.05221138005322519,0.5454420079988967
5008,0.5048,5,10,5,669862,6582,118351,7905,0.052132175896591054,0.5456616276661834
5009,0.5049,10,8,10,669870,6574,118361,7895,0.05206881257128374,0.5456493192342249
5010,0.505,7,4,7,669874,6570,118368,7888,0.05203713090863008,0.5455803015631484
5011,0.5051,10,3,10,669877,6567,118378,7878,0.052013369661639844,0.5453790238836967
5012,0.5052,5,10,5,669887,6557,118383,7873,0.0519341655050057,0.5455994455994456
5013,0.5053,8,7,8,669894,6550,118391,7865,0.051878722595361804,0.5456122095039889
5014,0.5054,7,9,7,669903,6541,118398,7858,0.051807438854391076,0.5457323425237863
5015,0.5055,8,8,8,669911,6533,118406,7850,0.05174407552908376,0.5457832162970173
5016,0.5056,7,9,7,669920,6524,118413,7843,0.05167279178811304,0.5459038073362567
5017,0.5057,4,5,4,669925,6519,118417,7839,0.05163318970979597,0.5459674049310489
5018,0.5058,6,8,6,669933,6511,118423,7833,0.051569826384488655,0.5460819854991634
5019,0.5059,5,7,5,669940,6504,118428,7828,0.05151438347484476,0.5461903432877477
5020,0.506,9,7,9,669947,6497,118437,7819,0.05145894056520086,0.5461721151159542
5021,0.5061,12,8,12,669955,6489,118449,7807,0.05139557723989355,0.5460968102965864
5022,0.5062,9,10,9,669965,6479,118458,7798,0.05131637308325941,0.5461931778384814
5023,0.5063,3,8,3,669973,6471,118461,7795,0.0512530097579521,0.5464040375718492
5024,0.5064,7,4,7,669977,6467,118468,7788,0.05122132809529844,0.5463346194317783
5025,0.5065,9,9,9,669986,6458,118477,7779,0.05115004435432771,0.5463932008147784
5026,0.5066,6,6,6,669992,6452,118483,7773,0.05110252186034723,0.5464323374340949
5027,0.5067,11,10,11,670002,6442,118494,7762,0.05102331770371309,0.5464657842861166
5028,0.5068,9,6,9,670008,6436,118503,7753,0.050975795209732604,0.5464091902177743
5029,0.5069,2,1,2,670009,6435,118505,7751,0.050967874794069196,0.5463837586352742
5030,0.507,6,10,6,670019,6425,118511,7745,0.05088867063743505,0.5465772759350741
5031,0.5071,8,3,8,670022,6422,118519,7737,0.05086490939044481,0.5464368952609647
5032,0.5072,4,7,4,670029,6415,118523,7733,0.05080946648080091,0.5465790217698615
5033,0.5073,8,6,8,670035,6409,118531,7725,0.05076194398682043,0.5465544078109523
5034,0.5074,11,7,11,670042,6402,118542,7714,0.05070650107717653,0.5464720884103146
5035,0.5075,7,8,7,670050,6394,118549,7707,0.05064313775186922,0.5465569817743422
5036,0.5076,7,8,7,670058,6386,118556,7700,0.050579774426561905,0.5466420559420702
5037,0.5077,4,7,4,670065,6379,118560,7696,0.05052433151691801,0.5467850799289521
5038,0.5078,11,10,11,670075,6369,118571,7685,0.050445127360283865,0.5468194108438879
5039,0.5079,6,8,6,670083,6361,118577,7679,0.05038176403497656,0.5469373219373219
5040,0.508,9,6,9,670089,6355,118586,7670,0.05033424154099607,0.5468805704099822
5041,0.5081,8,6,8,670095,6349,118594,7662,0.050286719047015586,0.5468560416815359
5042,0.5082,7,6,7,670101,6343,118601,7655,0.050239196553035104,0.5468638376910987
5043,0.5083,10,9,10,670110,6334,118611,7645,0.050167912812064376,0.5468917662207597
5044,0.5084,6,10,6,670120,6324,118617,7639,0.050088708655430234,0.5470887345126405
5045,0.5085,5,5,5,670125,6319,118622,7634,0.050049106577113166,0.547122482620225
5046,0.5086,6,10,6,670135,6309,118628,7628,0.04996990242047903,0.5473200832316855
5047,0.5087,5,6,5,670141,6303,118633,7623,0.04992237992649854,0.54739336492891
5048,0.5088,7,9,7,670150,6294,118640,7616,0.04985109618552782,0.5475197699496764
5049,0.5089,9,8,9,670158,6286,118649,7607,0.04978773286022051,0.5475419275894335
5050,0.509,6,3,6,670161,6283,118655,7601,0.04976397161323026,0.5474647075770671
5051,0.5091,11,9,11,670170,6274,118666,7590,0.049692687872259535,0.5474610502019619
5052,0.5092,5,6,5,670176,6268,118671,7585,0.04964516537827905,0.5475348300007219
5053,0.5093,12,6,12,670182,6262,118683,7573,0.04959764288429857,0.5473798337549692
5054,0.5094,6,5,6,670187,6257,118689,7567,0.049558040805981494,0.5473813657407407
5055,0.5095,6,4,6,670191,6253,118695,7561,0.04952635914332784,0.5473432749384682
5056,0.5096,10,5,10,670196,6248,118705,7551,0.049486757065010774,0.5472135662004493
5057,0.5097,9,5,9,670201,6243,118714,7542,0.0494471549866937,0.5471164309031556
5058,0.5098,6,5,6,670206,6238,118720,7536,0.04940755290837663,0.5471177580949615
5059,0.5099,5,9,5,670215,6229,118725,7531,0.049336269167405904,0.5473110465116279
5060,0.51,8,8,8,670223,6221,118733,7523,0.04927290584209859,0.5473661233993015
5061,0.5101,10,6,10,670229,6215,118743,7513,0.04922538334811811,0.5472756410256411
5062,0.5102,5,8,5,670237,6207,118748,7508,0.049162020022810796,0.5474298213634706
5063,0.5103,8,10,8,670247,6197,118756,7500,0.04908281586617666,0.5475651602540702
5064,0.5104,4,5,4,670252,6192,118760,7496,0.049043213787859585,0.5476329631794272
5065,0.5105,4,11,4,670263,6181,118764,7492,0.048956089215562035,0.5479411979814233
5066,0.5106,9,11,9,670274,6170,118773,7483,0.04886896464326448,0.5480846700358896
5067,0.5107,3,11,3,670285,6159,118776,7480,0.04878184007096693,0.5484273040545494
5068,0.5108,7,7,7,670292,6152,118783,7473,0.04872639716132303,0.5484770642201835
5069,0.5109,6,9,6,670301,6143,118789,7467,0.0486551134203523,0.5486407053637031
5070,0.511,10,7,10,670308,6136,118799,7457,0.048599670510708404,0.5485911866401825
5071,0.5111,9,9,9,670317,6127,118808,7448,0.048528386769737676,0.5486556169429098
5072,0.5112,5,8,5,670325,6119,118813,7443,0.048465023444430363,0.5488128594602566
5073,0.5113,9,11,9,670336,6108,118822,7434,0.04837789887213281,0.5489587948604342
5074,0.5114,7,7,7,670343,6101,118829,7427,0.04832245596248891,0.5490094618568894
5075,0.5115,9,10,9,670353,6091,118838,7418,0.04824325180585477,0.5491154045451181
5076,0.5116,9,10,9,670363,6081,118847,7409,0.04816404764922063,0.5492216456634544
5077,0.5117,7,9,7,670372,6072,118854,7402,0.0480927639082499,0.5493543120083123
5078,0.5118,11,6,11,670378,6066,118865,7391,0.04804524141426942,0.5492308835550271
5079,0.5119,6,7,6,670385,6059,118871,7385,0.04798979850462552,0.5493156798571853
5080,0.512,9,9,9,670394,6050,118880,7376,0.047918514763654795,0.5493817965142261
5081,0.5121,9,9,9,670403,6041,118889,7367,0.047847231022684074,0.5494480906921241
5082,0.5122,7,13,7,670416,6028,118896,7360,0.047744265619059686,0.549746041230953
5083,0.5123,10,6,10,670422,6022,118906,7350,0.047696743125079204,0.5496559976069398
5084,0.5124,5,7,5,670429,6015,118911,7345,0.047641300215435306,0.5497754491017964
5085,0.5125,6,6,6,670435,6009,118917,7339,0.04759377772145482,0.5498201977824393
5086,0.5126,3,2,3,670437,6007,118920,7336,0.04757793689012799,0.5498013939893577
5087,0.5127,4,6,4,670443,6001,118924,7332,0.04753041439614751,0.5499137478436961
5088,0.5128,5,11,5,670454,5990,118929,7327,0.04744328982384995,0.550198993767365
5089,0.5129,8,13,8,670467,5977,118937,7319,0.04734032442022557,0.5504663056558363
5090,0.513,5,9,5,670476,5968,118942,7314,0.047269040679254845,0.5506700798072579
5091,0.5131,2,6,2,670482,5962,118944,7312,0.04722151818527436,0.5508512882326352
5092,0.5132,8,4,8,670486,5958,118952,7304,0.04718983652262071,0.5507464937415171
5093,0.5133,11,7,11,670493,5951,118963,7293,0.04713439361297681,0.5506644518272426
5094,0.5134,6,7,6,670500,5944,118969,7287,0.047078950703332914,0.5507520217670622
5095,0.5135,6,6,6,670506,5938,118975,7281,0.047031428209352424,0.5507980936530751
5096,0.5136,12,7,12,670513,5931,118987,7269,0.04697598529970853,0.5506818181818182
5097,0.5137,8,7,8,670520,5924,118995,7261,0.04692054239006463,0.5507015547971179
5098,0.5138,8,8,8,670528,5916,119003,7253,0.046857179064757316,0.5507631558964234
5099,0.5139,6,4,6,670532,5912,119009,7247,0.046825497402103664,0.5507257390379208
5100,0.514,3,9,3,670541,5903,119012,7244,0.046754213661132936,0.5510002281889405
5101,0.5141,6,10,6,670551,5893,119018,7238,0.04667500950449879,0.5512146828116671
5102,0.5142,8,7,8,670558,5886,119026,7230,0.046619566594854896,0.5512351326623971
5103,0.5143,2,8,2,670566,5878,119028,7228,0.04655620326954758,0.5515031283381657
5104,0.5144,5,8,5,670574,5870,119033,7223,0.04649283994424027,0.5516688306728786
5105,0.5145,10,10,10,670584,5860,119043,7213,0.046413635787606135,0.5517478773043678
5106,0.5146,8,5,8,670589,5855,119051,7205,0.04637403370928906,0.5516845329249617
5107,0.5147,7,10,7,670599,5845,119058,7198,0.046294829552654924,0.5518669017863989
5108,0.5148,9,3,9,670602,5842,119067,7189,0.04627106830566468,0.5516844447855115
5109,0.5149,17,3,17,670605,5839,119084,7172,0.04624730705867444,0.5512258857889478
5110,0.515,8,4,8,670609,5835,119092,7164,0.04621562539602078,0.5511193168705285
5111,0.5151,8,7,8,670616,5828,119100,7156,0.046160182486376884,0.5511398644485521
5112,0.5152,9,9,9,670625,5819,119109,7147,0.04608889874540616,0.5512108591701372
5113,0.5153,16,5,16,670630,5814,119125,7131,0.04604929666708909,0.5508690614136732
5114,0.5154,3,8,3,670638,5806,119128,7128,0.045985933341781776,0.5511056131127261
5115,0.5155,11,7,11,670645,5799,119139,7117,0.04593049043213788,0.5510219882316507
5116,0.5156,2,7,2,670652,5792,119141,7115,0.04587504752249398,0.5512512590067405
5117,0.5157,11,5,11,670657,5787,119152,7104,0.04583544544417691,0.5510821503374447
5118,0.5158,9,8,9,670665,5779,119161,7095,0.0457720821188696,0.551110765884729
5119,0.5159,9,7,9,670672,5772,119170,7086,0.0457166392092257,0.5510965935604293
5120,0.516,11,5,11,670677,5767,119181,7075,0.04567703713090863,0.550926646939729
5121,0.5161,12,1,12,670678,5766,119193,7063,0.04566911671524521,0.550549536207031
5122,0.5162,7,11,7,670689,5755,119200,7056,0.04558199214294766,0.55077667629381
5123,0.5163,6,10,6,670699,5745,119206,7050,0.04550278798631352,0.5509964830011723
5124,0.5164,5,7,5,670706,5738,119211,7045,0.04544734507666962,0.5511225846827819
5125,0.5165,6,6,6,670712,5732,119217,7039,0.04539982258268914,0.5511706209380628
5126,0.5166,5,8,5,670720,5724,119222,7034,0.04533645925738183,0.5513403354757799
5127,0.5167,8,8,8,670728,5716,119230,7026,0.045273095932074514,0.5514048030136556
5128,0.5168,14,6,14,670734,5710,119244,7012,0.04522557343809403,0.5511711994969345
5129,0.5169,9,6,9,670740,5704,119253,7003,0.04517805094411355,0.5511135594554183
5130,0.517,4,6,4,670746,5698,119257,6999,0.045130528450133066,0.5512325746239269
5131,0.5171,5,11,5,670757,5687,119262,6994,0.04504340387783551,0.5515337907105118
5132,0.5172,12,5,12,670762,5682,119274,6982,0.04500380179951844,0.5513265950726469
5133,0.5173,5,10,5,670772,5672,119279,6977,0.0449245976428843,0.5515851055419401
5134,0.5174,5,5,5,670777,5667,119284,6972,0.04488499556456723,0.5516259197721338
5135,0.5175,11,4,11,670781,5663,119295,6961,0.04485331390191357,0.5514100126742713
5136,0.5176,5,7,5,670788,5656,119300,6956,0.04479787099226967,0.5515382175705678
5137,0.5177,6,5,6,670793,5651,119306,6950,0.044758268913952605,0.5515435282914054
5138,0.5178,7,9,7,670802,5642,119313,6943,0.04468698517298188,0.5516885180770759
5139,0.5179,7,7,7,670809,5635,119320,6936,0.04463154226333798,0.5517460822528041
5140,0.518,10,6,10,670815,5629,119330,6926,0.0445840197693575,0.551652727996814
5141,0.5181,13,8,13,670823,5621,119343,6913,0.044520656444050184,0.551539811712143
5142,0.5182,12,6,12,670829,5615,119355,6901,0.0444731339500697,0.5513742409715564
5143,0.5183,8,7,8,670836,5608,119363,6893,0.044417691040425804,0.5513958883289337
5144,0.5184,6,2,6,670838,5606,119369,6887,0.044401850209098974,0.5512687104778676
5145,0.5185,10,8,10,670846,5598,119379,6877,0.04433848688379166,0.5512625250501002
5146,0.5186,3,6,3,670852,5592,119382,6874,0.04429096438981118,0.5514198620247072
5147,0.5187,9,5,9,670857,5587,119391,6865,0.044251362311494104,0.5513170575008031
5148,0.5188,6,8,6,670865,5579,119397,6859,0.0441879989861868,0.5514552178806882
5149,0.5189,0,4,0,670869,5575,119397,6859,0.04415631732353314,0.5516326202348399
5150,0.519,5,6,5,670875,5569,119402,6854,0.044108794829552656,0.5517185864927956
5151,0.5191,6,7,6,670882,5562,119408,6848,0.04405335191990876,0.5518130539887188
5152,0.5192,5,10,5,670892,5552,119413,6843,0.043974147763274615,0.5520774505849133
5153,0.5193,7,3,7,670895,5549,119420,6836,0.04395038651628438,0.5519580137262818
5154,0.5194,7,10,7,670905,5539,119427,6829,0.043871182359650235,0.5521507115135834
5155,0.5195,2,8,2,670913,5531,119429,6827,0.04380781903434292,0.5524356692021363
5156,0.5196,5,3,5,670916,5528,119434,6822,0.04378405778735268,0.5523886639676113
5157,0.5197,6,8,6,670924,5520,119440,6816,0.043720694462045365,0.5525291828793775
5158,0.5198,6,10,6,670934,5510,119446,6810,0.04364149030541123,0.5527597402597403
5159,0.5199,14,19,14,670953,5491,119460,6796,0.04349100240780636,0.5531049076259461
5160,0.52,8,2,8,670955,5489,119468,6788,0.043475161576479536,0.5529038038608781
5161,0.5201,6,5,6,670960,5484,119474,6782,0.04343555949816246,0.5529104842654492
5162,0.5202,11,11,11,670971,5473,119485,6771,0.04334843492586491,0.5530055537406077
5163,0.5203,3,9,3,670980,5464,119488,6768,0.04327715118489418,0.5533028122956181
5164,0.5204,5,7,5,670987,5457,119493,6763,0.043221708275250285,0.5534369885433715
5165,0.5205,8,11,8,670998,5446,119501,6755,0.04313458370295273,0.5536431440045898
5166,0.5206,8,7,8,671005,5439,119509,6747,0.04307914079330883,0.5536681437715412
5167,0.5207,5,5,5,671010,5434,119514,6742,0.04303953871499176,0.5537122207621551
5168,0.5208,7,12,7,671022,5422,119521,6735,0.0429444937270308,0.5540018096569878
5169,0.5209,6,9,6,671031,5413,119527,6729,0.04287320998606007,0.5541920606160435
5170,0.521,9,3,9,671034,5410,119536,6720,0.042849448739069824,0.5539983511953833
5171,0.5211,12,7,12,671041,5403,119548,6708,0.04279400582942593,0.5538766410701016
5172,0.5212,5,8,5,671049,5395,119553,6703,0.042730642504118614,0.5540585220697636
5173,0.5213,4,8,4,671057,5387,119557,6699,0.0426672791788113,0.5542776766506702
5174,0.5214,6,5,6,671062,5382,119563,6693,0.042627677100494234,0.5542857142857143
5175,0.5215,6,6,6,671068,5376,119569,6687,0.04258015460651375,0.5543397164884357
5176,0.5216,5,12,5,671080,5364,119574,6682,0.04248510961855278,0.5547069566661132
5177,0.5217,6,14,6,671094,5350,119580,6676,0.04237422379926498,0.5551305504739731
5178,0.5218,8,7,8,671101,5343,119588,6668,0.042318780889621085,0.5551577720422946
5179,0.5219,8,11,8,671112,5332,119596,6660,0.042231656317323535,0.5553702468312208
5180,0.522,9,6,9,671118,5326,119605,6651,0.04218413382334305,0.5553143525089755
5181,0.5221,6,7,6,671125,5319,119611,6645,0.04212869091369915,0.5554162487462387
5182,0.5222,4,10,4,671135,5309,119615,6641,0.04204948675706501,0.5557322175732218
5183,0.5223,6,6,6,671141,5303,119621,6635,0.04200196426308453,0.5557882392360529
5184,0.5224,3,7,3,671148,5296,119624,6632,0.04194652135344063,0.5560026827632462
5185,0.5225,3,10,3,671158,5286,119627,6629,0.04186731719680649,0.556357532522031
5186,0.5226,3,4,3,671162,5282,119630,6626,0.04183563553415283,0.5564326503191132
5187,0.5227,4,6,4,671168,5276,119634,6622,0.041788113040172346,0.5565641284249454
5188,0.5228,8,6,8,671174,5270,119642,6614,0.041740590546191864,0.5565466173005722
5189,0.5229,6,3,6,671177,5267,119648,6608,0.04171682929920162,0.5564631578947369
5190,0.523,8,10,8,671187,5257,119656,6600,0.04163762514256748,0.5566332124483427
5191,0.5231,4,11,4,671198,5246,119660,6596,0.041550500570269926,0.5570005066711704
5192,0.5232,6,12,6,671210,5234,119666,6590,0.04145545558230896,0.55734100135318
5193,0.5233,7,10,7,671220,5224,119673,6583,0.04137625142567482,0.5575506055729652
5194,0.5234,9,1,9,671221,5223,119682,6574,0.0413683310100114,0.5572603204204459
5195,0.5235,8,9,8,671230,5214,119690,6566,0.04129704726904068,0.5573853989813243
5196,0.5236,4,5,4,671235,5209,119694,6562,0.04125744519072361,0.5574717526123524
5197,0.5237,6,6,6,671241,5203,119700,6556,0.041209922696743125,0.5575304022450889
5198,0.5238,11,1,11,671242,5202,119711,6545,0.04120200228107971,0.557163531114327
5199,0.5239,2,11,2,671253,5191,119713,6543,0.04111487770878216,0.5576103630475541
5200,0.524,6,2,6,671255,5189,119719,6537,0.04109903687745533,0.5574791062595941
5201,0.5241,10,8,10,671263,5181,119729,6527,0.041035673552148016,0.5574820635462931
5202,0.5242,9,4,9,671267,5177,119738,6518,0.041003991889494364,0.5573321932449765
5203,0.5243,7,9,7,671276,5168,119745,6511,0.040932708148523636,0.5574963609898108
5204,0.5244,9,10,9,671286,5158,119754,6502,0.040853503991889493,0.5576329331046312
5205,0.5245,11,9,11,671295,5149,119765,6491,0.040782220250918766,0.5576460481099657
5206,0.5246,8,5,8,671300,5144,119773,6483,0.0407426181726017,0.5575814913563258
5207,0.5247,4,11,4,671311,5133,119777,6479,0.04065549360030414,0.5579572855666551
5208,0.5248,10,7,10,671318,5126,119787,6469,0.04060005069066024,0.5579128934885726
5209,0.5249,6,3,6,671321,5123,119793,6463,0.040576289443670005,0.5578284136026238
5210,0.525,7,3,7,671324,5120,119800,6456,0.04055252819667976,0.557705597788528
5211,0.5251,10,6,10,671330,5114,119810,6446,0.04050500570269928,0.5576124567474049
5212,0.5252,12,8,12,671338,5106,119822,6434,0.040441642377391965,0.5575389948006932
5213,0.5253,8,6,8,671344,5100,119830,6426,0.04039411988341148,0.5575221238938053
5214,0.5254,8,3,8,671347,5097,119838,6418,0.04037035863642124,0.5573599652627008
5215,0.5255,4,15,4,671362,5082,119842,6414,0.04025155240147003,0.5579331941544885
5216,0.5256,8,5,8,671367,5077,119850,6406,0.04021195032315296,0.5578681529217103
5217,0.5257,5,5,5,671372,5072,119855,6401,0.04017234824483589,0.5579185914756385
5218,0.5258,6,6,6,671378,5066,119861,6395,0.0401248257508554,0.5579792339237414
5219,0.5259,7,7,7,671385,5059,119868,6388,0.040069382841211504,0.5580501441425701
5220,0.526,5,8,5,671393,5051,119873,6383,0.04000601951590419,0.5582473325170544
5221,0.5261,5,5,5,671398,5046,119878,6378,0.03996641743758712,0.5582983193277311
5222,0.5262,7,6,7,671404,5040,119885,6371,0.03991889494360664,0.5583209184120586
5223,0.5263,5,11,5,671415,5029,119890,6366,0.03983177037130908,0.5586660816147433
5224,0.5264,8,7,8,671422,5022,119898,6358,0.039776327461665185,0.5586994727592267
5225,0.5265,5,6,5,671428,5016,119903,6353,0.0397288049676847,0.558800246283754
5226,0.5266,8,6,8,671434,5010,119911,6345,0.03968128247370422,0.5587846763540291
5227,0.5267,4,3,4,671437,5007,119915,6341,0.039657521226713975,0.5587768769827283
5228,0.5268,16,6,16,671443,5001,119931,6325,0.03960999873273349,0.5584495850256048
5229,0.5269,8,13,8,671456,4988,119939,6317,0.03950703332910911,0.5587793011941619
5230,0.527,5,5,5,671461,4983,119944,6312,0.039467431250792044,0.5588313413014608
5231,0.5271,11,8,11,671469,4975,119955,6301,0.03940406792548473,0.5587974459028024
5232,0.5272,10,5,10,671474,4970,119965,6291,0.03936446584716766,0.5586537607672498
5233,0.5273,8,4,8,671478,4966,119973,6283,0.039332784184514004,0.558538536758823
5234,0.5274,4,8,4,671486,4958,119977,6279,0.03926942085920669,0.5587790335498799
5235,0.5275,5,7,5,671493,4951,119982,6274,0.039213977949562794,0.5589309576837417
5236,0.5276,7,4,7,671497,4947,119989,6267,0.039182296286909134,0.5588550026752274
5237,0.5277,7,6,7,671503,4941,119996,6260,0.03913477379292865,0.5588786715471833
5238,0.5278,9,10,9,671513,4931,120005,6251,0.039055569636294515,0.559023430513325
5239,0.5279,3,5,3,671518,4926,120008,6248,0.03901596755797744,0.5591551816717379
5240,0.528,5,5,5,671523,4921,120013,6243,0.03897636547966037,0.5592081691150126
5241,0.5281,3,5,3,671528,4916,120016,6240,0.038936763401343305,0.5593402653280746
5242,0.5282,5,5,5,671533,4911,120021,6235,0.03889716132302623,0.559393504396196
5243,0.5283,12,8,12,671541,4903,120033,6223,0.03883379799771892,0.5593205105159087
5244,0.5284,8,4,8,671545,4899,120041,6215,0.038802116335065265,0.5592046068022314
5245,0.5285,0,4,0,671549,4895,120041,6215,0.038770434672411605,0.5594059405940595
5246,0.5286,5,1,5,671550,4894,120046,6210,0.0387625142567482,0.5592579250720461
5247,0.5287,9,5,9,671555,4889,120055,6201,0.03872291217843112,0.5591523895401262
5248,0.5288,3,7,3,671562,4882,120058,6198,0.038667469268787225,0.5593862815884476
5249,0.5289,4,4,4,671566,4878,120062,6194,0.03863578760613357,0.559429190751445
5250,0.529,5,6,5,671572,4872,120067,6189,0.03858826511215309,0.5595334960672633
5251,0.5291,7,3,7,671575,4869,120074,6182,0.038564503865162844,0.5594063885621211
5252,0.5292,5,7,5,671582,4862,120079,6177,0.038509060955518946,0.5595615544886312
5253,0.5293,5,2,5,671584,4860,120084,6172,0.038493220124192117,0.5594633792603336
5254,0.5294,9,8,9,671592,4852,120093,6163,0.038429856798884804,0.5595097594189741
5255,0.5295,5,8,5,671600,4844,120098,6158,0.03836649347357749,0.5597164151972369
5256,0.5296,3,5,3,671605,4839,120101,6155,0.03832689139526042,0.5598508277242132
5257,0.5297,8,4,8,671609,4835,120109,6147,0.03829520973260677,0.5597341103624112
5258,0.5298,11,2,11,671611,4833,120120,6136,0.03827936890127994,0.55939465767162
5259,0.5299,4,8,4,671619,4825,120124,6132,0.03821600557597263,0.5596422378388245
5260,0.53,4,3,4,671622,4822,120128,6128,0.03819224432898238,0.559634703196347
5261,0.5301,2,3,2,671625,4819,120130,6126,0.038168483081992145,0.5597076290543628
5262,0.5302,3,7,3,671632,4812,120133,6123,0.03811304017234825,0.5599451303155006
5263,0.5303,6,10,6,671642,4802,120139,6117,0.038033836015714105,0.5602161370088836
5264,0.5304,2,4,2,671646,4798,120141,6115,0.038002154353060445,0.560340877852103
5265,0.5305,6,7,6,671653,4791,120147,6109,0.03794671144341655,0.5604587155963303
5266,0.5306,4,10,4,671663,4781,120151,6105,0.03786750728678241,0.5608120521771082
5267,0.5307,7,9,7,671672,4772,120158,6098,0.037796223545811684,0.5609935602575897
5268,0.5308,5,16,5,671688,4756,120163,6093,0.03766949689519706,0.561618582357821
5269,0.5309,9,5,9,671693,4751,120172,6084,0.03762989481687999,0.5615136132902631
5270,0.531,5,4,5,671697,4747,120177,6079,0.03759821315422633,0.5615185664141881
5271,0.5311,3,6,3,671703,4741,120180,6076,0.03755069066024585,0.561708421928446
5272,0.5312,3,8,3,671711,4733,120183,6073,0.037487327334938536,0.5620025911530631
5273,0.5313,3,4,3,671715,4729,120186,6070,0.03745564567228488,0.5620890823224373
5274,0.5314,7,7,7,671722,4722,120193,6063,0.037400202762640986,0.5621696801112657
5275,0.5315,3,5,3,671727,4717,120196,6060,0.03736060068432391,0.5623086202097058
5276,0.5316,6,7,6,671734,4710,120202,6054,0.03730515777468001,0.5624303232998885
5277,0.5317,6,4,6,671738,4706,120208,6048,0.03727347611202636,0.5623953877626929
5278,0.5318,3,5,3,671743,4701,120211,6045,0.03723387403370929,0.562534896705751
5279,0.5319,7,2,7,671745,4699,120218,6038,0.03721803320238246,0.5623544751792866
5280,0.532,4,2,4,671747,4697,120222,6034,0.03720219237105563,0.5622961513372472
5281,0.5321,8,6,8,671753,4691,120230,6026,0.03715466987707515,0.5622842213305963
5282,0.5322,12,6,12,671759,4685,120242,6014,0.03710714738309467,0.5621086082811477
5283,0.5323,7,3,7,671762,4682,120249,6007,0.03708338613610442,0.5619796052016092
5284,0.5324,15,5,15,671767,4677,120264,5992,0.037043784057787355,0.5616271440622363
5285,0.5325,6,6,6,671773,4671,120270,5986,0.03699626156380687,0.5616965374870977
5286,0.5326,7,3,7,671776,4668,120277,5979,0.03697250031681663,0.5615666384897154
5287,0.5327,10,10,10,671786,4658,120287,5969,0.036893296160182484,0.5616825068222452
5288,0.5328,8,8,8,671794,4650,120295,5961,0.03682993283487517,0.5617755159739892
5289,0.5329,5,3,5,671797,4647,120300,5956,0.036806171587884934,0.5617278128831463
5290,0.533,3,3,3,671800,4644,120303,5953,0.03678241034089469,0.5617627630461451
5291,0.5331,3,4,3,671804,4640,120306,5950,0.036750728678241036,0.5618508026440038
5292,0.5332,9,10,9,671814,4630,120315,5941,0.036671524521606894,0.5620092706461073
5293,0.5333,4,5,4,671819,4625,120319,5937,0.036631922443289826,0.5621094489679985
5294,0.5334,4,8,4,671827,4617,120323,5933,0.03656855911798251,0.5623696682464455
5295,0.5335,7,4,7,671831,4613,120330,5926,0.03653687745532885,0.5622924376126768
5296,0.5336,4,8,4,671839,4605,120334,5922,0.03647351413002154,0.5625534340267883
5297,0.5337,4,6,4,671845,4599,120338,5918,0.03642599163604106,0.5627079965769706
5298,0.5338,4,6,4,671851,4593,120342,5914,0.036378469142060575,0.5628628533358713
5299,0.5339,7,3,7,671854,4590,120349,5907,0.03635470789507033,0.5627322092026293
5300,0.534,4,6,4,671860,4584,120353,5903,0.03630718540108985,0.5628873843806618
5301,0.5341,3,6,3,671866,4578,120356,5900,0.036259662907109365,0.5630845581217789
5302,0.5342,9,7,9,671873,4571,120365,5891,0.03620421999746547,0.5630854521124068
5303,0.5343,3,7,3,671880,4564,120368,5888,0.03614877708782157,0.5633371603520857
5304,0.5344,6,7,6,671887,4557,120374,5882,0.03609333417817767,0.563463933326947
5305,0.5345,8,2,8,671889,4555,120382,5874,0.03607749334685084,0.5632371272413462
5306,0.5346,4,4,4,671893,4551,120386,5870,0.03604581168419719,0.5632856731599655
5307,0.5347,5,3,5,671896,4548,120391,5865,0.036022050437206944,0.5632382598674733
5308,0.5348,8,5,8,671901,4543,120399,5857,0.035982448358889876,0.5631730769230769
5309,0.5349,7,10,7,671911,4533,120406,5850,0.035903244202255734,0.5634209765963595
5310,0.535,10,7,10,671918,4526,120416,5840,0.035847801292611836,0.5633802816901409
5311,0.5351,5,6,5,671924,4520,120421,5835,0.03580027879863135,0.5634958957025592
5312,0.5352,8,7,8,671931,4513,120429,5827,0.035744835888987456,0.5635396518375242
5313,0.5353,2,9,2,671940,4504,120431,5825,0.03567355214801673,0.5639461709749249
5314,0.5354,9,9,9,671949,4495,120440,5816,0.035602268407046,0.5640578023470081
5315,0.5355,6,9,6,671958,4486,120446,5810,0.03553098466607527,0.5642968142968143
5316,0.5356,5,9,5,671967,4477,120451,5805,0.03545970092510455,0.5645788757051158
5317,0.5357,7,6,7,671973,4471,120458,5798,0.03541217843112406,0.5646119388450677
5318,0.5358,5,6,5,671979,4465,120463,5793,0.03536465593714358,0.5647299668551374
5319,0.5359,4,7,4,671986,4458,120467,5789,0.03530921302749968,0.5649458378061871
5320,0.536,6,4,6,671990,4454,120473,5783,0.03527753136484603,0.5649115951939044
5321,0.5361,7,4,7,671994,4450,120480,5776,0.03524584970219237,0.5648347349892431
5322,0.5362,3,5,3,671999,4445,120483,5773,0.0352062476238753,0.5649833626932863
5323,0.5363,7,6,7,672005,4439,120490,5766,0.03515872512989482,0.5650171484566389
5324,0.5364,6,1,6,672006,4438,120496,5760,0.035150804714231404,0.5648166307119042
5325,0.5365,10,7,10,672013,4431,120506,5750,0.035095361804587506,0.5647775267655437
5326,0.5366,8,11,8,672024,4420,120514,5742,0.03500823723228995,0.5650462507380437
5327,0.5367,6,3,6,672027,4417,120520,5736,0.03498447598529971,0.5649561705899734
5328,0.5368,2,1,2,672028,4416,120522,5734,0.034976555569636296,0.5649261083743843
5329,0.5369,4,3,4,672031,4413,120526,5730,0.03495279432264605,0.564921620822242
5330,0.537,5,2,5,672033,4411,120531,5725,0.03493695349131922,0.5648184688239937
5331,0.5371,7,8,7,672041,4403,120538,5718,0.034873590166011915,0.5649639363699239
5332,0.5372,5,5,5,672046,4398,120543,5713,0.03483398808769484,0.5650281871229355
5333,0.5373,6,6,6,672052,4392,120549,5707,0.03478646559371436,0.5651054559857411
5334,0.5374,10,4,10,672056,4388,120559,5697,0.034754783931060705,0.5648983639067923
5335,0.5375,3,7,3,672063,4381,120562,5694,0.0346993410214168,0.5651612903225807
5336,0.5376,8,9,8,672072,4372,120570,5686,0.03462805728044608,0.5653211374030622
5337,0.5377,4,6,4,672078,4366,120574,5682,0.0345805347864656,0.5654856687898089
5338,0.5378,6,2,6,672080,4364,120580,5676,0.03456469395513877,0.5653386454183267
5339,0.5379,3,5,3,672085,4359,120583,5673,0.03452509187682169,0.5654904306220095
5340,0.538,6,13,6,672098,4346,120589,5667,0.03442212647319731,0.5659642464795765
5341,0.5381,4,5,4,672103,4341,120593,5663,0.034382524394880244,0.5660735705717713
5342,0.5382,4,2,4,672105,4339,120597,5659,0.034366683563553414,0.5660132026405281
5343,0.5383,5,5,5,672110,4334,120602,5654,0.034327081485236347,0.566079295154185
5344,0.5384,12,7,12,672117,4327,120614,5642,0.03427163857559245,0.5659544588223493
5345,0.5385,9,5,9,672122,4322,120623,5633,0.034232036497275374,0.5658463083877449
5346,0.5386,9,6,9,672128,4316,120632,5624,0.03418451400329489,0.56579476861167
5347,0.5387,11,2,11,672130,4314,120643,5613,0.03416867317196806,0.5654276216379571
5348,0.5388,8,3,8,672133,4311,120651,5605,0.034144911924977824,0.5652480839048003
5349,0.5389,6,4,6,672137,4307,120657,5599,0.034113230262324164,0.5652130022208762
5350,0.539,6,6,6,672143,4301,120663,5593,0.03406570776834368,0.5652920962199313
5351,0.5391,3,5,3,672148,4296,120666,5590,0.03402610569002661,0.5654460853732551
5352,0.5392,5,4,5,672152,4292,120671,5585,0.03399442402737295,0.5654550977017313
5353,0.5393,5,7,5,672159,4285,120676,5580,0.033938981117729056,0.565636087176888
5354,0.5394,3,8,3,672167,4277,120679,5577,0.03387561779242174,0.5659630606860159
5355,0.5395,9,6,9,672173,4271,120688,5568,0.03382809529844126,0.5659111698343328
5356,0.5396,6,3,6,672176,4268,120694,5562,0.03380433405145102,0.5658189216683621
5357,0.5397,5,3,5,672179,4265,120699,5557,0.03378057280446078,0.5657707187945429
5358,0.5398,3,7,3,672186,4258,120702,5554,0.03372512989481688,0.566041581736649
5359,0.5399,6,1,6,672187,4257,120708,5548,0.033717209479153465,0.5658337582865884
5360,0.54,10,5,10,672192,4252,120718,5538,0.0336776074008364,0.5656792645556691
5361,0.5401,6,4,6,672196,4248,120724,5532,0.03364592573818274,0.5656441717791411
5362,0.5402,3,6,3,672202,4242,120727,5529,0.033598403244202255,0.565858151673319
5363,0.5403,6,5,6,672207,4237,120733,5523,0.03355880116588519,0.5658811475409836
5364,0.5404,7,7,7,672214,4230,120740,5516,0.03350335825624129,0.5659757849374102
5365,0.5405,11,7,11,672221,4223,120751,5505,0.03344791534659739,0.5658922697368421
5366,0.5406,3,3,3,672224,4220,120754,5502,0.033424154099607147,0.5659329356099568
5367,0.5407,8,11,8,672235,4209,120762,5494,0.033337029527309596,0.5662166340307121
5368,0.5408,6,5,6,672240,4204,120768,5488,0.03329742744899252,0.566240198101527
5369,0.5409,9,1,9,672241,4203,120777,5479,0.033289507033329106,0.5658954761412931
5370,0.541,5,7,5,672248,4196,120782,5474,0.03323406412368521,0.5660806618407446
5371,0.5411,6,3,6,672251,4193,120788,5468,0.03321030287669497,0.5659869578718559
5372,0.5412,6,4,6,672255,4189,120794,5462,0.03317862121404131,0.5659517148482023
5373,0.5413,4,2,4,672257,4187,120798,5458,0.03316278038271449,0.5658890616899949
5374,0.5414,10,2,10,672259,4185,120808,5448,0.03314693955138766,0.5655559015882903
5375,0.5415,4,5,4,672264,4180,120812,5444,0.03310733747307058,0.5656691604322527
5376,0.5416,4,3,4,672267,4177,120816,5440,0.033083576226080345,0.5656649682853281
5377,0.5417,5,7,5,672274,4170,120821,5435,0.03302813331643645,0.5658511192087454
5378,0.5418,3,4,3,672278,4166,120824,5432,0.03299645165378279,0.5659512398416336
5379,0.5419,2,3,2,672281,4163,120826,5430,0.03297269040679255,0.5660377358490566
5380,0.542,4,11,4,672292,4152,120830,5426,0.03288556583449499,0.5665065775736062
5381,0.5421,1,4,1,672296,4148,120831,5425,0.03285388417184134,0.5666980048051813
5382,0.5422,7,5,7,672301,4143,120838,5418,0.032814282093524265,0.5666771258236586
5383,0.5423,6,7,6,672308,4136,120844,5412,0.03275883918388037,0.5668202764976958
5384,0.5424,8,5,8,672313,4131,120852,5404,0.0327192371055633,0.5667540639748295
5385,0.5425,11,6,11,672319,4125,120863,5393,0.03267171461158282,0.5666106324858163
5386,0.5426,10,8,10,672327,4117,120873,5383,0.032608351286275504,0.5666315789473684
5387,0.5427,4,9,4,672336,4108,120877,5379,0.032537067545304776,0.5669864024454516
5388,0.5428,6,5,6,672341,4103,120883,5373,0.03249746546698771,0.5670113972140144
5389,0.5429,6,6,6,672347,4097,120889,5367,0.032449942973007226,0.5670963651732882
5390,0.543,8,4,8,672351,4093,120897,5359,0.032418261310353566,0.5669699534490055
5391,0.5431,7,5,7,672356,4088,120904,5352,0.0323786592320365,0.5669491525423729
5392,0.5432,8,4,8,672360,4084,120912,5344,0.03234697756938284,0.566822231650403
5393,0.5433,2,7,2,672367,4077,120914,5342,0.03229153465973894,0.5671515022826202
5394,0.5434,6,4,6,672371,4073,120920,5336,0.03225985299708529,0.567116590498459
5395,0.5435,6,4,6,672375,4069,120926,5330,0.03222817133443163,0.5670816044260027
5396,0.5436,1,6,1,672381,4063,120927,5329,0.032180648840451145,0.5673977853492334
5397,0.5437,2,4,2,672385,4059,120929,5327,0.03214896717779749,0.5675474110377158
5398,0.5438,13,9,13,672394,4050,120942,5314,0.032077683436826765,0.5674925245621529
5399,0.5439,7,6,7,672400,4044,120949,5307,0.03203016094284628,0.5675328841835098
5400,0.544,4,8,4,672408,4036,120953,5303,0.03196679761753897,0.5678338151836385
5401,0.5441,5,8,5,672416,4028,120958,5298,0.03190343429223166,0.5680892129530345
5402,0.5442,6,4,6,672420,4024,120964,5292,0.031871752629578,0.5680549592099614
5403,0.5443,7,6,7,672426,4018,120971,5285,0.031824230135597514,0.5680963130173062
5404,0.5444,9,4,9,672430,4014,120980,5276,0.03179254847294386,0.5679224973089343
5405,0.5445,3,9,3,672439,4005,120983,5273,0.031721264731973134,0.5683336926061652
5406,0.5446,11,6,11,672445,3999,120994,5262,0.03167374223799265,0.5681891804340784
5407,0.5447,6,3,6,672448,3996,121000,5256,0.031649980991002406,0.5680933852140078
5408,0.5448,4,8,4,672456,3988,121004,5252,0.031586617665695094,0.5683982683982683
5409,0.5449,7,4,7,672460,3984,121011,5245,0.03155493600304144,0.5683172608083216
5410,0.545,4,4,4,672464,3980,121015,5241,0.03152325434038778,0.5683765318295195
5411,0.5451,2,2,2,672466,3978,121017,5239,0.03150741350906096,0.5684062059238364
5412,0.5452,1,3,1,672469,3975,121018,5238,0.03148365226207071,0.5685444480625204
5413,0.5453,7,6,7,672475,3969,121025,5231,0.03143612976809023,0.5685869565217392
5414,0.5454,3,4,3,672479,3965,121028,5228,0.03140444810543657,0.5686935711954748
5415,0.5455,5,3,5,672482,3962,121033,5223,0.03138068685844633,0.568644529123571
5416,0.5456,3,7,3,672489,3955,121036,5220,0.031325243948802435,0.5689373297002724
5417,0.5457,7,4,7,672493,3951,121043,5213,0.031293562286148775,0.5688563945875164
5418,0.5458,8,2,8,672495,3949,121051,5205,0.03127772145482195,0.5686038890102687
5419,0.5459,4,5,4,672500,3944,121055,5201,0.031238119376504878,0.568726079825041
5420,0.546,11,5,11,672505,3939,121066,5190,0.03119851729818781,0.568517909957279
5421,0.5461,7,4,7,672509,3935,121073,5183,0.031166835635534153,0.5684360605395921
5422,0.5462,2,5,2,672514,3930,121075,5181,0.031127233557217082,0.5686532762594666
5423,0.5463,5,13,5,672527,3917,121080,5176,0.031024268153592702,0.5692290773122182
5424,0.5464,5,5,5,672532,3912,121085,5171,0.03098466607527563,0.5693052956071782
5425,0.5465,10,5,10,672537,3907,121095,5161,0.03094506399695856,0.5691442434936039
5426,0.5466,5,6,5,672543,3901,121100,5156,0.030897541502978076,0.5692834271833941
5427,0.5467,8,4,8,672547,3897,121108,5148,0.03086585984032442,0.5691542288557214
5428,0.5468,8,3,8,672550,3894,121116,5140,0.03084209859333418,0.5689617002435244
5429,0.5469,5,9,5,672559,3885,121121,5135,0.03077081485236345,0.5692904656319291
5430,0.547,6,4,6,672563,3881,121127,5129,0.030739133189709795,0.5692563817980022
5431,0.5471,5,7,5,672570,3874,121132,5124,0.030683690280065897,0.5694598799733274
5432,0.5472,7,5,7,672575,3869,121139,5117,0.03064408820174883,0.569441353216114
5433,0.5473,3,7,3,672582,3862,121142,5114,0.030588645292104928,0.5697415329768271
5434,0.5474,5,6,5,672588,3856,121147,5109,0.030541122798124445,0.569882877858338
5435,0.5475,5,9,5,672597,3847,121152,5104,0.030469839057153718,0.5702156183666629
5436,0.5476,6,3,6,672600,3844,121158,5098,0.030446077810163476,0.5701185417132633
5437,0.5477,4,8,4,672608,3836,121162,5094,0.030382714484856164,0.5704367301231803
5438,0.5478,8,9,8,672617,3827,121170,5086,0.03031143074388544,0.5706271737910916
5439,0.5479,5,11,5,672628,3816,121175,5081,0.030224306171587886,0.5710913791165562
5440,0.548,8,3,8,672631,3813,121183,5073,0.030200544924597644,0.5708980418636057
5441,0.5481,6,7,6,672638,3806,121189,5067,0.030145102014953743,0.5710582666516398
5442,0.5482,5,6,5,672644,3800,121194,5062,0.03009757952097326,0.5712028887384337
5443,0.5483,5,7,5,672651,3793,121199,5057,0.030042136611329363,0.5714124293785311
5444,0.5484,4,6,4,672657,3787,121203,5053,0.02999461411734888,0.5716063348416289
5445,0.5485,6,4,6,672661,3783,121209,5047,0.029962932454695224,0.5715741789354474
5446,0.5486,2,9,2,672670,3774,121211,5045,0.029891648713724496,0.5720603242998072
5447,0.5487,6,6,6,672676,3768,121217,5039,0.029844126219744013,0.5721585102759169
5448,0.5488,11,6,11,672682,3762,121228,5028,0.029796603725763527,0.5720136518771332
5449,0.5489,2,3,2,672685,3759,121230,5026,0.029772842478773286,0.5721115537848606
5450,0.549,10,4,10,672689,3755,121240,5016,0.02974116081611963,0.5718846197696956
5451,0.5491,5,2,5,672691,3753,121245,5011,0.029725319984792803,0.5717708808763122
5452,0.5492,8,5,8,672696,3748,121253,5003,0.02968571790647573,0.5717060907324877
5453,0.5493,4,5,4,672701,3743,121257,4999,0.02964611582815866,0.5718371082132235
5454,0.5494,7,8,7,672709,3735,121264,4992,0.02958275250285135,0.5720178755586112
5455,0.5495,4,6,4,672715,3729,121268,4988,0.029535230008870865,0.572215211655386
5456,0.5496,4,3,4,672718,3726,121272,4984,0.029511468761880624,0.5722158438576349
5457,0.5497,9,10,9,672728,3716,121281,4975,0.029432264605246485,0.5724312507191347
5458,0.5498,7,8,7,672736,3708,121288,4968,0.029368901279939172,0.5726141078838174
5459,0.5499,4,8,4,672744,3700,121292,4964,0.02930553795463186,0.5729455216989843
5460,0.55,7,5,7,672749,3695,121299,4957,0.029265935876314788,0.5729311141932502
5461,0.5501,5,5,5,672754,3690,121304,4952,0.02922633379799772,0.5730155056699838
5462,0.5502,6,3,6,672757,3687,121310,4946,0.029202572551007475,0.5729178732769605
5463,0.5503,3,10,3,672767,3677,121313,4943,0.029123368394373336,0.5734338747099768
5464,0.5504,4,6,4,672773,3671,121317,4939,0.029075845900392853,0.5736353077816493
5465,0.5505,5,8,5,672781,3663,121322,4934,0.02901248257508554,0.5739211352797488
5466,0.5506,7,3,7,672784,3660,121329,4927,0.0289887213280953,0.5737743100034937
5467,0.5507,5,5,5,672789,3655,121334,4922,0.028949119249778228,0.5738603241226536
5468,0.5508,5,3,5,672792,3652,121339,4917,0.028925358002787987,0.5738125802310655
5469,0.5509,1,4,1,672796,3648,121340,4916,0.02889367634013433,0.5740308267164876
5470,0.551,4,6,4,672802,3642,121344,4912,0.028846153846153848,0.5742342763619359
5471,0.5511,2,8,2,672810,3634,121346,4910,0.028782790520846535,0.5746722846441947
5472,0.5512,5,5,5,672815,3629,121351,4905,0.028743188442529464,0.5747597843918444
5473,0.5513,3,4,3,672819,3625,121354,4902,0.028711506779875808,0.5748797935968102
5474,0.5514,8,3,8,672822,3622,121362,4894,0.028687745532885566,0.5746829497416628
5475,0.5515,6,4,6,672826,3618,121368,4888,0.02865606387023191,0.5746531859863626
5476,0.5516,8,5,8,672831,3613,121376,4880,0.02861646179191484,0.5745908395148946
5477,0.5517,6,5,6,672836,3608,121382,4874,0.02857685971359777,0.574628625324216
5478,0.5518,5,5,5,672841,3603,121387,4869,0.0285372576352807,0.5747167138810199
5479,0.5519,3,4,3,672845,3599,121390,4866,0.028505575972627043,0.5748375664500887
5480,0.552,7,4,7,672849,3595,121397,4859,0.028473894309973387,0.5747575112372841
5481,0.5521,5,4,5,672853,3591,121402,4854,0.02844221264731973,0.5747779751332149
5482,0.5522,4,7,4,672860,3584,121406,4850,0.028386769737675833,0.575053355465971
5483,0.5523,6,5,6,672865,3579,121412,4844,0.02834716765935876,0.5750920099726938
5484,0.5524,5,5,5,672870,3574,121417,4839,0.028307565581041694,0.5751812670866516
5485,0.5525,7,8,7,672878,3566,121424,4832,0.02824420225573438,0.5753750893069779
5486,0.5526,5,1,5,672879,3565,121429,4827,0.028236281840070966,0.5751906577693041
5487,0.5527,2,2,2,672881,3563,121431,4825,0.02822044100874414,0.5752265140677157
5488,0.5528,8,5,8,672886,3558,121439,4817,0.02818083893042707,0.5751641791044776
5489,0.5529,8,2,8,672888,3556,121447,4809,0.028164998099100242,0.5748953974895398
5490,0.553,4,4,4,672892,3552,121451,4805,0.028133316436446586,0.574967093454589
5491,0.5531,8,2,8,672894,3550,121459,4797,0.028117475605119756,0.5746974961063855
5492,0.5532,2,5,2,672899,3545,121461,4795,0.028077873526802688,0.5749400479616307
5493,0.5533,7,2,7,672901,3543,121468,4788,0.028062032695475858,0.5747209218581203
5494,0.5534,2,2,2,672903,3541,121470,4786,0.02804619186414903,0.5747568151795365
5495,0.5535,7,1,7,672904,3540,121477,4779,0.028038271448485617,0.574468085106383
5496,0.5536,6,6,6,672910,3534,121483,4773,0.027990748954505134,0.5745756590827014
5497,0.5537,7,5,7,672915,3529,121490,4766,0.027951146876188063,0.5745629897528631
5498,0.5538,4,2,4,672917,3527,121494,4762,0.027935306044861233,0.5744963204246591
5499,0.5539,2,4,2,672921,3523,121496,4760,0.02790362438220758,0.5746710129180249
5500,0.554,5,3,5,672924,3520,121501,4755,0.027879863135217335,0.5746223564954682
5501,0.5541,2,2,2,672926,3518,121503,4753,0.02786402230389051,0.5746584451698706
5502,0.5542,7,2,7,672928,3516,121510,4746,0.02784818147256368,0.5744371822803195
5503,0.5543,3,2,3,672930,3514,121513,4743,0.027832340641236852,0.5744217027976263
5504,0.5544,7,4,7,672934,3510,121520,4736,0.027800658978583196,0.5743390734901771
5505,0.5545,4,6,4,672940,3504,121524,4732,0.027753136484602713,0.5745507527926178
5506,0.5546,7,9,7,672949,3495,121531,4725,0.027681852743631986,0.5748175182481752
5507,0.5547,4,4,4,672953,3491,121535,4721,0.02765017108097833,0.5748904042864101
5508,0.5548,4,6,4,672959,3485,121539,4717,0.027602648586997847,0.5751036332601804
5509,0.5549,4,5,4,672964,3480,121543,4713,0.027563046508680775,0.5752471622116441
5510,0.555,3,2,3,672966,3478,121546,4710,0.02754720567735395,0.5752320468978994
5511,0.5551,7,2,7,672968,3476,121553,4703,0.02753136484602712,0.575009169825162
5512,0.5552,5,3,5,672971,3473,121558,4698,0.027507603599036878,0.5749602251866357
5513,0.5553,6,11,6,672982,3462,121564,4692,0.027420479026739324,0.5754231052244297
5514,0.5554,3,2,3,672984,3460,121567,4689,0.027404638195412494,0.5754080255246042
5515,0.5555,6,2,6,672986,3458,121573,4683,0.027388797364085667,0.5752364574376613
5516,0.5556,3,3,3,672989,3455,121576,4680,0.027365036117095426,0.5752919483712354
5517,0.5557,6,3,6,672992,3452,121582,4674,0.027341274870105185,0.5751907457543687
5518,0.5558,7,2,7,672994,3450,121589,4667,0.027325434038778355,0.574966120487865
5519,0.5559,3,2,3,672996,3448,121592,4664,0.027309593207451528,0.5749506903353058
5520,0.556,5,3,5,672999,3445,121597,4659,0.027285831960461283,0.5749012833168805
5521,0.5561,6,6,6,673005,3439,121603,4653,0.0272383094664808,0.5750123578843302
5522,0.5562,2,4,2,673009,3435,121605,4651,0.027206627803827144,0.5751916893395993
5523,0.5563,2,8,2,673017,3427,121607,4649,0.02714326447851983,0.5756562654779593
5524,0.5564,3,6,3,673023,3421,121610,4646,0.02709574198453935,0.5759266146027023
5525,0.5565,3,8,3,673031,3413,121613,4643,0.027032378659232036,0.5763406156901688
5526,0.5566,3,3,3,673034,3410,121616,4640,0.027008617412241795,0.5763975155279503
5527,0.5567,11,5,11,673039,3405,121627,4629,0.026969015333924724,0.5761762509335325
5528,0.5568,4,4,4,673043,3401,121631,4625,0.026937333671271067,0.5762521804136557
5529,0.5569,6,4,6,673047,3397,121637,4619,0.02690565200861741,0.5762225548902196
5530,0.557,9,3,9,673050,3394,121646,4610,0.02688189076162717,0.5759620189905047
5531,0.5571,8,5,8,673055,3389,121654,4602,0.026842288683310102,0.5758978851207609
5532,0.5572,3,6,3,673061,3383,121657,4599,0.026794766189329616,0.5761713856176397
5533,0.5573,4,2,4,673063,3381,121661,4595,0.02677892535800279,0.5761033099297894
5534,0.5574,3,3,3,673066,3378,121664,4592,0.026755164111012544,0.5761606022584692
5535,0.5575,5,4,5,673070,3374,121669,4587,0.02672348244835889,0.5761838964954151
5536,0.5576,3,11,3,673081,3363,121672,4584,0.026636357876061334,0.5768214420536051
5537,0.5577,3,7,3,673088,3356,121675,4581,0.026580914966417436,0.5771702154466423
5538,0.5578,7,5,7,673093,3351,121682,4574,0.02654131288810037,0.5771608832807571
5539,0.5579,2,4,2,673097,3347,121684,4572,0.026509631225446712,0.5773456244475312
5540,0.558,6,3,6,673100,3344,121690,4566,0.02648586997845647,0.57724399494311
5541,0.5581,5,3,5,673103,3341,121695,4561,0.026462108731466226,0.5771956466717286
5542,0.5582,5,4,5,673107,3337,121700,4556,0.02643042706881257,0.5772203218041302
5543,0.5583,6,3,6,673110,3334,121706,4550,0.026406665821822328,0.5771182141045155
5544,0.5584,7,1,7,673111,3333,121713,4543,0.026398745406158917,0.5768156424581006
5545,0.5585,2,5,2,673116,3328,121715,4541,0.026359143327841845,0.577074596517982
5546,0.5586,5,3,5,673119,3325,121720,4536,0.026335382080851604,0.5770258236865539
5547,0.5587,6,4,6,673123,3321,121726,4530,0.026303700418197948,0.57699656094765
5548,0.5588,5,5,5,673128,3316,121731,4525,0.026264098339880877,0.5770947583216427
5549,0.5589,5,3,5,673131,3313,121736,4520,0.026240337092890635,0.5770458317375208
5550,0.559,9,4,9,673135,3309,121745,4511,0.02620865543023698,0.5768542199488491
5551,0.5591,4,4,4,673139,3305,121749,4507,0.026176973767583323,0.5769329237071172
5552,0.5592,1,5,1,673144,3300,121750,4506,0.02613737168926625,0.5772482705611068
5553,0.5593,9,6,9,673150,3294,121759,4497,0.02608984919528577,0.5772044666923373
5554,0.5594,5,3,5,673153,3291,121764,4492,0.026066087948295527,0.5771553385583965
5555,0.5595,10,5,10,673158,3286,121774,4482,0.026026485869978456,0.5769824922760041
5556,0.5596,6,8,6,673166,3278,121780,4476,0.025963122544671143,0.5772504513799329
5557,0.5597,7,2,7,673168,3276,121787,4469,0.025947281713344317,0.5770174306003873
5558,0.5598,9,2,9,673170,3274,121796,4460,0.025931440882017487,0.5766744246185673
5559,0.5599,5,5,5,673175,3269,121801,4455,0.02589183880370042,0.5767736923873641
5560,0.56,4,3,4,673178,3266,121805,4451,0.025868077556710178,0.5767785408837631
5561,0.5601,4,2,4,673180,3264,121809,4447,0.025852236725383348,0.5767085981066009
5562,0.5602,6,1,6,673181,3263,121815,4441,0.025844316309719933,0.5764537902388369
5563,0.5603,4,2,4,673183,3261,121819,4437,0.025828475478393106,0.5763834762275916
5564,0.5604,3,4,3,673187,3257,121822,4434,0.02579679381573945,0.5765180080613704
5565,0.5605,4,2,4,673189,3255,121826,4430,0.025780952984412624,0.5764476252439817
5566,0.5606,7,1,7,673190,3254,121833,4423,0.02577303256874921,0.5761365116581998
5567,0.5607,7,3,7,673193,3251,121840,4416,0.025749271321758967,0.5759749576105386
5568,0.5608,3,3,3,673196,3248,121843,4413,0.025725510074768723,0.5760344602532307
5569,0.5609,5,2,5,673198,3246,121848,4408,0.025709669243441896,0.5759080219493076
5570,0.561,4,8,4,673206,3238,121852,4404,0.025646305918134583,0.5762889295995812
5571,0.5611,2,8,2,673214,3230,121854,4402,0.02558294259282727,0.5767819706498952
5572,0.5612,6,5,6,673219,3225,121860,4396,0.025543340514510203,0.5768271880330665
5573,0.5613,3,8,3,673227,3217,121863,4393,0.02547997718920289,0.5772667542706964
5574,0.5614,6,4,6,673231,3213,121869,4387,0.025448295526549234,0.5772368421052632
5575,0.5615,1,5,1,673236,3208,121870,4386,0.025408693448232163,0.5775612325520147
5576,0.5616,1,4,1,673240,3204,121871,4385,0.025377011785578506,0.57780998814073
5577,0.5617,6,3,6,673243,3201,121877,4379,0.025353250538588265,0.5777044854881267
5578,0.5618,4,9,4,673252,3192,121881,4375,0.025281966797617537,0.5781683626271971
5579,0.5619,6,7,6,673259,3185,121887,4369,0.02522652388797364,0.5783690759862324
5580,0.562,2,4,2,673263,3181,121889,4367,0.025194842225319983,0.5785638579756227
5581,0.5621,3,1,3,673264,3180,121892,4364,0.025186921809656572,0.5784729586426299
5582,0.5622,4,1,4,673265,3179,121896,4360,0.025179001393993157,0.5783260379360657
5583,0.5623,7,2,7,673267,3177,121903,4353,0.025163160562666327,0.5780876494023904
5584,0.5624,5,6,5,673273,3171,121908,4348,0.025115638068685844,0.5782683867535576
5585,0.5625,3,4,3,673277,3167,121911,4345,0.025083956406032188,0.5784078807241747
5586,0.5626,8,2,8,673279,3165,121919,4337,0.02506811557470536,0.5781125033324447
5587,0.5627,8,5,8,673284,3160,121927,4329,0.02502851349638829,0.5780478034450528
5588,0.5628,5,6,5,673290,3154,121932,4324,0.024980991002407808,0.5782294731211554
5589,0.5629,4,5,4,673295,3149,121936,4320,0.024941388924090736,0.578390681483465
5590,0.563,4,4,4,673299,3145,121940,4316,0.02490970726143708,0.5784747352901756
5591,0.5631,4,1,4,673300,3144,121944,4312,0.024901786845773665,0.5783261802575107
5592,0.5632,3,5,3,673305,3139,121947,4309,0.024862184767456597,0.5785445757250268
5593,0.5633,4,7,4,673312,3132,121951,4305,0.0248067418578127,0.5788624445340863
5594,0.5634,5,7,5,673319,3125,121956,4300,0.0247512989481688,0.5791245791245792
5595,0.5635,3,6,3,673325,3119,121959,4297,0.024703776454188316,0.5794228694714132
5596,0.5636,5,2,5,673327,3117,121964,4292,0.02468793562286149,0.5792954514779323
5597,0.5637,4,2,4,673329,3115,121968,4288,0.02467209479153466,0.5792246386600027
5598,0.5638,3,4,3,673333,3111,121971,4285,0.024640413128881003,0.579367225527312
5599,0.5639,4,2,4,673335,3109,121975,4281,0.024624572297554177,0.5792963464140731
5600,0.564,5,3,5,673338,3106,121980,4276,0.024600811050563935,0.5792468165808724
5601,0.5642,5,1,5,673339,3105,121985,4271,0.02459289063490052,0.5790401301518439
5602,0.5643,6,4,6,673343,3101,121991,4265,0.024561208972246864,0.5790116752647299
5603,0.5644,4,4,4,673347,3097,121995,4261,0.024529527309593208,0.5790975808643654
5604,0.5645,5,5,5,673352,3092,122000,4256,0.024489925231276136,0.5792052259118128
5605,0.5646,3,3,3,673355,3089,122003,4253,0.024466163984285895,0.5792699536910924
5606,0.5647,5,4,5,673359,3085,122008,4248,0.02443448232163224,0.5792990590481385
5607,0.5648,4,10,4,673369,3075,122012,4244,0.0243552781649981,0.5798606366990026
5608,0.5649,6,4,6,673373,3071,122018,4238,0.024323596502344443,0.5798330825010262
5609,0.565,7,4,7,673377,3067,122025,4231,0.024291914839690787,0.5797478761304466
5610,0.5651,3,4,3,673381,3063,122028,4228,0.02426023317703713,0.5798930187902894
5611,0.5652,6,7,6,673388,3056,122034,4222,0.024204790267393233,0.5801044242923881
5612,0.5653,2,1,2,673389,3055,122036,4220,0.024196869851729818,0.5800687285223368
5613,0.5654,4,5,4,673394,3050,122040,4216,0.02415726777341275,0.5802367189650427
5614,0.5655,4,9,4,673403,3041,122044,4212,0.024085984032442023,0.5807252171515235
5615,0.5656,4,3,4,673406,3038,122048,4208,0.02406222278545178,0.5807341981783053
5616,0.5657,7,6,7,673412,3032,122055,4201,0.024014700291471295,0.5808101755841283
5617,0.5658,6,5,6,673417,3027,122061,4195,0.023975098213154227,0.5808640265854333
5618,0.5659,9,3,9,673420,3024,122070,4186,0.023951336966163986,0.5805825242718446
5619,0.566,2,6,2,673426,3018,122072,4184,0.0239038144721835,0.5809497361843933
5620,0.5661,6,2,6,673428,3016,122078,4178,0.023887973640856673,0.5807617458993606
5621,0.5662,9,5,9,673433,3011,122087,4169,0.023848371562539602,0.5806406685236769
5622,0.5663,2,11,2,673444,3000,122089,4167,0.023761246990242048,0.5814148179154458
5623,0.5664,5,1,5,673445,2999,122094,4162,0.023753326574578633,0.581203742494065
5624,0.5665,7,2,7,673447,2997,122101,4155,0.023737485743251806,0.5809563758389261
5625,0.5666,5,2,5,673449,2995,122106,4150,0.023721644911924977,0.5808257522743177
5626,0.5667,2,3,2,673452,2992,122108,4148,0.023697883664934735,0.580952380952381
5627,0.5668,9,3,9,673455,2989,122117,4139,0.023674122417944494,0.5806677890011224
5628,0.5669,6,6,6,673461,2983,122123,4133,0.02362659992396401,0.5808038223721191
5629,0.567,5,5,5,673466,2978,122128,4128,0.02358699784564694,0.580917534477906
5630,0.5671,8,5,8,673471,2973,122136,4120,0.02354739576732987,0.5808543634569293
5631,0.5672,4,1,4,673472,2972,122140,4116,0.023539475351666457,0.5806997742663657
5632,0.5673,4,6,4,673478,2966,122144,4112,0.02349195285768597,0.5809550720542526
5633,0.5674,5,5,5,673483,2961,122149,4107,0.0234523507793689,0.5810696095076401
5634,0.5675,4,2,4,673485,2959,122153,4103,0.023436509948042073,0.5809968847352025
5635,0.5676,6,4,6,673489,2955,122159,4097,0.023404828285388417,0.5809699376063528
5636,0.5677,5,3,5,673492,2952,122164,4092,0.023381067038398175,0.5809199318568995
5637,0.5678,3,5,3,673497,2947,122167,4089,0.023341464960081104,0.5811540648095509
5638,0.5679,4,3,4,673500,2944,122171,4085,0.023317703713090863,0.5811637501778347
5639,0.568,4,5,4,673505,2939,122175,4081,0.02327810163477379,0.5813390313390313
5640,0.5681,10,1,10,673506,2938,122185,4071,0.02327018121911038,0.5808246540162648
5641,0.5682,6,3,6,673509,2935,122191,4065,0.023246419972120135,0.5807142857142857
5642,0.5683,7,3,7,673512,2932,122198,4058,0.023222658725129894,0.5805436337625178
5643,0.5684,6,2,6,673514,2930,122204,4052,0.023206817893803067,0.5803494700658837
5644,0.5685,5,5,5,673519,2925,122209,4047,0.023167215815485996,0.5804647160068847
5645,0.5686,4,5,4,673524,2920,122213,4043,0.02312761373716893,0.5806405285078271
5646,0.5687,3,5,3,673529,2915,122216,4040,0.023088011658851857,0.5808770668583753
5647,0.5688,6,2,6,673531,2913,122222,4034,0.023072170827525027,0.580682308910321
5648,0.5689,1,3,1,673534,2910,122223,4033,0.023048409580534786,0.5808728215468818
5649,0.569,6,5,6,673539,2905,122229,4027,0.023008807502217718,0.5809290248124639
5650,0.5691,3,4,3,673543,2901,122232,4024,0.02297712583956406,0.5810830324909747
5651,0.5692,3,4,3,673547,2897,122235,4021,0.022945444176910405,0.5812373518357907
5652,0.5693,7,5,7,673552,2892,122242,4014,0.022905842098593334,0.58123370981755
5653,0.5694,8,3,8,673555,2889,122250,4006,0.022882080851603093,0.5810007251631617
5654,0.5695,6,5,6,673560,2884,122256,4000,0.02284247877328602,0.5810575246949448
5655,0.5696,5,8,5,673568,2876,122261,3995,0.02277911544797871,0.5814291951680978
5656,0.5697,4,4,4,673572,2872,122265,3991,0.022747433785325052,0.5815241148185925
5657,0.5698,9,4,9,673576,2868,122274,3982,0.022715752122671396,0.5813138686131387
5658,0.5699,4,6,4,673582,2862,122278,3978,0.022668229628690913,0.5815789473684211
5659,0.57,8,6,8,673588,2856,122286,3970,0.02262070713471043,0.5815997656021096
5660,0.5701,6,4,6,673592,2852,122292,3964,0.022589025472056774,0.5815727699530516
5661,0.5702,1,10,1,673602,2842,122293,3963,0.022509821315422632,0.5823659074210139
5662,0.5703,9,8,9,673610,2834,122302,3954,0.022446457990115323,0.5824985268120212
5663,0.5704,5,3,5,673613,2831,122307,3949,0.022422696743125078,0.5824483775811209
5664,0.5705,5,3,5,673616,2828,122312,3944,0.022398935496134836,0.5823981098641465
5665,0.5706,4,5,4,673621,2823,122316,3940,0.02235933341781777,0.5825816945142688
5666,0.5707,5,3,5,673624,2820,122321,3935,0.022335572170827524,0.5825314581791265
5667,0.5708,7,8,7,673632,2812,122328,3928,0.022272208845520215,0.5827893175074184
5668,0.5709,2,8,2,673640,2804,122330,3926,0.022208845520212902,0.5833580980683507
5669,0.571,2,4,2,673644,2800,122332,3924,0.022177163857559246,0.5835812016656752
5670,0.5711,6,4,6,673648,2796,122338,3918,0.02214548219490559,0.5835567470956211
5671,0.5712,0,3,0,673651,2793,122338,3918,0.022121720947915348,0.5838176128743854
5672,0.5713,4,9,4,673660,2784,122342,3914,0.02205043720694462,0.5843535383696626
5673,0.5714,2,7,2,673667,2777,122344,3912,0.021994994297300723,0.5848407833756915
5674,0.5715,4,1,4,673668,2776,122348,3908,0.021987073881637308,0.5846798324356672
5675,0.5716,4,2,4,673670,2774,122352,3904,0.02197123305031048,0.5846061695118299
5676,0.5717,8,6,8,673676,2768,122360,3896,0.021923710556329995,0.5846338535414166
5677,0.5718,2,3,2,673679,2765,122362,3894,0.021899949309339754,0.5847724883616159
5678,0.5719,4,4,4,673683,2761,122366,3890,0.021868267646686097,0.5848744549691776
5679,0.572,8,7,8,673690,2754,122374,3882,0.0218128247370422,0.5849909584086799
5680,0.5721,4,4,4,673694,2750,122378,3878,0.021781143074388543,0.5850935425467713
5681,0.5722,4,2,4,673696,2748,122382,3874,0.021765302243061717,0.5850196315312595
5682,0.5723,8,3,8,673699,2745,122390,3866,0.021741540996071475,0.5847829375283619
5683,0.5724,4,3,4,673702,2742,122394,3862,0.02171777974908123,0.5847970926711085
5684,0.5725,5,8,5,673710,2734,122399,3857,0.021654416423773918,0.5851919283871947
5685,0.5726,4,2,4,673712,2732,122403,3853,0.02163857559244709,0.5851176917236143
5686,0.5727,9,4,9,673716,2728,122412,3844,0.021606893929793435,0.5849056603773585
5687,0.5728,7,5,7,673721,2723,122419,3837,0.021567291851476364,0.5849085365853659
5688,0.5729,6,3,6,673724,2720,122425,3831,0.021543530604486123,0.5847962143184247
5689,0.573,2,0,2,673724,2720,122427,3829,0.021543530604486123,0.5846694151778897
5690,0.5731,3,5,3,673729,2715,122430,3826,0.021503928526169055,0.5849258523161596
5691,0.5732,3,4,3,673733,2711,122433,3823,0.0214722468635154,0.5850933578206305
5692,0.5733,3,3,3,673736,2708,122436,3820,0.021448485616525154,0.585171568627451
5693,0.5734,3,5,3,673741,2703,122439,3817,0.021408883538208086,0.5854294478527607
5694,0.5735,2,2,2,673743,2701,122441,3815,0.021393042706881256,0.5854818907305095
5695,0.5736,6,2,6,673745,2699,122447,3809,0.02137720187555443,0.585279655808236
5696,0.5737,3,5,3,673750,2694,122450,3806,0.021337599797237358,0.5855384615384616
5697,0.5738,8,6,8,673756,2688,122458,3798,0.021290077303256875,0.5855689176688251
5698,0.5739,1,1,1,673757,2687,122459,3797,0.02128215688759346,0.5855953115360888
5699,0.574,1,3,1,673760,2684,122460,3796,0.02125839564060322,0.5858024691358025
5700,0.5741,3,6,3,673766,2678,122463,3793,0.021210873146622736,0.5861536084067378
5701,0.5742,3,2,3,673768,2676,122466,3790,0.021195032315295907,0.586142901330034
5702,0.5743,4,4,4,673772,2672,122470,3786,0.02116335065264225,0.5862496128832456
5703,0.5744,3,5,3,673777,2667,122473,3783,0.02112374857432518,0.5865116279069768
5704,0.5745,6,5,6,673782,2662,122479,3777,0.02108414649600811,0.5865817673551794
5705,0.5746,4,2,4,673784,2660,122483,3773,0.02106830566468128,0.5865070729053319
5706,0.5747,1,3,1,673787,2657,122484,3772,0.02104454441769104,0.5867164411261472
5707,0.5748,4,2,4,673789,2655,122488,3768,0.021028703586364213,0.5866417561886969
5708,0.5749,6,4,6,673793,2651,122494,3762,0.020997021923710557,0.5866209262435678
5709,0.575,5,2,5,673795,2649,122499,3757,0.020981181092383727,0.5864814236653138
5710,0.5751,5,3,5,673798,2646,122504,3752,0.020957419845393486,0.5864332603938731
5711,0.5752,5,3,5,673801,2643,122509,3747,0.020933658598403244,0.5863849765258216
5712,0.5753,6,4,6,673805,2639,122515,3741,0.020901976935749588,0.5863636363636363
5713,0.5754,6,1,6,673806,2638,122521,3735,0.020894056520086173,0.5860662168523458
5714,0.5755,3,7,3,673813,2631,122524,3732,0.020838613610442275,0.5865157944365865
5715,0.5756,3,3,3,673816,2628,122527,3729,0.020814852363452034,0.5865974516281265
5716,0.5757,1,2,1,673818,2626,122528,3728,0.020799011532125204,0.5867170286433743
5717,0.5758,7,9,7,673827,2617,122535,3721,0.02072772779115448,0.5870937204165352
5718,0.5759,5,3,5,673830,2614,122540,3716,0.02070396654416424,0.587045813586098
5719,0.576,6,4,6,673834,2610,122546,3710,0.020672284881510582,0.5870253164556962
5720,0.5761,2,4,2,673838,2606,122548,3708,0.020640603218856926,0.5872663921444409
5721,0.5762,5,5,5,673843,2601,122553,3703,0.020601001140539855,0.5874048223350253
5722,0.5763,6,2,6,673845,2599,122559,3697,0.02058516030921303,0.5871982210927573
5723,0.5764,3,4,3,673849,2595,122562,3694,0.020553478646559372,0.5873747813642869
5724,0.5765,3,5,3,673854,2590,122565,3691,0.0205138765682423,0.587645279414106
5725,0.5766,5,5,5,673859,2585,122570,3686,0.020474274489925233,0.5877850422580131
5726,0.5767,8,6,8,673865,2579,122578,3678,0.020426751995944747,0.5878216397634649
5727,0.5768,4,3,4,673868,2576,122582,3674,0.020402990748954505,0.58784
5728,0.5769,4,1,4,673869,2575,122586,3670,0.02039507033329109,0.5876701361088871
5729,0.577,7,3,7,673872,2572,122593,3663,0.02037130908630085,0.5874899759422614
5730,0.5771,5,7,5,673879,2565,122598,3658,0.02031586617665695,0.5878193797203921
5731,0.5772,4,4,4,673883,2561,122602,3654,0.020284184514003295,0.5879324215607401
5732,0.5773,5,2,5,673885,2559,122607,3649,0.020268343682676465,0.5877899484536082
5733,0.5774,6,2,6,673887,2557,122613,3643,0.02025250285134964,0.5875806451612903
5734,0.5775,4,2,4,673889,2555,122617,3639,0.020236662020022812,0.5875040361640297
5735,0.5776,4,4,4,673893,2551,122621,3635,0.020204980357369156,0.5876172001293243
5736,0.5777,2,3,2,673896,2548,122623,3633,0.02018121911037891,0.5877689694224235
5737,0.5778,0,6,0,673902,2542,122623,3633,0.02013369661639843,0.5883400809716599
5738,0.5779,4,2,4,673904,2540,122627,3629,0.020117855785071602,0.5882639001458907
5739,0.578,4,4,4,673908,2536,122631,3625,0.020086174122417946,0.5883785099821458
5740,0.5781,3,2,3,673910,2534,122634,3622,0.020070333291091116,0.5883690708252112
5741,0.5782,3,5,3,673915,2529,122637,3619,0.020030731212774048,0.5886467143786597
5742,0.5783,2,5,2,673920,2524,122639,3617,0.019991129134456977,0.5889920208435109
5743,0.5784,2,3,2,673923,2521,122641,3615,0.019967367887466735,0.5891460234680573
5744,0.5785,10,3,10,673926,2518,122651,3605,0.019943606640476494,0.5887636779356524
5745,0.5786,10,0,10,673926,2518,122661,3595,0.019943606640476494,0.5880909537052184
5746,0.5787,9,2,9,673928,2516,122670,3586,0.019927765809149664,0.5876761717469682
5747,0.5788,5,8,5,673936,2508,122675,3581,0.01986440248384235,0.5881097060272623
5748,0.5789,2,2,2,673938,2506,122677,3579,0.019848561652515525,0.5881676253081347
5749,0.579,3,5,3,673943,2501,122680,3576,0.019808959574198454,0.5884482474905381
5750,0.5791,2,5,2,673948,2496,122682,3574,0.019769357495881382,0.5887973640856672
5751,0.5792,3,4,3,673952,2492,122685,3571,0.019737675833227726,0.5889823519709715
5752,0.5793,3,7,3,673959,2485,122688,3568,0.01968223292358383,0.5894597720138774
5753,0.5794,8,7,8,673966,2478,122696,3560,0.01962679001393993,0.5895992050347797
5754,0.5795,0,2,0,673968,2476,122696,3560,0.019610949182613104,0.5897945659377071
5755,0.5796,4,6,4,673974,2470,122700,3556,0.019563426688632618,0.5901095253899767
5756,0.5797,3,2,3,673976,2468,122703,3553,0.01954758585730579,0.5901013120744062
5757,0.5798,4,6,4,673982,2462,122707,3549,0.01950006336332531,0.5904175677923806
5758,0.5799,5,4,5,673986,2458,122712,3544,0.019468381700671653,0.5904698433855382
5759,0.58,2,1,2,673987,2457,122714,3542,0.019460461285008238,0.5904317386231038
5760,0.5801,3,5,3,673992,2452,122717,3539,0.019420859206691166,0.5907194124520113
5761,0.5802,5,1,5,673993,2451,122722,3534,0.019412938791027755,0.5904761904761905
5762,0.5803,7,3,7,673996,2448,122729,3527,0.01938917754403751,0.5902928870292887
5763,0.5804,1,1,1,673997,2447,122730,3526,0.0193812571283741,0.590323120709861
5764,0.5805,1,5,1,674002,2442,122731,3525,0.019341655050057027,0.5907491201608849
5765,0.5806,1,6,1,674008,2436,122732,3524,0.019294132556076544,0.5912751677852349
5766,0.5807,2,3,2,674011,2433,122734,3522,0.0192703713090863,0.5914357682619648
5767,0.5808,2,0,2,674011,2433,122736,3520,0.0192703713090863,0.5912985049554846
5768,0.5809,2,2,2,674013,2431,122738,3518,0.019254530477759473,0.591359892418894
5769,0.581,4,6,4,674019,2425,122742,3514,0.019207007983778987,0.591682101363866
5770,0.5811,3,1,3,674020,2424,122745,3511,0.019199087568115576,0.591575400168492
5771,0.5812,4,2,4,674022,2422,122749,3507,0.019183246736788746,0.5914994096812278
5772,0.5813,3,3,3,674025,2419,122752,3504,0.019159485489798504,0.5915920985986831
5773,0.5814,1,6,1,674031,2413,122753,3503,0.01911196299581802,0.5921230561189993
5774,0.5815,2,2,2,674033,2411,122755,3501,0.01909612216449119,0.5921853856562923
5775,0.5816,5,9,5,674042,2402,122760,3496,0.019024838423520467,0.5927433028145134
5776,0.5817,10,5,10,674047,2397,122770,3486,0.018985236345203396,0.5925548189699134
5777,0.5818,7,4,7,674051,2393,122777,3479,0.01895355468254974,0.5924727520435967
5778,0.5819,2,2,2,674053,2391,122779,3477,0.018937713851222913,0.5925357873210634
5779,0.582,2,1,2,674054,2390,122781,3475,0.0189297934355595,0.5924978687127025
5780,0.5821,9,4,9,674058,2386,122790,3466,0.018898111772905842,0.5922761449077238
5781,0.5822,4,2,4,674060,2384,122794,3462,0.018882270941579016,0.5921997947314404
5782,0.5823,4,3,4,674063,2381,122798,3458,0.01885850969458877,0.5922246960095907
5783,0.5824,2,4,2,674067,2377,122800,3456,0.018826828031935115,0.5924909994856848
5784,0.5825,4,3,4,674070,2374,122804,3452,0.018803066784944873,0.5925163062135256
5785,0.5826,3,5,3,674075,2369,122807,3449,0.018763464706627805,0.592815400481265
5786,0.5827,0,5,0,674080,2364,122807,3449,0.018723862628310734,0.5933253053500774
5787,0.5828,5,1,5,674081,2363,122812,3444,0.01871594221264732,0.5930773204752885
5788,0.5829,5,5,5,674086,2358,122817,3439,0.018676340134330248,0.5932378816629291
5789,0.583,12,1,12,674087,2357,122829,3427,0.018668419718666836,0.5924965421853389
5790,0.5831,4,0,4,674087,2357,122833,3423,0.018668419718666836,0.5922145328719723
5791,0.5832,6,5,6,674092,2352,122839,3417,0.018628817640349765,0.5923036921476859
5792,0.5833,8,1,8,674093,2351,122847,3409,0.01862089722468635,0.5918402777777778
5793,0.5834,2,5,2,674098,2346,122849,3407,0.018581295146369282,0.592212758560751
5794,0.5835,0,4,0,674102,2342,122849,3407,0.018549613483715626,0.5926248043137937
5795,0.5836,3,4,3,674106,2338,122852,3404,0.01851793182106197,0.5928247997213515
5796,0.5837,3,2,3,674108,2336,122855,3401,0.01850209098973514,0.5928185462785428
5797,0.5838,5,3,5,674111,2333,122860,3396,0.0184783297427449,0.5927736079595043
5798,0.5839,4,1,4,674112,2332,122864,3392,0.018470409327081484,0.5925925925925926
5799,0.584,1,5,1,674117,2327,122865,3391,0.018430807248764416,0.593039524309199
5800,0.5841,4,5,4,674122,2322,122869,3387,0.018391205170447344,0.5932737782448765
5801,0.5842,6,7,6,674129,2315,122875,3381,0.018335762260803447,0.5935744382022472
5802,0.5843,4,2,4,674131,2313,122879,3377,0.01831992142947662,0.5934973637961336
5803,0.5844,2,4,2,674135,2309,122881,3375,0.018288239766822964,0.5937719915552427
5804,0.5845,1,3,1,674138,2306,122882,3374,0.01826447851983272,0.5940140845070423
5805,0.5846,3,6,3,674144,2300,122885,3371,0.018216956025852236,0.594427790513137
5806,0.5847,4,1,4,674145,2299,122889,3367,0.01820903561018882,0.5942463819272855
5807,0.5848,8,2,8,674147,2297,122897,3359,0.018193194778861995,0.5938826025459689
5808,0.5849,5,3,5,674150,2294,122902,3354,0.018169433531871754,0.5938385269121813
5809,0.585,7,4,7,674154,2290,122909,3347,0.018137751869218097,0.5937555437289338
5810,0.5851,7,1,7,674155,2289,122916,3340,0.018129831453554682,0.5933558358500621
5811,0.5852,7,4,7,674159,2285,122923,3333,0.018098149790901026,0.5932716269134923
5812,0.5853,8,8,8,674167,2277,122931,3325,0.018034786465593713,0.5935380221349518
5813,0.5854,8,3,8,674170,2274,122939,3317,0.018011025218603472,0.5932749060990878
5814,0.5855,3,1,3,674171,2273,122942,3314,0.018003104802940057,0.593162699122964
5815,0.5856,4,3,4,674174,2270,122946,3310,0.017979343555949816,0.5931899641577061
5816,0.5857,0,5,0,674179,2265,122946,3310,0.017939741477632744,0.5937219730941704
5817,0.5858,5,2,5,674181,2263,122951,3305,0.017923900646305918,0.5935704022988506
5818,0.5859,5,4,5,674185,2259,122956,3300,0.017892218983652262,0.5936319481921208
5819,0.586,9,4,9,674189,2255,122965,3291,0.017860537320998605,0.5934006491164804
5820,0.5861,4,1,4,674190,2254,122969,3287,0.01785261690533519,0.5932142212597005
5821,0.5862,3,4,3,674194,2250,122972,3284,0.017820935242681538,0.5934224792193712
5822,0.5863,6,1,6,674195,2249,122978,3278,0.017813014827018123,0.5930884747602678
5823,0.5864,3,4,3,674199,2245,122981,3275,0.017781333164364466,0.5932971014492754
5824,0.5865,4,4,4,674203,2241,122985,3271,0.01774965150171081,0.5934325108853411
5825,0.5866,6,4,6,674207,2237,122991,3265,0.017717969839057154,0.5934205743366049
5826,0.5867,4,0,4,674207,2237,122995,3261,0.017717969839057154,0.5931247726445981
5827,0.5868,5,1,5,674208,2236,123000,3256,0.01771004942339374,0.5928623452294246
5828,0.5869,3,4,3,674212,2232,123003,3253,0.017678367760740082,0.5930720145852324
5829,0.587,2,1,2,674213,2231,123005,3251,0.01767044734507667,0.5930317402407881
5830,0.5871,4,5,4,674218,2226,123009,3247,0.0176308452667596,0.5932760825872465
5831,0.5872,3,6,3,674224,2220,123012,3244,0.017583322772779117,0.5937042459736457
5832,0.5873,3,6,3,674230,2214,123015,3241,0.01753580027879863,0.5941338221814849
5833,0.5874,2,3,2,674233,2211,123017,3239,0.01751203903180839,0.5943119266055046
5834,0.5875,4,4,4,674237,2207,123021,3235,0.017480357369154733,0.5944505696435134
5835,0.5876,1,2,1,674239,2205,123022,3234,0.017464516537827907,0.5945945945945946
5836,0.5877,7,4,7,674243,2201,123029,3227,0.01743283487517425,0.5945099484156227
5837,0.5878,3,3,3,674246,2198,123032,3224,0.017409073628184005,0.5946145333825157
5838,0.5879,4,2,4,674248,2196,123036,3220,0.01739323279685718,0.5945347119645494
5839,0.588,1,4,1,674252,2192,123037,3219,0.017361551134203523,0.5948992792459804
5840,0.5881,4,1,4,674253,2191,123041,3215,0.017353630718540108,0.5947095819459859
5841,0.5882,2,3,2,674256,2188,123043,3213,0.017329869471549866,0.5948898352157008
5842,0.5883,1,3,1,674259,2185,123044,3212,0.017306108224559625,0.5951454511765796
5843,0.5884,1,2,1,674261,2183,123045,3211,0.0172902673932328,0.5952910641453467
5844,0.5885,0,2,0,674263,2181,123045,3211,0.01727442656190597,0.5955118694362018
5845,0.5886,4,2,4,674265,2179,123049,3207,0.017258585730579142,0.5954326030449313
5846,0.5887,2,0,2,674265,2179,123051,3205,0.017258585730579142,0.5952823179791976
5847,0.5888,5,2,5,674267,2177,123056,3200,0.017242744899252312,0.5951273944578761
5848,0.5889,1,0,1,674267,2177,123057,3199,0.017242744899252312,0.5950520833333334
5849,0.589,10,6,10,674273,2171,123067,3189,0.01719522240527183,0.5949626865671642
5850,0.5891,6,4,6,674277,2167,123073,3183,0.017163540742618173,0.5949532710280374
5851,0.5892,4,6,4,674283,2161,123077,3179,0.017116018248637687,0.5953183520599251
5852,0.5893,1,4,1,674287,2157,123078,3178,0.01708433658598403,0.595688847235239
5853,0.5894,7,1,7,674288,2156,123085,3171,0.01707641617032062,0.59526938239159
5854,0.5895,4,4,4,674292,2152,123089,3167,0.017044734507666963,0.5954126715548035
5855,0.5896,2,3,2,674295,2149,123091,3165,0.01702097326067672,0.5955965374482499
5856,0.5897,4,4,4,674299,2145,123095,3161,0.016989291598023065,0.5957406709385601
5857,0.5898,5,5,5,674304,2140,123100,3156,0.016949689519705994,0.5959214501510574
5858,0.5899,5,3,5,674307,2137,123105,3151,0.016925928272715753,0.5958774583963692
5859,0.59,9,4,9,674311,2133,123114,3142,0.016894246610062096,0.5956398104265402
5860,0.5901,6,5,6,674316,2128,123120,3136,0.016854644531745025,0.5957446808510638
5861,0.5902,1,2,1,674318,2126,123121,3135,0.0168388037004182,0.5958943166698346
5862,0.5903,4,3,4,674321,2123,123125,3131,0.016815042453427957,0.5959269128283213
5863,0.5904,5,3,5,674324,2120,123130,3126,0.016791281206437712,0.5958825772016775
5864,0.5905,5,2,5,674326,2118,123135,3121,0.016775440375110886,0.5957243748807024
5865,0.5906,5,3,5,674329,2115,123140,3116,0.016751679128120645,0.5956796023704837
5866,0.5907,3,3,3,674332,2112,123143,3113,0.016727917881130403,0.5957894736842105
5867,0.5908,4,1,4,674333,2111,123147,3109,0.016719997465466988,0.5955938697318007
5868,0.5909,3,3,3,674336,2108,123150,3106,0.016696236218476747,0.5957038741848868
5869,0.591,2,2,2,674338,2106,123152,3104,0.016680395387149917,0.5957773512476008
5870,0.5911,7,1,7,674339,2105,123159,3097,0.016672474971486502,0.5953479430988081
5871,0.5912,6,3,6,674342,2102,123165,3091,0.01664871372449626,0.5952243404583093
5872,0.5913,4,5,4,674347,2097,123169,3087,0.016609111646179193,0.5954861111111112
5873,0.5914,4,2,4,674349,2095,123173,3083,0.016593270814852363,0.5954036307454615
5874,0.5915,7,2,7,674351,2093,123180,3076,0.016577429983525536,0.5950860901528342
5875,0.5916,4,4,4,674355,2089,123184,3072,0.01654574832087188,0.5952334818833559
5876,0.5917,2,4,2,674359,2085,123186,3070,0.016514066658218224,0.5955383123181377
5877,0.5918,2,2,2,674361,2083,123188,3068,0.016498225826891394,0.5956125024267133
5878,0.5919,4,3,4,674364,2080,123192,3064,0.016474464579901153,0.5956454121306376
5879,0.592,2,6,2,674370,2074,123194,3062,0.01642694208592067,0.596183800623053
5880,0.5921,2,3,2,674373,2071,123196,3060,0.01640318083893043,0.5963749756382771
5881,0.5922,6,3,6,674376,2068,123202,3054,0.016379419591940184,0.5962514642717689
5882,0.5923,2,2,2,674378,2066,123204,3052,0.016363578760613357,0.5963266901133255
5883,0.5924,1,3,1,674381,2063,123205,3051,0.016339817513623116,0.5965975752835354
5884,0.5925,6,6,6,674387,2057,123211,3045,0.01629229501964263,0.5968247745981968
5885,0.5926,5,5,5,674392,2052,123216,3040,0.016252692941325562,0.5970149253731343
5886,0.5927,5,7,5,674399,2045,123221,3035,0.016197250031681664,0.5974409448818898
5887,0.5928,3,5,3,674404,2040,123224,3032,0.016157647953364593,0.5977917981072555
5888,0.5929,4,2,4,674406,2038,123228,3028,0.016141807122037763,0.5977102250296091
5889,0.593,6,1,6,674407,2037,123234,3022,0.01613388670637435,0.5973512551887725
5890,0.5931,4,3,4,674410,2034,123238,3018,0.01611012545938411,0.5973871733966746
5891,0.5932,5,3,5,674413,2031,123243,3013,0.016086364212393865,0.5973433782712133
5892,0.5933,7,4,7,674417,2027,123250,3006,0.01605468254974021,0.5972580965626862
5893,0.5934,5,2,5,674419,2025,123255,3001,0.016038841718413382,0.5970951054516515
5894,0.5935,4,3,4,674422,2022,123259,2997,0.01601508047142314,0.5971309025702332
5895,0.5936,3,1,3,674423,2021,123262,2994,0.016007160055759726,0.5970089730807577
5896,0.5937,0,4,0,674427,2017,123262,2994,0.01597547839310607,0.5974855318299741
5897,0.5938,2,4,2,674431,2013,123264,2992,0.015943796730452413,0.5978021978021978
5898,0.5939,5,4,5,674435,2009,123269,2987,0.015912115067798757,0.5978783026421137
5899,0.594,2,3,2,674438,2006,123271,2985,0.015888353820808516,0.5980765377679824
5900,0.5941,6,4,6,674442,2002,123277,2979,0.01585667215815486,0.5980726761694439
5901,0.5942,3,4,3,674446,1998,123280,2976,0.015824990495501203,0.5983112183353438
5902,0.5943,0,4,0,674450,1994,123280,2976,0.015793308832847547,0.5987927565392354
5903,0.5944,3,1,3,674451,1993,123283,2973,0.015785388417184135,0.598670962545308
5904,0.5945,3,6,3,674457,1987,123286,2970,0.01573786592320365,0.5991527133346782
5905,0.5946,7,3,7,674460,1984,123293,2963,0.015714104676213408,0.5989488578936729
5906,0.5947,2,2,2,674462,1982,123295,2961,0.01569826384488658,0.5990289297997168
5907,0.5948,4,5,4,674467,1977,123299,2957,0.01565866176656951,0.5993109039319011
5908,0.5949,2,2,2,674469,1975,123301,2955,0.01564282093524268,0.5993914807302231
5909,0.595,2,4,2,674473,1971,123303,2953,0.015611139272589026,0.5997156783103168
5910,0.5951,5,4,5,674477,1967,123308,2948,0.01557945760993537,0.5997965412004069
5911,0.5952,2,1,2,674478,1966,123310,2946,0.015571537194271956,0.5997557003257329
5912,0.5953,8,2,8,674480,1964,123318,2938,0.015555696362945128,0.5993472052223582
5913,0.5954,4,3,4,674483,1961,123322,2934,0.015531935115954885,0.5993871297242084
5914,0.5955,4,5,4,674488,1956,123326,2930,0.015492333037637815,0.599672533769955
5915,0.5956,4,2,4,674490,1954,123330,2926,0.015476492206310987,0.5995901639344262
5916,0.5957,4,2,4,674492,1952,123334,2922,0.015460651374984159,0.5995075913007797
5917,0.5958,1,3,1,674495,1949,123335,2921,0.015436890127993918,0.5997946611909651
5918,0.5959,0,3,0,674498,1946,123335,2921,0.015413128881003674,0.6001643723032669
5919,0.596,5,6,5,674504,1940,123340,2916,0.015365606387023192,0.600494233937397
5920,0.5961,1,3,1,674507,1937,123341,2915,0.015341845140032949,0.6007831821929102
5921,0.5962,3,2,3,674509,1935,123344,2912,0.01532600430870612,0.6007839900969671
5922,0.5963,5,2,5,674511,1933,123349,2907,0.015310163477379292,0.6006198347107438
5923,0.5964,2,4,2,674515,1929,123351,2905,0.015278481814725638,0.6009515928837402
5924,0.5965,2,5,2,674520,1924,123353,2903,0.015238879736408566,0.6014087424901595
5925,0.5966,7,1,7,674521,1923,123360,2896,0.015230959320745153,0.600954554886906
5926,0.5967,4,5,4,674526,1918,123364,2892,0.015191357242428082,0.6012474012474013
5927,0.5968,3,6,3,674532,1912,123367,2889,0.0151438347484476,0.6017496354926057
5928,0.5969,2,1,2,674533,1911,123369,2887,0.015135914332784184,0.6017090454355981
5929,0.597,3,4,3,674537,1907,123372,2884,0.015104232670130528,0.6019620121060322
5930,0.5971,4,4,4,674541,1903,123376,2880,0.015072551007476872,0.6021325527911353
5931,0.5972,9,5,9,674546,1898,123385,2871,0.015032948929159802,0.6020130006290627
5932,0.5973,6,3,6,674549,1895,123391,2865,0.01500918768216956,0.601890756302521
5933,0.5974,5,3,5,674552,1892,123396,2860,0.014985426435179318,0.6018518518518519
5934,0.5975,5,6,5,674558,1886,123401,2855,0.014937903941198835,0.6021936300358575
5935,0.5976,3,2,3,674560,1884,123404,2852,0.014922063109872007,0.6021959459459459
5936,0.5977,4,3,4,674563,1881,123408,2848,0.014898301862881764,0.6022414886868259
5937,0.5978,4,4,4,674567,1877,123412,2844,0.014866620200228107,0.6024147426392713
5938,0.5979,2,3,2,674570,1874,123414,2842,0.014842858953237866,0.602629346904156
5939,0.598,4,1,4,674571,1873,123418,2838,0.014834938537574453,0.6024198683931224
5940,0.5981,3,3,3,674574,1870,123421,2835,0.01481117729058421,0.6025504782146652
5941,0.5982,5,4,5,674578,1866,123426,2830,0.014779495627930553,0.6026405451448041
5942,0.5983,2,4,2,674582,1862,123428,2828,0.014747813965276899,0.6029850746268657
5943,0.5984,2,4,2,674586,1858,123430,2826,0.014716132302623242,0.60333048676345
5944,0.5985,8,3,8,674589,1855,123438,2818,0.014692371055633,0.6030387331478707
5945,0.5986,3,5,3,674594,1850,123441,2815,0.01465276897731593,0.6034297963558414
5946,0.5987,2,2,2,674596,1848,123443,2813,0.014636928145989101,0.6035185582493027
5947,0.5988,6,2,6,674598,1846,123449,2807,0.014621087314662273,0.6032667096496884
5948,0.5989,4,7,4,674605,1839,123453,2803,0.014565644405018376,0.6038345540715209
5949,0.599,6,4,6,674609,1835,123459,2797,0.01453396274236472,0.6038428324697754
5950,0.5991,3,1,3,674610,1834,123462,2794,0.014526042326701306,0.6037165082108902
5951,0.5992,3,1,3,674611,1833,123465,2791,0.014518121911037891,0.6035899653979239
5952,0.5993,4,4,4,674615,1829,123469,2787,0.014486440248384235,0.6037694974003466
5953,0.5994,3,1,3,674616,1828,123472,2784,0.014478519832720822,0.603642671292281
5954,0.5995,2,0,2,674616,1828,123474,2782,0.014478519832720822,0.603470715835141
5955,0.5996,2,7,2,674623,1821,123476,2780,0.014423076923076924,0.6042164746794175
5956,0.5997,4,5,4,674628,1816,123480,2776,0.014383474844759853,0.6045296167247387
5957,0.5998,8,4,8,674632,1812,123488,2768,0.014351793182106196,0.6043668122270742
5958,0.5999,4,2,4,674634,1810,123492,2764,0.014335952350779368,0.6042850896370792
5959,0.6,3,4,3,674638,1806,123495,2761,0.014304270688125714,0.604554412086709
5960,0.6001,4,5,4,674643,1801,123499,2757,0.014264668609808642,0.604870557261957
5961,0.6002,6,5,6,674648,1796,123505,2751,0.014225066531491573,0.6050142951396525
5962,0.6003,4,1,4,674649,1795,123509,2747,0.01421714611582816,0.6047996477322766
5963,0.6004,5,3,5,674652,1792,123514,2742,0.014193384868837916,0.6047640052933392
5964,0.6005,8,3,8,674655,1789,123522,2734,0.014169623621847675,0.6044660623479992
5965,0.6006,3,4,3,674659,1785,123525,2731,0.014137941959194019,0.6047387068201948
5966,0.6007,6,0,6,674659,1785,123531,2725,0.014137941959194019,0.6042128603104213
5967,0.6008,4,3,4,674662,1782,123535,2721,0.014114180712203776,0.6042638241172552
5968,0.6009,2,2,2,674664,1780,123537,2719,0.01409833988087695,0.604356523671927
5969,0.601,5,2,5,674666,1778,123542,2714,0.014082499049550121,0.6041852181656278
5970,0.6011,2,3,2,674669,1775,123544,2712,0.014058737802559878,0.604412747938489
5971,0.6012,1,2,1,674671,1773,123545,2711,0.01404289697123305,0.6045941123996432
5972,0.6013,6,2,6,674673,1771,123551,2705,0.014027056139906222,0.6043342269883825
5973,0.6014,5,1,5,674674,1770,123556,2700,0.014019135724242808,0.6040268456375839
5974,0.6015,2,3,2,674677,1767,123558,2698,0.013995374477252567,0.6042553191489362
5975,0.6016,0,2,0,674679,1765,123558,2698,0.013979533645925739,0.6045261035178131
5976,0.6017,5,4,5,674683,1761,123563,2693,0.013947851983272083,0.6046250561293219
5977,0.6018,5,1,5,674684,1760,123568,2688,0.013939931567608668,0.60431654676259
5978,0.6019,1,1,1,674685,1759,123569,2687,0.013932011151945254,0.6043634727845254
5979,0.602,3,4,3,674689,1755,123572,2684,0.013900329489291598,0.6046406848389276
5980,0.6021,5,5,5,674694,1750,123577,2679,0.013860727410974528,0.6048769473921879
5981,0.6022,2,3,2,674697,1747,123579,2677,0.013836966163984285,0.6051084990958409
5982,0.6023,6,2,6,674699,1745,123585,2671,0.013821125332657457,0.6048460144927537
5983,0.6024,3,4,3,674703,1741,123588,2668,0.013789443670003803,0.6051258788841007
5984,0.6025,1,3,1,674706,1738,123589,2667,0.01376568242301356,0.6054483541430193
5985,0.6026,3,5,3,674711,1733,123592,2664,0.01372608034469649,0.6058676370252445
5986,0.6027,3,6,3,674717,1727,123595,2661,0.013678557850716005,0.6064266180492252
5987,0.6028,3,0,3,674717,1727,123598,2658,0.013678557850716005,0.606157354618016
5988,0.6029,1,2,1,674719,1725,123599,2657,0.013662717019389177,0.6063441350981287
5989,0.603,3,2,3,674721,1723,123602,2654,0.01364687618806235,0.6063513822252684
5990,0.6031,3,2,3,674723,1721,123605,2651,0.013631035356735521,0.6063586459286368
5991,0.6032,8,2,8,674725,1719,123613,2643,0.013615194525408693,0.6059147180192572
5992,0.6033,6,2,6,674727,1717,123619,2637,0.013599353694081865,0.6056499770326137
5993,0.6034,2,2,2,674729,1715,123621,2635,0.013583512862755037,0.6057471264367816
5994,0.6035,1,6,1,674735,1709,123622,2634,0.013535990368774554,0.6064932074602809
5995,0.6036,3,3,3,674738,1706,123625,2631,0.01351222912178431,0.6066405349319807
5996,0.6037,1,1,1,674739,1705,123626,2630,0.013504308706120897,0.6066897347174164
5997,0.6038,3,2,3,674741,1703,123629,2627,0.01348846787479407,0.6066974595842957
5998,0.6039,3,4,3,674745,1699,123632,2624,0.013456786212140413,0.6069858894286375
5999,0.604,0,3,0,674748,1696,123632,2624,0.013433024965150172,0.6074074074074074
6000,0.6041,6,3,6,674751,1693,123638,2618,0.013409263718159928,0.6072836928786824
6001,0.6042,1,5,1,674756,1688,123639,2617,0.013369661639842859,0.6078977932636469
6002,0.6043,1,1,1,674757,1687,123640,2616,0.013361741224179446,0.6079479432953753
6003,0.6044,1,0,1,674757,1687,123641,2615,0.013361741224179446,0.6078568107856811
6004,0.6045,3,3,3,674760,1684,123644,2612,0.013337979977189203,0.6080074487895717
6005,0.6046,1,1,1,674761,1683,123645,2611,0.01333005956152579,0.6080577550069864
6006,0.6047,3,2,3,674763,1681,123648,2608,0.013314218730198961,0.6080671485194684
6007,0.6048,2,4,2,674767,1677,123650,2606,0.013282537067545305,0.6084520196124212
6008,0.6049,3,3,3,674770,1674,123653,2603,0.013258775820555064,0.6086041617956511
6009,0.605,5,1,5,674771,1673,123658,2598,0.013250855404891649,0.608288457035823
6010,0.6051,4,2,4,674773,1671,123662,2594,0.01323501457356482,0.6082063305978898
6011,0.6052,3,3,3,674776,1668,123665,2591,0.013211253326574579,0.6083587696642404
6012,0.6053,0,3,0,674779,1665,123665,2591,0.013187492079584336,0.6087875939849624
6013,0.6054,3,2,3,674781,1663,123668,2588,0.013171651248257508,0.6087979298988473
6014,0.6055,4,6,4,674787,1657,123672,2584,0.013124128754277025,0.6092902617307239
6015,0.6056,3,3,3,674790,1654,123675,2581,0.013100367507286782,0.6094451003541913
6016,0.6057,3,2,3,674792,1652,123678,2578,0.013084526675959954,0.6094562647754137
6017,0.6058,4,1,4,674793,1651,123682,2574,0.01307660626029654,0.6092307692307692
6018,0.6059,2,0,2,674793,1651,123684,2572,0.01307660626029654,0.6090457021075065
6019,0.606,3,3,3,674796,1648,123687,2569,0.013052845013306297,0.6092008536874556
6020,0.6061,4,3,4,674799,1645,123691,2565,0.013029083766316056,0.6092636579572447
6021,0.6062,1,1,1,674800,1644,123692,2564,0.013021163350652643,0.6093155893536122
6022,0.6063,1,0,1,674800,1644,123693,2563,0.013021163350652643,0.6092227240313762
6023,0.6064,3,2,3,674802,1642,123696,2560,0.013005322519325815,0.6092336982389338
6024,0.6065,5,4,5,674806,1638,123701,2555,0.012973640856672158,0.6093489148580968
6025,0.6066,2,1,2,674807,1637,123703,2553,0.012965720441008743,0.609307875894988
6026,0.6067,2,2,2,674809,1635,123705,2551,0.012949879609681915,0.6094123268036311
6027,0.6068,1,0,1,674809,1635,123706,2550,0.012949879609681915,0.6093189964157706
6028,0.6069,3,3,3,674812,1632,123709,2547,0.012926118362691674,0.6094759511844939
6029,0.607,5,4,5,674816,1628,123714,2542,0.012894436700038018,0.6095923261390888
6030,0.6071,3,2,3,674818,1626,123717,2539,0.01287859586871119,0.6096038415366146
6031,0.6072,2,3,2,674821,1623,123719,2537,0.012854834621720948,0.6098557692307692
6032,0.6073,4,2,4,674823,1621,123723,2533,0.01283899379039412,0.6097737120847376
6033,0.6074,6,2,6,674825,1619,123729,2527,0.012823152959067292,0.6095031355523396
6034,0.6075,4,6,4,674831,1613,123733,2523,0.012775630465086807,0.6100096711798839
6035,0.6076,3,3,3,674834,1610,123736,2520,0.012751869218096566,0.6101694915254238
6036,0.6077,2,3,2,674837,1607,123738,2518,0.012728107971106324,0.6104242424242424
6037,0.6078,6,3,6,674840,1604,123744,2512,0.012704346724116081,0.6103012633624878
6038,0.6079,4,4,4,674844,1600,123748,2508,0.012672665061462425,0.6105160662122687
6039,0.608,5,0,5,674844,1600,123753,2503,0.012672665061462425,0.6100414330977334
6040,0.6081,4,4,4,674848,1596,123757,2499,0.012640983398808769,0.6102564102564103
6041,0.6082,6,4,6,674852,1592,123763,2493,0.012609301736155114,0.610281517747858
6042,0.6083,3,3,3,674855,1589,123766,2490,0.012585540489164871,0.6104437362098554
6043,0.6084,5,5,5,674860,1584,123771,2485,0.012545938410847801,0.6107151634308183
6044,0.6085,1,4,1,674864,1580,123772,2484,0.012514256748194145,0.6112204724409449
6045,0.6086,2,2,2,674866,1578,123774,2482,0.012498415916867317,0.6113300492610837
6046,0.6087,5,6,5,674872,1572,123779,2477,0.012450893422886833,0.6117559891331192
6047,0.6088,6,4,6,674876,1568,123785,2471,0.012419211760233176,0.6117850953206239
6048,0.6089,2,4,2,674880,1564,123787,2469,0.012387530097579522,0.6121993553186214
6049,0.609,1,4,1,674884,1560,123788,2468,0.012355848434925865,0.6127110228401191
6050,0.6091,4,0,4,674884,1560,123792,2464,0.012355848434925865,0.6123260437375746
6051,0.6092,2,3,2,674887,1557,123794,2462,0.012332087187935622,0.61259019656631
6052,0.6093,3,6,3,674893,1551,123797,2459,0.01228456469395514,0.613216957605985
6053,0.6094,4,0,4,674893,1551,123801,2455,0.01228456469395514,0.6128307538691962
6054,0.6095,1,1,1,674894,1550,123802,2454,0.012276644278291724,0.6128871128871128
6055,0.6096,4,4,4,674898,1546,123806,2450,0.012244962615638068,0.6131131131131131
6056,0.6097,3,4,3,674902,1542,123809,2447,0.012213280952984412,0.6134369516169466
6057,0.6098,1,5,1,674907,1537,123810,2446,0.012173678874667342,0.6141099673612854
6058,0.6099,5,5,5,674912,1532,123815,2441,0.012134076796350273,0.614397180971558
6059,0.61,4,1,4,674913,1531,123819,2437,0.012126156380686858,0.6141633064516129
6060,0.6101,3,1,3,674914,1530,123822,2434,0.012118235965023445,0.6140262361251262
6061,0.6102,2,2,2,674916,1528,123824,2432,0.012102395133696616,0.6141414141414141
6062,0.6103,5,5,5,674921,1523,123829,2427,0.012062793055379547,0.6144303797468355
6063,0.6104,4,3,4,674924,1520,123833,2423,0.012039031808389304,0.6145067207709866
6064,0.6105,3,0,3,674924,1520,123836,2420,0.012039031808389304,0.6142131979695431
6065,0.6106,2,6,2,674930,1514,123838,2418,0.01199150931440882,0.6149542217700915
6066,0.6107,2,0,2,674930,1514,123840,2416,0.01199150931440882,0.6147582697201018
6067,0.6108,7,1,7,674931,1513,123847,2409,0.011983588898745406,0.6142274349821519
6068,0.6109,2,1,2,674932,1512,123849,2407,0.011975668483081993,0.6141872926767032
6069,0.611,6,5,6,674937,1507,123855,2401,0.011936066404764922,0.6143807574206755
6070,0.6111,3,2,3,674939,1505,123858,2398,0.011920225573438093,0.6143991801178581
6071,0.6112,1,5,1,674944,1500,123859,2397,0.011880623495121024,0.6150885296381832
6072,0.6113,0,5,0,674949,1495,123859,2397,0.011841021416803954,0.6158787255909558
6073,0.6114,4,3,4,674952,1492,123863,2393,0.011817260169813711,0.615958815958816
6074,0.6115,3,3,3,674955,1489,123866,2390,0.01179349892282347,0.6161381799432843
6075,0.6116,5,0,5,674955,1489,123871,2385,0.01179349892282347,0.6156427465152298
6076,0.6117,6,3,6,674958,1486,123877,2379,0.011769737675833229,0.6155239327296248
6077,0.6118,0,4,0,674962,1482,123877,2379,0.011738056013179572,0.6161616161616161
6078,0.6119,3,2,3,674964,1480,123880,2376,0.011722215181852744,0.6161825726141079
6079,0.612,3,4,3,674968,1476,123883,2373,0.011690533519199088,0.6165237724084178
6080,0.6121,3,3,3,674971,1473,123886,2370,0.011666772272208846,0.6167056986729118
6081,0.6122,3,2,3,674973,1471,123889,2367,0.011650931440882018,0.6167274622199062
6082,0.6123,4,0,4,674973,1471,123893,2363,0.011650931440882018,0.6163275952008347
6083,0.6124,6,5,6,674978,1466,123899,2357,0.011611329362564947,0.6165315197488883
6084,0.6125,7,1,7,674979,1465,123906,2350,0.011603408946901534,0.6159895150720839
6085,0.6126,5,2,5,674981,1463,123911,2345,0.011587568115574706,0.6158088235294118
6086,0.6127,3,2,3,674983,1461,123914,2342,0.011571727284247877,0.6158296082040494
6087,0.6128,5,5,5,674988,1456,123919,2337,0.011532125205930808,0.6161349854996045
6088,0.6129,0,3,0,674991,1453,123919,2337,0.011508363958940565,0.616622691292876
6089,0.613,1,4,1,674995,1449,123920,2336,0.011476682296286908,0.6171730515191546
6090,0.6131,2,0,2,674995,1449,123922,2334,0.011476682296286908,0.6169706582077716
6091,0.6132,6,4,6,674999,1445,123928,2328,0.011445000633633254,0.6170156374238007
6092,0.6133,0,5,0,675004,1440,123928,2328,0.011405398555316183,0.6178343949044586
6093,0.6134,4,4,4,675008,1436,123932,2324,0.011373716892662526,0.6180851063829788
6094,0.6135,3,1,3,675009,1435,123935,2321,0.011365796476999113,0.6179446219382322
6095,0.6136,3,2,3,675011,1433,123938,2318,0.011349955645672285,0.6179685417222074
6096,0.6137,3,1,3,675012,1432,123941,2315,0.011342035230008872,0.617827595409661
6097,0.6138,0,3,0,675015,1429,123941,2315,0.011318273983018629,0.6183226495726496
6098,0.6139,3,2,3,675017,1427,123944,2312,0.0113024331516918,0.6183471516448248
6099,0.614,1,4,1,675021,1423,123945,2311,0.011270751489038144,0.6189073379753616
6100,0.6141,2,4,2,675025,1419,123947,2309,0.01123906982638449,0.6193669527896996
6101,0.6142,2,2,2,675027,1417,123949,2307,0.011223228995057661,0.6194951664876477
6102,0.6143,3,2,3,675029,1415,123952,2304,0.011207388163730833,0.6195213767141705
6103,0.6144,4,1,4,675030,1414,123956,2300,0.011199467748067418,0.6192784060312332
6104,0.6145,2,2,2,675032,1412,123958,2298,0.01118362691674059,0.6194070080862534
6105,0.6146,2,3,2,675035,1409,123960,2296,0.011159865669750349,0.6197031039136303
6106,0.6147,3,6,3,675041,1403,123963,2293,0.011112343175769864,0.6204004329004329
6107,0.6148,7,3,7,675044,1400,123970,2286,0.011088581928779623,0.6201844818231145
6108,0.6149,4,1,4,675045,1399,123974,2282,0.011080661513116208,0.6199402336321652
6109,0.615,5,3,5,675048,1396,123979,2277,0.011056900266125966,0.6199292131772394
6110,0.6151,0,1,0,675049,1395,123979,2277,0.011048979850462552,0.6200980392156863
6111,0.6152,6,1,6,675050,1394,123985,2271,0.011041059434799138,0.6196452933151433
6112,0.6153,3,3,3,675053,1391,123988,2268,0.011017298187808897,0.6198414867450123
6113,0.6154,3,2,3,675055,1389,123991,2265,0.011001457356482069,0.6198686371100164
6114,0.6155,4,1,4,675056,1388,123995,2261,0.010993536940818654,0.6196218141956701
6115,0.6156,3,5,3,675061,1383,123998,2258,0.010953934862501584,0.620159296896457
6116,0.6157,4,2,4,675063,1381,124002,2254,0.010938094031174756,0.6200825309491059
6117,0.6158,4,4,4,675067,1377,124006,2250,0.0109064123685211,0.6203473945409429
6118,0.6159,3,4,3,675071,1373,124009,2247,0.010874730705867443,0.6207182320441988
6119,0.616,4,3,4,675074,1370,124013,2243,0.010850969458877202,0.6208137282037088
6120,0.6161,3,3,3,675077,1367,124016,2240,0.010827208211886959,0.6210146936512337
6121,0.6162,7,1,7,675078,1366,124023,2233,0.010819287796223546,0.6204501250347318
6122,0.6163,2,4,2,675082,1362,124025,2231,0.01078760613356989,0.6209295853047593
6123,0.6164,5,4,5,675086,1358,124030,2226,0.010755924470916233,0.62109375
6124,0.6165,3,4,3,675090,1354,124033,2223,0.010724242808262577,0.6214705060106235
6125,0.6166,3,6,3,675096,1348,124036,2220,0.010676720314282094,0.6221973094170403
6126,0.6168,2,1,2,675097,1347,124038,2218,0.010668799898618679,0.6221598877980364
6127,0.6169,2,2,2,675099,1345,124040,2216,0.010652959067291851,0.6222971075540579
6128,0.617,1,1,1,675100,1344,124041,2215,0.010645038651628438,0.6223658330991851
6129,0.6171,3,2,3,675102,1342,124044,2212,0.01062919782030161,0.622397298818233
6130,0.6172,1,3,1,675105,1339,124045,2211,0.010605436573311368,0.6228169014084507
6131,0.6173,5,1,5,675106,1338,124050,2206,0.010597516157647953,0.6224604966139955
6132,0.6174,5,0,5,675106,1338,124055,2201,0.010597516157647953,0.6219270980502967
6133,0.6175,3,1,3,675107,1337,124058,2198,0.01058959574198454,0.6217821782178218
6134,0.6176,3,0,3,675107,1337,124061,2195,0.01058959574198454,0.6214609286523216
6135,0.6177,5,1,5,675108,1336,124066,2190,0.010581675326321125,0.6211003970504821
6136,0.6178,3,2,3,675110,1334,124069,2187,0.010565834494994297,0.621130360692985
6137,0.6179,5,1,5,675111,1333,124074,2182,0.010557914079330884,0.6207681365576102
6138,0.618,1,1,1,675112,1332,124075,2181,0.010549993663667469,0.6208368915456874
6139,0.6181,1,3,1,675115,1329,124076,2180,0.010526232416677227,0.6212596181248219
6140,0.6182,4,2,4,675117,1327,124080,2176,0.0105103915853504,0.6211818441335998
6141,0.6183,4,1,4,675118,1326,124084,2172,0.010502471169686986,0.6209262435677531
6142,0.6184,0,3,0,675121,1323,124084,2172,0.010478709922696743,0.6214592274678111
6143,0.6185,4,1,4,675122,1322,124088,2168,0.01047078950703333,0.6212034383954155
6144,0.6186,3,1,3,675123,1321,124091,2165,0.010462869091369915,0.6210556511761331
6145,0.6187,5,3,5,675126,1318,124096,2160,0.010439107844379673,0.621046578493387
6146,0.6188,1,2,1,675128,1316,124097,2159,0.010423267013052845,0.6212949640287769
6147,0.6189,5,1,5,675129,1315,124102,2154,0.01041534659738943,0.6209282213894494
6148,0.619,2,2,2,675131,1313,124104,2152,0.010399505766062602,0.6210678210678211
6149,0.6191,5,3,5,675134,1310,124109,2147,0.01037574451907236,0.62105872143477
6150,0.6192,2,6,2,675140,1304,124111,2145,0.010328222025091876,0.6219193969266454
6151,0.6193,3,4,3,675144,1300,124114,2142,0.01029654036243822,0.6223126089482859
6152,0.6194,3,3,3,675147,1297,124117,2139,0.010272779115447979,0.6225261932479628
6153,0.6195,3,4,3,675151,1293,124120,2136,0.010241097452794322,0.6229221347331584
6154,0.6196,1,1,1,675152,1292,124121,2135,0.010233177037130909,0.6229938721914211
6155,0.6197,4,4,4,675156,1288,124125,2131,0.010201495374477253,0.623281661304475
6156,0.6198,2,0,2,675156,1288,124127,2129,0.010201495374477253,0.6230611647644132
6157,0.6199,1,5,1,675161,1283,124128,2128,0.010161893296160183,0.6238639695104075
6158,0.62,2,1,2,675162,1282,124130,2126,0.010153972880496768,0.6238262910798122
6159,0.6201,2,3,2,675165,1279,124132,2124,0.010130211633506527,0.6241551572142228
6160,0.6202,1,0,1,675165,1279,124133,2123,0.010130211633506527,0.6240446796002351
6161,0.6203,1,2,1,675167,1277,124134,2122,0.010114370802179699,0.6243012650779641
6162,0.6204,2,3,2,675170,1274,124136,2120,0.010090609555189456,0.6246317030053035
6163,0.6205,1,3,1,675173,1271,124137,2119,0.010066848308199214,0.6250737463126844
6164,0.6206,0,3,0,675176,1268,124137,2119,0.010043087061208973,0.6256273988780632
6165,0.6207,5,2,5,675178,1266,124142,2114,0.010027246229882145,0.6254437869822486
6166,0.6208,2,2,2,675180,1264,124144,2112,0.010011405398555316,0.6255924170616114
6167,0.6209,1,4,1,675184,1260,124145,2111,0.00997972373590166,0.6262236725007416
6168,0.621,1,4,1,675188,1256,124146,2110,0.009948042073248004,0.6268568033273916
6169,0.6211,3,1,3,675189,1255,124149,2107,0.00994012165758459,0.6267102914931588
6170,0.6212,2,3,2,675192,1252,124151,2105,0.009916360410594348,0.6270479594876378
6171,0.6213,4,4,4,675196,1248,124155,2101,0.009884678747940691,0.6273514481934906
6172,0.6214,0,2,0,675198,1246,124155,2101,0.009868837916613863,0.6277263220794742
6173,0.6215,4,1,4,675199,1245,124159,2097,0.00986091750095045,0.6274685816876122
6174,0.6216,5,4,5,675203,1241,124164,2092,0.009829235838296793,0.6276627662766276
6175,0.6217,6,2,6,675205,1239,124170,2086,0.009813395006969965,0.6273684210526316
6176,0.6218,5,3,5,675208,1236,124175,2081,0.009789633759979724,0.6273741332529394
6177,0.6219,3,1,3,675209,1235,124178,2078,0.009781713344316309,0.6272260790824027
6178,0.622,1,1,1,675210,1234,124179,2077,0.009773792928652896,0.627302929628511
6179,0.6221,2,4,2,675214,1230,124181,2075,0.00974211126599924,0.6278366111951589
6180,0.6222,2,4,2,675218,1226,124183,2073,0.009710429603345583,0.6283722340103062
6181,0.6223,1,1,1,675219,1225,124184,2072,0.00970250918768217,0.6284501061571125
6182,0.6224,9,4,9,675223,1221,124193,2063,0.009670827525028514,0.6281973203410475
6183,0.6225,4,2,4,675225,1219,124197,2059,0.009654986693701685,0.6281269066503966
6184,0.6226,3,2,3,675227,1217,124200,2056,0.009639145862374857,0.6281698747326612
6185,0.6227,3,0,3,675227,1217,124203,2053,0.009639145862374857,0.6278287461773701
6186,0.6228,5,1,5,675228,1216,124208,2048,0.009631225446711444,0.6274509803921569
6187,0.6229,4,0,4,675228,1216,124212,2044,0.009631225446711444,0.6269938650306749
6188,0.623,3,2,3,675230,1214,124215,2041,0.009615384615384616,0.6270353302611367
6189,0.6231,1,2,1,675232,1212,124216,2040,0.009599543784057788,0.6273062730627307
6190,0.6232,1,1,1,675233,1211,124217,2039,0.009591623368394373,0.6273846153846154
6191,0.6233,1,1,1,675234,1210,124218,2038,0.00958370295273096,0.6274630541871922
6192,0.6234,1,2,1,675236,1208,124219,2037,0.009567862121404131,0.6277349768875192
6193,0.6235,2,2,2,675238,1206,124221,2035,0.009552021290077303,0.6278926257327985
6194,0.6236,5,1,5,675239,1205,124226,2030,0.00954410087441389,0.6275115919629057
6195,0.6237,1,2,1,675241,1203,124227,2029,0.009528260043087062,0.6277846534653465
6196,0.6238,6,2,6,675243,1201,124233,2023,0.009512419211760234,0.6274813895781638
6197,0.624,3,0,3,675243,1201,124236,2020,0.009512419211760234,0.6271344303011487
6198,0.6241,3,2,3,675245,1199,124239,2017,0.009496578380433406,0.6271766169154229
6199,0.6242,3,0,3,675245,1199,124242,2014,0.009496578380433406,0.6268285091814504
6200,0.6243,3,4,3,675249,1195,124245,2011,0.00946489671777975,0.6272613849033063
6201,0.6244,4,1,4,675250,1194,124249,2007,0.009456976302116334,0.626991565135895
6202,0.6245,4,2,4,675252,1192,124253,2003,0.009441135470789508,0.6269170579029734
6203,0.6246,1,2,1,675254,1190,124254,2002,0.00942529463946268,0.6271929824561403
6204,0.6247,1,1,1,675255,1189,124255,2001,0.009417374223799265,0.6272727272727273
6205,0.6248,2,6,2,675261,1183,124257,1999,0.00936985172981878,0.6282212445003142
6206,0.6249,1,2,1,675263,1181,124258,1998,0.009354010898491952,0.6284995281535074
6207,0.625,1,2,1,675265,1179,124259,1997,0.009338170067165124,0.6287783375314862
6208,0.6251,1,1,1,675266,1178,124260,1996,0.00933024965150171,0.6288594833018274
6209,0.6252,4,1,4,675267,1177,124264,1992,0.009322329235838298,0.6285894603976018
6210,0.6253,2,2,2,675269,1175,124266,1990,0.00930648840451147,0.6287519747235387
6211,0.6254,2,1,2,675270,1174,124268,1988,0.009298567988848054,0.6287160025300442
6212,0.6255,4,4,4,675274,1170,124272,1984,0.009266886326194398,0.6290424857324033
6213,0.6256,5,1,5,675275,1169,124277,1979,0.009258965910530985,0.6286531130876747
6214,0.6257,2,2,2,675277,1167,124279,1977,0.009243125079204157,0.6288167938931297
6215,0.6258,1,3,1,675280,1164,124280,1976,0.009219363832213915,0.6292993630573248
6216,0.6259,2,2,2,675282,1162,124282,1974,0.009203523000887087,0.6294642857142857
6217,0.626,1,0,1,675282,1162,124283,1973,0.009203523000887087,0.6293460925039872
6218,0.6261,2,2,2,675284,1160,124285,1971,0.009187682169560259,0.6295113382305972
6219,0.6262,2,2,2,675286,1158,124287,1969,0.009171841338233431,0.6296770067157019
6220,0.6263,4,3,4,675289,1155,124291,1965,0.009148080091243188,0.6298076923076923
6221,0.6264,8,2,8,675291,1153,124299,1957,0.00913223925991636,0.6292604501607717
6222,0.6265,7,3,7,675294,1150,124306,1950,0.009108478012926118,0.6290322580645161
6223,0.6266,5,2,5,675296,1148,124311,1945,0.00909263718159929,0.6288393145813126
6224,0.6267,1,0,1,675296,1148,124312,1944,0.00909263718159929,0.628719275549806
6225,0.6268,3,0,3,675296,1148,124315,1941,0.00909263718159929,0.6283586921333765
6226,0.6269,2,2,2,675298,1146,124317,1939,0.009076796350272462,0.6285251215559157
6227,0.627,2,1,2,675299,1145,124319,1937,0.009068875934609049,0.6284879948085659
6228,0.6271,2,5,2,675304,1140,124321,1935,0.009029273856291977,0.6292682926829268
6229,0.6273,3,4,3,675308,1136,124324,1932,0.008997592193638323,0.6297262059973925
6230,0.6274,0,2,0,675310,1134,124324,1932,0.008981751362311495,0.6301369863013698
6231,0.6275,4,3,4,675313,1131,124328,1928,0.008957990115321252,0.6302713305001635
6232,0.6276,2,0,2,675313,1131,124330,1926,0.008957990115321252,0.6300294406280668
6233,0.6277,5,0,5,675313,1131,124335,1921,0.008957990115321252,0.6294233289646134
6234,0.6278,4,2,4,675315,1129,124339,1917,0.008942149283994423,0.6293499671700591
6235,0.6279,3,3,3,675318,1126,124342,1914,0.008918388037004182,0.6296052631578948
6236,0.628,5,1,5,675319,1125,124347,1909,0.008910467621340769,0.6292023731048121
6237,0.6281,3,4,3,675323,1121,124350,1906,0.008878785958687112,0.6296663363065742
6238,0.6282,3,0,3,675323,1121,124353,1903,0.008878785958687112,0.6292989417989417
6239,0.6283,2,4,2,675327,1117,124355,1901,0.008847104296033456,0.6298873426110007
6240,0.6284,2,0,2,675327,1117,124357,1899,0.008847104296033456,0.6296419098143236
6241,0.6285,1,2,1,675329,1115,124358,1898,0.008831263464706628,0.6299369399269831
6242,0.6286,6,0,6,675329,1115,124364,1892,0.008831263464706628,0.629198536747589
6243,0.6287,3,3,3,675332,1112,124367,1889,0.008807502217716385,0.6294568477174275
6244,0.6288,4,4,4,675336,1108,124371,1885,0.00877582055506273,0.6298028733711994
6245,0.6289,0,8,0,675344,1100,124371,1885,0.008712457229755418,0.6314907872696818
6246,0.629,1,3,1,675347,1097,124372,1884,0.008688695982765176,0.6320026836632002
6247,0.6291,1,1,1,675348,1096,124373,1883,0.008680775567101761,0.6320913058073179
6248,0.6292,2,3,2,675351,1093,124375,1881,0.00865701432011152,0.632481506388702
6249,0.6293,3,4,3,675355,1089,124378,1878,0.008625332657457864,0.6329625884732053
6250,0.6294,0,2,0,675357,1087,124378,1878,0.008609491826131035,0.633389544688027
6251,0.6295,0,3,0,675360,1084,124378,1878,0.008585730579140794,0.6340310600945307
6252,0.6296,2,3,2,675363,1081,124380,1876,0.008561969332150551,0.634426783902604
6253,0.6297,3,0,3,675363,1081,124383,1873,0.008561969332150551,0.6340555179417738
6254,0.6298,1,0,1,675363,1081,124384,1872,0.008561969332150551,0.6339315949881477
6255,0.6299,4,1,4,675364,1080,124388,1868,0.008554048916487138,0.6336499321573948
6256,0.63,2,1,2,675365,1079,124390,1866,0.008546128500823723,0.633616298811545
6257,0.6301,2,0,2,675365,1079,124392,1864,0.008546128500823723,0.6333673122663949
6258,0.6302,1,2,1,675367,1077,124393,1863,0.008530287669496895,0.6336734693877552
6259,0.6303,2,4,2,675371,1073,124395,1861,0.008498606006843238,0.6342876618950238
6260,0.6304,1,1,1,675372,1072,124396,1860,0.008490685591179825,0.6343792633015006
6261,0.6305,2,3,2,675375,1069,124398,1858,0.008466924344189584,0.6347796378544585
6262,0.6306,3,3,3,675378,1066,124401,1855,0.00844316309719934,0.6350564875042793
6263,0.6307,2,0,2,675378,1066,124403,1853,0.00844316309719934,0.6348064405618362
6264,0.6308,4,3,4,675381,1063,124407,1849,0.0084194018502091,0.6349587912087912
6265,0.6309,2,1,2,675382,1062,124409,1847,0.008411481434545684,0.6349260914403575
6266,0.631,4,0,4,675382,1062,124413,1843,0.008411481434545684,0.6344234079173838
6267,0.6311,2,2,2,675384,1060,124415,1841,0.008395640603218856,0.6346087556015167
6268,0.6312,0,1,0,675385,1059,124415,1841,0.008387720187555443,0.6348275862068965
6269,0.6313,3,1,3,675386,1058,124418,1838,0.00837979977189203,0.6346685082872928
6270,0.6314,4,2,4,675388,1056,124422,1834,0.008363958940565202,0.6346020761245674
6271,0.6315,0,5,0,675393,1051,124422,1834,0.00832435686224813,0.6357019064124784
6272,0.6316,2,0,2,675393,1051,124424,1832,0.00832435686224813,0.6354491848768644
6273,0.6317,3,6,3,675399,1045,124427,1829,0.008276834368267646,0.6363952679192763
6274,0.6318,1,2,1,675401,1043,124428,1828,0.00826099353694082,0.6367119470567747
6275,0.6319,1,2,1,675403,1041,124429,1827,0.008245152705613991,0.6370292887029289
6276,0.632,9,1,9,675404,1040,124438,1818,0.008237232289950576,0.636109167249825
6277,0.6321,2,0,2,675404,1040,124440,1816,0.008237232289950576,0.6358543417366946
6278,0.6322,2,2,2,675406,1038,124442,1814,0.008221391458623748,0.6360448807854138
6279,0.6323,5,0,5,675406,1038,124447,1809,0.008221391458623748,0.6354056902002108
6280,0.6324,3,2,3,675408,1036,124450,1806,0.00820555062729692,0.6354679802955665
6281,0.6325,5,2,5,675410,1034,124455,1801,0.008189709795970092,0.6352733686067019
6282,0.6326,1,1,1,675411,1033,124456,1800,0.008181789380306679,0.6353688669255206
6283,0.6327,0,5,0,675416,1028,124456,1800,0.008142187301989609,0.6364922206506365
6284,0.6328,3,1,3,675417,1027,124459,1797,0.008134266886326194,0.6363314447592068
6285,0.6329,2,1,2,675418,1026,124461,1795,0.008126346470662781,0.6362991846862814
6286,0.633,6,3,6,675421,1023,124467,1789,0.008102585223672538,0.6362019914651493
6287,0.6331,3,1,3,675422,1022,124470,1786,0.008094664808009125,0.636039886039886
6288,0.6332,3,5,3,675427,1017,124473,1783,0.008055062729692055,0.6367857142857143
6289,0.6333,3,1,3,675428,1016,124476,1780,0.00804714231402864,0.6366237482117311
6290,0.6334,3,6,3,675434,1010,124479,1777,0.007999619820048156,0.6376031575170434
6291,0.6335,1,1,1,675435,1009,124480,1776,0.007991699404384742,0.6377019748653501
6292,0.6336,3,3,3,675438,1006,124483,1773,0.0079679381573945,0.6379992803166606
6293,0.6337,3,1,3,675439,1005,124486,1770,0.007960017741731086,0.6378378378378379
6294,0.6338,4,1,4,675440,1004,124490,1766,0.007952097326067673,0.6375451263537906
6295,0.6339,3,1,3,675441,1003,124493,1763,0.007944176910404258,0.6373825018076645
6296,0.634,4,1,4,675442,1002,124497,1759,0.007936256494740845,0.6370880115900036
6297,0.6341,4,1,4,675443,1001,124501,1755,0.00792833607907743,0.6367924528301887
6298,0.6342,1,2,1,675445,999,124502,1754,0.007912495247750602,0.6371231383944788
6299,0.6344,1,1,1,675446,998,124503,1753,0.007904574832087188,0.6372228280625227
6300,0.6345,1,2,1,675448,996,124504,1752,0.00788873400076036,0.6375545851528385
6301,0.6346,3,2,3,675450,994,124507,1749,0.007872893169433532,0.6376230404666423
6302,0.6347,6,1,6,675451,993,124513,1743,0.007864972753770117,0.6370614035087719
6303,0.6348,3,0,3,675451,993,124516,1740,0.007864972753770117,0.6366630076838639
6304,0.6349,3,2,3,675453,991,124519,1737,0.00784913192244329,0.6367302052785924
6305,0.635,3,0,3,675453,991,124522,1734,0.00784913192244329,0.6363302752293578
6306,0.6351,4,1,4,675454,990,124526,1730,0.007841211506779876,0.6360294117647058
6307,0.6352,3,1,3,675455,989,124529,1727,0.007833291091116463,0.635861561119293
6308,0.6353,2,0,2,675455,989,124531,1725,0.007833291091116463,0.635593220338983
6309,0.6354,1,0,1,675455,989,124532,1724,0.007833291091116463,0.6354589015849613
6310,0.6355,2,4,2,675459,985,124534,1722,0.007801609428462805,0.6361285555966014
6311,0.6356,3,1,3,675460,984,124537,1719,0.007793689012799392,0.6359600443951166
6312,0.6357,0,3,0,675463,981,124537,1719,0.00776992776580915,0.6366666666666667
6313,0.6358,6,0,6,675463,981,124543,1713,0.00776992776580915,0.6358574610244989
6314,0.6359,1,1,1,675464,980,124544,1712,0.007762007350145736,0.6359583952451708
6315,0.636,2,0,2,675464,980,124546,1710,0.007762007350145736,0.6356877323420075
6316,0.6361,2,1,2,675465,979,124548,1708,0.007754086934482322,0.6356531447711202
6317,0.6362,3,0,3,675465,979,124551,1705,0.007754086934482322,0.6352459016393442
6318,0.6363,2,1,2,675466,978,124553,1703,0.007746166518818908,0.6352107422603506
6319,0.6364,1,1,1,675467,977,124554,1702,0.0077382461031554935,0.6353116834639791
6320,0.6365,5,1,5,675468,976,124559,1697,0.0077303256874920795,0.634867190422746
6321,0.6366,2,3,2,675471,973,124561,1695,0.007706564440501837,0.6353073463268366
6322,0.6367,1,1,1,675472,972,124562,1694,0.007698644024838423,0.6354088522130532
6323,0.6368,5,2,5,675474,970,124567,1689,0.007682803193511596,0.6352012034599474
6324,0.6369,3,1,3,675475,969,124570,1686,0.007674882777848182,0.6350282485875707
6325,0.637,1,3,1,675478,966,124571,1685,0.0076511215308579395,0.6356092040739344
6326,0.6371,3,3,3,675481,963,124574,1682,0.007627360283867697,0.6359168241965973
6327,0.6372,4,3,4,675484,960,124578,1678,0.007603599036877455,0.6360879454131918
6328,0.6373,2,2,2,675486,958,124580,1676,0.007587758205550627,0.636294608959757
6329,0.6374,3,1,3,675487,957,124583,1673,0.007579837789887214,0.6361216730038023
6330,0.6375,3,4,3,675491,953,124586,1670,0.007548156127233557,0.6366755623332062
6331,0.6376,1,1,1,675492,952,124587,1669,0.007540235711570143,0.636779855017169
6332,0.6377,5,1,5,675493,951,124592,1664,0.007532315295906729,0.6363288718929254
6333,0.6378,2,0,2,675493,951,124594,1662,0.007532315295906729,0.6360505166475315
6334,0.6379,1,4,1,675497,947,124595,1661,0.007500633633253073,0.6368865030674846
6335,0.638,3,3,3,675500,944,124598,1658,0.0074768723862628315,0.6372021521906226
6336,0.6381,4,0,4,675500,944,124602,1654,0.0074768723862628315,0.636643571978445
6337,0.6382,2,2,2,675502,942,124604,1652,0.007461031554936003,0.6368542791056284
6338,0.6383,1,3,1,675505,939,124605,1651,0.007437270307945761,0.6374517374517374
6339,0.6384,1,3,1,675508,936,124606,1650,0.007413509060955519,0.6380510440835266
6340,0.6385,5,2,5,675510,934,124611,1645,0.007397668229628691,0.6378441256300892
6341,0.6386,1,1,1,675511,933,124612,1644,0.007389747813965277,0.6379511059371362
6342,0.6387,2,3,2,675514,930,124614,1642,0.007365986566975035,0.6384136858475894
6343,0.6388,5,0,5,675514,930,124619,1637,0.007365986566975035,0.637709388391118
6344,0.6389,4,1,4,675515,929,124623,1633,0.007358066151311621,0.637392661982826
6345,0.639,2,0,2,675515,929,124625,1631,0.007358066151311621,0.637109375
6346,0.6391,3,1,3,675516,928,124628,1628,0.007350145735648207,0.6369327073552425
6347,0.6392,1,1,1,675517,927,124629,1627,0.007342225319984793,0.6370399373531715
6348,0.6393,2,1,2,675518,926,124631,1625,0.007334304904321379,0.6370050960407684
6349,0.6394,3,3,3,675521,923,124634,1622,0.007310543657331137,0.637328094302554
6350,0.6395,1,1,1,675522,922,124635,1621,0.0073026232416677226,0.6374360990955564
6351,0.6396,3,0,3,675522,922,124638,1618,0.0073026232416677226,0.637007874015748
6352,0.6397,2,0,2,675522,922,124640,1616,0.0073026232416677226,0.6367218282111899
6353,0.6399,5,1,5,675523,921,124645,1611,0.0072947028260043085,0.6362559241706162
6354,0.64,2,2,2,675525,919,124647,1609,0.00727886199467748,0.6364715189873418
6355,0.6401,0,1,0,675526,918,124647,1609,0.007270941579014066,0.6367233874159082
6356,0.6402,2,0,2,675526,918,124649,1607,0.007270941579014066,0.6364356435643564
6357,0.6403,3,1,3,675527,917,124652,1604,0.007263021163350653,0.6362554541848473
6358,0.6404,3,0,3,675527,917,124655,1601,0.007263021163350653,0.6358220810166799
6359,0.6405,5,1,5,675528,916,124660,1596,0.007255100747687239,0.6353503184713376
6360,0.6406,2,3,2,675531,913,124662,1594,0.007231339500696997,0.6358197048264859
6361,0.6407,5,2,5,675533,911,124667,1589,0.0072154986693701685,0.6356
6362,0.6408,2,1,2,675534,910,124669,1587,0.0072075782537067545,0.6355626752102523
6363,0.6409,5,1,5,675535,909,124674,1582,0.00719965783804334,0.6350863107185869
6364,0.641,1,0,1,675535,909,124675,1581,0.00719965783804334,0.6349397590361445
6365,0.6411,2,2,2,675537,907,124677,1579,0.007183817006716512,0.6351568785197104
6366,0.6412,3,3,3,675540,904,124680,1576,0.007160055759726271,0.635483870967742
6367,0.6413,1,2,1,675542,902,124681,1575,0.007144214928399443,0.6358498183286233
6368,0.6414,1,3,1,675545,899,124682,1574,0.0071204536814092004,0.6364739183178326
6369,0.6415,2,1,2,675546,898,124684,1572,0.007112533265745786,0.6364372469635627
6370,0.6416,1,0,1,675546,898,124685,1571,0.007112533265745786,0.6362899959497772
6371,0.6417,1,1,1,675547,897,124686,1570,0.007104612850082372,0.636400486420754
6372,0.6418,1,1,1,675548,896,124687,1569,0.007096692434418958,0.6365111561866126
6373,0.6419,5,0,5,675548,896,124692,1564,0.007096692434418958,0.6357723577235772
6374,0.642,2,1,2,675549,895,124694,1562,0.007088772018755544,0.6357346357346357
6375,0.6421,1,0,1,675549,895,124695,1561,0.007088772018755544,0.635586319218241
6376,0.6422,2,0,2,675549,895,124697,1559,0.007088772018755544,0.6352893235533822
6377,0.6423,2,1,2,675550,894,124699,1557,0.00708085160309213,0.6352509179926561
6378,0.6424,1,1,1,675551,893,124700,1556,0.007072931187428716,0.6353613719885668
6379,0.6425,2,1,2,675552,892,124702,1554,0.007065010771765302,0.6353229762878169
6380,0.6426,2,0,2,675552,892,124704,1552,0.007065010771765302,0.6350245499181669
6381,0.6427,4,1,4,675553,891,124708,1548,0.007057090356101888,0.6346863468634686
6382,0.6428,2,0,2,675553,891,124710,1546,0.007057090356101888,0.634386540828888
6383,0.6429,3,2,3,675555,889,124713,1543,0.0070412495247750605,0.6344572368421053
6384,0.643,1,0,1,675555,889,124714,1542,0.0070412495247750605,0.6343068696009873
6385,0.6431,3,2,3,675557,887,124717,1539,0.007025408693448232,0.6343775762572135
6386,0.6432,2,1,2,675558,886,124719,1537,0.007017488277784818,0.6343375980189847
6387,0.6433,2,4,2,675562,882,124721,1535,0.006985806615131162,0.6350848158874638
6388,0.6434,1,2,1,675564,880,124722,1534,0.006969965783804334,0.6354598177299089
6389,0.6435,0,4,0,675568,876,124722,1534,0.006938284121150678,0.6365145228215767
6390,0.6436,1,2,1,675570,874,124723,1533,0.00692244328982385,0.6368923971749065
6391,0.6437,2,1,2,675571,873,124725,1531,0.006914522874160436,0.6368552412645591
6392,0.6438,2,2,2,675573,871,124727,1529,0.006898682042833608,0.6370833333333333
6393,0.6439,1,1,1,675574,870,124728,1528,0.006890761627170194,0.6371976647206005
6394,0.644,7,2,7,675576,868,124735,1521,0.006874920795843366,0.636668061950607
6395,0.6441,3,1,3,675577,867,124738,1518,0.006867000380179952,0.6364779874213836
6396,0.6442,2,2,2,675579,865,124740,1516,0.0068511595488531234,0.636707265854683
6397,0.6443,3,0,3,675579,865,124743,1513,0.0068511595488531234,0.6362489486963835
6398,0.6444,0,3,0,675582,862,124743,1513,0.006827398301862882,0.6370526315789473
6399,0.6445,2,0,2,675582,862,124745,1511,0.006827398301862882,0.6367467340918669
6400,0.6446,3,3,3,675585,859,124748,1508,0.00680363705487264,0.63709336713139
6401,0.6447,1,2,1,675587,857,124749,1507,0.006787796223545812,0.6374788494077834
6402,0.6448,0,1,0,675588,856,124749,1507,0.006779875807882398,0.637748624629708
6403,0.6449,2,3,2,675591,853,124751,1505,0.006756114560892155,0.6382527565733672
6404,0.645,2,0,2,675591,853,124753,1503,0.006756114560892155,0.6379456706281834
6405,0.6451,4,0,4,675591,853,124757,1499,0.006756114560892155,0.6373299319727891
6406,0.6452,1,0,1,675591,853,124758,1498,0.006756114560892155,0.6371756699276904
6407,0.6453,2,0,2,675591,853,124760,1496,0.006756114560892155,0.6368667518092805
6408,0.6454,1,1,1,675592,852,124761,1495,0.006748194145228741,0.6369833830421815
6409,0.6455,3,2,3,675594,850,124764,1492,0.006732353313901914,0.637062339880444
6410,0.6456,4,2,4,675596,848,124768,1488,0.006716512482575086,0.636986301369863
6411,0.6457,2,1,2,675597,847,124770,1486,0.006708592066911672,0.6369481354479212
6412,0.6459,3,3,3,675600,844,124773,1483,0.0066848308199214295,0.6373012462397937
6413,0.646,2,0,2,675600,844,124775,1481,0.0066848308199214295,0.6369892473118279
6414,0.6461,2,0,2,675600,844,124777,1479,0.0066848308199214295,0.6366767111493759
6415,0.6462,1,2,1,675602,842,124778,1478,0.006668989988594601,0.6370689655172413
6416,0.6463,1,2,1,675604,840,124779,1477,0.006653149157267773,0.6374622356495468
6417,0.6465,1,1,1,675605,839,124780,1476,0.006645228741604359,0.6375809935205183
6418,0.6466,2,0,2,675605,839,124782,1474,0.006645228741604359,0.6372676178123649
6419,0.6467,3,2,3,675607,837,124785,1471,0.006629387910277532,0.6373483535528596
6420,0.6468,3,2,3,675609,835,124788,1468,0.006613547078950704,0.6374294398610508
6421,0.6469,5,0,5,675609,835,124793,1463,0.006613547078950704,0.6366405570060922
6422,0.647,1,0,1,675609,835,124794,1462,0.006613547078950704,0.6364823683064867
6423,0.6471,2,2,2,675611,833,124796,1460,0.0065977062476238755,0.6367204535542956
6424,0.6472,2,1,2,675612,832,124798,1458,0.006589785831960461,0.6366812227074236
6425,0.6473,4,2,4,675614,830,124802,1454,0.006573945000633633,0.6366024518388792
6426,0.6474,1,0,1,675614,830,124803,1453,0.006573945000633633,0.636443276390714
6427,0.6475,1,2,1,675616,828,124804,1452,0.006558104169306805,0.6368421052631579
6428,0.6476,3,2,3,675618,826,124807,1449,0.006542263337979977,0.6369230769230769
6429,0.6477,2,1,2,675619,825,124809,1447,0.006534342922316563,0.6368838028169014
6430,0.6478,2,1,2,675620,824,124811,1445,0.006526422506653149,0.6368444248567651
6431,0.6479,1,0,1,675620,824,124812,1444,0.006526422506653149,0.63668430335097
6432,0.648,3,1,3,675621,823,124815,1441,0.0065185020909897355,0.6364840989399293
6433,0.6481,2,1,2,675622,822,124817,1439,0.0065105816753263214,0.6364440513047325
6434,0.6482,5,3,5,675625,819,124822,1434,0.006486820428336079,0.6364846870838882
6435,0.6483,4,3,4,675628,816,124826,1430,0.006463059181345837,0.6366874443455031
6436,0.6484,1,2,1,675630,814,124827,1429,0.006447218350019009,0.6370931787784218
6437,0.6485,1,1,1,675631,813,124828,1428,0.006439297934355595,0.6372155287817939
6438,0.6486,5,1,5,675632,812,124833,1423,0.006431377518692181,0.6366890380313199
6439,0.6487,2,0,2,675632,812,124835,1421,0.006431377518692181,0.6363636363636364
6440,0.6488,3,1,3,675633,811,124838,1418,0.0064234571030287665,0.636159712875729
6441,0.6489,2,0,2,675633,811,124840,1416,0.0064234571030287665,0.6358329591378536
6442,0.649,5,2,5,675635,809,124845,1411,0.006407616271701939,0.6355855855855855
6443,0.6491,2,2,2,675637,807,124847,1409,0.006391775440375111,0.6358303249097473
6444,0.6492,3,1,3,675638,806,124850,1406,0.006383855024711697,0.635623869801085
6445,0.6493,2,3,2,675641,803,124852,1404,0.006360093777721455,0.6361576801087448
6446,0.6494,4,3,4,675644,800,124856,1400,0.0063363325307312125,0.6363636363636364
6447,0.6495,5,2,5,675646,798,124861,1395,0.006320491699404384,0.6361149110807114
6448,0.6496,2,2,2,675648,796,124863,1393,0.006304650868077557,0.6363636363636364
6449,0.6497,4,0,4,675648,796,124867,1389,0.006304650868077557,0.6356979405034325
6450,0.6498,3,1,3,675649,795,124870,1386,0.006296730452414143,0.6354883081155434
6451,0.6499,2,1,2,675650,794,124872,1384,0.006288810036750729,0.63544536271809
6452,0.65,4,1,4,675651,793,124876,1380,0.006280889621087315,0.6350667280257708
6453,0.6501,0,4,0,675655,789,124876,1380,0.0062492079584336585,0.636237897648686
6454,0.6502,0,1,0,675656,788,124876,1380,0.006241287542770244,0.6365313653136532
6455,0.6503,1,2,1,675658,786,124877,1379,0.006225446711443416,0.6369515011547344
6456,0.6504,2,1,2,675659,785,124879,1377,0.006217526295780002,0.6369102682701202
6457,0.6505,2,1,2,675660,784,124881,1375,0.006209605880116588,0.6368689207966651
6458,0.6506,1,1,1,675661,783,124882,1374,0.006201685464453175,0.6369958275382476
6459,0.6507,1,3,1,675664,780,124883,1373,0.006177924217462933,0.6377148165350673
6460,0.6508,3,1,3,675665,779,124886,1370,0.0061700038017995186,0.6375058166589112
6461,0.6509,2,0,2,675665,779,124888,1368,0.0061700038017995186,0.6371681415929203
6462,0.651,1,0,1,675665,779,124889,1367,0.0061700038017995186,0.6369990680335508
6463,0.6511,5,2,5,675667,777,124894,1362,0.00615416297047269,0.6367461430575035
6464,0.6512,5,3,5,675670,774,124899,1357,0.006130401723482448,0.6367902393242609
6465,0.6513,1,1,1,675671,773,124900,1356,0.006122481307819034,0.6369187411930484
6466,0.6514,2,3,2,675674,770,124902,1354,0.006098720060828793,0.6374764595103578
6467,0.6515,3,2,3,675676,768,124905,1351,0.0060828792295019645,0.6375648890986314
6468,0.6516,2,1,2,675677,767,124907,1349,0.0060749588138385505,0.6375236294896031
6469,0.6517,1,0,1,675677,767,124908,1348,0.0060749588138385505,0.6373522458628842
6470,0.6518,1,2,1,675679,765,124909,1347,0.006059117982511722,0.6377840909090909
6471,0.6519,2,1,2,675680,764,124911,1345,0.006051197566848308,0.6377430061640588
6472,0.652,2,2,2,675682,762,124913,1343,0.00603535673552148,0.6380047505938242
6473,0.6521,1,0,1,675682,762,124914,1342,0.00603535673552148,0.6378326996197718
6474,0.6522,2,0,2,675682,762,124916,1340,0.00603535673552148,0.6374881065651761
6475,0.6523,3,0,3,675682,762,124919,1337,0.00603535673552148,0.6369699857074798
6476,0.6524,2,1,2,675683,761,124921,1335,0.006027436319858066,0.6369274809160306
6477,0.6525,1,3,1,675686,758,124922,1334,0.006003675072867824,0.6376673040152964
6478,0.6526,1,1,1,675687,757,124923,1333,0.00599575465720441,0.6377990430622009
6479,0.6527,3,4,3,675691,753,124926,1330,0.005964072994550754,0.6385021603456553
6480,0.6528,2,1,2,675692,752,124928,1328,0.00595615257888734,0.6384615384615384
6481,0.6529,1,1,1,675693,751,124929,1327,0.005948232163223926,0.638594802694899
6482,0.653,4,1,4,675694,750,124933,1323,0.005940311747560512,0.638205499276411
6483,0.6531,2,0,2,675694,750,124935,1321,0.005940311747560512,0.637856108160309
6484,0.6532,4,3,4,675697,747,124939,1317,0.00591655050057027,0.6380813953488372
6485,0.6533,4,2,4,675699,745,124943,1313,0.0059007096692434416,0.6379980563654033
6486,0.6534,3,2,3,675701,743,124946,1310,0.005884868837916614,0.6380905991232343
6487,0.6535,1,2,1,675703,741,124947,1309,0.005869028006589786,0.6385365853658537
6488,0.6537,2,1,2,675704,740,124949,1307,0.005861107590926372,0.638495359062042
6489,0.6538,4,0,4,675704,740,124953,1303,0.005861107590926372,0.6377875673029858
6490,0.6539,1,3,1,675707,737,124954,1302,0.00583734634393613,0.6385483079941148
6491,0.654,1,2,1,675709,735,124955,1301,0.005821505512609302,0.6389980353634578
6492,0.6541,0,4,0,675713,731,124955,1301,0.005789823849955645,0.640255905511811
6493,0.6542,3,1,3,675714,730,124958,1298,0.005781903434292232,0.6400394477317555
6494,0.6544,4,1,4,675715,729,124962,1294,0.005773983018628818,0.6396440929312902
6495,0.6545,2,0,2,675715,729,124964,1292,0.005773983018628818,0.6392874814448293
6496,0.6546,4,3,4,675718,726,124968,1288,0.005750221771638576,0.6395233366434955
6497,0.6547,2,0,2,675718,726,124970,1286,0.005750221771638576,0.6391650099403579
6498,0.6548,1,1,1,675719,725,124971,1285,0.005742301355975162,0.6393034825870647
6499,0.6549,0,2,0,675721,723,124971,1285,0.0057264605246483335,0.6399402390438247
6500,0.655,3,2,3,675723,721,124974,1282,0.005710619693321505,0.6400399400898652
6501,0.6551,2,5,2,675728,716,124976,1280,0.005671017615004436,0.6412825651302605
6502,0.6552,3,2,3,675730,714,124979,1277,0.005655176783677608,0.6413862380713209
6503,0.6553,2,1,2,675731,713,124981,1275,0.005647256368014194,0.6413480885311871
6504,0.6554,0,2,0,675733,711,124981,1275,0.005631415536687365,0.6419939577039275
6505,0.6555,4,2,4,675735,709,124985,1271,0.005615574705360537,0.6419191919191919
6506,0.6556,1,2,1,675737,707,124986,1270,0.005599733874033709,0.6423874557410217
6507,0.6557,4,2,4,675739,705,124990,1266,0.005583893042706881,0.6423135464231354
6508,0.6558,6,0,6,675739,705,124996,1260,0.005583893042706881,0.6412213740458015
6509,0.6559,1,2,1,675741,703,124997,1259,0.005568052211380054,0.6416921508664628
6510,0.656,1,3,1,675744,700,124998,1258,0.005544290964389811,0.6424923391215526
6511,0.6561,2,2,2,675746,698,125000,1256,0.005528450133062983,0.6427840327533265
6512,0.6562,2,2,2,675748,696,125002,1254,0.005512609301736155,0.6430769230769231
6513,0.6563,2,0,2,675748,696,125004,1252,0.005512609301736155,0.6427104722792608
6514,0.6564,2,0,2,675748,696,125006,1250,0.005512609301736155,0.6423432682425488
6515,0.6565,2,0,2,675748,696,125008,1248,0.005512609301736155,0.6419753086419753
6516,0.6566,2,4,2,675752,692,125010,1246,0.005480927639082499,0.6429308565531475
6517,0.6567,1,1,1,675753,691,125011,1245,0.005473007223419085,0.6430785123966942
6518,0.6568,1,1,1,675754,690,125012,1244,0.005465086807755671,0.6432264736297828
6519,0.6569,4,1,4,675755,689,125016,1240,0.005457166392092257,0.64282011404873
6520,0.657,5,3,5,675758,686,125021,1235,0.005433405145102015,0.6428943258719417
6521,0.6571,1,1,1,675759,685,125022,1234,0.005425484729438601,0.6430432516935904
6522,0.6572,3,0,3,675759,685,125025,1231,0.005425484729438601,0.6424843423799582
6523,0.6573,2,2,2,675761,683,125027,1229,0.005409643898111773,0.6427824267782427
6524,0.6574,3,2,3,675763,681,125030,1226,0.005393803066784945,0.6428945988463556
6525,0.6575,4,1,4,675764,680,125034,1222,0.005385882651121531,0.6424815983175605
6526,0.6576,2,2,2,675766,678,125036,1220,0.0053700418197947025,0.642781875658588
6527,0.6578,5,1,5,675767,677,125041,1215,0.005362121404131288,0.6421775898520085
6528,0.6579,4,0,4,675767,677,125045,1211,0.005362121404131288,0.6414194915254238
6529,0.658,1,0,1,675767,677,125046,1210,0.005362121404131288,0.6412294647588765
6530,0.6581,3,1,3,675768,676,125049,1207,0.005354200988467875,0.6409984067976633
6531,0.6582,2,2,2,675770,674,125051,1205,0.005338360157141047,0.6412985630654604
6532,0.6584,0,1,0,675771,673,125051,1205,0.005330439741477633,0.641640042598509
6533,0.6585,2,3,2,675774,670,125053,1203,0.005306678494487391,0.6422851041110518
6534,0.6586,3,2,3,675776,668,125056,1200,0.0052908376631605625,0.6423982869379015
6535,0.6587,1,1,1,675777,667,125057,1199,0.0052829172474971485,0.642550911039657
6536,0.6588,2,3,2,675780,664,125059,1197,0.005259156000506906,0.6432025792584632
6537,0.6589,3,1,3,675781,663,125062,1194,0.005251235584843493,0.6429725363489499
6538,0.659,3,1,3,675782,662,125065,1191,0.005243315169180079,0.6427415002698327
6539,0.6591,1,0,1,675782,662,125066,1190,0.005243315169180079,0.642548596112311
6540,0.6592,5,2,5,675784,660,125071,1185,0.005227474337853251,0.6422764227642277
6541,0.6593,1,2,1,675786,658,125072,1184,0.005211633506526423,0.6427795874049945
6542,0.6594,0,3,0,675789,655,125072,1184,0.00518787225953618,0.6438281674823274
6543,0.6595,1,1,1,675790,654,125073,1183,0.005179951843872766,0.6439847577572129
6544,0.6596,2,1,2,675791,653,125075,1181,0.005172031428209352,0.6439476553980371
6545,0.6597,3,1,3,675792,652,125078,1178,0.005164111012545938,0.6437158469945355
6546,0.6598,4,2,4,675794,650,125082,1174,0.00514827018121911,0.643640350877193
6547,0.6599,2,3,2,675797,647,125084,1172,0.005124508934228869,0.6443100604727873
6548,0.66,3,2,3,675799,645,125087,1169,0.00510866810290204,0.6444321940463065
6549,0.6601,1,2,1,675801,643,125088,1168,0.005092827271575212,0.6449475427940364
6550,0.6602,2,0,2,675801,643,125090,1166,0.005092827271575212,0.6445550027639579
6551,0.6603,0,2,0,675803,641,125090,1166,0.005076986440248384,0.6452684006640841
6552,0.6604,5,1,5,675804,640,125095,1161,0.00506906602458497,0.6446418656302054
6553,0.6605,3,2,3,675806,638,125098,1158,0.005053225193258142,0.6447661469933185
6554,0.6607,0,1,0,675807,637,125098,1158,0.005045304777594728,0.645125348189415
6555,0.6608,1,1,1,675808,636,125099,1157,0.0050373843619313146,0.645287228109314
6556,0.6609,0,1,0,675809,635,125099,1157,0.0050294639462679005,0.6456473214285714
6557,0.661,3,1,3,675810,634,125102,1154,0.005021543530604486,0.645413870246085
6558,0.6611,1,0,1,675810,634,125103,1153,0.005021543530604486,0.6452154448796866
6559,0.6612,3,1,3,675811,633,125106,1150,0.005013623114941072,0.6449803701626472
6560,0.6614,2,0,2,675811,633,125108,1148,0.005013623114941072,0.6445816956765862
6561,0.6615,1,2,1,675813,631,125109,1147,0.004997782283614244,0.6451068616422947
6562,0.6616,5,1,5,675814,630,125114,1142,0.00498986186795083,0.6444695259593679
6563,0.6617,1,1,1,675815,629,125115,1141,0.004981941452287416,0.6446327683615819
6564,0.6618,2,2,2,675817,627,125117,1139,0.004966100620960588,0.644960362400906
6565,0.6619,2,0,2,675817,627,125119,1137,0.004966100620960588,0.6445578231292517
6566,0.662,1,3,1,675820,624,125120,1136,0.004942339373970346,0.6454545454545455
6567,0.6622,4,1,4,675821,623,125124,1132,0.0049344189583069315,0.645014245014245
6568,0.6623,1,1,1,675822,622,125125,1131,0.004926498542643518,0.6451796919566457
6569,0.6624,1,1,1,675823,621,125126,1130,0.004918578126980104,0.6453455168475157
6570,0.6625,2,1,2,675824,620,125128,1128,0.00491065771131669,0.6453089244851259
6571,0.6626,2,4,2,675828,616,125130,1126,0.004878976048663034,0.6463834672789897
6572,0.6627,1,2,1,675830,614,125131,1125,0.004863135217336206,0.6469235192639448
6573,0.6628,4,2,4,675832,612,125135,1121,0.0048472943860093775,0.6468551644547028
6574,0.6629,6,2,6,675834,610,125141,1115,0.004831453554682549,0.6463768115942029
6575,0.663,2,1,2,675835,609,125143,1113,0.004823533139019136,0.6463414634146342
6576,0.6632,3,1,3,675836,608,125146,1110,0.004815612723355722,0.6461001164144354
6577,0.6633,1,3,1,675839,605,125147,1109,0.00479185147636548,0.647024504084014
6578,0.6634,2,1,2,675840,604,125149,1107,0.004783931060702066,0.6469900642898889
6579,0.6635,1,0,1,675840,604,125150,1106,0.004783931060702066,0.6467836257309941
6580,0.6636,2,1,2,675841,603,125152,1104,0.004776010645038652,0.6467486818980668
6581,0.6638,6,1,6,675842,602,125158,1098,0.0047680902293752376,0.6458823529411765
6582,0.664,1,0,1,675842,602,125159,1097,0.0047680902293752376,0.6456739258387286
6583,0.6641,2,4,2,675846,598,125161,1095,0.004736408566721581,0.6467808623744832
6584,0.6642,1,2,1,675848,596,125162,1094,0.004720567735394754,0.6473372781065089
6585,0.6643,3,2,3,675850,594,125165,1091,0.004704726904067926,0.6474777448071216
6586,0.6644,1,0,1,675850,594,125166,1090,0.004704726904067926,0.6472684085510689
6587,0.6645,3,2,3,675852,592,125169,1087,0.004688886072741098,0.6474091721262656
6588,0.6646,3,0,3,675852,592,125172,1084,0.004688886072741098,0.6467780429594272
6589,0.6647,2,1,2,675853,591,125174,1082,0.0046809656570776835,0.6467423789599522
6590,0.6648,1,3,1,675856,588,125175,1081,0.004657204410087441,0.6476932294787298
6591,0.6649,4,1,4,675857,587,125179,1077,0.004649283994424027,0.6472355769230769
6592,0.665,1,1,1,675858,586,125180,1076,0.004641363578760613,0.6474127557160048
6593,0.6651,0,3,0,675861,583,125180,1076,0.004617602331770371,0.648583484026522
6594,0.6652,1,0,1,675861,583,125181,1075,0.004617602331770371,0.6483715319662243
6595,0.6653,1,1,1,675862,582,125182,1074,0.004609681916106958,0.6485507246376812
6596,0.6654,1,1,1,675863,581,125183,1073,0.004601761500443544,0.6487303506650545
6597,0.6655,2,1,2,675864,580,125185,1071,0.0045938410847801295,0.6486977589339794
6598,0.6656,3,1,3,675865,579,125188,1068,0.0045859206691167154,0.6484517304189436
6599,0.6657,1,1,1,675866,578,125189,1067,0.004578000253453301,0.6486322188449848
6600,0.6658,1,1,1,675867,577,125190,1066,0.004570079837789887,0.6488131466828971
6601,0.6659,1,1,1,675868,576,125191,1065,0.004562159422126473,0.6489945155393053
6602,0.666,2,3,2,675871,573,125193,1063,0.004538398175136231,0.6497555012224939
6603,0.6661,3,0,3,675871,573,125196,1060,0.004538398175136231,0.6491120636864667
6604,0.6662,3,3,3,675874,570,125199,1057,0.004514636928145989,0.6496619545175168
6605,0.6663,0,1,0,675875,569,125199,1057,0.0045067165124825755,0.6500615006150061
6606,0.6664,1,0,1,675875,569,125200,1056,0.0045067165124825755,0.6498461538461539
6607,0.6665,2,0,2,675875,569,125202,1054,0.0045067165124825755,0.6494146642020949
6608,0.6666,1,0,1,675875,569,125203,1053,0.0045067165124825755,0.6491985203452528
6609,0.6667,4,1,4,675876,568,125207,1049,0.004498796096819161,0.6487322201607916
6610,0.6668,4,0,4,675876,568,125211,1045,0.004498796096819161,0.6478611283323
6611,0.6669,1,0,1,675876,568,125212,1044,0.004498796096819161,0.6476426799007444
6612,0.6671,3,0,3,675876,568,125215,1041,0.004498796096819161,0.6469857054070851
6613,0.6673,2,1,2,675877,567,125217,1039,0.004490875681155747,0.6469489414694894
6614,0.6674,4,1,4,675878,566,125221,1035,0.004482955265492333,0.6464709556527171
6615,0.6675,2,4,2,675882,562,125223,1033,0.004451273602838677,0.6476489028213166
6616,0.6676,0,1,0,675883,561,125223,1033,0.004443353187175263,0.6480552070263488
6617,0.6678,1,1,1,675884,560,125224,1032,0.004435432771511849,0.6482412060301508
6618,0.6679,2,1,2,675885,559,125226,1030,0.004427512355848435,0.6482064191315292
6619,0.6681,2,1,2,675886,558,125228,1028,0.004419591940185021,0.648171500630517
6620,0.6682,2,4,2,675890,554,125230,1026,0.004387910277531365,0.649367088607595
6621,0.6683,1,1,1,675891,553,125231,1025,0.004379989861867951,0.6495564005069708
6622,0.6684,2,1,2,675892,552,125233,1023,0.004372069446204537,0.6495238095238095
6623,0.6686,1,1,1,675893,551,125234,1022,0.004364149030541123,0.6497139224411952
6624,0.6687,2,3,2,675896,548,125236,1020,0.004340387783550881,0.6505102040816326
6625,0.6688,2,0,2,675896,548,125238,1018,0.004340387783550881,0.6500638569604087
6626,0.6689,4,0,4,675896,548,125242,1014,0.004340387783550881,0.649167733674776
6627,0.669,1,2,1,675898,546,125243,1013,0.0043245469522240525,0.6497754971135343
6628,0.6691,3,0,3,675898,546,125246,1010,0.0043245469522240525,0.6491002570694088
6629,0.6692,1,1,1,675899,545,125247,1009,0.004316626536560638,0.6492921492921493
6630,0.6693,3,1,3,675900,544,125250,1006,0.004308706120897224,0.6490322580645161
6631,0.6694,2,2,2,675902,542,125252,1004,0.004292865289570397,0.6494178525226391
6632,0.6695,1,2,1,675904,540,125253,1003,0.004277024458243569,0.6500324044069994
6633,0.6696,1,2,1,675906,538,125254,1002,0.004261183626916741,0.6506493506493507
6634,0.6697,2,0,2,675906,538,125256,1000,0.004261183626916741,0.6501950585175552
6635,0.6698,2,1,2,675907,537,125258,998,0.004253263211253327,0.6501628664495114
6636,0.67,0,2,0,675909,535,125258,998,0.0042374223799264985,0.6510110893672537
6637,0.6701,2,0,2,675909,535,125260,996,0.0042374223799264985,0.6505551926845199
6638,0.6702,4,1,4,675910,534,125264,992,0.004229501964263084,0.6500655307994757
6639,0.6703,2,3,2,675913,531,125266,990,0.004205740717272842,0.650887573964497
6640,0.6704,1,2,1,675915,529,125267,989,0.004189899885946015,0.6515151515151515
6641,0.6705,2,1,2,675916,528,125269,987,0.004181979470282601,0.6514851485148515
6642,0.6706,2,2,2,675918,526,125271,985,0.004166138638955773,0.6518861681005956
6643,0.6707,0,1,0,675919,525,125271,985,0.0041582182232923585,0.652317880794702
6644,0.6708,1,3,1,675922,522,125272,984,0.004134456976302116,0.6533864541832669
6645,0.6709,0,1,0,675923,521,125272,984,0.004126536560638702,0.6538205980066445
6646,0.671,2,0,2,675923,521,125274,982,0.004126536560638702,0.6533599467731205
6647,0.6711,1,0,1,675923,521,125275,981,0.004126536560638702,0.6531291611185086
6648,0.6712,2,2,2,675925,519,125277,979,0.004110695729311874,0.6535380507343124
6649,0.6713,1,0,1,675925,519,125278,978,0.004110695729311874,0.6533066132264529
6650,0.6714,1,1,1,675926,518,125279,977,0.00410277531364846,0.6535117056856188
6651,0.6715,1,2,1,675928,516,125280,976,0.004086934482321632,0.6541554959785523
6652,0.6716,4,1,4,675929,515,125284,972,0.004079014066658219,0.6536650975117687
6653,0.6717,1,0,1,675929,515,125285,971,0.004079014066658219,0.6534320323014805
6654,0.6718,3,0,3,675929,515,125288,968,0.004079014066658219,0.6527309507754552
6655,0.6719,5,1,5,675930,514,125293,963,0.0040710936509948045,0.6519972918077184
6656,0.672,1,0,1,675930,514,125294,962,0.0040710936509948045,0.6517615176151762
6657,0.6721,1,4,1,675934,510,125295,961,0.004039411988341148,0.6532970768184908
6658,0.6722,3,1,3,675935,509,125298,958,0.004031491572677734,0.6530334014996592
6659,0.6723,1,2,1,675937,507,125299,957,0.004015650741350906,0.6536885245901639
6660,0.6724,2,1,2,675938,506,125301,955,0.004007730325687492,0.6536618754277892
6661,0.6726,2,2,2,675940,504,125303,953,0.003991889494360664,0.6540837336993823
6662,0.6727,1,2,1,675942,502,125304,952,0.003976048663033836,0.6547455295735901
6663,0.6728,2,1,2,675943,501,125306,950,0.003968128247370422,0.6547208821502413
6664,0.6729,2,0,2,675943,501,125308,948,0.003968128247370422,0.6542443064182195
6665,0.673,2,0,2,675943,501,125310,946,0.003968128247370422,0.6537664132688321
6666,0.6731,1,0,1,675943,501,125311,945,0.003968128247370422,0.6535269709543569
6667,0.6732,1,1,1,675944,500,125312,944,0.003960207831707008,0.6537396121883656
6668,0.6733,2,0,2,675944,500,125314,942,0.003960207831707008,0.6532593619972261
6669,0.6734,2,1,2,675945,499,125316,940,0.003952287416043594,0.6532314107018763
6670,0.6735,2,0,2,675945,499,125318,938,0.003952287416043594,0.6527487821851079
6671,0.6737,1,0,1,675945,499,125319,937,0.003952287416043594,0.6525069637883009
6672,0.6738,2,1,2,675946,498,125321,935,0.00394436700038018,0.6524773203070482
6673,0.6739,0,2,0,675948,496,125321,935,0.003928526169053352,0.6533892382948987
6674,0.674,1,1,1,675949,495,125322,934,0.003920605753389938,0.6536039188243526
6675,0.6741,4,1,4,675950,494,125326,930,0.003912685337726524,0.6530898876404494
6676,0.6742,0,1,0,675951,493,125326,930,0.0039047649220631097,0.6535488404778637
6677,0.6743,1,2,1,675953,491,125327,929,0.003888924090736282,0.6542253521126761
6678,0.6744,3,3,3,675956,488,125330,926,0.0038651628437460397,0.6548797736916548
6679,0.6745,2,1,2,675957,487,125332,924,0.0038572424280826256,0.6548547129695251
6680,0.6746,0,2,0,675959,485,125332,924,0.003841401596755798,0.6557842441447835
6681,0.6747,1,1,1,675960,484,125333,923,0.003833481181092384,0.6560056858564322
6682,0.6748,0,1,0,675961,483,125333,923,0.0038255607654289698,0.6564722617354196
6683,0.6749,0,2,0,675963,481,125333,923,0.0038097199341021416,0.6574074074074074
6684,0.675,1,0,1,675963,481,125334,922,0.0038097199341021416,0.6571632216678546
6685,0.6751,2,2,2,675965,479,125336,920,0.0037938791027753134,0.6576125804145818
6686,0.6753,3,2,3,675967,477,125339,917,0.0037780382714484857,0.6578192252510761
6687,0.6754,3,0,3,675967,477,125342,914,0.0037780382714484857,0.6570812365204889
6688,0.6755,1,3,1,675970,474,125343,913,0.0037542770244582435,0.6582552271088681
6689,0.6756,2,0,2,675970,474,125345,911,0.0037542770244582435,0.6577617328519856
6690,0.6758,1,1,1,675971,473,125346,910,0.0037463566087948294,0.6579898770788142
6691,0.6759,1,1,1,675972,472,125347,909,0.0037384361931314157,0.6582186821144098
6692,0.676,2,1,2,675973,471,125349,907,0.0037305157774680017,0.658200290275762
6693,0.6761,4,1,4,675974,470,125353,903,0.0037225953618045876,0.6576839038601602
6694,0.6762,2,2,2,675976,468,125355,901,0.0037067545304777594,0.6581446311176041
6695,0.6763,2,2,2,675978,466,125357,899,0.0036909136991509313,0.6586080586080586
6696,0.6766,1,0,1,675978,466,125358,898,0.0036909136991509313,0.658357771260997
6697,0.6767,1,0,1,675978,466,125359,897,0.0036909136991509313,0.6581071166544388
6698,0.6768,1,1,1,675979,465,125360,896,0.0036829932834875176,0.6583394562821455
6699,0.6769,1,0,1,675979,465,125361,895,0.0036829932834875176,0.6580882352941176
6700,0.677,3,1,3,675980,464,125364,892,0.0036750728678241035,0.6578171091445427
6701,0.6771,1,1,1,675981,463,125365,891,0.0036671524521606894,0.6580502215657311
6702,0.6772,2,1,2,675982,462,125367,889,0.0036592320364972754,0.6580310880829016
6703,0.6773,1,0,1,675982,462,125368,888,0.0036592320364972754,0.6577777777777778
6704,0.6774,2,1,2,675983,461,125370,886,0.0036513116208338613,0.6577579806978471
6705,0.6776,2,2,2,675985,459,125372,884,0.003635470789507033,0.6582278481012658
6706,0.6778,5,1,5,675986,458,125377,879,0.0036275503738436195,0.6574420344053852
6707,0.6779,3,1,3,675987,457,125380,876,0.0036196299581802054,0.6571642910727682
6708,0.678,2,0,2,675987,457,125382,874,0.0036196299581802054,0.6566491359879789
6709,0.6781,1,1,1,675988,456,125383,873,0.0036117095425167913,0.6568848758465011
6710,0.6782,2,1,2,675989,455,125385,871,0.0036037891268533772,0.6568627450980392
6711,0.6783,3,2,3,675991,453,125388,868,0.003587948295526549,0.6570779712339136
6712,0.6785,2,0,2,675991,453,125390,866,0.003587948295526549,0.6565579984836998
6713,0.6786,1,3,1,675994,450,125391,865,0.0035641870485363073,0.6577946768060836
6714,0.6787,1,2,1,675996,448,125392,864,0.003548346217209479,0.6585365853658537
6715,0.6788,0,2,0,675998,446,125392,864,0.003532505385882651,0.6595419847328244
6716,0.6789,0,3,0,676001,443,125392,864,0.003508744138892409,0.6610558530986993
6717,0.679,1,0,1,676001,443,125393,863,0.003508744138892409,0.6607963246554365
6718,0.6791,0,1,0,676002,442,125393,863,0.003500823723228995,0.6613026819923372
6719,0.6793,3,0,3,676002,442,125396,860,0.003500823723228995,0.6605222734254992
6720,0.6794,1,1,1,676003,441,125397,859,0.003492903307565581,0.6607692307692308
6721,0.6795,0,1,0,676004,440,125397,859,0.003484982891902167,0.6612779060816012
6722,0.6796,2,1,2,676005,439,125399,857,0.003477062476238753,0.6612654320987654
6723,0.6797,1,0,1,676005,439,125400,856,0.003477062476238753,0.661003861003861
6724,0.6798,0,1,0,676006,438,125400,856,0.003469142060575339,0.6615146831530139
6725,0.6799,1,1,1,676007,437,125401,855,0.003461221644911925,0.6617647058823529
6726,0.68,1,3,1,676010,434,125402,854,0.003437460397921683,0.6630434782608695
6727,0.6801,1,2,1,676012,432,125403,853,0.003421619566594855,0.6638132295719844
6728,0.6802,0,1,0,676013,431,125403,853,0.003413699150931441,0.6643302180685359
6729,0.6803,1,3,1,676016,428,125404,852,0.003389937903941199,0.665625
6730,0.6804,0,1,0,676017,427,125404,852,0.0033820174882777847,0.6661454261141517
6731,0.6805,2,1,2,676018,426,125406,850,0.0033740970726143706,0.6661442006269592
6732,0.6806,1,0,1,676018,426,125407,849,0.0033740970726143706,0.6658823529411765
6733,0.6807,2,1,2,676019,425,125409,847,0.003366176656950957,0.6658805031446541
6734,0.6808,2,1,2,676020,424,125411,845,0.003358256241287543,0.6658786446020488
6735,0.6809,0,2,0,676022,422,125411,845,0.0033424154099607147,0.6669297553275454
6736,0.6811,2,1,2,676023,421,125413,843,0.0033344949942973007,0.6669303797468354
6737,0.6812,1,1,1,676024,420,125414,842,0.0033265745786338866,0.6671949286846276
6738,0.6813,1,2,1,676026,418,125415,841,0.003310733747307059,0.6679904686258936
6739,0.6814,1,0,1,676026,418,125416,840,0.003310733747307059,0.6677265500794912
6740,0.6815,0,2,0,676028,416,125416,840,0.0032948929159802307,0.6687898089171974
6741,0.6816,0,2,0,676030,414,125416,840,0.0032790520846534025,0.6698564593301436
6742,0.6817,1,1,1,676031,413,125417,839,0.0032711316689899884,0.6701277955271565
6743,0.6818,2,0,2,676031,413,125419,837,0.0032711316689899884,0.6696
6744,0.6819,1,0,1,676031,413,125420,836,0.0032711316689899884,0.6693354683746997
6745,0.682,0,2,0,676033,411,125420,836,0.0032552908376631607,0.6704089815557338
6746,0.6821,2,0,2,676033,411,125422,834,0.0032552908376631607,0.6698795180722892
6747,0.6822,1,1,1,676034,410,125423,833,0.0032473704219997466,0.670152855993564
6748,0.6824,1,1,1,676035,409,125424,832,0.0032394500063363326,0.6704270749395649
6749,0.6825,1,0,1,676035,409,125425,831,0.0032394500063363326,0.6701612903225806
6750,0.6826,3,1,3,676036,408,125428,828,0.0032315295906729185,0.6699029126213593
6751,0.6827,0,1,0,676037,407,125428,828,0.0032236091750095044,0.6704453441295547
6752,0.6828,3,0,3,676037,407,125431,825,0.0032236091750095044,0.6696428571428571
6753,0.6829,1,1,1,676038,406,125432,824,0.0032156887593460903,0.6699186991869919
6754,0.683,2,1,2,676039,405,125434,822,0.0032077683436826767,0.6699266503667481
6755,0.6831,1,0,1,676039,405,125435,821,0.0032077683436826767,0.6696574225122349
6756,0.6832,2,0,2,676039,405,125437,819,0.0032077683436826767,0.6691176470588235
6757,0.6833,1,0,1,676039,405,125438,818,0.0032077683436826767,0.6688470973017171
6758,0.6834,4,1,4,676040,404,125442,814,0.0031998479280192626,0.6683087027914614
6759,0.6835,2,1,2,676041,403,125444,812,0.0031919275123558485,0.6683127572016461
6760,0.6837,2,1,2,676042,402,125446,810,0.0031840070966924344,0.6683168316831684
6761,0.6838,2,2,2,676044,400,125448,808,0.0031681662653656063,0.6688741721854304
6762,0.6839,1,1,1,676045,399,125449,807,0.003160245849702192,0.6691542288557214
6763,0.684,1,1,1,676046,398,125450,806,0.0031523254340387785,0.6694352159468439
6764,0.6841,0,1,0,676047,397,125450,806,0.0031444050183753645,0.6699916874480466
6765,0.6842,4,1,4,676048,396,125454,802,0.0031364846027119504,0.669449081803005
6766,0.6843,2,2,2,676050,394,125456,800,0.003120643771385122,0.6700167504187605
6767,0.6844,3,0,3,676050,394,125459,797,0.003120643771385122,0.6691855583543241
6768,0.6845,2,0,2,676050,394,125461,795,0.003120643771385122,0.6686291000841043
6769,0.6846,1,1,1,676051,393,125462,794,0.003112723355721708,0.6689132266217355
6770,0.6848,1,0,1,676051,393,125463,793,0.003112723355721708,0.6686340640809444
6771,0.6849,3,0,3,676051,393,125466,790,0.003112723355721708,0.6677937447168216
6772,0.685,3,1,3,676052,392,125469,787,0.003104802940058294,0.6675148430873622
6773,0.6851,0,1,0,676053,391,125469,787,0.0030968825243948804,0.668081494057725
6774,0.6852,1,1,1,676054,390,125470,786,0.0030889621087314663,0.6683673469387755
6775,0.6853,1,0,1,676054,390,125471,785,0.0030889621087314663,0.6680851063829787
6776,0.6854,1,3,1,676057,387,125472,784,0.003065200861741224,0.6695132365499573
6777,0.6855,1,0,1,676057,387,125473,783,0.003065200861741224,0.6692307692307692
6778,0.6856,1,0,1,676057,387,125474,782,0.003065200861741224,0.6689478186484175
6779,0.6857,0,2,0,676059,385,125474,782,0.0030493600304143964,0.6700942587832048
6780,0.6858,3,1,3,676060,384,125477,779,0.0030414396147509823,0.6698194325021496
6781,0.6859,2,1,2,676061,383,125479,777,0.003033519199087568,0.6698275862068965
6782,0.686,2,1,2,676062,382,125481,775,0.003025598783424154,0.6698357821953328
6783,0.6861,2,1,2,676063,381,125483,773,0.00301767836776074,0.669844020797227
6784,0.6862,1,2,1,676065,379,125484,772,0.003001837536433912,0.6707211120764552
6785,0.6863,1,2,1,676067,377,125485,771,0.002985996705107084,0.671602787456446
6786,0.6864,1,1,1,676068,376,125486,770,0.00297807628944367,0.6719022687609075
6787,0.6865,2,1,2,676069,375,125488,768,0.002970155873780256,0.6719160104986877
6788,0.6866,1,0,1,676069,375,125489,767,0.002970155873780256,0.6716287215411558
6789,0.6867,0,1,0,676070,374,125489,767,0.002962235458116842,0.6722173531989483
6790,0.6868,1,2,1,676072,372,125490,766,0.0029463946267900137,0.6731107205623902
6791,0.6869,2,0,2,676072,372,125492,764,0.0029463946267900137,0.6725352112676056
6792,0.6871,1,0,1,676072,372,125493,763,0.0029463946267900137,0.6722466960352423
6793,0.6872,2,0,2,676072,372,125495,761,0.0029463946267900137,0.6716681376875552
6794,0.6873,2,0,2,676072,372,125497,759,0.0029463946267900137,0.6710875331564987
6795,0.6874,1,1,1,676073,371,125498,758,0.0029384742111266,0.6713906111603188
6796,0.6875,1,0,1,676073,371,125499,757,0.0029384742111266,0.6710992907801419
6797,0.6877,1,0,1,676073,371,125500,756,0.0029384742111266,0.6708074534161491
6798,0.6878,1,1,1,676074,370,125501,755,0.002930553795463186,0.6711111111111111
6799,0.6879,2,0,2,676074,370,125503,753,0.002930553795463186,0.6705253784505788
6800,0.688,1,0,1,676074,370,125504,752,0.002930553795463186,0.6702317290552585
6801,0.6881,1,0,1,676074,370,125505,751,0.002930553795463186,0.6699375557537912
6802,0.6882,3,0,3,676074,370,125508,748,0.002930553795463186,0.669051878354204
6803,0.6884,1,2,1,676076,368,125509,747,0.002914712964136358,0.6699551569506726
6804,0.6885,1,0,1,676076,368,125510,746,0.002914712964136358,0.6696588868940754
6805,0.6886,1,1,1,676077,367,125511,745,0.0029067925484729438,0.6699640287769785
6806,0.6887,1,1,1,676078,366,125512,744,0.0028988721328095297,0.6702702702702703
6807,0.6888,3,1,3,676079,365,125515,741,0.002890951717146116,0.6699819168173599
6808,0.6889,1,2,1,676081,363,125516,740,0.002875110885819288,0.670897552130553
6809,0.689,1,1,1,676082,362,125517,739,0.002867190470155874,0.6712079927338783
6810,0.6891,1,0,1,676082,362,125518,738,0.002867190470155874,0.6709090909090909
6811,0.6892,1,1,1,676083,361,125519,737,0.0028592700544924597,0.6712204007285975
6812,0.6893,1,0,1,676083,361,125520,736,0.0028592700544924597,0.6709206927985415
6813,0.6894,0,1,0,676084,360,125520,736,0.0028513496388290456,0.6715328467153284
6814,0.6895,2,2,2,676086,358,125522,734,0.002835508807502218,0.6721611721611722
6815,0.6896,0,2,0,676088,356,125522,734,0.0028196679761753897,0.673394495412844
6816,0.6897,2,1,2,676089,355,125524,732,0.0028117475605119757,0.6734130634774609
6817,0.6898,1,0,1,676089,355,125525,731,0.0028117475605119757,0.6731123388581952
6818,0.6899,4,1,4,676090,354,125529,727,0.0028038271448485616,0.6725254394079556
6819,0.69,1,0,1,676090,354,125530,726,0.0028038271448485616,0.6722222222222223
6820,0.6902,4,0,4,676090,354,125534,722,0.0028038271448485616,0.671003717472119
6821,0.6903,1,0,1,676090,354,125535,721,0.0028038271448485616,0.6706976744186046
6822,0.6904,1,1,1,676091,353,125536,720,0.0027959067291851475,0.6710158434296365
6823,0.6905,1,0,1,676091,353,125537,719,0.0027959067291851475,0.6707089552238806
6824,0.6906,1,0,1,676091,353,125538,718,0.0027959067291851475,0.6704014939309056
6825,0.6907,1,0,1,676091,353,125539,717,0.0027959067291851475,0.6700934579439253
6826,0.6908,1,0,1,676091,353,125540,716,0.0027959067291851475,0.6697848456501403
6827,0.6909,6,0,6,676091,353,125546,710,0.0027959067291851475,0.6679209783631233
6828,0.691,1,1,1,676092,352,125547,709,0.0027879863135217334,0.6682375117813384
6829,0.6911,1,0,1,676092,352,125548,708,0.0027879863135217334,0.6679245283018868
6830,0.6912,3,0,3,676092,352,125551,705,0.0027879863135217334,0.6669820245979187
6831,0.6913,3,0,3,676092,352,125554,702,0.0027879863135217334,0.6660341555977229
6832,0.6914,2,0,2,676092,352,125556,700,0.0027879863135217334,0.6653992395437263
6833,0.6915,0,2,0,676094,350,125556,700,0.0027721454821949057,0.6666666666666666
6834,0.6916,1,1,1,676095,349,125557,699,0.0027642250665314916,0.6669847328244275
6835,0.6917,2,1,2,676096,348,125559,697,0.0027563046508680775,0.6669856459330143
6836,0.6918,2,0,2,676096,348,125561,695,0.0027563046508680775,0.6663470757430489
6837,0.6919,3,0,3,676096,348,125564,692,0.0027563046508680775,0.6653846153846154
6838,0.692,3,2,3,676098,346,125567,689,0.0027404638195412494,0.6657004830917874
6839,0.6921,2,1,2,676099,345,125569,687,0.0027325434038778353,0.6656976744186046
6840,0.6922,2,1,2,676100,344,125571,685,0.0027246229882144216,0.6656948493683188
6841,0.6923,1,2,1,676102,342,125572,684,0.0027087821568875935,0.6666666666666666
6842,0.6924,4,0,4,676102,342,125576,680,0.0027087821568875935,0.6653620352250489
6843,0.6925,4,1,4,676103,341,125580,676,0.0027008617412241794,0.6647000983284169
6844,0.6926,3,2,3,676105,339,125583,673,0.0026850209098973512,0.6650197628458498
6845,0.6927,1,0,1,676105,339,125584,672,0.0026850209098973512,0.6646884272997032
6846,0.6928,1,3,1,676108,336,125585,671,0.0026612596629071094,0.6663356504468719
6847,0.693,1,0,1,676108,336,125586,670,0.0026612596629071094,0.6660039761431411
6848,0.6931,1,3,1,676111,333,125587,669,0.002637498415916867,0.6676646706586826
6849,0.6932,0,2,0,676113,331,125587,669,0.0026216575845900395,0.669
6850,0.6933,1,1,1,676114,330,125588,668,0.0026137371689266254,0.6693386773547094
6851,0.6934,1,0,1,676114,330,125589,667,0.0026137371689266254,0.6690070210631895
6852,0.6935,1,1,1,676115,329,125590,666,0.0026058167532632113,0.6693467336683417
6853,0.6936,2,1,2,676116,328,125592,664,0.0025978963375997972,0.6693548387096774
6854,0.6937,2,0,2,676116,328,125594,662,0.0025978963375997972,0.6686868686868687
6855,0.6938,1,1,1,676117,327,125595,661,0.002589975921936383,0.6690283400809717
6856,0.6939,1,1,1,676118,326,125596,660,0.002582055506272969,0.6693711967545639
6857,0.694,0,1,0,676119,325,125596,660,0.002574135090609555,0.6700507614213198
6858,0.6941,1,0,1,676119,325,125597,659,0.002574135090609555,0.6697154471544715
6859,0.6942,1,1,1,676120,324,125598,658,0.0025662146749461413,0.670061099796334
6860,0.6943,2,1,2,676121,323,125600,656,0.0025582942592827273,0.6700715015321757
6861,0.6944,1,1,1,676122,322,125601,655,0.002550373843619313,0.6704196519959058
6862,0.6945,1,0,1,676122,322,125602,654,0.002550373843619313,0.6700819672131147
6863,0.6947,1,0,1,676122,322,125603,653,0.002550373843619313,0.6697435897435897
6864,0.6948,0,1,0,676123,321,125603,653,0.002542453427955899,0.6704312114989733
6865,0.6949,1,0,1,676123,321,125604,652,0.002542453427955899,0.6700924974306269
6866,0.6951,2,2,2,676125,319,125606,650,0.002526612596629071,0.6707946336429309
6867,0.6952,0,2,0,676127,317,125606,650,0.002510771765302243,0.672182006204757
6868,0.6953,2,0,2,676127,317,125608,648,0.002510771765302243,0.6715025906735751
6869,0.6954,2,0,2,676127,317,125610,646,0.002510771765302243,0.6708203530633438
6870,0.6955,0,2,0,676129,315,125610,646,0.002494930933975415,0.6722164412070759
6871,0.6956,3,1,3,676130,314,125613,643,0.002487010518312001,0.6718913270637409
6872,0.6957,1,0,1,676130,314,125614,642,0.002487010518312001,0.6715481171548117
6873,0.6958,1,0,1,676130,314,125615,641,0.002487010518312001,0.6712041884816754
6874,0.6959,1,1,1,676131,313,125616,640,0.002479090102648587,0.6715634837355718
6875,0.696,2,0,2,676131,313,125618,638,0.002479090102648587,0.6708727655099895
6876,0.6961,2,0,2,676131,313,125620,636,0.002479090102648587,0.6701791359325606
6877,0.6962,1,2,1,676133,311,125621,635,0.002463249271321759,0.671247357293869
6878,0.6963,1,0,1,676133,311,125622,634,0.002463249271321759,0.6708994708994709
6879,0.6964,3,5,3,676138,306,125625,631,0.0024236471930046887,0.6734258271077909
6880,0.6965,2,1,2,676139,305,125627,629,0.0024157267773412747,0.6734475374732334
6881,0.6969,2,0,2,676139,305,125629,627,0.0024157267773412747,0.6727467811158798
6882,0.697,1,0,1,676139,305,125630,626,0.0024157267773412747,0.6723952738990333
6883,0.6971,2,2,2,676141,303,125632,624,0.002399885946014447,0.6731391585760518
6884,0.6972,0,3,0,676144,300,125632,624,0.0023761246990242047,0.6753246753246753
6885,0.6973,1,0,1,676144,300,125633,623,0.0023761246990242047,0.6749729144095341
6886,0.6974,2,1,2,676145,299,125635,621,0.0023682042833607906,0.675
6887,0.6975,2,1,2,676146,298,125637,619,0.002360283867697377,0.6750272628135223
6888,0.6976,1,2,1,676148,296,125638,618,0.002344443036370549,0.6761487964989059
6889,0.6978,1,0,1,676148,296,125639,617,0.002344443036370549,0.6757940854326396
6890,0.6979,0,2,0,676150,294,125639,617,0.0023286022050437206,0.677277716794731
6891,0.698,1,0,1,676150,294,125640,616,0.0023286022050437206,0.676923076923077
6892,0.6981,1,0,1,676150,294,125641,615,0.0023286022050437206,0.6765676567656765
6893,0.6982,1,1,1,676151,293,125642,614,0.0023206817893803066,0.6769570011025359
6894,0.6983,1,0,1,676151,293,125643,613,0.0023206817893803066,0.6766004415011038
6895,0.6984,2,0,2,676151,293,125645,611,0.0023206817893803066,0.6758849557522124
6896,0.6985,1,0,1,676151,293,125646,610,0.0023206817893803066,0.6755260243632336
6897,0.6986,2,1,2,676152,292,125648,608,0.0023127613737168925,0.6755555555555556
6898,0.6987,0,2,0,676154,290,125648,608,0.0022969205423900648,0.6770601336302895
6899,0.6988,2,0,2,676154,290,125650,606,0.0022969205423900648,0.6763392857142857
6900,0.6989,3,0,3,676154,290,125653,603,0.0022969205423900648,0.6752519596864501
6901,0.699,2,1,2,676155,289,125655,601,0.0022890001267266507,0.6752808988764045
6902,0.6991,3,0,3,676155,289,125658,598,0.0022890001267266507,0.6741826381059752
6903,0.6993,0,1,0,676156,288,125658,598,0.0022810797110632366,0.6749435665914221
6904,0.6997,1,0,1,676156,288,125659,597,0.0022810797110632366,0.6745762711864407
6905,0.6998,1,0,1,676156,288,125660,596,0.0022810797110632366,0.6742081447963801
6906,0.6999,2,1,2,676157,287,125662,594,0.0022731592953998225,0.674233825198638
6907,0.7,0,2,0,676159,285,125662,594,0.0022573184640729944,0.6757679180887372
6908,0.7001,2,0,2,676159,285,125664,592,0.0022573184640729944,0.6750285062713797
6909,0.7004,1,0,1,676159,285,125665,591,0.0022573184640729944,0.6746575342465754
6910,0.7005,0,1,0,676160,284,125665,591,0.0022493980484095807,0.6754285714285714
6911,0.7006,0,1,0,676161,283,125665,591,0.0022414776327461666,0.6762013729977117
6912,0.7007,1,1,1,676162,282,125666,590,0.0022335572170827525,0.676605504587156
6913,0.7008,1,0,1,676162,282,125667,589,0.0022335572170827525,0.6762342135476463
6914,0.7009,0,2,0,676164,280,125667,589,0.0022177163857559244,0.6777905638665133
6915,0.701,2,0,2,676164,280,125669,587,0.0022177163857559244,0.6770472895040369
6916,0.7011,3,1,3,676165,279,125672,584,0.0022097959700925103,0.6767091541135574
6917,0.7012,1,0,1,676165,279,125673,583,0.0022097959700925103,0.6763341067285383
6918,0.7013,2,0,2,676165,279,125675,581,0.0022097959700925103,0.6755813953488372
6919,0.7016,1,0,1,676165,279,125676,580,0.0022097959700925103,0.6752037252619325
6920,0.7017,1,1,1,676166,278,125677,579,0.0022018755544290962,0.67561260210035
6921,0.7019,2,2,2,676168,276,125679,577,0.0021860347231022685,0.6764361078546307
6922,0.702,3,1,3,676169,275,125682,574,0.0021781143074388544,0.6760895170789164
6923,0.7021,1,3,1,676172,272,125683,573,0.002154353060448612,0.6781065088757396
6924,0.7023,2,0,2,676172,272,125685,571,0.002154353060448612,0.6773428232502966
6925,0.7025,0,1,0,676173,271,125685,571,0.0021464326447851985,0.6781472684085511
6926,0.7026,0,1,0,676174,270,125685,571,0.0021385122291217844,0.6789536266349584
6927,0.7027,2,1,2,676175,269,125687,569,0.0021305918134583704,0.6789976133651552
6928,0.7028,1,0,1,676175,269,125688,568,0.0021305918134583704,0.6786140979689367
6929,0.7029,1,0,1,676175,269,125689,567,0.0021305918134583704,0.6782296650717703
6930,0.703,0,1,0,676176,268,125689,567,0.0021226713977949563,0.6790419161676646
6931,0.7031,4,2,4,676178,266,125693,563,0.002106830566468128,0.6791314837153196
6932,0.7032,1,0,1,676178,266,125694,562,0.002106830566468128,0.678743961352657
6933,0.7033,1,0,1,676178,266,125695,561,0.002106830566468128,0.6783555018137848
6934,0.7034,3,0,3,676178,266,125698,558,0.002106830566468128,0.6771844660194175
6935,0.7035,0,1,0,676179,265,125698,558,0.002098910150804714,0.6780072904009721
6936,0.7036,0,1,0,676180,264,125698,558,0.0020909897351413004,0.6788321167883211
6937,0.7037,0,2,0,676182,262,125698,558,0.0020751489038144722,0.6804878048780488
6938,0.7038,1,0,1,676182,262,125699,557,0.0020751489038144722,0.6800976800976801
6939,0.7039,3,1,3,676183,261,125702,554,0.002067228488151058,0.6797546012269938
6940,0.7041,1,1,1,676184,260,125703,553,0.002059308072487644,0.6801968019680197
6941,0.7042,2,1,2,676185,259,125705,551,0.00205138765682423,0.6802469135802469
6942,0.7043,0,1,0,676186,258,125705,551,0.002043467241160816,0.681087762669963
6943,0.7044,0,2,0,676188,256,125705,551,0.002027626409833988,0.6827757125154895
6944,0.7046,3,2,3,676190,254,125708,548,0.00201178557850716,0.683291770573566
6945,0.7047,0,1,0,676191,253,125708,548,0.002003865162843746,0.6841448189762797
6946,0.7048,1,1,1,676192,252,125709,547,0.001995944747180332,0.6846057571964956
6947,0.7049,0,1,0,676193,251,125709,547,0.001988024331516918,0.6854636591478697
6948,0.705,0,2,0,676195,249,125709,547,0.00197218350019009,0.6871859296482412
6949,0.7051,0,2,0,676197,247,125709,547,0.001956342668863262,0.6889168765743073
6950,0.7052,2,0,2,676197,247,125711,545,0.001956342668863262,0.6881313131313131
6951,0.7053,3,1,3,676198,246,125714,542,0.001948422253199848,0.6878172588832487
6952,0.7055,2,2,2,676200,244,125716,540,0.0019325814218730199,0.6887755102040817
6953,0.7056,0,2,0,676202,242,125716,540,0.001916740590546192,0.690537084398977
6954,0.7057,0,1,0,676203,241,125716,540,0.0019088201748827778,0.6914212548015365
6955,0.7058,1,1,1,676204,240,125717,539,0.0019008997592193638,0.6919127086007703
6956,0.7059,2,0,2,676204,240,125719,537,0.0019008997592193638,0.6911196911196911
6957,0.706,0,2,0,676206,238,125719,537,0.0018850589278925358,0.6929032258064516
6958,0.7061,1,0,1,676206,238,125720,536,0.0018850589278925358,0.6925064599483204
6959,0.7062,2,2,2,676208,236,125722,534,0.0018692180965657079,0.6935064935064935
6960,0.7066,1,0,1,676208,236,125723,533,0.0018692180965657079,0.6931079323797139
6961,0.7067,1,0,1,676208,236,125724,532,0.0018692180965657079,0.6927083333333334
6962,0.7068,3,1,3,676209,235,125727,529,0.0018612976809022938,0.6924083769633508
6963,0.7069,1,0,1,676209,235,125728,528,0.0018612976809022938,0.6920052424639581
6964,0.707,4,0,4,676209,235,125732,524,0.0018612976809022938,0.6903820816864296
6965,0.7072,1,2,1,676211,233,125733,523,0.0018454568495754656,0.6917989417989417
6966,0.7073,1,0,1,676211,233,125734,522,0.0018454568495754656,0.6913907284768211
6967,0.7074,0,1,0,676212,232,125734,522,0.0018375364339120518,0.6923076923076923
6968,0.7075,1,0,1,676212,232,125735,521,0.0018375364339120518,0.6918990703851262
6969,0.7076,1,0,1,676212,232,125736,520,0.0018375364339120518,0.6914893617021277
6970,0.7077,4,0,4,676212,232,125740,516,0.0018375364339120518,0.6898395721925134
6971,0.7078,0,1,0,676213,231,125740,516,0.0018296160182486377,0.6907630522088354
6972,0.708,1,0,1,676213,231,125741,515,0.0018296160182486377,0.6903485254691689
6973,0.7081,1,0,1,676213,231,125742,514,0.0018296160182486377,0.6899328859060403
6974,0.7084,3,0,3,676213,231,125745,511,0.0018296160182486377,0.6886792452830188
6975,0.7085,2,1,2,676214,230,125747,509,0.0018216956025852236,0.6887686062246279
6976,0.7086,2,1,2,676215,229,125749,507,0.0018137751869218097,0.688858695652174
6977,0.7087,1,2,1,676217,227,125750,506,0.0017979343555949816,0.6903137789904502
6978,0.7088,2,0,2,676217,227,125752,504,0.0017979343555949816,0.6894664842681258
6979,0.7089,2,1,2,676218,226,125754,502,0.0017900139399315677,0.6895604395604396
6980,0.709,3,1,3,676219,225,125757,499,0.0017820935242681536,0.6892265193370166
6981,0.7092,1,0,1,676219,225,125758,498,0.0017820935242681536,0.6887966804979253
6982,0.7093,1,1,1,676220,224,125759,497,0.0017741731086047396,0.6893203883495146
6983,0.7094,2,0,2,676220,224,125761,495,0.0017741731086047396,0.6884561891515995
6984,0.7096,2,1,2,676221,223,125763,493,0.0017662526929413255,0.6885474860335196
6985,0.7097,3,1,3,676222,222,125766,490,0.0017583322772779116,0.6882022471910112
6986,0.71,2,1,2,676223,221,125768,488,0.0017504118616144975,0.688293370944993
6987,0.7103,3,0,3,676223,221,125771,485,0.0017504118616144975,0.6869688385269122
6988,0.7105,1,0,1,676223,221,125772,484,0.0017504118616144975,0.6865248226950355
6989,0.7106,2,0,2,676223,221,125774,482,0.0017504118616144975,0.6856330014224751
6990,0.7107,1,0,1,676223,221,125775,481,0.0017504118616144975,0.6851851851851852
6991,0.7108,2,1,2,676224,220,125777,479,0.0017424914459510834,0.6852646638054364
6992,0.711,1,2,1,676226,218,125778,478,0.0017266506146242555,0.6867816091954023
6993,0.7111,2,1,2,676227,217,125780,476,0.0017187301989608414,0.6868686868686869
6994,0.7112,2,0,2,676227,217,125782,474,0.0017187301989608414,0.6859623733719248
6995,0.7113,0,1,0,676228,216,125782,474,0.0017108097832974276,0.6869565217391305
6996,0.7115,0,1,0,676229,215,125782,474,0.0017028893676340135,0.6879535558780842
6997,0.7116,0,1,0,676230,214,125782,474,0.0016949689519705994,0.688953488372093
6998,0.7117,2,0,2,676230,214,125784,472,0.0016949689519705994,0.6880466472303207
6999,0.7118,1,2,1,676232,212,125785,471,0.0016791281206437714,0.6896046852122987
7000,0.712,3,1,3,676233,211,125788,468,0.0016712077049803574,0.6892488954344624
7001,0.7121,1,1,1,676234,210,125789,467,0.0016632872893169433,0.689807976366322
7002,0.7123,1,0,1,676234,210,125790,466,0.0016632872893169433,0.6893491124260355
7003,0.7124,1,1,1,676235,209,125791,465,0.0016553668736535294,0.6899109792284867
7004,0.7125,2,0,2,676235,209,125793,463,0.0016553668736535294,0.6889880952380952
7005,0.7126,4,0,4,676235,209,125797,459,0.0016553668736535294,0.687125748502994
7006,0.7127,1,0,1,676235,209,125798,458,0.0016553668736535294,0.6866566716641679
7007,0.7128,2,0,2,676235,209,125800,456,0.0016553668736535294,0.6857142857142857
7008,0.7129,3,0,3,676235,209,125803,453,0.0016553668736535294,0.6842900302114804
7009,0.713,0,1,0,676236,208,125803,453,0.0016474464579901153,0.6853252647503782
7010,0.7131,2,0,2,676236,208,125805,451,0.0016474464579901153,0.6843702579666161
7011,0.7133,1,1,1,676237,207,125806,450,0.0016395260423267013,0.684931506849315
7012,0.7135,1,0,1,676237,207,125807,449,0.0016395260423267013,0.6844512195121951
7013,0.7136,1,0,1,676237,207,125808,448,0.0016395260423267013,0.683969465648855
7014,0.7137,0,1,0,676238,206,125808,448,0.0016316056266632872,0.6850152905198776
7015,0.7138,1,1,1,676239,205,125809,447,0.0016236852109998733,0.6855828220858896
7016,0.7139,1,2,1,676241,203,125810,446,0.0016078443796730452,0.687211093990755
7017,0.714,1,1,1,676242,202,125811,445,0.0015999239640096313,0.6877897990726429
7018,0.7141,1,0,1,676242,202,125812,444,0.0015999239640096313,0.6873065015479877
7019,0.7142,2,0,2,676242,202,125814,442,0.0015999239640096313,0.6863354037267081
7020,0.7144,0,2,0,676244,200,125814,442,0.0015840831326828031,0.6884735202492211
7021,0.7146,0,1,0,676245,199,125814,442,0.0015761627170193893,0.6895475819032761
7022,0.7147,1,0,1,676245,199,125815,441,0.0015761627170193893,0.6890625
7023,0.7148,1,0,1,676245,199,125816,440,0.0015761627170193893,0.6885758998435054
7024,0.7149,1,0,1,676245,199,125817,439,0.0015761627170193893,0.6880877742946708
7025,0.7153,2,0,2,676245,199,125819,437,0.0015761627170193893,0.6871069182389937
7026,0.7154,0,2,0,676247,197,125819,437,0.001560321885692561,0.6892744479495269
7027,0.7155,2,1,2,676248,196,125821,435,0.001552401470029147,0.6893819334389857
7028,0.7156,0,1,0,676249,195,125821,435,0.0015444810543657332,0.6904761904761905
7029,0.7157,0,2,0,676251,193,125821,435,0.001528640223038905,0.6926751592356688
7030,0.7158,2,0,2,676251,193,125823,433,0.001528640223038905,0.6916932907348243
7031,0.7159,0,2,0,676253,191,125823,433,0.001512799391712077,0.6939102564102564
7032,0.716,0,2,0,676255,189,125823,433,0.0014969585603852491,0.6961414790996785
7033,0.7161,1,1,1,676256,188,125824,432,0.001489038144721835,0.6967741935483871
7034,0.7163,2,0,2,676256,188,125826,430,0.001489038144721835,0.6957928802588996
7035,0.7164,2,1,2,676257,187,125828,428,0.001481117729058421,0.6959349593495935
7036,0.7166,1,0,1,676257,187,125829,427,0.001481117729058421,0.6954397394136808
7037,0.7167,1,0,1,676257,187,125830,426,0.001481117729058421,0.6949429037520392
7038,0.7169,2,0,2,676257,187,125832,424,0.001481117729058421,0.6939443535188216
7039,0.717,0,1,0,676258,186,125832,424,0.0014731973133950069,0.6950819672131148
7040,0.7172,1,0,1,676258,186,125833,423,0.0014731973133950069,0.6945812807881774
7041,0.7173,2,0,2,676258,186,125835,421,0.0014731973133950069,0.6935749588138386
7042,0.7174,1,0,1,676258,186,125836,420,0.0014731973133950069,0.693069306930693
7043,0.7175,0,1,0,676259,185,125836,420,0.001465276897731593,0.6942148760330579
7044,0.7176,3,1,3,676260,184,125839,417,0.001457356482068179,0.6938435940099834
7045,0.7177,1,0,1,676260,184,125840,416,0.001457356482068179,0.6933333333333334
7046,0.7178,1,0,1,676260,184,125841,415,0.001457356482068179,0.6928213689482471
7047,0.7179,1,0,1,676260,184,125842,414,0.001457356482068179,0.6923076923076923
7048,0.718,1,2,1,676262,182,125843,413,0.001441515650741351,0.6941176470588235
7049,0.7181,0,2,0,676264,180,125843,413,0.0014256748194145228,0.6964586846543002
7050,0.7182,1,1,1,676265,179,125844,412,0.001417754403751109,0.6971235194585449
7051,0.7183,1,0,1,676265,179,125845,411,0.001417754403751109,0.6966101694915254
7052,0.7184,0,1,0,676266,178,125845,411,0.0014098339880876949,0.6977928692699491
7053,0.7185,2,2,2,676268,176,125847,409,0.0013939931567608667,0.6991452991452991
7054,0.7186,2,0,2,676268,176,125849,407,0.0013939931567608667,0.6981132075471698
7055,0.7187,2,0,2,676268,176,125851,405,0.0013939931567608667,0.6970740103270223
7056,0.7188,4,1,4,676269,175,125855,401,0.0013860727410974528,0.6961805555555556
7057,0.7189,1,1,1,676270,174,125856,400,0.0013781523254340388,0.6968641114982579
7058,0.719,0,1,0,676271,173,125856,400,0.0013702319097706247,0.6980802792321117
7059,0.7191,1,1,1,676272,172,125857,399,0.0013623114941072108,0.6987740805604203
7060,0.7192,1,1,1,676273,171,125858,398,0.0013543910784437967,0.6994727592267135
7061,0.7196,2,1,2,676274,170,125860,396,0.0013464706627803827,0.6996466431095406
7062,0.7197,1,0,1,676274,170,125861,395,0.0013464706627803827,0.6991150442477876
7063,0.7198,0,2,0,676276,168,125861,395,0.0013306298314535547,0.7015985790408525
7064,0.72,1,0,1,676276,168,125862,394,0.0013306298314535547,0.701067615658363
7065,0.7201,1,0,1,676276,168,125863,393,0.0013306298314535547,0.7005347593582888
7066,0.7202,1,0,1,676276,168,125864,392,0.0013306298314535547,0.7
7067,0.7203,1,1,1,676277,167,125865,391,0.0013227094157901406,0.7007168458781362
7068,0.7204,1,0,1,676277,167,125866,390,0.0013227094157901406,0.7001795332136446
7069,0.7206,2,0,2,676277,167,125868,388,0.0013227094157901406,0.6990990990990991
7070,0.7207,1,0,1,676277,167,125869,387,0.0013227094157901406,0.6985559566787004
7071,0.7208,0,1,0,676278,166,125869,387,0.0013147890001267266,0.6998191681735986
7072,0.7211,0,1,0,676279,165,125869,387,0.0013068685844633127,0.7010869565217391
7073,0.7212,0,1,0,676280,164,125869,387,0.0012989481687998986,0.7023593466424682
7074,0.7213,1,0,1,676280,164,125870,386,0.0012989481687998986,0.7018181818181818
7075,0.7214,1,1,1,676281,163,125871,385,0.0012910277531364845,0.7025547445255474
7076,0.7215,1,0,1,676281,163,125872,384,0.0012910277531364845,0.7020109689213894
7077,0.7217,1,1,1,676282,162,125873,383,0.0012831073374730707,0.7027522935779816
7078,0.7219,1,0,1,676282,162,125874,382,0.0012831073374730707,0.7022058823529411
7079,0.7222,2,2,2,676284,160,125876,380,0.0012672665061462425,0.7037037037037037
7080,0.7224,3,0,3,676284,160,125879,377,0.0012672665061462425,0.702048417132216
7081,0.7225,1,1,1,676285,159,125880,376,0.0012593460904828286,0.702803738317757
7082,0.7226,1,4,1,676289,155,125881,375,0.0012276644278291725,0.7075471698113207
7083,0.7228,2,0,2,676289,155,125883,373,0.0012276644278291725,0.7064393939393939
7084,0.723,0,2,0,676291,153,125883,373,0.0012118235965023444,0.7091254752851711
7085,0.7231,2,0,2,676291,153,125885,371,0.0012118235965023444,0.7080152671755725
7086,0.7233,0,1,0,676292,152,125885,371,0.0012039031808389305,0.7093690248565966
7087,0.7234,1,0,1,676292,152,125886,370,0.0012039031808389305,0.7088122605363985
7088,0.7235,0,1,0,676293,151,125886,370,0.0011959827651755164,0.710172744721689
7089,0.7237,2,0,2,676293,151,125888,368,0.0011959827651755164,0.7090558766859345
7090,0.7238,1,0,1,676293,151,125889,367,0.0011959827651755164,0.7084942084942085
7091,0.7239,1,1,1,676294,150,125890,366,0.0011880623495121023,0.7093023255813954
7092,0.724,1,1,1,676295,149,125891,365,0.0011801419338486885,0.7101167315175098
7093,0.7241,3,1,3,676296,148,125894,362,0.0011722215181852744,0.7098039215686275
7094,0.7242,2,1,2,676297,147,125896,360,0.0011643011025218603,0.7100591715976331
7095,0.7243,2,0,2,676297,147,125898,358,0.0011643011025218603,0.7089108910891089
7096,0.7245,0,1,0,676298,146,125898,358,0.0011563806868584462,0.7103174603174603
7097,0.7246,1,0,1,676298,146,125899,357,0.0011563806868584462,0.709741550695825
7098,0.7247,1,0,1,676298,146,125900,356,0.0011563806868584462,0.7091633466135459
7099,0.7249,1,0,1,676298,146,125901,355,0.0011563806868584462,0.7085828343313373
7100,0.7254,3,0,3,676298,146,125904,352,0.0011563806868584462,0.7068273092369478
7101,0.7255,2,0,2,676298,146,125906,350,0.0011563806868584462,0.7056451612903226
7102,0.7256,0,2,0,676300,144,125906,350,0.0011405398555316183,0.708502024291498
7103,0.7258,1,0,1,676300,144,125907,349,0.0011405398555316183,0.7079107505070994
7104,0.7259,5,0,5,676300,144,125912,344,0.0011405398555316183,0.7049180327868853
7105,0.726,1,0,1,676300,144,125913,343,0.0011405398555316183,0.704312114989733
7106,0.7261,2,1,2,676301,143,125915,341,0.0011326194398682042,0.7045454545454546
7107,0.7263,1,0,1,676301,143,125916,340,0.0011326194398682042,0.7039337474120083
7108,0.7264,2,0,2,676301,143,125918,338,0.0011326194398682042,0.7027027027027027
7109,0.7265,1,0,1,676301,143,125919,337,0.0011326194398682042,0.7020833333333333
7110,0.7267,1,0,1,676301,143,125920,336,0.0011326194398682042,0.7014613778705637
7111,0.7269,1,0,1,676301,143,125921,335,0.0011326194398682042,0.700836820083682
7112,0.727,1,0,1,676301,143,125922,334,0.0011326194398682042,0.70020964360587
7113,0.7271,0,1,0,676302,142,125922,334,0.0011246990242047904,0.7016806722689075
7114,0.7272,1,0,1,676302,142,125923,333,0.0011246990242047904,0.7010526315789474
7115,0.7273,1,0,1,676302,142,125924,332,0.0011246990242047904,0.70042194092827
7116,0.7274,1,1,1,676303,141,125925,331,0.0011167786085413763,0.701271186440678
7117,0.7276,1,0,1,676303,141,125926,330,0.0011167786085413763,0.7006369426751592
7118,0.7281,2,0,2,676303,141,125928,328,0.0011167786085413763,0.6993603411513859
7119,0.7283,1,0,1,676303,141,125929,327,0.0011167786085413763,0.6987179487179487
7120,0.7285,1,0,1,676303,141,125930,326,0.0011167786085413763,0.6980728051391863
7121,0.7286,2,1,2,676304,140,125932,324,0.0011088581928779622,0.6982758620689655
7122,0.729,0,1,0,676305,139,125932,324,0.0011009377772145481,0.6997840172786177
7123,0.7291,1,1,1,676306,138,125933,323,0.0010930173615511342,0.7006507592190889
7124,0.7294,1,0,1,676306,138,125934,322,0.0010930173615511342,0.7
7125,0.7295,0,1,0,676307,137,125934,322,0.0010850969458877202,0.7015250544662309
7126,0.7296,0,1,0,676308,136,125934,322,0.001077176530224306,0.7030567685589519
7127,0.7298,1,0,1,676308,136,125935,321,0.001077176530224306,0.7024070021881839
7128,0.73,3,0,3,676308,136,125938,318,0.001077176530224306,0.7004405286343612
7129,0.7302,0,1,0,676309,135,125938,318,0.0010692561145608922,0.7019867549668874
7130,0.7303,2,0,2,676309,135,125940,316,0.0010692561145608922,0.7006651884700665
7131,0.7305,1,1,1,676310,134,125941,315,0.0010613356988974781,0.7015590200445434
7132,0.7307,2,0,2,676310,134,125943,313,0.0010613356988974781,0.7002237136465325
7133,0.7308,0,1,0,676311,133,125943,313,0.001053415283234064,0.7017937219730942
7134,0.731,0,1,0,676312,132,125943,313,0.0010454948675706502,0.7033707865168539
7135,0.7312,1,0,1,676312,132,125944,312,0.0010454948675706502,0.7027027027027027
7136,0.7313,1,0,1,676312,132,125945,311,0.0010454948675706502,0.7020316027088036
7137,0.7314,2,0,2,676312,132,125947,309,0.0010454948675706502,0.7006802721088435
7138,0.7317,1,1,1,676313,131,125948,308,0.0010375744519072361,0.7015945330296127
7139,0.7319,0,1,0,676314,130,125948,308,0.001029654036243822,0.7031963470319634
7140,0.7321,1,2,1,676316,128,125949,307,0.001013813204916994,0.7057471264367816
7141,0.7322,3,1,3,676317,127,125952,304,0.00100589278925358,0.7053364269141531
7142,0.7325,1,2,1,676319,125,125953,303,0.000990051957926752,0.7079439252336449
7143,0.7326,1,0,1,676319,125,125954,302,0.000990051957926752,0.7072599531615925
7144,0.7327,0,1,0,676320,124,125954,302,0.000982131542263338,0.7089201877934272
7145,0.7329,1,1,1,676321,123,125955,301,0.000974211126599924,0.7099056603773585
7146,0.7331,1,0,1,676321,123,125956,300,0.000974211126599924,0.7092198581560284
7147,0.7332,0,1,0,676322,122,125956,300,0.0009662907109365099,0.7109004739336493
7148,0.7333,3,0,3,676322,122,125959,297,0.0009662907109365099,0.7088305489260143
7149,0.7334,1,0,1,676322,122,125960,296,0.0009662907109365099,0.7081339712918661
7150,0.7336,2,2,2,676324,120,125962,294,0.0009504498796096819,0.7101449275362319
7151,0.7338,0,1,0,676325,119,125962,294,0.0009425294639462679,0.711864406779661
7152,0.734,0,1,0,676326,118,125962,294,0.0009346090482828539,0.7135922330097088
7153,0.7341,0,1,0,676327,117,125962,294,0.0009266886326194399,0.7153284671532847
7154,0.7343,1,0,1,676327,117,125963,293,0.0009266886326194399,0.7146341463414634
7155,0.7344,2,0,2,676327,117,125965,291,0.0009266886326194399,0.7132352941176471
7156,0.7345,1,0,1,676327,117,125966,290,0.0009266886326194399,0.7125307125307125
7157,0.7346,1,1,1,676328,116,125967,289,0.0009187682169560259,0.7135802469135802
7158,0.7347,0,1,0,676329,115,125967,289,0.0009108478012926118,0.7153465346534653
7159,0.7349,1,0,1,676329,115,125968,288,0.0009108478012926118,0.7146401985111662
7160,0.735,1,0,1,676329,115,125969,287,0.0009108478012926118,0.7139303482587065
7161,0.7353,1,0,1,676329,115,125970,286,0.0009108478012926118,0.713216957605985
7162,0.7355,2,0,2,676329,115,125972,284,0.0009108478012926118,0.7117794486215538
7163,0.7358,0,1,0,676330,114,125972,284,0.0009029273856291978,0.7135678391959799
7164,0.7359,1,0,1,676330,114,125973,283,0.0009029273856291978,0.7128463476070529
7165,0.736,1,0,1,676330,114,125974,282,0.0009029273856291978,0.7121212121212122
7166,0.7364,1,0,1,676330,114,125975,281,0.0009029273856291978,0.7113924050632912
7167,0.7367,0,1,0,676331,113,125975,281,0.0008950069699657839,0.7131979695431472
7168,0.7368,1,0,1,676331,113,125976,280,0.0008950069699657839,0.712468193384224
7169,0.737,1,0,1,676331,113,125977,279,0.0008950069699657839,0.7117346938775511
7170,0.7371,1,1,1,676332,112,125978,278,0.0008870865543023698,0.7128205128205128
7171,0.7373,1,0,1,676332,112,125979,277,0.0008870865543023698,0.712082262210797
7172,0.7378,0,1,0,676333,111,125979,277,0.0008791661386389558,0.7139175257731959
7173,0.7379,0,1,0,676334,110,125979,277,0.0008712457229755417,0.7157622739018088
7174,0.7381,1,0,1,676334,110,125980,276,0.0008712457229755417,0.7150259067357513
7175,0.7383,0,1,0,676335,109,125980,276,0.0008633253073121277,0.7168831168831169
7176,0.7384,0,1,0,676336,108,125980,276,0.0008554048916487138,0.71875
7177,0.7385,1,0,1,676336,108,125981,275,0.0008554048916487138,0.7180156657963447
7178,0.7388,1,0,1,676336,108,125982,274,0.0008554048916487138,0.7172774869109948
7179,0.7389,1,0,1,676336,108,125983,273,0.0008554048916487138,0.7165354330708661
7180,0.7392,1,0,1,676336,108,125984,272,0.0008554048916487138,0.7157894736842105
7181,0.7393,1,0,1,676336,108,125985,271,0.0008554048916487138,0.7150395778364116
7182,0.7394,0,1,0,676337,107,125985,271,0.0008474844759852997,0.716931216931217
7183,0.7395,1,0,1,676337,107,125986,270,0.0008474844759852997,0.7161803713527851
7184,0.7398,0,1,0,676338,106,125986,270,0.0008395640603218857,0.7180851063829787
7185,0.7399,0,1,0,676339,105,125986,270,0.0008316436446584716,0.72
7186,0.7401,1,0,1,676339,105,125987,269,0.0008316436446584716,0.7192513368983957
7187,0.7407,1,0,1,676339,105,125988,268,0.0008316436446584716,0.7184986595174263
7188,0.7409,1,0,1,676339,105,125989,267,0.0008316436446584716,0.717741935483871
7189,0.7411,1,1,1,676340,104,125990,266,0.0008237232289950577,0.7189189189189189
7190,0.7413,3,0,3,676340,104,125993,263,0.0008237232289950577,0.7166212534059946
7191,0.7418,1,0,1,676340,104,125994,262,0.0008237232289950577,0.7158469945355191
7192,0.7419,0,1,0,676341,103,125994,262,0.0008158028133316436,0.7178082191780822
7193,0.742,1,0,1,676341,103,125995,261,0.0008158028133316436,0.717032967032967
7194,0.7421,0,1,0,676342,102,125995,261,0.0008078823976682296,0.71900826446281
7195,0.7422,0,1,0,676343,101,125995,261,0.0007999619820048156,0.7209944751381215
7196,0.7427,1,0,1,676343,101,125996,260,0.0007999619820048156,0.7202216066481995
7197,0.7429,0,2,0,676345,99,125996,260,0.0007841211506779876,0.724233983286908
7198,0.7431,1,1,1,676346,98,125997,259,0.0007762007350145735,0.7254901960784313
7199,0.7432,1,0,1,676346,98,125998,258,0.0007762007350145735,0.7247191011235955
7200,0.7433,1,1,1,676347,97,125999,257,0.0007682803193511595,0.7259887005649718
7201,0.7435,2,2,2,676349,95,126001,255,0.0007524394880243315,0.7285714285714285
7202,0.7437,1,0,1,676349,95,126002,254,0.0007524394880243315,0.7277936962750716
7203,0.7438,1,0,1,676349,95,126003,253,0.0007524394880243315,0.7270114942528736
7204,0.7439,1,0,1,676349,95,126004,252,0.0007524394880243315,0.7262247838616714
7205,0.7442,1,0,1,676349,95,126005,251,0.0007524394880243315,0.7254335260115607
7206,0.7443,0,1,0,676350,94,126005,251,0.0007445190723609175,0.7275362318840579
7207,0.7444,0,1,0,676351,93,126005,251,0.0007365986566975034,0.7296511627906976
7208,0.7445,1,0,1,676351,93,126006,250,0.0007365986566975034,0.7288629737609329
7209,0.7454,1,0,1,676351,93,126007,249,0.0007365986566975034,0.7280701754385965
7210,0.7457,0,1,0,676352,92,126007,249,0.0007286782410340895,0.7302052785923754
7211,0.7458,0,1,0,676353,91,126007,249,0.0007207578253706755,0.7323529411764705
7212,0.7461,1,0,1,676353,91,126008,248,0.0007207578253706755,0.7315634218289085
7213,0.7462,1,0,1,676353,91,126009,247,0.0007207578253706755,0.7307692307692307
7214,0.7463,2,1,2,676354,90,126011,245,0.0007128374097072614,0.7313432835820896
7215,0.7466,0,1,0,676355,89,126011,245,0.0007049169940438474,0.7335329341317365
7216,0.7468,1,0,1,676355,89,126012,244,0.0007049169940438474,0.7327327327327328
7217,0.747,1,0,1,676355,89,126013,243,0.0007049169940438474,0.7319277108433735
7218,0.7471,1,0,1,676355,89,126014,242,0.0007049169940438474,0.7311178247734139
7219,0.7474,1,0,1,676355,89,126015,241,0.0007049169940438474,0.7303030303030303
7220,0.7475,0,1,0,676356,88,126015,241,0.0006969965783804334,0.7325227963525835
7221,0.7478,0,1,0,676357,87,126015,241,0.0006890761627170194,0.7347560975609756
7222,0.7479,2,0,2,676357,87,126017,239,0.0006890761627170194,0.7331288343558282
7223,0.7482,1,0,1,676357,87,126018,238,0.0006890761627170194,0.7323076923076923
7224,0.7484,1,1,1,676358,86,126019,237,0.0006811557470536054,0.7337461300309598
7225,0.7487,1,0,1,676358,86,126020,236,0.0006811557470536054,0.7329192546583851
7226,0.7488,2,0,2,676358,86,126022,234,0.0006811557470536054,0.73125
7227,0.7489,2,0,2,676358,86,126024,232,0.0006811557470536054,0.7295597484276729
7228,0.749,0,1,0,676359,85,126024,232,0.0006732353313901913,0.7318611987381703
7229,0.7491,2,0,2,676359,85,126026,230,0.0006732353313901913,0.7301587301587301
7230,0.7493,1,0,1,676359,85,126027,229,0.0006732353313901913,0.7292993630573248
7231,0.7494,1,0,1,676359,85,126028,228,0.0006732353313901913,0.7284345047923323
7232,0.7495,1,0,1,676359,85,126029,227,0.0006732353313901913,0.7275641025641025
7233,0.7497,0,1,0,676360,84,126029,227,0.0006653149157267774,0.729903536977492
7234,0.75,1,0,1,676360,84,126030,226,0.0006653149157267774,0.7290322580645161
7235,0.7503,2,0,2,676360,84,126032,224,0.0006653149157267774,0.7272727272727273
7236,0.7504,2,0,2,676360,84,126034,222,0.0006653149157267774,0.7254901960784313
7237,0.7507,1,1,1,676361,83,126035,221,0.0006573945000633633,0.7269736842105263
7238,0.7508,2,0,2,676361,83,126037,219,0.0006573945000633633,0.7251655629139073
7239,0.7509,3,0,3,676361,83,126040,216,0.0006573945000633633,0.7224080267558528
7240,0.751,1,1,1,676362,82,126041,215,0.0006494740843999493,0.7239057239057239
7241,0.7511,3,0,3,676362,82,126044,212,0.0006494740843999493,0.7210884353741497
7242,0.7513,0,1,0,676363,81,126044,212,0.0006415536687365353,0.7235494880546075
7243,0.7514,1,0,1,676363,81,126045,211,0.0006415536687365353,0.7226027397260274
7244,0.7517,1,0,1,676363,81,126046,210,0.0006415536687365353,0.7216494845360825
7245,0.7519,1,0,1,676363,81,126047,209,0.0006415536687365353,0.7206896551724138
7246,0.7521,1,0,1,676363,81,126048,208,0.0006415536687365353,0.7197231833910035
7247,0.7523,1,0,1,676363,81,126049,207,0.0006415536687365353,0.71875
7248,0.7528,0,1,0,676364,80,126049,207,0.0006336332530731213,0.7212543554006968
7249,0.7529,1,0,1,676364,80,126050,206,0.0006336332530731213,0.7202797202797203
7250,0.7532,1,0,1,676364,80,126051,205,0.0006336332530731213,0.7192982456140351
7251,0.7537,2,0,2,676364,80,126053,203,0.0006336332530731213,0.7173144876325088
7252,0.754,1,0,1,676364,80,126054,202,0.0006336332530731213,0.7163120567375887
7253,0.7544,2,0,2,676364,80,126056,200,0.0006336332530731213,0.7142857142857143
7254,0.7545,1,0,1,676364,80,126057,199,0.0006336332530731213,0.7132616487455197
7255,0.7547,1,0,1,676364,80,126058,198,0.0006336332530731213,0.7122302158273381
7256,0.7548,0,1,0,676365,79,126058,198,0.0006257128374097073,0.7148014440433214
7257,0.7549,1,0,1,676365,79,126059,197,0.0006257128374097073,0.7137681159420289
7258,0.7551,2,0,2,676365,79,126061,195,0.0006257128374097073,0.7116788321167883
7259,0.7552,1,0,1,676365,79,126062,194,0.0006257128374097073,0.7106227106227107
7260,0.7555,1,0,1,676365,79,126063,193,0.0006257128374097073,0.7095588235294118
7261,0.7557,2,0,2,676365,79,126065,191,0.0006257128374097073,0.7074074074074074
7262,0.7558,0,1,0,676366,78,126065,191,0.0006177924217462932,0.7100371747211895
7263,0.756,1,0,1,676366,78,126066,190,0.0006177924217462932,0.7089552238805971
7264,0.7562,1,1,1,676367,77,126067,189,0.0006098720060828792,0.7105263157894737
7265,0.7564,1,0,1,676367,77,126068,188,0.0006098720060828792,0.7094339622641509
7266,0.7566,3,0,3,676367,77,126071,185,0.0006098720060828792,0.7061068702290076
7267,0.7567,1,0,1,676367,77,126072,184,0.0006098720060828792,0.7049808429118773
7268,0.7568,0,1,0,676368,76,126072,184,0.0006019515904194653,0.7076923076923077
7269,0.7569,1,0,1,676368,76,126073,183,0.0006019515904194653,0.7065637065637066
7270,0.7573,2,0,2,676368,76,126075,181,0.0006019515904194653,0.7042801556420234
7271,0.7574,1,0,1,676368,76,126076,180,0.0006019515904194653,0.703125
7272,0.7578,2,0,2,676368,76,126078,178,0.0006019515904194653,0.7007874015748031
7273,0.758,0,1,0,676369,75,126078,178,0.0005940311747560512,0.7035573122529645
7274,0.7586,0,2,0,676371,73,126078,178,0.0005781903434292231,0.7091633466135459
7275,0.7587,2,0,2,676371,73,126080,176,0.0005781903434292231,0.7068273092369478
7276,0.7589,1,0,1,676371,73,126081,175,0.0005781903434292231,0.7056451612903226
7277,0.759,1,0,1,676371,73,126082,174,0.0005781903434292231,0.7044534412955465
7278,0.7591,0,1,0,676372,72,126082,174,0.0005702699277658091,0.7073170731707317
7279,0.7592,1,0,1,676372,72,126083,173,0.0005702699277658091,0.7061224489795919
7280,0.7593,1,0,1,676372,72,126084,172,0.0005702699277658091,0.7049180327868853
7281,0.7594,0,1,0,676373,71,126084,172,0.0005623495121023952,0.7078189300411523
7282,0.7595,1,0,1,676373,71,126085,171,0.0005623495121023952,0.7066115702479339
7283,0.7604,0,1,0,676374,70,126085,171,0.0005544290964389811,0.7095435684647303
7284,0.7605,1,0,1,676374,70,126086,170,0.0005544290964389811,0.7083333333333334
7285,0.7606,1,0,1,676374,70,126087,169,0.0005544290964389811,0.7071129707112971
7286,0.7608,1,0,1,676374,70,126088,168,0.0005544290964389811,0.7058823529411765
7287,0.7611,2,0,2,676374,70,126090,166,0.0005544290964389811,0.7033898305084746
7288,0.7612,1,0,1,676374,70,126091,165,0.0005544290964389811,0.7021276595744681
7289,0.7613,1,0,1,676374,70,126092,164,0.0005544290964389811,0.7008547008547008
7290,0.7615,2,2,2,676376,68,126094,162,0.000538588265112153,0.7043478260869566
7291,0.7616,0,1,0,676377,67,126094,162,0.0005306678494487391,0.7074235807860262
7292,0.7617,0,1,0,676378,66,126094,162,0.0005227474337853251,0.7105263157894737
7293,0.7618,1,1,1,676379,65,126095,161,0.000514827018121911,0.7123893805309734
7294,0.762,0,1,0,676380,64,126095,161,0.000506906602458497,0.7155555555555555
7295,0.7624,0,1,0,676381,63,126095,161,0.000498986186795083,0.71875
7296,0.7625,1,0,1,676381,63,126096,160,0.000498986186795083,0.7174887892376681
7297,0.7626,1,1,1,676382,62,126097,159,0.000491065771131669,0.7194570135746606
7298,0.7627,1,0,1,676382,62,126098,158,0.000491065771131669,0.7181818181818181
7299,0.7628,0,1,0,676383,61,126098,158,0.00048314535546825497,0.7214611872146118
7300,0.7631,0,1,0,676384,60,126098,158,0.00047522493980484094,0.7247706422018348
7301,0.7632,1,0,1,676384,60,126099,157,0.00047522493980484094,0.7235023041474654
7302,0.7633,1,1,1,676385,59,126100,156,0.00046730452414142697,0.7255813953488373
7303,0.7634,1,0,1,676385,59,126101,155,0.00046730452414142697,0.7242990654205608
7304,0.7635,1,0,1,676385,59,126102,154,0.00046730452414142697,0.7230046948356808
7305,0.7636,1,0,1,676385,59,126103,153,0.00046730452414142697,0.7216981132075472
7306,0.7638,1,0,1,676385,59,126104,152,0.00046730452414142697,0.7203791469194313
7307,0.764,0,1,0,676386,58,126104,152,0.00045938410847801294,0.7238095238095238
7308,0.7641,1,0,1,676386,58,126105,151,0.00045938410847801294,0.722488038277512
7309,0.7643,1,1,1,676387,57,126106,150,0.0004514636928145989,0.7246376811594203
7310,0.7645,0,1,0,676388,56,126106,150,0.0004435432771511849,0.7281553398058253
7311,0.7649,1,1,1,676389,55,126107,149,0.00043562286148777086,0.7303921568627451
7312,0.7651,1,0,1,676389,55,126108,148,0.00043562286148777086,0.729064039408867
7313,0.7652,1,0,1,676389,55,126109,147,0.00043562286148777086,0.7277227722772277
7314,0.7661,1,0,1,676389,55,126110,146,0.00043562286148777086,0.7263681592039801
7315,0.7662,2,0,2,676389,55,126112,144,0.00043562286148777086,0.7236180904522613
7316,0.7663,0,1,0,676390,54,126112,144,0.0004277024458243569,0.7272727272727273
7317,0.7665,0,1,0,676391,53,126112,144,0.00041978203016094286,0.7309644670050761
7318,0.7666,3,0,3,676391,53,126115,141,0.00041978203016094286,0.7268041237113402
7319,0.7667,1,1,1,676392,52,126116,140,0.00041186161449752884,0.7291666666666666
7320,0.7668,1,0,1,676392,52,126117,139,0.00041186161449752884,0.7277486910994765
7321,0.7669,0,1,0,676393,51,126117,139,0.0004039411988341148,0.7315789473684211
7322,0.7671,1,0,1,676393,51,126118,138,0.0004039411988341148,0.7301587301587301
7323,0.7677,1,0,1,676393,51,126119,137,0.0004039411988341148,0.7287234042553191
7324,0.7679,1,0,1,676393,51,126120,136,0.0004039411988341148,0.7272727272727273
7325,0.7685,0,2,0,676395,49,126120,136,0.00038810036750728676,0.7351351351351352
7326,0.7686,1,1,1,676396,48,126121,135,0.0003801799518438728,0.7377049180327869
7327,0.7687,1,0,1,676396,48,126122,134,0.0003801799518438728,0.7362637362637363
7328,0.7695,1,0,1,676396,48,126123,133,0.0003801799518438728,0.7348066298342542
7329,0.7696,1,0,1,676396,48,126124,132,0.0003801799518438728,0.7333333333333333
7330,0.7697,3,0,3,676396,48,126127,129,0.0003801799518438728,0.7288135593220338
7331,0.7698,0,1,0,676397,47,126127,129,0.00037225953618045876,0.7329545454545454
7332,0.7701,1,0,1,676397,47,126128,128,0.00037225953618045876,0.7314285714285714
7333,0.7703,1,0,1,676397,47,126129,127,0.00037225953618045876,0.7298850574712644
7334,0.771,1,1,1,676398,46,126130,126,0.00036433912051704473,0.7325581395348837
7335,0.7715,1,0,1,676398,46,126131,125,0.00036433912051704473,0.7309941520467836
7336,0.7717,1,0,1,676398,46,126132,124,0.00036433912051704473,0.7294117647058823
7337,0.7719,1,0,1,676398,46,126133,123,0.00036433912051704473,0.727810650887574
7338,0.772,1,1,1,676399,45,126134,122,0.0003564187048536307,0.7305389221556886
7339,0.7721,2,1,2,676400,44,126136,120,0.0003484982891902167,0.7317073170731707
7340,0.7726,1,0,1,676400,44,126137,119,0.0003484982891902167,0.7300613496932515
7341,0.7727,1,0,1,676400,44,126138,118,0.0003484982891902167,0.7283950617283951
7342,0.773,1,1,1,676401,43,126139,117,0.0003405778735268027,0.73125
7343,0.7731,1,0,1,676401,43,126140,116,0.0003405778735268027,0.7295597484276729
7344,0.7732,2,0,2,676401,43,126142,114,0.0003405778735268027,0.7261146496815286
7345,0.7734,0,1,0,676402,42,126142,114,0.0003326574578633887,0.7307692307692307
7346,0.7735,1,0,1,676402,42,126143,113,0.0003326574578633887,0.7290322580645161
7347,0.7736,0,1,0,676403,41,126143,113,0.00032473704219997465,0.7337662337662337
7348,0.7738,1,0,1,676403,41,126144,112,0.00032473704219997465,0.7320261437908496
7349,0.7741,1,0,1,676403,41,126145,111,0.00032473704219997465,0.7302631578947368
7350,0.7744,0,1,0,676404,40,126145,111,0.0003168166265365606,0.7350993377483444
7351,0.7745,1,0,1,676404,40,126146,110,0.0003168166265365606,0.7333333333333333
7352,0.7746,1,0,1,676404,40,126147,109,0.0003168166265365606,0.7315436241610739
7353,0.7748,0,1,0,676405,39,126147,109,0.0003088962108731466,0.7364864864864865
7354,0.7753,0,1,0,676406,38,126147,109,0.00030097579520973263,0.7414965986394558
7355,0.7754,1,0,1,676406,38,126148,108,0.00030097579520973263,0.7397260273972602
7356,0.7755,1,0,1,676406,38,126149,107,0.00030097579520973263,0.7379310344827587
7357,0.7759,3,0,3,676406,38,126152,104,0.00030097579520973263,0.7323943661971831
7358,0.7763,1,0,1,676406,38,126153,103,0.00030097579520973263,0.7304964539007093
7359,0.7765,0,1,0,676407,37,126153,103,0.0002930553795463186,0.7357142857142858
7360,0.7766,0,1,0,676408,36,126153,103,0.0002851349638829046,0.7410071942446043
7361,0.7767,1,0,1,676408,36,126154,102,0.0002851349638829046,0.7391304347826086
7362,0.7768,2,0,2,676408,36,126156,100,0.0002851349638829046,0.7352941176470589
7363,0.7774,0,1,0,676409,35,126156,100,0.00027721454821949055,0.7407407407407407
7364,0.7777,1,0,1,676409,35,126157,99,0.00027721454821949055,0.7388059701492538
7365,0.7793,1,0,1,676409,35,126158,98,0.00027721454821949055,0.7368421052631579
7366,0.7795,1,0,1,676409,35,126159,97,0.00027721454821949055,0.7348484848484849
7367,0.7802,1,0,1,676409,35,126160,96,0.00027721454821949055,0.732824427480916
7368,0.7804,0,1,0,676410,34,126160,96,0.0002692941325560765,0.7384615384615385
7369,0.7805,1,0,1,676410,34,126161,95,0.0002692941325560765,0.7364341085271318
7370,0.7806,0,1,0,676411,33,126161,95,0.00026137371689266255,0.7421875
7371,0.7807,1,0,1,676411,33,126162,94,0.00026137371689266255,0.7401574803149606
7372,0.781,1,0,1,676411,33,126163,93,0.00026137371689266255,0.7380952380952381
7373,0.7811,0,1,0,676412,32,126163,93,0.0002534533012292485,0.744
7374,0.7813,1,0,1,676412,32,126164,92,0.0002534533012292485,0.7419354838709677
7375,0.7816,1,0,1,676412,32,126165,91,0.0002534533012292485,0.7398373983739838
7376,0.782,0,1,0,676413,31,126165,91,0.0002455328855658345,0.7459016393442623
7377,0.7822,0,1,0,676414,30,126165,91,0.00023761246990242047,0.7520661157024794
7378,0.7823,1,0,1,676414,30,126166,90,0.00023761246990242047,0.75
7379,0.7829,1,0,1,676414,30,126167,89,0.00023761246990242047,0.7478991596638656
7380,0.783,1,0,1,676414,30,126168,88,0.00023761246990242047,0.7457627118644068
7381,0.7835,1,0,1,676414,30,126169,87,0.00023761246990242047,0.7435897435897436
7382,0.7837,0,2,0,676416,28,126169,87,0.00022177163857559244,0.7565217391304347
7383,0.7843,1,0,1,676416,28,126170,86,0.00022177163857559244,0.7543859649122807
7384,0.7844,1,0,1,676416,28,126171,85,0.00022177163857559244,0.7522123893805309
7385,0.7848,1,0,1,676416,28,126172,84,0.00022177163857559244,0.75
7386,0.7852,3,0,3,676416,28,126175,81,0.00022177163857559244,0.7431192660550459
7387,0.7854,1,0,1,676416,28,126176,80,0.00022177163857559244,0.7407407407407407
7388,0.7861,1,0,1,676416,28,126177,79,0.00022177163857559244,0.7383177570093458
7389,0.7864,1,0,1,676416,28,126178,78,0.00022177163857559244,0.7358490566037735
7390,0.7865,1,1,1,676417,27,126179,77,0.00021385122291217844,0.7403846153846154
7391,0.7868,1,0,1,676417,27,126180,76,0.00021385122291217844,0.7378640776699029
7392,0.7871,0,1,0,676418,26,126180,76,0.00020593080724876442,0.7450980392156863
7393,0.7874,1,0,1,676418,26,126181,75,0.00020593080724876442,0.7425742574257426
7394,0.7887,1,0,1,676418,26,126182,74,0.00020593080724876442,0.74
7395,0.789,0,1,0,676419,25,126182,74,0.0001980103915853504,0.7474747474747475
7396,0.7891,2,0,2,676419,25,126184,72,0.0001980103915853504,0.7422680412371134
7397,0.7894,1,0,1,676419,25,126185,71,0.0001980103915853504,0.7395833333333334
7398,0.7895,0,1,0,676420,24,126185,71,0.0001900899759219364,0.7473684210526316
7399,0.79,1,0,1,676420,24,126186,70,0.0001900899759219364,0.7446808510638298
7400,0.7903,1,0,1,676420,24,126187,69,0.0001900899759219364,0.7419354838709677
7401,0.7916,1,0,1,676420,24,126188,68,0.0001900899759219364,0.7391304347826086
7402,0.7919,1,0,1,676420,24,126189,67,0.0001900899759219364,0.7362637362637363
7403,0.7921,0,1,0,676421,23,126189,67,0.00018216956025852237,0.7444444444444445
7404,0.7924,1,0,1,676421,23,126190,66,0.00018216956025852237,0.7415730337078652
7405,0.7926,1,0,1,676421,23,126191,65,0.00018216956025852237,0.7386363636363636
7406,0.793,1,0,1,676421,23,126192,64,0.00018216956025852237,0.735632183908046
7407,0.7933,1,0,1,676421,23,126193,63,0.00018216956025852237,0.7325581395348837
7408,0.7935,0,1,0,676422,22,126193,63,0.00017424914459510834,0.7411764705882353
7409,0.7941,1,0,1,676422,22,126194,62,0.00017424914459510834,0.7380952380952381
7410,0.7948,1,0,1,676422,22,126195,61,0.00017424914459510834,0.7349397590361446
7411,0.7951,0,1,0,676423,21,126195,61,0.00016632872893169434,0.7439024390243902
7412,0.7962,1,0,1,676423,21,126196,60,0.00016632872893169434,0.7407407407407407
7413,0.7968,2,0,2,676423,21,126198,58,0.00016632872893169434,0.7341772151898734
7414,0.7969,1,0,1,676423,21,126199,57,0.00016632872893169434,0.7307692307692307
7415,0.797,0,1,0,676424,20,126199,57,0.0001584083132682803,0.7402597402597403
7416,0.798,1,0,1,676424,20,126200,56,0.0001584083132682803,0.7368421052631579
7417,0.7982,1,0,1,676424,20,126201,55,0.0001584083132682803,0.7333333333333333
7418,0.7983,1,0,1,676424,20,126202,54,0.0001584083132682803,0.7297297297297297
7419,0.7988,1,0,1,676424,20,126203,53,0.0001584083132682803,0.726027397260274
7420,0.7992,1,0,1,676424,20,126204,52,0.0001584083132682803,0.7222222222222222
7421,0.7998,0,1,0,676425,19,126204,52,0.00015048789760486631,0.7323943661971831
7422,0.8,1,0,1,676425,19,126205,51,0.00015048789760486631,0.7285714285714285
7423,0.8003,0,1,0,676426,18,126205,51,0.0001425674819414523,0.7391304347826086
7424,0.8008,1,0,1,676426,18,126206,50,0.0001425674819414523,0.7352941176470589
7425,0.8015,0,1,0,676427,17,126206,50,0.00013464706627803826,0.746268656716418
7426,0.802,1,0,1,676427,17,126207,49,0.00013464706627803826,0.7424242424242424
7427,0.8028,1,0,1,676427,17,126208,48,0.00013464706627803826,0.7384615384615385
7428,0.8033,1,0,1,676427,17,126209,47,0.00013464706627803826,0.734375
7429,0.804,1,0,1,676427,17,126210,46,0.00013464706627803826,0.7301587301587301
7430,0.805,1,0,1,676427,17,126211,45,0.00013464706627803826,0.7258064516129032
7431,0.8054,1,0,1,676427,17,126212,44,0.00013464706627803826,0.7213114754098361
7432,0.8062,1,0,1,676427,17,126213,43,0.00013464706627803826,0.7166666666666667
7433,0.8063,1,0,1,676427,17,126214,42,0.00013464706627803826,0.711864406779661
7434,0.8064,1,0,1,676427,17,126215,41,0.00013464706627803826,0.7068965517241379
7435,0.8067,1,0,1,676427,17,126216,40,0.00013464706627803826,0.7017543859649122
7436,0.8084,1,0,1,676427,17,126217,39,0.00013464706627803826,0.6964285714285714
7437,0.8091,1,0,1,676427,17,126218,38,0.00013464706627803826,0.6909090909090909
7438,0.8092,0,1,0,676428,16,126218,38,0.00012672665061462426,0.7037037037037037
7439,0.8105,0,1,0,676429,15,126218,38,0.00011880623495121023,0.7169811320754716
7440,0.8107,1,0,1,676429,15,126219,37,0.00011880623495121023,0.7115384615384616
7441,0.8109,0,1,0,676430,14,126219,37,0.00011088581928779622,0.7254901960784313
7442,0.8111,1,0,1,676430,14,126220,36,0.00011088581928779622,0.72
7443,0.8118,0,1,0,676431,13,126220,36,0.00010296540362438221,0.7346938775510204
7444,0.8121,0,1,0,676432,12,126220,36,9.50449879609682e-05,0.75
7445,0.813,1,0,1,676432,12,126221,35,9.50449879609682e-05,0.7446808510638298
7446,0.8142,1,0,1,676432,12,126222,34,9.50449879609682e-05,0.7391304347826086
7447,0.8152,1,0,1,676432,12,126223,33,9.50449879609682e-05,0.7333333333333333
7448,0.8169,1,0,1,676432,12,126224,32,9.50449879609682e-05,0.7272727272727273
7449,0.8179,1,0,1,676432,12,126225,31,9.50449879609682e-05,0.7209302325581395
7450,0.8181,1,0,1,676432,12,126226,30,9.50449879609682e-05,0.7142857142857143
7451,0.8184,1,0,1,676432,12,126227,29,9.50449879609682e-05,0.7073170731707317
7452,0.8194,0,1,0,676433,11,126227,29,8.712457229755417e-05,0.725
7453,0.8202,0,1,0,676434,10,126227,29,7.920415663414016e-05,0.7435897435897436
7454,0.8203,1,0,1,676434,10,126228,28,7.920415663414016e-05,0.7368421052631579
7455,0.8204,1,0,1,676434,10,126229,27,7.920415663414016e-05,0.7297297297297297
7456,0.8209,1,0,1,676434,10,126230,26,7.920415663414016e-05,0.7222222222222222
7457,0.8218,1,0,1,676434,10,126231,25,7.920415663414016e-05,0.7142857142857143
7458,0.8222,0,1,0,676435,9,126231,25,7.128374097072614e-05,0.7352941176470589
7459,0.8271,1,1,1,676436,8,126232,24,6.336332530731213e-05,0.75
7460,0.8273,1,0,1,676436,8,126233,23,6.336332530731213e-05,0.7419354838709677
7461,0.8281,0,1,0,676437,7,126233,23,5.544290964389811e-05,0.7666666666666667
7462,0.8291,1,0,1,676437,7,126234,22,5.544290964389811e-05,0.7586206896551724
7463,0.8294,0,1,0,676438,6,126234,22,4.75224939804841e-05,0.7857142857142857
7464,0.8316,1,0,1,676438,6,126235,21,4.75224939804841e-05,0.7777777777777778
7465,0.8336,1,0,1,676438,6,126236,20,4.75224939804841e-05,0.7692307692307693
7466,0.835,1,0,1,676438,6,126237,19,4.75224939804841e-05,0.76
7467,0.8351,2,0,2,676438,6,126239,17,4.75224939804841e-05,0.7391304347826086
7468,0.8362,1,0,1,676438,6,126240,16,4.75224939804841e-05,0.7272727272727273
7469,0.8371,1,0,1,676438,6,126241,15,4.75224939804841e-05,0.7142857142857143
7470,0.8387,1,0,1,676438,6,126242,14,4.75224939804841e-05,0.7
7471,0.8391,2,0,2,676438,6,126244,12,4.75224939804841e-05,0.6666666666666666
7472,0.8399,0,1,0,676439,5,126244,12,3.960207831707008e-05,0.7058823529411765
7473,0.841,1,0,1,676439,5,126245,11,3.960207831707008e-05,0.6875
7474,0.8425,1,0,1,676439,5,126246,10,3.960207831707008e-05,0.6666666666666666
7475,0.843,0,1,0,676440,4,126246,10,3.1681662653656065e-05,0.7142857142857143
7476,0.8459,1,0,1,676440,4,126247,9,3.1681662653656065e-05,0.6923076923076923
7477,0.847,1,0,1,676440,4,126248,8,3.1681662653656065e-05,0.6666666666666666
7478,0.8481,1,0,1,676440,4,126249,7,3.1681662653656065e-05,0.6363636363636364
7479,0.849,0,1,0,676441,3,126249,7,2.376124699024205e-05,0.7
7480,0.8491,0,1,0,676442,2,126249,7,1.5840831326828033e-05,0.7777777777777778
7481,0.856,0,1,0,676443,1,126249,7,7.920415663414016e-06,0.875
7482,0.8565,1,0,1,676443,1,126250,6,7.920415663414016e-06,0.8571428571428571
7483,0.8602,0,1,0,676444,0,126250,6,0.0,1.0
7484,0.862,1,0,1,676444,0,126251,5,0.0,1.0
7485,0.8627,1,0,1,676444,0,126252,4,0.0,1.0
7486,0.8642,1,0,1,676444,0,126253,3,0.0,1.0
7487,0.8655,1,0,1,676444,0,126254,2,0.0,1.0
7488,0.8691,1,0,1,676444,0,126255,1,0.0,1.0
7489,0.8871,1,0,1,676444,0,126256,0,0.0,
