,y_proba,y_test,Neg,Pos,TN,FP,FN,TP,FP/P,Prec
0,0.0214,0,5,0,5,676439,0,126256,5.357678050944114,0.1572901288783411
1,0.0236,0,1,0,6,676438,0,126256,5.35767013052845,0.15729032483113117
2,0.0237,0,2,0,8,676436,0,126256,5.357654289697123,0.15729071673817605
3,0.0238,0,1,0,9,676435,0,126256,5.3576463692814595,0.15729091269243084
4,0.0239,0,4,0,13,676431,0,126256,5.357614687618806,0.15729169651433247
5,0.024,0,2,0,15,676429,0,126256,5.3575988467874796,0.15729208842821282
6,0.0241,0,1,0,16,676428,0,126256,5.357590926371816,0.15729228438588536
7,0.0242,0,3,0,19,676425,0,126256,5.357567165124825,0.15729287226183253
8,0.0246,0,11,0,30,676414,0,126256,5.357480040552528,0.15729502784456875
9,0.0248,0,5,0,35,676409,0,126256,5.357440438474211,0.15729600767443455
10,0.0249,1,0,1,35,676409,1,126255,5.357440438474211,0.15729495779055744
11,0.0251,0,4,0,39,676405,1,126255,5.357408756811558,0.15729574165898388
12,0.0253,0,5,0,44,676400,1,126255,5.357369154733241,0.1572967215055036
13,0.0255,0,1,0,45,676399,1,126255,5.357361234317577,0.15729691747627247
14,0.0256,0,1,0,46,676398,1,126255,5.357353313901913,0.15729711344752964
15,0.0257,1,0,1,46,676398,2,126254,5.357353313901913,0.15729606354933395
16,0.0258,0,1,0,47,676397,2,126254,5.35734539348625,0.15729625952001555
17,0.0259,0,3,0,50,676394,2,126254,5.35732163223926,0.15729684743499017
18,0.026,0,4,0,54,676390,2,126254,5.3572899505766065,0.15729763132845945
19,0.0261,0,3,0,57,676387,2,126254,5.357266189329616,0.15729821925368875
20,0.0262,0,8,0,65,676379,2,126254,5.3572028260043085,0.15729978707578682
21,0.0264,1,4,1,69,676375,3,126253,5.357171144341655,0.1572995210732743
22,0.0265,0,2,0,71,676373,3,126253,5.3571553035103285,0.1572999130354611
23,0.0266,0,8,0,79,676365,3,126253,5.357091940185021,0.1573014809037425
24,0.0267,1,4,1,83,676361,4,126252,5.357060258522368,0.15730121490681062
25,0.0268,1,1,1,84,676360,5,126251,5.357052338106704,0.15730036094695937
26,0.0269,0,2,0,86,676358,5,126251,5.357036497275377,0.15730075291954115
27,0.027,2,18,2,104,676340,7,126249,5.3568939297934355,0.1573021808173299
28,0.0271,0,13,0,117,676327,7,126249,5.356790964389811,0.1573047287733498
29,0.0272,0,4,0,121,676323,7,126249,5.3567592827271575,0.1573055127764238
30,0.0273,1,15,1,136,676308,8,126248,5.356640476492206,0.15730740284790096
31,0.0274,0,6,0,142,676302,8,126248,5.356592953998226,0.15730857890474115
32,0.0275,1,22,1,164,676280,9,126247,5.356418704853631,0.15731184122154146
33,0.0276,1,16,1,180,676264,10,126246,5.356291978203016,0.15731392755230464
34,0.0277,0,10,0,190,676254,10,126246,5.356212774046382,0.1573158878504673
35,0.0278,1,19,1,209,676235,11,126245,5.356062286148777,0.1573185624563852
36,0.0279,1,2,1,211,676233,12,126244,5.3560464453174506,0.15731790443838264
37,0.028,0,17,0,228,676216,12,126244,5.355911798251173,0.15732123719562346
38,0.0281,0,10,0,238,676206,12,126244,5.355832594094538,0.15732319770702224
39,0.0282,0,14,0,252,676192,12,126244,5.35572170827525,0.15732594250507206
40,0.0283,3,27,3,279,676165,15,126241,5.355507857052338,0.1573280857820106
41,0.0284,0,11,0,290,676154,15,126241,5.355420732480041,0.15733024258625739
42,0.0285,0,24,0,314,676130,15,126241,5.355230642504119,0.15733494854624605
43,0.0286,1,10,1,324,676120,16,126240,5.355151438347485,0.15733585921531482
44,0.0287,0,7,0,331,676113,16,126240,5.355095995437841,0.15733723186677187
45,0.0288,1,30,1,361,676083,17,126239,5.354858382967938,0.15734206465733208
46,0.0289,0,19,0,380,676064,17,126239,5.354707895070334,0.15734579080472091
47,0.029,3,32,3,412,676032,20,126236,5.3544544417691045,0.15734891582363997
48,0.0291,0,15,0,427,676017,20,126236,5.354335635534153,0.1573518578303852
49,0.0292,3,29,3,456,675988,23,126233,5.354105943479913,0.1573543948612664
50,0.0293,0,33,0,489,675955,23,126233,5.353844569763021,0.15736086802594904
51,0.0294,2,26,2,515,675929,25,126231,5.353638638955772,0.1573638675575945
52,0.0295,1,71,1,586,675858,26,126230,5.35307628944367,0.15737674669113613
53,0.0296,2,15,2,601,675843,28,126228,5.352957483208719,0.15737758876707922
54,0.0297,1,20,1,621,675823,29,126227,5.352799074895451,0.15738046256467803
55,0.0298,2,23,2,644,675800,31,126225,5.352616905335192,0.15738287459867212
56,0.0299,1,35,1,679,675765,32,126224,5.352339690786972,0.15738869236361097
57,0.03,0,23,0,702,675742,32,126224,5.352157521226714,0.15739320619577388
58,0.0301,4,38,4,740,675704,36,126220,5.351856545431504,0.15739646151006828
59,0.0302,1,20,1,760,675684,37,126219,5.351698137118236,0.1573993363287081
60,0.0303,0,32,0,792,675652,37,126219,5.351444683817006,0.15740561761181038
61,0.0304,1,33,1,825,675619,38,126218,5.351183310100114,0.15741104488817553
62,0.0305,4,59,4,884,675560,42,126214,5.350716005575973,0.15741842464335337
63,0.0306,1,43,1,927,675517,43,126213,5.350375427702446,0.157425816671448
64,0.0307,4,79,4,1006,675438,47,126209,5.349749714865036,0.15743712631619652
65,0.0308,0,67,0,1073,675371,47,126209,5.349219047015588,0.1574502856857706
66,0.0309,0,40,0,1113,675331,47,126209,5.348902230389051,0.15745814307458142
67,0.031,3,57,3,1170,675274,50,126206,5.348450766696236,0.1574661875530269
68,0.0311,1,32,1,1202,675242,51,126205,5.348197313395007,0.15747142356263108
69,0.0312,5,65,5,1267,675177,56,126200,5.347682486376885,0.15747893937559976
70,0.0313,3,55,3,1322,675122,59,126197,5.347246863515397,0.1574865939781785
71,0.0314,0,55,0,1377,675067,59,126197,5.34681124065391,0.1574974041015196
72,0.0315,1,50,1,1427,675017,60,126196,5.346415219870739,0.15750618125267563
73,0.0316,7,126,7,1553,674891,67,126189,5.345417247497148,0.15752359314924852
74,0.0317,1,77,1,1630,674814,68,126188,5.344807375491066,0.15753768405072646
75,0.0318,7,57,7,1687,674757,75,126181,5.344355911798251,0.1575415325530815
76,0.0319,2,90,2,1777,674667,77,126179,5.3436430743885435,0.15755713333150193
77,0.032,5,74,5,1851,674593,82,126174,5.343056963629452,0.15756643318218658
78,0.0321,3,55,3,1906,674538,85,126171,5.3426213407679635,0.15757409995391583
79,0.0322,3,102,3,2008,674436,88,126168,5.341813458370296,0.1575910187808205
80,0.0323,2,49,2,2057,674387,90,126166,5.341425358002788,0.15759855999540318
81,0.0324,3,38,3,2095,674349,93,126163,5.341124382207578,0.15760288415414134
82,0.0325,3,147,3,2242,674202,96,126160,5.3399600811050565,0.15762867302545597
83,0.0326,2,108,2,2350,674094,98,126158,5.339104676213408,0.157647840930107
84,0.0327,0,63,0,2413,674031,98,126158,5.338605690026613,0.1576602527652842
85,0.0328,5,131,5,2544,673900,103,126153,5.3375681155747055,0.1576808036467584
86,0.0329,8,111,8,2655,673789,111,126145,5.336688949436066,0.15769425977643156
87,0.033,3,217,3,2872,673572,114,126142,5.334970219237105,0.15773388986562698
88,0.0331,2,87,2,2959,673485,116,126140,5.334281143074389,0.15774894481788337
89,0.0332,4,124,4,3083,673361,120,126136,5.333299011532125,0.15776919738285447
90,0.0333,2,153,2,3236,673208,122,126134,5.332087187935623,0.15779728826960174
91,0.0334,0,68,0,3304,673140,122,126134,5.33154859967051,0.15781071322224918
92,0.0335,1,112,1,3416,673028,123,126133,5.330661513116208,0.15783177607515883
93,0.0336,5,134,5,3550,672894,128,126128,5.329600177417311,0.1578529752622581
94,0.0337,2,116,2,3666,672778,130,126126,5.328681409200355,0.15787378708831099
95,0.0338,3,73,3,3739,672705,133,126123,5.328103218856926,0.15788505160059488
96,0.0339,2,148,2,3887,672557,135,126121,5.32693099733874,0.15791219991035185
97,0.034,0,48,0,3935,672509,135,126121,5.326550817386896,0.15792169089565883
98,0.0341,7,93,7,4028,672416,142,126114,5.325814218730199,0.15793270133870987
99,0.0342,6,111,6,4139,672305,148,126108,5.32493505259156,0.1579483299996368
100,0.0343,3,94,3,4233,672211,151,126105,5.324190533519199,0.15796376372263615
101,0.0344,1,161,1,4394,672050,152,126104,5.322915346597389,0.15799457247598833
102,0.0345,5,125,5,4519,671925,157,126099,5.321925294639462,0.15801404469038524
103,0.0346,10,174,10,4693,671751,167,126089,5.3205471423140285,0.15803795247167352
104,0.0347,7,183,7,4876,671568,174,126082,5.319097706247624,0.15806682128753213
105,0.0348,8,123,8,4999,671445,182,126074,5.318123495121024,0.15808275414128065
106,0.0349,6,174,6,5173,671271,188,126068,5.31674534279559,0.15811091643579456
107,0.035,5,126,5,5299,671145,193,126063,5.315747370422,0.15813062588433632
108,0.0351,7,179,7,5478,670966,200,126056,5.314329616018249,0.15815874593173088
109,0.0352,1,65,1,5543,670901,201,126055,5.313814789000126,0.15817058909149312
110,0.0353,7,203,7,5746,670698,208,126048,5.312206944620454,0.15820349270658404
111,0.0354,1,44,1,5790,670654,209,126047,5.3118584463312635,0.1582111733260031
112,0.0355,3,80,3,5870,670574,212,126044,5.311224813078191,0.15822389150132185
113,0.0356,3,38,3,5908,670536,215,126041,5.310923837282981,0.1582282692068689
114,0.0357,3,75,3,5983,670461,218,126038,5.310329806108225,0.15823999779032993
115,0.0358,11,201,11,6184,670260,229,126027,5.308737802559878,0.15826831280681464
116,0.0359,2,107,2,6291,670153,231,126025,5.307890318083893,0.15828746838018634
117,0.036,1,78,1,6369,670075,232,126024,5.307272525662147,0.1583019197361132
118,0.0361,4,98,4,6467,669977,236,126020,5.306496324927132,0.15831717958736025
119,0.0362,7,120,7,6587,669857,243,126013,5.305545875047523,0.15833364745498638
120,0.0363,5,91,5,6678,669766,248,126008,5.304825117222152,0.15834646520243184
121,0.0364,2,142,2,6820,669624,250,126006,5.3037004181979475,0.15837261038422382
122,0.0365,2,114,2,6934,669510,252,126004,5.302797490812318,0.15839318981187006
123,0.0366,2,115,2,7049,669395,254,126002,5.301886643011025,0.1584139744052341
124,0.0367,4,124,4,7173,669271,258,125998,5.300904511468762,0.15843444167948204
125,0.0368,12,157,12,7330,669114,270,125986,5.299661006209606,0.15845302477675763
126,0.0369,2,140,2,7470,668974,272,125984,5.298552148016728,0.15847881271714984
127,0.037,4,247,4,7717,668727,276,125980,5.296595805347865,0.15852383331215153
128,0.0371,1,122,1,7839,668605,277,125979,5.2956295146369285,0.1585471139615195
129,0.0372,3,108,3,7947,668497,280,125976,5.29477410974528,0.15856548932436973
130,0.0373,3,138,3,8085,668359,283,125973,5.2936810923837285,0.1585898591520926
131,0.0374,9,277,9,8362,668082,292,125964,5.291487137244963,0.1586356457938205
132,0.0375,5,115,5,8477,667967,297,125959,5.29057628944367,0.1586533253728937
133,0.0376,1,86,1,8563,667881,298,125958,5.289895133696616,0.15866945312588573
134,0.0377,3,84,3,8647,667797,301,125955,5.28922981878089,0.1586830647355849
135,0.0378,7,145,7,8792,667652,308,125948,5.288081358509695,0.15870463709677418
136,0.0379,8,123,8,8915,667529,316,125940,5.287107147383095,0.15872075657650142
137,0.038,6,147,6,9062,667382,322,125934,5.285942846280573,0.1587438044864846
138,0.0381,7,138,7,9200,667244,329,125927,5.284849828919022,0.15876399918806916
139,0.0382,2,89,2,9289,667155,331,125925,5.284144911924978,0.15877969435618097
140,0.0383,4,297,4,9586,666858,335,125921,5.281792548472944,0.15883493382140546
141,0.0384,4,158,4,9744,666700,339,125917,5.280541122798124,0.15886235092106277
142,0.0385,6,90,6,9834,666610,345,125911,5.279828285388417,0.15887402352745228
143,0.0386,0,57,0,9891,666553,345,125911,5.279376821695602,0.1588854509479295
144,0.0387,4,88,4,9979,666465,349,125907,5.278679825117222,0.15889885053989794
145,0.0388,4,89,4,10068,666376,353,125903,5.277974908123178,0.1589124538199296
146,0.0389,5,117,5,10185,666259,358,125898,5.277048219490559,0.15893061602687347
147,0.039,1,82,1,10267,666177,359,125897,5.2763987454061585,0.15894600756999977
148,0.0391,6,102,6,10369,666075,365,125891,5.275590863008491,0.15896010687327486
149,0.0392,0,88,0,10457,665987,365,125891,5.27489386643011,0.15897777182848874
150,0.0393,4,195,4,10652,665792,369,125887,5.273349385375744,0.15901268064455418
151,0.0394,4,156,4,10808,665636,373,125883,5.272113800532252,0.1590397703655882
152,0.0395,15,228,15,11036,665408,388,125868,5.270307945760994,0.15906965458323014
153,0.0396,3,102,3,11138,665306,391,125865,5.269500063363325,0.1590869736125313
154,0.0397,4,127,4,11265,665179,395,125861,5.268494170574072,0.15910826254045307
155,0.0398,7,102,7,11367,665077,402,125854,5.267686288176404,0.15912133928244057
156,0.0399,13,181,13,11548,664896,415,125841,5.266252692941325,0.15914393787061942
157,0.04,1,100,1,11648,664796,416,125840,5.265460651374984,0.15916300294952418
158,0.0401,3,155,3,11803,664641,419,125837,5.264232986947155,0.15919102112898778
159,0.0402,6,206,6,12009,664435,425,125831,5.262601381320492,0.15922613398526572
160,0.0403,8,174,8,12183,664261,433,125823,5.261223228995058,0.15925268705605986
161,0.0404,2,92,2,12275,664169,435,125821,5.260494550754023,0.15926910467221103
162,0.0405,2,81,2,12356,664088,437,125819,5.259852997085287,0.15928330803499652
163,0.0406,4,105,4,12461,663983,441,125815,5.2590213534406285,0.1593002261337709
164,0.0407,4,90,4,12551,663893,445,125811,5.2583085160309215,0.15931412275992018
165,0.0408,4,141,4,12692,663752,449,125807,5.25719173742238,0.15933831417284838
166,0.0409,14,181,14,12873,663571,463,125793,5.255758142187302,0.15935994040772064
167,0.041,5,147,5,13020,663424,468,125788,5.25459384108478,0.1593842972483946
168,0.0411,4,110,4,13130,663314,472,125784,5.253722595361805,0.15940225421937454
169,0.0412,6,136,6,13266,663178,478,125778,5.25264541883158,0.1594233391976232
170,0.0413,3,138,3,13404,663040,481,125775,5.251552401470029,0.15944803280870673
171,0.0414,8,155,8,13559,662885,489,125767,5.2503247370422,0.15947084392101965
172,0.0415,3,135,3,13694,662750,492,125764,5.249255480927639,0.1594949487263384
173,0.0416,5,191,5,13885,662559,497,125759,5.247742681535927,0.15952826143764318
174,0.0417,11,205,11,14090,662354,508,125748,5.2461189963249275,0.15955802675288225
175,0.0418,5,129,5,14219,662225,513,125743,5.245097262704347,0.15957881538336582
176,0.0419,5,178,5,14397,662047,518,125738,5.243687428716259,0.15960953813540496
177,0.042,5,165,5,14562,661882,523,125733,5.242380560131796,0.159637640217619
178,0.0421,8,117,8,14679,661765,531,125725,5.241453871499176,0.15965282098820302
179,0.0422,4,125,4,14804,661640,535,125721,5.240463819541249,0.15967389799596374
180,0.0423,4,116,4,14920,661524,539,125717,5.239545051324294,0.15969315622534905
181,0.0424,10,154,10,15074,661370,549,125707,5.238325307312127,0.15971372559482744
182,0.0425,6,148,6,15222,661222,555,125701,5.237153085793943,0.15973735676807008
183,0.0426,7,227,7,15449,660995,562,125694,5.235355151438347,0.15977597246179875
184,0.0427,2,88,2,15537,660907,564,125692,5.234658154859967,0.15979171089716615
185,0.0428,3,99,3,15636,660808,567,125689,5.233874033709289,0.15980861974044402
186,0.0429,2,101,2,15737,660707,569,125687,5.233074071727284,0.1598270078357668
187,0.043,3,92,3,15829,660615,572,125684,5.23234539348625,0.1598425026612014
188,0.0431,5,65,5,15894,660550,577,125679,5.231830566468128,0.15985037438201846
189,0.0432,9,150,9,16044,660400,586,125670,5.230642504118616,0.15987125828488558
190,0.0433,7,91,7,16135,660309,593,125663,5.229921746293246,0.15988228588295766
191,0.0434,12,193,12,16328,660116,605,125651,5.2283931060702065,0.15990872612364734
192,0.0435,3,152,3,16480,659964,608,125648,5.227189202889368,0.15993645718242594
193,0.0436,7,143,7,16623,659821,615,125641,5.226056583449499,0.15995808836073547
194,0.0437,2,66,2,16689,659755,617,125639,5.225533836015714,0.15996939115908704
195,0.0438,4,156,4,16845,659599,621,125635,5.224298251172222,0.1599968926460138
196,0.0439,7,164,7,17009,659435,628,125628,5.222999303003421,0.16002282619356664
197,0.044,10,127,10,17136,659308,638,125618,5.221993410214168,0.1600380163225578
198,0.0441,14,149,14,17285,659159,652,125604,5.220813268280319,0.16005341740117718
199,0.0442,10,136,10,17421,659023,662,125594,5.219736091750095,0.16007045475690687
200,0.0443,5,111,5,17532,658912,667,125589,5.2188569256114565,0.1600877500474824
201,0.0444,2,83,2,17615,658829,669,125587,5.2181995311113925,0.16010254762778933
202,0.0445,3,116,3,17731,658713,672,125584,5.217280762894437,0.16012301462328685
203,0.0446,15,164,15,17895,658549,687,125569,5.2159818147256365,0.16014043804631445
204,0.0447,3,120,3,18015,658429,690,125566,5.215031364846027,0.1601617357253554
205,0.0448,8,189,8,18204,658240,698,125558,5.213534406285642,0.16019178410763998
206,0.0449,7,144,7,18348,658096,705,125551,5.21239386643011,0.16021371867690426
207,0.045,12,119,12,18467,657977,717,125539,5.211451336966164,0.1602251900407905
208,0.0451,3,148,3,18615,657829,720,125536,5.210279115447979,0.1602522451220057
209,0.0452,12,167,12,18782,657662,732,125524,5.208956406032189,0.16027354932289392
210,0.0453,10,106,10,18888,657556,742,125514,5.208116841971867,0.16028452117946032
211,0.0454,3,112,3,19000,657444,745,125511,5.207229755417564,0.1603042320439872
212,0.0455,4,111,4,19111,657333,749,125507,5.206350589278926,0.16032267129937153
213,0.0456,17,267,17,19378,657066,766,125490,5.2042358382967935,0.16035913084814377
214,0.0457,4,108,4,19486,656958,770,125486,5.203380433405145,0.16037697266513642
215,0.0458,14,287,14,19773,656671,784,125472,5.201107274109745,0.16042079261720682
216,0.0459,7,138,7,19911,656533,791,125465,5.200014256748194,0.1604415868071274
217,0.046,7,238,7,20149,656295,798,125458,5.198129197820301,0.16048291468021228
218,0.0461,12,153,12,20302,656142,810,125446,5.1969173742237995,0.1605014406567143
219,0.0462,4,168,4,20470,655974,814,125442,5.195586744392346,0.16053165023495808
220,0.0463,6,145,6,20615,655829,820,125436,5.1944382841211505,0.160554997344051
221,0.0464,15,280,15,20895,655549,835,125421,5.1922205677353945,0.16059643776329435
222,0.0465,5,155,5,21050,655394,840,125416,5.190992903307565,0.1606229428414083
223,0.0466,7,106,7,21156,655288,847,125409,5.190153339247244,0.16063722545366513
224,0.0467,15,320,15,21476,654968,862,125394,5.187618806234951,0.16068696322988563
225,0.0468,17,211,17,21687,654757,879,125377,5.185947598529971,0.1607121340692753
226,0.0469,13,195,13,21882,654562,892,125364,5.184403117475605,0.16073832645661254
227,0.047,9,179,9,22061,654383,901,125355,5.182985363071854,0.16076553919393438
228,0.0471,3,105,3,22166,654278,904,125352,5.182153719427196,0.16078396162282108
229,0.0472,25,285,25,22451,653993,929,125327,5.1798964009631225,0.16081583944977673
230,0.0473,5,113,5,22564,653880,934,125322,5.179001393993157,0.16083377609400387
231,0.0474,15,240,15,22804,653640,949,125307,5.177100494233938,0.16086717068041856
232,0.0475,6,234,6,23038,653406,955,125301,5.175247116968698,0.1609090453790707
233,0.0476,4,175,4,23213,653231,959,125297,5.173861044227601,0.16094090385959142
234,0.0477,3,116,3,23329,653115,962,125294,5.172942276010645,0.16096165383493768
235,0.0478,7,258,7,23587,652857,969,125287,5.1708988087694845,0.1610074741950076
236,0.0479,12,199,12,23786,652658,981,125275,5.169322646052465,0.16103571901436242
237,0.048,12,137,12,23923,652521,993,125263,5.1682375491065775,0.16105114016230726
238,0.0481,7,98,7,24021,652423,1000,125256,5.167461348371562,0.16106388368465652
239,0.0482,6,140,6,24161,652283,1006,125250,5.166352490178684,0.16108641048032687
240,0.0483,16,283,16,24444,652000,1022,125234,5.164111012545939,0.16112779420354745
241,0.0484,15,177,15,24621,651823,1037,125219,5.162709098973514,0.1611483034379094
242,0.0485,8,189,8,24810,651634,1045,125211,5.161212140413129,0.1611788709459416
243,0.0486,2,98,2,24908,651536,1047,125209,5.1604359396781145,0.16119704664980142
244,0.0487,11,202,11,25110,651334,1058,125198,5.158836015714105,0.1612270968871856
245,0.0488,7,135,7,25245,651199,1065,125191,5.157766759599544,0.1612475688764667
246,0.0489,6,159,6,25404,651040,1071,125185,5.156507413509061,0.16127411510837708
247,0.049,10,221,10,25625,650819,1081,125175,5.154757001647447,0.16130923692708965
248,0.0491,10,213,10,25838,650606,1091,125165,5.15306995311114,0.1613427158272222
249,0.0492,12,196,12,26034,650410,1103,125153,5.15151755164111,0.16137051406526615
250,0.0493,6,162,6,26196,650248,1109,125147,5.150234444303637,0.1613977392167863
251,0.0494,8,183,8,26379,650065,1117,125139,5.148785008237232,0.16142718561823727
252,0.0495,12,239,12,26618,649826,1129,125127,5.146892028893676,0.16146398555783384
253,0.0496,17,251,17,26869,649575,1146,125110,5.144904004562159,0.16149789914610455
254,0.0497,11,105,11,26974,649470,1157,125099,5.144072360917501,0.16150788373921496
255,0.0498,16,351,16,27325,649119,1173,125083,5.1412922950196425,0.16156377792875762
256,0.0499,5,119,5,27444,649000,1178,125078,5.140349765555697,0.1615831996258775
257,0.05,14,195,14,27639,648805,1192,125064,5.138805284501331,0.16160874773378958
258,0.0501,12,217,12,27856,648588,1204,125052,5.137086554302369,0.16164107336745773
259,0.0502,16,238,16,28094,648350,1220,125036,5.135201495374477,0.16167347223766657
260,0.0503,11,157,11,28251,648193,1231,125025,5.133957990115321,0.1616943733849962
261,0.0504,10,122,10,28373,648071,1241,125015,5.132991699404385,0.16170904660024887
262,0.0505,10,177,10,28550,647894,1251,125005,5.13158978583196,0.1617352331934703
263,0.0506,8,180,8,28730,647714,1259,124997,5.1301641110125455,0.16176423009378668
264,0.0507,9,123,9,28853,647591,1268,124988,5.129189899885946,0.16178021923971528
265,0.0508,10,141,10,28994,647450,1278,124978,5.128073121277405,0.16179889905596379
266,0.0509,15,274,15,29268,647176,1293,124963,5.12590292738563,0.1618400313933113
267,0.051,3,130,3,29398,647046,1296,124960,5.124873273349386,0.161864026963521
268,0.0511,13,233,13,29631,646813,1309,124947,5.1230278164998095,0.1618987768218099
269,0.0512,8,138,8,29769,646675,1317,124939,5.121934799138259,0.16191904242276578
270,0.0513,12,309,12,30078,646366,1329,124927,5.119487390698263,0.1619708722884818
271,0.0514,14,239,14,30317,646127,1343,124913,5.117594411354708,0.1620058622120772
272,0.0515,12,203,12,30520,645924,1355,124901,5.115986566975035,0.16203548146466448
273,0.0516,12,199,12,30719,645725,1367,124889,5.114410404258016,0.1620642760188629
274,0.0517,10,292,10,31011,645433,1377,124879,5.112097642884298,0.162114831392994
275,0.0518,27,383,27,31394,645050,1404,124852,5.109064123685211,0.1621660938664921
276,0.0519,10,316,10,31710,644734,1414,124842,5.106561272335572,0.16222179485846752
277,0.052,2,237,2,31947,644497,1416,124840,5.104684133823343,0.16226959056954235
278,0.0521,11,182,11,32129,644315,1427,124829,5.103242618172602,0.16229600698958843
279,0.0522,14,267,14,32396,644048,1441,124815,5.1011278671904705,0.16233711337390405
280,0.0523,28,357,28,32753,643691,1469,124787,5.098300278798631,0.16238200703208158
281,0.0524,19,315,19,33068,643376,1488,124768,5.095805347864656,0.16242787810618842
282,0.0525,7,183,7,33251,643193,1495,124761,5.094355911798251,0.16245894936415461
283,0.0526,8,192,8,33443,643001,1503,124753,5.092835191990876,0.16249084993370272
284,0.0527,3,87,3,33530,642914,1506,124750,5.092146115828158,0.16250599220492298
285,0.0528,9,197,9,33727,642717,1515,124741,5.090585793942466,0.1625378848093316
286,0.0529,8,261,8,33988,642456,1523,124733,5.088518565454315,0.16258444790006113
287,0.053,18,294,18,34282,642162,1541,124715,5.0861899632492715,0.16262712273285024
288,0.0531,43,686,43,34968,641476,1584,124672,5.080756558104169,0.1627257396743188
289,0.0532,10,148,10,35116,641328,1594,124662,5.079584336585984,0.16274624995104375
290,0.0533,9,128,9,35244,641200,1603,124653,5.078570523381067,0.1627636112935511
291,0.0534,19,272,19,35516,640928,1622,124634,5.076416170320618,0.1628006614748381
292,0.0535,5,235,5,35751,640693,1627,124629,5.074554872639716,0.16284518150530103
293,0.0536,30,398,30,36149,640295,1657,124599,5.071402547205677,0.16289708116418747
294,0.0537,9,193,9,36342,640102,1666,124590,5.069873906982639,0.1629283423914465
295,0.0538,13,183,13,36525,639919,1679,124577,5.068424470916233,0.16295310897637136
296,0.0539,23,455,23,36980,639464,1702,124554,5.064820681789381,0.1630249549094393
297,0.054,14,193,14,37173,639271,1716,124540,5.063292041566341,0.16305080707138284
298,0.0541,12,189,12,37362,639082,1728,124528,5.061795083005956,0.16307801102657116
299,0.0542,20,325,20,37687,638757,1748,124508,5.059220947915347,0.16312551997012834
300,0.0543,8,149,8,37836,638608,1756,124500,5.058040805981498,0.1631485975772761
301,0.0544,43,733,43,38569,637875,1799,124457,5.052235141300216,0.16325826542766145
302,0.0545,18,346,18,38915,637529,1817,124439,5.049494677480674,0.16331263255149822
303,0.0546,15,232,15,39147,637297,1832,124424,5.047657141046762,0.16334589698852992
304,0.0547,20,251,20,39398,637046,1852,124404,5.045669116715246,0.16337776610414342
305,0.0548,6,260,6,39658,636786,1858,124398,5.043609808642757,0.16342697692016647
306,0.0549,13,251,13,39909,636535,1871,124385,5.041621784311241,0.16346659307154499
307,0.055,9,163,9,40072,636372,1880,124376,5.040330756558104,0.16349172130587264
308,0.0551,10,147,10,40219,636225,1890,124366,5.039166455455582,0.16351232133958987
309,0.0552,14,297,14,40516,635928,1904,124352,5.0368140920035485,0.16356079339190824
310,0.0553,9,248,9,40764,635680,1913,124343,5.034849828919022,0.16360425934478298
311,0.0554,13,249,13,41013,635431,1926,124330,5.032877645418831,0.16364356685852524
312,0.0555,9,281,9,41294,635150,1935,124321,5.0306520086174125,0.16369420293862438
313,0.0556,20,436,20,41730,634714,1955,124301,5.027198707388163,0.16376619697897934
314,0.0557,15,277,15,42007,634437,1970,124286,5.025004752249398,0.16380945351597356
315,0.0558,29,422,29,42429,634015,1999,124257,5.021662336839437,0.1638686381667792
316,0.0559,14,268,14,42697,633747,2013,124243,5.019539665441642,0.1639111333922611
317,0.056,10,139,10,42836,633608,2023,124233,5.018438727664428,0.16393016477071048
318,0.0561,29,500,29,43336,633108,2052,124204,5.01447851983272,0.16400638046142144
319,0.0562,18,276,18,43612,632832,2070,124186,5.012292485109619,0.16404629744603166
320,0.0563,12,304,12,43916,632528,2082,124174,5.009884678747941,0.16409894515938903
321,0.0564,36,469,36,44385,632059,2118,124138,5.0061700038018,0.16416092631946438
322,0.0565,25,349,25,44734,631710,2143,124113,5.003405778735268,0.16420908069746487
323,0.0566,17,319,17,45053,631391,2160,124096,5.000879166138639,0.16425961002638034
324,0.0567,43,523,43,45576,630868,2203,124053,4.996736788746674,0.1643258036271345
325,0.0568,11,295,11,45871,630573,2214,124042,4.994400266125966,0.1643778615585431
326,0.0569,8,226,8,46097,630347,2222,124034,4.992610252186035,0.16441824489216988
327,0.057,16,365,16,46462,629982,2238,124018,4.989719300468889,0.16448010610079575
328,0.0571,10,276,10,46738,629706,2248,124008,4.987533265745786,0.16452925114831354
329,0.0572,17,261,17,46999,629445,2265,123991,4.985466037257635,0.16456739523994074
330,0.0573,14,247,14,47246,629198,2279,123977,4.983509694588772,0.16460583529724168
331,0.0574,23,396,23,47642,628802,2302,123954,4.98037320998606,0.1646669040167066
332,0.0575,8,237,8,47879,628565,2310,123946,4.978496071473831,0.16470988463956007
333,0.0576,14,207,14,48086,628358,2324,123932,4.976856545431504,0.16473966156668307
334,0.0577,8,191,8,48277,628167,2332,123924,4.975343746039792,0.16477261395230097
335,0.0578,13,212,13,48489,627955,2345,123911,4.973664617919148,0.16480463274040852
336,0.0579,19,362,19,48851,627593,2364,123892,4.970797427448993,0.16486290478186524
337,0.058,36,521,36,49372,627072,2400,123856,4.966670890888354,0.16493725097479386
338,0.0581,16,214,16,49586,626858,2416,123840,4.964975921936383,0.1649664712041327
339,0.0582,25,361,25,49947,626497,2441,123815,4.962116651881891,0.16501801917069167
340,0.0583,6,103,6,50050,626394,2447,123809,4.961300849068559,0.16503399746468622
341,0.0584,12,164,12,50214,626230,2459,123797,4.960001900899759,0.16505672462458018
342,0.0585,12,197,12,50411,626033,2471,123785,4.958441579014067,0.16508672771259159
343,0.0586,22,320,22,50731,625713,2493,123763,4.955907046001774,0.16513270605062738
344,0.0587,9,222,9,50953,625491,2502,123754,4.954148713724496,0.16517160608345735
345,0.0588,28,405,28,51358,625086,2530,123726,4.950940945380814,0.16522972388263008
346,0.0589,19,267,19,51625,624819,2549,123707,4.948826194398682,0.16526747233897018
347,0.059,8,232,8,51857,624587,2557,123699,4.94698865796477,0.1653097879687713
348,0.0591,15,377,15,52234,624210,2572,123684,4.944002661259663,0.1653763768662404
349,0.0592,6,146,6,52380,624064,2578,123678,4.942846280572804,0.16540197019827693
350,0.0593,28,423,28,52803,623641,2606,123650,4.93949594474718,0.1654643238042476
351,0.0594,23,217,23,53020,623424,2629,123627,4.93777721454822,0.165486693679548
352,0.0595,32,471,32,53491,622953,2661,123595,4.934046698770752,0.16555532932912553
353,0.0596,26,362,26,53853,622591,2687,123569,4.931179508300596,0.16560657231692935
354,0.0597,21,398,21,54251,622193,2708,123548,4.928027182866557,0.16567145966226882
355,0.0598,17,275,17,54526,621918,2725,123531,4.925849068559118,0.16571354982030964
356,0.0599,27,344,27,54870,621574,2752,123504,4.923124445570903,0.16575982648796503
357,0.06,19,213,19,55083,621361,2771,123485,4.921437397034596,0.16578594769925595
358,0.0601,46,439,46,55522,620922,2817,123439,4.917960334558358,0.16583217014325038
359,0.0602,23,352,23,55874,620570,2840,123416,4.915172348244836,0.16588484191906838
360,0.0603,8,228,8,56102,620342,2848,123408,4.9133664934735775,0.16592672268907563
361,0.0604,22,335,22,56437,620007,2870,123386,4.910713154226333,0.1659768117267717
362,0.0605,15,242,15,56679,619765,2885,123371,4.908796413635788,0.16601402704215648
363,0.0606,11,179,11,56858,619586,2896,123360,4.9073786592320365,0.16604167732244335
364,0.0607,21,346,21,57204,619240,2917,123339,4.904638195412495,0.16609545920366722
365,0.0608,8,160,8,57364,619080,2925,123331,4.903370928906349,0.16612226920129147
366,0.0609,35,601,35,57965,618479,2960,123296,4.898610759092637,0.1662175187893903
367,0.061,10,180,10,58145,618299,2970,123286,4.8971850842732225,0.1662466204143827
368,0.0611,13,175,13,58320,618124,2983,123273,4.895799011532125,0.16627124199315615
369,0.0612,9,131,9,58451,617993,2992,123264,4.894761437080218,0.16629050383335334
370,0.0613,15,350,15,58801,617643,3007,123249,4.891989291598023,0.16635218088466336
371,0.0614,34,363,34,59164,617280,3041,123215,4.889114180712204,0.1663954516910985
372,0.0615,20,225,20,59389,617055,3061,123195,4.887332087187936,0.16642350557244173
373,0.0616,25,299,25,59688,616756,3086,123170,4.884963882904575,0.16646259220516646
374,0.0617,15,302,15,59990,616454,3101,123155,4.882571917374224,0.16651365789221062
375,0.0618,20,358,20,60348,616096,3121,123135,4.879736408566721,0.16657174820861137
376,0.0619,20,329,20,60677,615767,3141,123115,4.877130591813458,0.16662335799220984
377,0.062,33,339,33,61016,615428,3174,123082,4.8744455709035615,0.16666260443325073
378,0.0621,11,113,11,61129,615315,3185,123071,4.873550563933596,0.16667569536800536
379,0.0622,26,402,26,61531,614913,3211,123045,4.870366556836903,0.16673713138146073
380,0.0623,10,111,10,61642,614802,3221,123035,4.869487390698263,0.16675092195159635
381,0.0624,16,218,16,61860,614584,3237,123019,4.867760740083639,0.16678213076682172
382,0.0625,19,246,19,62106,614338,3256,123000,4.865812317830439,0.16681630405594178
383,0.0626,20,269,20,62375,614069,3276,122980,4.863681726016981,0.1668545781895098
384,0.0627,17,238,17,62613,613831,3293,122963,4.861796667089089,0.1668892526269215
385,0.0628,19,280,19,62893,613551,3312,122944,4.859578950703333,0.16693120795117414
386,0.0629,33,438,33,63331,613113,3345,122911,4.856109808642757,0.1669931958740476
387,0.063,16,293,16,63624,612820,3361,122895,4.8537891268533775,0.16704158539651903
388,0.0631,13,220,13,63844,612600,3374,122882,4.852046635407426,0.16707682852877434
389,0.0632,28,489,28,64333,612111,3402,122854,4.848173552148017,0.16715625914159177
390,0.0633,14,336,14,64669,611775,3416,122840,4.845512292485109,0.1672168414747861
391,0.0634,22,259,22,64928,611516,3438,122818,4.8434609048282855,0.16725086949535226
392,0.0635,28,427,28,65355,611089,3466,122790,4.840078887340008,0.16731641047093596
393,0.0636,17,202,17,65557,610887,3483,122773,4.838478963375998,0.16734318349099037
394,0.0637,10,203,10,65760,610684,3493,122763,4.836871118996325,0.16737814729626
395,0.0638,13,241,13,66001,610443,3506,122750,4.834962298821442,0.16741840143045555
396,0.0639,24,271,24,66272,610172,3530,122726,4.832815866176657,0.16745304257891275
397,0.064,15,264,15,66536,609908,3545,122711,4.830724876441516,0.16749633847880002
398,0.0641,29,364,29,66900,609544,3574,122682,4.827841845140033,0.16754663177762058
399,0.0642,17,218,17,67118,609326,3591,122665,4.826115194525409,0.16757719698739465
400,0.0643,6,148,6,67266,609178,3597,122659,4.824942973007223,0.1676042616047016
401,0.0644,25,275,25,67541,608903,3622,122634,4.822764858699784,0.16763882072950514
402,0.0645,17,281,17,67822,608622,3639,122617,4.820539221898366,0.16768388994569491
403,0.0646,21,377,21,68199,608245,3660,122596,4.817553225193258,0.16774647289903002
404,0.0647,9,246,9,68445,607999,3669,122587,4.815604802940058,0.16779270339152405
405,0.0648,33,557,33,69002,607442,3702,122554,4.8111931314155365,0.1678831116882832
406,0.0649,19,294,19,69296,607148,3721,122535,4.808864529210493,0.16792908701449807
407,0.065,18,252,18,69548,606896,3739,122517,4.806868584463313,0.16796657037919532
408,0.0651,15,181,15,69729,606715,3754,122502,4.805434989228234,0.1679911466682757
409,0.0652,10,230,10,69959,606485,3764,122492,4.8036132936256495,0.16803273628660437
410,0.0653,25,392,25,70351,606093,3789,122467,4.8005084906855915,0.1680945975623147
411,0.0654,24,349,24,70700,605744,3813,122443,4.79774426561906,0.16814774226949947
412,0.0655,16,211,16,70911,605533,3829,122427,4.79607305791408,0.16817819660420902
413,0.0656,17,255,17,71166,605278,3846,122410,4.794053351919909,0.16821769769461636
414,0.0657,28,232,28,71398,605046,3874,122382,4.792215815485997,0.16823933090285223
415,0.0658,10,160,10,71558,604886,3884,122372,4.79094854897985,0.16826490736437413
416,0.0659,5,125,5,71683,604761,3889,122367,4.7899584970219236,0.1682881143347526
417,0.066,38,448,38,72131,604313,3927,122329,4.7864101508047145,0.16834837512833004
418,0.0661,29,338,29,72469,603975,3956,122300,4.78373305031048,0.1683935148531892
419,0.0662,26,279,26,72748,603696,3982,122274,4.781523254340388,0.16842844745650648
420,0.0663,26,337,26,73085,603359,4008,122248,4.778854074261817,0.16847687522308907
421,0.0664,41,521,41,73606,602838,4049,122207,4.774727537701178,0.1685509175292568
422,0.0665,17,259,17,73865,602579,4066,122190,4.772676150044354,0.16859164782158179
423,0.0666,19,299,19,74164,602280,4085,122171,4.770307945760994,0.1686394248886398
424,0.0667,13,137,13,74301,602143,4098,122158,4.769222848815105,0.16865640113709632
425,0.0668,6,126,6,74427,602017,4104,122152,4.768224876441516,0.16867885811184957
426,0.0669,25,372,25,74799,601645,4129,122127,4.765278481814725,0.16873683977827272
427,0.067,33,559,33,75358,601086,4162,122094,4.760850969458877,0.1688293370944993
428,0.0671,14,147,14,75505,600939,4176,122080,4.7596866683563555,0.16884756832116446
429,0.0672,11,161,11,75666,600778,4187,122069,4.758411481434545,0.1688725276579968
430,0.0673,23,280,23,75946,600498,4210,122046,4.756193765048789,0.16891151265528467
431,0.0674,25,209,25,76155,600289,4235,122021,4.754538398175137,0.16893162215669172
432,0.0675,37,322,37,76477,599967,4272,121984,4.751988024331517,0.16896437569862774
433,0.0676,18,181,18,76658,599786,4290,121966,4.7505544290964385,0.16898602289983264
434,0.0677,18,289,18,76947,599497,4308,121948,4.748265428969712,0.16903298241723208
435,0.0678,16,265,16,77212,599232,4324,121932,4.7461665188189075,0.16907665940063563
436,0.0679,20,239,20,77451,598993,4344,121912,4.744273539475351,0.16910966077361095
437,0.068,21,272,21,77723,598721,4365,121891,4.742119186414903,0.16914927866868718
438,0.0681,20,464,20,78187,598257,4385,121871,4.738444113547079,0.1692351915215073
439,0.0682,10,170,10,78357,598087,4395,121861,4.737097642884298,0.16926361348319602
440,0.0683,11,126,11,78483,597961,4406,121850,4.736099670510709,0.1692805472547655
441,0.0684,24,320,24,78803,597641,4430,121826,4.733565137498416,0.16932812762781338
442,0.0685,7,213,7,79016,597428,4437,121819,4.731878088962109,0.16937018854440825
443,0.0686,7,155,7,79171,597273,4444,121812,4.7306504245342795,0.16939861073447507
444,0.0687,24,199,24,79370,597074,4468,121788,4.72907426181726,0.16941777420422835
445,0.0688,9,183,9,79553,596891,4477,121779,4.727624825750856,0.16945051275272377
446,0.0689,7,163,7,79716,596728,4484,121772,4.726333797997719,0.16948086290883785
447,0.069,14,226,14,79942,596502,4498,121758,4.724543784057787,0.16951800183777463
448,0.0691,3,128,3,80070,596374,4501,121755,4.72352997085287,0.16954474753143237
449,0.0692,10,225,10,80295,596149,4511,121745,4.721747877328602,0.16958631775721764
450,0.0693,23,271,23,80566,595878,4534,121722,4.719601444683817,0.169623745819398
451,0.0694,9,218,9,80784,595660,4543,121713,4.717874794069193,0.1696648744795246
452,0.0695,25,308,25,81092,595352,4568,121688,4.715435306044861,0.16970880285618656
453,0.0696,31,372,31,81464,594980,4599,121657,4.712488911418071,0.1697609808033914
454,0.0697,12,174,12,81638,594806,4611,121645,4.711110759092637,0.16978830373605452
455,0.0698,7,121,7,81759,594685,4618,121638,4.710152388797364,0.16980887113774093
456,0.0699,29,365,29,82124,594320,4647,121609,4.707261437080218,0.1698618159063259
457,0.07,12,162,12,82286,594158,4659,121597,4.705978329742745,0.1698863437908223
458,0.0701,11,247,11,82533,593911,4670,121586,4.704021987073881,0.16993222892618698
459,0.0702,18,219,18,82752,593692,4688,121568,4.702287416043594,0.16996336996336997
460,0.0703,15,285,15,83037,593407,4703,121553,4.700030097579521,0.17001370706053487
461,0.0704,34,348,34,83385,593059,4737,121519,4.6972737929286525,0.17005701267041526
462,0.0705,7,137,7,83522,592922,4744,121512,4.696188695982765,0.17008149108245127
463,0.0706,6,167,6,83689,592755,4750,121506,4.694865986566975,0.170114285954294
464,0.0707,12,203,12,83892,592552,4762,121494,4.693258142187302,0.1701487019043591
465,0.0708,16,193,16,84085,592359,4778,121478,4.6917295019642635,0.1701761046289279
466,0.0709,11,126,11,84211,592233,4789,121467,4.690731529590673,0.1701933585540143
467,0.071,39,424,39,84635,591809,4828,121428,4.687373273349386,0.1702491598164425
468,0.0711,14,209,14,84844,591600,4842,121414,4.685717906475732,0.17028277144628295
469,0.0712,22,191,22,85035,591409,4864,121392,4.684205107084019,0.17030279138216697
470,0.0713,14,182,14,85217,591227,4878,121378,4.682763591433279,0.170329986458136
471,0.0714,22,305,22,85522,590922,4900,121356,4.680347864655937,0.1703772965050163
472,0.0715,35,367,35,85889,590555,4935,121321,4.677441072107464,0.1704243435654524
473,0.0716,32,368,32,86257,590187,4967,121289,4.674526359143328,0.17047518117266078
474,0.0717,15,217,15,86474,589970,4982,121274,4.672807628944367,0.1705096985000928
475,0.0718,20,293,20,86767,589677,5002,121254,4.670486947154987,0.17055663629803736
476,0.0719,42,574,42,87341,589103,5044,121212,4.665940628564187,0.1706454178779837
477,0.072,16,251,16,87592,588852,5060,121196,4.66395260423267,0.1706870521429537
478,0.0721,14,191,14,87783,588661,5074,121182,4.662439804840958,0.17071662325331094
479,0.0722,21,183,21,87966,588478,5095,121161,4.660990368774553,0.1707361066683201
480,0.0723,17,178,17,88144,588300,5112,121144,4.659580534786466,0.17075907330247347
481,0.0724,5,150,5,88294,588150,5117,121139,4.658392472436954,0.17078933974726804
482,0.0725,19,187,19,88481,587963,5136,121120,4.656911354707895,0.17081216162282836
483,0.0726,27,281,27,88762,587682,5163,121093,4.654685717906475,0.17084829459278333
484,0.0727,17,238,17,89000,587444,5180,121076,4.652800658978583,0.17088579009766838
485,0.0728,29,399,29,89399,587045,5209,121047,4.649640413128881,0.170948125384837
486,0.0729,32,376,32,89775,586669,5241,121015,4.646662336839437,0.17100146393022875
487,0.073,29,361,29,90136,586308,5270,120986,4.643803066784945,0.17105475233778317
488,0.0731,17,194,17,90330,586114,5287,120969,4.6422665061462425,0.17108175419293067
489,0.0732,12,183,12,90513,585931,5299,120957,4.640817070079838,0.17111197247654508
490,0.0733,25,253,25,90766,585678,5324,120932,4.638813204916994,0.1711439124835482
491,0.0734,37,397,37,91163,585281,5361,120895,4.635668799898618,0.17119669883994926
492,0.0735,24,254,24,91417,585027,5385,120871,4.633657014320112,0.17123012106564972
493,0.0736,13,158,13,91575,584869,5398,120858,4.632405588645292,0.1712531899728932
494,0.0737,18,190,18,91765,584679,5416,120840,4.630900709669244,0.171278165435658
495,0.0738,16,278,16,92043,584401,5432,120824,4.6286988341148145,0.1713268814917225
496,0.0739,19,189,19,92232,584212,5451,120805,4.627201875554429,0.17135047807357837
497,0.074,14,158,14,92390,584054,5465,120791,4.62595044987961,0.1713724293993715
498,0.0741,29,329,29,92719,583725,5494,120762,4.623344633126346,0.17141835122578558
499,0.0742,20,335,20,93054,583390,5514,120742,4.620691293879103,0.17147637090772752
500,0.0743,19,189,19,93243,583201,5533,120723,4.619194335318718,0.1715000483006688
501,0.0744,36,501,36,93744,582700,5569,120687,4.6152262070713475,0.17157979888738348
502,0.0745,26,315,26,94059,582385,5595,120661,4.612731276137372,0.17162603869448087
503,0.0746,14,176,14,94235,582209,5609,120647,4.611337282980611,0.171652514882138
504,0.0747,9,191,9,94426,582018,5618,120638,4.609824483588898,0.17168856453228892
505,0.0748,26,354,26,94780,581664,5644,120612,4.607020656444051,0.17174444235599678
506,0.0749,26,284,26,95064,581380,5670,120586,4.60477125839564,0.17178324876133602
507,0.075,19,248,19,95312,581132,5689,120567,4.602806995311114,0.17182153601472996
508,0.0751,28,408,28,95720,580724,5717,120539,4.599575465720441,0.17188843557980388
509,0.0752,13,203,13,95923,580521,5730,120526,4.597967621340768,0.171922852533425
510,0.0753,16,183,16,96106,580338,5746,120510,4.5965181852743635,0.17194883912060818
511,0.0754,16,325,16,96431,580013,5762,120494,4.593944050183754,0.1720097015447383
512,0.0755,31,350,31,96781,579663,5793,120463,4.591171904701559,0.17205902937471254
513,0.0756,21,305,21,97086,579358,5814,120442,4.588756177924218,0.1721091740497285
514,0.0757,37,508,37,97594,578850,5851,120405,4.584732606767203,0.1721904026428127
515,0.0758,31,348,31,97942,578502,5882,120374,4.581976302116335,0.17223942444725532
516,0.0759,12,187,12,98129,578315,5894,120362,4.580495184387277,0.17227130705605023
517,0.076,12,200,12,98329,578115,5906,120350,4.578911101254594,0.17230641478098402
518,0.0761,34,393,34,98722,577722,5940,120316,4.575798377898872,0.172363109171707
519,0.0762,18,211,18,98933,577511,5958,120298,4.574127170193892,0.17239387855416025
520,0.0763,20,225,20,99158,577286,5978,120278,4.572345076669624,0.17242575591630302
521,0.0764,30,374,30,99532,576912,6008,120248,4.569382841211507,0.17248264386941306
522,0.0765,13,228,13,99760,576684,6021,120235,4.5675769864402485,0.1725236361757966
523,0.0766,39,287,39,100047,576397,6060,120196,4.565303827144849,0.17254838908803274
524,0.0767,14,306,14,100353,576091,6074,120182,4.5628801799518435,0.17260758351968267
525,0.0768,13,133,13,100486,575958,6087,120169,4.56182676466861,0.17262511007330558
526,0.0769,39,337,39,100823,575621,6126,120130,4.559157584590039,0.1726623461554493
527,0.077,22,224,22,101047,575397,6148,120108,4.557383411481434,0.17269178510578645
528,0.0771,32,286,32,101333,575111,6180,120076,4.5551181726016985,0.17272474888051703
529,0.0772,24,242,24,101575,574869,6204,120052,4.553201432011152,0.17275632769768073
530,0.0773,35,451,35,102026,574418,6239,120017,4.549629324546952,0.17282683044489405
531,0.0774,20,348,20,102374,574070,6259,119997,4.5468730198960845,0.1728896489820147
532,0.0775,30,346,30,102720,573724,6289,119967,4.544132556076543,0.17294011310511453
533,0.0776,45,511,45,103231,573213,6334,119922,4.540085223672539,0.17301391503819602
534,0.0777,31,367,31,103598,572846,6365,119891,4.537178431124065,0.1730685671474167
535,0.0778,30,446,30,104044,572400,6395,119861,4.533645925738183,0.17314423317217062
536,0.0779,38,503,38,104547,571897,6433,119823,4.529661956659486,0.17322471520268318
537,0.078,20,182,20,104729,571715,6453,119803,4.528220441008744,0.17324639416472168
538,0.0781,18,308,18,105037,571407,6471,119785,4.525780952984412,0.1733020636812926
539,0.0782,40,419,40,105456,570988,6511,119745,4.522462298821442,0.1733593153939366
540,0.0783,33,364,33,105820,570624,6544,119712,4.519579267519959,0.1734112084550132
541,0.0784,16,177,16,105997,570447,6560,119696,4.518177353947535,0.1734365196778059
542,0.0785,39,428,39,106425,570019,6599,119657,4.514787416043594,0.17349741037820657
543,0.0786,30,412,30,106837,569607,6629,119627,4.511524204790267,0.1735651462348056
544,0.0787,19,232,19,107069,569375,6648,119608,4.5096866683563555,0.17360080001973924
545,0.0788,27,316,27,107385,569059,6675,119581,4.507183817006717,0.17364805994423793
546,0.0789,28,258,28,107643,568801,6703,119553,4.505140349765556,0.1736795311714612
547,0.079,22,260,22,107903,568541,6725,119531,4.503081041693068,0.17371873873664384
548,0.0791,16,161,16,108064,568380,6741,119515,4.501805854771258,0.17374017837024547
549,0.0792,30,371,30,108435,568009,6771,119485,4.498867380560132,0.17379788041786545
550,0.0793,32,352,32,108787,567657,6803,119453,4.49607939424661,0.1738484376591812
551,0.0794,11,184,11,108971,567473,6814,119442,4.494622037764542,0.17388177576556052
552,0.0795,31,364,31,109335,567109,6845,119411,4.491739006463059,0.17393666608401795
553,0.0796,20,262,20,109597,566847,6865,119391,4.489663857559245,0.17397899853986518
554,0.0797,20,222,20,109819,566625,6885,119371,4.487905525281967,0.17401121872430744
555,0.0798,29,230,29,110049,566395,6914,119342,4.486083829679382,0.17403465176882682
556,0.0799,16,235,16,110284,566160,6930,119326,4.484222531998479,0.1740750358140064
557,0.08,33,281,33,110565,565879,6963,119293,4.48199689519706,0.17410664767386874
558,0.0801,32,332,32,110897,565547,6995,119261,4.4793673171968065,0.1741524631721592
559,0.0802,28,310,28,111207,565237,7023,119233,4.476911988341148,0.1741975543120955
560,0.0803,37,376,37,111583,564861,7060,119196,4.473933912051704,0.17424863717497227
561,0.0804,18,151,18,111734,564710,7078,119178,4.472737929286529,0.17426537678684229
562,0.0805,21,260,21,111994,564450,7099,119157,4.4706786212140415,0.17430629001751005
563,0.0806,34,375,34,112369,564075,7133,119123,4.4677084653402614,0.1743608734217606
564,0.0807,17,248,17,112617,563827,7150,119106,4.465744202255735,0.1744036384242671
565,0.0808,21,192,21,112809,563635,7171,119085,4.464223482448359,0.1744272908366534
566,0.0809,36,292,36,113101,563343,7207,119049,4.461910721074642,0.1744583758309007
567,0.081,22,280,22,113381,563063,7229,119027,4.459693004688886,0.17450336465862276
568,0.0811,25,263,25,113644,562800,7254,119002,4.457609935369408,0.17454040909237578
569,0.0812,21,194,21,113838,562606,7275,118981,4.456073374730706,0.17456465572260035
570,0.0813,23,277,23,114115,562329,7298,118958,4.4538794195919404,0.17460776442233597
571,0.0814,46,487,46,114602,561842,7344,118912,4.4500221771638575,0.17467690237589498
572,0.0815,36,518,36,115120,561324,7380,118876,4.445919401850209,0.17476624522199352
573,0.0816,27,311,27,115431,561013,7407,118849,4.443456152578888,0.17481341801718583
574,0.0817,33,301,33,115732,560712,7440,118816,4.4410721074641994,0.17485077877585617
575,0.0818,36,487,36,116219,560225,7476,118780,4.437214865036117,0.17493243790546462
576,0.0819,35,280,35,116499,559945,7511,118745,4.434997148650361,0.17496205926122382
577,0.082,34,353,34,116852,559592,7545,118711,4.432201241921176,0.1750117572825124
578,0.0821,21,240,21,117092,559352,7566,118690,4.4303003421619565,0.17504815335923143
579,0.0822,31,418,31,117510,558934,7597,118659,4.426989608414649,0.17511839703184656
580,0.0823,39,286,39,117796,558648,7636,118620,4.424724369534913,0.17514484664859406
581,0.0824,13,179,13,117975,558469,7649,118607,4.423306615131162,0.17517531266800182
582,0.0825,9,201,9,118176,558268,7658,118598,4.421714611582816,0.17521636483439854
583,0.0826,22,403,22,118579,557865,7680,118576,4.41852268407046,0.17529392807354965
584,0.0827,23,230,23,118809,557635,7703,118553,4.416700988467875,0.1753255011919762
585,0.0828,21,245,21,119054,557390,7724,118532,4.414760486630338,0.17536342950813852
586,0.0829,21,305,21,119359,557085,7745,118511,4.4123447598529975,0.17541696516853267
587,0.083,23,234,23,119593,556851,7768,118488,4.410491382587758,0.1754496630581086
588,0.0831,29,269,29,119862,556582,7797,118459,4.408360790774299,0.17548415577720464
589,0.0832,14,219,14,120081,556363,7811,118445,4.4066262197440125,0.175524000900997
590,0.0833,24,313,24,120394,556050,7835,118421,4.4041471296413635,0.17557611817261232
591,0.0834,17,298,17,120692,555752,7852,118404,4.401786845773667,0.17563293955701648
592,0.0835,35,369,35,121061,555383,7887,118369,4.398864212393867,0.17568630594046475
593,0.0836,27,300,27,121361,555083,7914,118342,4.396488087694842,0.17573152169877862
594,0.0837,27,299,27,121660,554784,7941,118315,4.394119883411482,0.1757765202444217
595,0.0838,32,338,32,121998,554446,7973,118283,4.391442782917247,0.17582562963689688
596,0.0839,28,236,28,122234,554210,8001,118255,4.389573564820682,0.17585301837270342
597,0.084,49,357,49,122591,553853,8050,118206,4.386745976428843,0.1758863433121199
598,0.0841,35,457,35,123048,553396,8085,118171,4.383126346470663,0.17596308335579325
599,0.0842,30,306,30,123354,553090,8115,118141,4.380702699277658,0.17600647169156372
600,0.0843,16,159,16,123513,552931,8131,118125,4.379443353187176,0.17602852817052525
601,0.0844,19,244,19,123757,552687,8150,118106,4.377510771765302,0.17606921956549934
602,0.0845,18,224,18,123981,552463,8168,118088,4.375736598656697,0.1761059188637404
603,0.0846,38,302,38,124283,552161,8206,118050,4.373344633126346,0.17613855934921988
604,0.0847,35,314,35,124597,551847,8241,118015,4.3708576226080345,0.1761780784698938
605,0.0848,48,356,48,124953,551491,8289,117967,4.368037954631859,0.17621269743583615
606,0.0849,24,281,24,125234,551210,8313,117943,4.365812317830439,0.1762571489629427
607,0.085,45,523,45,125757,550687,8358,117898,4.361669940438474,0.17633958285034812
608,0.0851,35,339,35,126096,550348,8393,117863,4.358984919528577,0.1763859020578829
609,0.0852,43,484,43,126580,549864,8436,117820,4.355151438347485,0.1764607209398458
610,0.0853,32,277,32,126857,549587,8468,117788,4.352957483208719,0.1764944746207155
611,0.0854,22,242,22,127099,549345,8490,117766,4.3510407426181725,0.17653134186064987
612,0.0855,23,257,23,127356,549088,8513,117743,4.349005195792675,0.17657097525459975
613,0.0856,22,267,22,127623,548821,8535,117721,4.346890444810544,0.1766145269165334
614,0.0857,24,198,24,127821,548623,8559,117697,4.3453222025091875,0.1766373514227398
615,0.0858,31,387,31,128208,548236,8590,117666,4.342257001647447,0.17670167682331633
616,0.0859,40,340,40,128548,547896,8630,117626,4.3395640603218855,0.17674246681552225
617,0.086,44,350,44,128898,547546,8674,117582,4.336791914839691,0.17678101057240111
618,0.0861,24,251,24,129149,547295,8698,117558,4.334803890508174,0.176818033460028
619,0.0862,24,285,24,129434,547010,8722,117534,4.332546572044101,0.17686413540713633
620,0.0863,21,289,21,129723,546721,8743,117513,4.330257571917374,0.17691506306512464
621,0.0864,15,220,15,129943,546501,8758,117498,4.328515080471423,0.1769550857757316
622,0.0865,16,231,16,130174,546270,8774,117482,4.326685464453175,0.1769968301413781
623,0.0866,57,455,57,130629,545815,8831,117425,4.323081675326321,0.17704752427477233
624,0.0867,33,377,33,131006,545438,8864,117392,4.320095678621214,0.17710725223662177
625,0.0868,15,142,15,131148,545296,8879,117377,4.318970979597009,0.17712657675806923
626,0.0869,19,290,19,131438,545006,8898,117358,4.316674059054619,0.17718052309606197
627,0.087,40,420,40,131858,544586,8938,117318,4.313347484475985,0.17724322560371292
628,0.0871,29,474,29,132332,544112,8967,117289,4.309593207451527,0.17733417397312673
629,0.0872,24,257,24,132589,543855,8991,117265,4.3075576606260295,0.17737324540174249
630,0.0873,27,287,27,132876,543568,9018,117238,4.30528450133063,0.1774166699454908
631,0.0874,34,362,34,133238,543206,9052,117204,4.3024173108604735,0.17747157069093442
632,0.0875,36,384,36,133622,542822,9088,117168,4.299375871245723,0.17752996257519052
633,0.0876,33,396,33,134018,542426,9121,117135,4.296239386643011,0.1775954005770505
634,0.0877,44,305,44,134323,542121,9165,117091,4.293823659865669,0.17762267677166071
635,0.0878,28,303,28,134626,541818,9193,117063,4.2914237739196555,0.17766941223073665
636,0.0879,31,347,31,134973,541471,9224,117032,4.2886753896844505,0.17772432319974243
637,0.088,32,350,32,135323,541121,9256,117000,4.285903244202256,0.17777885829505516
638,0.0881,26,348,26,135671,540773,9282,116974,4.283146939551387,0.17784041584378188
639,0.0882,26,321,26,135992,540452,9308,116948,4.280604486123432,0.17789473684210527
640,0.0883,47,488,47,136480,539964,9355,116901,4.276739323279686,0.17796807563197917
641,0.0884,46,439,46,136919,539525,9401,116855,4.273262260803447,0.1780294951095402
642,0.0885,31,337,31,137256,539188,9432,116824,4.270593080724876,0.1780821082541173
643,0.0886,26,319,26,137575,538869,9458,116798,4.268066468128247,0.1781361575311858
644,0.0887,40,304,40,137879,538565,9498,116758,4.26565866176657,0.1781686282947493
645,0.0888,36,303,36,138182,538262,9534,116722,4.263258775820555,0.17820587983828612
646,0.0889,38,413,38,138595,537849,9572,116684,4.259987644151565,0.17827061431585572
647,0.089,33,390,33,138985,537459,9605,116651,4.256898682042833,0.17833544816621058
648,0.0891,35,264,35,139249,537195,9640,116616,4.2548076923076925,0.1783634720125541
649,0.0892,25,262,25,139511,536933,9665,116591,4.252732543403877,0.17840354753612722
650,0.0893,50,345,50,139856,536588,9715,116541,4.25,0.17843488805427413
651,0.0894,25,345,25,140201,536243,9740,116516,4.247267456596123,0.17849773040279798
652,0.0895,31,265,31,140466,535978,9771,116485,4.245168546445317,0.17853119640500686
653,0.0896,32,314,32,140780,535664,9803,116453,4.242681535927005,0.17857685047315128
654,0.0897,19,211,19,140991,535453,9822,116434,4.241010328222025,0.17861071013841356
655,0.0898,22,301,22,141292,535152,9844,116412,4.238626283107338,0.17866548796434426
656,0.0899,40,313,40,141605,534839,9884,116372,4.236147193004689,0.17870091260743445
657,0.09,41,265,41,141870,534574,9925,116331,4.234048282853884,0.17872193330824007
658,0.0901,39,366,39,142236,534208,9964,116292,4.231149410721074,0.17877325134511915
659,0.0902,25,255,25,142491,533953,9989,116267,4.229129704726904,0.17881178677985912
660,0.0903,41,330,41,142821,533623,10030,116226,4.226515967557978,0.17885077918100975
661,0.0904,17,208,17,143029,533415,10047,116209,4.224868521099987,0.17888655591542185
662,0.0905,54,362,54,143391,533053,10101,116155,4.222001330629832,0.1789180047072741
663,0.0906,19,251,19,143642,532802,10120,116136,4.2200133062983145,0.1789631675136916
664,0.0907,39,299,39,143941,532503,10159,116097,4.217645102014954,0.17899629972247919
665,0.0908,46,393,46,144334,532110,10205,116051,4.214532378659232,0.17904656404813002
666,0.0909,42,316,42,144650,531794,10247,116009,4.212029527309594,0.17908067730467442
667,0.091,22,292,22,144942,531502,10269,115987,4.209716765935877,0.17913354512586313
668,0.0911,36,375,36,145317,531127,10305,115951,4.206746610062096,0.17919168940993202
669,0.0912,31,275,31,145592,530852,10336,115920,4.204568495754657,0.17922853803194944
670,0.0913,32,282,32,145874,530570,10368,115888,4.202334938537574,0.17926609307951946
671,0.0914,38,333,38,146207,530237,10406,115850,4.199697440121658,0.17931021673551703
672,0.0915,38,378,38,146585,529859,10444,115812,4.196703523000887,0.17936689118761723
673,0.0916,33,436,33,147021,529423,10477,115779,4.193250221771638,0.1794461269493895
674,0.0917,31,325,31,147346,529098,10508,115748,4.190676086681029,0.1794971202426626
675,0.0918,28,327,28,147673,528771,10536,115720,4.188086110759093,0.17955254611778906
676,0.0919,28,255,28,147928,528516,10564,115692,4.186066404764922,0.17958795916846731
677,0.092,35,344,35,148272,528172,10599,115657,4.183341781776708,0.1796393141657179
678,0.0921,21,221,21,148493,527951,10620,115636,4.181591369915093,0.17967423207740368
679,0.0922,50,322,50,148815,527629,10670,115586,4.179040996071474,0.17970041121553446
680,0.0923,23,285,23,149100,527344,10693,115563,4.176783677607401,0.1797507259992503
681,0.0924,59,530,59,149630,526814,10752,115504,4.1725858573057915,0.17982370103282175
682,0.0925,58,437,58,150067,526377,10810,115446,4.1691246356608795,0.17987202079077877
683,0.0926,26,294,26,150361,526083,10836,115420,4.166796033455836,0.17992121626866905
684,0.0927,34,306,34,150667,525777,10870,115386,4.164372386262831,0.17996359740034906
685,0.0928,37,378,37,151045,525399,10907,115349,4.16137846914206,0.1800224113067852
686,0.0929,37,348,37,151393,525051,10944,115312,4.1586221644911925,0.1800728649219271
687,0.093,30,303,30,151696,524748,10974,115282,4.156222278545178,0.1801196818899114
688,0.0931,46,341,46,152037,524407,11020,115236,4.153521416803954,0.180156743683586
689,0.0932,34,392,34,152429,524015,11054,115202,4.150416613863896,0.1802236173318294
690,0.0933,31,277,31,152706,523738,11085,115171,4.14822265872513,0.18026197784034972
691,0.0934,25,245,25,152951,523493,11110,115146,4.146282156887594,0.1802990421818899
692,0.0935,25,229,25,153180,523264,11135,115121,4.144468381700672,0.18033161806746711
693,0.0936,40,306,40,153486,522958,11175,115081,4.1420447345076665,0.18036671739501817
694,0.0937,32,234,32,153720,522724,11207,115049,4.140191357242428,0.18039176948538116
695,0.0938,42,295,42,154015,522429,11249,115007,4.137854834621721,0.18042125013334673
696,0.0939,30,244,30,154259,522185,11279,114977,4.135922253199848,0.18045175324328822
697,0.094,30,219,30,154478,521966,11309,114947,4.134187682169561,0.18047519833949063
698,0.0941,41,460,41,154938,521506,11350,114906,4.13054429096439,0.1805528494120161
699,0.0942,26,226,26,155164,521280,11376,114880,4.128754277024458,0.1805835010060362
700,0.0943,57,364,57,155528,520916,11433,114823,4.125871245722975,0.18061342783752452
701,0.0944,35,321,35,155849,520595,11468,114788,4.12332879229502,0.18065953920706093
702,0.0945,36,373,36,156222,520222,11504,114752,4.120374477252566,0.18071921055035325
703,0.0946,26,195,26,156417,520027,11530,114726,4.1188299961982,0.18074117018745875
704,0.0947,36,309,36,156726,519718,11566,114690,4.116382587758205,0.18078271396325393
705,0.0948,49,380,49,157106,519338,11615,114641,4.113372829806108,0.1808277561244142
706,0.0949,22,256,22,157362,519082,11637,114619,4.111345203396274,0.18087236725206368
707,0.095,35,343,35,157705,518739,11672,114584,4.108628500823723,0.18092505719830165
708,0.0951,28,212,28,157917,518527,11700,114556,4.106949372703079,0.18094941737497294
709,0.0952,24,297,24,158214,518230,11724,114532,4.104597009251045,0.18100328401515894
710,0.0953,34,393,34,158607,517837,11758,114498,4.1014842858953235,0.18107174203547172
711,0.0954,39,229,39,158836,517608,11797,114459,4.099670510708402,0.18108681516358235
712,0.0955,58,398,58,159234,517210,11855,114401,4.0965181852743635,0.18112572453614645
713,0.0956,35,306,35,159540,516904,11890,114366,4.094094538081358,0.18116812140605446
714,0.0957,39,359,39,159899,516545,11929,114327,4.091251108858193,0.18122059625407372
715,0.0958,36,234,36,160133,516311,11965,114291,4.089397731592954,0.1812410997745012
716,0.0959,33,311,33,160444,516000,11998,114258,4.086934482321632,0.18128766314747294
717,0.096,38,384,38,160828,515616,12036,114220,4.083893042706881,0.18134879555947897
718,0.0961,75,567,75,161395,515049,12111,114145,4.079402167025726,0.18141463523174092
719,0.0962,24,298,24,161693,514751,12135,114121,4.077041883158028,0.1814693610146421
720,0.0963,32,330,32,162023,514421,12167,114089,4.074428145989102,0.18152296701723122
721,0.0964,27,215,27,162238,514206,12194,114062,4.072725256621467,0.18154991182107
722,0.0965,53,374,53,162612,513832,12247,114009,4.069763021163351,0.1815889691816877
723,0.0966,36,326,36,162938,513506,12283,113973,4.067180965657077,0.18163635755140808
724,0.0967,37,294,37,163232,513212,12320,113936,4.064852363452034,0.1816732254587434
725,0.0968,39,359,39,163591,512853,12359,113897,4.062008934228868,0.1817263661747108
726,0.0969,53,372,53,163963,512481,12412,113844,4.0590625396020785,0.181765058076877
727,0.097,45,444,45,164407,512037,12457,113799,4.055545875047523,0.1818351772668878
728,0.0971,42,417,42,164824,511620,12499,113757,4.0522430617158784,0.18190147702905607
729,0.0972,46,387,46,165211,511233,12545,113711,4.049177860854138,0.18195390306971504
730,0.0973,45,305,45,165516,510928,12590,113666,4.046762134076796,0.18198381668732008
731,0.0974,51,449,51,165965,510479,12641,113615,4.043205867443923,0.18204789663095625
732,0.0975,33,325,33,166290,510154,12674,113582,4.040631732353314,0.1820994779842754
733,0.0976,44,333,44,166623,509821,12718,113538,4.037994233937397,0.18213902422199726
734,0.0977,27,317,27,166940,509504,12745,113511,4.0354834621720945,0.18219625530685457
735,0.0978,69,514,69,167454,508990,12814,113442,4.0314123685211,0.182256053673333
736,0.0979,43,342,43,167796,508648,12857,113399,4.028703586364212,0.1822997297631851
737,0.098,33,289,33,168085,508359,12890,113366,4.026414586237486,0.18234106719208654
738,0.0981,30,313,30,168398,508046,12920,113336,4.023935496134837,0.1823934391404965
739,0.0982,45,346,45,168744,507700,12965,113291,4.021195032315296,0.18243581630007522
740,0.0983,37,399,37,169143,507301,13002,113254,4.018034786465594,0.18250437108717196
741,0.0984,39,409,39,169552,506892,13041,113215,4.014795336459257,0.18257333008658183
742,0.0985,27,304,27,169856,506588,13068,113188,4.0123875300975795,0.18262727178851715
743,0.0986,30,268,30,170124,506320,13098,113158,4.010264858699784,0.18266669679956352
744,0.0987,35,435,35,170559,505885,13133,113123,4.006819477886199,0.1827488497725393
745,0.0988,40,379,40,170938,505506,13173,113083,4.003817640349766,0.18280797104377866
746,0.0989,37,333,37,171271,505173,13210,113046,4.001180141933848,0.18285753106908717
747,0.099,37,333,37,171604,504840,13247,113009,3.998542643517932,0.18290715045261868
748,0.0991,32,349,32,171953,504491,13279,112977,3.9957784184514002,0.18296818620560093
749,0.0992,47,375,47,172328,504116,13326,112930,3.9928082625776202,0.18301714945077027
750,0.0993,32,295,32,172623,503821,13358,112898,3.990471739956913,0.18306230228029297
751,0.0994,39,368,39,172991,503453,13397,112859,3.9875570269927767,0.18311991329067095
752,0.0995,51,379,51,173370,503074,13448,112808,3.9845551894563425,0.18316495692356652
753,0.0996,36,328,36,173698,502746,13484,112772,3.981957293118743,0.1832147881946588
754,0.0997,42,432,42,174130,502314,13526,112730,3.978535673552148,0.1832876997418071
755,0.0998,40,305,40,174435,502009,13566,112690,3.9761199467748067,0.18332549751992439
756,0.0999,51,466,51,174901,501543,13617,112639,3.972429033075656,0.1833967781537069
757,0.1,47,432,47,175333,501111,13664,112592,3.969007413509061,0.18346333649990304
758,0.1001,42,351,42,175684,500760,13706,112550,3.9662273476112024,0.18351241623322626
759,0.1002,49,508,49,176192,500252,13755,112501,3.962203776454188,0.18359926430388754
760,0.1003,63,402,63,176594,499850,13818,112438,3.959019769357496,0.1836358053726351
761,0.1004,24,258,24,176852,499592,13842,112414,3.956976302116335,0.183681205739813
762,0.1005,35,452,35,177304,499140,13877,112379,3.953396274236472,0.18377025080169218
763,0.1006,24,219,24,177523,498921,13901,112355,3.951661703206184,0.18380404269102663
764,0.1007,39,336,39,177859,498585,13940,112316,3.949000443543277,0.18385303019638208
765,0.1008,73,528,73,178387,498057,14013,112243,3.9448184640729944,0.1839144682942815
766,0.1009,20,192,20,178579,497865,14033,112223,3.943297744265619,0.18394559473387445
767,0.101,48,426,48,179005,497439,14081,112175,3.939923647193005,0.1840098816628227
768,0.1011,58,522,58,179527,496917,14139,112117,3.9357891902167026,0.18408988660731584
769,0.1012,29,298,29,179825,496619,14168,112088,3.9334289063490053,0.18414113851163202
770,0.1013,37,305,37,180130,496314,14205,112051,3.931013179571664,0.1841838370057449
771,0.1014,86,561,86,180691,495753,14291,111965,3.9265698263844886,0.1842384132113908
772,0.1015,42,371,42,181062,495382,14333,111923,3.923631352173362,0.18429454722091865
773,0.1016,31,283,31,181345,495099,14364,111892,3.921389874540616,0.1843388122723401
774,0.1017,31,347,31,181692,494752,14395,111861,3.9186414903054114,0.18440257627185702
775,0.1018,52,373,52,182065,494379,14447,111809,3.9156871752629576,0.18444607943410296
776,0.1019,52,337,52,182402,494042,14499,111757,3.9130179951843873,0.18447868022231798
777,0.102,43,428,43,182830,493614,14542,111714,3.9096280572804463,0.18455118547299976
778,0.1021,37,273,37,183103,493341,14579,111677,3.907465783804334,0.18458459087167656
779,0.1022,59,414,59,183517,492927,14638,111618,3.9041867317196806,0.18463141701610303
780,0.1023,44,306,44,183823,492621,14682,111574,3.9017630845266758,0.18466554671918833
781,0.1024,73,457,73,184280,492164,14755,111501,3.898143454568496,0.18470674960449918
782,0.1025,34,315,34,184595,491849,14789,111467,3.89564852363452,0.18475724164451132
783,0.1026,56,434,56,185029,491415,14845,111411,3.8922110632365987,0.18481452359387285
784,0.1027,41,355,41,185384,491060,14886,111370,3.8893993156760867,0.18486795146324053
785,0.1028,50,444,50,185828,490616,14936,111320,3.885882651121531,0.18493660455596608
786,0.1029,37,452,37,186280,490164,14973,111283,3.8823026232416677,0.18502544696373913
787,0.103,97,716,97,186996,489448,15070,111186,3.876631605626663,0.1851143957884502
788,0.1031,27,252,27,187248,489196,15097,111159,3.8746356608794827,0.1851554496922654
789,0.1032,36,366,36,187614,488830,15133,111123,3.8717367887466736,0.1852195088615275
790,0.1033,42,357,42,187971,488473,15175,111081,3.8689092003548344,0.18527271938807846
791,0.1034,37,269,37,188240,488204,15212,111044,3.8667786085413764,0.1853055829973567
792,0.1035,49,454,49,188694,487750,15261,110995,3.863182739830186,0.18537941861727447
793,0.1036,32,360,32,189054,487390,15293,110963,3.8603313901913574,0.1854473864090261
794,0.1037,42,343,42,189397,487047,15335,110921,3.857614687618806,0.18549654831027748
795,0.1038,32,347,32,189744,486700,15367,110889,3.8548663033836017,0.18556064452324256
796,0.1039,41,480,41,190224,486220,15408,110848,3.851064503865163,0.18565389536870172
797,0.104,44,311,44,190535,485909,15452,110804,3.848601254593841,0.18569060838292445
798,0.1041,26,264,26,190799,485645,15478,110778,3.8465102648586997,0.1857373038933777
799,0.1042,31,303,31,191102,485342,15509,110747,3.8441103789126854,0.18578937037925544
800,0.1043,26,339,26,191441,485003,15535,110721,3.841425358002788,0.18585955912469532
801,0.1044,16,187,16,191628,484816,15551,110705,3.8399442402737294,0.1858960473266266
802,0.1045,37,368,37,191996,484448,15588,110668,3.837029527309593,0.18596038419400587
803,0.1046,47,371,47,192367,484077,15635,110621,3.8340910530984664,0.18601205990267328
804,0.1047,50,371,50,192738,483706,15685,110571,3.83115257888734,0.18605969943309264
805,0.1048,61,530,61,193268,483176,15746,110510,3.8269547585857304,0.18614216942963116
806,0.1049,44,479,44,193747,482697,15790,110466,3.8231608794829555,0.1862321149498536
807,0.105,50,355,50,194102,482342,15840,110416,3.8203491319224434,0.18627500598895333
808,0.1051,39,388,39,194490,481954,15879,110377,3.8172760106450387,0.1863434464851578
809,0.1052,48,298,48,194788,481656,15927,110329,3.8149157267773415,0.18637127629923056
810,0.1053,51,384,51,195172,481272,15978,110278,3.81187428716259,0.18642211140224832
811,0.1054,54,269,54,195441,481003,16032,110224,3.8097436953491317,0.18643262232611163
812,0.1055,63,484,63,195925,480519,16095,110161,3.8059102141680397,0.186498611769486
813,0.1056,40,351,40,196276,480168,16135,110121,3.8031301482701814,0.18655438268373628
814,0.1057,58,343,58,196619,479825,16193,110063,3.80041344569763,0.18658287674948465
815,0.1058,63,473,63,197092,479352,16256,110000,3.796667089088835,0.18664567185654754
816,0.1059,31,394,31,197486,478958,16287,109969,3.79354644531745,0.1867277268659783
817,0.106,32,304,32,197790,478654,16319,109937,3.7911386389557724,0.18677995416171841
818,0.1061,47,310,47,198100,478344,16366,109890,3.788683310100114,0.18681341098950419
819,0.1062,46,324,46,198424,478020,16412,109844,3.7861170954251677,0.18685274145040348
820,0.1063,47,428,47,198852,477592,16459,109797,3.7827271575212267,0.1869238273103514
821,0.1064,26,299,26,199151,477293,16485,109771,3.780358953237866,0.1869830205906
822,0.1065,62,490,62,199641,476803,16547,109709,3.776477949562793,0.18705329132225768
823,0.1066,54,438,54,200079,476365,16601,109655,3.773008807502218,0.1871181870925907
824,0.1067,62,411,62,200490,475954,16663,109593,3.7697535166645544,0.18716345570893542
825,0.1068,41,317,41,200807,475637,16704,109552,3.7672427448992525,0.1872078935181625
826,0.1069,44,454,44,201261,475183,16748,109508,3.763646876188062,0.18729209103611993
827,0.107,36,308,36,201569,474875,16784,109472,3.7612073881637307,0.1873407410322976
828,0.1071,46,428,46,201997,474447,16830,109426,3.7578174502597896,0.18741404380747184
829,0.1072,62,437,62,202434,474010,16892,109364,3.7543562286148777,0.18746807365429383
830,0.1073,42,387,42,202821,473623,16934,109322,3.7512910277531364,0.18753398691128664
831,0.1074,59,368,59,203189,473255,16993,109263,3.748376314789,0.18757016950549169
832,0.1075,60,512,60,203701,472743,17053,109203,3.744321061969332,0.18765143157612563
833,0.1076,41,399,41,204100,472344,17094,109162,3.74116081611963,0.18772291257527868
834,0.1077,52,360,52,204460,471984,17146,109110,3.7383094664808008,0.18776652314427614
835,0.1078,71,578,71,205038,471406,17217,109039,3.7337314662273475,0.1878541463876853
836,0.1079,59,373,59,205411,471033,17276,108980,3.730777151184894,0.18789234034409574
837,0.108,44,397,44,205808,470636,17320,108936,3.7276327461665186,0.18795939072280923
838,0.1081,38,330,38,206138,470306,17358,108898,3.725019008997592,0.1880132043286994
839,0.1082,53,512,53,206650,469794,17411,108845,3.720963756177924,0.1881051916652697
840,0.1083,40,278,40,206928,469516,17451,108805,3.718761880623495,0.18813945888183206
841,0.1084,44,270,44,207198,469246,17495,108761,3.7166233683943735,0.18816554124777035
842,0.1085,50,351,50,207549,468895,17545,108711,3.713843302496515,0.18820961001097633
843,0.1086,54,338,54,207887,468557,17599,108657,3.711166202002281,0.18824387488868946
844,0.1087,53,392,53,208279,468165,17652,108604,3.7080613990622227,0.18829722124455373
845,0.1088,60,439,60,208718,467726,17712,108544,3.704584336585984,0.18835615249796103
846,0.1089,47,369,47,209087,467357,17759,108497,3.701661703206184,0.18841060407672777
847,0.109,48,324,48,209411,467033,17807,108449,3.699095488531238,0.18844898710993568
848,0.1091,47,414,47,209825,466619,17854,108402,3.695816436446585,0.18851833237394808
849,0.1092,36,328,36,210153,466291,17890,108366,3.693218540108985,0.18857509784097296
850,0.1093,48,415,48,210568,465876,17938,108318,3.689931567608668,0.1886435594938296
851,0.1094,65,444,65,211012,465432,18003,108253,3.6864149030541125,0.18869763023261896
852,0.1095,48,372,48,211384,465060,18051,108205,3.6834685084273224,0.18875214778505578
853,0.1096,28,234,28,211618,464826,18079,108177,3.6816151311620833,0.18878958748907074
854,0.1097,101,672,101,212290,464154,18180,108076,3.6762926118362693,0.18886811247225765
855,0.1098,66,415,66,212705,463739,18246,108010,3.6730056393359525,0.18891156783833465
856,0.1099,51,409,51,213114,463330,18297,107959,3.669766189329616,0.1889744069989095
857,0.11,73,520,73,213634,462810,18370,107886,3.6656475731846405,0.18904285293746584
858,0.1101,51,337,51,213971,462473,18421,107835,3.66297839310607,0.18908203988020508
859,0.1102,60,372,60,214343,462101,18481,107775,3.66003199847928,0.18912008928258078
860,0.1103,38,305,38,214648,461796,18519,107737,3.6576162717019387,0.18916726511018678
861,0.1104,61,351,61,214999,461445,18580,107676,3.6548362058040804,0.18919702488574486
862,0.1105,39,330,39,215329,461115,18619,107637,3.652222468635154,0.1892512026331336
863,0.1106,46,350,46,215679,460765,18665,107591,3.649450323152959,0.1893021275397814
864,0.1107,34,412,34,216091,460353,18699,107557,3.6461871118996325,0.18939092461833743
865,0.1108,54,373,54,216464,459980,18753,107503,3.643232796857179,0.18943827392186197
866,0.1109,70,420,70,216884,459560,18823,107433,3.639906222278545,0.1894785297172981
867,0.111,44,319,44,217203,459241,18867,107389,3.637379609681916,0.18952226320526622
868,0.1111,73,487,73,217690,458754,18940,107316,3.6335223672538333,0.189580793894748
869,0.1112,37,363,37,218053,458391,18977,107279,3.630647256368014,0.1896494422543179
870,0.1113,50,382,50,218435,458009,19027,107229,3.62762165758459,0.18970592918381285
871,0.1114,30,262,30,218697,457747,19057,107199,3.6255465086807757,0.18975087884505776
872,0.1115,50,479,50,219176,457268,19107,107149,3.6217526295780003,0.18984013592786894
873,0.1116,67,475,67,219651,456793,19174,107082,3.6179904321378786,0.18990379073376193
874,0.1117,56,338,56,219989,456455,19230,107026,3.6153133316436445,0.18993719397814657
875,0.1118,52,409,52,220398,456046,19282,106974,3.612073881637308,0.19000035522716777
876,0.1119,60,444,60,220842,455602,19342,106914,3.6085572170827525,0.1900639270705189
877,0.112,26,281,26,221123,455321,19368,106888,3.606331580281333,0.1901214672835191
878,0.1121,57,456,57,221579,454865,19425,106831,3.602719870738816,0.19019362786987978
879,0.1122,39,347,39,221926,454518,19464,106792,3.5999714865036117,0.19025493933833354
880,0.1123,32,249,32,222175,454269,19496,106760,3.5979993030034216,0.19029319339998468
881,0.1124,61,465,61,222640,453804,19557,106699,3.594316309719934,0.19036294185758149
882,0.1125,46,384,46,223024,453420,19603,106653,3.5912748701051833,0.19042696219957042
883,0.1126,39,350,39,223374,453070,19642,106614,3.5885027246229884,0.19048963343601033
884,0.1127,66,487,66,223861,452583,19708,106548,3.5846454821949054,0.1905599939906748
885,0.1128,55,391,55,224252,452192,19763,106493,3.5815485996705108,0.19061367317898278
886,0.1129,50,451,50,224703,451741,19813,106443,3.577976492206311,0.19069518295042495
887,0.113,57,375,57,225078,451366,19870,106386,3.575006336332531,0.1907406876174357
888,0.1131,45,438,45,225516,450928,19915,106341,3.5715371942719556,0.19082525674315276
889,0.1132,48,374,48,225890,450554,19963,106293,3.5685749588138385,0.19088367181649538
890,0.1133,54,420,54,226310,450134,20017,106239,3.5652483842352045,0.1909492372922482
891,0.1134,39,334,39,226644,449800,20056,106200,3.562602965403624,0.19100719424460433
892,0.1135,59,403,59,227047,449397,20115,106141,3.5594110378912687,0.19105983749086472
893,0.1136,69,399,69,227446,448998,20184,106072,3.5562507920415665,0.1910966184445205
894,0.1137,57,488,57,227934,448510,20241,106015,3.55238562919782,0.19118164194580947
895,0.1138,39,356,39,228290,448154,20280,105976,3.549565961221645,0.1912475411906953
896,0.1139,60,438,60,228728,447716,20340,105916,3.5460968191610696,0.19131119588463094
897,0.114,50,320,50,229048,447396,20390,105866,3.543562286148777,0.19134876423828132
898,0.1141,37,253,37,229301,447143,20427,105829,3.5415584209859334,0.1913822038005541
899,0.1142,59,366,59,229667,446777,20486,105770,3.538659548853124,0.19142263011110366
900,0.1143,41,441,41,230108,446336,20527,105729,3.535166645545558,0.19151549183520056
901,0.1144,63,423,63,230531,445913,20590,105666,3.531816309719934,0.19157001988835687
902,0.1145,56,459,56,230990,445454,20646,105610,3.528180838930427,0.19164743115137262
903,0.1146,69,519,69,231509,444935,20715,105541,3.524070143201115,0.19172679644525828
904,0.1147,72,511,72,232020,444424,20787,105469,3.5200228107971108,0.1917991318311017
905,0.1148,65,445,65,232465,443979,20852,105404,3.5164982258268913,0.19185886712912487
906,0.1149,50,378,50,232843,443601,20902,105354,3.513504308706121,0.19191737027625216
907,0.115,46,448,46,233291,443153,20948,105308,3.5099559624889114,0.1920063596135368
908,0.1151,67,451,67,233742,442702,21015,105241,3.5063838550247115,0.1920655980640322
909,0.1152,53,398,53,234140,442304,21068,105188,3.503231529590673,0.19212700824852236
910,0.1153,69,658,69,234798,441646,21137,105119,3.4980198960841467,0.19225627097564768
911,0.1154,60,506,60,235304,441140,21197,105059,3.494012165758459,0.19234564691623382
912,0.1155,71,476,71,235780,440664,21268,104988,3.490242047902674,0.19240834817795957
913,0.1156,38,388,38,236168,440276,21306,104950,3.4871689266252694,0.19248898621855892
914,0.1157,54,493,54,236661,439783,21360,104896,3.483264161703206,0.19258315448181407
915,0.1158,39,307,39,236968,439476,21399,104857,3.480832594094538,0.1926339207801107
916,0.1159,61,475,61,237443,439001,21460,104796,3.4770703966544163,0.192711618489988
917,0.116,42,358,42,237801,438643,21502,104754,3.4742348878469143,0.192776183895016
918,0.1161,32,255,32,238056,438388,21534,104722,3.472215181852744,0.19281913424536465
919,0.1162,71,677,71,238733,437711,21605,104651,3.4668530604486123,0.19295415239268238
920,0.1163,54,397,54,239130,437314,21659,104597,3.4637086554302368,0.19301508919361296
921,0.1164,62,474,62,239604,436840,21721,104535,3.459954378405779,0.19309166474255368
922,0.1165,48,475,48,240079,436365,21769,104487,3.4561921809656573,0.19318963413281268
923,0.1166,52,454,52,240533,435911,21821,104435,3.452596312254467,0.19327430942396168
924,0.1167,46,369,46,240902,435542,21867,104389,3.4496736788746674,0.19333766722044113
925,0.1168,66,426,66,241328,435116,21933,104323,3.446299581802053,0.19339165318043375
926,0.1169,74,531,74,241859,434585,22007,104249,3.4420938410847803,0.19347145874239563
927,0.117,69,444,69,242303,434141,22076,104180,3.438577176530224,0.19352765357472587
928,0.1171,45,360,45,242663,433781,22121,104135,3.435725826891395,0.19358970545587043
929,0.1172,56,356,56,243019,433425,22177,104079,3.4329061589152197,0.19363390784068585
930,0.1173,54,459,54,243478,432966,22231,104025,3.4292706881257127,0.19371833047481243
931,0.1174,44,332,44,243810,432634,22275,103981,3.4266411101254595,0.1937720712242483
932,0.1175,80,497,80,244307,432137,22355,103901,3.4227046635407428,0.1938314074748432
933,0.1176,57,361,57,244668,431776,22412,103844,3.4198453934862503,0.1938762555543109
934,0.1177,42,304,42,244972,431472,22454,103802,3.417437587124572,0.1939231122752086
935,0.1178,64,342,64,245314,431130,22518,103738,3.4147288049676847,0.19395065698452701
936,0.1179,95,535,95,245849,430595,22613,103643,3.4104913825877583,0.19400154987103127
937,0.118,35,346,35,246195,430249,22648,103608,3.407750918768217,0.19407444315612607
938,0.1181,67,488,67,246683,429761,22715,103541,3.403885755924471,0.1941507813584048
939,0.1182,62,502,62,247185,429259,22777,103479,3.399909707261437,0.19423994533898464
940,0.1183,53,345,53,247530,428914,22830,103426,3.397177163857559,0.1942856069429312
941,0.1184,59,448,59,247978,428466,22889,103367,3.3936288176403497,0.1943598836476864
942,0.1185,54,446,54,248424,428020,22943,103313,3.390096312254467,0.19444115084137442
943,0.1186,73,541,73,248965,427479,23016,103240,3.38581136738056,0.19452855465886845
944,0.1187,46,330,46,249295,427149,23062,103194,3.3831976302116336,0.19457973424745872
945,0.1188,44,341,44,249636,426808,23106,103150,3.3804967684704095,0.19463806565803327
946,0.1189,62,502,62,250138,426306,23168,103088,3.3765207198073757,0.19472831199446916
947,0.119,51,394,51,250532,425912,23219,103037,3.3734000760359906,0.19479571754554786
948,0.1191,64,472,64,251004,425440,23283,102973,3.369661639842859,0.1948721927734556
949,0.1192,52,306,52,251310,425134,23335,102921,3.367237992649854,0.1949058336726288
950,0.1193,38,287,38,251597,424847,23373,102883,3.3649648333544544,0.19495385898091827
951,0.1194,51,399,51,251996,424448,23424,102832,3.361804587504752,0.19502351691700803
952,0.1195,57,416,57,252412,424032,23481,102775,3.358509694588772,0.19509042210904562
953,0.1196,68,429,68,252841,423603,23549,102707,3.355111836269167,0.1951454465999126
954,0.1197,69,316,69,253157,423287,23618,102638,3.3526089849195286,0.19515710414983126
955,0.1198,73,468,73,253625,422819,23691,102565,3.3489022303890508,0.19521911592282978
956,0.1199,56,476,56,254101,422343,23747,102509,3.345132112533266,0.19531029699801086
957,0.12,37,442,37,254543,421901,23784,102472,3.341631288810037,0.1954181470060434
958,0.1201,78,531,78,255074,421370,23862,102394,3.3374255480927637,0.1954964449637623
959,0.1202,63,443,63,255517,420927,23925,102331,3.3339168039538714,0.19556509408360695
960,0.1203,68,451,68,255968,420476,23993,102263,3.330344696489672,0.19562917631934867
961,0.1204,70,515,70,256483,419961,24063,102193,3.3262656824230135,0.19571429118612516
962,0.1205,84,479,84,256962,419482,24147,102109,3.322471803320238,0.19576449747024008
963,0.1206,48,387,48,257349,419095,24195,102061,3.319406602458497,0.19583579580778115
964,0.1207,66,385,66,257734,418710,24261,101995,3.3163572424280825,0.19587866450293354
965,0.1208,73,539,73,258273,418171,24334,101922,3.3120881383855023,0.19596879788807
966,0.1209,53,361,53,258634,417810,24387,101869,3.30922886833101,0.1960229295391963
967,0.121,65,395,65,259029,417415,24452,101804,3.3061003041439614,0.1960714072481939
968,0.1211,66,362,66,259391,417053,24518,101738,3.3032331136738056,0.19610594632520612
969,0.1212,48,373,48,259764,416680,24566,101690,3.300278798631352,0.19617261801415978
970,0.1213,91,470,91,260234,416210,24657,101599,3.2965562032695477,0.19620941312337176
971,0.1214,65,629,65,260863,415581,24722,101534,3.29157426181726,0.1963470407936339
972,0.1215,85,412,85,261275,415169,24807,101449,3.2883110505639337,0.19637140014478782
973,0.1216,65,505,65,261780,414664,24872,101384,3.2843112406539094,0.19646234458810033
974,0.1217,26,215,26,261995,414449,24898,101358,3.2826083512862754,0.19650373104668994
975,0.1218,55,379,55,262374,414070,24953,101303,3.2796065137498416,0.19656248969193185
976,0.1219,68,483,68,262857,413587,25021,101235,3.2757809529844124,0.1966407806970176
977,0.122,62,380,62,263237,413207,25083,101173,3.2727711950323153,0.19668921808779502
978,0.1221,57,419,57,263656,412788,25140,101116,3.2694525408693447,0.1967604844484573
979,0.1222,108,663,108,264319,412125,25248,101008,3.264201305284501,0.1968456521018917
980,0.1223,77,597,77,264916,411528,25325,100931,3.2594728171334433,0.19695429292880015
981,0.1224,67,500,67,265416,411028,25392,100864,3.255512609301736,0.19704156345479124
982,0.1225,53,400,53,265816,410628,25445,100811,3.2523444430363706,0.19711246111461972
983,0.1226,53,290,53,266106,410338,25498,100758,3.2500475224939804,0.1971410459091834
984,0.1227,45,290,45,266396,410048,25543,100713,3.2477506019515903,0.19718224375001223
985,0.1228,83,538,83,266934,409510,25626,100630,3.243489418324674,0.19725957580272083
986,0.1229,79,458,79,267392,409052,25705,100551,3.23986186795083,0.19731241770554725
987,0.123,89,695,89,268087,408357,25794,100462,3.2343571790647574,0.1974415263580959
988,0.1231,74,496,74,268583,407861,25868,100388,3.230428652895704,0.19751735861752803
989,0.1232,62,389,62,268972,407472,25930,100326,3.227347611202636,0.19757068755686316
990,0.1233,72,367,72,269339,407105,26002,100254,3.224440818654163,0.1975997272148518
991,0.1234,43,362,43,269701,406743,26045,100211,3.2215736281840073,0.19767276715441637
992,0.1235,77,565,77,270266,406178,26122,100134,3.2170985933341782,0.19777133467111188
993,0.1236,113,708,113,270974,405470,26235,100021,3.2114909390444812,0.19786900261330073
994,0.1237,77,543,77,271517,404927,26312,99944,3.2071901533392473,0.19795947875794015
995,0.1238,45,354,45,271871,404573,26357,99899,3.2043863261943986,0.19802684787262723
996,0.1239,68,491,68,272362,404082,26425,99831,3.2004974021036623,0.19811157878443303
997,0.124,57,421,57,272783,403661,26482,99774,3.197162907109365,0.19818645902648802
998,0.1241,45,296,45,273079,403365,26527,99729,3.1948184640729944,0.19823134444060156
999,0.1242,53,455,53,273534,402910,26580,99676,3.191214674946141,0.19832625660086034
1000,0.1243,53,377,53,273911,402533,26633,99623,3.188228678241034,0.1983905399915564
1001,0.1244,34,362,34,274273,402171,26667,99589,3.1853614877708782,0.19847935267857142
1002,0.1245,47,324,47,274597,401847,26714,99542,3.182795273095932,0.19853247677950653
1003,0.1246,73,472,73,275069,401375,26787,99469,3.1790568369028005,0.19860275854357845
1004,0.1247,64,460,64,275529,400915,26851,99405,3.17541344569763,0.1986828429804925
1005,0.1248,104,631,104,276160,400284,26955,99301,3.170415663414016,0.19876697659057016
1006,0.1249,72,559,72,276719,399725,27027,99229,3.1659881510581673,0.1988740445010963
1007,0.125,77,511,77,277230,399214,27104,99152,3.161940818654163,0.1989541822676507
1008,0.1251,75,524,75,277754,398690,27179,99077,3.157790520846534,0.1990429257062039
1009,0.1252,104,757,104,278511,397933,27283,98973,3.1517947661893295,0.19917851666109887
1010,0.1253,67,406,67,278917,397527,27350,98906,3.1485790774299836,0.1992333305803603
1011,0.1254,58,370,58,279287,397157,27408,98848,3.14564852363452,0.1992883136258707
1012,0.1255,90,495,90,279782,396662,27498,98758,3.1417279178811306,0.1993419724678051
1013,0.1256,90,481,90,280263,396181,27588,98668,3.137918197947028,0.19939011698518133
1014,0.1257,70,513,70,280776,395668,27658,98598,3.1338550247116967,0.19948367882880877
1015,0.1258,87,637,87,281413,395031,27745,98511,3.128809719934102,0.1996000340396562
1016,0.1259,98,652,98,282065,394379,27843,98413,3.123645608921556,0.1997049465088719
1017,0.126,65,456,65,282521,393923,27908,98348,3.1200338993790395,0.19978426517101353
1018,0.1261,89,550,89,283071,393373,27997,98259,3.115677670764162,0.19986290558791941
1019,0.1262,48,295,48,283366,393078,28045,98211,3.1133411481434545,0.19990474038702272
1020,0.1263,98,683,98,284049,392395,28143,98113,3.1079315042453426,0.20002324121115253
1021,0.1264,46,337,46,284386,392058,28189,98067,3.1052623241667723,0.2000856924254017
1022,0.1265,76,474,76,284860,391584,28265,97991,3.101508047142314,0.20015523668487975
1023,0.1266,44,318,44,285178,391266,28309,97947,3.0989893549613483,0.2002134039774086
1024,0.1267,56,423,56,285601,390843,28365,97891,3.0956390191357244,0.20029504802203243
1025,0.1268,39,438,39,286039,390405,28404,97852,3.092169877075149,0.20041084920441488
1026,0.1269,79,550,79,286589,389855,28483,97773,3.0878136484602714,0.20050735396654826
1027,0.127,49,396,49,286985,389459,28532,97724,3.084677163857559,0.2005899220621409
1028,0.1271,63,472,63,287457,388987,28595,97661,3.080938727664428,0.2006809850240831
1029,0.1272,53,388,53,287845,388599,28648,97608,3.0778656063870233,0.2007539998395745
1030,0.1273,94,649,94,288494,387950,28742,97514,3.0727252566214673,0.20086762355190085
1031,0.1274,52,326,52,288820,387624,28794,97462,3.0701432011151946,0.20091695080872257
1032,0.1275,39,299,39,289119,387325,28833,97423,3.0677749968318335,0.20097658989825642
1033,0.1276,50,285,50,289404,387040,28883,97373,3.065517678367761,0.2010123592884584
1034,0.1277,56,351,56,289755,386689,28939,97317,3.0627376124699026,0.20106568926831486
1035,0.1278,52,335,52,290090,386354,28991,97265,3.0600842732226585,0.2011190627332673
1036,0.1279,65,378,65,290468,385976,29056,97200,3.057090356101888,0.20116893223173338
1037,0.128,79,425,79,290893,385551,29135,97121,3.0537241794449375,0.20121531806278384
1038,0.1281,86,505,86,291398,385046,29221,97035,3.049724369534913,0.20128360171838341
1039,0.1282,73,516,73,291914,384530,29294,96962,3.0456374350525914,0.2013782160451264
1040,0.1283,93,461,93,292375,384069,29387,96869,3.041986123431758,0.20141681464138828
1041,0.1284,91,510,91,292885,383559,29478,96778,3.0379467114434164,0.20147937802001512
1042,0.1285,79,456,79,293341,383103,29557,96699,3.0343350019009,0.20153938499631097
1043,0.1286,45,363,45,293704,382740,29602,96654,3.0314598910150803,0.20161704151491258
1044,0.1287,60,455,60,294159,382285,29662,96594,3.027856101888227,0.20170857356451213
1045,0.1288,80,478,80,294637,381807,29742,96514,3.024070143201115,0.20177663117446235
1046,0.1289,60,388,60,295025,381419,29802,96454,3.0209970219237103,0.20184023788747218
1047,0.129,67,470,67,295495,380949,29869,96387,3.017274426561906,0.20192694454220927
1048,0.1291,65,417,65,295912,380532,29934,96322,3.0139716132302623,0.20199474052854752
1049,0.1292,69,407,69,296319,380125,30003,96253,3.010748004055253,0.2020517320279274
1050,0.1293,87,621,87,296940,379504,30090,96166,3.0058294259282725,0.20216957134147623
1051,0.1294,67,381,67,297321,379123,30157,96099,3.002811747560512,0.20221917335476894
1052,0.1295,82,597,82,297918,378526,30239,96017,2.9980832594094537,0.20233572089357552
1053,0.1296,69,497,69,298415,378029,30308,95948,2.994146812824737,0.20243176356658657
1054,0.1297,97,613,97,299028,377416,30405,95851,2.989291598023064,0.20253049547084415
1055,0.1298,63,408,63,299436,377008,30468,95788,2.9860600684323915,0.20259900675978645
1056,0.1299,70,450,70,299886,376558,30538,95718,2.982495881383855,0.2026738602003913
1057,0.13,95,551,95,300437,376007,30633,95623,2.978131732353314,0.20275003710535802
1058,0.1301,77,521,77,300958,375486,30710,95546,2.9740051957926754,0.2028439681380458
1059,0.1302,78,540,78,301498,374946,30788,95468,2.9697281713344315,0.2029446402530537
1060,0.1303,33,261,33,301759,374685,30821,95435,2.9676609428462806,0.20300136135454777
1061,0.1304,46,334,46,302093,374351,30867,95389,2.9650155240147003,0.20306765444714098
1062,0.1305,73,421,73,302514,373930,30940,95316,2.961681029020403,0.2031258657505871
1063,0.1306,88,679,88,303193,373251,31028,95228,2.956303066784945,0.2032705841670598
1064,0.1307,80,428,80,303621,372823,31108,95148,2.9529131288810038,0.20332029121462655
1065,0.1308,62,368,62,303989,372455,31170,95086,2.9499984159168675,0.20337467730102815
1066,0.1309,90,634,90,304623,371821,31260,94996,2.944976872386263,0.20349730194058913
1067,0.131,82,454,82,305077,371367,31342,94914,2.941381003675073,0.20355536682815728
1068,0.1311,58,362,58,305439,371005,31400,94856,2.938513813204917,0.20361438283093025
1069,0.1312,59,459,59,305898,370546,31459,94797,2.93487834241541,0.20371424948908654
1070,0.1313,96,612,96,306510,369934,31555,94701,2.9300310480294005,0.20381805072799078
1071,0.1314,97,603,97,307113,369331,31652,94604,2.9252550373843618,0.20391649692306035
1072,0.1315,131,807,131,307920,368524,31783,94473,2.918863261943987,0.20404667848819755
1073,0.1316,73,638,73,308558,367886,31856,94400,2.9138100367507285,0.2042025931998806
1074,0.1317,96,645,96,309203,367241,31952,94304,2.9087013686478267,0.2043224387654508
1075,0.1318,66,442,66,309645,366799,32018,94238,2.9052005449245977,0.20440441873428813
1076,0.1319,61,383,61,310028,366416,32079,94177,2.90216702572551,0.2044690214571216
1077,0.132,82,614,82,310642,365802,32161,94095,2.897303890508174,0.20460016047071408
1078,0.1321,46,355,46,310997,365447,32207,94049,2.8944921429476618,0.2046786043839337
1079,0.1322,77,417,77,311414,365030,32284,93972,2.8911893296160183,0.2047311340691326
1080,0.1323,94,487,94,311901,364543,32378,93878,2.8873320871879358,0.204785557380661
1081,0.1324,92,693,92,312594,363850,32470,93786,2.8818432391331896,0.20493580050520502
1082,0.1325,68,543,68,313137,363307,32538,93718,2.877542453427956,0.205060992287074
1083,0.1326,73,478,73,313615,362829,32611,93645,2.873756494740844,0.2051485955388478
1084,0.1327,79,585,79,314200,362244,32690,93566,2.8691230515777466,0.20527412737763542
1085,0.1328,43,351,43,314551,361893,32733,93523,2.8663429856798883,0.2053572996996153
1086,0.1329,46,311,46,314862,361582,32779,93477,2.863879736408567,0.20541731951241488
1087,0.133,49,332,49,315194,361250,32828,93428,2.861250158408313,0.20548168154166246
1088,0.1331,109,724,109,315918,360526,32937,93319,2.8555157774680016,0.20561865835252124
1089,0.1332,63,340,63,316258,360186,33000,93256,2.852822836142441,0.20566246620295428
1090,0.1333,67,528,67,316786,359658,33067,93189,2.848640856672158,0.20578473524170415
1091,0.1334,56,397,56,317183,359261,33123,93133,2.8454964516537826,0.20586700973045619
1092,0.1335,71,451,71,317634,358810,33194,93062,2.841924344189583,0.20594770200410736
1093,0.1336,85,583,85,318217,358227,33279,92977,2.837306741857813,0.2060642192888361
1094,0.1337,74,436,74,318653,357791,33353,92903,2.8338534406285643,0.20613320789715417
1095,0.1338,97,578,97,319231,357213,33450,92806,2.829275440375111,0.20622684819974268
1096,0.1339,57,361,57,319592,356852,33507,92749,2.8264161703206185,0.20629180095240002
1097,0.134,66,371,66,319963,356481,33573,92683,2.823477696109492,0.20634556643007898
1098,0.1341,73,594,73,320557,355887,33646,92610,2.818772969205424,0.20648967551622419
1099,0.1342,78,555,78,321112,355332,33724,92532,2.814377138512229,0.2066073629494668
1100,0.1343,100,616,100,321728,354716,33824,92432,2.809498162463566,0.20671455535974667
1101,0.1344,84,502,84,322230,354214,33908,92348,2.8055221138005324,0.20679771229974786
1102,0.1345,83,561,83,322791,353653,33991,92265,2.801078760613357,0.20691023910225648
1103,0.1346,88,601,88,323392,353052,34079,92177,2.796318590799645,0.2070327853756157
1104,0.1347,82,506,82,323898,352546,34161,92095,2.7923108604739575,0.2071221502290612
1105,0.1348,71,453,71,324351,352093,34232,92024,2.788722912178431,0.20720665950639133
1106,0.1349,77,526,77,324877,351567,34309,91947,2.7845567735394754,0.20731476345729785
1107,0.135,47,314,47,325191,351253,34356,91900,2.7820697630211635,0.2073775874246592
1108,0.1351,73,405,73,325596,350848,34429,91827,2.778861994677481,0.20743660699158525
1109,0.1352,56,381,56,325977,350467,34485,91771,2.77584431630972,0.20751495800903585
1110,0.1353,56,345,56,326322,350122,34541,91715,2.773111772905842,0.20757654972308792
1111,0.1354,99,653,99,326975,349469,34640,91616,2.7679397414776328,0.2077059977101919
1112,0.1355,50,398,50,327373,349071,34690,91566,2.764787416043594,0.20780370236725468
1113,0.1356,85,482,85,327855,348589,34775,91481,2.7609697756938285,0.20787829208989478
1114,0.1357,56,382,56,328237,348207,34831,91425,2.7579441769104043,0.20795801943443606
1115,0.1358,84,483,84,328720,347724,34915,91341,2.754118616144975,0.20803525673875167
1116,0.1359,62,357,62,329077,347367,34977,91279,2.7512910277531364,0.20809263050386873
1117,0.136,87,557,87,329634,346810,35064,91192,2.746879356228615,0.2081999625572486
1118,0.1361,53,383,53,330017,346427,35117,91139,2.7438458370295273,0.20828629281068456
1119,0.1362,77,451,77,330468,345976,35194,91062,2.7402737295653274,0.2083617442876821
1120,0.1363,67,450,67,330918,345526,35261,90995,2.7367095425167913,0.20845503423661174
1121,0.1364,76,440,76,331358,345086,35337,90919,2.733224559624889,0.20852742514420705
1122,0.1365,104,638,104,331996,344448,35441,90815,2.728171334431631,0.20864396927834436
1123,0.1366,113,673,113,332669,343775,35554,90702,2.7228408946901532,0.20876133834472252
1124,0.1367,54,314,54,332983,343461,35608,90648,2.7203538841718413,0.20881391539912786
1125,0.1368,70,499,70,333482,342962,35678,90578,2.716401596755798,0.20892651197121373
1126,0.1369,64,469,64,333951,342493,35742,90514,2.7126869218096568,0.20903588163701742
1127,0.137,39,240,39,334191,342253,35781,90475,2.710786022050437,0.20908053095709084
1128,0.1371,77,434,77,334625,341819,35858,90398,2.7073485616525157,0.20914957070175397
1129,0.1372,55,400,55,335025,341419,35913,90343,2.7041803953871497,0.2092425919835465
1130,0.1373,45,302,45,335327,341117,35958,90298,2.7017884298567987,0.20930658414751457
1131,0.1374,65,382,65,335709,340735,36023,90233,2.698762831073375,0.2093728536689499
1132,0.1375,47,390,47,336099,340345,36070,90186,2.695673868964643,0.2094762049654961
1133,0.1376,61,317,61,336416,340028,36131,90125,2.693163097199341,0.20951847365937237
1134,0.1377,89,591,89,337007,339437,36220,90036,2.6884821315422633,0.20964298104886686
1135,0.1378,88,471,88,337478,338966,36308,89948,2.6847516157647955,0.20971103764390997
1136,0.1379,59,477,59,337955,338489,36367,89889,2.6809735774933467,0.209835705848573
1137,0.138,84,556,84,338511,337933,36451,89805,2.6765698263844886,0.2099532891629923
1138,0.1381,66,406,66,338917,337527,36517,89739,2.6733541376251426,0.21003075367569618
1139,0.1382,77,375,77,339292,337152,36594,89662,2.670383981751362,0.21007277174600647
1140,0.1383,83,580,83,339872,336572,36677,89579,2.6657901406665823,0.21020483349798547
1141,0.1384,66,367,66,340239,336205,36743,89513,2.6628833481181093,0.2102636017269648
1142,0.1385,95,628,95,340867,335577,36838,89418,2.657909327081485,0.21039776938552218
1143,0.1386,66,410,66,341277,335167,36904,89352,2.6546619566594853,0.21047821181148546
1144,0.1387,107,614,107,341891,334553,37011,89245,2.649798821442149,0.210583815874544
1145,0.1388,60,424,60,342315,334129,37071,89185,2.646440565200862,0.21068285008291718
1146,0.1389,94,486,94,342801,333643,37165,89091,2.6425912431884426,0.21074954936201015
1147,0.139,73,402,73,343203,333241,37238,89018,2.63940723609175,0.21081374227665958
1148,0.1391,87,452,87,343655,332789,37325,88931,2.6358272082118868,0.21087688513705777
1149,0.1392,61,368,61,344023,332421,37386,88870,2.6329124952477505,0.21094682772715295
1150,0.1393,66,477,66,344500,331944,37452,88804,2.629134456976302,0.21106220350423532
1151,0.1394,63,403,63,344903,331541,37515,88741,2.6259425294639462,0.21114632556236052
1152,0.1395,71,375,71,345278,331166,37586,88670,2.622972373590166,0.21120151678274374
1153,0.1396,106,611,106,345889,330555,37692,88564,2.61813299961982,0.21130991436799573
1154,0.1397,64,477,64,346366,330078,37756,88500,2.6143549613483716,0.21143012771813138
1155,0.1398,54,390,54,346756,329688,37810,88446,2.6112659992396403,0.21152549182797858
1156,0.1399,92,487,92,347243,329201,37902,88354,2.6074087568115574,0.21159847205757326
1157,0.14,64,322,64,347565,328879,37966,88290,2.6048583829679384,0.21164084579630796
1158,0.1401,91,544,91,348109,328335,38057,88199,2.600549676847041,0.2117450196142452
1159,0.1402,79,516,79,348625,327819,38136,88120,2.5964627423647193,0.2118579887916257
1160,0.1403,97,542,97,349167,327277,38233,88023,2.592169877075149,0.21195039730315435
1161,0.1404,83,443,83,349610,326834,38316,87940,2.5886611329362563,0.21201907544831644
1162,0.1405,87,536,87,350146,326298,38403,87853,2.5844157901406666,0.2121279436727184
1163,0.1406,52,342,52,350488,325956,38455,87801,2.581707007983779,0.21220426482210572
1164,0.1407,64,344,64,350832,325612,38519,87737,2.5789823849955646,0.21225889018722677
1165,0.1408,61,400,61,351232,325212,38580,87676,2.575814218730199,0.21234814283776715
1166,0.1409,88,650,88,351882,324562,38668,87588,2.57066594854898,0.2125148610942618
1167,0.141,62,414,62,352296,324148,38730,87526,2.5673868964643263,0.21260997779796637
1168,0.1411,91,533,91,352829,323615,38821,87435,2.563165314915727,0.2127113489843085
1169,0.1412,73,313,73,353142,323302,38894,87362,2.5606862248130784,0.21273352424366393
1170,0.1413,53,373,53,353515,322929,38947,87309,2.5577319097706246,0.2128252380325567
1171,0.1414,60,346,60,353861,322583,39007,87249,2.5549914459510834,0.21288967186554492
1172,0.1415,66,358,66,354219,322225,39073,87183,2.5521559371435814,0.21294894090980146
1173,0.1416,50,276,50,354495,321949,39123,87133,2.549969902420479,0.21299641636640088
1174,0.1417,70,361,70,354856,321588,39193,87063,2.5471106323659867,0.21304976618190094
1175,0.1418,76,389,76,355245,321199,39269,86987,2.5440295906729187,0.2131062799802051
1176,0.1419,86,456,86,355701,320743,39355,86901,2.5404178811304017,0.2131786558860182
1177,0.142,49,331,49,356032,320412,39404,86852,2.537796223545812,0.2132572483696079
1178,0.1421,74,373,74,356405,320039,39478,86778,2.5348419085033584,0.21330966994987918
1179,0.1422,61,373,61,356778,319666,39539,86717,2.5318875934609046,0.21338737102683922
1180,0.1423,32,335,32,357113,319331,39571,86685,2.529234254213661,0.21350143836696092
1181,0.1424,81,449,81,357562,318882,39652,86604,2.525677987580788,0.21358074014885842
1182,0.1425,62,509,62,358071,318373,39714,86542,2.5216464960081106,0.21372880728054036
1183,0.1426,72,506,72,358577,317867,39786,86470,2.517638765682423,0.21385626346339812
1184,0.1427,89,453,89,359030,317414,39875,86381,2.5140508173868965,0.21392290642529005
1185,0.1428,56,271,56,359301,317143,39931,86325,2.5119043847421114,0.21395748857406288
1186,0.1429,60,406,60,359707,316737,39991,86265,2.508688695982765,0.2140560096475948
1187,0.143,60,314,60,360021,316423,40051,86205,2.506201685464453,0.21410582473151396
1188,0.1431,68,440,68,360461,315983,40119,86137,2.502716702572551,0.21420720183029943
1189,0.1432,63,396,63,360857,315587,40182,86074,2.499580217969839,0.21429513943350237
1190,0.1433,89,620,89,361477,314967,40271,85985,2.4946695602585223,0.21445210399249787
1191,0.1434,52,314,52,361791,314653,40323,85933,2.4921825497402104,0.2145182307918899
1192,0.1435,78,450,78,362241,314203,40401,85855,2.4886183626916742,0.21460638207459917
1193,0.1436,83,435,83,362676,313768,40484,85772,2.485172981878089,0.2146768784101717
1194,0.1437,75,390,75,363066,313378,40559,85697,2.4820840197693577,0.2147390841320554
1195,0.1438,63,266,63,363332,313112,40622,85634,2.4799771892028892,0.21475826716757032
1196,0.1439,86,413,86,363745,312699,40708,85548,2.4767060575338995,0.21481141100874582
1197,0.144,82,497,82,364242,312202,40790,85466,2.472769610949183,0.21491797177545088
1198,0.1441,67,337,67,364579,311865,40857,85399,2.470100430870612,0.21496788030126063
1199,0.1442,89,479,89,365058,311386,40946,85310,2.4663065517678366,0.21505132393570894
1200,0.1443,46,269,46,365327,311117,40992,85264,2.464175959954378,0.2151061731011325
1201,0.1444,93,626,93,365953,310491,41085,85171,2.459217779749081,0.21526201656969837
1202,0.1445,75,359,75,366312,310132,41160,85096,2.4563743505259157,0.2153086319795156
1203,0.1446,35,216,35,366528,309916,41195,85061,2.4546635407426183,0.2153568435630429
1204,0.1447,67,434,67,366962,309482,41262,84994,2.4512260803446964,0.2154605096381022
1205,0.1448,58,279,58,367241,309203,41320,84936,2.449016284374604,0.21549757826553576
1206,0.1449,79,512,79,367753,308691,41399,84857,2.444961031554936,0.21562045798733573
1207,0.145,67,402,67,368155,308289,41466,84790,2.4417770244582435,0.2157072751279005
1208,0.1451,63,445,63,368600,307844,41529,84727,2.4382524394880245,0.21582592702976022
1209,0.1452,107,573,107,369173,307271,41636,84620,2.433714041312888,0.21592738797267608
1210,0.1453,54,304,54,369477,306967,41690,84566,2.4313062349512102,0.21598690276426252
1211,0.1454,72,405,72,369882,306562,41762,84494,2.4280984666075276,0.21606624115216236
1212,0.1455,61,357,61,370239,306205,41823,84433,2.425270878215689,0.2161412868179747
1213,0.1456,79,498,79,370737,305707,41902,84354,2.4213265112153084,0.2162584826475859
1214,0.1457,63,420,63,371157,305287,41965,84291,2.417999936636675,0.21636488713428376
1215,0.1458,90,459,90,371616,304828,42055,84201,2.4143644658471675,0.21643887730734726
1216,0.1459,53,366,53,371982,304462,42108,84148,2.4114655937143583,0.21653585857286226
1217,0.146,94,512,94,372494,303950,42202,84054,2.4074103408946903,0.21663178730116184
1218,0.1461,65,396,65,372890,303554,42267,83989,2.404273856291978,0.21672175732757398
1219,0.1462,93,543,93,373433,303011,42360,83896,2.3999730705867446,0.21683763798535566
1220,0.1463,56,358,56,373791,302653,42416,83840,2.397137561779242,0.21692501545952966
1221,0.1464,81,457,81,374248,302196,42497,83759,2.3935179318210618,0.21701752795014964
1222,0.1465,72,446,72,374694,301750,42569,83687,2.3899854264351794,0.21712238316508276
1223,0.1466,67,409,67,375103,301341,42636,83620,2.386745976428843,0.21721680897545464
1224,0.1467,45,322,45,375425,301019,42681,83575,2.3841956025852236,0.21730708227377443
1225,0.1468,53,291,53,375716,300728,42734,83522,2.38189076162717,0.2173636955107352
1226,0.1469,90,493,90,376209,300235,42824,83432,2.377985996705107,0.21745941141667122
1227,0.147,97,493,97,376702,299742,42921,83335,2.3740812317830438,0.21754112097567851
1228,0.1471,59,300,59,377002,299442,42980,83276,2.37170510708402,0.21759102001996247
1229,0.1472,49,262,49,377264,299180,43029,83227,2.369629958180205,0.21763984445891418
1230,0.1473,50,303,50,377567,298877,43079,83177,2.367230072234191,0.2177100619284185
1231,0.1474,76,453,76,378020,298424,43155,83101,2.3636421239386642,0.21781272524736256
1232,0.1475,52,311,52,378331,298113,43207,83049,2.3611788746673423,0.21788373447510506
1233,0.1476,91,525,91,378856,297588,43298,82958,2.35702065644405,0.21799729861830108
1234,0.1477,41,257,41,379113,297331,43339,82917,2.3549851096185526,0.21806031852896005
1235,0.1478,66,419,66,379532,296912,43405,82851,2.3516664554555824,0.21816501344259445
1236,0.1479,91,456,91,379988,296456,43496,82760,2.3480547459130654,0.21823973671996963
1237,0.148,76,495,76,380483,295961,43572,82684,2.3441341401596754,0.21836812845805437
1238,0.1481,71,507,71,380990,295454,43643,82613,2.3401184894183245,0.21851417870377474
1239,0.1482,61,323,61,381313,295131,43704,82552,2.337560195159042,0.21857483656929225
1240,0.1483,51,341,51,381654,294790,43755,82501,2.3348593334178176,0.21866675854976664
1241,0.1484,73,417,73,382071,294373,43828,82428,2.331556520086174,0.21875738121714114
1242,0.1485,70,439,70,382510,293934,43898,82358,2.3280794576099355,0.21886726265772324
1243,0.1486,49,302,49,382812,293632,43947,82309,2.3256874920795845,0.21894127003971367
1244,0.1487,84,398,84,383210,293234,44031,82225,2.3225351666455456,0.21899861236513174
1245,0.1488,74,505,74,383715,292729,44105,82151,2.3185353567355214,0.2191394579598805
1246,0.1489,65,362,65,384077,292367,44170,82086,2.3156681662653655,0.21921576272589618
1247,0.149,61,389,61,384466,291978,44231,82025,2.3125871245722975,0.21931642259554068
1248,0.1491,90,513,90,384979,291465,44321,81935,2.308523951336966,0.219429566148902
1249,0.1492,121,619,121,385598,290846,44442,81814,2.303621214041313,0.21954060001073364
1250,0.1493,89,516,89,386114,290330,44531,81725,2.299534279558991,0.21965838384109876
1251,0.1494,63,294,63,386408,290036,44594,81662,2.2972056773539475,0.21969986386797885
1252,0.1495,56,348,56,386756,289688,44650,81606,2.2944493727030792,0.21978809245503564
1253,0.1496,43,376,43,387132,289312,44693,81563,2.291471296413636,0.21992045837546342
1254,0.1497,80,471,80,387603,288841,44773,81483,2.2877407806361676,0.22003164796232488
1255,0.1498,55,274,55,387877,288567,44828,81428,2.2855705867443925,0.22007864971148258
1256,0.1499,84,459,84,388336,288108,44912,81344,2.2819351159548855,0.22017474529844203
1257,0.15,88,591,88,388927,287517,45000,81256,2.2772541502978076,0.22034151090237084
1258,0.1501,56,325,56,389252,287192,45056,81200,2.274680015207198,0.22041738148493994
1259,0.1502,37,318,37,389570,286874,45093,81163,2.2721613230262325,0.2205294576360529
1260,0.1503,52,304,52,389874,286570,45145,81111,2.2697535166645544,0.22060155406452878
1261,0.1504,81,440,81,390314,286130,45226,81030,2.2662685337726525,0.22069397537858154
1262,0.1505,55,278,55,390592,285852,45281,80975,2.264066658218223,0.22074438359226556
1263,0.1506,78,464,78,391056,285388,45359,80897,2.260391585350399,0.2208580749962461
1264,0.1507,47,302,47,391358,285086,45406,80850,2.257999619820048,0.22094027370906388
1265,0.1508,50,324,50,391682,284762,45456,80800,2.255433405145102,0.22102953808109158
1266,0.1509,51,280,51,391962,284482,45507,80749,2.253215688759346,0.22109021413844937
1267,0.151,58,382,58,392344,284100,45565,80691,2.2501900899759217,0.22119789139534693
1268,0.1511,42,301,42,392645,283799,45607,80649,2.2478060448612345,0.22129082886996224
1269,0.1512,56,254,56,392899,283545,45663,80593,2.2457942592827274,0.22132543156715312
1270,0.1513,69,365,69,393264,283180,45732,80524,2.242903307565581,0.22139981963354816
1271,0.1514,53,345,53,393609,282835,45785,80471,2.2401707641617032,0.2214964795516727
1272,0.1515,70,517,70,394126,282318,45855,80401,2.236075909263718,0.22166194767850594
1273,0.1516,49,311,49,394437,282007,45904,80352,2.233612659992396,0.2217469415689965
1274,0.1517,49,357,49,394794,281650,45953,80303,2.2307850716005575,0.22186029677886354
1275,0.1518,67,350,67,395144,281300,46020,80236,2.2280129261183625,0.22193087272083556
1276,0.1519,95,431,95,395575,280869,46115,80141,2.224599226967431,0.22199108057948533
1277,0.152,76,409,76,395984,280460,46191,80065,2.221359776961095,0.22207891269676167
1278,0.1521,82,366,82,396350,280094,46273,79983,2.2184609048282855,0.22212748939810095
1279,0.1522,59,311,59,396661,279783,46332,79924,2.2159976555569636,0.22219195067096276
1280,0.1523,66,352,66,397013,279431,46398,79858,2.213209669243442,0.22226675461814863
1281,0.1524,65,344,65,397357,279087,46463,79793,2.2104850462552275,0.22233894337940258
1282,0.1525,55,280,55,397637,278807,46518,79738,2.2082673298694715,0.222393283967145
1283,0.1526,83,492,83,398129,278315,46601,79655,2.204370485363072,0.22251864681397882
1284,0.1527,40,323,40,398452,277992,46641,79615,2.201812191103789,0.22263266658650419
1285,0.1528,70,427,70,398879,277565,46711,79545,2.1984301736155114,0.22274649267732632
1286,0.1529,36,254,36,399133,277311,46747,79509,2.1964183880370043,0.22282663527829158
1287,0.153,70,390,70,399523,276921,46817,79439,2.1933294259282725,0.22291783589628467
1288,0.1531,73,390,73,399913,276531,46890,79366,2.190240463819541,0.2230027226978592
1289,0.1532,51,307,51,400220,276224,46941,79315,2.187808896210873,0.22308382484059414
1290,0.1533,67,402,67,400622,275822,47008,79248,2.184624889114181,0.22318979356183288
1291,0.1534,60,374,60,400996,275448,47068,79188,2.1816626536560637,0.223293743443982
1292,0.1535,54,350,54,401346,275098,47122,79134,2.1788905081738688,0.22339596648524132
1293,0.1536,85,453,85,401799,274645,47207,79049,2.175302559878342,0.22349545086996103
1294,0.1537,57,308,57,402107,274337,47264,78992,2.1728630718540107,0.22356500598592247
1295,0.1538,82,391,82,402498,273946,47346,78910,2.169766189329616,0.22363230326252068
1296,0.1539,68,340,68,402838,273606,47414,78842,2.1670732480040553,0.22369824768476484
1297,0.154,50,250,50,403088,273356,47464,78792,2.165093144088202,0.22374683371764145
1298,0.1541,104,526,104,403614,272830,47568,78688,2.160927005449246,0.22385197913051394
1299,0.1542,81,470,81,404084,272360,47649,78607,2.1572044100874415,0.22397262420683425
1300,0.1543,89,540,89,404624,271820,47738,78518,2.152927385629198,0.22412070628935485
1301,0.1544,66,260,66,404884,271560,47804,78452,2.1508680775567104,0.22414088659817377
1302,0.1545,39,188,39,405072,271372,47843,78413,2.1493790394119885,0.22417485026516287
1303,0.1546,76,384,76,405456,270988,47919,78337,2.146337599797237,0.22425248693909683
1304,0.1547,80,418,80,405874,270570,47999,78257,2.1430268660499303,0.2243432991138874
1305,0.1548,64,302,64,406176,270268,48063,78193,2.1406349005195793,0.22439526948496388
1306,0.1549,77,425,77,406601,269843,48140,78116,2.1372687238626282,0.22449771381110992
1307,0.155,72,440,72,407041,269403,48212,78044,2.1337837409707263,0.2246213091493091
1308,0.1551,80,420,80,407461,268983,48292,77964,2.1304571663920924,0.22471443765186036
1309,0.1552,61,347,61,407808,268636,48353,77903,2.1277087821568874,0.22480298032833246
1310,0.1553,71,392,71,408200,268244,48424,77832,2.1246039792168294,0.2248985771911372
1311,0.1554,56,358,56,408558,267886,48480,77776,2.121768470409327,0.2250059306490155
1312,0.1555,42,289,42,408847,267597,48522,77734,2.1194794702826005,0.22509997654424305
1313,0.1556,66,293,66,409140,267304,48588,77668,2.11715878849322,0.2251429101492295
1314,0.1557,76,461,76,409601,266843,48664,77592,2.1135074768723863,0.22527327362201865
1315,0.1558,61,415,61,410016,266428,48725,77531,2.1102205043720694,0.22540767940364986
1316,0.1559,62,338,62,410354,266090,48787,77469,2.1075434038778353,0.2254896538876874
1317,0.156,55,256,55,410610,265834,48842,77414,2.1055157774680016,0.2255337248869622
1318,0.1561,45,200,45,410810,265634,48887,77369,2.103931694335319,0.22556362480794628
1319,0.1562,48,224,48,411034,265410,48935,77321,2.102157521226714,0.22560258628487065
1320,0.1563,59,304,59,411338,265106,48994,77262,2.099749714865036,0.22566945508926067
1321,0.1564,64,366,64,411704,264740,49058,77198,2.0968508427322265,0.2257660745515269
1322,0.1565,89,487,89,412191,264253,49147,77109,2.092993600304144,0.225886302517562
1323,0.1566,63,413,63,412604,263840,49210,77046,2.089722468635154,0.22601690887862805
1324,0.1567,63,393,63,412997,263447,49273,76983,2.086609745279432,0.22613459448344742
1325,0.1568,61,373,61,413370,263074,49334,76922,2.0836554302369787,0.2262438381628019
1326,0.1569,80,424,80,413794,262650,49414,76842,2.0802971739956915,0.2263440670177795
1327,0.157,49,260,49,414054,262390,49463,76793,2.0782378659232035,0.22640580453619433
1328,0.1571,45,194,45,414248,262196,49508,76748,2.076701305284501,0.22643268504531722
1329,0.1572,63,304,63,414552,261892,49571,76685,2.0742934989228234,0.2264920535062925
1330,0.1573,82,446,82,414998,261446,49653,76603,2.0707609935369407,0.22660324390842748
1331,0.1574,57,347,57,415345,261099,49710,76546,2.068012609301736,0.22670556353566615
1332,0.1575,66,478,66,415823,260621,49776,76480,2.064226650614624,0.2268756248127416
1333,0.1576,64,354,64,416177,260267,49840,76416,2.061422823469776,0.22696720654146482
1334,0.1577,86,440,86,416617,259827,49926,76330,2.0579378405778734,0.22706651951320364
1335,0.1578,46,335,46,416952,259492,49972,76284,2.05528450133063,0.22718717240064806
1336,0.1579,70,319,70,417271,259173,50042,76214,2.052757888734001,0.22724196227045174
1337,0.158,58,273,58,417544,258900,50100,76156,2.0505956152578886,0.2272933479776515
1338,0.1581,79,368,79,417912,258532,50179,76077,2.0476809022937523,0.22736088987445047
1339,0.1582,68,434,68,418346,258098,50247,76009,2.044243441895831,0.22749897487930512
1340,0.1583,45,250,45,418596,257848,50292,75964,2.042263337979977,0.22756521634932236
1341,0.1584,50,293,50,418889,257555,50342,75914,2.039942656190597,0.22764934671588663
1342,0.1585,49,222,49,419111,257333,50391,75865,2.038184323913319,0.22768744110108705
1343,0.1586,65,287,65,419398,257046,50456,75800,2.0359111646179193,0.2277329455664181
1344,0.1587,34,154,34,419552,256892,50490,75766,2.0346914206057534,0.22775944062670972
1345,0.1588,71,417,71,419969,256475,50561,75695,2.03138860727411,0.2278803022548695
1346,0.1589,51,197,51,420166,256278,50612,75644,2.029828285388417,0.22789691554039804
1347,0.159,75,380,75,420546,255898,50687,75569,2.02681852743632,0.22798347950173017
1348,0.1591,51,272,51,420818,255626,50738,75518,2.024664174375871,0.22805184451477303
1349,0.1592,67,309,67,421127,255317,50805,75451,2.0222167659358763,0.22810852319450492
1350,0.1593,45,224,45,421351,255093,50850,75406,2.020442592827272,0.22815802770961485
1351,0.1594,61,304,61,421655,254789,50911,75345,2.0180347864655936,0.22822550842991027
1352,0.1595,90,409,90,422064,254380,51001,75255,2.0147953364592572,0.2282979659320157
1353,0.1596,42,229,42,422293,254151,51043,75213,2.0129815612723356,0.2283582905235545
1354,0.1597,87,438,87,422731,253713,51130,75126,2.0095124192117604,0.22845830330344027
1355,0.1598,72,382,72,423113,253331,51202,75054,2.006486820428336,0.22855489745268512
1356,0.1599,86,295,86,423408,253036,51288,74968,2.004150297807629,0.22855818831477664
1357,0.16,65,323,65,423731,252713,51353,74903,2.001592003548346,0.22863046981832388
1358,0.1601,86,360,86,424091,252353,51439,74817,1.9987406539095172,0.22867927988507503
1359,0.1602,67,263,67,424354,252090,51506,74750,1.9966575845900394,0.2287051768449394
1360,0.1603,81,388,81,424742,251702,51587,74669,1.9935844633126347,0.22878564578347954
1361,0.1604,43,334,43,425076,251368,51630,74626,1.9909390444810544,0.22891832365012854
1362,0.1605,58,444,58,425520,250924,51688,74568,1.9874223799264985,0.2290931881582343
1363,0.1606,76,384,76,425904,250540,51764,74492,1.9843809403117476,0.2291835880774816
1364,0.1607,59,353,59,426257,250187,51823,74433,1.9815850335825624,0.22929271147803587
1365,0.1608,101,416,101,426673,249771,51924,74332,1.9782901406665823,0.22934684344174536
1366,0.1609,44,311,44,426984,249460,51968,74288,1.9758268913952604,0.22946242138947576
1367,0.161,43,202,43,427186,249258,52011,74245,1.9742269674312507,0.22950328126787078
1368,0.1611,79,370,79,427556,248888,52090,74166,1.9712964136357876,0.22957771765710996
1369,0.1612,66,366,66,427922,248522,52156,74100,1.968397541502978,0.22968055495285505
1370,0.1613,46,268,46,428190,248254,52202,74054,1.966274870105183,0.22976159449967112
1371,0.1614,69,371,69,428561,247883,52271,73985,1.9633363958940566,0.22986130960517975
1372,0.1615,64,291,64,428852,247592,52335,73921,1.9610315549360031,0.22991605316114744
1373,0.1616,95,424,95,429276,247168,52430,73826,1.9576732986947154,0.22999183785366706
1374,0.1617,66,294,66,429570,246874,52496,73760,1.9553446964896717,0.23004422487945758
1375,0.1618,49,288,49,429858,246586,52545,73711,1.9530636167786086,0.23013328254713594
1376,0.1619,49,263,49,430121,246323,52594,73662,1.9509805474591306,0.23020454083785177
1377,0.162,70,293,70,430414,246030,52664,73592,1.9486598656697502,0.23024697924423224
1378,0.1621,66,370,66,430784,245660,52730,73526,1.945729311874287,0.23035471480578723
1379,0.1622,74,353,74,431137,245307,52804,73452,1.942933405145102,0.2304311407677901
1380,0.1623,81,368,81,431505,244939,52885,73371,1.9400186921809657,0.230501712167384
1381,0.1624,69,378,69,431883,244561,52954,73302,1.9370247750601952,0.23060878428757042
1382,0.1625,69,285,69,432168,244276,53023,73233,1.9347674565961221,0.23064858004025082
1383,0.1626,58,326,58,432494,243950,53081,73175,1.9321854010898492,0.230744974379188
1384,0.1627,108,426,108,432920,243524,53189,73067,1.9288113040172348,0.2307930421269082
1385,0.1628,60,343,60,433263,243181,53249,73007,1.9260946014446838,0.23089744076309032
1386,0.1629,41,245,41,433508,242936,53290,72966,1.9241540996071473,0.23097669530423992
1387,0.163,48,298,48,433806,242638,53338,72918,1.92179381573945,0.23107784355233302
1388,0.1631,50,236,50,434042,242402,53388,72868,1.9199245976428843,0.2311288736638437
1389,0.1632,60,241,60,434283,242161,53448,72808,1.9180157774680016,0.23115925694274675
1390,0.1633,67,315,67,434598,241846,53515,72741,1.915520846534026,0.23122697377831888
1391,0.1634,43,244,43,434842,241602,53558,72698,1.9135882651121532,0.2313013044861597
1392,0.1635,34,178,34,435020,241424,53592,72664,1.9121784311240655,0.23134917602710067
1393,0.1636,71,339,71,435359,241085,53663,72593,1.909493410214168,0.2314252194926007
1394,0.1637,56,255,56,435614,240830,53719,72537,1.9074737042199974,0.23147619245166212
1395,0.1638,56,210,56,435824,240620,53775,72481,1.9058104169306804,0.2314939907569762
1396,0.1639,75,389,75,436213,240231,53850,72406,1.9027293752376124,0.2315976675825318
1397,0.164,45,223,45,436436,240008,53895,72361,1.900963122544671,0.23165230864778516
1398,0.1641,94,324,94,436760,239684,53989,72267,1.898396907869725,0.2316613827171575
1399,0.1642,65,335,65,437095,239349,54054,72202,1.8957435686224813,0.23175017894341537
1400,0.1643,50,289,50,437384,239060,54104,72152,1.8934545684957547,0.23184195982160072
1401,0.1644,53,259,53,437643,238801,54157,72099,1.8914031808389304,0.23190414924412994
1402,0.1645,53,272,53,437915,238529,54210,72046,1.8892488277784818,0.2319761732270788
1403,0.1646,46,236,46,438151,238293,54256,72000,1.8873796096819162,0.23203875047132871
1404,0.1647,77,335,77,438486,237958,54333,71923,1.8847262704346723,0.23209877340011165
1405,0.1648,68,451,68,438937,237507,54401,71855,1.8811541629704727,0.23226834582140019
1406,0.1649,59,257,59,439194,237250,54460,71796,1.8791186161449753,0.23231493046342616
1407,0.165,57,271,57,439465,236979,54517,71739,1.87697218350019,0.23237712086758788
1408,0.1651,72,332,72,439797,236647,54589,71667,1.8743426054999366,0.23244808863690913
1409,0.1652,96,472,96,440269,236175,54685,71571,1.8706041693068052,0.2325651673782925
1410,0.1653,57,239,57,440508,235936,54742,71514,1.8687111899632494,0.23260367539437307
1411,0.1654,62,357,62,440865,235579,54804,71452,1.8658836015714104,0.23271917167973266
1412,0.1655,65,318,65,441183,235261,54869,71387,1.8633649093904447,0.23279786595705826
1413,0.1656,46,332,46,441515,234929,54915,71341,1.8607353313901913,0.23293499200052242
1414,0.1657,64,270,64,441785,234659,54979,71277,1.8585968191610696,0.2329801004131583
1415,0.1658,52,302,52,442087,234357,55031,71225,1.8562048536307185,0.23307982800034033
1416,0.1659,109,447,109,442534,233910,55140,71116,1.8526644278291724,0.23314733825968934
1417,0.166,80,348,80,442882,233562,55220,71036,1.8499081231783043,0.23321229948981936
1418,0.1661,56,277,56,443159,233285,55276,70980,1.8477141680395388,0.23328348643452254
1419,0.1662,40,250,40,443409,233035,55316,70940,1.8457340641236852,0.23337445513611316
1420,0.1663,42,261,42,443670,232774,55358,70898,1.8436668356355341,0.2334690060328249
1421,0.1664,85,336,85,444006,232438,55443,70813,1.8410055759726272,0.2335128326040145
1422,0.1665,93,444,93,444450,231994,55536,70720,1.8374889114180712,0.23361985240193714
1423,0.1666,47,313,47,444763,231681,55583,70673,1.8350098213154227,0.2337425666602724
1424,0.1667,79,352,79,445115,231329,55662,70594,1.8322218350019008,0.23381458186358772
1425,0.1668,73,303,73,445418,231026,55735,70521,1.8298219490558865,0.23386404109475473
1426,0.1669,60,272,60,445690,230754,55795,70461,1.8276675959954378,0.23392261341566656
1427,0.167,33,185,33,445875,230569,55828,70428,1.8262023190977061,0.23398239849566607
1428,0.1671,90,448,90,446323,230121,55918,70338,1.8226539728804967,0.23410182420896028
1429,0.1672,43,255,43,446578,229866,55961,70295,1.8206342668863262,0.2341909841718278
1430,0.1673,49,304,49,446882,229562,56010,70246,1.8182264605246483,0.2343032874372932
1431,0.1674,75,336,75,447218,229226,56085,70171,1.8155652008617413,0.23437442592945154
1432,0.1675,60,311,60,447529,228915,56145,70111,1.8131019515904194,0.2344645616100272
1433,0.1676,51,231,51,447760,228684,56196,70060,1.811272335572171,0.23451517017915005
1434,0.1677,64,358,64,448118,228326,56260,69996,1.8084368267646687,0.2346323770958897
1435,0.1678,42,209,42,448327,228117,56302,69954,1.806781459891015,0.23468905059532796
1436,0.1679,53,246,53,448573,227871,56355,69901,1.8048330376378152,0.2347467189661889
1437,0.168,37,198,37,448771,227673,56392,69864,1.8032647953364593,0.23480777180653162
1438,0.1681,45,233,45,449004,227440,56437,69819,1.8014193384868837,0.2348759835698835
1439,0.1682,50,244,50,449248,227196,56487,69769,1.7994867570650108,0.23494014446146852
1440,0.1683,51,227,51,449475,226969,56538,69718,1.7976888227094159,0.23498838843629818
1441,0.1684,79,413,79,449888,226556,56617,69639,1.7944176910404257,0.2351120039163389
1442,0.1685,98,311,98,450199,226245,56715,69541,1.791954441769104,0.2351057859398349
1443,0.1686,64,313,64,450512,225932,56779,69477,1.7894753516664554,0.2351891783933462
1444,0.1687,74,349,74,450861,225583,56853,69403,1.786711126599924,0.2352755724000461
1445,0.1688,53,261,53,451122,225322,56906,69350,1.784643898111773,0.23534641906933812
1446,0.1689,57,289,57,451411,225033,56963,69293,1.7823548979850463,0.23542942179759857
1447,0.169,102,491,102,451902,224542,57065,69191,1.77846597389431,0.23555746204886752
1448,0.1691,48,278,48,452180,224264,57113,69143,1.776264098339881,0.2356555910390686
1449,0.1692,49,227,49,452407,224037,57162,69094,1.7744661639842858,0.23571031381873633
1450,0.1693,79,310,79,452717,223727,57241,69015,1.7720108351286274,0.23575366705153344
1451,0.1694,61,283,61,453000,223444,57302,68954,1.7697693574958815,0.23582240644600852
1452,0.1695,60,236,60,453236,223208,57362,68894,1.7679001393993157,0.23585596812072496
1453,0.1696,68,257,68,453493,222951,57430,68826,1.7658645925738183,0.23588562498072158
1454,0.1697,72,302,72,453795,222649,57502,68754,1.7634726270434673,0.235941290926998
1455,0.1698,63,247,63,454042,222402,57565,68691,1.761516284374604,0.23597613133946882
1456,0.1699,81,325,81,454367,222077,57646,68610,1.7589421492839945,0.23602706691389708
1457,0.17,49,214,49,454581,221863,57695,68561,1.7572471803320238,0.23607208770625018
1458,0.1701,42,283,42,454864,221580,57737,68519,1.7550057026992776,0.2361917828051803
1459,0.1702,83,381,83,455245,221199,57820,68436,1.751988024331517,0.236283598322026
1460,0.1703,64,340,64,455585,220859,57884,68372,1.7492950830059562,0.23639236458056018
1461,0.1704,74,341,74,455926,220518,57958,68298,1.746594221264732,0.23647581851420973
1462,0.1705,109,506,109,456432,220012,58067,68189,1.7425864909390445,0.23660223246969997
1463,0.1706,50,275,50,456707,219737,58117,68139,1.7404083766316056,0.23669566063166086
1464,0.1707,50,204,50,456911,219533,58167,68089,1.738792611836269,0.23673084812705564
1465,0.1708,63,301,63,457212,219232,58230,68026,1.7364085667215816,0.23681150742538068
1466,0.1709,43,260,43,457472,218972,58273,67983,1.7343492586490938,0.23691171089543656
1467,0.171,50,306,50,457778,218666,58323,67933,1.7319256114560893,0.2370315318615906
1468,0.1711,50,267,50,458045,218399,58373,67883,1.7298108604739577,0.23711934386374275
1469,0.1712,108,461,108,458506,217938,58481,67775,1.7261595488531238,0.23721356746105357
1470,0.1713,71,349,71,458855,217589,58552,67704,1.7233953237865922,0.23731391937411714
1471,0.1714,37,210,37,459065,217379,58589,67667,1.7217320364972755,0.23738975463609382
1472,0.1715,42,163,42,459228,217216,58631,67625,1.7204410087441389,0.23741315330307083
1473,0.1716,74,310,74,459538,216906,58705,67551,1.7179856798884805,0.23747350214619434
1474,0.1717,54,217,54,459755,216689,58759,67497,1.7162669496895198,0.23750994067265804
1475,0.1718,43,227,43,459982,216462,58802,67454,1.7144690153339248,0.23758435593626284
1476,0.1719,83,337,83,460319,216125,58885,67371,1.7117998352553543,0.2376435646358326
1477,0.172,72,373,72,460692,215752,58957,67299,1.7088455202129007,0.23776280599609256
1478,0.1721,69,305,69,460997,215447,59026,67230,1.7064297934355594,0.2378332867548474
1479,0.1722,54,296,54,461293,215151,59080,67176,1.7040853503991888,0.23793686044905377
1480,0.1723,51,231,51,461524,214920,59131,67125,1.7022557343809404,0.2379939371376908
1481,0.1724,63,291,63,461815,214629,59194,67062,1.6999508934228869,0.23806937388840965
1482,0.1725,46,226,46,462041,214403,59240,67016,1.6981608794829552,0.23813601782395644
1483,0.1726,42,224,42,462265,214179,59282,66974,1.6963867063743505,0.23821193442716243
1484,0.1727,53,304,53,462569,213875,59335,66921,1.6939789000126726,0.23832604453054887
1485,0.1728,34,163,34,462732,213712,59369,66887,1.6926878722595362,0.23837219662222603
1486,0.1729,65,332,65,463064,213380,59434,66822,1.6900582942592828,0.23847795518947046
1487,0.173,50,279,50,463343,213101,59484,66772,1.6878484982891901,0.23857964148024283
1488,0.1731,66,344,66,463687,212757,59550,66706,1.6851238753009758,0.2386934943087278
1489,0.1732,55,295,55,463982,212462,59605,66651,1.6827873526802686,0.23879575655737997
1490,0.1733,49,278,49,464260,212184,59654,66602,1.6805854771258395,0.23890008823972508
1491,0.1734,51,186,51,464446,211998,59705,66551,1.6791122798124445,0.23892026178517964
1492,0.1735,67,286,67,464732,211712,59772,66484,1.676847040932708,0.23898258781578455
1493,0.1736,30,250,30,464982,211462,59802,66454,1.6748669370168547,0.23911541616891435
1494,0.1737,60,272,60,465254,211190,59862,66394,1.672712583956406,0.23918525563433052
1495,0.1738,43,204,43,465458,210986,59905,66351,1.6710968191610696,0.23924323115920343
1496,0.1739,38,152,38,465610,210834,59943,66313,1.6698929159802307,0.23927013462169897
1497,0.174,56,323,56,465933,210511,59999,66257,1.667334621720948,0.2393954503410799
1498,0.1741,34,253,34,466186,210258,60033,66223,1.6653307565581041,0.23952097974182673
1499,0.1742,64,296,64,466482,209962,60097,66159,1.6629863135217335,0.2396014790617157
1500,0.1743,62,339,62,466821,209623,60159,66097,1.6603012926118363,0.23972508341796026
1501,0.1744,87,309,87,467130,209314,60246,66010,1.6578538841718413,0.2397538899623716
1502,0.1745,42,165,42,467295,209149,60288,65968,1.656547015587378,0.23978162018341287
1503,0.1746,53,214,53,467509,208935,60341,65915,1.6548520466354075,0.23982172093869383
1504,0.1747,47,212,47,467721,208723,60388,65868,1.6531729185147637,0.2398767621662764
1505,0.1748,56,262,56,467983,208461,60444,65812,1.6510977696109492,0.23995070604835328
1506,0.1749,41,243,41,468226,208218,60485,65771,1.6491731086047396,0.2400497830204862
1507,0.175,41,199,41,468425,208019,60526,65730,1.6475969458877202,0.240110466156954
1508,0.1751,46,207,46,468632,207812,60572,65684,1.6459574198453935,0.24016438997279668
1509,0.1752,63,344,63,468976,207468,60635,65621,1.6432327968571792,0.24029162653933334
1510,0.1753,64,315,64,469291,207153,60699,65557,1.6407378659232037,0.24039089142312348
1511,0.1754,44,198,44,469489,206955,60743,65513,1.6391696236218476,0.24044291439728702
1512,0.1755,60,289,60,469778,206666,60803,65453,1.636880623495121,0.24053079718799497
1513,0.1756,52,250,52,470028,206416,60855,65401,1.6349005195792676,0.24060673173495403
1514,0.1757,67,275,67,470303,206141,60922,65334,1.6327224052718288,0.2406630444792338
1515,0.1758,47,250,47,470553,205891,60969,65287,1.6307423013559752,0.2407533059466476
1516,0.1759,70,350,70,470903,205541,61039,65217,1.6279701558737802,0.24086822919359724
1517,0.176,65,286,65,471189,205255,61104,65152,1.6257049169940438,0.24094050819690319
1518,0.1761,60,317,60,471506,204938,61164,65092,1.6231941452287415,0.2410546976261897
1519,0.1762,64,199,64,471705,204739,61228,65028,1.6216179825117223,0.24105246379282863
1520,0.1763,48,194,48,471899,204545,61276,64980,1.62008142187302,0.24109080790279194
1521,0.1764,73,314,73,472213,204231,61349,64907,1.6175944113547078,0.24116624185362157
1522,0.1765,62,267,62,472480,203964,61411,64845,1.6154796603725763,0.2412307623628673
1523,0.1766,44,233,44,472713,203731,61455,64801,1.613634203523001,0.24131574635425201
1524,0.1767,59,281,59,472994,203450,61514,64742,1.6114085667215816,0.24140168237680468
1525,0.1768,52,233,52,473227,203217,61566,64690,1.609563109872006,0.24146438876177181
1526,0.1769,51,235,51,473462,202982,61617,64639,1.6077018121911038,0.2415318678280105
1527,0.177,57,287,57,473749,202695,61674,64582,1.605428652895704,0.24162947054928033
1528,0.1771,58,218,58,473967,202477,61732,64524,1.6037020022810797,0.24166201624713016
1529,0.1772,67,238,67,474205,202239,61799,64457,1.6018169433531873,0.24168716441191468
1530,0.1773,48,229,48,474434,202010,61847,64409,1.6000031681662654,0.24175828300534122
1531,0.1774,80,313,80,474747,201697,61927,64329,1.5975240780636168,0.24181470984039155
1532,0.1775,34,197,34,474944,201500,61961,64295,1.5959637561779243,0.24189695065746158
1533,0.1776,60,291,60,475235,201209,62021,64235,1.5936589152198708,0.24199077771582705
1534,0.1777,54,236,54,475471,200973,62075,64181,1.591789697123305,0.24205178877180808
1535,0.1778,45,211,45,475682,200762,62120,64136,1.5901184894183247,0.2421158332641243
1536,0.1779,78,350,78,476032,200412,62198,64058,1.5873463439361297,0.2422127273414754
1537,0.178,66,304,66,476336,200108,62264,63992,1.5849385375744518,0.2423021582733813
1538,0.1781,75,345,75,476681,199763,62339,63917,1.5822059941705742,0.24240367111650485
1539,0.1782,56,281,56,476962,199482,62395,63861,1.5799803573691547,0.24250122463858922
1540,0.1783,46,178,46,477140,199304,62441,63815,1.578570523381067,0.24253284635469122
1541,0.1784,46,255,46,477395,199049,62487,63769,1.5765508173868965,0.24263558812562305
1542,0.1785,64,238,64,477633,198811,62551,63705,1.574665758459004,0.2426709229151747
1543,0.1786,35,218,35,477851,198593,62586,63670,1.5729391078443797,0.24277156899753302
1544,0.1787,57,213,57,478064,198380,62643,63613,1.5712520593080725,0.24280419705870004
1545,0.1788,54,328,54,478392,198052,62697,63559,1.5686541629704727,0.24295232234118597
1546,0.1789,48,213,48,478605,197839,62745,63511,1.5669671144341655,0.24301128754543716
1547,0.179,58,264,58,478869,197575,62803,63453,1.5648761246990242,0.2430888640299125
1548,0.1791,67,242,67,479111,197333,62870,63386,1.5629593841084781,0.24311998741940558
1549,0.1792,43,273,43,479384,197060,62913,63343,1.560797110632366,0.24324988575400436
1550,0.1793,57,269,57,479653,196791,62970,63286,1.5586665188189077,0.24333562752569432
1551,0.1794,38,197,38,479850,196594,63008,63248,1.557106196933215,0.24340945651588272
1552,0.1795,54,279,54,480129,196315,63062,63194,1.5548964009631225,0.2435137124338655
1553,0.1796,46,234,46,480363,196081,63108,63148,1.5530430236978836,0.24359928865983357
1554,0.1797,99,412,99,480775,195669,63207,63049,1.549779812444557,0.24369777131857853
1555,0.1798,42,243,42,481018,195426,63249,63007,1.5478551514383474,0.2438040033587042
1556,0.1799,59,238,59,481256,195188,63308,62948,1.545970092510455,0.24385595190132334
1557,0.18,57,267,57,481523,194921,63365,62891,1.5438553415283234,0.24394132158316914
1558,0.1801,53,255,53,481778,194666,63418,62838,1.541835635534153,0.2440272772461787
1559,0.1802,66,296,66,482074,194370,63484,62772,1.5394911924977823,0.24411414704715684
1560,0.1803,68,353,68,482427,194017,63552,62704,1.5366952857685972,0.24424959391713183
1561,0.1804,46,206,46,482633,193811,63598,62658,1.535063680141934,0.24431022852664455
1562,0.1805,79,393,79,483026,193418,63677,62579,1.5319509567862122,0.2444520834228526
1563,0.1806,66,298,66,483324,193120,63743,62513,1.5295906729185147,0.24454198010429012
1564,0.1807,30,254,30,483578,192866,63773,62483,1.5275788873400076,0.24469647423722043
1565,0.1808,45,207,45,483785,192659,63818,62438,1.5259393612976808,0.2447617964930987
1566,0.1809,77,382,77,484167,192277,63895,62361,1.5229137625142568,0.2449006039946905
1567,0.181,62,316,62,484483,191961,63957,62299,1.520410911164618,0.2450208448045308
1568,0.1811,47,180,47,484663,191781,64004,62252,1.5189852363452034,0.2450547763479548
1569,0.1812,66,378,66,485041,191403,64070,62186,1.515991319224433,0.2452235704230073
1570,0.1813,62,299,62,485340,191104,64132,62124,1.5136231149410722,0.24532832072282687
1571,0.1814,56,255,56,485595,190849,64188,62068,1.5116034089469015,0.24540857277288597
1572,0.1815,54,282,54,485877,190567,64242,62014,1.5093698517298189,0.24552123873133766
1573,0.1816,68,275,68,486152,190292,64310,61946,1.50719173742238,0.24558551843893467
1574,0.1817,46,244,46,486396,190048,64356,61900,1.5052591560005069,0.24568561766713767
1575,0.1818,71,308,71,486704,189740,64427,61829,1.5028196679761754,0.24577352535487282
1576,0.1819,64,228,64,486932,189512,64491,61765,1.501013813204917,0.2458044309666225
1577,0.182,60,230,60,487162,189282,64551,61705,1.4991921176023317,0.24584938662161784
1578,0.1821,31,175,31,487337,189107,64582,61674,1.4978060448612343,0.24592772179710584
1579,0.1822,50,218,50,487555,188889,64632,61624,1.49607939424661,0.2459912260042393
1580,0.1823,60,259,60,487814,188630,64692,61564,1.4940280065897857,0.24606505351846966
1581,0.1824,57,264,57,488078,188366,64749,61507,1.4919370168546446,0.2461530457472396
1582,0.1825,63,303,63,488381,188063,64812,61444,1.48953713090863,0.2462616279302785
1583,0.1826,64,272,64,488653,187791,64876,61380,1.4873827778481814,0.24633685300456312
1584,0.1827,75,250,75,488903,187541,64951,61305,1.485402673932328,0.24635718476487467
1585,0.1828,43,267,43,489170,187274,64994,61262,1.4832879229501965,0.2464914539543567
1586,0.1829,62,280,62,489450,186994,65056,61200,1.4810702065644406,0.24658130333529416
1587,0.183,65,282,65,489732,186712,65121,61135,1.4788366493473577,0.24666427271663566
1588,0.1831,55,242,55,489974,186470,65176,61080,1.4769199087568115,0.2467380327206625
1589,0.1832,59,223,59,490197,186247,65235,61021,1.4751536560638703,0.2467808208098096
1590,0.1833,94,302,94,490499,185945,65329,60927,1.4727616905335192,0.24679591043131663
1591,0.1834,62,310,62,490809,185635,65391,60865,1.4703063616778609,0.24691683569979717
1592,0.1835,84,417,84,491226,185218,65475,60781,1.4670035483462172,0.2470782401554478
1593,0.1836,59,248,59,491474,184970,65534,60722,1.4650392852616905,0.24714683424775735
1594,0.1837,52,284,52,491758,184686,65586,60670,1.462789887213281,0.24727334974486054
1595,0.1838,72,243,72,492001,184443,65658,60598,1.4608652262070714,0.24729739104884488
1596,0.1839,27,170,27,492171,184273,65685,60571,1.459518755544291,0.24738609073532536
1597,0.184,88,380,88,492551,183893,65773,60483,1.4565089975921937,0.24749975447670802
1598,0.1841,52,265,52,492816,183628,65825,60431,1.454410087441389,0.24760816032188937
1599,0.1842,49,218,49,493034,183410,65874,60382,1.4526834368267647,0.24767834875631686
1600,0.1843,88,382,88,493416,183028,65962,60294,1.4496578380433405,0.2477951027856092
1601,0.1844,50,207,50,493623,182821,66012,60244,1.4480183120010137,0.2478513977742579
1602,0.1845,52,197,52,493820,182624,66064,60192,1.4464579901153212,0.24789140748550342
1603,0.1846,65,261,65,494081,182363,66129,60127,1.4443907616271703,0.24795661676770175
1604,0.1847,97,305,97,494386,182058,66226,60030,1.441975034849829,0.24796768117378803
1605,0.1848,46,240,46,494626,181818,66272,59984,1.4400741350906097,0.2480707355604999
1606,0.1849,88,325,88,494951,181493,66360,59896,1.4375,0.24813061075691104
1607,0.185,29,157,29,495108,181336,66389,59867,1.436256494740844,0.2482017222008018
1608,0.1851,65,285,65,495393,181051,66454,59802,1.433999176276771,0.2482925269770358
1609,0.1852,56,236,56,495629,180815,66510,59746,1.4321299581802054,0.24836112254272305
1610,0.1853,51,300,51,495929,180515,66561,59695,1.429753833481181,0.2485117189126181
1611,0.1854,76,331,76,496260,180184,66637,59619,1.4271321758965911,0.24861657277014884
1612,0.1855,71,280,71,496540,179904,66708,59548,1.4249144595108352,0.24868449626647512
1613,0.1856,59,265,59,496805,179639,66767,59489,1.4228155493600305,0.24877471479709612
1614,0.1857,69,264,69,497069,179375,66836,59420,1.4207245596248892,0.24883268075127202
1615,0.1858,51,274,51,497343,179101,66887,59369,1.4185543657331137,0.24895794020212186
1616,0.1859,64,341,64,497684,178760,66951,59305,1.4158535039918896,0.24911263730493774
1617,0.186,72,240,72,497924,178520,67023,59233,1.4139526042326702,0.24913670910566849
1618,0.1861,40,204,40,498128,178316,67063,59193,1.4123368394373337,0.24922423992353973
1619,0.1862,51,279,51,498407,178037,67114,59142,1.4101270434672413,0.24935597165010392
1620,0.1863,41,216,41,498623,177821,67155,59101,1.4084162336839436,0.24945340660639367
1621,0.1864,40,160,40,498783,177661,67195,59061,1.4071489671777975,0.24949518844889787
1622,0.1865,42,188,42,498971,177473,67237,59019,1.4056599290330756,0.24956023882414627
1623,0.1866,37,169,37,499140,177304,67274,58982,1.4043213787859588,0.24962122173975607
1624,0.1867,64,241,64,499381,177063,67338,58918,1.4024125586110758,0.2496726431365237
1625,0.1868,38,187,38,499568,176876,67376,58880,1.4009314408820175,0.24974974125791072
1626,0.1869,85,312,85,499880,176564,67461,58795,1.3984602711950322,0.24980986492974563
1627,0.187,58,245,58,500125,176319,67519,58737,1.3965197693574958,0.24988513375536042
1628,0.1871,69,237,69,500362,176082,67588,58668,1.3946426308452669,0.24991693290734823
1629,0.1872,41,186,41,500548,175896,67629,58627,1.3931694335318718,0.2499840100970907
1630,0.1873,53,230,53,500778,175666,67682,58574,1.3913477379292865,0.25005976775956285
1631,0.1874,61,273,61,501051,175393,67743,58513,1.3891854644531745,0.2501560455909639
1632,0.1875,44,170,44,501221,175223,67787,58469,1.387838993790394,0.250196840285504
1633,0.1876,48,168,48,501389,175055,67835,58421,1.3865083639589406,0.25022272096489573
1634,0.1877,49,205,49,501594,174850,67884,58372,1.3848846787479407,0.25028513605062985
1635,0.1878,37,177,37,501771,174673,67921,58335,1.3834827651755164,0.25035621094554694
1636,0.1879,50,227,50,501998,174446,67971,58285,1.3816848308199214,0.25043934843231025
1637,0.188,70,253,70,502251,174193,68041,58215,1.3796809656570777,0.25048621389969367
1638,0.1881,65,232,65,502483,173961,68106,58150,1.3778434292231656,0.25052668766236846
1639,0.1882,56,270,56,502753,173691,68162,58094,1.3757049169940438,0.250637444183187
1640,0.1883,49,227,49,502980,173464,68211,58045,1.373906982638449,0.2507245938602819
1641,0.1884,41,198,41,503178,173266,68252,58004,1.3723387403370928,0.2508064167423358
1642,0.1885,51,224,51,503402,173042,68303,57953,1.370564567228488,0.2508842182731228
1643,0.1886,67,286,67,503688,172756,68370,57886,1.3682993283487517,0.2509777057084139
1644,0.1887,55,281,55,503969,172475,68425,57831,1.3660736915473324,0.25110505154012486
1645,0.1888,59,266,59,504235,172209,68484,57772,1.3639668609808642,0.25120336027758816
1646,0.1889,70,244,70,504479,171965,68554,57702,1.3620342795589913,0.2512420156139106
1647,0.189,62,243,62,504722,171722,68616,57640,1.3601096185527817,0.25130579607781584
1648,0.1891,61,258,61,504980,171464,68677,57579,1.3580661513116208,0.25138947708508885
1649,0.1892,40,232,40,505212,171232,68717,57539,1.3562286148777087,0.25151352225588036
1650,0.1893,59,272,59,505484,170960,68776,57480,1.35407426181726,0.25161968131675716
1651,0.1894,80,422,80,505906,170538,68856,57400,1.3507318464072995,0.25182286411217086
1652,0.1895,47,208,47,506114,170330,68903,57353,1.3490843999493094,0.25189847287676287
1653,0.1896,43,180,43,506294,170150,68946,57310,1.3476587251298948,0.25195638793634045
1654,0.1897,68,271,68,506565,169879,69014,57242,1.3455122924851097,0.2520330572690328
1655,0.1898,48,205,48,506770,169674,69062,57194,1.3438886072741096,0.2521025442107305
1656,0.1899,79,301,79,507071,169373,69141,57115,1.3415045621594222,0.2521767157641906
1657,0.19,52,206,52,507277,169167,69193,57063,1.3398729565327587,0.2522344516642355
1658,0.1901,71,306,71,507583,168861,69264,56992,1.3374493093397541,0.2523411245367562
1659,0.1902,74,246,74,507829,168615,69338,56918,1.3355008870865543,0.25237104991287307
1660,0.1903,77,339,77,508168,168276,69415,56841,1.332815866176657,0.2524953690747478
1661,0.1904,56,200,56,508368,168076,69471,56785,1.3312317830439742,0.25253378753985795
1662,0.1905,35,194,35,508562,167882,69506,56750,1.3296952224052718,0.2526354214893693
1663,0.1906,53,239,53,508801,167643,69559,56697,1.3278022430617158,0.2527280021396095
1664,0.1907,72,302,72,509103,167341,69631,56625,1.3254102775313648,0.25282855433414
1665,0.1908,52,206,52,509309,167135,69683,56573,1.3237786719047016,0.25288769288536844
1666,0.1909,88,309,88,509618,166826,69771,56485,1.3213312634647065,0.252943204768238
1667,0.191,71,301,71,509919,166525,69842,56414,1.318947218350019,0.253046797554488
1668,0.1911,41,215,41,510134,166310,69883,56373,1.317244328982385,0.2531535860393474
1669,0.1912,51,200,51,510334,166110,69934,56322,1.3156602458497022,0.2532099697885196
1670,0.1913,61,243,61,510577,165867,69995,56261,1.3137355848434926,0.2532818915220053
1671,0.1914,34,214,34,510791,165653,70029,56227,1.3120406158915219,0.253411754101316
1672,0.1915,72,327,72,511118,165326,70101,56155,1.3094506399695856,0.2535431933213233
1673,0.1916,46,218,46,511336,165108,70147,56109,1.3077239893549613,0.2536378307272949
1674,0.1917,61,278,61,511614,164830,70208,56048,1.3055221138005322,0.25375093943262794
1675,0.1918,50,242,50,511856,164588,70258,55998,1.3036053732099862,0.2538601724497475
1676,0.1919,30,120,30,511976,164468,70288,55968,1.3026549233303764,0.2538968226605455
1677,0.192,45,218,45,512194,164250,70333,55923,1.300928272715752,0.2539957215462386
1678,0.1921,70,324,70,512518,163926,70403,55853,1.298362058040806,0.2541325604357104
1679,0.1922,37,176,37,512694,163750,70440,55816,1.2969680648840451,0.2542105790514014
1680,0.1923,68,330,68,513024,163420,70508,55748,1.2943543277151184,0.2543619506497299
1681,0.1924,59,297,59,513321,163123,70567,55689,1.2920019642630844,0.2545061513993748
1682,0.1925,45,162,45,513483,162961,70612,55644,1.2907188569256114,0.2545412959447405
1683,0.1926,60,241,60,513724,162720,70672,55584,1.2888100367507287,0.2546174142480211
1684,0.1927,56,256,56,513980,162464,70728,55528,1.2867824103408947,0.25472494403464346
1685,0.1928,52,207,52,514187,162257,70780,55476,1.285142884298568,0.2547891224573216
1686,0.1929,33,173,33,514360,162084,70813,55443,1.2837726523887973,0.25487870471251844
1687,0.193,55,238,55,514598,161846,70868,55388,1.2818875934609049,0.25496929578242816
1688,0.1931,108,370,108,514968,161476,70976,55280,1.2789570396654417,0.25503330934322466
1689,0.1932,42,198,42,515166,161278,71018,55238,1.2773887973640856,0.2551220233146742
1690,0.1933,66,321,66,515487,160957,71084,55172,1.2748463439361297,0.25527347093633895
1691,0.1934,63,239,63,515726,160718,71147,55109,1.272953364592574,0.25533876669740113
1692,0.1935,60,321,60,516047,160397,71207,55049,1.270410911164618,0.2555118219878763
1693,0.1936,41,166,41,516213,160231,71248,55008,1.2690961221644912,0.25556706730657547
1694,0.1937,43,198,43,516411,160033,71291,54965,1.2675278798631353,0.2556535409631718
1695,0.1938,57,243,57,516654,159790,71348,54908,1.2656032188569255,0.25574527941573744
1696,0.1939,81,297,81,516951,159493,71429,54827,1.2632508554048916,0.2558184023889511
1697,0.194,40,180,40,517131,159313,71469,54787,1.2618251805854772,0.25589444184960297
1698,0.1941,52,156,52,517287,159157,71521,54735,1.2605895957419846,0.25590017391954817
1699,0.1942,49,213,49,517500,158944,71570,54686,1.2589025472056774,0.2559846463511679
1700,0.1943,56,224,56,517724,158720,71626,54630,1.2571283740970727,0.2560581204593391
1701,0.1944,44,211,44,517935,158509,71670,54586,1.2554571663920921,0.256158051573242
1702,0.1945,57,187,57,518122,158322,71727,54529,1.2539760486630338,0.25618390329385343
1703,0.1946,41,154,41,518276,158168,71768,54488,1.252756304650868,0.25622601760589875
1704,0.1947,41,176,41,518452,157992,71809,54447,1.2513623114941073,0.2562947481394659
1705,0.1948,42,192,42,518644,157800,71851,54405,1.2498415916867318,0.25637944440517424
1706,0.1949,72,248,72,518892,157552,71923,54333,1.2478773286022051,0.2564268353116077
1707,0.195,64,258,64,519150,157294,71987,54269,1.2458338613610442,0.2565146079418424
1708,0.1951,59,190,59,519340,157104,72046,54210,1.2443289823849957,0.2565376643289134
1709,0.1952,57,306,57,519646,156798,72103,54153,1.2419053351919909,0.2567089039634797
1710,0.1953,81,282,81,519928,156516,72184,54072,1.239671777974908,0.2567667673371702
1711,0.1954,48,171,48,520099,156345,72232,54024,1.2383173868964643,0.2568058982074355
1712,0.1955,54,252,54,520351,156093,72286,53970,1.236321442149284,0.2569229231230631
1713,0.1956,42,178,42,520529,155915,72328,53928,1.2349116081611964,0.2569921322131308
1714,0.1957,64,206,64,520735,155709,72392,53864,1.233280002534533,0.2570178410386834
1715,0.1958,68,245,68,520980,155464,72460,53796,1.2313395006969965,0.2570773200802829
1716,0.1959,38,149,38,521129,155315,72498,53758,1.2301593587631479,0.25712550161905173
1717,0.196,48,244,48,521373,155071,72546,53710,1.228226777341275,0.25725521000474183
1718,0.1961,28,167,28,521540,154904,72574,53682,1.2269040679254848,0.2573614720067502
1719,0.1962,53,213,53,521753,154691,72627,53629,1.2252170193891776,0.25743567588325655
1720,0.1963,41,133,41,521886,154558,72668,53588,1.2241636041059434,0.2574539025491722
1721,0.1964,66,308,66,522194,154250,72734,53522,1.221724116081612,0.25759967656854627
1722,0.1965,48,232,48,522426,154018,72782,53474,1.2198865796476999,0.25771596013340275
1723,0.1966,80,385,80,522811,153633,72862,53394,1.2168372196172854,0.2579083887608863
1724,0.1967,70,253,70,523064,153380,72932,53324,1.2148333544544418,0.25797275330907965
1725,0.1968,94,319,94,523383,153061,73026,53230,1.2123067418578126,0.258033554541885
1726,0.1969,64,264,64,523647,152797,73090,53166,1.2102157521226713,0.2581337424683074
1727,0.197,62,227,62,523874,152570,73152,53104,1.2084178177670764,0.25819500763343933
1728,0.1971,35,185,35,524059,152385,73187,53069,1.206952540869345,0.2583011282330838
1729,0.1972,56,242,56,524301,152143,73243,53013,1.2050358002787986,0.25840336134453784
1730,0.1973,88,301,88,524602,151842,73331,52925,1.202651755164111,0.25846449867410276
1731,0.1974,37,177,37,524779,151665,73368,52888,1.2012498415916868,0.2585540177851217
1732,0.1975,58,226,58,525005,151439,73426,52830,1.1994598276517552,0.25862955220811773
1733,0.1976,67,265,67,525270,151174,73493,52763,1.1973609175009505,0.2587220563213149
1734,0.1977,48,179,48,525449,150995,73541,52715,1.1959431630971993,0.2587747287811104
1735,0.1978,70,289,70,525738,150706,73611,52645,1.1936541629704727,0.2588873425751533
1736,0.1979,41,182,41,525920,150524,73652,52604,1.1922126473197314,0.2589697136780749
1737,0.198,78,329,78,526249,150195,73730,52526,1.1896068305664682,0.25910487813300054
1738,0.1981,51,187,51,526436,150008,73781,52475,1.1881257128374096,0.25915755890617975
1739,0.1982,50,179,50,526615,149829,73831,52425,1.1867079584336586,0.25920377347295975
1740,0.1983,58,200,58,526815,149629,73889,52367,1.1851238753009758,0.25924770787540347
1741,0.1984,67,260,67,527075,149369,73956,52300,1.183064567228488,0.25933584239521196
1742,0.1985,46,234,46,527309,149135,74002,52254,1.1812111899632494,0.25946799477627874
1743,0.1986,72,225,72,527534,148910,74074,52182,1.179429096438981,0.25949316730650646
1744,0.1987,60,281,60,527815,148629,74134,52122,1.1772034596375618,0.25963507031098226
1745,0.1988,48,217,48,528032,148412,74182,52074,1.1754847294386008,0.2597388346318446
1746,0.1989,52,187,52,528219,148225,74234,52022,1.1740036117095425,0.2597891603869221
1747,0.199,47,134,47,528353,148091,74281,51975,1.172942276010645,0.25978926954105147
1748,0.1991,67,278,67,528631,147813,74348,51908,1.1707404004562159,0.2599025640768873
1749,0.1992,82,313,82,528944,147500,74430,51826,1.1682613103535673,0.26000622096465087
1750,0.1993,70,250,70,529194,147250,74500,51756,1.166281206437714,0.2600725606263128
1751,0.1994,41,164,41,529358,147086,74541,51715,1.164982258268914,0.26013450636566215
1752,0.1995,70,183,70,529541,146903,74611,51645,1.1635328222025092,0.26011342345427807
1753,0.1996,86,319,86,529860,146584,74697,51559,1.1610062096058802,0.2602110596892144
1754,0.1997,46,216,46,530076,146368,74743,51513,1.1592953998225828,0.2603231234934127
1755,0.1998,64,217,64,530293,146151,74807,51449,1.1575766696236218,0.2603694331983806
1756,0.1999,68,263,68,530556,145888,74875,51381,1.155493600304144,0.260461603191581
1757,0.2,49,163,49,530719,145725,74924,51332,1.1542025725510074,0.2604931568023465
1758,0.2001,74,267,74,530986,145458,74998,51258,1.152087821568876,0.2605685353504545
1759,0.2002,53,227,53,531213,145231,75051,51205,1.150289887213281,0.260670141929178
1760,0.2003,91,337,91,531550,144894,75142,51114,1.1476207071347104,0.2607750704052896
1761,0.2004,56,215,56,531765,144679,75198,51058,1.1459178177670764,0.2608500181365812
1762,0.2005,49,270,49,532035,144409,75247,51009,1.1437793055379546,0.2610250846902537
1763,0.2006,52,252,52,532287,144157,75299,50957,1.1417833607907744,0.26116526748465
1764,0.2007,63,170,63,532457,143987,75362,50894,1.140436890127994,0.261154242845634
1765,0.2008,50,191,50,532648,143796,75412,50844,1.1389240907362819,0.26122071516646117
1766,0.2009,57,229,57,532877,143567,75469,50787,1.13711031554936,0.2613118330469144
1767,0.201,68,273,68,533150,143294,75537,50719,1.134948042073248,0.26142062645286657
1768,0.2011,61,257,61,533407,143037,75598,50658,1.1329124952477505,0.26153488732285296
1769,0.2012,50,182,50,533589,142855,75648,50608,1.1314709795970093,0.26159007148653746
1770,0.2013,66,242,66,533831,142613,75714,50542,1.129554239006463,0.2616655017990733
1771,0.2014,47,195,47,534026,142418,75761,50495,1.1280097579520973,0.26175011533696535
1772,0.2015,56,160,56,534186,142258,75817,50439,1.1267424914459512,0.26175290741423063
1773,0.2016,78,258,78,534444,142000,75895,50361,1.1246990242047903,0.2618046277571857
1774,0.2017,41,157,41,534601,141843,75936,50320,1.1234555189456343,0.26186102423463414
1775,0.2018,65,299,65,534900,141544,76001,50255,1.1210873146622735,0.2620190929045511
1776,0.2019,33,162,33,535062,141382,76034,50222,1.1198042073248005,0.2621135258136573
1777,0.202,52,180,52,535242,141202,76086,50170,1.1183785325053859,0.26215956357251846
1778,0.2021,54,204,54,535446,140998,76140,50116,1.1167627677100493,0.2622309197651663
1779,0.2022,32,157,32,535603,140841,76172,50084,1.1155192624508934,0.26232290166295663
1780,0.2023,50,203,50,535806,140638,76222,50034,1.1139114180712204,0.2624087438113619
1781,0.2024,62,294,62,536100,140344,76284,49972,1.1115828158661767,0.2625738245864772
1782,0.2025,46,150,46,536250,140194,76330,49926,1.1103947535166645,0.26260256679991584
1783,0.2026,42,236,42,536486,139958,76372,49884,1.108525535420099,0.2627658789941109
1784,0.2027,52,198,52,536684,139760,76424,49832,1.1069572931187428,0.26283809443436434
1785,0.2028,25,105,25,536789,139655,76449,49807,1.1061256494740843,0.262886489111273
1786,0.2029,33,189,33,536978,139466,76482,49774,1.104628690913699,0.26302050306489116
1787,0.203,35,137,35,537115,139329,76517,49739,1.1035435939678113,0.26307466096854043
1788,0.2031,53,219,53,537334,139110,76570,49686,1.1018090229375237,0.26317294857941903
1789,0.2032,41,157,41,537491,138953,76611,49645,1.1005655176783677,0.26323184763359103
1790,0.2033,57,200,57,537691,138753,76668,49588,1.098981434545685,0.2632883971094982
1791,0.2034,66,221,66,537912,138532,76734,49522,1.0972310226840705,0.26333925361864147
1792,0.2035,46,162,46,538074,138370,76780,49476,1.0959479153465974,0.26338596509907053
1793,0.2036,52,183,52,538257,138187,76832,49424,1.0944984792801926,0.2634387109497844
1794,0.2037,56,277,56,538534,137910,76888,49368,1.0923045241414269,0.2636081120046135
1795,0.2038,42,171,42,538705,137739,76930,49326,1.0909501330629832,0.263683746291396
1796,0.2039,31,180,31,538885,137559,76961,49295,1.0895244582435686,0.2638155993449431
1797,0.204,50,221,50,539106,137338,77011,49245,1.087774046381954,0.26393079755390364
1798,0.2041,47,196,47,539302,137142,77058,49198,1.086221644911925,0.2640227541053987
1799,0.2042,55,218,55,539520,136924,77113,49143,1.0844949942973008,0.2641145393863501
1800,0.2043,36,150,36,539670,136774,77149,49107,1.0833069319477886,0.26418515071470455
1801,0.2044,45,223,45,539893,136551,77194,49062,1.0815406792548472,0.26432415832942735
1802,0.2045,40,191,40,540084,136360,77234,49022,1.0800278798631353,0.2644377555533978
1803,0.2046,46,144,46,540228,136216,77280,48976,1.0788873400076036,0.2644606678474232
1804,0.2047,80,277,80,540505,135939,77360,48896,1.0766933848688378,0.2645386425731057
1805,0.2048,72,260,72,540765,135679,77432,48824,1.0746340767963503,0.2646244234511092
1806,0.2049,77,322,77,541087,135357,77509,48747,1.072083702952731,0.2647796897405814
1807,0.205,59,234,59,541321,135123,77568,48688,1.070230325687492,0.2648807742735745
1808,0.2051,38,124,38,541445,134999,77606,48650,1.0692481941452288,0.2649075137898927
1809,0.2052,46,135,46,541580,134864,77652,48604,1.0681789380306679,0.2649181328624065
1810,0.2053,38,166,38,541746,134698,77690,48566,1.066864149030541,0.26500567487340665
1811,0.2054,32,155,32,541901,134543,77722,48534,1.065636484602712,0.2651015692850549
1812,0.2055,67,265,67,542166,134278,77789,48467,1.0635375744519073,0.26521655859257437
1813,0.2056,37,155,37,542321,134123,77826,48430,1.062309910024078,0.26529281907172164
1814,0.2057,31,175,31,542496,133948,77857,48399,1.0609238372829806,0.2654225186046384
1815,0.2058,27,157,27,542653,133791,77884,48372,1.0596803320238246,0.2655423988405988
1816,0.2059,43,171,43,542824,133620,77927,48329,1.058325940945381,0.2656183875701433
1817,0.206,55,215,55,543039,133405,77982,48274,1.0566230515777468,0.26571040131220447
1818,0.2061,47,189,47,543228,133216,78029,48227,1.0551260930173616,0.26579697205182895
1819,0.2062,27,129,27,543357,133087,78056,48200,1.0541043593967812,0.26587675895127616
1820,0.2063,69,339,69,543696,132748,78125,48131,1.0514193384868837,0.2660950137937516
1821,0.2064,43,191,43,543887,132557,78168,48088,1.0499065390951716,0.2662016662514877
1822,0.2065,43,189,43,544076,132368,78211,48045,1.0484095805347864,0.26630564316318667
1823,0.2066,65,240,65,544316,132128,78276,47980,1.046508680775567,0.26639571812468077
1824,0.2067,57,190,57,544506,131938,78333,47923,1.0450038017995185,0.2664446433634862
1825,0.2068,32,113,32,544619,131825,78365,47891,1.0441087948295527,0.2664815597943422
1826,0.2069,60,237,60,544856,131588,78425,47831,1.0422316563173235,0.26658826545683567
1827,0.207,49,199,49,545055,131389,78474,47782,1.040655493600304,0.26668378253177133
1828,0.2071,43,153,43,545208,131236,78517,47739,1.039443670003802,0.2667355775946361
1829,0.2072,46,184,46,545392,131052,78563,47693,1.0379863135217335,0.26682144955103637
1830,0.2073,84,273,84,545665,130779,78647,47609,1.0358240400456216,0.2668845438033948
1831,0.2074,40,158,40,545823,130621,78687,47569,1.0345726143708023,0.2669566193389079
1832,0.2075,89,279,89,546102,130342,78776,47480,1.0323628184007096,0.2670085816153232
1833,0.2076,34,170,34,546272,130172,78810,47446,1.0310163477379293,0.2671238275400016
1834,0.2077,52,199,52,546471,129973,78862,47394,1.0294401850209098,0.2672086690308795
1835,0.2078,27,117,27,546588,129856,78889,47367,1.0285134963882905,0.2672734351636074
1836,0.2079,49,227,49,546815,129629,78938,47318,1.0267155620326955,0.2674134062741951
1837,0.208,49,184,49,546999,129445,78987,47269,1.0252582055506272,0.2674887105718845
1838,0.2081,43,163,43,547162,129282,79030,47226,1.0239671777974908,0.2675572778570943
1839,0.2082,70,340,70,547502,128942,79100,47156,1.02127423647193,0.2677827118990562
1840,0.2083,46,186,46,547688,128756,79146,47110,1.019801039158535,0.267874404376059
1841,0.2084,47,177,47,547865,128579,79193,47063,1.0183991255861107,0.2679484405779939
1842,0.2085,43,150,43,548015,128429,79236,47020,1.0172110632365987,0.26799810771221266
1843,0.2086,30,159,30,548174,128270,79266,46990,1.0159517171461159,0.26811594202898553
1844,0.2087,28,127,28,548301,128143,79294,46962,1.0149458243568623,0.2681933696924702
1845,0.2088,59,166,59,548467,127977,79353,46903,1.0136310353567355,0.26820105215004575
1846,0.2089,34,142,34,548609,127835,79387,46869,1.0125063363325306,0.2682766278963275
1847,0.209,53,186,53,548795,127649,79440,46816,1.0110331390191358,0.2683403547989568
1848,0.2091,76,260,76,549055,127389,79516,46740,1.008973830946648,0.2684216873697087
1849,0.2092,68,260,68,549315,127129,79584,46672,1.0069145228741605,0.26853700496544897
1850,0.2093,44,201,44,549516,126928,79628,46628,1.0053225193258142,0.2686625642443937
1851,0.2094,49,250,49,549766,126678,79677,46579,1.0033424154099606,0.2688433944948833
1852,0.2095,59,184,59,549950,126494,79736,46520,1.0018850589278925,0.26887997503092237
1853,0.2096,32,161,32,550111,126333,79768,46488,1.000609872006083,0.2689950874025726
1854,0.2097,53,203,53,550314,126130,79821,46435,0.9990020276264099,0.26908701069162344
1855,0.2098,72,235,72,550549,125895,79893,46363,0.9971407299455075,0.2691486026773793
1856,0.2099,27,146,27,550695,125749,79920,46336,0.9959843492586491,0.26926228317401285
1857,0.21,63,225,63,550920,125524,79983,46273,0.9942022557343809,0.26934696182121926
1858,0.2101,61,219,61,551139,125305,80044,46212,0.9924676847040933,0.2694310184996239
1859,0.2102,41,156,41,551295,125149,80085,46171,0.9912320998606007,0.269501517627831
1860,0.2103,58,245,58,551540,124904,80143,46113,0.9892915980230642,0.26963986036475907
1861,0.2104,35,164,35,551704,124740,80178,46078,0.9879926498542644,0.26974908967439026
1862,0.2105,33,141,33,551845,124599,80211,46045,0.986875871245723,0.2698307587726495
1863,0.2106,50,174,50,552019,124425,80261,45995,0.9854977189202889,0.26989203145170754
1864,0.2107,44,194,44,552213,124231,80305,45951,0.9839611582815866,0.2700109294755027
1865,0.2108,52,216,52,552429,124015,80357,45899,0.9822503484982892,0.27013077203761904
1866,0.2109,48,152,48,552581,123863,80405,45851,0.9810464453174502,0.2701662797412117
1867,0.211,60,181,60,552762,123682,80465,45791,0.9796128500823723,0.27019643247006897
1868,0.2111,65,242,65,553004,123440,80530,45726,0.9776961094918262,0.27030254306420914
1869,0.2112,35,146,35,553150,123294,80565,45691,0.9765397288049676,0.27038494540935587
1870,0.2113,44,192,44,553342,123102,80609,45647,0.9750190089975922,0.2705023437175924
1871,0.2114,21,133,21,553475,122969,80630,45626,0.9739655937143581,0.2706248702511937
1872,0.2115,70,204,70,553679,122765,80700,45556,0.9723498289190217,0.2706495327380422
1873,0.2116,38,149,38,553828,122616,80738,45518,0.971169686985173,0.27072454113980515
1874,0.2117,90,323,90,554151,122293,80828,45428,0.9686113927258903,0.2708545739650968
1875,0.2118,61,192,61,554343,122101,80889,45367,0.9670906729185148,0.27089951513124894
1876,0.2119,34,154,34,554497,121947,80923,45333,0.965870928906349,0.2710007173601148
1877,0.212,52,204,52,554701,121743,80975,45281,0.9642551641110125,0.2711047514129706
1878,0.2121,30,118,30,554819,121625,81005,45251,0.9633205550627297,0.2711654162372061
1879,0.2122,42,147,42,554966,121478,81047,45209,0.9621562539602079,0.27122091104885204
1880,0.2123,77,273,77,555239,121205,81124,45132,0.9599939804840958,0.2713286881451511
1881,0.2124,45,165,45,555404,121040,81169,45087,0.9586871118996325,0.27140079577672505
1882,0.2125,53,182,53,555586,120858,81222,45034,0.9572455962488912,0.2714657729124973
1883,0.2126,61,261,61,555847,120597,81283,44973,0.95517836776074,0.2716252944373981
1884,0.2127,40,161,40,556008,120436,81323,44933,0.9539031808389304,0.27171356179211337
1885,0.2128,46,169,46,556177,120267,81369,44887,0.9525646305918135,0.2717887547380021
1886,0.2129,67,229,67,556406,120038,81436,44820,0.9507508554048917,0.2718703368959953
1887,0.213,80,244,80,556650,119794,81516,44740,0.9488182739830187,0.2719194816876755
1888,0.2131,37,129,37,556779,119665,81553,44703,0.9477965403624382,0.2719689963983257
1889,0.2132,63,254,63,557033,119411,81616,44640,0.9457847547839311,0.27211050222187005
1890,0.2133,59,187,59,557220,119224,81675,44581,0.9443036370548726,0.2721589695064253
1891,0.2134,54,197,54,557417,119027,81729,44527,0.9427433151691801,0.27224647517028017
1892,0.2135,39,145,39,557562,118882,81768,44488,0.941594854897985,0.2723143784048479
1893,0.2136,45,194,45,557756,118688,81813,44443,0.9400582942592828,0.2724374888892976
1894,0.2137,64,222,64,557978,118466,81877,44379,0.9382999619820048,0.2725229512726826
1895,0.2138,47,177,47,558155,118289,81924,44332,0.9368980484095806,0.27260931859968884
1896,0.2139,49,152,49,558307,118137,81973,44283,0.9356941452287416,0.2726449944588105
1897,0.214,43,109,43,558416,118028,82016,44240,0.9348308199214295,0.2726353932999729
1898,0.2141,34,161,34,558577,117867,82050,44206,0.9335556329996199,0.27275363570736644
1899,0.2142,67,226,67,558803,117641,82117,44139,0.9317656190596882,0.2728334775621214
1900,0.2143,33,173,33,558976,117468,82150,44106,0.9303953871499177,0.27297708789780534
1901,0.2144,47,201,47,559177,117267,82197,44059,0.9288033836015714,0.27310538908793375
1902,0.2145,66,239,66,559416,117028,82263,43993,0.9269104042580154,0.2732128107513927
1903,0.2146,34,138,34,559554,116890,82297,43959,0.9258173868964643,0.2732935859097663
1904,0.2147,50,188,50,559742,116702,82347,43909,0.9243283487517425,0.2733872524297838
1905,0.2148,52,238,52,559980,116464,82399,43857,0.9224432898238499,0.2735574254152606
1906,0.2149,52,204,52,560184,116260,82451,43805,0.9208275250285135,0.27367007153343953
1907,0.215,61,214,61,560398,116046,82512,43744,0.9191325560765429,0.2737593090931848
1908,0.2151,58,236,58,560634,115810,82570,43686,0.9172633379799772,0.27390028590058685
1909,0.2152,45,176,45,560810,115634,82615,43641,0.9158693448232164,0.27399780254277195
1910,0.2153,35,193,35,561003,115441,82650,43606,0.9143407046001775,0.27417052820864274
1911,0.2154,71,214,71,561217,115227,82721,43535,0.9126457356482068,0.27421549237223014
1912,0.2155,55,160,55,561377,115067,82776,43480,0.9113784691420606,0.2742404460506979
1913,0.2156,48,186,48,561563,114881,82824,43432,0.9099052718286655,0.2743425997864989
1914,0.2157,37,144,37,561707,114737,82861,43395,0.9087647319731339,0.27442263425492625
1915,0.2158,39,180,39,561887,114557,82900,43356,0.9073390571537194,0.2745562429945603
1916,0.2159,75,194,75,562081,114363,82975,43281,0.9058024965150171,0.2745489837862526
1917,0.216,45,202,45,562283,114161,83020,43236,0.9042025725510074,0.2746939268219852
1918,0.2161,49,164,49,562447,113997,83069,43187,0.9029036243822076,0.2747544279315961
1919,0.2162,44,179,44,562626,113818,83113,43143,0.9014858699784565,0.274864456775887
1920,0.2163,51,142,51,562768,113676,83164,43092,0.9003611709542517,0.2748775260257195
1921,0.2164,39,208,39,562976,113468,83203,43053,0.8987137244962615,0.2750621322378467
1922,0.2165,38,146,38,563122,113322,83241,43015,0.8975573438094031,0.2751428004886879
1923,0.2166,49,177,49,563299,113145,83290,42966,0.8961554302369789,0.27522724215462074
1924,0.2167,34,134,34,563433,113011,83324,42932,0.8950940945380813,0.27530572067999204
1925,0.2168,42,177,42,563610,112834,83366,42890,0.8936921809656571,0.2754231846086666
1926,0.2169,49,211,49,563821,112623,83415,42841,0.8920209732606768,0.2755686203879998
1927,0.217,37,157,37,563978,112466,83452,42804,0.8907774680015207,0.2756746312874348
1928,0.2171,63,209,63,564187,112257,83515,42741,0.8891221011278672,0.2757519451863895
1929,0.2172,33,158,33,564345,112099,83548,42708,0.8878706754530478,0.27587899771974134
1930,0.2173,41,116,41,564461,111983,83589,42667,0.8869519072360917,0.2758939540898804
1931,0.2174,55,167,55,564628,111816,83644,42612,0.8856291978203016,0.27593441603854224
1932,0.2175,52,208,52,564836,111608,83696,42560,0.8839817513623115,0.27606247729749367
1933,0.2176,50,135,50,564971,111473,83746,42510,0.8829124952477506,0.2760694362364677
1934,0.2177,64,219,64,565190,111254,83810,42446,0.8811779242174629,0.27616135328562136
1935,0.2178,30,127,30,565317,111127,83840,42416,0.8801720314282093,0.27624834736848963
1936,0.2179,49,224,49,565541,110903,83889,42367,0.8783978583196046,0.27642069550466497
1937,0.218,61,195,61,565736,110708,83950,42306,0.8768533772652389,0.27648450468584573
1938,0.2181,43,156,43,565892,110552,83993,42263,0.8756177924217463,0.27656316461080394
1939,0.2182,51,174,51,566066,110378,84044,42212,0.8742396400963123,0.27663673897372043
1940,0.2183,40,154,40,566220,110224,84084,42172,0.8730198960841465,0.2767264232657025
1941,0.2184,42,154,42,566374,110070,84126,42130,0.8718001520719807,0.27680683311432325
1942,0.2185,56,173,56,566547,109897,84182,42074,0.8704299201622101,0.27685545268505174
1943,0.2186,48,172,48,566719,109725,84230,42026,0.869067608668103,0.27694051439529227
1944,0.2187,47,144,47,566863,109581,84277,41979,0.8679270688125713,0.27697941409342836
1945,0.2188,30,104,30,566967,109477,84307,41949,0.8671033455835763,0.277026402335134
1946,0.2189,53,172,53,567139,109305,84360,41896,0.865741034089469,0.27708811449659726
1947,0.219,59,190,59,567329,109115,84419,41837,0.8642361551134203,0.2771543272033494
1948,0.2191,39,186,39,567515,108929,84458,41798,0.8627629578000253,0.27730930755604505
1949,0.2192,42,158,42,567673,108771,84500,41756,0.8615115321252059,0.2773987390966405
1950,0.2193,69,261,69,567934,108510,84569,41687,0.8594443036370548,0.2775488192174278
1951,0.2194,39,135,39,568069,108375,84608,41648,0.8583750475224939,0.2776107663491598
1952,0.2195,65,218,65,568287,108157,84673,41583,0.8566483969078698,0.2777013490049419
1953,0.2196,38,172,38,568459,107985,84711,41545,0.8552860854137625,0.2778372232996723
1954,0.2197,42,180,42,568639,107805,84753,41503,0.853860410594348,0.27796903046052457
1955,0.2198,51,204,51,568843,107601,84804,41452,0.8522446457990115,0.27810241994458346
1956,0.2199,50,133,50,568976,107468,84854,41402,0.8511912305157775,0.2781084167394371
1957,0.22,50,156,50,569132,107312,84904,41352,0.8499556456722849,0.2781574557391164
1958,0.2201,55,232,55,569364,107080,84959,41297,0.8481181092383728,0.2783248077532232
1959,0.2202,42,137,42,569501,106943,85001,41255,0.8470330122924851,0.2783775759456943
1960,0.2203,41,183,41,569684,106760,85042,41214,0.8455835762260804,0.2785219024963845
1961,0.2204,54,152,54,569836,106608,85096,41160,0.8443796730452414,0.2785447458177684
1962,0.2205,54,160,54,569996,106448,85150,41106,0.8431124065390951,0.2785827561435136
1963,0.2206,76,199,76,570195,106249,85226,41030,0.8415362438220758,0.2785868996937785
1964,0.2207,61,253,61,570448,105996,85287,40969,0.839532378659232,0.2787670533800565
1965,0.2208,69,223,69,570671,105773,85356,40900,0.8377661259662907,0.2788515950447594
1966,0.2209,48,176,48,570847,105597,85404,40852,0.8363721328095298,0.27895035131684065
1967,0.221,53,181,53,571028,105416,85457,40799,0.8349385375744519,0.279034298806552
1968,0.2211,48,155,48,571183,105261,85505,40751,0.8337108731466227,0.27909349916445225
1969,0.2212,30,139,30,571322,105122,85535,40721,0.8326099353694082,0.2792112065714501
1970,0.2213,59,228,59,571550,104894,85594,40662,0.8308040805981498,0.27935639891175906
1971,0.2214,69,232,69,571782,104662,85663,40593,0.8289665441642378,0.2794602595435613
1972,0.2215,42,109,42,571891,104553,85705,40551,0.8281032188569256,0.27946162752232884
1973,0.2216,55,184,55,572075,104369,85760,40496,0.8266458623748575,0.2795430228143444
1974,0.2217,18,92,18,572167,104277,85778,40478,0.8259171841338233,0.2796311008255328
1975,0.2218,22,81,22,572248,104196,85800,40456,0.8252756304650868,0.2796781240494428
1976,0.2219,61,234,61,572482,103962,85861,40395,0.823422253199848,0.27982709532617056
1977,0.222,41,149,41,572631,103813,85902,40354,0.8222421112659992,0.27991149153412365
1978,0.2221,47,163,47,572794,103650,85949,40307,0.8209510835128627,0.27999333134199794
1979,0.2222,41,116,41,572910,103534,85990,40266,0.8200323152959067,0.28001390820584143
1980,0.2223,63,203,63,573113,103331,86053,40203,0.8184244709162337,0.28009391503058506
1981,0.2224,56,186,56,573299,103145,86109,40147,0.8169512736028387,0.28017614381821737
1982,0.2225,46,162,46,573461,102983,86155,40101,0.8156681662653656,0.2802619440328758
1983,0.2226,44,116,44,573577,102867,86199,40057,0.8147493980484096,0.28026783465338223
1984,0.2227,48,163,48,573740,102704,86247,40009,0.8134583702952731,0.28034586898180264
1985,0.2228,29,87,29,573827,102617,86276,39980,0.812769294132556,0.28037055478025485
1986,0.2229,46,162,46,573989,102455,86322,39934,0.811486186795083,0.2804570577783396
1987,0.223,39,141,39,574130,102314,86361,39895,0.8103694081865417,0.28053779999859363
1988,0.2231,55,187,55,574317,102127,86416,39840,0.8088882904574832,0.28062859678657714
1989,0.2232,49,202,49,574519,101925,86465,39791,0.8072883664934736,0.2807798695983516
1990,0.2233,46,155,46,574674,101770,86511,39745,0.8060607020656444,0.28085361975762285
1991,0.2234,33,132,33,574806,101638,86544,39712,0.8050152071980737,0.2809480014149275
1992,0.2235,41,161,41,574967,101477,86585,39671,0.8037400202762641,0.2810595970187321
1993,0.2236,56,228,56,575195,101249,86641,39615,0.8019341655050057,0.2812287028623353
1994,0.2237,39,162,39,575357,101087,86680,39576,0.8006510581675327,0.28135330541791376
1995,0.2238,29,104,29,575461,100983,86709,39547,0.7998273349385375,0.2814132213762186
1996,0.2239,48,147,48,575608,100836,86757,39499,0.7986630338360157,0.2814622154131186
1997,0.224,37,136,37,575744,100700,86794,39462,0.7975858573057915,0.2815456400450907
1998,0.2241,44,117,44,575861,100583,86838,39418,0.796659168673172,0.28155513174905894
1999,0.2242,53,175,53,576036,100408,86891,39365,0.7952730959320745,0.28163522282558145
2000,0.2243,40,135,40,576171,100273,86931,39325,0.7942038398175136,0.2817017435779882
2001,0.2244,34,99,34,576270,100174,86965,39291,0.7934197186668356,0.28172659807120065
2002,0.2245,53,169,53,576439,100005,87018,39238,0.7920811684197187,0.28179513512348914
2003,0.2246,40,136,40,576575,99869,87058,39198,0.7910039918894943,0.2818641374301596
2004,0.2247,70,200,70,576775,99669,87128,39128,0.7894199087568116,0.2819081104058445
2005,0.2248,45,144,45,576919,99525,87173,39083,0.7882793689012799,0.28196785178344685
2006,0.2249,33,166,33,577085,99359,87206,39050,0.7869645799011532,0.28213483227246783
2007,0.225,48,130,48,577215,99229,87254,39002,0.7859349258649094,0.28215089234686863
2008,0.2251,47,173,47,577388,99056,87301,38955,0.7845646939551387,0.2822601097014006
2009,0.2252,32,133,32,577521,98923,87333,38923,0.7835112786719047,0.2823658285332908
2010,0.2253,35,118,35,577639,98805,87368,38888,0.7825766696236218,0.28242539562650243
2011,0.2254,40,150,40,577789,98655,87408,38848,0.7813886072741097,0.2825247449146564
2012,0.2255,40,129,40,577918,98526,87448,38808,0.7803668736535293,0.2825811525186771
2013,0.2256,39,149,39,578067,98377,87487,38769,0.7791867317196807,0.28268414682163534
2014,0.2257,71,182,71,578249,98195,87558,38698,0.7777452160689393,0.2826879387550861
2015,0.2258,54,172,54,578421,98023,87612,38644,0.7763829045748321,0.28276028595052205
2016,0.2259,43,125,43,578546,97898,87655,38601,0.7753928526169054,0.28279328053685376
2017,0.226,47,135,47,578681,97763,87702,38554,0.7743235965023444,0.2828260598458006
2018,0.2261,24,124,24,578805,97639,87726,38530,0.7733414649600812,0.2829572075876301
2019,0.2262,61,202,61,579007,97437,87787,38469,0.7717415409960715,0.28305593572027726
2020,0.2263,82,256,82,579263,97181,87869,38387,0.7697139145862375,0.2831567921633424
2021,0.2264,30,109,30,579372,97072,87899,38357,0.7688505892789254,0.2832258969644611
2022,0.2265,57,166,57,579538,96906,87956,38300,0.7675358002787986,0.283271452450335
2023,0.2266,32,143,32,579681,96763,87988,38268,0.7664031808389304,0.2834015892646874
2024,0.2267,45,109,45,579790,96654,88033,38223,0.7655398555316183,0.2833915345092195
2025,0.2268,43,174,43,579964,96480,88076,38180,0.7641617032061843,0.28352888756869155
2026,0.2269,46,161,46,580125,96319,88122,38134,0.7628865162843746,0.28362327356027756
2027,0.227,50,188,50,580313,96131,88172,38084,0.7613974781396528,0.283753678798942
2028,0.2271,48,178,48,580491,95953,88220,38036,0.7599876441515651,0.28387404936226107
2029,0.2272,48,163,48,580654,95790,88268,37988,0.7586966163984286,0.2839629834501936
2030,0.2273,32,150,32,580804,95640,88300,37956,0.7575085540489165,0.28411030270367377
2031,0.2274,41,164,41,580968,95476,88341,37915,0.7562096058801165,0.2842395663875374
2032,0.2275,51,158,51,581126,95318,88392,37864,0.7549581802052971,0.2843026835458245
2033,0.2276,42,84,42,581210,95234,88434,37822,0.7542928652895704,0.284256253006253
2034,0.2277,33,86,33,581296,95148,88467,37789,0.7536117095425168,0.28426247019264766
2035,0.2278,46,158,46,581454,94990,88513,37743,0.7523602838676974,0.2843527984751343
2036,0.2279,38,159,38,581613,94831,88551,37705,0.7511009377772145,0.28448874268123375
2037,0.228,41,147,41,581760,94684,88592,37664,0.7499366366746927,0.2845830688790159
2038,0.2281,47,162,47,581922,94522,88639,37617,0.7486535293372196,0.2846774986945565
2039,0.2282,44,160,44,582082,94362,88683,37573,0.7473862628310733,0.2847841740250881
2040,0.2283,48,167,48,582249,94195,88731,37525,0.7460635534152832,0.28488460370482843
2041,0.2284,32,100,32,582349,94095,88763,37493,0.7452715118489418,0.2849271970088458
2042,0.2285,40,225,40,582574,93870,88803,37453,0.7434894183246736,0.28519756630597837
2043,0.2286,62,158,62,582732,93712,88865,37391,0.7422379926498542,0.28520323714941687
2044,0.2287,37,160,37,582892,93552,88902,37354,0.7409707261437081,0.28534979298122315
2045,0.2288,47,100,47,582992,93452,88949,37307,0.7401786845773666,0.28531114493075044
2046,0.2289,35,114,35,583106,93338,88984,37272,0.7392757571917374,0.28536865477375395
2047,0.229,28,108,28,583214,93230,89012,37244,0.7384203523000887,0.2854515075800543
2048,0.2291,43,147,43,583361,93083,89055,37201,0.7372560511975669,0.28553774830370576
2049,0.2292,32,114,32,583475,92969,89087,37169,0.7363531238119376,0.28561219628394474
2050,0.2293,48,172,48,583647,92797,89135,37121,0.7349908123178305,0.2857263812558691
2051,0.2294,43,148,43,583795,92649,89178,37078,0.7338185907996452,0.28581559736986134
2052,0.2295,44,174,44,583969,92475,89222,37034,0.7324404384742111,0.2859569605201183
2053,0.2296,29,132,29,584101,92343,89251,37005,0.7313949436066405,0.2860886909731886
2054,0.2297,39,136,39,584237,92207,89290,36966,0.7303177670764162,0.2861743553219326
2055,0.2298,50,189,50,584426,92018,89340,36916,0.7288208085160309,0.2863170304186638
2056,0.2299,54,181,54,584607,91837,89394,36862,0.727387213280953,0.2864202519056092
2057,0.23,55,180,55,584787,91657,89449,36807,0.7259615384615384,0.28651606675800223
2058,0.2301,59,219,59,585006,91438,89508,36748,0.7242269674312508,0.28667717223409733
2059,0.2302,20,94,20,585100,91344,89528,36728,0.7234824483588899,0.28677618839402835
2060,0.2303,32,94,32,585194,91250,89560,36696,0.7227379292865289,0.2868084973348131
2061,0.2304,45,175,45,585369,91075,89605,36651,0.7213518565454315,0.28695019025100604
2062,0.2305,58,172,58,585541,90903,89663,36593,0.7199895450513243,0.28701292589571437
2063,0.2306,28,136,28,585677,90767,89691,36565,0.7189123685211,0.287162692803066
2064,0.2307,27,125,27,585802,90642,89718,36538,0.7179223165631733,0.28729359962258216
2065,0.2308,43,164,43,585966,90478,89761,36495,0.7166233683943734,0.28742331046757974
2066,0.2309,53,171,53,586137,90307,89814,36442,0.7152689773159295,0.28751311647429173
2067,0.231,38,96,38,586233,90211,89852,36404,0.7145086174122418,0.28751727678395134
2068,0.2311,48,169,48,586402,90042,89900,36356,0.7131700671651249,0.28763113340400953
2069,0.2312,42,100,42,586502,89942,89942,36314,0.7123780255987834,0.28762197440121656
2070,0.2313,44,149,44,586651,89793,89986,36270,0.7111978836649347,0.28771328621403586
2071,0.2314,43,162,43,586813,89631,90029,36227,0.7099147763274617,0.2878402644249869
2072,0.2315,41,163,41,586976,89468,90070,36186,0.7086237485743252,0.28798128193292694
2073,0.2316,51,135,51,587111,89333,90121,36135,0.7075544924597643,0.28800172155449993
2074,0.2317,39,106,39,587217,89227,90160,36096,0.7067149283994424,0.28802374663868563
2075,0.2318,49,157,49,587374,89070,90209,36047,0.7054714231402864,0.2881063324728054
2076,0.2319,48,157,48,587531,88913,90257,35999,0.7042279178811304,0.2881948892019982
2077,0.232,44,201,44,587732,88712,90301,35955,0.7026359143327842,0.2884083197638509
2078,0.2321,54,144,54,587876,88568,90355,35901,0.7014953744772525,0.2884332645076284
2079,0.2322,36,95,36,587971,88473,90391,35865,0.7007429349892282,0.2884476185880423
2080,0.2323,35,97,35,588068,88376,90426,35830,0.6999746546698771,0.28847237653575514
2081,0.2324,59,155,59,588223,88221,90485,35771,0.6987469902420479,0.28849441899477385
2082,0.2325,45,193,45,588416,88028,90530,35726,0.697218350019009,0.28868561824264266
2083,0.2326,41,180,41,588596,87848,90571,35685,0.6957926751995944,0.28887018043761586
2084,0.2327,35,137,35,588733,87711,90606,35650,0.6947075782537068,0.28898922674102834
2085,0.2328,40,172,40,588905,87539,90646,35610,0.6933452667595995,0.28916190955671583
2086,0.2329,32,101,32,589006,87438,90678,35578,0.6925453047775947,0.2892144111335111
2087,0.233,31,87,31,589093,87351,90709,35547,0.6918562286148777,0.28923985744275743
2088,0.2331,41,131,41,589224,87220,90750,35506,0.6908186541629705,0.28931114841190947
2089,0.2332,37,131,37,589355,87089,90787,35469,0.6897810797110633,0.2894058323406061
2090,0.2333,29,92,29,589447,86997,90816,35440,0.6890524014700291,0.2894549850127004
2091,0.2334,34,132,34,589579,86865,90850,35406,0.6880069066024584,0.28956988983487497
2092,0.2335,36,116,36,589695,86749,90886,35370,0.6870881383855024,0.28963551945233745
2093,0.2336,34,116,34,589811,86633,90920,35336,0.6861693701685464,0.2897129598504538
2094,0.2337,40,67,40,589878,86566,90960,35296,0.6856387023190977,0.2896390999655348
2095,0.2338,42,117,42,589995,86449,91002,35254,0.6847120136864783,0.2896723992013344
2096,0.2339,40,143,40,590138,86306,91042,35214,0.6835793942466101,0.28977946017116524
2097,0.234,45,137,45,590275,86169,91087,35169,0.6824942973007223,0.289843247787173
2098,0.2341,24,87,24,590362,86082,91111,35145,0.6818052211380053,0.28991066346605954
2099,0.2342,35,96,35,590458,85986,91146,35110,0.6810448612343176,0.2899352579771421
2100,0.2343,34,76,34,590534,85910,91180,35076,0.6804429096438981,0.28991784173375434
2101,0.2344,33,109,33,590643,85801,91213,35043,0.6795795843365859,0.2899854357684287
2102,0.2345,47,115,47,590758,85686,91260,34996,0.6786687365352934,0.28998525049303125
2103,0.2346,36,90,36,590848,85596,91296,34960,0.6779558991255861,0.28998971432363385
2104,0.2347,42,127,42,590975,85469,91338,34918,0.6769500063363325,0.29004792876307245
2105,0.2348,36,109,36,591084,85360,91374,34882,0.6760866810290204,0.2900983017581211
2106,0.2349,45,158,45,591242,85202,91419,34837,0.674835255354201,0.2902140137788552
2107,0.235,45,138,45,591380,85064,91464,34792,0.6737422379926499,0.29028167133894006
2108,0.2351,45,125,45,591505,84939,91509,34747,0.6727521860347231,0.29031799876343095
2109,0.2352,53,198,53,591703,84741,91562,34694,0.6711839437333671,0.2904843638799347
2110,0.2353,40,83,40,591786,84658,91602,34654,0.6705265492333038,0.2904485718117205
2111,0.2354,43,101,43,591887,84557,91645,34611,0.669726587251299,0.29043870837808805
2112,0.2355,46,135,46,592022,84422,91691,34565,0.6686573311367381,0.2904939195038113
2113,0.2356,25,94,25,592116,84328,91716,34540,0.6679128120643771,0.2905744186829088
2114,0.2357,49,157,49,592273,84171,91765,34491,0.6666693068052212,0.2906659250644688
2115,0.2358,54,142,54,592415,84029,91819,34437,0.6655446077810163,0.29069099994935255
2116,0.2359,19,79,19,592494,83950,91838,34418,0.6649188949436067,0.2907711543660449
2117,0.236,47,169,47,592663,83781,91885,34371,0.6635803446964896,0.29090493601462525
2118,0.2361,31,113,31,592776,83668,91916,34340,0.6626853377265239,0.2909972205274219
2119,0.2362,49,169,49,592945,83499,91965,34291,0.6613467874794069,0.2911197894558112
2120,0.2363,33,137,33,593082,83362,91998,34258,0.6602616905335192,0.29125998979765344
2121,0.2364,66,172,66,593254,83190,92064,34192,0.658899379039412,0.2912882724778927
2122,0.2365,66,166,66,593420,83024,92130,34126,0.6575845900392853,0.2913017498932992
2123,0.2366,31,120,31,593540,82904,92161,34095,0.6566341401596756,0.2914127471174967
2124,0.2367,55,205,55,593745,82699,92216,34040,0.6550104549486757,0.29159064237315724
2125,0.2368,38,103,38,593848,82596,92254,34002,0.6541946521353441,0.2916173519271343
2126,0.2369,45,159,45,594007,82437,92299,33957,0.6529353060448613,0.29174184236300843
2127,0.237,28,102,28,594109,82335,92327,33929,0.652127423647193,0.2918272208078167
2128,0.2371,36,133,36,594242,82202,92363,33893,0.6510740083639589,0.29194194409750635
2129,0.2372,24,83,24,594325,82119,92387,33869,0.6504166138638956,0.2920043452770976
2130,0.2373,29,131,29,594456,81988,92416,33840,0.6493790394119884,0.29215733674068445
2131,0.2374,15,98,15,594554,81890,92431,33825,0.6486028386769738,0.292313010413516
2132,0.2375,27,84,27,594638,81806,92458,33798,0.647937523761247,0.29236012594719907
2133,0.2376,34,93,34,594731,81713,92492,33764,0.6472009251045495,0.2923872286256138
2134,0.2377,56,178,56,594909,81535,92548,33708,0.6457910911164618,0.29249498884964814
2135,0.2378,37,154,37,595063,81381,92585,33671,0.6445713471042961,0.2926589715954525
2136,0.2379,38,139,38,595202,81242,92623,33633,0.6434704093270814,0.2927791077257889
2137,0.238,44,146,44,595348,81096,92667,33589,0.642314028640223,0.2928804987574661
2138,0.2381,24,85,24,595433,81011,92691,33565,0.6416407933088328,0.2929496578690127
2139,0.2382,20,69,20,595502,80942,92711,33545,0.6410942846280573,0.2930026989963926
2140,0.2383,51,143,51,595645,80799,92762,33494,0.6399616651881891,0.29305381781911405
2141,0.2384,34,112,34,595757,80687,92796,33460,0.6390745786338867,0.29313078749332
2142,0.2385,66,163,66,595920,80524,92862,33394,0.6377835508807502,0.2931406801383451
2143,0.2386,64,161,64,596081,80363,92926,33330,0.6365083639589406,0.2931578901075704
2144,0.2387,43,114,43,596195,80249,92969,33287,0.6356054365733114,0.29318454058624577
2145,0.2388,45,135,45,596330,80114,93014,33242,0.6345361804587505,0.29325311408306576
2146,0.2389,32,90,32,596420,80024,93046,33210,0.6338233430490432,0.2932864687284738
2147,0.239,40,98,40,596518,79926,93086,33170,0.6330471423140286,0.2932906557261088
2148,0.2391,35,76,35,596594,79850,93121,33135,0.6324451907236092,0.29326901801124045
2149,0.2392,32,90,32,596684,79760,93153,33103,0.6317323533139019,0.2933024994905328
2150,0.2393,41,146,41,596830,79614,93194,33062,0.6305759726270435,0.29342539671269835
2151,0.2394,38,131,38,596961,79483,93232,33024,0.6295383981751362,0.29352840267716673
2152,0.2395,36,102,36,597063,79381,93268,32988,0.628730515777468,0.2935685108882343
2153,0.2396,52,151,52,597214,79230,93320,32936,0.6275345330122925,0.2936362177486939
2154,0.2397,28,109,28,597323,79121,93348,32908,0.6266712077049803,0.29374536950253954
2155,0.2398,44,142,44,597465,78979,93392,32864,0.6255465086807755,0.2938404728056293
2156,0.2399,37,93,37,597558,78886,93429,32827,0.624809910024078,0.29385120800623027
2157,0.24,36,89,36,597647,78797,93465,32791,0.6241049930300342,0.29385776248342116
2158,0.2401,34,108,34,597755,78689,93499,32757,0.6232495881383855,0.2939271037094198
2159,0.2402,59,131,59,597886,78558,93558,32698,0.6222120136864783,0.2938987560221471
2160,0.2403,42,120,42,598006,78438,93600,32656,0.6212615638068686,0.2939492681873008
2161,0.2404,37,118,37,598124,78320,93637,32619,0.6203269547585857,0.2940264469663509
2162,0.2405,33,124,33,598248,78196,93670,32586,0.6193448232163223,0.2941452582549512
2163,0.2406,30,117,30,598365,78079,93700,32556,0.618418134583703,0.2942649252045013
2164,0.2407,38,144,38,598509,77935,93738,32518,0.6172775947281713,0.29440576534815716
2165,0.2408,37,191,37,598700,77744,93775,32481,0.6157647953364592,0.29467906554774326
2166,0.2409,33,87,33,598787,77657,93808,32448,0.6150757191737423,0.29470051314654194
2167,0.241,36,148,36,598935,77509,93844,32412,0.613903497655557,0.29486631307939337
2168,0.2411,24,136,24,599071,77373,93868,32388,0.6128263211253326,0.2950774865389346
2169,0.2412,22,112,22,599183,77261,93890,32366,0.6119392345710303,0.2952374871154004
2170,0.2413,22,103,22,599286,77158,93912,32344,0.6111234317576987,0.295373600482183
2171,0.2414,27,88,27,599374,77070,93939,32317,0.6104264351793182,0.2954373005933063
2172,0.2415,46,128,46,599502,76942,93985,32271,0.6094126219744013,0.29548680102185637
2173,0.2416,38,119,38,599621,76823,94023,32233,0.6084700925104549,0.2955637470657277
2174,0.2417,35,104,35,599725,76719,94058,32198,0.6076463692814599,0.29561960024605893
2175,0.2418,39,136,39,599861,76583,94097,32159,0.6065691927512356,0.2957366978720274
2176,0.2419,40,115,40,599976,76468,94137,32119,0.605658344949943,0.2957904721559671
2177,0.242,53,154,53,600130,76314,94190,32066,0.6044386009377772,0.2958663960140247
2178,0.2421,65,176,65,600306,76138,94255,32001,0.6030446077810163,0.29592468951996964
2179,0.2422,41,110,41,600416,76028,94296,31960,0.6021733620580408,0.2959588102381746
2180,0.2423,49,135,49,600551,75893,94345,31911,0.60110410594348,0.29600942451114987
2181,0.2424,56,164,56,600715,75729,94401,31855,0.59980515777468,0.29609421475312314
2182,0.2425,44,136,44,600851,75593,94445,31811,0.5987279812444557,0.29618077539011584
2183,0.2426,36,98,36,600949,75495,94481,31775,0.5979517805094411,0.2962151580124918
2184,0.2427,46,169,46,601118,75326,94527,31729,0.5966132302623242,0.29638036523282424
2185,0.2428,54,139,54,601257,75187,94581,31675,0.5955122924851096,0.2964103235949168
2186,0.2429,37,118,37,601375,75069,94618,31638,0.5945776834368267,0.2964941381540105
2187,0.243,52,150,52,601525,74919,94670,31586,0.5933896210873146,0.2965682362330407
2188,0.2431,46,125,46,601650,74794,94716,31540,0.592399569129388,0.29661256042281864
2189,0.2432,56,207,56,601857,74587,94772,31484,0.5907600430870612,0.29682005449180265
2190,0.2433,23,94,23,601951,74493,94795,31461,0.5900155240147003,0.2969307435302112
2191,0.2434,23,66,23,602017,74427,94818,31438,0.5894927765809149,0.2969631133991404
2192,0.2435,28,98,28,602115,74329,94846,31410,0.5887165758459004,0.2970521756400193
2193,0.2436,45,88,45,602203,74241,94891,31365,0.5880195792675199,0.2970001704448611
2194,0.2437,41,103,41,602306,74138,94932,31324,0.5872037764541883,0.29701693500976656
2195,0.2438,59,182,59,602488,73956,94991,31265,0.585762260803447,0.2971365031695194
2196,0.2439,26,133,26,602621,73823,95017,31239,0.5847088455202128,0.2973387142829948
2197,0.244,41,130,41,602751,73693,95058,31198,0.5836791914839691,0.29743257286135133
2198,0.2441,42,93,42,602844,73600,95100,31156,0.5829425928272716,0.29741494520600253
2199,0.2442,25,104,25,602948,73496,95125,31131,0.5821188695982765,0.2975426993032391
2200,0.2443,36,118,36,603066,73378,95161,31095,0.5811842605499936,0.2976367099633398
2201,0.2444,47,115,47,603181,73263,95208,31048,0.580273412748701,0.2976483784068794
2202,0.2445,32,126,32,603307,73137,95240,31016,0.5792754403751109,0.2977926703983563
2203,0.2446,66,170,66,603477,72967,95306,30950,0.5779289697123305,0.29783384816728736
2204,0.2447,17,81,17,603558,72886,95323,30933,0.577287416043594,0.2979512420655179
2205,0.2448,34,117,34,603675,72769,95357,30899,0.5763607274109745,0.29805725971370145
2206,0.2449,41,104,41,603779,72665,95398,30858,0.5755370041819795,0.2980786878278257
2207,0.245,29,71,29,603850,72594,95427,30829,0.5749746546698771,0.2980864991346219
2208,0.2451,33,97,33,603947,72497,95460,30796,0.5742063743505259,0.29814217807595866
2209,0.2452,31,88,31,604035,72409,95491,30765,0.5735093777721455,0.2981855893926765
2210,0.2453,31,122,31,604157,72287,95522,30734,0.5725430870612089,0.298327525455975
2211,0.2454,21,86,21,604243,72201,95543,30713,0.5718619313141554,0.2984336436247741
2212,0.2455,37,112,37,604355,72089,95580,30676,0.570974844759853,0.2985063007833406
2213,0.2456,40,127,40,604482,71962,95620,30636,0.5699689519705994,0.2986023119359052
2214,0.2457,41,126,41,604608,71836,95661,30595,0.5689709795970093,0.2986888734855659
2215,0.2458,32,102,32,604710,71734,95693,30563,0.568163097199341,0.29876731477951457
2216,0.2459,33,108,33,604818,71626,95726,30530,0.5673076923076923,0.29885665061278827
2217,0.246,47,110,47,604928,71516,95773,30483,0.5664364465847168,0.29885587113599155
2218,0.2461,40,99,40,605027,71417,95813,30443,0.5656523254340388,0.29887099941095624
2219,0.2462,54,156,54,605183,71261,95867,30389,0.5644167405905461,0.29895720609936055
2220,0.2463,25,107,25,605290,71154,95892,30364,0.5635692561145609,0.2990996670541185
2221,0.2464,43,127,43,605417,71027,95935,30321,0.5625633633253073,0.29917709278920157
2222,0.2465,35,93,35,605510,70934,95970,30286,0.5618267646686098,0.2992096423631693
2223,0.2466,40,126,40,605636,70808,96010,30246,0.5608287922950197,0.2993053219070992
2224,0.2467,51,129,51,605765,70679,96061,30195,0.5598070586744393,0.2993338223922914
2225,0.2468,37,103,37,605868,70576,96098,30158,0.5589912558611075,0.29938253221355254
2226,0.2469,36,112,36,605980,70464,96134,30122,0.5581041693068052,0.29946513431292626
2227,0.247,33,127,33,606107,70337,96167,30089,0.5570982765175516,0.2996136458685998
2228,0.2471,29,128,29,606235,70209,96196,30060,0.5560844633126346,0.29979355533614577
2229,0.2472,25,80,25,606315,70129,96221,30035,0.5554508300595615,0.29985823249870214
2230,0.2473,47,153,47,606468,69976,96268,29988,0.5542390064630592,0.29998799567844425
2231,0.2474,53,131,53,606599,69845,96321,29935,0.5532014320111519,0.30001002204850674
2232,0.2475,46,114,46,606713,69731,96367,29889,0.5522985046255228,0.30003011443485245
2233,0.2476,46,145,46,606858,69586,96413,29843,0.5511500443543277,0.3001438212191614
2234,0.2477,34,83,34,606941,69503,96447,29809,0.5504926498542644,0.30015506685999677
2235,0.2478,45,134,45,607075,69369,96492,29764,0.5494313141553668,0.3002431077441417
2236,0.2479,46,111,46,607186,69258,96538,29718,0.5485521480167279,0.3002546071774976
2237,0.248,46,92,46,607278,69166,96584,29672,0.5478234697756938,0.3002084218620369
2238,0.2481,27,82,27,607360,69084,96611,29645,0.5471739956912939,0.30026638576304837
2239,0.2482,28,131,28,607491,68953,96639,29617,0.5461364212393867,0.30046667343004974
2240,0.2483,42,122,42,607613,68831,96681,29575,0.5451701305284501,0.30054061744202587
2241,0.2484,37,88,37,607701,68743,96718,29538,0.5444731339500697,0.30054639248684895
2242,0.2485,27,91,27,607792,68652,96745,29511,0.5437523761246991,0.3006326212524067
2243,0.2486,23,63,23,607855,68589,96768,29488,0.543253389937904,0.3006617249711961
2244,0.2487,18,73,18,607928,68516,96786,29470,0.5426751995944747,0.30075725103586226
2245,0.2488,50,152,50,608080,68364,96836,29420,0.5414712964136358,0.30086721754070195
2246,0.2489,25,84,25,608164,68280,96861,29395,0.540805981497909,0.3009470181725109
2247,0.249,37,136,37,608300,68144,96898,29358,0.5397288049676847,0.3011015158663412
2248,0.2491,43,146,43,608446,67998,96941,29315,0.5385724242808263,0.3012444380504146
2249,0.2492,45,103,45,608549,67895,96986,29270,0.5377566214674946,0.3012401584932846
2250,0.2493,30,76,30,608625,67819,97016,29240,0.5371546698770752,0.3012600583150455
2251,0.2494,29,79,29,608704,67740,97045,29211,0.5365289570396654,0.3012965312374292
2252,0.2495,44,103,44,608807,67637,97089,29167,0.5357131542263338,0.3012995330771456
2253,0.2496,26,70,26,608877,67567,97115,29141,0.5351587251298948,0.30132977623361046
2254,0.2497,53,156,53,609033,67411,97168,29088,0.5339231402864022,0.301433175473321
2255,0.2498,29,110,29,609143,67301,97197,29059,0.5330518945634267,0.3015670402656704
2256,0.2499,28,91,28,609234,67210,97225,29031,0.532331136738056,0.30164898535967
2257,0.25,38,119,38,609353,67091,97263,28993,0.5313886072741097,0.3017463885766621
2258,0.2501,21,64,21,609417,67027,97284,28972,0.5308817006716513,0.30179481036260797
2259,0.2502,24,94,24,609511,66933,97308,28948,0.5301371815992904,0.30191591660495826
2260,0.2503,30,76,30,609587,66857,97338,28918,0.5295352300088708,0.30193683111459146
2261,0.2504,25,74,25,609661,66783,97363,28893,0.5289491192497783,0.3019879593628496
2262,0.2505,34,90,34,609751,66693,97397,28859,0.528236281840071,0.30202402880107165
2263,0.2506,34,111,34,609862,66582,97431,28825,0.5273571157014321,0.3021266783359712
2264,0.2507,37,116,37,609978,66466,97468,28788,0.5264383474844759,0.302223528670712
2265,0.2508,45,161,45,610139,66305,97513,28743,0.5251631605626663,0.3024051005807592
2266,0.2509,27,117,27,610256,66188,97540,28716,0.5242364719300469,0.30257944870606085
2267,0.251,51,150,51,610406,66038,97591,28665,0.5230484095805348,0.3026831251385912
2268,0.2511,48,149,48,610555,65889,97639,28617,0.5218682676466861,0.30280617103675955
2269,0.2512,53,158,53,610713,65731,97692,28564,0.5206168419718666,0.30292168195556496
2270,0.2513,40,139,40,610852,65592,97732,28524,0.5195159041946521,0.30307280377406604
2271,0.2514,59,135,59,610987,65457,97791,28465,0.5184466480800912,0.30307063307851195
2272,0.2515,22,53,22,611040,65404,97813,28443,0.5180268660499303,0.3030784148667512
2273,0.2516,30,103,30,611143,65301,97843,28413,0.5172110632365987,0.3031884243549523
2274,0.2517,44,112,44,611255,65189,97887,28369,0.5163239766822962,0.3032236687402467
2275,0.2518,32,121,32,611376,65068,97919,28337,0.5153656063870232,0.3033777635030245
2276,0.2519,61,140,61,611516,64928,97980,28276,0.5142567481941452,0.3033775374447449
2277,0.252,30,124,30,611640,64804,98010,28246,0.5132746166518819,0.30355722729715207
2278,0.2521,67,199,67,611839,64605,98077,28179,0.5116984539348625,0.30370538023797206
2279,0.2522,50,118,50,611957,64487,98127,28129,0.5107638448865797,0.3037164204889004
2280,0.2523,32,99,32,612056,64388,98159,28097,0.5099797237359016,0.3038006163161594
2281,0.2524,45,150,45,612206,64238,98204,28052,0.5087916613863895,0.3039549246938997
2282,0.2525,43,133,43,612339,64105,98247,28009,0.5077382461031555,0.3040688711813622
2283,0.2526,23,90,23,612429,64015,98270,27986,0.5070254086934483,0.30419234573537246
2284,0.2527,50,141,50,612570,63874,98320,27936,0.5059086300849068,0.3042805794575754
2285,0.2528,45,109,45,612679,63765,98365,27891,0.5050453047775947,0.3043008641005499
2286,0.2529,43,174,43,612853,63591,98408,27848,0.5036671524521606,0.30455276195059
2287,0.253,44,129,44,612982,63462,98452,27804,0.5026454188315803,0.30464795213989876
2288,0.2531,35,82,35,613064,63380,98487,27769,0.5019959447471803,0.3046550154143216
2289,0.2532,57,136,57,613200,63244,98544,27712,0.500918768216956,0.3046747878094903
2290,0.2533,38,120,38,613320,63124,98582,27674,0.49996831833734634,0.30478644904072777
2291,0.2534,41,126,41,613446,62998,98623,27633,0.49897034596375617,0.30489567587249394
2292,0.2535,43,141,43,613587,62857,98666,27590,0.4978535673552148,0.30504052096808076
2293,0.2536,27,86,27,613673,62771,98693,27563,0.49717241160816117,0.3051232094228087
2294,0.2537,34,132,34,613805,62639,98727,27529,0.49612691674059056,0.3053078697542365
2295,0.2538,48,90,48,613895,62549,98775,27481,0.4954140793308833,0.30524269687881816
2296,0.2539,43,115,43,614010,62434,98818,27438,0.4945032315295907,0.3053008723517892
2297,0.254,32,141,32,614151,62293,98850,27406,0.4933864529210493,0.30553294908527406
2298,0.2541,16,91,16,614242,62202,98866,27390,0.49266569509567865,0.30571926064827215
2299,0.2542,48,101,48,614343,62101,98914,27342,0.4918657331136738,0.3056918931610076
2300,0.2543,32,127,32,614470,61974,98946,27310,0.4908598403244202,0.3058778728551588
2301,0.2544,47,113,47,614583,61861,98993,27263,0.48996483335445445,0.30589964543781695
2302,0.2545,26,110,26,614693,61751,99019,27237,0.4890935876314789,0.30607497640131254
2303,0.2546,26,88,26,614781,61663,99045,27211,0.48839659105309846,0.30617503431824833
2304,0.2547,48,116,48,614897,61547,99093,27163,0.48747782283614244,0.30619997745462746
2305,0.2548,22,75,22,614972,61472,99115,27141,0.4868837916613864,0.3062868879284078
2306,0.2549,25,53,25,615025,61419,99140,27116,0.48646400963122544,0.30627435477494774
2307,0.255,35,107,35,615132,61312,99175,27081,0.4856165251552401,0.30637041394680575
2308,0.2551,17,47,17,615179,61265,99192,27064,0.4852442656190597,0.30639993660066345
2309,0.2552,46,92,46,615271,61173,99238,27018,0.4845155873780256,0.30635779161138893
2310,0.2553,59,134,59,615405,61039,99297,26959,0.48345425167912814,0.30635923543716903
2311,0.2554,45,100,45,615505,60939,99342,26914,0.4826622101127867,0.3063526572797742
2312,0.2555,34,93,34,615598,60846,99376,26880,0.4819256114560892,0.30640859038369467
2313,0.2556,31,89,31,615687,60757,99407,26849,0.48122069446204535,0.30647444238979066
2314,0.2557,47,157,47,615844,60600,99454,26802,0.47997718920288934,0.3066520216928674
2315,0.2558,26,76,26,615920,60524,99480,26776,0.4793752376124699,0.30671248568155784
2316,0.2559,46,105,46,616025,60419,99526,26730,0.47854359396781143,0.30671608394818073
2317,0.256,44,115,44,616140,60304,99570,26686,0.4776327461665188,0.30677089320611567
2318,0.2561,45,128,45,616268,60176,99615,26641,0.47661893296160185,0.30686386306829305
2319,0.2562,33,79,33,616347,60097,99648,26608,0.4759932201241921,0.30687964938584855
2320,0.2563,56,142,56,616489,59955,99704,26552,0.47486852109998734,0.3069346989260985
2321,0.2564,46,111,46,616600,59844,99750,26506,0.47398935496134836,0.30696004632310364
2322,0.2565,54,76,54,616676,59768,99804,26452,0.4733874033709289,0.3067965669218279
2323,0.2566,45,121,45,616797,59647,99849,26407,0.4724290330756558,0.3068654565737792
2324,0.2567,32,120,32,616917,59527,99881,26375,0.47147858319604613,0.30703592465833157
2325,0.2568,26,62,26,616979,59465,99907,26349,0.47098751742491446,0.3070478010581024
2326,0.2569,30,79,30,617058,59386,99937,26319,0.47036180458750476,0.3070882678956887
2327,0.257,39,85,39,617143,59301,99976,26280,0.4696885692561146,0.3070775055210853
2328,0.2571,38,101,38,617244,59200,100014,26242,0.46888860727410975,0.30713232368156174
2329,0.2572,21,80,21,617324,59120,100035,26221,0.4682549740210366,0.30724973928123644
2330,0.2573,36,115,36,617439,59005,100071,26185,0.467344126219744,0.30737175724850335
2331,0.2574,34,104,34,617543,58901,100105,26151,0.46652040299074893,0.3074707237925034
2332,0.2575,29,103,29,617646,58798,100134,26122,0.4657046001774173,0.30760715967969854
2333,0.2576,33,100,33,617746,58698,100167,26089,0.4649125586110759,0.3077004729498626
2334,0.2577,23,54,23,617800,58644,100190,26066,0.46448485616525154,0.3077086530515878
2335,0.2578,30,77,30,617877,58567,100220,26036,0.46387498415916867,0.30774322423554723
2336,0.2579,30,80,30,617957,58487,100250,26006,0.46324135090609553,0.30778881090741245
2337,0.258,33,83,33,618040,58404,100283,25973,0.46258395640603217,0.30782085165388673
2338,0.2581,36,99,36,618139,58305,100319,25937,0.4617998352553542,0.30788680230763754
2339,0.2582,41,97,41,618236,58208,100360,25896,0.46103155493600306,0.3079044991914772
2340,0.2583,43,127,43,618363,58081,100403,25853,0.46002566214674945,0.3080158219553459
2341,0.2584,24,93,24,618456,57988,100427,25829,0.45928906349005194,0.3081594425951776
2342,0.2585,15,54,15,618510,57934,100442,25814,0.4588613610442276,0.3082342264889908
2343,0.2586,30,105,30,618615,57829,100472,25784,0.4580297173995691,0.30837309987681344
2344,0.2587,41,104,41,618719,57725,100513,25743,0.45720599417057406,0.3084175971629846
2345,0.2588,49,144,49,618863,57581,100562,25694,0.4560654543150425,0.3085439807865506
2346,0.2589,28,72,28,618935,57509,100590,25666,0.45549518438727665,0.3085782987676586
2347,0.259,31,109,31,619044,57400,100621,25635,0.4546318590799645,0.3087252363461191
2348,0.2591,42,113,42,619157,57287,100663,25593,0.45373685210999876,0.3087958494208494
2349,0.2592,51,127,51,619284,57160,100714,25542,0.45273095932074514,0.3088438006336002
2350,0.2593,34,85,34,619369,57075,100748,25508,0.45205772398935495,0.3088771296755991
2351,0.2594,28,119,28,619488,56956,100776,25480,0.4511151945254087,0.30908826240962683
2352,0.2595,59,135,59,619623,56821,100835,25421,0.4500459384108478,0.3090999732496778
2353,0.2596,38,129,38,619752,56692,100873,25383,0.4490242047902674,0.30926591532135245
2354,0.2597,23,54,23,619806,56638,100896,25360,0.44859650234444304,0.3092758359959999
2355,0.2598,55,114,55,619920,56524,100951,25305,0.44769357495881384,0.30924244461010153
2356,0.2599,32,100,32,620020,56424,100983,25273,0.44690153339247246,0.3093504045436185
2357,0.26,13,68,13,620088,56356,100996,25260,0.4463629451273603,0.3094981376200745
2358,0.2601,24,87,24,620175,56269,101020,25236,0.4456738689646433,0.3096251763695479
2359,0.2602,29,94,29,620269,56175,101049,25207,0.44492934989228233,0.30973679683468086
2360,0.2603,28,58,28,620327,56117,101077,25179,0.4444699657838043,0.3097200354260972
2361,0.2604,49,103,49,620430,56014,101126,25130,0.44365416297047267,0.30969634230503795
2362,0.2605,37,107,37,620537,55907,101163,25093,0.4428066784944874,0.30979012345679013
2363,0.2606,34,94,34,620631,55813,101197,25059,0.44206215942212645,0.30986002571965576
2364,0.2607,40,89,40,620720,55724,101237,25019,0.4413572424280826,0.30985967823836125
2365,0.2608,26,61,26,620781,55663,101263,24993,0.4408740970726144,0.3098715532632414
2366,0.2609,34,75,34,620856,55588,101297,24959,0.44028006589785834,0.3098687722696066
2367,0.261,43,115,43,620971,55473,101340,24916,0.4393692180965657,0.30994290263593277
2368,0.2611,42,103,42,621074,55370,101382,24874,0.43855341528323405,0.3099795623348786
2369,0.2612,39,114,39,621188,55256,101421,24835,0.43765048789760486,0.310084778564383
2370,0.2613,35,98,35,621286,55158,101456,24800,0.4368742871625903,0.31016283548863155
2371,0.2614,34,85,34,621371,55073,101490,24766,0.4362010518312001,0.3101992760430366
2372,0.2615,20,60,20,621431,55013,101510,24746,0.4357258268913953,0.3102596572173673
2373,0.2616,31,95,31,621526,54918,101541,24715,0.43497338740337094,0.3103612823829317
2374,0.2617,24,84,24,621610,54834,101565,24691,0.43430807248764414,0.31048098082364034
2375,0.2618,55,154,55,621764,54680,101620,24636,0.4330883284754784,0.3106056785516163
2376,0.2619,36,80,36,621844,54600,101656,24600,0.43245469522240526,0.3106060606060606
2377,0.262,23,89,23,621933,54511,101679,24577,0.4317497782283614,0.3107551082338661
2378,0.2621,36,123,36,622056,54388,101715,24541,0.4307755671017615,0.3109250085519898
2379,0.2622,34,95,34,622151,54293,101749,24507,0.4300231276137372,0.311002538071066
2380,0.2623,43,113,43,622264,54180,101792,24464,0.42912812064377137,0.31107268195920856
2381,0.2624,14,76,14,622340,54104,101806,24450,0.42852616905335195,0.31125085928151336
2382,0.2625,36,79,36,622419,54025,101842,24414,0.4279004562159422,0.3112482311095246
2383,0.2626,63,99,63,622518,53926,101905,24351,0.42711633506526425,0.31108754806648187
2384,0.2627,40,95,40,622613,53831,101945,24311,0.4263638955772399,0.3111131017890507
2385,0.2628,47,119,47,622732,53712,101992,24264,0.4254213661132936,0.31117266851338876
2386,0.2629,27,88,27,622820,53624,102019,24237,0.4247243695349132,0.31128549594790716
2387,0.263,37,79,37,622899,53545,102056,24200,0.42409865669750346,0.3112740369155573
2388,0.2631,38,94,38,622993,53451,102094,24162,0.42335413762514257,0.3113138262919872
2389,0.2632,20,69,20,623062,53382,102114,24142,0.422807628944367,0.3114132397709097
2390,0.2633,26,90,26,623152,53292,102140,24116,0.42209479153465973,0.31154402645721374
2391,0.2634,28,82,28,623234,53210,102168,24088,0.4214453174502598,0.31162513907216227
2392,0.2635,39,75,39,623309,53135,102207,24049,0.4208512862755037,0.31158012023217246
2393,0.2636,53,162,53,623471,52973,102260,23996,0.41956817893803067,0.31176187815873924
2394,0.2637,23,64,23,623535,52909,102283,23973,0.41906127233557217,0.31181550948206344
2395,0.2638,42,74,42,623609,52835,102325,23931,0.4184751615764795,0.31173957220644555
2396,0.2639,29,107,29,623716,52728,102354,23902,0.41762767710049425,0.31191439384053243
2397,0.264,25,58,25,623774,52670,102379,23877,0.41716829299201624,0.3119260062445295
2398,0.2641,31,87,31,623861,52583,102410,23846,0.4164792168292992,0.31200198877389473
2399,0.2642,31,93,31,623954,52490,102441,23815,0.4157426181726017,0.31210274556057926
2400,0.2643,39,111,39,624065,52379,102480,23776,0.41486345203396274,0.3122053706256976
2401,0.2644,56,120,56,624185,52259,102536,23720,0.41391300215435306,0.3121915266060359
2402,0.2645,28,77,28,624262,52182,102564,23692,0.4133031301482702,0.31225452724253366
2403,0.2646,33,85,33,624347,52097,102597,23659,0.41262989481688,0.31230529595015577
2404,0.2647,47,103,47,624450,51994,102644,23612,0.41181409200354835,0.3123032563553157
2405,0.2648,38,75,38,624525,51919,102682,23574,0.4112200608287923,0.31226736253692394
2406,0.2649,37,133,37,624658,51786,102719,23537,0.4101666455455582,0.3124809155238108
2407,0.265,30,105,30,624763,51681,102749,23507,0.4093350019008998,0.31264297494281
2408,0.2651,36,93,36,624856,51588,102785,23471,0.40859840324420227,0.31270067546863134
2409,0.2652,33,86,33,624942,51502,102818,23438,0.40791724749714864,0.3127568721643982
2410,0.2653,43,109,43,625051,51393,102861,23395,0.40705392218983655,0.31281756431513075
2411,0.2654,31,118,31,625169,51275,102892,23364,0.4061193131415537,0.31302670185827786
2412,0.2655,63,159,63,625328,51116,102955,23301,0.40485996705107086,0.3131139390193101
2413,0.2656,40,105,40,625433,51011,102995,23261,0.40402832340641237,0.3131866652305041
2414,0.2657,44,121,44,625554,50890,103039,23217,0.40306995311113925,0.31329024248721443
2415,0.2658,36,93,36,625647,50797,103075,23181,0.4023333544544418,0.3133499148395469
2416,0.2659,31,72,31,625719,50725,103106,23150,0.401763084526676,0.31336717428087985
2417,0.266,29,99,29,625818,50626,103135,23121,0.400978963375998,0.3135178380137497
2418,0.2661,13,60,13,625878,50566,103148,23108,0.40050373843619314,0.3136520346390857
2419,0.2662,36,75,36,625953,50491,103184,23072,0.3999097072614371,0.3136359311066705
2420,0.2663,37,79,37,626032,50412,103221,23035,0.3992839944240274,0.3136275137173744
2421,0.2664,27,63,27,626095,50349,103248,23008,0.3987850082372323,0.31364423299753263
2422,0.2665,34,88,34,626183,50261,103282,22974,0.3980880116588519,0.3137024646685328
2423,0.2666,38,102,38,626285,50159,103320,22936,0.3972801292611836,0.31378343251932417
2424,0.2667,31,80,31,626365,50079,103351,22905,0.3966464960081105,0.31383590924038146
2425,0.2668,29,85,29,626450,49994,103380,22876,0.39597326067672034,0.3139289145052834
2426,0.2669,39,120,39,626570,49874,103419,22837,0.39502281079711066,0.31407902518188446
2427,0.267,31,83,31,626653,49791,103450,22806,0.39436541629704724,0.3141452126120914
2428,0.2671,49,167,49,626820,49624,103499,22757,0.39304270688125714,0.314405714206767
2429,0.2672,25,67,25,626887,49557,103524,22732,0.39251203903180837,0.3144600146633651
2430,0.2673,38,96,38,626983,49461,103562,22694,0.39175167912812064,0.31451735846441686
2431,0.2674,36,109,36,627092,49352,103598,22658,0.3908883538208085,0.3146507429523677
2432,0.2675,34,66,34,627158,49286,103632,22624,0.39036560638702317,0.3146154915867056
2433,0.2676,34,70,34,627228,49216,103666,22590,0.38981117729058423,0.3145976659332089
2434,0.2677,31,104,31,627332,49112,103697,22559,0.38898745406158913,0.3147577123243711
2435,0.2678,24,75,24,627407,49037,103721,22535,0.3883934228868331,0.31485776560666184
2436,0.2679,34,101,34,627508,48936,103755,22501,0.38759346090482827,0.31497683273373744
2437,0.268,39,99,39,627607,48837,103794,22462,0.38680933975415027,0.31503948161965806
2438,0.2681,35,104,35,627711,48733,103829,22427,0.38598561652515523,0.3151630129286116
2439,0.2682,48,148,48,627859,48585,103877,22379,0.38481339500697,0.3153570824643481
2440,0.2683,52,114,52,627973,48471,103929,22327,0.3839104676213408,0.3153620158761547
2441,0.2684,30,81,30,628054,48390,103959,22297,0.3832689139526042,0.3154328235743489
2442,0.2685,34,92,34,628146,48298,103993,22263,0.38254023571157014,0.315514235909355
2443,0.2686,43,113,43,628259,48185,104036,22220,0.38164522874160434,0.3156025850436759
2444,0.2687,22,40,22,628299,48145,104058,22198,0.3813284121150678,0.31556800250202577
2445,0.2688,36,88,36,628387,48057,104094,22162,0.3806314155366874,0.31561258348879934
2446,0.2689,34,88,34,628475,47969,104128,22128,0.37993441895830693,0.3156768477966247
2447,0.269,21,54,21,628529,47915,104149,22107,0.3795067165124826,0.31571506098083457
2448,0.2691,33,81,33,628610,47834,104182,22074,0.37886516284374605,0.3157578531784631
2449,0.2692,33,109,33,628719,47725,104215,22041,0.3780018375364339,0.3159275291689362
2450,0.2693,25,79,25,628798,47646,104240,22016,0.3773761246990242,0.31604030892021473
2451,0.2694,35,77,35,628875,47569,104275,21981,0.37676625269294134,0.3160460100647017
2452,0.2695,19,78,19,628953,47491,104294,21962,0.37614846027119503,0.3162138424546096
2453,0.2696,26,79,26,629032,47412,104320,21936,0.37552274743378533,0.3163177020245717
2454,0.2697,21,87,21,629119,47325,104341,21915,0.3748336712710683,0.31650779896013864
2455,0.2698,48,87,48,629206,47238,104389,21867,0.3741445951083513,0.31643151725634905
2456,0.2699,51,131,51,629337,47107,104440,21816,0.3731070206564441,0.3165271389811819
2457,0.27,22,71,22,629408,47036,104462,21794,0.37254467114434164,0.31663518814470437
2458,0.2701,35,94,35,629502,46942,104497,21759,0.37180015207198075,0.31672028063638086
2459,0.2702,22,71,22,629573,46871,104519,21737,0.3712378025598783,0.3168289412313433
2460,0.2703,39,68,39,629641,46803,104558,21698,0.3706992142947662,0.31675449993430754
2461,0.2704,19,59,19,629700,46744,104577,21679,0.37023190977062476,0.31683790538269296
2462,0.2705,46,143,46,629843,46601,104623,21633,0.36909929033075656,0.3170413576809215
2463,0.2706,39,95,39,629938,46506,104662,21594,0.3683468508427322,0.31709251101321584
2464,0.2707,29,55,29,629993,46451,104691,21565,0.3679112279812445,0.31705775111738416
2465,0.2708,20,81,20,630074,46370,104711,21545,0.3672696743125079,0.3172347787675771
2466,0.2709,42,101,42,630175,46269,104753,21503,0.36646971233050313,0.3172844242460013
2467,0.271,64,116,64,630291,46153,104817,21439,0.3655509441135471,0.3171825068055391
2468,0.2711,30,69,30,630360,46084,104847,21409,0.3650044354327715,0.3172032655238321
2469,0.2712,55,136,55,630496,45948,104902,21354,0.3639272589025472,0.31728626192386555
2470,0.2713,29,84,29,630580,45864,104931,21325,0.36326194398682043,0.3173882629597107
2471,0.2714,37,65,37,630645,45799,104968,21288,0.3627471169686985,0.3173193018021375
2472,0.2715,19,74,19,630719,45725,104987,21269,0.3621610062096059,0.31747619189778187
2473,0.2716,33,116,33,630835,45609,105020,21236,0.3612422379926499,0.31769017877178546
2474,0.2717,29,54,29,630889,45555,105049,21207,0.3608145355468255,0.3176507594140379
2475,0.2718,27,76,27,630965,45479,105076,21180,0.36021258395640604,0.3177365397020657
2476,0.2719,33,74,33,631039,45405,105109,21147,0.3596264731973134,0.31775153263613415
2477,0.272,58,124,58,631163,45281,105167,21089,0.35864434165505005,0.31774898297423537
2478,0.2721,45,105,45,631268,45176,105212,21044,0.35781269801039156,0.31778918755662944
2479,0.2722,44,80,44,631348,45096,105256,21000,0.3571790647573185,0.3177196804647785
2480,0.2723,42,62,42,631410,45034,105298,20958,0.3566879989861868,0.3175839495696448
2481,0.2724,26,89,26,631499,44945,105324,20932,0.35598308199214296,0.3177436738163547
2482,0.2725,39,72,39,631571,44873,105363,20893,0.35541281206437714,0.3176869507040112
2483,0.2726,34,63,34,631634,44810,105397,20859,0.3549138258775821,0.31763845954712266
2484,0.2727,31,76,31,631710,44734,105428,20828,0.3543118742871626,0.3176840242823587
2485,0.2728,33,94,33,631804,44640,105461,20795,0.35356735521480165,0.3177962863910751
2486,0.2729,40,76,40,631880,44564,105501,20755,0.3529654036243822,0.3177482815107396
2487,0.273,41,83,41,631963,44481,105542,20714,0.35230800912431887,0.3177237518214587
2488,0.2731,20,50,20,632013,44431,105562,20694,0.3519119883411481,0.3177581573896353
2489,0.2732,23,61,23,632074,44370,105585,20671,0.3514288429856799,0.3178149167448225
2490,0.2733,17,59,17,632133,44311,105602,20654,0.35096153846153844,0.3179250365581467
2491,0.2734,33,95,33,632228,44216,105635,20621,0.35020909897351415,0.3180437096102534
2492,0.2735,45,143,45,632371,44073,105680,20576,0.3490764795336459,0.3182725177496945
2493,0.2736,28,92,28,632463,43981,105708,20548,0.34834780129261184,0.31843047312061246
2494,0.2737,22,59,22,632522,43922,105730,20526,0.3478804967684704,0.3184893247269116
2495,0.2738,37,130,37,632652,43792,105767,20489,0.3468508427322266,0.3187411521289339
2496,0.2739,31,83,31,632735,43709,105798,20458,0.34619344823216325,0.3188243177957517
2497,0.274,27,59,27,632794,43650,105825,20431,0.3457261437080218,0.31883085469952094
2498,0.2741,27,56,27,632850,43594,105852,20404,0.3452826004308706,0.31882246320197505
2499,0.2742,32,90,32,632940,43504,105884,20372,0.3445697630211634,0.31893042770367586
2500,0.2743,40,91,40,633031,43413,105924,20332,0.3438490051957927,0.3189583496744843
2501,0.2744,21,50,21,633081,43363,105945,20311,0.34345298441262195,0.31898420077268586
2502,0.2745,52,121,52,633202,43242,105997,20259,0.3424946141173489,0.31903434591581237
2503,0.2746,26,68,26,633270,43174,106023,20233,0.3419560258522367,0.31909726055482834
2504,0.2747,25,64,25,633334,43110,106048,20208,0.3414491192497782,0.3191509523358287
2505,0.2748,32,73,32,633407,43037,106080,20176,0.340870928906349,0.3191748532738519
2506,0.2749,34,75,34,633482,42962,106114,20142,0.340276897731593,0.3191873732251521
2507,0.275,25,72,25,633554,42890,106139,20117,0.33970662780382715,0.31928198454140017
2508,0.2751,38,72,38,633626,42818,106177,20079,0.33913635787606133,0.3192362115840183
2509,0.2752,24,62,24,633688,42756,106201,20055,0.33864529210492966,0.31929120695419594
2510,0.2753,22,45,22,633733,42711,106223,20033,0.338288873400076,0.3192815249266862
2511,0.2754,21,77,21,633810,42634,106244,20012,0.33767900139399315,0.31944577467037
2512,0.2755,47,132,47,633942,42502,106291,19965,0.3366335065264225,0.3196087534218067
2513,0.2756,51,147,51,634089,42355,106342,19914,0.33546920542390063,0.3198060029870401
2514,0.2757,33,92,33,634181,42263,106375,19881,0.33474052718286657,0.319918254376931
2515,0.2758,18,57,18,634238,42206,106393,19863,0.33428906349005194,0.32001482221398764
2516,0.2759,24,68,24,634306,42138,106417,19839,0.3337504752249398,0.3201026187133937
2517,0.276,51,102,51,634408,42036,106468,19788,0.33294259282727157,0.3200698757763975
2518,0.2761,53,102,53,634510,41934,106521,19735,0.33213471042960335,0.3200149183544406
2519,0.2762,37,57,37,634567,41877,106558,19698,0.33168324673678873,0.31990255785627286
2520,0.2763,24,61,24,634628,41816,106582,19674,0.3312001013813205,0.31995446414051065
2521,0.2764,39,83,39,634711,41733,106621,19635,0.33054270688125714,0.31995502542041454
2522,0.2765,27,70,27,634781,41663,106648,19608,0.32998827778481815,0.3200208907966248
2523,0.2766,28,102,28,634883,41561,106676,19580,0.32918039538714994,0.3202433718781178
2524,0.2767,28,78,28,634961,41483,106704,19552,0.3285626029654036,0.32034078807241745
2525,0.2768,17,41,17,635002,41442,106721,19535,0.32823786592320364,0.32036669563933945
2526,0.2769,22,66,22,635068,41376,106743,19513,0.3277151184894183,0.32046839330585164
2527,0.277,27,67,27,635135,41309,106770,19486,0.3271844506399696,0.3205197795871371
2528,0.2771,36,107,36,635242,41202,106806,19450,0.3263369661639843,0.3206819231022885
2529,0.2772,27,99,27,635341,41103,106833,19423,0.3255528450133063,0.32090341340911344
2530,0.2773,39,103,39,635444,41000,106872,19384,0.3247370421999747,0.32101218865924747
2531,0.2774,28,76,28,635520,40924,106900,19356,0.3241350906095552,0.3211015262110153
2532,0.2775,37,108,37,635628,40816,106937,19319,0.3232796857179065,0.3212604972146005
2533,0.2776,15,60,15,635688,40756,106952,19304,0.32280446077810165,0.32141192141192143
2534,0.2777,27,98,27,635786,40658,106979,19277,0.32202826004308704,0.3216317677483941
2535,0.2778,50,131,50,635917,40527,107029,19227,0.3209906855911798,0.32176925394115874
2536,0.2779,30,73,30,635990,40454,107059,19197,0.3204124952477506,0.32182193089805705
2537,0.278,28,68,28,636058,40386,107087,19169,0.31987390698263846,0.3218705398371253
2538,0.2781,20,60,20,636118,40326,107107,19149,0.3193986820428336,0.3219672131147541
2539,0.2782,32,83,32,636201,40243,107139,19117,0.31874128754277026,0.32205188679245284
2540,0.2783,18,53,18,636254,40190,107157,19099,0.3183215055126093,0.3221339540218253
2541,0.2784,20,41,20,636295,40149,107177,19079,0.3179967684704093,0.32212804754508
2542,0.2785,34,84,34,636379,40065,107211,19045,0.31733145355468256,0.32219590593808156
2543,0.2786,20,76,20,636455,39989,107231,19025,0.3167295019642631,0.32238112990137935
2544,0.2787,24,52,24,636507,39937,107255,19001,0.31631764034976556,0.3223896297804473
2545,0.2788,41,80,41,636587,39857,107296,18960,0.3156840070966924,0.3223557814917456
2546,0.2789,25,64,25,636651,39793,107321,18935,0.3151771004942339,0.3224186078190982
2547,0.279,27,80,27,636731,39713,107348,18908,0.31454346724116083,0.32254652769485337
2548,0.2791,21,37,21,636768,39676,107369,18887,0.3142504118616145,0.32250738520909106
2549,0.2792,36,69,36,636837,39607,107405,18851,0.3137039031808389,0.3224708337609908
2550,0.2793,46,92,46,636929,39515,107451,18805,0.31297522493980484,0.3224451303155007
2551,0.2794,46,119,46,637048,39396,107497,18759,0.31203269547585855,0.3225689966468919
2552,0.2795,18,90,18,637138,39306,107515,18741,0.3113198580661513,0.32285906248384927
2553,0.2796,22,66,22,637204,39240,107537,18719,0.310797110632366,0.3229696854673131
2554,0.2797,20,57,20,637261,39183,107557,18699,0.3103456469395514,0.32305379910853116
2555,0.2798,22,59,22,637320,39124,107579,18677,0.30987834241540996,0.3231258974758222
2556,0.2799,34,98,34,637418,39026,107613,18643,0.3091021416803954,0.3232759368118053
2557,0.28,26,89,26,637507,38937,107639,18617,0.30839722468635156,0.3234701323974007
2558,0.2801,23,68,23,637575,38869,107662,18594,0.3078586364212394,0.3235821311104537
2559,0.2802,28,54,28,637629,38815,107690,18566,0.30743093397541504,0.32355657796134607
2560,0.2803,39,99,39,637728,38716,107729,18527,0.30664681282473705,0.3236552940970948
2561,0.2804,35,78,35,637806,38638,107764,18492,0.30602902040299074,0.3236828286364432
2562,0.2805,52,101,52,637907,38537,107816,18440,0.3052290584209859,0.32363936325183845
2563,0.2806,42,123,42,638030,38414,107858,18398,0.304254847294386,0.323840033795677
2564,0.2807,19,65,19,638095,38349,107877,18379,0.3037400202762641,0.3239846284022
2565,0.2808,29,95,29,638190,38254,107906,18350,0.3029875807882398,0.3241820366051869
2566,0.2809,36,73,36,638263,38181,107942,18314,0.3024093904448105,0.3241702805558014
2567,0.281,36,56,36,638319,38125,107978,18278,0.30196584716765934,0.3240607769090297
2568,0.2811,38,101,38,638420,38024,108016,18240,0.30116588518565457,0.324185980378217
2569,0.2812,20,66,20,638486,37958,108036,18220,0.30064313775186924,0.3243262487094592
2570,0.2813,37,94,37,638580,37864,108073,18183,0.2998986186795083,0.32442414402198155
2571,0.2814,29,75,29,638655,37789,108102,18154,0.29930458750475225,0.3245088751050176
2572,0.2815,45,118,45,638773,37671,108147,18109,0.2983699784564694,0.32465041233416997
2573,0.2816,23,60,23,638833,37611,108170,18086,0.29789475351666456,0.32472125967287285
2574,0.2817,34,126,34,638959,37485,108204,18052,0.2968967811430744,0.3250445648846715
2575,0.2818,29,62,29,639021,37423,108233,18023,0.2964057153719427,0.3250550084767161
2576,0.2819,36,80,36,639101,37343,108269,17987,0.2957720821188696,0.3250858485450931
2577,0.282,25,69,25,639170,37274,108294,17962,0.295225573438094,0.3251864725903396
2578,0.2821,32,80,32,639250,37194,108326,17930,0.2945919401850209,0.325266671504245
2579,0.2822,32,96,32,639346,37098,108358,17898,0.29383158028133316,0.32544185031638667
2580,0.2823,22,73,22,639419,37025,108380,17876,0.29325338993790395,0.32560426950328775
2581,0.2824,34,86,34,639505,36939,108414,17842,0.2925722341908503,0.3256968657016119
2582,0.2825,19,59,19,639564,36880,108433,17823,0.2921049296667089,0.3258139407345118
2583,0.2826,20,50,20,639614,36830,108453,17803,0.29170890888353823,0.325865319495543
2584,0.2827,45,56,45,639670,36774,108498,17758,0.29126536560638705,0.32564365876916307
2585,0.2828,33,85,33,639755,36689,108531,17725,0.2905921302749968,0.32574337486676225
2586,0.2829,31,67,31,639822,36622,108562,17694,0.2900614624255481,0.32576036526990204
2587,0.283,23,45,23,639867,36577,108585,17671,0.28970504372069444,0.32574472791623654
2588,0.2831,26,61,26,639928,36516,108611,17645,0.2892218983652262,0.32578792858329797
2589,0.2832,18,52,18,639980,36464,108629,17627,0.2888100367507287,0.3258767632323307
2590,0.2833,18,30,18,640010,36434,108647,17609,0.28857242428082625,0.32583313287567306
2591,0.2834,35,58,35,640068,36376,108682,17574,0.28811304017234823,0.3257460611677479
2592,0.2835,48,116,48,640184,36260,108730,17526,0.2871942719553922,0.3258468746513963
2593,0.2836,34,126,34,640310,36134,108764,17492,0.28619629958180204,0.3261850594860702
2594,0.2837,25,79,25,640389,36055,108789,17467,0.28557058674439234,0.32635178057621167
2595,0.2838,28,54,28,640443,36001,108817,17439,0.285142884298568,0.32632859281437127
2596,0.2839,25,51,25,640494,35950,108842,17414,0.28473894309973385,0.3263248632036579
2597,0.284,27,74,27,640568,35876,108869,17387,0.28415283234064126,0.32643673844882937
2598,0.2841,26,81,26,640649,35795,108895,17361,0.2835112786719047,0.3266047106629543
2599,0.2842,34,75,34,640724,35720,108929,17327,0.28291724749714864,0.3266348709634852
2600,0.2843,36,80,36,640804,35640,108965,17291,0.28228361424407555,0.32667057112089326
2601,0.2844,28,80,28,640884,35560,108993,17263,0.2816499809910024,0.3268083978569941
2602,0.2845,39,91,39,640975,35469,109032,17224,0.28092922316563174,0.3268745374148369
2603,0.2846,33,64,33,641039,35405,109065,17191,0.28042231656317324,0.326849950566583
2604,0.2847,45,108,45,641147,35297,109110,17146,0.27956691167152453,0.3269454455313388
2605,0.2848,21,72,21,641219,35225,109131,17125,0.2789966417437587,0.3271251193887297
2606,0.2849,39,75,39,641294,35150,109170,17086,0.2784026105690027,0.32709242667891875
2607,0.285,16,70,16,641364,35080,109186,17070,0.2778481814725637,0.3273250239693193
2608,0.2851,23,46,23,641410,35034,109209,17047,0.27748384235204665,0.32731706380445846
2609,0.2852,35,76,35,641486,34958,109244,17012,0.27688189076162717,0.32734269771021746
2610,0.2853,34,87,34,641573,34871,109278,16978,0.27619281459891015,0.3274508669405389
2611,0.2854,49,151,49,641724,34720,109327,16929,0.27499683183373463,0.3277701407578075
2612,0.2855,23,68,23,641792,34652,109350,16906,0.2744582435686225,0.32790255634431126
2613,0.2856,36,88,36,641880,34564,109386,16870,0.27376124699024207,0.32799315627794845
2614,0.2857,27,68,27,641948,34496,109413,16843,0.2732226587251299,0.3280741736301837
2615,0.2858,54,91,54,642039,34405,109467,16789,0.27250190089975923,0.32794858772512403
2616,0.2859,52,102,52,642141,34303,109519,16737,0.271694018502091,0.3279192789968652
2617,0.286,31,49,31,642190,34254,109550,16706,0.2713059181345837,0.3278257456828885
2618,0.2861,29,72,29,642262,34182,109579,16677,0.2707356482068179,0.3279065652096974
2619,0.2862,28,48,28,642310,34134,109607,16649,0.27035546825497403,0.3278459326940118
2620,0.2863,15,58,15,642368,34076,109622,16634,0.269896084146496,0.32802208637349634
2621,0.2864,26,73,26,642441,34003,109648,16608,0.2693178938030668,0.3281500069154927
2622,0.2865,26,76,26,642517,33927,109674,16582,0.26871594221264733,0.3282979271021006
2623,0.2866,28,56,28,642573,33871,109702,16554,0.26827239893549615,0.3282895389191869
2624,0.2867,20,63,20,642636,33808,109722,16534,0.26777341274870103,0.3284335147590481
2625,0.2868,26,50,26,642686,33758,109748,16508,0.26737739196553034,0.32841284367166673
2626,0.2869,19,50,19,642736,33708,109767,16489,0.26698137118235965,0.3284857660816383
2627,0.287,43,74,43,642810,33634,109810,16446,0.266395260423267,0.32839456869009587
2628,0.2871,36,116,36,642926,33518,109846,16410,0.265476492206311,0.3286732895369332
2629,0.2872,29,96,29,643022,33422,109875,16381,0.26471613230262325,0.3289159287593117
2630,0.2873,21,59,21,643081,33363,109896,16360,0.2642488277784818,0.32902278623574605
2631,0.2874,53,112,53,643193,33251,109949,16307,0.26336174122417944,0.32904879131522663
2632,0.2875,23,68,23,643261,33183,109972,16284,0.2628231529590673,0.32918915640730184
2633,0.2876,21,62,21,643323,33121,109993,16263,0.2623320871879356,0.3293171877531184
2634,0.2877,21,60,21,643383,33061,110014,16242,0.26185686224813076,0.3294322860677849
2635,0.2878,26,72,26,643455,32989,110040,16216,0.261286592320365,0.3295600040646276
2636,0.2879,45,58,45,643513,32931,110085,16171,0.260827208211887,0.3293348539774347
2637,0.288,40,126,40,643639,32805,110125,16131,0.2598292358382968,0.3296346248160863
2638,0.2881,24,61,24,643700,32744,110149,16107,0.25934609048282853,0.32971689422939143
2639,0.2882,27,52,27,643752,32692,110176,16080,0.258934228868331,0.3296973673419175
2640,0.2883,18,33,18,643785,32659,110194,16062,0.25867285515143834,0.3296730362677285
2641,0.2884,27,97,27,643882,32562,110221,16035,0.2579045748320872,0.32995863942218656
2642,0.2885,16,67,16,643949,32495,110237,16019,0.25737390698263846,0.33019334625056684
2643,0.2886,35,62,35,644011,32433,110272,15984,0.2568828412115068,0.3301319784373257
2644,0.2887,23,60,23,644071,32373,110295,15961,0.25640761627170194,0.33022303140646336
2645,0.2888,26,84,26,644155,32289,110321,15935,0.25574230135597514,0.33043712674187126
2646,0.2889,20,58,20,644213,32231,110341,15915,0.25528291724749713,0.3305570556224816
2647,0.289,17,57,17,644270,32174,110358,15898,0.25483145355468256,0.3307122649359294
2648,0.2891,26,78,26,644348,32096,110384,15872,0.25421366113293625,0.33088725817211473
2649,0.2892,30,80,30,644428,32016,110414,15842,0.2535800278798631,0.33102093693844287
2650,0.2893,39,70,39,644498,31946,110453,15803,0.2530255987834242,0.3309598106766634
2651,0.2894,23,56,23,644554,31890,110476,15780,0.252582055506273,0.33102580239144114
2652,0.2895,22,54,22,644608,31836,110498,15758,0.2521543530604486,0.3310921544732529
2653,0.2896,33,102,33,644710,31734,110531,15725,0.2513464706627804,0.3313386291325144
2654,0.2897,29,78,29,644788,31656,110560,15696,0.25072867824103406,0.3314749113025849
2655,0.2898,20,57,20,644845,31599,110580,15676,0.2502772145482195,0.33159175039661554
2656,0.2899,36,91,36,644936,31508,110616,15640,0.24955645672284882,0.3317213879697972
2657,0.29,25,77,25,645013,31431,110641,15615,0.24894658471676592,0.33190919525570717
2658,0.2901,31,54,31,645067,31377,110672,15584,0.24851888227094157,0.3318498328400162
2659,0.2902,23,53,23,645120,31324,110695,15561,0.24809910024078063,0.33189719526501016
2660,0.2903,29,63,29,645183,31261,110724,15532,0.24760011405398555,0.33192998952834823
2661,0.2904,7,44,7,645227,31217,110731,15525,0.24725161576479535,0.33214239869924267
2662,0.2905,32,70,32,645297,31147,110763,15493,0.24669718666835636,0.3321826758147513
2663,0.2906,26,54,26,645351,31093,110789,15467,0.246269484222532,0.33219501718213057
2664,0.2907,20,44,20,645395,31049,110809,15447,0.24592098593334177,0.3322221266345492
2665,0.2908,17,55,17,645450,30994,110826,15430,0.245485363071854,0.33237118731690507
2666,0.2909,14,32,14,645482,30962,110840,15416,0.24523190977062476,0.33239898227607917
2667,0.291,21,37,21,645519,30925,110861,15395,0.24493885439107843,0.33236183074265974
2668,0.2911,39,66,39,645585,30859,110900,15356,0.24441610695729313,0.3322730715135778
2669,0.2912,30,40,30,645625,30819,110930,15326,0.24409929033075656,0.3321269910066096
2670,0.2913,28,67,28,645692,30752,110958,15298,0.2435686224813078,0.3322041259500543
2671,0.2914,33,98,33,645790,30654,110991,15265,0.24279242174629326,0.3324331975870555
2672,0.2915,26,66,26,645856,30588,111017,15239,0.24226967431250793,0.3325332227726013
2673,0.2916,20,46,20,645902,30542,111037,15219,0.24190533519199087,0.3325757741308101
2674,0.2917,23,51,23,645953,30491,111060,15196,0.24150139399315676,0.3326110272068641
2675,0.2918,18,47,18,646000,30444,111078,15178,0.2411291344569763,0.3326903686817763
2676,0.2919,15,49,15,646049,30395,111093,15163,0.240741034089469,0.3328284823741165
2677,0.292,44,67,44,646116,30328,111137,15119,0.2402103662400203,0.33267322375514335
2678,0.2921,52,109,52,646225,30219,111189,15067,0.23934704093270814,0.3327076800777282
2679,0.2922,20,57,20,646282,30162,111209,15047,0.23889557723989355,0.33283195823840384
2680,0.2923,29,70,29,646352,30092,111238,15018,0.23834114814345456,0.33291953003768565
2681,0.2924,31,59,31,646411,30033,111269,14987,0.23787384361931313,0.33289649044868946
2682,0.2925,38,79,38,646490,29954,111307,14949,0.23724813078190343,0.33291762243057255
2683,0.2926,33,96,33,646586,29858,111340,14916,0.23648777087821568,0.3331397686157145
2684,0.2927,40,93,40,646679,29765,111380,14876,0.23575117222151817,0.33323626262852535
2685,0.2928,23,53,23,646732,29712,111403,14853,0.23533139019135724,0.3332884550656345
2686,0.2929,31,68,31,646800,29644,111434,14822,0.23479280192624508,0.3333333333333333
2687,0.293,33,85,33,646885,29559,111467,14789,0.2341195665948549,0.3334761432308109
2688,0.2931,23,45,23,646930,29514,111490,14766,0.23376314789000127,0.33346883468834687
2689,0.2932,28,73,28,647003,29441,111518,14738,0.23318495754657204,0.3335974105344168
2690,0.2933,28,87,28,647090,29354,111546,14710,0.23249588138385502,0.33383260711692087
2691,0.2934,29,70,29,647160,29284,111575,14681,0.23194145228741606,0.3339247128397589
2692,0.2935,15,44,15,647204,29240,111590,14666,0.23159295399822583,0.33403179519883386
2693,0.2936,28,62,28,647266,29178,111618,14638,0.23110188822709415,0.3340788752966953
2694,0.2937,47,73,47,647339,29105,111665,14591,0.23052369788366495,0.33392072500915415
2695,0.2938,13,26,13,647365,29079,111678,14578,0.23031776707641616,0.33392124974230936
2696,0.2939,31,61,31,647426,29018,111709,14547,0.22983462172094793,0.3339148398944107
2697,0.294,24,56,24,647482,28962,111733,14523,0.22939107844379672,0.33397723352880304
2698,0.2941,24,58,24,647540,28904,111757,14499,0.2289316943353187,0.33405524963712185
2699,0.2942,31,92,31,647632,28812,111788,14468,0.22820301609428462,0.3342883548983364
2700,0.2943,44,106,44,647738,28706,111832,14424,0.22736345203396274,0.3344307906329701
2701,0.2944,14,34,14,647772,28672,111846,14410,0.22709415790140666,0.3344784364699875
2702,0.2945,12,46,12,647818,28626,111858,14398,0.22672981878088963,0.3346504276682782
2703,0.2946,43,104,43,647922,28522,111901,14355,0.22590609555189456,0.3347948783730205
2704,0.2947,22,84,22,648006,28438,111923,14333,0.2252407806361678,0.3351102382455402
2705,0.2948,28,67,28,648073,28371,111951,14305,0.22471011278671904,0.335200112475396
2706,0.2949,29,76,29,648149,28295,111980,14276,0.2241081611962996,0.33534565784219306
2707,0.295,19,55,19,648204,28240,111999,14257,0.22367253833481182,0.3354825046473869
2708,0.2951,28,43,28,648247,28197,112027,14229,0.223331960461285,0.3353839626644039
2709,0.2952,22,47,22,648294,28150,112049,14207,0.22295970092510456,0.33541091200982126
2710,0.2953,14,65,14,648359,28085,112063,14193,0.22244487390698264,0.3357065140262075
2711,0.2954,23,52,23,648411,28033,112086,14170,0.22203301229248512,0.33575812146055967
2712,0.2955,27,59,27,648470,27974,112113,14143,0.2215657077683437,0.3358026450127027
2713,0.2956,29,70,29,648540,27904,112142,14114,0.2210112786719047,0.33590366033604646
2714,0.2957,21,58,21,648598,27846,112163,14093,0.2205518945634267,0.33603567085528985
2715,0.2958,24,43,24,648641,27803,112187,14069,0.22021131668989988,0.3360001910584639
2716,0.2959,26,38,26,648679,27765,112213,14043,0.21991034089469016,0.3358926521239954
2717,0.296,18,28,18,648707,27737,112231,14025,0.21968856925611457,0.3358316172597098
2718,0.2961,17,46,17,648753,27691,112248,14008,0.21932423013559751,0.3359313172977769
2719,0.2962,39,60,39,648813,27631,112287,13969,0.21884900519579267,0.33579326923076924
2720,0.2963,26,56,26,648869,27575,112313,13943,0.2184054619186415,0.3358302423045426
2721,0.2964,32,82,32,648951,27493,112345,13911,0.21775598783424155,0.3359820307216694
2722,0.2965,32,67,32,649018,27426,112377,13879,0.2172253199847928,0.3360125892749062
2723,0.2966,20,50,20,649068,27376,112397,13859,0.2168292992016221,0.33609797502121985
2724,0.2967,27,56,27,649124,27320,112424,13832,0.21638575592447093,0.33611975116640747
2725,0.2968,25,71,25,649195,27249,112449,13807,0.21582340641236852,0.33629676539360875
2726,0.2969,26,75,26,649270,27174,112475,13781,0.21522937523761246,0.33649127090709313
2727,0.297,36,56,36,649326,27118,112511,13745,0.21478583196046128,0.33636786334826124
2728,0.2971,18,63,18,649389,27055,112529,13727,0.2142868457736662,0.33659457603844833
2729,0.2972,15,43,15,649432,27012,112544,13712,0.2139462679001394,0.33670562813083194
2730,0.2973,16,64,16,649496,26948,112560,13696,0.2134393612976809,0.3369747072138569
2731,0.2974,17,50,17,649546,26898,112577,13679,0.2130433405145102,0.3371121571333514
2732,0.2975,37,64,37,649610,26834,112614,13642,0.2125364339120517,0.3370392331258029
2733,0.2976,21,46,21,649656,26788,112635,13621,0.21217209479153465,0.33707837362963694
2734,0.2977,30,58,30,649714,26730,112665,13591,0.21171271068305664,0.3370700131445153
2735,0.2978,32,36,32,649750,26694,112697,13559,0.21142757571917375,0.336844458798102
2736,0.2979,30,59,30,649809,26635,112727,13529,0.21096027119503233,0.3368439398466288
2737,0.298,9,33,9,649842,26602,112736,13520,0.21069889747813966,0.33697223468421317
2738,0.2981,29,54,29,649896,26548,112765,13491,0.21027119503231528,0.33694647718474485
2739,0.2982,18,40,18,649936,26508,112783,13473,0.20995437840577874,0.33698506790725596
2740,0.2983,16,43,16,649979,26465,112799,13457,0.20961380053225193,0.3370823105054857
2741,0.2984,18,36,18,650015,26429,112817,13439,0.20932866556836902,0.33708738838165947
2742,0.2985,26,52,26,650067,26377,112843,13413,0.2089168039538715,0.3370947474239759
2743,0.2986,19,33,19,650100,26344,112862,13394,0.20865543023697883,0.3370577281191806
2744,0.2987,24,58,24,650158,26286,112886,13370,0.20819604612850082,0.3371494855759532
2745,0.2988,29,60,29,650218,26226,112915,13341,0.20772082118869598,0.3371749184926833
2746,0.2989,27,59,27,650277,26167,112942,13314,0.20725351666455455,0.33722550087383807
2747,0.299,20,44,20,650321,26123,112962,13294,0.20690501837536435,0.3372656468021412
2748,0.2991,19,43,19,650364,26080,112981,13275,0.20656444050183753,0.3373141913352814
2749,0.2992,17,52,17,650416,26028,112998,13258,0.20615257888734,0.3374739092806598
2750,0.2993,29,76,29,650492,25952,113027,13229,0.20555062729692053,0.3376381409356576
2751,0.2994,20,44,20,650536,25908,113047,13209,0.20520212900773033,0.3376792698826597
2752,0.2995,33,48,33,650584,25860,113080,13176,0.20482194905588647,0.33753458346142023
2753,0.2996,27,54,27,650638,25806,113107,13149,0.20439424661006209,0.3375433192144782
2754,0.2997,18,36,18,650674,25770,113125,13131,0.2041091116461792,0.33754916326058454
2755,0.2998,27,46,27,650720,25724,113152,13104,0.20374477252566214,0.3374884104254662
2756,0.2999,26,55,26,650775,25669,113178,13078,0.20330914966417438,0.3375229049990967
2757,0.3,41,75,41,650850,25594,113219,13037,0.2027151184894183,0.33747508477647487
2758,0.3001,25,75,25,650925,25519,113244,13012,0.20212108731466227,0.33770210998935923
2759,0.3002,13,34,13,650959,25485,113257,12999,0.2018517931821062,0.3377767383847833
2760,0.3003,25,62,25,651021,25423,113282,12974,0.20136072741097452,0.3378909810662291
2761,0.3004,20,69,20,651090,25354,113302,12954,0.20081421873019897,0.33815391041035814
2762,0.3005,31,83,31,651173,25271,113333,12923,0.2001568242301356,0.3383515735455831
2763,0.3006,19,34,19,651207,25237,113352,12904,0.1998875300975795,0.33832358878896723
2764,0.3007,29,47,29,651254,25190,113381,12875,0.19951527056139906,0.33823722579797716
2765,0.3008,13,51,13,651305,25139,113394,12862,0.19911132936256495,0.33846477724270413
2766,0.3009,18,52,18,651357,25087,113412,12844,0.19869946774806743,0.33861485328623026
2767,0.301,20,44,20,651401,25043,113432,12824,0.1983509694588772,0.33865899067789895
2768,0.3011,14,45,14,651446,24998,113446,12810,0.19799455075402358,0.3388171815488785
2769,0.3012,39,81,39,651527,24917,113485,12771,0.19735299708528703,0.3388611759711314
2770,0.3013,15,54,15,651581,24863,113500,12756,0.19692529463946268,0.33908397352401715
2771,0.3014,30,68,30,651649,24795,113530,12726,0.19638670637435052,0.3391700647637323
2772,0.3015,21,40,21,651689,24755,113551,12705,0.19606988974781397,0.33916177255739455
2773,0.3016,15,53,15,651742,24702,113566,12690,0.195650107717653,0.33937740693196405
2774,0.3017,22,45,22,651787,24657,113588,12668,0.1952936890127994,0.33939718687206966
2775,0.3018,26,60,26,651847,24597,113614,12642,0.19481846407299455,0.33948280029001854
2776,0.3019,31,78,31,651925,24519,113645,12611,0.19420067165124827,0.3396444923242661
2777,0.302,21,43,21,651968,24476,113666,12590,0.19386009377772145,0.3396643824529218
2778,0.3021,19,58,19,652026,24418,113685,12571,0.19340070966924344,0.3398577955608424
2779,0.3022,30,48,30,652074,24370,113715,12541,0.19302052971739958,0.3397632142179838
2780,0.3023,13,33,13,652107,24337,113728,12528,0.19275915600050691,0.3398345313983453
2781,0.3024,17,55,17,652162,24282,113745,12511,0.19232353313901915,0.3400375071345093
2782,0.3025,39,101,39,652263,24181,113784,12472,0.19152357115701432,0.3402722833055957
2783,0.3026,26,40,26,652303,24141,113810,12446,0.19120675453047775,0.3401754721622434
2784,0.3027,15,32,15,652335,24109,113825,12431,0.1909533012292485,0.3402025177887247
2785,0.3028,19,41,19,652376,24068,113844,12412,0.19062856418704854,0.3402412280701754
2786,0.3029,25,46,25,652422,24022,113869,12387,0.19026422506653148,0.34021807794776016
2787,0.303,37,63,37,652485,23959,113906,12350,0.1897652388797364,0.3401360544217687
2788,0.3031,16,50,16,652535,23909,113922,12334,0.1893692180965657,0.34031399166735643
2789,0.3032,23,55,23,652590,23854,113945,12311,0.18893359523507794,0.3404120005530209
2790,0.3033,25,51,25,652641,23803,113970,12286,0.18852965403624383,0.34043614397738925
2791,0.3034,42,82,42,652723,23721,114012,12244,0.18788017995184386,0.3404420964826915
2792,0.3035,18,71,18,652794,23650,114030,12226,0.18731783043974148,0.3407849258557253
2793,0.3036,21,52,21,652846,23598,114051,12205,0.18690596882524396,0.34089322123844373
2794,0.3037,23,43,23,652889,23555,114074,12182,0.18656539095171715,0.3408792008282732
2795,0.3038,17,44,17,652933,23511,114091,12165,0.18621689266252692,0.34098553649512275
2796,0.3039,18,52,18,652985,23459,114109,12147,0.1858050310480294,0.34115036791551984
2797,0.304,16,51,16,653036,23408,114125,12131,0.1854010898491953,0.34134331298010634
2798,0.3041,15,25,15,653061,23383,114140,12116,0.18520307945760994,0.3413053888841939
2799,0.3042,26,49,26,653110,23334,114166,12090,0.18481497909010264,0.3412940379403794
2800,0.3043,27,42,27,653152,23292,114193,12063,0.18448232163223927,0.34119643614764533
2801,0.3044,15,35,15,653187,23257,114208,12048,0.18420510708401977,0.34125477977623564
2802,0.3045,19,62,19,653249,23195,114227,12029,0.1837140413128881,0.3415001135589371
2803,0.3046,19,50,19,653299,23145,114246,12010,0.1833180205297174,0.341629924619542
2804,0.3047,14,31,14,653330,23114,114260,11996,0.18307248764415157,0.3416690401594987
2805,0.3048,27,72,27,653402,23042,114287,11969,0.18250221771638575,0.3418639856045243
2806,0.3049,23,67,23,653469,22975,114310,11946,0.181971549866937,0.34208642364193464
2807,0.305,26,68,26,653537,22907,114336,11920,0.18143296160182487,0.3422631866080914
2808,0.3051,30,45,30,653582,22862,114366,11890,0.18107654289697123,0.3421385819521179
2809,0.3052,23,40,23,653622,22822,114389,11867,0.18075972627043468,0.34209691833145955
2810,0.3053,20,31,20,653653,22791,114409,11847,0.18051419338486885,0.3420232115018188
2811,0.3054,19,21,19,653674,22770,114428,11828,0.18034786465593713,0.34186947222382796
2812,0.3055,14,33,14,653707,22737,114442,11814,0.18008649093904447,0.3419293218720153
2813,0.3056,14,50,14,653757,22687,114456,11800,0.17969047015587378,0.34215791457650707
2814,0.3057,27,82,27,653839,22605,114483,11773,0.17904099607147383,0.3424573855372622
2815,0.3058,20,47,20,653886,22558,114503,11753,0.17866873653529336,0.3425432077176416
2816,0.3059,37,57,37,653943,22501,114540,11716,0.17821727284247876,0.3424028991437005
2817,0.306,21,30,21,653973,22471,114561,11695,0.17797966037257634,0.34229936193876953
2818,0.3061,24,38,24,654011,22433,114585,11671,0.17767868457736663,0.3422179216514192
2819,0.3062,18,54,18,654065,22379,114603,11653,0.17725098213154225,0.3424130230371415
2820,0.3063,16,47,16,654112,22332,114619,11637,0.1768787225953618,0.3425770555506491
2821,0.3064,17,20,17,654132,22312,114636,11620,0.17672031428209353,0.342449605092538
2822,0.3065,11,55,11,654187,22257,114647,11609,0.17628469142060577,0.3427921809484439
2823,0.3066,48,91,48,654278,22166,114695,11561,0.1755639335952351,0.34278174756130103
2824,0.3067,35,65,35,654343,22101,114730,11526,0.17504910657711317,0.34276028191631724
2825,0.3068,25,67,25,654410,22034,114755,11501,0.17451843872766443,0.34295512151483526
2826,0.3069,15,25,15,654435,22009,114770,11486,0.17432042833607908,0.34291685326168087
2827,0.307,18,52,18,654487,21957,114788,11468,0.17390856672158156,0.3430964846671653
2828,0.3071,28,71,28,654558,21886,114816,11440,0.17334621720947915,0.3432755206145352
2829,0.3072,15,51,15,654609,21835,114831,11425,0.17294227601064505,0.34350571256764884
2830,0.3073,16,21,16,654630,21814,114847,11409,0.17277594728171333,0.343406676097884
2831,0.3074,32,58,32,654688,21756,114879,11377,0.17231656317323532,0.34337367579150696
2832,0.3075,17,57,17,654745,21699,114896,11360,0.17186509948042072,0.34362805892495235
2833,0.3076,13,30,13,654775,21669,114909,11347,0.1716274870105183,0.34368185122364914
2834,0.3077,32,62,32,654837,21607,114941,11315,0.17113642123938663,0.3436911487758945
2835,0.3078,19,29,19,654866,21578,114960,11296,0.17090672918514763,0.34361501490539637
2836,0.3079,33,58,33,654924,21520,114993,11263,0.17044734507666962,0.34356221212213645
2837,0.308,27,51,27,654975,21469,115020,11236,0.1700434038778355,0.34355603118789174
2838,0.3081,17,59,17,655034,21410,115037,11219,0.16957609935369408,0.34383523859143705
2839,0.3082,17,41,17,655075,21369,115054,11202,0.1692513623114941,0.34392557796813117
2840,0.3083,16,39,16,655114,21330,115070,11186,0.16894246610062097,0.34401525402878586
2841,0.3084,19,44,19,655158,21286,115089,11167,0.16859396781143074,0.3440976180938588
2842,0.3085,25,40,25,655198,21246,115114,11142,0.1682771511848942,0.34401630233419783
2843,0.3086,20,54,20,655252,21192,115134,11122,0.16784944873906982,0.34418518289286376
2844,0.3087,28,57,28,655309,21135,115162,11094,0.16739798504625522,0.34422414595550593
2845,0.3088,20,44,20,655353,21091,115182,11074,0.16704948675706502,0.3442872687704026
2846,0.3089,10,46,10,655399,21045,115192,11064,0.16668514763654796,0.3445762870223302
2847,0.309,24,43,24,655442,21002,115216,11040,0.16634456976302117,0.3445477810373884
2848,0.3091,19,65,19,655507,20937,115235,11021,0.16582974274489926,0.34485887727642534
2849,0.3092,14,35,14,655542,20902,115249,11007,0.16555252819667976,0.344949700711398
2850,0.3093,12,39,12,655581,20863,115261,10995,0.1652436319858066,0.3451252432669973
2851,0.3094,7,28,7,655609,20835,115268,10988,0.16502186034723101,0.3452848568645319
2852,0.3095,21,59,21,655668,20776,115289,10967,0.1645545558230896,0.345493494628737
2853,0.3096,14,44,14,655712,20732,115303,10953,0.16420605753389939,0.34568407763926146
2854,0.3097,17,48,17,655760,20684,115320,10936,0.1638258775820555,0.34585705249841875
2855,0.3098,21,24,21,655784,20660,115341,10915,0.16363578760613356,0.3456848772763262
2856,0.3099,37,84,37,655868,20576,115378,10878,0.1629704726904068,0.34583836713931454
2857,0.31,18,46,18,655914,20530,115396,10860,0.16260613356988976,0.345970054157375
2858,0.3101,12,21,12,655935,20509,115408,10848,0.16243980484095805,0.34595146219344963
2859,0.3102,30,65,30,656000,20444,115438,10818,0.16192497782283613,0.34604311944213423
2860,0.3103,19,49,19,656049,20395,115457,10799,0.16153687745532885,0.3461883695582484
2861,0.3104,28,47,28,656096,20348,115485,10771,0.1611646179191484,0.3461229473954819
2862,0.3105,23,46,23,656142,20302,115508,10748,0.16080027879863135,0.3461513687600644
2863,0.3106,22,42,22,656184,20260,115530,10726,0.16046762134076797,0.3461563286645582
2864,0.3107,9,22,9,656206,20238,115539,10717,0.16029337219617285,0.34621224357938946
2865,0.3108,22,43,22,656249,20195,115561,10695,0.15995279432264606,0.34622855292975074
2866,0.3109,32,78,32,656327,20117,115593,10663,0.15933500190089975,0.34642625081221573
2867,0.311,20,46,20,656373,20071,115613,10643,0.15897066278038272,0.3465195025070001
2868,0.3111,29,56,29,656429,20015,115642,10614,0.15852711950323153,0.34653433020993174
2869,0.3112,12,37,12,656466,19978,115654,10602,0.1582340641236852,0.34669718770438196
2870,0.3113,19,49,19,656515,19929,115673,10583,0.15784596375617793,0.3468471421080231
2871,0.3114,23,60,23,656575,19869,115696,10560,0.1573707388163731,0.34703736567090604
2872,0.3115,17,49,17,656624,19820,115713,10543,0.15698263844886579,0.3472318282119685
2873,0.3116,31,59,31,656683,19761,115744,10512,0.15651533392472436,0.3472401149539193
2874,0.3117,21,40,21,656723,19721,115765,10491,0.15619851729818782,0.3472461273666093
2875,0.3118,13,28,13,656751,19693,115778,10478,0.15597674565961223,0.3472871300255212
2876,0.3119,32,53,32,656804,19640,115810,10446,0.15555696362945126,0.34720467991756965
2877,0.312,16,59,16,656863,19581,115826,10430,0.15508965910530984,0.34753923561360833
2878,0.3121,16,47,16,656910,19534,115842,10414,0.1547173995691294,0.34773607586483235
2879,0.3122,23,46,23,656956,19488,115865,10391,0.15435306044861236,0.34776933632317014
2880,0.3123,15,19,15,656975,19469,115880,10376,0.15420257255100747,0.3476629251130843
2881,0.3124,30,70,30,657045,19399,115910,10346,0.1536481434545685,0.3478231635569003
2882,0.3125,16,30,16,657075,19369,115926,10330,0.1534105309846661,0.3478231590289235
2883,0.3126,24,49,24,657124,19320,115950,10306,0.15302243061715878,0.3478701140889759
2884,0.3127,20,45,20,657169,19275,115970,10286,0.15266601191230517,0.3479584587801495
2885,0.3128,32,71,32,657240,19204,116002,10254,0.15210366240020276,0.34808880439948403
2886,0.3129,31,54,31,657294,19150,116033,10223,0.1516759599543784,0.3480407176658836
2887,0.313,14,32,14,657326,19118,116047,10209,0.15142250665314916,0.3481092508609813
2888,0.3131,15,26,15,657352,19092,116062,10194,0.1512165758459004,0.3480844089325958
2889,0.3132,13,38,13,657390,19054,116075,10181,0.15091560005069066,0.3482469642551736
2890,0.3133,32,89,32,657479,18965,116107,10149,0.1502106830566468,0.3485951775777976
2891,0.3134,27,39,27,657518,18926,116134,10122,0.14990178684577365,0.3484577251445883
2892,0.3135,21,30,21,657548,18896,116155,10101,0.14966417437587123,0.3483463806600683
2893,0.3136,10,24,10,657572,18872,116165,10091,0.1494740843999493,0.3484100403963678
2894,0.3137,24,45,24,657617,18827,116189,10067,0.14911766569509569,0.3484114348999792
2895,0.3138,21,51,21,657668,18776,116210,10046,0.14871372449626155,0.3485531885365346
2896,0.3139,20,27,20,657695,18749,116230,10026,0.14849987327334938,0.3484274543874891
2897,0.314,17,53,17,657748,18696,116247,10009,0.14808009124318844,0.34868489810137604
2898,0.3141,28,52,28,657800,18644,116275,9981,0.14766822962869092,0.3486812227074236
2899,0.3142,18,47,18,657847,18597,116293,9963,0.14729597009251044,0.34884453781512603
2900,0.3143,15,30,15,657877,18567,116308,9948,0.14705835762260802,0.34886901630720674
2901,0.3144,18,18,18,657895,18549,116326,9930,0.14691579014066658,0.3486779732434425
2902,0.3145,17,41,17,657936,18508,116343,9913,0.1465910530984666,0.348791386650716
2903,0.3146,20,41,20,657977,18467,116363,9893,0.14626631605626664,0.348836389280677
2904,0.3147,32,53,32,658030,18414,116395,9861,0.1458465340261057,0.3487533156498674
2905,0.3148,21,57,21,658087,18357,116416,9840,0.1453950703332911,0.3489732950313863
2906,0.3149,24,53,24,658140,18304,116440,9816,0.14497528830313014,0.34907539118065434
2907,0.315,16,30,16,658170,18274,116456,9800,0.14473767583322772,0.34907743819904535
2908,0.3151,22,51,22,658221,18223,116478,9778,0.1443337346343936,0.34920181422092067
2909,0.3152,19,39,19,658260,18184,116497,9759,0.14402483842352046,0.34924668074294096
2910,0.3153,14,20,14,658280,18164,116511,9745,0.14386643011025219,0.3491705184707442
2911,0.3154,12,25,12,658305,18139,116523,9733,0.14366841971866684,0.3492035017221584
2912,0.3155,19,39,19,658344,18100,116542,9714,0.14335952350779368,0.34924857985187313
2913,0.3156,25,50,25,658394,18050,116567,9689,0.142963502724623,0.34929161108908036
2914,0.3157,21,37,21,658431,18013,116588,9668,0.14267044734507667,0.34926483869802394
2915,0.3158,10,37,10,658468,17976,116598,9658,0.14237739196553034,0.34949699645364407
2916,0.3159,23,40,23,658508,17936,116621,9635,0.1420605753389938,0.3494613905915636
2917,0.316,14,28,14,658536,17908,116635,9621,0.1418388037004182,0.349485996585419
2918,0.3161,27,63,27,658599,17845,116662,9594,0.14133981751362312,0.3496483107984985
2919,0.3162,11,10,11,658609,17835,116673,9583,0.14126061335698897,0.3495149172076738
2920,0.3163,29,80,29,658689,17755,116702,9554,0.14062698010391586,0.3498480354461899
2921,0.3164,14,36,14,658725,17719,116716,9540,0.14034184514003295,0.3499761546645145
2922,0.3165,8,22,8,658747,17697,116724,9532,0.14016759599543785,0.35006794226743543
2923,0.3166,28,48,28,658795,17649,116752,9504,0.13978741604359396,0.3500165727543918
2924,0.3167,2,16,2,658811,17633,116754,9502,0.13966068939297935,0.3501750506725631
2925,0.3168,11,37,11,658848,17596,116765,9491,0.13936763401343302,0.3503894857311626
2926,0.3169,18,28,18,658876,17568,116783,9473,0.13914586237485743,0.35031988461965163
2927,0.317,18,37,18,658913,17531,116801,9455,0.1388528069953111,0.3503668568887571
2928,0.3171,18,34,18,658947,17497,116819,9437,0.13858351286275503,0.35037499071805156
2929,0.3172,17,56,17,659003,17441,116836,9420,0.13813996958560384,0.3506943151781393
2930,0.3173,18,45,18,659048,17396,116854,9402,0.13778355088075023,0.3508470781401597
2931,0.3174,26,51,26,659099,17345,116880,9376,0.13737960968191612,0.35088507166647953
2932,0.3175,23,57,23,659156,17288,116903,9353,0.1369281459891015,0.3510754100822041
2933,0.3176,10,35,10,659191,17253,116913,9343,0.13665093144088203,0.3512934275830952
2934,0.3177,15,64,15,659255,17189,116928,9328,0.13614402483842353,0.3517743334464683
2935,0.3178,20,33,20,659288,17156,116948,9308,0.13588265112153086,0.35172309552599756
2936,0.3179,16,53,16,659341,17103,116964,9292,0.13546286909136993,0.3520363705247206
2937,0.318,30,39,30,659380,17064,116994,9262,0.13515397288049677,0.3518194940363139
2938,0.3181,21,49,21,659429,17015,117015,9241,0.1347658725129895,0.3519576477757465
2939,0.3182,17,28,17,659457,16987,117032,9224,0.1345441008744139,0.3519133188356034
2940,0.3183,14,45,14,659502,16942,117046,9210,0.13418768216956026,0.35217191801774245
2941,0.3184,18,27,18,659529,16915,117064,9192,0.13397383094664808,0.3520894779177998
2942,0.3185,28,35,28,659564,16880,117092,9164,0.13369661639842859,0.35186607279987714
2943,0.3186,25,49,25,659613,16831,117117,9139,0.1333085160309213,0.35190604543704274
2944,0.3187,20,38,20,659651,16793,117137,9119,0.13300754023571157,0.35192188947205927
2945,0.3188,19,28,19,659679,16765,117156,9100,0.13278576859713598,0.35182679296346414
2946,0.3189,22,33,22,659712,16732,117178,9078,0.1325243948802433,0.35172413793103446
2947,0.319,24,51,24,659763,16681,117202,9054,0.1321204536814092,0.351816592189625
2948,0.3191,9,21,9,659784,16660,117211,9045,0.13195412495247752,0.35187706671853725
2949,0.3192,8,22,8,659806,16638,117219,9037,0.1317798758078824,0.35197663096397275
2950,0.3193,15,38,15,659844,16600,117234,9022,0.13147890001267268,0.35211927250019515
2951,0.3194,15,26,15,659870,16574,117249,9007,0.1312729692054239,0.3520972596849224
2952,0.3195,6,23,6,659893,16551,117255,9001,0.13109079964516537,0.3522620538509706
2953,0.3196,40,98,40,659991,16453,117295,8961,0.1303145989101508,0.35260092862201936
2954,0.3197,29,46,29,660037,16407,117324,8932,0.12995025978963376,0.3525000986621414
2955,0.3198,8,18,8,660055,16389,117332,8924,0.12980769230769232,0.3525461225457275
2956,0.3199,19,38,19,660093,16351,117351,8905,0.12950671651248258,0.3525894836870447
2957,0.32,26,33,26,660126,16318,117377,8879,0.1292453427955899,0.3523832202246299
2958,0.3201,16,32,16,660158,16286,117393,8863,0.12899188949436066,0.3524195793073283
2959,0.3202,12,41,12,660199,16245,117405,8851,0.12866715245216068,0.35268568696206565
2960,0.3203,26,59,26,660258,16186,117431,8825,0.12819984792801925,0.35284474831074325
2961,0.3204,21,41,21,660299,16145,117452,8804,0.1278751108858193,0.3528798749448876
2962,0.3205,18,27,18,660326,16118,117470,8786,0.12766125966290712,0.35279473176999676
2963,0.3206,10,18,10,660344,16100,117480,8776,0.12751869218096565,0.3527898375944686
2964,0.3207,43,90,43,660434,16010,117523,8733,0.12680585477125839,0.3529483086125369
2965,0.3208,16,38,16,660472,15972,117539,8717,0.12650487897604867,0.3530722183968569
2966,0.3209,29,52,29,660524,15920,117568,8688,0.12609301736155112,0.3530559167750325
2967,0.321,16,36,16,660560,15884,117584,8672,0.12580788239766824,0.35315197914969865
2968,0.3211,15,38,15,660598,15846,117599,8657,0.1255069066024585,0.35330367710076316
2969,0.3212,19,29,19,660627,15817,117618,8638,0.1252772145482195,0.3532202003680229
2970,0.3213,10,18,10,660645,15799,117628,8628,0.12513464706627803,0.3532157039341712
2971,0.3214,7,28,7,660673,15771,117635,8621,0.12491287542770245,0.3534355526402099
2972,0.3215,18,40,18,660713,15731,117653,8603,0.12459605880116588,0.35353825922577464
2973,0.3216,29,37,29,660750,15694,117682,8574,0.12430300342161957,0.3533047634745344
2974,0.3217,19,35,19,660785,15659,117701,8555,0.12402578887340007,0.3533080036342612
2975,0.3218,18,53,18,660838,15606,117719,8537,0.12360600684323914,0.35360145797953857
2976,0.3219,14,25,14,660863,15581,117733,8523,0.12340799645165379,0.3535927646863591
2977,0.322,19,51,19,660914,15530,117752,8504,0.12300405525281967,0.3538320712324207
2978,0.3221,17,26,17,660940,15504,117769,8487,0.12279812444557091,0.35375765912217083
2979,0.3222,23,36,23,660976,15468,117792,8464,0.122512989481688,0.3536687280628447
2980,0.3223,20,39,20,661015,15429,117812,8444,0.12220409327081486,0.35370502241025426
2981,0.3224,15,27,15,661042,15402,117827,8429,0.12199024204790268,0.35369896353489155
2982,0.3225,9,21,9,661063,15381,117836,8420,0.12182391331897098,0.3537666484601487
2983,0.3226,26,46,26,661109,15335,117862,8394,0.12145957419845393,0.35374436343714444
2984,0.3227,12,24,12,661133,15311,117874,8382,0.121269484222532,0.3537753766935382
2985,0.3228,12,27,12,661160,15284,117886,8370,0.12105563299961981,0.3538513570643443
2986,0.3229,26,50,26,661210,15234,117912,8344,0.12065961221644912,0.35388921876325385
2987,0.323,23,50,23,661260,15184,117935,8321,0.12026359143327842,0.3540097851520953
2988,0.3231,16,66,16,661326,15118,117951,8305,0.1197408439994931,0.35456602484737226
2989,0.3232,14,34,14,661360,15084,117965,8291,0.11947154986693702,0.3546951871657754
2990,0.3233,15,46,15,661406,15038,117980,8276,0.11910721074641997,0.3549798404392211
2991,0.3234,22,61,22,661467,14977,118002,8254,0.11862406539095172,0.3553011062804012
2992,0.3235,20,40,20,661507,14937,118022,8234,0.11830724876441516,0.3553579905916879
2993,0.3236,14,53,14,661560,14884,118036,8220,0.11788746673425421,0.3557825484764543
2994,0.3237,13,21,13,661581,14863,118049,8207,0.11772113800532252,0.3557433896835717
2995,0.3238,40,60,40,661641,14803,118089,8167,0.11724591306551768,0.35555071832825424
2996,0.3239,18,32,18,661673,14771,118107,8149,0.11699245976428843,0.3555410122164049
2997,0.324,22,28,22,661701,14743,118129,8127,0.11677068812571284,0.3553563620463489
2998,0.3241,17,22,17,661723,14721,118146,8110,0.11659643898111773,0.35521878148131925
2999,0.3242,17,35,17,661758,14686,118163,8093,0.11631922443289824,0.35528337503841256
3000,0.3243,26,47,26,661805,14639,118189,8067,0.11594696489671778,0.35528054258786224
3001,0.3244,3,12,3,661817,14627,118192,8064,0.11585191990875682,0.3553831915737517
3002,0.3245,15,43,15,661860,14584,118207,8049,0.11551134203523,0.3556311580435647
3003,0.3246,18,39,18,661899,14545,118225,8031,0.11520244582435686,0.35573175053153794
3004,0.3247,13,25,13,661924,14520,118238,8018,0.11500443543277152,0.3557547253527376
3005,0.3248,24,31,24,661955,14489,118262,7994,0.11475890254720568,0.3555575323577814
3006,0.3249,7,25,7,661980,14464,118269,7987,0.11456089215562033,0.35575252772705
3007,0.325,15,45,15,662025,14419,118284,7972,0.1142044734507667,0.35603590728417667
3008,0.3251,22,47,22,662072,14372,118306,7950,0.11383221391458624,0.35615088253740707
3009,0.3252,28,57,28,662129,14315,118334,7922,0.11338075022177165,0.35625309169402347
3010,0.3253,34,84,34,662213,14231,118368,7888,0.11271543530604486,0.3566164835661648
3011,0.3254,16,48,16,662261,14183,118384,7872,0.11233525535420098,0.35692586715030605
3012,0.3255,20,34,20,662295,14149,118404,7852,0.11206596122164492,0.356892868505977
3013,0.3256,23,29,23,662324,14120,118427,7829,0.11183626916740591,0.35669050981821493
3014,0.3257,15,23,15,662347,14097,118442,7814,0.11165409960714738,0.35662452649354204
3015,0.3258,25,50,25,662397,14047,118467,7789,0.11125807882397669,0.3567045246382121
3016,0.3259,33,61,33,662458,13986,118500,7756,0.11077493346850843,0.3567289117836446
3017,0.326,17,49,17,662507,13937,118517,7739,0.11038683310100114,0.35703081749400256
3018,0.3261,14,37,14,662544,13900,118531,7725,0.11009377772145482,0.35722543352601155
3019,0.3262,7,16,7,662560,13884,118538,7718,0.10996705107084019,0.3572817331728544
3020,0.3263,10,14,10,662574,13870,118548,7708,0.1098561652515524,0.35721568263972564
3021,0.3264,29,50,29,662624,13820,118577,7679,0.1094601444683817,0.357179403693195
3022,0.3265,17,23,17,662647,13797,118594,7662,0.10927797490812317,0.3570529847616385
3023,0.3266,19,29,19,662676,13768,118613,7643,0.10904828285388417,0.35696604549063565
3024,0.3267,15,37,15,662713,13731,118628,7628,0.10875522747433786,0.3571328245704387
3025,0.3268,13,21,13,662734,13710,118641,7615,0.10858889874540616,0.3570926143024619
3026,0.3269,23,56,23,662790,13654,118664,7592,0.10814535546825498,0.35733785183093286
3027,0.327,14,34,14,662824,13620,118678,7578,0.1078760613356989,0.357486555335409
3028,0.3271,20,42,20,662866,13578,118698,7558,0.10754340387783551,0.3575889477668433
3029,0.3272,6,13,6,662879,13565,118704,7552,0.10744043847421113,0.3576265568025761
3030,0.3273,8,21,8,662900,13544,118712,7544,0.10727410974527943,0.3577389984825493
3031,0.3274,22,49,22,662949,13495,118734,7522,0.10688600937777215,0.35790074701432173
3032,0.3275,10,28,10,662977,13467,118744,7512,0.10666423773919655,0.3580723580723581
3033,0.3276,17,41,17,663018,13426,118761,7495,0.10633950069699658,0.35825247359112855
3034,0.3277,19,44,19,663062,13382,118780,7476,0.10599100240780636,0.35842362642631126
3035,0.3278,14,34,14,663096,13348,118794,7462,0.10572170827525028,0.3585776069197501
3036,0.3279,12,33,12,663129,13315,118806,7450,0.10546033455835763,0.35877678786419454
3037,0.328,18,37,18,663166,13278,118824,7432,0.1051672791788113,0.3588604538870111
3038,0.3281,7,16,7,663182,13262,118831,7425,0.10504055252819668,0.3589210615362305
3039,0.3282,14,36,14,663218,13226,118845,7411,0.10475541756431378,0.3591122740708436
3040,0.3283,20,34,20,663252,13192,118865,7391,0.1044861234317577,0.3590827381819949
3041,0.3284,17,23,17,663275,13169,118882,7374,0.10430395387149918,0.358954388356131
3042,0.3285,25,23,25,663298,13146,118907,7349,0.10412178431124065,0.3585752622590876
3043,0.3286,21,42,21,663340,13104,118928,7328,0.10378912685337727,0.3586530931871574
3044,0.3287,22,41,22,663381,13063,118950,7306,0.1034643898111773,0.35868231135549117
3045,0.3288,7,25,7,663406,13038,118957,7299,0.10326637941959194,0.3589024929930668
3046,0.3289,29,54,29,663460,12984,118986,7270,0.10283867697376758,0.3589414436654488
3047,0.329,12,23,12,663483,12961,118998,7258,0.10265650741350905,0.35896928631485236
3048,0.3291,15,41,15,663524,12920,119013,7243,0.10233177037130908,0.3592223379457422
3049,0.3292,6,32,6,663556,12888,119019,7237,0.10207831707007983,0.3596024844720497
3050,0.3293,11,25,11,663581,12863,119030,7226,0.10188030667849449,0.3596993379461397
3051,0.3294,21,23,21,663604,12840,119051,7205,0.10169813711823597,0.35944125717136444
3052,0.3295,28,58,28,663662,12782,119079,7177,0.10123875300975795,0.35958715366501326
3053,0.3296,13,31,13,663693,12751,119092,7164,0.10099322012419212,0.35972884760230983
3054,0.3297,17,35,17,663728,12716,119109,7147,0.10071600557597263,0.35981473090671096
3055,0.3298,7,15,7,663743,12701,119116,7140,0.10059719934102142,0.35986089410815986
3056,0.3299,13,20,13,663763,12681,119129,7127,0.10043879102775313,0.3598041195476575
3057,0.33,9,23,9,663786,12658,119138,7118,0.10025662146749462,0.35993122977346276
3058,0.3301,15,43,15,663829,12615,119153,7103,0.09991604359396782,0.36022923217364844
3059,0.3302,20,58,20,663887,12557,119173,7083,0.0994566594854898,0.36064154786150715
3060,0.3303,27,40,27,663927,12517,119200,7056,0.09913984285895323,0.360496602462576
3061,0.3304,12,23,12,663950,12494,119212,7044,0.09895767329869472,0.36052820145357767
3062,0.3305,13,23,13,663973,12471,119225,7031,0.09877550373843619,0.36052712542303356
3063,0.3306,11,22,11,663995,12449,119236,7020,0.09860125459384109,0.3605732189634804
3064,0.3307,15,17,15,664012,12432,119251,7005,0.09846660752756305,0.360395122704121
3065,0.3308,7,14,7,664026,12418,119258,6998,0.09835572170827525,0.3604243922538113
3066,0.3309,13,35,13,664061,12383,119271,6985,0.09807850716005576,0.36064642709624123
3067,0.331,14,32,14,664093,12351,119285,6971,0.0978250538588265,0.3607804575095746
3068,0.3311,12,24,12,664117,12327,119297,6959,0.09763496388290457,0.3608316913823499
3069,0.3312,12,25,12,664142,12302,119309,6947,0.09743695349131923,0.3609018650319497
3070,0.3313,14,22,14,664164,12280,119323,6933,0.09726270434672411,0.36084942486857857
3071,0.3314,26,35,26,664199,12245,119349,6907,0.09698548979850463,0.36064118629908104
3072,0.3315,21,50,21,664249,12195,119370,6886,0.09658946901533393,0.3608825533252974
3073,0.3316,12,38,12,664287,12157,119382,6874,0.09628849322012419,0.3612001471283695
3074,0.3317,34,73,34,664360,12084,119416,6840,0.09571030287669496,0.3614457831325301
3075,0.3318,18,35,18,664395,12049,119434,6822,0.09543308832847548,0.36150707434688145
3076,0.3319,26,64,26,664459,11985,119460,6796,0.09492618172601698,0.3618550662903999
3077,0.332,17,50,17,664509,11935,119477,6779,0.09453016094284628,0.3622421716362082
3078,0.3321,11,19,11,664528,11916,119488,6768,0.09437967304524142,0.3622350674373796
3079,0.3322,11,23,11,664551,11893,119499,6757,0.09419750348498289,0.36230563002680966
3080,0.3323,18,42,18,664593,11851,119517,6739,0.0938648460271195,0.3625067240451856
3081,0.3324,16,32,16,664625,11819,119533,6723,0.09361139272589025,0.36258224571243663
3082,0.3325,14,21,14,664646,11798,119547,6709,0.09344506399695857,0.36251148214189227
3083,0.3326,8,21,8,664667,11777,119555,6701,0.09327873526802687,0.3626474726702024
3084,0.3327,24,38,24,664705,11739,119579,6677,0.09297775947281714,0.36256516072980016
3085,0.3328,14,35,14,664740,11704,119593,6663,0.09270054492459764,0.36277018565906244
3086,0.3329,20,37,20,664777,11667,119613,6643,0.09240748954505132,0.36280720917531406
3087,0.333,17,16,17,664793,11651,119630,6626,0.0922807628944367,0.3625321442249822
3088,0.3331,8,20,8,664813,11631,119638,6618,0.09212235458116842,0.36265000821962845
3089,0.3332,8,24,8,664837,11607,119646,6610,0.09193226460524648,0.3628478893341384
3090,0.3333,7,11,7,664848,11596,119653,6603,0.09184514003294893,0.3628221330842354
3091,0.3334,13,29,13,664877,11567,119666,6590,0.09161544797870992,0.3629454204989811
3092,0.3335,8,23,8,664900,11544,119674,6582,0.0914332784184514,0.3631247931148626
3093,0.3336,19,42,19,664942,11502,119693,6563,0.091100620960588,0.3632991973429283
3094,0.3337,13,19,13,664961,11483,119706,6550,0.09095013306298315,0.36322298009205345
3095,0.3338,19,32,19,664993,11451,119725,6531,0.0906966797617539,0.3631965298631965
3096,0.3339,23,41,23,665034,11410,119748,6508,0.09037194271955393,0.36321017970755665
3097,0.334,17,32,17,665066,11378,119765,6491,0.09011848941832468,0.3632547988135878
3098,0.3341,17,35,17,665101,11343,119782,6474,0.08984127487010518,0.3633608351574339
3099,0.3342,9,21,9,665122,11322,119791,6465,0.0896749461411735,0.3634677011300388
3100,0.3343,13,52,13,665174,11270,119804,6452,0.08926308452667596,0.3640672610314863
3101,0.3344,15,30,15,665204,11240,119819,6437,0.08902547205677354,0.3641454998020026
3102,0.3345,18,26,18,665230,11214,119837,6419,0.08881954124952478,0.36403334656609765
3103,0.3346,9,22,9,665252,11192,119846,6410,0.08864529210492966,0.36416316327690035
3104,0.3347,19,30,19,665282,11162,119865,6391,0.08840767963502724,0.36409730530393664
3105,0.3348,15,37,15,665319,11125,119880,6376,0.08811462425548093,0.3643220387406434
3106,0.3349,8,13,8,665332,11112,119888,6368,0.08801165885185655,0.3643020594965675
3107,0.335,22,30,22,665362,11082,119910,6346,0.08777404638195413,0.3641266926784485
3108,0.3351,13,15,13,665377,11067,119923,6333,0.08765524014700292,0.3639655172413793
3109,0.3352,8,11,8,665388,11056,119931,6325,0.08756811557470535,0.3639031125942121
3110,0.3353,22,29,22,665417,11027,119953,6303,0.08733842352046635,0.36370455856895556
3111,0.3354,10,16,10,665433,11011,119963,6293,0.08721169686985172,0.3636731391585761
3112,0.3355,14,40,14,665473,10971,119977,6279,0.08689488024331517,0.364
3113,0.3356,10,17,10,665490,10954,119987,6269,0.08676023317703713,0.36399001335423564
3114,0.3357,19,33,19,665523,10921,120006,6250,0.08649885946014446,0.3639857899947586
3115,0.3358,14,24,14,665547,10897,120020,6236,0.08630876948422253,0.3639759528395494
3116,0.3359,7,23,7,665570,10874,120027,6229,0.08612659992396401,0.36420511021458224
3117,0.336,11,28,11,665598,10846,120038,6218,0.08590482828538842,0.3643928738865448
3118,0.3361,10,21,10,665619,10825,120048,6208,0.08573849955645672,0.36446897199553807
3119,0.3362,4,16,4,665635,10809,120052,6204,0.0856117729058421,0.36466231705166635
3120,0.3363,15,23,15,665658,10786,120067,6189,0.08542960334558358,0.36459499263622974
3121,0.3364,14,26,14,665684,10760,120081,6175,0.08522367253833481,0.3646294656037792
3122,0.3365,10,31,10,665715,10729,120091,6165,0.08497813965276897,0.3649224576772819
3123,0.3366,9,17,9,665732,10712,120100,6156,0.08484349258649095,0.36495138724211523
3124,0.3367,6,8,6,665740,10704,120106,6150,0.08478012926118363,0.36489854040583836
3125,0.3368,6,25,6,665765,10679,120112,6144,0.08458211886959828,0.3652142899601736
3126,0.3369,6,14,6,665779,10665,120118,6138,0.08447123305031048,0.3652919121585431
3127,0.337,9,35,9,665814,10630,120127,6129,0.08419401850209099,0.3657139447461066
3128,0.3371,8,19,8,665833,10611,120135,6121,0.08404353060448612,0.36582596222806596
3129,0.3372,9,42,9,665875,10569,120144,6112,0.08371087314662273,0.36640489179305796
3130,0.3373,4,27,4,665902,10542,120148,6108,0.08349702192371056,0.3668468468468468
3131,0.3374,25,61,25,665963,10481,120173,6083,0.0830138765682423,0.36724221202608065
3132,0.3375,9,22,9,665985,10459,120182,6074,0.0828396274236472,0.3673864392427267
3133,0.3376,14,22,14,666007,10437,120196,6060,0.08266537827905208,0.3673395162756865
3134,0.3377,18,30,18,666037,10407,120214,6042,0.08242776580914966,0.367317162137516
3135,0.3378,13,22,13,666059,10385,120227,6029,0.08225351666455455,0.3673083952723285
3136,0.3379,5,24,5,666083,10361,120232,6024,0.08206342668863262,0.3676533414708575
3137,0.338,31,33,31,666116,10328,120263,5993,0.08180205297173995,0.3671956375222106
3138,0.3381,15,36,15,666152,10292,120278,5978,0.08151691800785706,0.36742470805162875
3139,0.3382,15,29,15,666181,10263,120293,5963,0.08128722595361805,0.36749661037840503
3140,0.3383,20,22,20,666203,10241,120313,5943,0.08111297680902294,0.3672145328719723
3141,0.3384,8,18,8,666221,10223,120321,5935,0.08097040932708148,0.3673103106820151
3142,0.3385,13,29,13,666250,10194,120334,5922,0.08074071727284247,0.36746090841399853
3143,0.3386,9,12,9,666262,10182,120343,5913,0.08064567228488151,0.367381174277726
3144,0.3387,5,17,5,666279,10165,120348,5908,0.08051102521860347,0.3675729484228209
3145,0.3388,12,15,12,666294,10150,120360,5896,0.08039221898365226,0.36744359965100337
3146,0.3389,8,25,8,666319,10125,120368,5888,0.08019420859206691,0.36770124274027355
3147,0.339,16,22,16,666341,10103,120384,5872,0.0800199594474718,0.36757433489827857
3148,0.3391,18,33,18,666374,10070,120402,5854,0.07975858573057915,0.36762120070334087
3149,0.3392,5,13,5,666387,10057,120407,5849,0.07965562032695477,0.36772287187224945
3150,0.3393,23,34,23,666421,10023,120430,5826,0.07938632619439868,0.3675941699791785
3151,0.3394,8,28,8,666449,9995,120438,5818,0.0791645545558231,0.36792512489723644
3152,0.3395,2,10,2,666459,9985,120440,5816,0.07908535039918894,0.36807796974875007
3153,0.3396,14,35,14,666494,9950,120454,5802,0.07880813585096946,0.36833417978669375
3154,0.3397,25,24,25,666518,9926,120479,5777,0.07861804587504752,0.36789148570336877
3155,0.3398,16,19,16,666537,9907,120495,5761,0.07846755797744266,0.3676921113096758
3156,0.3399,16,21,16,666558,9886,120511,5745,0.07830122924851096,0.3675388650758109
3157,0.34,26,29,26,666587,9857,120537,5719,0.07807153719427196,0.36716743708269134
3158,0.3401,14,21,14,666608,9836,120551,5705,0.07790520846534026,0.3670934946271154
3159,0.3402,7,20,7,666628,9816,120558,5698,0.07774680015207198,0.36728116539899447
3160,0.3403,7,29,7,666657,9787,120565,5691,0.07751710809783298,0.36768316319937977
3161,0.3404,19,30,19,666687,9757,120584,5672,0.07727949562793056,0.3676194179791302
3162,0.3405,10,23,10,666710,9734,120594,5662,0.07709732606767203,0.3677578591842037
3163,0.3406,12,23,12,666733,9711,120606,5650,0.07691515650741351,0.36781459540394507
3164,0.3407,10,23,10,666756,9688,120616,5640,0.07673298694715498,0.36795407098121086
3165,0.3408,4,7,4,666763,9681,120620,5636,0.07667754403751109,0.3679571717699288
3166,0.3409,10,30,10,666793,9651,120630,5626,0.07643993156760867,0.36826602081560517
3167,0.341,15,24,15,666817,9627,120645,5611,0.07624984159168673,0.3682241764011025
3168,0.3411,7,18,7,666835,9609,120652,5604,0.07610727410974528,0.3683691579570105
3169,0.3412,3,22,3,666857,9587,120655,5601,0.07593302496515017,0.3687779826178562
3170,0.3413,10,25,10,666882,9562,120665,5591,0.07573501457356482,0.3689698409555863
3171,0.3414,33,37,33,666919,9525,120698,5558,0.0754419591940185,0.36849433136643905
3172,0.3415,12,20,12,666939,9505,120710,5546,0.07528355088075023,0.3684804996345758
3173,0.3416,12,23,12,666962,9482,120722,5534,0.0751013813204917,0.3685402237613213
3174,0.3417,13,21,13,666983,9461,120735,5521,0.07493505259156001,0.36850887731945
3175,0.3418,12,24,12,667007,9437,120747,5509,0.07474496261563807,0.36859360363976984
3176,0.3419,10,26,10,667033,9411,120757,5499,0.0745390318083893,0.3688128772635815
3177,0.342,10,37,10,667070,9374,120767,5489,0.07424597642884298,0.3693063311579089
3178,0.3421,10,14,10,667084,9360,120777,5479,0.07413509060955518,0.36922973246175617
3179,0.3422,16,16,16,667100,9344,120793,5463,0.07400836395894056,0.36894711960559196
3180,0.3423,4,10,4,667110,9334,120797,5459,0.07392915980230642,0.36902589062394375
3181,0.3424,6,23,6,667133,9311,120803,5453,0.07374699024204791,0.36934435112435654
3182,0.3425,22,47,22,667180,9264,120825,5431,0.07337473070586745,0.3695814903028241
3183,0.3426,15,31,15,667211,9233,120840,5416,0.07312919782030161,0.3697180694927981
3184,0.3427,4,14,4,667225,9219,120844,5412,0.07301831200101382,0.3698995283986057
3185,0.3428,4,19,4,667244,9200,120848,5408,0.07286782410340895,0.3702081051478642
3186,0.3429,19,22,19,667266,9178,120867,5389,0.07269357495881384,0.36994576783139976
3187,0.343,4,12,4,667278,9166,120871,5385,0.07259852997085287,0.37007765789292835
3188,0.3431,7,11,7,667289,9155,120878,5378,0.07251140539855531,0.3700543590449322
3189,0.3432,13,9,13,667298,9146,120891,5365,0.0724401216575846,0.3697195231203914
3190,0.3433,23,24,23,667322,9122,120914,5342,0.07225003168166265,0.36933075221238937
3191,0.3434,17,32,17,667354,9090,120931,5325,0.0719965783804334,0.36940686784599375
3192,0.3435,20,31,20,667385,9059,120951,5305,0.07175104549486758,0.36932609301030356
3193,0.3436,19,13,19,667398,9046,120970,5286,0.07164808009124318,0.36882500697739323
3194,0.3437,8,11,8,667409,9035,120978,5278,0.07156095551894563,0.368755676657584
3195,0.3438,12,20,12,667429,9015,120990,5266,0.07140254720567736,0.36874168475596947
3196,0.3439,12,31,12,667460,8984,121002,5254,0.07115701432011153,0.3690125017558646
3197,0.344,7,19,7,667479,8965,121009,5247,0.07100652642250666,0.36919504643962847
3198,0.3441,12,21,12,667500,8944,121021,5235,0.07084019769357495,0.3692079836377742
3199,0.3442,5,31,5,667531,8913,121026,5230,0.07059466480800912,0.3697942445025808
3200,0.3443,11,24,11,667555,8889,121037,5219,0.07040457483208719,0.3699319535015594
3201,0.3444,6,15,6,667570,8874,121043,5213,0.07028576859713598,0.3700574998225314
3202,0.3445,17,21,17,667591,8853,121060,5196,0.07011943986820428,0.3698483877856075
3203,0.3446,13,18,13,667609,8835,121073,5183,0.06997687238626284,0.36973890711941787
3204,0.3447,8,30,8,667639,8805,121081,5175,0.06973925991636042,0.3701716738197425
3205,0.3448,7,20,7,667659,8785,121088,5168,0.06958085160309213,0.3703862968537232
3206,0.3449,8,28,8,667687,8757,121096,5160,0.06935907996451654,0.37076956240569087
3207,0.345,23,57,23,667744,8700,121119,5137,0.06890761627170194,0.3712509937125099
3208,0.3451,16,28,16,667772,8672,121135,5121,0.06868584463312635,0.3712752845646342
3209,0.3452,19,43,19,667815,8629,121154,5102,0.06834526675959954,0.3715679848517952
3210,0.3453,11,22,11,667837,8607,121165,5091,0.06817101761500444,0.37166009636443276
3211,0.3454,21,25,21,667862,8582,121186,5070,0.06797300722341909,0.3713741576325813
3212,0.3455,15,22,15,667884,8560,121201,5055,0.06779875807882398,0.3712816746235769
3213,0.3456,10,27,10,667911,8533,121211,5045,0.0675849068559118,0.37155693032847253
3214,0.3457,15,29,15,667940,8504,121226,5030,0.0673552148016728,0.3716565686419388
3215,0.3458,31,23,31,667963,8481,121257,4999,0.06717304524141426,0.37084569732937683
3216,0.3459,8,16,8,667979,8465,121265,4991,0.06704631859079964,0.3709126040428062
3217,0.346,23,41,23,668020,8424,121288,4968,0.06672158154859967,0.3709677419354839
3218,0.3461,7,22,7,668042,8402,121295,4961,0.06654733240400457,0.37124897103943727
3219,0.3462,10,30,10,668072,8372,121305,4951,0.06630971993410215,0.37161300007505815
3220,0.3463,5,14,5,668086,8358,121310,4946,0.06619883411481435,0.3717678893565845
3221,0.3464,8,21,8,668107,8337,121318,4938,0.06603250538588265,0.3719774011299435
3222,0.3465,8,16,8,668123,8321,121326,4930,0.06590577873526803,0.37204739264961134
3223,0.3466,11,28,11,668151,8293,121337,4919,0.06568400709669243,0.37231304874356647
3224,0.3467,18,36,18,668187,8257,121355,4901,0.06539887213280952,0.3724730202158383
3225,0.3468,13,10,13,668197,8247,121368,4888,0.06531966797617539,0.3721355157974876
3226,0.3469,24,24,24,668221,8223,121392,4864,0.06512957800025346,0.3716665393138229
3227,0.347,15,10,15,668231,8213,121407,4849,0.06505037384361931,0.3712295207472056
3228,0.3471,9,12,9,668243,8201,121416,4840,0.06495532885565834,0.37113718273138563
3229,0.3472,17,34,17,668277,8167,121433,4823,0.06468603472310226,0.3712856043110085
3230,0.3473,12,18,12,668295,8149,121445,4811,0.06454346724116082,0.3712191358024691
3231,0.3474,3,6,3,668301,8143,121448,4808,0.06449594474718033,0.371245463670759
3232,0.3475,11,28,11,668329,8115,121459,4797,0.06427417310860474,0.3715148698884758
3233,0.3476,6,21,6,668350,8094,121465,4791,0.06410784437967304,0.3718277066356228
3234,0.3477,5,13,5,668363,8081,121470,4786,0.06400487897604866,0.3719592756664335
3235,0.3478,5,15,5,668378,8066,121475,4781,0.06388607274109745,0.3721491398770141
3236,0.3479,9,22,9,668400,8044,121484,4772,0.06371182359650235,0.3723470661672909
3237,0.348,22,32,22,668432,8012,121506,4750,0.0634583702952731,0.37219871493496315
3238,0.3481,21,29,21,668461,7983,121527,4729,0.06322867824103409,0.37201069855254876
3239,0.3482,13,26,13,668487,7957,121540,4716,0.06302274743378533,0.3721297246113785
3240,0.3483,18,28,18,668515,7929,121558,4698,0.06280097579520973,0.37205987170349253
3241,0.3484,10,11,10,668526,7918,121568,4688,0.06271385122291218,0.3718864033000159
3242,0.3485,7,16,7,668542,7902,121575,4681,0.06258712457229755,0.37200985456568386
3243,0.3486,10,14,10,668556,7888,121585,4671,0.062476238753009755,0.37192451628314355
3244,0.3487,7,20,7,668576,7868,121592,4664,0.06231783043974148,0.37216725183530164
3245,0.3488,9,30,9,668606,7838,121601,4655,0.062080217969839056,0.37260866085007605
3246,0.3489,9,10,9,668616,7828,121610,4646,0.062001013813204914,0.37245470578803913
3247,0.349,16,32,16,668648,7796,121626,4630,0.06174756051197567,0.3726058264928376
3248,0.3491,21,33,21,668681,7763,121647,4609,0.061486186795083005,0.3725347559004203
3249,0.3492,12,29,12,668710,7734,121659,4597,0.061256494740844,0.37280025950855566
3250,0.3493,9,28,9,668738,7706,121668,4588,0.06103472310226841,0.37319017406865135
3251,0.3494,11,16,11,668754,7690,121679,4577,0.06090799645165378,0.3731148610092117
3252,0.3495,11,25,11,668779,7665,121690,4566,0.06070998606006843,0.3733137110620554
3253,0.3496,11,23,11,668802,7642,121701,4555,0.06052781649980991,0.3734524883167992
3254,0.3497,12,12,12,668814,7630,121713,4543,0.06043277151184894,0.37320299022426684
3255,0.3498,15,16,15,668830,7614,121728,4528,0.060306044861234316,0.3729204414429254
3256,0.3499,7,21,7,668851,7593,121735,4521,0.06013971613230262,0.3732045567112432
3257,0.35,11,31,11,668882,7562,121746,4510,0.05989418324673679,0.3735917826375083
3258,0.3501,5,16,5,668898,7546,121751,4505,0.05976745659612216,0.37382789809974276
3259,0.3502,9,11,9,668909,7535,121760,4496,0.05968033202382461,0.37370127171473694
3260,0.3503,8,11,8,668920,7524,121768,4488,0.059593207451527054,0.37362637362637363
3261,0.3504,5,8,5,668928,7516,121773,4483,0.05952984412621974,0.3736144678723227
3262,0.3505,7,10,7,668938,7506,121780,4476,0.059450639969585606,0.37356034051076614
3263,0.3506,25,32,25,668970,7474,121805,4451,0.059197186668356355,0.37324947589098534
3264,0.3507,12,23,12,668993,7451,121817,4439,0.05901501710809783,0.3733389402859546
3265,0.3508,11,16,11,669009,7435,121828,4428,0.05888829045748321,0.37326140099468935
3266,0.3509,11,11,11,669020,7424,121839,4417,0.058801165885185656,0.3730259268642851
3267,0.351,13,26,13,669046,7398,121852,4404,0.05859523507793689,0.373157092018302
3268,0.3511,11,19,11,669065,7379,121863,4393,0.058444747180332025,0.37317363234794426
3269,0.3512,6,28,6,669093,7351,121869,4387,0.058222975541756435,0.373743397512353
3270,0.3513,6,20,6,669113,7331,121875,4381,0.05806456722848815,0.3740607923497268
3271,0.3514,10,13,10,669126,7318,121885,4371,0.05796160182486377,0.3739413123449397
3272,0.3515,7,19,7,669145,7299,121892,4364,0.057811113927258906,0.3741747406327703
3273,0.3516,10,10,10,669155,7289,121902,4354,0.05773190977062476,0.37395860173494805
3274,0.3517,6,19,6,669174,7270,121908,4348,0.05758142187301989,0.37424685832329146
3275,0.3518,8,19,8,669193,7251,121916,4340,0.05743093397541503,0.37442843585540503
3276,0.3519,6,19,6,669212,7232,121922,4334,0.05728044607781017,0.3747190039771745
3277,0.352,2,8,2,669220,7224,121924,4332,0.057217082752502854,0.37487019730010385
3278,0.3521,6,19,6,669239,7205,121930,4326,0.057066594854897984,0.3751626051513312
3279,0.3522,7,9,7,669248,7196,121937,4319,0.056995311113927256,0.3750759878419453
3280,0.3523,4,14,4,669262,7182,121941,4315,0.05688442529463946,0.3753152996433852
3281,0.3524,10,22,10,669284,7160,121951,4305,0.05671017615004435,0.3754906236371566
3282,0.3525,3,7,3,669291,7153,121954,4302,0.056654733240400455,0.375556525534701
3283,0.3526,2,8,2,669299,7145,121956,4300,0.05659136991509314,0.37570991699432066
3284,0.3527,11,14,11,669313,7131,121967,4289,0.05648048409580535,0.375569176882662
3285,0.3528,9,17,9,669330,7114,121976,4280,0.05634583702952731,0.37563629980691593
3286,0.3529,4,7,4,669337,7107,121980,4276,0.05629039411988341,0.3756478959852412
3287,0.353,3,13,3,669350,7094,121983,4273,0.05618742871625903,0.3759127298319697
3288,0.3531,5,13,5,669363,7081,121988,4268,0.05608446331263465,0.37606837606837606
3289,0.3532,13,11,13,669374,7070,122001,4255,0.05599733874033709,0.37571743929359824
3290,0.3533,16,30,16,669404,7040,122017,4239,0.05575972627043467,0.37583119070839616
3291,0.3534,5,13,5,669417,7027,122022,4234,0.05565676086681029,0.37598792291981176
3292,0.3535,6,25,6,669442,7002,122028,4228,0.05545875047522494,0.3764915405164737
3293,0.3536,11,18,11,669460,6984,122039,4217,0.05531618299328349,0.37648424247835016
3294,0.3537,13,8,13,669468,6976,122052,4204,0.055252819667976176,0.37602862254025043
3295,0.3538,14,28,14,669496,6948,122066,4190,0.055031048029400585,0.37618962111689713
3296,0.3539,1,13,1,669509,6935,122067,4189,0.0549280826257762,0.37657317511686444
3297,0.354,6,18,6,669527,6917,122073,4183,0.05478551514383475,0.37684684684684683
3298,0.3541,11,12,11,669539,6905,122084,4172,0.05469047015587378,0.3766362733592128
3299,0.3542,4,10,4,669549,6895,122088,4168,0.05461126599923964,0.3767513332730724
3300,0.3543,9,20,9,669569,6875,122097,4159,0.054452857685971356,0.3769258655066159
3301,0.3544,17,16,17,669585,6859,122114,4142,0.05432613103535674,0.3765112262521589
3302,0.3545,5,12,5,669597,6847,122119,4137,0.054231086047395766,0.37663874726875457
3303,0.3546,9,27,9,669624,6820,122128,4128,0.05401723482448359,0.3770551698940446
3304,0.3547,7,10,7,669634,6810,122135,4121,0.05393803066784945,0.3770011892781996
3305,0.3548,9,12,9,669646,6798,122144,4112,0.05384298567988848,0.3769019248395967
3306,0.3549,15,31,15,669677,6767,122159,4097,0.053597452794322646,0.37711708394698085
3307,0.355,17,40,17,669717,6727,122176,4080,0.05328063616778608,0.3775330804108448
3308,0.3551,15,24,15,669741,6703,122191,4065,0.05309054619186415,0.3775074294205052
3309,0.3552,19,44,19,669785,6659,122210,4046,0.05274204790267393,0.3779542269967305
3310,0.3553,14,26,14,669811,6633,122224,4032,0.05253611709542517,0.3780590717299578
3311,0.3554,12,17,12,669828,6616,122236,4020,0.05240147002914713,0.3779616397141783
3312,0.3555,18,31,18,669859,6585,122254,4002,0.05215593714358129,0.3780107679229243
3313,0.3556,5,11,5,669870,6574,122259,3997,0.05206881257128374,0.378109923375272
3314,0.3557,26,41,26,669911,6533,122285,3971,0.05174407552908376,0.378046458492003
3315,0.3558,26,45,26,669956,6488,122311,3945,0.05138765682423013,0.378127096712355
3316,0.3559,14,13,14,669969,6475,122325,3931,0.05128469142060575,0.37776282913703635
3317,0.356,13,13,13,669982,6462,122338,3918,0.05118172601698137,0.37745664739884394
3318,0.3561,8,16,8,669998,6446,122346,3910,0.051054999366366746,0.3775589030513712
3319,0.3562,11,28,11,670026,6418,122357,3899,0.050833227727791155,0.3779199379664631
3320,0.3563,6,11,6,670037,6407,122363,3893,0.0507461031554936,0.3779611650485437
3321,0.3564,11,18,11,670055,6389,122374,3882,0.05060353567355215,0.3779573556615714
3322,0.3565,12,11,12,670066,6378,122386,3870,0.05051641110125459,0.37763466042154564
3323,0.3566,4,7,4,670073,6371,122390,3866,0.050460968191610694,0.3776497020611507
3324,0.3567,15,19,15,670092,6352,122405,3851,0.05031048029400583,0.37743800842889347
3325,0.3568,13,13,13,670105,6339,122418,3838,0.050207514890381444,0.3771248894566179
3326,0.3569,6,12,6,670117,6327,122424,3832,0.05011246990242048,0.37720248055911015
3327,0.357,14,26,14,670143,6301,122438,3818,0.04990653909517172,0.37731001087063937
3328,0.3571,4,10,4,670153,6291,122442,3814,0.049827334938537575,0.37743691241959426
3329,0.3572,25,28,25,670181,6263,122467,3789,0.049605563299961984,0.3769399124552328
3330,0.3573,6,14,6,670195,6249,122473,3783,0.04949467748067419,0.3770933014354067
3331,0.3574,10,18,10,670213,6231,122483,3773,0.049352109998732734,0.37714914034386243
3332,0.3575,12,13,12,670226,6218,122495,3761,0.04924914459510835,0.3768914720913919
3333,0.3576,13,12,13,670238,6206,122508,3748,0.04915409960714738,0.37653204741812335
3334,0.3577,7,8,7,670246,6198,122515,3741,0.04909073628184007,0.37639601569574405
3335,0.3578,8,9,8,670255,6189,122523,3733,0.04901945254086935,0.3762346301148962
3336,0.3579,2,11,2,670266,6178,122525,3731,0.04893232796857179,0.3765263901503684
3337,0.358,7,10,7,670276,6168,122532,3724,0.04885312381193765,0.37646583097452485
3338,0.3581,12,21,12,670297,6147,122544,3712,0.048686795083005954,0.37650877370930114
3339,0.3582,19,37,19,670334,6110,122563,3693,0.048393739703459636,0.3767214118127104
3340,0.3583,11,11,11,670345,6099,122574,3682,0.048306615131162085,0.3764441263674471
3341,0.3584,6,14,6,670359,6085,122580,3676,0.04819572931187429,0.3766007581190452
3342,0.3585,14,21,14,670380,6064,122594,3662,0.04802940058294259,0.37651655356775654
3343,0.3586,16,23,16,670403,6041,122610,3646,0.047847231022684074,0.3763807164240735
3344,0.3587,17,34,17,670437,6007,122627,3629,0.04757793689012799,0.3766085512660855
3345,0.3588,6,12,6,670449,5995,122633,3623,0.04748289190216703,0.37668954044499897
3346,0.3589,15,27,15,670476,5968,122648,3608,0.047269040679254845,0.3767752715121136
3347,0.359,10,33,10,670509,5935,122658,3598,0.047007666962362187,0.37742578411832584
3348,0.3591,7,10,7,670519,5925,122665,3591,0.046928462805728044,0.37736443883984866
3349,0.3592,8,8,8,670527,5917,122673,3583,0.04686509948042073,0.3771578947368421
3350,0.3593,14,9,14,670536,5908,122687,3569,0.046793815739450004,0.3765959691885618
3351,0.3594,15,19,15,670555,5889,122702,3554,0.04664332784184514,0.37636344382081965
3352,0.3595,8,21,8,670576,5868,122710,3546,0.04647699911291345,0.37667304015296366
3353,0.3596,12,19,12,670595,5849,122722,3534,0.04632651121530858,0.3766386017265267
3354,0.3597,9,19,9,670614,5830,122731,3525,0.046176023317703714,0.3768038482095136
3355,0.3598,9,19,9,670633,5811,122740,3516,0.046025535420098844,0.37697008684464456
3356,0.3599,9,22,9,670655,5789,122749,3507,0.045851286275503736,0.3772590361445783
3357,0.36,5,16,5,670671,5773,122754,3502,0.04572455962488912,0.3775741239892183
3358,0.3601,4,11,4,670682,5762,122758,3498,0.04563743505259156,0.3777537796976242
3359,0.3602,1,6,1,670688,5756,122759,3497,0.04558991255861108,0.3779314816816168
3360,0.3603,13,15,13,670703,5741,122772,3484,0.04547110632365987,0.37766937669376693
3361,0.3604,6,10,6,670713,5731,122778,3478,0.045391902167025724,0.37767401455098276
3362,0.3605,6,20,6,670733,5711,122784,3472,0.045233493853757446,0.3780899488184689
3363,0.3606,8,26,8,670759,5685,122792,3464,0.04502756304650868,0.3786206142747841
3364,0.3607,12,17,12,670776,5668,122804,3452,0.044892915980230645,0.3785087719298246
3365,0.3608,2,8,2,670784,5660,122806,3450,0.04482955265492333,0.3787047200878156
3366,0.3609,1,10,1,670794,5650,122807,3449,0.04475034849828919,0.3790526431475986
3367,0.361,5,10,5,670804,5640,122812,3444,0.04467114434165505,0.37912813738441214
3368,0.3611,1,17,1,670821,5623,122813,3443,0.044536497275377014,0.3797705713655416
3369,0.3612,4,7,4,670828,5616,122817,3439,0.044481054365733116,0.3797901711761458
3370,0.3613,13,29,13,670857,5587,122830,3426,0.044251362311494104,0.38011760789970045
3371,0.3614,3,5,3,670862,5582,122833,3423,0.044211760233177036,0.3801221543586896
3372,0.3615,5,20,5,670882,5562,122838,3418,0.04405335191990876,0.38062360801781736
3373,0.3616,9,10,9,670892,5552,122847,3409,0.043974147763274615,0.38042629170851466
3374,0.3617,16,28,16,670920,5524,122863,3393,0.043752376124699024,0.38050913984523943
3375,0.3618,4,4,4,670924,5520,122867,3389,0.043720694462045365,0.3804018408351106
3376,0.3619,5,11,5,670935,5509,122872,3384,0.043633569889747814,0.3805240076464635
3377,0.362,8,15,8,670950,5494,122880,3376,0.043514763654796604,0.380608793686584
3378,0.3621,7,14,7,670964,5480,122887,3369,0.04340387783550881,0.3807209854220816
3379,0.3622,6,9,6,670973,5471,122893,3363,0.04333259409453808,0.3806882499434005
3380,0.3623,12,11,12,670984,5460,122905,3351,0.04324546952224053,0.38032005447735784
3381,0.3624,21,19,21,671003,5441,122926,3330,0.04309498162463566,0.3796602439858625
3382,0.3625,8,31,8,671034,5410,122934,3322,0.042849448739069824,0.380439761795694
3383,0.3626,12,31,12,671065,5379,122946,3310,0.04260391585350399,0.3809414201864426
3384,0.3627,6,17,6,671082,5362,122952,3304,0.042469268787225956,0.38126009693053314
3385,0.3628,12,22,12,671104,5340,122964,3292,0.04229501964263085,0.381371640407785
3386,0.3629,9,7,9,671111,5333,122973,3283,0.04223957673298695,0.38103528319405755
3387,0.363,12,17,12,671128,5316,122985,3271,0.04210492966670891,0.380924653546058
3388,0.3631,17,25,17,671153,5291,123002,3254,0.04190691927512356,0.3808074897600936
3389,0.3632,12,20,12,671173,5271,123014,3242,0.04174851096185528,0.3808293198637378
3390,0.3633,11,15,11,671188,5256,123025,3231,0.04162970472690407,0.3806998939554613
3391,0.3634,15,17,15,671205,5239,123040,3216,0.04149505766062603,0.3803666469544648
3392,0.3635,3,13,3,671218,5226,123043,3213,0.04139209225700165,0.3807323142552435
3393,0.3636,7,17,7,671235,5209,123050,3206,0.04125744519072361,0.3809863339275104
3394,0.3637,5,15,5,671250,5194,123055,3201,0.0411386389557724,0.3812983918999404
3395,0.3638,2,6,2,671256,5188,123057,3199,0.041091116461791914,0.3814236318111363
3396,0.3639,6,18,6,671274,5170,123063,3193,0.040948548979850466,0.3818007891904819
3397,0.364,7,26,7,671300,5144,123070,3186,0.0407426181726017,0.3824729891956783
3398,0.3641,10,16,10,671316,5128,123080,3176,0.04061589152198707,0.38246628131021193
3399,0.3642,8,6,8,671322,5122,123088,3168,0.04056836902800659,0.3821471652593486
3400,0.3643,10,10,10,671332,5112,123098,3158,0.04048916487137245,0.3818621523579202
3401,0.3644,3,8,3,671340,5104,123101,3155,0.040425801546065135,0.38200750696210195
3402,0.3645,13,16,13,671356,5088,123114,3142,0.040299074895450517,0.38177399756986635
3403,0.3646,5,10,5,671366,5078,123119,3137,0.040219870738816374,0.3818624467437614
3404,0.3647,3,12,3,671378,5066,123122,3134,0.0401248257508554,0.3821951219512195
3405,0.3648,1,3,1,671381,5063,123123,3133,0.040101064503865164,0.3822596388482186
3406,0.3649,2,17,2,671398,5046,123125,3131,0.03996641743758712,0.38290326525620644
3407,0.365,8,18,8,671416,5028,123133,3123,0.039823849955645675,0.3831431726168568
3408,0.3651,8,18,8,671434,5010,123141,3115,0.03968128247370422,0.3833846153846154
3409,0.3652,6,10,6,671444,5000,123147,3109,0.03960207831707008,0.3834011592058207
3410,0.3653,11,15,11,671459,4985,123158,3098,0.03948327208211887,0.3832735370530744
3411,0.3654,3,8,3,671467,4977,123161,3095,0.039419908756811554,0.38342418235877107
3412,0.3655,7,9,7,671476,4968,123168,3088,0.039348625015840834,0.3833167825223436
3413,0.3656,13,18,13,671494,4950,123181,3075,0.03920605753389938,0.38317757009345793
3414,0.3657,10,27,10,671521,4923,123191,3065,0.0389922063109872,0.3837005508262394
3415,0.3658,5,16,5,671537,4907,123196,3060,0.03886547966037258,0.38408434793523283
3416,0.3659,18,23,18,671560,4884,123214,3042,0.038683310100114054,0.3838001514004542
3417,0.366,23,24,23,671584,4860,123237,3019,0.038493220124192117,0.3831704531031857
3418,0.3661,11,10,11,671594,4850,123248,3008,0.038414015967557974,0.3827946042249936
3419,0.3662,7,15,7,671609,4835,123255,3001,0.03829520973260677,0.3829760081674324
3420,0.3663,6,12,6,671621,4823,123261,2995,0.0382001647446458,0.3830903044256843
3421,0.3664,5,7,5,671628,4816,123266,2990,0.0381447218350019,0.3830386881885729
3422,0.3665,13,12,13,671640,4804,123279,2977,0.038049676847040935,0.38259863770723557
3423,0.3666,5,13,5,671653,4791,123284,2972,0.03794671144341655,0.3828416849156254
3424,0.3667,6,14,6,671667,4777,123290,2966,0.03783582562412875,0.3830556631796461
3425,0.3668,4,5,4,671672,4772,123294,2962,0.037796223545811684,0.3829842254978019
3426,0.3669,4,7,4,671679,4765,123298,2958,0.03774078063616779,0.38301178298588634
3427,0.367,3,11,3,671690,4754,123301,2955,0.03765365606387023,0.38331819950706963
3428,0.3671,15,25,15,671715,4729,123316,2940,0.03745564567228488,0.38336158560438127
3429,0.3672,5,13,5,671728,4716,123321,2935,0.037352680268660496,0.3836099856227944
3430,0.3673,8,9,8,671737,4707,123329,2927,0.037281396527689775,0.3834162955200419
3431,0.3674,2,6,2,671743,4701,123331,2925,0.03723387403370929,0.3835562549173879
3432,0.3675,6,9,6,671752,4692,123337,2919,0.037162590292738565,0.38352384706346077
3433,0.3676,10,11,10,671763,4681,123347,2909,0.03707546572044101,0.38326745718050065
3434,0.3677,9,9,9,671772,4672,123356,2900,0.03700418197947028,0.3829899630216587
3435,0.3678,2,8,2,671780,4664,123358,2898,0.03694081865416297,0.38323194921978315
3436,0.3679,4,16,4,671796,4648,123362,2894,0.03681409200354835,0.38371784672500664
3437,0.368,17,25,17,671821,4623,123379,2877,0.036616081611962996,0.3836
3438,0.3681,9,4,9,671825,4619,123388,2868,0.03658439994930934,0.38306397756110594
3439,0.3682,7,12,7,671837,4607,123395,2861,0.03648935496134837,0.38310123192287093
3440,0.3683,8,16,8,671853,4591,123403,2853,0.036362628310733745,0.38326168726491133
3441,0.3684,3,5,3,671858,4586,123406,2850,0.03632302623241668,0.3832705755782679
3442,0.3685,8,18,8,671876,4568,123414,2842,0.03618045875047522,0.3835357624831309
3443,0.3686,2,7,2,671883,4561,123416,2840,0.036125015840831325,0.3837319281178219
3444,0.3687,7,18,7,671901,4543,123423,2833,0.035982448358889876,0.3840835140997831
3445,0.3688,6,12,6,671913,4531,123429,2827,0.035887403370928904,0.38420766512639304
3446,0.3689,4,21,4,671934,4510,123433,2823,0.03572107464199721,0.3849720441838265
3447,0.369,12,7,12,671941,4503,123445,2811,0.03566563173235331,0.38433141919606234
3448,0.3691,10,20,10,671961,4483,123455,2801,0.035507223419085035,0.38454146073585943
3449,0.3692,6,7,6,671968,4476,123461,2795,0.03545178050944114,0.3844037959015266
3450,0.3693,6,8,6,671976,4468,123467,2789,0.035388417184133825,0.3843185889486013
3451,0.3694,1,6,1,671982,4462,123468,2788,0.03534089469015334,0.38455172413793104
3452,0.3695,4,13,4,671995,4449,123472,2784,0.035237929286528955,0.3849025300705102
3453,0.3696,11,13,11,672008,4436,123483,2773,0.035134963882904574,0.3846580663060064
3454,0.3697,3,10,3,672018,4426,123486,2770,0.03505575972627043,0.3849360755975542
3455,0.3698,4,14,4,672032,4412,123490,2766,0.034944873906982636,0.3853441069935915
3456,0.3699,3,4,3,672036,4408,123493,2763,0.03491319224432898,0.38530191047273743
3457,0.37,15,24,15,672060,4384,123508,2748,0.034723102268407045,0.3853056646102075
3458,0.3701,19,23,19,672083,4361,123527,2729,0.03454093270814852,0.3849083215796897
3459,0.3702,5,15,5,672098,4346,123532,2724,0.03442212647319731,0.3852899575671853
3460,0.3703,3,12,3,672110,4334,123535,2721,0.034327081485236347,0.3856839121190645
3461,0.3704,3,13,3,672123,4321,123538,2718,0.034224116081611966,0.3861343940900696
3462,0.3705,4,11,4,672134,4310,123542,2714,0.03413699150931441,0.3863895216400911
3463,0.3706,11,20,11,672154,4290,123553,2703,0.03397858319604613,0.3865293865293865
3464,0.3707,7,10,7,672164,4280,123560,2696,0.03389937903941199,0.38646788990825687
3465,0.3708,3,14,3,672178,4266,123563,2693,0.03378849322012419,0.3869808880586291
3466,0.3709,7,12,7,672190,4254,123570,2686,0.03369344823216323,0.38703170028818445
3467,0.371,7,13,7,672203,4241,123577,2679,0.03359048282853884,0.38713872832369944
3468,0.3711,9,13,9,672216,4228,123586,2670,0.03348751742491446,0.3870687155697304
3469,0.3712,4,7,4,672223,4221,123590,2666,0.03343207451527056,0.38710614200667925
3470,0.3713,7,1,7,672224,4220,123597,2659,0.033424154099607147,0.38653874109608954
3471,0.3714,8,9,8,672233,4211,123605,2651,0.03335287035863642,0.3863305158845818
3472,0.3715,15,22,15,672255,4189,123620,2636,0.03317862121404131,0.3862271062271062
3473,0.3716,3,25,3,672280,4164,123623,2633,0.032980610822455965,0.38737678387523905
3474,0.3717,15,19,15,672299,4145,123638,2618,0.032830122924851095,0.3871063137660801
3475,0.3718,1,10,1,672309,4135,123639,2617,0.03275091876821696,0.3875888625592417
3476,0.3719,1,12,1,672321,4123,123640,2616,0.03265587378025599,0.3881881584804867
3477,0.372,12,16,12,672337,4107,123652,2604,0.03252914712964136,0.38801966919982117
3478,0.3721,7,11,7,672348,4096,123659,2597,0.03244202255734381,0.38801733154041534
3479,0.3722,4,11,4,672359,4085,123663,2593,0.03235489798504625,0.3882899071578317
3480,0.3723,11,22,11,672381,4063,123674,2582,0.032180648840451145,0.3885628291948834
3481,0.3724,8,17,8,672398,4046,123682,2574,0.032046001774173105,0.388821752265861
3482,0.3725,5,9,5,672407,4037,123687,2569,0.031974718033202384,0.3888888888888889
3483,0.3726,3,4,3,672411,4033,123690,2566,0.031943036370548725,0.3888467949689347
3484,0.3727,8,7,8,672418,4026,123698,2558,0.03188759346090483,0.3885176184690158
3485,0.3728,8,17,8,672435,4009,123706,2550,0.03175294639462679,0.38877877725263
3486,0.3729,0,3,0,672438,4006,123706,2550,0.03172918514763655,0.3889566809029896
3487,0.373,3,3,3,672441,4003,123709,2547,0.031705423900646304,0.3888549618320611
3488,0.3731,5,12,5,672453,3991,123714,2542,0.03161037891268534,0.3891014847696311
3489,0.3732,5,6,5,672459,3985,123719,2537,0.031562856418704856,0.38899110702238576
3490,0.3733,11,13,11,672472,3972,123730,2526,0.03145989101508047,0.38873499538319484
3491,0.3734,3,2,3,672474,3970,123733,2523,0.031444050183753645,0.3885723086400739
3492,0.3735,5,8,5,672482,3962,123738,2518,0.03138068685844633,0.38858024691358023
3493,0.3736,2,2,2,672484,3960,123740,2516,0.0313648460271195,0.3885114268066708
3494,0.3737,5,11,5,672495,3949,123745,2511,0.03127772145482195,0.38869969040247676
3495,0.3738,4,17,4,672512,3932,123749,2507,0.031143074388543912,0.38934617176580216
3496,0.3739,2,8,2,672520,3924,123751,2505,0.0310797110632366,0.3896406906206253
3497,0.374,7,7,7,672527,3917,123758,2498,0.031024268153592702,0.38939984411535467
3498,0.3741,13,11,13,672538,3906,123771,2485,0.030937143581295148,0.3888280394304491
3499,0.3742,0,9,0,672547,3897,123771,2485,0.03086585984032442,0.38937637104356
3500,0.3743,3,16,3,672563,3881,123774,2482,0.030739133189709795,0.39006757818639004
3501,0.3744,24,30,24,672593,3851,123798,2458,0.030501520719807374,0.3896021556506578
3502,0.3745,5,14,5,672607,3837,123803,2453,0.03039063490051958,0.38998410174880765
3503,0.3746,1,6,1,672613,3831,123804,2452,0.030343112406539096,0.3902594302084991
3504,0.3747,0,3,0,672616,3828,123804,2452,0.030319351159548855,0.3904458598726115
3505,0.3748,2,3,2,672619,3825,123806,2450,0.03029558991255861,0.3904382470119522
3506,0.3749,4,9,4,672628,3816,123810,2446,0.030224306171587886,0.39061002874481
3507,0.375,2,12,2,672640,3804,123812,2444,0.030129261183626917,0.3911651728553137
3508,0.3751,10,25,10,672665,3779,123822,2434,0.029931250792041567,0.3917592145501368
3509,0.3752,7,15,7,672680,3764,123829,2427,0.029812444557090357,0.39202067517363914
3510,0.3753,4,8,4,672688,3756,123833,2423,0.029749081231783044,0.3921346496196796
3511,0.3754,8,9,8,672697,3747,123841,2415,0.029677797490812317,0.39191820837390456
3512,0.3755,3,4,3,672701,3743,123844,2412,0.02964611582815866,0.391876523151909
3513,0.3756,1,5,1,672706,3738,123845,2411,0.029606513749841593,0.3920962758172061
3514,0.3757,8,19,8,672725,3719,123853,2403,0.029456025852236726,0.3925187847108788
3515,0.3758,7,10,7,672735,3709,123860,2396,0.029376821695602587,0.39246519246519246
3516,0.3759,10,22,10,672757,3687,123870,2386,0.029202572551007475,0.3928865470113618
3517,0.376,1,3,1,672760,3684,123871,2385,0.029178811304017234,0.3929807217004449
3518,0.3761,12,20,12,672780,3664,123883,2373,0.029020402990748956,0.39307603114129536
3519,0.3762,1,1,1,672781,3663,123884,2372,0.02901248257508554,0.39304059652029827
3520,0.3763,3,5,3,672786,3658,123887,2369,0.02897288049676847,0.3930645428903269
3521,0.3764,6,11,6,672797,3647,123893,2363,0.028885755924470916,0.39317803660565726
3522,0.3765,6,11,6,672808,3636,123899,2357,0.02879863135217336,0.3932921742032371
3523,0.3766,6,8,6,672816,3628,123905,2351,0.02873526802686605,0.3932095668171935
3524,0.3767,8,10,8,672826,3618,123913,2343,0.02865606387023191,0.39305485656768996
3525,0.3768,7,17,7,672843,3601,123920,2336,0.028521416803953873,0.3934647128179215
3526,0.3769,1,3,1,672846,3598,123921,2335,0.028497655556963628,0.39356143603573235
3527,0.377,5,13,5,672859,3585,123926,2330,0.028394690153339248,0.39391377852916315
3528,0.3771,6,7,6,672866,3578,123932,2324,0.02833924724369535,0.39376482548288716
3529,0.3772,9,18,9,672884,3560,123941,2315,0.0281966797617539,0.39404255319148934
3530,0.3773,8,20,8,672904,3540,123949,2307,0.028038271448485617,0.39456131349409956
3531,0.3774,12,11,12,672915,3529,123961,2295,0.027951146876188063,0.3940590659340659
3532,0.3775,11,6,11,672921,3523,123972,2284,0.02790362438220758,0.3933184088169451
3533,0.3776,4,18,4,672939,3505,123976,2280,0.027761056900266125,0.3941227312013829
3534,0.3777,2,11,2,672950,3494,123978,2278,0.02767393232796857,0.3946638946638947
3535,0.3778,10,9,10,672959,3485,123988,2268,0.027602648586997847,0.39422909786198507
3536,0.3779,4,14,4,672973,3471,123992,2264,0.027491762767710048,0.394768962510898
3537,0.378,6,5,6,672978,3466,123998,2258,0.02745216068939298,0.3944793850454228
3538,0.3781,15,18,15,672996,3448,124013,2243,0.027309593207451528,0.39413108416798454
3539,0.3782,3,3,3,672999,3445,124016,2240,0.027285831960461283,0.3940193491644679
3540,0.3783,5,7,5,673006,3438,124021,2235,0.027230389050817386,0.3939714436805923
3541,0.3784,4,7,4,673013,3431,124025,2231,0.027174946141173488,0.39403037795831863
3542,0.3785,15,18,15,673031,3413,124040,2216,0.027032378659232036,0.3936756084562089
3543,0.3786,9,21,9,673052,3392,124049,2207,0.026866049930300343,0.39417753170208963
3544,0.3787,2,9,2,673061,3383,124051,2205,0.026794766189329616,0.39459556191839656
3545,0.3788,8,12,8,673073,3371,124059,2197,0.026699721201368647,0.39457614942528735
3546,0.3789,3,4,3,673077,3367,124062,2194,0.02666803953871499,0.39453335730983635
3547,0.379,1,15,1,673092,3352,124063,2193,0.02654923330376378,0.39549143372407575
3548,0.3791,12,6,12,673098,3346,124075,2181,0.026501710809783297,0.3946082865930885
3549,0.3792,14,12,14,673110,3334,124089,2167,0.026406665821822328,0.3939283766587893
3550,0.3793,3,2,3,673112,3332,124092,2164,0.026390824990495502,0.3937409024745269
3551,0.3794,6,11,6,673123,3321,124098,2158,0.026303700418197948,0.3938674940682606
3552,0.3795,6,6,6,673129,3315,124104,2152,0.02625617792421746,0.3936345344796049
3553,0.3796,3,4,3,673133,3311,124107,2149,0.026224496261563805,0.3935897435897436
3554,0.3797,2,11,2,673144,3300,124109,2147,0.02613737168926625,0.39416192399485955
3555,0.3798,0,2,0,673146,3298,124109,2147,0.026121530857939425,0.3943067033976125
3556,0.3799,14,7,14,673153,3291,124123,2133,0.026066087948295527,0.3932522123893805
3557,0.38,2,2,2,673155,3289,124125,2131,0.026050247116968697,0.39317343173431735
3558,0.3801,8,13,8,673168,3276,124133,2123,0.025947281713344317,0.39322096684571217
3559,0.3802,4,11,4,673179,3265,124137,2119,0.025860157141046763,0.3935735512630015
3560,0.3803,2,5,2,673184,3260,124139,2117,0.02582055506272969,0.39371396689603866
3561,0.3804,4,9,4,673193,3251,124143,2113,0.025749271321758967,0.3939224459358688
3562,0.3805,2,1,2,673194,3250,124145,2111,0.025741350906095552,0.39376981906360753
3563,0.3806,15,13,15,673207,3237,124160,2096,0.02563838550247117,0.3930245640352522
3564,0.3807,8,16,8,673223,3221,124168,2088,0.025511658851856547,0.39329440572612545
3565,0.3808,13,26,13,673249,3195,124181,2075,0.025305728044607782,0.3937381404174573
3566,0.3809,5,9,5,673258,3186,124186,2070,0.025234444303637055,0.3938356164383562
3567,0.381,5,4,5,673262,3182,124191,2065,0.0252027626409834,0.39355822374690297
3568,0.3811,13,24,13,673286,3158,124204,2052,0.025012672665061464,0.39385796545105567
3569,0.3812,4,9,4,673295,3149,124208,2048,0.024941388924090736,0.3940735039445834
3570,0.3813,4,23,4,673318,3126,124212,2044,0.024759219363832213,0.395357833655706
3571,0.3814,6,6,6,673324,3120,124218,2038,0.02471169686985173,0.3951143854207057
3572,0.3815,1,4,1,673328,3116,124219,2037,0.024680015207198074,0.395303706578692
3573,0.3816,10,26,10,673354,3090,124229,2027,0.02447408439994931,0.3961305452413523
3574,0.3817,6,13,6,673367,3077,124235,2021,0.024371118996324926,0.3964299725382503
3575,0.3818,8,18,8,673385,3059,124243,2013,0.024228551514383474,0.396884858044164
3576,0.3819,2,9,2,673394,3050,124245,2011,0.02415726777341275,0.39735230191661725
3577,0.382,2,9,2,673403,3041,124247,2009,0.024085984032442023,0.39782178217821784
3578,0.3821,7,6,7,673409,3035,124254,2002,0.02403846153846154,0.39745880484415325
3579,0.3822,5,6,5,673415,3029,124259,1997,0.023990939044481054,0.39733386390768005
3580,0.3823,9,11,9,673426,3018,124268,1988,0.0239038144721835,0.39712345185777065
3581,0.3824,4,7,4,673433,3011,124272,1984,0.023848371562539602,0.3971971971971972
3582,0.3825,4,8,4,673441,3003,124276,1980,0.02378500823723229,0.3973509933774834
3583,0.3826,3,2,3,673443,3001,124279,1977,0.023769167405905463,0.3971474487746083
3584,0.3827,1,3,1,673446,2998,124280,1976,0.02374540615891522,0.39726578206674706
3585,0.3828,2,3,2,673449,2995,124282,1974,0.023721644911924977,0.3972630307909036
3586,0.3829,6,14,6,673463,2981,124288,1968,0.02361075909263718,0.3976560921398262
3587,0.383,8,12,8,673475,2969,124296,1960,0.023515714104676212,0.3976465814566849
3588,0.3831,5,15,5,673490,2954,124301,1955,0.023396907869725002,0.3982481157058464
3589,0.3832,5,14,5,673504,2940,124306,1950,0.023286022050437206,0.3987730061349693
3590,0.3833,4,3,4,673507,2937,124310,1946,0.023262260803446965,0.39852549662092973
3591,0.3834,1,3,1,673510,2934,124311,1945,0.023238499556456724,0.3986472637835622
3592,0.3835,18,17,18,673527,2917,124329,1927,0.023103852490178683,0.39781172584640795
3593,0.3836,2,0,2,673527,2917,124331,1925,0.023103852490178683,0.3975629904997935
3594,0.3837,6,16,6,673543,2901,124337,1919,0.02297712583956406,0.3981327800829875
3595,0.3838,3,4,3,673547,2897,124340,1916,0.022945444176910405,0.39808851028464576
3596,0.3839,2,10,2,673557,2887,124342,1914,0.022866240020276263,0.3986669443865861
3597,0.384,10,13,10,673570,2874,124352,1904,0.022763274616651882,0.3984930933444956
3598,0.3841,5,4,5,673574,2870,124357,1899,0.022731592953998226,0.39819668693646465
3599,0.3842,10,11,10,673585,2859,124367,1889,0.022644468381700672,0.39785172704296545
3600,0.3843,5,6,5,673591,2853,124372,1884,0.02259694588772019,0.3977200759974667
3601,0.3844,5,11,5,673602,2842,124377,1879,0.022509821315422632,0.39800889642024995
3602,0.3845,3,8,3,673610,2834,124380,1876,0.022446457990115323,0.3983014861995754
3603,0.3846,1,6,1,673616,2828,124381,1875,0.022398935496134836,0.39868169253667873
3604,0.3847,11,18,11,673634,2810,124392,1864,0.022256368014193385,0.39880188275566963
3605,0.3848,4,6,4,673640,2804,124396,1860,0.022208845520212902,0.39879931389365353
3606,0.3849,10,21,10,673661,2783,124406,1850,0.022042516791281205,0.39930930282754157
3607,0.385,5,5,5,673666,2778,124411,1845,0.022002914712964138,0.3990914990266061
3608,0.3851,6,13,6,673679,2765,124417,1839,0.021899949309339754,0.39943527367506515
3609,0.3852,7,7,7,673686,2758,124424,1832,0.021844506399695856,0.3991285403050109
3610,0.3853,7,5,7,673691,2753,124431,1825,0.021804904321378785,0.39864569681083445
3611,0.3854,2,7,2,673698,2746,124433,1823,0.021749461411734887,0.3989932151455461
3612,0.3855,2,2,2,673700,2744,124435,1821,0.02173362058040806,0.39890470974808323
3613,0.3856,5,9,5,673709,2735,124440,1816,0.021662336839437333,0.3990331795209844
3614,0.3857,7,19,7,673728,2716,124447,1809,0.021511848941832466,0.3997790055248619
3615,0.3858,2,1,2,673729,2715,124449,1807,0.021503928526169055,0.3996019460415745
3616,0.3859,5,14,5,673743,2701,124454,1802,0.021393042706881256,0.40017765933821897
3617,0.386,5,7,5,673750,2694,124459,1797,0.021337599797237358,0.4001336005344021
3618,0.3861,3,15,3,673765,2679,124462,1794,0.021218793562286148,0.4010731052984574
3619,0.3862,6,7,6,673772,2672,124468,1788,0.02116335065264225,0.4008968609865471
3620,0.3863,2,5,2,673777,2667,124470,1786,0.02112374857432518,0.4010779249943858
3621,0.3864,4,7,4,673784,2660,124474,1782,0.02106830566468128,0.40117064385411977
3622,0.3865,2,7,2,673791,2653,124476,1780,0.021012862755037384,0.4015339499210467
3623,0.3866,4,4,4,673795,2649,124480,1776,0.020981181092383727,0.40135593220338983
3624,0.3867,10,9,10,673804,2640,124490,1766,0.020909897351413003,0.4008170676350431
3625,0.3868,2,1,2,673805,2639,124492,1764,0.020901976935749588,0.40063593004769477
3626,0.3869,5,15,5,673820,2624,124497,1759,0.020783170700798378,0.40132329454711385
3627,0.387,4,10,4,673830,2614,124501,1755,0.02070396654416424,0.4016937514305333
3628,0.3871,4,6,4,673836,2608,124505,1751,0.020656444050183752,0.4016976370727231
3629,0.3872,6,11,6,673847,2597,124511,1745,0.0205693194778862,0.4018885306310456
3630,0.3873,5,9,5,673856,2588,124516,1740,0.020498035736915474,0.4020332717190388
3631,0.3874,3,6,3,673862,2582,124519,1737,0.020450513242934988,0.40217642972910395
3632,0.3875,5,7,5,673869,2575,124524,1732,0.02039507033329109,0.4021360575806826
3633,0.3876,16,16,16,673885,2559,124540,1716,0.020268343682676465,0.4014035087719298
3634,0.3877,6,5,6,673890,2554,124546,1710,0.020228741604359397,0.40103189493433394
3635,0.3878,5,2,5,673892,2552,124551,1705,0.020212900773032567,0.4005167958656331
3636,0.3879,6,8,6,673900,2544,124557,1699,0.020149537447725258,0.40042422814046663
3637,0.388,3,3,3,673903,2541,124560,1696,0.020125776200735013,0.4002832192589096
3638,0.3881,8,18,8,673921,2523,124568,1688,0.01998320871879356,0.4008549038233199
3639,0.3882,2,3,2,673924,2520,124570,1686,0.01995944747180332,0.4008559201141227
3640,0.3883,5,13,5,673937,2507,124575,1681,0.019856482068178936,0.40138490926456544
3641,0.3884,6,4,6,673941,2503,124581,1675,0.019824800405525284,0.4009095260890378
3642,0.3885,1,2,1,673943,2501,124582,1674,0.019808959574198454,0.40095808383233533
3643,0.3886,13,16,13,673959,2485,124595,1661,0.01968223292358383,0.4006271104679209
3644,0.3887,2,5,2,673964,2480,124597,1659,0.01964263084526676,0.4008214544575985
3645,0.3888,7,8,7,673972,2472,124604,1652,0.019579267519959448,0.4005819592628516
3646,0.3889,8,15,8,673987,2457,124612,1644,0.019460461285008238,0.40087783467446964
3647,0.389,7,8,7,673995,2449,124619,1637,0.019397097959700925,0.40063631913852177
3648,0.3891,6,3,6,673998,2446,124625,1631,0.019373336712710684,0.40004905567819476
3649,0.3892,4,5,4,674003,2441,124629,1627,0.019333734634393612,0.3999508357915438
3650,0.3893,3,8,3,674011,2433,124632,1624,0.0192703713090863,0.40029578506285435
3651,0.3894,3,4,3,674015,2429,124635,1621,0.019238689646432643,0.4002469135802469
3652,0.3895,3,6,3,674021,2423,124638,1618,0.01919116715245216,0.4003959415986142
3653,0.3896,3,1,3,674022,2422,124641,1615,0.019183246736788746,0.40004954173891505
3654,0.3897,0,4,0,674026,2418,124641,1615,0.01915156507413509,0.40044631787751056
3655,0.3898,2,4,2,674030,2414,124643,1613,0.019119883411481433,0.40054631239135835
3656,0.3899,4,8,4,674038,2406,124647,1609,0.019056520086174124,0.400747198007472
3657,0.39,6,4,6,674042,2402,124653,1603,0.019024838423520467,0.4002496878901373
3658,0.3901,6,7,6,674049,2395,124659,1597,0.01896939551387657,0.4000501002004008
3659,0.3902,14,13,14,674062,2382,124673,1583,0.018866430110252186,0.39924337957124845
3660,0.3903,9,22,9,674084,2360,124682,1574,0.018692180965657078,0.40010167768174887
3661,0.3904,7,6,7,674090,2354,124689,1567,0.018644658471676595,0.39964294822749297
3662,0.3905,3,4,3,674094,2350,124692,1564,0.01861297680902294,0.399591211037302
3663,0.3906,3,8,3,674102,2342,124695,1561,0.018549613483715626,0.3999487573661286
3664,0.3907,8,8,8,674110,2334,124703,1553,0.018486250158408313,0.39953691793156676
3665,0.3908,3,5,3,674115,2329,124706,1550,0.018446648080091242,0.39958752255736013
3666,0.3909,5,7,5,674122,2322,124711,1545,0.018391205170447344,0.3995345228859581
3667,0.391,6,16,6,674138,2306,124717,1539,0.01826447851983272,0.400260078023407
3668,0.3911,2,5,2,674143,2301,124719,1537,0.01822487644151565,0.4004689942678478
3669,0.3912,8,8,8,674151,2293,124727,1529,0.01816151311620834,0.40005232862375717
3670,0.3913,2,13,2,674164,2280,124729,1527,0.018058547712583955,0.40110323089046496
3671,0.3914,10,7,10,674171,2273,124739,1517,0.018003104802940057,0.4002638522427441
3672,0.3915,0,6,0,674177,2267,124739,1517,0.017955582308959574,0.4008985200845666
3673,0.3916,0,6,0,674183,2261,124739,1517,0.01790805981497909,0.4015352038115405
3674,0.3917,6,8,6,674191,2253,124745,1511,0.01784469648967178,0.4014346439957492
3675,0.3918,1,4,1,674195,2249,124746,1510,0.017813014827018123,0.4017025804735302
3676,0.3919,4,8,4,674203,2241,124750,1506,0.01774965150171081,0.40192153722978385
3677,0.392,8,12,8,674215,2229,124758,1498,0.01765460651374984,0.40193184867185405
3678,0.3921,7,8,7,674223,2221,124765,1491,0.01759124318844253,0.40167025862068967
3679,0.3922,1,0,1,674223,2221,124766,1490,0.01759124318844253,0.4015090272163837
3680,0.3923,3,13,3,674236,2208,124769,1487,0.017488277784818148,0.4024357239512855
3681,0.3924,1,2,1,674238,2206,124770,1486,0.017472436953491318,0.40249187432286027
3682,0.3925,1,6,1,674244,2200,124771,1485,0.017424914459510835,0.40298507462686567
3683,0.3926,4,1,4,674245,2199,124775,1481,0.01741699404384742,0.40244565217391304
3684,0.3927,3,7,3,674252,2192,124778,1478,0.017361551134203523,0.402724795640327
3685,0.3928,10,19,10,674271,2173,124788,1468,0.017211063236598656,0.40318593792914037
3686,0.3929,2,12,2,674283,2161,124790,1466,0.017116018248637687,0.40419079128756547
3687,0.393,1,1,1,674284,2160,124791,1465,0.017108097832974276,0.40413793103448276
3688,0.3931,4,18,4,674302,2142,124795,1461,0.016965530351032824,0.4054954204829309
3689,0.3932,3,7,3,674309,2135,124798,1458,0.016910087441388923,0.40578903423323126
3690,0.3933,7,10,7,674319,2125,124805,1451,0.016830883284754784,0.4057606263982103
3691,0.3934,3,8,3,674327,2117,124808,1448,0.01676751995944747,0.4061711079943899
3692,0.3935,6,5,6,674332,2112,124814,1442,0.016727917881130403,0.40574001125492404
3693,0.3936,7,13,7,674345,2099,124821,1435,0.01662495247750602,0.4060554612337295
3694,0.3937,2,3,2,674348,2096,124823,1433,0.016601191230515778,0.40606404080476055
3695,0.3938,2,6,2,674354,2090,124825,1431,0.01655366873653529,0.4064186310707186
3696,0.3939,2,0,2,674354,2090,124827,1429,0.01655366873653529,0.4060812730889457
3697,0.394,7,12,7,674366,2078,124834,1422,0.016458623748574326,0.4062857142857143
3698,0.3941,5,2,5,674368,2076,124839,1417,0.016442782917247496,0.4056684798167764
3699,0.3942,2,6,2,674374,2070,124841,1415,0.016395260423267013,0.406025824964132
3700,0.3943,3,9,3,674383,2061,124844,1412,0.016323976682296286,0.4065649294558019
3701,0.3944,3,7,3,674390,2054,124847,1409,0.016268533772652388,0.4068726537684089
3702,0.3945,1,6,1,674396,2048,124848,1408,0.016221011278671905,0.4074074074074074
3703,0.3946,12,7,12,674403,2041,124860,1396,0.016165568369028008,0.4061681699156241
3704,0.3947,0,7,0,674410,2034,124860,1396,0.01611012545938411,0.40699708454810496
3705,0.3948,2,3,2,674413,2031,124862,1394,0.016086364212393865,0.407007299270073
3706,0.3949,3,1,3,674414,2030,124865,1391,0.016078443796730454,0.40660625548085355
3707,0.395,1,3,1,674417,2027,124866,1390,0.01605468254974021,0.4067895815042435
3708,0.3951,6,8,6,674425,2019,124872,1384,0.0159913192244329,0.40669997061416396
3709,0.3952,3,12,3,674437,2007,124875,1381,0.01589627423647193,0.40761511216056673
3710,0.3953,5,12,5,674449,1995,124880,1376,0.015801229248510962,0.40818748145950756
3711,0.3954,3,2,3,674451,1993,124883,1373,0.015785388417184135,0.4079025549613785
3712,0.3955,2,5,2,674456,1988,124885,1371,0.015745786338867064,0.40815718963977377
3713,0.3956,1,4,1,674460,1984,124886,1370,0.015714104676213408,0.4084675014907573
3714,0.3957,2,5,2,674465,1979,124888,1368,0.015674502597896336,0.4087242306543173
3715,0.3958,2,7,2,674472,1972,124890,1366,0.015619059688252439,0.4092270820850809
3716,0.3959,6,4,6,674476,1968,124896,1360,0.015587378025598784,0.40865384615384615
3717,0.396,4,4,4,674480,1964,124900,1356,0.015555696362945128,0.40843373493975904
3718,0.3961,4,3,4,674483,1961,124904,1352,0.015531935115954885,0.4080893450045276
3719,0.3962,1,4,1,674487,1957,124905,1351,0.015500253453301228,0.40840386940749696
3720,0.3963,2,2,2,674489,1955,124907,1349,0.015484412621974402,0.40829297820823246
3721,0.3964,5,2,5,674491,1953,124912,1344,0.015468571790647574,0.40764331210191085
3722,0.3965,6,9,6,674500,1944,124918,1338,0.015397288049676846,0.4076782449725777
3723,0.3966,6,6,6,674506,1938,124924,1332,0.015349765555696364,0.4073394495412844
3724,0.3967,3,4,3,674510,1934,124927,1329,0.015318083893042707,0.4072939013178057
3725,0.3968,1,8,1,674518,1926,124928,1328,0.015254720567735395,0.40811309157959436
3726,0.3969,8,10,8,674528,1916,124936,1320,0.015175516411101254,0.4079110012360939
3727,0.397,7,8,7,674536,1908,124943,1313,0.015112153085793943,0.40763737969574665
3728,0.3971,1,3,1,674539,1905,124944,1312,0.0150883918388037,0.40783338514143613
3729,0.3972,2,3,2,674542,1902,124946,1310,0.015064630591813458,0.4078455790784558
3730,0.3973,4,3,4,674545,1899,124950,1306,0.015040869344823217,0.4074882995319813
3731,0.3974,10,16,10,674561,1883,124960,1296,0.014914142694208592,0.40767536961308587
3732,0.3975,3,2,3,674563,1881,124963,1293,0.014898301862881764,0.40737240075614367
3733,0.3976,7,9,7,674572,1872,124970,1286,0.014827018121911038,0.4072197593413553
3734,0.3977,8,19,8,674591,1853,124978,1278,0.014676530224306171,0.40817630150111783
3735,0.3978,12,3,12,674594,1850,124990,1266,0.01465276897731593,0.40629011553273425
3736,0.3979,4,4,4,674598,1846,124994,1262,0.014621087314662273,0.40604890604890603
3737,0.398,3,2,3,674600,1844,124997,1259,0.014605246483335445,0.4057363841443764
3738,0.3981,0,2,0,674602,1842,124997,1259,0.014589405652008617,0.4059980651402773
3739,0.3982,0,1,0,674603,1841,124997,1259,0.014581485236345204,0.4061290322580645
3740,0.3983,3,7,3,674610,1834,125000,1256,0.014526042326701306,0.4064724919093851
3741,0.3984,13,9,13,674619,1825,125013,1243,0.014454758585730578,0.40514993481095174
3742,0.3985,0,3,0,674622,1822,125013,1243,0.014430997338740337,0.40554649265905385
3743,0.3986,2,14,2,674636,1808,125015,1241,0.014320111519452542,0.40701869465398494
3744,0.3987,3,0,3,674636,1808,125018,1238,0.014320111519452542,0.40643466841759684
3745,0.3988,2,2,2,674638,1806,125020,1236,0.014304270688125714,0.40631163708086787
3746,0.3989,5,6,5,674644,1800,125025,1231,0.014256748194145229,0.40613658858462554
3747,0.399,0,6,0,674650,1794,125025,1231,0.014209225700164745,0.4069421487603306
3748,0.3991,1,4,1,674654,1790,125026,1230,0.014177544037511088,0.40728476821192056
3749,0.3992,14,26,14,674680,1764,125040,1216,0.013971613230262324,0.4080536912751678
3750,0.3993,9,8,9,674688,1756,125049,1207,0.013908249904955011,0.4073574080323996
3751,0.3994,5,9,5,674697,1747,125054,1202,0.013836966163984285,0.40759579518480843
3752,0.3995,7,16,7,674713,1731,125061,1195,0.013710239513369662,0.4084073820915926
3753,0.3996,3,5,3,674718,1726,125064,1192,0.013670637435052592,0.40849897189856066
3754,0.3997,1,3,1,674721,1723,125065,1191,0.01364687618806235,0.408716540837337
3755,0.3998,4,0,4,674721,1723,125069,1187,0.01364687618806235,0.4079037800687285
3756,0.3999,2,2,2,674723,1721,125071,1185,0.013631035356735521,0.4077770130763937
3757,0.4,1,0,1,674723,1721,125072,1184,0.013631035356735521,0.40757314974182446
3758,0.4001,0,1,0,674724,1720,125072,1184,0.013623114941072108,0.40771349862258954
3759,0.4002,5,11,5,674735,1709,125077,1179,0.013535990368774554,0.4082409972299169
3760,0.4003,1,8,1,674743,1701,125078,1178,0.013472627043467241,0.4091698506425842
3761,0.4004,6,7,6,674750,1694,125084,1172,0.013417184133823343,0.4089323098394976
3762,0.4005,0,2,0,674752,1692,125084,1172,0.013401343302496515,0.4092178770949721
3763,0.4006,3,5,3,674757,1687,125087,1169,0.013361741224179446,0.40931372549019607
3764,0.4007,2,6,2,674763,1681,125089,1167,0.013314218730198961,0.4097612359550562
3765,0.4008,4,0,4,674763,1681,125093,1163,0.013314218730198961,0.4089310829817159
3766,0.4009,1,1,1,674764,1680,125094,1162,0.013306298314535546,0.4088669950738916
3767,0.401,1,5,1,674769,1675,125095,1161,0.013266696236218477,0.40937940761636105
3768,0.4011,7,5,7,674774,1670,125102,1154,0.013227094157901407,0.4086402266288952
3769,0.4012,7,5,7,674779,1665,125109,1147,0.013187492079584336,0.40789473684210525
3770,0.4013,5,6,5,674785,1659,125114,1142,0.013139969585603853,0.4077115315958586
3771,0.4014,1,0,1,674785,1659,125115,1141,0.013139969585603853,0.4075
3772,0.4015,1,6,1,674791,1653,125116,1140,0.013092447091623369,0.40816326530612246
3773,0.4016,1,1,1,674792,1652,125117,1139,0.013084526675959954,0.4080974561089215
3774,0.4017,5,3,5,674795,1649,125122,1134,0.013060765428969712,0.40747394897592526
3775,0.4018,2,0,2,674795,1649,125124,1132,0.013060765428969712,0.4070478245235527
3776,0.4019,4,11,4,674806,1638,125128,1128,0.012973640856672158,0.4078091106290672
3777,0.402,3,15,3,674821,1623,125131,1125,0.012854834621720948,0.4093886462882096
3778,0.4021,2,8,2,674829,1615,125133,1123,0.012791471296413635,0.41015339663988315
3779,0.4022,1,3,1,674832,1612,125134,1122,0.012767710049423394,0.41038771031455745
3780,0.4023,3,5,3,674837,1607,125137,1119,0.012728107971106324,0.4104915627292737
3781,0.4024,1,4,1,674841,1603,125138,1118,0.012696426308452668,0.41087835354649027
3782,0.4025,1,2,1,674843,1601,125139,1117,0.01268058547712584,0.41096394407652687
3783,0.4026,2,1,2,674844,1600,125141,1115,0.012672665061462425,0.4106813996316759
3784,0.4027,4,7,4,674851,1593,125145,1111,0.012617222151818527,0.41087278106508873
3785,0.4028,1,1,1,674852,1592,125146,1110,0.012609301736155114,0.41080680977054035
3786,0.4029,4,5,4,674857,1587,125150,1106,0.012569699657838043,0.41069439287040477
3787,0.403,4,5,4,674862,1582,125154,1102,0.012530097579520973,0.4105812220566319
3788,0.4031,2,1,2,674863,1581,125156,1100,0.012522177163857558,0.4102946661693398
3789,0.4032,2,7,2,674870,1574,125158,1098,0.01246673425421366,0.41092814371257486
3790,0.4033,5,4,5,674874,1570,125163,1093,0.012435052591560004,0.41043935411190385
3791,0.4034,1,3,1,674877,1567,125164,1092,0.012411291344569763,0.4106807070327191
3792,0.4035,2,3,2,674880,1564,125166,1090,0.012387530097579522,0.4107008289374529
3793,0.4036,3,6,3,674886,1558,125169,1087,0.012340007603599037,0.4109640831758034
3794,0.4037,1,19,1,674905,1539,125170,1086,0.01218951970599417,0.4137142857142857
3795,0.4038,2,6,2,674911,1533,125172,1084,0.012141997212013686,0.4142147497134123
3796,0.4039,3,8,3,674919,1525,125175,1081,0.012078633886706375,0.4148119723714505
3797,0.404,5,3,5,674922,1522,125180,1076,0.012054872639716132,0.41416474210931487
3798,0.4041,5,9,5,674931,1513,125185,1071,0.011983588898745406,0.4144736842105263
3799,0.4042,6,9,6,674940,1504,125191,1065,0.01191230515777468,0.41455819384974696
3800,0.4043,0,5,0,674945,1499,125191,1065,0.01187270307945761,0.4153666146645866
3801,0.4044,7,7,7,674952,1492,125198,1058,0.011817260169813711,0.41490196078431374
3802,0.4045,0,4,0,674956,1488,125198,1058,0.011785578507160055,0.41555380989787905
3803,0.4046,0,1,0,674957,1487,125198,1058,0.011777658091496642,0.4157170923379175
3804,0.4047,6,16,6,674973,1471,125204,1052,0.011650931440882018,0.4169639318271898
3805,0.4048,1,4,1,674977,1467,125205,1051,0.011619249778228362,0.41739475774424145
3806,0.4049,1,0,1,674977,1467,125206,1050,0.011619249778228362,0.4171632896305125
3807,0.405,1,2,1,674979,1465,125207,1049,0.011603408946901534,0.41726332537788385
3808,0.4052,4,2,4,674981,1463,125211,1045,0.011587568115574706,0.4166666666666667
3809,0.4053,3,7,3,674988,1456,125214,1042,0.011532125205930808,0.41713370696557245
3810,0.4054,1,2,1,674990,1454,125215,1041,0.01151628437460398,0.41723446893787575
3811,0.4055,3,4,3,674994,1450,125218,1038,0.011484602711950323,0.4172025723472669
3812,0.4056,5,2,5,674996,1448,125223,1033,0.011468761880623495,0.4163643692059653
3813,0.4057,3,2,3,674998,1446,125226,1030,0.011452921049296667,0.4159935379644588
3814,0.4058,3,1,3,674999,1445,125229,1027,0.011445000633633254,0.415453074433657
3815,0.4059,2,4,2,675003,1441,125231,1025,0.011413318970979597,0.41565287915652877
3816,0.406,4,4,4,675007,1437,125235,1021,0.011381637308325941,0.41537835638730675
3817,0.4061,0,1,0,675008,1436,125235,1021,0.011373716892662526,0.41554741554741553
3818,0.4062,1,6,1,675014,1430,125236,1020,0.011326194398682043,0.4163265306122449
3819,0.4063,7,0,7,675014,1430,125243,1013,0.011326194398682043,0.41465411379451494
3820,0.4064,0,3,0,675017,1427,125243,1013,0.0113024331516918,0.4151639344262295
3821,0.4065,1,3,1,675020,1424,125244,1012,0.011278671904701559,0.4154351395730706
3822,0.4066,1,5,1,675025,1419,125245,1011,0.01123906982638449,0.4160493827160494
3823,0.4067,10,6,10,675031,1413,125255,1001,0.011191547332404005,0.4146644573322287
3824,0.4068,1,1,1,675032,1412,125256,1000,0.01118362691674059,0.41459369817578773
3825,0.4069,2,6,2,675038,1406,125258,998,0.011136104422760107,0.4151414309484193
3826,0.407,2,9,2,675047,1397,125260,996,0.01106482068178938,0.41621395737567907
3827,0.4071,4,3,4,675050,1394,125264,992,0.011041059434799138,0.4157585917854149
3828,0.4072,1,2,1,675052,1392,125265,991,0.01102521860347231,0.41586235837180024
3829,0.4073,3,8,3,675060,1384,125268,988,0.010961855278164997,0.41652613827993257
3830,0.4074,1,1,1,675061,1383,125269,987,0.010953934862501584,0.41645569620253164
3831,0.4075,3,6,3,675067,1377,125272,984,0.0109064123685211,0.4167725540025413
3832,0.4076,2,1,2,675068,1376,125274,982,0.010898491952857687,0.4164546225614928
3833,0.4077,2,0,2,675068,1376,125276,980,0.010898491952857687,0.4159592529711375
3834,0.4078,3,3,3,675071,1373,125279,977,0.010874730705867443,0.4157446808510638
3835,0.4079,5,3,5,675074,1370,125284,972,0.010850969458877202,0.4150298889837746
3836,0.408,3,1,3,675075,1369,125287,969,0.010843049043213787,0.4144568006843456
3837,0.4081,0,1,0,675076,1368,125287,969,0.010835128627550374,0.4146341463414634
3838,0.4082,2,1,2,675077,1367,125289,967,0.010827208211886959,0.4143101970865467
3839,0.4083,1,7,1,675084,1360,125290,966,0.010771765302243061,0.41530524505588995
3840,0.4084,3,6,3,675090,1354,125293,963,0.010724242808262577,0.4156236512731981
3841,0.4085,7,14,7,675104,1340,125300,956,0.010613356988974781,0.4163763066202091
3842,0.4086,0,2,0,675106,1338,125300,956,0.010597516157647953,0.4167393199651264
3843,0.4087,0,1,0,675107,1337,125300,956,0.01058959574198454,0.41692106410815527
3844,0.4088,3,5,3,675112,1332,125303,953,0.010549993663667469,0.41706783369803063
3845,0.4089,1,5,1,675117,1327,125304,952,0.0105103915853504,0.4177270732777534
3846,0.409,2,8,2,675125,1319,125306,950,0.010447028260043087,0.4186866460996034
3847,0.4091,3,4,3,675129,1315,125309,947,0.01041534659738943,0.4186560565870911
3848,0.4092,11,18,11,675147,1297,125320,936,0.010272779115447979,0.419167039856695
3849,0.4093,3,9,3,675156,1288,125323,933,0.010201495374477253,0.420081044574516
3850,0.4094,4,6,4,675162,1282,125327,929,0.010153972880496768,0.42017186793306194
3851,0.4095,1,1,1,675163,1281,125328,928,0.010146052464833355,0.4200995925758262
3852,0.4096,1,3,1,675166,1278,125329,927,0.010122291217843112,0.4204081632653061
3853,0.4097,2,2,2,675168,1276,125331,925,0.010106450386516284,0.4202635165833712
3854,0.4098,4,11,4,675179,1265,125335,921,0.01001932581421873,0.42131747483989024
3855,0.4099,4,5,4,675184,1260,125339,917,0.00997972373590166,0.4212218649517685
3856,0.41,4,4,4,675188,1256,125343,913,0.009948042073248004,0.42093130474873214
3857,0.4101,3,3,3,675191,1253,125346,910,0.009924280826257762,0.42071197411003236
3858,0.4102,4,6,4,675197,1247,125350,906,0.009876758332277278,0.42080817464003717
3859,0.4103,1,4,1,675201,1243,125351,905,0.009845076669623622,0.4213221601489758
3860,0.4104,6,12,6,675213,1231,125357,899,0.009750031681662654,0.4220657276995305
3861,0.4105,10,20,10,675233,1211,125367,889,0.009591623368394373,0.42333333333333334
3862,0.4106,6,1,6,675234,1210,125373,883,0.00958370295273096,0.4218824653607262
3863,0.4107,1,0,1,675234,1210,125374,882,0.00958370295273096,0.4216061185468451
3864,0.4108,6,7,6,675241,1203,125380,876,0.009528260043087062,0.4213564213564214
3865,0.4109,1,1,1,675242,1202,125381,875,0.009520339627423647,0.4212806933076553
3866,0.411,0,1,0,675243,1201,125381,875,0.009512419211760234,0.4214836223506744
3867,0.4111,1,1,1,675244,1200,125382,874,0.009504498796096819,0.4214079074252652
3868,0.4112,1,3,1,675247,1197,125383,873,0.009480737549106577,0.4217391304347826
3869,0.4113,1,3,1,675250,1194,125384,872,0.009456976302116334,0.4220716360116166
3870,0.4114,3,3,3,675253,1191,125387,869,0.009433215055126093,0.42184466019417477
3871,0.4115,2,3,2,675256,1188,125389,867,0.009409453808135852,0.4218978102189781
3872,0.4116,2,1,2,675257,1187,125391,865,0.009401533392472437,0.4215399610136452
3873,0.4117,0,1,0,675258,1186,125391,865,0.009393612976809023,0.42174549000487566
3874,0.4118,1,2,1,675260,1184,125392,864,0.009377772145482195,0.421875
3875,0.4119,7,6,7,675266,1178,125399,857,0.00933024965150171,0.42113022113022114
3876,0.412,0,7,0,675273,1171,125399,857,0.009274806741857813,0.42258382642998027
3877,0.4121,6,5,6,675278,1166,125405,851,0.009235204663540742,0.42191373326722853
3878,0.4123,1,5,1,675283,1161,125406,850,0.009195602585223672,0.4226752859273993
3879,0.4124,2,5,2,675288,1156,125408,848,0.009156000506906603,0.4231536926147705
3880,0.4125,4,13,4,675301,1143,125412,844,0.00905303510328222,0.42476094614997484
3881,0.4126,3,4,3,675305,1139,125415,841,0.009021353440628564,0.42474747474747476
3882,0.4127,3,6,3,675311,1133,125418,838,0.00897383094664808,0.42516489091831555
3883,0.4129,3,4,3,675315,1129,125421,835,0.008942149283994423,0.42515274949083504
3884,0.413,4,1,4,675316,1128,125425,831,0.00893422886833101,0.4241960183767228
3885,0.4131,4,0,4,675316,1128,125429,827,0.00893422886833101,0.4230179028132992
3886,0.4134,1,4,1,675320,1124,125430,826,0.008902547205677354,0.4235897435897436
3887,0.4135,1,9,1,675329,1115,125431,825,0.008831263464706628,0.4252577319587629
3888,0.4136,3,2,3,675331,1113,125434,822,0.0088154226333798,0.4248062015503876
3889,0.4137,1,1,1,675332,1112,125435,821,0.008807502217716385,0.4247284014485256
3890,0.4138,3,4,3,675336,1108,125438,818,0.00877582055506273,0.42471443406022846
3891,0.4139,2,1,2,675337,1107,125440,816,0.008767900139399315,0.4243369734789392
3892,0.414,0,2,0,675339,1105,125440,816,0.008752059308072487,0.4247787610619469
3893,0.4141,1,3,1,675342,1102,125441,815,0.008728298061082246,0.4251434533124674
3894,0.4142,5,8,5,675350,1094,125446,810,0.008664934735774933,0.4254201680672269
3895,0.4143,0,1,0,675351,1093,125446,810,0.00865701432011152,0.4256437204414083
3896,0.4144,2,5,2,675356,1088,125448,808,0.008617412241794449,0.42616033755274263
3897,0.4145,7,3,7,675359,1085,125455,801,0.008593650994804207,0.4247083775185578
3898,0.4146,0,1,0,675360,1084,125455,801,0.008585730579140794,0.4249336870026525
3899,0.4147,2,3,2,675363,1081,125457,799,0.008561969332150551,0.425
3900,0.4149,1,1,1,675364,1080,125458,798,0.008554048916487138,0.4249201277955272
3901,0.415,5,6,5,675370,1074,125463,793,0.008506526422506653,0.4247455811462239
3902,0.4151,4,0,4,675370,1074,125467,789,0.008506526422506653,0.42351046698872785
3903,0.4152,9,14,9,675384,1060,125476,780,0.008395640603218856,0.42391304347826086
3904,0.4153,3,3,3,675387,1057,125479,777,0.008371879356228615,0.42366412213740456
3905,0.4154,4,2,4,675389,1055,125483,773,0.008356038524901787,0.42286652078774617
3906,0.4155,1,2,1,675391,1053,125484,772,0.008340197693574958,0.423013698630137
3907,0.4156,1,6,1,675397,1047,125485,771,0.008292675199594474,0.4240924092409241
3908,0.4157,8,4,8,675401,1043,125493,763,0.00826099353694082,0.42248062015503873
3909,0.4158,4,5,4,675406,1038,125497,759,0.008221391458623748,0.42237061769616024
3910,0.416,2,6,2,675412,1032,125499,757,0.008173868964643264,0.42314141978759084
3911,0.4161,7,4,7,675416,1028,125506,750,0.008142187301989609,0.421822272215973
3912,0.4162,1,1,1,675417,1027,125507,749,0.008134266886326194,0.42173423423423423
3913,0.4163,2,1,2,675418,1026,125509,747,0.008126346470662781,0.4213197969543147
3914,0.4164,5,1,5,675419,1025,125514,742,0.008118426054999366,0.41992076966610076
3915,0.4165,6,5,6,675424,1020,125520,736,0.008078823976682296,0.4191343963553531
3916,0.4166,3,3,3,675427,1017,125523,733,0.008055062729692055,0.4188571428571429
3917,0.4167,2,5,2,675432,1012,125525,731,0.008015460651374984,0.4193918531267929
3918,0.4168,3,5,3,675437,1007,125528,728,0.007975858573057914,0.4195965417867435
3919,0.4169,0,4,0,675441,1003,125528,728,0.007944176910404258,0.42056614673599074
3920,0.417,1,9,1,675450,994,125529,727,0.007872893169433532,0.4224288204532249
3921,0.4171,2,1,2,675451,993,125531,725,0.007864972753770117,0.4220023282887078
3922,0.4172,1,3,1,675454,990,125532,724,0.007841211506779876,0.4224037339556593
3923,0.4173,0,1,0,675455,989,125532,724,0.007833291091116463,0.4226503210741389
3924,0.4174,1,1,1,675456,988,125533,723,0.007825370675453048,0.42255990648743424
3925,0.4176,0,9,0,675465,979,125533,723,0.007754086934482322,0.42479435957696826
3926,0.4177,3,3,3,675468,976,125536,720,0.0077303256874920795,0.42452830188679247
3927,0.4178,0,2,0,675470,974,125536,720,0.007714484856165251,0.42502951593860683
3928,0.4179,7,13,7,675483,961,125543,713,0.007611519452540869,0.42592592592592593
3929,0.418,3,2,3,675485,959,125546,710,0.007595678621214041,0.4254044337926902
3930,0.4182,2,0,2,675485,959,125548,708,0.007595678621214041,0.4247150569886023
3931,0.4183,7,4,7,675489,955,125555,701,0.0075639969585603855,0.42330917874396135
3932,0.4184,4,4,4,675493,951,125559,697,0.007532315295906729,0.4229368932038835
3933,0.4185,1,1,1,675494,950,125560,696,0.007524394880243315,0.42284325637910086
3934,0.4186,4,8,4,675502,942,125564,692,0.007461031554936003,0.423500611995104
3935,0.4187,1,1,1,675503,941,125565,691,0.007453111139272589,0.42340686274509803
3936,0.4188,5,4,5,675507,937,125570,686,0.007421429476618933,0.4226740603820086
3937,0.4189,1,0,1,675507,937,125571,685,0.007421429476618933,0.42231812577065353
3938,0.419,1,10,1,675517,927,125572,684,0.007342225319984793,0.4245810055865922
3939,0.4191,3,6,3,675523,921,125575,681,0.0072947028260043085,0.4250936329588015
3940,0.4192,1,1,1,675524,920,125576,680,0.007286782410340894,0.425
3941,0.4193,1,5,1,675529,915,125577,679,0.007247180332023825,0.4259723964868256
3942,0.4194,4,9,4,675538,906,125581,675,0.007175896591053098,0.4269449715370019
3943,0.4195,0,1,0,675539,905,125581,675,0.007167976175389684,0.4272151898734177
3944,0.4196,1,1,1,675540,904,125582,674,0.007160055759726271,0.42712294043092525
3945,0.4197,2,4,2,675544,900,125584,672,0.0071283740970726145,0.42748091603053434
3946,0.4198,1,4,1,675548,896,125585,671,0.007096692434418958,0.4282067645181876
3947,0.4199,1,1,1,675549,895,125586,670,0.007088772018755544,0.4281150159744409
3948,0.42,6,2,6,675551,893,125592,664,0.007072931187428716,0.426461143224149
3949,0.4201,1,2,1,675553,891,125593,663,0.007057090356101888,0.4266409266409266
3950,0.4202,1,0,1,675553,891,125594,662,0.007057090356101888,0.42627173213135866
3951,0.4203,1,1,1,675554,890,125595,661,0.007049169940438475,0.4261766602192134
3952,0.4204,0,4,0,675558,886,125595,661,0.007017488277784818,0.42727860374919197
3953,0.4205,0,1,0,675559,885,125595,661,0.007009567862121404,0.42755498059508407
3954,0.4206,1,3,1,675562,882,125596,660,0.006985806615131162,0.4280155642023346
3955,0.4207,1,1,1,675563,881,125597,659,0.006977886199467748,0.4279220779220779
3956,0.4208,7,2,7,675565,879,125604,652,0.00696204536814092,0.42586544741998694
3957,0.421,3,6,3,675571,873,125607,649,0.006914522874160436,0.4264126149802891
3958,0.4211,2,4,2,675575,869,125609,647,0.00688284121150678,0.4267810026385224
3959,0.4212,3,5,3,675580,864,125612,644,0.00684323913318971,0.4270557029177719
3960,0.4213,3,5,3,675585,859,125615,641,0.00680363705487264,0.42733333333333334
3961,0.4214,1,2,1,675587,857,125616,640,0.006787796223545812,0.42752171008684037
3962,0.4215,3,2,3,675589,855,125619,637,0.0067719553922189835,0.4269436997319035
3963,0.4216,0,1,0,675590,854,125619,637,0.006764034976555569,0.4272300469483568
3964,0.4217,1,4,1,675594,850,125620,636,0.006732353313901914,0.42799461641991926
3965,0.4218,0,1,0,675595,849,125620,636,0.0067244328982385,0.42828282828282827
3966,0.4219,5,12,5,675607,837,125625,631,0.006629387910277532,0.4298365122615804
3967,0.422,1,3,1,675610,834,125626,630,0.0066056266632872895,0.430327868852459
3968,0.4221,0,4,0,675614,830,125626,630,0.006573945000633633,0.4315068493150685
3969,0.4222,2,1,2,675615,829,125628,628,0.006566024584970219,0.4310226492793411
3970,0.4223,3,3,3,675618,826,125631,625,0.006542263337979977,0.43073742246726393
3971,0.4224,1,0,1,675618,826,125632,624,0.006542263337979977,0.4303448275862069
3972,0.4226,1,2,1,675620,824,125633,623,0.006526422506653149,0.4305459571527298
3973,0.4227,0,1,0,675621,823,125633,623,0.0065185020909897355,0.43084370677731676
3974,0.4228,4,1,4,675622,822,125637,619,0.0065105816753263214,0.42956280360860516
3975,0.4229,1,2,1,675624,820,125638,618,0.006494740843999493,0.4297635605006954
3976,0.423,1,1,1,675625,819,125639,617,0.006486820428336079,0.4296657381615599
3977,0.4231,1,1,1,675626,818,125640,616,0.006478900012672665,0.4295676429567643
3978,0.4232,1,1,1,675627,817,125641,615,0.006470979597009251,0.42946927374301674
3979,0.4233,4,2,4,675629,815,125645,611,0.006455138765682423,0.4284712482468443
3980,0.4234,0,1,0,675630,814,125645,611,0.006447218350019009,0.4287719298245614
3981,0.4235,4,4,4,675634,810,125649,607,0.006415536687365353,0.42836979534227243
3982,0.4236,2,0,2,675634,810,125651,605,0.006415536687365353,0.4275618374558304
3983,0.4237,0,2,0,675636,808,125651,605,0.006399695856038525,0.4281670205237084
3984,0.4238,0,2,0,675638,806,125651,605,0.006383855024711697,0.4287739192062367
3985,0.4239,6,1,6,675639,805,125657,599,0.006375934609048283,0.42663817663817666
3986,0.424,0,3,0,675642,802,125657,599,0.006352173362058041,0.42755174875089225
3987,0.4241,2,1,2,675643,801,125659,597,0.006344252946394627,0.4270386266094421
3988,0.4242,1,2,1,675645,799,125660,596,0.0063284121150677984,0.42724014336917565
3989,0.4243,2,0,2,675645,799,125662,594,0.0063284121150677984,0.4264178033022254
3990,0.4245,3,2,3,675647,797,125665,591,0.006312571283740971,0.4257925072046109
3991,0.4246,4,3,4,675650,794,125669,587,0.006288810036750729,0.42505430847212167
3992,0.4247,3,4,3,675654,790,125672,584,0.006257128374097073,0.42503639010189226
3993,0.4248,2,5,2,675659,785,125674,582,0.006217526295780002,0.42574981711777615
3994,0.425,0,4,0,675663,781,125674,582,0.006185844633126347,0.42699926632428464
3995,0.4251,1,0,1,675663,781,125675,581,0.006185844633126347,0.4265785609397944
3996,0.4252,2,8,2,675671,773,125677,579,0.006122481307819034,0.4282544378698225
3997,0.4253,2,1,2,675672,772,125679,577,0.00611456089215562,0.42772424017790955
3998,0.4254,6,7,6,675679,765,125685,571,0.006059117982511722,0.4273952095808383
3999,0.4255,0,2,0,675681,763,125685,571,0.006043277151184894,0.4280359820089955
4000,0.4256,5,2,5,675683,761,125690,566,0.006027436319858066,0.426525998492841
4001,0.4257,6,7,6,675690,754,125696,560,0.005971993410214168,0.426179604261796
4002,0.4258,3,0,3,675690,754,125699,557,0.005971993410214168,0.4248665141113654
4003,0.4259,3,2,3,675692,752,125702,554,0.00595615257888734,0.4241960183767228
4004,0.4261,2,1,2,675693,751,125704,552,0.005948232163223926,0.42363775901765155
4005,0.4262,0,1,0,675694,750,125704,552,0.005940311747560512,0.423963133640553
4006,0.4263,1,8,1,675702,742,125705,551,0.0058769484222532,0.42614075792730083
4007,0.4264,1,1,1,675703,741,125706,550,0.005869028006589786,0.42602633617350893
4008,0.4265,4,6,4,675709,735,125710,546,0.005821505512609302,0.4262295081967213
4009,0.4266,2,5,2,675714,730,125712,544,0.005781903434292232,0.42700156985871274
4010,0.4267,0,4,0,675718,726,125712,544,0.005750221771638576,0.4283464566929134
4011,0.4269,7,1,7,675719,725,125719,537,0.005742301355975162,0.4255150554675119
4012,0.427,0,5,0,675724,720,125719,537,0.005702699277658091,0.42720763723150357
4013,0.4271,0,3,0,675727,717,125719,537,0.005678938030667849,0.42822966507177035
4014,0.4272,0,2,0,675729,715,125719,537,0.005663097199341022,0.4289137380191693
4015,0.4274,0,5,0,675734,710,125719,537,0.005623495121023951,0.43063352044907777
4016,0.4275,5,9,5,675743,701,125724,532,0.0055522113800532255,0.43146796431467965
4017,0.4277,1,0,1,675743,701,125725,531,0.0055522113800532255,0.4310064935064935
4018,0.4278,3,3,3,675746,698,125728,528,0.005528450133062983,0.43066884176182707
4019,0.4279,3,5,3,675751,693,125731,525,0.005488848054745913,0.43103448275862066
4020,0.428,0,4,0,675755,689,125731,525,0.005457166392092257,0.43245469522240526
4021,0.4281,2,1,2,675756,688,125733,523,0.005449245976428843,0.4318744838976053
4022,0.4284,1,0,1,675756,688,125734,522,0.005449245976428843,0.43140495867768597
4023,0.4285,5,8,5,675764,680,125739,517,0.005385882651121531,0.4319131161236424
4024,0.4286,2,4,2,675768,676,125741,515,0.005354200988467875,0.4324097397145256
4025,0.4288,2,8,2,675776,668,125743,513,0.0052908376631605625,0.4343776460626588
4026,0.4289,2,1,2,675777,667,125745,511,0.0052829172474971485,0.43378607809847197
4027,0.429,1,0,1,675777,667,125746,510,0.0052829172474971485,0.4333050127442651
4028,0.4291,1,4,1,675781,663,125747,509,0.005251235584843493,0.43430034129692835
4029,0.4292,0,2,0,675783,661,125747,509,0.005235394753516665,0.43504273504273505
4030,0.4293,4,4,4,675787,657,125751,505,0.0052037130908630085,0.43459552495697074
4031,0.4294,0,2,0,675789,655,125751,505,0.00518787225953618,0.4353448275862069
4032,0.4295,0,10,0,675799,645,125751,505,0.00510866810290204,0.4391304347826087
4033,0.4296,1,3,1,675802,642,125752,504,0.005084906855911798,0.4397905759162304
4034,0.4297,1,1,1,675803,641,125753,503,0.005076986440248384,0.4396853146853147
4035,0.4299,2,0,2,675803,641,125755,501,0.005076986440248384,0.43870402802101577
4036,0.43,2,9,2,675812,632,125757,499,0.005005702699277658,0.4412024756852343
4037,0.4302,1,0,1,675812,632,125758,498,0.005005702699277658,0.4407079646017699
4038,0.4303,3,4,3,675816,628,125761,495,0.004974021036624002,0.44078361531611754
4039,0.4305,2,2,2,675818,626,125763,493,0.004958180205297174,0.44057193923145666
4040,0.4306,0,1,0,675819,625,125763,493,0.00495025978963376,0.4409660107334526
4041,0.4307,2,3,2,675822,622,125765,491,0.004926498542643518,0.4411500449236298
4042,0.4308,9,6,9,675828,616,125774,482,0.004878976048663034,0.43897996357012753
4043,0.4311,1,3,1,675831,613,125775,481,0.004855214801672792,0.4396709323583181
4044,0.4312,1,0,1,675831,613,125776,480,0.004855214801672792,0.43915827996340345
4045,0.4314,0,1,0,675832,612,125776,480,0.0048472943860093775,0.43956043956043955
4046,0.4315,4,3,4,675835,609,125780,476,0.004823533139019136,0.43870967741935485
4047,0.4316,3,0,3,675835,609,125783,473,0.004823533139019136,0.43715341959334564
4048,0.4317,5,2,5,675837,607,125788,468,0.004807692307692308,0.43534883720930234
4049,0.4318,3,6,3,675843,601,125791,465,0.0047601698137118235,0.43621013133208253
4050,0.4319,1,3,1,675846,598,125792,464,0.004736408566721581,0.4369114877589454
4051,0.432,3,5,3,675851,593,125795,461,0.004696806488404512,0.43738140417457305
4052,0.4321,2,0,2,675851,593,125797,459,0.004696806488404512,0.43631178707224333
4053,0.4322,5,5,5,675856,588,125802,454,0.004657204410087441,0.43570057581573896
4054,0.4323,0,2,0,675858,586,125802,454,0.004641363578760613,0.43653846153846154
4055,0.4324,4,6,4,675864,580,125806,450,0.0045938410847801295,0.4368932038834951
4056,0.4325,1,4,1,675868,576,125807,449,0.004562159422126473,0.4380487804878049
4057,0.4328,1,1,1,675869,575,125808,448,0.004554239006463059,0.43792766373411535
4058,0.4329,0,3,0,675872,572,125808,448,0.004530477759472817,0.4392156862745098
4059,0.433,1,0,1,675872,572,125809,447,0.004530477759472817,0.43866535819430813
4060,0.4331,1,4,1,675876,568,125810,446,0.004498796096819161,0.43984220907297833
4061,0.4332,0,1,0,675877,567,125810,446,0.004490875681155747,0.44027640671273444
4062,0.4333,5,8,5,675885,559,125815,441,0.004427512355848435,0.441
4063,0.4334,2,1,2,675886,558,125817,439,0.004419591940185021,0.440320962888666
4064,0.4335,3,5,3,675891,553,125820,436,0.004379989861867951,0.4408493427704752
4065,0.4336,0,1,0,675892,552,125820,436,0.004372069446204537,0.44129554655870445
4066,0.4339,0,3,0,675895,549,125820,436,0.004348308199214295,0.44263959390862945
4067,0.434,2,4,2,675899,545,125822,434,0.004316626536560638,0.4433094994892748
4068,0.4341,3,6,3,675905,539,125825,431,0.004269104042580155,0.44432989690721647
4069,0.4342,0,2,0,675907,537,125825,431,0.004253263211253327,0.4452479338842975
4070,0.4343,5,4,5,675911,533,125830,426,0.00422158154859967,0.44421272158498437
4071,0.4344,1,0,1,675911,533,125831,425,0.00422158154859967,0.44363256784968685
4072,0.4345,3,4,3,675915,529,125834,422,0.004189899885946015,0.4437434279705573
4073,0.4346,1,3,1,675918,526,125835,421,0.004166138638955773,0.44456177402323127
4074,0.4347,1,3,1,675921,523,125836,420,0.00414237739196553,0.44538706256627786
4075,0.4348,1,2,1,675923,521,125837,419,0.004126536560638702,0.44574468085106383
4076,0.4349,3,1,3,675924,520,125840,416,0.004118616144975288,0.4444444444444444
4077,0.435,1,1,1,675925,519,125841,415,0.004110695729311874,0.4443254817987152
4078,0.4351,2,0,2,675925,519,125843,413,0.004110695729311874,0.44313304721030045
4079,0.4353,1,0,1,675925,519,125844,412,0.004110695729311874,0.44253490870032225
4080,0.4356,3,0,3,675925,519,125847,409,0.004110695729311874,0.44073275862068967
4081,0.4357,3,3,3,675928,516,125850,406,0.004086934482321632,0.4403470715835141
4082,0.4358,4,11,4,675939,505,125854,402,0.003999809910024078,0.4432194046306505
4083,0.4359,2,0,2,675939,505,125856,400,0.003999809910024078,0.4419889502762431
4084,0.436,2,2,2,675941,503,125858,398,0.00398396907869725,0.44173140954495005
4085,0.4361,1,0,1,675941,503,125859,397,0.00398396907869725,0.4411111111111111
4086,0.4362,1,4,1,675945,499,125860,396,0.003952287416043594,0.4424581005586592
4087,0.4363,1,5,1,675950,494,125861,395,0.003912685337726524,0.44431946006749157
4088,0.4364,1,0,1,675950,494,125862,394,0.003912685337726524,0.4436936936936937
4089,0.4365,2,5,2,675955,489,125864,392,0.003873083259409454,0.4449489216799092
4090,0.4366,2,0,2,675955,489,125866,390,0.003873083259409454,0.44368600682593856
4091,0.4367,1,0,1,675955,489,125867,389,0.003873083259409454,0.4430523917995444
4092,0.4368,2,1,2,675956,488,125869,387,0.0038651628437460397,0.4422857142857143
4093,0.437,1,0,1,675956,488,125870,386,0.0038651628437460397,0.4416475972540046
4094,0.4371,0,1,0,675957,487,125870,386,0.0038572424280826256,0.44215349369988544
4095,0.4372,5,7,5,675964,480,125875,381,0.0038017995184387275,0.4425087108013937
4096,0.4373,0,1,0,675965,479,125875,381,0.0037938791027753134,0.44302325581395346
4097,0.4374,2,2,2,675967,477,125877,379,0.0037780382714484857,0.4427570093457944
4098,0.4375,2,0,2,675967,477,125879,377,0.0037780382714484857,0.4414519906323185
4099,0.4377,1,1,1,675968,476,125880,376,0.0037701178557850716,0.4413145539906103
4100,0.4378,1,1,1,675969,475,125881,375,0.0037621974401216575,0.4411764705882353
4101,0.4379,2,4,2,675973,471,125883,373,0.0037305157774680017,0.4419431279620853
4102,0.4381,0,1,0,675974,470,125883,373,0.0037225953618045876,0.4424673784104389
4103,0.4382,1,1,1,675975,469,125884,372,0.0037146749461411735,0.4423305588585018
4104,0.4383,1,0,1,675975,469,125885,371,0.0037146749461411735,0.44166666666666665
4105,0.4384,1,2,1,675977,467,125886,370,0.0036988341148143453,0.44205495818399043
4106,0.4385,4,4,4,675981,463,125890,366,0.0036671524521606894,0.44149577804583834
4107,0.4386,4,2,4,675983,461,125894,362,0.0036513116208338613,0.4398541919805589
4108,0.4387,1,4,1,675987,457,125895,361,0.0036196299581802054,0.441320293398533
4109,0.4389,0,1,0,675988,456,125895,361,0.0036117095425167913,0.4418604651162791
4110,0.439,1,1,1,675989,455,125896,360,0.0036037891268533772,0.44171779141104295
4111,0.4391,1,0,1,675989,455,125897,359,0.0036037891268533772,0.44103194103194104
4112,0.4392,0,1,0,675990,454,125897,359,0.003595868711189963,0.44157441574415746
4113,0.4393,2,4,2,675994,450,125899,357,0.0035641870485363073,0.4423791821561338
4114,0.4395,3,4,3,675998,446,125902,354,0.003532505385882651,0.4425
4115,0.4396,3,3,3,676001,443,125905,351,0.003508744138892409,0.4420654911838791
4116,0.4397,1,0,1,676001,443,125906,350,0.003508744138892409,0.44136191677175285
4117,0.4399,3,0,3,676001,443,125909,347,0.003508744138892409,0.43924050632911393
4118,0.44,0,1,0,676002,442,125909,347,0.003500823723228995,0.43979721166032953
4119,0.4401,0,3,0,676005,439,125909,347,0.003477062476238753,0.44147582697201015
4120,0.4402,2,3,2,676008,436,125911,345,0.003453301229248511,0.44174135723431496
4121,0.4403,1,0,1,676008,436,125912,344,0.003453301229248511,0.441025641025641
4122,0.4404,1,8,1,676016,428,125913,343,0.003389937903941199,0.44487678339818415
4123,0.4405,1,3,1,676019,425,125914,342,0.003366176656950957,0.44589308996088656
4124,0.4409,0,1,0,676020,424,125914,342,0.003358256241287543,0.4464751958224543
4125,0.441,0,1,0,676021,423,125914,342,0.003350335825624129,0.4470588235294118
4126,0.4411,0,3,0,676024,420,125914,342,0.0033265745786338866,0.44881889763779526
4127,0.4412,5,2,5,676026,418,125919,337,0.003310733747307059,0.4463576158940397
4128,0.4413,2,1,2,676027,417,125921,335,0.0033028133316436448,0.4454787234042553
4129,0.4414,0,1,0,676028,416,125921,335,0.0032948929159802307,0.44607190412782954
4130,0.4415,1,3,1,676031,413,125922,334,0.0032711316689899884,0.44712182061579653
4131,0.4416,1,1,1,676032,412,125923,333,0.0032632112533265744,0.4469798657718121
4132,0.4417,0,2,0,676034,410,125923,333,0.0032473704219997466,0.44818304172274565
4133,0.4418,2,2,2,676036,408,125925,331,0.0032315295906729185,0.4479025710419486
4134,0.4419,1,0,1,676036,408,125926,330,0.0032315295906729185,0.44715447154471544
4135,0.442,0,2,0,676038,406,125926,330,0.0032156887593460903,0.4483695652173913
4136,0.4421,1,1,1,676039,405,125927,329,0.0032077683436826767,0.4482288828337875
4137,0.4423,1,7,1,676046,398,125928,328,0.0031523254340387785,0.45179063360881544
4138,0.4424,2,4,2,676050,394,125930,326,0.003120643771385122,0.4527777777777778
4139,0.4425,0,1,0,676051,393,125930,326,0.003112723355721708,0.4534075104311544
4140,0.4427,3,3,3,676054,390,125933,323,0.0030889621087314663,0.453015427769986
4141,0.4428,0,1,0,676055,389,125933,323,0.0030810416930680522,0.45365168539325845
4142,0.4429,2,6,2,676061,383,125935,321,0.003033519199087568,0.4559659090909091
4143,0.443,0,1,0,676062,382,125935,321,0.003025598783424154,0.4566145092460882
4144,0.4432,3,2,3,676064,380,125938,318,0.003009757952097326,0.45558739255014324
4145,0.4434,3,4,3,676068,376,125941,315,0.00297807628944367,0.4558610709117221
4146,0.4436,1,0,1,676068,376,125942,314,0.00297807628944367,0.45507246376811594
4147,0.4437,1,0,1,676068,376,125943,313,0.00297807628944367,0.45428156748911463
4148,0.4438,3,1,3,676069,375,125946,310,0.002970155873780256,0.45255474452554745
4149,0.4439,2,4,2,676073,371,125948,308,0.0029384742111266,0.4536082474226804
4150,0.444,4,0,4,676073,371,125952,304,0.0029384742111266,0.45037037037037037
4151,0.4441,0,2,0,676075,369,125952,304,0.002922633379799772,0.45170876671619614
4152,0.4442,1,1,1,676076,368,125953,303,0.002914712964136358,0.45156482861400893
4153,0.4443,3,6,3,676082,362,125956,300,0.002867190470155874,0.45317220543806647
4154,0.4444,4,1,4,676083,361,125960,296,0.0028592700544924597,0.4505327245053272
4155,0.4445,1,0,1,676083,361,125961,295,0.0028592700544924597,0.4496951219512195
4156,0.4446,3,0,3,676083,361,125964,292,0.0028592700544924597,0.44716692189892804
4157,0.4447,1,1,1,676084,360,125965,291,0.0028513496388290456,0.4470046082949309
4158,0.4449,0,1,0,676085,359,125965,291,0.0028434292231656316,0.44769230769230767
4159,0.445,0,1,0,676086,358,125965,291,0.002835508807502218,0.44838212634822805
4160,0.4451,0,2,0,676088,356,125965,291,0.0028196679761753897,0.44976816074188564
4161,0.4452,1,0,1,676088,356,125966,290,0.0028196679761753897,0.44891640866873067
4162,0.4453,0,1,0,676089,355,125966,290,0.0028117475605119757,0.4496124031007752
4163,0.4454,4,4,4,676093,351,125970,286,0.0027800658978583198,0.4489795918367347
4164,0.4455,1,2,1,676095,349,125971,285,0.0027642250665314916,0.44952681388012616
4165,0.4456,2,2,2,676097,347,125973,283,0.0027483842352046635,0.4492063492063492
4166,0.4457,0,1,0,676098,346,125973,283,0.0027404638195412494,0.44992050874403816
4167,0.4458,1,6,1,676104,340,125974,282,0.0026929413255607653,0.4533762057877814
4168,0.4459,0,1,0,676105,339,125974,282,0.0026850209098973512,0.45410628019323673
4169,0.446,2,2,2,676107,337,125976,280,0.0026691800785705235,0.4538087520259319
4170,0.4461,4,0,4,676107,337,125980,276,0.0026691800785705235,0.45024469820554647
4171,0.4462,1,3,1,676110,334,125981,275,0.0026454188315802813,0.451559934318555
4172,0.4463,0,3,0,676113,331,125981,275,0.0026216575845900395,0.4537953795379538
4173,0.4464,1,1,1,676114,330,125982,274,0.0026137371689266254,0.45364238410596025
4174,0.4465,2,1,2,676115,329,125984,272,0.0026058167532632113,0.4525790349417637
4175,0.4466,2,3,2,676118,326,125986,270,0.002582055506272969,0.45302013422818793
4176,0.4467,2,3,2,676121,323,125988,268,0.0025582942592827273,0.45346869712351945
4177,0.4469,1,0,1,676121,323,125989,267,0.0025582942592827273,0.45254237288135596
4178,0.447,0,1,0,676122,322,125989,267,0.002550373843619313,0.4533106960950764
4179,0.4471,1,1,1,676123,321,125990,266,0.002542453427955899,0.45315161839863716
4180,0.4472,3,1,3,676124,320,125993,263,0.002534533012292485,0.451114922813036
4181,0.4473,2,5,2,676129,315,125995,261,0.002494930933975415,0.453125
4182,0.4474,0,2,0,676131,313,125995,261,0.002479090102648587,0.4547038327526132
4183,0.4475,3,1,3,676132,312,125998,258,0.002471169686985173,0.45263157894736844
4184,0.4476,1,3,1,676135,309,125999,257,0.002447408439994931,0.4540636042402827
4185,0.4477,0,4,0,676139,305,125999,257,0.0024157267773412747,0.45729537366548045
4186,0.4478,0,1,0,676140,304,125999,257,0.002407806361677861,0.45811051693404636
4187,0.4479,1,0,1,676140,304,126000,256,0.002407806361677861,0.45714285714285713
4188,0.4482,4,1,4,676141,303,126004,252,0.002399885946014447,0.4540540540540541
4189,0.4483,0,2,0,676143,301,126004,252,0.0023840451146876188,0.45569620253164556
4190,0.4484,4,1,4,676144,300,126008,248,0.0023761246990242047,0.45255474452554745
4191,0.4485,1,1,1,676145,299,126009,247,0.0023682042833607906,0.4523809523809524
4192,0.4487,0,2,0,676147,297,126009,247,0.002352363452033963,0.4540441176470588
4193,0.4488,0,1,0,676148,296,126009,247,0.002344443036370549,0.4548802946593002
4194,0.4489,0,2,0,676150,294,126009,247,0.0023286022050437206,0.4565619223659889
4195,0.449,2,0,2,676150,294,126011,245,0.0023286022050437206,0.45454545454545453
4196,0.4491,0,2,0,676152,292,126011,245,0.0023127613737168925,0.45623836126629425
4197,0.4493,1,1,1,676153,291,126012,244,0.002304840958053479,0.45607476635514016
4198,0.4495,1,0,1,676153,291,126013,243,0.002304840958053479,0.4550561797752809
4199,0.4496,0,1,0,676154,290,126013,243,0.0022969205423900648,0.45590994371482174
4200,0.4497,0,1,0,676155,289,126013,243,0.0022890001267266507,0.4567669172932331
4201,0.4498,4,8,4,676163,281,126017,239,0.0022256368014193385,0.4596153846153846
4202,0.45,2,0,2,676163,281,126019,237,0.0022256368014193385,0.4575289575289575
4203,0.4501,9,3,9,676166,278,126028,228,0.0022018755544290962,0.4505928853754941
4204,0.4503,0,1,0,676167,277,126028,228,0.0021939551387656826,0.4514851485148515
4205,0.4505,2,0,2,676167,277,126030,226,0.0021939551387656826,0.44930417495029823
4206,0.4506,2,0,2,676167,277,126032,224,0.0021939551387656826,0.4471057884231537
4207,0.4507,1,2,1,676169,275,126033,223,0.0021781143074388544,0.44779116465863456
4208,0.451,0,1,0,676170,274,126033,223,0.0021701938917754403,0.448692152917505
4209,0.4511,1,2,1,676172,272,126034,222,0.002154353060448612,0.4493927125506073
4210,0.4512,0,3,0,676175,269,126034,222,0.0021305918134583704,0.45213849287169044
4211,0.4513,1,0,1,676175,269,126035,221,0.0021305918134583704,0.45102040816326533
4212,0.4514,0,2,0,676177,267,126035,221,0.002114750982131542,0.45286885245901637
4213,0.4515,6,5,6,676182,262,126041,215,0.0020751489038144722,0.45073375262054505
4214,0.4518,0,1,0,676183,261,126041,215,0.002067228488151058,0.45168067226890757
4215,0.4519,5,4,5,676187,257,126046,210,0.0020355468254974023,0.44967880085653106
4216,0.452,2,5,2,676192,252,126048,208,0.001995944747180332,0.45217391304347826
4217,0.4521,1,0,1,676192,252,126049,207,0.001995944747180332,0.45098039215686275
4218,0.4522,2,1,2,676193,251,126051,205,0.001988024331516918,0.44956140350877194
4219,0.4524,0,4,0,676197,247,126051,205,0.001956342668863262,0.45353982300884954
4220,0.4526,2,3,2,676200,244,126053,203,0.0019325814218730199,0.4541387024608501
4221,0.4527,1,1,1,676201,243,126054,202,0.0019246610062096058,0.45393258426966293
4222,0.453,1,1,1,676202,242,126055,201,0.001916740590546192,0.45372460496614
4223,0.4531,1,2,1,676204,240,126056,200,0.0019008997592193638,0.45454545454545453
4224,0.4532,0,1,0,676205,239,126056,200,0.00189297934355595,0.45558086560364464
4225,0.4533,1,1,1,676206,238,126057,199,0.0018850589278925358,0.45537757437070936
4226,0.4535,3,4,3,676210,234,126060,196,0.0018533772652388797,0.4558139534883721
4227,0.4537,2,0,2,676210,234,126062,194,0.0018533772652388797,0.4532710280373832
4228,0.4538,1,0,1,676210,234,126063,193,0.0018533772652388797,0.4519906323185012
4229,0.4539,0,1,0,676211,233,126063,193,0.0018454568495754656,0.45305164319248825
4230,0.454,3,3,3,676214,230,126066,190,0.0018216956025852236,0.4523809523809524
4231,0.4542,2,1,2,676215,229,126068,188,0.0018137751869218097,0.45083932853717024
4232,0.4543,1,0,1,676215,229,126069,187,0.0018137751869218097,0.4495192307692308
4233,0.4545,0,1,0,676216,228,126069,187,0.0018058547712583957,0.4506024096385542
4234,0.4546,0,1,0,676217,227,126069,187,0.0017979343555949816,0.45169082125603865
4235,0.4549,0,2,0,676219,225,126069,187,0.0017820935242681536,0.4538834951456311
4236,0.455,0,1,0,676220,224,126069,187,0.0017741731086047396,0.45498783454987834
4237,0.4556,0,1,0,676221,223,126069,187,0.0017662526929413255,0.4560975609756098
4238,0.456,1,1,1,676222,222,126070,186,0.0017583322772779116,0.45588235294117646
4239,0.4561,4,2,4,676224,220,126074,182,0.0017424914459510834,0.4527363184079602
4240,0.4562,1,0,1,676224,220,126075,181,0.0017424914459510834,0.4513715710723192
4241,0.4564,0,1,0,676225,219,126075,181,0.0017345710302876696,0.4525
4242,0.4565,1,0,1,676225,219,126076,180,0.0017345710302876696,0.45112781954887216
4243,0.4566,6,10,6,676235,209,126082,174,0.0016553668736535294,0.45430809399477806
4244,0.4567,0,2,0,676237,207,126082,174,0.0016395260423267013,0.4566929133858268
4245,0.4568,1,2,1,676239,205,126083,173,0.0016236852109998733,0.4576719576719577
4246,0.4569,1,0,1,676239,205,126084,172,0.0016236852109998733,0.4562334217506631
4247,0.457,1,1,1,676240,204,126085,171,0.0016157647953364592,0.456
4248,0.4571,5,6,5,676246,198,126090,166,0.0015682423013559752,0.45604395604395603
4249,0.4572,0,1,0,676247,197,126090,166,0.001560321885692561,0.4573002754820937
4250,0.4574,1,1,1,676248,196,126091,165,0.001552401470029147,0.45706371191135736
4251,0.4575,2,0,2,676248,196,126093,163,0.001552401470029147,0.45403899721448465
4252,0.4576,0,1,0,676249,195,126093,163,0.0015444810543657332,0.4553072625698324
4253,0.4577,1,3,1,676252,192,126094,162,0.0015207198073754911,0.4576271186440678
4254,0.458,1,0,1,676252,192,126095,161,0.0015207198073754911,0.45609065155807366
4255,0.4584,1,0,1,676252,192,126096,160,0.0015207198073754911,0.45454545454545453
4256,0.4585,1,2,1,676254,190,126097,159,0.001504878976048663,0.45558739255014324
4257,0.4587,2,2,2,676256,188,126099,157,0.001489038144721835,0.45507246376811594
4258,0.459,1,0,1,676256,188,126100,156,0.001489038144721835,0.45348837209302323
4259,0.4591,0,1,0,676257,187,126100,156,0.001481117729058421,0.45481049562682213
4260,0.4592,1,2,1,676259,185,126101,155,0.001465276897731593,0.45588235294117646
4261,0.4595,1,0,1,676259,185,126102,154,0.001465276897731593,0.45427728613569324
4262,0.4598,0,1,0,676260,184,126102,154,0.001457356482068179,0.4556213017751479
4263,0.4599,0,1,0,676261,183,126102,154,0.0014494360664047648,0.456973293768546
4264,0.4604,0,3,0,676264,180,126102,154,0.0014256748194145228,0.46107784431137727
4265,0.4605,1,1,1,676265,179,126103,153,0.001417754403751109,0.4608433734939759
4266,0.4606,0,3,0,676268,176,126103,153,0.0013939931567608667,0.46504559270516715
4267,0.4608,2,1,2,676269,175,126105,151,0.0013860727410974528,0.46319018404907975
4268,0.4609,2,1,2,676270,174,126107,149,0.0013781523254340388,0.4613003095975232
4269,0.4611,3,9,3,676279,165,126110,146,0.0013068685844633127,0.4694533762057878
4270,0.4616,1,1,1,676280,164,126111,145,0.0012989481687998986,0.4692556634304207
4271,0.4617,1,0,1,676280,164,126112,144,0.0012989481687998986,0.4675324675324675
4272,0.4618,1,2,1,676282,162,126113,143,0.0012831073374730707,0.46885245901639344
4273,0.4619,0,1,0,676283,161,126113,143,0.0012751869218096566,0.47039473684210525
4274,0.4621,2,2,2,676285,159,126115,141,0.0012593460904828286,0.47
4275,0.4622,2,2,2,676287,157,126117,139,0.0012435052591560005,0.46959459459459457
4276,0.4627,1,0,1,676287,157,126118,138,0.0012435052591560005,0.46779661016949153
4277,0.4628,2,2,2,676289,155,126120,136,0.0012276644278291725,0.46735395189003437
4278,0.4629,1,0,1,676289,155,126121,135,0.0012276644278291725,0.46551724137931033
4279,0.4632,2,2,2,676291,153,126123,133,0.0012118235965023444,0.46503496503496505
4280,0.4633,0,1,0,676292,152,126123,133,0.0012039031808389305,0.4666666666666667
4281,0.4634,1,0,1,676292,152,126124,132,0.0012039031808389305,0.4647887323943662
4282,0.4636,0,1,0,676293,151,126124,132,0.0011959827651755164,0.4664310954063604
4283,0.464,4,1,4,676294,150,126128,128,0.0011880623495121023,0.460431654676259
4284,0.4642,0,2,0,676296,148,126128,128,0.0011722215181852744,0.463768115942029
4285,0.4644,1,0,1,676296,148,126129,127,0.0011722215181852744,0.4618181818181818
4286,0.4645,1,0,1,676296,148,126130,126,0.0011722215181852744,0.45985401459854014
4287,0.4647,0,2,0,676298,146,126130,126,0.0011563806868584462,0.4632352941176471
4288,0.465,1,3,1,676301,143,126131,125,0.0011326194398682042,0.4664179104477612
4289,0.4652,1,0,1,676301,143,126132,124,0.0011326194398682042,0.46441947565543074
4290,0.4654,1,3,1,676304,140,126133,123,0.0011088581928779622,0.467680608365019
4291,0.4655,0,1,0,676305,139,126133,123,0.0011009377772145481,0.46946564885496184
4292,0.4656,2,3,2,676308,136,126135,121,0.001077176530224306,0.4708171206225681
4293,0.4657,0,1,0,676309,135,126135,121,0.0010692561145608922,0.47265625
4294,0.466,2,6,2,676315,129,126137,119,0.001021733620580408,0.4798387096774194
4295,0.4661,1,2,1,676317,127,126138,118,0.00100589278925358,0.4816326530612245
4296,0.4667,1,0,1,676317,127,126139,117,0.00100589278925358,0.47950819672131145
4297,0.4668,1,2,1,676319,125,126140,116,0.000990051957926752,0.48132780082987553
4298,0.467,4,2,4,676321,123,126144,112,0.000974211126599924,0.4765957446808511
4299,0.4671,4,3,4,676324,120,126148,108,0.0009504498796096819,0.47368421052631576
4300,0.4674,0,1,0,676325,119,126148,108,0.0009425294639462679,0.47577092511013214
4301,0.4675,3,2,3,676327,117,126151,105,0.0009266886326194399,0.47297297297297297
4302,0.4676,1,1,1,676328,116,126152,104,0.0009187682169560259,0.4727272727272727
4303,0.4679,2,2,2,676330,114,126154,102,0.0009029273856291978,0.4722222222222222
4304,0.468,1,1,1,676331,113,126155,101,0.0008950069699657839,0.4719626168224299
4305,0.4682,2,1,2,676332,112,126157,99,0.0008870865543023698,0.46919431279620855
4306,0.4684,2,2,2,676334,110,126159,97,0.0008712457229755417,0.46859903381642515
4307,0.4685,0,1,0,676335,109,126159,97,0.0008633253073121277,0.470873786407767
4308,0.4687,4,5,4,676340,104,126163,93,0.0008237232289950577,0.4720812182741117
4309,0.469,1,0,1,676340,104,126164,92,0.0008237232289950577,0.46938775510204084
4310,0.4692,1,0,1,676340,104,126165,91,0.0008237232289950577,0.4666666666666667
4311,0.4695,3,0,3,676340,104,126168,88,0.0008237232289950577,0.4583333333333333
4312,0.4699,1,2,1,676342,102,126169,87,0.0008078823976682296,0.4603174603174603
4313,0.47,1,1,1,676343,101,126170,86,0.0007999619820048156,0.45989304812834225
4314,0.4702,1,1,1,676344,100,126171,85,0.0007920415663414016,0.4594594594594595
4315,0.4703,4,2,4,676346,98,126175,81,0.0007762007350145735,0.45251396648044695
4316,0.4704,3,0,3,676346,98,126178,78,0.0007762007350145735,0.4431818181818182
4317,0.4705,0,3,0,676349,95,126178,78,0.0007524394880243315,0.4508670520231214
4318,0.4706,3,4,3,676353,91,126181,75,0.0007207578253706755,0.45180722891566266
4319,0.4707,0,2,0,676355,89,126181,75,0.0007049169940438474,0.4573170731707317
4320,0.4708,2,0,2,676355,89,126183,73,0.0007049169940438474,0.4506172839506173
4321,0.4709,0,4,0,676359,85,126183,73,0.0006732353313901913,0.4620253164556962
4322,0.471,4,3,4,676362,82,126187,69,0.0006494740843999493,0.45695364238410596
4323,0.4711,0,1,0,676363,81,126187,69,0.0006415536687365353,0.46
4324,0.4713,0,1,0,676364,80,126187,69,0.0006336332530731213,0.46308724832214765
4325,0.4714,1,0,1,676364,80,126188,68,0.0006336332530731213,0.4594594594594595
4326,0.4718,5,2,5,676366,78,126193,63,0.0006177924217462932,0.44680851063829785
4327,0.4721,0,1,0,676367,77,126193,63,0.0006098720060828792,0.45
4328,0.4722,1,1,1,676368,76,126194,62,0.0006019515904194653,0.4492753623188406
4329,0.4729,1,1,1,676369,75,126195,61,0.0005940311747560512,0.4485294117647059
4330,0.473,2,1,2,676370,74,126197,59,0.0005861107590926372,0.44360902255639095
4331,0.4731,1,0,1,676370,74,126198,58,0.0005861107590926372,0.4393939393939394
4332,0.4732,0,3,0,676373,71,126198,58,0.0005623495121023952,0.4496124031007752
4333,0.4734,1,0,1,676373,71,126199,57,0.0005623495121023952,0.4453125
4334,0.4738,1,0,1,676373,71,126200,56,0.0005623495121023952,0.4409448818897638
4335,0.4739,1,1,1,676374,70,126201,55,0.0005544290964389811,0.44
4336,0.4742,0,2,0,676376,68,126201,55,0.000538588265112153,0.44715447154471544
4337,0.4743,1,3,1,676379,65,126202,54,0.000514827018121911,0.453781512605042
4338,0.4746,1,0,1,676379,65,126203,53,0.000514827018121911,0.4491525423728814
4339,0.4751,1,0,1,676379,65,126204,52,0.000514827018121911,0.4444444444444444
4340,0.4752,1,4,1,676383,61,126205,51,0.00048314535546825497,0.45535714285714285
4341,0.4754,0,1,0,676384,60,126205,51,0.00047522493980484094,0.4594594594594595
4342,0.4756,2,1,2,676385,59,126207,49,0.00046730452414142697,0.4537037037037037
4343,0.4757,3,0,3,676385,59,126210,46,0.00046730452414142697,0.4380952380952381
4344,0.4772,0,2,0,676387,57,126210,46,0.0004514636928145989,0.44660194174757284
4345,0.4774,0,1,0,676388,56,126210,46,0.0004435432771511849,0.45098039215686275
4346,0.4776,2,0,2,676388,56,126212,44,0.0004435432771511849,0.44
4347,0.4778,1,0,1,676388,56,126213,43,0.0004435432771511849,0.43434343434343436
4348,0.478,0,1,0,676389,55,126213,43,0.00043562286148777086,0.4387755102040816
4349,0.4783,0,1,0,676390,54,126213,43,0.0004277024458243569,0.44329896907216493
4350,0.4784,0,4,0,676394,50,126213,43,0.0003960207831707008,0.46236559139784944
4351,0.4791,0,1,0,676395,49,126213,43,0.00038810036750728676,0.4673913043478261
4352,0.4792,0,1,0,676396,48,126213,43,0.0003801799518438728,0.4725274725274725
4353,0.4795,1,0,1,676396,48,126214,42,0.0003801799518438728,0.4666666666666667
4354,0.4797,1,4,1,676400,44,126215,41,0.0003484982891902167,0.4823529411764706
4355,0.4798,1,3,1,676403,41,126216,40,0.00032473704219997465,0.49382716049382713
4356,0.4799,1,1,1,676404,40,126217,39,0.0003168166265365606,0.4936708860759494
4357,0.4803,1,0,1,676404,40,126218,38,0.0003168166265365606,0.48717948717948717
4358,0.4809,0,5,0,676409,35,126218,38,0.00027721454821949055,0.5205479452054794
4359,0.4811,1,0,1,676409,35,126219,37,0.00027721454821949055,0.5138888888888888
4360,0.4815,1,0,1,676409,35,126220,36,0.00027721454821949055,0.5070422535211268
4361,0.4818,0,3,0,676412,32,126220,36,0.0002534533012292485,0.5294117647058824
4362,0.4827,1,0,1,676412,32,126221,35,0.0002534533012292485,0.5223880597014925
4363,0.4828,0,1,0,676413,31,126221,35,0.0002455328855658345,0.5303030303030303
4364,0.4839,4,3,4,676416,28,126225,31,0.00022177163857559244,0.5254237288135594
4365,0.4842,1,2,1,676418,26,126226,30,0.00020593080724876442,0.5357142857142857
4366,0.4845,1,0,1,676418,26,126227,29,0.00020593080724876442,0.5272727272727272
4367,0.4851,6,9,6,676427,17,126233,23,0.00013464706627803826,0.575
4368,0.4854,1,0,1,676427,17,126234,22,0.00013464706627803826,0.5641025641025641
4369,0.4856,1,0,1,676427,17,126235,21,0.00013464706627803826,0.5526315789473685
4370,0.4859,1,0,1,676427,17,126236,20,0.00013464706627803826,0.5405405405405406
4371,0.486,1,1,1,676428,16,126237,19,0.00012672665061462426,0.5428571428571428
4372,0.4899,0,1,0,676429,15,126237,19,0.00011880623495121023,0.5588235294117647
4373,0.4904,1,0,1,676429,15,126238,18,0.00011880623495121023,0.5454545454545454
4374,0.4911,1,0,1,676429,15,126239,17,0.00011880623495121023,0.53125
4375,0.4914,3,2,3,676431,13,126242,14,0.00010296540362438221,0.5185185185185185
4376,0.4917,1,0,1,676431,13,126243,13,0.00010296540362438221,0.5
4377,0.4927,1,0,1,676431,13,126244,12,0.00010296540362438221,0.48
4378,0.493,1,1,1,676432,12,126245,11,9.50449879609682e-05,0.4782608695652174
4379,0.4942,0,1,0,676433,11,126245,11,8.712457229755417e-05,0.5
4380,0.4962,1,3,1,676436,8,126246,10,6.336332530731213e-05,0.5555555555555556
4381,0.4978,3,5,3,676441,3,126249,7,2.376124699024205e-05,0.7
4382,0.5005,1,0,1,676441,3,126250,6,2.376124699024205e-05,0.6666666666666666
4383,0.5029,3,1,3,676442,2,126253,3,1.5840831326828033e-05,0.6
4384,0.5041,0,1,0,676443,1,126253,3,7.920415663414016e-06,0.75
4385,0.5049,0,1,0,676444,0,126253,3,0.0,1.0
4386,0.5063,3,0,3,676444,0,126256,0,0.0,
