,y_proba,y_test,Neg,Pos,TN,FP,FN,TP,FP/P,Prec
0,0.0,1,146,1,146,676298,1,126255,5.356561272335572,0.15731671303951267
1,0.01,1,302,1,448,675996,2,126254,5.354169306805221,0.15737488314116546
2,0.02,2,614,2,1062,675382,4,126252,5.349306171587885,0.15749331989411627
3,0.0233,0,1,0,1063,675381,4,126252,5.349298251172222,0.1574935163597307
4,0.025,0,3,0,1066,675378,4,126252,5.349274489925231,0.157494105759515
5,0.0267,0,2,0,1068,675376,4,126252,5.349258649093905,0.15749449869515536
6,0.03,5,967,5,2035,674409,9,126247,5.3415996071473835,0.1576794528486641
7,0.0333,0,2,0,2037,674407,9,126247,5.341583766316056,0.15767984672530205
8,0.0343,0,1,0,2038,674406,9,126247,5.341575845900393,0.15768004366435898
9,0.035,0,5,0,2043,674401,9,126247,5.341536243822076,0.15768102836702272
10,0.036,0,1,0,2044,674400,9,126247,5.341528323406412,0.1576812253090313
11,0.0367,0,2,0,2046,674398,9,126247,5.3415124825750855,0.15768161919452442
12,0.04,10,1430,10,3476,672968,19,126237,5.330186288176404,0.15795321600840836
13,0.0433,0,1,0,3477,672967,19,126237,5.33017836776074,0.15795341364657833
14,0.044,0,1,0,3478,672966,19,126237,5.330170447345076,0.15795361128524293
15,0.045,1,1,1,3479,672965,20,126236,5.3301625269294135,0.15795275531437022
16,0.0467,0,3,0,3482,672962,20,126236,5.330138765682423,0.15795334823160218
17,0.05,21,1960,21,5442,671002,41,126215,5.314614750982131,0.15831950397445113
18,0.0517,0,1,0,5443,671001,41,126215,5.314606830566468,0.15831970256492595
19,0.052,0,2,0,5445,670999,41,126215,5.314590989735141,0.1583200997473702
20,0.0525,1,0,1,5445,670999,42,126214,5.314590989735141,0.1583190439694285
21,0.0533,1,7,1,5452,670992,43,126213,5.314535546825497,0.15831937832803356
22,0.054,0,1,0,5453,670991,43,126213,5.314527626409834,0.15831957692134008
23,0.055,0,17,0,5470,670974,43,126213,5.314392979343556,0.15832295308378083
24,0.056,0,1,0,5471,670973,43,126213,5.3143850589278925,0.1583231516860557
25,0.0567,0,8,0,5479,670965,43,126213,5.314321695602585,0.15832474052219203
26,0.0575,0,1,0,5480,670964,43,126213,5.314313775186922,0.1583249391289513
27,0.06,24,2424,24,7904,668540,67,126189,5.295114687618806,0.1587824277206444
28,0.0625,0,3,0,7907,668537,67,126189,5.295090926371816,0.1587830271061976
29,0.0627,0,1,0,7908,668536,67,126189,5.295083005956153,0.1587832269023876
30,0.0633,0,2,0,7910,668534,67,126189,5.295067165124825,0.15878362649627606
31,0.065,0,18,0,7928,668516,67,126189,5.2949245976428845,0.15878722293177971
32,0.0667,0,1,0,7929,668515,67,126189,5.294916677227221,0.15878742273852905
33,0.0683,0,1,0,7930,668514,67,126189,5.294908756811558,0.15878762254578124
34,0.07,23,2953,23,10883,665561,90,126166,5.2715197693574956,0.1593554343858426
35,0.072,0,2,0,10885,665559,90,126166,5.271503928526169,0.15935583693833086
36,0.0733,0,7,0,10892,665552,90,126166,5.271448485616525,0.1593572458880561
37,0.074,0,2,0,10894,665550,90,126166,5.2714326447851985,0.1593576484496966
38,0.075,0,28,0,10922,665522,90,126166,5.2712108731466225,0.1593632845262275
39,0.0758,0,1,0,10923,665521,90,126166,5.27120295273096,0.15936348582204837
40,0.076,0,1,0,10924,665520,90,126166,5.271195032315296,0.15936368711837773
41,0.0767,0,9,0,10933,665511,90,126166,5.271123748574325,0.1593654988082261
42,0.0775,0,1,0,10934,665510,90,126166,5.271115828158662,0.15936570010964082
43,0.0783,0,2,0,10936,665508,90,126166,5.271099987327335,0.1593661027139959
44,0.08,33,3545,33,14481,661963,123,126133,5.243022113800532,0.16004776067890206
45,0.082,0,1,0,14482,661962,123,126133,5.243014193384869,0.16004796376071412
46,0.0825,0,1,0,14483,661961,123,126133,5.243006272969206,0.16004816684304157
47,0.0833,0,9,0,14492,661952,123,126133,5.242934989228234,0.1600499946071807
48,0.084,0,1,0,14493,661951,123,126133,5.2429270688125715,0.160050197694662
49,0.085,0,32,0,14525,661919,123,126133,5.242673615511342,0.16005669676620324
50,0.086,0,2,0,14527,661917,123,126133,5.242657774680016,0.1600571029756995
51,0.0867,0,13,0,14540,661904,123,126133,5.242554809276391,0.16005974338768358
52,0.0875,0,3,0,14543,661901,123,126133,5.2425310480294005,0.1600603527258976
53,0.088,0,1,0,14544,661900,123,126133,5.242523127613737,0.1600605558396666
54,0.0883,0,2,0,14546,661898,123,126133,5.24250728678241,0.1600609620687511
55,0.09,35,3944,35,18490,657954,158,126098,5.211269167405906,0.16082861850999677
56,0.092,0,2,0,18492,657952,158,126098,5.211253326574579,0.16082902876092087
57,0.0925,0,6,0,18498,657946,158,126098,5.211205804080598,0.16083025952625107
58,0.0929,0,1,0,18499,657945,158,126098,5.211197883664934,0.16083046465563752
59,0.0933,0,12,0,18511,657933,158,126098,5.2111028386769735,0.16083292624908965
60,0.094,0,4,0,18515,657929,158,126098,5.21107115701432,0.1608337467969853
61,0.095,1,43,1,18558,657886,159,126097,5.210730579140793,0.1608414978386011
62,0.0965,0,1,0,18559,657885,159,126097,5.21072265872513,0.16084170299828313
63,0.0967,1,19,1,18578,657866,160,126096,5.210572170827525,0.16084453072980578
64,0.0975,0,1,0,18579,657865,160,126096,5.210564250411862,0.16084473589885212
65,0.0983,0,1,0,18580,657864,160,126096,5.210556329996198,0.16084494106842187
66,0.1,66,4576,66,23156,653288,226,126030,5.1743125079204155,0.16171832294390737
67,0.102,0,1,0,23157,653287,226,126030,5.174304587504753,0.16171853045679743
68,0.1025,0,3,0,23160,653284,226,126030,5.174280826257762,0.16171915299866294
69,0.1029,0,1,0,23161,653283,226,126030,5.174272905842098,0.1617193605136832
70,0.1033,0,16,0,23177,653267,226,126030,5.174146179191484,0.16172268082643715
71,0.104,0,3,0,23180,653264,226,126030,5.174122417944494,0.16172330340025715
72,0.1043,0,2,0,23182,653262,226,126030,5.174106577113167,0.16172371845213349
73,0.105,0,42,0,23224,653220,226,126030,5.173773919655304,0.16173243503368623
74,0.106,0,3,0,23227,653217,226,126030,5.173750158408313,0.16173305768260898
75,0.1067,1,23,1,23250,653194,227,126029,5.173567988848054,0.16173675571691287
76,0.1075,0,2,0,23252,653192,227,126029,5.173552148016728,0.16173717084113493
77,0.108,0,1,0,23253,653191,227,126029,5.173544227601065,0.16173737840404506
78,0.11,103,5191,103,28444,648000,330,125926,5.132429349892282,0.16271064675434085
79,0.1117,0,1,0,28445,647999,330,125926,5.132421429476619,0.16271085699518686
80,0.112,0,1,0,28446,647998,330,125926,5.132413509060956,0.1627110672365762
81,0.1125,0,5,0,28451,647993,330,125926,5.132373906982639,0.1627121184516726
82,0.1133,0,18,0,28469,647975,330,125926,5.132231339500697,0.16271590293848956
83,0.114,0,2,0,28471,647973,330,125926,5.13221549866937,0.16271632344789178
84,0.115,0,70,0,28541,647903,330,125926,5.131661069572931,0.16273104264637278
85,0.116,0,3,0,28544,647900,330,125926,5.131637308325941,0.1627316735286744
86,0.1167,1,22,1,28566,647878,331,125925,5.131463059181346,0.162735218136916
87,0.1175,0,5,0,28571,647873,331,125925,5.131423457103029,0.1627362696724468
88,0.118,0,8,0,28579,647865,331,125925,5.1313600937777215,0.16273795215756212
89,0.1183,0,1,0,28580,647864,331,125925,5.131352173362058,0.16273816247064768
90,0.1193,0,1,0,28581,647863,331,125925,5.131344252946395,0.16273837278427683
91,0.12,82,5879,82,34460,641984,413,125843,5.084780129261183,0.1638949919708476
92,0.122,0,2,0,34462,641982,413,125843,5.084764288429857,0.16389541887799955
93,0.1225,0,6,0,34468,641976,413,125843,5.084716765935877,0.16389669961279937
94,0.1233,0,31,0,34499,641945,413,125843,5.08447123305031,0.1639033170614805
95,0.124,0,4,0,34503,641941,413,125843,5.084439551387657,0.1639041709647505
96,0.1242,0,1,0,34504,641940,413,125843,5.084431630971993,0.1639043844419582
97,0.1243,0,2,0,34506,641938,413,125843,5.084415790140667,0.1639048113980419
98,0.125,0,64,0,34570,641874,413,125843,5.083908883538208,0.1639184751672817
99,0.126,0,1,0,34571,641873,413,125843,5.083900963122544,0.1639186886817521
100,0.1267,0,27,0,34598,641846,413,125843,5.083687111899632,0.1639244537827167
101,0.1271,0,1,0,34599,641845,413,125843,5.083679191483969,0.16392466731276248
102,0.1275,0,5,0,34604,641840,413,125843,5.083639589405652,0.16392573497133583
103,0.128,0,1,0,34605,641839,413,125843,5.083631668989988,0.1639259485047194
104,0.1293,0,1,0,34606,641838,413,125843,5.083623748574325,0.16392616203865928
105,0.13,117,6425,117,41031,635413,530,125726,5.0327350779368905,0.16518139262342357
106,0.1317,0,4,0,41035,635409,530,125726,5.032703396274236,0.16518226070276626
107,0.132,0,3,0,41038,635406,530,125726,5.032679635027246,0.16518291176826097
108,0.1325,0,5,0,41043,635401,530,125726,5.03264003294893,0.16518399688882407
109,0.1327,0,1,0,41044,635400,530,125726,5.032632112533266,0.16518421391464752
110,0.1329,0,1,0,41045,635399,530,125726,5.032624192117602,0.1651844309410412
111,0.1333,1,24,1,41069,635375,531,125725,5.03243410214168,0.16518854289843649
112,0.134,0,2,0,41071,635373,531,125725,5.032418261310354,0.1651889769779976
113,0.1343,0,1,0,41072,635372,531,125725,5.03241034089469,0.16518919401863363
114,0.135,2,69,2,41141,635303,533,125723,5.031863832213914,0.16520197733060368
115,0.1353,0,1,0,41142,635302,533,125723,5.031855911798251,0.16520219440885647
116,0.1358,0,1,0,41143,635301,533,125723,5.0318479913825875,0.16520241148767975
117,0.136,0,7,0,41150,635294,533,125723,5.031792548472944,0.16520393105541664
118,0.1367,1,37,1,41187,635257,534,125722,5.031499493093397,0.1652108665285113
119,0.137,0,1,0,41188,635256,534,125722,5.0314915726777345,0.1652110836318527
120,0.1375,0,8,0,41196,635248,534,125722,5.031428209352427,0.16521282047912533
121,0.1378,0,1,0,41197,635247,534,125722,5.031420288936763,0.1652130375876021
122,0.138,0,3,0,41200,635244,534,125722,5.031396527689773,0.1652136889164562
123,0.1383,0,1,0,41201,635243,534,125722,5.03138860727411,0.16521390602721545
124,0.139,0,1,0,41202,635242,534,125722,5.031380686858446,0.16521412313854533
125,0.1393,0,1,0,41203,635241,534,125722,5.031372766442783,0.16521434025044582
126,0.14,137,6879,137,48082,628362,671,125585,4.9768882270941575,0.16657006394348675
127,0.142,0,2,0,48084,628360,671,125585,4.976872386262831,0.16657050580612645
128,0.1425,0,13,0,48097,628347,671,125585,4.976769420859207,0.16657337797042704
129,0.1433,1,37,1,48134,628310,672,125584,4.976476365479661,0.166580447649139
130,0.144,0,6,0,48140,628304,672,125584,4.97642884298568,0.16658177341992444
131,0.1443,0,1,0,48141,628303,672,125584,4.976420922570017,0.1665819943837737
132,0.145,1,78,1,48219,628225,673,125583,4.97580313014827,0.16659812578269267
133,0.1458,0,2,0,48221,628223,673,125583,4.975787289316943,0.16659856780126453
134,0.146,0,6,0,48227,628217,673,125583,4.975739766822963,0.16659989387105334
135,0.1467,0,38,0,48265,628179,673,125583,4.975438791027753,0.16660829280329864
136,0.1475,0,9,0,48274,628170,673,125583,4.975367507286783,0.16661028214813076
137,0.148,0,3,0,48277,628167,673,125583,4.975343746039792,0.16661094527363185
138,0.1483,0,3,0,48280,628164,673,125583,4.975319984792802,0.16661160840441155
139,0.1492,0,1,0,48281,628163,673,125583,4.975312064377139,0.16661182944917785
140,0.1495,0,2,0,48283,628161,673,125583,4.975296223545811,0.16661227154046998
141,0.15,132,7478,132,55761,620683,805,125451,4.9160673552148015,0.16813467822133826
142,0.1507,0,1,0,55762,620682,805,125451,4.916059434799139,0.16813490356276964
143,0.1517,0,6,0,55768,620676,805,125451,4.916011912305158,0.16813625562404255
144,0.152,0,2,0,55770,620674,805,125451,4.915996071473831,0.16813670631596583
145,0.1525,0,13,0,55783,620661,805,125451,4.9158931060702065,0.16813963587236233
146,0.1529,0,1,0,55784,620660,805,125451,4.915885185654544,0.16813986122708283
147,0.1533,0,46,0,55830,620614,805,125451,4.915520846534026,0.16815022819727504
148,0.154,0,4,0,55834,620610,805,125451,4.9154891648713726,0.1681511297333596
149,0.155,2,86,2,55920,620524,807,125449,4.914808009124319,0.16816828491111607
150,0.1558,0,1,0,55921,620523,807,125449,4.914800088708655,0.16816851034623284
151,0.156,0,2,0,55923,620521,807,125449,4.9147842478773285,0.16816896121827957
152,0.1567,1,20,1,55943,620501,808,125448,4.91462583956406,0.1681723549465178
153,0.1575,0,7,0,55950,620494,808,125448,4.914570396654416,0.1681739330939939
154,0.158,0,8,0,55958,620486,808,125448,4.914507033329109,0.16817573672737804
155,0.1583,0,1,0,55959,620485,808,125448,4.914499112913446,0.16817596218427125
156,0.16,180,7861,180,63820,612624,988,125268,4.8522367253833485,0.16976468101022915
157,0.161,0,2,0,63822,612622,988,125268,4.852220884552021,0.1697651411456992
158,0.1617,0,2,0,63824,612620,988,125268,4.852205043720694,0.16976560128366364
159,0.162,0,4,0,63828,612616,988,125268,4.852173362058041,0.16976652156707558
160,0.1625,0,14,0,63842,612602,988,125268,4.852062476238753,0.16976974263759198
161,0.1627,0,1,0,63843,612601,988,125268,4.85205455582309,0.16976997271873462
162,0.163,0,1,0,63844,612600,988,125268,4.852046635407426,0.1697702028005009
163,0.1633,3,43,3,63887,612557,991,125265,4.8517060575338995,0.16977672121460188
164,0.1638,0,1,0,63888,612556,991,125265,4.851698137118236,0.16977695132017115
165,0.164,0,6,0,63894,612550,991,125265,4.851650614624256,0.1697783319666854
166,0.165,3,81,3,63975,612469,994,125262,4.851009060955519,0.16979359685305348
167,0.1657,0,1,0,63976,612468,994,125262,4.851001140539855,0.16979382700988166
168,0.166,0,7,0,63983,612461,994,125262,4.850945697630212,0.16979543812514997
169,0.1667,1,57,1,64040,612404,995,125261,4.850494233937397,0.16980743291331432
170,0.1675,0,21,0,64061,612383,995,125261,4.850327905208466,0.16981226716410627
171,0.168,0,6,0,64067,612377,995,125261,4.850280382714485,0.1698136484291753
172,0.1683,0,6,0,64073,612371,995,125261,4.850232860220505,0.1698150297167151
173,0.1689,0,1,0,64074,612370,995,125261,4.850224939804841,0.16981525993348978
174,0.1692,0,2,0,64076,612368,995,125261,4.850209098973514,0.16981572036891174
175,0.17,195,8631,195,72707,603737,1190,125066,4.7818479913825875,0.1716046723188571
176,0.1708,0,1,0,72708,603736,1190,125066,4.781840070966925,0.17160490778016527
177,0.1717,0,2,0,72710,603734,1190,125066,4.781824230135597,0.1716053787047201
178,0.172,0,3,0,72713,603731,1190,125066,4.7818004688886075,0.17160608509639858
179,0.1725,1,14,1,72727,603717,1191,125065,4.781689583069319,0.17160824498958535
180,0.1733,0,49,0,72776,603668,1191,125065,4.781301482701812,0.17161978392634888
181,0.174,0,1,0,72777,603667,1191,125065,4.781293562286149,0.17162001943101168
182,0.175,4,94,4,72871,603573,1195,125061,4.780549043213788,0.171637612299179
183,0.1758,0,1,0,72872,603572,1195,125061,4.780541122798124,0.17163784786030828
184,0.176,0,8,0,72880,603564,1195,125061,4.780477759472817,0.17163973237261965
185,0.1767,2,38,2,72918,603526,1197,125059,4.780176783677607,0.17164641050803955
186,0.1775,0,20,0,72938,603506,1197,125059,4.780018375364339,0.17165112241186442
187,0.178,0,1,0,72939,603505,1197,125059,4.780010454948676,0.17165135801384643
188,0.1783,0,1,0,72940,603504,1197,125059,4.780002534533012,0.17165159361647517
189,0.18,232,9167,232,82107,594337,1429,124827,4.707396084146496,0.1735723701408858
190,0.1808,0,1,0,82108,594336,1429,124827,4.707388163730832,0.17357261149419534
191,0.181,0,1,0,82109,594335,1429,124827,4.7073802433151695,0.17357285284817608
192,0.1817,0,3,0,82112,594332,1429,124827,4.707356482068179,0.17357357691414554
193,0.182,0,5,0,82117,594327,1429,124827,4.707316879989862,0.17357478370418575
194,0.1825,0,17,0,82134,594310,1429,124827,4.707182232923584,0.17357888691584497
195,0.1833,0,38,0,82172,594272,1429,124827,4.706881257128374,0.1735880595022382
196,0.184,0,10,0,82182,594262,1429,124827,4.70680205297174,0.1735904735018892
197,0.1843,0,1,0,82183,594261,1429,124827,4.706794132556077,0.17359071490554703
198,0.1847,0,1,0,82184,594260,1429,124827,4.706786212140413,0.17359095630987628
199,0.185,0,125,0,82309,594135,1429,124827,4.705796160182486,0.17362113713937594
200,0.186,0,8,0,82317,594127,1429,124827,4.705732796857179,0.1736230690697875
201,0.1867,3,47,3,82364,594080,1432,124824,4.705360537320999,0.17363097159008714
202,0.1875,0,20,0,82384,594060,1432,124824,4.705202129007731,0.1736358021600147
203,0.1879,0,1,0,82385,594059,1432,124824,4.705194208592067,0.1736360436955666
204,0.188,0,6,0,82391,594053,1432,124824,4.705146686098087,0.1736374929229896
205,0.1883,0,5,0,82396,594048,1432,124824,4.70510708401977,0.17363870063098855
206,0.19,246,9349,246,91745,584699,1678,124578,4.631059117982511,0.17564082861843822
207,0.191,0,1,0,91746,584698,1678,124578,4.6310511975668485,0.17564107625240385
208,0.1917,0,3,0,91749,584695,1678,124578,4.631027436319858,0.17564181915849045
209,0.1918,0,1,0,91750,584694,1678,124578,4.631019515904194,0.1756420667952492
210,0.192,0,2,0,91752,584692,1678,124578,4.631003675072868,0.1756425620708616
211,0.1925,0,21,0,91773,584671,1678,124578,4.630837346343936,0.1756477626334334
212,0.1933,0,60,0,91833,584611,1678,124578,4.630362121404131,0.17566262308073025
213,0.194,0,8,0,91841,584603,1678,124578,4.630298758078824,0.17566460466368952
214,0.1943,0,1,0,91842,584602,1678,124578,4.630290837663161,0.1756648523647029
215,0.195,1,121,1,91963,584481,1679,124577,4.629332467367887,0.17569366680863907
216,0.1957,0,1,0,91964,584480,1679,124577,4.629324546952224,0.17569391459360814
217,0.196,1,10,1,91974,584470,1680,124576,4.62924534279559,0.1756952299286647
218,0.1967,0,55,0,92029,584415,1680,124576,4.628809719934102,0.17570885949186943
219,0.1975,1,18,1,92047,584397,1681,124575,4.62866715245216,0.17571215788493763
220,0.1978,0,1,0,92048,584396,1681,124575,4.628659232036497,0.1757124057260452
221,0.198,1,4,1,92052,584392,1682,124574,4.628627550373843,0.17571223443719444
222,0.1983,0,4,0,92056,584388,1682,124574,4.62859586871119,0.1757132258146417
223,0.1985,0,1,0,92057,584387,1682,124574,4.628587948295526,0.17571347366075143
224,0.2,283,9884,283,101941,574503,1965,124291,4.550302559878342,0.17786500742708153
225,0.2017,0,6,0,101947,574497,1965,124291,4.550255037384362,0.17786653462852825
226,0.202,0,9,0,101956,574488,1965,124291,4.550183753643391,0.17786882547987276
227,0.2025,1,15,1,101971,574473,1966,124290,4.55006494740844,0.17787146714980615
228,0.2033,1,69,1,102040,574404,1967,124289,4.549518438727665,0.17788785632602588
229,0.204,0,1,0,102041,574403,1967,124289,4.549510518312001,0.17788811092727555
230,0.2042,0,1,0,102042,574402,1967,124289,4.549502597896337,0.177888365529254
231,0.2043,0,1,0,102043,574401,1967,124289,4.549494677480674,0.17788862013196124
232,0.2049,0,1,0,102044,574400,1967,124289,4.549486757065011,0.1778888747353973
233,0.205,4,145,4,102189,574255,1971,124285,4.5483382967938155,0.17792109256449165
234,0.2057,0,2,0,102191,574253,1971,124285,4.548322455962489,0.1779216019744094
235,0.206,0,11,0,102202,574242,1971,124285,4.548235331390192,0.17792440378109936
236,0.2067,1,59,1,102261,574183,1972,124284,4.54776802686605,0.1779382562096706
237,0.2071,0,1,0,102262,574182,1972,124284,4.5477601064503865,0.1779385109654586
238,0.2075,0,21,0,102283,574161,1972,124284,4.547593777721455,0.1779438610055194
239,0.208,0,9,0,102292,574152,1972,124284,4.547522493980484,0.17794615397831726
240,0.2083,0,3,0,102295,574149,1972,124284,4.5474987327334935,0.17794691831571532
241,0.209,0,1,0,102296,574148,1972,124284,4.547490812317831,0.17794717309630714
242,0.21,302,10421,302,112717,563727,2274,123982,4.464952160689393,0.180282648620274
243,0.2105,0,1,0,112718,563726,2274,123982,4.46494424027373,0.18028291077026878
244,0.211,0,1,0,112719,563725,2274,123982,4.464936319858066,0.18028317292102597
245,0.2117,0,5,0,112724,563720,2274,123982,4.464896717779749,0.18028448368624783
246,0.212,2,4,2,112728,563716,2276,123980,4.464865036117096,0.18028314836788348
247,0.2124,0,1,0,112729,563715,2276,123980,4.464857115701432,0.1802834105235606
248,0.2125,0,13,0,112742,563702,2276,123980,4.464754150297807,0.18028681861674437
249,0.2126,0,1,0,112743,563701,2276,123980,4.464746229882144,0.18028708078309566
250,0.213,0,2,0,112745,563699,2276,123980,4.464730389050818,0.18028760511808561
251,0.2133,3,47,3,112792,563652,2279,123977,4.464358129514637,0.18029635166637822
252,0.214,0,9,0,112801,563643,2279,123977,4.464286845773667,0.1802987114976295
253,0.2143,1,1,1,112802,563642,2280,123976,4.464278925358003,0.18029778161711882
254,0.2146,0,1,0,112803,563641,2280,123976,4.464271004942339,0.1802980438238147
255,0.215,6,147,6,112950,563494,2286,123970,4.463106703839817,0.18032944270536347
256,0.2157,0,1,0,112951,563493,2286,123970,4.4630987834241544,0.1803297050168518
257,0.2158,0,1,0,112952,563492,2286,123970,4.463090863008491,0.18032996732910328
258,0.216,0,9,0,112961,563483,2286,123970,4.46301957926752,0.18033232817370787
259,0.2167,2,61,2,113022,563422,2288,123968,4.462536433912052,0.18034594626049258
260,0.217,0,1,0,113023,563421,2288,123968,4.462528513496388,0.1803462086242288
261,0.2171,0,1,0,113024,563420,2288,123968,4.462520593080725,0.18034647098872836
262,0.2173,0,1,0,113025,563419,2288,123968,4.462512672665062,0.18034673335399126
263,0.2175,0,24,0,113049,563395,2288,123968,4.46232258268914,0.18035303034932051
264,0.218,0,9,0,113058,563386,2288,123968,4.462251298948169,0.180355391835939
265,0.2183,0,3,0,113061,563383,2288,123968,4.462227537701178,0.18035617901188766
266,0.2187,0,1,0,113062,563382,2288,123968,4.462219617285515,0.18035644140539756
267,0.219,0,1,0,113063,563381,2288,123968,4.4622116968698515,0.18035670379967092
268,0.22,341,11000,341,124063,552381,2629,123627,4.375087124572298,0.18287801327794936
269,0.2208,0,2,0,124065,552379,2629,123627,4.37507128374097,0.182878554332358
270,0.2217,0,5,0,124070,552374,2629,123627,4.375031681662653,0.18287990698238613
271,0.222,0,6,0,124076,552368,2629,123627,4.374984159168673,0.18288153018883277
272,0.2225,0,33,0,124109,552335,2629,123627,4.37472278545178,0.18289045833937412
273,0.2227,0,2,0,124111,552333,2629,123627,4.374706944620454,0.1828909994674241
274,0.2229,0,1,0,124112,552332,2629,123627,4.37469902420479,0.1828912700326499
275,0.2233,0,61,0,124173,552271,2629,123627,4.374215878849322,0.1829077760253766
276,0.224,0,16,0,124189,552255,2629,123627,4.3740891521987075,0.18291210595932425
277,0.2242,0,1,0,124190,552254,2629,123627,4.374081231783044,0.18291237658700274
278,0.2243,0,1,0,124191,552253,2629,123627,4.374073311367381,0.18291264721548203
279,0.2244,0,1,0,124192,552252,2629,123627,4.374065390951717,0.18291291784476216
280,0.225,4,168,4,124360,552084,2633,123623,4.372734761120263,0.18295355827303847
281,0.2253,0,3,0,124363,552081,2633,123623,4.372710999873274,0.18295437055278643
282,0.226,0,17,0,124380,552064,2633,123623,4.372576352806996,0.18295897360760233
283,0.2267,0,63,0,124443,552001,2633,123623,4.3720773666202,0.18297603400708087
284,0.2275,0,19,0,124462,551982,2633,123623,4.371926878722595,0.18298117983141038
285,0.228,0,7,0,124469,551975,2633,123623,4.371871435812952,0.18298307573438644
286,0.2283,1,3,1,124472,551972,2634,123622,4.371847674565961,0.18298267894623102
287,0.2286,0,1,0,124473,551971,2634,123622,4.371839754150298,0.18298294979373675
288,0.2288,0,1,0,124474,551970,2634,123622,4.3718318337346345,0.1829832206420443
289,0.23,369,10964,369,135438,541006,3003,123253,4.2849923964009635,0.18554961242527387
290,0.2317,0,8,0,135446,540998,3003,123253,4.284929033075656,0.1855518471180322
291,0.232,1,2,1,135448,540996,3004,123252,4.284913192244329,0.1855511796798786
292,0.2325,0,30,0,135478,540966,3004,123252,4.284675579774427,0.1855595602648528
293,0.233,0,1,0,135479,540965,3004,123252,4.284667659358763,0.1855598396307231
294,0.2333,0,70,0,135549,540895,3004,123252,4.284113230262324,0.18557939733221712
295,0.2337,0,1,0,135550,540894,3004,123252,4.284105309846661,0.18557967675782133
296,0.2339,0,1,0,135551,540893,3004,123252,4.284097389430998,0.18557995618426698
297,0.234,0,16,0,135567,540877,3004,123252,4.283970662780383,0.18558442712183928
298,0.2342,0,2,0,135569,540875,3004,123252,4.283954821949056,0.18558498600418294
299,0.2343,0,2,0,135571,540873,3004,123252,4.283938981117729,0.1855855448898927
300,0.2347,0,1,0,135572,540872,3004,123252,4.2839310607020655,0.1855858243340099
301,0.235,1,208,1,135780,540664,3005,123251,4.282283614244076,0.1856427404110466
302,0.2357,0,1,0,135781,540663,3005,123251,4.282275693828412,0.18564302002970265
303,0.236,0,9,0,135790,540654,3005,123251,4.2822044100874415,0.18564553663551261
304,0.2367,3,78,3,135868,540576,3008,123248,4.281586617665695,0.18566366988840416
305,0.237,0,1,0,135869,540575,3008,123248,4.281578697250032,0.18566394957692037
306,0.2375,1,29,1,135898,540546,3009,123247,4.281349005195793,0.1856708341305196
307,0.2378,0,1,0,135899,540545,3009,123247,4.281341084780129,0.18567111384289053
308,0.238,0,6,0,135905,540539,3009,123247,4.281293562286149,0.18567279213481452
309,0.2383,1,7,1,135912,540532,3010,123246,4.281238119376505,0.18567352337679163
310,0.2388,0,1,0,135913,540531,3010,123246,4.2812301989608414,0.18567380309953493
311,0.2392,1,0,1,135913,540531,3011,123245,4.2812301989608414,0.1856725762907969
312,0.24,419,11446,419,147359,529085,3430,122826,4.190573121277405,0.18840915401028668
313,0.2408,0,1,0,147360,529084,3430,122826,4.190565200861741,0.18840944302127594
314,0.241,0,1,0,147361,529083,3430,122826,4.190557280446078,0.18840973203315187
315,0.2413,0,1,0,147362,529082,3430,122826,4.190549360030414,0.18841002104591445
316,0.2417,0,5,0,147367,529077,3430,122826,4.190509757952097,0.1884114661230275
317,0.242,1,3,1,147370,529074,3431,122825,4.190485996705107,0.1884110882207213
318,0.2425,0,33,0,147403,529041,3431,122825,4.1902246229882145,0.18842062632504225
319,0.2427,0,1,0,147404,529040,3431,122825,4.190216702572551,0.18842091537358197
320,0.2429,0,2,0,147406,529038,3431,122825,4.190200861741224,0.18842149347332185
321,0.243,0,1,0,147407,529037,3431,122825,4.190192941325561,0.18842178252452207
322,0.2433,4,83,4,147490,528954,3435,122821,4.189535546825497,0.18844079628706226
323,0.2438,0,1,0,147491,528953,3435,122821,4.189527626409834,0.18844108540690485
324,0.244,0,17,0,147508,528936,3435,122821,4.189392979343556,0.18844600057997077
325,0.2442,0,1,0,147509,528935,3435,122821,4.1893850589278925,0.1884462897157832
326,0.2443,0,1,0,147510,528934,3435,122821,4.189377138512229,0.18844657885248292
327,0.245,7,179,7,147689,528755,3442,122814,4.187959384108478,0.18848963041519778
328,0.2456,0,1,0,147690,528754,3442,122814,4.187951463692815,0.18848991970139725
329,0.2457,0,1,0,147691,528753,3442,122814,4.187943543277151,0.18849020898848468
330,0.246,0,19,0,147710,528734,3442,122814,4.187793055379546,0.1884957056118659
331,0.2467,4,67,4,147777,528667,3446,122810,4.187262387530097,0.18851010856868317
332,0.247,0,1,0,147778,528666,3446,122810,4.1872544671144345,0.18851039792716845
333,0.2471,0,1,0,147779,528665,3446,122810,4.187246546698771,0.18851068728654208
334,0.2473,0,1,0,147780,528664,3446,122810,4.187238626283107,0.18851097664680402
335,0.2475,1,20,1,147800,528644,3447,122809,4.187080217969839,0.18851551838735872
336,0.248,0,9,0,147809,528635,3447,122809,4.187008934228868,0.18851812281638944
337,0.2483,0,7,0,147816,528628,3447,122809,4.186953491319224,0.1885201485331659
338,0.2486,0,1,0,147817,528627,3447,122809,4.1869455709035615,0.18852043792483067
339,0.249,0,1,0,147818,528626,3447,122809,4.186937650487898,0.18852072731738392
340,0.25,440,12015,440,159833,516611,3887,122369,4.0917738562919785,0.19150677642492722
341,0.2508,0,2,0,159835,516609,3887,122369,4.091758015460651,0.19150737584079577
342,0.2512,0,1,0,159836,516608,3887,122369,4.091750095044988,0.19150767555013717
343,0.2515,0,1,0,159837,516607,3887,122369,4.091742174629324,0.19150797526041666
344,0.2517,0,5,0,159842,516602,3887,122369,4.091702572551007,0.19150947382588568
345,0.252,0,9,0,159851,516593,3887,122369,4.091631288810037,0.19151217130283177
346,0.2525,1,31,1,159882,516562,3888,122368,4.091385755924471,0.19152019783074828
347,0.2533,3,100,3,159982,516462,3891,122365,4.090593714358129,0.1915463811016128
348,0.2537,0,2,0,159984,516460,3891,122365,4.090577873526803,0.19154698078503501
349,0.254,1,19,1,160003,516441,3892,122364,4.090427385629198,0.19155141240284593
350,0.2542,0,2,0,160005,516439,3892,122364,4.090411544797871,0.1915520121226732
351,0.2543,0,1,0,160006,516438,3892,122364,4.0904036243822075,0.19155231198399503
352,0.255,6,179,6,160185,516259,3898,122358,4.0889858699784565,0.19159840718302207
353,0.2557,0,3,0,160188,516256,3898,122358,4.088962108731466,0.19159930724976276
354,0.2558,0,1,0,160189,516255,3898,122358,4.088954188315803,0.1915996072738889
355,0.256,1,13,1,160202,516242,3899,122357,4.0888512229121785,0.1916022417824018
356,0.2562,0,1,0,160203,516241,3899,122357,4.088843302496515,0.19160254181817044
357,0.2567,2,77,2,160280,516164,3901,122355,4.088233430490432,0.19162311536540025
358,0.2571,1,2,1,160282,516162,3902,122354,4.088217589659105,0.19162244955490543
359,0.2573,0,1,0,160283,516161,3902,122354,4.088209669243442,0.19162274966132353
360,0.2575,3,39,3,160322,516122,3905,122351,4.087900773032569,0.19163065626894168
361,0.258,0,8,0,160330,516114,3905,122351,4.087837409707261,0.1916330574111345
362,0.2583,0,5,0,160335,516109,3905,122351,4.087797807628944,0.19163455815556182
363,0.259,0,1,0,160336,516108,3905,122351,4.0877898872132805,0.19163485830726798
364,0.26,510,12037,510,172373,504071,4415,121841,3.9924518438727663,0.19466154986643489
365,0.2608,0,2,0,172375,504069,4415,121841,3.9924360030414396,0.194662171877746
366,0.2612,0,1,0,172376,504068,4415,121841,3.9924280826257763,0.1946624828848922
367,0.2614,0,2,0,172378,504066,4415,121841,3.992412241794449,0.19466310490216598
368,0.2617,0,10,0,172388,504056,4415,121841,3.9923330376378154,0.19466621504816287
369,0.262,0,4,0,172392,504052,4415,121841,3.9923013559751617,0.1946674591343888
370,0.2625,1,27,1,172419,504025,4416,121840,3.9920875047522495,0.19467457039457392
371,0.2627,0,1,0,172420,504024,4416,121840,3.992079584336586,0.19467488144389197
372,0.2633,3,88,3,172508,503936,4419,121837,3.9913825877582054,0.1946983970225625
373,0.2635,0,1,0,172509,503935,4419,121837,3.991374667342542,0.1946987081556861
374,0.264,1,13,1,172522,503922,4420,121836,3.991271701938918,0.19470146606196007
375,0.2642,0,1,0,172523,503921,4420,121836,3.9912637815232546,0.19470177720744633
376,0.2643,0,5,0,172528,503916,4420,121836,3.9912241794449375,0.1947033329497948
377,0.265,6,212,6,172740,503704,4426,121830,3.9895450513242934,0.1947615956926402
378,0.2653,0,1,0,172741,503703,4426,121830,3.98953713090863,0.19476190704567145
379,0.2656,0,1,0,172742,503702,4426,121830,3.9895292104929667,0.19476221839969818
380,0.2657,0,1,0,172743,503701,4426,121830,3.9895212900773034,0.1947625297547204
381,0.266,0,15,0,172758,503686,4426,121830,3.989402483842352,0.19476720019951527
382,0.2667,2,81,2,172839,503605,4428,121828,3.9887609301736155,0.19478984959220252
383,0.2673,0,1,0,172840,503604,4428,121828,3.988753009757952,0.19479016104068866
384,0.2675,1,31,1,172871,503573,4429,121827,3.9885074768723863,0.19479852894147745
385,0.2678,0,1,0,172872,503572,4429,121827,3.988499556456723,0.1947988404202757
386,0.2679,0,1,0,172873,503571,4429,121827,3.9884916360410596,0.19479915190007002
387,0.268,0,6,0,172879,503565,4429,121827,3.9884441135470787,0.1948010207997544
388,0.2683,0,3,0,172882,503562,4429,121827,3.9884203523000887,0.19480195526304428
389,0.2686,0,2,0,172884,503560,4429,121827,3.988404511468762,0.1948025782435516
390,0.2689,0,2,0,172886,503558,4429,121827,3.988388670637435,0.19480320122804354
391,0.269,0,1,0,172887,503557,4429,121827,3.9883807502217716,0.19480351272178373
392,0.2692,0,1,0,172888,503556,4429,121827,3.9883728298061083,0.19480382421652012
393,0.2696,0,1,0,172889,503555,4429,121827,3.988364909390445,0.19480413571225266
394,0.27,522,12557,522,185446,490998,4951,121305,3.888908249904955,0.19811269910485496
395,0.2708,0,1,0,185447,490997,4951,121305,3.8889003294892914,0.19811302265875336
396,0.2711,0,1,0,185448,490996,4951,121305,3.888892409073628,0.19811334621370863
397,0.2712,0,1,0,185449,490995,4951,121305,3.8888844886579648,0.19811366976972072
398,0.2714,1,1,1,185450,490994,4952,121304,3.8888765682423014,0.19811268369323434
399,0.2717,0,3,0,185453,490991,4952,121304,3.888852806995311,0.19811365436595105
400,0.272,0,4,0,185457,490987,4952,121304,3.8888211253326577,0.19811494861103626
401,0.2725,0,40,0,185497,490947,4952,121304,3.888504308706121,0.1981278919920098
402,0.2729,0,3,0,185500,490944,4952,121304,3.888480547459131,0.19812886281376174
403,0.2733,3,100,3,185600,490844,4955,121301,3.8876885058927892,0.19815729933267445
404,0.2738,0,1,0,185601,490843,4955,121301,3.887680585477126,0.19815762304294415
405,0.274,2,12,2,185613,490831,4957,121299,3.887585540489165,0.19815888781794716
406,0.2742,0,2,0,185615,490829,4957,121299,3.887569699657838,0.1981595352605991
407,0.2743,0,1,0,185616,490828,4957,121299,3.8875617792421746,0.1981598589835116
408,0.275,9,193,9,185809,490635,4966,121290,3.8860331390191356,0.19821056502022308
409,0.2757,0,1,0,185810,490634,4966,121290,3.8860252186034723,0.1982108889339199
410,0.2758,0,2,0,185812,490632,4966,121290,3.8860093777721456,0.1982115367644896
411,0.276,1,15,1,185827,490617,4967,121289,3.8858905715371943,0.19821508532356277
412,0.2763,0,1,0,185828,490616,4967,121289,3.885882651121531,0.19821540925470457
413,0.2767,3,99,3,185927,490517,4970,121286,3.8850985299708527,0.1982435522545656
414,0.2771,0,1,0,185928,490516,4970,121286,3.8850906095551894,0.1982438762867725
415,0.2775,3,31,3,185959,490485,4973,121283,3.8848450766696234,0.1982499901923605
416,0.278,1,7,1,185966,490478,4974,121282,3.8847896337599797,0.19825094808421603
417,0.2783,1,8,1,185974,490470,4975,121281,3.8847262704346726,0.1982522300740007
418,0.279,0,2,0,185976,490468,4975,121281,3.8847104296033454,0.1982528782229313
419,0.2792,0,3,0,185979,490465,4975,121281,3.8846866683563555,0.19825385045427352
420,0.28,571,12841,571,198820,477624,5546,120710,3.782980610822456,0.20174350780667655
421,0.281,0,1,0,198821,477623,5546,120710,3.7829726904067926,0.20174384498264344
422,0.2813,0,1,0,198822,477622,5546,120710,3.7829647699911293,0.2017441821597374
423,0.2814,0,1,0,198823,477621,5546,120710,3.7829568495754655,0.20174451933795842
424,0.2817,0,4,0,198827,477617,5546,120710,3.782925167912812,0.2017458680621132
425,0.282,0,4,0,198831,477613,5546,120710,3.7828934862501584,0.20174721680430135
426,0.2825,2,34,2,198865,477579,5548,120708,3.7826241921176025,0.20175601341830926
427,0.2827,0,1,0,198866,477578,5548,120708,3.7826162717019387,0.20175635064166636
428,0.2829,0,4,0,198870,477574,5548,120708,3.7825845900392854,0.20175769954636777
429,0.2833,4,91,4,198961,477483,5552,120704,3.7818638322139146,0.20178305446290207
430,0.2835,0,2,0,198963,477481,5552,120704,3.7818479913825875,0.20178372911390288
431,0.284,0,13,0,198976,477468,5552,120704,3.7817450259789633,0.20178811445537403
432,0.2843,0,5,0,198981,477463,5552,120704,3.7817054239006462,0.2017898011759258
433,0.285,8,230,8,199211,477233,5560,120696,3.7798837282980613,0.2018567421884538
434,0.2856,0,1,0,199212,477232,5560,120696,3.7798758078823975,0.20185707978218112
435,0.2858,0,2,0,199214,477230,5560,120696,3.779859967051071,0.2018577549730234
436,0.286,2,21,2,199235,477209,5562,120694,3.779693638322139,0.20186217496818046
437,0.2867,3,99,3,199334,477110,5565,120691,3.7789095171714613,0.20189159937838846
438,0.2871,0,1,0,199335,477109,5565,120691,3.778901596755798,0.20189193710270995
439,0.2875,1,19,1,199354,477090,5566,120690,3.778751108858193,0.2018970189701897
440,0.288,0,8,0,199362,477082,5566,120690,3.7786877455328858,0.20189972096384576
441,0.2883,0,9,0,199371,477073,5566,120690,3.778616461791915,0.20190276079315717
442,0.2889,0,2,0,199373,477071,5566,120690,3.778600620960588,0.20190343632321278
443,0.289,0,4,0,199377,477067,5566,120690,3.7785689392979345,0.20190478739688536
444,0.2892,0,1,0,199378,477066,5566,120690,3.778561018882271,0.2019051251681288
445,0.29,628,12923,628,212301,464143,6194,120062,3.676205487263972,0.20551347557792213
446,0.2907,0,1,0,212302,464142,6194,120062,3.676197566848308,0.20551382736167503
447,0.2908,0,1,0,212303,464141,6194,120062,3.6761896464326447,0.20551417914663225
448,0.2915,0,1,0,212304,464140,6194,120062,3.6761817260169813,0.2055145309327938
449,0.2917,0,7,0,212311,464133,6194,120062,3.6761262831073376,0.20551699346964628
450,0.292,0,9,0,212320,464124,6194,120062,3.6760549993663667,0.20552015967517195
451,0.2925,3,27,3,212347,464097,6197,120059,3.6758411481434545,0.20552557878374955
452,0.2927,1,0,1,212347,464097,6198,120058,3.6758411481434545,0.205524218743313
453,0.2929,0,1,0,212348,464096,6198,120058,3.675833227727791,0.2055245705755674
454,0.293,0,2,0,212350,464094,6198,120058,3.6758173868964645,0.20552527424369
455,0.2933,3,98,3,212448,463996,6201,120055,3.6750411861614496,0.20555567921294546
456,0.2935,0,1,0,212449,463995,6201,120055,3.6750332657457863,0.2055560311617156
457,0.2938,0,1,0,212450,463994,6201,120055,3.675025345330123,0.20555638311169097
458,0.294,1,17,1,212467,463977,6202,120054,3.674890698263845,0.2055610061794665
459,0.2942,0,1,0,212468,463976,6202,120054,3.6748827778481816,0.20556135814941012
460,0.2943,0,2,0,212470,463974,6202,120054,3.6748669370168545,0.20556206209291336
461,0.295,7,251,7,212721,463723,6209,120047,3.672878912685338,0.20564092022543126
462,0.296,0,14,0,212735,463709,6209,120047,3.67276802686605,0.20564585203406902
463,0.2967,3,104,3,212839,463605,6212,120044,3.671944303637055,0.20567841288171487
464,0.297,0,1,0,212840,463604,6212,120044,3.6719363832213916,0.20567876528318438
465,0.2971,0,2,0,212842,463602,6212,120044,3.6719205423900645,0.20567947008974619
466,0.2973,0,1,0,212843,463601,6212,120044,3.671912621974401,0.20567982249483846
467,0.2975,1,36,1,212879,463565,6213,120043,3.671627487010518,0.20569114885333992
468,0.298,0,11,0,212890,463554,6213,120043,3.6715403624382206,0.20569502584831656
469,0.2983,1,7,1,212897,463547,6214,120042,3.671484919528577,0.2056961320381296
470,0.2987,0,2,0,212899,463545,6214,120042,3.67146907869725,0.20569683697546381
471,0.2989,0,1,0,212900,463544,6214,120042,3.671461158281587,0.20569718944594284
472,0.2993,0,2,0,212902,463542,6214,120042,3.6714453174502597,0.20569789439052474
473,0.2995,0,1,0,212903,463541,6214,120042,3.6714373970345964,0.20569824686462765
474,0.3,679,13130,679,226033,450411,6893,119363,3.5674423393739705,0.20949183360420096
475,0.301,0,1,0,226034,450410,6893,119363,3.567434418958307,0.20949220128015894
476,0.3012,1,0,1,226034,450410,6894,119362,3.567434418958307,0.2094908138694074
477,0.3017,0,8,0,226042,450402,6894,119362,3.5673710556329996,0.20949375530921574
478,0.302,1,8,1,226050,450394,6895,119361,3.5673076923076925,0.20949530938736827
479,0.3025,1,40,1,226090,450354,6896,119360,3.5669908756811557,0.20950863064625408
480,0.3029,0,4,0,226094,450350,6896,119360,3.566959194018502,0.2095101016306542
481,0.303,0,1,0,226095,450349,6896,119360,3.5669512736028386,0.20951046937998172
482,0.3033,3,122,3,226217,450227,6899,119357,3.5659849828919024,0.2095511812129554
483,0.304,1,15,1,226232,450212,6900,119356,3.565866176656951,0.2095553120961852
484,0.3042,0,1,0,226233,450211,6900,119356,3.5658582562412877,0.209555680016574
485,0.3043,0,3,0,226236,450208,6900,119356,3.5658344949942973,0.20955678378549206
486,0.3047,0,1,0,226237,450207,6900,119356,3.565826574578634,0.20955715171104863
487,0.305,6,231,6,226468,449976,6906,119350,3.5639969585603852,0.20963384774276952
488,0.3053,0,2,0,226470,449974,6906,119350,3.5639811177290586,0.20963458417351105
489,0.3057,0,1,0,226471,449973,6906,119350,3.563973197313395,0.20963495239082208
490,0.3058,0,1,0,226472,449972,6906,119350,3.5639652768977315,0.20963532060942666
491,0.306,0,17,0,226489,449955,6906,119350,3.5638306298314535,0.20964158052362092
492,0.3067,7,86,7,226575,449869,6913,119343,3.5631494740844,0.2096635348516897
493,0.3073,0,3,0,226578,449866,6913,119343,3.56312571283741,0.20966463987744396
494,0.3075,0,33,0,226611,449833,6913,119343,3.5628643391205173,0.2096767959295543
495,0.308,2,7,2,226618,449826,6915,119341,3.562808896210873,0.20967659755396922
496,0.3083,0,7,0,226625,449819,6915,119341,3.5627534533012293,0.20967917633003022
497,0.309,0,2,0,226627,449817,6915,119341,3.5627376124699026,0.2096799131348413
498,0.3092,0,2,0,226629,449815,6915,119341,3.5627217716385755,0.2096806499448306
499,0.3095,0,1,0,226630,449814,6915,119341,3.562713851222912,0.20968101835176708
500,0.31,744,13043,744,239673,436771,7659,118597,3.4594078697250032,0.21354669336367957
501,0.311,0,3,0,239676,436768,7659,118597,3.459384108478013,0.21354784691149065
502,0.3117,0,15,0,239691,436753,7659,118597,3.4592653022430615,0.21355361483748986
503,0.3118,0,2,0,239693,436751,7659,118597,3.459249461411735,0.2135543839178317
504,0.312,0,10,0,239703,436741,7659,118597,3.4591702572551006,0.21355822940263408
505,0.3125,6,37,6,239740,436704,7665,118591,3.4588772018755543,0.21356396149794254
506,0.3129,0,3,0,239743,436701,7665,118591,3.4588534406285643,0.2135651152906939
507,0.3133,2,122,2,239865,436579,7667,118589,3.4578871499176276,0.2136092137875382
508,0.314,1,21,1,239886,436558,7668,118588,3.457720821188696,0.21361587762498513
509,0.3142,0,1,0,239887,436557,7668,118588,3.4577129007730325,0.21361626241792686
510,0.3143,0,2,0,239889,436555,7668,118588,3.457697059941706,0.2136170320079691
511,0.315,10,233,10,240122,436322,7678,118578,3.4558516030921305,0.21369255721751668
512,0.3157,0,2,0,240124,436320,7678,118578,3.4558357622608034,0.21369332742233707
513,0.3158,0,1,0,240125,436319,7678,118578,3.45582784184514,0.2136937125268293
514,0.316,1,17,1,240142,436302,7679,118577,3.455693194778862,0.21369884245033602
515,0.3167,3,93,3,240235,436209,7682,118574,3.4549565961221647,0.2137304135130312
516,0.317,0,1,0,240236,436208,7682,118574,3.454948675706501,0.21373079876419926
517,0.3171,0,1,0,240237,436207,7682,118574,3.4549407552908376,0.21373118401675617
518,0.3175,4,38,4,240275,436169,7686,118570,3.454639779495628,0.21374015528023088
519,0.3177,0,1,0,240276,436168,7686,118570,3.4546318590799645,0.21374054057951683
520,0.3178,0,1,0,240277,436167,7686,118570,3.454623938664301,0.21374092588019186
521,0.318,0,11,0,240288,436156,7686,118570,3.4545368140920036,0.21374516427930185
522,0.3183,0,12,0,240300,436144,7686,118570,3.4544417691040428,0.21374978817913376
523,0.319,0,2,0,240302,436142,7686,118570,3.4544259282727157,0.21375055884855565
524,0.3192,0,4,0,240306,436138,7686,118570,3.454394246610062,0.21375210020407134
525,0.3193,0,1,0,240307,436137,7686,118570,3.4543863261943986,0.21375248554642362
526,0.32,810,13269,810,253576,422868,8496,117760,3.349290330756558,0.21782075660158187
527,0.3208,0,2,0,253578,422866,8496,117760,3.3492744899252314,0.21782156241098283
528,0.321,0,1,0,253579,422865,8496,117760,3.349266569509568,0.2178219653179191
529,0.3213,0,1,0,253580,422864,8496,117760,3.3492586490939042,0.21782236822634585
530,0.3217,0,8,0,253588,422856,8496,117760,3.349195285768597,0.21782559154741998
531,0.322,0,8,0,253596,422848,8496,117760,3.3491319224432896,0.2178288149638925
532,0.3225,0,45,0,253641,422803,8496,117760,3.348775503738436,0.2178469484592915
533,0.3233,10,100,10,253741,422703,8506,117750,3.347983462172095,0.21787278449744937
534,0.3238,0,2,0,253743,422701,8506,117750,3.347967621340768,0.21787359076030943
535,0.324,0,13,0,253756,422688,8506,117750,3.3478646559371437,0.21787883161435725
536,0.3243,0,2,0,253758,422686,8506,117750,3.3478488151058166,0.21787963792197412
537,0.325,17,245,17,254003,422441,8523,117733,3.3459083132682803,0.2179538445019568
538,0.3256,0,1,0,254004,422440,8523,117733,3.345900392852617,0.21795424799092142
539,0.3257,0,1,0,254005,422439,8523,117733,3.3458924724369536,0.21795465148138002
540,0.3258,0,3,0,254008,422436,8523,117733,3.345868711189963,0.2179558619617194
541,0.326,0,26,0,254034,422410,8523,117733,3.3456627803827144,0.21796635335457462
542,0.3262,0,1,0,254035,422409,8523,117733,3.345654859967051,0.2179667568898549
543,0.3267,10,108,10,254143,422301,8533,117723,3.3447994550754023,0.2179958668503622
544,0.327,0,2,0,254145,422299,8533,117723,3.3447836142440757,0.21799667420956925
545,0.3271,1,4,1,254149,422295,8534,117722,3.344751932581422,0.21799684084019577
546,0.3273,0,2,0,254151,422293,8534,117722,3.3447360917500952,0.21799764821347556
547,0.3275,5,36,5,254187,422257,8539,117717,3.344450956786212,0.2180049409786397
548,0.328,0,8,0,254195,422249,8539,117717,3.3443875934609046,0.21800817088483349
549,0.3281,0,1,0,254196,422248,8539,117717,3.3443796730452413,0.2180085746298371
550,0.3283,2,13,2,254209,422235,8541,117715,3.344276707641617,0.21801092693767943
551,0.3289,1,0,1,254209,422235,8542,117714,3.344276707641617,0.21800947867298578
552,0.329,0,1,0,254210,422234,8542,117714,3.3442687872259538,0.2180098824331232
553,0.3293,1,1,1,254211,422233,8543,117713,3.34426086681029,0.21800883792082912
554,0.3297,0,1,0,254212,422232,8543,117713,3.3442529463946267,0.21800924168202318
555,0.33,798,13414,798,267626,408818,9341,116915,3.238008490685591,0.22238474662994334
556,0.3307,0,2,0,267628,408816,9341,116915,3.2379926498542644,0.22238559263197338
557,0.3308,0,3,0,267631,408813,9341,116915,3.237968888607274,0.22238686164708746
558,0.331,0,2,0,267633,408811,9341,116915,3.2379530477759473,0.22238770766520963
559,0.3312,0,2,0,267635,408809,9341,116915,3.2379372069446206,0.2223885536897688
560,0.3313,0,1,0,267636,408808,9341,116915,3.237929286528957,0.22238897670446223
561,0.3317,0,9,0,267645,408799,9341,116915,3.2378580027879864,0.22239278390912168
562,0.332,0,17,0,267662,408782,9341,116915,3.2377233557217084,0.22239997565137332
563,0.3325,0,37,0,267699,408745,9341,116915,3.237430300342162,0.22241562987482402
564,0.3329,1,2,1,267701,408743,9342,116914,3.237414459510835,0.2224149968515591
565,0.333,0,2,0,267703,408741,9342,116914,3.2373986186795083,0.22241584309100076
566,0.3333,9,129,9,267832,408612,9351,116905,3.236376885058928,0.22245712317584398
567,0.334,0,26,0,267858,408586,9351,116905,3.236170954251679,0.22246812980621933
568,0.3342,0,4,0,267862,408582,9351,116905,3.2361392725890257,0.2224698232306413
569,0.3343,1,2,1,267864,408580,9352,116904,3.2361234317576986,0.22246919030836335
570,0.335,14,287,14,268151,408293,9366,116890,3.233850272462299,0.22257003749169338
571,0.3356,0,1,0,268152,408292,9366,116890,3.2338423520466355,0.22257046128770597
572,0.3357,0,3,0,268155,408289,9366,116890,3.233818590799645,0.22257173268542726
573,0.3358,0,2,0,268157,408287,9366,116890,3.2338027499683184,0.22257258029197774
574,0.336,0,15,0,268172,408272,9366,116890,3.233683943733367,0.2225789375468903
575,0.3367,2,108,2,268280,408164,9368,116888,3.2328285388417184,0.22262175936859588
576,0.3371,2,1,2,268281,408163,9370,116886,3.232820618426055,0.22261922220592745
577,0.3375,2,38,2,268319,408125,9372,116884,3.2325196426308453,0.22263237392120896
578,0.3378,0,1,0,268320,408124,9372,116884,3.232511722215182,0.22263279797641178
579,0.338,0,14,0,268334,408110,9372,116884,3.232400836395894,0.22263873491887526
580,0.3383,0,10,0,268344,408100,9372,116884,3.23232163223926,0.2226429757859287
581,0.3385,0,1,0,268345,408099,9372,116884,3.2323137118235965,0.22264339988151996
582,0.3386,1,2,1,268347,408097,9373,116883,3.23229787099227,0.22264276734351784
583,0.3387,0,1,0,268348,408096,9373,116883,3.232289950576606,0.2226431914419434
584,0.339,0,2,0,268350,408094,9373,116883,3.2322741097452794,0.22264403964364154
585,0.3392,0,5,0,268355,408089,9373,116883,3.2322345076669623,0.2226461601761618
586,0.3393,0,2,0,268357,408087,9373,116883,3.2322186668356356,0.22264700840048002
587,0.34,882,13387,882,281744,394700,10255,116001,3.126188062349512,0.22714073401070295
588,0.3407,0,1,0,281745,394699,10255,116001,3.126180141933849,0.22714117877423146
589,0.3408,0,3,0,281748,394696,10255,116001,3.1261563806868584,0.22714251307526773
590,0.341,0,2,0,281750,394694,10255,116001,3.1261405398555318,0.22714340261800095
591,0.3411,0,1,0,281751,394693,10255,116001,3.1261326194398684,0.22714384739198032
592,0.3412,0,1,0,281752,394692,10255,116001,3.1261246990242046,0.22714429216770154
593,0.3413,0,1,0,281753,394691,10255,116001,3.1261167786085413,0.2271447369451646
594,0.3414,0,2,0,281755,394689,10255,116001,3.1261009377772147,0.22714562650531633
595,0.3417,0,8,0,281763,394681,10255,116001,3.126037574451907,0.22714918481559954
596,0.342,0,11,0,281774,394670,10255,116001,3.1259504498796096,0.22715407767427562
597,0.3425,1,33,1,281807,394637,10256,116000,3.125689076162717,0.22716724405007863
598,0.3429,0,1,0,281808,394636,10256,116000,3.1256811557470536,0.22716768892126682
599,0.343,0,2,0,281810,394634,10256,116000,3.125665314915727,0.22716857866887047
600,0.3432,0,1,0,281811,394633,10256,116000,3.125657394500063,0.22716902354528595
601,0.3433,5,119,5,281930,394514,10261,115995,3.124714865036117,0.22721440758145303
602,0.3438,1,0,1,281930,394514,10262,115994,3.124714865036117,0.22721289382340729
603,0.344,1,16,1,281946,394498,10263,115993,3.1245881383855023,0.2272185014035507
604,0.3448,0,2,0,281948,394496,10263,115993,3.1245722975541756,0.22721939160295324
605,0.345,11,280,11,282228,394216,10274,115982,3.1223545811684197,0.22732742974296252
606,0.3457,0,7,0,282235,394209,10274,115982,3.122299138258776,0.2273305487552701
607,0.3458,0,1,0,282236,394208,10274,115982,3.1222912178431126,0.22733099433544365
608,0.346,3,21,3,282257,394187,10277,115979,3.122124889114181,0.22733580834473485
609,0.3463,0,1,0,282258,394186,10277,115979,3.1221169686985175,0.22733625395705312
610,0.3465,0,1,0,282259,394185,10277,115979,3.1221090482828537,0.2273366995711183
611,0.3467,7,105,7,282364,394080,10284,115972,3.1212774046381955,0.2273728953126348
612,0.3469,0,1,0,282365,394079,10284,115972,3.121269484222532,0.22737334109726282
613,0.347,0,4,0,282369,394075,10284,115972,3.1212378025598784,0.2273751242532551
614,0.3471,1,3,1,282372,394072,10285,115971,3.121214041312888,0.22737494681820944
615,0.3475,3,25,3,282397,394047,10288,115968,3.121016030921303,0.22738154760154114
616,0.348,1,12,1,282409,394035,10289,115967,3.120920985933342,0.22738538280242038
617,0.3483,0,10,0,282419,394025,10289,115967,3.120841781776708,0.227389841409277
618,0.3486,0,1,0,282420,394024,10289,115967,3.120833861361044,0.22739028727957944
619,0.3492,0,1,0,282421,394023,10289,115967,3.1208259409453807,0.22739073315163041
620,0.3493,0,1,0,282422,394022,10289,115967,3.1208180205297174,0.22739117902542996
621,0.3495,0,1,0,282423,394021,10289,115967,3.120810100114054,0.22739162490097806
622,0.35,924,13521,924,295944,380500,11213,115043,3.013718159929033,0.23215543353452678
623,0.3508,0,2,0,295946,380498,11213,115043,3.0137023190977064,0.23215637051222804
624,0.3512,1,0,1,295946,380498,11214,115042,3.0137023190977064,0.2321548210033499
625,0.3513,0,1,0,295947,380497,11214,115042,3.013694398682043,0.23215528949285524
626,0.3514,0,1,0,295948,380496,11214,115042,3.0136864782663793,0.23215575798425145
627,0.3517,0,8,0,295956,380488,11214,115042,3.013623114941072,0.23215950598349241
628,0.352,0,11,0,295967,380477,11214,115042,3.0135359903687746,0.23216465968005262
629,0.3525,2,38,2,296005,380439,11216,115040,3.013235014573565,0.23217936582579685
630,0.3529,0,2,0,296007,380437,11216,115040,3.013219173742238,0.23218030302112913
631,0.353,0,2,0,296009,380435,11216,115040,3.013203332910911,0.23218124022402745
632,0.3533,6,114,6,296123,380321,11222,115034,3.012300405525282,0.23222537372187624
633,0.354,2,19,2,296142,380302,11224,115032,3.012149917627677,0.23223118138468185
634,0.3542,0,2,0,296144,380300,11224,115032,3.0121340767963503,0.23223211906357755
635,0.3543,0,3,0,296147,380297,11224,115032,3.01211031554936,0.23223352559611896
636,0.355,22,272,22,296419,380025,11246,115010,3.0099559624889114,0.2323270071813104
637,0.3553,0,1,0,296420,380024,11246,115010,3.009948042073248,0.23232747649656388
638,0.3557,0,1,0,296421,380023,11246,115010,3.0099401216575847,0.23232794581371344
639,0.3558,0,2,0,296423,380021,11246,115010,3.0099242808262576,0.23232888445370087
640,0.356,1,16,1,296439,380005,11247,115009,3.009797554175643,0.2323348430549439
641,0.3562,0,1,0,296440,380004,11247,115009,3.0097896337599797,0.2323353124059368
642,0.3567,10,128,10,296568,379876,11257,114999,3.0087758205550625,0.2323798939126042
643,0.3569,0,1,0,296569,379875,11257,114999,3.008767900139399,0.2323803634864632
644,0.3571,0,4,0,296573,379871,11257,114999,3.0087362184767454,0.232382241800877
645,0.3575,2,32,2,296605,379839,11259,114997,3.0084827651755166,0.23239416695632492
646,0.358,2,17,2,296622,379822,11261,114995,3.008348118109238,0.23239904853713594
647,0.3583,0,11,0,296633,379811,11261,114995,3.0082609935369407,0.23240421498526695
648,0.3588,0,3,0,296636,379808,11261,114995,3.0082372322899507,0.23240562405644266
649,0.359,0,1,0,296637,379807,11261,114995,3.0082293118742873,0.23240609375063156
650,0.3592,0,1,0,296638,379806,11261,114995,3.0082213914586236,0.23240656344671898
651,0.36,993,13355,993,309993,366451,12254,114002,2.9024442402737294,0.23728023344635168
652,0.361,0,1,0,309994,366450,12254,114002,2.902436319858066,0.2372807273151116
653,0.3615,0,1,0,309995,366449,12254,114002,2.9024283994424027,0.2372812211859274
654,0.3617,1,5,1,310000,366444,12255,114001,2.9023887973640856,0.23728210305029712
655,0.362,1,8,1,310008,366436,12256,114000,2.9023254340387785,0.23728446660949637
656,0.3625,3,41,3,310049,366395,12259,113997,2.9020006969965784,0.23729995503672002
657,0.3627,0,1,0,310050,366394,12259,113997,2.901992776580915,0.23730044900924455
658,0.3629,0,3,0,310053,366391,12259,113997,2.9019690153339246,0.23730193093915752
659,0.363,0,1,0,310054,366390,12259,113997,2.9019610949182613,0.23730242491990833
660,0.3633,5,111,5,310165,366279,12264,113992,2.9010819287796226,0.23734932985751794
661,0.3635,0,1,0,310166,366278,12264,113992,2.901074008363959,0.2373498240573011
662,0.364,3,22,3,310188,366256,12267,113989,2.9008997592193637,0.23735593290924423
663,0.3642,0,2,0,310190,366254,12267,113989,2.900883918388037,0.2373569213918787
664,0.3643,0,5,0,310195,366249,12267,113989,2.90084431630972,0.2373593926344854
665,0.365,15,300,15,310495,365949,12282,113974,2.8984681916106956,0.23748392971372492
666,0.3653,0,2,0,310497,365947,12282,113974,2.898452350779369,0.23748491939298344
667,0.3656,0,1,0,310498,365946,12282,113974,2.8984444303637056,0.23748541423570596
668,0.3657,0,1,0,310499,365945,12282,113974,2.8984365099480423,0.23748590908049066
669,0.3658,0,1,0,310500,365944,12282,113974,2.8984285895323785,0.23748640392733758
670,0.366,1,12,1,310512,365932,12283,113973,2.8983335445444176,0.23749075337827277
671,0.3663,0,1,0,310513,365931,12283,113973,2.8983256241287543,0.23749124824964993
672,0.3667,9,116,9,310629,365815,12292,113964,2.897406855911798,0.237534364780451
673,0.3668,0,1,0,310630,365814,12292,113964,2.8973989354961347,0.23753485987269113
674,0.367,0,2,0,310632,365812,12292,113964,2.897383094664808,0.2375358500633629
675,0.3671,0,1,0,310633,365811,12292,113964,2.8973751742491447,0.2375363451617946
676,0.3675,1,47,1,310680,365764,12293,113963,2.897002914712964,0.23755802779497506
677,0.368,2,7,2,310687,365757,12295,113961,2.8969474718033204,0.23755831551036233
678,0.3683,1,9,1,310696,365748,12296,113960,2.8968761880623495,0.23756118305302393
679,0.3688,0,1,0,310697,365747,12296,113960,2.896868267646686,0.23756167827444669
680,0.3689,0,1,0,310698,365746,12296,113960,2.896860347231023,0.23756217349793415
681,0.369,0,2,0,310700,365744,12296,113960,2.8968445063996957,0.2375631639511032
682,0.3692,0,2,0,310702,365742,12296,113960,2.896828665568369,0.23756415441253112
683,0.3693,0,2,0,310704,365740,12296,113960,2.8968128247370424,0.23756514488221805
684,0.37,1041,13786,1041,324490,351954,13337,112919,2.7876219744012167,0.24290290036203435
685,0.3703,0,1,0,324491,351953,13337,112919,2.787614053985553,0.24290342287769537
686,0.3707,0,1,0,324492,351952,13337,112919,2.7876061335698896,0.24290394539560436
687,0.3708,0,1,0,324493,351951,13337,112919,2.7875982131542263,0.2429044679157614
688,0.3717,1,13,1,324506,351938,13338,112918,2.787495247750602,0.24290963223019602
689,0.372,0,14,0,324520,351924,13338,112918,2.787384361931314,0.24291694812430892
690,0.3721,0,2,0,324522,351922,13338,112918,2.7873685210999875,0.24291799328801308
691,0.3725,5,52,5,324574,351870,13343,112913,2.7869566594854898,0.24293702652635746
692,0.3727,0,1,0,324575,351869,13343,112913,2.7869487390698264,0.24293754921662197
693,0.3729,0,1,0,324576,351868,13343,112913,2.786940818654163,0.2429380719091357
694,0.373,0,1,0,324577,351867,13343,112913,2.7869328982384998,0.2429385946038986
695,0.3733,10,113,10,324690,351754,13353,112903,2.786037891268534,0.24298138196562194
696,0.3735,1,0,1,324690,351754,13354,112902,2.786037891268534,0.24297975276333458
697,0.3738,0,2,0,324692,351752,13354,112902,2.786022050437207,0.24298079861574418
698,0.374,2,19,2,324711,351733,13356,112900,2.785871562539602,0.24298747613708024
699,0.3742,1,3,1,324714,351730,13357,112899,2.785847801292612,0.2429874157661274
700,0.3743,0,3,0,324717,351727,13357,112899,2.785824040045622,0.24298898468876043
701,0.3747,0,1,0,324718,351726,13357,112899,2.785816119629958,0.24298950766747376
702,0.375,12,286,12,325004,351440,13369,112887,2.7835508807502216,0.2431196118252869
703,0.3755,1,0,1,325004,351440,13370,112886,2.7835508807502216,0.24311798176281318
704,0.3756,0,1,0,325005,351439,13370,112886,2.7835429603345583,0.243118505357239
705,0.3757,0,6,0,325011,351433,13370,112886,2.783495437840578,0.2431216469711556
706,0.3758,0,3,0,325014,351430,13370,112886,2.783471676593588,0.24312321780856141
707,0.376,1,17,1,325031,351413,13371,112885,2.7833370295273094,0.24313048947012478
708,0.3767,5,137,5,325168,351276,13376,112880,2.782251932581422,0.2431940985358371
709,0.377,0,2,0,325170,351274,13376,112880,2.7822360917500952,0.24319514643846654
710,0.3771,0,3,0,325173,351271,13376,112880,2.782212330503105,0.2431967183093433
711,0.3773,0,1,0,325174,351270,13376,112880,2.7822044100874415,0.24319724227081763
712,0.3775,2,46,2,325220,351224,13378,112878,2.781840070966924,0.24321808567944117
713,0.378,1,14,1,325234,351210,13379,112877,2.7817291851476367,0.24322379209070713
714,0.3783,0,7,0,325241,351203,13379,112877,2.7816737422379925,0.2432274607826237
715,0.3792,1,0,1,325241,351203,13380,112876,2.7816737422379925,0.24322583008496398
716,0.3793,1,0,1,325241,351203,13381,112875,2.7816737422379925,0.2432241993802766
717,0.3795,0,1,0,325242,351202,13381,112875,2.781665821822329,0.24322472348338744
718,0.38,1102,13326,1102,338568,337876,14483,111773,2.6761183626916742,0.24857833554617045
719,0.3808,0,3,0,338571,337873,14483,111773,2.676094601444684,0.24857999403975573
720,0.381,0,2,0,338573,337871,14483,111773,2.676078760613357,0.24858109971444076
721,0.3813,0,1,0,338574,337870,14483,111773,2.6760708401976934,0.2485816525554718
722,0.3814,0,1,0,338575,337869,14483,111773,2.67606291978203,0.24858220539896184
723,0.3815,0,1,0,338576,337868,14483,111773,2.6760549993663667,0.24858275824491094
724,0.3817,0,11,0,338587,337857,14483,111773,2.675967874794069,0.24858883971265264
725,0.382,0,8,0,338595,337849,14483,111773,2.675904511468762,0.248593262785184
726,0.3822,0,1,0,338596,337848,14483,111773,2.6758965910530983,0.2485938156803174
727,0.3825,0,41,0,338637,337807,14483,111773,2.6755718540108986,0.24861648649850973
728,0.3827,0,4,0,338641,337803,14483,111773,2.675540172348245,0.24861869850703774
729,0.3829,0,3,0,338644,337800,14483,111773,2.6755164111012544,0.24862035753926504
730,0.383,0,1,0,338645,337799,14483,111773,2.675508490685591,0.2486209105549278
731,0.3833,9,115,9,338760,337684,14492,111764,2.6745976428842986,0.24866947900535769
732,0.384,0,22,0,338782,337662,14492,111764,2.6744233937397035,0.24868165170684384
733,0.3842,0,3,0,338785,337659,14492,111764,2.674399632492713,0.2486833117130187
734,0.3843,0,1,0,338786,337658,14492,111764,2.6743917120770497,0.24868386505333517
735,0.3848,0,1,0,338787,337657,14492,111764,2.6743837916613864,0.2486844183961141
736,0.385,21,268,21,339055,337389,14513,111743,2.6722611202635913,0.2487976808599699
737,0.3857,0,3,0,339058,337386,14513,111743,2.6722373590166013,0.24879934272781318
738,0.3858,0,1,0,339059,337385,14513,111743,2.672229438600938,0.24879989668869454
739,0.386,3,19,3,339078,337366,14516,111740,2.672078950703333,0.24880540451474709
740,0.3863,0,1,0,339079,337365,14516,111740,2.6720710302876696,0.2488059585174959
741,0.3864,1,0,1,339079,337365,14517,111739,2.6720710302876696,0.24880428586697068
742,0.3865,0,2,0,339081,337363,14517,111739,2.6720551894563425,0.24880539387488812
743,0.3867,4,118,4,339199,337245,14521,111735,2.67112058040806,0.2488640919417346
744,0.387,0,2,0,339201,337243,14521,111735,2.671104739576733,0.2488652005220746
745,0.3871,0,3,0,339204,337240,14521,111735,2.671080978329743,0.24886686341110306
746,0.3875,5,42,5,339246,337198,14526,111730,2.6707483208718794,0.2488817805973341
747,0.388,1,13,1,339259,337185,14527,111729,2.6706453554682548,0.2488873147195231
748,0.3883,0,13,0,339272,337172,14527,111729,2.6705423900646306,0.24889452240026197
749,0.3886,0,1,0,339273,337171,14527,111729,2.6705344696489672,0.2488950768545333
750,0.3888,0,1,0,339274,337170,14527,111729,2.670526549233304,0.24889563131127493
751,0.389,0,1,0,339275,337169,14527,111729,2.6705186288176406,0.24889618577048683
752,0.3892,0,3,0,339278,337166,14527,111729,2.67049486757065,0.24889784916294455
753,0.3895,0,1,0,339279,337165,14527,111729,2.670486947154987,0.24889840363203786
754,0.39,1190,13464,1190,352743,323701,15717,110539,2.5638464706627806,0.25455738761974944
755,0.3907,0,2,0,352745,323699,15717,110539,2.5638306298314535,0.2545585600523215
756,0.3908,0,1,0,352746,323698,15717,110539,2.56382270941579,0.2545591462726576
757,0.391,0,3,0,352749,323695,15717,110539,2.5637989481687997,0.2545609049498657
758,0.3914,0,1,0,352750,323694,15717,110539,2.5637910277531364,0.2545614911810019
759,0.3917,0,7,0,352757,323687,15717,110539,2.5637355848434926,0.25456559487455843
760,0.392,1,16,1,352773,323671,15718,110538,2.563608858192878,0.25457325849993895
761,0.3925,3,58,3,352831,323613,15721,110535,2.5631494740844,0.2546021172503386
762,0.3929,0,2,0,352833,323611,15721,110535,2.563133633253073,0.2546032901374192
763,0.3933,7,99,7,352932,323512,15728,110528,2.562349512102395,0.25464934107455534
764,0.3938,0,1,0,352933,323511,15728,110528,2.5623415916867316,0.25464992777146755
765,0.394,2,20,2,352953,323491,15730,110526,2.5621831833734636,0.2546582276731096
766,0.3942,0,1,0,352954,323490,15730,110526,2.5621752629578,0.25465881442158816
767,0.3943,0,2,0,352956,323488,15730,110526,2.562159422126473,0.25465998792665673
768,0.3948,0,1,0,352957,323487,15730,110526,2.56215150171081,0.2546605746832468
769,0.395,14,294,14,353251,323193,15744,110512,2.559822899505766,0.2548091444645554
770,0.3957,1,4,1,353255,323189,15745,110511,2.5597912178431126,0.2548097763430943
771,0.3958,1,0,1,353255,323189,15746,110510,2.5597912178431126,0.25480805812326063
772,0.396,2,14,2,353269,323175,15748,110508,2.5596803320238246,0.25481284717178215
773,0.3962,0,1,0,353270,323174,15748,110508,2.5596724116081613,0.2548134347286722
774,0.3967,7,117,7,353387,323057,15755,110501,2.5587457229755417,0.2548701673132545
775,0.397,0,1,0,353388,323056,15755,110501,2.5587378025598784,0.25487075517175367
776,0.3971,0,3,0,353391,323053,15755,110501,2.558714041312888,0.25487251876352196
777,0.3973,0,2,0,353393,323051,15755,110501,2.5586982004815613,0.25487369450492675
778,0.3975,2,42,2,353435,323009,15757,110499,2.558365543023698,0.25489495003552415
779,0.398,0,16,0,353451,322993,15757,110499,2.558238816373083,0.25490435809657386
780,0.3983,2,9,2,353460,322984,15759,110497,2.5581675326321127,0.25490621272904695
781,0.399,1,1,1,353461,322983,15760,110496,2.558159612216449,0.254905081907082
782,0.3992,0,2,0,353463,322981,15760,110496,2.5581437713851223,0.25490625800215466
783,0.3993,0,1,0,353464,322980,15760,110496,2.558135850969459,0.25490684605376074
784,0.4,1253,13436,1253,366900,309544,17013,109243,2.4517171461158282,0.2608557572226454
785,0.4007,0,1,0,366901,309543,17013,109243,2.451709225700165,0.26085638010821754
786,0.4008,0,2,0,366903,309541,17013,109243,2.451693384868838,0.2608576258882861
787,0.401,0,1,0,366904,309540,17013,109243,2.4516854644531745,0.26085824878278246
788,0.4012,0,1,0,366905,309539,17013,109243,2.451677544037511,0.2608588716802537
789,0.4014,0,1,0,366906,309538,17013,109243,2.451669623621848,0.2608594945806997
790,0.4015,0,1,0,366907,309537,17013,109243,2.451661703206184,0.2608601174841205
791,0.4017,1,11,1,366918,309526,17014,109242,2.4515745786338865,0.2608652046001605
792,0.402,0,10,0,366928,309516,17014,109242,2.4514953744772527,0.2608714340979754
793,0.4022,0,1,0,366929,309515,17014,109242,2.451487454061589,0.2608720570641207
794,0.4025,2,39,2,366968,309476,17016,109240,2.451178557850716,0.2608928247308438
795,0.4026,0,1,0,366969,309475,17016,109240,2.4511706374350526,0.2608934478105633
796,0.4029,0,2,0,366971,309473,17016,109240,2.451154796603726,0.26089469397893067
797,0.4033,14,102,14,367073,309371,17030,109226,2.4503469142060577,0.26093354706316574
798,0.4038,0,1,0,367074,309370,17030,109226,2.4503389937903943,0.2609341704172997
799,0.404,1,21,1,367095,309349,17031,109225,2.4501726650614626,0.26094549589797744
800,0.4042,0,4,0,367099,309345,17031,109225,2.450140983398809,0.2609479895835822
801,0.4043,0,1,0,367100,309344,17031,109225,2.4501330629831455,0.26094861301243044
802,0.405,18,278,18,367378,309066,17049,109207,2.447931187428716,0.26109024488790816
803,0.4055,0,2,0,367380,309064,17049,109207,2.4479153465973895,0.2610914933141432
804,0.4056,0,1,0,367381,309063,17049,109207,2.447907426181726,0.2610921175317379
805,0.4058,0,1,0,367382,309062,17049,109207,2.4478995057660624,0.2610927417523173
806,0.406,1,18,1,367400,309044,17050,109206,2.447756938284121,0.26110221159593544
807,0.4064,1,0,1,367400,309044,17051,109205,2.447756938284121,0.2611004449502569
808,0.4067,7,126,7,367526,308918,17058,109198,2.446758965910531,0.2611667575505362
809,0.4069,1,1,1,367527,308917,17059,109197,2.4467510454948678,0.2611656151193215
810,0.407,0,1,0,367528,308916,17059,109197,2.446743125079204,0.2611662397485847
811,0.4071,1,1,1,367529,308915,17060,109196,2.4467352046635407,0.26116509730669607
812,0.4075,1,41,1,367570,308874,17061,109195,2.446410467621341,0.26118894249513835
813,0.408,1,13,1,367583,308861,17062,109194,2.4463075022177163,0.26119529726949803
814,0.4083,1,13,1,367596,308848,17063,109193,2.446204536814092,0.2612016524694946
815,0.409,0,1,0,367597,308847,17063,109193,2.446196616398429,0.26120227729403883
816,0.4092,0,5,0,367602,308842,17063,109193,2.4461570143201117,0.2612054014616001
817,0.4093,0,1,0,367603,308841,17063,109193,2.446149093904448,0.2612060263040805
818,0.41,1262,13082,1262,380685,295759,18325,107931,2.342534216195666,0.26736109390869234
819,0.4107,0,2,0,380687,295757,18325,107931,2.3425183753643393,0.26736241850141695
820,0.4108,1,2,1,380689,295755,18326,107930,2.342502534533012,0.2673619282361247
821,0.411,0,2,0,380691,295753,18326,107930,2.3424866937016855,0.2673632528493892
822,0.4117,2,11,2,380702,295742,18328,107928,2.342399569129388,0.2673669086134714
823,0.412,0,10,0,380712,295732,18328,107928,2.3423203649727538,0.267373532180548
824,0.4125,2,34,2,380746,295698,18330,107926,2.342051070840198,0.2673924246328266
825,0.4129,0,1,0,380747,295697,18330,107926,2.3420431504245345,0.26739308711346976
826,0.4133,11,134,11,380881,295563,18341,107915,2.340981814725637,0.2674619186176198
827,0.4135,1,0,1,380881,295563,18342,107914,2.340981814725637,0.26746010305420137
828,0.4138,0,1,0,380882,295562,18342,107914,2.3409738943099736,0.2674607659439471
829,0.414,4,18,4,380900,295544,18346,107910,2.340831326828032,0.2674654359604812
830,0.4142,1,2,1,380902,295542,18347,107909,2.340815485996705,0.2674649461768592
831,0.4143,1,2,1,380904,295540,18348,107908,2.340799645165378,0.26746445638595306
832,0.4147,0,2,0,380906,295538,18348,107908,2.3407838043340514,0.26746578228560947
833,0.415,24,309,24,381215,295229,18372,107884,2.3383363958940566,0.26762719138306135
834,0.4155,0,1,0,381216,295228,18372,107884,2.3383284754783933,0.2676278552858759
835,0.4157,1,4,1,381220,295224,18373,107883,2.3382967938157395,0.26762869411843504
836,0.416,3,21,3,381241,295203,18376,107880,2.3381304650868078,0.2676371863859304
837,0.4167,8,101,8,381342,295102,18384,107872,2.337330503104803,0.2676897268806424
838,0.417,0,1,0,381343,295101,18384,107872,2.3373225826891395,0.2676903911676465
839,0.4171,1,2,1,381345,295099,18385,107871,2.337306741857813,0.2676899024741296
840,0.4175,4,25,4,381370,295074,18389,107867,2.3371087314662273,0.2676992413281349
841,0.4178,0,2,0,381372,295072,18389,107867,2.3370928906349007,0.2677005700614733
842,0.418,1,18,1,381390,295054,18390,107866,2.336950323152959,0.26771071180383205
843,0.4183,0,13,0,381403,295041,18390,107866,2.3368473577493347,0.2677193496265888
844,0.4192,1,1,1,381404,295040,18391,107865,2.3368394373336714,0.26771819659721274
845,0.4193,0,2,0,381406,295038,18391,107865,2.3368235965023443,0.267719525543369
846,0.42,1431,13084,1431,394490,281954,19822,106434,2.2331928779622356,0.2740403925970936
847,0.421,0,2,0,394492,281952,19822,106434,2.2331770371309085,0.27404180377253556
848,0.4211,0,1,0,394493,281951,19822,106434,2.233169116715245,0.27404250936570673
849,0.4214,0,2,0,394495,281949,19822,106434,2.2331532758839185,0.27404392056294946
850,0.4217,0,6,0,394501,281943,19822,106434,2.233105753389938,0.27404815424188356
851,0.422,2,12,2,394513,281931,19824,106432,2.233010708401977,0.27405288351362
852,0.4223,0,1,0,394514,281930,19824,106432,2.2330027879863135,0.274053589177108
853,0.4225,4,42,4,394556,281888,19828,106428,2.23267013052845,0.27407575273746126
854,0.4227,0,1,0,394557,281887,19828,106428,2.2326622101127866,0.2740764585452532
855,0.4229,0,3,0,394560,281884,19828,106428,2.2326384488657967,0.27407857599044066
856,0.423,0,1,0,394561,281883,19828,106428,2.232630528450133,0.2740792818127738
857,0.4233,10,106,10,394667,281777,19838,106418,2.2317909643898113,0.2741354216308814
858,0.4237,0,1,0,394668,281776,19838,106418,2.231783043974148,0.27413612781238245
859,0.424,1,18,1,394686,281758,19839,106417,2.231640476492206,0.27414696979455144
860,0.4242,0,1,0,394687,281757,19839,106417,2.231632556076543,0.27414767604218726
861,0.4243,1,1,1,394688,281756,19840,106416,2.2316246356608795,0.2741465123708047
862,0.4244,0,1,0,394689,281755,19840,106416,2.231616715245216,0.2741472186227204
863,0.425,20,272,20,394961,281483,19860,106396,2.2294623621847673,0.27430203749107324
864,0.4256,1,0,1,394961,281483,19861,106395,2.2294623621847673,0.2743001665472133
865,0.4257,0,1,0,394962,281482,19861,106395,2.229454441769104,0.27430087373058987
866,0.426,1,18,1,394980,281464,19862,106394,2.2293118742871627,0.27431173264442144
867,0.4267,10,113,10,395093,281351,19872,106384,2.228416867317197,0.27437296091402635
868,0.4271,0,2,0,395095,281349,19872,106384,2.22840102648587,0.2743743761815476
869,0.4272,0,1,0,395096,281348,19872,106384,2.2283931060702065,0.2743750838207834
870,0.4273,0,2,0,395098,281346,19872,106384,2.22837726523888,0.27437649911020556
871,0.4275,0,33,0,395131,281313,19872,106384,2.228115891521987,0.27439985349383667
872,0.4276,0,1,0,395132,281312,19872,106384,2.228107971106324,0.2744005612644959
873,0.428,2,13,2,395145,281299,19874,106382,2.228005005702699,0.2744060193819145
874,0.4282,0,1,0,395146,281298,19874,106382,2.227997085287036,0.2744067271976888
875,0.4283,1,8,1,395154,281290,19875,106381,2.2279337219617283,0.2744105181971311
876,0.4287,0,1,0,395155,281289,19875,106381,2.227925801546065,0.27441122604276835
877,0.429,0,3,0,395158,281286,19875,106381,2.227902040299075,0.2744133496015911
878,0.4292,0,3,0,395161,281283,19875,106381,2.2278782790520846,0.2744154731932808
879,0.4293,0,3,0,395164,281280,19875,106381,2.2278545178050946,0.2744175968178383
880,0.4298,0,1,0,395165,281279,19875,106381,2.227846597389431,0.27441830469999484
881,0.43,1398,12874,1398,408039,268405,21273,104983,2.125879166138639,0.28116329394624356
882,0.4308,0,1,0,408040,268404,21273,104983,2.1258712457229754,0.28116404695396463
883,0.431,0,1,0,408041,268403,21273,104983,2.125863325307312,0.28116479996571914
884,0.4312,0,1,0,408042,268402,21273,104983,2.1258554048916487,0.281165552981507
885,0.4314,0,1,0,408043,268401,21273,104983,2.1258474844759854,0.2811663060013284
886,0.4317,2,10,2,408053,268391,21275,104981,2.125768280319351,0.2811699859657393
887,0.432,1,12,1,408065,268379,21276,104980,2.1256732353313903,0.28117709764596543
888,0.4321,1,0,1,408065,268379,21277,104979,2.1256732353313903,0.2811751723546837
889,0.4325,3,27,3,408092,268352,21280,104976,2.125459384108478,0.28118973128187547
890,0.4327,0,2,0,408094,268350,21280,104976,2.125443543277151,0.28119123768502596
891,0.4329,1,4,1,408098,268346,21281,104975,2.1254118616144977,0.28119232510359715
892,0.4333,18,106,18,408204,268240,21299,104957,2.1245722975541756,0.2812375233455789
893,0.434,1,17,1,408221,268223,21300,104956,2.1244376504878977,0.28124840894048164
894,0.4342,1,2,1,408223,268221,21301,104955,2.1244218096565706,0.28124799022445174
895,0.4343,0,2,0,408225,268219,21301,104955,2.124405968825244,0.2812494975534201
896,0.435,22,237,22,408462,267982,21323,104933,2.1225288303130148,0.2813858385959267
897,0.4352,0,1,0,408463,267981,21323,104933,2.1225209098973514,0.2813865931555265
898,0.4355,0,1,0,408464,267980,21323,104933,2.122512989481688,0.2813873477191731
899,0.4357,1,2,1,408466,267978,21324,104932,2.122497148650361,0.2813869298222091
900,0.4358,0,3,0,408469,267975,21324,104932,2.122473387403371,0.2813891935522798
901,0.436,3,27,3,408496,267948,21327,104929,2.122259536180459,0.281403787307879
902,0.4362,1,0,1,408496,267948,21328,104928,2.122259536180459,0.2814018601358092
903,0.4365,0,2,0,408498,267946,21328,104928,2.1222436953491317,0.28140336950283473
904,0.4367,11,109,11,408607,267837,21339,104917,2.1213803700418197,0.2814644510857026
905,0.437,1,2,1,408609,267835,21340,104916,2.121364529210493,0.28146403363102984
906,0.4373,0,1,0,408610,267834,21340,104916,2.1213566087948297,0.2814647887323944
907,0.4375,5,33,5,408643,267801,21345,104911,2.121095235077937,0.2814800704028848
908,0.4376,0,1,0,408644,267800,21345,104911,2.1210873146622733,0.2814808256262895
909,0.438,1,12,1,408656,267788,21346,104910,2.1209922696743124,0.28148796076179644
910,0.4383,1,8,1,408664,267780,21347,104909,2.1209289063490053,0.2814920751618642
911,0.4386,0,2,0,408666,267778,21347,104909,2.120913065517678,0.28149358577036493
912,0.439,1,1,1,408667,267777,21348,104908,2.120905145102015,0.28149241316393203
913,0.4392,0,1,0,408668,267776,21348,104908,2.1208972246863516,0.2814931684751693
914,0.44,1525,12529,1525,421197,255247,22873,103383,2.0216623368394373,0.2882720352452388
915,0.4403,0,1,0,421198,255246,22873,103383,2.021654416423774,0.28827283906209483
916,0.4405,0,3,0,421201,255243,22873,103383,2.0216306551767835,0.2882752505395593
917,0.4408,0,2,0,421203,255241,22873,103383,2.021614814345457,0.2882768582136165
918,0.441,0,1,0,421204,255240,22873,103383,2.0216068939297935,0.28827766205736943
919,0.4415,1,0,1,421204,255240,22874,103382,2.0216068939297935,0.2882756774542555
920,0.4417,2,10,2,421214,255230,22876,103380,2.0215276897731593,0.288279746800145
921,0.442,2,8,2,421222,255222,22878,103378,2.021464326447852,0.28828220858895703
922,0.4425,3,40,3,421262,255182,22881,103375,2.0211475098213154,0.2883084140039101
923,0.4429,1,0,1,421262,255182,22882,103374,2.0211475098213154,0.28830642912125304
924,0.4433,10,122,10,421384,255060,22892,103364,2.0201812191103787,0.2883847063812691
925,0.4438,0,3,0,421387,255057,22892,103364,2.0201574578633887,0.28838712017432017
926,0.444,3,17,3,421404,255040,22895,103361,2.0200228107971108,0.2883948426483185
927,0.4441,0,1,0,421405,255039,22895,103361,2.0200148903814474,0.2883956473214286
928,0.4442,0,2,0,421407,255037,22895,103361,2.0199990495501203,0.2883972566811199
929,0.4443,0,4,0,421411,255033,22895,103361,2.0199673678874666,0.2884004754543882
930,0.445,24,236,24,421647,254797,22919,103337,2.018098149790901,0.28854283592174995
931,0.4457,0,1,0,421648,254796,22919,103337,2.0180902293752374,0.28854364160800594
932,0.4458,1,2,1,421650,254794,22920,103336,2.0180743885439107,0.28854326641163824
933,0.446,1,18,1,421668,254776,22921,103335,2.0179318210619694,0.2885557829834884
934,0.4467,10,107,10,421775,254669,22931,103325,2.017084336585984,0.2886221556785868
935,0.4471,0,3,0,421778,254666,22931,103325,2.0170605753389936,0.28862457436080796
936,0.4475,3,50,3,421828,254616,22934,103322,2.016664554555823,0.28865892975878504
937,0.448,2,6,2,421834,254610,22936,103320,2.0166170320618426,0.28865979381443296
938,0.4483,1,9,1,421843,254601,22937,103319,2.0165457483208717,0.28866506481895393
939,0.4486,0,1,0,421844,254600,22937,103319,2.0165378279052084,0.2886658713284291
940,0.4488,0,1,0,421845,254599,22937,103319,2.016529907489545,0.28866667784241085
941,0.449,0,4,0,421849,254595,22937,103319,2.0164982258268913,0.2886699039434054
942,0.4493,0,1,0,421850,254594,22937,103319,2.016490305411228,0.2886707104799211
943,0.45,1625,12406,1625,434256,242188,24562,101694,1.9182296286909137,0.29572353307239113
944,0.4508,0,1,0,434257,242187,24562,101694,1.9182217082752502,0.29572439303131026
945,0.4512,0,1,0,434258,242186,24562,101694,1.9182137878595868,0.2957252529952309
946,0.4517,2,9,2,434267,242177,24564,101692,1.9181425041186162,0.2957288967601034
947,0.4519,0,1,0,434268,242176,24564,101692,1.9181345837029526,0.2957297567671316
948,0.452,0,11,0,434279,242165,24564,101692,1.918047459130655,0.2957392171745813
949,0.4525,2,39,2,434318,242126,24566,101690,1.917738562919782,0.295768666961398
950,0.4527,0,2,0,434320,242124,24566,101690,1.9177227220884552,0.2957703874769497
951,0.4529,0,1,0,434321,242123,24566,101690,1.9177148016727918,0.29577124774223196
952,0.453,0,1,0,434322,242122,24566,101690,1.9177068812571283,0.29577210801251846
953,0.4533,13,114,13,434436,242008,24579,101677,1.9168039538714992,0.2958435776946914
954,0.4537,0,1,0,434437,242007,24579,101677,1.9167960334558358,0.2958444384958276
955,0.454,3,17,3,434454,241990,24582,101674,1.9166613863895576,0.29585292611387864
956,0.4542,0,7,0,434461,241983,24582,101674,1.9166059434799139,0.2958589523856636
957,0.4543,1,5,1,434466,241978,24583,101673,1.9165663414015968,0.29586120802791205
958,0.4545,0,1,0,434467,241977,24583,101673,1.9165584209859334,0.29586206896551726
959,0.455,24,258,24,434725,241719,24607,101649,1.9145149537447725,0.2960351576151534
960,0.4557,0,5,0,434730,241714,24607,101649,1.9144753516664554,0.2960394684342809
961,0.4558,0,1,0,434731,241713,24607,101649,1.914467431250792,0.2960403306131721
962,0.456,1,16,1,434747,241697,24608,101648,1.9143407046001775,0.2960520759003335
963,0.4562,0,1,0,434748,241696,24608,101648,1.914332784184514,0.29605293816114453
964,0.4567,12,119,12,434867,241577,24620,101636,1.9133902547205677,0.2961309740598404
965,0.4572,0,1,0,434868,241576,24620,101636,1.9133823343049043,0.29613183688216027
966,0.4575,9,44,9,434912,241532,24629,101627,1.9130338360157142,0.2961513467517973
967,0.4578,0,2,0,434914,241530,24629,101627,1.9130179951843873,0.29615307279175423
968,0.458,1,9,1,434923,241521,24630,101626,1.9129467114434167,0.29615878909038984
969,0.4583,0,14,0,434937,241507,24630,101626,1.9128358256241287,0.29617087251881924
970,0.4587,0,1,0,434938,241506,24630,101626,1.9128279052084654,0.29617173565858035
971,0.4588,0,1,0,434939,241505,24630,101626,1.912819984792802,0.2961725988033725
972,0.459,0,1,0,434940,241504,24630,101626,1.9128120643771385,0.2961734619531956
973,0.4592,0,3,0,434943,241501,24630,101626,1.9127883031301482,0.2961760514328514
974,0.4593,1,2,1,434945,241499,24631,101625,1.9127724622988214,0.29617572655949453
975,0.46,1616,12071,1616,447016,229428,26247,100009,1.8171651248257508,0.30357549394876715
976,0.4604,0,1,0,447017,229427,26247,100009,1.8171572044100874,0.3035764154494348
977,0.4608,0,1,0,447018,229426,26247,100009,1.817149283994424,0.3035773369556969
978,0.461,0,2,0,447020,229424,26247,100009,1.8171334431630972,0.30357917998500455
979,0.4614,0,1,0,447021,229423,26247,100009,1.8171255227474339,0.3035801015080502
980,0.4617,2,13,2,447034,229410,26249,100007,1.8170225573438095,0.30358785369303953
981,0.4618,0,1,0,447035,229409,26249,100007,1.817014636928146,0.3035887752871749
982,0.462,0,11,0,447046,229398,26249,100007,1.8169275123558484,0.30359891319196736
983,0.4621,0,1,0,447047,229397,26249,100007,1.816919591940185,0.3035998348532501
984,0.4625,6,39,6,447086,229358,26255,100001,1.8166106957293118,0.3036230981998366
985,0.4627,0,1,0,447087,229357,26255,100001,1.8166027753136484,0.3036240200632746
986,0.463,0,2,0,447089,229355,26255,100001,1.8165869344823216,0.30362586380694445
987,0.4633,9,107,9,447196,229248,26264,99992,1.8157394500063364,0.30370550358401166
988,0.4638,0,1,0,447197,229247,26264,99992,1.8157315295906729,0.303706426030938
989,0.464,0,18,0,447215,229229,26264,99992,1.8155889621087316,0.3037230310338648
990,0.4642,2,1,2,447216,229228,26266,99990,1.815581041693068,0.3037197237089102
991,0.4643,0,1,0,447217,229227,26266,99990,1.8155731212774047,0.3037206462606731
992,0.4644,0,2,0,447219,229225,26266,99990,1.8155572804460778,0.3037224913810124
993,0.465,30,254,30,447473,228971,26296,99960,1.8135454948675707,0.30389352174164186
994,0.4657,0,1,0,447474,228970,26296,99960,1.8135375744519073,0.30389444562672907
995,0.4658,0,3,0,447477,228967,26296,99960,1.813513813204917,0.3038972173156962
996,0.466,1,27,1,447504,228940,26297,99959,1.8132999619820047,0.3039200484039173
997,0.4667,10,138,10,447642,228802,26307,99949,1.8122069446204536,0.3040264516305654
998,0.4671,0,3,0,447645,228799,26307,99949,1.8121831833734634,0.3040292260333143
999,0.4673,0,2,0,447647,228797,26307,99949,1.8121673425421365,0.304031075663278
1000,0.4675,4,35,4,447682,228762,26311,99945,1.811890127993917,0.30405497905429457
1001,0.468,5,11,5,447693,228751,26316,99940,1.8118030034216195,0.3040545679680916
1002,0.4683,3,11,3,447704,228740,26319,99937,1.811715878849322,0.3040583916732841
1003,0.4685,0,1,0,447705,228739,26319,99937,1.8117079584336586,0.30405931677396586
1004,0.4686,0,2,0,447707,228737,26319,99937,1.8116921176023317,0.3040611669922172
1005,0.4687,0,1,0,447708,228736,26319,99937,1.8116841971866684,0.3040620921097869
1006,0.4688,1,2,1,447710,228734,26320,99936,1.8116683563553415,0.30406182493078165
1007,0.469,0,4,0,447714,228730,26320,99936,1.811636674692688,0.3040655254878813
1008,0.4692,0,2,0,447716,228728,26320,99936,1.811620833861361,0.3040673758002093
1009,0.47,1736,11845,1736,459561,216883,28056,98200,1.717803510328222,0.3116639107790646
1010,0.4707,1,0,1,459561,216883,28057,98199,1.717803510328222,0.31166172615382665
1011,0.471,0,3,0,459564,216880,28057,98199,1.7177797490812319,0.31166469361652155
1012,0.4713,0,1,0,459565,216879,28057,98199,1.7177718286655683,0.3116656827833108
1013,0.4717,1,8,1,459573,216871,28058,98198,1.717708465340261,0.3116714116590334
1014,0.472,0,7,0,459580,216864,28058,98198,1.7176530224306172,0.311678336327453
1015,0.4723,0,1,0,459581,216863,28058,98198,1.7176451020149537,0.3116793255909173
1016,0.4725,6,36,6,459617,216827,28064,98192,1.7173599670510709,0.31170183385764033
1017,0.4727,0,1,0,459618,216826,28064,98192,1.7173520466354075,0.3117028233307303
1018,0.4729,0,2,0,459620,216824,28064,98192,1.7173362058040806,0.3117048022957564
1019,0.473,0,2,0,459622,216822,28064,98192,1.7173203649727538,0.3117067812859111
1020,0.4733,8,87,8,459709,216735,28072,98184,1.7166312888100368,0.3117754089146733
1021,0.474,2,13,2,459722,216722,28074,98182,1.7165283234064124,0.3117839087467927
1022,0.4742,0,2,0,459724,216720,28074,98182,1.7165124825750855,0.3117858889432268
1023,0.4743,0,1,0,459725,216719,28074,98182,1.7165045621594222,0.3117868790508763
1024,0.475,44,237,44,459962,216482,28118,98138,1.714627423647193,0.31192549742546566
1025,0.4757,0,1,0,459963,216481,28118,98138,1.7146195032315297,0.3119264888643089
1026,0.4758,0,3,0,459966,216478,28118,98138,1.7145957419845395,0.31192946321865384
1027,0.476,2,20,2,459986,216458,28120,98136,1.714437333671271,0.3119449194835248
1028,0.4767,20,101,20,460087,216357,28140,98116,1.7136373716892663,0.31200134828745235
1029,0.477,0,1,0,460088,216356,28140,98116,1.7136294512736028,0.31200234043094455
1030,0.4771,0,1,0,460089,216355,28140,98116,1.7136215308579394,0.3120033325807467
1031,0.4775,8,44,8,460133,216311,28148,98108,1.7132730325687493,0.31202948931203267
1032,0.478,0,11,0,460144,216300,28148,98108,1.7131859079964518,0.312040406096537
1033,0.4783,2,8,2,460152,216292,28150,98106,1.7131225446711444,0.3120439697453546
1034,0.4786,0,2,0,460154,216290,28150,98106,1.7131067038398176,0.31204595478313973
1035,0.4788,1,0,1,460154,216290,28151,98105,1.7131067038398176,0.3120437665993416
1036,0.4789,1,0,1,460154,216290,28152,98104,1.7131067038398176,0.31204157840162344
1037,0.4792,0,1,0,460155,216289,28152,98104,1.713098783424154,0.3120425709223806
1038,0.48,1738,11562,1738,471717,204727,29890,96366,1.6215229375237612,0.32005393682350636
1039,0.4803,0,1,0,471718,204726,29890,96366,1.6215150171080979,0.3200549998007254
1040,0.4808,1,1,1,471719,204725,29891,96365,1.6215070966924343,0.3200538045102793
1041,0.481,0,2,0,471721,204723,29891,96365,1.6214912558611076,0.32005593049208203
1042,0.4815,0,1,0,471722,204722,29891,96365,1.621483335445444,0.32005699349357497
1043,0.4817,2,12,2,471734,204710,29893,96363,1.6213882904574832,0.3200652333487227
1044,0.4818,0,1,0,471735,204709,29893,96363,1.62138037004182,0.3200662964340756
1045,0.482,1,9,1,471744,204700,29894,96362,1.621309086300849,0.3200736061010689
1046,0.4825,6,44,6,471788,204656,29900,96356,1.6209605880116589,0.32010683959443476
1047,0.4829,2,0,2,471788,204656,29902,96354,1.6209605880116589,0.3201023221819873
1048,0.483,0,2,0,471790,204654,29902,96354,1.620944747180332,0.320104449051188
1049,0.4831,0,1,0,471791,204653,29902,96354,1.6209368267646687,0.32010551249638713
1050,0.4832,0,1,0,471792,204652,29902,96354,1.620928906349005,0.32010657594865216
1051,0.4833,11,86,11,471878,204566,29913,96343,1.6202477506019517,0.32017320851154335
1052,0.484,4,22,4,471900,204544,29917,96339,1.6200735014573564,0.32018758121927793
1053,0.4842,1,1,1,471901,204543,29918,96338,1.620065581041693,0.3201863859798392
1054,0.4843,1,2,1,471903,204541,29919,96337,1.6200497402103662,0.3201862548940102
1055,0.485,36,246,36,472149,204295,29955,96301,1.6181013179571664,0.32036687114931667
1056,0.4857,0,3,0,472152,204292,29955,96301,1.6180775567101762,0.32037006849793576
1057,0.4858,0,2,0,472154,204290,29955,96301,1.6180617158788493,0.320372200099138
1058,0.486,1,18,1,472172,204272,29956,96300,1.617919148396908,0.3203891247355043
1059,0.4862,1,0,1,472172,204272,29957,96299,1.617919148396908,0.32038686366948244
1060,0.4865,0,1,0,472173,204271,29957,96299,1.6179112279812444,0.32038792960042584
1061,0.4867,11,93,11,472266,204178,29968,96288,1.617174629324547,0.3204622153588093
1062,0.4871,1,6,1,472272,204172,29969,96287,1.6171271068305664,0.32046635314635274
1063,0.4873,0,1,0,472273,204171,29969,96287,1.617119186414903,0.3204674197391982
1064,0.4875,5,33,5,472306,204138,29974,96282,1.6168578126980104,0.32049131216297183
1065,0.4877,0,1,0,472307,204137,29974,96282,1.6168498922823469,0.3204923789773616
1066,0.4878,0,1,0,472308,204136,29974,96282,1.6168419718666835,0.3204934457988536
1067,0.488,0,12,0,472320,204124,29974,96282,1.6167469268787227,0.3205062482107548
1068,0.4881,0,1,0,472321,204123,29974,96282,1.6167390064630591,0.3205073151245818
1069,0.4883,1,8,1,472329,204115,29975,96281,1.6166756431377518,0.32051358872954366
1070,0.4886,0,2,0,472331,204113,29975,96281,1.6166598023064251,0.3205157226842081
1071,0.4888,1,2,1,472333,204111,29976,96280,1.6166439614750983,0.32051559467494034
1072,0.4892,0,3,0,472336,204108,29976,96280,1.616620200228108,0.3205187956909064
1073,0.4893,0,1,0,472337,204107,29976,96280,1.6166122798124445,0.32051986271043686
1074,0.4896,0,1,0,472338,204106,29976,96280,1.6166043593967812,0.32052092973707164
1075,0.49,1733,11184,1733,483522,192922,31709,94547,1.5280224306171588,0.3288945938518588
1076,0.4917,0,6,0,483528,192916,31709,94547,1.5279749081231784,0.328901458622501
1077,0.492,1,7,1,483535,192909,31710,94546,1.5279194652135344,0.3289071332904281
1078,0.4922,0,1,0,483536,192908,31710,94546,1.527911544797871,0.32890827749831275
1079,0.4925,4,36,4,483572,192872,31714,94542,1.527626409833988,0.3289401351360755
1080,0.4926,0,1,0,483573,192871,31714,94542,1.5276184894183247,0.32894127962200737
1081,0.4927,1,0,1,483573,192871,31715,94541,1.5276184894183247,0.3289389447900575
1082,0.4929,0,1,0,483574,192870,31715,94541,1.5276105690026613,0.32894008927981183
1083,0.4933,11,107,11,483681,192763,31726,94530,1.526763084526676,0.3290369065727324
1084,0.4935,0,1,0,483682,192762,31726,94530,1.5267551641110126,0.32903805187753227
1085,0.4939,1,1,1,483683,192761,31727,94529,1.526747243695349,0.32903686170768215
1086,0.494,1,19,1,483702,192742,31728,94528,1.5265967557977442,0.32905628850906815
1087,0.4942,0,2,0,483704,192740,31728,94528,1.5265809149664173,0.3290585794449782
1088,0.4943,1,1,1,483705,192739,31729,94527,1.526572994550754,0.3290573893186106
1089,0.4947,0,1,0,483706,192738,31729,94527,1.5265650741350907,0.3290585348023602
1090,0.495,35,271,35,483977,192467,31764,94492,1.5244186414903054,0.3292874591840646
1091,0.4956,2,0,2,483977,192467,31766,94490,1.5244186414903054,0.3292827845286925
1092,0.4957,1,3,1,483980,192464,31767,94489,1.5243948802433152,0.329283889696222
1093,0.4958,0,2,0,483982,192462,31767,94489,1.5243790394119883,0.3292861847493126
1094,0.496,3,20,3,484002,192442,31770,94486,1.52422063109872,0.32930212457480623
1095,0.4962,0,1,0,484003,192441,31770,94486,1.5242127106830567,0.3293032722608887
1096,0.4965,0,1,0,484004,192440,31770,94486,1.5242047902673932,0.32930441995497095
1097,0.4967,21,114,21,484118,192326,31791,94465,1.523301862881764,0.32938620807486985
1098,0.4969,0,1,0,484119,192325,31791,94465,1.5232939424661007,0.329387356602392
1099,0.497,0,3,0,484122,192322,31791,94465,1.5232701812191103,0.32939080223301614
1100,0.4971,0,1,0,484123,192321,31791,94465,1.523262260803447,0.32939195079257705
1101,0.4975,9,29,9,484152,192292,31800,94456,1.523032568749208,0.3294042155481468
1102,0.4979,0,1,0,484153,192291,31800,94456,1.5230246483335446,0.329405364310699
1103,0.498,0,10,0,484163,192281,31800,94456,1.5229454441769104,0.3294168523769168
1104,0.4983,2,8,2,484171,192273,31802,94454,1.522882080851603,0.3294213659683253
1105,0.4985,1,1,1,484172,192272,31803,94453,1.5228741604359397,0.3294201761269509
1106,0.4986,0,1,0,484173,192271,31803,94453,1.5228662400202764,0.32942132503731814
1107,0.4987,0,1,0,484174,192270,31803,94453,1.5228583196046128,0.3294224739556994
1108,0.499,0,1,0,484175,192269,31803,94453,1.5228503991889495,0.32942362288209487
1109,0.4992,1,0,1,484175,192269,31804,94452,1.5228503991889495,0.3294212841054544
1110,0.5,1882,10828,1882,495003,181441,33686,92570,1.4370881383855025,0.3378331526836514
1111,0.5007,0,2,0,495005,181439,33686,92570,1.4370722975541756,0.3378356185380772
1112,0.501,0,2,0,495007,181437,33686,92570,1.4370564567228488,0.3378380844285
1113,0.5013,0,2,0,495009,181435,33686,92570,1.4370406158915219,0.33784055035492055
1114,0.5017,0,6,0,495015,181429,33686,92570,1.4369930933975414,0.33784794835017645
1115,0.502,0,10,0,495025,181419,33686,92570,1.4369138892409075,0.3378602790622981
1116,0.5025,5,31,5,495056,181388,33691,92565,1.4366683563553415,0.3378864257737641
1117,0.5027,0,1,0,495057,181387,33691,92565,1.4366604359396782,0.3378876591519682
1118,0.5033,8,87,8,495144,181300,33699,92557,1.435971359776961,0.337975658829243
1119,0.504,4,12,4,495156,181288,33703,92553,1.4358763147890001,0.33798079907683654
1120,0.5042,0,2,0,495158,181286,33703,92553,1.4358604739576732,0.3379832675404161
1121,0.5043,0,1,0,495159,181285,33703,92553,1.43585255354201,0.3379845017857273
1122,0.505,30,225,30,495384,181060,33733,92523,1.4340704600177416,0.3381898729087699
1123,0.5057,1,2,1,495386,181058,33734,92522,1.434054619186415,0.3381899261641933
1124,0.5058,0,2,0,495388,181056,33734,92522,1.434038778355088,0.33819239851157623
1125,0.506,5,21,5,495409,181035,33739,92517,1.4338724496261563,0.33820626425688716
1126,0.5063,0,2,0,495411,181033,33739,92517,1.4338566087948295,0.3382087369767867
1127,0.5067,17,91,17,495502,180942,33756,92500,1.433135850969459,0.33828014716100674
1128,0.507,0,1,0,495503,180941,33756,92500,1.4331279305537954,0.33828138428399546
1129,0.5075,6,34,6,495537,180907,33762,92494,1.4328586364212395,0.33830893083785357
1130,0.508,1,8,1,495545,180899,33763,92493,1.4327952730959321,0.338316410136361
1131,0.5082,0,1,0,495546,180898,33763,92493,1.4327873526802686,0.3383176476182464
1132,0.5083,2,5,2,495551,180893,33765,92491,1.4327477506019517,0.33831899452784364
1133,0.5085,0,2,0,495553,180891,33765,92491,1.4327319097706248,0.3383214695919995
1134,0.5088,1,1,1,495554,180890,33766,92490,1.4327239893549613,0.3383202867803058
1135,0.5092,0,1,0,495555,180889,33766,92490,1.432716068939298,0.33832152433069107
1136,0.5093,0,2,0,495557,180887,33766,92490,1.432700228107971,0.33832399945862307
1137,0.5096,0,1,0,495558,180886,33766,92490,1.4326923076923077,0.33832523703616996
1138,0.5099,0,1,0,495559,180885,33766,92490,1.4326843872766444,0.33832647462277093
1139,0.51,1928,10465,1928,506024,170420,35694,90562,1.3497972373590166,0.34700477427562054
1140,0.5105,0,1,0,506025,170419,35694,90562,1.3497893169433532,0.34700610389262054
1141,0.5108,1,0,1,506025,170419,35695,90561,1.3497893169433532,0.3470036018085677
1142,0.511,1,0,1,506025,170419,35696,90560,1.3497893169433532,0.34700109970534027
1143,0.5113,0,1,0,506026,170418,35696,90560,1.3497813965276897,0.3470024293235445
1144,0.5115,0,1,0,506027,170417,35696,90560,1.3497734761120264,0.3470037589519383
1145,0.5117,2,6,2,506033,170411,35698,90558,1.349725953618046,0.3470067326004238
1146,0.512,0,8,0,506041,170403,35698,90558,1.3496625902927386,0.3470173704116707
1147,0.5125,8,25,8,506066,170378,35706,90550,1.3494645799011533,0.347030598479274
1148,0.5127,0,2,0,506068,170376,35706,90550,1.3494487390698264,0.3470332584717506
1149,0.513,1,1,1,506069,170375,35707,90549,1.3494408186541629,0.34703208597139396
1150,0.5133,12,100,12,506169,170275,35719,90537,1.3486487770878215,0.3471351011456528
1151,0.514,3,16,3,506185,170259,35722,90534,1.3485220504372069,0.34714888819868633
1152,0.5142,0,1,0,506186,170258,35722,90534,1.3485141300215435,0.34715021933188134
1153,0.5143,0,3,0,506189,170255,35722,90534,1.3484903687745533,0.34715421279271746
1154,0.515,26,221,26,506410,170034,35748,90508,1.3467399569129388,0.34738353125407806
1155,0.5153,0,1,0,506411,170033,35748,90508,1.3467320364972755,0.3473848645702596
1156,0.5156,0,2,0,506413,170031,35748,90508,1.3467161956659486,0.34738753123332783
1157,0.5157,1,4,1,506417,170027,35749,90507,1.3466845140032948,0.34739035979948873
1158,0.516,4,19,4,506436,170008,35753,90503,1.34653402610569,0.3474056757680098
1159,0.5162,1,0,1,506436,170008,35754,90502,1.34653402610569,0.3474031707036198
1160,0.5165,0,2,0,506438,170006,35754,90502,1.3465181852743633,0.3474058378245582
1161,0.5167,15,97,15,506535,169909,35769,90487,1.3457499049550121,0.3474976574140924
1162,0.5171,0,2,0,506537,169907,35769,90487,1.3457340641236852,0.34750032642841233
1163,0.5173,0,1,0,506538,169906,35769,90487,1.345726143708022,0.3475016609509472
1164,0.5175,7,39,7,506577,169867,35776,90480,1.3454172474971486,0.34753617287696803
1165,0.518,1,15,1,506592,169852,35777,90479,1.3452984412621973,0.34755369126227764
1166,0.5183,4,8,4,506600,169844,35781,90475,1.3452350779368902,0.3475543467822172
1167,0.52,1935,10305,1935,516905,159539,37716,88540,1.2636151945254086,0.3569024383361752
1168,0.5207,0,1,0,516906,159538,37716,88540,1.2636072741097453,0.3569038770064254
1169,0.5208,0,1,0,516907,159537,37716,88540,1.263599353694082,0.3569053156882742
1170,0.521,1,1,1,516908,159536,37717,88539,1.2635914332784184,0.3569041620477678
1171,0.5211,0,1,0,516909,159535,37717,88539,1.263583512862755,0.35690560074816385
1172,0.5217,1,15,1,516924,159520,37718,88538,1.2634647066278037,0.3569245902168041
1173,0.522,2,6,2,516930,159514,37720,88536,1.2634171841338233,0.3569280387018746
1174,0.5225,8,30,8,516960,159484,37728,88528,1.263179571663921,0.3569504701385417
1175,0.5226,0,1,0,516961,159483,37728,88528,1.2631716512482576,0.3569519093911157
1176,0.5229,0,4,0,516965,159479,37728,88528,1.2631399695856038,0.35695766651747735
1177,0.5233,8,84,8,517049,159395,37736,88520,1.262474654669877,0.35705786257386607
1178,0.524,3,21,3,517070,159374,37739,88517,1.2623083259409453,0.3570803296610204
1179,0.5242,0,1,0,517071,159373,37739,88517,1.262300405525282,0.35708177013998144
1180,0.5243,0,1,0,517072,159372,37739,88517,1.2622924851096184,0.3570832106305645
1181,0.5247,0,1,0,517073,159371,37739,88517,1.2622845646939551,0.35708465113276966
1182,0.5248,0,2,0,517075,159369,37739,88517,1.2622687238626282,0.3570875321720468
1183,0.525,49,230,49,517305,159139,37788,88468,1.260447028260043,0.35729199901456743
1184,0.5253,0,1,0,517306,159138,37788,88468,1.2604391078443797,0.3572934420005977
1185,0.5257,0,7,0,517313,159131,37788,88468,1.2603836649347357,0.35730354322917296
1186,0.5258,0,1,0,517314,159130,37788,88468,1.2603757445190724,0.3573049863084516
1187,0.526,2,13,2,517327,159117,37790,88466,1.260272779115448,0.35731855579744976
1188,0.5263,0,1,0,517328,159116,37790,88466,1.2602648586997847,0.3573199990306242
1189,0.5265,0,1,0,517329,159115,37790,88466,1.260256938284121,0.3573214422754573
1190,0.5267,17,92,17,517421,159023,37807,88449,1.259528260043087,0.3574101312471714
1191,0.5271,1,0,1,517421,159023,37808,88448,1.259528260043087,0.3574075346202181
1192,0.5273,0,2,0,517423,159021,37808,88448,1.2595124192117602,0.35741042312370436
1193,0.5275,4,37,4,517460,158984,37812,88444,1.259219363832214,0.3574534814168162
1194,0.5276,0,1,0,517461,158983,37812,88444,1.2592114434165504,0.3574549260994152
1195,0.5278,1,1,1,517462,158982,37813,88443,1.2592035230008871,0.35745377387086996
1196,0.5279,0,1,0,517463,158981,37813,88443,1.2591956025852238,0.3574552185721676
1197,0.528,3,9,3,517472,158972,37816,88440,1.259124318844253,0.35746043037524455
1198,0.5283,1,8,1,517480,158964,37817,88439,1.2590609555189456,0.35746939204455885
1199,0.5286,1,2,1,517482,158962,37818,88438,1.2590451146876187,0.3574696847210994
1200,0.529,1,1,1,517483,158961,37819,88437,1.2590371942719554,0.3574685324861155
1201,0.5292,0,2,0,517485,158959,37819,88437,1.2590213534406285,0.3574714223350418
1202,0.53,1996,9816,1996,527301,149143,39815,86441,1.1812745532885567,0.3669222018473241
1203,0.5307,0,1,0,527302,149142,39815,86441,1.1812666328728931,0.3669237593544526
1204,0.5308,0,3,0,527305,149139,39815,86441,1.181242871625903,0.36692843195517444
1205,0.531,0,4,0,527309,149135,39815,86441,1.1812111899632494,0.36693466227459504
1206,0.5312,0,2,0,527311,149133,39815,86441,1.1811953491319225,0.36693777751364753
1207,0.5313,0,1,0,527312,149132,39815,86441,1.181187428716259,0.3669393351530099
1208,0.5314,0,1,0,527313,149131,39815,86441,1.1811795083005956,0.3669408928055966
1209,0.5317,0,8,0,527321,149123,39815,86441,1.1811161449752883,0.36695335450238575
1210,0.5319,1,2,1,527323,149121,39816,86440,1.1811003041439614,0.3669537826720043
1211,0.532,0,8,0,527331,149113,39816,86440,1.181036940818654,0.3669662453885113
1212,0.5325,4,35,4,527366,149078,39820,86436,1.1807597262704346,0.3670100291277801
1213,0.5329,0,1,0,527367,149077,39820,86436,1.1807518058547712,0.36701158747075535
1214,0.533,0,3,0,527370,149074,39820,86436,1.180728044607781,0.3670162625790837
1215,0.5333,13,72,13,527442,149002,39833,86423,1.1801577746800151,0.3670935542104704
1216,0.534,6,15,6,527457,148987,39839,86417,1.180038968445064,0.3671008139198994
1217,0.5342,0,2,0,527459,148985,39839,86417,1.1800231276137372,0.36710393284678977
1218,0.5343,0,1,0,527460,148984,39839,86417,1.1800152071980738,0.36710549233010903
1219,0.5344,0,1,0,527461,148983,39839,86417,1.1800072867824103,0.367107051826678
1220,0.5347,1,0,1,527461,148983,39840,86416,1.1800072867824103,0.3671043632300902
1221,0.535,40,216,40,527677,148767,39880,86376,1.1782964769991129,0.367333920210255
1222,0.5353,1,0,1,527677,148767,39881,86375,1.1782964769991129,0.36733122963996223
1223,0.5355,0,1,0,527678,148766,39881,86375,1.1782885565834496,0.36733279181427314
1224,0.5356,0,2,0,527680,148764,39881,86375,1.1782727157521227,0.3673359162027567
1225,0.5357,1,2,1,527682,148762,39882,86374,1.1782568749207958,0.3673363500272183
1226,0.5358,0,2,0,527684,148760,39882,86374,1.1782410340894691,0.3673394745124057
1227,0.536,1,8,1,527692,148752,39883,86373,1.1781776707641618,0.3673492822966507
1228,0.5367,18,91,18,527783,148661,39901,86355,1.177456912938791,0.3674430677060285
1229,0.537,0,2,0,527785,148659,39901,86355,1.1774410721074642,0.3674461946947841
1230,0.5371,1,5,1,527790,148654,39902,86354,1.177401470029147,0.3674513208061002
1231,0.5375,2,38,2,527828,148616,39904,86352,1.1771004942339374,0.36750536243233123
1232,0.5377,0,2,0,527830,148614,39904,86352,1.1770846534026105,0.3675084905901279
1233,0.538,1,14,1,527844,148600,39905,86351,1.1769737675833227,0.367527697264536
1234,0.5383,2,8,2,527852,148592,39907,86349,1.1769104042580154,0.3675348278929604
1235,0.5392,1,1,1,527853,148591,39908,86348,1.176902483842352,0.3675337002370828
1236,0.5398,0,1,0,527854,148590,39908,86348,1.1768945634266885,0.3675352646230069
1237,0.54,2075,9526,2075,537380,139064,41983,84273,1.1014446838170067,0.3773355959827525
1238,0.5402,0,1,0,537381,139063,41983,84273,1.1014367634013433,0.37733728552494894
1239,0.5407,0,2,0,537383,139061,41983,84273,1.1014209225700164,0.37734066465473237
1240,0.5408,1,2,1,537385,139059,41984,84272,1.1014050817386896,0.3773412558041651
1241,0.541,0,1,0,537386,139058,41984,84272,1.1013971613230262,0.3773429454170958
1242,0.5413,0,2,0,537388,139056,41984,84272,1.1013813204916993,0.3773463246883508
1243,0.5417,0,9,0,537397,139047,41984,84272,1.1013100367507287,0.37736153215803403
1244,0.542,0,8,0,537405,139039,41984,84272,1.1012466734254214,0.3773750509379296
1245,0.5423,0,1,0,537406,139038,41984,84272,1.101238753009758,0.377376740853522
1246,0.5425,7,34,7,537440,139004,41991,84265,1.1009694588772019,0.3774146881116501
1247,0.543,1,0,1,537440,139004,41992,84264,1.1009694588772019,0.37741189960048016
1248,0.5432,0,1,0,537441,139003,41992,84264,1.1009615384615385,0.37741359000658403
1249,0.5433,10,79,10,537520,138924,42002,84254,1.1003358256241287,0.3775192895357069
1250,0.5438,0,1,0,537521,138923,42002,84254,1.1003279052084654,0.37752098110468374
1251,0.544,8,18,8,537539,138905,42010,84246,1.1001853377265238,0.3775291170552675
1252,0.5443,1,2,1,537541,138903,42011,84245,1.1001694968951972,0.3775297112230448
1253,0.5445,0,1,0,537542,138902,42011,84245,1.1001615764795336,0.37753140306614025
1254,0.545,53,193,53,537735,138709,42064,84192,1.0986329362564948,0.3777102839377123
1255,0.5452,1,0,1,537735,138709,42065,84191,1.0986329362564948,0.3777074921489457
1256,0.5457,0,2,0,537737,138707,42065,84191,1.098617095425168,0.37771088121023966
1257,0.5458,1,3,1,537740,138704,42066,84190,1.0985933341781777,0.37771317307778585
1258,0.5459,0,1,0,537741,138703,42066,84190,1.0985854137625142,0.3777148676719323
1259,0.546,2,10,2,537751,138693,42068,84188,1.0985062096058802,0.3777262305894177
1260,0.5462,0,2,0,537753,138691,42068,84188,1.0984903687745533,0.3777296201077715
1261,0.5463,0,1,0,537754,138690,42068,84188,1.09848244835889,0.3777313148897603
1262,0.5465,0,1,0,537755,138689,42068,84188,1.0984745279432264,0.3777330096869574
1263,0.5467,13,96,13,537851,138593,42081,84175,1.0977141680395388,0.377859477124183
1264,0.547,0,1,0,537852,138592,42081,84175,1.0977062476238753,0.3778611733335727
1265,0.5473,0,1,0,537853,138591,42081,84175,1.097698327208212,0.3778628695581911
1266,0.5475,4,29,4,537882,138562,42085,84171,1.0974686351539729,0.37790089479331757
1267,0.5477,1,0,1,537882,138562,42086,84170,1.0974686351539729,0.377898101754575
1268,0.5478,1,1,1,537883,138561,42087,84169,1.0974607147383095,0.37789700534279175
1269,0.5479,1,0,1,537883,138561,42088,84168,1.0974607147383095,0.37789421224896624
1270,0.548,2,9,2,537892,138552,42090,84166,1.0973894309973387,0.37790389640711575
1271,0.5482,1,0,1,537892,138552,42091,84165,1.0973894309973387,0.37790110319373915
1272,0.5483,2,5,2,537897,138547,42093,84163,1.0973498289190218,0.37790400071842306
1273,0.5486,0,3,0,537900,138544,42093,84163,1.0973260676720313,0.37790909131729133
1274,0.5488,0,1,0,537901,138543,42093,84163,1.097318147256368,0.377910788214058
1275,0.5492,1,5,1,537906,138538,42094,84162,1.097278545178051,0.3779164795689268
1276,0.5497,0,1,0,537907,138537,42094,84162,1.0972706247623876,0.3779181765522072
1277,0.55,2138,9068,2138,546975,129469,44232,82024,1.0254482955265491,0.3878331670551744
1278,0.5508,1,1,1,546976,129468,44233,82023,1.0254403751108858,0.38783210633076587
1279,0.551,0,2,0,546978,129466,44233,82023,1.025424534279559,0.38783577396460334
1280,0.5512,0,1,0,546979,129465,44233,82023,1.0254166138638956,0.3878376078075352
1281,0.5513,0,1,0,546980,129464,44233,82023,1.0254086934482323,0.38783944166780937
1282,0.5517,3,7,3,546987,129457,44236,82020,1.0253532505385883,0.3878435952845936
1283,0.5518,0,1,0,546988,129456,44236,82020,1.025345330122925,0.38784542926856946
1284,0.552,4,9,4,546997,129447,44240,82016,1.025274046381954,0.38785035680000757
1285,0.5525,7,41,7,547038,129406,44247,82009,1.0249493093397541,0.38790530473239837
1286,0.5527,1,1,1,547039,129405,44248,82008,1.0249413889240908,0.3879042442990734
1287,0.5529,0,1,0,547040,129404,44248,82008,1.0249334685084273,0.3879060791251206
1288,0.553,2,0,2,547040,129404,44250,82006,1.0249334685084273,0.38790028853885816
1289,0.5533,15,87,15,547127,129317,44265,81991,1.0242443923457103,0.38801654457001156
1290,0.554,3,14,3,547141,129303,44268,81988,1.0241335065264225,0.38803356508322645
1291,0.5542,0,4,0,547145,129299,44268,81988,1.0241018248637688,0.38804091117768724
1292,0.5543,0,2,0,547147,129297,44268,81988,1.024085984032442,0.38804458432922356
1293,0.5545,0,1,0,547148,129296,44268,81988,1.0240780636167786,0.38804642093106906
1294,0.555,48,204,48,547352,129092,44316,81940,1.0224622988214422,0.38828234580537546
1295,0.5556,0,2,0,547354,129090,44316,81940,1.0224464579901154,0.3882860256835521
1296,0.5557,1,3,1,547357,129087,44317,81939,1.0224226967431251,0.3882886468965909
1297,0.5558,1,0,1,547357,129087,44318,81938,1.0224226967431251,0.3882857481341073
1298,0.556,4,16,4,547373,129071,44322,81934,1.0222959700925105,0.38830359470154735
1299,0.5562,0,1,0,547374,129070,44322,81934,1.022288049676847,0.3883054349680575
1300,0.5567,14,78,14,547452,128992,44336,81920,1.0216702572551009,0.3884084357457139
1301,0.5568,0,1,0,547453,128991,44336,81920,1.0216623368394373,0.3884102773207656
1302,0.5571,1,3,1,547456,128988,44337,81919,1.021638575592447,0.3884129023692907
1303,0.5575,9,32,9,547488,128956,44346,81910,1.0213851222912178,0.3884457427940019
1304,0.558,1,11,1,547499,128945,44347,81909,1.0212979977189203,0.38846310717368415
1305,0.5583,2,7,2,547506,128938,44349,81907,1.0212425548092763,0.3884702032298608
1306,0.5585,1,0,1,547506,128938,44350,81906,1.0212425548092763,0.3884673028400144
1307,0.5586,0,2,0,547508,128936,44350,81906,1.0212267139779496,0.3884709877538631
1308,0.5587,0,1,0,547509,128935,44350,81906,1.021218793562286,0.38847283023700324
1309,0.5588,0,1,0,547510,128934,44350,81906,1.0212108731466227,0.38847467273762093
1310,0.559,1,1,1,547511,128933,44351,81905,1.0212029527309594,0.388473614813269
1311,0.5592,1,3,1,547514,128930,44352,81904,1.0211791914839692,0.3884762419723574
1312,0.5593,0,1,0,547515,128929,44352,81904,1.0211712710683056,0.3884780845503313
1313,0.5598,0,1,0,547516,128928,44352,81904,1.0211633506526423,0.38847992714578433
1314,0.56,2096,8505,2096,556021,120423,46448,79808,0.953800215435306,0.39857964051520495
1315,0.5603,0,1,0,556022,120422,46448,79808,0.9537922950196426,0.39858163112420714
1316,0.5606,0,1,0,556023,120421,46448,79808,0.9537843746039792,0.3985836217530927
1317,0.5607,1,0,1,556023,120421,46449,79807,0.9537843746039792,0.39858061809537126
1318,0.5608,2,2,2,556025,120419,46451,79805,0.9537685337726524,0.39857859197698575
1319,0.561,1,1,1,556026,120418,46452,79804,0.953760613356989,0.39857757888743495
1320,0.5612,0,1,0,556027,120417,46452,79804,0.9537526929413256,0.39857956957561896
1321,0.5614,0,1,0,556028,120416,46452,79804,0.9537447725256621,0.39858156028368796
1322,0.5617,1,5,1,556033,120411,46453,79803,0.953705170447345,0.39858851029398545
1323,0.562,1,6,1,556039,120405,46454,79802,0.9536576479533646,0.3985974516375551
1324,0.5625,2,27,2,556066,120378,46456,79800,0.9534437967304524,0.39864520576686746
1325,0.5627,0,2,0,556068,120376,46456,79800,0.9534279558991255,0.39864918871393173
1326,0.563,0,1,0,556069,120375,46456,79800,0.9534200354834622,0.39865118021730983
1327,0.5633,19,74,19,556143,120301,46475,79781,0.9528339247243696,0.3987415159784488
1328,0.564,2,11,2,556154,120290,46477,79779,0.952746800152072,0.39875742868710295
1329,0.5642,1,3,1,556157,120287,46478,79778,0.9527230389050817,0.39876040286906755
1330,0.5643,0,1,0,556158,120286,46478,79778,0.9527151184894184,0.39876239603326935
1331,0.565,47,168,47,556326,120118,46525,79731,0.9513844886579648,0.39895621194001474
1332,0.5653,2,1,2,556327,120117,46527,79729,0.9513765682423013,0.39895219318875536
1333,0.5656,0,2,0,556329,120115,46527,79729,0.9513607274109745,0.39895618582494347
1334,0.5657,0,3,0,556332,120112,46527,79729,0.9513369661639843,0.3989621749290686
1335,0.566,3,11,3,556343,120101,46530,79726,0.9512498415916867,0.3989751134731543
1336,0.5665,0,1,0,556344,120100,46530,79726,0.9512419211760234,0.39897711008577463
1337,0.5667,18,78,18,556422,120022,46548,79708,0.950624128754277,0.3990787563210334
1338,0.5675,3,27,3,556449,119995,46551,79705,0.9504102775313649,0.3991236855282924
1339,0.5677,1,1,1,556450,119994,46552,79704,0.9504023571157014,0.3991226752396118
1340,0.5678,0,2,0,556452,119992,46552,79704,0.9503865162843746,0.39912667254226425
1341,0.568,4,6,4,556458,119986,46556,79700,0.9503389937903941,0.3991266288072273
1342,0.5683,0,4,0,556462,119982,46556,79700,0.9503073121277404,0.3991346240522431
1343,0.5689,0,1,0,556463,119981,46556,79700,0.950299391712077,0.3991366229135471
1344,0.569,0,2,0,556465,119979,46556,79700,0.9502835508807502,0.3991406206962174
1345,0.5692,1,0,1,556465,119979,46557,79699,0.9502835508807502,0.3991376115546029
1346,0.5693,1,1,1,556466,119978,46558,79698,0.9502756304650868,0.39913660129409645
1347,0.57,2038,8132,2038,564598,111846,48596,77660,0.885866810290204,0.40980232815847517
1348,0.5705,0,1,0,564599,111845,48596,77660,0.8858588898745406,0.4098044906466848
1349,0.5708,1,3,1,564602,111842,48597,77659,0.8858351286275504,0.4098078638107451
1350,0.5712,0,1,0,564603,111841,48597,77659,0.885827208211887,0.4098100263852243
1351,0.5717,3,7,3,564610,111834,48600,77656,0.8857717653022431,0.40981582141537815
1352,0.572,0,6,0,564616,111828,48600,77656,0.8857242428082626,0.4098287982098752
1353,0.5722,0,1,0,564617,111827,48600,77656,0.8857163223925991,0.4098309610888576
1354,0.5725,10,22,10,564639,111805,48610,77646,0.885542073248004,0.409847401174974
1355,0.5728,0,1,0,564640,111804,48610,77646,0.8855341528323406,0.4098495645288994
1356,0.5729,0,1,0,564641,111803,48610,77646,0.8855262324166773,0.40985172790566327
1357,0.573,3,0,3,564641,111803,48613,77643,0.8855262324166773,0.4098423825258913
1358,0.5732,0,1,0,564642,111802,48613,77643,0.8855183120010138,0.4098445459104226
1359,0.5733,11,59,11,564701,111743,48624,77632,0.8850510074768724,0.40993795379537956
1360,0.574,2,7,2,564708,111736,48626,77630,0.8849955645672285,0.4099468753630536
1361,0.5742,0,2,0,564710,111734,48626,77630,0.8849797237359016,0.40995120508650007
1362,0.5743,1,1,1,564711,111733,48627,77629,0.8849718033202383,0.4099502540108364
1363,0.5747,1,0,1,564711,111733,48628,77628,0.8849718033202383,0.40994713800624205
1364,0.575,39,188,39,564899,111545,48667,77589,0.8834827651755164,0.4102329565281758
1365,0.5756,0,1,0,564900,111544,48667,77589,0.883474844759853,0.41023512554657304
1366,0.5758,1,1,1,564901,111543,48668,77588,0.8834669243441896,0.410234176311657
1367,0.576,5,11,5,564912,111532,48673,77583,0.8833797997718921,0.41024244507310365
1368,0.5767,25,79,25,564991,111453,48698,77558,0.8827540869344823,0.4103359063758194
1369,0.577,0,1,0,564992,111452,48698,77558,0.8827461665188189,0.41033807735040473
1370,0.5771,0,1,0,564993,111451,48698,77558,0.8827382461031555,0.4103402483479623
1371,0.5775,5,23,5,565016,111428,48703,77553,0.8825560765428969,0.4103745879215371
1372,0.5777,0,1,0,565017,111427,48703,77553,0.8825481561272336,0.41037675944544394
1373,0.578,3,10,3,565027,111417,48706,77550,0.8824689519705994,0.4103891155598597
1374,0.5782,0,1,0,565028,111416,48706,77550,0.882461031554936,0.41039128732152874
1375,0.5783,3,12,3,565040,111404,48709,77547,0.8823659865669751,0.4104079893729062
1376,0.5787,0,1,0,565041,111403,48709,77547,0.8823580661513116,0.41041016141836467
1377,0.5788,0,1,0,565042,111402,48709,77547,0.8823501457356482,0.4104123334868139
1378,0.579,1,0,1,565042,111402,48710,77546,0.8823501457356482,0.41040921311683637
1379,0.5792,0,1,0,565043,111401,48710,77546,0.8823422253199847,0.41041138520325804
1380,0.5795,0,1,0,565044,111400,48710,77546,0.8823343049043214,0.4104135573126713
1381,0.58,2188,7863,2188,572907,103537,50898,75358,0.8200560765428969,0.4212415103831857
1382,0.5805,0,1,0,572908,103536,50898,75358,0.8200481561272336,0.42124386508211564
1383,0.5807,0,1,0,572909,103535,50898,75358,0.8200402357115701,0.42124621980737087
1384,0.5808,0,4,0,572913,103531,50898,75358,0.8200085540489165,0.4212556389716528
1385,0.5815,0,1,0,572914,103530,50898,75358,0.820000633633253,0.4212579938285408
1386,0.5817,0,7,0,572921,103523,50898,75358,0.8199451907236092,0.4212744785639615
1387,0.582,0,6,0,572927,103517,50898,75358,0.8198976682296287,0.4212886093640811
1388,0.5824,0,1,0,572928,103516,50898,75358,0.8198897478139653,0.42129096458959936
1389,0.5825,11,19,11,572947,103497,50909,75347,0.8197392599163604,0.4213001274854063
1390,0.5833,12,51,12,572998,103446,50921,75335,0.8193353187175263,0.42138146671066834
1391,0.5837,0,1,0,572999,103445,50921,75335,0.8193273983018629,0.4213838236939255
1392,0.5838,0,1,0,573000,103444,50921,75335,0.8193194778861995,0.4213861807035502
1393,0.584,2,20,2,573020,103424,50923,75333,0.8191610695729312,0.42142685321413986
1394,0.5842,0,3,0,573023,103421,50923,75333,0.8191373083259409,0.4214339259541045
1395,0.5843,1,3,1,573026,103418,50924,75332,0.8191135470789507,0.42143776223776225
1396,0.5845,1,0,1,573026,103418,50925,75331,0.8191135470789507,0.421434525507835
1397,0.585,38,150,38,573176,103268,50963,75293,0.8179254847294386,0.4216654252608352
1398,0.5853,1,1,1,573177,103267,50964,75292,0.8179175643137752,0.42166454785253055
1399,0.5856,0,1,0,573178,103266,50964,75292,0.8179096438981118,0.42166690935158324
1400,0.5857,0,1,0,573179,103265,50964,75292,0.8179017234824484,0.4216692708770869
1401,0.5858,0,1,0,573180,103264,50964,75292,0.8178938030667849,0.4216716324290419
1402,0.586,2,17,2,573197,103247,50966,75290,0.8177591560005069,0.42170530478276214
1403,0.5863,1,0,1,573197,103247,50967,75289,0.8177591560005069,0.4217020656898329
1404,0.5867,15,71,15,573268,103176,50982,75274,0.8171968064884045,0.42182123844214064
1405,0.5868,0,1,0,573269,103175,50982,75274,0.8171888860727411,0.4218236022617106
1406,0.587,1,1,1,573270,103174,50983,75273,0.8171809656570777,0.42182272607552945
1407,0.5871,0,3,0,573273,103171,50983,75273,0.8171572044100874,0.4218298177579521
1408,0.5873,1,0,1,573273,103171,50984,75272,0.8171572044100874,0.42182657767466364
1409,0.5875,5,19,5,573292,103152,50989,75267,0.8170067165124826,0.42185529568039276
1410,0.588,3,14,3,573306,103138,50992,75264,0.8168958306931948,0.4218786784901515
1411,0.5883,5,7,5,573313,103131,50997,75259,0.8168403877835508,0.42187902909355907
1412,0.5885,0,2,0,573315,103129,50997,75259,0.8168245469522241,0.42188375899724195
1413,0.5887,0,2,0,573317,103127,50997,75259,0.8168087061208972,0.42188848900698483
1414,0.5889,0,1,0,573318,103126,50997,75259,0.8168007857052338,0.4218908540516299
1415,0.589,2,0,2,573318,103126,50999,75257,0.8168007857052338,0.42188437238974563
1416,0.5892,0,1,0,573319,103125,50999,75257,0.8167928652895704,0.4218867374510881
1417,0.5899,0,1,0,573320,103124,50999,75257,0.816784944873907,0.4218891025389475
1418,0.59,2247,7376,2247,580696,95748,53246,73010,0.7583639589405652,0.43263134192156816
1419,0.5905,1,1,1,580697,95747,53247,73009,0.7583560385249017,0.43263054350660124
1420,0.5907,1,0,1,580697,95747,53248,73008,0.7583560385249017,0.4326271814168469
1421,0.5908,0,2,0,580699,95745,53248,73008,0.758340197693575,0.4326323087589554
1422,0.591,0,2,0,580701,95743,53248,73008,0.7583243568622481,0.43263743622260015
1423,0.5913,1,1,1,580702,95742,53249,73007,0.7583164364465848,0.4326366378467428
1424,0.5914,1,1,1,580703,95741,53250,73006,0.7583085160309213,0.4326358394519606
1425,0.5917,1,5,1,580708,95736,53251,73005,0.7582689139526042,0.4326452966380429
1426,0.592,1,4,1,580712,95732,53252,73004,0.7582372322899505,0.43265219040394465
1427,0.5923,0,1,0,580713,95731,53252,73004,0.7582293118742872,0.432654754496696
1428,0.5925,1,21,1,580734,95710,53253,73003,0.7580629831453555,0.4327052450018671
1429,0.5927,0,2,0,580736,95708,53253,73003,0.7580471423140286,0.43271037454582095
1430,0.5928,1,0,1,580736,95708,53254,73002,0.7580471423140286,0.4327070120324818
1431,0.5929,1,2,1,580738,95706,53255,73001,0.7580313014827018,0.43270877912594025
1432,0.5933,13,56,13,580794,95650,53268,72988,0.7575877582055506,0.43280873824404936
1433,0.5935,0,1,0,580795,95649,53268,72988,0.7575798377898872,0.4328113047551842
1434,0.5937,0,2,0,580797,95647,53268,72988,0.7575639969585604,0.43281643786876983
1435,0.594,5,11,5,580808,95636,53273,72983,0.7574768723862628,0.4328278545122436
1436,0.5942,1,1,1,580809,95635,53274,72982,0.7574689519705994,0.43282705776997576
1437,0.5943,0,1,0,580810,95634,53274,72982,0.757461031554936,0.4328296247093989
1438,0.5946,0,1,0,580811,95633,53274,72982,0.7574531111392726,0.43283219167926934
1439,0.5947,1,1,1,580812,95632,53275,72981,0.7574451907236092,0.43283139496954565
1440,0.5948,1,0,1,580812,95632,53276,72980,0.7574451907236092,0.4328280312196048
1441,0.595,33,177,33,580989,95455,53309,72947,0.7560432771511849,0.43317181506157887
1442,0.5954,0,1,0,580990,95454,53309,72947,0.7560353567355215,0.43317438732549096
1443,0.5957,1,1,1,580991,95453,53310,72946,0.756027436319858,0.4331735936674208
1444,0.596,6,13,6,581004,95440,53316,72940,0.7559244709162337,0.43318683929207746
1445,0.5962,0,1,0,581005,95439,53316,72940,0.7559165505005703,0.43318941198130406
1446,0.5965,0,1,0,581006,95438,53316,72940,0.7559086300849068,0.4331919847010892
1447,0.5967,20,66,20,581072,95372,53336,72920,0.7553858826511215,0.43329451191975854
1448,0.5973,1,0,1,581072,95372,53337,72919,0.7553858826511215,0.43329114450564793
1449,0.5975,5,17,5,581089,95355,53342,72914,0.7552512355848435,0.4333180799790811
1450,0.598,1,9,1,581098,95346,53343,72913,0.7551799518438728,0.43333788980084276
1451,0.5982,0,1,0,581099,95345,53343,72913,0.7551720314282093,0.4333404652379084
1452,0.5983,3,7,3,581106,95338,53346,72910,0.7551165885185654,0.43334839047120916
1453,0.5985,1,0,1,581106,95338,53347,72909,0.7551165885185654,0.43334502249668644
1454,0.5986,0,1,0,581107,95337,53347,72909,0.755108668102902,0.43334759815983737
1455,0.599,0,1,0,581108,95336,53347,72909,0.7551007476872387,0.43335017385360636
1456,0.5992,0,3,0,581111,95333,53347,72909,0.7550769864402483,0.43335790111862676
1457,0.5993,1,0,1,581111,95333,53348,72908,0.7550769864402483,0.4333545330805214
1458,0.6,2205,6946,2205,588057,88387,55553,70703,0.7000617792421746,0.4444213966936954
1459,0.6005,0,2,0,588059,88385,55553,70703,0.7000459384108478,0.4444269838077039
1460,0.6008,0,3,0,588062,88382,55553,70703,0.7000221771638575,0.444435364742119
1461,0.601,1,2,1,588064,88380,55554,70702,0.7000063363325307,0.4444374599263273
1462,0.6015,1,0,1,588064,88380,55555,70701,0.7000063363325307,0.44443396760141063
1463,0.6017,6,6,6,588070,88374,55561,70695,0.6999588138385503,0.44442977575769005
1464,0.6018,0,1,0,588071,88373,55561,70695,0.6999508934228869,0.4444325697186109
1465,0.602,2,5,2,588076,88368,55563,70693,0.6999112913445698,0.4444395546362716
1466,0.6022,1,0,1,588076,88368,55564,70692,0.6999112913445698,0.44443606186344775
1467,0.6025,6,20,6,588096,88348,55570,70686,0.6997528830313015,0.44447099362400494
1468,0.6027,1,1,1,588097,88347,55571,70685,0.6997449626156381,0.44447029528648324
1469,0.6029,0,1,0,588098,88346,55571,70685,0.6997370421999747,0.44447309015223446
1470,0.6033,16,49,16,588147,88297,55587,70669,0.6993489418324673,0.4445541813972799
1471,0.6037,0,1,0,588148,88296,55587,70669,0.699341021416804,0.4445569779511213
1472,0.604,2,12,2,588160,88284,55589,70667,0.699245976428843,0.444583550905625
1473,0.6042,0,2,0,588162,88282,55589,70667,0.6992301355975161,0.44458914494586316
1474,0.6043,0,1,0,588163,88281,55589,70667,0.6992222151818528,0.44459194201877344
1475,0.6045,0,1,0,588164,88280,55589,70667,0.6992142947661893,0.44459473912687875
1476,0.6048,0,1,0,588165,88279,55589,70667,0.6992063743505259,0.4445975362701798
1477,0.605,46,131,46,588296,88148,55635,70621,0.6981687998986187,0.4448034565941714
1478,0.6057,1,0,1,588296,88148,55636,70620,0.6981687998986187,0.44479995968961
1479,0.6058,0,3,0,588299,88145,55636,70620,0.6981450386516285,0.4448083645639782
1480,0.606,4,13,4,588312,88132,55640,70616,0.698042073248004,0.44483080101796557
1481,0.6062,0,2,0,588314,88130,55640,70616,0.6980262324166773,0.4448364053267484
1482,0.6067,20,59,20,588373,88071,55660,70596,0.6975589278925358,0.4449318383784908
1483,0.607,0,1,0,588374,88070,55660,70596,0.6975510074768724,0.44493464258253185
1484,0.6071,1,1,1,588375,88069,55661,70595,0.6975430870612089,0.4449339484697222
1485,0.6075,8,22,8,588397,88047,55669,70587,0.6973688379166139,0.44496766140928173
1486,0.6077,0,1,0,588398,88046,55669,70587,0.6973609175009504,0.4449704664224972
1487,0.608,0,5,0,588403,88041,55669,70587,0.6973213154226334,0.4449844920190635
1488,0.6083,1,6,1,588409,88035,55670,70586,0.6972737929286529,0.44499782500425544
1489,0.6086,0,1,0,588410,88034,55670,70586,0.6972658725129894,0.44500063043752364
1490,0.6087,0,1,0,588411,88033,55670,70586,0.6972579520973261,0.4450034359061651
1491,0.6088,1,1,1,588412,88032,55671,70585,0.6972500316816627,0.44500274245509625
1492,0.609,0,1,0,588413,88031,55671,70585,0.6972421112659992,0.4450055479901145
1493,0.6092,0,1,0,588414,88030,55671,70585,0.6972341908503358,0.44500835356050816
1494,0.6093,0,1,0,588415,88029,55671,70585,0.6972262704346724,0.44501115916627787
1495,0.61,2188,6340,2188,594755,81689,57859,68397,0.6470108351286276,0.4557187212664739
1496,0.6107,0,2,0,594757,81687,57859,68397,0.6469949942973007,0.45572479411529543
1497,0.6108,1,1,1,594758,81686,57860,68396,0.6469870738816373,0.4557242041017577
1498,0.611,2,0,2,594758,81686,57862,68394,0.6469870738816373,0.4557169509594883
1499,0.6112,0,1,0,594759,81685,57862,68394,0.6469791534659739,0.4557199874732641
1500,0.6117,2,5,2,594764,81680,57864,68392,0.6469395513876568,0.4557279172663788
1501,0.612,3,4,3,594768,81676,57867,68389,0.6469078697250031,0.4557291840202579
1502,0.6122,1,0,1,594768,81676,57868,68388,0.6469078697250031,0.45572555709563917
1503,0.6125,8,20,8,594788,81656,57876,68380,0.6467494614117348,0.45575728491828627
1504,0.613,0,1,0,594789,81655,57876,68380,0.6467415409960715,0.4557603225913953
1505,0.6133,18,53,18,594842,81602,57894,68362,0.6463217589659105,0.45585607212397644
1506,0.6135,2,2,2,594844,81600,57896,68360,0.6463059181345837,0.45585489463857026
1507,0.614,2,9,2,594853,81591,57898,68358,0.646234634393613,0.4558749974991497
1508,0.6142,0,2,0,594855,81589,57898,68358,0.6462187935622862,0.45588107798088656
1509,0.6145,0,1,0,594856,81588,57898,68358,0.6462108731466227,0.45588411828258174
1510,0.6147,1,0,1,594856,81588,57899,68357,0.6462108731466227,0.45588048951282134
1511,0.615,55,138,55,594994,81450,57954,68302,0.6451178557850716,0.4561007532453657
1512,0.6157,0,3,0,594997,81447,57954,68302,0.6450940945380813,0.4561098905501873
1513,0.616,5,8,5,595005,81439,57959,68297,0.6450307312127741,0.45611609766522415
1514,0.6162,0,1,0,595006,81438,57959,68297,0.6450228107971107,0.45611914382075
1515,0.6163,1,0,1,595006,81438,57960,68296,0.6450228107971107,0.4561155115070725
1516,0.6165,1,1,1,595007,81437,57961,68295,0.6450148903814472,0.4561149253332621
1517,0.6167,16,67,16,595074,81370,57977,68279,0.6444842225319984,0.45626098403597753
1518,0.6168,1,0,1,595074,81370,57978,68278,0.6444842225319984,0.4562573505827007
1519,0.617,0,2,0,595076,81368,57978,68278,0.6444683817006717,0.45626344840490224
1520,0.6171,2,0,2,595076,81368,57980,68276,0.6444683817006717,0.45625618133703993
1521,0.6173,0,1,0,595077,81367,57980,68276,0.6444604612850082,0.45625923030145077
1522,0.6175,3,18,3,595095,81349,57983,68273,0.6443178938030668,0.4563032174412854
1523,0.618,0,6,0,595101,81343,57983,68273,0.6442703713090863,0.4563215164153566
1524,0.6182,1,0,1,595101,81343,57984,68272,0.6442703713090863,0.4563178825652508
1525,0.6183,0,9,0,595110,81334,57984,68272,0.6441990875681156,0.45634533374329905
1526,0.6186,0,1,0,595111,81333,57984,68272,0.6441911671524522,0.45634838407807227
1527,0.619,1,0,1,595111,81333,57985,68271,0.6441911671524522,0.45634475014037057
1528,0.6192,0,3,0,595114,81330,57985,68271,0.644167405905462,0.4563539013776646
1529,0.6193,0,1,0,595115,81329,57985,68271,0.6441594854897985,0.45635695187165776
1530,0.6195,1,0,1,595115,81329,57986,68270,0.6441594854897985,0.45635331786977185
1531,0.62,2231,6125,2231,601240,75204,60217,66039,0.5956469395513877,0.4675559142753977
1532,0.6202,0,2,0,601242,75202,60217,66039,0.5956310987200608,0.4675625349579796
1533,0.6207,2,0,2,601242,75202,60219,66037,0.5956310987200608,0.46755499543327267
1534,0.6208,1,0,1,601242,75202,60220,66036,0.5956310987200608,0.46755122559084666
1535,0.621,0,1,0,601243,75201,60220,66036,0.5956231783043974,0.46755453599269314
1536,0.6217,3,8,3,601251,75193,60223,66033,0.59555981497909,0.4675697109597383
1537,0.622,0,5,0,601256,75188,60223,66033,0.5955202129007731,0.46758626549875726
1538,0.6225,9,23,9,601279,75165,60232,66024,0.5953380433405145,0.4676284979708051
1539,0.6227,1,1,1,601280,75164,60233,66023,0.5953301229248511,0.46762803940872744
1540,0.6229,0,1,0,601281,75163,60233,66023,0.5953222025091877,0.467631351550437
1541,0.6232,1,0,1,601281,75163,60234,66022,0.5953222025091877,0.46762758083365796
1542,0.6233,13,50,13,601331,75113,60247,66009,0.594926181726017,0.46774422131205623
1543,0.6237,0,2,0,601333,75111,60247,66009,0.5949103408946902,0.4677508503401361
1544,0.624,2,10,2,601343,75101,60249,66007,0.594831136738056,0.46777645491396663
1545,0.6242,0,2,0,601345,75099,60249,66007,0.5948152959067292,0.4677830850566241
1546,0.6243,3,0,3,601345,75099,60252,66004,0.5948152959067292,0.4677717695584077
1547,0.625,37,118,37,601463,74981,60289,65967,0.5938806868584463,0.468023668303204
1548,0.6255,1,0,1,601463,74981,60290,65966,0.5938806868584463,0.4680198940027102
1549,0.6257,0,2,0,601465,74979,60290,65966,0.5938648460271195,0.46802653517329457
1550,0.6258,0,2,0,601467,74977,60290,65966,0.5938490051957926,0.46803317653235704
1551,0.626,4,8,4,601475,74969,60294,65962,0.5937856418704853,0.46804464596149886
1552,0.6265,2,0,2,601475,74969,60296,65960,0.5937856418704853,0.46803709669408
1553,0.6267,17,60,17,601535,74909,60313,65943,0.5933104169306805,0.4681722659245165
1554,0.6275,6,23,6,601558,74886,60319,65937,0.593128247370422,0.46822607102532965
1555,0.628,1,3,1,601561,74883,60320,65936,0.5931044861234318,0.4682322697931387
1556,0.6282,1,1,1,601562,74882,60321,65935,0.5930965657077684,0.46823181860144725
1557,0.6283,2,8,2,601570,74874,60323,65933,0.593033202382461,0.4682508682096771
1558,0.6287,0,1,0,601571,74873,60323,65933,0.5930252819667976,0.4682541937133361
1559,0.6288,0,1,0,601572,74872,60323,65933,0.5930173615511342,0.46825751926423065
1560,0.629,1,1,1,601573,74871,60324,65932,0.5930094411354708,0.46825706838632697
1561,0.6291,1,0,1,601573,74871,60325,65931,0.5930094411354708,0.46825329185664977
1562,0.6292,0,1,0,601574,74870,60325,65931,0.5930015207198074,0.46825661749561437
1563,0.6293,0,1,0,601575,74869,60325,65931,0.5929936003041439,0.4682599431818182
1564,0.6295,1,0,1,601575,74869,60326,65930,0.5929936003041439,0.4682561665920923
1565,0.63,2189,5633,2189,607208,69236,62515,63741,0.5483778988721328,0.47933853222737766
1566,0.6308,0,4,0,607212,69232,62515,63741,0.5483462172094792,0.4793529513510261
1567,0.631,1,0,1,607212,69232,62516,63740,0.5483462172094792,0.47934903588725447
1568,0.6312,0,1,0,607213,69231,62516,63740,0.5483382967938157,0.47935264080137774
1569,0.6315,1,0,1,607213,69231,62517,63739,0.5483382967938157,0.4793487252763781
1570,0.6317,1,3,1,607216,69228,62518,63738,0.5483145355468255,0.4793556247461757
1571,0.632,1,3,1,607219,69225,62519,63737,0.5482907742998353,0.47936252463109763
1572,0.6323,0,2,0,607221,69223,62519,63737,0.5482749334685084,0.47936973525872445
1573,0.6324,1,0,1,607221,69223,62520,63736,0.5482749334685084,0.47936581953835394
1574,0.6325,6,17,6,607238,69206,62526,63730,0.5481402864022303,0.47940362279593185
1575,0.6328,0,1,0,607239,69205,62526,63730,0.548132365986567,0.47940722909692707
1576,0.6333,17,48,17,607287,69157,62543,63713,0.5477521860347231,0.4795138104914578
1577,0.6335,0,1,0,607288,69156,62543,63713,0.5477442656190596,0.47951741941310616
1578,0.634,7,12,7,607300,69144,62550,63706,0.5476492206310987,0.4795333082423786
1579,0.6342,1,1,1,607301,69143,62551,63705,0.5476413002154353,0.47953300012043837
1580,0.6343,1,0,1,607301,69143,62552,63704,0.5476413002154353,0.4795290823277906
1581,0.6347,0,1,0,607302,69142,62552,63704,0.5476333797997719,0.4795326919892206
1582,0.6348,0,1,0,607303,69141,62552,63704,0.5476254593841084,0.47953630170499456
1583,0.635,52,122,52,607425,69019,62604,63652,0.546659168673172,0.47977327373729
1584,0.6353,1,0,1,607425,69019,62605,63651,0.546659168673172,0.47976935252883096
1585,0.6355,1,0,1,607425,69019,62606,63650,0.546659168673172,0.4797654312612592
1586,0.6357,0,3,0,607428,69016,62606,63650,0.5466354074261818,0.4797762802828155
1587,0.6358,0,1,0,607429,69015,62606,63650,0.5466274870105183,0.47977989673237104
1588,0.636,3,5,3,607434,69010,62609,63647,0.5465878849322012,0.4797862155785221
1589,0.6367,21,48,21,607482,68962,62630,63626,0.5462077049803574,0.4798775153105862
1590,0.637,0,2,0,607484,68960,62630,63626,0.5461918641490305,0.4798847540464302
1591,0.6371,0,1,0,607485,68959,62630,63626,0.5461839437333671,0.4798883734962477
1592,0.6373,0,2,0,607487,68957,62630,63626,0.5461681029020403,0.4798956125596796
1593,0.6375,9,18,9,607505,68939,62639,63617,0.5460255354200988,0.4799254654636531
1594,0.6377,1,0,1,607505,68939,62640,63616,0.5460255354200988,0.4799215420014334
1595,0.638,0,6,0,607511,68933,62640,63616,0.5459780129261184,0.4799432662637968
1596,0.6383,3,4,3,607515,68929,62643,63613,0.5459463312634647,0.4799459793876658
1597,0.6386,0,1,0,607516,68928,62643,63613,0.5459384108478013,0.47994960050097707
1598,0.639,0,1,0,607517,68927,62643,63613,0.5459304904321379,0.4799532216689301
1599,0.6392,1,2,1,607519,68925,62644,63612,0.545914649600811,0.47995654043776453
1600,0.6393,1,0,1,607519,68925,62645,63611,0.545914649600811,0.47995261664755234
1601,0.6399,0,1,0,607520,68924,62645,63611,0.5459067291851476,0.4799562379748746
1602,0.64,2229,5229,2229,612749,63695,64874,61382,0.5044908756811557,0.49075369572343436
1603,0.6407,1,0,1,612749,63695,64875,61381,0.5044908756811557,0.4907496242284691
1604,0.6408,0,4,0,612753,63691,64875,61381,0.5044591940185021,0.4907653191761545
1605,0.641,0,1,0,612754,63690,64875,61381,0.5044512736028387,0.4907692430699363
1606,0.6415,0,1,0,612755,63689,64875,61381,0.5044433531871753,0.4907731670264652
1607,0.6417,3,5,3,612760,63684,64878,61378,0.5044037511088582,0.4907805728358734
1608,0.642,1,5,1,612765,63679,64879,61377,0.5043641490305412,0.49079612333674516
1609,0.6425,12,24,12,612789,63655,64891,61365,0.5041740590546192,0.4908414653655415
1610,0.6427,1,0,1,612789,63655,64892,61364,0.5041740590546192,0.4908373927163071
1611,0.6429,0,1,0,612790,63654,64892,61364,0.5041661386389558,0.4908413188500856
1612,0.643,0,1,0,612791,63653,64892,61364,0.5041582182232923,0.49084524504667365
1613,0.6433,16,43,16,612834,63610,64908,61348,0.5038176403497655,0.49094895885017364
1614,0.6437,0,1,0,612835,63609,64908,61348,0.5038097199341022,0.4909528877934009
1615,0.644,3,13,3,612848,63596,64911,61345,0.5037067545304778,0.4909917481051056
1616,0.6442,0,2,0,612850,63594,64911,61345,0.503690913699151,0.4909996078086106
1617,0.6443,1,0,1,612850,63594,64912,61344,0.503690913699151,0.49099553378475724
1618,0.6448,0,1,0,612851,63593,64912,61344,0.5036829932834875,0.49099946372971975
1619,0.645,43,111,43,612962,63482,64955,61301,0.5028038271448486,0.49126082879879474
1620,0.6453,0,1,0,612963,63481,64955,61301,0.5027959067291852,0.49126476575147054
1621,0.6455,0,1,0,612964,63480,64955,61301,0.5027879863135217,0.4912687027672482
1622,0.6457,1,1,1,612965,63479,64956,61300,0.5027800658978583,0.4912685628190641
1623,0.6458,1,1,1,612966,63478,64957,61299,0.502772145482195,0.49126842286639366
1624,0.646,6,5,6,612971,63473,64963,61293,0.5027325434038779,0.4912636455444592
1625,0.6467,17,58,17,613029,63415,64980,61276,0.5022731592953998,0.4914227971545661
1626,0.6471,0,1,0,613030,63414,64980,61276,0.5022652388797364,0.4914267383110113
1627,0.6473,0,1,0,613031,63413,64980,61276,0.502257318464073,0.4914306795306723
1628,0.6475,12,17,12,613048,63396,64992,61264,0.502122671397795,0.4914487405743623
1629,0.648,2,10,2,613058,63386,64994,61262,0.5020434672411608,0.4914800077016879
1630,0.6483,1,5,1,613063,63381,64995,61261,0.5020038651628438,0.49149564352305003
1631,0.6485,0,1,0,613064,63380,64995,61261,0.5019959447471803,0.4914995868133279
1632,0.6486,1,0,1,613064,63380,64996,61260,0.5019959447471803,0.49149550706033374
1633,0.6487,1,0,1,613064,63380,64997,61259,0.5019959447471803,0.49149142724187456
1634,0.649,0,2,0,613066,63378,64997,61259,0.5019801039158535,0.4914993140078789
1635,0.6492,1,2,1,613068,63376,64998,61258,0.5019642630845267,0.4915031211386941
1636,0.65,2225,4993,2225,618061,58383,67223,59033,0.4624176276771005,0.5027679362267493
1637,0.6507,0,1,0,618062,58382,67223,59033,0.4624097072614371,0.5027722182004003
1638,0.6508,0,1,0,618063,58381,67223,59033,0.46240178684577365,0.5027765002469893
1639,0.651,0,2,0,618065,58379,67223,59033,0.4623859460144468,0.5027850645589889
1640,0.6515,1,1,1,618066,58378,67224,59032,0.46237802559878344,0.5027851120006813
1641,0.6517,4,3,4,618069,58375,67228,59028,0.46235426435179316,0.502781019224381
1642,0.652,1,4,1,618073,58371,67229,59027,0.4623225826891395,0.5027939147174568
1643,0.6525,12,13,12,618086,58358,67241,59015,0.46221961728551514,0.5027987697340955
1644,0.6528,0,1,0,618087,58357,67241,59015,0.46221169686985175,0.5028030535391745
1645,0.653,0,1,0,618088,58356,67241,59015,0.4622037764541883,0.5028073374172496
1646,0.6533,15,43,15,618131,58313,67256,59000,0.4618631985806615,0.502928064238405
1647,0.6537,0,1,0,618132,58312,67256,59000,0.4618552781649981,0.5029323513366066
1648,0.654,1,2,1,618134,58310,67257,58999,0.4618394373336713,0.5029366885746192
1649,0.6542,1,2,1,618136,58308,67258,58998,0.46182359650234445,0.502941026034474
1650,0.6543,1,0,1,618136,58308,67259,58997,0.46182359650234445,0.5029367887131836
1651,0.6545,1,0,1,618136,58308,67260,58996,0.46182359650234445,0.5029325513196481
1652,0.6546,0,1,0,618137,58307,67260,58996,0.461815676086681,0.5029368387850268
1653,0.6547,0,1,0,618138,58306,67260,58996,0.4618077556710176,0.5029411263235068
1654,0.655,37,99,37,618237,58207,67297,58959,0.4610236345203396,0.503209122100268
1655,0.6552,0,1,0,618238,58206,67297,58959,0.46101571410467623,0.5032134169760594
1656,0.6557,1,5,1,618243,58201,67298,58958,0.46097611202635913,0.5032306523613209
1657,0.6558,0,1,0,618244,58200,67298,58958,0.46096819161069574,0.5032349476774953
1658,0.656,2,5,2,618249,58195,67300,58956,0.46092858953237864,0.5032479449599235
1659,0.6563,0,1,0,618250,58194,67300,58956,0.46092066911671525,0.5032522407170295
1660,0.6567,29,32,29,618282,58162,67329,58927,0.460667215815486,0.5032667458087438
1661,0.6571,1,1,1,618283,58161,67330,58926,0.4606592953998226,0.5032668016090599
1662,0.6573,0,1,0,618284,58160,67330,58926,0.46065137498415915,0.5032710998753054
1663,0.6575,8,14,8,618298,58146,67338,58918,0.4605404891648714,0.503297341625094
1664,0.6578,1,1,1,618299,58145,67339,58917,0.46053256874920795,0.5032973979600553
1665,0.658,2,1,2,618300,58144,67341,58915,0.46052464833354456,0.5032932111157621
1666,0.6582,2,0,2,618300,58144,67343,58913,0.46052464833354456,0.5032847245359099
1667,0.6583,2,6,2,618306,58138,67345,58911,0.46047712583956407,0.5033020358994951
1668,0.6585,0,1,0,618307,58137,67345,58911,0.46046920542390063,0.5033063358622104
1669,0.659,0,1,0,618308,58136,67345,58911,0.46046128500823724,0.5033106358983997
1670,0.6592,1,3,1,618311,58133,67346,58910,0.46043752376124697,0.5033192929094435
1671,0.6593,0,1,0,618312,58132,67346,58910,0.4604296033455836,0.5033235932400335
1672,0.66,2157,4518,2157,622830,53614,69503,56753,0.42464516537827907,0.5142207362708056
1673,0.6602,0,1,0,622831,53613,69503,56753,0.4246372449626156,0.514225395502238
1674,0.6607,2,1,2,622832,53612,69505,56751,0.42462932454695224,0.5142212516876127
1675,0.6608,0,1,0,622833,53611,69505,56751,0.4246214041312888,0.5142259110925862
1676,0.661,0,1,0,622834,53610,69505,56751,0.4246134837156254,0.5142305705819991
1677,0.6613,0,1,0,622835,53609,69505,56751,0.42460556329996196,0.5142352301558536
1678,0.6617,2,8,2,622843,53601,69507,56749,0.42454219997465464,0.5142637063887631
1679,0.662,3,2,3,622845,53599,69510,56746,0.42452635914332787,0.5142598214690289
1680,0.6623,0,1,0,622846,53598,69510,56746,0.4245184387276644,0.5142644819836149
1681,0.6625,7,14,7,622860,53584,69517,56739,0.4244075529083766,0.5142989222555587
1682,0.6627,1,0,1,622860,53584,69518,56738,0.4244075529083766,0.5142945196787585
1683,0.6628,1,0,1,622860,53584,69519,56737,0.4244075529083766,0.5142901170221444
1684,0.663,0,1,0,622861,53583,69519,56737,0.42439963249271323,0.5142947788252357
1685,0.6631,1,0,1,622861,53583,69520,56736,0.42439963249271323,0.5142903760911538
1686,0.6633,19,37,19,622898,53546,69539,56717,0.4241065771131669,0.5143792568676709
1687,0.6637,1,1,1,622899,53545,69540,56716,0.42409865669750346,0.514379517689845
1688,0.664,3,11,3,622910,53534,69543,56713,0.4240115321252059,0.5144176258764411
1689,0.6642,0,4,0,622914,53530,69543,56713,0.42397985046255227,0.5144362907395481
1690,0.6643,1,0,1,622914,53530,69544,56712,0.42397985046255227,0.5144318862139656
1691,0.6645,0,1,0,622915,53529,69544,56712,0.4239719300468889,0.5144365526437532
1692,0.665,44,94,44,623009,53435,69588,56668,0.42322741097452793,0.5146817071287794
1693,0.6653,0,1,0,623010,53434,69588,56668,0.42321949055886454,0.5146863817187699
1694,0.6658,0,1,0,623011,53433,69588,56668,0.4232115701432011,0.5146910563936749
1695,0.666,10,8,10,623019,53425,69598,56658,0.4231482068178938,0.5146843745174096
1696,0.6662,0,5,0,623024,53420,69598,56658,0.42310860473957673,0.5147077526844601
1697,0.6665,1,1,1,623025,53419,69599,56657,0.42310068432391335,0.5147080199135143
1698,0.6667,18,46,18,623071,53373,69617,56639,0.42273634520339626,0.5148438352179763
1699,0.6668,0,1,0,623072,53372,69617,56639,0.42272842478773287,0.5148485151484852
1700,0.667,1,1,1,623073,53371,69618,56638,0.4227205043720694,0.5148487850994009
1701,0.6671,0,1,0,623074,53370,69618,56638,0.42271258395640604,0.5148534652025307
1702,0.6672,0,2,0,623076,53368,69618,56638,0.4226967431250792,0.5148628256640547
1703,0.6673,2,1,2,623077,53367,69620,56636,0.42268882270941577,0.5148586856722089
1704,0.6675,7,21,7,623098,53346,69627,56629,0.4225224939804841,0.5149261195726301
1705,0.668,1,1,1,623099,53345,69628,56628,0.4225145735648207,0.5149263910232511
1706,0.6682,0,1,0,623100,53344,69628,56628,0.42250665314915725,0.514931073364129
1707,0.6683,5,2,5,623102,53342,69633,56623,0.4224908123178304,0.5149183831219024
1708,0.6687,1,0,1,623102,53342,69634,56622,0.4224908123178304,0.5149139718453312
1709,0.6688,1,0,1,623102,53342,69635,56621,0.4224908123178304,0.514909560488528
1710,0.6692,3,5,3,623107,53337,69638,56618,0.4224512102395134,0.5149197398935929
1711,0.6693,0,1,0,623108,53336,69638,56618,0.42244328982384993,0.5149244229405024
1712,0.6698,1,0,1,623108,53336,69639,56617,0.42244328982384993,0.5149200112775458
1713,0.67,2211,4296,2211,627404,49040,71850,54406,0.38841718413382337,0.5259362372638865
1714,0.6706,0,1,0,627405,49039,71850,54406,0.3884092637181599,0.52594132147518
1715,0.6708,0,2,0,627407,49037,71850,54406,0.3883934228868331,0.5259514901926665
1716,0.671,0,1,0,627408,49036,71850,54406,0.3883855024711697,0.525956574698865
1717,0.6712,0,1,0,627409,49035,71850,54406,0.38837758205550627,0.525961659303371
1718,0.6713,0,1,0,627410,49034,71850,54406,0.3883696616398429,0.5259667440061871
1719,0.6714,0,1,0,627411,49033,71850,54406,0.38836174122417944,0.5259718288073164
1720,0.6715,0,2,0,627413,49031,71850,54406,0.3883459003928526,0.5259819987045254
1721,0.6717,0,5,0,627418,49026,71850,54406,0.38830629831453556,0.5260074251682265
1722,0.6718,1,0,1,627418,49026,71851,54405,0.38830629831453556,0.5260028424746933
1723,0.672,2,2,2,627420,49024,71853,54403,0.38829045748320873,0.5260038481247643
1724,0.6723,0,1,0,627421,49023,71853,54403,0.3882825370675453,0.5260089339237716
1725,0.6725,11,13,11,627434,49010,71864,54392,0.3881795716639209,0.5260246416897159
1726,0.6727,0,1,0,627435,49009,71864,54392,0.38817165124825753,0.5260297289194495
1727,0.6728,0,1,0,627436,49008,71864,54392,0.3881637308325941,0.5260348162475822
1728,0.673,0,1,0,627437,49007,71864,54392,0.3881558104169307,0.5260399036741168
1729,0.6733,20,40,20,627477,48967,71884,54372,0.3878389937903941,0.5261517916759404
1730,0.6735,0,1,0,627478,48966,71884,54372,0.3878310733747307,0.5261568832375312
1731,0.674,1,7,1,627485,48959,71885,54371,0.3877756304650868,0.5261879415465015
1732,0.675,40,89,40,627574,48870,71925,54331,0.38707071347104294,0.5264580769566186
1733,0.6757,0,1,0,627575,48869,71925,54331,0.38706279305537955,0.5264631782945737
1734,0.6758,1,2,1,627577,48867,71926,54330,0.3870469522240527,0.5264687926974622
1735,0.676,3,7,3,627584,48860,71929,54327,0.38699150931440884,0.5264907401126111
1736,0.6762,1,0,1,627584,48860,71930,54326,0.38699150931440884,0.526486151222065
1737,0.6765,0,2,0,627586,48858,71930,54326,0.386975668483082,0.5264963560241898
1738,0.6766,1,0,1,627586,48858,71931,54325,0.386975668483082,0.5264917670546505
1739,0.6767,19,38,19,627624,48820,71950,54306,0.38667469268787225,0.526598529953649
1740,0.677,0,3,0,627627,48817,71950,54306,0.38665093144088203,0.5266138494807172
1741,0.6771,0,1,0,627628,48816,71950,54306,0.3866430110252186,0.5266189561878164
1742,0.6772,0,1,0,627629,48815,71950,54306,0.3866350906095552,0.5266240629939586
1743,0.6775,3,11,3,627640,48804,71953,54303,0.38654796603725766,0.5266664726934156
1744,0.678,2,7,2,627647,48797,71955,54301,0.38649252312761373,0.5266930493317038
1745,0.6783,3,6,3,627653,48791,71958,54298,0.38644500063363324,0.5267099302544404
1746,0.6785,0,1,0,627654,48790,71958,54298,0.38643708021796985,0.5267150395778364
1747,0.6788,0,2,0,627656,48788,71958,54298,0.386421239386643,0.5267252585220108
1748,0.679,0,1,0,627657,48787,71958,54298,0.3864133189709796,0.5267303681427948
1749,0.6792,0,1,0,627658,48786,71958,54298,0.3864053985553162,0.5267354778627139
1750,0.6793,1,1,1,627659,48785,71959,54297,0.38639747813965275,0.5267359965852428
1751,0.68,2201,3959,2201,631618,44826,74160,52096,0.35504055252819666,0.5375043849693568
1752,0.6803,0,3,0,631621,44823,74160,52096,0.35501679128120645,0.5375210227096854
1753,0.6808,1,1,1,631622,44822,74161,52095,0.355008870865543,0.537521797001558
1754,0.6812,0,1,0,631623,44821,74161,52095,0.3550009504498796,0.5375273432663338
1755,0.6814,0,1,0,631624,44820,74161,52095,0.3549930300342162,0.5375328896455657
1756,0.6815,0,3,0,631627,44817,74161,52095,0.35496926878722596,0.5375495294700346
1757,0.6817,3,4,3,631631,44813,74164,52092,0.3549375871245723,0.5375574015788659
1758,0.6818,1,0,1,631631,44813,74165,52091,0.3549375871245723,0.5375526294064229
1759,0.682,1,1,1,631632,44812,74166,52090,0.3549296667089089,0.5375534044704959
1760,0.6822,1,0,1,631632,44812,74167,52089,0.3549296667089089,0.5375486321090598
1761,0.6823,1,0,1,631632,44812,74168,52088,0.3549296667089089,0.5375438596491228
1762,0.6825,8,7,8,631639,44805,74176,52080,0.354874223799265,0.5375445115342933
1763,0.6829,0,4,0,631643,44801,74176,52080,0.3548425421366113,0.5375667055459791
1764,0.683,0,2,0,631645,44799,74176,52080,0.3548267013052845,0.5375778032390921
1765,0.6833,19,39,19,631684,44760,74195,52061,0.35451780509441133,0.5377035973600769
1766,0.6837,1,1,1,631685,44759,74196,52060,0.35450988467874794,0.5377043762071494
1767,0.684,3,6,3,631691,44753,74199,52057,0.35446236218476745,0.5377233756843302
1768,0.6843,0,6,0,631697,44747,74199,52057,0.35441483969078696,0.5377567042684187
1769,0.6845,0,1,0,631698,44746,74199,52057,0.3544069192751236,0.5377622594341085
1770,0.6847,1,0,1,631698,44746,74200,52056,0.3544069192751236,0.5377574843494969
1771,0.685,46,74,46,631772,44672,74246,52010,0.3538208085160309,0.5379491528929894
1772,0.6853,0,2,0,631774,44670,74246,52010,0.3538049676847041,0.5379602813405048
1773,0.6855,1,0,1,631774,44670,74247,52009,0.3538049676847041,0.537955502229026
1774,0.6856,1,0,1,631774,44670,74248,52008,0.3538049676847041,0.5379507230186805
1775,0.6857,2,1,2,631775,44669,74250,52006,0.35379704726904065,0.5379467287302818
1776,0.6858,1,0,1,631775,44669,74251,52005,0.35379704726904065,0.5379419492314376
1777,0.686,4,5,4,631780,44664,74255,52001,0.3537574451907236,0.5379506543216263
1778,0.6862,3,2,3,631782,44662,74258,51998,0.3537416043593968,0.5379474446513552
1779,0.6865,0,1,0,631783,44661,74258,51998,0.3537336839437334,0.5379530100663156
1780,0.6867,18,42,18,631825,44619,74276,51980,0.35340102648586996,0.5381008084969824
1781,0.6868,0,1,0,631826,44618,74276,51980,0.3533931060702066,0.5381063790140582
1782,0.6869,1,0,1,631826,44618,74277,51979,0.3533931060702066,0.538101597358096
1783,0.687,0,1,0,631827,44617,74277,51979,0.35338518565454313,0.5381071679986749
1784,0.6871,0,2,0,631829,44615,74277,51979,0.3533693448232163,0.5381183096258567
1785,0.6873,0,1,0,631830,44614,74277,51979,0.3533614244075529,0.5381238806124667
1786,0.6874,1,0,1,631830,44614,74278,51978,0.3533614244075529,0.5381190988901773
1787,0.6875,8,11,8,631841,44603,74286,51970,0.3532742998352554,0.538142130823315
1788,0.6876,0,1,0,631842,44602,74286,51970,0.35326637941959194,0.538147703268028
1789,0.6877,1,0,1,631842,44602,74287,51969,0.35326637941959194,0.5381429207526068
1790,0.688,3,4,3,631846,44598,74290,51966,0.3532346977569383,0.538150863675904
1791,0.6883,3,7,3,631853,44591,74293,51963,0.3531792548472944,0.5381755287196802
1792,0.6887,0,1,0,631854,44590,74293,51963,0.35317133443163096,0.5381811026068584
1793,0.6888,0,1,0,631855,44589,74293,51963,0.35316341401596757,0.5381866766094954
1794,0.689,0,1,0,631856,44588,74293,51963,0.3531554936003041,0.5381922507275947
1795,0.6892,0,1,0,631857,44587,74293,51963,0.35314757318464074,0.53819782496116
1796,0.6893,0,4,0,631861,44583,74293,51963,0.3531158915219871,0.5382201230501522
1797,0.69,2115,3712,2115,635573,40871,76408,49848,0.32371530857939423,0.5494769563156561
1798,0.6914,0,1,0,635574,40870,76408,49848,0.32370738816373085,0.5494830132939439
1799,0.6917,3,7,3,635581,40863,76411,49845,0.3236519452540869,0.5495105172641884
1800,0.692,3,1,3,635582,40862,76414,49842,0.3236440248384235,0.549501675780561
1801,0.6923,0,1,0,635583,40861,76414,49842,0.3236361044227601,0.549507734033053
1802,0.6925,6,9,6,635592,40852,76420,49836,0.3235648206817894,0.5495324629498941
1803,0.6927,0,1,0,635593,40851,76420,49836,0.323556900266126,0.549538522610738
1804,0.6929,1,0,1,635593,40851,76421,49835,0.323556900266126,0.5495335553448162
1805,0.6933,18,38,18,635631,40813,76439,49817,0.3232559244709162,0.5496745007172018
1806,0.6935,1,1,1,635632,40812,76440,49816,0.32324800405525284,0.5496755969457563
1807,0.694,1,5,1,635637,40807,76441,49815,0.32320840197693573,0.5497009556178412
1808,0.6942,1,1,1,635638,40806,76442,49814,0.32320048156127235,0.549702052527036
1809,0.6943,1,0,1,635638,40806,76443,49813,0.32320048156127235,0.5496970833931074
1810,0.6945,1,0,1,635638,40806,76444,49812,0.32320048156127235,0.5496921141495067
1811,0.695,47,73,47,635711,40733,76491,49765,0.32262229121784314,0.5499016552851996
1812,0.6957,0,1,0,635712,40732,76491,49765,0.3226143708021797,0.5499077317480138
1813,0.6958,0,1,0,635713,40731,76491,49765,0.3226064503865163,0.5499138083451203
1814,0.696,4,10,4,635723,40721,76495,49761,0.32252724622988216,0.5499546871200902
1815,0.6962,0,1,0,635724,40720,76495,49761,0.3225193258142187,0.5499607652435318
1816,0.6965,0,2,0,635726,40718,76495,49761,0.3225034849828919,0.549972921893478
1817,0.6967,26,38,26,635764,40680,76521,49735,0.3222025091876822,0.5500746557540231
1818,0.6975,5,14,5,635778,40666,76526,49730,0.32209162336839436,0.5501349617239701
1819,0.6977,1,2,1,635780,40664,76527,49729,0.32207578253706753,0.5501421570254333
1820,0.698,1,4,1,635784,40660,76528,49728,0.3220441008744139,0.5501615258662654
1821,0.6983,3,2,3,635786,40658,76531,49725,0.32202826004308704,0.5501587687950168
1822,0.6987,1,0,1,635786,40658,76532,49724,0.32202826004308704,0.5501537916841849
1823,0.699,0,1,0,635787,40657,76532,49724,0.32202033962742366,0.5501598787355749
1824,0.6992,1,2,1,635789,40655,76533,49723,0.3220044987960968,0.5501670760583328
1825,0.6993,0,3,0,635792,40652,76533,49723,0.32198073754910655,0.5501853388658368
1826,0.6995,0,1,0,635793,40651,76533,49723,0.32197281713344317,0.5501914267377785
1827,0.6997,0,1,0,635794,40650,76533,49723,0.3219648967177797,0.550197514744448
1828,0.7,2305,3573,2305,639367,37077,78838,47418,0.2936652515524015,0.5611929699982248
1829,0.7007,0,1,0,639368,37076,78838,47418,0.29365733113673803,0.5611996118067555
1830,0.7008,0,3,0,639371,37073,78838,47418,0.2936335698897478,0.5612195381756637
1831,0.701,1,0,1,639371,37073,78839,47417,0.2936335698897478,0.5612143448928867
1832,0.7017,0,4,0,639375,37069,78839,47417,0.29360188822709415,0.5612409156546647
1833,0.702,1,2,1,639377,37067,78840,47416,0.2935860473957673,0.5612490086763018
1834,0.7025,6,5,6,639382,37062,78846,47410,0.2935464453174503,0.5612510654418033
1835,0.7027,0,1,0,639383,37061,78846,47410,0.29353852490178683,0.5612577097465402
1836,0.703,1,1,1,639384,37060,78847,47409,0.29353060448612345,0.5612591601652678
1837,0.7033,16,24,16,639408,37036,78863,47393,0.2933405145102015,0.5613355600563787
1838,0.704,1,7,1,639415,37029,78864,47392,0.2932850716005576,0.5613769085890952
1839,0.7043,1,2,1,639417,37027,78865,47391,0.2932692307692308,0.5613850126750219
1840,0.705,47,56,47,639473,36971,78912,47344,0.2928256874920796,0.5615133724722766
1841,0.7057,0,1,0,639474,36970,78912,47344,0.29281776707641616,0.5615200322603601
1842,0.7058,0,3,0,639477,36967,78912,47344,0.29279400582942594,0.5615400125724994
1843,0.706,4,2,4,639479,36965,78916,47340,0.2927781649980991,0.5615325306921297
1844,0.7062,0,1,0,639480,36964,78916,47340,0.29277024458243567,0.5615391914974378
1845,0.7065,1,1,1,639481,36963,78917,47339,0.2927623241667723,0.5615406514673436
1846,0.7067,20,36,20,639517,36927,78937,47319,0.29247718920288934,0.5616765187664696
1847,0.7068,0,1,0,639518,36926,78937,47319,0.29246926878722596,0.5616831859457535
1848,0.707,0,1,0,639519,36925,78937,47319,0.2924613483715625,0.5616898532833199
1849,0.7073,0,1,0,639520,36924,78937,47319,0.2924534279558991,0.5616965207791745
1850,0.7075,4,9,4,639529,36915,78941,47315,0.2923821442149284,0.5617357236139143
1851,0.708,2,5,2,639534,36910,78943,47313,0.2923425421366113,0.5617586644978213
1852,0.7082,1,0,1,639534,36910,78944,47312,0.2923425421366113,0.5617534610909264
1853,0.7083,5,5,5,639539,36905,78949,47307,0.29230294005829427,0.5617607941861017
1854,0.7085,0,1,0,639540,36904,78949,47307,0.2922950196426308,0.561767465058009
1855,0.7087,0,1,0,639541,36903,78949,47307,0.29228709922696744,0.5617741360883506
1856,0.7088,0,1,0,639542,36902,78949,47307,0.292279178811304,0.5617808072771319
1857,0.7092,0,1,0,639543,36901,78949,47307,0.2922712583956406,0.5617874786243587
1858,0.7093,1,2,1,639545,36899,78950,47306,0.2922554175643138,0.5617956178374206
1859,0.71,2208,3190,2208,642735,33709,81158,45098,0.26698929159802304,0.5722588094966183
1860,0.7102,1,1,1,642736,33708,81159,45097,0.26698137118235965,0.5722606433601929
1861,0.7108,0,2,0,642738,33706,81159,45097,0.2669655303510328,0.5722751671890665
1862,0.711,0,1,0,642739,33705,81159,45097,0.26695760993536943,0.572282429379965
1863,0.7113,0,1,0,642740,33704,81159,45097,0.266949689519706,0.5722896917551807
1864,0.7114,1,0,1,642740,33704,81160,45096,0.266949689519706,0.5722842639593909
1865,0.7115,0,1,0,642741,33703,81160,45096,0.2669417691040426,0.572291526542215
1866,0.7117,5,6,5,642747,33697,81165,45091,0.2668942466100621,0.5723079656800528
1867,0.712,2,0,2,642747,33697,81167,45089,0.2668942466100621,0.5722971086233595
1868,0.7122,0,1,0,642748,33696,81167,45089,0.26688632619439867,0.5723043726597703
1869,0.7125,10,14,10,642762,33682,81177,45079,0.26677544037511086,0.5723517984789426
1870,0.7127,1,1,1,642763,33681,81178,45078,0.2667675199594475,0.572353635774959
1871,0.7128,0,2,0,642765,33679,81178,45078,0.26675167912812064,0.5723681704483411
1872,0.713,0,1,0,642766,33678,81178,45078,0.26674375871245726,0.572375438061862
1873,0.7132,1,0,1,642766,33678,81179,45077,0.26674375871245726,0.5723700082534442
1874,0.7133,20,27,20,642793,33651,81199,45057,0.266529907489545,0.572457691721299
1875,0.7135,0,1,0,642794,33650,81199,45057,0.26652198707388164,0.5724649649967601
1876,0.7136,0,1,0,642795,33649,81199,45057,0.2665140666582182,0.5724722384570426
1877,0.7138,0,1,0,642796,33648,81199,45057,0.2665061462425548,0.5724795121021536
1878,0.714,3,6,3,642802,33642,81202,45054,0.2664586237485743,0.5725068618481244
1879,0.7142,1,1,1,642803,33641,81203,45053,0.26645070333291093,0.572508704602638
1880,0.7143,0,1,0,642804,33640,81203,45053,0.2664427829172475,0.5725159798203144
1881,0.7144,0,1,0,642805,33639,81203,45053,0.2664348625015841,0.5725232552228943
1882,0.7147,0,1,0,642806,33638,81203,45053,0.26642694208592066,0.572530530810385
1883,0.7148,1,0,1,642806,33638,81204,45052,0.26642694208592066,0.5725250984877367
1884,0.715,45,62,45,642868,33576,81249,45007,0.265935876314789,0.5727320158303959
1885,0.7152,2,0,2,642868,33576,81251,45005,0.265935876314789,0.572721141242794
1886,0.7155,0,2,0,642870,33574,81251,45005,0.26592003548346216,0.5727357181944286
1887,0.7157,0,1,0,642871,33573,81251,45005,0.26591211506779877,0.5727430069485098
1888,0.7158,0,1,0,642872,33572,81251,45005,0.26590419465213533,0.5727502958881098
1889,0.7159,0,3,0,642875,33569,81251,45005,0.2658804334051451,0.5727721638200931
1890,0.716,4,5,4,642880,33564,81255,45001,0.265840831326828,0.5727868643798129
1891,0.7162,0,1,0,642881,33563,81255,45001,0.2658329109111646,0.5727941550837534
1892,0.7163,0,1,0,642882,33562,81255,45001,0.2658249904955012,0.5728014459732953
1893,0.7165,2,1,2,642883,33561,81257,44999,0.2658170700798378,0.5727978615071283
1894,0.7167,26,31,26,642914,33530,81283,44973,0.26557153719427196,0.572882564997516
1895,0.7171,1,0,1,642914,33530,81284,44972,0.26557153719427196,0.5728771241497032
1896,0.7173,2,0,2,642914,33530,81286,44970,0.26557153719427196,0.5728662420382166
1897,0.7175,9,10,9,642924,33520,81295,44961,0.2654923330376378,0.5728902536919764
1898,0.7177,1,2,1,642926,33518,81296,44960,0.265476492206311,0.5728994112999821
1899,0.718,2,3,2,642929,33515,81298,44958,0.26545273095932076,0.5729104277904502
1900,0.7183,1,6,1,642935,33509,81299,44957,0.26540520846534027,0.5729487931078429
1901,0.7185,1,0,1,642935,33509,81300,44956,0.26540520846534027,0.5729433505384567
1902,0.7187,1,0,1,642935,33509,81301,44955,0.26540520846534027,0.5729379078303426
1903,0.7188,0,1,0,642936,33508,81301,44955,0.2653972880496768,0.5729452098441303
1904,0.719,1,1,1,642937,33507,81302,44954,0.26538936763401344,0.5729470692445928
1905,0.7192,0,1,0,642938,33506,81302,44954,0.26538144721835,0.5729543716543462
1906,0.7195,0,1,0,642939,33505,81302,44954,0.2653735268026866,0.5729616742502454
1907,0.7198,1,1,1,642940,33504,81303,44953,0.26536560638702317,0.5729635341652115
1908,0.72,2158,3010,2158,645950,30494,83461,42795,0.241525155240147,0.5839211887186344
1909,0.7207,0,2,0,645952,30492,83461,42795,0.24150931440882017,0.5839371239101069
1910,0.7208,1,4,1,645956,30488,83462,42794,0.24147763274616652,0.5839633197783903
1911,0.721,0,1,0,645957,30487,83462,42794,0.2414697123305031,0.583971288601411
1912,0.7212,2,1,2,645958,30486,83464,42792,0.24146179191483969,0.5839679030541226
1913,0.7213,0,2,0,645960,30484,83464,42792,0.24144595108351286,0.5839838419127682
1914,0.7214,0,1,0,645961,30483,83464,42792,0.24143803066784944,0.5839918116683726
1915,0.7217,2,6,2,645967,30477,83466,42790,0.24139050817386898,0.5840282801261141
1916,0.722,1,2,1,645969,30475,83467,42789,0.24137466734254215,0.5840385455339594
1917,0.7223,1,0,1,645969,30475,83468,42788,0.24137466734254215,0.5840328678869279
1918,0.7225,6,6,6,645975,30469,83474,42782,0.24132714484856166,0.5840466341756426
1919,0.7227,1,2,1,645977,30467,83475,42781,0.24131130401723483,0.5840569025775448
1920,0.7228,0,1,0,645978,30466,83475,42781,0.24130338360157141,0.5840648763771895
1921,0.7233,19,19,19,645997,30447,83494,42762,0.24115289570396656,0.584108511248617
1922,0.724,2,3,2,646000,30444,83496,42760,0.2411291344569763,0.5841210862794383
1923,0.7242,0,1,0,646001,30443,83496,42760,0.2411212140413129,0.5841290657486715
1924,0.7246,1,0,1,646001,30443,83497,42759,0.2411212140413129,0.584123384606978
1925,0.725,41,56,41,646057,30387,83538,42718,0.24067767076416172,0.5843375966076192
1926,0.7252,0,1,0,646058,30386,83538,42718,0.2406697503484983,0.5843455898446049
1927,0.7253,1,0,1,646058,30386,83539,42717,0.2406697503484983,0.5843399039711092
1928,0.7255,0,1,0,646059,30385,83539,42717,0.2406618299328349,0.5843478974583459
1929,0.7257,1,1,1,646060,30384,83540,42716,0.24065390951717147,0.5843502051983585
1930,0.7258,2,2,2,646062,30382,83542,42714,0.24063806868584464,0.5843548210572398
1931,0.726,2,13,2,646075,30369,83544,42712,0.24053510328222025,0.5844473939874933
1932,0.7262,0,2,0,646077,30367,83544,42712,0.24051926245089342,0.5844633889352618
1933,0.7265,0,1,0,646078,30366,83544,42712,0.24051134203523,0.5844713867374586
1934,0.7267,20,28,20,646106,30338,83564,42692,0.2402895703966544,0.5845816787621525
1935,0.7268,0,2,0,646108,30336,83564,42692,0.24027372956532758,0.5845976885578135
1936,0.7272,0,1,0,646109,30335,83564,42692,0.24026580914966417,0.5846056937844907
1937,0.7275,6,7,6,646116,30328,83570,42686,0.2402103662400203,0.5846276056646671
1938,0.728,3,4,3,646120,30324,83573,42683,0.24017868457736663,0.5846425685208267
1939,0.7283,2,6,2,646126,30318,83575,42681,0.24013116208338614,0.5846792421813998
1940,0.7285,1,0,1,646126,30318,83576,42680,0.24013116208338614,0.5846735527000739
1941,0.729,1,0,1,646126,30318,83577,42679,0.24013116208338614,0.5846678630628656
1942,0.7291,0,1,0,646127,30317,83577,42679,0.24012324166772273,0.5846758726505562
1943,0.7292,1,1,1,646128,30316,83578,42678,0.2401153212520593,0.5846781927281695
1944,0.7293,0,1,0,646129,30315,83578,42678,0.2401074008363959,0.5846862027865686
1945,0.73,2180,2841,2180,648970,27474,85758,40498,0.21760549993663666,0.5958041546519155
1946,0.7307,1,1,1,648971,27473,85759,40497,0.21759757952097325,0.5958069736648521
1947,0.7315,0,1,0,648972,27472,85759,40497,0.21758965910530984,0.5958157395283143
1948,0.7316,1,0,1,648972,27472,85760,40496,0.21758965910530984,0.5958097928436912
1949,0.7317,3,6,3,648978,27466,85763,40493,0.21754213661132937,0.5958445533336276
1950,0.7318,0,2,0,648980,27464,85763,40493,0.21752629578000254,0.5958620892623276
1951,0.732,1,3,1,648983,27461,85764,40492,0.2175025345330123,0.5958824481627006
1952,0.7325,7,4,7,648987,27457,85771,40485,0.21747085287035864,0.5958758941450061
1953,0.7327,0,1,0,648988,27456,85771,40485,0.21746293245469522,0.5958846646354926
1954,0.7333,18,18,18,649006,27438,85789,40467,0.21732036497275378,0.5959354981223769
1955,0.7335,0,1,0,649007,27437,85789,40467,0.21731244455709037,0.595944274269557
1956,0.7337,0,3,0,649010,27434,85789,40467,0.21728868331010012,0.5959706042620875
1957,0.734,4,5,4,649015,27429,85793,40463,0.21724908123178305,0.5959906910976256
1958,0.7342,1,5,1,649020,27424,85794,40462,0.21720947915346597,0.5960286362431134
1959,0.7347,0,1,0,649021,27423,85794,40462,0.21720155873780256,0.596037416218605
1960,0.735,38,43,38,649064,27380,85832,40424,0.21686098086427577,0.5961890153973217
1961,0.7352,1,0,1,649064,27380,85833,40423,0.21686098086427577,0.5961830597466189
1962,0.7357,0,3,0,649067,27377,85833,40423,0.21683721961728553,0.5962094395280236
1963,0.7358,2,2,2,649069,27375,85835,40421,0.2168213787859587,0.5962151159360434
1964,0.736,3,4,3,649073,27371,85838,40418,0.21678969712330504,0.5962324270899408
1965,0.7362,1,0,1,649073,27371,85839,40417,0.21678969712330504,0.5962264707617867
1966,0.7365,0,1,0,649074,27370,85839,40417,0.21678177670764162,0.5962352663490049
1967,0.7367,27,29,27,649103,27341,85866,40390,0.21655208465340262,0.596329597968434
1968,0.7375,7,15,7,649118,27326,85873,40383,0.2164332784184514,0.5964199737110281
1969,0.7379,0,1,0,649119,27325,85873,40383,0.21642535800278798,0.5964287824186212
1970,0.738,2,4,2,649123,27321,85875,40381,0.21639367634013432,0.5964520989040205
1971,0.7381,1,0,1,649123,27321,85876,40380,0.21639367634013432,0.5964461381663491
1972,0.7382,0,1,0,649124,27320,85876,40380,0.21638575592447093,0.5964549483013294
1973,0.7383,2,5,2,649129,27315,85878,40378,0.21634615384615385,0.5964870813821223
1974,0.7386,1,0,1,649129,27315,85879,40377,0.21634615384615385,0.5964811203687289
1975,0.7392,2,1,2,649130,27314,85881,40375,0.21633823343049044,0.5964780097209296
1976,0.7393,1,2,1,649132,27312,85882,40374,0.2163223925991636,0.5964896729013386
1977,0.7395,0,1,0,649133,27311,85882,40374,0.2163144721835002,0.5964984856319716
1978,0.74,2198,2607,2198,651740,24704,88080,38176,0.19566594854897984,0.6071246819338423
1979,0.7402,0,1,0,651741,24703,88080,38176,0.19565802813331643,0.6071343373781389
1980,0.7407,0,1,0,651742,24702,88080,38176,0.195650107717653,0.6071439931295525
1981,0.7408,2,0,2,651742,24702,88082,38174,0.195650107717653,0.607131496914562
1982,0.7413,1,3,1,651745,24699,88083,38173,0.1956263464706628,0.6071542180939051
1983,0.7415,0,1,0,651746,24698,88083,38173,0.19561842605499938,0.6071638752365955
1984,0.7417,0,4,0,651750,24694,88083,38173,0.19558674439234572,0.607202506879603
1985,0.742,3,3,3,651753,24691,88086,38170,0.19556298314535547,0.6072127392182752
1986,0.7425,7,12,7,651765,24679,88093,38163,0.1954679381573945,0.6072849368256898
1987,0.7427,1,0,1,651765,24679,88094,38162,0.1954679381573945,0.6072786874811031
1988,0.743,1,0,1,651765,24679,88095,38161,0.1954679381573945,0.6072724379376193
1989,0.7432,0,2,0,651767,24677,88095,38161,0.19545209732606766,0.6072917661287756
1990,0.7433,16,24,16,651791,24653,88111,38145,0.19526200735014573,0.6074238033058378
1991,0.744,2,6,2,651797,24647,88113,38143,0.19521448485616524,0.6074693422519509
1992,0.7442,1,1,1,651798,24646,88114,38142,0.19520656444050183,0.6074727654965917
1993,0.7445,0,2,0,651800,24644,88114,38142,0.195190723609175,0.6074921160768324
1994,0.7447,0,1,0,651801,24643,88114,38142,0.19518280319351158,0.6075017918292586
1995,0.745,47,48,47,651849,24595,88161,38095,0.19480262324166772,0.6076726750677939
1996,0.7453,1,0,1,651849,24595,88162,38094,0.19480262324166772,0.6076664167557306
1997,0.7457,1,2,1,651851,24593,88163,38093,0.1947867824103409,0.6076795456720799
1998,0.7458,0,3,0,651854,24590,88163,38093,0.19476302116335065,0.607708629133896
1999,0.746,5,8,5,651862,24582,88168,38088,0.19469965783804333,0.6077549066539014
2000,0.7467,27,27,27,651889,24555,88195,38061,0.19448580661513115,0.6078478344193178
2001,0.7468,0,1,0,651890,24554,88195,38061,0.19447788619946774,0.6078575421224947
2002,0.747,1,1,1,651891,24553,88196,38060,0.19446996578380432,0.6078609873348985
2003,0.7472,0,1,0,651892,24552,88196,38060,0.1944620453681409,0.6078706957132818
2004,0.7473,0,3,0,651895,24549,88196,38060,0.1944382841211507,0.6078998227091952
2005,0.7474,1,0,1,651895,24549,88197,38059,0.1944382841211507,0.6078935599284436
2006,0.7475,9,12,9,651907,24537,88206,38050,0.1943432391331897,0.6079537284100532
2007,0.7478,0,2,0,651909,24535,88206,38050,0.19432739830186288,0.6079731565071502
2008,0.748,5,3,5,651912,24532,88211,38045,0.19430363705487264,0.6079709797529443
2009,0.7483,4,4,4,651916,24528,88215,38041,0.19427195539221898,0.6079847847975834
2010,0.7488,1,1,1,651917,24527,88216,38040,0.19426403497655556,0.6079882366103537
2011,0.7492,0,1,0,651918,24526,88216,38040,0.19425611456089215,0.6079979541604066
2012,0.7493,1,1,1,651919,24525,88217,38039,0.19424819414522873,0.6080014065596829
2013,0.7495,0,1,0,651920,24524,88217,38039,0.19424027372956532,0.6080111247862154
2014,0.7498,1,0,1,651920,24524,88218,38038,0.19424027372956532,0.6080048591796937
2015,0.75,2275,2491,2275,654411,22033,90493,35763,0.174510518312001,0.6187798463561492
2016,0.7507,1,3,1,654414,22030,90494,35762,0.17448675706501077,0.6188053709856035
2017,0.7508,0,1,0,654415,22029,90494,35762,0.17447883664934735,0.6188160786281601
2018,0.751,0,1,0,654416,22028,90494,35762,0.17447091623368394,0.6188267866412874
2019,0.7517,5,9,5,654425,22019,90499,35757,0.17439963249271323,0.6188901966214345
2020,0.752,4,3,4,654428,22016,90503,35753,0.17437587124572299,0.6188959476535858
2021,0.7525,4,7,4,654435,22009,90507,35749,0.17432042833607908,0.6189445617923058
2022,0.7529,0,1,0,654436,22008,90507,35749,0.17431250792041567,0.6189552781481032
2023,0.7532,0,1,0,654437,22007,90507,35749,0.17430458750475225,0.6189659948749914
2024,0.7533,24,22,24,654459,21985,90531,35725,0.17413033836015715,0.6190434933287126
2025,0.7535,1,1,1,654460,21984,90532,35724,0.17412241794449373,0.6190476190476191
2026,0.7537,1,0,1,654460,21984,90533,35723,0.17412241794449373,0.6190410175541962
2027,0.7538,0,1,0,654461,21983,90533,35723,0.17411449752883032,0.6190517450525075
2028,0.754,0,3,0,654464,21980,90533,35723,0.17409073628184007,0.6190839297783477
2029,0.7542,2,2,2,654466,21978,90535,35721,0.17407489545051325,0.6190921853065045
2030,0.7543,0,2,0,654468,21976,90535,35721,0.17405905461918642,0.6191136454235056
2031,0.7548,1,1,1,654469,21975,90536,35720,0.174051134203523,0.6191177745038565
2032,0.755,35,52,35,654521,21923,90571,35685,0.17363927258902548,0.6194452159422302
2033,0.7556,0,1,0,654522,21922,90571,35685,0.17363135217336206,0.6194559688926693
2034,0.7557,1,3,1,654525,21919,90572,35684,0.17360759092637182,0.6194816242209608
2035,0.7558,1,1,1,654526,21918,90573,35683,0.1735996705107084,0.6194857728164441
2036,0.756,6,2,6,654528,21916,90579,35677,0.17358382967938157,0.6194676436372476
2037,0.7561,0,1,0,654529,21915,90579,35677,0.17357590926371816,0.6194783997777469
2038,0.7567,21,29,21,654558,21886,90600,35656,0.17334621720947915,0.6196517326474575
2039,0.7572,0,1,0,654559,21885,90600,35656,0.17333829679381574,0.6196625015206548
2040,0.7575,7,7,7,654566,21878,90607,35649,0.17328285388417183,0.6196916230639525
2041,0.7577,0,1,0,654567,21877,90607,35649,0.17327493346850842,0.6197023954385843
2042,0.7578,2,0,2,654567,21877,90609,35647,0.17327493346850842,0.6196891732146582
2043,0.758,3,4,3,654571,21873,90612,35644,0.17324325180585476,0.6197124328459412
2044,0.7583,5,3,5,654574,21870,90617,35639,0.17321949055886454,0.6197116972995531
2045,0.759,3,0,3,654574,21870,90620,35636,0.17321949055886454,0.6196918582408792
2046,0.7592,2,1,2,654575,21869,90622,35634,0.17321157014320113,0.6196894075091735
2047,0.7593,0,1,0,654576,21868,90622,35634,0.1732036497275377,0.6197001843414142
2048,0.7597,1,0,1,654576,21868,90623,35633,0.1732036497275377,0.6196935705465992
2049,0.76,2195,2330,2195,656906,19538,92818,33438,0.15474908123178305,0.631191482935669
2050,0.7601,1,0,1,656906,19538,92819,33437,0.15474908123178305,0.631184521000472
2051,0.7605,1,1,1,656907,19537,92820,33436,0.15474116081611963,0.6311894738829215
2052,0.7607,0,1,0,656908,19536,92820,33436,0.15473324040045622,0.631201389413275
2053,0.761,0,1,0,656909,19535,92820,33436,0.1547253199847928,0.6312133053935172
2054,0.7613,1,0,1,656909,19535,92821,33435,0.1547253199847928,0.6312063432131395
2055,0.7614,0,1,0,656910,19534,92821,33435,0.1547173995691294,0.6312182597368272
2056,0.7617,1,1,1,656911,19533,92822,33434,0.15470947915346597,0.6312232144542829
2057,0.7618,1,1,1,656912,19532,92823,33433,0.15470155873780256,0.6312281695459265
2058,0.762,0,2,0,656914,19530,92823,33433,0.15468571790647573,0.6312520061174782
2059,0.7625,7,8,7,656922,19522,92830,33426,0.1546223545811684,0.6312986326206844
2060,0.763,1,0,1,656922,19522,92831,33425,0.1546223545811684,0.6312916690275181
2061,0.7633,20,11,20,656933,19511,92851,33405,0.15453523000887087,0.6312835437296848
2062,0.7635,1,0,1,656933,19511,92852,33404,0.15453523000887087,0.6312765756401777
2063,0.7637,1,1,1,656934,19510,92853,33403,0.15452730959320746,0.6312815376183547
2064,0.764,3,3,3,656937,19507,92856,33400,0.1545035483462172,0.6312964258037689
2065,0.7642,1,3,1,656940,19504,92857,33399,0.15447978709922697,0.631325255656579
2066,0.7643,0,1,0,656941,19503,92857,33399,0.15447186668356355,0.631337189520245
2067,0.7644,0,1,0,656942,19502,92857,33399,0.15446394626790014,0.6313491238350882
2068,0.7645,1,0,1,656942,19502,92858,33398,0.15446394626790014,0.6313421550094518
2069,0.765,46,28,46,656970,19474,92904,33352,0.15424217462932455,0.6313557717790482
2070,0.7652,1,0,1,656970,19474,92905,33351,0.15424217462932455,0.631348793185045
2071,0.7653,1,1,1,656971,19473,92906,33350,0.15423425421366113,0.6313537663517785
2072,0.7657,1,0,1,656971,19473,92907,33349,0.15423425421366113,0.6313467873234637
2073,0.766,6,7,6,656978,19466,92913,33343,0.15417881130401723,0.6313885890662576
2074,0.7665,0,2,0,656980,19464,92913,33343,0.1541629704726904,0.6314125021303993
2075,0.7667,19,17,19,656997,19447,92932,33324,0.15402832340641237,0.6314832010005496
2076,0.767,1,0,1,656997,19447,92933,33323,0.15402832340641237,0.6314762175478491
2077,0.7671,0,1,0,656998,19446,92933,33323,0.15402040299074896,0.6314881843506605
2078,0.7672,0,1,0,656999,19445,92933,33323,0.15401248257508554,0.6315001516070345
2079,0.7675,6,8,6,657007,19437,92939,33317,0.15394911924977822,0.6315540053834781
2080,0.7677,0,2,0,657009,19435,92939,33317,0.1539332784184514,0.6315779496511981
2081,0.7678,0,1,0,657010,19434,92939,33317,0.15392535800278798,0.6315899224659248
2082,0.768,1,2,1,657012,19432,92940,33316,0.15390951717146115,0.6316068855691211
2083,0.7682,1,1,1,657013,19431,92941,33315,0.15390159675579773,0.6316118757820498
2084,0.7683,0,4,0,657017,19427,92941,33315,0.1538699150931441,0.6316597777862045
2085,0.7685,0,1,0,657018,19426,92941,33315,0.15386199467748068,0.6316717544225555
2086,0.7686,0,3,0,657021,19423,92941,33315,0.15383823343049044,0.6317076870567712
2087,0.7687,1,1,1,657022,19422,92942,33314,0.15383031301482702,0.6317126820388349
2088,0.7688,1,0,1,657022,19422,92943,33313,0.15383031301482702,0.631705698302835
2089,0.769,0,3,0,657025,19419,92943,33313,0.15380655176783678,0.6317416369566866
2090,0.7691,0,1,0,657026,19418,92943,33313,0.15379863135217337,0.6317536174166999
2091,0.7692,0,3,0,657029,19415,92943,33313,0.15377487010518312,0.6317895615232894
2092,0.7697,0,1,0,657030,19414,92943,33313,0.1537669496895197,0.6318015438010887
2093,0.77,2234,2027,2234,659057,17387,95177,31079,0.1377122671397795,0.6412536623612429
2094,0.7708,1,2,1,659059,17385,95178,31078,0.13769642630845266,0.6412727235210367
2095,0.7715,1,2,1,659061,17383,95179,31077,0.13768058547712583,0.6412917870408584
2096,0.7717,3,1,3,659062,17382,95182,31074,0.13767266506146242,0.641282813273898
2097,0.772,1,0,1,659062,17382,95183,31073,0.13767266506146242,0.6412754101743886
2098,0.7722,1,0,1,659062,17382,95184,31072,0.13767266506146242,0.641268006769307
2099,0.7725,4,5,4,659067,17377,95188,31068,0.13763306298314534,0.641304572195273
2100,0.7729,1,0,1,659067,17377,95189,31067,0.13763306298314534,0.6412971678639253
2101,0.7733,16,10,16,659077,17367,95205,31051,0.13755385882651122,0.6413110826552109
2102,0.7737,1,0,1,659077,17367,95206,31050,0.13755385882651122,0.6413036743292645
2103,0.7738,1,0,1,659077,17367,95207,31049,0.13755385882651122,0.6412962656972901
2104,0.774,4,6,4,659083,17361,95211,31045,0.13750633633253073,0.6413461141180845
2105,0.7742,0,2,0,659085,17359,95211,31045,0.1374904955012039,0.6413726138335675
2106,0.7746,0,1,0,659086,17358,95211,31045,0.1374825750855405,0.6413858645125302
2107,0.7747,0,1,0,659087,17357,95211,31045,0.13747465466987707,0.6413991157390191
2108,0.775,43,40,43,659127,17317,95254,31002,0.1371578380433405,0.641610960491732
2109,0.7753,0,1,0,659128,17316,95254,31002,0.1371499176276771,0.641624239413883
2110,0.7754,0,1,0,659129,17315,95254,31002,0.1371419972120137,0.6416375188856924
2111,0.7755,1,0,1,659129,17315,95255,31001,0.1371419972120137,0.6416301018296217
2112,0.7757,1,1,1,659130,17314,95256,31000,0.13713407679635028,0.6416359647307198
2113,0.7758,1,1,1,659131,17313,95257,30999,0.13712615638068687,0.6416418281172379
2114,0.776,5,2,5,659133,17311,95262,30994,0.13711031554936004,0.6416313011075458
2115,0.7762,1,1,1,659134,17310,95263,30993,0.13710239513369663,0.6416371653934538
2116,0.7763,1,0,1,659134,17310,95264,30992,0.13710239513369663,0.6416297461802823
2117,0.7767,21,19,21,659153,17291,95285,30971,0.13695190723609174,0.6417264100120177
2118,0.7768,0,1,0,659154,17290,95285,30971,0.13694398682042833,0.6417397070098009
2119,0.7773,0,2,0,659156,17288,95285,30971,0.1369281459891015,0.6417663026585715
2120,0.7774,0,1,0,659157,17287,95285,30971,0.13692022557343808,0.6417796013096274
2121,0.7775,8,8,8,659165,17279,95293,30963,0.1368568622481308,0.6418266241034783
2122,0.7779,0,1,0,659166,17278,95293,30963,0.13684894183246737,0.6418399286913621
2123,0.778,3,4,3,659170,17274,95296,30960,0.13681726016981371,0.6418708794626198
2124,0.7783,1,4,1,659174,17270,95297,30959,0.13678557850716005,0.6419166891289473
2125,0.7786,0,1,0,659175,17269,95297,30959,0.13677765809149664,0.6419299991706063
2126,0.779,1,2,1,659177,17267,95298,30958,0.1367618172601698,0.6419491964748575
2127,0.7792,0,1,0,659178,17266,95298,30958,0.1367538968445064,0.6419625082946251
2128,0.7797,0,2,0,659180,17264,95298,30958,0.13673805601317957,0.6419891335904774
2129,0.7798,0,2,0,659182,17262,95298,30958,0.13672221518185274,0.6420157610949814
2130,0.78,2134,2046,2134,661228,15216,97432,28824,0.12051704473450767,0.6544959128065395
2131,0.7807,2,1,2,661229,15215,97434,28822,0.12050912431884425,0.654495083679633
2132,0.7808,0,4,0,661233,15211,97434,28822,0.12047744265619059,0.6545545386414734
2133,0.781,2,1,2,661234,15210,97436,28820,0.12046952224052718,0.6545537133772428
2134,0.7817,4,0,4,661234,15210,97440,28816,0.12046952224052718,0.6545223277154408
2135,0.7818,0,1,0,661235,15209,97440,28816,0.12046160182486376,0.6545371947756956
2136,0.782,2,1,2,661236,15208,97442,28814,0.12045368140920036,0.6545363681795466
2137,0.7822,1,0,1,661236,15208,97443,28813,0.12045368140920036,0.6545285204788623
2138,0.7825,4,9,4,661245,15199,97447,28809,0.12038239766822963,0.654630976186148
2139,0.7827,0,1,0,661246,15198,97447,28809,0.12037447725256621,0.6546458517963051
2140,0.7833,13,9,13,661255,15189,97460,28796,0.12030319351159549,0.6546777310446743
2141,0.7834,1,0,1,661255,15189,97461,28795,0.12030319351159549,0.6546698799563477
2142,0.7839,0,1,0,661256,15188,97461,28795,0.12029527309593208,0.6546847645681286
2143,0.784,3,2,3,661258,15186,97464,28792,0.12027943226460525,0.6546909818545636
2144,0.7842,6,1,6,661259,15185,97470,28786,0.12027151184894183,0.6546587523595097
2145,0.7843,0,1,0,661260,15184,97470,28786,0.12026359143327842,0.6546736411189448
2146,0.7845,0,1,0,661261,15183,97470,28786,0.120255671017615,0.6546885305556187
2147,0.7847,0,1,0,661262,15182,97470,28786,0.12024775060195159,0.6547034206695779
2148,0.785,41,37,41,661299,15145,97511,28745,0.11995469522240527,0.6549327865117339
2149,0.7857,2,1,2,661300,15144,97513,28743,0.11994677480674186,0.654931984414519
2150,0.786,3,2,3,661302,15142,97516,28740,0.11993093397541503,0.6549382434711272
2151,0.7865,1,1,1,661303,15141,97517,28739,0.11992301355975162,0.6549453053783044
2152,0.7867,23,18,23,661321,15123,97540,28716,0.11978044607781016,0.6550331896256758
2153,0.7871,1,0,1,661321,15123,97541,28715,0.11978044607781016,0.655025320498198
2154,0.7873,0,1,0,661322,15122,97541,28715,0.11977252566214674,0.6550402627917057
2155,0.7875,9,7,9,661329,15115,97550,28706,0.11971708275250285,0.655074051253965
2156,0.7877,0,1,0,661330,15114,97550,28706,0.11970916233683944,0.6550890004564126
2157,0.788,5,2,5,661332,15112,97555,28701,0.11969332150551261,0.655079542601511
2158,0.7882,0,2,0,661334,15110,97555,28701,0.11967748067418578,0.6551094473990551
2159,0.7883,0,5,0,661339,15105,97555,28701,0.1196378785958687,0.6551842213395426
2160,0.7886,0,1,0,661340,15104,97555,28701,0.1196299581802053,0.6551991781760073
2161,0.7888,0,1,0,661341,15103,97555,28701,0.11962203776454189,0.6552141356953702
2162,0.7892,0,3,0,661344,15100,97555,28701,0.11959827651755164,0.6552590123513162
2163,0.79,2182,1794,2182,663138,13306,99737,26519,0.10538905081738689,0.6658882611424984
2164,0.7902,1,0,1,663138,13306,99738,26518,0.10538905081738689,0.6658798714343109
2165,0.7908,0,1,0,663139,13305,99738,26518,0.10538113040172348,0.6658965924214649
2166,0.791,1,1,1,663140,13304,99739,26517,0.10537320998606006,0.6659049245373044
2167,0.7917,3,4,3,663144,13300,99742,26514,0.10534152832340642,0.6659466519314814
2168,0.7918,1,1,1,663145,13299,99743,26513,0.105333607907743,0.6659549884456948
2169,0.792,2,2,2,663147,13297,99745,26511,0.10531776707641617,0.6659716639871383
2170,0.7923,1,0,1,663147,13297,99746,26510,0.10531776707641617,0.6659632727912176
2171,0.7925,4,5,4,663152,13292,99750,26506,0.1052781649980991,0.6660133675059048
2172,0.7933,17,15,17,663167,13277,99767,26489,0.10515935876314789,0.6661218126037318
2173,0.7935,0,1,0,663168,13276,99767,26489,0.10515143834748447,0.6661385640638753
2174,0.7937,1,0,1,663168,13276,99768,26488,0.10515143834748447,0.6661301679911478
2175,0.794,7,5,7,663173,13271,99775,26481,0.10511183626916741,0.6661551620044275
2176,0.7942,2,1,2,663174,13270,99777,26479,0.105103915853504,0.6661551233993308
2177,0.7948,1,0,1,663174,13270,99778,26478,0.105103915853504,0.66614672436349
2178,0.795,36,25,36,663199,13245,99814,26442,0.10490590546191864,0.6662635119812533
2179,0.7952,0,2,0,663201,13243,99814,26442,0.10489006463059182,0.666297089580446
2180,0.7957,0,1,0,663202,13242,99814,26442,0.1048821442149284,0.666313879649229
2181,0.796,6,5,6,663207,13237,99820,26436,0.10484254213661133,0.666347389912535
2182,0.7967,14,12,14,663219,13225,99834,26422,0.10474749714865036,0.6664312558327238
2183,0.797,0,2,0,663221,13223,99834,26422,0.10473165631732353,0.6664648757724808
2184,0.7975,6,1,6,663222,13222,99840,26416,0.10472373590166012,0.6664312023815531
2185,0.7977,0,1,0,663223,13221,99840,26416,0.1047158154859967,0.6664480157428665
2186,0.798,1,1,1,663224,13220,99841,26415,0.10470789507033329,0.6664564147849124
2187,0.7983,5,1,5,663225,13219,99846,26410,0.10469997465466988,0.6664311489061041
2188,0.7987,0,1,0,663226,13218,99846,26410,0.10469205423900646,0.6664479660845867
2189,0.7988,1,0,1,663226,13218,99847,26409,0.10469205423900646,0.66643954879249
2190,0.7992,1,0,1,663226,13218,99848,26408,0.10469205423900646,0.6664311310755564
2191,0.7993,0,1,0,663227,13217,99848,26408,0.10468413382334305,0.6664479495268139
2192,0.7996,1,1,1,663228,13216,99849,26407,0.10467621340767963,0.6664563511092042
2193,0.8,2145,1634,2145,664862,11582,101994,24262,0.09173425421366113,0.6768775806271622
2194,0.8002,1,0,1,664862,11582,101995,24261,0.09173425421366113,0.6768685656892559
2195,0.8007,0,1,0,664863,11581,101995,24261,0.09172633379799772,0.6768874504770939
2196,0.8008,0,1,0,664864,11580,101995,24261,0.0917184133823343,0.6769063363187411
2197,0.801,0,2,0,664866,11578,101995,24261,0.09170257255100747,0.6769441111638159
2198,0.8012,0,1,0,664867,11577,101995,24261,0.09169465213534406,0.6769630001674201
2199,0.8015,1,0,1,664867,11577,101996,24260,0.09169465213534406,0.6769539861037476
2200,0.8017,4,3,4,664870,11574,102000,24256,0.09167089088835383,0.676974602288585
2201,0.802,1,1,1,664871,11573,102001,24255,0.09166297047269041,0.6769844814111868
2202,0.8022,0,1,0,664872,11572,102001,24255,0.091655050057027,0.6770033773411115
2203,0.8023,1,0,1,664872,11572,102002,24254,0.091655050057027,0.6769943616368
2204,0.8025,3,10,3,664882,11562,102005,24251,0.09157584590039285,0.6771563398765811
2205,0.8027,0,1,0,664883,11561,102005,24251,0.09156792548472945,0.6771752485200492
2206,0.8032,0,1,0,664884,11560,102005,24251,0.09156000506906603,0.6771941582195414
2207,0.8033,18,8,18,664892,11552,102023,24233,0.09149664174375871,0.6771831773089283
2208,0.8035,1,0,1,664892,11552,102024,24232,0.09149664174375871,0.6771741560473955
2209,0.8037,1,0,1,664892,11552,102025,24231,0.09149664174375871,0.6771651342816422
2210,0.804,2,3,2,664895,11549,102027,24229,0.09147288049676847,0.6772038682989546
2211,0.8042,0,1,0,664896,11548,102027,24229,0.09146496008110505,0.6772227967688739
2212,0.8043,1,2,1,664898,11546,102028,24228,0.09144911924977824,0.6772516352658355
2213,0.8045,0,1,0,664899,11545,102028,24228,0.09144119883411482,0.6772705671875436
2214,0.8046,0,1,0,664900,11544,102028,24228,0.0914332784184514,0.6772895001677289
2215,0.8047,0,1,0,664901,11543,102028,24228,0.09142535800278799,0.6773084342064801
2216,0.805,37,27,37,664928,11516,102065,24191,0.09121150677987581,0.677486207186266
2217,0.8055,0,1,0,664929,11515,102065,24191,0.0912035863642124,0.6775051812020388
2218,0.8057,1,0,1,664929,11515,102066,24190,0.0912035863642124,0.6774961489987397
2219,0.8058,1,1,1,664930,11514,102067,24189,0.09119566594854898,0.6775060919250483
2220,0.806,6,5,6,664935,11509,102073,24183,0.09115606387023191,0.6775467891964586
2221,0.8067,11,13,11,664948,11496,102084,24172,0.09105309846660753,0.6776942918021757
2222,0.8071,0,1,0,664949,11495,102084,24172,0.09104517805094411,0.6777132923991365
2223,0.8072,0,1,0,664950,11494,102084,24172,0.0910372576352807,0.6777322940615712
2224,0.8075,8,6,8,664956,11488,102092,24164,0.09098973514130021,0.6777740379221362
2225,0.8077,0,1,0,664957,11487,102092,24164,0.0909818147256368,0.6777930492833301
2226,0.808,3,2,3,664959,11485,102095,24161,0.09096597389430998,0.6778039611737643
2227,0.8083,1,4,1,664963,11481,102096,24160,0.09093429223165632,0.6778709912740944
2228,0.8086,1,0,1,664963,11481,102097,24159,0.09093429223165632,0.6778619528619528
2229,0.8092,1,0,1,664963,11481,102098,24158,0.09093429223165632,0.677852913942591
2230,0.8093,0,1,0,664964,11480,102098,24158,0.0909263718159929,0.6778719344519895
2231,0.8096,1,0,1,664964,11480,102099,24157,0.0909263718159929,0.677862895305441
2232,0.8097,0,1,0,664965,11479,102099,24157,0.09091845140032949,0.6778819171624201
2233,0.81,2091,1551,2091,666516,9928,104190,22066,0.07863388670637435,0.6896918172157279
2234,0.8102,0,1,0,666517,9927,104190,22066,0.07862596629071093,0.6897133748007377
2235,0.8105,1,0,1,666517,9927,104191,22065,0.07862596629071093,0.6897036759189797
2236,0.8108,3,1,3,666518,9926,104194,22062,0.07861804587504752,0.6896961360510191
2237,0.811,1,1,1,666519,9925,104195,22061,0.0786101254593841,0.6897079972487964
2238,0.8117,1,2,1,666521,9923,104196,22060,0.07859428462805729,0.6897414251321015
2239,0.812,2,1,2,666522,9922,104198,22058,0.07858636421239387,0.6897435897435897
2240,0.8125,6,3,6,666525,9919,104204,22052,0.07856260296540363,0.6897500860154515
2241,0.8127,1,0,1,666525,9919,104205,22051,0.07856260296540363,0.6897403816077573
2242,0.8133,16,15,16,666540,9904,104221,22035,0.07844379673045242,0.6899088888193118
2243,0.814,5,0,5,666540,9904,104226,22030,0.07844379673045242,0.689860336944949
2244,0.8142,0,1,0,666541,9903,104226,22030,0.078435876314789,0.6898819403125294
2245,0.8143,0,2,0,666543,9901,104226,22030,0.07842003548346217,0.6899251511070746
2246,0.8146,0,1,0,666544,9900,104226,22030,0.07841211506779876,0.6899467585342938
2247,0.8148,0,1,0,666545,9899,104226,22030,0.07840419465213534,0.6899683673149801
2248,0.815,39,33,39,666578,9866,104265,21991,0.07814282093524268,0.6903035439620806
2249,0.8152,0,1,0,666579,9865,104265,21991,0.07813490051957926,0.6903252134605726
2250,0.8157,1,0,1,666579,9865,104266,21990,0.07813490051957926,0.6903154920734579
2251,0.8158,1,1,1,666580,9864,104267,21989,0.07812698010391585,0.6903274416852416
2252,0.8159,0,1,0,666581,9863,104267,21989,0.07811905968825245,0.6903491146552807
2253,0.816,5,3,5,666584,9860,104272,21984,0.0780952984412622,0.6903655319683457
2254,0.8167,17,10,17,666594,9850,104289,21967,0.07801609428462805,0.6904170726341264
2255,0.8168,1,0,1,666594,9850,104290,21966,0.07801609428462805,0.6904073422177521
2256,0.8171,0,1,0,666595,9849,104290,21966,0.07800817386896464,0.6904290429042904
2257,0.8175,11,4,11,666599,9845,104301,21955,0.07797649220631099,0.6904088050314465
2258,0.818,3,1,3,666600,9844,104304,21952,0.07796857179064758,0.6904013083406718
2259,0.8182,2,0,2,666600,9844,104306,21950,0.07796857179064758,0.690381833050261
2260,0.8183,5,4,5,666604,9840,104311,21945,0.07793689012799392,0.6904200094384143
2261,0.8192,1,0,1,666604,9840,104312,21944,0.07793689012799392,0.6904102693178958
2262,0.8194,0,2,0,666606,9838,104312,21944,0.07792104929666709,0.6904537159398402
2263,0.82,2068,1382,2068,667988,8456,106380,19876,0.06697503484982892,0.7015388959480446
2264,0.8208,0,1,0,667989,8455,106380,19876,0.0669671144341655,0.7015636581836151
2265,0.8217,2,1,2,667990,8454,106382,19874,0.06695919401850209,0.7015673538548433
2266,0.822,1,0,1,667990,8454,106383,19873,0.06695919401850209,0.7015568185829774
2267,0.8221,0,1,0,667991,8453,106383,19873,0.06695127360283867,0.7015815858222129
2268,0.8225,3,6,3,667997,8447,106386,19870,0.0669037511088582,0.7016986262669068
2269,0.8227,3,0,3,667997,8447,106389,19867,0.0669037511088582,0.7016670198488381
2270,0.8233,11,10,11,668007,8437,106400,19856,0.06682454695222405,0.7017990315625773
2271,0.8235,0,1,0,668008,8436,106400,19856,0.06681662653656063,0.7018238371271031
2272,0.8237,0,1,0,668009,8435,106400,19856,0.06680870612089722,0.70184864444523
2273,0.824,1,3,1,668012,8432,106401,19855,0.06678494487390699,0.7019125393290204
2274,0.8242,1,0,1,668012,8432,106402,19854,0.06678494487390699,0.701902000989889
2275,0.8243,0,1,0,668013,8431,106402,19854,0.06677702445824357,0.7019268163337458
2276,0.8246,0,1,0,668014,8430,106402,19854,0.06676910404258016,0.7019516334323292
2277,0.825,29,35,29,668049,8395,106431,19825,0.06649188949436066,0.7025159461374911
2278,0.8252,0,1,0,668050,8394,106431,19825,0.06648396907869725,0.7025408412771537
2279,0.8253,2,2,2,668052,8392,106433,19823,0.06646812824737042,0.7025695552011342
2280,0.8258,1,1,1,668053,8391,106434,19822,0.066460207831707,0.7025839152163896
2281,0.826,6,2,6,668055,8389,106440,19816,0.06644436700038019,0.7025704662293919
2282,0.8262,0,1,0,668056,8388,106440,19816,0.06643644658471677,0.7025953765423344
2283,0.8267,17,11,17,668067,8377,106457,19799,0.0663493220124192,0.7026902328222601
2284,0.8275,9,7,9,668074,8370,106466,19790,0.06629387910277532,0.7027698863636364
2285,0.828,1,0,1,668074,8370,106467,19789,0.06629387910277532,0.7027593309421499
2286,0.8283,2,2,2,668076,8368,106469,19787,0.06627803827144849,0.7027881370982063
2287,0.8285,0,1,0,668077,8367,106469,19787,0.06627011785578507,0.7028130993819706
2288,0.8287,1,1,1,668078,8366,106470,19786,0.06626219744012166,0.7028275078147201
2289,0.8292,1,0,1,668078,8366,106471,19785,0.06626219744012166,0.7028169514404462
2290,0.8293,1,0,1,668078,8366,106472,19784,0.06626219744012166,0.7028063943161634
2291,0.83,1928,1192,1928,669270,7174,108400,17856,0.05682106196933215,0.7133839392728726
2292,0.8305,0,1,0,669271,7173,108400,17856,0.05681314155366873,0.7134124415677814
2293,0.8307,1,0,1,669271,7173,108401,17855,0.05681314155366873,0.7134009908902029
2294,0.8308,2,1,2,669272,7172,108403,17853,0.056805221138005325,0.7134065934065934
2295,0.831,2,0,2,669272,7172,108405,17851,0.056805221138005325,0.7133836870079527
2296,0.8312,1,0,1,669272,7172,108406,17850,0.056805221138005325,0.7133722324354568
2297,0.8315,1,0,1,669272,7172,108407,17849,0.056805221138005325,0.7133607769473642
2298,0.8317,2,2,2,669274,7170,108409,17847,0.056789380306678496,0.7133948914737979
2299,0.8318,1,0,1,669274,7170,108410,17846,0.056789380306678496,0.7133834346018548
2300,0.832,1,0,1,669274,7170,108411,17845,0.056789380306678496,0.7133719768139116
2301,0.8323,1,0,1,669274,7170,108412,17844,0.056789380306678496,0.7133605181098585
2302,0.8325,3,3,3,669277,7167,108415,17841,0.05676561905968825,0.713411708253359
2303,0.8327,1,1,1,669278,7166,108416,17840,0.056757698644024836,0.7134287770934976
2304,0.833,1,0,1,669278,7166,108417,17839,0.056757698644024836,0.7134173165366927
2305,0.8332,0,1,0,669279,7165,108417,17839,0.05674977822836143,0.7134458486642137
2306,0.8333,18,7,18,669286,7158,108435,17821,0.05669433531871752,0.7134392890027623
2307,0.8335,2,0,2,669286,7158,108437,17819,0.05669433531871752,0.7134163430355928
2308,0.834,4,3,4,669289,7155,108441,17815,0.056670574071727285,0.7134561473768523
2309,0.8342,0,1,0,669290,7154,108441,17815,0.05666265365606387,0.7134847210541071
2310,0.8343,1,1,1,669291,7153,108442,17814,0.056654733240400455,0.7135018224055754
2311,0.8344,0,1,0,669292,7152,108442,17814,0.05664681282473704,0.7135304013458303
2312,0.835,24,19,24,669311,7133,108466,17790,0.05649632492713218,0.7137984993780845
2313,0.8354,1,0,1,669311,7133,108467,17789,0.05649632492713218,0.7137870154883236
2314,0.8357,1,0,1,669311,7133,108468,17788,0.05649632492713218,0.7137755306769391
2315,0.8358,1,1,1,669312,7132,108469,17787,0.05648840451146876,0.7137926883101248
2316,0.836,2,1,2,669313,7131,108471,17785,0.05648048409580535,0.7137983624979932
2317,0.8367,11,6,11,669319,7125,108482,17774,0.056432961601824864,0.7138439294750794
2318,0.8375,6,3,6,669322,7122,108488,17768,0.05640920035483462,0.7138609883487345
2319,0.838,1,1,1,669323,7121,108489,17767,0.056401279939171205,0.7138781742205079
2320,0.8383,4,0,4,669323,7121,108493,17763,0.056401279939171205,0.713832181321331
2321,0.8385,1,0,1,669323,7121,108494,17762,0.056401279939171205,0.7138206807860789
2322,0.839,0,2,0,669325,7119,108494,17762,0.05638543910784438,0.7138780595635223
2323,0.8392,0,1,0,669326,7118,108494,17762,0.05637751869218097,0.7139067524115755
2324,0.8395,1,0,1,669326,7118,108495,17761,0.05637751869218097,0.7138952530246393
2325,0.84,1867,1110,1867,670436,6008,110362,15894,0.04758585730579141,0.7256871518582778
2326,0.8402,1,0,1,670436,6008,110363,15893,0.04758585730579141,0.7256746267293731
2327,0.8408,3,1,3,670437,6007,110366,15890,0.04757793689012799,0.7256701831301091
2328,0.8417,2,0,2,670437,6007,110368,15888,0.04757793689012799,0.7256451244576387
2329,0.842,3,0,3,670437,6007,110371,15885,0.04757793689012799,0.7256075278640599
2330,0.8425,3,3,3,670440,6004,110374,15882,0.04755417564313775,0.7256693776843645
2331,0.8433,12,12,12,670452,5992,110386,15870,0.04745913065517678,0.7259171164577807
2332,0.8437,1,0,1,670452,5992,110387,15869,0.04745913065517678,0.7259045789305155
2333,0.844,3,3,3,670455,5989,110390,15866,0.04743536940818654,0.7259665980324869
2334,0.8442,0,1,0,670456,5988,110390,15866,0.04742744899252313,0.7259998169671456
2335,0.8443,0,1,0,670457,5987,110390,15866,0.047419528576859715,0.7260330389420216
2336,0.8445,1,0,1,670457,5987,110391,15865,0.047419528576859715,0.7260205015559217
2337,0.8447,1,0,1,670457,5987,110392,15864,0.047419528576859715,0.7260079630222873
2338,0.845,29,15,29,670472,5972,110421,15835,0.047300722341908505,0.7261429816114092
2339,0.8458,1,0,1,670472,5972,110422,15834,0.047300722341908505,0.7261304228194075
2340,0.846,5,1,5,670473,5971,110427,15829,0.04729280192624509,0.7261009174311926
2341,0.8462,1,1,1,670474,5970,110428,15828,0.047284881510581675,0.7261216625378475
2342,0.8465,0,1,0,670475,5969,110428,15828,0.04727696109491826,0.7261549754553379
2343,0.8467,11,8,11,670483,5961,110439,15817,0.04721359776961095,0.7262834052713748
2344,0.847,1,0,1,670483,5961,110440,15816,0.04721359776961095,0.7262708362033338
2345,0.8475,8,3,8,670486,5958,110448,15808,0.04718983652262071,0.7262703298722779
2346,0.8477,2,0,2,670486,5958,110450,15806,0.04718983652262071,0.726245175519206
2347,0.848,0,1,0,670487,5957,110450,15806,0.047181916106957295,0.7262785461563204
2348,0.8483,1,0,1,670487,5957,110451,15805,0.047181916106957295,0.7262659682014521
2349,0.8485,1,0,1,670487,5957,110452,15804,0.047181916106957295,0.7262533890905749
2350,0.8492,2,1,2,670488,5956,110454,15802,0.04717399569129388,0.7262616049269234
2351,0.8497,0,1,0,670489,5955,110454,15802,0.047166075275630465,0.726294985521901
2352,0.85,1831,1037,1831,671526,4918,112285,13971,0.03895260423267013,0.7396368256657314
2353,0.8502,1,3,1,671529,4915,112286,13970,0.03892884298567989,0.7397405348159916
2354,0.8512,0,1,0,671530,4914,112286,13970,0.038920922570016475,0.7397797076890489
2355,0.8513,1,0,1,671530,4914,112287,13969,0.038920922570016475,0.7397659270243075
2356,0.8514,1,0,1,671530,4914,112288,13968,0.038920922570016475,0.7397521448999047
2357,0.8515,1,1,1,671531,4913,112289,13967,0.03891300215435306,0.7397775423728814
2358,0.8517,5,3,5,671534,4910,112294,13962,0.038889240907362815,0.739826197541331
2359,0.852,2,1,2,671535,4909,112296,13960,0.03888132049169941,0.7398378292437331
2360,0.8522,0,1,0,671536,4908,112296,13960,0.03887340007603599,0.739877040491838
2361,0.8525,1,4,1,671540,4904,112297,13959,0.03884171841338233,0.7400201452579123
2362,0.8529,2,1,2,671541,4903,112299,13957,0.03883379799771892,0.7400318133616118
2363,0.8533,19,8,19,671549,4895,112318,13938,0.038770434672411605,0.7400838952901821
2364,0.8535,0,1,0,671550,4894,112318,13938,0.0387625142567482,0.7401231945624469
2365,0.854,2,2,2,671552,4892,112320,13936,0.03874667342542137,0.7401742086254515
2366,0.8543,1,1,1,671553,4891,112321,13935,0.03873875300975795,0.7401997237862531
2367,0.855,22,13,22,671566,4878,112343,13913,0.03863578760613357,0.7404076419562556
2368,0.8557,0,1,0,671567,4877,112343,13913,0.03862786719047016,0.740447046301224
2369,0.8558,1,1,1,671568,4876,112344,13912,0.03861994677480674,0.7404726421119864
2370,0.856,3,3,3,671571,4873,112347,13909,0.0385961855278165,0.7405494622510914
2371,0.8563,0,1,0,671572,4872,112347,13909,0.03858826511215309,0.74058889303019
2372,0.8567,13,2,13,671574,4870,112360,13896,0.03857242428082626,0.7404881168069913
2373,0.8571,2,1,2,671575,4869,112362,13894,0.038564503865162844,0.7404999200554282
2374,0.8575,5,3,5,671578,4866,112367,13889,0.0385407426181726,0.7405491868834977
2375,0.858,4,3,4,671581,4863,112371,13885,0.03851698137118236,0.7406123319820781
2376,0.8583,4,4,4,671585,4859,112375,13881,0.0384852997085287,0.7407150480256136
2377,0.8588,2,0,2,671585,4859,112377,13879,0.0384852997085287,0.7406873732522148
2378,0.8592,1,0,1,671585,4859,112378,13878,0.0384852997085287,0.7406735336499973
2379,0.8597,0,1,0,671586,4858,112378,13878,0.03847737929286529,0.7407130657557643
2380,0.86,1739,891,1739,672477,3967,114117,12139,0.0314202889367634,0.7536942754253073
2381,0.8608,2,0,2,672477,3967,114119,12137,0.0314202889367634,0.7536636860407352
2382,0.861,0,1,0,672478,3966,114119,12137,0.031412368521099986,0.7537104887288083
2383,0.8617,0,3,0,672481,3963,114119,12137,0.03138860727410975,0.7538509316770187
2384,0.862,1,1,1,672482,3962,114120,12136,0.03138068685844633,0.7538824698720338
2385,0.8623,0,1,0,672483,3961,114120,12136,0.03137276644278292,0.7539293035969435
2386,0.8625,4,2,4,672485,3959,114124,12132,0.03135692561145609,0.7539618420234914
2387,0.8633,11,2,11,672487,3957,114135,12121,0.03134108478012926,0.7538872994153502
2388,0.8637,1,0,1,672487,3957,114136,12120,0.03134108478012926,0.7538719910431051
2389,0.8639,0,1,0,672488,3956,114136,12120,0.03133316436446585,0.7539188852948495
2390,0.8648,1,0,1,672488,3956,114137,12119,0.03133316436446585,0.7539035769828927
2391,0.865,26,13,26,672501,3943,114163,12093,0.031230198960841466,0.7541157395859317
2392,0.8658,2,1,2,672502,3942,114165,12091,0.03122227854517805,0.7541321025385143
2393,0.866,3,2,3,672504,3940,114168,12088,0.03120643771385122,0.7541801846768156
2394,0.8667,7,6,7,672510,3934,114175,12081,0.03115891521987074,0.7543552919138308
2395,0.867,1,0,1,672510,3934,114176,12080,0.03115891521987074,0.7543399525415262
2396,0.8671,0,1,0,672511,3933,114176,12080,0.031150994804207324,0.7543870605133329
2397,0.8675,9,3,9,672514,3930,114185,12071,0.031127233557217082,0.7543903506030873
2398,0.8678,1,0,1,672514,3930,114186,12070,0.031127233557217082,0.754375
2399,0.868,0,2,0,672516,3928,114186,12070,0.031111392725890256,0.754469308663583
2400,0.8683,2,1,2,672517,3927,114188,12068,0.03110347231022684,0.7544857768052516
2401,0.8692,0,1,0,672518,3926,114188,12068,0.031095551894563426,0.7545329498561961
2402,0.8696,0,1,0,672519,3925,114188,12068,0.031087631478900014,0.7545801288063528
2403,0.8697,0,1,0,672520,3924,114188,12068,0.0310797110632366,0.7546273136568284
2404,0.87,1655,716,1655,673236,3208,115843,10413,0.025408693448232163,0.7644813156155935
2405,0.8705,1,0,1,673236,3208,115844,10412,0.025408693448232163,0.7644640234948605
2406,0.8707,1,1,1,673237,3207,115845,10411,0.025400773032568748,0.7645028638566603
2407,0.8708,0,1,0,673238,3206,115845,10411,0.025392852616905336,0.7645590071234486
2408,0.8711,1,0,1,673238,3206,115846,10410,0.025392852616905336,0.7645417156286721
2409,0.8717,2,0,2,673238,3206,115848,10408,0.025392852616905336,0.7645071250183635
2410,0.8718,1,0,1,673238,3206,115849,10407,0.025392852616905336,0.7644898259017116
2411,0.872,1,1,1,673239,3205,115850,10406,0.02538493220124192,0.7645286900301227
2412,0.8722,0,1,0,673240,3204,115850,10406,0.025377011785578506,0.7645848640705364
2413,0.8725,3,1,3,673241,3203,115853,10403,0.02536909136991509,0.7645891518447744
2414,0.8729,2,0,2,673241,3203,115855,10401,0.02536909136991509,0.7645545427815349
2415,0.873,0,1,0,673242,3202,115855,10401,0.02536117095425168,0.7646107476291994
2416,0.8733,8,1,8,673243,3201,115863,10393,0.025353250538588265,0.7645284684419597
2417,0.874,3,0,3,673243,3201,115866,10390,0.025353250538588265,0.7644764917960415
2418,0.8742,0,2,0,673245,3199,115866,10390,0.02533740970726144,0.7645890058135256
2419,0.875,24,7,24,673252,3192,115890,10366,0.025281966797617537,0.7645670452869154
2420,0.8757,0,1,0,673253,3191,115890,10366,0.025274046381954126,0.7646234417644021
2421,0.8758,1,0,1,673253,3191,115891,10365,0.025274046381954126,0.7646060784892299
2422,0.876,3,0,3,673253,3191,115894,10362,0.025274046381954126,0.7645539732900465
2423,0.8767,6,3,6,673256,3188,115900,10356,0.025250285134963885,0.764619019492026
2424,0.8775,3,3,3,673259,3185,115903,10353,0.02522652388797364,0.7647362978283351
2425,0.8778,0,1,0,673260,3184,115903,10353,0.02521860347231023,0.7647927901307527
2426,0.878,1,1,1,673261,3183,115904,10352,0.025210683056646813,0.76483191725157
2427,0.8783,3,2,3,673263,3181,115907,10349,0.025194842225319983,0.7648928307464893
2428,0.8785,1,0,1,673263,3181,115908,10348,0.025194842225319983,0.7648754527311701
2429,0.8786,1,0,1,673263,3181,115909,10347,0.025194842225319983,0.7648580721466588
2430,0.8792,1,0,1,673263,3181,115910,10346,0.025194842225319983,0.7648406889923856
2431,0.88,1522,626,1522,673889,2555,117432,8824,0.020236662020022812,0.7754635732489674
2432,0.8805,1,1,1,673890,2554,117433,8823,0.020228741604359397,0.7755119978904808
2433,0.8808,1,0,1,673890,2554,117434,8822,0.020228741604359397,0.775492264416315
2434,0.881,0,1,0,673891,2553,117434,8822,0.020220821188695982,0.7755604395604395
2435,0.8817,4,3,4,673894,2550,117438,8818,0.02019705994170574,0.775686136523575
2436,0.8823,1,0,1,673894,2550,117439,8817,0.02019705994170574,0.7756664027447876
2437,0.8825,4,4,4,673898,2546,117443,8813,0.020165378279052085,0.7758605511048507
2438,0.8832,1,0,1,673898,2546,117444,8812,0.020165378279052085,0.7758408170452544
2439,0.8833,10,4,10,673902,2542,117454,8802,0.02013369661639843,0.775916784203103
2440,0.8839,1,0,1,673902,2542,117455,8801,0.02013369661639843,0.7758970290046725
2441,0.884,1,0,1,673902,2542,117456,8800,0.02013369661639843,0.7758772703226944
2442,0.8847,1,0,1,673902,2542,117457,8799,0.02013369661639843,0.7758575081562472
2443,0.885,21,6,21,673908,2536,117478,8778,0.020086174122417946,0.7758529255789287
2444,0.8858,0,1,0,673909,2535,117478,8778,0.02007825370675453,0.7759215062317688
2445,0.886,5,3,5,673912,2532,117483,8773,0.02005449245976429,0.7760283060592658
2446,0.8867,18,3,18,673915,2529,117501,8755,0.020030731212774048,0.7758773484579936
2447,0.8868,0,1,0,673916,2528,117501,8755,0.020022810797110633,0.7759461136222636
2448,0.887,1,0,1,673916,2528,117502,8754,0.020022810797110633,0.7759262542102464
2449,0.8875,2,2,2,673918,2526,117504,8752,0.020006969965783803,0.7760241177513744
2450,0.888,2,0,2,673918,2526,117506,8750,0.020006969965783803,0.775984391628237
2451,0.8882,1,0,1,673918,2526,117507,8749,0.020006969965783803,0.7759645232815965
2452,0.8883,1,0,1,673918,2526,117508,8748,0.020006969965783803,0.7759446514103246
2453,0.8885,1,0,1,673918,2526,117509,8747,0.020006969965783803,0.7759247760134835
2454,0.889,1,0,1,673918,2526,117510,8746,0.020006969965783803,0.7759048970901349
2455,0.8892,1,0,1,673918,2526,117511,8745,0.020006969965783803,0.7758850146393399
2456,0.89,1361,544,1361,674462,1982,118872,7384,0.01569826384488658,0.788383514840914
2457,0.8902,1,0,1,674462,1982,118873,7383,0.01569826384488658,0.788360918312867
2458,0.8907,1,1,1,674463,1981,118874,7382,0.015690343429223166,0.7884225141514472
2459,0.8908,1,0,1,674463,1981,118875,7381,0.015690343429223166,0.7883999145481735
2460,0.891,1,0,1,674463,1981,118876,7380,0.015690343429223166,0.7883773101164405
2461,0.8915,0,1,0,674464,1980,118876,7380,0.01568242301355975,0.7884615384615384
2462,0.8917,2,0,2,674464,1980,118878,7378,0.01568242301355975,0.7884163282752725
2463,0.8921,1,0,1,674464,1980,118879,7377,0.01568242301355975,0.7883937159345944
2464,0.8925,5,1,5,674465,1979,118884,7372,0.015674502597896336,0.7883648807614159
2465,0.8933,7,0,7,674465,1979,118891,7365,0.015674502597896336,0.7882063356164384
2466,0.8935,0,1,0,674466,1978,118891,7365,0.015666582182232925,0.7882906989189767
2467,0.894,3,3,3,674469,1975,118894,7362,0.01564282093524268,0.7884759558744778
2468,0.895,17,8,17,674477,1967,118911,7345,0.01557945760993537,0.7887671821305842
2469,0.8956,0,2,0,674479,1965,118911,7345,0.015563616778608541,0.7889366272824919
2470,0.8957,1,0,1,674479,1965,118912,7344,0.015563616778608541,0.7889139542378344
2471,0.8958,0,1,0,674480,1964,118912,7344,0.015555696362945128,0.7889987107864203
2472,0.896,3,1,3,674481,1963,118915,7341,0.015547775947281713,0.7890154772141015
2473,0.8963,1,0,1,674481,1963,118916,7340,0.015547775947281713,0.7889927980221434
2474,0.8964,0,1,0,674482,1962,118916,7340,0.0155398555316183,0.7890776177166201
2475,0.8967,17,5,17,674487,1957,118933,7323,0.015500253453301228,0.7891163793103448
2476,0.8973,1,0,1,674487,1957,118934,7322,0.015500253453301228,0.7890936523332256
2477,0.8975,4,4,4,674491,1953,118938,7318,0.015468571790647574,0.7893431129328012
2478,0.898,3,0,3,674491,1953,118941,7315,0.015468571790647574,0.7892749244712991
2479,0.8982,1,0,1,674491,1953,118942,7314,0.015468571790647574,0.7892521851731952
2480,0.8983,5,1,5,674492,1952,118947,7309,0.015460651374984159,0.7892236259583199
2481,0.899,2,0,2,674492,1952,118949,7307,0.015460651374984159,0.7891780969867156
2482,0.8997,1,0,1,674492,1952,118950,7306,0.015460651374984159,0.7891553251242169
2483,0.9,1299,467,1299,674959,1485,120249,6007,0.011761817260169814,0.8017885744794447
2484,0.9003,1,0,1,674959,1485,120250,6006,0.011761817260169814,0.801762114537445
2485,0.9007,1,0,1,674959,1485,120251,6005,0.011761817260169814,0.80173564753004
2486,0.9015,1,0,1,674959,1485,120252,6004,0.011761817260169814,0.8017091734543997
2487,0.9016,1,0,1,674959,1485,120253,6003,0.011761817260169814,0.8016826923076923
2488,0.9017,2,0,2,674959,1485,120255,6001,0.011761817260169814,0.8016297087897408
2489,0.902,1,0,1,674959,1485,120256,6000,0.011761817260169814,0.8016032064128257
2490,0.9025,4,3,4,674962,1482,120260,5996,0.011738056013179572,0.801818668093073
2491,0.9029,1,0,1,674962,1482,120261,5995,0.011738056013179572,0.8017921626320716
2492,0.903,1,0,1,674962,1482,120262,5994,0.011738056013179572,0.8017656500802568
2493,0.9031,1,1,1,674963,1481,120263,5993,0.011730135597516157,0.8018464008563019
2494,0.9033,5,4,5,674967,1477,120268,5988,0.011698453934862501,0.8021433355659745
2495,0.904,1,0,1,674967,1477,120269,5987,0.011698453934862501,0.8021168274383709
2496,0.9043,5,0,5,674967,1477,120274,5982,0.011698453934862501,0.8019841801850114
2497,0.9045,1,0,1,674967,1477,120275,5981,0.011698453934862501,0.8019576293912577
2498,0.9047,0,1,0,674968,1476,120275,5981,0.011690533519199088,0.8020651736623307
2499,0.905,24,7,24,674975,1469,120299,5957,0.01163509060955519,0.8021815243738217
2500,0.9055,1,0,1,674975,1469,120300,5956,0.01163509060955519,0.8021548821548822
2501,0.9058,1,0,1,674975,1469,120301,5955,0.01163509060955519,0.8021282327586207
2502,0.906,2,0,2,674975,1469,120303,5953,0.01163509060955519,0.8020749124225276
2503,0.9067,13,5,13,674980,1464,120316,5940,0.011595488531238119,0.8022690437601296
2504,0.907,1,0,1,674980,1464,120317,5939,0.011595488531238119,0.8022423341888424
2505,0.9072,0,1,0,674981,1463,120317,5939,0.011587568115574706,0.8023507160226966
2506,0.9075,3,3,3,674984,1460,120320,5936,0.011563806868584464,0.8025959978366685
2507,0.9087,0,1,0,674985,1459,120320,5936,0.01155588645292105,0.8027045300878972
2508,0.9097,0,1,0,674986,1458,120320,5936,0.011547966037257636,0.8028130916959697
2509,0.91,1108,351,1108,675337,1107,121428,4828,0.008767900139399315,0.8134793597304129
2510,0.9101,1,0,1,675337,1107,121429,4827,0.008767900139399315,0.8134479271991911
2511,0.9103,1,0,1,675337,1107,121430,4826,0.008767900139399315,0.8134164840721388
2512,0.9108,0,2,0,675339,1105,121430,4826,0.008752059308072487,0.8136907772719609
2513,0.9117,1,1,1,675340,1104,121431,4825,0.008744138892409074,0.8137965930173723
2514,0.9121,1,0,1,675340,1104,121432,4824,0.008744138892409074,0.8137651821862348
2515,0.9125,3,0,3,675340,1104,121435,4821,0.008744138892409074,0.8136708860759494
2516,0.9133,9,4,9,675344,1100,121444,4812,0.008712457229755418,0.8139377537212449
2517,0.9143,1,0,1,675344,1100,121445,4811,0.008712457229755418,0.8139062764337676
2518,0.915,22,4,22,675348,1096,121467,4789,0.008680775567101761,0.8137638062871708
2519,0.9155,2,0,2,675348,1096,121469,4787,0.008680775567101761,0.813700492945776
2520,0.916,2,0,2,675348,1096,121471,4785,0.008680775567101761,0.8136371365414046
2521,0.9167,12,3,12,675351,1093,121483,4773,0.00865701432011152,0.813672008182748
2522,0.917,1,0,1,675351,1093,121484,4772,0.00865701432011152,0.8136402387041773
2523,0.9174,0,1,0,675352,1092,121484,4772,0.008649093904448105,0.8137789904502046
2524,0.9175,5,5,5,675357,1087,121489,4767,0.008609491826131035,0.8143149982917663
2525,0.918,3,0,3,675357,1087,121492,4764,0.008609491826131035,0.8142197914886344
2526,0.9183,0,1,0,675358,1086,121492,4764,0.00860157141046762,0.8143589743589743
2527,0.9186,1,0,1,675358,1086,121493,4763,0.00860157141046762,0.814327235424859
2528,0.92,975,285,975,675643,801,122468,3788,0.006344252946394627,0.8254521682283722
2529,0.9215,0,1,0,675644,800,122468,3788,0.0063363325307312125,0.8256320836965998
2530,0.9217,1,0,1,675644,800,122469,3787,0.0063363325307312125,0.8255940701983867
2531,0.922,2,2,2,675646,798,122471,3785,0.006320491699404384,0.8258782456905956
2532,0.9221,0,1,0,675647,797,122471,3785,0.006312571283740971,0.8260584897424705
2533,0.9225,3,2,3,675649,795,122474,3782,0.006296730452414143,0.8263054402447018
2534,0.9233,12,0,12,675649,795,122486,3770,0.006296730452414143,0.8258488499452354
2535,0.9238,2,0,2,675649,795,122488,3768,0.006296730452414143,0.8257725180802103
2536,0.9242,0,1,0,675650,794,122488,3768,0.006288810036750729,0.8259535291538799
2537,0.9243,1,0,1,675650,794,122489,3767,0.006288810036750729,0.8259153694365271
2538,0.925,14,1,14,675651,793,122503,3753,0.006280889621087315,0.8255609326880774
2539,0.926,3,0,3,675651,793,122506,3750,0.006280889621087315,0.825445740699978
2540,0.9267,9,1,9,675652,792,122515,3741,0.006272969205423901,0.8252812706816678
2541,0.9271,2,0,2,675652,792,122517,3739,0.006272969205423901,0.8252041491944383
2542,0.9277,1,0,1,675652,792,122518,3738,0.006272969205423901,0.8251655629139073
2543,0.928,1,0,1,675652,792,122519,3737,0.006272969205423901,0.8251269595937293
2544,0.9282,1,0,1,675652,792,122520,3736,0.006272969205423901,0.8250883392226148
2545,0.9283,0,1,0,675653,791,122520,3736,0.006265048789760487,0.8252705986304396
2546,0.9286,1,0,1,675653,791,122521,3735,0.006265048789760487,0.8252319929297393
2547,0.93,824,213,824,675866,578,123345,2911,0.004578000253453301,0.8343364860991688
2548,0.9301,2,0,2,675866,578,123347,2909,0.004578000253453301,0.834241468310869
2549,0.9315,0,1,0,675867,577,123347,2909,0.004570079837789887,0.8344807802639128
2550,0.932,3,0,3,675867,577,123350,2906,0.004570079837789887,0.8343382141831754
2551,0.9325,0,1,0,675868,576,123350,2906,0.004562159422126473,0.8345778288340034
2552,0.9329,1,0,1,675868,576,123351,2905,0.004562159422126473,0.834530307382936
2553,0.933,1,0,1,675868,576,123352,2904,0.004562159422126473,0.8344827586206897
2554,0.9331,0,1,0,675869,575,123352,2904,0.004554239006463059,0.8347226214429434
2555,0.9333,4,2,4,675871,573,123356,2900,0.004538398175136231,0.8350129570976101
2556,0.934,2,0,2,675871,573,123358,2898,0.004538398175136231,0.8349178910976663
2557,0.9344,1,0,1,675871,573,123359,2897,0.004538398175136231,0.8348703170028818
2558,0.9347,0,1,0,675872,572,123359,2897,0.004530477759472817,0.8351109829922168
2559,0.935,10,3,10,675875,569,123369,2887,0.0045067165124825755,0.8353587962962963
2560,0.936,1,1,1,675876,568,123370,2886,0.004498796096819161,0.8355529820497973
2561,0.9367,6,2,6,675878,566,123376,2880,0.004482955265492333,0.8357515960533952
2562,0.9368,1,0,1,675878,566,123377,2879,0.004482955265492333,0.8357039187227866
2563,0.937,1,0,1,675878,566,123378,2878,0.004482955265492333,0.8356562137049942
2564,0.9375,3,0,3,675878,566,123381,2875,0.004482955265492333,0.8355129322871259
2565,0.938,1,0,1,675878,566,123382,2874,0.004482955265492333,0.8354651162790697
2566,0.9383,1,0,1,675878,566,123383,2873,0.004482955265492333,0.8354172724629253
2567,0.9394,0,1,0,675879,565,123383,2873,0.004475034849828919,0.8356602675974404
2568,0.94,698,195,698,676074,370,124081,2175,0.002930553795463186,0.8546168958742633
2569,0.9412,1,0,1,676074,370,124082,2174,0.002930553795463186,0.8545597484276729
2570,0.9425,1,0,1,676074,370,124083,2173,0.002930553795463186,0.8545025560361778
2571,0.9433,1,0,1,676074,370,124084,2172,0.002930553795463186,0.8544453186467349
2572,0.945,10,6,10,676080,364,124094,2162,0.002883031301482702,0.8558986539984165
2573,0.946,1,0,1,676080,364,124095,2161,0.002883031301482702,0.8558415841584158
2574,0.9467,4,0,4,676080,364,124099,2157,0.002883031301482702,0.8556128520428401
2575,0.9475,2,0,2,676080,364,124101,2155,0.002883031301482702,0.8554982135768162
2576,0.9483,1,1,1,676081,363,124102,2154,0.002875110885819288,0.8557806912991657
2577,0.95,601,125,601,676206,238,124703,1553,0.0018850589278925358,0.8671133445002792
2578,0.9508,1,0,1,676206,238,124704,1552,0.0018850589278925358,0.8670391061452514
2579,0.9517,2,0,2,676206,238,124706,1550,0.0018850589278925358,0.8668903803131991
2580,0.952,0,1,0,676207,237,124706,1550,0.0018771385122291217,0.8673754896474538
2581,0.9526,1,0,1,676207,237,124707,1549,0.0018771385122291217,0.8673012318029115
2582,0.9528,1,1,1,676208,236,124708,1548,0.0018692180965657079,0.8677130044843049
2583,0.9533,3,1,3,676209,235,124711,1545,0.0018612976809022938,0.8679775280898876
2584,0.955,5,1,5,676210,234,124716,1540,0.0018533772652388797,0.8680947012401353
2585,0.956,3,1,3,676211,233,124719,1537,0.0018454568495754656,0.868361581920904
2586,0.9566,1,0,1,676211,233,124720,1536,0.0018454568495754656,0.8682871678914641
2587,0.9567,2,0,2,676211,233,124722,1534,0.0018454568495754656,0.8681380871533673
2588,0.9578,1,0,1,676211,233,124723,1533,0.0018454568495754656,0.8680634201585504
2589,0.9588,0,1,0,676212,232,124723,1533,0.0018375364339120518,0.8685552407932011
2590,0.96,479,86,479,676298,146,125202,1054,0.0011563806868584462,0.8783333333333333
2591,0.9612,1,1,1,676299,145,125203,1053,0.0011484602711950324,0.8789649415692822
2592,0.9633,2,1,2,676300,144,125205,1051,0.0011405398555316183,0.8794979079497908
2593,0.964,1,0,1,676300,144,125206,1050,0.0011405398555316183,0.8793969849246231
2594,0.9643,2,0,2,676300,144,125208,1048,0.0011405398555316183,0.8791946308724832
2595,0.965,5,0,5,676300,144,125213,1043,0.0011405398555316183,0.8786857624262847
2596,0.966,1,0,1,676300,144,125214,1042,0.0011405398555316183,0.8785834738617201
2597,0.9667,2,0,2,676300,144,125216,1040,0.0011405398555316183,0.8783783783783784
2598,0.9671,1,0,1,676300,144,125217,1039,0.0011405398555316183,0.8782755705832629
2599,0.9675,1,0,1,676300,144,125218,1038,0.0011405398555316183,0.8781725888324873
2600,0.97,368,68,368,676368,76,125586,670,0.0006019515904194653,0.8981233243967829
2601,0.9701,1,0,1,676368,76,125587,669,0.0006019515904194653,0.897986577181208
2602,0.9712,1,0,1,676368,76,125588,668,0.0006019515904194653,0.8978494623655914
2603,0.9725,2,0,2,676368,76,125590,666,0.0006019515904194653,0.8975741239892183
2604,0.9733,4,0,4,676368,76,125594,662,0.0006019515904194653,0.8970189701897019
2605,0.974,1,0,1,676368,76,125595,661,0.0006019515904194653,0.8968792401628223
2606,0.975,4,0,4,676368,76,125599,657,0.0006019515904194653,0.8963165075034106
2607,0.9767,1,1,1,676369,75,125600,656,0.0005940311747560512,0.8974008207934336
2608,0.9775,3,0,3,676369,75,125603,653,0.0005940311747560512,0.896978021978022
2609,0.978,1,0,1,676369,75,125604,652,0.0005940311747560512,0.8968363136176066
2610,0.98,283,36,283,676405,39,125887,369,0.0003088962108731466,0.9044117647058824
2611,0.9833,1,0,1,676405,39,125888,368,0.0003088962108731466,0.9041769041769042
2612,0.985,2,0,2,676405,39,125890,366,0.0003088962108731466,0.9037037037037037
2613,0.9862,1,0,1,676405,39,125891,365,0.0003088962108731466,0.9034653465346535
2614,0.9875,1,0,1,676405,39,125892,364,0.0003088962108731466,0.9032258064516129
2615,0.99,202,24,202,676429,15,126094,162,0.00011880623495121023,0.9152542372881356
2616,0.9933,1,0,1,676429,15,126095,161,0.00011880623495121023,0.9147727272727273
2617,0.9967,2,0,2,676429,15,126097,159,0.00011880623495121023,0.9137931034482759
2618,1.0,159,15,159,676444,0,126256,0,0.0,
