,y_proba,y_test,Neg,Pos,TN,FP,FN,TP,FP/P,Prec
0,0.0036,0,1,0,1,676443,0,126256,5.357709732606767,0.15728934507206313
1,0.0041,0,2,0,3,676441,0,126256,5.35769389177544,0.15728973697422563
2,0.0042,0,1,0,4,676440,0,126256,5.357685971359777,0.15728993292603924
3,0.0043,0,3,0,7,676437,0,126256,5.357662210112787,0.15729052078440947
4,0.0044,0,2,0,9,676435,0,126256,5.3576463692814595,0.15729091269243084
5,0.0045,0,2,0,11,676433,0,126256,5.357630528450133,0.15729130460240517
6,0.0046,0,1,0,12,676432,0,126256,5.35762260803447,0.1572915005581247
7,0.0047,0,1,0,13,676431,0,126256,5.357614687618806,0.15729169651433247
8,0.0048,0,3,0,16,676428,0,126256,5.357590926371816,0.15729228438588536
9,0.005,0,2,0,18,676426,0,126256,5.357575085540489,0.15729267630269522
10,0.0051,0,3,0,21,676423,0,126256,5.357551324293499,0.15729326418157197
11,0.0053,0,1,0,22,676422,0,126256,5.357543403877836,0.15729346014217407
12,0.0055,0,2,0,24,676420,0,126256,5.357527563046509,0.1572938520648431
13,0.0056,0,2,0,26,676418,0,126256,5.357511722215182,0.1572942439894652
14,0.0057,0,2,0,28,676416,0,126256,5.357495881383855,0.15729463591604043
15,0.0058,0,1,0,29,676415,0,126256,5.357487960968192,0.15729483188006044
16,0.0059,0,1,0,30,676414,0,126256,5.357480040552528,0.15729502784456875
17,0.006,0,3,0,33,676411,0,126256,5.357456279305538,0.15729561574102335
18,0.0061,0,3,0,36,676408,0,126256,5.357432518058547,0.15729620364187255
19,0.0062,0,2,0,38,676406,0,126256,5.357416677227221,0.1572965955782135
20,0.0063,0,8,0,46,676398,0,126256,5.357353313901913,0.15729816334310923
21,0.0064,0,6,0,52,676392,0,126256,5.357305791407933,0.15729933918729008
22,0.0065,0,6,0,58,676386,0,126256,5.357258268913952,0.15730051504905052
23,0.0066,0,6,0,64,676380,0,126256,5.357210746419972,0.15730169092839094
24,0.0067,0,4,0,68,676376,0,126256,5.357179064757318,0.15730247485771812
25,0.0068,0,3,0,71,676373,0,126256,5.3571553035103285,0.15730306280984116
26,0.0069,0,4,0,75,676369,0,126256,5.357123621847674,0.15730384675284223
27,0.007,0,6,0,81,676363,0,126256,5.357076099353694,0.1573050226819948
28,0.0071,0,5,0,86,676358,0,126256,5.357036497275377,0.1573060026363856
29,0.0072,0,3,0,89,676355,0,126256,5.357012736028387,0.15730659061488067
30,0.0073,0,7,0,96,676348,0,126256,5.356957293118743,0.15730796258179625
31,0.0074,0,11,0,107,676337,0,126256,5.356870168546445,0.15731011857815855
32,0.0075,0,1,0,108,676336,0,126256,5.356862248130782,0.15731031458075834
33,0.0076,0,8,0,116,676328,0,126256,5.356798884805475,0.15731188261914017
34,0.0077,0,9,0,125,676319,0,126256,5.356727601064504,0.1573136466996854
35,0.0078,0,14,0,139,676305,0,126256,5.356616715245216,0.1573163909036198
36,0.0079,0,8,0,147,676297,0,126256,5.356553351919909,0.15731795906313975
37,0.008,0,13,0,160,676284,0,126256,5.3564503865162845,0.1573205073890398
38,0.0081,0,3,0,163,676281,0,126256,5.356426625269294,0.1573210954759718
39,0.0082,0,10,0,173,676271,0,126256,5.35634742111266,0.15732305579749964
40,0.0083,0,13,0,186,676258,0,126256,5.356244455709035,0.15732560428852332
41,0.0084,0,11,0,197,676247,0,126256,5.356157331136738,0.15732776076849556
42,0.0085,0,13,0,210,676234,0,126256,5.356054365733113,0.15733030941195528
43,0.0086,0,18,0,228,676216,0,126256,5.355911798251173,0.1573338384392228
44,0.0087,2,16,2,244,676200,2,126254,5.3557850716005575,0.15733487527010895
45,0.0088,0,14,0,258,676186,2,126254,5.35567418578127,0.15733762025821246
46,0.0089,0,11,0,269,676175,2,126254,5.355587061208972,0.15733977710177474
47,0.009,0,14,0,283,676161,2,126254,5.3554761753896845,0.15734252226092482
48,0.0091,0,20,0,303,676141,2,126254,5.355317767076416,0.15734644408302645
49,0.0092,1,18,1,321,676123,3,126253,5.355175199594474,0.15734892369662104
50,0.0093,0,14,0,335,676109,3,126253,5.355064313775187,0.15735166919669674
51,0.0094,0,14,0,349,676095,3,126253,5.354953427955899,0.15735441479258377
52,0.0095,0,21,0,370,676074,3,126253,5.354787099226967,0.15735853336607145
53,0.0096,0,20,0,390,676054,3,126253,5.3546286909136995,0.15736245601745966
54,0.0097,0,21,0,411,676033,3,126253,5.354462362184767,0.1573665750119035
55,0.0098,2,18,2,429,676015,5,126251,5.354319794702826,0.15736800512548207
56,0.0099,0,26,0,455,675989,5,126251,5.354113863895577,0.1573731053051456
57,0.01,0,29,0,484,675960,5,126251,5.353884171841338,0.15737879435709556
58,0.0101,0,19,0,503,675941,5,126251,5.353733683943734,0.15738252189002133
59,0.0102,0,20,0,523,675921,5,126251,5.353575275630465,0.15738644579965394
60,0.0103,0,29,0,552,675892,5,126251,5.3533455835762265,0.1573921358161824
61,0.0104,0,25,0,577,675867,5,126251,5.353147573184641,0.1573970413330707
62,0.0105,1,30,1,607,675837,6,126250,5.352909960714738,0.1574018778511558
63,0.0106,1,26,1,633,675811,7,126249,5.35270402990749,0.15740592973094283
64,0.0107,0,33,0,666,675778,7,126249,5.352442656190597,0.1574124063154981
65,0.0108,0,28,0,694,675750,7,126249,5.352220884552021,0.1574179020173342
66,0.0109,0,35,0,729,675715,7,126249,5.351943670003802,0.15742477218428758
67,0.011,1,27,1,756,675688,8,126248,5.35172981878089,0.15742902176732307
68,0.0111,1,30,1,786,675658,9,126247,5.351492206310987,0.15743386061940004
69,0.0112,0,42,0,828,675616,9,126247,5.351159548853124,0.15744210669403627
70,0.0113,0,30,0,858,675586,9,126247,5.350921936383221,0.15744799727624081
71,0.0114,0,30,0,888,675556,9,126247,5.350684323913319,0.1574538882992456
72,0.0115,2,30,2,918,675526,11,126245,5.350446711443417,0.1574576780651832
73,0.0116,0,37,0,955,675489,11,126245,5.3501536560638705,0.15746494473229275
74,0.0117,0,33,0,988,675456,11,126245,5.3498922823469774,0.15747142637966025
75,0.0118,2,19,2,1007,675437,13,126243,5.349741794449373,0.15747305658117952
76,0.0119,0,30,0,1037,675407,13,126243,5.34950418197947,0.15747894966631323
77,0.012,1,31,1,1068,675376,14,126242,5.349258649093905,0.1574839886329898
78,0.0121,1,30,1,1098,675346,15,126241,5.349021036624002,0.15748883153045146
79,0.0122,1,30,1,1128,675316,16,126240,5.3487834241540995,0.15749367480250911
80,0.0123,1,33,1,1161,675283,17,126239,5.348522050437207,0.1574991079471306
81,0.0124,2,42,2,1203,675241,19,126237,5.348189392979344,0.1575052590339348
82,0.0125,0,32,0,1235,675209,19,126237,5.3479359396781145,0.15751154787721194
83,0.0126,2,45,2,1280,675164,21,126235,5.347579520973261,0.1575182898905539
84,0.0127,1,36,1,1316,675128,22,126234,5.347294386009378,0.15752431485396112
85,0.0128,1,41,1,1357,675087,23,126233,5.346969648967177,0.15753132331652772
86,0.0129,0,47,0,1404,675040,23,126233,5.346597389430998,0.15754056357820617
87,0.013,0,36,0,1440,675004,23,126233,5.346312254467114,0.15754764195862148
88,0.0131,0,44,0,1484,674960,23,126233,5.345963756177924,0.1575562941763096
89,0.0132,0,38,0,1522,674922,23,126233,5.345662780382715,0.15756376731094482
90,0.0133,0,51,0,1573,674871,23,126233,5.34525883918388,0.15757379815854122
91,0.0134,1,41,1,1614,674830,24,126232,5.34493410214168,0.1575808114727699
92,0.0135,0,49,0,1663,674781,24,126232,5.344546001774173,0.15759045109130562
93,0.0136,0,50,0,1713,674731,24,126232,5.344149980991002,0.1576002886525345
94,0.0137,0,55,0,1768,674676,24,126232,5.343714358129515,0.15761111138857398
95,0.0138,0,45,0,1813,674631,24,126232,5.343357939424661,0.15761996746010243
96,0.0139,2,44,2,1857,674587,26,126230,5.343009441135471,0.1576265239124544
97,0.014,0,44,0,1901,674543,26,126230,5.342660942846281,0.15763518500249135
98,0.0141,1,44,1,1945,674499,27,126229,5.34231244455709,0.15764279505649859
99,0.0142,0,39,0,1984,674460,27,126229,5.342003548346217,0.15765047352967257
100,0.0143,0,53,0,2037,674407,27,126229,5.341583766316056,0.1576609095768864
101,0.0144,1,68,1,2105,674339,28,126228,5.341045178050944,0.1576732490847112
102,0.0145,0,53,0,2158,674286,28,126228,5.3406253960207835,0.15768368823031204
103,0.0146,0,61,0,2219,674225,28,126228,5.340142250665315,0.15769570480715295
104,0.0147,1,56,1,2275,674169,29,126227,5.339698707388163,0.15770568568558563
105,0.0148,1,45,1,2320,674124,30,126226,5.33934228868331,0.15771350034359968
106,0.0149,2,47,2,2367,674077,32,126224,5.33897002914713,0.15772065760257703
107,0.015,0,50,0,2417,674027,32,126224,5.338574008363959,0.15773051205184374
108,0.0151,2,56,2,2473,673971,34,126222,5.338130465086808,0.15773944535880718
109,0.0152,0,55,0,2528,673916,34,126222,5.33769484222532,0.157750288075307
110,0.0153,3,57,3,2585,673859,37,126219,5.337243378532506,0.1577583685590655
111,0.0154,1,62,1,2647,673797,38,126218,5.336752312761374,0.15776954182109085
112,0.0155,1,56,1,2703,673741,39,126217,5.336308769484223,0.15777953342550483
113,0.0156,0,78,0,2781,673663,39,126217,5.335690977062476,0.1577949192378857
114,0.0157,0,62,0,2843,673601,39,126217,5.335199911291345,0.15780715112688137
115,0.0158,0,51,0,2894,673550,39,126217,5.33479597009251,0.15781721426365428
116,0.0159,0,62,0,2956,673488,39,126217,5.334304904321379,0.1578294496095435
117,0.016,1,70,1,3026,673418,40,126216,5.33375047522494,0.15784221281236166
118,0.0161,2,69,2,3095,673349,42,126214,5.333203966544164,0.15785372759870078
119,0.0162,1,68,1,3163,673281,43,126213,5.332665378279052,0.15786610030844508
120,0.0163,1,62,1,3225,673219,44,126212,5.33217431250792,0.15787729022267089
121,0.0164,1,81,1,3306,673138,45,126211,5.331532758839184,0.15789223480607345
122,0.0165,1,74,1,3380,673064,46,126210,5.330946648080091,0.1579057995130581
123,0.0166,2,76,2,3456,672988,48,126208,5.3303446964896715,0.15791870830184335
124,0.0167,3,68,3,3524,672920,51,126205,5.32980610822456,0.1579289848271547
125,0.0168,0,83,0,3607,672837,51,126205,5.329148713724496,0.15794538960405086
126,0.0169,2,77,2,3684,672760,53,126203,5.328538841718413,0.15795850371043466
127,0.017,2,63,2,3747,672697,55,126201,5.328039855531618,0.15796885209375916
128,0.0171,0,73,0,3820,672624,55,126201,5.327461665188189,0.1579832879541827
129,0.0172,3,71,3,3891,672553,58,126198,5.326899315676087,0.15799416839540734
130,0.0173,1,81,1,3972,672472,59,126197,5.326257762007351,0.15800913770285313
131,0.0174,1,76,1,4048,672396,60,126196,5.32565581041693,0.15802312069241867
132,0.0175,3,76,3,4124,672320,63,126193,5.325053858826511,0.15803499755169922
133,0.0176,0,75,0,4199,672245,63,126193,5.324459827651755,0.15804984231712418
134,0.0177,2,81,2,4280,672164,65,126191,5.323818273983019,0.15806376862423357
135,0.0178,0,79,0,4359,672085,65,126191,5.323192561145609,0.15807941113098728
136,0.0179,5,97,5,4456,671988,70,126186,5.322424280826258,0.15809334806696285
137,0.018,5,84,5,4540,671904,75,126181,5.321758965910531,0.15810471315711985
138,0.0181,1,83,1,4623,671821,76,126180,5.321101571410468,0.1581201026063877
139,0.0182,3,89,3,4712,671732,79,126177,5.320396654416424,0.15813457424342875
140,0.0183,2,93,2,4805,671639,81,126175,5.3196600557597264,0.15815089732694587
141,0.0184,1,91,1,4896,671548,82,126174,5.318939297934356,0.15816788304697627
142,0.0185,1,78,1,4974,671470,83,126173,5.31832150551261,0.1581822945854223
143,0.0186,3,90,3,5064,671380,86,126170,5.317608668102902,0.158196978245878
144,0.0187,1,87,1,5151,671293,87,126169,5.316919591940185,0.1582131813177305
145,0.0188,1,97,1,5248,671196,88,126168,5.316151311620834,0.15823137237196563
146,0.0189,1,90,1,5338,671106,89,126167,5.315438474211127,0.1582481784783882
147,0.019,1,91,1,5429,671015,90,126166,5.314717716385756,0.15826518695252395
148,0.0191,5,106,5,5535,670909,95,126161,5.313878152325434,0.15828095399400305
149,0.0192,1,95,1,5630,670814,96,126160,5.31312571283741,0.15829876507891097
150,0.0193,1,85,1,5715,670729,97,126159,5.312452477506019,0.1583145937697644
151,0.0194,6,114,6,5829,670615,103,126153,5.31154955012039,0.15833090686372947
152,0.0195,4,89,4,5918,670526,107,126149,5.310844633126346,0.15834436878275332
153,0.0196,2,82,2,6000,670444,109,126147,5.310195159041947,0.15835855539417343
154,0.0197,3,104,3,6104,670340,112,126144,5.309371435812952,0.15837606279598837
155,0.0198,2,106,2,6210,670234,114,126142,5.3085318717526295,0.15839502948356052
156,0.0199,3,79,3,6289,670155,117,126139,5.30790615891522,0.15840757308230377
157,0.02,2,95,2,6384,670060,119,126137,5.307153719427196,0.15842435980040115
158,0.0201,4,93,4,6477,669967,123,126133,5.306417120770498,0.15843863836201483
159,0.0202,1,116,1,6593,669851,124,126132,5.305498352553542,0.15846067064246347
160,0.0203,3,112,3,6705,669739,127,126129,5.30461126599924,0.1584797981574834
161,0.0204,4,101,4,6806,669638,131,126125,5.303811304017235,0.15849568275981668
162,0.0205,1,105,1,6911,669533,132,126124,5.302979660372577,0.15851554124453124
163,0.0206,4,104,4,7015,669429,136,126120,5.302155937143581,0.15853203259635798
164,0.0207,1,93,1,7108,669336,137,126119,5.301419338486884,0.15854950940028034
165,0.0208,5,123,5,7231,669213,142,126114,5.300445127360284,0.15856873965048338
166,0.0209,5,110,5,7341,669103,147,126109,5.299573881637309,0.1585853835203694
167,0.021,3,115,3,7456,668988,150,126106,5.298663033836016,0.15860514605820192
168,0.0211,4,122,4,7578,668866,154,126102,5.297696743125079,0.1586252528403659
169,0.0212,6,108,6,7686,668758,160,126096,5.29684133823343,0.15864045472501867
170,0.0213,5,109,5,7795,668649,165,126091,5.295978012926119,0.1586569192440295
171,0.0214,3,104,3,7899,668545,168,126088,5.295154289697123,0.15867450760288082
172,0.0215,2,115,2,8014,668430,170,126086,5.294243441895831,0.15869535666997267
173,0.0216,3,140,3,8154,668290,173,126083,5.293134583702953,0.15872014783986868
174,0.0217,3,123,3,8277,668167,176,126080,5.292160372576353,0.15874155017267927
175,0.0218,5,123,5,8400,668044,181,126075,5.291186161449753,0.15876084062967893
176,0.0219,2,126,2,8526,667918,183,126073,5.290188189076162,0.15878391568670175
177,0.022,1,121,1,8647,667797,184,126072,5.28922981878089,0.15880705758758687
178,0.0221,2,124,2,8771,667673,186,126070,5.288247687238626,0.15882974715997494
179,0.0222,4,124,4,8895,667549,190,126066,5.287265555696363,0.15885032414961914
180,0.0223,1,119,1,9014,667430,191,126065,5.286323026232417,0.15887308678693626
181,0.0224,3,129,3,9143,667301,194,126062,5.285301292611837,0.15889573877279378
182,0.0225,3,112,3,9255,667189,197,126059,5.284414206057534,0.15891499253701238
183,0.0226,4,117,4,9372,667072,201,126055,5.2834875174249145,0.15893419338895284
184,0.0227,1,102,1,9474,666970,202,126054,5.282679635027246,0.15895357517553063
185,0.0228,4,141,4,9615,666829,206,126050,5.281562856418705,0.15897759935627
186,0.0229,3,131,3,9746,666698,209,126047,5.280525281966797,0.1590006874846262
187,0.023,4,112,4,9858,666586,213,126043,5.279638195412495,0.15901891048649494
188,0.0231,2,127,2,9985,666459,215,126041,5.278632302623242,0.1590422712933754
189,0.0232,5,142,5,10127,666317,220,126036,5.2775076035990365,0.1590654670330017
190,0.0233,0,140,0,10267,666177,220,126036,5.2763987454061585,0.15909357710615707
191,0.0234,5,129,5,10396,666048,225,126031,5.2753770117855785,0.15911417926747207
192,0.0235,0,146,0,10542,665902,225,126031,5.27422063109872,0.15914351340328034
193,0.0236,3,147,3,10689,665755,228,126028,5.273056329996198,0.15916987356384263
194,0.0237,5,163,5,10852,665592,233,126023,5.271765302243062,0.15919733708936792
195,0.0238,7,129,7,10981,665463,240,126016,5.270743568622481,0.1592158477988677
196,0.0239,1,130,1,11111,665333,241,126015,5.269713914586237,0.15924094077447595
197,0.024,7,150,7,11261,665183,248,126008,5.268525852236725,0.15926369233219287
198,0.0241,4,142,4,11403,665041,252,126004,5.2674011532125204,0.15928803039018008
199,0.0242,5,131,5,11534,664910,257,125999,5.266363578760614,0.15930909877116078
200,0.0243,4,132,4,11666,664778,261,125995,5.2653180838930425,0.15933143898438618
201,0.0244,3,177,3,11843,664601,264,125992,5.263916170320618,0.1593639205001815
202,0.0245,7,147,7,11990,664454,271,125985,5.262751869218096,0.15938611328641425
203,0.0246,6,150,6,12140,664304,277,125979,5.261563806868584,0.15940998351223548
204,0.0247,3,145,3,12285,664159,280,125976,5.260415346597389,0.1594360457390193
205,0.0248,1,174,1,12459,663985,281,125975,5.259037194271955,0.15947009975188617
206,0.0249,6,165,6,12624,663820,287,125969,5.257730325687492,0.15949703021946368
207,0.025,4,162,4,12786,663658,291,125965,5.256447218350019,0.1595254950780309
208,0.0251,5,138,5,12924,663520,296,125960,5.255354200988468,0.15954805694887775
209,0.0252,2,149,2,13073,663371,298,125958,5.254174059054619,0.15957604496984149
210,0.0253,3,129,3,13202,663242,301,125955,5.253152325434039,0.15959893410643983
211,0.0254,10,179,10,13381,663063,311,125945,5.251734571030288,0.15962449049946262
212,0.0255,3,139,3,13520,662924,314,125942,5.250633633253073,0.15964942081418138
213,0.0256,5,141,5,13661,662783,319,125937,5.249516854644532,0.15967263414139365
214,0.0257,2,155,2,13816,662628,321,125935,5.248289190216703,0.15970188811800706
215,0.0258,1,174,1,13990,662454,322,125934,5.246911037891269,0.15973606904214677
216,0.0259,5,175,5,14165,662279,327,125929,5.245524965150171,0.15976620384467044
217,0.026,6,145,6,14310,662134,333,125923,5.244376504878976,0.1597892030652605
218,0.0261,4,172,4,14482,661962,337,125919,5.243014193384869,0.15981982050588858
219,0.0262,3,160,3,14642,661802,340,125916,5.241746926878722,0.15984908304748655
220,0.0263,4,157,4,14799,661645,344,125912,5.240503421619566,0.15987668194175153
221,0.0264,3,163,3,14962,661482,347,125909,5.23921239386643,0.15990657754533644
222,0.0265,6,137,6,15099,661345,353,125903,5.238127296920543,0.1599280023575798
223,0.0266,6,185,6,15284,661160,359,125897,5.236662020022811,0.15995918974102258
224,0.0267,3,166,3,15450,660994,362,125894,5.2353472310226845,0.15998973170260572
225,0.0268,1,162,1,15612,660832,363,125893,5.234064123685211,0.16002160856716133
226,0.0269,2,146,2,15758,660686,365,125891,5.232907742998353,0.16004917509665298
227,0.027,2,166,2,15924,660520,367,125889,5.231592953998226,0.16008082308315394
228,0.0271,3,162,3,16086,660358,370,125886,5.230309846660753,0.16011060179791514
229,0.0272,5,188,5,16274,660170,375,125881,5.228820808516031,0.16014355302645758
230,0.0273,5,168,5,16442,660002,380,125876,5.227490178684578,0.16017244406892672
231,0.0274,4,170,4,16612,659832,384,125872,5.226143708021797,0.16020282447333856
232,0.0275,5,193,5,16805,659639,389,125867,5.224615067798758,0.16023684096620522
233,0.0276,2,156,2,16961,659483,391,125865,5.2233794829552656,0.16026653152487813
234,0.0277,4,182,4,17143,659301,395,125861,5.221937967304524,0.16029940318049013
235,0.0278,3,155,3,17298,659146,398,125858,5.220710302876695,0.16032784546320783
236,0.0279,6,177,6,17475,658969,404,125852,5.21930838930427,0.16035758472314068
237,0.028,4,182,4,17657,658787,408,125848,5.217866873653529,0.16039050004142053
238,0.0281,6,178,6,17835,658609,414,125842,5.216457039665442,0.160420472406817
239,0.0282,7,180,7,18015,658429,421,125835,5.215031364846027,0.1604497975171626
240,0.0283,2,166,2,18181,658263,423,125833,5.2137165758459005,0.16048162469901645
241,0.0284,6,190,6,18371,658073,429,125827,5.2122116968698515,0.16051409618573798
242,0.0285,6,200,6,18571,657873,435,125821,5.210627613737169,0.16054863250197143
243,0.0286,1,194,1,18765,657679,436,125820,5.209091053098467,0.16058731408719093
244,0.0287,2,162,2,18927,657517,438,125818,5.207807945760994,0.16061838166301773
245,0.0288,6,167,6,19094,657350,444,125812,5.206485236345204,0.16064620091373177
246,0.0289,9,191,9,19285,657159,453,125803,5.204972436953491,0.16067574160687237
247,0.029,6,201,6,19486,656958,459,125797,5.203380433405145,0.1607105671634164
248,0.0291,11,211,11,19697,656747,470,125786,5.2017092257001645,0.16074210288895166
249,0.0292,8,204,8,19901,656543,478,125778,5.200093460904828,0.16077543617006318
250,0.0293,8,202,8,20103,656341,486,125770,5.198493536940819,0.16080837630464218
251,0.0294,6,196,6,20299,656145,492,125764,5.196941135470789,0.16084224634836022
252,0.0295,6,190,6,20489,655955,498,125758,5.195436256494741,0.1608748990997975
253,0.0296,12,192,12,20681,655763,510,125746,5.193915536687365,0.16090153792214804
254,0.0297,7,185,7,20866,655578,517,125739,5.192450259789633,0.16093211846152075
255,0.0298,9,170,9,21036,655408,526,125730,5.191103789126854,0.16095747486359643
256,0.0299,10,200,10,21236,655208,536,125720,5.1895197059941705,0.16098795279462383
257,0.03,9,187,9,21423,655021,545,125711,5.188038588265112,0.1610168406059954
258,0.0301,7,190,7,21613,654831,552,125704,5.186533709289064,0.16104851159781433
259,0.0302,9,216,9,21829,654615,561,125695,5.184822899505766,0.16108341556560854
260,0.0303,3,195,3,22024,654420,564,125692,5.1832784184514,0.1611204544988412
261,0.0304,6,210,6,22234,654210,570,125686,5.181615131162084,0.1611573850872424
262,0.0305,10,206,10,22440,654004,580,125676,5.1799835255354205,0.161189205828032
263,0.0306,6,216,6,22656,653788,586,125670,5.178272715752123,0.16122741700001797
264,0.0307,5,191,5,22847,653597,591,125665,5.17675991636041,0.16126155259720093
265,0.0308,10,189,10,23036,653408,601,125655,5.175262957800025,0.16128990851830982
266,0.0309,7,184,7,23220,653224,608,125648,5.173805601317957,0.16132047371069957
267,0.031,5,215,5,23435,653009,613,125643,5.172102711950323,0.16135963177388615
268,0.0311,10,210,10,23645,652799,623,125633,5.170439424661006,0.16139238880210474
269,0.0312,5,192,5,23837,652607,628,125628,5.168918704853631,0.16142681837748238
270,0.0313,4,211,4,24048,652396,632,125624,5.16724749714865,0.161466286213722
271,0.0314,3,209,3,24257,652187,635,125621,5.165592130274997,0.161506438606957
272,0.0315,8,217,8,24474,651970,643,125613,5.163873400076036,0.16154288352497417
273,0.0316,7,223,7,24697,651747,650,125606,5.162107147383095,0.1615816752492111
274,0.0317,7,213,7,24910,651534,657,125599,5.160420098846788,0.16161841023351214
275,0.0318,7,193,7,25103,651341,664,125592,5.158891458623748,0.1616510046554851
276,0.0319,15,225,15,25328,651116,679,125577,5.157109365099481,0.1616816425537503
277,0.032,7,222,7,25550,650894,686,125570,5.155351032822202,0.16172031156627995
278,0.0321,7,205,7,25755,650689,693,125563,5.153727347611203,0.1617554608554954
279,0.0322,5,198,5,25953,650491,698,125558,5.152159105309846,0.1617913301866248
280,0.0323,8,227,8,26180,650264,706,125550,5.150361170954252,0.16183002626918308
281,0.0324,6,203,6,26383,650061,712,125544,5.148753326574579,0.16186589823428163
282,0.0325,9,228,9,26611,649833,721,125535,5.14694747180332,0.16190376698548303
283,0.0326,7,204,7,26815,649629,728,125528,5.145331707007983,0.16193880723517945
284,0.0327,5,217,5,27032,649412,733,125523,5.143612976809023,0.16197874660455394
285,0.0328,11,228,11,27260,649184,744,125512,5.141807122037765,0.16201451924367752
286,0.0329,4,206,4,27466,648978,748,125508,5.140175516411102,0.16205328437182853
287,0.033,10,227,10,27693,648751,758,125498,5.138377582055506,0.16208997363897143
288,0.0331,9,223,9,27916,648528,767,125489,5.136611329362565,0.16212693002866863
289,0.0332,9,204,9,28120,648324,776,125480,5.1349955645672285,0.1621599268031698
290,0.0333,12,228,12,28348,648096,788,125468,5.13318970979597,0.16219472467694981
291,0.0334,7,218,7,28566,647878,795,125461,5.131463059181346,0.1622328629488491
292,0.0335,10,232,10,28798,647646,805,125451,5.129625522747434,0.16227071117854552
293,0.0336,8,272,8,29070,647374,813,125443,5.127471169686985,0.16231915188201088
294,0.0337,4,247,4,29317,647127,817,125439,5.125514827018122,0.1623667104169741
295,0.0338,8,238,8,29555,646889,825,125431,5.123629768090229,0.16240806919411643
296,0.0339,4,256,4,29811,646633,829,125427,5.121602141680396,0.1624575810170194
297,0.034,8,216,8,30027,646417,837,125419,5.119891331897098,0.16249436408770776
298,0.0341,12,189,12,30216,646228,849,125407,5.118394373336713,0.16252114017637873
299,0.0342,7,260,7,30476,645968,856,125400,5.116335065264225,0.16256832017921408
300,0.0343,9,229,9,30705,645739,865,125391,5.114521290077303,0.16260682375215593
301,0.0344,7,234,7,30939,645505,872,125384,5.112667912812064,0.16264857845941505
302,0.0345,13,237,13,31176,645268,885,125371,5.1107907742998355,0.16268447353430077
303,0.0346,13,198,13,31374,645070,898,125358,5.109222531998479,0.16271215480226575
304,0.0347,12,209,12,31583,644861,910,125346,5.107567165124825,0.16274326252552884
305,0.0348,5,249,5,31832,644612,915,125341,5.105594981624636,0.16279045604082326
306,0.0349,13,229,13,32061,644383,928,125328,5.103781206437714,0.1628247485095055
307,0.035,7,235,7,32296,644148,935,125321,5.101919908756812,0.16286686013341667
308,0.0351,8,212,8,32508,643936,943,125313,5.100240780636168,0.162903039197971
309,0.0352,13,246,13,32754,643690,956,125300,5.098292358382968,0.16294100053316687
310,0.0353,8,248,8,33002,643442,964,125292,5.096328095298441,0.16298485561975923
311,0.0354,10,231,10,33233,643211,974,125282,5.094498479280193,0.163022955316444
312,0.0355,10,251,10,33484,642960,984,125272,5.092510454948676,0.1630653240167033
313,0.0356,10,262,10,33746,642698,994,125262,5.090435306044861,0.16311005781551122
314,0.0357,12,251,12,33997,642447,1006,125250,5.088447281713345,0.16315030539392494
315,0.0358,4,207,4,34204,642240,1010,125246,5.086807755671018,0.16318994743878065
316,0.0359,9,253,9,34457,641987,1019,125237,5.084803890508174,0.1632339447149724
317,0.036,8,228,8,34685,641759,1027,125229,5.0829980357369156,0.1632737409190235
318,0.0361,8,257,8,34942,641502,1035,125221,5.080962488911418,0.1633197386800709
319,0.0362,11,254,11,35196,641248,1046,125210,5.078950703332911,0.163361854139431
320,0.0363,12,269,12,35465,640979,1058,125198,5.076820111519453,0.16340610589981167
321,0.0364,7,259,7,35724,640720,1065,125191,5.074768723862628,0.16345371720735177
322,0.0365,5,239,5,35963,640481,1070,125186,5.072875744519072,0.16349927579482987
323,0.0366,8,242,8,36205,640239,1078,125178,5.070959003928526,0.1635422260022968
324,0.0367,10,248,10,36453,639991,1088,125168,5.0689947408439995,0.16358430077931516
325,0.0368,7,242,7,36695,639749,1095,125161,5.067078000253454,0.1636284007268829
326,0.0369,12,229,12,36924,639520,1107,125149,5.065264225066532,0.16366427826942115
327,0.037,10,243,10,37167,639277,1117,125139,5.063339564060322,0.16370536461821836
328,0.0371,5,226,5,37393,639051,1122,125134,5.06154955012039,0.163748307019897
329,0.0372,5,232,5,37625,638819,1127,125129,5.059712013686478,0.16379256179739982
330,0.0373,8,218,8,37843,638601,1135,125121,5.057985363071854,0.16383055614477518
331,0.0374,10,248,10,38091,638353,1145,125111,5.056021099987327,0.1638728217702472
332,0.0375,10,235,10,38326,638118,1155,125101,5.054159802306425,0.163912323985645
333,0.0376,12,246,12,38572,637872,1167,125089,5.052211380053225,0.16395202376006113
334,0.0377,6,249,6,38821,637623,1173,125083,5.050239196553035,0.16399897208098532
335,0.0378,14,227,14,39048,637396,1187,125069,5.04844126219744,0.1640324473910278
336,0.0379,10,245,10,39293,637151,1197,125059,5.046500760359904,0.1640742052715131
337,0.038,11,260,11,39553,636891,1208,125048,5.044441452287416,0.16411812494176042
338,0.0381,12,251,12,39804,636640,1220,125036,5.042453427955899,0.1641590387513851
339,0.0382,9,236,9,40040,636404,1229,125027,5.040584209859333,0.16420003913683578
340,0.0383,10,253,10,40293,636151,1239,125017,5.03858034469649,0.16424363609610493
341,0.0384,16,246,16,40539,635905,1255,125001,5.03663192244329,0.1642791619464165
342,0.0385,10,240,10,40779,635665,1265,124991,5.0347310226840705,0.1643200079931007
343,0.0386,5,265,5,41044,635400,1270,124986,5.032632112533266,0.16437177959615248
344,0.0387,14,276,14,41320,635124,1284,124972,5.030446077810163,0.1644160737591041
345,0.0388,13,265,13,41585,634859,1297,124959,5.0283471676593585,0.1644591204735871
346,0.0389,16,255,16,41840,634604,1313,124943,5.026327461665188,0.16449673292107006
347,0.039,6,245,6,42085,634359,1319,124937,5.024386959827652,0.16454320844571813
348,0.0391,10,261,10,42346,634098,1329,124927,5.0223197313395005,0.1645887816606831
349,0.0392,11,265,11,42611,633833,1340,124916,5.020220821188696,0.1646341543777982
350,0.0393,11,286,11,42897,633547,1351,124905,5.01795558230896,0.1646841197597211
351,0.0394,14,260,14,43157,633287,1365,124891,5.015896274236472,0.16472517007879417
352,0.0395,7,271,7,43428,633016,1372,124884,5.013749841591687,0.16477635571975194
353,0.0396,9,259,9,43687,632757,1381,124875,5.011698453934862,0.16482276355803346
354,0.0397,11,291,11,43978,632466,1392,124864,5.009393612976809,0.16487396511428307
355,0.0398,15,268,15,44246,632198,1407,124849,5.007270941579014,0.1649157846210341
356,0.0399,10,252,10,44498,631946,1417,124839,5.005274996831834,0.16495966489822075
357,0.04,10,276,10,44774,631670,1427,124829,5.003088962108731,0.16500881032228729
358,0.0401,8,248,8,45022,631422,1435,124821,5.001124699024205,0.16505408975686386
359,0.0402,9,306,9,45328,631116,1444,124812,4.9987010518312,0.16511096294885227
360,0.0403,9,288,9,45616,630828,1453,124803,4.996419972120137,0.1651639490703796
361,0.0404,16,254,16,45870,630574,1469,124787,4.99440818654163,0.16520180417045624
362,0.0405,14,254,14,46124,630320,1483,124773,4.9923964009631225,0.16524189735568995
363,0.0406,10,294,10,46418,630026,1493,124763,4.990067798758079,0.16529520170537726
364,0.0407,13,253,13,46671,629773,1506,124750,4.988063933595235,0.16533624554851212
365,0.0408,11,273,11,46944,629500,1517,124739,4.985901660119123,0.16538391676908779
366,0.0409,13,273,13,47217,629227,1530,124726,4.983739386643011,0.1654294100560645
367,0.041,17,259,17,47476,628968,1547,124709,4.981687998986187,0.1654674349887286
368,0.0411,14,278,14,47754,628690,1561,124695,4.979486123431758,0.16551298472892345
369,0.0412,14,282,14,48036,628408,1575,124681,4.977252566214675,0.16555944914877258
370,0.0413,14,258,14,48294,628150,1589,124667,4.975209098973514,0.16560067054808805
371,0.0414,12,290,12,48584,627860,1601,124655,4.972912178431124,0.16565118303289636
372,0.0415,10,265,10,48849,627595,1611,124645,4.970813268280319,0.1656984473040519
373,0.0416,16,269,16,49118,627326,1627,124629,4.968682676466861,0.16573997114189015
374,0.0417,12,273,12,49391,627053,1639,124617,4.966520402990749,0.16578684795189377
375,0.0418,12,251,12,49642,626802,1651,124605,4.964532378659232,0.16582890497426828
376,0.0419,17,281,17,49923,626521,1668,124588,4.962306741857812,0.16587206384159955
377,0.042,13,295,13,50218,626226,1681,124575,4.959970219237105,0.1659227944555215
378,0.0421,14,263,14,50481,625963,1695,124561,4.957887149917628,0.16596537885530643
379,0.0422,16,297,16,50778,625666,1711,124545,4.955534786465594,0.16601329492636072
380,0.0423,9,285,9,51063,625381,1720,124536,4.953277468001521,0.16606637801250004
381,0.0424,17,293,17,51356,625088,1737,124519,4.95095678621214,0.1661123762184718
382,0.0425,10,280,10,51636,624808,1747,124509,4.9487390698263845,0.1661633193961968
383,0.0426,19,288,19,51924,624520,1766,124490,4.946457990115321,0.1662060586641033
384,0.0427,11,294,11,52218,624226,1777,124479,4.9441293879102775,0.1662590740011086
385,0.0428,15,303,15,52521,623923,1792,124464,4.9417295019642635,0.16630967667797544
386,0.0429,19,339,19,52860,623584,1811,124445,4.939044481054366,0.16636387091944296
387,0.043,18,290,18,53150,623294,1829,124427,4.936747560511976,0.16640832610024328
388,0.0431,10,276,10,53426,623018,1839,124417,4.934561525788873,0.16645862181995758
389,0.0432,11,293,11,53719,622725,1850,124406,4.932240843999493,0.16651162915204964
390,0.0433,9,303,9,54022,622422,1859,124397,4.929840958053479,0.16656914192059924
391,0.0434,14,321,14,54343,622101,1873,124383,4.927298504625523,0.16662513864999115
392,0.0435,21,299,21,54642,621802,1894,124362,4.924930300342162,0.16666845358393062
393,0.0436,9,305,9,54947,621497,1903,124353,4.922514573564821,0.16672655359656768
394,0.0437,15,291,15,55238,621206,1918,124338,4.920209732606767,0.1667748650649727
395,0.0438,11,257,11,55495,620949,1929,124327,4.91817418578127,0.1668200773941466
396,0.0439,10,314,10,55809,620635,1939,124317,4.915687175262958,0.16687920832483166
397,0.044,19,328,19,56137,620307,1958,124298,4.913089278925358,0.1669314603044567
398,0.0441,13,307,13,56444,620000,1971,124285,4.91065771131669,0.16698576486157857
399,0.0442,10,303,10,56747,619697,1981,124275,4.908257825370676,0.16704257687117258
400,0.0443,14,228,14,56975,619469,1995,124261,4.906451970599417,0.1670781063020182
401,0.0444,14,292,14,57267,619177,2009,124247,4.904139209225701,0.1671280453684573
402,0.0445,21,328,21,57595,618849,2030,124226,4.9015413128881,0.16717827944689298
403,0.0446,10,278,10,57873,618571,2040,124216,4.899339437333671,0.16722963649067632
404,0.0447,11,319,11,58192,618252,2051,124205,4.896812824737042,0.16728914940528541
405,0.0448,26,316,26,58508,617936,2077,124179,4.894309973387403,0.16733120877492033
406,0.0449,13,335,13,58843,617601,2090,124166,4.891656634140159,0.1673921864952202
407,0.045,19,284,19,59127,617317,2109,124147,4.88940723609175,0.16743496649871065
408,0.0451,19,289,19,59416,617028,2128,124128,4.887118235965024,0.1674789113223127
409,0.0452,12,288,12,59704,616740,2140,124116,4.88483715625396,0.16753053224918202
410,0.0453,16,295,16,59999,616445,2156,124100,4.882500633633253,0.16757928282548665
411,0.0454,15,309,15,60308,616136,2171,124085,4.880053225193258,0.1676323692518856
412,0.0455,11,294,11,60602,615842,2182,124074,4.8777246229882145,0.1676866022629596
413,0.0456,13,305,13,60907,615537,2195,124061,4.875308896210873,0.16774112423235324
414,0.0457,12,282,12,61189,615255,2207,124049,4.87307533899379,0.16779159858461473
415,0.0458,11,314,11,61503,614941,2218,124038,4.8705883284754785,0.1678505072539274
416,0.0459,19,316,19,61819,614625,2237,124019,4.86808547712584,0.16790091031674256
417,0.046,15,301,15,62120,614324,2252,124004,4.865701432011152,0.1679524547355647
418,0.0461,18,286,18,62406,614038,2270,123986,4.863436193131416,0.16799724670200428
419,0.0462,22,304,22,62710,613734,2292,123964,4.861028386769737,0.1680416647462783
420,0.0463,9,287,9,62997,613447,2301,123955,4.8587552274743375,0.16809691321694273
421,0.0464,15,290,15,63287,613157,2316,123940,4.856458306931947,0.16814611916749084
422,0.0465,22,293,22,63580,612864,2338,123918,4.854137625142568,0.16818814791892311
423,0.0466,18,330,18,63910,612534,2356,123900,4.851523887973641,0.16824318268846902
424,0.0467,18,315,18,64225,612219,2374,123882,4.849028957039666,0.1682948399744057
425,0.0468,11,313,11,64538,611906,2385,123871,4.846549866937017,0.16835399856206432
426,0.0469,16,295,16,64833,611611,2401,123855,4.84421334431631,0.16840343401326505
427,0.047,14,288,14,65121,611323,2415,123841,4.841932264605246,0.16845356954366644
428,0.0471,8,300,8,65421,611023,2423,123833,4.839556139906223,0.1685132869569004
429,0.0472,20,296,20,65717,610727,2443,123813,4.8372116968698515,0.16855855365262612
430,0.0473,23,326,23,66043,610401,2466,123790,4.834629641363579,0.16860735149300388
431,0.0474,16,330,16,66373,610071,2482,123774,4.832015904194652,0.16866504507082558
432,0.0475,17,294,17,66667,609777,2499,123757,4.829687301989608,0.16871337933892636
433,0.0476,19,292,19,66959,609485,2518,123738,4.827374540615891,0.1687590269263239
434,0.0477,19,287,19,67246,609198,2537,123719,4.825101381320492,0.16880356165841426
435,0.0478,18,276,18,67522,608922,2555,123701,4.822915346597389,0.1688467329035534
436,0.0479,13,338,13,67860,608584,2568,123688,4.820238246103155,0.16890991325627636
437,0.048,10,316,10,68176,608268,2578,123678,4.817735394753517,0.1689714815027338
438,0.0481,12,336,12,68512,607932,2590,123666,4.81507413509061,0.16903545389681218
439,0.0482,18,302,18,68814,607630,2608,123648,4.812682169560259,0.16908480769283366
440,0.0483,20,310,20,69124,607320,2628,123628,4.8102268407046,0.16913378243048754
441,0.0484,15,309,15,69433,607011,2643,123613,4.8077794322646055,0.16918825551857042
442,0.0485,14,306,14,69739,606705,2657,123599,4.8053557850716,0.1692432192621155
443,0.0486,13,301,13,70040,606404,2670,123586,4.802971739956913,0.16929820956451458
444,0.0487,18,332,18,70372,606072,2688,123568,4.800342161956659,0.16935475028781316
445,0.0488,13,314,13,70686,605758,2701,123555,4.797855151438347,0.16941285840235948
446,0.0489,13,307,13,70993,605451,2714,123542,4.795423583829679,0.16946939133846278
447,0.049,15,311,15,71304,605140,2729,123527,4.792960334558358,0.1695246251030992
448,0.0491,14,333,14,71637,604807,2743,123513,4.79032283614244,0.169586170913884
449,0.0492,22,334,22,71971,604473,2765,123491,4.78767741731086,0.16963888324147897
450,0.0493,19,312,19,72283,604161,2784,123472,4.785206247623876,0.16968993984604877
451,0.0494,15,315,15,72598,603846,2799,123457,4.7827113166899,0.16974630930987497
452,0.0495,18,311,18,72909,603535,2817,123439,4.7802480674185786,0.1697983696803462
453,0.0496,16,312,16,73221,603223,2833,123423,4.777776897731593,0.16985299581914715
454,0.0497,18,326,18,73547,602897,2851,123405,4.77519484222532,0.16990866058471546
455,0.0498,21,292,21,73839,602605,2872,123384,4.772882080851603,0.1699529882684173
456,0.0499,13,312,13,74151,602293,2885,123371,4.770410911164618,0.17001118975173082
457,0.05,16,329,16,74480,601964,2901,123355,4.767805094411354,0.17006999678762033
458,0.0501,20,329,20,74809,601635,2921,123335,4.765199277658091,0.17012428100473123
459,0.0502,18,281,18,75090,601354,2939,123317,4.762973640856672,0.1701696356001551
460,0.0503,21,338,21,75428,601016,2960,123296,4.760296540362439,0.17022498591767085
461,0.0504,13,330,13,75758,600686,2973,123283,4.757682803193512,0.17028767806356349
462,0.0505,12,293,12,76051,600393,2985,123271,4.755362121404131,0.17034286630259346
463,0.0506,22,331,22,76382,600062,3007,123249,4.752740463819541,0.17039558364244425
464,0.0507,16,336,16,76718,599726,3023,123233,4.750079204156634,0.1704564159240012
465,0.0508,21,324,21,77042,599402,3044,123212,4.747512989481688,0.17050873633779584
466,0.0509,21,311,21,77353,599091,3065,123191,4.745049740210367,0.17055803688863908
467,0.051,15,310,15,77663,598781,3080,123176,4.742594411354708,0.17061403934029312
468,0.0511,21,303,21,77966,598478,3101,123155,4.740194525408693,0.1706615412543495
469,0.0512,26,324,26,78290,598154,3127,123129,4.737628310733747,0.1707083072802215
470,0.0513,13,307,13,78597,597847,3140,123116,4.735196743125079,0.17076604485944494
471,0.0514,25,304,25,78901,597543,3165,123091,4.732788936763401,0.17080931513084313
472,0.0515,15,353,15,79254,597190,3180,123076,4.729993030034216,0.17087575978874472
473,0.0516,20,322,20,79576,596868,3200,123056,4.727442656190597,0.17092915363288347
474,0.0517,20,345,20,79921,596523,3220,123036,4.7247101127867195,0.17098806352224072
475,0.0518,8,307,8,80228,596216,3228,123028,4.722278545178051,0.17105182664019442
476,0.0519,18,330,18,80558,595886,3246,123010,4.719664808009124,0.17110959026062184
477,0.052,17,302,17,80860,595584,3263,122993,4.717272842478773,0.17116189357577546
478,0.0521,18,324,18,81184,595260,3281,122975,4.714706627803827,0.17121833383224153
479,0.0522,21,311,21,81495,594949,3302,122954,4.712243378532506,0.17126826326119265
480,0.0523,13,305,13,81800,594644,3315,122941,4.709827651755164,0.17132604499815354
481,0.0524,19,294,19,82094,594350,3334,122922,4.707499049550121,0.1713743182502593
482,0.0525,16,349,16,82443,594001,3350,122906,4.704734824483589,0.17143925223215842
483,0.0526,28,292,28,82735,593709,3378,122878,4.702422063109872,0.17147673625114607
484,0.0527,16,325,16,83060,593384,3394,122862,4.699847928019262,0.1715360365014255
485,0.0528,21,354,21,83414,593030,3415,122841,4.697044100874414,0.17159655859784795
486,0.0529,13,338,13,83752,592692,3428,122828,4.69436700038018,0.1716625670840787
487,0.053,15,333,15,84085,592359,3443,122813,4.6917295019642635,0.17172512346680238
488,0.0531,20,305,20,84390,592054,3463,122793,4.689313775186922,0.17177521903288395
489,0.0532,20,310,20,84700,591744,3483,122773,4.6868584463312635,0.17182656255904338
490,0.0533,17,358,17,85058,591386,3500,122756,4.684022937523761,0.17189298486855556
491,0.0534,18,313,18,85371,591073,3518,122738,4.681543847421112,0.17194747629274415
492,0.0535,23,311,23,85682,590762,3541,122715,4.679080598149791,0.17199573356954745
493,0.0536,21,319,21,86001,590443,3562,122694,4.676553985553162,0.17204828805685304
494,0.0537,14,335,14,86336,590108,3576,122680,4.673900646305918,0.17211288629999383
495,0.0538,17,338,17,86674,589770,3593,122663,4.671223545811684,0.17217478696242314
496,0.0539,26,363,26,87037,589407,3619,122637,4.668348434925865,0.1722323339568903
497,0.054,25,340,25,87377,589067,3644,122612,4.665655493600304,0.17228553884546263
498,0.0541,14,326,14,87703,588741,3658,122598,4.663073438094031,0.1723482052860872
499,0.0542,19,324,19,88027,588417,3677,122579,4.660507223419085,0.172404626748955
500,0.0543,15,308,15,88335,588109,3692,122564,4.658067735394754,0.17246187768495497
501,0.0544,20,335,20,88670,587774,3712,122544,4.65541439614751,0.172519913616155
502,0.0545,17,322,17,88992,587452,3729,122527,4.65286402230389,0.17257834386650872
503,0.0546,23,302,23,89294,587150,3752,122504,4.650472056773539,0.17262496935126131
504,0.0547,23,336,23,89630,586814,3775,122481,4.647810797110632,0.17267991456305204
505,0.0548,15,304,15,89934,586510,3790,122466,4.645402990748955,0.17273645370224097
506,0.0549,21,347,21,90281,586163,3811,122445,4.64265460651375,0.17279652501806358
507,0.055,24,323,24,90604,585840,3835,122421,4.640096312254467,0.1728472978181772
508,0.0551,21,338,21,90942,585502,3856,122400,4.637419211760233,0.1729052891501931
509,0.0552,16,331,16,91273,585171,3872,122384,4.634797554175643,0.1729674724933044
510,0.0553,25,339,25,91612,584832,3897,122359,4.632112533265746,0.17302114987323086
511,0.0554,19,367,19,91979,584465,3916,122340,4.629205740717273,0.17308875856848777
512,0.0555,22,355,22,92334,584110,3938,122318,4.626393993156761,0.17314998839230608
513,0.0556,21,361,21,92695,583749,3959,122297,4.623534723102268,0.17321392657135654
514,0.0557,20,389,20,93084,583360,3979,122277,4.6204536814092005,0.1732859813190068
515,0.0558,17,339,17,93423,583021,3996,122260,4.617768660499303,0.1733493458635636
516,0.0559,21,329,21,93752,582692,4017,122239,4.61516284374604,0.17340562409654278
517,0.056,17,373,17,94125,582319,4034,122222,4.6122085287035866,0.17347748392215642
518,0.0561,18,313,18,94438,582006,4052,122204,4.6097294386009375,0.17353346302949405
519,0.0562,15,350,15,94788,581656,4067,122189,4.606957293118743,0.1736021425171735
520,0.0563,18,348,18,95136,581308,4085,122171,4.604200988467875,0.17366687562812821
521,0.0564,28,335,28,95471,580973,4113,122143,4.601547649220631,0.17371671246280843
522,0.0565,22,354,22,95825,580619,4135,122121,4.598743822075782,0.17377835330278624
523,0.0566,14,325,14,96150,580294,4149,122107,4.596169686985173,0.17384229236575688
524,0.0567,24,345,24,96495,579949,4173,122083,4.593437143581295,0.17389948036556738
525,0.0568,10,333,10,96828,579616,4183,122073,4.5907996451653785,0.173970234676616
526,0.0569,19,377,19,97205,579239,4202,122054,4.587813648460271,0.17404137785490514
527,0.057,28,312,28,97517,578927,4230,122026,4.585342478773286,0.17408585169048424
528,0.0571,23,385,23,97902,578542,4253,122003,4.5822931187428715,0.17415440835349622
529,0.0572,20,344,20,98246,578198,4273,121983,4.579568495754657,0.17421638119286298
530,0.0573,22,338,22,98584,577860,4295,121961,4.576891395260423,0.17427456449577822
531,0.0574,24,307,24,98891,577553,4319,121937,4.574459827651755,0.17432272083946876
532,0.0575,16,372,16,99263,577181,4335,121921,4.571513433024965,0.17439658304510644
533,0.0576,18,340,18,99603,576841,4353,121903,4.568820491699404,0.17446017425552132
534,0.0577,17,329,17,99932,576512,4370,121886,4.566214674946141,0.1745222638094611
535,0.0578,30,316,30,100248,576196,4400,121856,4.563711823596503,0.17456579166022015
536,0.0579,20,351,20,100599,575845,4420,121836,4.560931757698644,0.1746299526574466
537,0.058,29,326,29,100925,575519,4449,121807,4.558349702192371,0.17467726716055332
538,0.0581,18,374,18,101299,575145,4467,121789,4.555387466734254,0.17474968935365473
539,0.0582,14,349,14,101648,574796,4481,121775,4.552623241667723,0.1748206571907243
540,0.0583,27,366,27,102014,574430,4508,121748,4.549724369534913,0.17488056215508102
541,0.0584,15,336,15,102350,574094,4523,121733,4.547063109872006,0.1749472210765032
542,0.0585,17,355,17,102705,573739,4540,121716,4.544251362311494,0.17501635619846
543,0.0586,21,342,21,103047,573397,4561,121695,4.541542580154607,0.17507754369205802
544,0.0587,19,310,19,103357,573087,4580,121676,4.539087251298948,0.17513310294301798
545,0.0588,23,374,23,103731,572713,4603,121653,4.536125015840831,0.1752001106044939
546,0.0589,15,377,15,104108,572336,4618,121638,4.533139019135724,0.17527745996247698
547,0.059,19,357,19,104465,571979,4637,121619,4.530311430743885,0.17534508461673765
548,0.0591,19,310,19,104775,571669,4656,121600,4.5278561018882275,0.17540089056340324
549,0.0592,18,331,18,105106,571338,4674,121582,4.525234444303637,0.17546325694163828
550,0.0593,32,334,32,105440,571004,4706,121550,4.522589025472056,0.17550977974280707
551,0.0594,17,367,17,105807,570637,4723,121533,4.519682232923584,0.17558258809252061
552,0.0595,30,353,30,106160,570284,4753,121503,4.516886326194399,0.17563643144493898
553,0.0596,19,347,19,106507,569937,4772,121484,4.514137941959194,0.175701924008672
554,0.0597,21,374,21,106881,569563,4793,121463,4.511175706501077,0.17577196805908896
555,0.0598,23,375,23,107256,569188,4816,121440,4.508205550627297,0.1758399601522093
556,0.0599,27,342,27,107598,568846,4843,121413,4.505496768470409,0.1758948452682254
557,0.06,19,317,19,107915,568529,4862,121394,4.502985996705107,0.1759529686646191
558,0.0601,22,345,22,108260,568184,4884,121372,4.500253453301229,0.17601471091542964
559,0.0602,23,418,23,108678,567766,4907,121349,4.496942719553922,0.1760939756063937
560,0.0603,18,395,18,109073,567371,4925,121331,4.493814155366874,0.176173439310471
561,0.0604,20,322,20,109395,567049,4945,121311,4.491263781523254,0.17623191353361614
562,0.0605,19,342,19,109737,566707,4964,121292,4.488554999366367,0.1762967678732091
563,0.0606,28,348,28,110085,566359,4992,121264,4.485798694715498,0.1763524489436799
564,0.0607,34,350,34,110435,566009,5026,121230,4.483026549233304,0.17640151388381625
565,0.0608,22,341,22,110776,565668,5048,121208,4.48032568749208,0.1764627094264467
566,0.0609,13,332,13,111108,565336,5061,121195,4.477696109491826,0.17653245082887736
567,0.061,28,340,28,111448,564996,5089,121167,4.475003168166265,0.17658632132598232
568,0.0611,23,380,23,111828,564616,5112,121144,4.471993410214168,0.1766565562295847
569,0.0612,24,377,24,112205,564239,5136,121120,4.469007413509061,0.17672489892158708
570,0.0613,29,383,29,112588,563856,5165,121091,4.465973894309974,0.17678886103596336
571,0.0614,24,332,24,112920,563524,5189,121067,4.46334431630972,0.1768457370897368
572,0.0615,31,366,31,113286,563158,5220,121036,4.46044544417691,0.17690304211963273
573,0.0616,18,340,18,113626,562818,5238,121018,4.45775250285135,0.17696933182809912
574,0.0617,21,385,21,114011,562433,5259,120997,4.454703142820935,0.17704373527647307
575,0.0618,24,348,24,114359,562085,5283,120973,4.451946838170067,0.17710501890029837
576,0.0619,33,371,33,114730,561714,5316,120940,4.44900836395894,0.17716149030108957
577,0.062,29,363,29,115093,561351,5345,120911,4.446133253073121,0.17722077442390166
578,0.0621,23,382,23,115475,560969,5368,120888,4.4431076542896975,0.17729230615803607
579,0.0622,26,364,26,115839,560605,5394,120862,4.4402246229882145,0.17735561663294042
580,0.0623,15,370,15,116209,560235,5409,120847,4.437294069192752,0.17743384790671315
581,0.0624,29,371,29,116580,559864,5438,120818,4.434355594981625,0.17749551185428733
582,0.0625,20,339,20,116919,559525,5458,120798,4.4316705740717275,0.1775597767531011
583,0.0626,19,329,19,117248,559196,5477,120779,4.429064757318464,0.1776227067171587
584,0.0627,23,363,23,117611,558833,5500,120756,4.426189646432645,0.17768975071697746
585,0.0628,25,363,25,117974,558470,5525,120731,4.423314535546825,0.1777544497137077
586,0.0629,22,390,22,118364,558080,5547,120709,4.420225573438094,0.17782992947734863
587,0.063,30,376,30,118740,557704,5577,120679,4.41724749714865,0.17789213467908246
588,0.0631,21,360,21,119100,557344,5598,120658,4.414396147509821,0.17796112695832755
589,0.0632,30,368,30,119468,556976,5628,120628,4.411481434545685,0.17802138121970945
590,0.0633,27,353,27,119821,556623,5655,120601,4.4086855278165,0.1780814029036183
591,0.0634,25,353,25,120174,556270,5680,120576,4.405889621087315,0.1781439204782181
592,0.0635,31,388,31,120562,555882,5711,120545,4.40281649980991,0.17820843934378727
593,0.0636,39,352,39,120914,555530,5750,120506,4.400028513496388,0.17825382080244248
594,0.0637,28,368,28,121282,555162,5778,120478,4.397113800532252,0.17831685512995085
595,0.0638,21,375,21,121657,554787,5799,120457,4.394143644658472,0.17839033001403937
596,0.0639,26,364,26,122021,554423,5825,120431,4.391260613356989,0.1784548954292336
597,0.064,32,376,32,122397,554047,5857,120399,4.388282537067545,0.17851540375359926
598,0.0641,19,333,19,122730,553714,5876,120380,4.385645038651629,0.17858043536954787
599,0.0642,21,347,21,123077,553367,5897,120359,4.382896654416424,0.17864680894013293
600,0.0643,14,339,14,123416,553028,5911,120345,4.380211633506526,0.1787196694848175
601,0.0644,33,357,33,123773,552671,5944,120312,4.377384045114687,0.17877420380603967
602,0.0645,24,403,24,124176,552268,5968,120288,4.374192117602332,0.1788520212443276
603,0.0646,23,374,23,124550,551894,5991,120265,4.371229882144215,0.1789234392457737
604,0.0647,33,331,33,124881,551563,6024,120232,4.368608224559625,0.17897126355510237
605,0.0648,30,390,30,125271,551173,6054,120202,4.365519262450894,0.1790385403090672
606,0.0649,18,396,18,125667,550777,6072,120184,4.362382777848182,0.1791221844488726
607,0.065,27,363,27,126030,550414,6099,120157,4.3595076669623625,0.179186096625115
608,0.0651,28,358,28,126388,550056,6127,120129,4.3566721581548595,0.17924752120683096
609,0.0652,17,361,17,126749,549695,6144,120112,4.353812888100368,0.179323297606624
610,0.0653,28,372,28,127121,549323,6172,120084,4.3508664934735775,0.17938862306489176
611,0.0654,35,327,35,127448,548996,6207,120049,4.348276517551641,0.17943337144736154
612,0.0655,26,407,26,127855,548589,6233,120023,4.345052908376632,0.17951068781296178
613,0.0656,22,385,22,128240,548204,6255,120001,4.342003548346217,0.17958710276038042
614,0.0657,32,361,32,128601,547843,6287,119969,4.339144278291725,0.17964487011314562
615,0.0658,29,364,29,128965,547479,6316,119940,4.336261246990242,0.17970720042432115
616,0.0659,26,374,26,129339,547105,6342,119914,4.333299011532125,0.1797759883901358
617,0.066,28,332,28,129671,546773,6370,119886,4.330669433531872,0.17983106805728266
618,0.0661,31,371,31,130042,546402,6401,119855,4.327730959320745,0.17989304427570743
619,0.0662,28,384,28,130426,546018,6429,119827,4.324689519705994,0.17996230353911197
620,0.0663,24,351,24,130777,545667,6453,119803,4.321909453808136,0.1800276496310878
621,0.0664,26,352,26,131129,545315,6479,119777,4.319121467494614,0.18009087464591364
622,0.0665,32,392,32,131521,544923,6511,119745,4.316016664554556,0.18015761252234197
623,0.0666,29,357,29,131878,544566,6540,119716,4.313189076162717,0.18021864208272992
624,0.0667,27,368,27,132246,544198,6567,119689,4.31027436319858,0.18028519913780508
625,0.0668,26,377,26,132623,543821,6593,119663,4.307288366493474,0.18035551723930043
626,0.0669,35,382,35,133005,543439,6628,119628,4.30426276771005,0.18041615703993713
627,0.067,32,404,32,133409,543035,6660,119596,4.30106291978203,0.1804865754846966
628,0.0671,37,372,37,133781,542663,6697,119559,4.2981165251552405,0.1805421746785821
629,0.0672,25,365,25,134146,542298,6722,119534,4.295225573438094,0.18061078944505554
630,0.0673,27,367,27,134513,541931,6749,119507,4.292318780889621,0.18067755405646485
631,0.0674,36,392,36,134905,541539,6785,119471,4.289213977949562,0.18074007957519553
632,0.0675,29,381,29,135286,541158,6814,119442,4.286196299581802,0.18080835603996367
633,0.0676,19,342,19,135628,540816,6833,119423,4.2834875174249145,0.1808784394741904
634,0.0677,31,382,31,136010,540434,6864,119392,4.280461918641491,0.18094467329265596
635,0.0678,29,387,29,136397,540047,6893,119363,4.277396717779749,0.18101484660529868
636,0.0679,34,355,34,136752,539692,6927,119329,4.274584970219237,0.18107010247017924
637,0.068,29,354,29,137106,539338,6956,119300,4.271781143074389,0.18113136502904478
638,0.0681,23,400,23,137506,538938,6979,119277,4.268612976809023,0.18121282559649962
639,0.0682,34,386,34,137892,538552,7013,119243,4.265555696362945,0.1812768415691819
640,0.0683,25,373,25,138265,538179,7038,119218,4.262601381320492,0.18134856106736114
641,0.0684,18,413,18,138678,537766,7056,119200,4.2593302496515015,0.18144013541035608
642,0.0685,19,348,19,139026,537418,7075,119181,4.256573945000634,0.18151261272100627
643,0.0686,31,383,31,139409,537035,7106,119150,4.253540425801546,0.18157988981765813
644,0.0687,33,332,33,139741,536703,7139,119117,4.2509108478012925,0.18163063035589033
645,0.0688,27,388,27,140129,536315,7166,119090,4.247837726523888,0.18170444229140761
646,0.0689,31,393,31,140522,535922,7197,119059,4.244725003168166,0.181774738503865
647,0.069,31,401,31,140923,535521,7228,119028,4.241548916487138,0.18184734832686322
648,0.0691,21,381,21,141304,535140,7249,119007,4.238531238119377,0.18192699806006907
649,0.0692,25,382,25,141686,534758,7274,118982,4.235505639335952,0.18200201915134456
650,0.0693,34,392,34,142078,534366,7308,118948,4.232400836395894,0.18206865305197806
651,0.0694,19,347,19,142425,534019,7327,118929,4.229652452160689,0.1821416100516427
652,0.0695,21,383,21,142808,533636,7348,118908,4.2266189329616015,0.1822221949784229
653,0.0696,33,370,33,143178,533266,7381,118875,4.223688379166139,0.18228419927592346
654,0.0697,28,362,28,143540,532904,7409,118847,4.220821188695982,0.18235031476744953
655,0.0698,26,370,26,143910,532534,7435,118821,4.217890634900519,0.18242126029584482
656,0.0699,26,372,26,144282,532162,7461,118795,4.21494424027373,0.1824928528305249
657,0.07,32,345,32,144627,531817,7493,118763,4.2122116968698515,0.1825494174428971
658,0.0701,32,405,32,145032,531412,7525,118731,4.209003928526169,0.1826228998851022
659,0.0702,33,361,33,145393,531051,7558,118698,4.206144658471676,0.18268285137799364
660,0.0703,21,425,21,145818,530626,7579,118677,4.202778481814725,0.18277599210230047
661,0.0704,29,342,29,146160,530284,7608,118648,4.200069699657838,0.18283579789561927
662,0.0705,40,370,40,146530,529914,7648,118608,4.197139145862375,0.18288970921572437
663,0.0706,36,369,36,146899,529545,7684,118572,4.194216512482575,0.18294844912261213
664,0.0707,34,421,34,147320,529124,7718,118538,4.190882017488278,0.18302447881765488
665,0.0708,38,401,38,147721,528723,7756,118500,4.187705930807248,0.1830899087331569
666,0.0709,27,347,27,148068,528376,7783,118473,4.184957546572044,0.18315402821987822
667,0.071,33,394,33,148462,527982,7816,118440,4.181836902800659,0.18322396205574687
668,0.0711,26,374,26,148836,527608,7842,118414,4.1788746673425425,0.18329716325450218
669,0.0712,33,383,33,149219,527225,7875,118381,4.175841148143455,0.18336415708652026
670,0.0713,34,349,34,149568,526876,7909,118347,4.173076923076923,0.18342030584774566
671,0.0714,36,367,36,149935,526509,7945,118311,4.17017013052845,0.18347911044942775
672,0.0715,22,392,22,150327,526117,7967,118289,4.167065327588392,0.1835628470250122
673,0.0716,28,388,28,150715,525729,7995,118261,4.163992206310987,0.18363794468858213
674,0.0717,36,387,36,151102,525342,8031,118225,4.1609270054492455,0.18370270694426533
675,0.0718,34,376,34,151478,524966,8065,118191,4.157948929159803,0.18376694959395606
676,0.0719,35,362,35,151840,524604,8100,118156,4.155081738689646,0.18382600037338975
677,0.072,15,388,15,152228,524216,8115,118141,4.152008617412242,0.18391797707505328
678,0.0721,22,377,22,152605,523839,8137,118119,4.149022620707135,0.183998018561962
679,0.0722,23,389,23,152994,523450,8160,118096,4.145941579014067,0.18408033095054757
680,0.0723,27,366,27,153360,523084,8187,118069,4.143042706881257,0.18415105286881603
681,0.0724,25,414,25,153774,522670,8212,118044,4.139763654796604,0.18423820924780793
682,0.0725,35,381,35,154155,522289,8247,118009,4.136745976428843,0.18430324630094114
683,0.0726,26,349,26,154504,521940,8273,117983,4.133981751362311,0.18437061959016945
684,0.0727,26,372,26,154876,521568,8299,117957,4.131035356735522,0.18444470505453267
685,0.0728,16,409,16,155285,521159,8315,117941,4.127795906729185,0.1845423251447348
686,0.0729,30,385,30,155670,520774,8345,117911,4.124746546698771,0.18461526417561083
687,0.073,27,387,27,156057,520387,8372,117884,4.12168134583703,0.18469270889637787
688,0.0731,32,357,32,156414,520030,8404,117852,4.118853757445191,0.18475517415446743
689,0.0732,38,360,38,156774,519670,8442,117814,4.116002407806362,0.1848109129013434
690,0.0733,33,382,33,157156,519288,8475,117781,4.112976809022937,0.18487950284820012
691,0.0734,27,393,27,157549,518895,8502,117754,4.1098640856672155,0.18495905907336696
692,0.0735,32,420,32,157969,518475,8534,117722,4.106537511088582,0.1850401683755189
693,0.0736,22,355,22,158324,518120,8556,117700,4.10372576352807,0.18511528419993079
694,0.0737,22,358,22,158682,517762,8578,117678,4.100890254720568,0.1851913634646859
695,0.0738,32,400,32,159082,517362,8610,117646,4.097722088455202,0.1852669572666801
696,0.0739,32,400,32,159482,516962,8642,117614,4.094553922189837,0.18534265399258718
697,0.074,25,392,25,159874,516570,8667,117589,4.091449119249778,0.1854251063219161
698,0.0741,26,394,26,160268,516176,8693,117563,4.088328475478393,0.18550696737931546
699,0.0742,37,382,37,160650,515794,8730,117526,4.085302876694969,0.18557127518474073
700,0.0743,34,384,34,161034,515410,8764,117492,4.082261437080218,0.1856401148993051
701,0.0744,24,408,24,161442,515002,8788,117468,4.079029907489545,0.1857289673818521
702,0.0745,31,355,31,161797,514647,8819,117437,4.0762181599290335,0.18579334392264318
703,0.0746,37,395,37,162192,514252,8856,117400,4.073089595741984,0.18586183531438197
704,0.0747,38,403,38,162595,513849,8894,117362,4.069897668229629,0.18593148725228173
705,0.0748,30,406,30,163001,513443,8924,117332,4.066681979470283,0.18601244500812492
706,0.0749,24,429,24,163430,513014,8948,117308,4.063284121150678,0.18610805270956748
707,0.075,32,423,32,163853,512591,8980,117276,4.059933785325054,0.18619168808653255
708,0.0751,34,407,34,164260,512184,9014,117242,4.056710176150045,0.18626812365552106
709,0.0752,35,396,35,164656,511788,9049,117207,4.053573691547332,0.18634011399136718
710,0.0753,31,380,31,165036,511408,9080,117176,4.050563933595235,0.18641263538365596
711,0.0754,30,412,30,165448,510996,9110,117146,4.047300722341909,0.18649604707215883
712,0.0755,30,406,30,165854,510590,9140,117116,4.044085033582562,0.18657779278834358
713,0.0756,27,408,27,166262,510182,9167,117089,4.040853503991889,0.18666413719110242
714,0.0757,39,374,39,166636,509808,9206,117050,4.037891268533772,0.18672490420478002
715,0.0758,31,387,31,167023,509421,9237,117019,4.034826067672031,0.1868000127705766
716,0.0759,31,398,31,167421,509023,9268,116988,4.0316737422379925,0.18687850532977854
717,0.076,28,394,28,167815,508629,9296,116960,4.028553098466608,0.18695980907592685
718,0.0761,36,381,36,168196,508248,9332,116924,4.025535420098847,0.18702693018881203
719,0.0762,36,386,36,168582,507862,9368,116888,4.022478139652769,0.18709563825530212
720,0.0763,34,347,34,168929,507515,9402,116854,4.019729755417564,0.18715535204342304
721,0.0764,36,354,36,169283,507161,9438,116818,4.016925928272716,0.18721463382581785
722,0.0765,37,387,37,169670,506774,9475,116781,4.013860727410974,0.18728259736510813
723,0.0766,39,381,39,170051,506393,9514,116742,4.010843049043213,0.18734624118369214
724,0.0767,36,405,36,170456,505988,9550,116706,4.007635280699531,0.1874211089234841
725,0.0768,30,400,30,170856,505588,9580,116676,4.004467114434165,0.18750241055243433
726,0.0769,27,390,27,171246,505198,9607,116649,4.001378152325434,0.18758472743295376
727,0.077,20,389,20,171635,504809,9627,116629,3.998297110632366,0.18767600307673493
728,0.0771,31,403,31,172038,504406,9658,116598,3.99510518312001,0.18775724471984076
729,0.0772,41,414,41,172452,503992,9699,116557,3.991826131035357,0.187828841880335
730,0.0773,42,410,42,172862,503582,9741,116515,3.988578760613357,0.18789802240617193
731,0.0774,32,356,32,173218,503226,9773,116483,3.9857590926371818,0.18796402827778844
732,0.0775,31,372,31,173590,502854,9804,116452,3.9828126980103917,0.18803628577795145
733,0.0776,31,413,31,174003,502441,9835,116421,3.9795415663414015,0.18812109969589344
734,0.0777,27,391,27,174394,502050,9862,116394,3.976444683817007,0.1882045908764577
735,0.0778,35,402,35,174796,501648,9897,116359,3.9732606767203142,0.18828103888790904
736,0.0779,27,370,27,175166,501278,9924,116332,3.970330122924851,0.18835834911999483
737,0.078,39,398,39,175564,500880,9963,116293,3.9671777974908125,0.18842852814364855
738,0.0781,34,427,34,175991,500453,9997,116259,3.9637957800025347,0.18851424976326064
739,0.0782,33,379,33,176370,500074,10030,116226,3.9607939424661005,0.1885867272432257
740,0.0783,31,383,31,176753,499691,10061,116195,3.957760423267013,0.18866316168901387
741,0.0784,28,413,28,177166,499278,10089,116167,3.954489291598023,0.18875285362623792
742,0.0785,34,365,34,177531,498913,10123,116133,3.951598339880877,0.18882002321777558
743,0.0786,30,397,30,177928,498516,10153,116103,3.9484539348625014,0.1889023931899274
744,0.0787,29,363,29,178291,498153,10182,116074,3.9455788239766822,0.18897573698323258
745,0.0788,36,367,36,178658,497786,10218,116038,3.9426720314282093,0.1890411583776457
746,0.0789,35,428,35,179086,497358,10253,116003,3.9392820935242683,0.18912679482392913
747,0.079,51,412,51,179498,496946,10304,115952,3.9360188822709414,0.189186455168723
748,0.0791,38,374,38,179872,496572,10342,115914,3.9330566468128247,0.18925167269129417
749,0.0792,41,411,41,180283,496161,10383,115873,3.9298013559751617,0.1893244492953006
750,0.0793,34,368,34,180651,495793,10417,115839,3.9268866430110254,0.18939329531482985
751,0.0794,35,390,35,181041,495403,10452,115804,3.9237976809022936,0.1894677253369153
752,0.0795,22,381,22,181422,495022,10474,115782,3.920780002534533,0.18955671541116298
753,0.0796,33,419,33,181841,494603,10507,115749,3.9174613483715626,0.1896430256638792
754,0.0797,40,426,40,182267,494177,10547,115709,3.914087251298948,0.18972234155235568
755,0.0798,30,428,30,182695,493749,10577,115679,3.910697313395007,0.18981569602971968
756,0.0799,28,397,28,183092,493352,10605,115651,3.9075529083766316,0.18990218438989628
757,0.08,34,359,34,183451,492993,10639,115617,3.904709479153466,0.18996894563020653
758,0.0801,44,391,44,183842,492602,10683,115573,3.901612596629071,0.19003247420561517
759,0.0802,31,373,31,184215,492229,10714,115542,3.8986582815866178,0.1901077873080486
760,0.0803,35,344,35,184559,491885,10749,115507,3.8959336585984032,0.1901687872082609
761,0.0804,42,385,42,184944,491500,10791,115465,3.892884298567989,0.19023337424727949
762,0.0805,35,444,35,185388,491056,10826,115430,3.889367634013433,0.19032591024360002
763,0.0806,33,390,33,185778,490666,10859,115397,3.8862786719047016,0.1904042979030233
764,0.0807,37,396,37,186174,490270,10896,115360,3.88314218730199,0.19047933556792102
765,0.0808,28,391,28,186565,489879,10924,115332,3.8800453047775947,0.1905649434659978
766,0.0809,39,388,39,186953,489491,10963,115293,3.87697218350019,0.19063500357152305
767,0.081,34,404,34,187357,489087,10997,115259,3.8737723355721707,0.19071690720216564
768,0.0811,30,376,30,187733,488711,11027,115229,3.8707942592827274,0.19079544325595257
769,0.0812,36,398,36,188131,488313,11063,115193,3.8676419338486885,0.19087299877714556
770,0.0813,32,398,32,188529,487915,11095,115161,3.8644896084146496,0.1909560320755593
771,0.0814,32,413,32,188942,487502,11127,115129,3.8612184767456594,0.1910439389941772
772,0.0815,38,415,38,189357,487087,11165,115091,3.8579315042453426,0.19112455121243221
773,0.0816,41,379,41,189736,486708,11206,115050,3.854929666708909,0.19118981384543288
774,0.0817,30,392,30,190128,486316,11236,115020,3.851824863768851,0.19127409634547074
775,0.0818,31,416,31,190544,485900,11267,114989,3.84852997085287,0.19136479449615487
776,0.0819,37,421,37,190965,485479,11304,114952,3.845195475858573,0.19144914236606705
777,0.082,43,408,43,191373,485071,11347,114909,3.8419639462679003,0.19152138404613486
778,0.0821,35,425,35,191798,484646,11382,114874,3.8385977696109492,0.19160995463037098
779,0.0822,34,380,34,192178,484266,11416,114840,3.8355880116588517,0.19168561156122624
780,0.0823,31,430,31,192608,483836,11447,114809,3.832182232923584,0.19178143975143866
781,0.0824,31,399,31,193007,483437,11478,114778,3.8290219870738817,0.19186747239704788
782,0.0825,33,345,33,193352,483092,11511,114745,3.826289443670004,0.19193358724869822
783,0.0826,38,382,38,193734,482710,11549,114707,3.8232638448865797,0.1920049144902137
784,0.0827,38,408,38,194142,482302,11587,114669,3.8200323152959066,0.19208470763236404
785,0.0828,34,398,34,194540,481904,11621,114635,3.816879989861868,0.19216681558121096
786,0.0829,32,427,32,194967,481477,11653,114603,3.81349797237359,0.1922611058918266
787,0.083,49,396,49,195363,481081,11702,114554,3.8103614877708782,0.19232247937075558
788,0.0831,30,377,30,195740,480704,11732,114524,3.807375491065771,0.19240358316477046
789,0.0832,35,370,35,196110,480334,11767,114489,3.8044449372703077,0.19247574488545333
790,0.0833,23,391,23,196501,479943,11790,114466,3.801348054745913,0.1925711084455316
791,0.0834,26,427,26,196928,479516,11816,114440,3.7979660372576354,0.1926742048232529
792,0.0835,38,352,38,197280,479164,11854,114402,3.7951780509441138,0.19273678074552789
793,0.0836,33,366,33,197646,478798,11887,114369,3.792279178811304,0.19281079358764058
794,0.0837,36,400,36,198046,478398,11923,114333,3.7891110125459386,0.19289188518906553
795,0.0838,30,418,30,198464,477980,11953,114303,3.7858002787986313,0.19298713621697736
796,0.0839,37,439,37,198903,477541,11990,114266,3.7823232163223928,0.19307983852843916
797,0.084,42,412,42,199315,477129,12032,114224,3.779060005069066,0.19315704832815594
798,0.0841,34,377,34,199692,476752,12066,114190,3.776074008363959,0.19323385374537602
799,0.0842,31,390,31,200082,476362,12097,114159,3.7729850462552275,0.19331911989582082
800,0.0843,29,367,29,200449,475995,12126,114130,3.7700782537067545,0.19339970345265833
801,0.0844,34,382,34,200831,475613,12160,114096,3.7670526549233303,0.19347847836814427
802,0.0845,42,375,42,201206,475238,12202,114054,3.7640824990495503,0.19354411734759677
803,0.0846,35,373,35,201579,474865,12237,114019,3.7611281840070965,0.19361877721249007
804,0.0847,45,376,45,201955,474489,12282,113974,3.758150107717653,0.19368082615219648
805,0.0848,36,368,36,202323,474121,12318,113938,3.755235394753517,0.19375266767450205
806,0.0849,34,399,34,202722,473722,12352,113904,3.7520751489038147,0.19383757696221746
807,0.085,39,372,39,203094,473350,12391,113865,3.7491287542770246,0.19390683139906167
808,0.0851,42,370,42,203464,472980,12433,113823,3.7461982004815613,0.19397140096420776
809,0.0852,43,388,43,203852,472592,12476,113780,3.7431250792041566,0.1940406431412141
810,0.0853,40,418,40,204270,472174,12516,113740,3.7398143454568498,0.19412405233532568
811,0.0854,40,404,40,204674,471770,12556,113700,3.7366144975288305,0.19420294805882454
812,0.0855,44,411,44,205085,471359,12600,113656,3.733359206691167,0.1942787791766023
813,0.0856,40,417,40,205502,470942,12640,113616,3.7300563933595234,0.19436223608264705
814,0.0857,37,401,37,205903,470541,12677,113579,3.7268803066784946,0.1944446346641101
815,0.0858,40,393,40,206296,470148,12717,113539,3.723767583322773,0.19452035080445512
816,0.0859,32,394,32,206690,469754,12749,113507,3.7206469395513877,0.19460755990885728
817,0.086,41,407,41,207097,469347,12790,113466,3.717423330376378,0.19468680348585224
818,0.0861,30,402,30,207499,468945,12820,113436,3.7142393232796858,0.1947797060687076
819,0.0862,42,406,42,207905,468539,12862,113394,3.71102363452034,0.1948574835934721
820,0.0863,30,393,30,208298,468146,12892,113364,3.707910911164618,0.1949476363261165
821,0.0864,35,435,35,208733,467711,12927,113329,3.7044655303510328,0.19504509155996144
822,0.0865,36,384,36,209117,467327,12963,113293,3.701424090736282,0.1951241776032517
823,0.0866,41,406,41,209523,466921,13004,113252,3.698208401976936,0.19520384437055843
824,0.0867,39,352,39,209875,466569,13043,113213,3.695420415663414,0.19526822150394457
825,0.0868,35,431,35,210306,466138,13078,113178,3.6920067165124824,0.1953648785809472
826,0.0869,38,377,38,210683,465761,13116,113140,3.6890207198073757,0.1954392892739864
827,0.087,44,408,44,211091,465353,13160,113096,3.6857891902167026,0.19551594003965778
828,0.0871,31,404,31,211495,464949,13191,113065,3.6825893422886833,0.19560944890608187
829,0.0872,38,404,38,211899,464545,13229,113027,3.679389494360664,0.1956933507857029
830,0.0873,38,380,38,212279,464165,13267,112989,3.676379736408567,0.1957692400988298
831,0.0874,35,403,35,212682,463762,13302,112954,3.673187808896211,0.19585723302283967
832,0.0875,48,393,48,213075,463369,13350,112906,3.670075085540489,0.19592382109236042
833,0.0876,32,384,32,213459,462985,13382,112874,3.667033645925738,0.19600978711802716
834,0.0877,38,401,38,213860,462584,13420,112836,3.6638575592447093,0.1960932883806611
835,0.0878,43,375,43,214235,462209,13463,112793,3.660887403370929,0.19616105683110668
836,0.0879,41,408,41,214643,461801,13504,112752,3.657655873780256,0.19624299237842288
837,0.088,34,409,34,215052,461392,13538,112718,3.65441642377392,0.1963351970876661
838,0.0881,35,374,35,215426,461018,13573,112683,3.6514541883158027,0.1964141599892627
839,0.0882,47,397,47,215823,460621,13620,112636,3.6483097832974276,0.19648429936311287
840,0.0883,43,389,43,216212,460232,13663,112593,3.6452287416043596,0.19655741282241523
841,0.0884,30,397,30,216609,459835,13693,112563,3.642084336585984,0.19665163050884174
842,0.0885,41,393,41,217002,459442,13734,112522,3.6389716132302623,0.19672916477260807
843,0.0886,36,374,36,217376,459068,13770,112486,3.6360093777721456,0.19680730079747497
844,0.0887,46,398,46,217774,458670,13816,112440,3.6328570523381067,0.19687976046646005
845,0.0888,34,377,34,218151,458293,13850,112406,3.6298710556329996,0.19696197119672543
846,0.0889,38,438,38,218589,457855,13888,112368,3.6264019135724244,0.197059746800813
847,0.089,51,409,51,218998,457446,13939,112317,3.623162463566088,0.19712933272255306
848,0.0891,35,427,35,219425,457019,13974,112282,3.6197804460778102,0.1972278285125092
849,0.0892,34,402,34,219827,456617,14008,112248,3.6165964389811176,0.19731922336582494
850,0.0893,35,401,35,220228,456216,14043,112213,3.6134203523000887,0.19740899918899282
851,0.0894,31,409,31,220637,455807,14074,112182,3.6101809022937523,0.1975073460929701
852,0.0895,28,383,28,221020,455424,14102,112154,3.6071473830946648,0.19760103457145978
853,0.0896,43,390,43,221410,455034,14145,112111,3.6040584209859334,0.19767607930952402
854,0.0897,39,389,39,221799,454645,14184,112072,3.6009773792928654,0.19775655221212704
855,0.0898,43,403,43,222202,454242,14227,112029,3.5977854517805095,0.19783637163125076
856,0.0899,35,399,35,222601,453843,14262,111994,3.5946252059308073,0.19792625791526536
857,0.09,37,396,37,222997,453447,14299,111957,3.5914887213280955,0.19801239467708046
858,0.0901,34,363,34,223360,453084,14333,111923,3.588613610442276,0.19809135108060608
859,0.0902,39,390,39,223750,452694,14372,111884,3.5855246483335446,0.1981727945474319
860,0.0903,39,380,39,224130,452314,14411,111845,3.5825148903814474,0.19825084772200746
861,0.0904,44,400,44,224530,451914,14455,111801,3.5793467241160815,0.19832894281684893
862,0.0905,40,370,40,224900,451544,14495,111761,3.5764161703206185,0.1984022865055343
863,0.0906,50,410,50,225310,451134,14545,111711,3.573168799898619,0.19847560163099964
864,0.0907,51,372,51,225682,450762,14596,111660,3.5702224052718288,0.19853419674194822
865,0.0908,39,408,39,226090,450354,14635,111621,3.5669908756811557,0.19862271453356467
866,0.0909,33,394,33,226484,449960,14668,111588,3.5638702319097706,0.19871498073183413
867,0.091,44,400,44,226884,449560,14712,111544,3.560702065644405,0.1987938064957655
868,0.0911,44,402,44,227286,449158,14756,111500,3.5575180585477124,0.19887346653396545
869,0.0912,40,382,40,227668,448776,14796,111460,3.5544924597642886,0.19895187028323777
870,0.0913,52,378,52,228046,448398,14848,111408,3.5514985426435177,0.19901180051660755
871,0.0914,51,422,51,228468,447976,14899,111357,3.548156127233557,0.19908891483248797
872,0.0915,38,383,38,228851,447593,14937,111319,3.5451226080344695,0.19917088915607467
873,0.0916,43,393,43,229244,447200,14980,111276,3.5420098846787478,0.19924938582857635
874,0.0917,52,405,52,229649,446795,15032,111224,3.538802116335065,0.19931937801401028
875,0.0918,47,382,47,230031,446413,15079,111177,3.535776517551641,0.19938843953442495
876,0.0919,42,381,42,230412,446032,15121,111135,3.5327588391838805,0.19946443346429346
877,0.092,40,405,40,230817,445627,15161,111095,3.529551070840198,0.19955202057759527
878,0.0921,43,386,43,231203,445241,15204,111052,3.52649379039412,0.1996286129791315
879,0.0922,40,378,40,231581,444863,15244,111012,3.5234998732733493,0.19970676860805037
880,0.0923,42,379,42,231960,444484,15286,110970,3.5204980357369156,0.19978252024470072
881,0.0924,44,421,44,232381,444063,15330,110926,3.5171635407426183,0.19987062806650222
882,0.0925,41,438,41,232819,443625,15371,110885,3.513694398682043,0.19996934230221278
883,0.0926,39,403,39,233222,443222,15410,110846,3.510502471169687,0.20005847657688225
884,0.0927,42,384,42,233606,442838,15452,110804,3.507461031554936,0.20013655033397032
885,0.0928,35,384,35,233990,442454,15487,110769,3.504419591940185,0.20022486411447102
886,0.0929,40,431,40,234421,442023,15527,110729,3.501005892789254,0.20032311054505456
887,0.093,42,408,42,234829,441615,15569,110687,3.4977743631985807,0.20041028278007322
888,0.0931,37,416,37,235245,441199,15606,110650,3.4944794702826005,0.20050774759037346
889,0.0932,43,350,43,235595,440849,15649,110607,3.4917073248004056,0.2005726658155864
890,0.0933,45,394,45,235989,440455,15694,110562,3.4885866810290205,0.2006507966178902
891,0.0934,37,409,37,236398,440046,15731,110525,3.485347231022684,0.20074613446767084
892,0.0935,38,392,38,236790,439654,15769,110487,3.4822424280826256,0.20083396801910783
893,0.0936,42,426,42,237216,439228,15811,110445,3.4788683310100113,0.2009285520664104
894,0.0937,49,393,49,237609,438835,15860,110396,3.4757556076542895,0.20100103599396246
895,0.0938,37,418,37,238027,438417,15897,110359,3.4724448739069826,0.20110026677551496
896,0.0939,45,401,45,238428,438016,15942,110314,3.4692687872259538,0.2011817701019459
897,0.094,38,420,38,238848,437596,15980,110276,3.46594221264732,0.20128059108696922
898,0.0941,56,420,56,239268,437176,16036,110220,3.462615638068686,0.20135331642905685
899,0.0942,35,408,35,239676,436768,16071,110185,3.459384108478013,0.20145240998769548
900,0.0943,41,424,41,240100,436344,16112,110144,3.4560258522367255,0.20154879887573013
901,0.0944,37,401,37,240501,435943,16149,110107,3.4528497655556962,0.20164270671183956
902,0.0945,35,374,35,240875,435569,16184,110072,3.4498875300975795,0.20172970872789986
903,0.0946,33,372,33,241247,435197,16217,110039,3.4469411354707895,0.20181902882421557
904,0.0947,39,411,39,241658,434786,16256,110000,3.4436858446331264,0.20191414610507613
905,0.0948,42,424,42,242082,434362,16298,109958,3.4403275883918387,0.20200984714873604
906,0.0949,47,364,47,242446,433998,16345,109911,3.4374445570903562,0.2020760825799904
907,0.095,55,379,55,242825,433619,16400,109856,3.434442719553922,0.2021362528175169
908,0.0951,37,399,37,243224,433220,16437,109819,3.43128247370422,0.20223041070714995
909,0.0952,48,400,48,243624,432820,16485,109771,3.4281143074388543,0.202308921452807
910,0.0953,29,383,29,244007,432437,16514,109742,3.4250807882397667,0.20240916745207763
911,0.0954,43,413,43,244420,432024,16557,109699,3.421809656570777,0.2025001707514726
912,0.0955,47,403,47,244823,431621,16604,109652,3.418617729058421,0.20258169167869078
913,0.0956,46,366,46,245189,431255,16650,109606,3.4157188569256114,0.2026509583793248
914,0.0957,38,370,38,245559,430885,16688,109568,3.4127883031301485,0.20273363271181769
915,0.0958,42,370,42,245929,430515,16730,109526,3.409857749334685,0.20281052734884944
916,0.0959,31,399,31,246328,430116,16761,109495,3.406697503484983,0.20291469225052863
917,0.096,35,376,35,246704,429740,16796,109460,3.403719427195539,0.20300445103857567
918,0.0961,43,392,43,247096,429348,16839,109417,3.400614624255481,0.20308854509851235
919,0.0962,39,388,39,247484,428960,16878,109378,3.3975415029780764,0.20317718608012067
920,0.0963,43,414,43,247898,428546,16921,109335,3.394262450893423,0.203269868242232
921,0.0964,31,431,31,248329,428115,16952,109304,3.3908487517424915,0.20338692900697594
922,0.0965,39,383,39,248712,427732,16991,109265,3.387815232543404,0.20347413486481303
923,0.0966,31,368,31,249080,427364,17022,109234,3.3849005195792676,0.2035676614523349
924,0.0967,42,390,42,249470,426974,17064,109192,3.381811557470536,0.2036533461651802
925,0.0968,40,409,40,249879,426565,17104,109152,3.3785721074642,0.20374936766987048
926,0.0969,45,403,45,250282,426162,17149,109107,3.375380179951844,0.20383582834051664
927,0.097,47,389,47,250671,425773,17196,109060,3.372299138258776,0.20391411898667436
928,0.0971,36,381,36,251052,425392,17232,109024,3.369281459891015,0.20400586808778182
929,0.0972,46,408,46,251460,424984,17278,108978,3.366049930300342,0.20409317516976863
930,0.0973,42,381,42,251841,424603,17320,108936,3.3630322519325815,0.2041762645279914
931,0.0974,43,431,43,252272,424172,17363,108893,3.35961855278165,0.20427715194207086
932,0.0975,38,394,38,252666,423778,17401,108855,3.356497909010265,0.20437149031321755
933,0.0976,39,370,39,253036,423408,17440,108816,3.3535673552148015,0.20445526695526695
934,0.0977,48,382,48,253418,423026,17488,108768,3.3505417564313773,0.20453032565241427
935,0.0978,39,373,39,253791,422653,17527,108729,3.347587441388924,0.20461551200454664
936,0.0979,42,389,42,254180,422264,17569,108687,3.344506399695856,0.2047025055042744
937,0.098,44,405,44,254585,421859,17613,108643,3.3412986313521733,0.2047928188772144
938,0.0981,48,427,48,255012,421432,17661,108595,3.3379166138638956,0.20488578883717246
939,0.0982,50,394,50,255406,421038,17711,108545,3.3347959700925105,0.20496315025217954
940,0.0983,39,410,39,255816,420628,17750,108506,3.3315485996705108,0.20506336769135985
941,0.0984,43,401,43,256217,420227,17793,108463,3.328372512989482,0.20515424918194028
942,0.0985,46,388,46,256605,419839,17839,108417,3.3252993917120772,0.20523571904531138
943,0.0986,47,392,47,256997,419447,17886,108370,3.322194588772019,0.20531737325626118
944,0.0987,40,368,40,257365,419079,17926,108330,3.3192798758078825,0.20540036290620753
945,0.0988,43,407,43,257772,418672,17969,108287,3.316056266632873,0.2054941655802444
946,0.0989,42,380,42,258152,418292,18011,108245,3.3130465086807757,0.2055790951063268
947,0.099,43,385,43,258537,417907,18054,108202,3.309997148650361,0.2056646056235495
948,0.0991,51,374,51,258911,417533,18105,108151,3.3070349131922443,0.20573386292906004
949,0.0992,41,410,41,259321,417123,18146,108110,3.3037875427702446,0.20583245911814377
950,0.0993,40,389,40,259710,416734,18186,108070,3.3007065010771766,0.20592449752669567
951,0.0994,36,391,36,260101,416343,18222,108034,3.2976096185527815,0.2060235288733106
952,0.0995,42,358,42,260459,415985,18264,107992,3.2947741097452794,0.20610064945598758
953,0.0996,43,434,43,260893,415551,18307,107949,3.291336649347358,0.20620630372492837
954,0.0997,49,354,49,261247,415197,18356,107900,3.288532822202509,0.20627149457939922
955,0.0998,43,388,43,261635,414809,18399,107857,3.2854597009251045,0.2063593193358665
956,0.0999,47,418,47,262053,414391,18446,107810,3.2821489671777977,0.20645307075244973
957,0.1,45,390,45,262443,414001,18491,107765,3.279060005069066,0.2065389465775846
958,0.1001,38,388,38,262831,413613,18529,107727,3.2759868837916613,0.20663482564161584
959,0.1002,38,416,38,263247,413197,18567,107689,3.272691990875681,0.20674197425156368
960,0.1003,41,362,41,263609,412835,18608,107648,3.2698248004055253,0.2068232776094512
961,0.1004,43,388,43,263997,412447,18651,107605,3.2667516791281206,0.20691200110758154
962,0.1005,47,356,47,264353,412091,18698,107558,3.263932011151945,0.20698202055618312
963,0.1006,41,400,41,264753,411691,18739,107517,3.2607638448865797,0.2070788585692054
964,0.1007,38,403,38,265156,411288,18777,107479,3.2575719173742237,0.20718164416780557
965,0.1008,43,394,43,265550,410894,18820,107436,3.2544512736028386,0.20727335867111685
966,0.1009,38,410,38,265960,410484,18858,107398,3.251203903180839,0.20737928717352602
967,0.101,45,371,45,266331,410113,18903,107353,3.248265428969712,0.2074590407872208
968,0.1011,35,388,35,266719,409725,18938,107318,3.2451923076923075,0.20756107325696316
969,0.1012,39,392,39,267111,409333,18977,107279,3.2420875047522495,0.2076587458285909
970,0.1013,43,390,43,267501,408943,19020,107236,3.2389985426435177,0.20774963723824488
971,0.1014,44,394,44,267895,408549,19064,107192,3.2358778988721326,0.20784075727933207
972,0.1015,50,419,50,268314,408130,19114,107142,3.2325592447091624,0.20793289757642566
973,0.1016,42,390,42,268704,407740,19156,107100,3.2294702826004307,0.20802579442156788
974,0.1017,34,395,34,269099,407345,19190,107066,3.2263417184133822,0.20813318533235098
975,0.1018,57,421,57,269520,406924,19247,107009,3.223007223419085,0.20821585693076725
976,0.1019,42,401,42,269921,406523,19289,106967,3.219831136738056,0.20831369646925937
977,0.102,54,398,54,270319,406125,19343,106913,3.2166788113040172,0.2083919709651137
978,0.1021,41,409,41,270728,405716,19384,106872,3.213439361297681,0.20849493160198834
979,0.1022,35,396,35,271124,405320,19419,106837,3.210302876694969,0.20860204976208468
980,0.1023,54,417,54,271541,404903,19473,106783,3.207000063363325,0.20868853163854395
981,0.1024,48,378,48,271919,404525,19521,106735,3.2040061462425546,0.20876853264483825
982,0.1025,38,418,38,272337,404107,19559,106697,3.200695412495248,0.20888050994119076
983,0.1026,49,392,49,272729,403715,19608,106648,3.1975906095551894,0.20896499158442128
984,0.1027,53,360,53,273089,403355,19661,106595,3.19473925991636,0.2090302970879498
985,0.1028,48,371,48,273460,402984,19709,106547,3.191800785705234,0.20910798361630598
986,0.1029,39,393,39,273853,402591,19748,106508,3.188688062349512,0.20920881793128646
987,0.103,38,381,38,274234,402210,19786,106470,3.1856703839817513,0.20930644019815994
988,0.1031,44,383,44,274617,401827,19830,106426,3.1826368647826637,0.20939571433911852
989,0.1032,44,414,44,275031,401413,19874,106382,3.17935781269801,0.20949792731318742
990,0.1033,45,355,45,275386,401058,19919,106337,3.1765460651374986,0.2095743947023522
991,0.1034,49,358,49,275744,400700,19968,106288,3.173710556329996,0.2096459876762369
992,0.1035,50,403,50,276147,400297,20018,106238,3.1705186288176406,0.20973476660053106
993,0.1036,48,386,48,276533,399911,20066,106190,3.1674613483715626,0.2098197790559592
994,0.1037,57,361,57,276894,399550,20123,106133,3.16460207831707,0.20988049825681307
995,0.1038,58,376,58,277270,399174,20181,106075,3.1616240020276263,0.20994598702817818
996,0.1039,36,393,36,277663,398781,20217,106039,3.1585112786719045,0.21005308822946792
997,0.104,47,406,47,278069,398375,20264,105992,3.1552955899125585,0.21014856245551355
998,0.1041,46,400,46,278469,397975,20310,105946,3.152127423647193,0.21024327225894535
999,0.1042,35,397,35,278866,397578,20345,105911,3.1489830186288175,0.21035414875002234
1000,0.1043,43,361,43,279227,397217,20388,105868,3.146123748574325,0.21043760000795095
1001,0.1044,42,412,42,279639,396805,20430,105826,3.1428605373209986,0.21054411685709795
1002,0.1045,44,382,44,280021,396423,20474,105782,3.1398349385375743,0.210635099212473
1003,0.1046,45,395,45,280416,396028,20519,105737,3.136706374350526,0.21073012266698554
1004,0.1047,52,379,52,280795,395649,20571,105685,3.133704536814092,0.21080756541547152
1005,0.1048,45,360,45,281155,395289,20616,105640,3.130853187175263,0.21088816978054775
1006,0.1049,38,343,38,281498,394946,20654,105602,3.1281364846027118,0.2109727738398715
1007,0.105,58,389,58,281887,394557,20712,105544,3.1250554429096438,0.21104536883549524
1008,0.1051,40,386,40,282273,394171,20752,105504,3.121998162463566,0.21114524440886576
1009,0.1052,44,413,44,282686,393758,20796,105460,3.118727030794576,0.21125039561874773
1010,0.1053,45,360,45,283046,393398,20841,105415,3.115875681155747,0.2113317014592643
1011,0.1054,41,413,41,283459,392985,20882,105374,3.112604549486757,0.21144195248806583
1012,0.1055,55,367,55,283826,392618,20937,105319,3.109697756938284,0.21151069311981235
1013,0.1056,49,360,49,284186,392258,20986,105270,3.106846407299455,0.21158608158736794
1014,0.1057,39,366,39,284552,391892,21025,105231,3.1039475351666455,0.21168000675889065
1015,0.1058,59,387,59,284939,391505,21084,105172,3.100882334304904,0.21175129913404486
1016,0.1059,38,357,38,285296,391148,21122,105134,3.0980547459130654,0.21184326652991645
1017,0.106,49,399,49,285695,390749,21171,105085,3.094894500063363,0.21193584949801747
1018,0.1061,40,376,40,286071,390373,21211,105045,3.09191642377392,0.2120330710632234
1019,0.1062,52,391,52,286462,389982,21263,104993,3.0888195412495247,0.21211778372645082
1020,0.1063,45,358,45,286820,389624,21308,104948,3.0859840324420227,0.21219963928406785
1021,0.1064,36,368,36,287188,389256,21344,104912,3.083069319477886,0.21230027035340207
1022,0.1065,44,387,44,287575,388869,21388,104868,3.080004118616145,0.21239647828702327
1023,0.1066,34,412,34,287987,388457,21422,104834,3.0767409073628182,0.21251958782949618
1024,0.1067,45,405,45,288392,388052,21467,104789,3.0735331390191356,0.21262232647040324
1025,0.1068,45,372,45,288764,387680,21512,104744,3.0705867443923456,0.21271099702695237
1026,0.1069,52,364,52,289128,387316,21564,104692,3.067703713090863,0.21278515796491115
1027,0.107,53,396,53,289524,386920,21617,104639,3.064567228488151,0.21287170004007658
1028,0.1071,55,407,55,289931,386513,21672,104584,3.0613436193131416,0.21295996513926985
1029,0.1072,41,364,41,290295,386149,21713,104543,3.0584605880116587,0.21305217937117377
1030,0.1073,49,412,49,290707,385737,21762,104494,3.0551973767583323,0.21315257501055626
1031,0.1074,57,381,57,291088,385356,21819,104437,3.0521796983905713,0.21322681214308903
1032,0.1075,38,354,38,291442,385002,21857,104399,3.049375871245723,0.2133199564365418
1033,0.1076,35,342,35,291784,384660,21892,104364,3.046667089088835,0.21341283863368668
1034,0.1077,35,352,35,292136,384308,21927,104329,3.0438791027753136,0.21351023356806792
1035,0.1078,48,423,48,292559,383885,21975,104281,3.0405287669496897,0.21361790866221736
1036,0.1079,48,349,48,292908,383536,22023,104233,3.037764541883158,0.21369336714715367
1037,0.108,43,396,43,293304,383140,22066,104190,3.0346280572804463,0.21379763199474688
1038,0.1081,46,358,46,293662,382782,22112,104144,3.0317925484729438,0.2138805485843845
1039,0.1082,38,388,38,294050,382394,22150,104106,3.028719427195539,0.21398972250770812
1040,0.1083,37,388,37,294438,382006,22187,104069,3.0256463059181344,0.21410070462377206
1041,0.1084,45,389,45,294827,381617,22232,104024,3.0225652642250664,0.2141993777296398
1042,0.1085,36,359,36,295186,381258,22268,103988,3.019721835001901,0.2142995511554964
1043,0.1086,38,355,38,295541,380903,22306,103950,3.016910087441389,0.21439487844769445
1044,0.1087,48,356,48,295897,380547,22354,103902,3.0140904194652136,0.21447458865639107
1045,0.1088,50,335,50,296232,380212,22404,103852,3.01143708021797,0.2145418787598334
1046,0.1089,42,369,42,296601,379843,22446,103810,3.00851444683817,0.214637353639903
1047,0.109,59,366,59,296967,379477,22505,103751,3.0056155747053603,0.21470403205112287
1048,0.1091,54,368,54,297335,379109,22559,103697,3.002700861741224,0.21477984946334552
1049,0.1092,54,397,54,297732,378712,22613,103643,2.999556456722849,0.2148687170237688
1050,0.1093,42,369,42,298101,378343,22655,103601,2.996633823343049,0.2149648091894494
1051,0.1094,41,369,41,298470,377974,22696,103560,2.9937111899632494,0.21506269546906345
1052,0.1095,53,362,53,298832,377612,22749,103507,2.9908439994930935,0.21513804277112314
1053,0.1096,50,365,50,299197,377247,22799,103457,2.9879530477759473,0.2152197610171748
1054,0.1097,43,364,43,299561,376883,22842,103414,2.985070016474465,0.215312608656727
1055,0.1098,48,348,48,299909,376535,22890,103366,2.9823137118235965,0.21539025757395797
1056,0.1099,48,355,48,300264,376180,22938,103318,2.9795019642630844,0.2154711802760387
1057,0.11,45,364,45,300628,375816,22983,103273,2.976618932961602,0.21556120052850306
1058,0.1101,55,373,55,301001,375443,23038,103218,2.9736646179191486,0.21563904308059356
1059,0.1102,36,380,36,301381,375063,23074,103182,2.970654859967051,0.21575134083994604
1060,0.1103,43,397,43,301778,374666,23117,103139,2.9675104549486755,0.2158600265798809
1061,0.1104,41,362,41,302140,374304,23158,103098,2.9646432644785197,0.21595636381917127
1062,0.1105,51,336,51,302476,373968,23209,103047,2.9619820048156127,0.21602465331278892
1063,0.1106,44,357,44,302833,373611,23253,103003,2.959154416423774,0.21611408813001717
1064,0.1107,50,378,50,303211,373233,23303,102953,2.9561604993030035,0.21620333231132371
1065,0.1108,37,408,37,303619,372825,23340,102916,2.9529289697123304,0.21632779180268255
1066,0.1109,41,387,41,304006,372438,23381,102875,2.949863768850589,0.21643632722016862
1067,0.111,41,377,41,304383,372061,23422,102834,2.9468777721454824,0.21654049842596784
1068,0.1111,46,349,46,304732,371712,23468,102788,2.944113547078951,0.21662381454162277
1069,0.1112,45,356,45,305088,371356,23513,102743,2.9412938791027754,0.21671212130799686
1070,0.1113,39,386,39,305474,370970,23552,102704,2.9382365986566974,0.2168242293222765
1071,0.1114,48,384,48,305858,370586,23600,102656,2.9351951590419465,0.2169207297746185
1072,0.1115,40,385,40,306243,370201,23640,102616,2.9321457990115323,0.21703111351749196
1073,0.1116,40,373,40,306616,369828,23680,102576,2.929191483969079,0.21713618004927984
1074,0.1117,44,352,44,306968,369476,23724,102532,2.926403497655557,0.2172251317774275
1075,0.1118,58,361,58,307329,369115,23782,102474,2.9235442276010644,0.21729514471287498
1076,0.1119,41,390,41,307719,368725,23823,102433,2.920455265492333,0.21740689959631376
1077,0.112,47,346,47,308065,368379,23870,102386,2.917714801672792,0.21748855586120464
1078,0.1121,47,388,47,308453,367991,23917,102339,2.914641680395387,0.21758977739034296
1079,0.1122,38,404,38,308857,367587,23955,102301,2.911441832467368,0.2177135828112231
1080,0.1123,49,355,49,309212,367232,24004,102252,2.908630084906856,0.21779655962716515
1081,0.1124,58,350,58,309562,366882,24062,102194,2.905857939424661,0.2178623506638583
1082,0.1125,38,374,38,309936,366508,24100,102156,2.902895703966544,0.21797279074134135
1083,0.1126,45,386,45,310322,366122,24145,102111,2.899838423520466,0.21807732475071173
1084,0.1127,53,348,53,310670,365774,24198,102058,2.8970821188695983,0.21815096017373758
1085,0.1128,45,362,45,311032,365412,24243,102013,2.8942149283994425,0.21824463817724768
1086,0.1129,52,343,52,311375,365069,24295,101961,2.8914982258268913,0.21831788107830333
1087,0.113,38,372,38,311747,364697,24333,101923,2.8885518312001013,0.21842827139856844
1088,0.1131,47,374,47,312121,364323,24380,101876,2.8855895957419846,0.21852470726020434
1089,0.1132,44,357,44,312478,363966,24424,101832,2.882762007350146,0.2186183710535468
1090,0.1133,39,373,39,312851,363593,24463,101793,2.8798076923076925,0.21872810956926078
1091,0.1134,45,368,45,313219,363225,24508,101748,2.876892979343556,0.21882560922892297
1092,0.1135,38,406,38,313625,362819,24546,101710,2.87367729058421,0.21895296095615127
1093,0.1136,45,366,45,313991,362453,24591,101665,2.8707784184514002,0.21904989679348785
1094,0.1137,47,353,47,314344,362100,24638,101618,2.8679825117222153,0.21913749304534222
1095,0.1138,45,337,45,314681,361763,24683,101573,2.8653133316436445,0.21922104045444343
1096,0.1139,60,356,60,315037,361407,24743,101513,2.862493663667469,0.21928842996630088
1097,0.114,57,409,57,315446,360998,24800,101456,2.8592542136611327,0.21938614435165443
1098,0.1141,47,348,47,315794,360650,24847,101409,2.856497909010265,0.21947197219402717
1099,0.1142,36,345,36,316139,360305,24883,101373,2.853765365606387,0.21957511512352765
1100,0.1143,54,393,54,316532,359912,24937,101319,2.8506526422506653,0.21967083738950766
1101,0.1144,51,342,51,316874,359570,24988,101268,2.847943860093778,0.2197475034610861
1102,0.1145,46,390,46,317264,359180,25034,101222,2.844854897985046,0.21985569133061977
1103,0.1146,48,364,48,317628,358816,25082,101174,2.8419718666835636,0.21994825974477705
1104,0.1147,41,369,41,317997,358447,25123,101133,2.8390492333037636,0.22005526785325732
1105,0.1148,60,376,60,318373,358071,25183,101073,2.83607115701432,0.2201335528723015
1106,0.1149,43,339,43,318712,357732,25226,101030,2.833386136104423,0.22022312222895532
1107,0.115,44,384,44,319096,357348,25270,100986,2.830344696489672,0.2203327704250612
1108,0.1151,49,383,49,319479,356965,25319,100937,2.8273111772905843,0.22043362990334175
1109,0.1152,40,350,40,319829,356615,25359,100897,2.8245390318083894,0.22053410620923605
1110,0.1153,47,327,47,320156,356288,25406,100850,2.821949055886453,0.22061171899951437
1111,0.1154,36,341,36,320497,355947,25442,100814,2.8192481941452288,0.2207149909909121
1112,0.1155,37,341,37,320838,355606,25479,100777,2.8165473324040047,0.22081672630225052
1113,0.1156,60,355,60,321193,355251,25539,100717,2.8137355848434926,0.22088611481507475
1114,0.1157,44,367,44,321560,354884,25583,100673,2.8108287922950197,0.22098881149889038
1115,0.1158,46,336,46,321896,354548,25629,100627,2.8081675326321127,0.22107321359916515
1116,0.1159,47,371,47,322267,354177,25676,100580,2.805229058420986,0.221173066055058
1117,0.116,51,376,51,322643,353801,25727,100529,2.8022509821315422,0.22126868135496225
1118,0.1161,47,343,47,322986,353458,25774,100482,2.799534279558991,0.22135524518658853
1119,0.1162,53,362,53,323348,353096,25827,100429,2.796667089088835,0.22144093489884792
1120,0.1163,46,385,46,323733,352711,25873,100383,2.793617729058421,0.22155005363125532
1121,0.1164,48,358,48,324091,352353,25921,100335,2.790782220250919,0.2216427208143357
1122,0.1165,46,368,46,324459,351985,25967,100289,2.7878675072867822,0.22174389861013458
1123,0.1166,39,321,39,324780,351664,26006,100250,2.7853250538588266,0.22183424279840855
1124,0.1167,49,341,49,325121,351323,26055,100201,2.7826241921176025,0.2219173288684544
1125,0.1168,39,351,39,325472,350972,26094,100162,2.779844126219744,0.2220227249553348
1126,0.1169,36,338,36,325810,350634,26130,100126,2.77716702572551,0.22212707427455852
1127,0.117,46,330,46,326140,350304,26176,100080,2.7745532885565836,0.2222103804753277
1128,0.1171,46,316,46,326456,349988,26222,100034,2.7720504372069446,0.22228691041771292
1129,0.1172,53,364,53,326820,349624,26275,99981,2.769167405905462,0.2223751960053825
1130,0.1173,49,383,49,327203,349241,26324,99932,2.7661338867063745,0.2224799798741242
1131,0.1174,50,376,50,327579,348865,26374,99882,2.7631558104169307,0.22257976097890347
1132,0.1175,52,366,52,327945,348499,26426,99830,2.760256938284121,0.22267129719469408
1133,0.1176,39,351,39,328296,348148,26465,99791,2.757476872386263,0.22277810148256794
1134,0.1177,42,361,42,328657,347787,26507,99749,2.7546176023317703,0.22288486289371134
1135,0.1178,63,340,63,328997,347447,26570,99686,2.7519246610062096,0.22294485086092952
1136,0.1179,37,317,37,329314,347130,26607,99649,2.7494138892409072,0.2230386835549567
1137,0.118,47,327,47,329641,346803,26654,99602,2.746823913318971,0.2231202607497676
1138,0.1181,50,340,50,329981,346463,26704,99552,2.7441309719934104,0.2232032554958914
1139,0.1182,43,361,43,330342,346102,26747,99509,2.741271701938918,0.22330911938888404
1140,0.1183,38,327,38,330669,345775,26785,99471,2.7386817260169813,0.22340683577168577
1141,0.1184,51,371,51,331040,345404,26836,99420,2.7357432518058546,0.22350412747513623
1142,0.1185,48,365,48,331405,345039,26884,99372,2.732852300088709,0.22360382618792063
1143,0.1186,47,337,47,331742,344702,26931,99325,2.730183120010138,0.22369135210246224
1144,0.1187,44,340,44,332082,344362,26975,99281,2.7274901786845773,0.2237857917289352
1145,0.1188,55,310,55,332392,344052,27030,99226,2.725034849828919,0.22384598378444226
1146,0.1189,53,344,53,332736,343708,27083,99173,2.7223102268407047,0.22392696909553583
1147,0.119,48,342,48,333078,343366,27131,99125,2.719601444683817,0.22401585568972024
1148,0.1191,49,337,49,333415,343029,27180,99076,2.7169322646052465,0.22410060958369618
1149,0.1192,49,344,49,333759,342685,27229,99027,2.714207641617032,0.2241890643677328
1150,0.1193,37,338,37,334097,342347,27266,98990,2.7115305411227983,0.22429571959749578
1151,0.1194,50,358,50,334455,341989,27316,98940,2.708695032315296,0.22438986775648687
1152,0.1195,48,355,48,334810,341634,27364,98892,2.705883284754784,0.22448618242737092
1153,0.1196,47,367,47,335177,341267,27411,98845,2.702976492206311,0.22459055876685935
1154,0.1197,44,347,44,335524,340920,27455,98801,2.7002281079711064,0.22469020128672498
1155,0.1198,49,340,49,335864,340580,27504,98752,2.6975351666455456,0.22477761692751724
1156,0.1199,49,347,49,336211,340233,27553,98703,2.694786782410341,0.22486877357974738
1157,0.12,53,357,53,336568,339876,27606,98650,2.691959194018502,0.22495815527471574
1158,0.1201,45,330,45,336898,339546,27651,98605,2.6893454568495754,0.22504798574007592
1159,0.1202,37,358,37,337256,339188,27688,98568,2.6865099480420733,0.22516653112692916
1160,0.1203,47,358,47,337614,338830,27735,98521,2.683674439234571,0.2252675768433135
1161,0.1204,44,354,44,337968,338476,27779,98477,2.6808706120897225,0.22537206518778907
1162,0.1205,37,357,37,338325,338119,27816,98440,2.678043023697884,0.22549071259554837
1163,0.1206,40,323,40,338648,337796,27856,98400,2.675484729438601,0.22558666287632165
1164,0.1207,40,344,40,338992,337452,27896,98360,2.6727601064503865,0.22569364771965894
1165,0.1208,48,373,48,339365,337079,27944,98312,2.669805791407933,0.22580163577106555
1166,0.1209,42,355,42,339720,336724,27986,98270,2.666994043847421,0.22591116199303898
1167,0.121,34,351,34,340071,336373,28020,98236,2.664213977949563,0.22603305499886103
1168,0.1211,43,325,43,340396,336048,28063,98193,2.6616398428589534,0.22612558464078703
1169,0.1212,43,341,43,340737,335707,28106,98150,2.658938981117729,0.22622661383820014
1170,0.1213,40,350,40,341087,335357,28146,98110,2.6561668356355344,0.2263378757783176
1171,0.1214,59,385,59,341472,334972,28205,98051,2.6531174756051197,0.2264336998265681
1172,0.1215,36,302,36,341774,334670,28241,98015,2.6507255100747686,0.2265273813513295
1173,0.1216,43,345,43,342119,334325,28284,97972,2.647992966670891,0.22663122806774047
1174,0.1217,46,315,46,342434,334010,28330,97926,2.6454980357369156,0.2267141428359757
1175,0.1218,39,379,39,342813,333631,28369,97887,2.6424961982004818,0.22684337617434266
1176,0.1219,31,334,31,343147,333297,28400,97856,2.6398507793689014,0.22696351411215973
1177,0.122,48,312,48,343459,332985,28448,97808,2.637379609681916,0.22704175787443157
1178,0.1221,50,319,50,343778,332666,28498,97758,2.634852997085287,0.22712023493113767
1179,0.1222,52,336,52,344114,332330,28550,97706,2.6321917374223798,0.22720423406412488
1180,0.1223,51,334,51,344448,331996,28601,97655,2.6295463185907995,0.2272891253598851
1181,0.1224,42,308,42,344756,331688,28643,97613,2.627106830566468,0.22737659590823223
1182,0.1225,46,339,46,345095,331349,28689,97567,2.6244218096565706,0.22747344468380756
1183,0.1226,47,356,47,345451,330993,28736,97520,2.621602141680395,0.22757769309215822
1184,0.1227,43,336,43,345787,330657,28779,97477,2.618940882017488,0.22767871741090406
1185,0.1228,58,323,58,346110,330334,28837,97419,2.6163825877582054,0.22774591878958184
1186,0.1229,41,330,41,346440,330004,28878,97378,2.613768850589279,0.22784768661291305
1187,0.123,44,326,44,346766,329678,28922,97334,2.611186795083006,0.22794207188556762
1188,0.1231,30,321,30,347087,329357,28952,97304,2.60864434165505,0.22805927891229805
1189,0.1232,36,320,36,347407,329037,28988,97268,2.6061098086427577,0.2281652807262406
1190,0.1233,33,370,33,347777,328667,29021,97235,2.6031792548472943,0.22830369427708722
1191,0.1234,52,373,52,348150,328294,29073,97183,2.600224939804841,0.22840952624936248
1192,0.1235,42,309,42,348459,327985,29115,97141,2.597777531364846,0.22849931549705263
1193,0.1236,46,330,46,348789,327655,29161,97095,2.5951637941959196,0.22859329017068863
1194,0.1237,53,343,53,349132,327312,29214,97042,2.5924470916233684,0.22868171385211403
1195,0.1238,56,373,56,349505,326939,29270,96986,2.589492776580915,0.22878103438108155
1196,0.1239,60,345,60,349850,326594,29330,96926,2.586760233177037,0.22885814129202872
1197,0.124,51,327,51,350177,326267,29381,96875,2.5841702572551006,0.22894205727628078
1198,0.1241,43,338,43,350515,325929,29424,96832,2.581493156760867,0.2290466717601671
1199,0.1242,52,347,52,350862,325582,29476,96780,2.578744772525662,0.22913993209616396
1200,0.1243,38,352,38,351214,325230,29514,96742,2.5759567862121404,0.22926165717156588
1201,0.1244,44,322,44,351536,324908,29558,96698,2.573406412368521,0.22935631845846596
1202,0.1245,39,320,39,351856,324588,29597,96659,2.5708718793562286,0.22945920089638622
1203,0.1246,36,349,36,352205,324239,29633,96623,2.568107654289697,0.22958356896084703
1204,0.1247,41,319,41,352524,323920,29674,96582,2.565581041693068,0.22968261744296103
1205,0.1248,50,320,50,352844,323600,29724,96532,2.5630465086807757,0.2297658831034056
1206,0.1249,31,332,31,353176,323268,29755,96501,2.560416930680522,0.22989072561337306
1207,0.125,56,332,56,353508,322936,29811,96445,2.557787352680269,0.22996988418645575
1208,0.1251,43,336,43,353844,322600,29854,96402,2.5551260930173614,0.23007527410370357
1209,0.1252,48,324,48,354168,322276,29902,96354,2.5525598783424153,0.23016506222678737
1210,0.1253,46,336,46,354504,321940,29948,96308,2.5498986186795083,0.23026529714427804
1211,0.1254,36,309,36,354813,321631,29984,96272,2.5474512102395135,0.23036924836624767
1212,0.1255,42,318,42,355131,321313,30026,96230,2.544932518058548,0.2304672812141504
1213,0.1256,57,344,57,355475,320969,30083,96173,2.5422078950703333,0.23055218606613576
1214,0.1257,53,350,53,355825,320619,30136,96120,2.5394357495881383,0.23064795951422834
1215,0.1258,52,300,52,356125,320319,30188,96068,2.537059624889114,0.2307180579605031
1216,0.1259,39,332,39,356457,319987,30227,96029,2.5344300468888608,0.2308300642282989
1217,0.126,43,334,43,356791,319653,30270,95986,2.5317846280572804,0.2309359805023109
1218,0.1261,48,305,48,357096,319348,30318,95938,2.529368901279939,0.2310166969269371
1219,0.1262,42,358,42,357454,318990,30360,95896,2.526533392472437,0.23113819217809228
1220,0.1263,44,334,44,357788,318656,30404,95852,2.5238879736408566,0.23124282281644745
1221,0.1264,65,347,65,358135,318309,30469,95787,2.521139589405652,0.23131592674162513
1222,0.1265,47,354,47,358489,317955,30516,95740,2.5183357622608034,0.23142653404077884
1223,0.1266,42,309,42,358798,317646,30558,95698,2.5158883538208086,0.2315214446078811
1224,0.1267,58,308,58,359106,317338,30616,95640,2.513448865796477,0.23158618618909482
1225,0.1268,35,325,35,359431,317013,30651,95605,2.5108747307058676,0.23170341575016118
1226,0.1269,45,320,45,359751,316693,30696,95560,2.508340197693575,0.2317994047344713
1227,0.127,66,302,66,360053,316391,30762,95494,2.505948232163224,0.2318462677689161
1228,0.1271,42,306,42,360359,316085,30804,95452,2.5035245849702195,0.23194026296541986
1229,0.1272,54,336,54,360695,315749,30858,95398,2.500863325307312,0.23202893369038324
1230,0.1273,50,334,50,361029,315415,30908,95348,2.4982179064757317,0.2321241202347826
1231,0.1274,51,312,51,361341,315103,30959,95297,2.4957467367887465,0.2322051656920078
1232,0.1275,47,313,47,361654,314790,31006,95250,2.493267646686098,0.232294410301434
1233,0.1276,44,342,44,361996,314448,31050,95206,2.4905588645292105,0.23240588398990367
1234,0.1277,43,298,43,362294,314150,31093,95163,2.4881985806615132,0.23249444801411145
1235,0.1278,43,306,43,362600,313844,31136,95120,2.4857749334685084,0.232587709431637
1236,0.1279,40,305,40,362905,313539,31176,95080,2.483359206691167,0.2326861942298327
1237,0.128,66,336,66,363241,313203,31242,95014,2.48069794702826,0.23275365798092681
1238,0.1281,46,323,46,363564,312880,31288,94968,2.478139652768977,0.23285145446342756
1239,0.1282,42,347,42,363911,312533,31330,94926,2.4753912685337727,0.23297067925852663
1240,0.1283,45,338,45,364249,312195,31375,94881,2.4727141680395386,0.23307932671049142
1241,0.1284,49,310,49,364559,311885,31424,94832,2.4702588391838805,0.23316458372775173
1242,0.1285,45,322,45,364881,311563,31469,94787,2.467708465340261,0.2332644272179156
1243,0.1286,49,302,49,365183,311261,31518,94738,2.46531649980991,0.23334540232857717
1244,0.1287,51,322,51,365505,310939,31569,94687,2.4627661259662905,0.23343424731156287
1245,0.1288,41,295,41,365800,310644,31610,94646,2.4604296033455837,0.23352661057514373
1246,0.1289,53,292,53,366092,310352,31663,94593,2.458116841971867,0.23359468569805777
1247,0.129,26,305,26,366397,310047,31689,94567,2.4557011151945254,0.23372152224095064
1248,0.1291,35,283,35,366680,309764,31724,94532,2.4534596375617794,0.23381878623582722
1249,0.1292,43,335,43,367015,309429,31767,94489,2.4508062983145353,0.23393114444020816
1250,0.1293,49,276,49,367291,309153,31816,94440,2.448620263591433,0.23399811195932535
1251,0.1294,53,317,53,367608,308836,31869,94387,2.4461094918261312,0.23408138920646887
1252,0.1295,51,335,51,367943,308501,31920,94336,2.443456152578887,0.23417908484076685
1253,0.1296,43,322,43,368265,308179,31963,94293,2.440905778735268,0.23428462104196068
1254,0.1297,39,341,39,368606,307838,32002,94254,2.438204916994044,0.23440904071704982
1255,0.1298,47,326,47,368932,307512,32049,94207,2.435622861487771,0.23450969458751017
1256,0.1299,44,324,44,369256,307188,32093,94163,2.4330566468128247,0.23461508754182747
1257,0.13,56,310,56,369566,306878,32149,94107,2.4306013179571666,0.23468957691684228
1258,0.1301,46,325,46,369891,306553,32195,94061,2.4280271828665567,0.234792094135502
1259,0.1302,47,334,47,370225,306219,32242,94014,2.4253817640349764,0.23489817181491782
1260,0.1303,46,306,46,370531,305913,32288,93968,2.422958116841972,0.2349899094980757
1261,0.1304,47,314,47,370845,305599,32335,93921,2.4204711063236597,0.2350846015218262
1262,0.1305,43,304,43,371149,305295,32378,93878,2.418063299961982,0.23518123720792738
1263,0.1306,43,300,43,371449,304995,32421,93835,2.4156871752629576,0.2352756813680014
1264,0.1307,49,326,49,371775,304669,32470,93786,2.413105119756685,0.23537413258711773
1265,0.1308,40,332,40,372107,304337,32510,93746,2.410475541756431,0.23549360309282236
1266,0.1309,39,302,39,372409,304035,32549,93707,2.40808357622608,0.23559744759165488
1267,0.131,49,327,49,372736,303708,32598,93658,2.405493600304144,0.2356970651741719
1268,0.1311,37,308,37,373044,303400,32635,93621,2.4030541122798126,0.23580868518289966
1269,0.1312,66,350,66,373394,303050,32701,93555,2.4002819667976176,0.2358896130911108
1270,0.1313,64,337,64,373731,302713,32765,93491,2.397612786719047,0.23596682517087156
1271,0.1314,35,306,35,374037,302407,32800,93456,2.3951891395260425,0.23608167472079988
1272,0.1315,36,324,36,374361,302083,32836,93420,2.3926229248510964,0.2362055407923581
1273,0.1316,56,320,56,374681,301763,32892,93364,2.3900883918388036,0.23628858569523217
1274,0.1317,44,325,44,375006,301438,32936,93320,2.387514256748194,0.2363979957340953
1275,0.1318,49,295,49,375301,301143,32985,93271,2.385177734127487,0.23647994239555392
1276,0.1319,44,309,44,375610,300834,33029,93227,2.382730325687492,0.23658012338191295
1277,0.132,44,320,44,375930,300514,33073,93183,2.3801957926751998,0.23668709692987247
1278,0.1321,53,283,53,376213,300231,33126,93130,2.3779543150424534,0.23675453336756822
1279,0.1322,51,309,51,376522,299922,33177,93079,2.3755069066024586,0.23684163653527598
1280,0.1323,52,332,52,376854,299590,33229,93027,2.372877328602205,0.23694083547070047
1281,0.1324,59,302,59,377156,299288,33288,92968,2.370485363071854,0.23700848425518029
1282,0.1325,63,317,63,377473,298971,33351,92905,2.367974591306552,0.23707754493768438
1283,0.1326,54,353,54,377826,298618,33405,92851,2.3651786845773666,0.23718608625459486
1284,0.1327,52,290,52,378116,298328,33457,92799,2.3628817640349764,0.2372605317454433
1285,0.1328,40,341,40,378457,297987,33497,92759,2.3601809022937523,0.23738950622655125
1286,0.1329,47,302,47,378759,297685,33544,92712,2.3577889367634013,0.23748133310450645
1287,0.133,47,281,47,379040,297404,33591,92665,2.355563299961982,0.2375605341619047
1288,0.1331,45,308,45,379348,297096,33636,92620,2.3531238119376505,0.23766024489628346
1289,0.1332,49,331,49,379679,296765,33685,92571,2.3505021543530606,0.23776635091540468
1290,0.1333,50,304,50,379983,296461,33735,92521,2.3480943479913825,0.23785419376732087
1291,0.1334,49,301,49,380284,296160,33784,92472,2.345710302876695,0.23794232075588218
1292,0.1335,58,317,58,380601,295843,33842,92414,2.343199531111393,0.23802275297032635
1293,0.1336,48,293,48,380894,295550,33890,92366,2.3408788493220123,0.23810825023974264
1294,0.1337,50,305,50,381199,295245,33940,92316,2.3384631225446713,0.23819734183780103
1295,0.1338,60,282,60,381481,294963,34000,92256,2.336229565327588,0.23825277168733972
1296,0.1339,50,346,50,381827,294617,34050,92206,2.333489101508047,0.23836741869020198
1297,0.134,50,309,50,382136,294308,34100,92156,2.331041693068052,0.23845946841102922
1298,0.1341,49,310,49,382446,293998,34149,92107,2.328586364212394,0.23855427927636264
1299,0.1342,45,334,45,382780,293664,34194,92062,2.3259409453808138,0.2386720107018972
1300,0.1343,42,313,42,383093,293351,34236,92020,2.323461855278165,0.2387828871399249
1301,0.1344,47,276,47,383369,293075,34283,91973,2.3212758205550625,0.23886112900209844
1302,0.1345,63,299,63,383668,292776,34346,91910,2.318907616271702,0.23892213389621667
1303,0.1346,53,287,53,383955,292489,34399,91857,2.316634456976302,0.2389955925129961
1304,0.1347,38,318,38,384273,292171,34437,91819,2.3141157647953365,0.23911820620328655
1305,0.1348,60,303,60,384576,291868,34497,91759,2.311715878849322,0.239188065490698
1306,0.1349,51,303,51,384879,291565,34548,91708,2.3093159929033074,0.23927592081884191
1307,0.135,43,321,43,385200,291244,34591,91665,2.3067735394753517,0.2393910824765153
1308,0.1351,49,329,49,385529,290915,34640,91616,2.3041677227220885,0.2394995438278205
1309,0.1352,36,301,36,385830,290614,34676,91580,2.3017836776074008,0.23961652982516732
1310,0.1353,44,315,44,386145,290299,34720,91536,2.2992887466734255,0.2397265834719185
1311,0.1354,45,317,45,386462,289982,34765,91491,2.296777974908123,0.23983610897756852
1312,0.1355,59,313,59,386775,289669,34824,91432,2.2942988848054746,0.2399154030034033
1313,0.1356,38,337,38,387112,289332,34862,91394,2.291629704726904,0.2400519008420754
1314,0.1357,53,306,53,387418,289026,34915,91341,2.2892060575338995,0.24013912878877505
1315,0.1358,42,317,42,387735,288709,34957,91299,2.286695285768597,0.2402554683059304
1316,0.1359,46,348,46,388083,288361,35003,91253,2.283938981117729,0.24038365286844005
1317,0.136,55,327,55,388410,288034,35058,91198,2.2813490051957928,0.2404807611172053
1318,0.1361,47,307,47,388717,287727,35105,91151,2.2789174375871246,0.24058140087310428
1319,0.1362,56,299,56,389016,287428,35161,91095,2.2765492333037636,0.24065908808711756
1320,0.1363,60,313,60,389329,287115,35221,91035,2.274070143201115,0.24073780245934154
1321,0.1364,37,315,37,389644,286800,35258,90998,2.2715752122671398,0.24086416550643466
1322,0.1365,54,282,54,389926,286518,35312,90944,2.269341655050057,0.24093551138922595
1323,0.1366,45,290,45,390216,286228,35357,90899,2.267044734507667,0.24103020998231364
1324,0.1367,61,336,61,390552,285892,35418,90838,2.26438347484476,0.241122289172617
1325,0.1368,46,280,46,390832,285612,35464,90792,2.262165758459004,0.2412089138266331
1326,0.1369,42,282,42,391114,285330,35506,90750,2.259932201241921,0.24130504148053605
1327,0.137,37,308,37,391422,285022,35543,90713,2.2574927132175895,0.2414281341903203
1328,0.1371,53,292,53,391714,284730,35596,90660,2.2551799518438727,0.2415088308159514
1329,0.1372,46,295,46,392009,284435,35642,90614,2.252843429223166,0.24160576351356755
1330,0.1373,39,320,39,392329,284115,35681,90575,2.250308896210873,0.24173316608396275
1331,0.1374,46,320,46,392649,283795,35727,90529,2.2477743631985807,0.24184663553499108
1332,0.1375,41,300,41,392949,283495,35768,90488,2.2453982384995563,0.241957522133359
1333,0.1376,41,311,41,393260,283184,35809,90447,2.242934989228235,0.24207573782689337
1334,0.1377,43,288,43,393548,282896,35852,90404,2.2406539095171714,0.2421751942137691
1335,0.1378,47,278,47,393826,282618,35899,90357,2.2384520339627425,0.24226020510758095
1336,0.1379,40,298,40,394124,282320,35939,90317,2.236091750095045,0.24237260390138393
1337,0.138,51,311,51,394435,282009,35990,90266,2.2336285008237233,0.24247129138405749
1338,0.1381,44,299,44,394734,281710,36034,90222,2.2312602965403623,0.24257660002366024
1339,0.1382,39,286,39,395020,281424,36073,90183,2.228995057660626,0.24268380304999637
1340,0.1383,54,304,54,395324,281120,36127,90129,2.226587251298948,0.2427723711040299
1341,0.1384,64,268,64,395592,280852,36191,90065,2.224464579901153,0.24281712620343635
1342,0.1385,44,293,44,395885,280559,36235,90021,2.222143898111773,0.2429192077284257
1343,0.1386,56,306,56,396191,280253,36291,89965,2.219720250918768,0.2430054724513665
1344,0.1387,61,285,61,396476,279968,36352,89904,2.217462932454695,0.24306787212873643
1345,0.1388,48,301,48,396777,279667,36400,89856,2.215078887340008,0.2431675430216793
1346,0.1389,54,290,54,397067,279377,36454,89802,2.2127819667976176,0.24324785537638924
1347,0.139,54,293,54,397360,279084,36508,89748,2.210461285008237,0.24333029672045808
1348,0.1391,52,300,52,397660,278784,36560,89696,2.208085160309213,0.24342162396873643
1349,0.1392,42,280,42,397940,278504,36602,89654,2.205867443923457,0.24352044502632023
1350,0.1393,50,274,50,398214,278230,36652,89604,2.2036972500316816,0.24359901477296825
1351,0.1394,45,348,45,398562,277882,36697,89559,2.2009409453808138,0.24373708976407096
1352,0.1395,58,266,58,398828,277616,36755,89501,2.1988341148143453,0.24379421274416602
1353,0.1396,53,269,53,399097,277347,36808,89448,2.196703523000887,0.2438637386005807
1354,0.1397,53,333,53,399430,277014,36861,89395,2.1940660245849704,0.24397599403944772
1355,0.1398,39,308,39,399738,276706,36900,89356,2.191626536560639,0.24410072610650654
1356,0.1399,49,292,49,400030,276414,36949,89307,2.1893137751869216,0.24419434486944966
1357,0.14,58,271,58,400301,276143,37007,89249,2.1871673425421365,0.2442554845207339
1358,0.1401,43,274,43,400575,275869,37050,89206,2.184997148650361,0.2443497911388071
1359,0.1402,58,316,58,400891,275553,37108,89148,2.1824942973007224,0.2444413368759614
1360,0.1403,49,268,49,401159,275285,37157,89099,2.1803716259029273,0.2445195178712567
1361,0.1404,44,288,44,401447,274997,37201,89055,2.1780905461918643,0.2446216474569567
1362,0.1405,51,287,51,401734,274710,37252,89004,2.1758173868964645,0.24470875468087563
1363,0.1406,68,298,68,402032,274412,37320,88936,2.173457103028767,0.2447681011041756
1364,0.1407,47,321,47,402353,274091,37367,88889,2.170914649600811,0.24488677062097086
1365,0.1408,46,293,46,402646,273798,37413,88843,2.1685939678114305,0.24498884571794144
1366,0.1409,55,310,55,402956,273488,37468,88788,2.1661386389557724,0.24508385871545452
1367,0.141,48,311,48,403267,273177,37516,88740,2.1636753896844505,0.2451943401387611
1368,0.1411,44,288,44,403555,272889,37560,88696,2.1613943099733874,0.24529778613603995
1369,0.1412,58,278,58,403833,272611,37618,88638,2.159192434418958,0.2453653850944916
1370,0.1413,38,281,38,404114,272330,37656,88600,2.156966797617539,0.24547696229185714
1371,0.1414,45,320,45,404434,272010,37701,88555,2.1544322646052465,0.24560065452830973
1372,0.1415,40,272,40,404706,271738,37741,88515,2.152277911544798,0.24570232586543345
1373,0.1416,42,270,42,404976,271468,37783,88473,2.150139399315676,0.24579861699556316
1374,0.1417,53,326,53,405302,271142,37836,88420,2.147557343809403,0.24591030197851832
1375,0.1418,55,258,55,405560,270884,37891,88365,2.145513876568242,0.24597145712305393
1376,0.1419,49,286,49,405846,270598,37940,88316,2.143248637688506,0.24606451684804717
1377,0.142,44,306,44,406152,270292,37984,88272,2.140824990495501,0.24618199261498644
1378,0.1421,48,290,48,406442,270002,38032,88224,2.1385280699531113,0.24628028116328798
1379,0.1422,38,287,38,406729,269715,38070,88186,2.136254910657711,0.24639774686295932
1380,0.1423,50,290,50,407019,269425,38120,88136,2.1339579901153214,0.24649220692413323
1381,0.1424,41,273,41,407292,269152,38161,88095,2.131795716639209,0.24659409316243383
1382,0.1425,45,309,45,407601,268843,38206,88050,2.1293483081992144,0.24671260013505447
1383,0.1426,44,256,44,407857,268587,38250,88006,2.12732068178938,0.24679676830448158
1384,0.1427,48,277,48,408134,268310,38298,87958,2.1251267266506146,0.24688717482344752
1385,0.1428,39,328,39,408462,267982,38337,87919,2.1225288303130148,0.24703218029732987
1386,0.1429,46,279,46,408741,267703,38383,87873,2.120319034342922,0.2471286026053502
1387,0.143,48,297,48,409038,267406,38431,87825,2.117966670890888,0.24723349032038308
1388,0.1431,37,275,37,409313,267131,38468,87788,2.1157885565834493,0.24734657766983453
1389,0.1432,44,287,44,409600,266844,38512,87744,2.1135153972880496,0.24745338251717486
1390,0.1433,60,286,60,409886,266558,38572,87684,2.111250158408313,0.24752570276816413
1391,0.1434,46,274,46,410160,266284,38618,87638,2.1090799645165377,0.24761953198727404
1392,0.1435,43,281,43,410441,266003,38661,87595,2.1068543277151184,0.2477248174480625
1393,0.1436,50,302,50,410743,265701,38711,87545,2.1044623621847673,0.24783012404952923
1394,0.1437,48,293,48,411036,265408,38759,87497,2.102141680395387,0.24793357985860218
1395,0.1438,55,287,55,411323,265121,38814,87442,2.0998685210999875,0.2480180847111013
1396,0.1439,36,262,36,411585,264859,38850,87406,2.097793372196173,0.24812570082182447
1397,0.144,38,260,38,411845,264599,38888,87368,2.0957340641236852,0.2482278168123716
1398,0.1441,44,284,44,412129,264315,38932,87324,2.0934846660752755,0.24833422913840614
1399,0.1442,52,253,52,412382,264062,38984,87272,2.0914808009124317,0.24840180568917328
1400,0.1443,44,290,44,412672,263772,39028,87228,2.089183880370042,0.2485128205128205
1401,0.1444,45,309,45,412981,263463,39073,87183,2.0867364719300467,0.248635375849147
1402,0.1445,37,298,37,413279,263165,39110,87146,2.0843761880623495,0.24876752371464214
1403,0.1446,45,261,45,413540,262904,39155,87101,2.0823089595741986,0.24885644490792988
1404,0.1447,45,316,45,413856,262588,39200,87056,2.0798061082245596,0.24898468156181716
1405,0.1448,39,277,39,414133,262311,39239,87017,2.077612153085794,0.24909826867585766
1406,0.1449,51,279,51,414412,262032,39290,86966,2.0754023571157014,0.2491876744279337
1407,0.145,43,276,43,414688,261756,39333,86923,2.0732163223925992,0.24929232904763407
1408,0.1451,47,265,47,414953,261491,39380,86876,2.0711174122417946,0.2493806818671114
1409,0.1452,36,283,36,415236,261208,39416,86840,2.068875934609048,0.24950581528984508
1410,0.1453,53,290,53,415526,260918,39469,86787,2.066579014066658,0.24959951683179707
1411,0.1454,37,267,37,415793,260651,39506,86750,2.0644642630845267,0.24971142857965292
1412,0.1455,46,295,46,416088,260356,39552,86704,2.0621277404638194,0.24982423788393937
1413,0.1456,45,261,45,416349,260095,39597,86659,2.0600605119756685,0.24991492527843948
1414,0.1457,41,267,41,416616,259828,39638,86618,2.0579457609935368,0.2500187619426981
1415,0.1458,43,283,43,416899,259545,39681,86575,2.055704283360791,0.2501300127123541
1416,0.1459,35,291,35,417190,259254,39716,86540,2.0533994424027373,0.2502646084084744
1417,0.146,47,280,47,417470,258974,39763,86493,2.0511817260169813,0.2503654473509771
1418,0.1461,50,293,50,417763,258681,39813,86443,2.048861044227601,0.2504693965067628
1419,0.1462,39,251,39,418014,258430,39852,86404,2.046873019896084,0.25056693945492614
1420,0.1463,48,286,48,418300,258144,39900,86356,2.0446077810163477,0.2506705370101597
1421,0.1464,38,292,38,418592,257852,39938,86318,2.042295019642631,0.2508004765087021
1422,0.1465,45,288,45,418880,257564,39983,86273,2.0400139399315678,0.250912496328202
1423,0.1466,42,268,42,419148,257296,40025,86231,2.0378912685337727,0.25101665953476726
1424,0.1467,40,265,40,419413,257031,40065,86191,2.035792358382968,0.25112317974954984
1425,0.1468,46,309,46,419722,256722,40111,86145,2.033344949942973,0.25124902659048554
1426,0.1469,51,262,51,419984,256460,40162,86094,2.0312698010391586,0.25132971735843107
1427,0.147,58,282,58,420266,256178,40220,86036,2.029036243822076,0.25140993647249965
1428,0.1471,50,263,50,420529,255915,40270,85986,2.026953174502598,0.25149385348390324
1429,0.1472,53,282,53,420811,255633,40323,85933,2.0247196172855153,0.2515853451455941
1430,0.1473,48,262,48,421073,255371,40371,85885,2.0226444683817006,0.25167323065382
1431,0.1474,41,299,41,421372,255072,40412,85844,2.02027626409834,0.2518039634396743
1432,0.1475,34,273,34,421645,254799,40446,85810,2.018113990622228,0.2519310998828569
1433,0.1476,33,265,33,421910,254534,40479,85777,2.016015080471423,0.25205473816597174
1434,0.1477,58,267,58,422177,254267,40537,85719,2.0139003294892914,0.2521250875036031
1435,0.1478,42,283,42,422460,253984,40579,85677,2.0116588518565455,0.2522426772576186
1436,0.1479,46,254,46,422714,253730,40625,85631,2.0096470662780384,0.25233011453879495
1437,0.148,55,284,55,422998,253446,40680,85576,2.0073976682296286,0.25242019691937395
1438,0.1481,52,246,52,423244,253200,40732,85524,2.005449245976429,0.25248875190420517
1439,0.1482,52,271,52,423515,252929,40784,85472,2.0033028133316435,0.25257608576806806
1440,0.1483,42,278,42,423793,252651,40826,85430,2.0011009377772147,0.2526909231811311
1441,0.1484,53,256,53,424049,252395,40879,85377,1.9990733113673806,0.25276517887805977
1442,0.1485,46,268,46,424317,252127,40925,85331,1.9969506399695856,0.2528640601200742
1443,0.1486,51,267,51,424584,251860,40976,85280,1.994835888987454,0.2529512961974254
1444,0.1487,54,278,54,424862,251582,41030,85226,1.992634013433025,0.25304030783116793
1445,0.1488,52,264,52,425126,251318,41082,85174,1.9905430236978836,0.2531234026366154
1446,0.1489,51,254,51,425380,251064,41133,85123,1.9885312381193765,0.25320134330000865
1447,0.149,61,281,61,425661,250783,41194,85062,1.9863056013179572,0.25327755363337257
1448,0.1491,47,258,47,425919,250525,41241,85015,1.9842621340767963,0.2533677057876855
1449,0.1492,44,217,44,426136,250308,41285,84971,1.9825434038778356,0.2534337074496166
1450,0.1493,36,249,36,426385,250059,41321,84935,1.9805712203776453,0.25354185448097577
1451,0.1494,42,283,42,426668,249776,41363,84893,1.9783297427448991,0.2536625740657187
1452,0.1495,38,258,38,426926,249518,41401,84855,1.9762862755037385,0.25377348051427595
1453,0.1496,44,286,44,427212,249232,41445,84811,1.974021036624002,0.2538924629463871
1454,0.1497,48,291,48,427503,248941,41493,84763,1.9717161956659486,0.25400654472226886
1455,0.1498,41,282,41,427785,248659,41534,84722,1.9694826384488657,0.2541296594586974
1456,0.1499,48,276,48,428061,248383,41582,84674,1.9672966037257635,0.2542327589571755
1457,0.15,45,254,45,428315,248129,41627,84629,1.9652848181472564,0.2543259666183833
1458,0.1501,40,268,40,428583,247861,41667,84589,1.9631621467494613,0.2544412693638141
1459,0.1502,36,282,36,428865,247579,41703,84553,1.9609285895323787,0.2545764936832344
1460,0.1503,52,249,52,429114,247330,41755,84501,1.9589564060321887,0.25465071075336543
1461,0.1504,47,267,47,429381,247063,41802,84454,1.956841655050057,0.2547501334773179
1462,0.1505,42,276,42,429657,246787,41844,84412,1.9546556203269547,0.25486791928719593
1463,0.1506,52,263,52,429920,246524,41896,84360,1.952572551007477,0.2549533975653099
1464,0.1507,44,270,44,430190,246254,41940,84316,1.9504340387783552,0.25506246785854736
1465,0.1508,48,283,48,430473,245971,41988,84268,1.948192561145609,0.2551727688128901
1466,0.1509,56,279,56,430752,245692,42044,84212,1.9459827651755164,0.2552621368640574
1467,0.151,52,273,52,431025,245419,42096,84160,1.9438204916994044,0.25535607547810996
1468,0.1511,52,241,52,431266,245178,42148,84108,1.9419116715245217,0.2554253749020608
1469,0.1512,48,243,48,431509,244935,42196,84060,1.939987010518312,0.255505402817672
1470,0.1513,33,291,33,431800,244644,42229,84027,1.9376821695602586,0.2556568726781493
1471,0.1514,41,279,41,432079,244365,42270,83986,1.935472373590166,0.2557811610136713
1472,0.1515,47,251,47,432330,244114,42317,83939,1.933484349258649,0.25587024047943474
1473,0.1516,41,277,41,432607,243837,42358,83898,1.9312903941198833,0.25599340930935055
1474,0.1517,56,286,56,432893,243551,42414,83842,1.929025155240147,0.25608977589624704
1475,0.1518,45,282,45,433175,243269,42459,83797,1.9267915980230643,0.25620822708566465
1476,0.1519,49,276,49,433451,242993,42508,83748,1.924605563299962,0.2563131042630095
1477,0.152,53,316,53,433767,242677,42561,83695,1.9221027119503231,0.25644050347456276
1478,0.1521,49,259,49,434026,242418,42610,83646,1.920051324293499,0.2565324598851759
1479,0.1522,43,253,43,434279,242165,42653,83603,1.918047459130655,0.2566335551680951
1480,0.1523,44,235,44,434514,241930,42697,83559,1.9161861614497528,0.2567183530011767
1481,0.1524,44,264,44,434778,241666,42741,83515,1.9140951717146115,0.25682619833262094
1482,0.1525,50,252,50,435030,241414,42791,83465,1.9120992269674313,0.2569110345697937
1483,0.1526,47,252,47,435282,241162,42838,83418,1.9101032822202508,0.25700289605028037
1484,0.1527,44,271,44,435553,240891,42882,83374,1.9079568495754657,0.2571168642930936
1485,0.1528,35,283,35,435836,240608,42917,83339,1.9057153719427196,0.2572612186561382
1486,0.1529,44,284,44,436120,240324,42961,83295,1.90346597389431,0.25738600020394353
1487,0.153,43,239,43,436359,240085,43004,83252,1.901572994550754,0.25747749252328067
1488,0.1531,40,247,40,436606,239838,43044,83212,1.8996166518818907,0.25758241758241757
1489,0.1532,52,262,52,436868,239576,43096,83160,1.8975415029780762,0.25767190521045064
1490,0.1533,40,256,40,437124,239320,43136,83120,1.8955138765682422,0.2577843939957822
1491,0.1534,57,282,57,437406,239038,43193,83063,1.8932803193511596,0.25787873989835486
1492,0.1535,42,248,42,437654,238790,43235,83021,1.891316056266633,0.25798061595159893
1493,0.1536,60,264,60,437918,238526,43295,82961,1.8892250665314916,0.2580539804097833
1494,0.1537,44,257,44,438175,238269,43339,82917,1.8871895197059942,0.2581588238590723
1495,0.1538,44,250,44,438425,238019,43383,82873,1.8852094157901407,0.25825823018336386
1496,0.1539,57,244,57,438669,237775,43440,82816,1.8832768343682675,0.25832290987582307
1497,0.154,42,239,42,438908,237536,43482,82774,1.8813838550247117,0.2584184071680559
1498,0.1541,46,254,46,439162,237282,43528,82728,1.8793720694462046,0.2585169213462079
1499,0.1542,49,249,49,439411,237033,43577,82679,1.8773998859460144,0.25860461915724153
1500,0.1543,39,233,39,439644,236800,43616,82640,1.875554429096439,0.25870272977710995
1501,0.1544,52,238,52,439882,236562,43668,82588,1.8736693701685465,0.2587748707504308
1502,0.1545,54,240,54,440122,236322,43722,82534,1.8717684704093271,0.25884411772085203
1503,0.1546,60,226,60,440348,236096,43782,82474,1.8699784564693955,0.25888815644913205
1504,0.1547,56,246,56,440594,235850,43838,82418,1.8680300342161957,0.25895785941407873
1505,0.1548,49,263,49,440857,235587,43887,82369,1.8659469648967177,0.2590578570619834
1506,0.1549,45,250,45,441107,235337,43932,82324,1.8639668609808642,0.25915677404528725
1507,0.155,50,217,50,441324,235120,43982,82274,1.8622481307819034,0.25921725048362604
1508,0.1551,51,259,51,441583,234861,44033,82223,1.8601967431250792,0.2593098358794515
1509,0.1552,51,238,51,441821,234623,44084,82172,1.8583116841971867,0.25938540696665036
1510,0.1553,44,239,44,442060,234384,44128,82128,1.8564187048536307,0.259478313618441
1511,0.1554,44,252,44,442312,234132,44172,82084,1.8544227601064505,0.2595820578338857
1512,0.1555,61,230,61,442542,233902,44233,82023,1.852601064503865,0.25962807628392814
1513,0.1556,43,286,43,442828,233616,44276,81980,1.8503358256241287,0.2597624811467826
1514,0.1557,40,270,40,443098,233346,44316,81940,1.848197313395007,0.2598910195822206
1515,0.1558,47,271,47,443369,233075,44363,81893,1.8460508807502218,0.2600041909019329
1516,0.1559,47,247,47,443616,232828,44410,81846,1.8440945380813585,0.26009775195917045
1517,0.156,52,265,52,443881,232563,44462,81794,1.8419956279305538,0.26019461949312406
1518,0.1561,41,250,41,444131,232313,44503,81753,1.8400155240147003,0.26030515878828014
1519,0.1562,58,240,58,444371,232073,44561,81695,1.8381146242554809,0.2603675326993192
1520,0.1563,53,249,53,444620,231824,44614,81642,1.8361424407552909,0.26044929912654
1521,0.1564,48,290,48,444910,231534,44662,81594,1.8338455202129007,0.2605771441710738
1522,0.1565,49,209,49,445119,231325,44711,81545,1.8321901533392473,0.2606354076773101
1523,0.1566,52,236,52,445355,231089,44763,81493,1.8303209352426815,0.260709189908568
1524,0.1567,45,290,45,445645,230799,44808,81448,1.8280240147002915,0.2608447799338344
1525,0.1568,48,206,48,445851,230593,44856,81400,1.826392409073628,0.26090328949687974
1526,0.1569,45,251,45,446102,230342,44901,81355,1.8244043847421112,0.2610066827720511
1527,0.157,53,246,53,446348,230096,44954,81302,1.8224559624889114,0.26108709754076775
1528,0.1571,38,260,38,446608,229836,44992,81264,1.8203966544164238,0.26121504339440693
1529,0.1572,42,245,42,446853,229591,45034,81222,1.8184561525788874,0.2613211159121401
1530,0.1573,49,261,49,447114,229330,45083,81173,1.8163889240907363,0.2614242052411732
1531,0.1574,47,272,47,447386,229058,45130,81126,1.8142345710302876,0.26154153663631907
1532,0.1575,53,247,53,447633,228811,45183,81073,1.8122782283614245,0.26162370435388727
1533,0.1576,40,240,40,447873,228571,45223,81033,1.8103773286022051,0.26173111458508286
1534,0.1577,47,254,47,448127,228317,45270,80986,1.8083655430236978,0.2618338651742789
1535,0.1578,41,249,41,448376,228068,45311,80945,1.8063933595235078,0.26194690838249524
1536,0.1579,50,232,50,448608,227836,45361,80895,1.8045558230895957,0.2620242217334832
1537,0.158,46,214,46,448822,227622,45407,80849,1.8028608541376252,0.2620959506728347
1538,0.1581,37,244,37,449066,227378,45444,80812,1.800928272715752,0.26221486745189654
1539,0.1582,56,261,56,449327,227117,45500,80756,1.798861044227601,0.26230296258522184
1540,0.1583,44,229,44,449556,226888,45544,80712,1.7970472690406794,0.2623927178153446
1541,0.1584,56,247,56,449803,226641,45600,80656,1.795090926371816,0.2624692073140968
1542,0.1585,48,260,48,450063,226381,45648,80608,1.7930316182993284,0.26257618351146134
1543,0.1586,60,226,60,450289,226155,45708,80548,1.7912416043593968,0.26262540633772735
1544,0.1587,47,273,47,450562,225882,45755,80501,1.7890793308832849,0.26274630119817355
1545,0.1588,37,213,37,450775,225669,45792,80464,1.7873922823469777,0.2628400074477433
1546,0.1589,62,264,62,451039,225405,45854,80402,1.7853012926118363,0.26291746101299185
1547,0.159,40,256,40,451295,225149,45894,80362,1.7832736662020023,0.2630412652899568
1548,0.1591,49,227,49,451522,224922,45943,80313,1.7814757318464074,0.2631185807656396
1549,0.1592,52,239,52,451761,224683,45995,80261,1.7795827525028514,0.2631991447610053
1550,0.1593,51,270,51,452031,224413,46046,80210,1.7774442402737296,0.2633090738388106
1551,0.1594,35,260,35,452291,224153,46081,80175,1.7753849322012418,0.26344930469756317
1552,0.1595,55,263,55,452554,223890,46136,80120,1.773301862881764,0.2635439623696589
1553,0.1596,50,232,50,452786,223658,46186,80070,1.771464326447852,0.2636240320286572
1554,0.1597,42,244,42,453030,223414,46228,80028,1.7695317450259789,0.26373409086415195
1555,0.1598,48,253,48,453283,223161,46276,79980,1.7675278798631353,0.2638376201173711
1556,0.1599,46,257,46,453540,222904,46322,79934,1.7654923330376378,0.2639497024811946
1557,0.16,41,215,41,453755,222689,46363,79893,1.763789443670004,0.2640375171028019
1558,0.1601,49,243,49,453998,222446,46412,79844,1.761864782663794,0.2641304707400179
1559,0.1602,42,259,42,454257,222187,46454,79802,1.7598133950069699,0.2642546582822553
1560,0.1603,53,244,53,454501,221943,46507,79749,1.757880813585097,0.26433912732190445
1561,0.1604,46,274,46,454775,221669,46553,79703,1.7557106196933214,0.2644671701418844
1562,0.1605,42,219,42,454994,221450,46595,79661,1.7539760486630338,0.26455692419074694
1563,0.1606,46,244,46,455238,221206,46641,79615,1.752043467241161,0.2646590497338949
1564,0.1607,46,250,46,455488,220956,46687,79569,1.7500633633253073,0.2647666583478912
1565,0.1608,45,263,45,455751,220693,46732,79524,1.7479802940058293,0.2648883973925527
1566,0.1609,47,237,47,455988,220456,46779,79477,1.7461031554936004,0.26498251276118334
1567,0.161,54,234,54,456222,220222,46833,79423,1.7442497782283615,0.2650569840978491
1568,0.1611,56,258,56,456480,219964,46889,79367,1.7422063109872006,0.2651479465875569
1569,0.1612,52,275,52,456755,219689,46941,79315,1.7400281966797617,0.2652640098460221
1570,0.1613,42,232,42,456987,219457,46983,79273,1.7381906602458497,0.2653667191109028
1571,0.1614,44,189,44,457176,219268,47027,79229,1.7366937016854644,0.26542645319718455
1572,0.1615,47,248,47,457424,219020,47074,79182,1.7347294386009378,0.26553141830034677
1573,0.1616,56,250,56,457674,218770,47130,79126,1.7327493346850842,0.2656161881999087
1574,0.1617,45,241,45,457915,218529,47175,79081,1.7308405145102015,0.265720237895232
1575,0.1618,38,247,38,458162,218282,47213,79043,1.7288841718413381,0.26584713697132767
1576,0.1619,42,232,42,458394,218050,47255,79001,1.727046635407426,0.265950964649168
1577,0.162,36,236,36,458630,217814,47291,78965,1.7251774173108605,0.2660734081589331
1578,0.1621,47,253,47,458883,217561,47338,78918,1.7231735521480167,0.26618411422056876
1579,0.1622,38,235,38,459118,217326,47376,78880,1.7213122544671144,0.2663011552770707
1580,0.1623,42,242,42,459360,217084,47418,78838,1.7193955138765682,0.2664147984941978
1581,0.1624,40,238,40,459598,216846,47458,78798,1.7175104549486757,0.2665300158298494
1582,0.1625,43,221,43,459819,216625,47501,78755,1.7157600430870612,0.2666226555623265
1583,0.1626,44,209,44,460028,216416,47545,78711,1.7141046762134078,0.26670213162469036
1584,0.1627,54,238,54,460266,216178,47599,78657,1.712219617285515,0.2667831159801245
1585,0.1628,47,254,47,460520,215924,47646,78610,1.710207831707008,0.26689618176509333
1586,0.1629,46,249,46,460769,215675,47692,78564,1.708235648206818,0.2670074327332543
1587,0.163,55,220,55,460989,215455,47747,78509,1.7064931567608668,0.2670701174293451
1588,0.1631,43,216,43,461205,215239,47790,78466,1.7047823469775694,0.2671592243918217
1589,0.1632,38,245,38,461450,214994,47828,78428,1.702841845140033,0.26728738813040603
1590,0.1633,39,233,39,461683,214761,47867,78389,1.7009963882904575,0.26740235374381716
1591,0.1634,45,232,45,461915,214529,47912,78344,1.6991588518565455,0.2675016133272784
1592,0.1635,55,236,55,462151,214293,47967,78289,1.6972896337599797,0.26757968706208857
1593,0.1636,45,227,45,462378,214066,48012,78244,1.6954916994043847,0.26767472888371935
1594,0.1637,45,255,45,462633,213811,48057,78199,1.6934719934102143,0.26779562343755353
1595,0.1638,39,241,39,462874,213570,48096,78160,1.6915631732353313,0.2679189661673465
1596,0.1639,35,227,35,463101,213343,48131,78125,1.6897652388797364,0.26803971619525985
1597,0.164,44,232,44,463333,213111,48175,78081,1.6879277024458244,0.2681426687546361
1598,0.1641,43,239,43,463572,212872,48218,78038,1.6860347231022683,0.26825478670379155
1599,0.1642,53,211,53,463783,212661,48271,77985,1.684363515397288,0.2683160958692017
1600,0.1643,30,225,30,464008,212436,48301,77955,1.68258142187302,0.2684484023265184
1601,0.1644,45,250,45,464258,212186,48346,77910,1.6806013179571664,0.2685662677182726
1602,0.1645,60,234,60,464492,211952,48406,77850,1.6787479406919275,0.26863168646179114
1603,0.1646,57,218,57,464710,211734,48463,77793,1.6770212900773032,0.26868996673885337
1604,0.1647,55,246,55,464956,211488,48518,77738,1.6750728678241034,0.26877943200127236
1605,0.1648,41,245,41,465201,211243,48559,77697,1.673132365986567,0.26890357859763275
1606,0.1649,47,237,47,465438,211006,48606,77650,1.6712552274743377,0.2690053212127931
1607,0.165,50,261,50,465699,210745,48656,77600,1.6691879989861869,0.2691220586450259
1608,0.1651,43,242,43,465941,210503,48699,77557,1.6672712583956406,0.2692390474206762
1609,0.1652,50,222,50,466163,210281,48749,77507,1.6655129261183628,0.2693197770581122
1610,0.1653,45,237,45,466400,210044,48794,77462,1.6636357876061336,0.26942742064513436
1611,0.1654,39,254,39,466654,209790,48833,77423,1.6616240020276265,0.26956648898204466
1612,0.1655,51,251,51,466905,209539,48884,77372,1.6596359776961096,0.2696724768307942
1613,0.1656,40,224,40,467129,209315,48924,77332,1.6578618045875047,0.2697812989495791
1614,0.1657,40,242,40,467371,209073,48964,77292,1.6559450639969586,0.2699072861557802
1615,0.1658,49,238,49,467609,208835,49013,77243,1.654060005069066,0.2700067813673194
1616,0.1659,40,220,40,467829,208615,49053,77203,1.652317513623115,0.2701124491809473
1617,0.166,51,233,51,468062,208382,49104,77152,1.6504720567735394,0.27020249777609673
1618,0.1661,51,234,51,468296,208148,49155,77101,1.6486186795083007,0.2702936732468825
1619,0.1662,49,210,49,468506,207938,49204,77052,1.6469553922189837,0.27036738131162497
1620,0.1663,48,234,48,468740,207704,49252,77004,1.6451020149537448,0.27046658330640516
1621,0.1664,48,216,48,468956,207488,49300,76956,1.6433912051704473,0.2705488602325941
1622,0.1665,38,217,38,469173,207271,49338,76918,1.6416724749714866,0.27065790723778893
1623,0.1666,46,227,46,469400,207044,49384,76872,1.6398745406158914,0.27075613913974556
1624,0.1667,42,244,42,469644,206800,49426,76830,1.6379419591940185,0.27088107746007123
1625,0.1668,34,227,34,469871,206573,49460,76796,1.6361440248384236,0.27101059043155745
1626,0.1669,45,216,45,470087,206357,49505,76751,1.6344332150551262,0.27110148777145116
1627,0.167,50,228,50,470315,206129,49555,76701,1.6326273602838677,0.27119117491072375
1628,0.1671,38,219,38,470534,205910,49593,76663,1.63089278925358,0.27130334462245154
1629,0.1672,52,253,52,470787,205657,49645,76611,1.6288889240907363,0.27141227485935354
1630,0.1673,52,199,52,470986,205458,49697,76559,1.6273127613737168,0.2714694504232014
1631,0.1674,31,247,31,471233,205211,49728,76528,1.6253564187048537,0.27162728624720045
1632,0.1675,43,233,43,471466,204978,49771,76485,1.623510961855278,0.2717408682491127
1633,0.1676,42,228,42,471694,204750,49813,76443,1.6217051070840198,0.27185242875889515
1634,0.1677,41,237,41,471931,204513,49854,76402,1.6198279685717907,0.27197550860580605
1635,0.1678,41,214,41,472145,204299,49895,76361,1.6181329996198202,0.27207653388441533
1636,0.1679,52,220,52,472365,204079,49947,76309,1.616390508173869,0.27215501376663764
1637,0.168,47,246,47,472611,203833,49994,76262,1.6144420859206692,0.2722719077455863
1638,0.1681,55,213,55,472824,203620,50049,76207,1.612755037384362,0.2723361219610688
1639,0.1682,40,196,40,473020,203424,50089,76167,1.6112026359143328,0.27242293206862883
1640,0.1683,58,208,58,473228,203216,50147,76109,1.6095551894563427,0.27247471583281124
1641,0.1684,43,240,43,473468,202976,50190,76066,1.6076542896971233,0.27259695673052803
1642,0.1685,47,193,47,473661,202783,50237,76019,1.6061256494740843,0.27266303685052473
1643,0.1686,60,215,60,473876,202568,50297,75959,1.6044227601064505,0.272716828171057
1644,0.1687,40,213,40,474089,202355,50337,75919,1.6027357115701433,0.27282103250752854
1645,0.1688,44,235,44,474324,202120,50381,75875,1.600874413889241,0.2729365636072591
1646,0.1689,40,223,40,474547,201897,50421,75835,1.5991081611962996,0.273050998804603
1647,0.169,40,223,40,474770,201674,50461,75795,1.5973419085033582,0.2731656509375822
1648,0.1691,43,234,43,475004,201440,50504,75752,1.5954885312381193,0.27328350024531733
1649,0.1692,52,222,52,475226,201218,50556,75700,1.5937301989608414,0.27336612282336287
1650,0.1693,45,206,45,475432,201012,50601,75655,1.5920985933341782,0.2734514777693039
1651,0.1694,34,220,34,475652,200792,50635,75621,1.590356101888227,0.2735797520377117
1652,0.1695,51,207,51,475859,200585,50686,75570,1.5887165758459003,0.27365066719776937
1653,0.1696,49,218,49,476077,200367,50735,75521,1.5869899252312762,0.27373789363799805
1654,0.1697,64,198,64,476275,200169,50799,75457,1.5854216829299201,0.27376590016906965
1655,0.1698,48,222,48,476497,199947,50847,75409,1.5836633506526423,0.27386002120890773
1656,0.1699,38,230,38,476727,199717,50885,75371,1.581841655050057,0.2739886872564416
1657,0.17,39,196,39,476923,199521,50924,75332,1.580289253580028,0.2740810542362645
1658,0.1701,48,207,48,477130,199314,50972,75284,1.5786497275377012,0.27416077320300947
1659,0.1702,50,211,50,477341,199103,51022,75234,1.5769785198327209,0.2742393479552521
1660,0.1703,52,229,52,477570,198874,51074,75182,1.575164744645799,0.2743307937063958
1661,0.1704,39,233,39,477803,198641,51113,75143,1.5733192877962237,0.2744608888759022
1662,0.1705,54,222,54,478025,198419,51167,75089,1.5715609555189456,0.27454041563683695
1663,0.1706,46,199,46,478224,198220,51213,75043,1.5699847928019262,0.274618224933489
1664,0.1707,50,208,50,478432,198012,51263,74993,1.568337346343936,0.27469460266295487
1665,0.1708,50,219,50,478651,197793,51313,74943,1.5666027753136484,0.274782206969377
1666,0.1709,53,201,53,478852,197592,51366,74890,1.5650107717653023,0.2748438428960445
1667,0.171,49,217,49,479069,197375,51415,74841,1.5632920415663414,0.27493240661827373
1668,0.1711,36,206,36,479275,197169,51451,74805,1.5616604359396782,0.2750446733878974
1669,0.1712,38,211,38,479486,196958,51489,74767,1.5599892282346977,0.2751568681571442
1670,0.1713,40,207,40,479693,196751,51529,74727,1.5583497021923711,0.2752598737282579
1671,0.1714,42,205,42,479898,196546,51571,74685,1.5567260169813713,0.2753556931176746
1672,0.1715,42,187,42,480085,196359,51613,74643,1.5552448992523127,0.2754333916354861
1673,0.1716,59,214,59,480299,196145,51672,74584,1.5535499303003422,0.27549320538250427
1674,0.1717,42,237,42,480536,195908,51714,74542,1.551672791788113,0.2756221112959882
1675,0.1718,38,214,38,480750,195694,51752,74504,1.5499778228361425,0.2757385324835861
1676,0.1719,36,233,36,480983,195461,51788,74468,1.548132365986567,0.2758799536174327
1677,0.172,50,230,50,481213,195231,51838,74418,1.5463106703839817,0.2759809975189969
1678,0.1721,47,229,47,481442,195002,51885,74371,1.54449689519706,0.2760892888299867
1679,0.1722,50,240,50,481682,194762,51935,74321,1.5425959954378405,0.2762010234760278
1680,0.1723,49,221,49,481903,194541,51984,74272,1.540845583576226,0.27629616127196227
1681,0.1724,40,209,40,482112,194332,52024,74232,1.5391902167025726,0.2764033898809967
1682,0.1725,36,199,36,482311,194133,52060,74196,1.5376140539855532,0.2765112976979752
1683,0.1726,42,173,42,482484,193960,52102,74154,1.5362438220757826,0.2765763816883863
1684,0.1727,44,202,44,482686,193758,52146,74110,1.534643898111773,0.27666611913330447
1685,0.1728,38,207,38,482893,193551,52184,74072,1.5330043720694462,0.27677740702405995
1686,0.1729,33,226,33,483119,193325,52217,74039,1.5312143581295146,0.27692209871186846
1687,0.173,49,235,49,483354,193090,52266,73990,1.5293530604486123,0.27703309869701964
1688,0.1731,46,216,46,483570,192874,52312,73944,1.527642250665315,0.27713272717732684
1689,0.1732,49,214,49,483784,192660,52361,73895,1.5259472817133444,0.2772223368535574
1690,0.1733,39,188,39,483972,192472,52400,73856,1.5244582435686225,0.2773121864768256
1691,0.1734,55,205,55,484177,192267,52455,73801,1.5228345583576226,0.27737646015304357
1692,0.1735,57,211,57,484388,192056,52512,73744,1.5211633506526423,0.27744168547780285
1693,0.1736,48,218,48,484606,191838,52560,73696,1.519436700038018,0.2775388462494445
1694,0.1737,44,199,44,484805,191639,52604,73652,1.5178605373209986,0.2776272093663185
1695,0.1738,51,233,51,485038,191406,52655,73601,1.5160150804714232,0.2777322863169652
1696,0.1739,44,217,44,485255,191189,52699,73557,1.5142963502724622,0.2778398918208396
1697,0.174,40,259,40,485514,190930,52739,73517,1.512244962615638,0.27800277560342906
1698,0.1741,57,207,57,485721,190723,52796,73460,1.5106054365733115,0.27806482627572554
1699,0.1742,42,223,42,485944,190500,52838,73418,1.50883918388037,0.2781848907615244
1700,0.1743,50,199,50,486143,190301,52888,73368,1.5072630211633506,0.2782579673757628
1701,0.1744,42,216,42,486359,190085,52930,73326,1.5055522113800532,0.2783710627118837
1702,0.1745,46,237,46,486596,189848,52976,73280,1.503675072867824,0.2784956371043751
1703,0.1746,44,221,44,486817,189627,53020,73236,1.5019246610062096,0.27860900925577203
1704,0.1747,40,202,40,487019,189425,53060,73196,1.5003247370422,0.27871343114221636
1705,0.1748,34,211,34,487230,189214,53094,73162,1.4986535293372196,0.27884410159465806
1706,0.1749,45,210,45,487440,189004,53139,73117,1.4969902420479027,0.2789436939428737
1707,0.175,46,203,46,487643,188801,53185,73071,1.4953823976682297,0.27903326816154456
1708,0.1751,47,228,47,487871,188573,53232,73024,1.4935765428969712,0.27914693211313585
1709,0.1752,50,192,50,488063,188381,53282,72974,1.4920558230895957,0.2792140957701211
1710,0.1753,42,203,42,488266,188178,53324,72932,1.4904479787099227,0.2793152311286431
1711,0.1754,39,195,39,488461,187983,53363,72893,1.488903497655557,0.2794162743985648
1712,0.1755,45,245,45,488706,187738,53408,72848,1.4869629958180206,0.2795545424543145
1713,0.1756,44,187,44,488893,187551,53452,72804,1.485481878088962,0.27963357723108834
1714,0.1757,35,237,35,489130,187314,53487,72769,1.483604739576733,0.27979145119058146
1715,0.1758,47,206,47,489336,187108,53534,72722,1.4819731339500697,0.27988300042335373
1716,0.1759,28,211,28,489547,186897,53562,72694,1.4803019262450894,0.2800328208605075
1717,0.176,43,201,43,489748,186696,53605,72651,1.478709922696743,0.2801304815555993
1718,0.1761,33,190,33,489938,186506,53638,72618,1.4772050437206945,0.28024420740649264
1719,0.1762,48,204,48,490142,186302,53686,72570,1.475589278925358,0.2803315924472326
1720,0.1763,34,223,34,490365,186079,53720,72536,1.4738230262324166,0.2804787038648184
1721,0.1764,42,223,42,490588,185856,53762,72494,1.4720567735394754,0.280603832010838
1722,0.1765,47,211,47,490799,185645,53809,72447,1.470385565834495,0.28070223021248236
1723,0.1766,46,192,46,490991,185453,53855,72401,1.4688648460271194,0.2807829236699838
1724,0.1767,35,200,35,491191,185253,53890,72366,1.4672807628944367,0.28090319425197674
1725,0.1768,52,206,52,491397,185047,53942,72314,1.4656491572677735,0.28098274408321383
1726,0.1769,37,178,37,491575,184869,53979,72277,1.4642393232796858,0.2810737868759382
1727,0.177,38,191,38,491766,184678,54017,72239,1.4627265238879736,0.28117641105882446
1728,0.1771,39,194,39,491960,184484,54056,72200,1.4611899632492713,0.28127970578610273
1729,0.1772,32,181,32,492141,184303,54088,72168,1.4597563680141934,0.28138853905509786
1730,0.1773,35,176,35,492317,184127,54123,72133,1.4583623748574326,0.2814836494185593
1731,0.1774,38,213,38,492530,183914,54161,72095,1.4566753263211254,0.28161119335648355
1732,0.1775,33,219,33,492749,183695,54194,72062,1.4549407552908378,0.28175963903236273
1733,0.1776,53,193,53,492942,183502,54247,72009,1.4534121150677988,0.28182348313771227
1734,0.1777,54,189,54,493131,183313,54301,71955,1.4519151565074135,0.28188022000407414
1735,0.1778,53,190,53,493321,183123,54354,71902,1.4504102775313648,0.2819409861778257
1736,0.1779,38,220,38,493541,182903,54392,71864,1.4486677860854138,0.2820773491072235
1737,0.178,37,210,37,493751,182693,54429,71827,1.4470044987960968,0.28220572057205723
1738,0.1781,42,188,42,493939,182505,54471,71785,1.445515460651375,0.28229580400330334
1739,0.1782,37,204,37,494143,182301,54508,71748,1.4438996958560386,0.282417958740243
1740,0.1783,42,205,42,494348,182096,54550,71706,1.4422760106450387,0.2825273244497679
1741,0.1784,31,218,31,494566,181878,54581,71675,1.4405493600304144,0.28268251608145045
1742,0.1785,36,213,36,494779,181665,54617,71639,1.4388623114941073,0.28281827369484885
1743,0.1786,38,203,38,494982,181462,54655,71601,1.4372544671144343,0.2829374503582112
1744,0.1787,43,192,43,495174,181270,54698,71558,1.4357337473070586,0.28303036056133024
1745,0.1788,56,210,56,495384,181060,54754,71502,1.4340704600177416,0.28310672230976947
1746,0.1789,38,196,38,495580,180864,54792,71464,1.4325180585477126,0.2832186677657652
1747,0.179,43,193,43,495773,180671,54835,71421,1.4309894183246736,0.28331323485076876
1748,0.1791,49,177,49,495950,180494,54884,71372,1.4295875047522495,0.2833729046397688
1749,0.1792,44,211,44,496161,180283,54928,71328,1.427916297047269,0.28348522123436576
1750,0.1793,30,196,30,496357,180087,54958,71298,1.42636389557724,0.2836207410943374
1751,0.1794,35,186,35,496543,179901,54993,71263,1.424890698263845,0.2837309487028396
1752,0.1795,36,230,36,496773,179671,55029,71227,1.4230690026612596,0.28388827332222655
1753,0.1796,34,181,34,496954,179490,55063,71193,1.4216354074261817,0.2839961225930757
1754,0.1797,50,183,50,497137,179307,55113,71143,1.4201859713597769,0.28406069075663803
1755,0.1798,41,190,41,497327,179117,55154,71102,1.4186810923837283,0.2841590766488556
1756,0.1799,50,200,50,497527,178917,55204,71052,1.4170970092510455,0.28424324616252417
1757,0.18,32,203,32,497730,178714,55236,71020,1.4154891648713726,0.28438258306838476
1758,0.1801,43,231,43,497961,178483,55279,70977,1.4136595488531238,0.28452256874849674
1759,0.1802,28,213,28,498174,178270,55307,70949,1.4119725003168166,0.2846853570554412
1760,0.1803,49,201,49,498375,178069,55356,70900,1.4103804967684703,0.28477440966546036
1761,0.1804,45,204,45,498579,177865,55401,70855,1.408764731973134,0.28487857832100355
1762,0.1805,43,179,43,498758,177686,55444,70812,1.4073469775693828,0.28496003991983837
1763,0.1806,35,201,35,498959,177485,55479,70777,1.4057549740210367,0.2850899452997237
1764,0.1807,29,195,29,499154,177290,55508,70748,1.404210492966671,0.2852304888767044
1765,0.1808,37,183,37,499337,177107,55545,70711,1.4027610569002662,0.2853343986312536
1766,0.1809,43,191,43,499528,176916,55588,70668,1.401248257508554,0.2854303993796045
1767,0.181,35,200,35,499728,176716,55623,70633,1.3996641743758713,0.2855600790785489
1768,0.1811,48,208,48,499936,176508,55671,70585,1.3980167279178812,0.28566167394462816
1769,0.1812,41,212,41,500148,176296,55712,70544,1.3963375997972374,0.28578836493274995
1770,0.1813,46,201,46,500349,176095,55758,70498,1.394745596248891,0.2858880827922934
1771,0.1814,34,171,34,500520,175924,55792,70464,1.3933912051704473,0.28598795395879667
1772,0.1815,43,188,43,500708,175736,55835,70421,1.3919021670257254,0.28608164707889683
1773,0.1816,46,204,46,500912,175532,55881,70375,1.3902864022303891,0.2861854278243401
1774,0.1817,35,176,35,501088,175356,55916,70340,1.388892409073628,0.2862887470695494
1775,0.1818,36,211,36,501299,175145,55952,70304,1.3872212013686478,0.2864301749039515
1776,0.1819,34,194,34,501493,174951,55986,70270,1.3856846407299455,0.28655783966299786
1777,0.182,37,207,37,501700,174744,56023,70233,1.3840451146876187,0.28669222008596723
1778,0.1821,50,217,50,501917,174527,56073,70183,1.382326384488658,0.2868007028727882
1779,0.1822,49,191,49,502108,174336,56122,70134,1.3808135850969459,0.2868818259909191
1780,0.1823,34,194,34,502302,174142,56156,70100,1.3792770244582435,0.28701042408758526
1781,0.1824,32,173,32,502475,173969,56188,70068,1.377906792548473,0.2871203956777046
1782,0.1825,42,187,42,502662,173782,56230,70026,1.3764256748194146,0.2872178107363171
1783,0.1826,38,188,38,502850,173594,56268,69988,1.3749366366746927,0.2873282919099112
1784,0.1827,41,177,41,503027,173417,56309,69947,1.3735347231022683,0.2874172022156112
1785,0.1828,54,179,54,503206,173238,56363,69893,1.3721169686985173,0.28747054057277766
1786,0.1829,44,197,44,503403,173041,56407,69849,1.3705566468128247,0.28757462225698877
1787,0.183,45,173,45,503576,172868,56452,69804,1.3691864149030541,0.2876475242302367
1788,0.1831,39,185,39,503761,172683,56491,69765,1.3677211380053225,0.2877524252623243
1789,0.1832,38,200,38,503961,172483,56529,69727,1.3661370548726397,0.28787828743652205
1790,0.1833,48,211,48,504172,172272,56577,69679,1.3644658471676594,0.2879880636988481
1791,0.1834,43,177,43,504349,172095,56620,69636,1.363063933595235,0.2880722786899487
1792,0.1835,44,179,44,504528,171916,56664,69592,1.361646179191484,0.2881560859267602
1793,0.1836,34,179,34,504707,171737,56698,69558,1.3602284247877328,0.2882695455769908
1794,0.1837,25,189,25,504896,171548,56723,69533,1.3587314662273475,0.2884217337741257
1795,0.1838,45,187,45,505083,171361,56768,69488,1.3572503484982892,0.2885127195877915
1796,0.1839,54,178,54,505261,171183,56822,69434,1.3558405145102015,0.2885664770153397
1797,0.184,45,162,45,505423,171021,56867,69389,1.3545574071727284,0.28862776090844805
1798,0.1841,44,188,44,505611,170833,56911,69345,1.3530683690280065,0.2887233635054002
1799,0.1842,43,163,43,505774,170670,56954,69302,1.3517773412748701,0.2887920257363359
1800,0.1843,30,190,30,505964,170480,56984,69272,1.3502724622988214,0.28893189629283594
1801,0.1844,36,186,36,506150,170294,57020,69236,1.3487992649854263,0.28904938838558847
1802,0.1845,38,192,38,506342,170102,57058,69198,1.347278545178051,0.28916840785624737
1803,0.1846,33,194,33,506536,169908,57091,69165,1.3457419845393486,0.28930494033203247
1804,0.1847,32,177,32,506713,169731,57123,69133,1.3443400709669244,0.2894241074418916
1805,0.1848,43,169,43,506882,169562,57166,69090,1.3430015207198074,0.2895010307896016
1806,0.1849,39,191,39,507073,169371,57205,69051,1.3414887213280953,0.28961672999974836
1807,0.185,45,191,45,507264,169180,57250,69006,1.3399759219363832,0.2897147607332085
1808,0.1851,46,183,46,507447,168997,57296,68960,1.3385264858699784,0.28980025802981213
1809,0.1852,52,176,52,507623,168821,57348,68908,1.3371324927132175,0.28985946182417793
1810,0.1853,42,192,42,507815,168629,57390,68866,1.335611772905842,0.28996820985704963
1811,0.1854,42,169,42,507984,168460,57432,68824,1.334273222658725,0.2900490551406753
1812,0.1855,36,185,36,508169,168275,57468,68788,1.3328079457609936,0.2901675925808751
1813,0.1856,37,172,37,508341,168103,57505,68751,1.3314456342668863,0.29026742212502216
1814,0.1857,51,187,51,508528,167916,57556,68700,1.329964516537828,0.29034384826047266
1815,0.1858,38,168,38,508696,167748,57594,68662,1.3286338867063743,0.29043610676367326
1816,0.1859,49,190,49,508886,167558,57643,68613,1.3271290077303257,0.29052254510502984
1817,0.186,39,194,39,509080,167364,57682,68574,1.3255924470916234,0.2906441522772932
1818,0.1861,29,190,29,509270,167174,57711,68545,1.3240875681155746,0.2907911538738922
1819,0.1862,47,163,47,509433,167011,57758,68498,1.3227965403624382,0.29085088043344415
1820,0.1863,51,180,51,509613,166831,57809,68447,1.3213708655430236,0.2909196779979429
1821,0.1864,47,209,47,509822,166622,57856,68400,1.3197154986693702,0.2910365838091753
1822,0.1865,30,187,30,510009,166435,57886,68370,1.3182343809403116,0.29117778582227805
1823,0.1866,33,187,33,510196,166248,57919,68337,1.3167532632112533,0.29131018607327835
1824,0.1867,43,211,43,510407,166037,57962,68294,1.315082055506273,0.29144244679534503
1825,0.1868,36,166,36,510573,165871,57998,68258,1.3137672665061462,0.2915401338578305
1826,0.1869,29,164,29,510737,165707,58027,68229,1.3124683183373465,0.29165669242869846
1827,0.187,38,166,38,510903,165541,58065,68191,1.3111535293372196,0.2917486694162545
1828,0.1871,35,179,35,511082,165362,58100,68156,1.3097357749334686,0.29186615164569757
1829,0.1872,39,167,39,511249,165195,58139,68117,1.3084130655176784,0.29195669318337675
1830,0.1873,44,193,44,511442,165002,58183,68073,1.3068844252946394,0.29206478601308594
1831,0.1874,43,177,43,511619,164825,58226,68030,1.305482511722215,0.2921560627858539
1832,0.1875,37,180,37,511799,164645,58263,67993,1.3040568369028007,0.292269534641804
1833,0.1876,39,178,39,511977,164467,58302,67954,1.302647002914713,0.29237461330946857
1834,0.1877,39,182,39,512159,164285,58341,67915,1.3012054872639716,0.29248492678725235
1835,0.1878,49,177,49,512336,164108,58390,67866,1.2998035736915474,0.2925586488140912
1836,0.1879,36,165,36,512501,163943,58426,67830,1.298496705107084,0.2926570394308224
1837,0.188,31,185,31,512686,163758,58457,67799,1.2970314282093525,0.2927961581813549
1838,0.1881,42,163,42,512849,163595,58499,67757,1.2957404004562159,0.2928740620353401
1839,0.1882,46,171,46,513020,163424,58545,67711,1.2943860093777722,0.29295000757133277
1840,0.1883,34,166,34,513186,163258,58579,67677,1.2930712203776453,0.29305648775629506
1841,0.1884,30,167,30,513353,163091,58609,67647,1.2917485109618552,0.2931766765768967
1842,0.1885,42,199,42,513552,162892,58651,67605,1.290172348244836,0.2933009974099446
1843,0.1886,46,185,46,513737,162707,58697,67559,1.2887070713471043,0.2933954643759826
1844,0.1887,41,170,41,513907,162537,58738,67518,1.287360600684324,0.29348634022299014
1845,0.1888,30,179,30,514086,162358,58768,67488,1.2859428462805729,0.2936226864944354
1846,0.1889,38,173,38,514259,162185,58806,67450,1.2845726143708023,0.29372700154593157
1847,0.189,40,181,40,514440,162004,58846,67410,1.2831390191357241,0.29383559852493746
1848,0.1891,44,164,44,514604,161840,58890,67366,1.2818400709669244,0.29391028158076143
1849,0.1892,44,174,44,514778,161666,58934,67322,1.2804619186414903,0.29399793875661606
1850,0.1893,31,192,31,514970,161474,58965,67291,1.2789411988341148,0.29414901755076167
1851,0.1894,34,175,34,515145,161299,58999,67257,1.2775551260930174,0.2942692381735767
1852,0.1895,27,174,27,515319,161125,59026,67230,1.2761769737675834,0.29441001948720197
1853,0.1896,53,194,53,515513,160931,59079,67177,1.274640413128881,0.29449646658600315
1854,0.1897,51,196,51,515709,160735,59130,67126,1.2730880116588519,0.294591878381996
1855,0.1898,34,170,34,515879,160565,59164,67092,1.2717415409960715,0.2947065102324989
1856,0.1899,42,175,42,516054,160390,59206,67050,1.270355468254974,0.29480302497361943
1857,0.19,41,170,41,516224,160220,59247,67009,1.2690089975921937,0.29489633805544185
1858,0.1901,38,190,38,516414,160030,59285,66971,1.2675041186161449,0.29502513204787645
1859,0.1902,42,186,42,516600,159844,59327,66929,1.26603092130275,0.29513654623786784
1860,0.1903,40,163,40,516763,159681,59367,66889,1.2647398935496135,0.2952244339497727
1861,0.1904,48,161,48,516924,159520,59415,66841,1.2634647066278037,0.29528496516626096
1862,0.1905,53,169,53,517093,159351,59468,66788,1.262126156380687,0.29534047643263656
1863,0.1906,49,184,49,517277,159167,59517,66739,1.2606687998986186,0.29542818694501255
1864,0.1907,31,148,31,517425,159019,59548,66708,1.2594965783804335,0.29552512548343796
1865,0.1908,50,181,50,517606,158838,59598,66658,1.2580629831453554,0.2956061304856849
1866,0.1909,42,155,42,517761,158683,59640,66616,1.2568353187175263,0.2956781876528524
1867,0.191,43,198,43,517959,158485,59683,66573,1.2552670764161704,0.2958037483670876
1868,0.1911,37,141,37,518100,158344,59720,66536,1.2541502978076289,0.29587335467805054
1869,0.1912,42,168,42,518268,158176,59762,66494,1.2528196679761754,0.29596296790848803
1870,0.1913,52,163,52,518431,158013,59814,66442,1.251528640223039,0.29601479138357356
1871,0.1914,49,168,49,518599,157845,59863,66393,1.2501980103915853,0.29608273352420195
1872,0.1915,40,175,40,518774,157670,59903,66353,1.2488119376504878,0.2961883378046004
1873,0.1916,34,208,34,518982,157462,59937,66319,1.2471644911924977,0.2963567058865587
1874,0.1917,36,157,36,519139,157305,59973,66283,1.2459209859333418,0.2964515090255291
1875,0.1918,31,169,31,519308,157136,60004,66252,1.2445824356862247,0.2965781510197504
1876,0.1919,44,179,44,519487,156957,60048,66208,1.2431646812824737,0.29667734635807586
1877,0.192,36,167,36,519654,156790,60084,66172,1.2418419718666835,0.29678599940797085
1878,0.1921,48,171,48,519825,156619,60132,66124,1.2404875807882398,0.2968623031924684
1879,0.1922,48,155,48,519980,156464,60180,66076,1.2392599163604106,0.2969174081064078
1880,0.1923,33,187,33,520167,156277,60213,66043,1.2377787986313522,0.2970627923713566
1881,0.1924,38,155,38,520322,156122,60251,66005,1.236551134203523,0.2971498287015986
1882,0.1925,34,174,34,520496,155948,60285,65971,1.235172981878089,0.29727513191750143
1883,0.1926,36,168,36,520664,155780,60321,65935,1.2338423520466355,0.2973862841936721
1884,0.1927,36,162,36,520826,155618,60357,65899,1.2325592447091622,0.29748958319226065
1885,0.1928,40,181,40,521007,155437,60397,65859,1.2311256494740843,0.29760592148073167
1886,0.1929,51,204,51,521211,155233,60448,65808,1.229509884678748,0.29771852280798583
1887,0.193,38,169,38,521380,155064,60486,65770,1.228171334431631,0.29782551599844226
1888,0.1931,46,152,46,521532,154912,60532,65724,1.226967431250792,0.2978842981199804
1889,0.1932,42,171,42,521703,154741,60574,65682,1.2256130401723482,0.2979816080898999
1890,0.1933,35,159,35,521862,154582,60609,65647,1.2243536940818653,0.2980851749769558
1891,0.1934,39,162,39,522024,154420,60648,65608,1.2230705867443923,0.2981802316068864
1892,0.1935,37,170,37,522194,154250,60685,65571,1.221724116081612,0.298292701789183
1893,0.1936,46,141,46,522335,154109,60731,65525,1.2206073374730706,0.29833723376162163
1894,0.1937,40,155,40,522490,153954,60771,65485,1.2193796730452413,0.29842006206736266
1895,0.1938,40,166,40,522656,153788,60811,65445,1.2180648840451147,0.29851801507984654
1896,0.1939,42,157,42,522813,153631,60853,65403,1.2168213787859588,0.2985974780171115
1897,0.194,37,171,37,522984,153460,60890,65366,1.2154669877075148,0.29871221884053994
1898,0.1941,32,159,32,523143,153301,60922,65334,1.214207641617032,0.29882681180963705
1899,0.1942,42,156,42,523299,153145,60964,65292,1.2129720567735394,0.2989054052198117
1900,0.1943,34,153,34,523452,152992,60998,65258,1.2117602331770372,0.2990057273768614
1901,0.1944,47,165,47,523617,152827,61045,65211,1.210453364592574,0.29908089415606454
1902,0.1945,44,165,44,523782,152662,61089,65167,1.2091464960081104,0.2991658594585661
1903,0.1946,50,159,50,523941,152503,61139,65117,1.2078871499176276,0.29922341696535243
1904,0.1947,37,193,37,524134,152310,61176,65080,1.2063585096945888,0.2993697962187773
1905,0.1948,42,162,42,524296,152148,61218,65038,1.2050754023571157,0.29945760776477304
1906,0.1949,28,175,28,524471,151973,61246,65010,1.2036893296160183,0.2996087251074969
1907,0.195,48,151,48,524622,151822,61294,64962,1.2024933468508427,0.29966233670381576
1908,0.1951,31,147,31,524769,151675,61325,64931,1.2013290457483208,0.29976547279392074
1909,0.1952,51,152,51,524921,151523,61376,64880,1.200125142567482,0.29981100077170836
1910,0.1953,43,175,43,525096,151348,61419,64837,1.1987390698263845,0.29991442514513034
1911,0.1954,30,174,30,525270,151174,61449,64807,1.1973609175009505,0.3000588014686477
1912,0.1955,39,173,39,525443,151001,61488,64768,1.1959906855911797,0.30017287006011056
1913,0.1956,50,159,50,525602,150842,61538,64718,1.194731339500697,0.3002319539803303
1914,0.1957,47,163,47,525765,150679,61585,64671,1.1934403117475605,0.3003064778267936
1915,0.1958,41,154,41,525919,150525,61626,64630,1.1922205677353948,0.30038809230554714
1916,0.1959,38,183,38,526102,150342,61664,64592,1.19077113166899,0.3005201596769241
1917,0.196,38,156,38,526258,150186,61702,64554,1.1895355468254973,0.3006146968426935
1918,0.1961,42,156,42,526414,150030,61744,64512,1.1882999619820047,0.3006963671448947
1919,0.1962,40,134,40,526548,149896,61784,64472,1.1872386262831074,0.30075384385729215
1920,0.1963,45,168,45,526716,149728,61829,64427,1.1859079964516537,0.3008428474702902
1921,0.1964,41,131,41,526847,149597,61870,64386,1.1848704219997466,0.3008930615983513
1922,0.1965,32,149,32,526996,149448,61902,64354,1.183690280065898,0.30099811975566176
1923,0.1966,43,146,43,527142,149302,61945,64311,1.1825338993790395,0.3010631375431271
1924,0.1967,38,183,38,527325,149119,61983,64273,1.1810844633126347,0.30119685836394994
1925,0.1968,32,176,32,527501,148943,62015,64241,1.1796904701558737,0.3013406259381567
1926,0.1969,41,182,41,527683,148761,62056,64200,1.1782489545051325,0.30146364827362754
1927,0.197,38,154,38,527837,148607,62094,64162,1.1770292104929667,0.3015570877336454
1928,0.1971,27,163,27,528000,148444,62121,64135,1.17573818273983,0.30169960344154406
1929,0.1972,29,163,29,528163,148281,62150,64106,1.1744471549866937,0.30183579974292213
1930,0.1973,38,178,38,528341,148103,62188,64068,1.173037320998606,0.30196398188253815
1931,0.1974,35,146,35,528487,147957,62223,64033,1.1718809403117476,0.302056700787773
1932,0.1975,51,177,51,528664,147780,62274,63982,1.1704790267393232,0.30214108291383723
1933,0.1976,33,158,33,528822,147622,62307,63949,1.169227601064504,0.3022578708802246
1934,0.1977,33,169,33,528991,147453,62340,63916,1.167889050817387,0.3023906060018262
1935,0.1978,28,135,28,529126,147318,62368,63888,1.166819794702826,0.3024914064941337
1936,0.1979,34,153,34,529279,147165,62402,63854,1.1656079711063236,0.3025983442249276
1937,0.198,34,186,34,529465,146979,62436,63820,1.1641347737929286,0.3027528593589154
1938,0.1981,41,156,41,529621,146823,62477,63779,1.162899188949436,0.30284137852442045
1939,0.1982,48,154,48,529775,146669,62525,63731,1.1616794449372703,0.30290399239543725
1940,0.1983,30,168,30,529943,146501,62555,63701,1.1603488151058168,0.3030465932769431
1941,0.1984,33,173,33,530116,146328,62588,63668,1.1589785831960462,0.30318672736623553
1942,0.1985,37,178,37,530294,146150,62625,63631,1.1575687492079585,0.30332108246218675
1943,0.1986,44,164,44,530458,145986,62669,63587,1.1562698010391586,0.303412176186818
1944,0.1987,46,168,46,530626,145818,62715,63541,1.154939171207705,0.30350259601927787
1945,0.1988,40,158,40,530784,145660,62755,63501,1.1536877455328856,0.303598663230717
1946,0.1989,39,148,39,530932,145512,62794,63462,1.1525155240147003,0.30368371184932097
1947,0.199,30,161,30,531093,145351,62824,63432,1.1512403370928905,0.3038178395750612
1948,0.1991,35,156,35,531249,145195,62859,63397,1.1500047522493981,0.3039282426938713
1949,0.1992,28,153,28,531402,145042,62887,63369,1.1487929286528957,0.304057847234551
1950,0.1993,42,162,42,531564,144880,62929,63327,1.1475098213154227,0.3041540390092552
1951,0.1994,34,141,34,531705,144739,62963,63293,1.1463930427068814,0.3042464620827565
1952,0.1995,33,157,33,531862,144582,62996,63260,1.1451495374477252,0.3043658163412592
1953,0.1996,42,159,42,532021,144423,63038,63218,1.1438901913572423,0.3044581754085176
1954,0.1997,33,146,33,532167,144277,63071,63185,1.142733810670384,0.30456179926926374
1955,0.1998,40,164,40,532331,144113,63111,63145,1.141434862501584,0.30466857732874003
1956,0.1999,34,184,34,532515,143929,63145,63111,1.1399775060195159,0.30482515455950543
1957,0.2,29,162,29,532677,143767,63174,63082,1.1386943986820428,0.30496642478329605
1958,0.2001,46,156,46,532833,143611,63220,63036,1.1374588138385502,0.3050419314096019
1959,0.2002,30,147,30,532980,143464,63250,63006,1.1362945127360284,0.3051581343536591
1960,0.2003,30,150,30,533130,143314,63280,62976,1.1351064503865163,0.30527897619855543
1961,0.2004,44,163,44,533293,143151,63324,62932,1.1338154226333799,0.30537210735480363
1962,0.2005,47,155,47,533448,142996,63371,62885,1.1325877582055506,0.30544343577114935
1963,0.2006,33,147,33,533595,142849,63404,62852,1.1314234571030288,0.3055502890117209
1964,0.2007,38,154,38,533749,142695,63442,62814,1.130203713090863,0.3056508474081427
1965,0.2008,36,134,36,533883,142561,63478,62778,1.1291423773919655,0.3057285756724246
1966,0.2009,37,165,37,534048,142396,63515,62741,1.1278355088075023,0.30584926171290405
1967,0.201,30,168,30,534216,142228,63545,62711,1.1265048789760486,0.30599837024675636
1968,0.2011,43,173,43,534389,142055,63588,62668,1.125134647066278,0.30611118438084634
1969,0.2012,36,147,36,534536,141908,63624,62632,1.1239703459637562,0.3062090544636746
1970,0.2013,51,171,51,534707,141737,63675,62581,1.1226159548853123,0.30629215242905666
1971,0.2014,30,166,30,534873,141571,63705,62551,1.1213011658851857,0.30643928630916806
1972,0.2015,54,148,54,535021,141423,63759,62497,1.1201289443670004,0.3064780306002354
1973,0.2016,45,159,45,535180,141264,63804,62452,1.1188695982765176,0.3065640401343046
1974,0.2017,48,137,48,535317,141127,63852,62404,1.1177845013306298,0.3066068559580604
1975,0.2018,40,156,40,535473,140971,63892,62364,1.1165489164871372,0.3067056827403054
1976,0.2019,40,169,40,535642,140802,63932,62324,1.1152103662400203,0.30682433563403994
1977,0.202,41,150,41,535792,140652,63973,62283,1.1140223038905082,0.3069110799024318
1978,0.2021,48,125,48,535917,140527,64021,62235,1.1130322519325815,0.3069362109270968
1979,0.2022,43,181,43,536098,140346,64064,62192,1.1115986566975036,0.3070633658868953
1980,0.2023,41,183,41,536281,140163,64105,62151,1.1101492206310988,0.30720068803938433
1981,0.2024,35,143,35,536424,140020,64140,62116,1.1090166011912306,0.3072980567538687
1982,0.2025,42,148,42,536572,139872,64182,62074,1.1078443796730453,0.3073792003802997
1983,0.2026,49,160,49,536732,139712,64231,62025,1.106577113166899,0.3074547554489261
1984,0.2027,36,165,36,536897,139547,64267,61989,1.1052702445824356,0.30758276436964116
1985,0.2028,36,142,36,537039,139405,64303,61953,1.104145545558231,0.3076758807695746
1986,0.2029,35,131,35,537170,139274,64338,61918,1.1031079711063236,0.30775577557755773
1987,0.203,32,139,32,537309,139135,64370,61886,1.1020070333291092,0.30785838295501466
1988,0.2031,28,142,28,537451,138993,64398,61858,1.1008823343049043,0.30797954702739844
1989,0.2032,37,170,37,537621,138823,64435,61821,1.099535863642124,0.3081128765375491
1990,0.2033,45,150,45,537771,138673,64480,61776,1.0983478012926118,0.3081881176758178
1991,0.2034,38,153,38,537924,138520,64518,61738,1.0971359776961096,0.30829230292922133
1992,0.2035,37,150,37,538074,138370,64555,61701,1.0959479153465974,0.30839551959054534
1993,0.2036,38,120,38,538194,138250,64593,61663,1.0949974654669876,0.30844917539129524
1994,0.2037,40,158,40,538352,138092,64633,61623,1.0937460397921683,0.30855469043386824
1995,0.2038,48,151,48,538503,137941,64681,61575,1.0925500570269928,0.3086218649130897
1996,0.2039,44,165,44,538668,137776,64725,61531,1.0912431884425295,0.3087247311935858
1997,0.204,35,158,35,538826,137618,64760,61496,1.08999176276771,0.30884819751499143
1998,0.2041,37,162,37,538988,137456,64797,61459,1.088708655430237,0.30897116858959855
1999,0.2042,38,162,38,539150,137294,64835,61421,1.087425548092764,0.3090909090909091
2000,0.2043,35,171,35,539321,137123,64870,61386,1.0860711570143202,0.30923534953075177
2001,0.2044,51,146,51,539467,136977,64921,61335,1.0849147763274616,0.3092853685102263
2002,0.2045,32,150,32,539617,136827,64953,61303,1.0837267139779496,0.3094079644677737
2003,0.2046,37,177,37,539794,136650,64990,61266,1.0823248004055253,0.30955556902928516
2004,0.2047,34,157,34,539951,136493,65024,61232,1.0810812951463693,0.3096826400303452
2005,0.2048,36,161,36,540112,136332,65060,61196,1.0798061082245596,0.3098092422340124
2006,0.2049,40,120,40,540232,136212,65100,61156,1.07885565834495,0.30985772769648573
2007,0.205,42,120,42,540352,136092,65142,61114,1.0779052084653402,0.3098992931249556
2008,0.2051,34,141,34,540493,135951,65176,61080,1.076788429856799,0.3100019793839548
2009,0.2052,37,147,37,540640,135804,65213,61043,1.075624128754277,0.3101037861892739
2010,0.2053,38,175,38,540815,135629,65251,61005,1.0742380560131797,0.31024644771504417
2011,0.2054,34,138,34,540953,135491,65285,60971,1.0731450386516284,0.31034500310492613
2012,0.2055,33,156,33,541109,135335,65318,60938,1.071909453808136,0.31047571494805704
2013,0.2056,36,142,36,541251,135193,65354,60902,1.070784754783931,0.3105739565006757
2014,0.2057,44,136,44,541387,135057,65398,60858,1.0697075782537067,0.31063471403414744
2015,0.2058,42,144,42,541531,134913,65440,60816,1.0685670383981751,0.3107153257820762
2016,0.2059,39,136,39,541667,134777,65479,60777,1.067489861867951,0.31079394949732553
2017,0.206,34,108,34,541775,134669,65513,60743,1.0666344569763022,0.31084580271426526
2018,0.2061,36,143,36,541918,134526,65549,60707,1.065501837536434,0.31094640762576
2019,0.2062,29,148,29,542066,134378,65578,60678,1.0643296160182487,0.3110798950045115
2020,0.2063,39,152,39,542218,134226,65617,60639,1.0631257128374096,0.3111846663074436
2021,0.2064,32,166,32,542384,134060,65649,60607,1.061810923837283,0.31133679565617184
2022,0.2065,29,157,29,542541,133903,65678,60578,1.060567418578127,0.3114854407371414
2023,0.2066,42,135,42,542676,133768,65720,60536,1.059498162463566,0.3115530303030303
2024,0.2067,41,145,41,542821,133623,65761,60495,1.0583497021923711,0.3116403424721046
2025,0.2068,43,131,43,542952,133492,65804,60452,1.0573121277404638,0.31169822216722354
2026,0.2069,40,170,40,543122,133322,65844,60412,1.0559656570776834,0.31182962205911197
2027,0.207,34,138,34,543260,133184,65878,60378,1.0548726397161323,0.3119310608487203
2028,0.2071,37,135,37,543395,133049,65915,60341,1.0538033836015714,0.31201716738197427
2029,0.2072,31,159,31,543554,132890,65946,60310,1.0525440375110886,0.31216356107660453
2030,0.2073,27,123,27,543677,132767,65973,60283,1.0515698263844886,0.31226625226625226
2031,0.2074,33,157,33,543834,132610,66006,60250,1.0503263211253326,0.3124027792180857
2032,0.2075,37,138,37,543972,132472,66043,60213,1.0492333037637815,0.31249448581882344
2033,0.2076,37,128,37,544100,132344,66080,60176,1.0482194905588644,0.31257012258466654
2034,0.2077,28,168,28,544268,132176,66108,60148,1.046888860727411,0.312743079386868
2035,0.2078,28,148,28,544416,132028,66136,60120,1.0457166392092256,0.31288381872306764
2036,0.2079,41,139,41,544555,131889,66177,60079,1.0446157014320112,0.31296361893648944
2037,0.208,31,156,31,544711,131733,66208,60048,1.0433801165885186,0.3131071378290863
2038,0.2081,34,166,34,544877,131567,66242,60014,1.0420653275883918,0.3132565337898852
2039,0.2082,31,155,31,545032,131412,66273,59983,1.0408376631605627,0.313398991614201
2040,0.2083,34,131,34,545163,131281,66307,59949,1.0398000887086554,0.31349160696543427
2041,0.2084,34,124,34,545287,131157,66341,59915,1.038817957166392,0.3135728939876068
2042,0.2085,33,142,33,545429,131015,66374,59882,1.0376932581421874,0.3136874859217274
2043,0.2086,38,153,38,545582,130862,66412,59844,1.036481434545685,0.3138023974075278
2044,0.2087,37,145,37,545727,130717,66449,59807,1.03533297427449,0.3139079591022653
2045,0.2088,28,161,28,545888,130556,66477,59779,1.0340577873526802,0.31407255628234426
2046,0.2089,30,143,30,546031,130413,66507,59749,1.032925167912812,0.31420052376394864
2047,0.209,33,128,33,546159,130285,66540,59716,1.031911354707895,0.31429308266798595
2048,0.2091,33,167,33,546326,130118,66573,59683,1.030588645292105,0.31445039804848235
2049,0.2092,31,121,31,546447,129997,66604,59652,1.0296302749968318,0.31453896408628573
2050,0.2093,40,124,40,546571,129873,66644,59612,1.0286481434545685,0.3146001002717893
2051,0.2094,38,133,38,546704,129740,66682,59574,1.0275947281713345,0.3146835416292509
2052,0.2095,37,144,37,546848,129596,66719,59537,1.0264541883158027,0.31478906378051424
2053,0.2096,38,152,38,547000,129444,66757,59499,1.0252502851349639,0.31490449500643053
2054,0.2097,36,138,36,547138,129306,66793,59463,1.0241572677734128,0.3150040525721914
2055,0.2098,28,156,28,547294,129150,66821,59435,1.0229216829299201,0.3151629238804783
2056,0.2099,37,129,37,547423,129021,66858,59398,1.0218999493093397,0.31524421634760824
2057,0.21,34,113,34,547536,128908,66892,59364,1.0210049423393739,0.3153097645959038
2058,0.2101,46,147,46,547683,128761,66938,59318,1.0198406412368521,0.3153887462183444
2059,0.2102,49,144,49,547827,128617,66987,59269,1.0187001013813204,0.3154519229745697
2060,0.2103,36,118,36,547945,128499,67023,59233,1.0177654923330377,0.3155189312424094
2061,0.2104,49,141,49,548086,128358,67072,59184,1.0166487137244962,0.31557731068240713
2062,0.2105,24,135,24,548221,128223,67096,59160,1.0155794576099353,0.3157170074126255
2063,0.2106,31,130,31,548351,128093,67127,59129,1.0145498035736915,0.31582292679279145
2064,0.2107,45,145,45,548496,127948,67172,59084,1.0134013433024964,0.31590316095641385
2065,0.2108,34,140,34,548636,127808,67206,59050,1.0122924851096184,0.3160153699600766
2066,0.2109,37,126,37,548762,127682,67243,59013,1.0112945127360284,0.31609309301266775
2067,0.211,28,137,28,548899,127545,67271,58985,1.0102094157901407,0.3162225915402348
2068,0.2111,35,124,35,549023,127421,67306,58950,1.0092272842478773,0.31630457528263517
2069,0.2112,38,126,38,549149,127295,67344,58912,1.008229311874287,0.3163790834931018
2070,0.2113,33,136,33,549285,127159,67377,58879,1.007152135344063,0.3164891043765252
2071,0.2114,34,120,34,549405,127039,67411,58845,1.006201685464453,0.3165683974952121
2072,0.2115,39,141,39,549546,126898,67450,58806,1.0050849068559118,0.31666523068969976
2073,0.2116,44,153,44,549699,126745,67494,58762,1.0038730832594094,0.31676432695262174
2074,0.2117,31,138,31,549837,126607,67525,58731,1.0027800658978583,0.3168859057505746
2075,0.2118,31,121,31,549958,126486,67556,58700,1.0018216956025852,0.3169786052941367
2076,0.2119,44,134,44,550092,126352,67600,58656,1.0007603599036878,0.31704574937300006
2077,0.212,35,158,35,550250,126194,67635,58621,0.9995089342288683,0.3171874577279983
2078,0.2121,42,141,42,550391,126053,67677,58579,0.9983921556203269,0.317274361974089
2079,0.2122,26,109,26,550500,125944,67703,58553,0.9975288303130149,0.31736559402049896
2080,0.2123,47,123,47,550623,125821,67750,58506,0.9965546191864149,0.3174033104211537
2081,0.2124,32,133,32,550756,125688,67782,58474,0.9955012039031809,0.3175139279547355
2082,0.2125,33,136,33,550892,125552,67815,58441,0.9944240273729565,0.31762621404075153
2083,0.2126,35,160,35,551052,125392,67850,58406,0.9931567608668103,0.31777277228261464
2084,0.2127,32,137,32,551189,125255,67882,58374,0.9920716639209226,0.3178909649347325
2085,0.2128,46,116,46,551305,125139,67928,58328,0.9911528957039666,0.31792093400993093
2086,0.2129,50,124,50,551429,125015,67978,58278,0.9901707641617032,0.31794994898877754
2087,0.213,36,126,36,551555,124889,68014,58242,0.989172791788113,0.31803463094724543
2088,0.2131,37,116,37,551671,124773,68051,58205,0.988254023571157,0.3180983506213862
2089,0.2132,34,158,34,551829,124615,68085,58171,0.9870025978963376,0.31824647401879796
2090,0.2133,38,116,38,551945,124499,68123,58133,0.9860838296793816,0.3183067589469534
2091,0.2134,49,150,49,552095,124349,68172,58084,0.9848957673298695,0.3183853798380775
2092,0.2135,48,158,48,552253,124191,68220,58036,0.9836443416550501,0.31848189346254946
2093,0.2136,39,142,39,552395,124049,68259,57997,0.9825196426308452,0.31858431385474
2094,0.2137,39,132,39,552527,123917,68298,57958,0.9814741477632746,0.31866941580756014
2095,0.2138,44,142,44,552669,123775,68342,57914,0.9803494487390698,0.3187534743435211
2096,0.2139,26,135,26,552804,123640,68368,57888,0.9792801926245089,0.3188929531532326
2097,0.214,21,139,21,552943,123501,68389,57867,0.9781792548472944,0.31905848881831417
2098,0.2141,23,132,23,553075,123369,68412,57844,0.9771337599797237,0.31920447208533603
2099,0.2142,37,125,37,553200,123244,68449,57807,0.976143708021797,0.31928572612136913
2100,0.2143,33,137,33,553337,123107,68482,57774,0.9750586110759093,0.31940336464305263
2101,0.2144,30,130,30,553467,122977,68512,57744,0.9740289570396654,0.3195201443108438
2102,0.2145,42,135,42,553602,122842,68554,57702,0.9729597009251045,0.31960076214108474
2103,0.2146,36,126,36,553728,122716,68590,57666,0.9719617285515144,0.31968821722788304
2104,0.2147,32,142,32,553870,122574,68622,57634,0.9708370295273095,0.3198193198970079
2105,0.2148,28,124,28,553994,122450,68650,57606,0.9698548979850462,0.31993379837383923
2106,0.2149,37,142,37,554136,122308,68687,57569,0.9687301989608414,0.32004647620318327
2107,0.215,36,136,36,554272,122172,68723,57533,0.9676530224306171,0.3201524721070644
2108,0.2151,26,128,26,554400,122044,68749,57507,0.9666392092257001,0.3202822596365378
2109,0.2152,36,142,36,554542,121902,68785,57471,0.9655145102014954,0.3203993912127243
2110,0.2153,43,126,43,554668,121776,68828,57428,0.9645165378279053,0.32046159683935627
2111,0.2154,35,123,35,554791,121653,68863,57393,0.9635423267013052,0.32054890921886
2112,0.2155,37,124,37,554915,121529,68900,57356,0.9625601951590419,0.32063057271431367
2113,0.2156,20,124,20,555039,121405,68920,57336,0.9615780636167786,0.32077699017013445
2114,0.2157,42,130,42,555169,121275,68962,57294,0.9605484095805348,0.32085076357038456
2115,0.2158,41,123,41,555292,121152,69003,57253,0.9595741984539349,0.32091589361284717
2116,0.2159,38,115,38,555407,121037,69041,57215,0.9586633506526423,0.32097816574288085
2117,0.216,43,140,43,555547,120897,69084,57172,0.9575544924597643,0.3210665528531075
2118,0.2161,31,138,31,555685,120759,69115,57141,0.9564614750982131,0.3211973018549747
2119,0.2162,40,125,40,555810,120634,69155,57101,0.9554714231402864,0.32127043069738653
2120,0.2163,37,139,37,555949,120495,69192,57064,0.9543704853630719,0.32138049887642983
2121,0.2164,25,144,25,556093,120351,69217,57039,0.9532299455075403,0.32154574665990193
2122,0.2165,40,127,40,556220,120224,69257,56999,0.9522240527182867,0.32162303989888447
2123,0.2166,45,116,45,556336,120108,69302,56954,0.9513052845013307,0.3216613389660119
2124,0.2167,28,113,28,556449,119995,69330,56926,0.9504102775313649,0.3217594293498228
2125,0.2168,36,118,36,556567,119877,69366,56890,0.949475668483082,0.3218360893153134
2126,0.2169,34,133,34,556700,119744,69400,56856,0.948422253199848,0.32194790486976216
2127,0.217,42,118,42,556818,119626,69442,56814,0.9474876441515651,0.3220018136476989
2128,0.2171,29,123,29,556941,119503,69471,56785,0.9465134330249652,0.322114948266473
2129,0.2172,39,131,39,557072,119372,69510,56746,0.9454758585730579,0.32220443112004454
2130,0.2173,35,121,35,557193,119251,69545,56711,0.9445174882777848,0.3222911765040179
2131,0.2174,32,119,32,557312,119132,69577,56679,0.9435749588138386,0.3223859712987242
2132,0.2175,36,131,36,557443,119001,69613,56643,0.9425373843619314,0.32248753159800503
2133,0.2176,36,136,36,557579,118865,69649,56607,0.941460207831707,0.3225984772499316
2134,0.2177,30,134,30,557713,118731,69679,56577,0.9403988721328095,0.322729139571497
2135,0.2178,38,129,38,557842,118602,69717,56539,0.9393771385122291,0.32281989939534433
2136,0.2179,33,112,33,557954,118490,69750,56506,0.9384900519579268,0.32289880911563695
2137,0.218,24,143,24,558097,118347,69774,56482,0.9373574325180586,0.32306997122902953
2138,0.2181,32,146,32,558243,118201,69806,56450,0.9362010518312001,0.3232160136500793
2139,0.2182,33,126,33,558369,118075,69839,56417,0.9352030794576099,0.3233214130160695
2140,0.2183,33,118,33,558487,117957,69872,56384,0.934268470409327,0.32341216351862156
2141,0.2184,41,133,41,558620,117824,69913,56343,0.933215055126093,0.32349985933041275
2142,0.2185,36,132,36,558752,117692,69949,56307,0.9321695602585224,0.3236053080764832
2143,0.2186,44,126,44,558878,117566,69993,56263,0.9311715878849322,0.3236686628813374
2144,0.2187,30,136,30,559014,117430,70023,56233,0.9300944113547079,0.3238053010716157
2145,0.2188,37,127,37,559141,117303,70060,56196,0.9290885185654543,0.32389812045026195
2146,0.2189,31,121,31,559262,117182,70091,56165,0.9281301482701813,0.3240032997398282
2147,0.219,34,118,34,559380,117064,70125,56131,0.9271955392218983,0.32409134212881435
2148,0.2191,36,138,36,559518,116926,70161,56095,0.9261025218603472,0.3242092000393016
2149,0.2192,40,125,40,559643,116801,70201,56055,0.9251124699024205,0.32428726801499513
2150,0.2193,41,124,41,559767,116677,70242,56014,0.9241303383601571,0.3243596944832099
2151,0.2194,37,99,37,559866,116578,70279,55977,0.9233462172094792,0.32440091565008256
2152,0.2195,35,131,35,559997,116447,70314,55942,0.922308642757572,0.32451026457604604
2153,0.2196,33,118,33,560115,116329,70347,55909,0.921374033709289,0.324603165387429
2154,0.2197,30,117,30,560232,116212,70377,55879,0.9204473450766696,0.3247061147881063
2155,0.2198,40,105,40,560337,116107,70417,55839,0.9196157014320111,0.3247473043862608
2156,0.2199,25,98,25,560435,116009,70442,55814,0.9188395006969966,0.32483427713402746
2157,0.22,24,127,24,560562,115882,70466,55790,0.917833607907743,0.3249801947900648
2158,0.2201,35,127,35,560689,115755,70501,55755,0.9168277151184894,0.32508308553437115
2159,0.2202,18,132,18,560821,115623,70519,55737,0.9157822202509188,0.3252626050420168
2160,0.2203,28,125,28,560946,115498,70547,55709,0.914792168292992,0.3253897328964353
2161,0.2204,35,142,35,561088,115356,70582,55674,0.9136674692687873,0.325521838273987
2162,0.2205,32,135,32,561223,115221,70614,55642,0.9125982131542263,0.32565271591860145
2163,0.2206,32,126,32,561349,115095,70646,55610,0.9116002407806362,0.3257666735010691
2164,0.2207,42,114,42,561463,114981,70688,55568,0.9106973133950069,0.32581838650475814
2165,0.2208,32,142,32,561605,114839,70720,55536,0.9095726143708022,0.3259633162142333
2166,0.2209,33,120,33,561725,114719,70753,55503,0.9086221644911925,0.32606243611284086
2167,0.221,41,135,41,561860,114584,70794,55462,0.9075529083766316,0.3261588040883055
2168,0.2211,29,117,29,561977,114467,70823,55433,0.9066262197440121,0.3262683931724544
2169,0.2212,33,117,33,562094,114350,70856,55400,0.9056995311113927,0.3263622974963181
2170,0.2213,39,117,39,562211,114233,70895,55361,0.9047728424787733,0.3264325388869889
2171,0.2214,38,115,38,562326,114118,70933,55323,0.9038619946774806,0.32650303055340796
2172,0.2215,42,121,42,562447,113997,70975,55281,0.9029036243822076,0.3265693120192819
2173,0.2216,35,118,35,562565,113879,71010,55246,0.9019690153339247,0.3266577974870658
2174,0.2217,37,124,37,562689,113755,71047,55209,0.9009868837916614,0.3267500769394664
2175,0.2218,30,139,30,562828,113616,71077,55179,0.8998859460144468,0.3268994934684084
2176,0.2219,35,113,35,562941,113503,71112,55144,0.898990939044481,0.32697883745337897
2177,0.222,38,132,38,563073,113371,71150,55106,0.8979454441769104,0.3270832220421779
2178,0.2221,35,101,35,563174,113270,71185,55071,0.8971454821949056,0.3271395560202209
2179,0.2222,40,123,40,563297,113147,71225,55031,0.8961712710683056,0.32721878010203476
2180,0.2223,23,121,23,563418,113026,71248,55008,0.8952129007730326,0.3273623195305712
2181,0.2224,30,97,30,563515,112929,71278,54978,0.8944446204536814,0.3274312565884686
2182,0.2225,33,118,33,563633,112811,71311,54945,0.8935100114053985,0.3275292686997783
2183,0.2226,28,112,28,563745,112699,71339,54917,0.8926229248510962,0.3276357865597556
2184,0.2227,23,122,23,563867,112577,71362,54894,0.8916566341401597,0.32778212347212354
2185,0.2228,32,140,32,564007,112437,71394,54862,0.8905477759472817,0.32792784176833095
2186,0.2229,35,123,35,564130,112314,71429,54827,0.8895735648206818,0.3280284310851317
2187,0.223,34,128,34,564258,112186,71463,54793,0.8885597516157648,0.32814305990573667
2188,0.2231,40,140,40,564398,112046,71503,54753,0.8874508934228869,0.3282573636532593
2189,0.2232,27,111,27,564509,111935,71530,54726,0.8865717272842478,0.32836716448359243
2190,0.2233,42,127,42,564636,111808,71572,54684,0.8855658344949943,0.32844821372798694
2191,0.2234,27,118,27,564754,111690,71599,54657,0.8846312254467115,0.3285722014824433
2192,0.2235,23,91,23,564845,111599,71622,54634,0.8839104676213407,0.32865917116336707
2193,0.2236,33,121,33,564966,111478,71655,54601,0.8829520973260677,0.32876522618753723
2194,0.2237,49,96,49,565062,111382,71704,54552,0.8821917374223799,0.32875721672472186
2195,0.2238,38,122,38,565184,111260,71742,54514,0.8812254467114434,0.32884529540217405
2196,0.2239,39,117,39,565301,111143,71781,54475,0.880298758078824,0.3289195618833702
2197,0.224,37,117,37,565418,111026,71818,54438,0.8793720694462045,0.329002079002079
2198,0.2241,25,117,25,565535,110909,71843,54413,0.8784453808135851,0.3291334486638197
2199,0.2242,40,115,40,565650,110794,71883,54373,0.8775345330122925,0.3292001428856854
2200,0.2243,39,122,39,565772,110672,71922,54334,0.876568242301356,0.32928499569712616
2201,0.2244,28,118,28,565890,110554,71950,54306,0.8756336332530731,0.32940676938008007
2202,0.2245,28,105,28,565995,110449,71978,54278,0.8748019896084146,0.3295027530398781
2203,0.2246,34,116,34,566111,110333,72012,54244,0.8738832213914586,0.3295964806746994
2204,0.2247,36,115,36,566226,110218,72048,54208,0.872972373590166,0.32968022088964033
2205,0.2248,37,141,37,566367,110077,72085,54171,0.8718555949816247,0.32981223515659247
2206,0.2249,36,115,36,566482,109962,72121,54135,0.870944747180332,0.3298963417978391
2207,0.225,38,120,38,566602,109842,72159,54097,0.8699942973007223,0.32998249348843167
2208,0.2251,34,104,34,566706,109738,72193,54063,0.8691705740717273,0.3300529300797919
2209,0.2252,29,108,29,566814,109630,72222,54034,0.8683151691800786,0.33015201877016326
2210,0.2253,24,99,24,566913,109531,72246,54010,0.8675310480294006,0.3302535755559768
2211,0.2254,26,106,26,567019,109425,72272,53984,0.8666914839690787,0.3303612408129295
2212,0.2255,33,119,33,567138,109306,72305,53951,0.8657489545051325,0.3304666874927262
2213,0.2256,36,93,36,567231,109213,72341,53915,0.8650123558484349,0.33050733166593105
2214,0.2257,27,116,27,567347,109097,72368,53888,0.8640935876314789,0.33063165321962146
2215,0.2258,35,122,35,567469,108975,72403,53853,0.8631272969205424,0.3307355000368487
2216,0.2259,40,122,40,567591,108853,72443,53813,0.8621610062096059,0.3308189787663064
2217,0.226,33,132,33,567723,108721,72476,53780,0.8611155113420352,0.330951809527326
2218,0.2261,26,108,26,567831,108613,72502,53754,0.8602601064503865,0.3310648099675427
2219,0.2262,24,109,24,567940,108504,72526,53730,0.8593967811430744,0.33118828359036945
2220,0.2263,33,107,33,568047,108397,72559,53697,0.8585492966670891,0.33127074413611857
2221,0.2264,36,117,36,568164,108280,72595,53661,0.8576226080344697,0.3313614217523666
2222,0.2265,24,124,24,568288,108156,72619,53637,0.8566404764922063,0.3315161966216091
2223,0.2266,20,117,20,568405,108039,72639,53617,0.8557137878595868,0.3316734299995051
2224,0.2267,36,103,36,568508,107936,72675,53581,0.8548979850462552,0.3317359782561588
2225,0.2268,25,103,25,568611,107833,72700,53556,0.8540821822329235,0.33184417773206354
2226,0.2269,17,128,17,568739,107705,72717,53539,0.8530683690280065,0.33203716107266007
2227,0.227,21,114,21,568853,107591,72738,53518,0.8521654416423774,0.3321850424246938
2228,0.2271,28,107,28,568960,107484,72766,53490,0.8513179571663921,0.332289686533229
2229,0.2272,25,116,25,569076,107368,72791,53465,0.8503991889494361,0.33242555943121127
2230,0.2273,41,124,41,569200,107244,72832,53424,0.8494170574071728,0.3325117633878557
2231,0.2274,49,118,49,569318,107126,72881,53375,0.8484824483588899,0.33255244515610494
2232,0.2275,39,113,39,569431,107013,72920,53336,0.8475874413889241,0.3326244628903205
2233,0.2276,32,128,32,569559,106885,72952,53304,0.846573628184007,0.3327569308754034
2234,0.2277,29,119,29,569678,106766,72981,53275,0.8456310987200608,0.3328834486162921
2235,0.2278,27,106,27,569784,106660,73008,53248,0.844791534659739,0.3329914700953048
2236,0.2279,31,114,31,569898,106546,73039,53217,0.8438886072741097,0.3330996538622835
2237,0.228,32,108,32,570006,106438,73071,53185,0.843033202382461,0.33319133207620455
2238,0.2281,33,97,33,570103,106341,73104,53152,0.8422649220631099,0.33325600496573515
2239,0.2282,34,98,34,570201,106243,73138,53118,0.8414887213280953,0.33331869152427507
2240,0.2283,40,108,40,570309,106135,73178,53078,0.8406333164364466,0.33337729959236995
2241,0.2284,40,113,40,570422,106022,73218,53038,0.8397383094664808,0.3334464981767886
2242,0.2285,36,107,36,570529,105915,73254,53002,0.8388908249904955,0.33352001359200084
2243,0.2286,25,117,25,570646,105798,73279,52977,0.837964136357876,0.3336608408124705
2244,0.2287,32,128,32,570774,105670,73311,52945,0.836950323152959,0.3337956687576837
2245,0.2288,35,89,35,570863,105581,73346,52910,0.8362454061589152,0.33383599068716835
2246,0.2289,31,108,31,570971,105473,73377,52879,0.8353900012672665,0.33393326260482975
2247,0.229,34,88,34,571059,105385,73411,52845,0.8346930046888861,0.3339758579283322
2248,0.2291,39,108,39,571167,105277,73450,52806,0.8338375997972374,0.33403971331515725
2249,0.2292,26,95,26,571262,105182,73476,52780,0.833085160309213,0.3341309935300895
2250,0.2293,34,105,34,571367,105077,73510,52746,0.8322535166645546,0.3342098426718539
2251,0.2294,27,118,27,571485,104959,73537,52719,0.8313189076162717,0.3343459455345705
2252,0.2295,25,99,25,571584,104860,73562,52694,0.8305347864655938,0.3344504106528555
2253,0.2296,28,117,28,571701,104743,73590,52666,0.8296080978329743,0.3345806148314264
2254,0.2297,33,120,33,571821,104623,73623,52633,0.8286576479533646,0.33469629139746654
2255,0.2298,32,106,32,571927,104517,73655,52601,0.8278180838930427,0.33478659351570156
2256,0.2299,36,110,36,572037,104407,73691,52565,0.8269468381700672,0.3348686389929414
2257,0.23,38,122,38,572159,104285,73729,52527,0.8259805474591306,0.334967987143841
2258,0.2301,30,114,30,572273,104171,73759,52497,0.8250776200735015,0.3350843822605765
2259,0.2302,32,122,32,572395,104049,73791,52465,0.8241113293625649,0.3352096298094739
2260,0.2303,30,111,30,572506,103938,73821,52435,0.823232163223926,0.3353200360676076
2261,0.2304,34,117,34,572623,103821,73855,52401,0.8223054745913065,0.3354265084303107
2262,0.2305,43,109,43,572732,103712,73898,52358,0.8214421492839944,0.33547767027615816
2263,0.2306,30,110,30,572842,103602,73928,52328,0.8205709035610189,0.33558648111332007
2264,0.2307,31,106,31,572948,103496,73959,52297,0.819731339500697,0.33568260448158777
2265,0.2308,25,85,25,573033,103411,73984,52272,0.8190581041693068,0.3357592029958313
2266,0.2309,25,104,25,573137,103307,74009,52247,0.8182343809403118,0.3358769301978734
2267,0.231,29,107,29,573244,103200,74038,52218,0.8173868964643265,0.3359842489286955
2268,0.2311,34,109,34,573353,103091,74072,52184,0.8165235711570143,0.33607470616647883
2269,0.2312,28,105,28,573458,102986,74100,52156,0.8156919275123559,0.33618233618233617
2270,0.2313,46,113,46,573571,102873,74146,52110,0.8147969205423901,0.33623042527244923
2271,0.2314,39,92,39,573663,102781,74185,52071,0.814068242301356,0.33626301242476686
2272,0.2315,30,106,30,573769,102675,74215,52041,0.8132286782410341,0.33636469402001085
2273,0.2316,30,112,30,573881,102563,74245,52011,0.8123415916867317,0.33647961494171075
2274,0.2317,46,129,46,574010,102434,74291,51965,0.8113198580661514,0.3365630606415845
2275,0.2318,35,95,35,574105,102339,74326,51930,0.810567418578127,0.33661980047838513
2276,0.2319,34,91,34,574196,102248,74360,51896,0.8098466607527564,0.33667220261573594
2277,0.232,25,95,25,574291,102153,74385,51871,0.809094221264732,0.3367721913468031
2278,0.2321,34,114,34,574405,102039,74419,51837,0.8081912938791028,0.336875146221633
2279,0.2322,30,116,30,574521,101923,74449,51807,0.8072725256621468,0.3369999349508879
2280,0.2323,39,115,39,574636,101808,74488,51768,0.8063616778608541,0.3370839193624004
2281,0.2324,26,105,26,574741,101703,74514,51742,0.8055300342161956,0.33720225487959854
2282,0.2325,35,94,35,574835,101609,74549,51707,0.8047855151438348,0.3372576899997391
2283,0.2326,29,86,29,574921,101523,74578,51678,0.8041043593967812,0.33732155795327706
2284,0.2327,25,125,25,575046,101398,74603,51653,0.8031143074388544,0.33748881091923605
2285,0.2328,45,109,45,575155,101289,74648,51608,0.8022509821315422,0.3375344185955251
2286,0.2329,34,89,34,575244,101200,74682,51574,0.8015460651374984,0.3375836202495189
2287,0.233,32,99,32,575343,101101,74714,51542,0.8007619439868204,0.3376636989576987
2288,0.2331,28,106,28,575449,100995,74742,51514,0.7999223799264985,0.3377767869437214
2289,0.2332,30,98,30,575547,100897,74772,51484,0.799146179191484,0.33786364441761113
2290,0.2333,32,109,32,575656,100788,74804,51452,0.7982828538841719,0.3379663688912244
2291,0.2334,25,111,25,575767,100677,74829,51427,0.7974036877455329,0.3381041918687214
2292,0.2335,32,107,32,575874,100570,74861,51395,0.7965562032695476,0.33820287566215906
2293,0.2336,42,124,42,575998,100446,74903,51353,0.7955740717272842,0.3382960362057721
2294,0.2337,34,109,34,576107,100337,74937,51319,0.7947107464199721,0.3383908318826819
2295,0.2338,33,101,33,576208,100236,74970,51286,0.7939107844379673,0.33847230105199244
2296,0.2339,32,107,32,576315,100129,75002,51254,0.793063299961982,0.3385717022386926
2297,0.234,27,100,27,576415,100029,75029,51227,0.7922712583956406,0.33867747395144654
2298,0.2341,29,98,29,576513,99931,75058,51198,0.791495057660626,0.3387701897054834
2299,0.2342,35,92,35,576605,99839,75093,51163,0.7907663794195919,0.3388233268433531
2300,0.2343,26,109,26,576714,99730,75119,51137,0.7899030541122798,0.3389541781834331
2301,0.2344,26,98,26,576812,99632,75145,51111,0.7891268533772653,0.3390605202231613
2302,0.2345,38,125,38,576937,99507,75183,51073,0.7881368014193385,0.3391751892681631
2303,0.2346,38,101,38,577038,99406,75221,51035,0.7873368394373337,0.3392359795534462
2304,0.2347,29,113,29,577151,99293,75250,51006,0.7864418324673679,0.3393635353528633
2305,0.2348,36,98,36,577249,99195,75286,50970,0.7856656317323533,0.33942663070622314
2306,0.2349,36,109,36,577358,99086,75322,50934,0.7848023064250412,0.3395147313691508
2307,0.235,31,104,31,577462,98982,75353,50903,0.7839785831960461,0.33961370383961037
2308,0.2351,38,109,38,577571,98873,75391,50865,0.783115257888734,0.33969333101817845
2309,0.2352,18,96,18,577667,98777,75409,50847,0.7823548979850462,0.3398318451585307
2310,0.2353,32,114,32,577781,98663,75441,50815,0.7814519705994171,0.33994969159341176
2311,0.2354,21,95,21,577876,98568,75462,50794,0.7806995311113927,0.3400731109653058
2312,0.2355,27,106,27,577982,98462,75489,50767,0.7798599670510709,0.34019527035629804
2313,0.2356,23,116,23,578098,98346,75512,50744,0.7789411988341148,0.3403581729156885
2314,0.2357,31,106,31,578204,98240,75543,50713,0.7781016347737929,0.3404630990983733
2315,0.2358,29,100,29,578304,98140,75572,50684,0.7773095932074515,0.34056334999731225
2316,0.2359,27,107,27,578411,98033,75599,50657,0.7764621087314663,0.34068868114869866
2317,0.236,33,106,33,578517,97927,75632,50624,0.7756225446711443,0.34078531951989555
2318,0.2361,36,105,36,578622,97822,75668,50588,0.7747909010264858,0.3408665184286773
2319,0.2362,30,98,30,578720,97724,75698,50558,0.7740147002914713,0.3409584440458046
2320,0.2363,33,107,33,578827,97617,75731,50525,0.773167215815486,0.341057903903012
2321,0.2364,33,97,33,578924,97520,75764,50492,0.7723989354961348,0.3411345026078967
2322,0.2365,19,119,19,579043,97401,75783,50473,0.7714564060321886,0.3413243707480693
2323,0.2366,32,103,32,579146,97298,75815,50441,0.770640603218857,0.34141966576191796
2324,0.2367,31,118,31,579264,97180,75846,50410,0.7697059941705741,0.34155430584727964
2325,0.2368,23,101,23,579365,97079,75869,50387,0.7689060321885692,0.34168554107387467
2326,0.2369,34,96,34,579461,96983,75903,50353,0.7681456722848815,0.34175625780528857
2327,0.237,27,92,27,579553,96891,75930,50326,0.7674169940438474,0.3418491071004028
2328,0.2371,32,102,32,579655,96789,75962,50294,0.7666091116461792,0.34194298457333616
2329,0.2372,41,88,41,579743,96701,76003,50253,0.7659121150677988,0.3419641520475795
2330,0.2373,28,90,28,579833,96611,76031,50225,0.7651992776580915,0.342048271541039
2331,0.2374,36,94,36,579927,96517,76067,50189,0.7644547585857305,0.34210598066882064
2332,0.2375,35,88,35,580015,96429,76102,50154,0.7637577620073501,0.34215427437015206
2333,0.2376,31,95,31,580110,96334,76133,50123,0.7630053225193258,0.34223697057839503
2334,0.2377,28,95,28,580205,96239,76161,50095,0.7622528830313015,0.3423332923312422
2335,0.2378,33,130,33,580335,96109,76194,50062,0.7612232289950577,0.34248927625862857
2336,0.2379,25,114,25,580449,95995,76219,50037,0.7603203016094284,0.3426440780102991
2337,0.238,34,86,34,580535,95909,76253,50003,0.7596391458623749,0.3426928559679807
2338,0.2381,23,105,23,580640,95804,76276,49980,0.7588075022177164,0.3428359765131976
2339,0.2382,34,104,34,580744,95700,76310,49946,0.7579837789887214,0.34292737184680666
2340,0.2383,41,116,41,580860,95584,76351,49905,0.7570650107717654,0.3430156231742606
2341,0.2384,30,110,30,580970,95474,76381,49875,0.7561937650487898,0.34313961568363044
2342,0.2385,30,96,30,581066,95378,76411,49845,0.755433405145102,0.34323075545884607
2343,0.2386,34,100,34,581166,95278,76445,49811,0.7546413635787607,0.34331341452487785
2344,0.2387,19,86,19,581252,95192,76464,49792,0.753960207831707,0.34343099928267945
2345,0.2388,33,114,33,581366,95078,76497,49759,0.7530572804460778,0.3435517167574584
2346,0.2389,28,90,28,581456,94988,76525,49731,0.7523444430363706,0.34363836123798536
2347,0.239,27,97,27,581553,94891,76552,49704,0.7515761627170194,0.3437463259448805
2348,0.2391,38,100,38,581653,94791,76590,49666,0.7507841211506779,0.34381165329475205
2349,0.2392,36,107,36,581760,94684,76626,49630,0.7499366366746927,0.3439028784456116
2350,0.2393,25,92,25,581852,94592,76651,49605,0.7492079584336586,0.34400854386707075
2351,0.2394,36,94,36,581946,94498,76687,49569,0.7484634393612977,0.3440690789702014
2352,0.2395,28,85,28,582031,94413,76715,49541,0.7477902040299075,0.3441446573210887
2353,0.2396,32,97,32,582128,94316,76747,49509,0.7470219237105563,0.3442308360855206
2354,0.2397,34,102,34,582230,94214,76781,49475,0.7462140413128882,0.34432002449735194
2355,0.2398,27,78,27,582308,94136,76808,49448,0.7455962488911418,0.34438377535101405
2356,0.2399,27,96,27,582404,94040,76835,49421,0.744835888987454,0.34449083723102447
2357,0.24,39,109,39,582513,93931,76874,49382,0.743972563680142,0.34457446288892146
2358,0.2401,27,89,27,582602,93842,76901,49355,0.7432676466860981,0.3446650418654022
2359,0.2402,23,96,23,582698,93746,76924,49332,0.7425072867824103,0.34479095318637387
2360,0.2403,23,103,23,582801,93643,76947,49309,0.7416914839690787,0.3449339638480049
2361,0.2404,25,104,25,582905,93539,76972,49284,0.7408677607400836,0.3450704718427704
2362,0.2405,33,85,33,582990,93454,77005,49251,0.7401945254086935,0.34512455765390143
2363,0.2406,34,100,34,583090,93354,77039,49217,0.7394024838423521,0.34521045654445853
2364,0.2407,31,90,31,583180,93264,77070,49186,0.7386896464326448,0.3452860652860653
2365,0.2408,32,89,32,583269,93175,77102,49154,0.7379847294386009,0.34535477660912395
2366,0.2409,31,91,31,583360,93084,77133,49123,0.7372639716132303,0.3454330658828328
2367,0.241,27,89,27,583449,92995,77160,49096,0.7365590546191864,0.3455250508476962
2368,0.2411,28,92,28,583541,92903,77188,49068,0.7358303763781523,0.3456198801163618
2369,0.2412,31,74,31,583615,92829,77219,49037,0.7352442656190596,0.3456571694415857
2370,0.2413,26,102,26,583717,92727,77245,49011,0.7344363832213915,0.3457858866359057
2371,0.2414,19,75,19,583792,92652,77264,48992,0.7338423520466354,0.345881223348677
2372,0.2415,21,97,21,583889,92555,77285,48971,0.7330740717272842,0.34602122578183514
2373,0.2416,32,117,32,584006,92438,77317,48939,0.7321473830946648,0.34615955919279656
2374,0.2417,24,81,24,584087,92357,77341,48915,0.7315058294259282,0.3462469562262869
2375,0.2418,21,109,21,584196,92248,77362,48894,0.7306425041186162,0.3464170835045557
2376,0.2419,26,102,26,584298,92146,77388,48868,0.7298346217209479,0.3465471513466748
2377,0.242,31,92,31,584390,92054,77419,48837,0.7291059434799139,0.3466296640665479
2378,0.2421,28,77,28,584467,91977,77447,48809,0.728496071473831,0.34668930149304616
2379,0.2422,23,105,23,584572,91872,77470,48786,0.7276644278291725,0.34684127458089836
2380,0.2423,24,82,24,584654,91790,77494,48762,0.7270149537447725,0.34693209630599353
2381,0.2424,25,83,25,584737,91707,77519,48737,0.7263575592447091,0.3470208766483438
2382,0.2425,26,97,26,584834,91610,77545,48711,0.725589278925358,0.3471397723790452
2383,0.2426,38,118,38,584952,91492,77583,48673,0.7246546698770752,0.34725502086826243
2384,0.2427,25,100,25,585052,91392,77608,48648,0.7238626283107338,0.3473864610111397
2385,0.2428,28,101,28,585153,91291,77636,48620,0.723062666328729,0.3475066292142862
2386,0.2429,27,95,27,585248,91196,77663,48593,0.7223102268407046,0.3476167652676534
2387,0.243,41,101,41,585349,91095,77704,48552,0.7215102648586997,0.347676641818299
2388,0.2431,21,89,21,585438,91006,77725,48531,0.7208053478646559,0.34780022502992036
2389,0.2432,21,91,21,585529,90915,77746,48510,0.7200845900392853,0.3479289940828402
2390,0.2433,26,78,26,585607,90837,77772,48484,0.719466797617539,0.3480020958793003
2391,0.2434,29,82,29,585689,90755,77801,48455,0.718817323533139,0.3480712592486172
2392,0.2435,26,74,26,585763,90681,77827,48429,0.7182312127740463,0.34813456976493423
2393,0.2436,33,89,33,585852,90592,77860,48396,0.7175262957800025,0.3482027225371975
2394,0.2437,27,76,27,585928,90516,77887,48369,0.7169243441895831,0.348266551463441
2395,0.2438,26,83,26,586011,90433,77913,48343,0.7162669496895198,0.34835274110797254
2396,0.2439,31,86,31,586097,90347,77944,48312,0.7155857939424661,0.3484231099315587
2397,0.244,30,86,30,586183,90261,77974,48282,0.7149046381954125,0.3484983001667352
2398,0.2441,23,91,23,586274,90170,77997,48259,0.7141838803700418,0.34861914772193686
2399,0.2442,31,79,31,586353,90091,78028,48228,0.7135581675326321,0.3486722720667443
2400,0.2443,27,82,27,586435,90009,78055,48201,0.7129086934482322,0.3487518992836987
2401,0.2444,35,103,35,586538,89906,78090,48166,0.7120928906349006,0.34884697838808737
2402,0.2445,26,92,26,586630,89814,78116,48140,0.7113642123938664,0.34895689867637036
2403,0.2446,20,89,20,586719,89725,78136,48120,0.7106592953998225,0.34908774347999566
2404,0.2447,26,103,26,586822,89622,78162,48094,0.7098434925864909,0.34922594324551975
2405,0.2448,37,94,37,586916,89528,78199,48057,0.70909897351413,0.3492895301086601
2406,0.2449,37,80,37,586996,89448,78236,48020,0.7084653402610569,0.3493176593825472
2407,0.245,33,84,33,587080,89364,78269,47987,0.7078000253453302,0.34937495904653043
2408,0.2451,40,89,40,587169,89275,78309,47947,0.7070951083512863,0.34941190188162247
2409,0.2452,25,75,25,587244,89200,78334,47922,0.7065010771765302,0.34948440075261444
2410,0.2453,21,99,21,587343,89101,78355,47901,0.7057169560258523,0.3496372315732617
2411,0.2454,37,82,37,587425,89019,78392,47864,0.7050674819414523,0.34967088681574776
2412,0.2455,31,92,31,587517,88927,78423,47833,0.7043388037004182,0.34975870137467097
2413,0.2456,35,103,35,587620,88824,78458,47798,0.7035230008870865,0.3498558065318909
2414,0.2457,25,89,25,587709,88735,78483,47773,0.7028180838930427,0.3499648372256571
2415,0.2458,28,85,28,587794,88650,78511,47745,0.7021448485616525,0.3500494886176179
2416,0.2459,30,90,30,587884,88560,78541,47715,0.7014320111519452,0.35013758943313156
2417,0.246,32,96,32,587980,88464,78573,47683,0.7006716512482575,0.3502317348160444
2418,0.2461,21,96,21,588076,88368,78594,47662,0.6999112913445698,0.35037859295743584
2419,0.2462,26,82,26,588158,88286,78620,47636,0.6992618172601698,0.350465708273863
2420,0.2463,25,92,25,588250,88194,78645,47611,0.6985331390191357,0.35058355730643204
2421,0.2464,28,97,28,588347,88097,78673,47583,0.6977648586997846,0.35070017688679245
2422,0.2465,25,89,25,588436,88008,78698,47558,0.6970599417057407,0.35081067524305504
2423,0.2466,32,90,32,588526,87918,78730,47526,0.6963471042960334,0.3508904048905821
2424,0.2467,30,97,30,588623,87821,78760,47496,0.6955788239766822,0.35099802685545795
2425,0.2468,25,81,25,588704,87740,78785,47471,0.6949372703079457,0.3510882990289252
2426,0.2469,36,96,36,588800,87644,78821,47435,0.694176910404258,0.35116487388861334
2427,0.247,25,88,25,588888,87556,78846,47410,0.6934799138258776,0.3512736541054784
2428,0.2471,22,72,22,588960,87484,78868,47388,0.6929096438981118,0.35135535915534727
2429,0.2472,27,90,27,589050,87394,78895,47361,0.6921968064884045,0.3514600571407369
2430,0.2473,34,101,34,589151,87293,78929,47327,0.6913968445063997,0.35155994651611944
2431,0.2474,34,69,34,589220,87224,78963,47293,0.6908503358256242,0.3515763806805088
2432,0.2475,34,83,34,589303,87141,78997,47259,0.6901929413255607,0.3516294642857143
2433,0.2476,28,80,28,589383,87061,79025,47231,0.6895593080724877,0.3517037500372323
2434,0.2477,38,103,38,589486,86958,79063,47193,0.688743505259156,0.35179014692398863
2435,0.2478,28,96,28,589582,86862,79091,47165,0.6879831453554682,0.35190670536533686
2436,0.2479,31,88,31,589670,86774,79122,47134,0.6872861487770878,0.35198793201302386
2437,0.248,26,79,26,589749,86695,79148,47108,0.6866604359396781,0.3520698340097008
2438,0.2481,25,99,25,589848,86596,79173,47083,0.6858763147890001,0.35220939713791993
2439,0.2482,29,65,29,589913,86531,79202,47054,0.6853614877708782,0.3522401467230602
2440,0.2483,29,84,29,589997,86447,79231,47025,0.6846961728551514,0.3523210860704867
2441,0.2484,27,89,27,590086,86358,79258,46998,0.6839912558611075,0.352425087735085
2442,0.2485,33,83,33,590169,86275,79291,46965,0.6833338613610442,0.3524842389672771
2443,0.2486,30,100,30,590269,86175,79321,46935,0.6825418197947029,0.35260311020960106
2444,0.2487,34,89,34,590358,86086,79355,46901,0.681836902800659,0.3526735695970283
2445,0.2488,34,97,34,590455,85989,79389,46867,0.6810686224813078,0.35276540013247426
2446,0.2489,34,71,34,590526,85918,79423,46833,0.6805062729692054,0.3527883029129724
2447,0.249,22,87,22,590613,85831,79445,46811,0.6798171968064884,0.3529123505375371
2448,0.2491,30,70,30,590683,85761,79475,46781,0.6792627677100495,0.3529522717327338
2449,0.2492,26,85,26,590768,85676,79501,46755,0.6785895323786593,0.3530517779069855
2450,0.2493,26,94,26,590862,85582,79527,46729,0.6778450133062983,0.35317547293875795
2451,0.2494,37,91,37,590953,85491,79564,46692,0.6771242554809276,0.3532375570232178
2452,0.2495,22,93,22,591046,85398,79586,46670,0.6763876568242302,0.3533785625586819
2453,0.2496,28,101,28,591147,85297,79614,46642,0.6755876948422254,0.3535118501731861
2454,0.2497,18,76,18,591223,85221,79632,46624,0.6749857432518058,0.35362736546702567
2455,0.2498,29,82,29,591305,85139,79661,46595,0.6743362691674059,0.3537051937996265
2456,0.2499,39,95,39,591400,85044,79700,46556,0.6735838296793816,0.3537689969604863
2457,0.25,31,66,31,591466,84978,79731,46525,0.6730610822455962,0.3537942100180224
2458,0.2501,31,82,31,591548,84896,79762,46494,0.6724116081611963,0.35386254661694194
2459,0.2502,28,73,28,591621,84823,79790,46466,0.6718334178177671,0.3539215014205303
2460,0.2503,24,78,24,591699,84745,79814,46442,0.6712156253960208,0.35401373611714576
2461,0.2504,22,83,22,591782,84662,79836,46420,0.6705582308959575,0.3541294762057338
2462,0.2505,39,88,39,591870,84574,79875,46381,0.6698612343175769,0.3541750983162155
2463,0.2506,24,66,24,591936,84508,79899,46357,0.6693384868837917,0.3542352806327131
2464,0.2507,28,87,28,592023,84421,79927,46329,0.6686494107210746,0.3543326959847036
2465,0.2508,24,64,24,592087,84357,79951,46305,0.6681425041186162,0.3543876567020251
2466,0.2509,32,66,32,592153,84291,79983,46273,0.6676197566848309,0.3544085659140345
2467,0.251,31,93,31,592246,84198,80014,46242,0.6668831580281334,0.3545078196872125
2468,0.2511,20,81,20,592327,84117,80034,46222,0.6662416043593968,0.3546290826230062
2469,0.2512,34,82,34,592409,84035,80068,46188,0.6655921302749969,0.35468388840680987
2470,0.2513,26,87,26,592496,83948,80094,46162,0.6649030541122798,0.3547920989931596
2471,0.2514,31,77,31,592573,83871,80125,46131,0.6642931821061969,0.3548483869478931
2472,0.2515,20,93,20,592666,83778,80145,46111,0.6635565834494994,0.3550031180469478
2473,0.2516,23,95,23,592761,83683,80168,46088,0.6628041439614751,0.35514868499125385
2474,0.2517,23,74,23,592835,83609,80191,46065,0.6622180332023825,0.3552369788855129
2475,0.2518,30,97,30,592932,83512,80221,46035,0.6614497528830313,0.3553536554300756
2476,0.2519,33,72,33,593004,83440,80254,46002,0.6608794829552654,0.35538696868095365
2477,0.252,27,89,27,593093,83351,80281,45975,0.6601745659612216,0.35549696116790125
2478,0.2521,26,71,26,593164,83280,80307,45949,0.6596122164491193,0.35556260591662864
2479,0.2522,29,84,29,593248,83196,80336,45920,0.6589469015333925,0.3556491836797918
2480,0.2523,24,86,24,593334,83110,80360,45896,0.6582657457863389,0.355766398462087
2481,0.2524,29,87,29,593421,83023,80389,45867,0.6575766696236218,0.3558615874001086
2482,0.2525,22,76,22,593497,82947,80411,45845,0.6569747180332024,0.35596155040685756
2483,0.2526,22,78,22,593575,82869,80433,45823,0.6563569256114561,0.35606719920430174
2484,0.2527,36,89,36,593664,82780,80469,45787,0.6556520086174122,0.35613337792746197
2485,0.2528,25,79,25,593743,82701,80494,45762,0.6550262957800025,0.3562270848415497
2486,0.2529,31,82,31,593825,82619,80525,45731,0.6543768216956026,0.3562991819244254
2487,0.253,25,88,25,593913,82531,80550,45706,0.6536798251172221,0.356418194436863
2488,0.2531,32,92,32,594005,82439,80582,45674,0.652951146876188,0.3565133905224294
2489,0.2532,18,78,18,594083,82361,80600,45656,0.6523333544544417,0.3566401337322387
2490,0.2533,23,68,23,594151,82293,80623,45633,0.6517947661893296,0.3567140378031049
2491,0.2534,32,86,32,594237,82207,80655,45601,0.651113610442276,0.3567930020030045
2492,0.2535,25,87,25,594324,82120,80680,45576,0.650424534279559,0.35691016163388045
2493,0.2536,26,77,26,594401,82043,80706,45550,0.6498146622734761,0.35699450596819576
2494,0.2537,30,91,30,594492,81952,80736,45520,0.6490939044481054,0.35709802937115603
2495,0.2538,23,92,23,594584,81860,80759,45497,0.6483652262070714,0.3572398847334658
2496,0.2539,28,88,28,594672,81772,80787,45469,0.6476682296286909,0.35734550970206147
2497,0.254,30,94,30,594766,81678,80817,45439,0.64692371055633,0.3574580897912946
2498,0.2541,21,75,21,594841,81603,80838,45418,0.6463296793815739,0.3575629226663308
2499,0.2542,27,82,27,594923,81521,80865,45391,0.645680205297174,0.3576572743318205
2500,0.2543,23,82,23,595005,81439,80888,45368,0.6450307312127741,0.3577720472844559
2501,0.2544,24,81,24,595086,81358,80912,45344,0.6443891775440375,0.35787911793026156
2502,0.2545,24,85,24,595171,81273,80936,45320,0.6437159422126473,0.3579976775967076
2503,0.2546,29,103,29,595274,81170,80965,45291,0.6429001393993157,0.35814203588458104
2504,0.2547,25,96,25,595370,81074,80990,45266,0.642139779495628,0.35828716162735474
2505,0.2548,30,68,30,595438,81006,81020,45236,0.6416011912305157,0.3583276564059505
2506,0.2549,24,74,24,595512,80932,81044,45212,0.6410150804714232,0.35841577879249115
2507,0.255,22,78,22,595590,80854,81066,45190,0.6403972880496769,0.35852559423693314
2508,0.2551,25,84,25,595674,80770,81091,45165,0.63973197313395,0.35863739230555447
2509,0.2552,23,85,23,595759,80685,81114,45142,0.6390587378025598,0.3587624277778219
2510,0.2553,37,81,37,595840,80604,81151,45105,0.6384171841338233,0.3588048588406558
2511,0.2554,28,97,28,595937,80507,81179,45077,0.6376489038144721,0.3589390368199771
2512,0.2555,30,90,30,596027,80417,81209,45047,0.636936066404765,0.35904323152458073
2513,0.2556,30,76,30,596103,80341,81239,45017,0.6363341148143454,0.3591075160739642
2514,0.2557,26,74,26,596177,80267,81265,44991,0.6357480040552528,0.3591866387775631
2515,0.2558,23,74,23,596251,80193,81288,44968,0.6351618932961601,0.35928124575546694
2516,0.2559,29,72,29,596323,80121,81317,44939,0.6345916233683944,0.3593395170318247
2517,0.256,28,91,28,596414,80030,81345,44911,0.6338708655430237,0.35945766401741625
2518,0.2561,30,74,30,596488,79956,81375,44881,0.6332847547839311,0.35951680992013585
2519,0.2562,28,75,28,596563,79881,81403,44853,0.632690723609175,0.35958920583000625
2520,0.2563,24,82,24,596645,79799,81427,44829,0.632041249524775,0.3597024745643034
2521,0.2564,25,75,25,596720,79724,81452,44804,0.631447218350019,0.3597905691892586
2522,0.2565,22,73,22,596793,79651,81474,44782,0.6308690280065898,0.3598884540274686
2523,0.2566,39,77,39,596870,79574,81513,44743,0.6302591560005069,0.35991055125204113
2524,0.2567,23,75,23,596945,79499,81536,44720,0.6296651248257509,0.3600093383459857
2525,0.2568,28,84,28,597029,79415,81564,44692,0.6289998099100241,0.3601086159523637
2526,0.2569,16,72,16,597101,79343,81580,44676,0.6284295399822583,0.3602351252630645
2527,0.257,23,77,23,597178,79266,81603,44653,0.6278196679761754,0.3603402222419484
2528,0.2571,22,80,22,597258,79186,81625,44631,0.6271860347231023,0.36045938764466917
2529,0.2572,22,85,22,597343,79101,81647,44609,0.6265127993917121,0.3605933230943335
2530,0.2573,37,94,37,597437,79007,81684,44572,0.6257682803193512,0.36067616666262065
2531,0.2574,26,89,26,597526,78918,81710,44546,0.6250633633253073,0.36080152919069525
2532,0.2575,24,88,24,597614,78830,81734,44522,0.6243663667469269,0.36093456125559376
2533,0.2576,23,80,23,597694,78750,81757,44499,0.6237327334938537,0.36104958255239394
2534,0.2577,16,77,16,597771,78673,81773,44483,0.6231228614877709,0.36119230894150506
2535,0.2578,24,67,24,597838,78606,81797,44459,0.6225921936383222,0.36126437248608456
2536,0.2579,37,93,37,597931,78513,81834,44422,0.6218555949816247,0.3613454264448692
2537,0.258,24,78,24,598009,78435,81858,44398,0.6212378025598784,0.36145009891478674
2538,0.2581,26,85,26,598094,78350,81884,44372,0.6205645672284882,0.3615651635403595
2539,0.2582,23,73,23,598167,78277,81907,44349,0.619986376885059,0.3616606592402916
2540,0.2583,24,82,24,598249,78195,81931,44325,0.619336902800659,0.36177766895200786
2541,0.2584,22,72,22,598321,78123,81953,44303,0.6187666328728931,0.3618757453482103
2542,0.2585,27,86,27,598407,78037,81980,44276,0.6180854771258396,0.36198932247594284
2543,0.2586,17,75,17,598482,77962,81997,44259,0.6174914459510835,0.3621227121362123
2544,0.2587,26,70,26,598552,77892,82023,44233,0.6169370168546445,0.3621944728761515
2545,0.2588,26,64,26,598616,77828,82049,44207,0.6164301102521861,0.3622485352562789
2546,0.2589,20,90,20,598706,77738,82069,44187,0.6157172728424788,0.3624113184334632
2547,0.259,23,77,23,598783,77661,82092,44164,0.6151074008363959,0.3625200082084958
2548,0.2591,29,60,29,598843,77601,82121,44135,0.614632175896591,0.362546822632582
2549,0.2592,30,77,30,598920,77524,82151,44105,0.6140223038905082,0.3626191122183032
2550,0.2593,28,86,28,599006,77438,82179,44077,0.6133411481434545,0.36272888120808133
2551,0.2594,23,77,23,599083,77361,82202,44054,0.6127312761373717,0.3628381995634806
2552,0.2595,27,67,27,599150,77294,82229,44027,0.612200608287923,0.3628967779691892
2553,0.2596,26,88,26,599238,77206,82255,44001,0.6115036117095425,0.3630235877465823
2554,0.2597,37,76,37,599314,77130,82292,43964,0.6109016601191231,0.3630567988504798
2555,0.2598,23,74,23,599388,77056,82315,43941,0.6103155493600304,0.3631577642420886
2556,0.2599,24,77,24,599465,76979,82339,43917,0.6097056773539475,0.36326263896241395
2557,0.26,32,85,32,599550,76894,82371,43885,0.6090324420225574,0.3633495889186034
2558,0.2601,36,68,36,599618,76826,82407,43849,0.6084938537574451,0.36336440853532215
2559,0.2602,22,69,22,599687,76757,82429,43827,0.6079473450766696,0.3634561799243681
2560,0.2603,17,73,17,599760,76684,82446,43810,0.6073691547332404,0.36358656862582367
2561,0.2604,18,77,18,599837,76607,82464,43792,0.6067592827271575,0.36372395119560796
2562,0.2605,28,61,28,599898,76546,82492,43764,0.6062761373716893,0.3637602859280193
2563,0.2606,25,81,25,599979,76465,82517,43739,0.6056345837029528,0.36387308242654154
2564,0.2607,27,72,27,600051,76393,82544,43712,0.6050643137751869,0.36394821198118316
2565,0.2608,23,83,23,600134,76310,82567,43689,0.6044069192751236,0.36407803398361654
2566,0.2609,23,60,23,600194,76250,82590,43666,0.6039316943353187,0.36413823009439944
2567,0.261,25,68,25,600262,76182,82615,43641,0.6033931060702066,0.36421221301419593
2568,0.2611,36,83,36,600345,76099,82651,43605,0.6027357115701432,0.36427354140212526
2569,0.2612,27,63,27,600408,76036,82678,43578,0.6022367253833482,0.3643219021184811
2570,0.2613,30,67,30,600475,75969,82708,43548,0.6017060575338994,0.3643665754662517
2571,0.2614,24,74,24,600549,75895,82732,43524,0.6011199467748067,0.3644646161833544
2572,0.2615,28,71,28,600620,75824,82760,43496,0.6005575972627043,0.36453234998323836
2573,0.2616,30,61,30,600681,75763,82790,43466,0.6000744519072361,0.3645589579716344
2574,0.2617,28,65,28,600746,75698,82818,43438,0.5995596248891142,0.36460851463873223
2575,0.2618,29,83,29,600829,75615,82847,43409,0.5989022303890508,0.3647079580588789
2576,0.2619,29,81,29,600910,75534,82876,43380,0.5982606767203142,0.3648014531510167
2577,0.262,27,72,27,600982,75462,82903,43353,0.5976904067925485,0.3648781719479864
2578,0.2621,15,88,15,601070,75374,82918,43338,0.5969934102141681,0.3650684008356358
2579,0.2622,28,87,28,601157,75287,82946,43310,0.596304334051451,0.3651863031948532
2580,0.2623,27,70,27,601227,75217,82973,43283,0.595749904955012,0.36525738396624474
2581,0.2624,28,60,28,601287,75157,83001,43255,0.5952746800152072,0.36529236901665374
2582,0.2625,23,97,23,601384,75060,83024,43232,0.5945063996958561,0.3654685016738241
2583,0.2626,24,86,24,601470,74974,83048,43208,0.5938252439488024,0.3656055913760133
2584,0.2627,27,84,27,601554,74890,83075,43181,0.5931599290330757,0.36572062572519926
2585,0.2628,21,65,21,601619,74825,83096,43160,0.5926451020149538,0.36580921303555536
2586,0.2629,31,69,31,601688,74756,83127,43129,0.5920985933341781,0.36585655511727533
2587,0.263,23,80,23,601768,74676,83150,43106,0.591464960081105,0.3659812195411863
2588,0.2631,21,71,21,601839,74605,83171,43085,0.5909026105690026,0.3660888775596907
2589,0.2632,28,64,28,601903,74541,83199,43057,0.5903957039665442,0.36613717920372796
2590,0.2633,23,74,23,601977,74467,83222,43034,0.5898095932074515,0.3662436915430507
2591,0.2634,24,75,24,602052,74392,83246,43010,0.5892155620326954,0.3663481030987547
2592,0.2635,24,77,24,602129,74315,83270,42986,0.5886056900266126,0.36645893896897724
2593,0.2636,27,78,27,602207,74237,83297,42959,0.5879878976048662,0.3665568790743711
2594,0.2637,23,75,23,602282,74162,83320,42936,0.5873938664301103,0.36666723599036705
2595,0.2638,20,68,20,602350,74094,83340,42916,0.586855278164998,0.36677207076318263
2596,0.2639,24,96,24,602446,73998,83364,42892,0.5860949182613103,0.36694328000684406
2597,0.264,20,91,20,602537,73907,83384,42872,0.5853741604359397,0.3671208008289162
2598,0.2641,31,81,31,602618,73826,83415,42841,0.5847326067672032,0.3672075222642221
2599,0.2642,24,87,24,602705,73739,83439,42817,0.5840435306044861,0.367351316105563
2600,0.2643,18,69,18,602774,73670,83457,42799,0.5834970219237106,0.36747117258669687
2601,0.2644,22,68,22,602842,73602,83479,42777,0.5829584336585985,0.3675663135101694
2602,0.2645,27,85,27,602927,73517,83506,42750,0.5822851983272083,0.36768816603163407
2603,0.2646,29,79,29,603006,73438,83535,42721,0.5816594854897985,0.3677803700100724
2604,0.2647,18,72,18,603078,73366,83553,42703,0.5810892155620327,0.3679104670497721
2605,0.2648,26,66,26,603144,73300,83579,42677,0.5805664681282474,0.3679781335954543
2606,0.2649,29,74,29,603218,73226,83608,42648,0.5799803573691548,0.3680549562455771
2607,0.265,30,76,30,603294,73150,83638,42618,0.5793784057787352,0.36813281735885567
2608,0.2651,32,76,32,603370,73074,83670,42586,0.5787764541883158,0.36819989624762234
2609,0.2652,26,83,26,603453,72991,83696,42560,0.5781190596882524,0.36832221270261617
2610,0.2653,20,60,20,603513,72931,83716,42540,0.5776438347484476,0.3684041880645357
2611,0.2654,20,75,20,603588,72856,83736,42520,0.5770498035736915,0.3685341838857301
2612,0.2655,25,68,25,603656,72788,83761,42495,0.5765112153085794,0.36861462661450517
2613,0.2656,20,77,20,603733,72711,83781,42475,0.5759013433024965,0.3687514107617245
2614,0.2657,28,72,28,603805,72639,83809,42447,0.5753310733747307,0.368828528231062
2615,0.2658,23,78,23,603883,72561,83832,42424,0.5747132809529845,0.3689524720615732
2616,0.2659,31,66,31,603949,72495,83863,42393,0.5741905335191991,0.36899415082515147
2617,0.266,23,74,23,604023,72421,83886,42370,0.5736044227601065,0.36910559190180414
2618,0.2661,30,88,30,604111,72333,83916,42340,0.572907426181726,0.3692237928719053
2619,0.2662,24,67,24,604178,72266,83940,42316,0.5723767583322773,0.36930757012445237
2620,0.2663,27,70,27,604248,72196,83967,42289,0.5718223292358383,0.36938463554177403
2621,0.2664,23,71,23,604319,72125,83990,42266,0.5712599797237359,0.3694871099999126
2622,0.2665,32,87,32,604406,72038,84022,42234,0.5705709035610189,0.36959185102212266
2623,0.2666,24,74,24,604480,71964,84046,42210,0.5699847928019263,0.3696988806558411
2624,0.2667,34,78,34,604558,71886,84080,42176,0.56936700038018,0.3697638126632884
2625,0.2668,18,69,18,604627,71817,84098,42158,0.5688204916994044,0.36988813336257953
2626,0.2669,32,82,32,604709,71735,84130,42126,0.5681710176150044,0.36997742861910576
2627,0.267,27,70,27,604779,71665,84157,42099,0.5676165885185654,0.370055553602194
2628,0.2671,21,73,21,604852,71592,84178,42078,0.5670383981751362,0.37017682765901294
2629,0.2672,26,69,26,604921,71523,84204,42052,0.5664918894943607,0.3702575390710984
2630,0.2673,29,73,29,604994,71450,84233,42023,0.5659136991509315,0.37033479329884644
2631,0.2674,22,65,22,605059,71385,84255,42001,0.5653988721328095,0.37042492018414974
2632,0.2675,18,67,18,605126,71318,84273,41983,0.5648682042833608,0.3705439493031836
2633,0.2676,24,67,24,605193,71251,84297,41959,0.564337536433912,0.37062980302093457
2634,0.2677,23,77,23,605270,71174,84320,41936,0.5637276644278292,0.3707541331447264
2635,0.2678,21,67,21,605337,71107,84341,41915,0.5631969965783804,0.3708570012917839
2636,0.2679,28,71,28,605408,71036,84369,41887,0.5626346470662781,0.3709341763856787
2637,0.268,27,77,27,605485,70959,84396,41860,0.5620247750601952,0.3710367934479121
2638,0.2681,29,60,29,605545,70899,84425,41831,0.5615495501203903,0.3710724740530471
2639,0.2682,25,66,25,605611,70833,84450,41806,0.561026802686605,0.3711503120588784
2640,0.2683,18,78,18,605689,70755,84468,41788,0.5604090102648587,0.37130696711479166
2641,0.2684,28,53,28,605742,70702,84496,41760,0.5599892282346978,0.37132542547705005
2642,0.2685,20,75,20,605817,70627,84516,41740,0.5593951970599417,0.37146137211102903
2643,0.2686,23,66,23,605883,70561,84539,41717,0.5588724496261563,0.3715509716952564
2644,0.2687,30,64,30,605947,70497,84569,41687,0.5583655430236979,0.3715948798402624
2645,0.2688,26,69,26,606016,70428,84595,41661,0.5578190343429223,0.3716778631266226
2646,0.2689,24,60,24,606076,70368,84619,41637,0.5573438094031175,0.37174233293156556
2647,0.269,23,61,23,606137,70307,84642,41614,0.5568606640476492,0.371815834383181
2648,0.2691,19,51,19,606188,70256,84661,41595,0.5564567228488151,0.37187866000303976
2649,0.2692,22,65,22,606253,70191,84683,41573,0.5559418958306932,0.371971296660821
2650,0.2693,16,67,16,606320,70124,84699,41557,0.5554112279812444,0.37210447614186837
2651,0.2694,18,71,18,606391,70053,84717,41539,0.5548488784691421,0.3722399455158076
2652,0.2695,36,64,36,606455,69989,84753,41503,0.5543419718666835,0.37225092383310016
2653,0.2696,12,70,12,606525,69919,84765,41491,0.5537875427702446,0.37241719773808457
2654,0.2697,18,69,18,606594,69850,84783,41473,0.553241034089469,0.37254655372205203
2655,0.2698,24,70,24,606664,69780,84807,41449,0.55268660499303,0.3726456229940034
2656,0.2699,29,61,29,606725,69719,84836,41420,0.5522034596375618,0.3726864556996194
2657,0.27,30,76,30,606801,69643,84866,41390,0.5516015080471424,0.3727720587573064
2658,0.2701,27,60,27,606861,69583,84893,41363,0.5511262831073375,0.37282101202386747
2659,0.2702,19,74,19,606935,69509,84912,41344,0.5505401723482448,0.3729623916357699
2660,0.2703,25,71,25,607006,69438,84937,41319,0.5499778228361425,0.3730599420352664
2661,0.2704,29,57,29,607063,69381,84966,41290,0.5495263591433278,0.37308780077888515
2662,0.2705,26,52,26,607115,69329,84992,41264,0.5491144975288303,0.37311583915799373
2663,0.2706,19,63,19,607178,69266,85011,41245,0.5486155113420352,0.3732207653536752
2664,0.2707,21,72,21,607250,69194,85032,41224,0.5480452414142695,0.3733449256461809
2665,0.2708,24,74,24,607324,69120,85056,41200,0.5474591306551768,0.3734590282813633
2666,0.2709,23,60,23,607384,69060,85079,41177,0.5469839057153719,0.37353157288387745
2667,0.271,26,77,26,607461,68983,85105,41151,0.546374033709289,0.37364483265839793
2668,0.2711,17,60,17,607521,68923,85122,41134,0.5458988087694843,0.37375178316690444
2669,0.2712,19,68,19,607589,68855,85141,41115,0.545360220504372,0.37387469309811766
2670,0.2713,21,62,21,607651,68793,85162,41094,0.5448691547332404,0.3739659832373256
2671,0.2714,20,56,20,607707,68737,85182,41074,0.5444256114560893,0.37404267332052343
2672,0.2715,20,65,20,607772,68672,85202,41054,0.5439107844379673,0.37415015584273553
2673,0.2716,20,77,20,607849,68595,85222,41034,0.5433009124318844,0.3742987713105109
2674,0.2717,30,73,30,607922,68522,85252,41004,0.5427227220884552,0.3743768602888812
2675,0.2718,31,56,31,607978,68466,85283,40973,0.542279178811304,0.3743912133700052
2676,0.2719,30,72,30,608050,68394,85313,40943,0.5417089088835382,0.37446610022224863
2677,0.272,18,71,18,608121,68323,85331,40925,0.5411465593714359,0.3746064001171646
2678,0.2721,26,59,26,608180,68264,85357,40899,0.5406792548472944,0.37465991224132716
2679,0.2722,23,58,23,608238,68206,85380,40876,0.5402198707388164,0.37472726939366713
2680,0.2723,25,68,25,608306,68138,85405,40851,0.5396812824737042,0.3748176421473727
2681,0.2724,29,60,29,608366,68078,85434,40822,0.5392060575338994,0.3748576675849403
2682,0.2725,21,61,21,608427,68017,85455,40801,0.5387229121784312,0.37494715947729235
2683,0.2726,21,76,21,608503,67941,85476,40780,0.5381209605880116,0.3750885293549544
2684,0.2727,24,69,24,608572,67872,85500,40756,0.5375744519072361,0.3751887174577457
2685,0.2728,32,78,32,608650,67794,85532,40724,0.5369566594854898,0.3752741480676017
2686,0.2729,25,61,25,608711,67733,85557,40699,0.5364735141300215,0.3753412276818651
2687,0.273,16,62,16,608773,67671,85573,40683,0.5359824483588899,0.37546375768314966
2688,0.2731,19,63,19,608836,67608,85592,40664,0.5354834621720947,0.3755726318900547
2689,0.2732,38,61,38,608897,67547,85630,40626,0.5350003168166265,0.37556506706849213
2690,0.2733,22,65,22,608962,67482,85652,40604,0.5344854897985046,0.375663823251855
2691,0.2734,17,64,17,609026,67418,85669,40587,0.5339785831960461,0.3757881579556502
2692,0.2735,17,59,17,609085,67359,85686,40570,0.5335112786719047,0.3758952644794263
2693,0.2736,25,66,25,609151,67293,85711,40545,0.5329885312381194,0.3759806376231013
2694,0.2737,16,59,16,609210,67234,85727,40529,0.532521226713978,0.37609383554652337
2695,0.2738,22,69,22,609279,67165,85749,40507,0.5319747180332024,0.376207370532729
2696,0.2739,27,72,27,609351,67093,85776,40480,0.5314044481054365,0.3763026038132245
2697,0.274,24,60,24,609411,67033,85800,40456,0.5309292231656317,0.37637339634753325
2698,0.2741,20,63,20,609474,66970,85820,40436,0.5304302369788366,0.37647803660875556
2699,0.2742,28,62,28,609536,66908,85848,40408,0.529939171207705,0.3765328562376533
2700,0.2743,28,57,28,609593,66851,85876,40380,0.5294877075148904,0.3765702082420196
2701,0.2744,25,66,25,609659,66785,85901,40355,0.528964960081105,0.3766567108456226
2702,0.2745,30,49,30,609708,66736,85931,40325,0.5285768597135978,0.3766544306516846
2703,0.2746,24,63,24,609771,66673,85955,40301,0.5280778735268027,0.37673640323817004
2704,0.2747,29,60,29,609831,66613,85984,40272,0.5276026485869978,0.3767787809327782
2705,0.2748,19,66,19,609897,66547,86003,40253,0.5270799011532126,0.37690074906367044
2706,0.2749,24,65,24,609962,66482,86027,40229,0.5265650741350906,0.37699018845292426
2707,0.275,23,75,23,610037,66407,86050,40206,0.5259710429603346,0.3771209889975894
2708,0.2751,18,70,18,610107,66337,86068,40188,0.5254166138638956,0.37726355315653604
2709,0.2752,20,57,20,610164,66280,86088,40168,0.524965150171081,0.37734856455734256
2710,0.2753,17,69,17,610233,66211,86105,40151,0.5244186414903054,0.37749384178560014
2711,0.2754,22,50,22,610283,66161,86127,40129,0.5240226207071347,0.3775425722081099
2712,0.2755,19,68,19,610351,66093,86146,40110,0.5234840324420226,0.37767294709189003
2713,0.2756,33,55,33,610406,66038,86179,40077,0.5230484095805348,0.37767516373745463
2714,0.2757,22,60,22,610466,65978,86201,40055,0.52257318464073,0.377759754038837
2715,0.2758,13,63,13,610529,65915,86214,40042,0.5220741984539349,0.3779080192908444
2716,0.2759,29,56,29,610585,65859,86243,40013,0.5216306551767836,0.37793750944536797
2717,0.276,22,73,22,610658,65786,86265,39991,0.5210524648333544,0.3780689563893852
2718,0.2761,30,60,30,610718,65726,86295,39961,0.5205772398935496,0.378107051955302
2719,0.2762,31,76,31,610794,65650,86326,39930,0.5199752883031301,0.3781966281492707
2720,0.2763,22,62,22,610856,65588,86348,39908,0.5194842225319984,0.37828922423599
2721,0.2764,23,71,23,610927,65517,86371,39885,0.5189218730198961,0.3784083793476405
2722,0.2765,18,67,18,610994,65450,86389,39867,0.5183912051704473,0.37854287531927416
2723,0.2766,16,63,16,611057,65387,86405,39851,0.5178922189836522,0.37867500332579485
2724,0.2767,17,77,17,611134,65310,86422,39834,0.5172823469775694,0.37885186030586626
2725,0.2768,23,61,23,611195,65249,86445,39811,0.5167992016221011,0.3789358461831335
2726,0.2769,21,81,21,611276,65168,86466,39790,0.5161576479533646,0.3791040225614055
2727,0.277,25,72,25,611348,65096,86491,39765,0.5155873780255987,0.3792162958583267
2728,0.2771,25,58,25,611406,65038,86516,39740,0.5151279939171207,0.3792780927293898
2729,0.2772,18,63,18,611469,64975,86534,39722,0.5146290077303257,0.3793996007526481
2730,0.2773,22,67,22,611536,64908,86556,39700,0.5140983398808769,0.3795120832058734
2731,0.2774,21,75,21,611611,64833,86577,39679,0.5135043087061208,0.3796597519902021
2732,0.2775,26,63,26,611674,64770,86603,39653,0.5130053225193258,0.37973434971222814
2733,0.2776,19,74,19,611748,64696,86622,39634,0.5124192117602332,0.37989073133326945
2734,0.2777,27,46,27,611794,64650,86649,39607,0.5120548726397162,0.37989775266888554
2735,0.2778,31,66,31,611860,64584,86680,39576,0.5115321252059308,0.37995391705069126
2736,0.2779,25,68,25,611928,64516,86705,39551,0.5109935369408186,0.380053234935186
2737,0.278,21,53,21,611981,64463,86726,39530,0.5105737549106577,0.38012173896319945
2738,0.2781,26,67,26,612048,64396,86752,39504,0.5100430870612089,0.3802117420596728
2739,0.2782,18,50,18,612098,64346,86770,39486,0.5096470662780382,0.3802873873179752
2740,0.2783,24,64,24,612162,64282,86794,39462,0.5091401596755798,0.38037862430598396
2741,0.2784,20,60,20,612222,64222,86814,39442,0.5086649347357749,0.38047924062355304
2742,0.2785,21,77,21,612299,64145,86835,39421,0.508055062729692,0.3806365023270185
2743,0.2786,20,57,20,612356,64088,86855,39401,0.5076035990368775,0.38072645401926775
2744,0.2787,20,61,20,612417,64027,86875,39381,0.5071204536814092,0.38083127030790653
2745,0.2788,25,60,25,612477,63967,86900,39356,0.5066452287416043,0.3809026063896712
2746,0.2789,31,57,31,612534,63910,86931,39325,0.5061937650487898,0.38092701118806604
2747,0.279,22,76,22,612610,63834,86953,39303,0.5055918134583703,0.38107565665086246
2748,0.2791,18,60,18,612670,63774,86971,39285,0.5051165885185654,0.38118941577154836
2749,0.2792,24,51,24,612721,63723,86995,39261,0.5047126473197313,0.3812339780936845
2750,0.2793,15,73,15,612794,63650,87010,39246,0.5041344569763021,0.38141424350800807
2751,0.2794,27,57,27,612851,63593,87037,39219,0.5036829932834875,0.3814632533167335
2752,0.2795,33,68,33,612919,63525,87070,39186,0.5031444050183753,0.38151707217337966
2753,0.2796,21,60,21,612979,63465,87091,39165,0.5026691800785705,0.381613563285589
2754,0.2797,22,55,22,613034,63410,87113,39143,0.5022335572170827,0.38168556746267784
2755,0.2798,29,81,29,613115,63329,87142,39114,0.5015920035483462,0.3818123249026288
2756,0.2799,14,53,14,613168,63276,87156,39100,0.5011722215181853,0.3819254512776432
2757,0.28,39,70,39,613238,63206,87195,39061,0.5006177924217463,0.3819511670431322
2758,0.2801,31,74,31,613312,63132,87226,39030,0.5000316816626537,0.3820402889528396
2759,0.2802,30,56,30,613368,63076,87256,39000,0.4995881383855025,0.38206826286296486
2760,0.2803,18,58,18,613426,63018,87274,38982,0.49912875427702447,0.3821764705882353
2761,0.2804,24,51,24,613477,62967,87298,38958,0.49872481307819033,0.38222222222222224
2762,0.2805,17,41,17,613518,62926,87315,38941,0.49840007603599035,0.38227296376647985
2763,0.2806,23,57,23,613575,62869,87338,38918,0.4979486123431758,0.3823474510497411
2764,0.2807,29,60,29,613635,62809,87367,38889,0.49747338740337094,0.38239690062734766
2765,0.2808,29,68,29,613703,62741,87396,38860,0.4969347991382588,0.3824765504276533
2766,0.2809,22,48,22,613751,62693,87418,38838,0.4965546191864149,0.382523564231614
2767,0.281,27,66,27,613817,62627,87445,38811,0.4960318717526296,0.3826080955854808
2768,0.2811,19,66,19,613883,62561,87464,38792,0.49550912431884425,0.3827415074048129
2769,0.2812,19,58,19,613941,62503,87483,38773,0.49504974021036624,0.3828448990876417
2770,0.2813,33,61,33,614002,62442,87516,38740,0.494566594854898,0.38287442430471824
2771,0.2814,26,56,26,614058,62386,87542,38714,0.4941230515777468,0.38292779426310586
2772,0.2815,26,62,26,614120,62324,87568,38688,0.49363198580661516,0.38300399952480896
2773,0.2816,18,45,18,614165,62279,87586,38670,0.4932755671017615,0.3830647158466156
2774,0.2817,30,70,30,614235,62209,87616,38640,0.4927211380053225,0.38314708127993335
2775,0.2818,28,55,28,614290,62154,87644,38612,0.49228551514383473,0.38318480439830893
2776,0.2819,15,64,15,614354,62090,87659,38597,0.4917786085413762,0.3833364783934371
2777,0.282,28,58,28,614412,62032,87687,38569,0.4913192244328982,0.383385851035278
2778,0.2821,27,57,27,614469,61975,87714,38542,0.49086776074008365,0.3834376274660008
2779,0.2822,26,44,26,614513,61931,87740,38516,0.49051926245089345,0.3834459963961094
2780,0.2823,21,53,21,614566,61878,87761,38495,0.4900994804207325,0.3835194723680671
2781,0.2824,24,73,24,614639,61805,87785,38471,0.4895212900773033,0.3836511229007938
2782,0.2825,15,57,15,614696,61748,87800,38456,0.48906982638448865,0.3837770947267574
2783,0.2826,20,62,20,614758,61686,87820,38436,0.488578760613357,0.38389165218433513
2784,0.2827,22,54,22,614812,61632,87842,38414,0.4881510581675326,0.38396337684665055
2785,0.2828,21,56,21,614868,61576,87863,38393,0.48770751489038144,0.3840490552071142
2786,0.2829,16,49,16,614917,61527,87879,38377,0.48731941452287414,0.3841387732222934
2787,0.283,20,71,20,614988,61456,87899,38357,0.48675706501077176,0.3842886197188743
2788,0.2831,31,55,31,615043,61401,87930,38326,0.48632144214928397,0.3843091640177685
2789,0.2832,26,50,26,615093,61351,87956,38300,0.4859254213661133,0.38434135131609315
2790,0.2833,18,69,18,615162,61282,87974,38282,0.4853789126853377,0.3844964043228476
2791,0.2834,25,57,25,615219,61225,87999,38257,0.4849274489925231,0.38456203132224925
2792,0.2835,22,63,22,615282,61162,88021,38235,0.48442846280572804,0.3846695574313108
2793,0.2836,24,70,24,615352,61092,88045,38211,0.48387403370928905,0.38479200024168453
2794,0.2837,28,51,28,615403,61041,88073,38183,0.483470092510455,0.38481617350640973
2795,0.2838,27,49,27,615452,60992,88100,38156,0.48308199214294767,0.38483882680437326
2796,0.2839,20,47,20,615499,60945,88120,38136,0.4827097326067672,0.38489720531686195
2797,0.284,19,69,19,615568,60876,88139,38117,0.48216322392599165,0.3850474275958906
2798,0.2841,26,50,26,615618,60826,88165,38091,0.48176720314282095,0.3850804209589858
2799,0.2842,20,62,20,615680,60764,88185,38071,0.4812761373716893,0.38519755147468004
2800,0.2843,26,65,26,615745,60699,88211,38045,0.48076131035356734,0.3852892327635097
2801,0.2844,24,60,24,615805,60639,88235,38021,0.4802860854137625,0.3853740117575512
2802,0.2845,25,48,25,615853,60591,88260,37996,0.47990590546191864,0.3854057837240204
2803,0.2846,14,60,14,615913,60531,88274,37982,0.4794306805221138,0.385553175723001
2804,0.2847,24,65,24,615978,60466,88298,37958,0.4789158535039919,0.38565796960091037
2805,0.2848,23,59,23,616037,60407,88321,37935,0.47844854897985045,0.3857456630941002
2806,0.2849,16,50,16,616087,60357,88337,37919,0.47805252819667976,0.3858419146078391
2807,0.285,23,55,23,616142,60302,88360,37896,0.47761690533519197,0.38591417340475365
2808,0.2851,25,54,25,616196,60248,88385,37871,0.4771892028893676,0.3859700975346263
2809,0.2852,17,50,17,616246,60198,88402,37854,0.4767931821061969,0.3860604577163138
2810,0.2853,21,62,21,616308,60136,88423,37833,0.47630211633506525,0.3861731772295318
2811,0.2854,18,56,18,616364,60080,88441,37815,0.47585857305791407,0.38628121967414064
2812,0.2855,25,48,25,616412,60032,88466,37790,0.4754783931060702,0.3863139171147595
2813,0.2856,26,61,26,616473,59971,88492,37764,0.474995247750602,0.3863917736737095
2814,0.2857,26,43,26,616516,59928,88518,37738,0.47465466987707516,0.38639854196956974
2815,0.2858,26,67,26,616583,59861,88544,37712,0.4741240020276264,0.38650036383015796
2816,0.2859,26,48,26,616631,59813,88570,37686,0.47374382207578253,0.3865270413029877
2817,0.286,25,65,25,616696,59748,88595,37661,0.47322899505766064,0.3866275190177499
2818,0.2861,18,70,18,616766,59678,88613,37643,0.47267456596122165,0.38679216202053
2819,0.2862,24,50,24,616816,59628,88637,37619,0.47227854517805096,0.38683969685440167
2820,0.2863,26,73,26,616889,59555,88663,37593,0.4717003548346217,0.38696627825585705
2821,0.2864,13,62,13,616951,59493,88676,37580,0.4712092890634901,0.3871313341505877
2822,0.2865,24,54,24,617005,59439,88700,37556,0.47078158661766567,0.3871952162482602
2823,0.2866,22,59,22,617064,59380,88722,37534,0.47031428209352427,0.3872918257424108
2824,0.2867,20,65,20,617129,59315,88742,37514,0.4697994550754024,0.3874252548306809
2825,0.2868,26,52,26,617181,59263,88768,37488,0.4693875934609048,0.38746886337092123
2826,0.2869,19,73,19,617254,59190,88787,37469,0.4688094031174756,0.3876410887760064
2827,0.287,20,53,20,617307,59137,88807,37449,0.4683896210873147,0.3877269997722237
2828,0.2871,21,47,21,617354,59090,88828,37428,0.4680173615511342,0.38778258977600033
2829,0.2872,16,49,16,617403,59041,88844,37412,0.4676292611836269,0.3878780338610515
2830,0.2873,23,64,23,617467,58977,88867,37389,0.4671223545811684,0.38798953987921053
2831,0.2874,25,59,25,617526,58918,88892,37364,0.466655050057027,0.3880683824598575
2832,0.2875,29,64,29,617590,58854,88921,37335,0.4661481434545685,0.3881420952499766
2833,0.2876,16,47,16,617637,58807,88937,37319,0.46577588391838803,0.3882300314170984
2834,0.2877,20,55,20,617692,58752,88957,37299,0.46534026105690024,0.38832495236905396
2835,0.2878,27,65,27,617757,58687,88984,37272,0.46482543403877835,0.3884158859512917
2836,0.2879,29,39,29,617796,58648,89013,37243,0.4645165378279052,0.3883888998967578
2837,0.288,21,42,21,617838,58606,89034,37222,0.4641838803700418,0.38842509496180655
2838,0.2881,42,63,42,617901,58543,89076,37180,0.4636848941832467,0.388412398274187
2839,0.2882,30,47,30,617948,58496,89106,37150,0.4633126346470663,0.3884114338289108
2840,0.2883,19,49,19,617997,58447,89125,37131,0.462924534279559,0.3884889828203143
2841,0.2884,17,56,17,618053,58391,89142,37114,0.4624809910024078,0.38860792628658186
2842,0.2885,22,53,22,618106,58338,89164,37092,0.46206120897224684,0.38868280414963846
2843,0.2886,16,62,16,618168,58276,89180,37076,0.46157014320111517,0.3888329557848813
2844,0.2887,18,57,18,618225,58219,89198,37058,0.4611186795083006,0.38895011387848066
2845,0.2888,17,72,17,618297,58147,89215,37041,0.4605484095805348,0.3891351851073665
2846,0.2889,22,61,22,618358,58086,89237,37019,0.46006526422506655,0.3892434677461753
2847,0.289,26,56,26,618414,58030,89263,36993,0.45962172094791537,0.3893057470296665
2848,0.2891,22,50,22,618464,57980,89285,36971,0.4592257001647446,0.3893692536150225
2849,0.2892,20,55,20,618519,57925,89305,36951,0.4587900773032569,0.38946625068510476
2850,0.2893,29,47,29,618566,57878,89334,36922,0.4584178177670764,0.38947257383966244
2851,0.2894,16,51,16,618617,57827,89350,36906,0.45801387656824233,0.3895791329315022
2852,0.2895,27,64,27,618681,57763,89377,36879,0.4575069699657838,0.3896684347329938
2853,0.2896,23,57,23,618738,57706,89400,36856,0.4570555062729692,0.3897548698208583
2854,0.2897,19,57,19,618795,57649,89419,36837,0.4566040425801546,0.38986728192536463
2855,0.2898,21,64,21,618859,57585,89440,36816,0.45609713597769613,0.3899958686878317
2856,0.2899,22,45,22,618904,57540,89462,36794,0.4557407172728425,0.3900396463629232
2857,0.29,20,74,20,618978,57466,89482,36774,0.45515460651374984,0.3902164685908319
2858,0.2901,25,40,25,619018,57426,89507,36749,0.4548377898872133,0.390220334483674
2859,0.2902,22,54,22,619072,57372,89529,36727,0.45441008744138894,0.39030170352501087
2860,0.2903,17,49,17,619121,57323,89546,36710,0.45402198707388164,0.39039486137845225
2861,0.2904,20,47,20,619168,57276,89566,36690,0.45364972753770116,0.39046037928612476
2862,0.2905,23,64,23,619232,57212,89589,36667,0.45314282093524266,0.3905772323948913
2863,0.2906,25,59,25,619291,57153,89614,36642,0.45267551641110126,0.3906604829681753
2864,0.2907,15,47,15,619338,57106,89629,36627,0.4523032568749208,0.39075885760617923
2865,0.2908,21,55,21,619393,57051,89650,36606,0.45186763401343305,0.3908517249111118
2866,0.2909,20,52,20,619445,56999,89670,36586,0.4514557723989355,0.3909387188117754
2867,0.291,19,42,19,619487,56957,89689,36567,0.4511231149410721,0.3909905478807579
2868,0.2911,17,60,17,619547,56897,89706,36550,0.45064789000126726,0.3911308014168459
2869,0.2912,20,67,20,619614,56830,89726,36530,0.45011722215181854,0.3912810625535561
2870,0.2913,23,33,23,619647,56797,89749,36507,0.4498558484349259,0.39126939895395696
2871,0.2914,16,67,16,619714,56730,89765,36491,0.4493251805854771,0.39144613338196327
2872,0.2915,16,44,16,619758,56686,89781,36475,0.4489766822962869,0.3915264971393609
2873,0.2916,28,52,28,619810,56634,89809,36447,0.4485648206817894,0.3915621877719406
2874,0.2917,20,53,20,619863,56581,89829,36427,0.4481450386516284,0.3916544813349389
2875,0.2918,24,54,24,619917,56527,89853,36403,0.44771733620580406,0.3917249542666523
2876,0.2919,23,75,23,619992,56452,89876,36380,0.447123305031048,0.3918907273354016
2877,0.292,18,49,18,620041,56403,89894,36362,0.4467352046635407,0.391979733735784
2878,0.2921,24,53,24,620094,56350,89918,36338,0.4463154226333798,0.39204643535301226
2879,0.2922,14,60,14,620154,56290,89932,36324,0.44584019769357497,0.3922085213898547
2880,0.2923,28,47,28,620201,56243,89960,36296,0.4454679381573945,0.392223819146522
2881,0.2924,28,44,28,620245,56199,89988,36268,0.4451194398682043,0.3922264159105411
2882,0.2925,25,62,25,620307,56137,90013,36243,0.4446283740970726,0.39232517861008875
2883,0.2926,24,54,24,620361,56083,90037,36219,0.44420067165124827,0.3923966977963641
2884,0.2927,21,47,21,620408,56036,90058,36198,0.4438284121150678,0.3924583125528547
2885,0.2928,27,47,27,620455,55989,90085,36171,0.4434561525788873,0.39248046875
2886,0.2929,29,48,29,620503,55941,90114,36142,0.44307597262704346,0.39249372848408504
2887,0.293,17,48,17,620551,55893,90131,36125,0.4426957926751996,0.392586233128301
2888,0.2931,25,58,25,620609,55835,90156,36100,0.4422364085667216,0.3926687333442106
2889,0.2932,21,51,21,620660,55784,90177,36079,0.44183246736788745,0.3927478963238736
2890,0.2933,20,59,20,620719,55725,90197,36059,0.44136516284374605,0.3928680380022662
2891,0.2934,26,42,26,620761,55683,90223,36033,0.4410325053858827,0.39287583409655896
2892,0.2935,18,42,18,620803,55641,90241,36015,0.44069984792801925,0.392936632626342
2893,0.2936,23,57,23,620860,55584,90264,35992,0.4402483842352047,0.39302874115488773
2894,0.2937,15,51,15,620911,55533,90279,35977,0.43984444303637055,0.393148289804393
2895,0.2938,21,50,21,620961,55483,90300,35956,0.43944842225319986,0.39322389789914586
2896,0.2939,23,54,23,621015,55429,90323,35933,0.4390207198073755,0.39330356165583064
2897,0.294,23,56,23,621071,55373,90346,35910,0.4385771765302243,0.39339197879123167
2898,0.2941,17,60,17,621131,55313,90363,35893,0.4381019515904195,0.3935377058526851
2899,0.2942,25,53,25,621184,55260,90388,35868,0.4376821695602585,0.3936002106926521
2900,0.2943,17,35,17,621219,55225,90405,35851,0.437404955012039,0.3936382801177039
2901,0.2944,24,52,24,621271,55173,90429,35827,0.4369930933975415,0.3937032967032967
2902,0.2945,18,51,18,621322,55122,90447,35809,0.43658915219870736,0.39380409321353554
2903,0.2946,30,63,30,621385,55059,90477,35779,0.4360901660119123,0.3938770118232458
2904,0.2947,18,53,18,621438,55006,90495,35761,0.43567038398175134,0.39398680137054215
2905,0.2948,22,43,22,621481,54963,90517,35739,0.4353298061082246,0.39402659257789246
2906,0.2949,15,53,15,621534,54910,90532,35724,0.4349100240780636,0.39415671822936205
2907,0.295,21,51,21,621585,54859,90553,35703,0.4345060828792295,0.39423820145314814
2908,0.2951,24,38,24,621623,54821,90577,35679,0.43420510708401977,0.39424309392265194
2909,0.2952,19,34,19,621657,54787,90596,35660,0.4339358129514637,0.394264044136345
2910,0.2953,28,49,28,621706,54738,90624,35632,0.4335477125839564,0.39429014053336287
2911,0.2954,19,52,19,621758,54686,90643,35613,0.4331358509694589,0.39438974960963025
2912,0.2955,19,53,19,621811,54633,90662,35594,0.4327160689392979,0.3944938876389551
2913,0.2956,21,50,21,621861,54583,90683,35573,0.43232004815612723,0.3945716313944718
2914,0.2957,23,47,23,621908,54536,90706,35550,0.43194778861994676,0.39462291588038095
2915,0.2958,21,60,21,621968,54476,90727,35529,0.4314725636801419,0.39474473640353314
2916,0.2959,20,56,20,622024,54420,90747,35509,0.43102902040299074,0.3948559419097288
2917,0.296,19,48,19,622072,54372,90766,35490,0.4306488404511469,0.39493890632302864
2918,0.2961,21,61,21,622133,54311,90787,35469,0.43016569509567865,0.3950657161951437
2919,0.2962,22,57,22,622190,54254,90809,35447,0.429714231402864,0.39516839277154103
2920,0.2963,22,50,22,622240,54204,90831,35425,0.42931821061969333,0.3952403797877919
2921,0.2964,17,43,17,622283,54161,90848,35408,0.4289776327461665,0.39531534347821234
2922,0.2965,32,49,32,622332,54112,90880,35376,0.4285895323786592,0.39531557303772574
2923,0.2966,16,46,16,622378,54066,90896,35360,0.4282251932581422,0.39541073065998705
2924,0.2967,19,64,19,622442,54002,90915,35341,0.4277182866556837,0.3955654052360006
2925,0.2968,18,47,18,622489,53955,90933,35323,0.42734602711950326,0.39565178431416476
2926,0.2969,18,60,18,622549,53895,90951,35305,0.4268708021796984,0.39579596412556056
2927,0.297,16,50,16,622599,53845,90967,35289,0.42647478139652767,0.39590952947247965
2928,0.2971,30,60,30,622659,53785,90997,35259,0.4259995564567228,0.3959727775032568
2929,0.2972,18,52,18,622711,53733,91015,35241,0.4255876948422253,0.39608200148357947
2930,0.2973,26,61,26,622772,53672,91041,35215,0.4251045494867571,0.3961771687648363
2931,0.2974,21,47,21,622819,53625,91062,35194,0.4247322899505766,0.3962440468818609
2932,0.2975,23,50,23,622869,53575,91085,35171,0.4243362691674059,0.3963108196425754
2933,0.2976,26,53,26,622922,53522,91111,35145,0.42391648713724495,0.3963706903357506
2934,0.2977,15,43,15,622965,53479,91126,35130,0.4235759092637182,0.3964608561207101
2935,0.2978,14,46,14,623011,53433,91140,35116,0.4232115701432011,0.3965713898519464
2936,0.2979,21,55,21,623066,53378,91161,35095,0.42277594728171336,0.3966746917138562
2937,0.298,16,56,16,623122,53322,91177,35079,0.4223324040045622,0.39681677809074556
2938,0.2981,18,56,18,623178,53266,91195,35061,0.421888860727411,0.39694544137126814
2939,0.2982,20,54,20,623232,53212,91215,35041,0.42146115828158665,0.3970516583005677
2940,0.2983,11,49,11,623281,53163,91226,35030,0.42107305791407934,0.3971970564557278
2941,0.2984,25,55,25,623336,53108,91251,35005,0.42063743505259155,0.39727395503501184
2942,0.2985,23,53,23,623389,53055,91274,34982,0.42021765302243064,0.3973556572804616
2943,0.2986,17,59,17,623448,52996,91291,34965,0.4197503484982892,0.39750571275906366
2944,0.2987,24,57,24,623505,52939,91315,34941,0.4192988848054746,0.3975989986345016
2945,0.2988,21,46,21,623551,52893,91336,34920,0.4189345456849575,0.3976632161525059
2946,0.2989,21,45,21,623596,52848,91357,34899,0.41857812698010394,0.3977229990768915
2947,0.299,20,60,20,623656,52788,91377,34879,0.4181029020402991,0.39785780282204253
2948,0.2991,19,60,19,623716,52728,91396,34860,0.41762767710049425,0.3979997259898616
2949,0.2992,23,34,23,623750,52694,91419,34837,0.41735838296793815,0.3979961385109276
2950,0.2993,17,49,17,623799,52645,91436,34820,0.4169702826004309,0.39810209798205
2951,0.2994,29,49,29,623848,52596,91465,34791,0.4165821822329236,0.3981255793195784
2952,0.2995,26,33,26,623881,52563,91491,34765,0.4163208085160309,0.3980968303407842
2953,0.2996,22,54,22,623935,52509,91513,34743,0.4158931060702066,0.3981914454682987
2954,0.2997,16,47,16,623982,52462,91529,34727,0.4155208465340261,0.398295656562181
2955,0.2998,12,50,12,624032,52412,91541,34715,0.4151248257508554,0.3984413557221068
2956,0.2999,24,51,24,624083,52361,91565,34691,0.4147208845520213,0.3985089371869687
2957,0.3,23,50,23,624133,52311,91588,34668,0.4143248637688506,0.3985789673369434
2958,0.3001,23,42,23,624175,52269,91611,34645,0.4139922063109872,0.3986124214741008
2959,0.3002,30,46,30,624221,52223,91641,34615,0.4136278671904702,0.39861581335360097
2960,0.3003,19,42,19,624263,52181,91660,34596,0.41329520973260675,0.39867706880855525
2961,0.3004,16,44,16,624307,52137,91676,34580,0.41294671144341655,0.3987684075786755
2962,0.3005,19,45,19,624352,52092,91695,34561,0.4125902927385629,0.39884366380852365
2963,0.3006,14,55,14,624407,52037,91709,34547,0.41215466987707516,0.3989998152083526
2964,0.3007,17,45,17,624452,51992,91726,34530,0.4117982511722215,0.39908924897713877
2965,0.3008,14,47,14,624499,51945,91740,34516,0.41142599163604104,0.39920889187032305
2966,0.3009,23,44,23,624543,51901,91763,34493,0.41107749334685084,0.39925226288862653
2967,0.301,26,38,26,624581,51863,91789,34467,0.41077651755164113,0.39924707517664776
2968,0.3011,12,57,12,624638,51806,91801,34455,0.4103250538588265,0.39942731941433557
2969,0.3012,25,40,25,624678,51766,91826,34430,0.41000823723228996,0.3994384890250128
2970,0.3013,23,54,23,624732,51712,91849,34407,0.4095805347864656,0.3995285593190817
2971,0.3014,22,44,22,624776,51668,91871,34385,0.40923203649727535,0.39957932901816323
2972,0.3015,12,47,12,624823,51621,91883,34373,0.40885977696109493,0.3997139335302463
2973,0.3016,26,57,26,624880,51564,91909,34347,0.4084083132682803,0.39979746481824213
2974,0.3017,20,58,20,624938,51506,91929,34327,0.4079489291598023,0.39992776670977365
2975,0.3018,17,48,17,624986,51458,91946,34310,0.40756874920795844,0.4000326462083761
2976,0.3019,23,37,23,625023,51421,91969,34287,0.4072756938284121,0.40004433658468286
2977,0.302,25,50,25,625073,51371,91994,34262,0.4068796730452414,0.40010276412130835
2978,0.3021,17,49,17,625122,51322,92011,34245,0.4064915726777341,0.40021269882080707
2979,0.3022,16,50,16,625172,51272,92027,34229,0.4060955518945634,0.4003344990117075
2980,0.3023,25,39,25,625211,51233,92052,34204,0.40578665568369027,0.40034177230005735
2981,0.3024,19,43,19,625254,51190,92071,34185,0.40544607781016345,0.4004099560761347
2982,0.3025,16,36,16,625290,51154,92087,34169,0.40516094284628057,0.4004664627357219
2983,0.3026,19,56,19,625346,51098,92106,34150,0.4047173995691294,0.4005959084084084
2984,0.3027,16,54,16,625400,51044,92122,34134,0.40428969712330504,0.40073727957923405
2985,0.3028,20,50,20,625450,50994,92142,34114,0.40389367634013434,0.4008318841942003
2986,0.3029,24,50,24,625500,50944,92166,34090,0.40349765555696365,0.40089846414375424
2987,0.303,15,49,15,625549,50895,92181,34075,0.40310955518945635,0.40102389078498296
2988,0.3031,18,38,18,625587,50857,92199,34057,0.40280857939424664,0.40107638316414257
2989,0.3032,22,56,22,625643,50801,92221,34035,0.4023650361170954,0.40118581734169456
2990,0.3033,24,50,24,625693,50751,92245,34011,0.4019690153339247,0.4012529199405394
2991,0.3034,19,52,19,625745,50699,92264,33992,0.4015571537194272,0.4013649620384693
2992,0.3035,16,54,16,625799,50645,92280,33976,0.40112945127360283,0.40150789993027736
2993,0.3036,18,44,18,625843,50601,92298,33958,0.40078095298441263,0.4015894227699003
2994,0.3037,24,59,24,625902,50542,92322,33934,0.4003136484602712,0.40169989109332827
2995,0.3038,22,42,22,625944,50500,92344,33912,0.3999809910024078,0.40174382789176893
2996,0.3039,22,59,22,626003,50441,92366,33890,0.3995136864782664,0.4018688264102169
2997,0.304,20,54,20,626057,50387,92386,33870,0.399085984032442,0.4019844048565698
2998,0.3041,25,47,25,626104,50340,92411,33845,0.3987137244962616,0.4020312407198432
2999,0.3042,27,41,27,626145,50299,92438,33818,0.3983889874540616,0.40203526041109405
3000,0.3043,12,46,12,626191,50253,92450,33806,0.39802464833354456,0.4021699044718591
3001,0.3044,24,45,24,626236,50208,92474,33782,0.3976682296286909,0.4022145493511132
3002,0.3045,15,56,15,626292,50152,92489,33767,0.39722468635153974,0.4023761007638318
3003,0.3046,14,47,14,626339,50105,92503,33753,0.39685242681535926,0.4025018483627084
3004,0.3047,21,48,21,626387,50057,92524,33732,0.3964722468635154,0.402582677917149
3005,0.3048,30,39,30,626426,50018,92554,33702,0.39616335065264224,0.4025561395126612
3006,0.3049,18,48,18,626474,49970,92572,33684,0.3957831707007984,0.4026585698233199
3007,0.305,23,58,23,626532,49912,92595,33661,0.39532378659232037,0.4027736230600792
3008,0.3051,22,46,22,626578,49866,92617,33639,0.39495944747180334,0.40283815340398776
3009,0.3052,16,45,16,626623,49821,92633,33623,0.3946030287669497,0.40294089449211445
3010,0.3053,11,51,11,626674,49770,92644,33612,0.39419908756811556,0.4031085845866014
3011,0.3054,16,41,16,626715,49729,92660,33596,0.3938743505259156,0.40319231923192317
3012,0.3055,20,45,20,626760,49684,92680,33576,0.393517931821062,0.4032668748498679
3013,0.3056,26,33,26,626793,49651,92706,33550,0.3932565581041693,0.40324034566892225
3014,0.3057,21,32,21,626825,49619,92727,33529,0.39300310480294004,0.40324481647183336
3015,0.3058,19,39,19,626864,49580,92746,33510,0.3926942085920669,0.4032976290769046
3016,0.3059,26,44,26,626908,49536,92772,33484,0.3923457103028767,0.4033245001204529
3017,0.306,20,53,20,626961,49483,92792,33464,0.3919259282727158,0.4034383401449118
3018,0.3061,20,52,20,627013,49431,92812,33444,0.3915140666582182,0.4035475113122172
3019,0.3062,15,47,15,627060,49384,92827,33429,0.3911418071220378,0.4036685061524157
3020,0.3063,23,38,23,627098,49346,92850,33406,0.390840831326828,0.403688128383604
3021,0.3064,18,41,18,627139,49305,92868,33388,0.3905160942846281,0.40375848016156146
3022,0.3065,21,46,21,627185,49259,92889,33367,0.390151755164111,0.40383172367051534
3023,0.3066,13,40,13,627225,49219,92902,33354,0.38983493853757445,0.4039334891550507
3024,0.3067,22,40,22,627265,49179,92924,33332,0.3895181219110379,0.40397037970694816
3025,0.3068,14,51,14,627316,49128,92938,33318,0.38911418071220377,0.40411905974819884
3026,0.3069,12,52,12,627368,49076,92950,33306,0.38870231909770625,0.40428734432278896
3027,0.307,17,47,17,627415,49029,92967,33289,0.3883300595615258,0.4043951505138609
3028,0.3071,11,54,11,627469,48975,92978,33278,0.3879023571157014,0.40458098792749203
3029,0.3072,19,46,19,627515,48929,92997,33259,0.3875380179951844,0.4046697814766146
3030,0.3073,18,37,18,627552,48892,93015,33241,0.38724496261563807,0.40472161007146945
3031,0.3074,15,46,15,627598,48846,93030,33226,0.38688062349512103,0.40483965298762065
3032,0.3075,23,54,23,627652,48792,93053,33203,0.3864529210492967,0.4049393255686322
3033,0.3076,20,64,20,627716,48728,93073,33183,0.3859460144468382,0.40511042472927933
3034,0.3077,12,44,12,627760,48684,93085,33171,0.385597516157648,0.40524097489463073
3035,0.3078,16,38,16,627798,48646,93101,33155,0.3852965403624382,0.4053128934854097
3036,0.3079,25,44,25,627842,48602,93126,33130,0.384948042073248,0.4053491900357265
3037,0.308,16,44,16,627886,48558,93142,33114,0.3845995437840578,0.405451072583015
3038,0.3081,17,41,17,627927,48517,93159,33097,0.3842748067418578,0.40553091381380646
3039,0.3082,23,33,23,627960,48484,93182,33074,0.38401343302496516,0.40552735476593343
3040,0.3083,16,48,16,628008,48436,93198,33058,0.3836332530731213,0.40564949566839276
3041,0.3084,26,40,26,628048,48396,93224,33032,0.3833164364465847,0.4056589870806111
3042,0.3085,25,46,25,628094,48350,93249,33007,0.38295209732606766,0.4057057167791339
3043,0.3086,14,32,14,628126,48318,93263,32993,0.38269864402483844,0.40576305788884653
3044,0.3087,23,41,23,628167,48277,93286,32970,0.38237390698263846,0.40579959875441557
3045,0.3088,24,35,24,628202,48242,93310,32946,0.38209669243441896,0.4057988865349559
3046,0.3089,22,52,22,628254,48190,93332,32924,0.38168483081992144,0.40589787213058165
3047,0.309,17,49,17,628303,48141,93349,32907,0.38129673045241413,0.4060186556114895
3048,0.3091,17,38,17,628341,48103,93366,32890,0.3809957546572044,0.40608447643623524
3049,0.3092,15,40,15,628381,48063,93381,32875,0.3806789380306678,0.40617509698781784
3050,0.3093,19,39,19,628420,48024,93400,32856,0.3803700418197947,0.40623145400593474
3051,0.3094,14,35,14,628455,47989,93414,32842,0.38009282727157523,0.40630451188281724
3052,0.3095,14,48,14,628503,47941,93428,32828,0.37971264731973137,0.4064430660278077
3053,0.3096,15,41,15,628544,47900,93443,32813,0.3793879102775314,0.40653921920880154
3054,0.3097,18,44,18,628588,47856,93461,32795,0.3790394119883411,0.40662856009224935
3055,0.3098,23,53,23,628641,47803,93484,32772,0.3786196299581802,0.40672665218740306
3056,0.3099,18,34,18,628675,47769,93502,32754,0.3783503358256241,0.4067657687865579
3057,0.31,23,48,23,628723,47721,93525,32731,0.37797015587378024,0.40683886043852235
3058,0.3101,23,40,23,628763,47681,93548,32708,0.3776533392472437,0.40687158690865666
3059,0.3102,20,42,20,628805,47639,93568,32688,0.37732068178938033,0.4069366464576045
3060,0.3103,22,47,22,628852,47592,93590,32666,0.37694842225319986,0.4070123850581873
3061,0.3104,19,49,19,628901,47543,93609,32647,0.37656032188569255,0.40712058860207007
3062,0.3105,18,49,18,628950,47494,93627,32629,0.3761722215181853,0.4072363740748599
3063,0.3106,17,37,17,628987,47457,93644,32612,0.375879166138639,0.40729870486705216
3064,0.3107,15,43,15,629030,47414,93659,32597,0.37553858826511216,0.4074064816087788
3065,0.3108,16,46,16,629076,47368,93675,32581,0.37517424914459513,0.4075222954633579
3066,0.3109,21,40,21,629116,47328,93696,32560,0.37485743251805853,0.4075705988383737
3067,0.311,19,28,19,629144,47300,93715,32541,0.37463566087948297,0.4075725504440075
3068,0.3111,18,37,18,629181,47263,93733,32523,0.37434260549993664,0.40762790464492515
3069,0.3112,18,33,18,629214,47230,93751,32505,0.374081231783044,0.40766288330093436
3070,0.3113,21,44,21,629258,47186,93772,32484,0.3737327334938538,0.4077318940630099
3071,0.3114,18,43,18,629301,47143,93790,32466,0.37339215562032696,0.40781821150874903
3072,0.3115,17,36,17,629337,47107,93807,32449,0.3731070206564441,0.4078762129820504
3073,0.3116,20,38,20,629375,47069,93827,32429,0.3728060448612343,0.40792221187954414
3074,0.3117,13,36,13,629411,47033,93840,32416,0.3725209098973514,0.40801017004619317
3075,0.3118,17,44,17,629455,46989,93857,32399,0.37217241160816117,0.4081095379654356
3076,0.3119,10,43,10,629498,46946,93867,32389,0.3718318337346344,0.40825612907291864
3077,0.312,18,40,18,629538,46906,93885,32371,0.3715150171080978,0.40832776215043454
3078,0.3121,14,58,14,629596,46848,93899,32357,0.3710556329996198,0.4085221892557288
3079,0.3122,19,39,19,629635,46809,93918,32338,0.3707467367887467,0.408581500246377
3080,0.3123,17,38,17,629673,46771,93935,32321,0.37044576099353693,0.4086506852779042
3081,0.3124,17,50,17,629723,46721,93952,32304,0.37004974021036624,0.4087820310028472
3082,0.3125,18,43,18,629766,46678,93970,32286,0.3697091623368394,0.40886986474849296
3083,0.3126,8,45,8,629811,46633,93978,32278,0.3693527436319858,0.40904309918769244
3084,0.3127,17,37,17,629848,46596,93995,32261,0.3690596882524395,0.4091076251949732
3085,0.3128,23,34,23,629882,46562,94018,32238,0.3687903941198834,0.40911167512690355
3086,0.3129,28,41,28,629923,46521,94046,32210,0.3684656570776834,0.409114580025657
3087,0.313,13,54,13,629977,46467,94059,32197,0.36803795463185907,0.40929777280585783
3088,0.3131,22,36,22,630013,46431,94081,32175,0.3677528196679762,0.4093198992443325
3089,0.3132,16,53,16,630066,46378,94097,32159,0.3673330376378152,0.40947578848186206
3090,0.3133,17,47,17,630113,46331,94114,32142,0.3669607781016348,0.4095931084576861
3091,0.3134,23,35,23,630148,46296,94137,32119,0.3666835635534153,0.40960275457501755
3092,0.3135,16,51,16,630199,46245,94153,32103,0.36627962235458117,0.4097488129882065
3093,0.3136,24,46,24,630245,46199,94177,32079,0.36591528323406414,0.40980863077748536
3094,0.3137,21,43,21,630288,46156,94198,32058,0.3655747053605373,0.4098754698647301
3095,0.3138,18,40,18,630328,46116,94216,32040,0.3652578887340008,0.4099493321050207
3096,0.3139,26,37,26,630365,46079,94242,32014,0.36496483335445445,0.4099471143380329
3097,0.314,16,43,16,630408,46036,94258,31998,0.36462425548092764,0.4100520286029167
3098,0.3141,13,42,13,630450,45994,94271,31985,0.36429159802306427,0.4101745341694559
3099,0.3142,23,40,23,630490,45954,94294,31962,0.36397478139652767,0.4102109964577237
3100,0.3143,14,39,14,630529,45915,94308,31948,0.36366588518565457,0.41031041701449983
3101,0.3144,23,36,23,630565,45879,94331,31925,0.36338075022177163,0.4103259472520693
3102,0.3145,21,47,21,630612,45832,94352,31904,0.36300849068559116,0.41041473705876297
3103,0.3146,16,37,16,630649,45795,94368,31888,0.3627154353060449,0.4104887813292484
3104,0.3147,11,47,11,630696,45748,94379,31877,0.3623431757698644,0.4106537842190016
3105,0.3148,21,41,21,630737,45707,94400,31856,0.3620184387276644,0.41071129275556645
3106,0.3149,18,40,18,630777,45667,94418,31838,0.3617016221011279,0.41078640087736273
3107,0.315,12,39,12,630816,45628,94430,31826,0.36139272589025473,0.41090195470860125
3108,0.3151,17,48,17,630864,45580,94447,31809,0.36101254593841087,0.4110274069958263
3109,0.3152,30,36,30,630900,45544,94477,31779,0.36072741097452793,0.41099026162978675
3110,0.3153,16,35,16,630935,45509,94493,31763,0.36045019642630843,0.41105445698312454
3111,0.3154,17,47,17,630982,45462,94510,31746,0.360077936890128,0.4111750077712154
3112,0.3155,20,33,20,631015,45429,94530,31726,0.35981656317323535,0.4111982373144968
3113,0.3156,19,51,19,631066,45378,94549,31707,0.3594126219744012,0.41132516053706947
3114,0.3157,16,49,16,631115,45329,94565,31691,0.3590245216068939,0.41146455466112697
3115,0.3158,15,45,15,631160,45284,94580,31676,0.3586681029020403,0.4115904365904366
3116,0.3159,21,23,21,631183,45261,94601,31655,0.3584859333417818,0.41155286286338344
3117,0.316,11,41,11,631224,45220,94612,31644,0.3581611962995818,0.411688176519567
3118,0.3161,17,50,17,631274,45170,94629,31627,0.3577651755164111,0.4118259827857859
3119,0.3162,17,44,17,631318,45126,94646,31610,0.35741667722722087,0.4119318181818182
3120,0.3163,21,34,21,631352,45092,94667,31589,0.3571473830946648,0.4119534174045722
3121,0.3164,24,44,24,631396,45048,94691,31565,0.3567988848054746,0.4120057953611006
3122,0.3165,15,45,15,631441,45003,94706,31550,0.35644246610062097,0.412132770760127
3123,0.3166,15,38,15,631479,44965,94721,31535,0.3561414903054112,0.4122222222222222
3124,0.3167,14,54,14,631533,44911,94735,31521,0.35571378785958685,0.4124057986183797
3125,0.3168,15,28,15,631561,44883,94750,31506,0.3554920162210113,0.4124415819031536
3126,0.3169,22,38,22,631599,44845,94772,31484,0.3551910404258015,0.412477564228537
3127,0.317,26,39,26,631638,44806,94798,31458,0.3548821442149284,0.41248819888807303
3128,0.3171,19,42,19,631680,44764,94817,31439,0.354549486757065,0.4125690589609333
3129,0.3172,29,41,29,631721,44723,94846,31410,0.35422474971486506,0.4125674805931725
3130,0.3173,15,47,15,631768,44676,94861,31395,0.3538524901786846,0.4127065504594392
3131,0.3174,16,38,16,631806,44638,94877,31379,0.3535515143834748,0.4127892445110962
3132,0.3175,29,39,29,631845,44599,94906,31350,0.3532426181726017,0.4127769950888096
3133,0.3176,21,47,21,631892,44552,94927,31329,0.35287035863642124,0.4128701519484456
3134,0.3177,13,47,13,631939,44505,94940,31316,0.35249809910024077,0.4130254151224595
3135,0.3178,21,44,21,631983,44461,94961,31295,0.35214960081105057,0.41310259253392473
3136,0.3179,26,43,26,632026,44418,94987,31269,0.35180902293752375,0.4131356771968766
3137,0.318,18,39,18,632065,44379,95005,31251,0.3515001267266506,0.41320904403014674
3138,0.3181,16,47,16,632112,44332,95021,31235,0.3511278671904702,0.41334180263871795
3139,0.3182,16,37,16,632149,44295,95037,31219,0.35083481181092385,0.41342002807426437
3140,0.3183,14,27,14,632176,44268,95051,31205,0.3506209605880117,0.41345911783021744
3141,0.3184,22,44,22,632220,44224,95073,31183,0.3502724622988214,0.41352924794780327
3142,0.3185,18,37,18,632257,44187,95091,31165,0.34997940691927515,0.41359220724068374
3143,0.3186,15,36,15,632293,44151,95106,31150,0.3496942719553922,0.4136731251909005
3144,0.3187,20,41,20,632334,44110,95126,31130,0.3493695349131922,0.4137426900584795
3145,0.3188,17,35,17,632369,44075,95143,31113,0.34909232036497273,0.4138027344789062
3146,0.3189,23,37,23,632406,44038,95166,31090,0.34879926498542646,0.41382706846981154
3147,0.319,20,35,20,632441,44003,95186,31070,0.34852205043720696,0.41386383919651537
3148,0.3191,21,38,21,632479,43965,95207,31049,0.3482210746419972,0.41390940357799877
3149,0.3192,19,52,19,632531,43913,95226,31030,0.3478092130274997,0.41404800982079715
3150,0.3193,21,37,21,632568,43876,95247,31009,0.34751615764795335,0.41408826867864057
3151,0.3194,18,44,18,632612,43832,95265,30991,0.34716765935876315,0.41419082367721155
3152,0.3195,29,35,29,632647,43797,95294,30962,0.34689044481054365,0.4141574927433486
3153,0.3196,13,41,13,632688,43756,95307,30949,0.34656570776834367,0.41428284586038416
3154,0.3197,23,44,23,632732,43712,95330,30926,0.34621720947915346,0.41434657949034004
3155,0.3198,15,47,15,632779,43665,95345,30911,0.345844949942973,0.41448991632696847
3156,0.3199,10,37,10,632816,43628,95355,30901,0.34555189456342666,0.4146171289028432
3157,0.32,19,43,19,632859,43585,95374,30882,0.3452113166898999,0.4147071857332778
3158,0.3201,16,37,16,632896,43548,95390,30866,0.3449182613103536,0.4147875399790362
3159,0.3202,21,42,21,632938,43506,95411,30845,0.34458560385249015,0.4148565587550941
3160,0.3203,24,43,24,632981,43463,95435,30821,0.3442450259789634,0.41490765171503957
3161,0.3204,17,51,17,633032,43412,95452,30804,0.34384108478012926,0.4150587474399051
3162,0.3205,20,39,20,633071,43373,95472,30784,0.3435321885692561,0.4151192739727875
3163,0.3206,18,47,18,633118,43326,95490,30766,0.3431599290330757,0.41524051179614535
3164,0.3207,13,34,13,633152,43292,95503,30753,0.3428906349005196,0.41532851644270374
3165,0.3208,25,52,25,633204,43240,95528,30728,0.34247877328602205,0.4154228855721393
3166,0.3209,15,37,15,633241,43203,95543,30713,0.34218571790647573,0.4155122030412901
3167,0.321,23,41,23,633282,43162,95566,30690,0.34186098086427574,0.4155608514325949
3168,0.3211,15,30,15,633312,43132,95581,30675,0.34162336839437335,0.41561098540788816
3169,0.3212,18,40,18,633352,43092,95599,30657,0.34130655176783675,0.415693772118944
3170,0.3213,9,47,9,633399,43045,95608,30648,0.34093429223165633,0.4158875334156569
3171,0.3214,20,47,20,633446,42998,95628,30628,0.34056203269547586,0.41599434982207373
3172,0.3215,18,32,18,633478,42966,95646,30610,0.34030857939424664,0.41603240187017504
3173,0.3216,20,40,20,633518,42926,95666,30590,0.33999176276771004,0.4160998966211437
3174,0.3217,15,36,15,633554,42890,95681,30575,0.33970662780382715,0.4161845776900565
3175,0.3218,20,50,20,633604,42840,95701,30555,0.33931060702065646,0.41630901287553645
3176,0.3219,22,24,22,633628,42816,95723,30533,0.3391205170447345,0.4162701604657187
3177,0.322,22,44,22,633672,42772,95745,30511,0.3387720187555443,0.41634485487766604
3178,0.3221,19,40,19,633712,42732,95764,30492,0.3384552021290077,0.41642084562438547
3179,0.3222,11,37,11,633749,42695,95775,30481,0.33816214674946143,0.4165436755220291
3180,0.3223,14,36,14,633785,42659,95789,30467,0.3378770117855785,0.416637037442223
3181,0.3224,8,42,8,633827,42617,95797,30459,0.3375443543277151,0.41681263342273794
3182,0.3225,19,37,19,633864,42580,95816,30440,0.3372512989481688,0.41687208983840046
3183,0.3226,24,50,24,633914,42530,95840,30416,0.3368552781649981,0.4169659748306967
3184,0.3227,15,34,15,633948,42496,95855,30401,0.336585984032442,0.41704048177565606
3185,0.3228,11,37,11,633985,42459,95866,30390,0.33629292865289573,0.4171642713009101
3186,0.3229,14,53,14,634038,42406,95880,30376,0.33587314662273476,0.4173559396554093
3187,0.323,11,33,11,634071,42373,95891,30365,0.3356117729058421,0.4174571750666777
3188,0.3231,25,22,25,634093,42351,95916,30340,0.33543752376124697,0.4173831698559657
3189,0.3232,15,44,15,634137,42307,95931,30325,0.33508902547205677,0.4175156955611852
3190,0.3233,18,37,18,634174,42270,95949,30307,0.33479597009251044,0.4175840831117296
3191,0.3234,15,43,15,634217,42227,95964,30292,0.3344553922189836,0.417711220507729
3192,0.3235,15,29,15,634246,42198,95979,30277,0.3342257001647446,0.41775784753363226
3193,0.3236,16,35,16,634281,42163,95995,30261,0.3339484856165252,0.4178311057108141
3194,0.3237,11,40,11,634321,42123,96006,30250,0.3336316689899886,0.4179735536733312
3195,0.3238,17,27,17,634348,42096,96023,30233,0.3334178177670764,0.4179927829777821
3196,0.3239,12,48,12,634396,42048,96035,30221,0.33303763781523255,0.4181737674521579
3197,0.324,16,37,16,634433,42011,96051,30205,0.3327445824356862,0.41825911155422624
3198,0.3241,13,36,13,634469,41975,96064,30192,0.33245944747180334,0.41836296368146103
3199,0.3242,19,42,19,634511,41933,96083,30173,0.3321267900139399,0.4184533880675672
3200,0.3243,13,41,13,634552,41892,96096,30160,0.33180205297174,0.4185865763615167
3201,0.3244,16,28,16,634580,41864,96112,30144,0.33158028133316436,0.4186201533162982
3202,0.3245,24,27,24,634607,41837,96136,30120,0.3313664301102522,0.4185833205942438
3203,0.3246,16,36,16,634643,41801,96152,30104,0.3310812951463693,0.418663514359224
3204,0.3247,12,40,12,634683,41761,96164,30092,0.3307644785198327,0.4187994934101569
3205,0.3248,19,39,19,634722,41722,96183,30073,0.33045558230895955,0.4188731805836061
3206,0.3249,17,39,17,634761,41683,96200,30056,0.33014668609808645,0.4189631859936715
3207,0.325,11,44,11,634805,41639,96211,30045,0.3297981878088962,0.41913118687573236
3208,0.3251,20,44,20,634849,41595,96231,30025,0.329449689519706,0.41922647305222005
3209,0.3252,13,34,13,634883,41561,96244,30012,0.32918039538714994,0.41932013468766155
3210,0.3253,21,34,21,634917,41527,96265,29991,0.32891110125459383,0.41934897508319585
3211,0.3254,14,30,14,634947,41497,96279,29977,0.32867348878469144,0.41941125444217475
3212,0.3255,14,36,14,634983,41461,96293,29963,0.3283883538208085,0.41950884856630827
3213,0.3256,18,38,18,635021,41423,96311,29945,0.3280873780255988,0.4195858087658334
3214,0.3257,17,54,17,635075,41369,96328,29928,0.32765967557977443,0.41976520751223756
3215,0.3258,21,34,21,635109,41335,96349,29907,0.3273903814472183,0.4197945032424693
3216,0.3259,8,35,8,635144,41300,96357,29899,0.3271131668989989,0.41993567325383785
3217,0.326,19,34,19,635178,41266,96376,29880,0.3268438727664428,0.41998144660276054
3218,0.3261,11,28,11,635206,41238,96387,29869,0.3266221011278672,0.42005709705092326
3219,0.3262,17,40,17,635246,41198,96404,29852,0.3263052845013306,0.42015482054890924
3220,0.3263,22,46,22,635292,41152,96426,29830,0.3259409453808136,0.4202473866614071
3221,0.3264,21,45,21,635337,41107,96447,29809,0.32558452667595994,0.4203423768966101
3222,0.3265,23,33,23,635370,41074,96470,29786,0.3253231529590673,0.4203499858876658
3223,0.3266,18,48,18,635418,41026,96488,29768,0.3249429730072234,0.42048761194451506
3224,0.3267,13,36,13,635454,40990,96501,29755,0.32465783804334053,0.42059509505972154
3225,0.3268,14,48,14,635502,40942,96515,29741,0.32427765809149667,0.4207659550386939
3226,0.3269,15,41,15,635543,40901,96530,29726,0.3239529210492967,0.4208871961148003
3227,0.327,13,35,13,635578,40866,96543,29713,0.3236757065010772,0.4209892460930305
3228,0.3271,21,42,21,635620,40824,96564,29692,0.3233430490432138,0.42106755913551536
3229,0.3272,10,45,10,635665,40779,96574,29682,0.32298663033836017,0.42125431089538895
3230,0.3273,16,34,16,635699,40745,96590,29666,0.32271733620580406,0.4213262132337277
3231,0.3274,18,36,18,635735,40709,96608,29648,0.3224322012419212,0.42139374902284066
3232,0.3275,22,45,22,635780,40664,96630,29626,0.32207578253706753,0.4214824299331342
3233,0.3276,9,40,9,635820,40624,96639,29617,0.321758965910531,0.42164832505231986
3234,0.3277,19,45,19,635865,40579,96658,29598,0.32140254720567735,0.4217621157929236
3235,0.3278,20,40,20,635905,40539,96678,29578,0.3210857305791408,0.421837785415805
3236,0.3279,14,48,14,635953,40491,96692,29564,0.32070555062729694,0.4220112768539005
3237,0.328,17,28,17,635981,40463,96709,29547,0.3204837789887213,0.4220397086130553
3238,0.3281,14,45,14,636026,40418,96723,29533,0.3201273602838677,0.42219553687581307
3239,0.3282,14,39,14,636065,40379,96737,29519,0.3198184640729945,0.42231537383043866
3240,0.3283,20,32,20,636097,40347,96757,29499,0.3195650107717653,0.422343441285113
3241,0.3284,12,39,12,636136,40308,96769,29487,0.31925611456089215,0.4224801203524608
3242,0.3285,21,33,21,636169,40275,96790,29466,0.3189947408439995,0.422506129823203
3243,0.3286,18,34,18,636203,40241,96808,29448,0.3187254467114434,0.42256310178076883
3244,0.3287,12,37,12,636240,40204,96820,29436,0.3184323913318971,0.4226881102814474
3245,0.3288,16,36,16,636276,40168,96836,29420,0.3181472563680142,0.4227740415014083
3246,0.3289,23,36,23,636312,40132,96859,29397,0.3178621214041313,0.42280199628931814
3247,0.329,24,34,24,636346,40098,96883,29373,0.31759282727157523,0.42280951764045427
3248,0.3291,22,41,22,636387,40057,96905,29351,0.31726809022937524,0.4228763254956201
3249,0.3292,19,44,19,636431,40013,96924,29332,0.31691959194018504,0.4229865166919028
3250,0.3293,22,35,22,636466,39978,96946,29310,0.31664237739196555,0.4230169726359543
3251,0.3294,11,44,11,636510,39934,96957,29299,0.3162938791027753,0.4231941415221065
3252,0.3295,18,30,18,636540,39904,96975,29281,0.3160562666328729,0.4232275782322758
3253,0.3296,8,27,8,636567,39877,96983,29273,0.3158424154099607,0.42332610267534343
3254,0.3297,17,39,17,636606,39838,97000,29256,0.31553351919908756,0.4234231626479868
3255,0.3298,17,33,17,636639,39805,97017,29239,0.3152721454821949,0.4234835756908638
3256,0.3299,11,38,11,636677,39767,97028,29228,0.3149711696869852,0.4236249003550982
3257,0.33,17,37,17,636714,39730,97045,29211,0.31467811430743886,0.42371012895084204
3258,0.3301,13,39,13,636753,39691,97058,29198,0.3143692180965657,0.4238412518689486
3259,0.3302,12,44,12,636797,39647,97070,29186,0.3140207198073755,0.4240117385556347
3260,0.3303,15,26,15,636823,39621,97085,29171,0.3138147890001267,0.4240464007442726
3261,0.3304,11,26,11,636849,39595,97096,29160,0.313608858192878,0.42411460984655663
3262,0.3305,16,47,16,636896,39548,97112,29144,0.3132365986566975,0.4242706574273569
3263,0.3306,12,37,12,636933,39511,97124,29132,0.3129435432771512,0.4243987005229958
3264,0.3307,25,33,25,636966,39478,97149,29107,0.3126821695602585,0.4243930888678282
3265,0.3308,18,38,18,637004,39440,97167,29089,0.3123811937650488,0.42447722861854104
3266,0.3309,11,24,11,637028,39416,97178,29078,0.31219110378912684,0.42453353578415626
3267,0.331,15,27,15,637055,39389,97193,29063,0.31197725256621467,0.42457488459066206
3268,0.3311,20,36,20,637091,39353,97213,29043,0.3116921176023318,0.42463009532721213
3269,0.3312,12,29,12,637120,39324,97225,29031,0.3114624255480928,0.42470923853412335
3270,0.3313,23,38,23,637158,39286,97248,29008,0.311161449752883,0.42475180835798165
3271,0.3314,16,36,16,637194,39250,97264,28992,0.31087631478900013,0.424841007004484
3272,0.3315,12,42,12,637236,39208,97276,28980,0.31054365733113676,0.42500146653370097
3273,0.3316,23,22,23,637258,39186,97299,28957,0.31036940818654163,0.42494460179328764
3274,0.3317,13,31,13,637289,39155,97312,28944,0.3101238753009758,0.42502826766912877
3275,0.3318,12,47,12,637336,39108,97324,28932,0.3097516157647953,0.42522045855379187
3276,0.3319,12,40,12,637376,39068,97336,28920,0.3094347991382588,0.4253691827969642
3277,0.332,18,44,18,637420,39024,97354,28902,0.3090863008490686,0.425492447663634
3278,0.3321,18,30,18,637450,38994,97372,28884,0.3088486883791661,0.42552815345178113
3279,0.3322,16,44,16,637494,38950,97388,28868,0.3085001900899759,0.42566870152466896
3280,0.3323,21,24,21,637518,38926,97409,28847,0.30831010011405396,0.4256414796452865
3281,0.3324,17,25,17,637543,38901,97426,28830,0.3081120897224686,0.42565442707179874
3282,0.3325,8,34,8,637577,38867,97434,28822,0.30784279558991257,0.42580035160808993
3283,0.3326,28,28,28,637605,38839,97462,28794,0.30762102395133695,0.4257389144352609
3284,0.3327,18,28,18,637633,38811,97480,28776,0.3073992523127614,0.4257623507479249
3285,0.3328,14,37,14,637670,38774,97494,28762,0.30710619693321506,0.42587656953328595
3286,0.3329,15,36,15,637706,38738,97509,28747,0.3068210619693322,0.4259761428465585
3287,0.333,18,27,18,637733,38711,97527,28729,0.30660721074641994,0.4259934756820878
3288,0.3331,15,34,15,637767,38677,97542,28714,0.3063379166138639,0.42608063391254025
3289,0.3332,20,34,20,637801,38643,97562,28694,0.30606862248130784,0.42612531000787085
3290,0.3333,16,37,16,637838,38606,97578,28678,0.3057755671017615,0.42622317341418464
3291,0.3334,13,24,13,637862,38582,97591,28665,0.30558547712583956,0.42626436867072137
3292,0.3335,21,36,21,637898,38546,97612,28644,0.3053003421619567,0.42631343949992556
3293,0.3336,13,31,13,637929,38515,97625,28631,0.30505480927639084,0.4263991898251571
3294,0.3337,18,39,18,637968,38476,97643,28613,0.3047459130655177,0.42649316579469065
3295,0.3338,21,31,21,637999,38445,97664,28592,0.30450038017995185,0.42651073287885793
3296,0.3339,14,37,14,638036,38408,97678,28578,0.3042073248004055,0.4266264592601439
3297,0.334,21,37,21,638073,38371,97699,28557,0.3039142694208592,0.42668240497250776
3298,0.3341,17,27,17,638100,38344,97716,28540,0.303700418197947,0.42670892889181267
3299,0.3342,19,29,19,638129,38315,97735,28521,0.303470726143708,0.4267311029983841
3300,0.3343,24,35,24,638164,38280,97759,28497,0.3031935115954885,0.4267487308504425
3301,0.3344,16,35,16,638199,38245,97775,28481,0.302916297047269,0.426835116746096
3302,0.3345,19,39,19,638238,38206,97794,28462,0.30260740083639587,0.4269214615707686
3303,0.3346,15,32,15,638270,38174,97809,28447,0.30235394753516665,0.42699749328289877
3304,0.3347,19,31,19,638301,38143,97828,28428,0.3021084146496008,0.4270327920566012
3305,0.3348,10,30,10,638331,38113,97838,28418,0.3018708021796984,0.42713922832965084
3306,0.3349,14,41,14,638372,38072,97852,28404,0.30154606513749843,0.42728202659606473
3307,0.335,16,22,16,638394,38050,97868,28388,0.3013718159929033,0.4272855895722328
3308,0.3351,19,38,19,638432,38012,97887,28369,0.3010708401976936,0.42736626444313885
3309,0.3352,13,27,13,638459,37985,97900,28356,0.3008569889747814,0.4274279857101943
3310,0.3353,14,37,14,638496,37948,97914,28342,0.3005639335952351,0.4275456328254639
3311,0.3354,17,28,17,638524,37920,97931,28325,0.30034216195665947,0.4275794399577327
3312,0.3355,14,39,14,638563,37881,97945,28311,0.3000332657457863,0.4277102973168963
3313,0.3356,13,27,13,638590,37854,97958,28298,0.29981941452287414,0.42777240295078
3314,0.3357,20,31,20,638621,37823,97978,28278,0.2995738816373083,0.42779988199875946
3315,0.3358,14,33,14,638654,37790,97992,28264,0.29931250792041564,0.4278923305174554
3316,0.3359,16,31,16,638685,37759,98008,28248,0.2990669750348498,0.42795461087460424
3317,0.336,26,37,26,638722,37722,98034,28222,0.29877391965530353,0.4279691859759796
3318,0.3361,17,31,17,638753,37691,98051,28205,0.2985283867697377,0.428022945247056
3319,0.3362,17,40,17,638793,37651,98068,28188,0.2982115701432011,0.42813529974635095
3320,0.3363,15,41,15,638834,37610,98083,28173,0.2978868331010011,0.4282717419394068
3321,0.3364,22,31,22,638865,37579,98105,28151,0.29764130021543533,0.428282367260003
3322,0.3365,11,26,11,638891,37553,98116,28140,0.29743536940818655,0.42835614144581613
3323,0.3366,13,38,13,638929,37515,98129,28127,0.29713439361297683,0.4284909052131257
3324,0.3367,23,25,23,638954,37490,98152,28104,0.29693638322139143,0.42845382199591425
3325,0.3368,21,24,21,638978,37466,98173,28083,0.29674629324546953,0.42842758852156404
3326,0.3369,16,35,16,639013,37431,98189,28067,0.29646907869725003,0.4285169012794284
3327,0.337,14,38,14,639051,37393,98203,28053,0.2961681029020403,0.4286434617852886
3328,0.3371,17,32,17,639083,37361,98220,28036,0.29591464960081104,0.42870468064284295
3329,0.3372,12,33,12,639116,37328,98232,28024,0.2956532758839184,0.4288162565797527
3330,0.3373,17,19,17,639135,37309,98249,28007,0.2955027879863135,0.42879233265968525
3331,0.3374,14,37,14,639172,37272,98263,27993,0.2952097326067672,0.428912893587681
3332,0.3375,13,34,13,639206,37238,98276,27980,0.29494043847421114,0.4290226624551504
3333,0.3376,12,30,12,639236,37208,98288,27968,0.2947028260043087,0.429115011660734
3334,0.3377,12,24,12,639260,37184,98300,27956,0.2945127360283868,0.4291679459625422
3335,0.3378,15,28,15,639288,37156,98315,27941,0.29429096438981117,0.42922100864863205
3336,0.3379,13,39,13,639327,37117,98328,27928,0.293982068178938,0.42936428626335615
3337,0.338,26,31,26,639358,37086,98354,27902,0.2937365352933722,0.42934080137871605
3338,0.3381,21,29,21,639387,37057,98375,27881,0.2935068432391332,0.42934799347069513
3339,0.3382,9,49,9,639436,37008,98384,27872,0.2931187428716259,0.4295930949445129
3340,0.3383,19,27,19,639463,36981,98403,27853,0.29290489164871375,0.4296048369682574
3341,0.3384,26,36,26,639499,36945,98429,27827,0.2926197566848308,0.4296146483048231
3342,0.3385,13,39,13,639538,36906,98442,27814,0.29231086047395766,0.42975896168108774
3343,0.3386,19,30,19,639568,36876,98461,27795,0.29207324800405526,0.4297907872152897
3344,0.3387,13,32,13,639600,36844,98474,27782,0.291819794702826,0.42988889920465445
3345,0.3388,10,27,10,639627,36817,98484,27772,0.2916059434799138,0.4299803372091223
3346,0.3389,22,30,22,639657,36787,98506,27750,0.2913683310100114,0.42998589956149186
3347,0.339,18,25,18,639682,36762,98524,27732,0.29117032061842607,0.42999348776630386
3348,0.3391,18,32,18,639714,36730,98542,27714,0.2909168673171968,0.43004779343305816
3349,0.3392,9,30,9,639744,36700,98551,27705,0.2906792548472944,0.4301684651812748
3350,0.3393,14,41,14,639785,36659,98565,27691,0.2903545178050944,0.4303185703185703
3351,0.3394,19,32,19,639817,36627,98584,27672,0.29010106450386514,0.43036439135911914
3352,0.3395,13,34,13,639851,36593,98597,27659,0.2898317703713091,0.43047687231525866
3353,0.3396,13,35,13,639886,36558,98610,27646,0.2895545558230896,0.4305962245342969
3354,0.3397,14,26,14,639912,36532,98624,27632,0.28934862501584085,0.4306464684246618
3355,0.3398,14,32,14,639944,36500,98638,27618,0.2890951717146116,0.43073707851149445
3356,0.3399,9,35,9,639979,36465,98647,27609,0.2888179571663921,0.4308924056559603
3357,0.34,14,35,14,640014,36430,98661,27595,0.2885407426181726,0.4310035142522452
3358,0.3401,15,45,15,640059,36385,98676,27580,0.288184323913319,0.4311732978972876
3359,0.3402,17,35,17,640094,36350,98693,27563,0.2879071093650995,0.4312581165021201
3360,0.3403,14,27,14,640121,36323,98707,27549,0.2876932581421873,0.43131575651302606
3361,0.3404,22,35,22,640156,36288,98729,27527,0.28741604359396783,0.4313562642012066
3362,0.3405,19,29,19,640185,36259,98748,27508,0.2871863515397288,0.43138300374802013
3363,0.3406,17,33,17,640218,36226,98765,27491,0.28692497782283616,0.4314547138126403
3364,0.3407,23,29,23,640247,36197,98788,27468,0.28669528576859715,0.4314458493677845
3365,0.3408,15,25,15,640272,36172,98803,27453,0.2864972753770118,0.4314813359528487
3366,0.3409,23,24,23,640296,36148,98826,27430,0.28630718540108985,0.431438547925383
3367,0.341,26,29,26,640325,36119,98852,27404,0.28607749334685084,0.431402798986194
3368,0.3411,9,33,9,640358,36086,98861,27395,0.2858161196299582,0.43154644696838423
3369,0.3412,12,24,12,640382,36062,98873,27383,0.2856260296540362,0.431602175112302
3370,0.3413,11,31,11,640413,36031,98884,27372,0.2853804967684704,0.43171458763780896
3371,0.3414,23,29,23,640442,36002,98907,27349,0.2851508047142314,0.4317058925668103
3372,0.3415,14,34,14,640476,35968,98921,27335,0.2848815105816753,0.43181207841650476
3373,0.3416,15,32,15,640508,35936,98936,27320,0.2846280572804461,0.4318957885417984
3374,0.3417,16,28,16,640536,35908,98952,27304,0.2844062856418705,0.43194330190470165
3375,0.3418,9,32,9,640568,35876,98961,27295,0.28415283234064126,0.43208117648921185
3376,0.3419,16,30,16,640598,35846,98977,27279,0.2839152198707388,0.43214257425742575
3377,0.342,17,30,17,640628,35816,98994,27262,0.2836776074008364,0.43219506008434
3378,0.3421,10,35,10,640663,35781,99004,27252,0.2834003928526169,0.4323449621626767
3379,0.3422,13,28,13,640691,35753,99017,27239,0.2831786212140413,0.4324199898399797
3380,0.3423,10,21,10,640712,35732,99027,27229,0.2830122924851096,0.4324740712504566
3381,0.3424,16,35,16,640747,35697,99043,27213,0.2827350779368901,0.43257033857892224
3382,0.3425,13,24,13,640771,35673,99056,27200,0.2825449879609682,0.43261813497049606
3383,0.3426,16,32,16,640803,35641,99072,27184,0.28229153465973894,0.43269399124552327
3384,0.3427,14,35,14,640838,35606,99086,27170,0.28201432011151945,0.4328087167070218
3385,0.3428,6,32,6,640870,35574,99092,27164,0.2817608668102902,0.4329752303229303
3386,0.3429,16,29,16,640899,35545,99108,27148,0.2815311747560512,0.43303080088686136
3387,0.343,15,36,15,640935,35509,99123,27133,0.2812460397921683,0.43314389706586637
3388,0.3431,29,28,29,640963,35481,99152,27104,0.2810242681535927,0.43307501797555326
3389,0.3432,23,33,23,640996,35448,99175,27081,0.28076289443670005,0.43309504389963055
3390,0.3433,17,30,17,641026,35418,99192,27064,0.2805252819667976,0.43314874683908966
3391,0.3434,10,34,10,641060,35384,99202,27054,0.28025598783424155,0.433293827476857
3392,0.3435,8,30,8,641090,35354,99210,27046,0.2800183753643391,0.4334294871794872
3393,0.3436,16,29,16,641119,35325,99226,27030,0.2797886833101001,0.4334856867933606
3394,0.3437,18,29,18,641148,35296,99244,27012,0.2795589912558611,0.43352378506772804
3395,0.3438,20,30,20,641178,35266,99264,26992,0.2793213787859587,0.43355070834270293
3396,0.3439,12,28,12,641206,35238,99276,26980,0.2790996071473831,0.433636568195699
3397,0.344,25,24,25,641230,35214,99301,26955,0.2789095171714612,0.43357621965931575
3398,0.3441,19,31,19,641261,35183,99320,26936,0.27866398428589534,0.43361934351808623
3399,0.3442,15,31,15,641292,35152,99335,26921,0.2784184514003295,0.4336990317851562
3400,0.3443,12,28,12,641320,35124,99347,26909,0.2781966797617539,0.4337852433382232
3401,0.3444,14,32,14,641352,35092,99361,26895,0.27794322646052466,0.43388129769145145
3402,0.3445,20,33,20,641385,35059,99381,26875,0.277681852743632,0.43392966706494007
3403,0.3446,13,30,13,641415,35029,99394,26862,0.27744424027372955,0.43402110161412805
3404,0.3447,13,25,13,641440,35004,99407,26849,0.2772462298821442,0.4340775710151488
3405,0.3448,16,36,16,641476,34968,99423,26833,0.2769610949182613,0.4341839128816686
3406,0.3449,12,29,12,641505,34939,99435,26821,0.2767314028640223,0.43427784974093264
3407,0.345,12,29,12,641534,34910,99447,26809,0.2765017108097833,0.4343719114049158
3408,0.3451,14,24,14,641558,34886,99461,26795,0.27631162083386135,0.43441254194970896
3409,0.3452,20,34,20,641592,34852,99481,26775,0.2760423267013053,0.43446865821798886
3410,0.3453,17,33,17,641625,34819,99498,26758,0.27578095298441263,0.43454536596456467
3411,0.3454,16,29,16,641654,34790,99514,26742,0.2755512609301736,0.4346031333289995
3412,0.3455,12,40,12,641694,34750,99526,26730,0.2752344443036371,0.4347755367599219
3413,0.3456,16,24,16,641718,34726,99542,26714,0.2750443543277151,0.43479817708333335
3414,0.3457,16,18,16,641736,34708,99558,26698,0.27490178684577365,0.4347783604208058
3415,0.3458,15,26,15,641762,34682,99573,26683,0.2746958560385249,0.4348244113093783
3416,0.3459,22,30,22,641792,34652,99595,26661,0.2744582435686225,0.4348343744393522
3417,0.346,9,33,9,641825,34619,99604,26652,0.2741968698517298,0.4349855559726461
3418,0.3461,11,23,11,641848,34596,99615,26641,0.2740147002914713,0.43504743864003786
3419,0.3462,13,33,13,641881,34563,99628,26628,0.2737533265745786,0.4351620336323969
3420,0.3463,11,33,11,641914,34530,99639,26617,0.27349195285768596,0.4352952720493238
3421,0.3464,12,38,12,641952,34492,99651,26605,0.27319097706247625,0.43545509599489335
3422,0.3465,15,35,15,641987,34457,99666,26590,0.27291376251425675,0.43556603928120957
3423,0.3466,21,27,21,642014,34430,99687,26569,0.2726999112913446,0.43556451745110575
3424,0.3467,20,25,20,642039,34405,99707,26549,0.27250190089975923,0.43555796174164124
3425,0.3468,12,24,12,642063,34381,99719,26537,0.27231181092383727,0.4356183722380905
3426,0.3469,16,36,16,642099,34345,99735,26521,0.2720266759599544,0.4357276640488943
3427,0.347,16,27,16,642126,34318,99751,26505,0.2718128247370422,0.4357726517929073
3428,0.3471,16,25,16,642151,34293,99767,26489,0.27161481434545687,0.43580336283768223
3429,0.3472,16,25,16,642176,34268,99783,26473,0.2714168039538715,0.43583411534219063
3430,0.3473,18,25,18,642201,34243,99801,26455,0.2712187935622862,0.4358463211308445
3431,0.3474,13,30,13,642231,34213,99814,26442,0.2709811810923837,0.43594097766053913
3432,0.3475,21,24,21,642255,34189,99835,26421,0.27079109111646177,0.43591816531925426
3433,0.3476,17,26,17,642281,34163,99852,26404,0.27058516030921304,0.4359469678207605
3434,0.3477,26,32,26,642313,34131,99878,26378,0.27033170700798376,0.4359351501429539
3435,0.3478,19,24,19,642337,34107,99897,26359,0.27014161703206185,0.43593093639400654
3436,0.3479,21,29,21,642366,34078,99918,26338,0.26991192497782285,0.4359441207627119
3437,0.348,12,32,12,642398,34046,99930,26326,0.26965847167659357,0.4360630755979593
3438,0.3481,15,25,15,642423,34021,99945,26311,0.2694604612850082,0.4361035602996751
3439,0.3482,14,33,14,642456,33988,99959,26297,0.26919908756811556,0.43621132951812225
3440,0.3483,14,31,14,642487,33957,99973,26283,0.2689535546825497,0.43630478087649405
3441,0.3484,11,27,11,642514,33930,99984,26272,0.26873970345963755,0.4363974618783429
3442,0.3485,15,44,15,642558,33886,99999,26257,0.26839120517044734,0.4365761601516386
3443,0.3486,20,22,20,642580,33864,100019,26237,0.2682169560258522,0.4365484767308364
3444,0.3487,10,27,10,642607,33837,100029,26227,0.26800310480294004,0.43665090570058607
3445,0.3488,18,31,18,642638,33806,100047,26209,0.2677575719173742,0.4367074897942181
3446,0.3489,9,26,9,642664,33780,100056,26200,0.26755164111012547,0.436812270756919
3447,0.349,20,25,20,642689,33755,100076,26180,0.2673536307185401,0.436806540418787
3448,0.3491,24,38,24,642727,33717,100100,26156,0.26705265492333036,0.4368580161341506
3449,0.3492,14,31,14,642758,33686,100114,26142,0.2668071220377645,0.4369525974460119
3450,0.3493,9,28,9,642786,33658,100123,26133,0.26658535039918896,0.4370724691007008
3451,0.3494,8,30,8,642816,33628,100131,26125,0.2663477379292865,0.4372165414288822
3452,0.3495,10,29,10,642845,33599,100141,26115,0.2661180458750475,0.4373346283953512
3453,0.3496,16,32,16,642877,33567,100157,26099,0.2658645925738183,0.4374182951764824
3454,0.3497,14,21,14,642898,33546,100171,26085,0.2656982638448866,0.43744025758414246
3455,0.3498,19,21,19,642919,33525,100190,26066,0.2655319351159549,0.4374150458961924
3456,0.3499,19,21,19,642940,33504,100209,26047,0.26536560638702317,0.43738980033920505
3457,0.35,4,26,4,642966,33478,100213,26043,0.26515967557977443,0.4375430520320559
3458,0.3501,15,20,15,642986,33458,100228,26028,0.26500126726650614,0.4375483306996604
3459,0.3502,17,27,17,643013,33431,100245,26011,0.26478741604359396,0.4375862184987046
3460,0.3503,17,27,17,643040,33404,100262,25994,0.2645735648206818,0.4376241624297114
3461,0.3504,14,35,14,643075,33369,100276,25980,0.2642963502724623,0.4377495829752818
3462,0.3505,9,24,9,643099,33345,100285,25971,0.2641062602965404,0.4378413918672871
3463,0.3506,21,25,21,643124,33320,100306,25950,0.26390824990495504,0.43782689387548507
3464,0.3507,18,34,18,643158,33286,100324,25932,0.26363895577239893,0.43790739302239184
3465,0.3508,23,30,23,643188,33256,100347,25909,0.26340134330249654,0.43791092706836815
3466,0.3509,9,32,9,643220,33224,100356,25900,0.26314789000126726,0.43806237737636156
3467,0.351,24,37,24,643257,33187,100380,25876,0.26285483462172093,0.4381084604574776
3468,0.3511,13,34,13,643291,33153,100393,25863,0.2625855404891649,0.438237088247255
3469,0.3512,14,25,14,643316,33128,100407,25849,0.26238753009757954,0.43828950268748834
3470,0.3513,17,26,17,643342,33102,100424,25832,0.26218159929033075,0.43832083347473444
3471,0.3514,13,28,13,643370,33074,100437,25819,0.2619598276517552,0.4384052434075357
3472,0.3515,17,37,17,643407,33037,100454,25802,0.26166677227220886,0.4385186695898979
3473,0.3516,9,25,9,643432,33012,100463,25793,0.2614687618806235,0.43861916503698667
3474,0.3517,15,28,15,643460,32984,100478,25778,0.2612469902420479,0.4386848643681291
3475,0.3518,9,21,9,643481,32963,100487,25769,0.2610806615131162,0.43875570387522983
3476,0.3519,15,24,15,643505,32939,100502,25754,0.26089057153719425,0.4387916787351132
3477,0.352,12,29,12,643534,32910,100514,25742,0.26066087948295524,0.4388938143626816
3478,0.3521,19,38,19,643572,32872,100533,25723,0.26035990368774553,0.43899650140797
3479,0.3522,12,26,12,643598,32846,100545,25711,0.26015397288049674,0.4390764554195058
3480,0.3523,9,25,9,643623,32821,100554,25702,0.2599559624889114,0.43917775917160773
3481,0.3524,13,28,13,643651,32793,100567,25689,0.25973419085033583,0.4392633630860778
3482,0.3525,14,31,14,643682,32762,100581,25675,0.25948865796477,0.43936204801752315
3483,0.3526,11,19,11,643701,32743,100592,25664,0.25933817006716514,0.4393993870597702
3484,0.3527,12,32,12,643733,32711,100604,25652,0.25908471676593586,0.43952504155029726
3485,0.3528,19,22,19,643755,32689,100623,25633,0.2589104676213408,0.4395082473166215
3486,0.3529,13,20,13,643775,32669,100636,25620,0.2587520593080725,0.4395340458748649
3487,0.353,15,30,15,643805,32639,100651,25605,0.25851444683817004,0.43961609779548105
3488,0.3531,14,38,14,643843,32601,100665,25591,0.25821347104296033,0.4397683530382183
3489,0.3532,13,35,13,643878,32566,100678,25578,0.25793625649474083,0.43990781507980187
3490,0.3533,15,26,15,643904,32540,100693,25563,0.2577303256874921,0.43996007090855893
3491,0.3534,16,21,16,643925,32519,100709,25547,0.25756399695856036,0.4399648675644956
3492,0.3535,19,26,19,643951,32493,100728,25528,0.2573580661513116,0.4399786284276383
3493,0.3536,18,21,18,643972,32472,100746,25510,0.25719173742237994,0.4399641267979718
3494,0.3537,17,30,17,644002,32442,100763,25493,0.2569541249524775,0.4400276171571589
3495,0.3538,15,24,15,644026,32418,100778,25478,0.2567640349765556,0.4400649440375846
3496,0.3539,15,28,15,644054,32390,100793,25463,0.25654226333797997,0.44013275024631393
3497,0.354,8,22,8,644076,32368,100801,25455,0.25636801419338484,0.44022274873320305
3498,0.3541,15,32,15,644108,32336,100816,25440,0.2561145608921556,0.4403212406535586
3499,0.3542,16,31,16,644139,32305,100832,25424,0.2558690280065898,0.44040257063174487
3500,0.3543,18,34,18,644173,32271,100850,25406,0.25559973387403373,0.44048754269466167
3501,0.3544,22,26,22,644199,32245,100872,25384,0.25539380306678494,0.4404726786860782
3502,0.3545,17,23,17,644222,32222,100889,25367,0.2552116335065264,0.4404834256542048
3503,0.3546,17,27,17,644249,32195,100906,25350,0.25499778228361425,0.4405248066730385
3504,0.3547,20,26,20,644275,32169,100926,25330,0.25479185147636546,0.44052940051131323
3505,0.3548,15,29,15,644304,32140,100941,25315,0.25456215942212645,0.44060569141066924
3506,0.3549,15,23,15,644327,32117,100956,25300,0.25437998986186794,0.4406360485570476
3507,0.355,18,29,18,644356,32088,100974,25282,0.25415029780762893,0.4406832839463134
3508,0.3551,16,24,16,644380,32064,100990,25266,0.25396020783170703,0.44071166928309785
3509,0.3552,10,37,10,644417,32027,101000,25256,0.2536671524521607,0.4408986959481871
3510,0.3553,20,30,20,644447,31997,101020,25236,0.25342953998225826,0.4409344259430748
3511,0.3554,12,25,12,644472,31972,101032,25224,0.2532315295906729,0.4410098608294286
3512,0.3555,20,27,20,644499,31945,101052,25204,0.25301767836776073,0.4410225900715673
3513,0.3556,12,23,12,644522,31922,101064,25192,0.2528355088075022,0.4410827467871275
3514,0.3557,16,23,16,644545,31899,101080,25176,0.2526533392472437,0.44110381077529565
3515,0.3558,18,25,18,644570,31874,101098,25158,0.25245532885565836,0.4411207743021462
3516,0.3559,16,31,16,644601,31843,101114,25142,0.2522097959700925,0.441203825568132
3517,0.356,8,32,8,644633,31811,101122,25134,0.25195634266886324,0.4413732548950742
3518,0.3561,21,24,21,644657,31787,101143,25113,0.25176625269294134,0.44135325131810194
3519,0.3562,17,28,17,644685,31759,101160,25096,0.2515444810543657,0.44140357048632484
3520,0.3563,18,28,18,644713,31731,101178,25078,0.25132270941579016,0.4414441373725994
3521,0.3564,13,36,13,644749,31695,101191,25065,0.2510375744519072,0.4415961945031712
3522,0.3565,17,34,17,644783,31661,101208,25048,0.25076828031935117,0.4416935583417094
3523,0.3566,18,33,18,644816,31628,101226,25030,0.2505069066024585,0.4417734477037665
3524,0.3567,20,27,20,644843,31601,101246,25010,0.2502930553795463,0.4417869318683648
3525,0.3568,12,23,12,644866,31578,101258,24998,0.2501108858192878,0.4418481334841629
3526,0.3569,17,36,17,644902,31542,101275,24981,0.2498257508554049,0.44196167931638447
3527,0.357,17,27,17,644929,31515,101292,24964,0.24961189963249272,0.4420049930062501
3528,0.3571,18,32,18,644961,31483,101310,24946,0.24935844633126347,0.4420776551064169
3529,0.3572,15,32,15,644993,31451,101325,24931,0.24910499303003422,0.44218012840977616
3530,0.3573,9,36,9,645029,31415,101334,24922,0.2488198580661513,0.44237357331771304
3531,0.3574,13,27,13,645056,31388,101347,24909,0.24860600684323914,0.4424569692878839
3532,0.3575,10,19,10,645075,31369,101357,24899,0.24845551894563428,0.44250728655719057
3533,0.3576,19,30,19,645105,31339,101376,24880,0.24821790647573186,0.44255500809334924
3534,0.3577,17,17,17,645122,31322,101393,24863,0.2480832594094538,0.4425202456171576
3535,0.3578,19,17,19,645139,31305,101412,24844,0.24794861234317578,0.4424655826461736
3536,0.3579,18,24,18,645163,31281,101430,24826,0.24775852236725385,0.44247598338888194
3537,0.358,16,30,16,645193,31251,101446,24810,0.24752090989735143,0.44255364692031895
3538,0.3581,10,32,10,645225,31219,101456,24800,0.24726745659612218,0.44270693871722094
3539,0.3582,13,20,13,645245,31199,101469,24787,0.24710904828285388,0.4427356839209802
3540,0.3583,17,26,17,645271,31173,101486,24770,0.24690311747560512,0.44277210732352573
3541,0.3584,19,27,19,645298,31146,101505,24751,0.24668926625269294,0.44279657226684793
3542,0.3585,10,30,10,645328,31116,101515,24741,0.24645165378279052,0.4429346366614748
3543,0.3586,13,26,13,645354,31090,101528,24728,0.24624572297554176,0.4430112150202444
3544,0.3587,12,31,12,645385,31059,101540,24716,0.24600019008997592,0.44313760645450473
3545,0.3588,10,21,10,645406,31038,101550,24706,0.24583386136104424,0.4432046498277842
3546,0.3589,10,32,10,645438,31006,101560,24696,0.245580408059815,0.4433593048723565
3547,0.359,15,26,15,645464,30980,101575,24681,0.24537447725256623,0.44341639568099744
3548,0.3591,15,23,15,645487,30957,101590,24666,0.24519230769230768,0.4434496521223235
3549,0.3592,19,21,19,645508,30936,101609,24647,0.245025978963376,0.44342694708813846
3550,0.3593,15,25,15,645533,30911,101624,24632,0.24482796857179065,0.4434762256269917
3551,0.3594,10,20,10,645553,30891,101634,24622,0.24466956025852238,0.4435357483832616
3552,0.3595,13,27,13,645580,30864,101647,24609,0.2444557090356102,0.443621221134606
3553,0.3596,12,33,12,645613,30831,101659,24597,0.24419433531871754,0.4437648841740636
3554,0.3597,17,23,17,645636,30808,101676,24580,0.244012165758459,0.44377843576225895
3555,0.3598,11,31,11,645667,30777,101687,24569,0.24376663287289316,0.4439164528601886
3556,0.3599,9,30,9,645697,30747,101696,24560,0.24352902040299074,0.4440667546603504
3557,0.36,17,33,17,645730,30714,101713,24543,0.2432676466860981,0.4441609207883164
3558,0.3601,12,31,12,645761,30683,101725,24531,0.24302211380053226,0.4442894917955591
3559,0.3602,13,34,13,645795,30649,101738,24518,0.24275281966797618,0.44443235992531765
3560,0.3603,18,31,18,645826,30618,101756,24500,0.24250728678241035,0.444500889001778
3561,0.3604,15,32,15,645858,30586,101771,24485,0.2422538334811811,0.444607869840751
3562,0.3605,18,21,18,645879,30565,101789,24467,0.2420875047522494,0.44459587149294955
3563,0.3606,14,27,14,645906,30538,101803,24453,0.2418736535293372,0.44467276463421285
3564,0.3607,13,20,13,645926,30518,101816,24440,0.24171524521606894,0.4447032279195022
3565,0.3608,22,33,22,645959,30485,101838,24418,0.24145387149917627,0.44474801012695114
3566,0.3609,23,21,23,645980,30464,101861,24395,0.24128754277024458,0.44468546637744033
3567,0.361,15,24,15,646004,30440,101876,24380,0.24109745279432265,0.4447282013863553
3568,0.3611,11,31,11,646035,30409,101887,24369,0.24085191990875682,0.4448683778159115
3569,0.3612,13,24,13,646059,30385,101900,24356,0.2406618299328349,0.4449315869275315
3570,0.3613,20,33,20,646092,30352,101920,24336,0.24040045621594222,0.44499707431246344
3571,0.3614,14,24,14,646116,30328,101934,24322,0.2402103662400203,0.44505032021957913
3572,0.3615,16,22,16,646138,30306,101950,24306,0.24003611709542516,0.44506701823774997
3573,0.3616,16,28,16,646166,30278,101966,24290,0.23981434545684957,0.4451326784928896
3574,0.3617,13,24,13,646190,30254,101979,24277,0.23962425548092764,0.44519631035557755
3575,0.3618,17,26,17,646216,30228,101996,24260,0.23941832467367888,0.445235648216121
3576,0.3619,8,31,8,646247,30197,102004,24252,0.23917279178811304,0.44540762915756027
3577,0.362,17,23,17,646270,30174,102021,24235,0.23899062222785453,0.4454226322850999
3578,0.3621,13,25,13,646295,30149,102034,24222,0.23879261183626918,0.4454948409997977
3579,0.3622,15,22,15,646317,30127,102049,24207,0.23861836269167405,0.4455221408326278
3580,0.3623,19,25,19,646342,30102,102068,24188,0.2384203523000887,0.4455332473752072
3581,0.3624,13,18,13,646360,30084,102081,24175,0.23827778481814726,0.44554820398459244
3582,0.3625,10,22,10,646382,30062,102091,24165,0.23810353567355214,0.44562671731794123
3583,0.3626,18,24,18,646406,30038,102109,24147,0.2379134456976302,0.445639937252007
3584,0.3627,14,23,14,646429,30015,102123,24133,0.2377312761373717,0.4456858979094334
3585,0.3628,15,30,15,646459,29985,102138,24118,0.23749366366746927,0.44577934680147124
3586,0.3629,13,29,13,646488,29956,102151,24105,0.23726397161323026,0.44588520375131796
3587,0.363,25,30,25,646518,29926,102176,24080,0.23702635914332784,0.44587638410546976
3588,0.3631,11,20,11,646538,29906,102187,24069,0.23686795083005957,0.4459286706808708
3589,0.3632,9,26,9,646564,29880,102196,24060,0.2366620200228108,0.4460511679644049
3590,0.3633,11,21,11,646585,29859,102207,24049,0.2364956912938791,0.4461118943385026
3591,0.3634,14,25,14,646610,29834,102221,24035,0.23629768090229375,0.44617498004418127
3592,0.3635,12,17,12,646627,29817,102233,24023,0.23616303383601572,0.4461924219910847
3593,0.3636,13,32,13,646659,29785,102246,24010,0.23590958053478647,0.44632400780741704
3594,0.3637,14,21,14,646680,29764,102260,23996,0.23574325180585476,0.44635416666666666
3595,0.3638,10,17,10,646697,29747,102270,23986,0.23560860473957673,0.4463923473470679
3596,0.3639,17,27,17,646724,29720,102287,23969,0.23539475351666456,0.44644154296038296
3597,0.364,11,20,11,646744,29700,102298,23958,0.23523634520339629,0.44649446494464945
3598,0.3641,13,32,13,646776,29668,102311,23945,0.23498289190216703,0.44662675097457705
3599,0.3642,9,18,9,646794,29650,102320,23936,0.23484032442022557,0.4466838353301235
3600,0.3643,11,23,11,646817,29627,102331,23925,0.23465815485996705,0.44676202569465195
3601,0.3644,10,26,10,646843,29601,102341,23915,0.2344522240527183,0.4468757007250168
3602,0.3645,13,22,13,646865,29579,102354,23902,0.2342779749081232,0.4469250761952843
3603,0.3646,11,26,11,646891,29553,102365,23891,0.23407204410087443,0.44702866551904796
3604,0.3647,11,25,11,646916,29528,102376,23880,0.23387403370928905,0.4471240263630917
3605,0.3648,15,31,15,646947,29497,102391,23865,0.23362850082372322,0.44722836475394473
3606,0.3649,22,26,22,646973,29471,102413,23843,0.23342257001647446,0.4472183666579135
3607,0.365,8,25,8,646998,29446,102421,23835,0.2332245596248891,0.4473452074848445
3608,0.3651,13,22,13,647020,29424,102434,23822,0.233050310480294,0.4473951094917928
3609,0.3652,16,25,16,647045,29399,102450,23806,0.23285230008870866,0.44743915045578425
3610,0.3653,16,21,16,647066,29378,102466,23790,0.23268597135977695,0.44744959374059584
3611,0.3654,18,27,18,647093,29351,102484,23772,0.23247212013686477,0.44748978785083676
3612,0.3655,11,27,11,647120,29324,102495,23761,0.2322582689139526,0.44760290100781763
3613,0.3656,14,30,14,647150,29294,102509,23747,0.23202065644405018,0.44771026187289076
3614,0.3657,14,28,14,647178,29266,102523,23733,0.2317988848054746,0.4478009019038095
3615,0.3658,9,24,9,647202,29242,102532,23724,0.23160879482955266,0.4479099799871616
3616,0.3659,13,17,13,647219,29225,102545,23711,0.23147414776327463,0.44791824089466525
3617,0.366,13,29,13,647248,29196,102558,23698,0.23124445570903562,0.4480281317351685
3618,0.3661,14,23,14,647271,29173,102572,23684,0.23106228614877708,0.44807688669428836
3619,0.3662,6,22,6,647293,29151,102578,23678,0.23088803700418198,0.44820079880368735
3620,0.3663,13,29,13,647322,29122,102591,23665,0.23065834494994297,0.44831113721181354
3621,0.3664,13,26,13,647348,29096,102604,23652,0.2304524141426942,0.4483961477212406
3622,0.3665,13,19,13,647367,29077,102617,23639,0.23030192624508936,0.4484217315426057
3623,0.3666,11,28,11,647395,29049,102628,23628,0.23008015460651374,0.4485449057463409
3624,0.3667,15,25,15,647420,29024,102643,23613,0.2298821442149284,0.4486007941182058
3625,0.3668,14,18,14,647438,29006,102657,23599,0.22973957673298695,0.4486075468111396
3626,0.3669,17,27,17,647465,28979,102674,23582,0.22952572551007477,0.4486596525941287
3627,0.367,15,28,15,647493,28951,102689,23567,0.22930395387149918,0.44874138390647017
3628,0.3671,11,26,11,647519,28925,102700,23556,0.22909802306425042,0.4488481545702254
3629,0.3672,16,32,16,647551,28893,102716,23540,0.22884456976302117,0.4489539030763069
3630,0.3673,14,36,14,647587,28857,102730,23526,0.22855943479913826,0.4491151709524082
3631,0.3674,10,19,10,647606,28838,102740,23516,0.2284089469015334,0.4491729380754097
3632,0.3675,18,38,18,647644,28800,102758,23498,0.22810797110632366,0.44930972503728633
3633,0.3676,9,29,9,647673,28771,102767,23489,0.22787827905208466,0.44946421737466513
3634,0.3677,15,19,15,647692,28752,102782,23474,0.22772779115447978,0.4494696128365182
3635,0.3678,12,25,12,647717,28727,102794,23462,0.22752978076289443,0.4495583360478262
3636,0.3679,14,26,14,647743,28701,102808,23448,0.22732384995564567,0.44963470056952193
3637,0.368,10,13,10,647756,28688,102818,23438,0.2272208845520213,0.44964125388481757
3638,0.3681,8,22,8,647778,28666,102826,23430,0.22704663540742617,0.4497466216216216
3639,0.3682,16,30,16,647808,28636,102842,23414,0.22680902293752375,0.44983669548511046
3640,0.3683,8,18,8,647826,28618,102850,23406,0.2266664554555823,0.4499077348915885
3641,0.3684,18,22,18,647848,28596,102868,23388,0.2264922063109872,0.44990766389658354
3642,0.3685,17,19,17,647867,28577,102885,23371,0.22634171841338233,0.4498921998921999
3643,0.3686,12,32,12,647899,28545,102897,23359,0.22608826511215308,0.4500423859432799
3644,0.3687,17,29,17,647928,28516,102914,23342,0.22585857305791407,0.45011377222415055
3645,0.3688,20,26,20,647954,28490,102934,23322,0.2256526422506653,0.4501273836176947
3646,0.3689,12,18,12,647972,28472,102946,23310,0.22551007476872387,0.4501564250125526
3647,0.369,11,24,11,647996,28448,102957,23299,0.22531998479280194,0.4502483235743135
3648,0.3691,20,27,20,648023,28421,102977,23279,0.22510613356988976,0.4502707930367505
3649,0.3692,18,20,18,648043,28401,102995,23261,0.22494772525662146,0.4502535712903101
3650,0.3693,14,16,14,648059,28385,103009,23247,0.22482099860600685,0.45024403470715835
3651,0.3694,13,21,13,648080,28364,103022,23234,0.22465466987707514,0.45028877088259234
3652,0.3695,13,30,13,648110,28334,103035,23221,0.22441705740717272,0.45041218116574533
3653,0.3696,16,30,16,648140,28304,103051,23205,0.2241794449372703,0.4505037954532218
3654,0.3697,10,26,10,648166,28278,103061,23195,0.22397351413002153,0.4506245993044897
3655,0.3698,17,30,17,648196,28248,103078,23178,0.2237359016601191,0.45070586862676465
3656,0.3699,16,26,16,648222,28222,103094,23162,0.22352997085287035,0.450762883387825
3657,0.37,6,24,6,648246,28198,103100,23156,0.22333988087694842,0.45090937414807025
3658,0.3701,14,15,14,648261,28183,103114,23142,0.22322107464199722,0.45089137847053096
3659,0.3702,21,25,21,648286,28158,103135,23121,0.22302306425041185,0.45088632773650034
3660,0.3703,21,26,21,648312,28132,103156,23100,0.2228171334431631,0.4508900687070581
3661,0.3704,10,25,10,648337,28107,103166,23090,0.22261912305157774,0.4510029884563549
3662,0.3705,12,33,12,648370,28074,103178,23078,0.22235774933468508,0.4511651548326556
3663,0.3706,10,33,10,648403,28041,103188,23068,0.2220963756177924,0.4513490774618952
3664,0.3707,16,27,16,648430,28014,103204,23052,0.22188252439488024,0.4514158148278698
3665,0.3708,10,34,10,648464,27980,103214,23042,0.22161323026232416,0.4516091097957744
3666,0.3709,21,19,21,648483,27961,103235,23021,0.2214627423647193,0.4515515279902711
3667,0.371,7,19,7,648502,27942,103242,23014,0.22131225446711444,0.451644556087605
3668,0.3711,11,28,11,648530,27914,103253,23003,0.22109048282853885,0.4517744564683701
3669,0.3712,9,34,9,648564,27880,103262,22994,0.22082118869598277,0.4519794000864882
3670,0.3713,13,27,13,648591,27853,103275,22981,0.2206073374730706,0.45207931699256404
3671,0.3714,12,24,12,648615,27829,103287,22969,0.22041724749714864,0.45216347100279536
3672,0.3715,15,23,15,648638,27806,103302,22954,0.22023507793689012,0.4522064617809299
3673,0.3716,13,24,13,648662,27782,103315,22941,0.2200449879609682,0.4522800307552787
3674,0.3717,10,30,10,648692,27752,103325,22931,0.21980737549106577,0.4524396740524436
3675,0.3718,12,18,12,648710,27734,103337,22919,0.21966480800912433,0.452470732236985
3676,0.3719,13,29,13,648739,27705,103350,22906,0.21943511595488532,0.45258935804469386
3677,0.372,18,25,18,648764,27680,103368,22888,0.21923710556329995,0.4526182566049676
3678,0.3721,11,44,11,648808,27636,103379,22877,0.21888860727410975,0.45289331459228316
3679,0.3722,19,25,19,648833,27611,103398,22858,0.2186905968825244,0.4529116883631536
3680,0.3723,20,21,20,648854,27590,103418,22838,0.2185242681535927,0.4528833187911478
3681,0.3724,13,26,13,648880,27564,103431,22825,0.21831833734634393,0.45297584790331225
3682,0.3725,16,24,16,648904,27540,103447,22809,0.218128247370422,0.45301793481499136
3683,0.3726,13,22,13,648926,27518,103460,22796,0.2179539982258269,0.4530746909408912
3684,0.3727,16,28,16,648954,27490,103476,22780,0.2177322265872513,0.4531529739407201
3685,0.3728,13,25,13,648979,27465,103489,22767,0.21753421619566596,0.45323698041089344
3686,0.3729,16,19,16,648998,27446,103505,22751,0.21738372829806107,0.4532342570273124
3687,0.373,14,30,14,649028,27416,103519,22737,0.21714611582815865,0.453352740613722
3688,0.3731,16,29,16,649057,27387,103535,22721,0.21691642377391965,0.4534405683723158
3689,0.3732,9,20,9,649077,27367,103544,22712,0.21675801546065138,0.4535234329758981
3690,0.3733,11,26,11,649103,27341,103555,22701,0.21655208465340262,0.4536389432876384
3691,0.3734,8,16,8,649119,27325,103563,22693,0.21642535800278798,0.45369666919908835
3692,0.3735,8,22,8,649141,27303,103571,22685,0.21625110885819288,0.45380891413939345
3693,0.3736,17,32,17,649173,27271,103588,22668,0.21599765555696362,0.4539137748052624
3694,0.3737,20,19,20,649192,27252,103608,22648,0.21584716765935877,0.4538677354709419
3695,0.3738,12,30,12,649222,27222,103620,22636,0.21560955518945635,0.454009386658109
3696,0.3739,16,27,16,649249,27195,103636,22620,0.21539570396654417,0.45408009635651914
3697,0.374,5,25,5,649274,27170,103641,22615,0.21519769357495883,0.45425328914331625
3698,0.3741,11,20,11,649294,27150,103652,22604,0.21503928526169053,0.4543152309362061
3699,0.3742,12,20,12,649314,27130,103664,22592,0.21488087694842226,0.45436627649732514
3700,0.3743,13,20,13,649334,27110,103677,22579,0.21472246863515398,0.45440640785686975
3701,0.3744,15,30,15,649364,27080,103692,22564,0.21448485616525156,0.45451615502376924
3702,0.3745,13,15,13,649379,27065,103705,22551,0.21436604993030034,0.45451064172847466
3703,0.3746,18,21,18,649400,27044,103723,22533,0.21419972120136865,0.45450511325816406
3704,0.3747,17,26,17,649426,27018,103740,22516,0.2139937903941199,0.45455646626559537
3705,0.3748,17,27,17,649453,26991,103757,22499,0.21377993917120772,0.4546170943624975
3706,0.3749,16,21,16,649474,26970,103773,22483,0.213613610442276,0.4546336925970113
3707,0.375,23,26,23,649500,26944,103796,22460,0.21340767963502724,0.45461905918549106
3708,0.3751,8,17,8,649517,26927,103804,22452,0.21327303256874922,0.45468721521294475
3709,0.3752,15,18,15,649535,26909,103819,22437,0.21313046508680775,0.4546873100149961
3710,0.3753,14,25,14,649560,26884,103833,22423,0.2129324546952224,0.45476301539335184
3711,0.3754,12,28,12,649588,26856,103845,22411,0.2127106830566468,0.4548886678709887
3712,0.3755,21,26,21,649614,26830,103866,22390,0.21250475224939805,0.454896383583909
3713,0.3756,11,23,11,649637,26807,103877,22379,0.21232258268913953,0.45498719147724964
3714,0.3757,16,17,16,649654,26790,103893,22363,0.21218793562286148,0.45496714340935446
3715,0.3758,16,25,16,649679,26765,103909,22347,0.21198992523127613,0.45502117608731063
3716,0.3759,10,22,10,649701,26743,103919,22337,0.21181567608668103,0.45511409942950287
3717,0.376,15,21,15,649722,26722,103934,22322,0.21164934735774935,0.45514232118098036
3718,0.3761,9,19,9,649741,26703,103943,22313,0.21149885946014446,0.4552187040966215
3719,0.3762,20,22,20,649763,26681,103963,22293,0.21132461031554936,0.4552007187487238
3720,0.3763,14,27,14,649790,26654,103977,22279,0.21111075909263718,0.4552960170028406
3721,0.3764,9,24,9,649814,26630,103986,22270,0.21092066911671525,0.4554192229038855
3722,0.3765,7,20,7,649834,26610,103993,22263,0.21076226080344695,0.4555275919219201
3723,0.3766,10,16,10,649850,26594,104003,22253,0.21063553415283234,0.4555653366634594
3724,0.3767,9,20,9,649870,26574,104012,22244,0.21047712583956407,0.45565160391658815
3725,0.3768,12,22,12,649892,26552,104024,22232,0.21030287669496894,0.455723187930469
3726,0.3769,7,27,7,649919,26525,104031,22225,0.21008902547205677,0.4558974358974359
3727,0.377,11,34,11,649953,26491,104042,22214,0.2098197313395007,0.45609280361359206
3728,0.3771,6,23,6,649976,26468,104048,22208,0.20963756177924217,0.45624126879776483
3729,0.3772,13,21,13,649997,26447,104061,22195,0.20947123305031048,0.4562929155873525
3730,0.3773,11,25,11,650022,26422,104072,22184,0.20927322265872514,0.45640455910792904
3731,0.3774,14,26,14,650048,26396,104086,22170,0.20906729185147638,0.4564921961866326
3732,0.3775,14,22,14,650070,26374,104100,22156,0.20889304270688125,0.45654234494127344
3733,0.3776,11,22,11,650092,26352,104111,22145,0.20871879356228615,0.4566261830628699
3734,0.3777,10,23,10,650115,26329,104121,22135,0.20853662400202763,0.4567307692307692
3735,0.3778,5,17,5,650132,26312,104126,22130,0.20840197693574958,0.4568349779117295
3736,0.3779,10,23,10,650155,26289,104136,22120,0.20821980737549106,0.4569398252391084
3737,0.378,16,21,16,650176,26268,104152,22104,0.20805347864655938,0.45695857107417515
3738,0.3781,7,27,7,650203,26241,104159,22097,0.2078396274236472,0.4571351731556953
3739,0.3782,15,28,15,650231,26213,104174,22082,0.2076178557850716,0.45723159747385855
3740,0.3783,19,18,19,650249,26195,104193,22063,0.20747528830313014,0.4571884454390982
3741,0.3784,13,18,13,650267,26177,104206,22050,0.2073327208211887,0.45721276463391874
3742,0.3785,12,27,12,650294,26150,104218,22038,0.20711886959827652,0.45733377604382836
3743,0.3786,18,24,18,650318,26126,104236,22020,0.2069287796223546,0.4573588667802102
3744,0.3787,17,24,17,650342,26102,104253,22003,0.20673868964643263,0.457395281155805
3745,0.3788,8,19,8,650361,26083,104261,21995,0.20658820174882778,0.45748575231914806
3746,0.3789,10,17,10,650378,26066,104271,21985,0.20645355468254975,0.45753470271170216
3747,0.379,10,24,10,650402,26042,104281,21975,0.2062634647066278,0.45765041547785157
3748,0.3791,17,25,17,650427,26017,104298,21958,0.20606545431504245,0.45769671704012505
3749,0.3792,11,31,11,650458,25986,104309,21947,0.2058199214294766,0.45786827446644274
3750,0.3793,15,18,15,650476,25968,104324,21932,0.20567735394753517,0.4578705636743215
3751,0.3794,16,22,16,650498,25946,104340,21916,0.20550310480294007,0.45789979524466173
3752,0.3795,22,21,22,650519,25925,104362,21894,0.20533677607400835,0.4578514816286413
3753,0.3796,12,27,12,650546,25898,104374,21882,0.20512292485109618,0.45797404771871075
3754,0.3797,15,18,15,650564,25880,104389,21867,0.20498035736915474,0.4579764173665361
3755,0.3798,16,24,16,650588,25856,104405,21851,0.2047902673932328,0.45802502777370196
3756,0.3799,11,24,11,650612,25832,104416,21840,0.20460017741731085,0.4581305588185937
3757,0.38,13,15,13,650627,25817,104429,21827,0.20448137118235965,0.4581269414826631
3758,0.3801,12,33,12,650660,25784,104441,21815,0.20421999746546698,0.45830794764595895
3759,0.3802,14,21,14,650681,25763,104455,21801,0.2040536687365353,0.45835085358674627
3760,0.3803,14,21,14,650702,25742,104469,21787,0.2038873400076036,0.45839382271876117
3761,0.3804,6,26,6,650728,25716,104475,21781,0.20368140920035482,0.4585763311367034
3762,0.3805,15,30,15,650758,25686,104490,21766,0.2034437967304524,0.45869510241928685
3763,0.3806,14,25,14,650783,25661,104504,21752,0.20324578633886706,0.45877712863560627
3764,0.3807,12,23,12,650806,25638,104516,21740,0.20306361677860854,0.4588627633078644
3765,0.3808,11,14,11,650820,25624,104527,21729,0.20295273095932073,0.4588727218972399
3766,0.3809,13,20,13,650840,25604,104540,21716,0.20279432264605246,0.4589180050718512
3767,0.381,19,22,19,650862,25582,104559,21697,0.20262007350145736,0.45891410562829166
3768,0.3811,13,15,13,650877,25567,104572,21684,0.20250126726650614,0.4589109225201583
3769,0.3812,17,18,17,650895,25549,104589,21667,0.2023586997845647,0.45889105388004064
3770,0.3813,18,15,18,650910,25534,104607,21649,0.2022398935496135,0.4588305109891274
3771,0.3814,21,26,21,650936,25508,104628,21628,0.2020339627423647,0.45884249830278345
3772,0.3815,18,30,18,650966,25478,104646,21610,0.2017963502724623,0.4589279646619096
3773,0.3816,13,24,13,650990,25454,104659,21597,0.20160626029654036,0.4590125608382394
3774,0.3817,13,18,13,651008,25436,104672,21584,0.20146369281459892,0.4590387069332199
3775,0.3818,6,29,6,651037,25407,104678,21578,0.2012340007603599,0.45925295307012876
3776,0.3819,9,24,9,651061,25383,104687,21569,0.20104391078443798,0.4593840517975805
3777,0.382,12,30,12,651091,25353,104699,21557,0.20080629831453556,0.45953954380729056
3778,0.3821,12,24,12,651115,25329,104711,21545,0.2006162083386136,0.45963647224474125
3779,0.3822,11,17,11,651132,25312,104722,21534,0.20048156127233557,0.4596763864577552
3780,0.3823,16,24,16,651156,25288,104738,21518,0.20029147129641364,0.459727385377943
3781,0.3824,18,13,18,651169,25275,104756,21500,0.20018850589278925,0.4596472474612507
3782,0.3825,14,18,14,651187,25257,104770,21486,0.2000459384108478,0.4596624093447147
3783,0.3826,6,19,6,651206,25238,104776,21480,0.19989545051324292,0.4597799563337472
3784,0.3827,18,25,18,651231,25213,104794,21462,0.19969744012165758,0.45981788966256026
3785,0.3828,21,18,21,651249,25195,104815,21441,0.19955487263971614,0.45975212282356975
3786,0.3829,15,21,15,651270,25174,104830,21426,0.19938854391078445,0.4597854077253219
3787,0.383,12,21,12,651291,25153,104842,21414,0.19922221518185274,0.45985354435544484
3788,0.3831,16,17,16,651308,25136,104858,21398,0.1990875681155747,0.4598358189710749
3789,0.3832,14,19,14,651327,25117,104872,21384,0.19893708021796985,0.45986107825638156
3790,0.3833,12,24,12,651351,25093,104884,21372,0.1987469902420479,0.4599591090067793
3791,0.3834,10,20,10,651371,25073,104894,21362,0.19858858192877962,0.4600409174114353
3792,0.3835,8,31,8,651402,25042,104902,21354,0.1983430490432138,0.4602551944133115
3793,0.3836,18,22,18,651424,25020,104920,21336,0.19816879989861869,0.46026404348951594
3794,0.3837,10,19,10,651443,25001,104930,21326,0.1980183120010138,0.46033630496254885
3795,0.3838,11,22,11,651465,24979,104941,21315,0.1978440628564187,0.4604268371711237
3796,0.3839,16,24,16,651489,24955,104957,21299,0.19765397288049677,0.46047909370000434
3797,0.384,17,25,17,651514,24930,104974,21282,0.19745596248891142,0.46052973253700336
3798,0.3841,17,25,17,651539,24905,104991,21265,0.19725795209732608,0.4605804635044401
3799,0.3842,13,27,13,651566,24878,105004,21252,0.1970441008744139,0.4606980273141123
3800,0.3843,11,25,11,651591,24853,105015,21241,0.19684609048282853,0.4608191955569055
3801,0.3844,12,18,12,651609,24835,105027,21229,0.1967035230008871,0.46085880514067384
3802,0.3845,15,18,15,651627,24817,105042,21214,0.19656095551894565,0.4608633312332993
3803,0.3846,13,22,13,651649,24795,105055,21201,0.19638670637435052,0.4609313853378555
3804,0.3847,12,23,12,651672,24772,105067,21189,0.196204536814092,0.4610213006679576
3805,0.3848,10,20,10,651692,24752,105077,21179,0.19604612850082373,0.46110470052905445
3806,0.3849,11,19,11,651711,24733,105088,21168,0.19589564060321885,0.4611664233894686
3807,0.385,13,14,13,651725,24719,105101,21155,0.19578475478393106,0.4611544665823778
3808,0.3851,10,25,10,651750,24694,105111,21145,0.19558674439234572,0.46128842252230634
3809,0.3852,9,20,9,651770,24674,105120,21136,0.19542833607907742,0.4613839772975333
3810,0.3853,15,19,15,651789,24655,105135,21121,0.19527784818147256,0.46139898636840265
3811,0.3854,10,19,10,651808,24636,105145,21111,0.1951273602838677,0.4614728834677684
3812,0.3855,12,20,12,651828,24616,105157,21099,0.1949689519705994,0.46153341354041344
3813,0.3856,19,24,19,651852,24592,105176,21080,0.19477886199467748,0.4615519355403748
3814,0.3857,22,14,22,651866,24578,105198,21058,0.1946679761753897,0.461433955649049
3815,0.3858,14,24,14,651890,24554,105212,21044,0.19447788619946774,0.4615114698013071
3816,0.3859,10,20,10,651910,24534,105222,21034,0.19431947788619947,0.46159585674157305
3817,0.386,16,26,16,651936,24508,105238,21018,0.1941135470789507,0.46167025436014586
3818,0.3861,16,15,16,651951,24493,105254,21002,0.19399474084399948,0.46163314649961534
3819,0.3862,8,19,8,651970,24474,105262,20994,0.19384425294639462,0.461731327527052
3820,0.3863,12,19,12,651989,24455,105274,20982,0.19369376504878977,0.46178224794770784
3821,0.3864,10,19,10,652008,24436,105284,20972,0.19354327715118488,0.4618569415081043
3822,0.3865,11,25,11,652033,24411,105295,20961,0.19334526675959954,0.4619809574186723
3823,0.3866,19,23,19,652056,24388,105314,20942,0.19316309719934102,0.4619898521950143
3824,0.3867,17,27,17,652083,24361,105331,20925,0.19294924597642885,0.4620633308307203
3825,0.3868,11,18,11,652101,24343,105342,20914,0.19280667849448738,0.462116357690523
3826,0.3869,10,20,10,652121,24323,105352,20904,0.1926482701812191,0.4622017821212992
3827,0.387,9,22,9,652143,24301,105361,20895,0.192474021036624,0.46231967430746085
3828,0.3871,11,23,11,652166,24278,105372,20884,0.1922918514763655,0.4624241619060272
3829,0.3872,11,28,11,652194,24250,105383,20873,0.1920700798377899,0.46258005894998117
3830,0.3873,10,26,10,652220,24224,105393,20863,0.1918641490305411,0.4627276154989243
3831,0.3874,14,24,14,652244,24200,105407,20849,0.19167405905461918,0.46280716553086637
3832,0.3875,19,21,19,652265,24179,105426,20830,0.1915077303256875,0.4627963296229643
3833,0.3876,19,19,19,652284,24160,105445,20811,0.19135724242808264,0.462764892931
3834,0.3877,11,24,11,652308,24136,105456,20800,0.19116715245216068,0.46288054121417127
3835,0.3878,12,17,12,652325,24119,105468,20788,0.19103250538588265,0.46291224085331906
3836,0.3879,17,18,17,652343,24101,105485,20771,0.1908899379039412,0.46289445533963275
3837,0.388,7,22,7,652365,24079,105492,20764,0.19071568875934608,0.46303770934148025
3838,0.3881,12,31,12,652396,24048,105504,20752,0.19047015587378024,0.4632142857142857
3839,0.3882,13,10,13,652406,24038,105517,20739,0.19039095171714612,0.46316189114947404
3840,0.3883,14,20,14,652426,24018,105531,20725,0.19023254340387782,0.46320094763426684
3841,0.3884,9,18,9,652444,24000,105540,20716,0.19008997592193638,0.46327936309151085
3842,0.3885,21,28,21,652472,23972,105561,20695,0.1898682042833608,0.4633174379295677
3843,0.3886,13,23,13,652495,23949,105574,20682,0.18968603472310228,0.4633998790078645
3844,0.3887,12,29,12,652524,23920,105586,20670,0.18945634266886327,0.46355685131195334
3845,0.3888,17,19,17,652543,23901,105603,20653,0.18930585477125839,0.463549849620685
3846,0.3889,16,16,16,652559,23885,105619,20637,0.18917912812064377,0.46352365122860606
3847,0.389,9,24,9,652583,23861,105628,20628,0.18898903814472184,0.4636651756613994
3848,0.3891,15,18,15,652601,23843,105643,20613,0.18884647066278037,0.4636719452942235
3849,0.3892,13,18,13,652619,23825,105656,20600,0.18870390318083893,0.4637028700056275
3850,0.3893,14,26,14,652645,23799,105670,20586,0.18849797237359017,0.46380533964177084
3851,0.3894,26,16,26,652661,23783,105696,20560,0.18837124572297553,0.46365830006990955
3852,0.3895,16,15,16,652676,23768,105712,20544,0.18825243948802434,0.4636215923451887
3853,0.3896,8,23,8,652699,23745,105720,20536,0.18807026992776582,0.4637654976174883
3854,0.3897,8,20,8,652719,23725,105728,20528,0.18791186161449752,0.4638781551533229
3855,0.3898,12,25,12,652744,23700,105740,20516,0.18771385122291218,0.46399493396055724
3856,0.3899,15,16,15,652760,23684,105755,20501,0.18758712457229756,0.4639809890234242
3857,0.39,12,16,12,652776,23668,105767,20489,0.18746039792168293,0.4640034422628349
3858,0.3901,13,24,13,652800,23644,105780,20476,0.187270307945761,0.46409791477787854
3859,0.3902,11,22,11,652822,23622,105791,20465,0.1870960588011659,0.4641957946787035
3860,0.3903,15,17,15,652839,23605,105806,20450,0.18696141173488784,0.4641924866643968
3861,0.3904,10,27,10,652866,23578,105816,20440,0.18674756051197566,0.46435549093552636
3862,0.3905,15,19,15,652885,23559,105831,20425,0.1865970726143708,0.4643734085121862
3863,0.3906,9,29,9,652914,23530,105840,20416,0.1863673805601318,0.46457015428025306
3864,0.3907,16,24,16,652938,23506,105856,20400,0.18617729058420987,0.46462898009383685
3865,0.3908,18,23,18,652961,23483,105874,20382,0.18599512102395133,0.46465291234469397
3866,0.3909,12,22,12,652983,23461,105886,20370,0.18582087187935623,0.46473956788574294
3867,0.391,14,12,14,652995,23449,105900,20356,0.18572582689139527,0.4646958109804817
3868,0.3911,11,12,11,653007,23437,105911,20345,0.1856307819034343,0.4646886848476543
3869,0.3912,17,19,17,653026,23418,105928,20328,0.18548029400582944,0.4646824852557948
3870,0.3913,7,28,7,653054,23390,105935,20321,0.18525852236725385,0.4648944201688362
3871,0.3914,9,24,9,653078,23366,105944,20312,0.1850684323913319,0.4650396080406612
3872,0.3915,13,19,13,653097,23347,105957,20299,0.18491794449372703,0.4650827109013426
3873,0.3916,18,14,18,653111,23333,105975,20281,0.18480705867443922,0.46501123492456553
3874,0.3917,10,23,10,653134,23310,105985,20271,0.1846248891141807,0.46513388862118815
3875,0.3918,16,23,16,653157,23287,106001,20255,0.1844427195539222,0.46518304166092506
3876,0.3919,5,15,5,653172,23272,106006,20250,0.18432391331897097,0.4652819263820597
3877,0.392,9,24,9,653196,23248,106015,20241,0.18413382334304904,0.46542803927429927
3878,0.3921,12,15,12,653211,23233,106027,20229,0.18401501710809784,0.4654410749620358
3879,0.3922,8,21,8,653232,23212,106035,20221,0.18384868837916613,0.46556765592982297
3880,0.3923,15,19,15,653251,23193,106050,20206,0.18369820048156127,0.46558676467199706
3881,0.3924,20,21,20,653272,23172,106070,20186,0.18353187175262958,0.4655657548779925
3882,0.3925,13,23,13,653295,23149,106083,20173,0.18334970219237107,0.4656525552836896
3883,0.3926,25,24,25,653319,23125,106108,20148,0.1831596122164491,0.46560210754974235
3884,0.3927,16,32,16,653351,23093,106124,20132,0.18290615891521986,0.465748987854251
3885,0.3928,16,23,16,653374,23070,106140,20116,0.18272398935496134,0.465799101560691
3886,0.3929,11,18,11,653392,23052,106151,20105,0.1825814218730199,0.4658572189911254
3887,0.393,13,16,13,653408,23036,106164,20092,0.18245469522240526,0.4658690409942497
3888,0.3931,11,17,11,653425,23019,106175,20081,0.18232004815612723,0.46591647331786545
3889,0.3932,10,19,10,653444,23000,106185,20071,0.18216956025852238,0.4659980032968819
3890,0.3933,11,18,11,653462,22982,106196,20060,0.1820269927765809,0.4660564100181218
3891,0.3934,10,19,10,653481,22963,106206,20050,0.18187650487897605,0.46613814428196126
3892,0.3935,9,15,9,653496,22948,106215,20041,0.18175769864402483,0.46618902509944404
3893,0.3936,15,25,15,653521,22923,106230,20026,0.18155968825243948,0.46627395282777245
3894,0.3937,15,28,15,653549,22895,106245,20011,0.1813379166138639,0.4663916468559176
3895,0.3938,18,20,18,653569,22875,106263,19993,0.18117950830059562,0.46638518242045346
3896,0.3939,12,22,12,653591,22853,106275,19981,0.18100525915600052,0.4664752299575104
3897,0.394,11,15,11,653606,22838,106286,19970,0.1808864529210493,0.46650158848813306
3898,0.3941,13,19,13,653625,22819,106299,19957,0.18073596502344444,0.4665466616794464
3899,0.3942,8,19,8,653644,22800,106307,19949,0.18058547712583956,0.4666541907413039
3900,0.3943,10,22,10,653666,22778,106317,19939,0.18041122798124445,0.46676967015473936
3901,0.3944,10,19,10,653685,22759,106327,19929,0.1802607400836396,0.4668525112443778
3902,0.3945,21,23,21,653708,22736,106348,19908,0.18007857052338105,0.46684175968483255
3903,0.3946,12,15,12,653723,22721,106360,19896,0.17995976428842986,0.46685594950371917
3904,0.3947,11,23,11,653746,22698,106371,19885,0.17977759472817134,0.46697038724373574
3905,0.3948,9,19,9,653765,22679,106380,19876,0.17962710683056646,0.46706614968863824
3906,0.3949,7,23,7,653788,22656,106387,19869,0.17944493727030794,0.4672310405643739
3907,0.395,10,17,10,653805,22639,106397,19859,0.17931029020402992,0.46729257847428113
3908,0.3951,15,15,15,653820,22624,106412,19844,0.1791914839690787,0.4672694734859188
3909,0.3952,3,18,3,653838,22606,106415,19841,0.17904891648713725,0.46742997149386295
3910,0.3953,4,24,4,653862,22582,106419,19837,0.17885882651121532,0.46764421603526724
3911,0.3954,15,12,15,653874,22570,106434,19822,0.17876378152325434,0.46758822419324403
3912,0.3955,14,16,14,653890,22554,106448,19808,0.17863705487263973,0.4675888768235683
3913,0.3956,15,18,15,653908,22536,106463,19793,0.17849448739069826,0.46759904557159393
3914,0.3957,7,20,7,653928,22516,106470,19786,0.17833607907743,0.4677320221266134
3915,0.3958,17,21,17,653949,22495,106487,19769,0.1781697503484983,0.46775033125118304
3916,0.3959,11,19,11,653968,22476,106498,19758,0.17801926245089342,0.46782213382582755
3917,0.396,16,16,16,653984,22460,106514,19742,0.1778925358002788,0.46779773470451635
3918,0.3961,8,20,8,654004,22440,106522,19734,0.1777341274870105,0.4679186228482003
3919,0.3962,7,14,7,654018,22426,106529,19727,0.17762324166772273,0.4679856712452257
3920,0.3963,16,18,16,654036,22408,106545,19711,0.17748067418578126,0.46798357036017
3921,0.3964,6,23,6,654059,22385,106551,19705,0.17729850462552274,0.46816345925397956
3922,0.3965,17,20,17,654079,22365,106568,19688,0.17714009631225447,0.4681711173994721
3923,0.3966,12,23,12,654102,22342,106580,19676,0.17695792675199595,0.4682755009757723
3924,0.3967,10,18,10,654120,22324,106590,19666,0.17681535927005448,0.46834960704929746
3925,0.3968,12,13,12,654133,22311,106602,19654,0.17671239386643012,0.4683426665078041
3926,0.3969,11,19,11,654152,22292,106613,19643,0.17656190596882523,0.4684154047931322
3927,0.397,11,24,11,654176,22268,106624,19632,0.1763718159929033,0.46854415274463007
3928,0.3971,10,11,10,654187,22257,106634,19622,0.17628469142060577,0.4685403185367368
3929,0.3972,12,13,12,654200,22244,106646,19610,0.17618172601698137,0.4685334735031299
3930,0.3973,8,24,8,654224,22220,106654,19602,0.17599163604105944,0.4687006838506049
3931,0.3974,12,21,12,654245,22199,106666,19590,0.17582530731212775,0.4687836512000766
3932,0.3975,8,14,8,654259,22185,106674,19582,0.17571442149283995,0.46883903560226975
3933,0.3976,11,21,11,654280,22164,106685,19571,0.17554809276390826,0.46893494668743263
3934,0.3977,10,15,10,654295,22149,106695,19561,0.17542928652895703,0.46897626468472786
3935,0.3978,10,11,10,654306,22138,106705,19551,0.1753421619566595,0.4689726306699609
3936,0.3979,10,12,10,654318,22126,106715,19541,0.17524711696869852,0.46898024815801476
3937,0.398,6,8,6,654326,22118,106721,19535,0.1751837536433912,0.4689938299762322
3938,0.3981,8,16,8,654342,22102,106729,19527,0.1750570269927766,0.46907204112517714
3939,0.3982,17,16,17,654358,22086,106746,19510,0.17493030034216195,0.46903548418117125
3940,0.3983,13,16,13,654374,22070,106759,19497,0.17480357369154734,0.46904996752231337
3941,0.3984,10,28,10,654402,22042,106769,19487,0.17458180205297175,0.4692383635531797
3942,0.3985,14,11,14,654413,22031,106783,19473,0.17449467748067418,0.4691836931380108
3943,0.3986,10,29,10,654442,22002,106793,19463,0.17426498542643518,0.4693838176775594
3944,0.3987,15,21,15,654463,21981,106808,19448,0.1740986566975035,0.46942962659006976
3945,0.3988,20,25,20,654488,21956,106828,19428,0.17390064630591814,0.4694567948965784
3946,0.3989,12,18,12,654506,21938,106840,19416,0.17375807882397667,0.4695071818929245
3947,0.399,15,27,15,654533,21911,106855,19401,0.1735442276010645,0.46962141750580944
3948,0.3991,11,19,11,654552,21892,106866,19390,0.17339373970345964,0.4696962356474977
3949,0.3992,4,16,4,654568,21876,106870,19386,0.173267013052845,0.469826959429984
3950,0.3993,18,14,18,654582,21862,106888,19368,0.17315612723355722,0.46975503274314817
3951,0.3994,7,15,7,654597,21847,106895,19361,0.173037320998606,0.46983595418365365
3952,0.3995,10,15,10,654612,21832,106905,19351,0.1729185147636548,0.4698783478619819
3953,0.3996,12,16,12,654628,21816,106917,19339,0.17279178811304016,0.4699064512209938
3954,0.3997,11,23,11,654651,21793,106928,19328,0.17260961855278165,0.47002747987646215
3955,0.3998,15,7,15,654658,21786,106943,19313,0.17255417564313774,0.46991410983235604
3956,0.3999,14,12,14,654670,21774,106957,19299,0.1724591306551768,0.46987071798992036
3957,0.4,18,27,18,654697,21747,106975,19281,0.17224527943226461,0.4699473530272009
3958,0.4001,12,26,12,654723,21721,106987,19269,0.17203934862501585,0.4700902659185167
3959,0.4002,12,29,12,654752,21692,106999,19257,0.17180965657077685,0.4702678942098708
3960,0.4003,7,22,7,654774,21670,107006,19250,0.17163540742618172,0.47043010752688175
3961,0.4004,13,19,13,654793,21651,107019,19237,0.17148491952857686,0.47048033652905497
3962,0.4005,23,13,23,654806,21638,107042,19214,0.17138195412495247,0.47033192989327327
3963,0.4006,14,15,14,654821,21623,107056,19200,0.17126314789000127,0.47032310217279477
3964,0.4007,13,15,13,654836,21608,107069,19187,0.17114434165505005,0.4703272459860277
3965,0.4008,13,18,13,654854,21590,107082,19174,0.1710017741731086,0.47036600922382493
3966,0.4009,16,15,16,654869,21575,107098,19158,0.17088296793815738,0.47033118110622835
3967,0.401,13,20,13,654889,21555,107111,19145,0.1707245596248891,0.47039312039312037
3968,0.4011,12,14,12,654903,21541,107123,19133,0.17061367380560133,0.47039878054777007
3969,0.4012,7,13,7,654916,21528,107130,19126,0.17051070840197693,0.47045801151178235
3970,0.4013,16,22,16,654938,21506,107146,19110,0.17033645925738183,0.47050423478432146
3971,0.4014,10,14,10,654952,21492,107156,19100,0.17022557343809402,0.4705360662199448
3972,0.4015,14,18,14,654970,21474,107170,19086,0.17008300595615258,0.4705621301775148
3973,0.4016,12,16,12,654986,21458,107182,19074,0.16995627930553794,0.4705911378663772
3974,0.4017,12,14,12,655000,21444,107194,19062,0.16984539348625016,0.4705969486002074
3975,0.4018,10,17,10,655017,21427,107204,19052,0.1697107464199721,0.47066380098322586
3976,0.4019,9,21,9,655038,21406,107213,19043,0.16954441769104042,0.47079037800687284
3977,0.402,12,16,12,655054,21390,107225,19031,0.1694176910404258,0.4708196234630514
3978,0.4021,9,19,9,655073,21371,107234,19022,0.16926720314282093,0.4709231797588691
3979,0.4022,13,23,13,655096,21348,107247,19009,0.1690850335825624,0.4710211363580048
3980,0.4023,17,20,17,655116,21328,107264,18992,0.16892662526929414,0.471031746031746
3981,0.4024,14,18,14,655134,21310,107278,18978,0.16878405778735267,0.4710583796664019
3982,0.4025,14,19,14,655153,21291,107292,18964,0.16863356988974781,0.4710967581666874
3983,0.4026,13,16,13,655169,21275,107305,18951,0.1685068432391332,0.47111321036145776
3984,0.4027,10,22,10,655191,21253,107315,18941,0.16833259409453807,0.4712394884808678
3985,0.4028,14,21,14,655212,21232,107329,18927,0.1681662653656064,0.471301576234468
3986,0.4029,6,22,6,655234,21210,107335,18921,0.1679920162210113,0.4714809000523286
3987,0.403,11,13,11,655247,21197,107346,18910,0.1678890508173869,0.4714887675468123
3988,0.4031,17,11,17,655258,21186,107363,18893,0.16780192624508936,0.471393996856209
3989,0.4032,8,25,8,655283,21161,107371,18885,0.16760391585350398,0.4715826799180942
3990,0.4033,14,12,14,655295,21149,107385,18871,0.16750887086554303,0.4715392303848076
3991,0.4034,11,19,11,655314,21130,107396,18860,0.16735838296793815,0.471617904476119
3992,0.4035,10,19,10,655333,21111,107406,18850,0.1672078950703333,0.47170991716924
3993,0.4036,9,17,9,655350,21094,107415,18841,0.16707324800405526,0.471791661449856
3994,0.4037,14,18,14,655368,21076,107429,18827,0.1669306805221138,0.4718191614665564
3995,0.4038,15,18,15,655386,21058,107444,18812,0.16678811304017235,0.47183345874090793
3996,0.4039,12,23,12,655409,21035,107456,18800,0.16660594347991384,0.47194678046943644
3997,0.404,15,24,15,655433,21011,107471,18785,0.16641585350399188,0.4720323650618153
3998,0.4041,14,21,14,655454,20990,107485,18771,0.1662495247750602,0.4720957722391288
3999,0.4042,13,14,13,655468,20976,107498,18758,0.1661386389557724,0.4720893944732471
4000,0.4043,17,19,17,655487,20957,107515,18741,0.16598815105816753,0.47208927401884226
4001,0.4044,17,24,17,655511,20933,107532,18724,0.1657980610822456,0.4721486748871574
4002,0.4045,10,28,10,655539,20905,107542,18714,0.16557628944367,0.4723491254196219
4003,0.4046,17,19,17,655558,20886,107559,18697,0.16542580154606515,0.4723492408357123
4004,0.4047,15,15,15,655573,20871,107574,18682,0.16530699531111392,0.47232826839936287
4005,0.4048,10,21,10,655594,20850,107584,18672,0.16514066658218224,0.47244572643084864
4006,0.4049,12,17,12,655611,20833,107596,18660,0.16500601951590418,0.47248879548274375
4007,0.405,8,18,8,655629,20815,107604,18652,0.16486345203396274,0.4725973598195961
4008,0.4051,15,15,15,655644,20800,107619,18637,0.16474464579901152,0.4725765144407536
4009,0.4052,13,20,13,655664,20780,107632,18624,0.16458623748574325,0.47264237133285963
4010,0.4053,14,19,14,655683,20761,107646,18610,0.1644357495881384,0.4726829392192223
4011,0.4054,8,16,8,655699,20745,107654,18602,0.16430902293752375,0.47276793656441407
4012,0.4055,19,15,19,655714,20730,107673,18583,0.16419021670257256,0.47269351105232366
4013,0.4056,11,25,11,655739,20705,107684,18572,0.1639922063109872,0.47284670417801766
4014,0.4057,11,30,11,655769,20675,107695,18561,0.1637545938410848,0.47306045468447344
4015,0.4058,9,21,9,655790,20654,107704,18552,0.16358826511215308,0.47319287864102433
4016,0.4059,11,24,11,655814,20630,107715,18541,0.16339817513623114,0.4733348650787572
4017,0.406,11,12,11,655826,20618,107726,18530,0.1633031301482702,0.47333197098191476
4018,0.4061,13,11,13,655837,20607,107739,18517,0.16321600557597263,0.4732900521419078
4019,0.4062,11,22,11,655859,20585,107750,18506,0.16304175643137753,0.4734082013762759
4020,0.4063,15,15,15,655874,20570,107765,18491,0.1629229501964263,0.47338777809067867
4021,0.4064,8,10,8,655884,20560,107773,18483,0.16284374603979218,0.47340112184002253
4022,0.4065,6,24,6,655908,20536,107779,18477,0.16265365606387022,0.47361136031579215
4023,0.4066,10,23,10,655931,20513,107789,18467,0.1624714865036117,0.4737557721908671
4024,0.4067,7,19,7,655950,20494,107796,18460,0.16232099860600685,0.47389228320583254
4025,0.4068,17,20,17,655970,20474,107813,18443,0.16216259029273855,0.4739060050877509
4026,0.4069,9,15,9,655985,20459,107822,18434,0.16204378405778735,0.47396703777029286
4027,0.407,13,17,13,656002,20442,107835,18421,0.16190913699150933,0.4739984046522399
4028,0.4071,21,25,21,656027,20417,107856,18400,0.16171112659992395,0.4740191153360641
4029,0.4072,11,18,11,656045,20399,107867,18389,0.1615685591179825,0.47408992471898526
4030,0.4073,7,18,7,656063,20381,107874,18382,0.16142599163604107,0.4742151020302866
4031,0.4074,14,19,14,656082,20362,107888,18368,0.1612755037384362,0.4742576813839401
4032,0.4075,13,18,13,656100,20344,107901,18355,0.16113293625649475,0.4743016615416419
4033,0.4076,4,18,4,656118,20326,107905,18351,0.16099036877455328,0.47446803009540556
4034,0.4077,14,13,14,656131,20313,107919,18337,0.1608874033709289,0.4744372574385511
4035,0.4078,4,24,4,656155,20289,107923,18333,0.16069731339500698,0.47467764486562064
4036,0.4079,10,23,10,656178,20266,107933,18323,0.16051514383474844,0.47482443183290574
4037,0.408,15,20,15,656198,20246,107948,18308,0.16035673552148016,0.4748664211236188
4038,0.4081,8,12,8,656210,20234,107956,18300,0.16026169053351919,0.47490527845539005
4039,0.4082,11,19,11,656229,20215,107967,18289,0.16011120263591433,0.4749896114689383
4040,0.4083,6,17,6,656246,20198,107973,18283,0.1599765555696363,0.4751175904992074
4041,0.4084,21,19,21,656265,20179,107994,18262,0.15982606767203142,0.47506568507583047
4042,0.4085,11,24,11,656289,20155,108005,18251,0.1596359776961095,0.47521220642607925
4043,0.4086,14,19,14,656308,20136,108019,18237,0.15948548979850463,0.475256039402705
4044,0.4087,15,11,15,656319,20125,108034,18222,0.15939836522620707,0.47518710720525725
4045,0.4088,13,18,13,656337,20107,108047,18209,0.15925579774426563,0.47523227894352227
4046,0.4089,11,26,11,656363,20081,108058,18198,0.15904986693701686,0.4754042686590559
4047,0.409,15,20,15,656383,20061,108073,18183,0.15889145862374857,0.47544712896140573
4048,0.4091,17,20,17,656403,20041,108090,18166,0.1587330503104803,0.4754626115633261
4049,0.4092,15,16,15,656419,20025,108105,18151,0.15860632365986568,0.4754557837384744
4050,0.4093,15,11,15,656430,20014,108120,18136,0.15851919908756812,0.4753866317169069
4051,0.4094,12,14,12,656444,20000,108132,18124,0.1584083132682803,0.4753960759626482
4052,0.4095,11,15,11,656459,19985,108143,18113,0.1582895070333291,0.4754317811958633
4053,0.4096,13,20,13,656479,19965,108156,18100,0.15813109872006084,0.47550243005385523
4054,0.4097,12,17,12,656496,19948,108168,18088,0.1579964516537828,0.47554947944053
4055,0.4098,7,17,7,656513,19931,108175,18081,0.15786180458750476,0.47566557929075026
4056,0.4099,10,18,10,656531,19913,108185,18071,0.1577192371055633,0.47575294860994105
4057,0.41,13,18,13,656549,19895,108198,18058,0.15757666962362185,0.47579901457065316
4058,0.4101,12,22,12,656571,19873,108210,18046,0.15740242047902675,0.47590917482001105
4059,0.4102,18,24,18,656595,19849,108228,18028,0.1572123305031048,0.4759616653906064
4060,0.4103,10,18,10,656613,19831,108238,18018,0.15706976302116335,0.4760495653782134
4061,0.4104,15,22,15,656635,19809,108253,18003,0.15689551387656825,0.47611869247857824
4062,0.4105,16,14,16,656649,19795,108269,17987,0.15678462805728044,0.4760732624000847
4063,0.4106,15,15,15,656664,19780,108284,17972,0.15666582182232924,0.4760542487815215
4064,0.4107,9,15,9,656679,19765,108293,17963,0.15654701558737802,0.4761185326547922
4065,0.4108,11,12,11,656691,19753,108304,17952,0.15645197059941707,0.47611722583211774
4066,0.4109,9,10,9,656701,19743,108313,17943,0.15637276644278292,0.47611845247572043
4067,0.411,8,21,8,656722,19722,108321,17935,0.15620643771385123,0.47627267174761667
4068,0.4111,17,17,17,656739,19705,108338,17918,0.15607179064757318,0.4762512293012253
4069,0.4112,21,13,21,656752,19692,108359,17897,0.1559688252439488,0.4761233339540823
4070,0.4113,13,15,13,656767,19677,108372,17884,0.1558500190089976,0.47613215835574135
4071,0.4114,14,22,14,656789,19655,108386,17870,0.15567576986440249,0.47621585609593603
4072,0.4115,9,19,9,656808,19636,108395,17861,0.15552528196679763,0.4763314398485212
4073,0.4116,9,17,9,656825,19619,108404,17852,0.15539063490051958,0.4764217661658349
4074,0.4117,6,23,6,656848,19596,108410,17846,0.15520846534026106,0.47663052187383154
4075,0.4118,16,25,16,656873,19571,108426,17830,0.1550104549486757,0.4767252212507687
4076,0.4119,14,18,14,656891,19553,108440,17816,0.15486788746673424,0.4767588107789879
4077,0.412,12,18,12,656909,19535,108452,17804,0.1547253199847928,0.47682048260531884
4078,0.4121,9,18,9,656927,19517,108461,17795,0.15458275250285136,0.47692431389365353
4079,0.4122,16,23,16,656950,19494,108477,17779,0.15440058294259282,0.47699407077509187
4080,0.4123,11,16,11,656966,19478,108488,17768,0.1542738562919782,0.4770445148472319
4081,0.4124,18,18,18,656984,19460,108506,17750,0.15413128881003674,0.47702230583176564
4082,0.4125,15,16,15,657000,19444,108521,17735,0.15400456215942213,0.4770165953898706
4083,0.4126,13,21,13,657021,19423,108534,17722,0.15383823343049044,0.4771032440436129
4084,0.4127,9,20,9,657041,19403,108543,17713,0.15367982511722214,0.47723353809677765
4085,0.4128,13,21,13,657062,19382,108556,17700,0.15351349638829045,0.47732053287309206
4086,0.4129,15,17,15,657079,19365,108571,17685,0.15337884932201243,0.4773279352226721
4087,0.413,10,16,10,657095,19349,108581,17675,0.1532521226713978,0.4773930423509075
4088,0.4131,16,17,16,657112,19332,108597,17659,0.15311747560511976,0.47738639128436644
4089,0.4132,8,14,8,657126,19318,108605,17651,0.15300658978583195,0.47745408315074794
4090,0.4133,17,26,17,657152,19292,108622,17634,0.1528006589785832,0.4775496939825597
4091,0.4134,10,17,10,657169,19275,108632,17624,0.15266601191230517,0.4776281200032521
4092,0.4135,13,14,13,657183,19261,108645,17611,0.15255512609301736,0.47762529832935563
4093,0.4136,12,13,12,657196,19248,108657,17599,0.152452160689393,0.47762368713870873
4094,0.4137,17,18,17,657214,19230,108674,17582,0.15230959320745152,0.47761599478430944
4095,0.4138,12,10,12,657224,19220,108686,17570,0.1522303890508174,0.47757542810546344
4096,0.4139,7,18,7,657242,19202,108693,17563,0.15208782156887593,0.4777097783217734
4097,0.414,12,23,12,657265,19179,108705,17551,0.15190565200861741,0.4778382793356929
4098,0.4141,7,28,7,657293,19151,108712,17544,0.15168388037004182,0.4781032838261344
4099,0.4142,8,13,8,657306,19138,108720,17536,0.15158091496641743,0.47815891367181107
4100,0.4143,7,22,7,657328,19116,108727,17529,0.15140666582182233,0.4783462955382726
4101,0.4144,12,29,12,657357,19087,108739,17517,0.15117697376758332,0.47855425636542454
4102,0.4145,15,20,15,657377,19067,108754,17502,0.15101856545431505,0.4786020946703492
4103,0.4146,15,9,15,657386,19058,108769,17487,0.15094728171334432,0.4785059515665618
4104,0.4147,8,19,8,657405,19039,108777,17479,0.15079679381573946,0.4786406703543458
4105,0.4148,11,16,11,657421,19023,108788,17468,0.15067006716512482,0.4786933764489874
4106,0.4149,13,13,13,657434,19010,108801,17455,0.15056710176150045,0.4786781845605375
4107,0.415,13,19,13,657453,18991,108814,17442,0.15041661386389557,0.4787418000164686
4108,0.4151,9,22,9,657475,18969,108823,17433,0.15024236471930047,0.47890225811768583
4109,0.4152,6,14,6,657489,18955,108829,17427,0.15013147890001266,0.47900060469462924
4110,0.4153,13,14,13,657503,18941,108842,17414,0.15002059308072488,0.47899876220602394
4111,0.4154,14,25,14,657528,18916,108856,17400,0.14982258268913953,0.47912765723097256
4112,0.4155,13,23,13,657551,18893,108869,17387,0.14964041312888102,0.479244762954796
4113,0.4156,9,15,9,657566,18878,108878,17378,0.1495216068939298,0.47931376875551635
4114,0.4157,11,13,11,657579,18865,108889,17367,0.1494186414903054,0.4793276661514683
4115,0.4158,11,28,11,657607,18837,108900,17356,0.1491968698517298,0.4795402425883458
4116,0.4159,17,18,17,657625,18819,108917,17339,0.14905430236978837,0.4795342662757896
4117,0.416,15,18,15,657643,18801,108932,17324,0.14891173488784692,0.47955709342560554
4118,0.4161,18,16,18,657659,18785,108950,17306,0.14878500823723229,0.479510127178521
4119,0.4162,15,18,15,657677,18767,108965,17291,0.14864244075529084,0.47953297465194966
4120,0.4163,6,18,6,657695,18749,108971,17285,0.14849987327334938,0.4796858522506522
4121,0.4164,6,11,6,657706,18738,108977,17279,0.14841274870105184,0.4797456756531638
4122,0.4165,15,23,15,657729,18715,108992,17264,0.14823057914079332,0.47983545957364016
4123,0.4166,13,18,13,657747,18697,109005,17251,0.14808801165885185,0.479887615444531
4124,0.4167,5,12,5,657759,18685,109010,17246,0.1479929666708909,0.4799755086137319
4125,0.4168,10,25,10,657784,18660,109020,17236,0.14779495627930553,0.4801649208825496
4126,0.4169,11,17,11,657801,18643,109031,17225,0.1476603092130275,0.48023307683729227
4127,0.417,12,27,12,657828,18616,109043,17213,0.14744645799011533,0.480420888107399
4128,0.4171,9,19,9,657847,18597,109052,17204,0.14729597009251044,0.4805452361665875
4129,0.4172,16,17,16,657864,18580,109068,17188,0.14716132302623242,0.4805412659360322
4130,0.4173,8,20,8,657884,18560,109076,17180,0.14700291471296414,0.48069390039171794
4131,0.4174,11,13,11,657897,18547,109087,17169,0.14689994930933975,0.48070892597155335
4132,0.4175,15,14,15,657911,18533,109102,17154,0.14678906349005197,0.480679238938549
4133,0.4176,9,19,9,657930,18514,109111,17145,0.14663857559244708,0.4808042850332314
4134,0.4177,11,13,11,657943,18501,109122,17134,0.14653561018882272,0.48081941911042514
4135,0.4178,15,22,15,657965,18479,109137,17119,0.1463613610442276,0.48089780324737347
4136,0.4179,9,12,9,657977,18467,109146,17110,0.14626631605626664,0.48092868988391374
4137,0.418,12,22,12,657999,18445,109158,17098,0.14609206691167154,0.4810511211771657
4138,0.4181,12,24,12,658023,18421,109170,17086,0.14590197693574958,0.4812008899653589
4139,0.4182,13,22,13,658045,18399,109183,17073,0.14572772779115448,0.48130920162381596
4140,0.4183,11,14,11,658059,18385,109194,17062,0.1456168419718667,0.481338336107428
4141,0.4184,18,14,18,658073,18371,109212,17044,0.14550595615257889,0.48126500070591555
4142,0.4185,5,17,5,658090,18354,109217,17039,0.14537130908630086,0.4814228802305541
4143,0.4186,11,23,11,658113,18331,109228,17028,0.14518913952604232,0.48157470516700135
4144,0.4187,11,12,11,658125,18319,109239,17017,0.14509409453808136,0.48157686212361334
4145,0.4188,10,18,10,658143,18301,109249,17007,0.1449515270561399,0.4816755409538915
4146,0.4189,10,15,10,658158,18286,109259,16997,0.1448327208211887,0.48173341269166453
4147,0.419,6,18,6,658176,18268,109265,16991,0.14469015333924726,0.48189114835928415
4148,0.4191,12,13,12,658189,18255,109277,16979,0.14458718793562286,0.48189249020832153
4149,0.4192,14,12,14,658201,18243,109291,16965,0.14449214294766188,0.48185071574642124
4150,0.4193,15,11,15,658212,18232,109306,16950,0.14440501837536435,0.4817804559149565
4151,0.4194,10,19,10,658231,18213,109316,16940,0.14425453047775946,0.4818934372599778
4152,0.4195,14,17,14,658248,18196,109330,16926,0.14411988341148144,0.4819201639997722
4153,0.4196,15,21,15,658269,18175,109345,16911,0.14395355468254975,0.48198711736875105
4154,0.4197,9,14,9,658283,18161,109354,16902,0.14384266886326194,0.4820466018309899
4155,0.4198,10,15,10,658298,18146,109364,16892,0.14372386262831074,0.4821051429876134
4156,0.4199,16,9,16,658307,18137,109380,16876,0.14365257888734,0.48199240282180905
4157,0.42,5,15,5,658322,18122,109385,16871,0.14353377265238879,0.482124996427857
4158,0.4201,15,17,15,658339,18105,109400,16856,0.14339912558611076,0.48213723863733876
4159,0.4202,10,12,10,658351,18093,109410,16846,0.14330408059814978,0.4821546123243367
4160,0.4203,11,20,11,658371,18073,109421,16835,0.1431456722848815,0.4822676750315114
4161,0.4204,11,17,11,658388,18056,109432,16824,0.14301102521860348,0.4823394495412844
4162,0.4205,10,11,10,658399,18045,109442,16814,0.14292390064630592,0.4823431538483605
4163,0.4206,10,15,10,658414,18030,109452,16804,0.14280509441135472,0.4824022506746282
4164,0.4207,11,19,11,658433,18011,109463,16793,0.14265460651374984,0.4825020112630732
4165,0.4208,10,9,10,658442,18002,109473,16783,0.1425833227727791,0.4824780796320253
4166,0.4209,13,16,13,658458,17986,109486,16770,0.1424565961221645,0.48250661756243524
4167,0.421,6,22,6,658480,17964,109492,16764,0.1422823469775694,0.4827228749136144
4168,0.4211,8,19,8,658499,17945,109500,16756,0.1421318590799645,0.4828679288781303
4169,0.4212,7,18,7,658517,17927,109507,16749,0.14198929159802307,0.4830141884877148
4170,0.4213,11,14,11,658531,17913,109518,16738,0.14187840577873526,0.48304522236010505
4171,0.4214,10,24,10,658555,17889,109528,16728,0.14168831580281332,0.48323078256348034
4172,0.4215,18,16,18,658571,17873,109546,16710,0.1415615891521987,0.48318538010004913
4173,0.4216,12,13,12,658584,17860,109558,16698,0.14145862374857432,0.48318768447248106
4174,0.4217,11,16,11,658600,17844,109569,16687,0.1413318970979597,0.4832469375343894
4175,0.4218,4,12,4,658612,17832,109573,16683,0.14123685210999873,0.48335506301607994
4176,0.4219,14,11,14,658623,17821,109587,16669,0.1411497275377012,0.4832995071035083
4177,0.422,6,24,6,658647,17797,109593,16663,0.14095963756177923,0.4835461404526988
4178,0.4221,9,9,9,658656,17788,109602,16654,0.14088835382080853,0.483537541373904
4179,0.4222,11,16,11,658672,17772,109613,16643,0.1407616271701939,0.48359726863286356
4180,0.4223,9,19,9,658691,17753,109622,16634,0.14061113927258903,0.48372931631139676
4181,0.4224,9,22,9,658713,17731,109631,16625,0.14043689012799393,0.4839038304808476
4182,0.4225,13,12,13,658725,17719,109644,16612,0.14034184514003295,0.48387754507587893
4183,0.4226,11,12,11,658737,17707,109655,16601,0.14024680015207197,0.48388131048152033
4184,0.4227,17,14,17,658751,17693,109672,16584,0.1401359143327842,0.48382297167196664
4185,0.4228,18,21,18,658772,17672,109690,16566,0.1399695856038525,0.4838483556282493
4186,0.4229,9,22,9,658794,17650,109699,16557,0.13979533645925737,0.484023737831438
4187,0.423,15,14,15,658808,17636,109714,16542,0.1396844506399696,0.4839955526947159
4188,0.4231,15,12,15,658820,17624,109729,16527,0.1395894056520086,0.4839389768967234
4189,0.4232,15,18,15,658838,17606,109744,16512,0.13944683817006717,0.4839674072337183
4190,0.4233,9,17,9,658855,17589,109753,16503,0.13931219110378912,0.48407250967969023
4191,0.4234,10,18,10,658873,17571,109763,16493,0.13916962362184768,0.48417684358853924
4192,0.4235,16,15,16,658888,17556,109779,16477,0.13905081738689645,0.48414773895924545
4193,0.4236,7,9,7,658897,17547,109786,16470,0.13897953364592575,0.4841696798659494
4194,0.4237,3,13,3,658910,17534,109789,16467,0.13887656824230135,0.48430928502102877
4195,0.4238,13,18,13,658928,17516,109802,16454,0.1387340007603599,0.484368560494554
4196,0.4239,11,9,11,658937,17507,109813,16443,0.13866271701938918,0.4843298969072165
4197,0.424,11,18,11,658955,17489,109824,16432,0.13852014953744773,0.4844196810235547
4198,0.4241,11,16,11,658971,17473,109835,16421,0.1383934228868331,0.4844810290906945
4199,0.4242,13,14,13,658985,17459,109848,16408,0.1382825370675453,0.48448342043877524
4200,0.4243,16,19,16,659004,17440,109864,16392,0.13813204916994043,0.4845117048947742
4201,0.4244,12,20,12,659024,17420,109876,16380,0.13797364085667216,0.4846153846153846
4202,0.4245,15,14,15,659038,17406,109891,16365,0.13786275503738435,0.48458736785999823
4203,0.4246,12,16,12,659054,17390,109903,16353,0.13773602838676974,0.48463384998370035
4204,0.4247,21,19,21,659073,17371,109924,16332,0.13758554048916488,0.4845859419042815
4205,0.4248,11,11,11,659084,17360,109935,16321,0.13749841591686732,0.4845758736379561
4206,0.4249,10,20,10,659104,17340,109945,16311,0.13734000760359905,0.484710706962646
4207,0.425,5,20,5,659124,17320,109950,16306,0.13718159929033075,0.4849223814905133
4208,0.4251,11,12,11,659136,17308,109961,16295,0.1370865543023698,0.48492694104693035
4209,0.4252,11,23,11,659159,17285,109972,16284,0.13690438474211128,0.48509041079567455
4210,0.4253,7,14,7,659173,17271,109979,16277,0.13679349892282347,0.4851854059854537
4211,0.4254,11,16,11,659189,17255,109990,16266,0.13666677227220886,0.48524805345902566
4212,0.4255,10,21,10,659210,17234,110000,16256,0.13650044354327714,0.4853986264556584
4213,0.4256,12,12,12,659222,17222,110012,16244,0.1364053985553162,0.4853881551425327
4214,0.4257,12,18,12,659240,17204,110024,16232,0.13626283107337472,0.48546476851298004
4215,0.4258,12,14,12,659254,17190,110036,16220,0.13615194525408694,0.4854833882071236
4216,0.4259,10,19,10,659273,17171,110046,16210,0.13600145735648206,0.48560558401485876
4217,0.426,7,16,7,659289,17155,110053,16203,0.13587473070586745,0.4857305593860543
4218,0.4261,13,20,13,659309,17135,110066,16190,0.13571632239259918,0.48582145536384097
4219,0.4262,8,8,8,659317,17127,110074,16182,0.13565295906729186,0.48581464469062413
4220,0.4263,14,12,14,659329,17115,110088,16168,0.13555791407933088,0.4857735180121984
4221,0.4264,3,19,3,659348,17096,110091,16165,0.13540742618172602,0.4860046300472024
4222,0.4265,14,11,14,659359,17085,110105,16151,0.13532030160942846,0.4859489709953063
4223,0.4266,16,16,16,659375,17069,110121,16135,0.13519357495881384,0.48593542946632934
4224,0.4267,6,21,6,659396,17048,110127,16129,0.13502724622988213,0.48615004370497633
4225,0.4268,9,22,9,659418,17026,110136,16120,0.13485299708528703,0.4863331925420865
4226,0.4269,11,18,11,659436,17008,110147,16109,0.1347104296033456,0.4864269106501193
4227,0.427,9,20,9,659456,16988,110156,16100,0.1345520212900773,0.48658123791102514
4228,0.4271,11,11,11,659467,16977,110167,16089,0.13446489671777975,0.48657230992560335
4229,0.4272,10,18,10,659485,16959,110177,16079,0.13432232923583828,0.4866820025425268
4230,0.4273,12,17,12,659502,16942,110189,16067,0.13418768216956026,0.48674603895907176
4231,0.4274,13,22,13,659524,16920,110202,16054,0.13401343302496516,0.4868684418026324
4232,0.4275,15,14,15,659538,16906,110217,16039,0.13390254720567735,0.4868417058734254
4233,0.4276,8,13,8,659551,16893,110225,16031,0.13379958180205298,0.4869092455351719
4234,0.4277,12,15,12,659566,16878,110237,16019,0.13368077556710176,0.4869440982460407
4235,0.4278,6,15,6,659581,16863,110243,16013,0.13356196933215056,0.4870726365737924
4236,0.4279,7,18,7,659599,16845,110250,16006,0.1334194018502091,0.48723022130224347
4237,0.428,18,21,18,659620,16824,110268,15988,0.1332530731212774,0.4872607582591735
4238,0.4281,10,17,10,659637,16807,110278,15978,0.13311842605499938,0.48735702302882417
4239,0.4282,10,18,10,659655,16789,110288,15968,0.1329758585730579,0.48746832738040724
4240,0.4283,7,15,7,659670,16774,110295,15961,0.1328570523381067,0.4875820986711471
4241,0.4284,11,12,11,659682,16762,110306,15950,0.13276200735014573,0.4875886524822695
4242,0.4285,6,21,6,659703,16741,110312,15944,0.13259567862121405,0.48780786293406764
4243,0.4286,15,19,15,659722,16722,110327,15929,0.13244519072360916,0.4878564209365716
4244,0.4287,14,19,14,659741,16703,110341,15915,0.1322947028260043,0.48792077993745786
4245,0.4288,10,22,10,659763,16681,110351,15905,0.1321204536814092,0.48809304609341436
4246,0.4289,15,16,15,659779,16665,110366,15890,0.13199372703079457,0.48809706650284135
4247,0.429,10,20,10,659799,16645,110376,15880,0.1318353187175263,0.4882398155265181
4248,0.4291,10,13,10,659812,16632,110386,15870,0.1317323533139019,0.48827764445264904
4249,0.4292,11,14,11,659826,16618,110397,15859,0.13162146749461412,0.48831480740216154
4250,0.4293,14,14,14,659840,16604,110411,15845,0.1315105816753263,0.48830472433665134
4251,0.4294,13,13,13,659853,16591,110424,15832,0.13140761627170194,0.48829534589643153
4252,0.4295,9,18,9,659871,16573,110433,15823,0.13126504878976047,0.48842449685146316
4253,0.4296,8,16,8,659887,16557,110441,15815,0.13113832213914586,0.48853947856172003
4254,0.4297,13,22,13,659909,16535,110454,15802,0.13096407299455076,0.4886662337260723
4255,0.4298,7,19,7,659928,16516,110461,15795,0.13081358509694588,0.4888428089505122
4256,0.4299,11,18,11,659946,16498,110472,15784,0.13067101761500444,0.4889412056254259
4257,0.43,8,9,8,659955,16489,110480,15776,0.1305997338740337,0.4889508755617542
4258,0.4301,10,20,10,659975,16469,110490,15766,0.13044132556076543,0.489095703427951
4259,0.4302,8,12,8,659987,16457,110498,15758,0.13034628057280445,0.4891510166071706
4260,0.4303,10,11,10,659998,16446,110508,15748,0.13025915600050691,0.48915947070882776
4261,0.4304,11,12,11,660010,16434,110519,15737,0.13016411101254594,0.48916726244132913
4262,0.4305,13,13,13,660023,16421,110532,15724,0.13006114560892157,0.4891585005444081
4263,0.4306,20,22,20,660045,16399,110552,15704,0.12988689646432644,0.48917546646730836
4264,0.4307,9,22,9,660067,16377,110561,15695,0.12971264731973134,0.48936767273634324
4265,0.4308,13,17,13,660084,16360,110574,15682,0.1295780002534533,0.4894201360714063
4266,0.4309,11,16,11,660100,16344,110585,15671,0.12945127360283867,0.48948930188973916
4267,0.431,6,15,6,660115,16329,110591,15665,0.12933246736788748,0.4896230543226855
4268,0.4311,8,18,8,660133,16311,110599,15657,0.129189899885946,0.48977102102102105
4269,0.4312,9,21,9,660154,16290,110608,15648,0.12902357115701432,0.48994927672365207
4270,0.4313,13,11,13,660165,16279,110621,15635,0.12893644658471676,0.48991038415742305
4271,0.4314,11,19,11,660184,16260,110632,15624,0.1287859586871119,0.4900263455024464
4272,0.4315,9,16,9,660200,16244,110641,15615,0.12865923203649726,0.49012837816629523
4273,0.4316,9,11,9,660211,16233,110650,15606,0.12857210746419973,0.49015358522566665
4274,0.4317,10,21,10,660232,16212,110660,15596,0.12840577873526804,0.4903169014084507
4275,0.4318,9,14,9,660246,16198,110669,15587,0.12829489291598023,0.49038854805725973
4276,0.4319,8,16,8,660262,16182,110677,15579,0.12816816626536562,0.49050722584301504
4277,0.432,9,19,9,660281,16163,110686,15570,0.12801767836776073,0.49065641445813507
4278,0.4321,5,17,5,660298,16146,110691,15565,0.1278830313014827,0.49083914099208475
4279,0.4322,12,13,12,660311,16133,110703,15553,0.1277800658978583,0.49084769298743924
4280,0.4323,9,13,9,660324,16120,110712,15544,0.12767710049423395,0.4909044972208186
4281,0.4324,9,14,9,660338,16106,110721,15535,0.12756621467494614,0.49097689706393605
4282,0.4325,11,17,11,660355,16089,110732,15524,0.1274315676086681,0.4910638028659096
4283,0.4326,9,17,9,660372,16072,110741,15515,0.12729692054239006,0.49118308164751323
4284,0.4327,6,18,6,660390,16054,110747,15509,0.12715435306044862,0.4913664734024015
4285,0.4328,16,11,16,660401,16043,110763,15493,0.12706722848815105,0.49127980720446474
4286,0.4329,13,19,13,660420,16024,110776,15480,0.1269167405905462,0.4913661757237176
4287,0.433,6,20,6,660440,16004,110782,15474,0.12675833227727792,0.49158142194548576
4288,0.4331,15,11,15,660451,15993,110797,15459,0.12667120770498036,0.49151087371232355
4289,0.4332,11,10,11,660461,15983,110808,15448,0.1265920035483462,0.4914892940090993
4290,0.4333,8,11,8,660472,15972,110816,15440,0.12650487897604867,0.4915318986374634
4291,0.4334,9,11,9,660483,15961,110825,15431,0.1264177544037511,0.4915583588175331
4292,0.4335,17,23,17,660506,15938,110842,15414,0.1262355848434926,0.49164327634600663
4293,0.4336,12,12,12,660518,15926,110854,15402,0.1261405398555316,0.4916368743615935
4294,0.4337,13,17,13,660535,15909,110867,15389,0.1260058927892536,0.4916927599207617
4295,0.4338,9,17,9,660552,15892,110876,15380,0.12587124572297553,0.49181376311077
4296,0.4339,11,19,11,660571,15873,110887,15369,0.12572075782537068,0.49193393508738237
4297,0.434,9,12,9,660583,15861,110896,15360,0.1256257128374097,0.4919765542423369
4298,0.4341,14,14,14,660597,15847,110910,15346,0.12551482701812192,0.4919693520982272
4299,0.4342,9,4,9,660601,15843,110919,15337,0.12548314535546826,0.4918858242463117
4300,0.4343,13,8,13,660609,15835,110932,15324,0.12541978203016094,0.49180012195513334
4301,0.4344,15,13,15,660622,15822,110947,15309,0.12531681662653657,0.49176062445793584
4302,0.4345,9,17,9,660639,15805,110956,15300,0.12518216956025852,0.4918823340298987
4303,0.4346,9,18,9,660657,15787,110965,15291,0.12503960207831707,0.49202007851213075
4304,0.4347,17,14,17,660671,15773,110982,15274,0.12492871625902928,0.4919637968241698
4305,0.4348,10,12,10,660683,15761,110992,15264,0.1248336712710683,0.49199033037872686
4306,0.4349,7,11,7,660694,15750,110999,15257,0.12474654669877075,0.49205018221691876
4307,0.435,9,11,9,660705,15739,111008,15248,0.1246594221264732,0.4920773227482493
4308,0.4351,11,11,11,660716,15728,111019,15237,0.12457229755417565,0.4920716938478928
4309,0.4352,10,24,10,660740,15704,111029,15227,0.1243822075782537,0.4922892890627526
4310,0.4353,10,14,10,660754,15690,111039,15217,0.12427132175896591,0.4923480117772673
4311,0.4354,10,14,10,660768,15676,111049,15207,0.12416043593967811,0.49240682576174594
4312,0.4355,11,10,11,660778,15666,111060,15196,0.12408123178304398,0.49238545784459853
4313,0.4356,12,15,12,660793,15651,111072,15184,0.12396242554809277,0.49242743635479164
4314,0.4357,11,17,11,660810,15634,111083,15173,0.12382777848181473,0.49251793423572565
4315,0.4358,9,15,9,660825,15619,111092,15164,0.12370897224686352,0.49260955722314265
4316,0.4359,6,16,6,660841,15603,111098,15158,0.12358224559624889,0.49276681512304543
4317,0.436,5,16,5,660857,15587,111103,15153,0.12345551894563427,0.49294079375406635
4318,0.4361,13,18,13,660875,15569,111116,15140,0.12331295146369281,0.4930150770132534
4319,0.4362,11,14,11,660889,15555,111127,15129,0.12320206564440501,0.4930582714118107
4320,0.4363,10,16,10,660905,15539,111137,15119,0.12307533899379039,0.4931502381107704
4321,0.4364,16,19,16,660924,15520,111153,15103,0.12292485109618553,0.49319139209091206
4322,0.4365,9,22,9,660946,15498,111162,15094,0.12275060195159042,0.49339696652719667
4323,0.4366,11,22,11,660968,15476,111173,15083,0.12257635280699532,0.4935698157662227
4324,0.4367,10,16,10,660984,15460,111183,15073,0.12244962615638069,0.4936625945698097
4325,0.4368,17,22,17,661006,15438,111200,15056,0.12227537701178558,0.49373647274873744
4326,0.4369,6,17,6,661023,15421,111206,15050,0.12214072994550754,0.49391224442912934
4327,0.437,4,17,4,661040,15404,111210,15046,0.1220060828792295,0.4941215106732348
4328,0.4371,8,18,8,661058,15386,111218,15038,0.12186351539728806,0.49428083092295555
4329,0.4372,14,14,14,661072,15372,111232,15024,0.12175262957800026,0.4942755625740229
4330,0.4373,13,25,13,661097,15347,111245,15011,0.1215546191864149,0.49446603860596877
4331,0.4374,7,14,7,661111,15333,111252,15004,0.1214437333671271,0.4945775785344629
4332,0.4375,11,10,11,661121,15323,111263,14993,0.12136452921049297,0.49455732946298986
4333,0.4376,11,20,11,661141,15303,111274,14982,0.12120612089722468,0.49470034670629026
4334,0.4377,10,9,10,661150,15294,111284,14972,0.12113483715625396,0.4946804995704751
4335,0.4378,11,13,11,661163,15281,111295,14961,0.12103187175262958,0.49470934462006483
4336,0.4379,12,19,12,661182,15262,111307,14949,0.12088138385502471,0.4948197676343054
4337,0.438,17,17,17,661199,15245,111324,14932,0.12074673678874667,0.49481393113960964
4338,0.4381,13,14,13,661213,15231,111337,14919,0.12063585096945888,0.49482587064676614
4339,0.4382,9,13,9,661226,15218,111346,14910,0.1205328855658345,0.49488847583643125
4340,0.4383,11,12,11,661238,15206,111357,14899,0.12043784057787353,0.49490117920611193
4341,0.4384,12,16,12,661254,15190,111369,14887,0.1203111139272589,0.4949629284835589
4342,0.4385,9,11,9,661265,15179,111378,14878,0.12022398935496136,0.4949928469241774
4343,0.4386,7,10,7,661275,15169,111385,14871,0.1201447851983272,0.4950399467376831
4344,0.4387,16,10,16,661285,15159,111401,14855,0.12006558104169307,0.4949356966748851
4345,0.4388,14,16,14,661301,15143,111415,14841,0.11993885439107844,0.4949639807897545
4346,0.4389,12,14,12,661315,15129,111427,14829,0.11982796857179065,0.49499299018626075
4347,0.439,10,18,10,661333,15111,111437,14819,0.1196854010898492,0.4951219512195122
4348,0.4391,9,20,9,661353,15091,111446,14810,0.11952699277658091,0.49530116049630446
4349,0.4392,12,18,12,661371,15073,111458,14798,0.11938442529463947,0.4953968732215192
4350,0.4393,16,15,16,661386,15058,111474,14782,0.11926561905968826,0.4953753351206434
4351,0.4394,7,13,7,661399,15045,111481,14775,0.11916265365606388,0.4954728370221328
4352,0.4395,7,11,7,661410,15034,111488,14768,0.11907552908376631,0.49553721226763303
4353,0.4396,11,15,11,661425,15019,111499,14757,0.1189567228488151,0.4956004836109619
4354,0.4397,11,13,11,661438,15006,111510,14746,0.11885375744519072,0.4956305458456574
4355,0.4398,10,16,10,661454,14990,111520,14736,0.1187270307945761,0.49572764583193163
4356,0.4399,11,14,11,661468,14976,111531,14725,0.1186161449752883,0.495774553045352
4357,0.44,7,19,7,661487,14957,111538,14718,0.11846565707768343,0.49597304128053915
4358,0.4401,14,10,14,661497,14947,111552,14704,0.1183864529210493,0.49590233044416715
4359,0.4402,16,14,16,661511,14933,111568,14688,0.1182755671017615,0.49586442051247426
4360,0.4403,11,16,11,661527,14917,111579,14677,0.11814884045114687,0.495945124011624
4361,0.4404,8,15,8,661542,14902,111587,14669,0.11803003421619566,0.49606032937675426
4362,0.4405,6,19,6,661561,14883,111593,14663,0.1178795463185908,0.496276991809382
4363,0.4406,13,14,13,661575,14869,111606,14650,0.117768660499303,0.49629052474677327
4364,0.4407,22,16,22,661591,14853,111628,14628,0.11764193384868837,0.4961839829042434
4365,0.4408,12,11,12,661602,14842,111640,14616,0.11755480927639082,0.4961640301446127
4366,0.4409,19,20,19,661622,14822,111659,14597,0.11739640096312254,0.49617594071858323
4367,0.441,12,18,12,661640,14804,111671,14585,0.1172538334811811,0.49627411616591244
4368,0.4411,14,20,14,661660,14784,111685,14571,0.11709542516791281,0.4963719979560552
4369,0.4412,8,8,8,661668,14776,111693,14563,0.1170320618426055,0.496370019428065
4370,0.4413,12,13,12,661681,14763,111705,14551,0.11692909643898111,0.4963839803506857
4371,0.4414,13,20,13,661701,14743,111718,14538,0.11677068812571284,0.4964994364946552
4372,0.4415,16,12,16,661713,14731,111734,14522,0.11667564313775187,0.49642771681536935
4373,0.4416,6,13,6,661726,14718,111740,14516,0.11657267773412748,0.49654511869740714
4374,0.4417,16,10,16,661736,14708,111756,14500,0.11649347357749334,0.49643933168994797
4375,0.4418,8,14,8,661750,14694,111764,14492,0.11638258775820555,0.4965394367162338
4376,0.4419,6,16,6,661766,14678,111770,14486,0.11625586110759092,0.496708270470443
4377,0.442,9,10,9,661776,14668,111779,14477,0.11617665695095679,0.4967232801509693
4378,0.4421,8,14,8,661790,14654,111787,14469,0.116065771131669,0.4968238162277238
4379,0.4422,15,12,15,661802,14642,111802,14454,0.11597072614370803,0.4967693153698103
4380,0.4423,6,14,6,661816,14628,111808,14448,0.11585984032442023,0.49690466364011554
4381,0.4424,6,10,6,661826,14618,111814,14442,0.11578063616778608,0.4969717825189264
4382,0.4425,9,19,9,661845,14599,111823,14433,0.11563014827018121,0.49714108569853954
4383,0.4426,9,14,9,661859,14585,111832,14424,0.11551926245089342,0.4972249991381985
4384,0.4427,12,19,12,661878,14566,111844,14412,0.11536877455328856,0.4973428117882532
4385,0.4428,9,14,9,661892,14552,111853,14403,0.11525788873400077,0.49742704196166465
4386,0.4429,7,13,7,661905,14539,111860,14396,0.11515492333037637,0.4975289441852428
4387,0.443,9,14,9,661919,14525,111869,14387,0.11504403751108858,0.4976134477033758
4388,0.4431,11,8,11,661927,14517,111880,14376,0.11498067418578127,0.49755996262070395
4389,0.4432,14,10,14,661937,14507,111894,14362,0.11490147002914713,0.4974886556513908
4390,0.4433,14,13,14,661950,14494,111908,14348,0.11479850462552275,0.49746896886484987
4391,0.4434,11,12,11,661962,14482,111919,14337,0.11470345963756177,0.49748429855303794
4392,0.4435,15,17,15,661979,14465,111934,14322,0.11456881257128373,0.4975162399694306
4393,0.4436,12,15,12,661994,14450,111946,14310,0.11445000633633252,0.4975660639777469
4394,0.4437,14,13,14,662007,14437,111960,14296,0.11434704093270814,0.49754637524797274
4395,0.4438,6,12,6,662019,14425,111966,14290,0.11425199594474718,0.49764931220616404
4396,0.4439,13,13,13,662032,14412,111979,14277,0.1141490305411228,0.4976471818467008
4397,0.444,9,13,9,662045,14399,111988,14268,0.11404606513749842,0.4977151428471762
4398,0.4441,11,18,11,662063,14381,111999,14257,0.11390349765555696,0.49783504434667225
4399,0.4442,10,15,10,662078,14366,112009,14247,0.11378469142060575,0.4979205256352008
4400,0.4443,12,10,12,662088,14356,112021,14235,0.11370548726397162,0.4978839494945962
4401,0.4444,10,17,10,662105,14339,112031,14225,0.11357084019769358,0.49800448116510293
4402,0.4445,7,11,7,662116,14328,112038,14218,0.11348371562539603,0.49807328522384925
4403,0.4446,8,20,8,662136,14308,112046,14210,0.11332530731212774,0.49828178694158076
4404,0.4447,5,12,5,662148,14296,112051,14205,0.11323026232416677,0.49840356478720044
4405,0.4448,11,12,11,662160,14284,112062,14194,0.11313521733620581,0.4984198328534307
4406,0.4449,11,13,11,662173,14271,112073,14183,0.11303225193258142,0.4984536444788079
4407,0.445,15,7,15,662180,14264,112088,14168,0.11297680902293752,0.49831176139561056
4408,0.4451,14,12,14,662192,14252,112102,14154,0.11288176403497656,0.4982750123213406
4409,0.4452,10,15,10,662207,14237,112112,14144,0.11276295780002535,0.498361579930235
4410,0.4453,8,10,8,662217,14227,112120,14136,0.1126837536433912,0.49839579734160705
4411,0.4454,10,15,10,662232,14212,112130,14126,0.11256494740843999,0.4984826028654104
4412,0.4455,10,17,10,662249,14195,112140,14116,0.11243030034216196,0.4986047825933383
4413,0.4456,12,10,12,662259,14185,112152,14104,0.11235109618552781,0.49856834812117784
4414,0.4457,8,14,8,662273,14171,112160,14096,0.11224021036624002,0.49867336470088797
4415,0.4458,11,12,11,662285,14159,112171,14085,0.11214516537827905,0.49868998725393004
4416,0.4459,13,12,13,662297,14147,112184,14072,0.11205012039031809,0.49867110811864346
4417,0.446,6,9,6,662306,14138,112190,14066,0.11197883664934735,0.49872358530704863
4418,0.4461,11,13,11,662319,14125,112201,14055,0.11187587124572297,0.4987579843860894
4419,0.4462,15,21,15,662340,14104,112216,14040,0.11170954251679129,0.49886299033541787
4420,0.4463,14,6,14,662346,14098,112230,14026,0.1116620200228108,0.49871995448727063
4421,0.4464,7,15,7,662361,14083,112237,14019,0.11154321378785959,0.49886129101131593
4422,0.4465,9,19,9,662380,14064,112246,14010,0.11139272589025472,0.49903825603761487
4423,0.4466,14,12,14,662392,14052,112260,13996,0.11129768090229375,0.4990017113519681
4424,0.4467,11,9,11,662401,14043,112271,13985,0.11122639716132303,0.4989653203938918
4425,0.4468,8,16,8,662417,14027,112279,13977,0.1110996705107084,0.4991072703899443
4426,0.4469,9,14,9,662431,14013,112288,13968,0.11098878469142061,0.4991958829205532
4427,0.447,10,19,10,662450,13994,112298,13958,0.11083829679381574,0.4993560389238695
4428,0.4471,10,16,10,662466,13978,112308,13948,0.11071157014320111,0.49946286614624363
4429,0.4472,15,18,15,662484,13960,112323,13933,0.11056900266125966,0.4995160076004732
4430,0.4473,10,14,10,662498,13946,112333,13923,0.11045811684197186,0.49958735512576696
4431,0.4474,8,11,8,662509,13935,112341,13915,0.11037099226967431,0.49964093357271094
4432,0.4475,8,11,8,662520,13924,112349,13907,0.11028386769737676,0.4996945851748051
4433,0.4476,11,10,11,662530,13914,112360,13896,0.11020466354074261,0.49967637540453075
4434,0.4477,13,11,13,662541,13903,112373,13883,0.11011753896844506,0.4996401065284676
4435,0.4478,6,13,6,662554,13890,112379,13877,0.11001457356482068,0.49976590917275904
4436,0.4479,6,16,6,662570,13874,112385,13871,0.10988784691420606,0.49994593620472155
4437,0.448,11,14,11,662584,13860,112396,13860,0.10977696109491826,0.5
4438,0.4481,13,9,13,662593,13851,112409,13847,0.10970567735394754,0.4999277926204058
4439,0.4482,6,18,6,662611,13833,112415,13841,0.10956310987200608,0.5001445400014454
4440,0.4483,15,9,15,662620,13824,112430,13826,0.10949182613103536,0.5000361663652803
4441,0.4484,13,9,13,662629,13815,112443,13813,0.10942054239006463,0.49996380483567393
4442,0.4485,12,10,12,662639,13805,112455,13801,0.1093413382334305,0.49992755198145333
4443,0.4486,9,14,9,662653,13791,112464,13792,0.1092304524141427,0.5000181271072762
4444,0.4487,6,17,6,662670,13774,112470,13786,0.10909580534786466,0.5002177068214804
4445,0.4488,14,19,14,662689,13755,112484,13772,0.10894531745025979,0.5003087877356777
4446,0.4489,9,8,9,662697,13747,112493,13763,0.10888195412495248,0.5002908033442385
4447,0.449,9,13,9,662710,13734,112502,13754,0.1087789887213281,0.5003637951105937
4448,0.4491,15,5,15,662715,13729,112517,13739,0.10873938664301103,0.5001820299985438
4449,0.4492,7,15,7,662730,13714,112524,13732,0.10862058040805982,0.500327916636304
4450,0.4493,7,15,7,662745,13699,112531,13725,0.1085017741731086,0.5004740373395566
4451,0.4494,10,10,10,662755,13689,112541,13715,0.10842257001647447,0.5004743833017078
4452,0.4495,13,18,13,662773,13671,112554,13702,0.10828000253453302,0.5005662514156285
4453,0.4496,13,14,13,662787,13657,112567,13689,0.10816911671524522,0.5005850947122066
4454,0.4497,5,14,5,662801,13643,112572,13684,0.10805823089595742,0.5007501738207634
4455,0.4498,14,20,14,662821,13623,112586,13670,0.10789982258268914,0.5008610266368666
4456,0.4499,7,6,7,662827,13617,112593,13663,0.10785230008870865,0.5008431085043988
4457,0.45,8,15,8,662842,13602,112601,13655,0.10773349385375744,0.5009722273177533
4458,0.4501,15,15,15,662857,13587,112616,13640,0.10761468761880623,0.5009732985639255
4459,0.4502,8,17,8,662874,13570,112624,13632,0.1074800405525282,0.5011396220866112
4460,0.4503,4,18,4,662892,13552,112628,13628,0.10733747307058675,0.5013980868285504
4461,0.4504,13,16,13,662908,13536,112641,13615,0.10721074641997212,0.5014548267098817
4462,0.4505,8,10,8,662918,13526,112649,13607,0.10713154226333799,0.5014926473298198
4463,0.4506,9,15,9,662933,13511,112658,13598,0.10701273602838678,0.5016046331476631
4464,0.4507,4,9,4,662942,13502,112662,13594,0.10694145228741604,0.5016976675524063
4465,0.4508,8,12,8,662954,13490,112670,13586,0.10684640729945508,0.5017727877086718
4466,0.4509,7,9,7,662963,13481,112677,13579,0.10677512355848436,0.5018107908351811
4467,0.451,17,15,17,662978,13466,112694,13562,0.10665631732353315,0.5017759360663017
4468,0.4511,9,17,9,662995,13449,112703,13553,0.1065216702572551,0.5019257832753129
4469,0.4512,12,10,12,663005,13439,112715,13541,0.10644246610062096,0.5018902891030392
4470,0.4513,4,14,4,663019,13425,112719,13537,0.10633158028133316,0.5020769972553965
4471,0.4514,14,10,14,663029,13415,112733,13523,0.10625237612469902,0.5020046031628184
4472,0.4515,13,19,13,663048,13396,112746,13510,0.10610188822709415,0.5021184865829184
4473,0.4516,8,14,8,663062,13382,112754,13502,0.10599100240780636,0.502231810742449
4474,0.4517,4,11,4,663073,13371,112758,13498,0.10590387783550881,0.5023633183222301
4475,0.4518,13,11,13,663084,13360,112771,13485,0.10581675326321126,0.502328180294282
4476,0.4519,9,14,9,663098,13346,112780,13476,0.10570586744392346,0.5024233837894266
4477,0.452,18,13,18,663111,13333,112798,13458,0.10560290204029907,0.502332872979732
4478,0.4521,11,16,11,663127,13317,112809,13447,0.10547617538968446,0.5024286354804962
4479,0.4522,10,13,10,663140,13304,112819,13437,0.10537320998606006,0.5024868179948394
4480,0.4523,3,11,3,663151,13293,112822,13434,0.10528608541376251,0.5026377820181839
4481,0.4524,7,11,7,663162,13282,112829,13427,0.10519896084146496,0.50271444082519
4482,0.4525,10,10,10,663172,13272,112839,13417,0.10511975668483083,0.5027164749522275
4483,0.4526,13,13,13,663185,13259,112852,13404,0.10501679128120643,0.5027191238795334
4484,0.4527,15,10,15,663195,13249,112867,13389,0.1049375871245723,0.5026278249117802
4485,0.4528,20,14,20,663209,13235,112887,13369,0.1048267013052845,0.502518418282965
4486,0.4529,9,13,9,663222,13222,112896,13360,0.10472373590166012,0.5025957414791965
4487,0.453,8,10,8,663232,13212,112904,13352,0.10464453174502598,0.5026351453094413
4488,0.4531,8,7,8,663239,13205,112912,13344,0.10458908883538208,0.5026178010471204
4489,0.4532,8,12,8,663251,13193,112920,13336,0.10449404384742111,0.5026951637830299
4490,0.4533,8,17,8,663268,13176,112928,13328,0.10435939678114307,0.5028674916993662
4491,0.4534,9,13,9,663281,13163,112937,13319,0.1042564313775187,0.5029453968733479
4492,0.4535,8,11,8,663292,13152,112945,13311,0.10416930680522114,0.503004194535767
4493,0.4536,11,13,11,663305,13139,112956,13300,0.10406634140159676,0.5030447445062218
4494,0.4537,6,14,6,663319,13125,112962,13294,0.10395545558230895,0.5031984556569136
4495,0.4538,11,13,11,663332,13112,112973,13283,0.10385249017868457,0.5032392498579277
4496,0.4539,9,10,9,663342,13102,112982,13274,0.10377328602205044,0.5032605398847437
4497,0.454,12,15,12,663357,13087,112994,13262,0.10365447978709923,0.5033208091388668
4498,0.4541,9,12,9,663369,13075,113003,13253,0.10355943479913826,0.5033804314797934
4499,0.4542,11,15,11,663384,13060,113014,13242,0.10344062856418705,0.5034598129419816
4500,0.4543,13,9,13,663393,13051,113027,13229,0.10336934482321632,0.5033866057838661
4501,0.4544,10,14,10,663407,13037,113037,13219,0.10325845900392852,0.5034658744667886
4502,0.4545,12,12,12,663419,13025,113049,13207,0.10316341401596756,0.5034690454406832
4503,0.4546,7,17,7,663436,13008,113056,13200,0.10302876694968952,0.5036630036630036
4504,0.4547,8,11,8,663447,12997,113064,13192,0.10294164237739196,0.5037229371110008
4505,0.4548,7,12,7,663459,12985,113071,13185,0.102846597389431,0.503821169277799
4506,0.4549,10,13,10,663472,12972,113081,13175,0.10274363198580662,0.5038818984969595
4507,0.455,5,9,5,663481,12963,113086,13170,0.10267234824483588,0.5039605097003789
4508,0.4551,6,15,6,663496,12948,113092,13164,0.10255354200988467,0.5041360294117647
4509,0.4552,11,15,11,663511,12933,113103,13153,0.10243473577493346,0.504216821283447
4510,0.4553,5,12,5,663523,12921,113108,13148,0.1023396907869725,0.5043538302198013
4511,0.4554,9,11,9,663534,12910,113117,13139,0.10225256621467495,0.5043955622096817
4512,0.4555,9,11,9,663545,12899,113126,13130,0.1021654416423774,0.5044373583310923
4513,0.4556,10,12,10,663557,12887,113136,13120,0.10207039665441642,0.5044795631945246
4514,0.4557,13,8,13,663565,12879,113149,13107,0.10200703332910911,0.5043869776033248
4515,0.4558,10,8,10,663573,12871,113159,13097,0.1019436700038018,0.5043515095502157
4516,0.4559,9,11,9,663584,12860,113168,13088,0.10185654543150424,0.5043934021889934
4517,0.456,8,12,8,663596,12848,113176,13080,0.10176150044354328,0.5044739278000617
4518,0.4561,13,9,13,663605,12839,113189,13067,0.10169021670257256,0.5044005249749093
4519,0.4562,12,13,12,663618,12826,113201,13055,0.10158725129894818,0.5044240948958696
4520,0.4563,11,12,11,663630,12814,113212,13044,0.1014922063109872,0.5044473663856447
4521,0.4564,8,16,8,663646,12798,113220,13036,0.10136547966037257,0.5046063327398003
4522,0.4565,6,14,6,663660,12784,113226,13030,0.10125459384108478,0.5047648562795383
4523,0.4566,13,9,13,663669,12775,113239,13017,0.10118331010011405,0.5046913771712159
4524,0.4567,12,16,12,663685,12759,113251,13005,0.10105658344949943,0.5047741034000931
4525,0.4568,11,11,11,663696,12748,113262,12994,0.10096945887720188,0.5047781835133245
4526,0.4569,5,15,5,663711,12733,113267,12989,0.10085065264225067,0.5049762848923101
4527,0.457,7,19,7,663730,12714,113274,12982,0.1007001647446458,0.5052148194271482
4528,0.4571,6,4,6,663734,12710,113280,12976,0.10066848308199214,0.5051779179319473
4529,0.4572,11,11,11,663745,12699,113291,12965,0.10058135850969459,0.5051823566084788
4530,0.4573,3,8,3,663753,12691,113294,12962,0.10051799518438728,0.5052820332904534
4531,0.4574,19,16,19,663769,12675,113313,12943,0.10039126853377266,0.5052306971660551
4532,0.4575,8,12,8,663781,12663,113321,12935,0.10029622354581168,0.50531291507149
4533,0.4576,11,10,11,663791,12653,113332,12924,0.10021701938917754,0.5052977284278845
4534,0.4577,11,11,11,663802,12642,113343,12913,0.10012989481687999,0.5053022891801996
4535,0.4578,13,15,13,663817,12627,113356,12900,0.10001108858192878,0.5053472793512751
4536,0.4579,13,17,13,663834,12610,113369,12887,0.09987644151565074,0.5054320116092089
4537,0.458,10,8,10,663842,12602,113379,12877,0.09981307819034343,0.5053966011224931
4538,0.4581,7,8,7,663850,12594,113386,12870,0.09974971486503612,0.5054194156456173
4539,0.4582,5,18,5,663868,12576,113391,12865,0.09960714738309466,0.5056798081836406
4540,0.4583,10,17,10,663885,12559,113401,12855,0.09947250031681662,0.5058235618163217
4541,0.4584,10,18,10,663903,12541,113411,12845,0.09932993283487518,0.5059875521941227
4542,0.4585,8,8,8,663911,12533,113419,12837,0.09926656950956786,0.5059913283405597
4543,0.4586,10,14,10,663925,12519,113429,12827,0.09915568369028006,0.5060759094137142
4544,0.4587,11,15,11,663940,12504,113440,12816,0.09903687745532885,0.5061611374407583
4545,0.4588,5,16,5,663956,12488,113445,12811,0.09891015080471423,0.5063836515277284
4546,0.4589,15,15,15,663971,12473,113460,12796,0.09879134456976302,0.5063912303613123
4547,0.459,11,13,11,663984,12460,113471,12785,0.09868837916613864,0.5064369182016241
4548,0.4591,8,13,8,663997,12447,113479,12777,0.09858541376251426,0.5065413891531875
4549,0.4592,10,12,10,664009,12435,113489,12767,0.09849036877455329,0.5065867788270773
4550,0.4593,10,11,10,664020,12424,113499,12757,0.09840324420225574,0.5066121281918907
4551,0.4594,16,8,16,664028,12416,113515,12741,0.09833988087694842,0.5064594347497714
4552,0.4595,8,16,8,664044,12400,113523,12733,0.0982131542263338,0.5066247562965026
4553,0.4596,11,12,11,664056,12388,113534,12722,0.09811810923837283,0.5066507367582637
4554,0.4597,8,12,8,664068,12376,113542,12714,0.09802306425041186,0.5067357512953368
4555,0.4598,4,10,4,664078,12366,113546,12710,0.09794386009377772,0.506859148189504
4556,0.4599,8,11,8,664089,12355,113554,12702,0.09785673552148016,0.5069242127948278
4557,0.46,17,9,17,664098,12346,113571,12685,0.09778545178050944,0.5067716032120171
4558,0.4601,9,16,9,664114,12330,113580,12676,0.09765872512989482,0.5069183395984964
4559,0.4602,12,19,12,664133,12311,113592,12664,0.09750823723228995,0.5070670670670671
4560,0.4603,13,12,13,664145,12299,113605,12651,0.09741319224432898,0.5070541082164328
4561,0.4604,9,8,9,664153,12291,113614,12642,0.09734982891902166,0.5070388641559379
4562,0.4605,10,11,10,664164,12280,113624,12632,0.09726270434672411,0.5070648683365446
4563,0.4606,16,7,16,664171,12273,113640,12616,0.09720726143708022,0.5068905942384185
4564,0.4607,6,10,6,664181,12263,113646,12610,0.09712805728044607,0.5069754352108712
4565,0.4608,8,13,8,664194,12250,113654,12602,0.09702509187682169,0.5070819249959762
4566,0.4609,14,9,14,664203,12241,113668,12588,0.09695380813585097,0.5069877965282532
4567,0.461,7,14,7,664217,12227,113675,12581,0.09684292231656318,0.5071347952273461
4568,0.4611,10,11,10,664228,12216,113685,12571,0.09675579774426563,0.5071610118207125
4569,0.4612,7,7,7,664235,12209,113692,12564,0.09670035483462172,0.5071650587332983
4570,0.4613,12,14,12,664249,12195,113704,12552,0.09658946901533393,0.5072129955146079
4571,0.4614,14,10,14,664259,12185,113718,12538,0.09651026485869979,0.5071391012417586
4572,0.4615,9,13,9,664272,12172,113727,12529,0.0964072994550754,0.5072264280798349
4573,0.4616,12,16,12,664288,12156,113739,12517,0.09628057280446078,0.5073156892149313
4574,0.4617,6,6,6,664294,12150,113745,12511,0.0962330503104803,0.507319249016666
4575,0.4618,8,15,8,664309,12135,113753,12503,0.09611424407552908,0.5074681386476175
4576,0.4619,12,10,12,664319,12125,113765,12491,0.09603503991889495,0.5074341891452714
4577,0.462,9,10,9,664329,12115,113774,12482,0.0959558357622608,0.5074602593812253
4578,0.4621,9,19,9,664348,12096,113783,12473,0.09580534786465594,0.5076722699336562
4579,0.4622,10,11,10,664359,12085,113793,12463,0.09571822329235838,0.5076992015642823
4580,0.4623,5,9,5,664368,12076,113798,12458,0.09564693955138766,0.5077851145349311
4581,0.4624,7,9,7,664377,12067,113805,12451,0.09557565581041694,0.5078309813198466
4582,0.4625,13,14,13,664391,12053,113818,12438,0.09546476999112913,0.5078600302151811
4583,0.4626,8,12,8,664403,12041,113826,12430,0.09536972500316816,0.5079481835642189
4584,0.4627,9,15,9,664418,12026,113835,12421,0.09525091876821695,0.5080787008630916
4585,0.4628,6,11,6,664429,12015,113841,12415,0.0951637941959194,0.5081866557511256
4586,0.4629,5,12,5,664441,12003,113846,12410,0.09506874920795844,0.508335722770655
4587,0.463,12,13,12,664454,11990,113858,12398,0.09496578380433406,0.5083647695587994
4588,0.4631,8,8,8,664462,11982,113866,12390,0.09490242047902674,0.5083702609551944
4589,0.4632,5,12,5,664474,11970,113871,12385,0.09480737549106577,0.5085198111270787
4590,0.4633,12,16,12,664490,11954,113883,12373,0.09468064884045115,0.5086118304764253
4591,0.4634,16,11,16,664501,11943,113899,12357,0.0945935242681536,0.5085185185185185
4592,0.4635,5,11,5,664512,11932,113904,12352,0.09450639969585604,0.508647669247241
4593,0.4636,7,13,7,664525,11919,113911,12345,0.09440343429223165,0.5087784371909001
4594,0.4637,7,17,7,664542,11902,113918,12338,0.09426878722595362,0.508993399339934
4595,0.4638,14,12,14,664554,11890,113932,12324,0.09417374223799264,0.5089617576608574
4596,0.4639,7,9,7,664563,11881,113939,12317,0.09410245849702192,0.509009009009009
4597,0.464,12,22,12,664585,11859,113951,12305,0.09392820935242681,0.5092286045356729
4598,0.4641,11,6,11,664591,11853,113962,12294,0.09388068685844633,0.5091315691390235
4599,0.4642,9,12,9,664603,11841,113971,12285,0.09378564187048537,0.5092016911216115
4600,0.4643,6,8,6,664611,11833,113977,12279,0.09372227854517805,0.509248506967485
4601,0.4644,8,12,8,664623,11821,113985,12271,0.09362723355721708,0.5093391997343516
4602,0.4645,5,12,5,664635,11809,113990,12266,0.09353218856925612,0.509491173416407
4603,0.4646,13,11,13,664646,11798,114003,12253,0.09344506399695857,0.5094590661510956
4604,0.4647,12,8,12,664654,11790,114015,12241,0.09338170067165125,0.5093837127044235
4605,0.4648,9,12,9,664666,11778,114024,12232,0.09328665568369028,0.5094543940024989
4606,0.4649,10,18,10,664684,11760,114034,12222,0.09314408820174883,0.5096322241681261
4607,0.465,9,11,9,664695,11749,114043,12213,0.09305696362945128,0.5096819964944496
4608,0.4651,10,13,10,664708,11736,114053,12203,0.0929539982258269,0.5097539579765237
4609,0.4652,7,11,7,664719,11725,114060,12196,0.09286687365352933,0.5098449061494085
4610,0.4653,7,12,7,664731,11713,114067,12189,0.09277182866556836,0.5099573257467994
4611,0.4654,6,16,6,664747,11697,114073,12183,0.09264510201495374,0.5101758793969849
4612,0.4655,11,14,11,664761,11683,114084,12172,0.09253421619566594,0.5102494236009223
4613,0.4656,14,21,14,664782,11662,114098,12158,0.09236788746673426,0.5104114189756507
4614,0.4657,11,13,11,664795,11649,114109,12147,0.09226492206310988,0.5104639435199193
4615,0.4658,16,10,16,664805,11639,114125,12131,0.09218571790647573,0.5103491796381994
4616,0.4659,8,9,8,664814,11630,114133,12123,0.09211443416550501,0.5103776365090725
4617,0.466,10,4,10,664818,11626,114143,12113,0.09208275250285135,0.5102573823665698
4618,0.4661,9,11,9,664829,11615,114152,12104,0.0919956279305538,0.5103081917450145
4619,0.4662,16,8,16,664837,11607,114168,12088,0.09193226460524648,0.5101498206372652
4620,0.4663,5,13,5,664850,11594,114173,12083,0.0918292992016221,0.510326477171939
4621,0.4664,10,15,10,664865,11579,114183,12073,0.09171049296667089,0.5104430914933198
4622,0.4665,10,17,10,664882,11562,114193,12063,0.09157584590039285,0.5106031746031746
4623,0.4666,6,13,6,664895,11549,114199,12057,0.09147288049676847,0.5107599762772177
4624,0.4667,6,13,6,664908,11536,114205,12051,0.09136991509314409,0.5109170305676856
4625,0.4668,11,10,11,664918,11526,114216,12040,0.09129071093650995,0.5109055418823729
4626,0.4669,9,3,9,664921,11523,114225,12031,0.0912669496895197,0.5107837310011039
4627,0.467,15,11,15,664932,11512,114240,12016,0.09117982511722215,0.5107106426385584
4628,0.4671,6,12,6,664944,11500,114246,12010,0.09108478012926119,0.5108464483198639
4629,0.4672,13,13,13,664957,11487,114259,11997,0.0909818147256368,0.5108584568216659
4630,0.4673,10,5,10,664962,11482,114269,11987,0.09094221264731973,0.5107588734074737
4631,0.4674,7,11,7,664973,11471,114276,11980,0.09085508807502218,0.5108524156752378
4632,0.4675,9,10,9,664983,11461,114285,11971,0.09077588391838803,0.5108825537726186
4633,0.4676,10,7,10,664990,11454,114295,11961,0.09072044100874414,0.510826393337604
4634,0.4677,12,11,12,665001,11443,114307,11949,0.09063331643644658,0.5108156634746922
4635,0.4678,11,11,11,665012,11432,114318,11938,0.09054619186414903,0.5108258451005563
4636,0.4679,6,9,6,665021,11423,114324,11932,0.09047490812317831,0.5108970241918219
4637,0.468,12,3,12,665024,11420,114336,11920,0.09045114687618806,0.5107112253641817
4638,0.4681,10,18,10,665042,11402,114346,11910,0.09030857939424661,0.5108956760466712
4639,0.4682,11,12,11,665054,11390,114357,11899,0.09021353440628564,0.5109279058783116
4640,0.4683,9,12,9,665066,11378,114366,11890,0.09011848941832468,0.5110022348289496
4641,0.4684,8,17,8,665083,11361,114374,11882,0.08998384235204664,0.5112076754291615
4642,0.4685,11,12,11,665095,11349,114385,11871,0.08988879736408567,0.5112403100775194
4643,0.4686,5,10,5,665105,11339,114390,11866,0.08980959320745152,0.5113553113553113
4644,0.4687,16,12,16,665117,11327,114406,11850,0.08971454821949056,0.5112827371963584
4645,0.4688,8,7,8,665124,11320,114414,11842,0.08965910530984667,0.5112684569553579
4646,0.4689,17,21,17,665145,11299,114431,11825,0.08949277658091497,0.5113734647984778
4647,0.469,12,13,12,665158,11286,114443,11813,0.08938981117729058,0.5114074202346421
4648,0.4691,9,4,9,665162,11282,114452,11804,0.08935812951463692,0.5113055531490946
4649,0.4692,3,17,3,665179,11265,114455,11801,0.08922348244835888,0.511618832914246
4650,0.4693,12,19,12,665198,11246,114467,11789,0.08907299455075403,0.5117864119817669
4651,0.4694,6,16,6,665214,11230,114473,11783,0.0889462679001394,0.5120149480728284
4652,0.4695,10,13,10,665227,11217,114483,11773,0.08884330249651502,0.5120922140060896
4653,0.4696,9,11,9,665238,11206,114492,11764,0.08875617792421746,0.5121462777535917
4654,0.4697,9,11,9,665249,11195,114501,11755,0.08866905335191991,0.5122004357298475
4655,0.4698,14,10,14,665259,11185,114515,11741,0.08858984919528577,0.5121259705138271
4656,0.4699,11,11,11,665270,11174,114526,11730,0.08850272462298821,0.5121376178833391
4657,0.47,14,8,14,665278,11166,114540,11716,0.0884393612976809,0.5120181802290009
4658,0.4701,11,15,11,665293,11151,114551,11705,0.08832055506272969,0.5121193559677983
4659,0.4702,14,12,14,665305,11139,114565,11691,0.08822551007476873,0.5120893561103811
4660,0.4703,8,11,8,665316,11128,114573,11683,0.08813838550247118,0.5121651834641182
4661,0.4704,4,3,4,665319,11125,114577,11679,0.08811462425548093,0.5121469917558323
4662,0.4705,11,8,11,665327,11117,114588,11668,0.08805126093017361,0.5120912881281545
4663,0.4706,9,9,9,665336,11108,114597,11659,0.08797997718920289,0.5121008477181886
4664,0.4707,11,11,11,665347,11097,114608,11648,0.08789285261690534,0.5121125522092768
4665,0.4708,12,15,12,665362,11082,114620,11636,0.08777404638195413,0.5121929747336913
4666,0.4709,10,10,10,665372,11072,114630,11626,0.08769484222531998,0.5122037183892854
4667,0.471,5,3,5,665375,11069,114635,11621,0.08767108097832975,0.5121639488761569
4668,0.4711,7,12,7,665387,11057,114642,11614,0.08757603599036877,0.5122844162145472
4669,0.4712,10,12,10,665399,11045,114652,11604,0.0874809910024078,0.5123405006843569
4670,0.4713,9,13,9,665412,11032,114661,11595,0.08737802559878342,0.5124408892031643
4671,0.4714,9,10,9,665422,11022,114670,11586,0.08729882144214929,0.5124734607218684
4672,0.4715,8,7,8,665429,11015,114678,11578,0.08724337853250538,0.512459611384057
4673,0.4716,11,8,11,665437,11007,114689,11567,0.08718001520719808,0.5124036502170639
4674,0.4717,13,11,13,665448,10996,114702,11554,0.08709289063490051,0.5123725055432372
4675,0.4718,6,10,6,665458,10986,114708,11548,0.08701368647826638,0.512470045264933
4676,0.4719,8,13,8,665471,10973,114716,11540,0.086910721074642,0.5125927242037933
4677,0.472,12,10,12,665481,10963,114728,11528,0.08683151691800786,0.5125605797874705
4678,0.4721,10,12,10,665493,10951,114738,11518,0.08673647193004688,0.5126173839512217
4679,0.4722,11,9,11,665502,10942,114749,11507,0.08666518818907616,0.5125840794690186
4680,0.4723,5,10,5,665512,10932,114754,11502,0.08658598403244203,0.5127039315324953
4681,0.4724,14,15,14,665527,10917,114768,11488,0.08646717779749082,0.5127426913635349
4682,0.4725,5,12,5,665539,10905,114773,11483,0.08637213280952985,0.5129087010898695
4683,0.4726,4,3,4,665542,10902,114777,11479,0.0863483715625396,0.5128903981055359
4684,0.4727,16,7,16,665549,10895,114793,11463,0.0862929286528957,0.5127023884068342
4685,0.4728,7,11,7,665560,10884,114800,11456,0.08620580408059815,0.5128021486123545
4686,0.4729,6,16,6,665576,10868,114806,11450,0.08607907742998352,0.5130388027601039
4687,0.473,10,11,10,665587,10857,114816,11440,0.08599195285768597,0.5130735076467686
4688,0.4731,9,13,9,665600,10844,114825,11431,0.0858889874540616,0.5131762065095399
4689,0.4732,9,14,9,665614,10830,114834,11422,0.0857781016347738,0.5133021750853856
4690,0.4733,8,14,8,665628,10816,114842,11414,0.085667215815486,0.5134502923976608
4691,0.4734,10,10,10,665638,10806,114852,11404,0.08558801165885185,0.5134624043223773
4692,0.4735,10,10,10,665648,10796,114862,11394,0.08550880750221772,0.5134745380802163
4693,0.4736,8,13,8,665661,10783,114870,11386,0.08540584209859334,0.513600072172854
4694,0.4737,9,10,9,665671,10773,114879,11377,0.08532663794195919,0.5136343115124153
4695,0.4738,8,6,8,665677,10767,114887,11369,0.08527911544797871,0.5135977593061077
4696,0.4739,5,9,5,665686,10758,114892,11364,0.08520783170700798,0.5136967724437211
4697,0.474,8,17,8,665703,10741,114900,11356,0.08507318464072995,0.5139159161877178
4698,0.4741,11,9,11,665712,10732,114911,11345,0.08500190089975922,0.5138832268877112
4699,0.4742,12,19,12,665731,10713,114923,11333,0.08485141300215435,0.5140615077565092
4700,0.4743,10,7,10,665738,10706,114933,11323,0.08479597009251046,0.5140042671024558
4701,0.4744,13,11,13,665749,10695,114946,11310,0.0847088455202129,0.5139740967961827
4702,0.4745,10,16,10,665765,10679,114956,11300,0.08458211886959828,0.5141271213431002
4703,0.4746,11,11,11,665776,10668,114967,11289,0.08449499429730072,0.5141412761306189
4704,0.4747,4,11,4,665787,10657,114971,11285,0.08440786972500317,0.5143104548354753
4705,0.4748,11,13,11,665800,10644,114982,11274,0.08430490432137878,0.5143717492471941
4706,0.4749,12,13,12,665813,10631,114994,11262,0.0842019389177544,0.5144109989494359
4707,0.475,9,16,9,665829,10615,115003,11253,0.08407521226713978,0.5145875251509054
4708,0.4751,13,13,13,665842,10602,115016,11240,0.0839722468635154,0.5146048896621188
4709,0.4752,9,9,9,665851,10593,115025,11231,0.08390096312254468,0.514616935483871
4710,0.4753,7,5,7,665856,10588,115032,11224,0.0838613610442276,0.5145791307537135
4711,0.4754,9,12,9,665868,10576,115041,11215,0.08376631605626664,0.5146620164288008
4712,0.4755,7,10,7,665878,10566,115048,11208,0.08368711189963249,0.5147423532653623
4713,0.4756,8,10,8,665888,10556,115056,11200,0.08360790774299835,0.5148005148005148
4714,0.4757,12,10,12,665898,10546,115068,11188,0.08352870358636422,0.5147694855986013
4715,0.4758,5,14,5,665912,10532,115073,11183,0.08341781776707642,0.5149896384987336
4716,0.4759,15,14,15,665926,10518,115088,11168,0.08330693194778863,0.5149866273171632
4717,0.476,6,12,6,665938,10506,115094,11162,0.08321188695982765,0.515137529998154
4718,0.4761,7,8,7,665946,10498,115101,11155,0.08314852363452034,0.5151711079296172
4719,0.4762,11,13,11,665959,10485,115112,11144,0.08304555823089596,0.5152341763373249
4720,0.4763,14,15,14,665974,10470,115126,11130,0.08292675199594475,0.5152777777777777
4721,0.4764,7,11,7,665985,10459,115133,11123,0.0828396274236472,0.5153831896951163
4722,0.4765,14,9,14,665994,10450,115147,11109,0.08276834368267647,0.515283640243054
4723,0.4766,15,10,15,666004,10440,115162,11094,0.08268913952604233,0.5151852883811646
4724,0.4767,6,10,6,666014,10430,115168,11088,0.08260993536940818,0.5152895250487963
4725,0.4768,11,13,11,666027,10417,115179,11077,0.0825069699657838,0.515353121801433
4726,0.4769,5,11,5,666038,10406,115184,11072,0.08241984539348625,0.5155042368935655
4727,0.477,11,6,11,666044,10400,115195,11061,0.08237232289950576,0.5154000279576907
4728,0.4771,3,12,3,666056,10388,115198,11058,0.0822772779115448,0.5156206285554416
4729,0.4772,9,13,9,666069,10375,115207,11049,0.08217431250792041,0.5157300224047797
4730,0.4773,7,11,7,666080,10364,115214,11042,0.08208718793562286,0.5158366813043072
4731,0.4774,6,10,6,666090,10354,115220,11036,0.08200798377898873,0.5159420289855072
4732,0.4775,7,7,7,666097,10347,115227,11029,0.08195254086934482,0.5159524700598802
4733,0.4776,8,7,8,666104,10340,115235,11021,0.08189709795970093,0.5159402649688685
4734,0.4777,6,7,6,666111,10333,115241,11015,0.08184165505005703,0.5159733932921117
4735,0.4778,6,7,6,666118,10326,115247,11009,0.08178621214041312,0.5160065619873447
4736,0.4779,5,14,5,666132,10312,115252,11004,0.08167532632112533,0.5162319384499906
4737,0.478,14,6,14,666138,10306,115266,10990,0.08162780382714485,0.5160593538692713
4738,0.4781,12,8,12,666146,10298,115278,10978,0.08156444050183753,0.5159804474525287
4739,0.4782,4,8,4,666154,10290,115282,10974,0.08150107717653023,0.5160835214446953
4740,0.4783,12,7,12,666161,10283,115294,10962,0.08144563426688632,0.5159802306425041
4741,0.4784,11,15,11,666176,10268,115305,10951,0.08132682803193511,0.5160940666383901
4742,0.4785,6,12,6,666188,10256,115311,10945,0.08123178304397415,0.5162492335267205
4743,0.4786,7,19,7,666207,10237,115318,10938,0.08108129514636928,0.5165525383707202
4744,0.4787,4,7,4,666214,10230,115322,10934,0.08102585223672538,0.5166320166320166
4745,0.4788,9,11,9,666225,10219,115331,10925,0.08093872766442783,0.5166950435111616
4746,0.4789,5,4,5,666229,10215,115336,10920,0.08090704600177417,0.5166784953867991
4747,0.479,8,11,8,666240,10204,115344,10912,0.08081992142947662,0.5167645387383974
4748,0.4791,9,14,9,666254,10190,115353,10903,0.08070903561018883,0.5169013416773337
4749,0.4792,10,9,10,666263,10181,115363,10893,0.0806377518692181,0.5168928537534403
4750,0.4793,14,10,14,666273,10171,115377,10879,0.08055854771258396,0.5168171021377672
4751,0.4794,12,14,12,666287,10157,115389,10867,0.08044766189329616,0.5168854642313546
4752,0.4795,15,15,15,666302,10142,115404,10852,0.08032885565834495,0.5169095932171096
4753,0.4796,5,14,5,666316,10128,115409,10847,0.08021796983905716,0.5171394517282479
4754,0.4797,12,15,12,666331,10113,115421,10835,0.08009916360410595,0.5172331487492839
4755,0.4798,11,14,11,666345,10099,115432,10824,0.07998827778481815,0.5173254313434976
4756,0.4799,13,12,13,666357,10087,115445,10811,0.07989323279685719,0.517322231792516
4757,0.48,9,11,9,666368,10076,115454,10802,0.07980610822455962,0.5173867228661749
4758,0.4801,5,12,5,666380,10064,115459,10797,0.07971106323659866,0.5175686688078233
4759,0.4802,5,10,5,666390,10054,115464,10792,0.07963185907996452,0.5177012376475103
4760,0.4803,8,18,8,666408,10036,115472,10784,0.07948929159802307,0.5179634966378482
4761,0.4804,16,7,16,666415,10029,115488,10768,0.07943384868837916,0.5177669856229263
4762,0.4805,7,9,7,666424,10020,115495,10761,0.07936256494740844,0.5178287859102064
4763,0.4806,10,15,10,666439,10005,115505,10751,0.07924375871245723,0.5179707072653691
4764,0.4807,8,9,8,666448,9996,115513,10743,0.07917247497148651,0.5180095472298568
4765,0.4808,5,13,5,666461,9983,115518,10738,0.07906950956786211,0.5182182327107765
4766,0.4809,8,16,8,666477,9967,115526,10730,0.0789427829172475,0.5184326230854713
4767,0.481,12,9,12,666486,9958,115538,10718,0.07887149917627677,0.5183787966724704
4768,0.4811,9,6,9,666492,9952,115547,10709,0.07882397668229629,0.5183195392284982
4769,0.4812,12,15,12,666507,9937,115559,10697,0.07870517044734508,0.5184162062615101
4770,0.4813,7,12,7,666519,9925,115566,10690,0.0786101254593841,0.5185544506427359
4771,0.4814,6,8,6,666527,9917,115572,10684,0.0785467621340768,0.5186156011844085
4772,0.4815,11,12,11,666539,9905,115583,10673,0.07845171714611583,0.5186607056079308
4773,0.4816,7,14,7,666553,9891,115590,10666,0.07834083132682804,0.5188500267548767
4774,0.4817,11,8,11,666561,9883,115601,10655,0.07827746800152072,0.5187944298373747
4775,0.4818,8,6,8,666567,9877,115609,10647,0.07822994550754024,0.5187585266030014
4776,0.4819,5,6,5,666573,9871,115614,10642,0.07818242301355975,0.5187929605615951
4777,0.482,6,9,6,666582,9862,115620,10636,0.07811113927258903,0.518879890721046
4778,0.4821,9,10,9,666592,9852,115629,10627,0.07803193511595488,0.5189218223546072
4779,0.4822,12,14,12,666606,9838,115641,10615,0.07792104929666709,0.5189947684936195
4780,0.4823,8,9,8,666615,9829,115649,10607,0.07784976555569637,0.5190350362106088
4781,0.4824,9,13,9,666628,9816,115658,10598,0.07774680015207198,0.5191535220926815
4782,0.4825,9,9,9,666637,9807,115667,10589,0.07767551641110125,0.5191704255736419
4783,0.4826,9,12,9,666649,9795,115676,10580,0.07758047142314028,0.5192638036809816
4784,0.4827,6,10,6,666659,9785,115682,10574,0.07750126726650615,0.5193771796257184
4785,0.4828,4,14,4,666673,9771,115686,10570,0.07739038144721835,0.5196401356865444
4786,0.4829,8,3,8,666676,9768,115694,10562,0.07736662020022811,0.5195277914412199
4787,0.483,6,9,6,666685,9759,115700,10556,0.07729533645925739,0.5196160472557224
4788,0.4831,8,6,8,666691,9753,115708,10548,0.0772478139652769,0.5195803162405793
4789,0.4832,6,10,6,666701,9743,115714,10542,0.07716860980864276,0.5196943554350505
4790,0.4833,5,9,5,666710,9734,115719,10537,0.07709732606767203,0.5198066202950027
4791,0.4834,11,4,11,666714,9730,115730,10526,0.07706564440501837,0.5196484992101106
4792,0.4835,13,10,13,666724,9720,115743,10513,0.07698644024838423,0.5195966984629071
4793,0.4836,8,5,8,666729,9715,115751,10505,0.07694683817006716,0.5195351137487636
4794,0.4837,7,12,7,666741,9703,115758,10498,0.07685179318210619,0.5196772437008069
4795,0.4838,6,7,6,666748,9696,115764,10492,0.0767963502724623,0.5197146819893006
4796,0.4839,8,7,8,666755,9689,115772,10484,0.0767409073628184,0.519704555594111
4797,0.484,11,12,11,666767,9677,115783,10473,0.07664586237485743,0.5197518610421836
4798,0.4841,7,8,7,666775,9669,115790,10466,0.07658249904955013,0.5197914079960269
4799,0.4842,4,12,4,666787,9657,115794,10462,0.07648745406158915,0.5200059645111587
4800,0.4843,7,16,7,666803,9641,115801,10455,0.07636072741097452,0.5202527866242038
4801,0.4844,5,10,5,666813,9631,115806,10450,0.07628152325434039,0.5203924107365171
4802,0.4845,10,11,10,666824,9620,115816,10440,0.07619439868204284,0.5204386839481555
4803,0.4846,8,11,8,666835,9609,115824,10432,0.07610727410974528,0.520532907539544
4804,0.4847,5,14,5,666849,9595,115829,10427,0.07599638829045749,0.5207771451403456
4805,0.4848,13,10,13,666859,9585,115842,10414,0.07591718413382334,0.5207260363018151
4806,0.4849,5,11,5,666870,9574,115847,10409,0.07583005956152579,0.5208927588450183
4807,0.485,12,15,12,666885,9559,115859,10397,0.07571125332657458,0.5209961916215674
4808,0.4851,12,3,12,666888,9556,115871,10385,0.07568749207958433,0.5207863196429466
4809,0.4852,11,7,11,666895,9549,115882,10374,0.07563204916994044,0.5207047131456106
4810,0.4853,7,14,7,666909,9535,115889,10367,0.07552116335065265,0.5209024218671491
4811,0.4854,7,11,7,666920,9524,115896,10360,0.07543403877835508,0.5210219271776303
4812,0.4855,10,15,10,666935,9509,115906,10350,0.07531523254340387,0.5211742786645853
4813,0.4856,6,9,6,666944,9500,115912,10344,0.07524394880243315,0.521265873815763
4814,0.4857,10,7,10,666951,9493,115922,10334,0.07518850589278925,0.5212084531194835
4815,0.4858,8,12,8,666963,9481,115930,10326,0.07509346090482828,0.521330842631393
4816,0.4859,7,9,7,666972,9472,115937,10319,0.07502217716385756,0.5213986155323127
4817,0.486,4,9,4,666981,9463,115941,10315,0.07495089342288683,0.5215390838305187
4818,0.4861,5,5,5,666986,9458,115946,10310,0.07491129134456977,0.5215499797652772
4819,0.4862,6,7,6,666993,9451,115952,10304,0.07485584843492586,0.521589471019995
4820,0.4863,8,12,8,667005,9439,115960,10296,0.0747608034469649,0.5217126931846973
4821,0.4864,6,6,6,667011,9433,115966,10290,0.0747132809529844,0.5217259037671754
4822,0.4865,5,13,5,667024,9420,115971,10285,0.07461031554936003,0.5219487439736108
4823,0.4866,6,7,6,667031,9413,115977,10279,0.07455487263971614,0.5219886248222628
4824,0.4867,6,5,6,667036,9408,115983,10273,0.07451527056139906,0.5219755093745236
4825,0.4868,2,6,2,667042,9402,115985,10271,0.07446774806741858,0.5220861078635693
4826,0.4869,9,8,9,667050,9394,115994,10262,0.07440438474211127,0.5220797720797721
4827,0.487,11,9,11,667059,9385,116005,10251,0.07433310100114054,0.5220513342839682
4828,0.4871,10,9,10,667068,9376,116015,10241,0.07426181726016981,0.5220472039557527
4829,0.4872,7,9,7,667077,9367,116022,10234,0.07419053351919909,0.5221162185602776
4830,0.4873,10,4,10,667081,9363,116032,10224,0.07415885185654543,0.5219788635319345
4831,0.4874,8,11,8,667092,9352,116040,10216,0.07407172728424788,0.5220768601798855
4832,0.4875,4,9,4,667101,9343,116044,10212,0.07400044354327714,0.5222193812324214
4833,0.4876,8,13,8,667114,9330,116052,10204,0.07389747813965276,0.522371250127982
4834,0.4877,9,10,9,667124,9320,116061,10195,0.07381827398301863,0.5224186523187292
4835,0.4878,15,11,15,667135,9309,116076,10180,0.07373114941072108,0.5223459387346708
4836,0.4879,7,10,7,667145,9299,116083,10173,0.07365194525408693,0.5224424815119145
4837,0.488,9,8,9,667153,9291,116092,10164,0.07358858192877962,0.5224363916730917
4838,0.4881,8,12,8,667165,9279,116100,10156,0.07349353694081866,0.5225623874453306
4839,0.4882,12,11,12,667176,9268,116112,10144,0.0734064123685211,0.5225633628683288
4840,0.4883,13,9,13,667185,9259,116125,10131,0.07333512862755037,0.5224858174316658
4841,0.4884,8,12,8,667197,9247,116133,10123,0.0732400836395894,0.5226122870418173
4842,0.4885,4,8,4,667205,9239,116137,10119,0.07317672031428209,0.522729620828598
4843,0.4886,7,12,7,667217,9227,116144,10112,0.07308167532632112,0.5228812244686902
4844,0.4887,6,9,6,667226,9218,116150,10106,0.0730103915853504,0.5229766093976402
4845,0.4888,4,9,4,667235,9209,116154,10102,0.07293910784437967,0.5231215369478536
4846,0.4889,3,8,3,667243,9201,116157,10099,0.07287574451907236,0.5232642487046633
4847,0.489,10,7,10,667250,9194,116167,10089,0.07282030160942846,0.5232069698698335
4848,0.4891,14,13,14,667263,9181,116181,10075,0.07271733620580408,0.5232135438304943
4849,0.4892,12,12,12,667275,9169,116193,10063,0.07262229121784311,0.5232425124792013
4850,0.4893,7,6,7,667281,9163,116200,10056,0.07257476872386263,0.5232322181174879
4851,0.4894,11,6,11,667287,9157,116211,10045,0.07252724622988214,0.5231225913967295
4852,0.4895,11,6,11,667293,9151,116222,10034,0.07247972373590165,0.5230127703935367
4853,0.4896,5,4,5,667297,9147,116227,10029,0.07244804207324801,0.5229974968710889
4854,0.4897,9,7,9,667304,9140,116236,10020,0.0723925991636041,0.5229645093945721
4855,0.4898,11,7,11,667311,9133,116247,10009,0.07233715625396021,0.5228816215651447
4856,0.4899,7,16,7,667327,9117,116254,10002,0.07221042960334559,0.5231445159265652
4857,0.49,9,11,9,667338,9106,116263,9993,0.07212330503104802,0.5232211110529347
4858,0.4901,13,14,13,667352,9092,116276,9980,0.07201241921176023,0.5232802013422819
4859,0.4902,8,16,8,667368,9076,116284,9972,0.0718856925611456,0.5235195296094078
4860,0.4903,4,9,4,667377,9067,116288,9968,0.07181440882017488,0.5236669293406883
4861,0.4904,11,6,11,667383,9061,116299,9957,0.07176688632619439,0.5235566305605216
4862,0.4905,10,13,10,667396,9048,116309,9947,0.07166392092257001,0.5236641221374045
4863,0.4906,6,16,6,667412,9032,116315,9941,0.07153719427195539,0.5239550940810626
4864,0.4907,9,5,9,667417,9027,116324,9932,0.07149759219363833,0.5238672925787226
4865,0.4908,3,16,3,667433,9011,116327,9929,0.0713708655430237,0.5242344244984161
4866,0.4909,7,8,7,667441,9003,116334,9922,0.07130750221771638,0.5242800528401586
4867,0.491,11,4,11,667445,8999,116345,9911,0.07127582055506274,0.5241142252776309
4868,0.4911,8,10,8,667455,8989,116353,9903,0.07119661639842859,0.5241901333897946
4869,0.4912,8,14,8,667469,8975,116361,9895,0.07108573057914079,0.5243773184949656
4870,0.4913,13,10,13,667479,8965,116374,9882,0.07100652642250666,0.5243274791744044
4871,0.4914,2,20,2,667499,8945,116376,9880,0.07084811810923837,0.5248339973439575
4872,0.4915,8,11,8,667510,8934,116384,9872,0.07076099353694082,0.5249388493034138
4873,0.4916,0,5,0,667515,8929,116384,9872,0.07072139145862374,0.525078453273762
4874,0.4917,9,8,9,667523,8921,116393,9863,0.07065802813331644,0.525074531516184
4875,0.4918,10,6,10,667529,8915,116403,9853,0.07061050563933595,0.5249893435635123
4876,0.4919,8,4,8,667533,8911,116411,9845,0.07057882397668229,0.5248986990829602
4877,0.492,10,7,10,667540,8904,116421,9835,0.0705233810670384,0.5248412401942473
4878,0.4921,7,11,7,667551,8893,116428,9828,0.07043625649474085,0.5249719566262486
4879,0.4922,9,14,9,667565,8879,116437,9819,0.07032537067545305,0.5251363782222698
4880,0.4923,12,7,12,667572,8872,116449,9807,0.07026992776580915,0.5250281064296803
4881,0.4924,4,3,4,667575,8869,116453,9803,0.0702461665188189,0.5250107112253641
4882,0.4925,13,10,13,667585,8859,116466,9790,0.07016696236218477,0.5249611239208537
4883,0.4926,8,12,8,667597,8847,116474,9782,0.0700719173742238,0.5250952815502711
4884,0.4927,11,10,11,667607,8837,116485,9771,0.06999271321758965,0.5250967325881342
4885,0.4928,10,8,10,667615,8829,116495,9761,0.06992934989228235,0.5250672404518558
4886,0.4929,11,13,11,667628,8816,116506,9750,0.06982638448865797,0.5251535064095658
4887,0.493,10,7,10,667635,8809,116516,9740,0.06977094157901406,0.5250956924901612
4888,0.4931,9,8,9,667643,8801,116525,9731,0.06970757825370676,0.5250917332182171
4889,0.4932,11,6,11,667649,8795,116536,9720,0.06966005575972627,0.5249797461517688
4890,0.4933,5,13,5,667662,8782,116541,9715,0.06955709035610189,0.5252203059955668
4891,0.4934,5,13,5,667675,8769,116546,9710,0.0694541249524775,0.525461334487797
4892,0.4935,12,14,12,667689,8755,116558,9698,0.06934323913318971,0.5255514008562293
4893,0.4936,11,8,11,667697,8747,116569,9687,0.0692798758078824,0.5254963654117392
4894,0.4937,10,12,10,667709,8735,116579,9677,0.06918483081992143,0.5255811427330003
4895,0.4938,8,10,8,667719,8725,116587,9669,0.06910562666328729,0.5256605414809177
4896,0.4939,7,15,7,667734,8710,116594,9662,0.06898682042833608,0.525908991944263
4897,0.494,4,11,4,667745,8699,116598,9658,0.06889969585603853,0.5261208258430027
4898,0.4941,9,4,9,667749,8695,116607,9649,0.06886801419338487,0.5260030527692978
4899,0.4942,12,8,12,667757,8687,116619,9637,0.06880465086807756,0.525922287710107
4900,0.4943,8,9,8,667766,8678,116627,9629,0.06873336712710683,0.5259736712732834
4901,0.4944,12,6,12,667772,8672,116639,9617,0.06868584463312635,0.5258352014872327
4902,0.4945,8,7,8,667779,8665,116647,9609,0.06863040172348245,0.5258290467330634
4903,0.4946,4,8,4,667787,8657,116651,9605,0.06856703839817514,0.5259555360858613
4904,0.4947,10,11,10,667798,8646,116661,9595,0.06847991382587758,0.5260128282440656
4905,0.4948,10,8,10,667806,8638,116671,9585,0.06841655050057027,0.5259836470394557
4906,0.4949,7,14,7,667820,8624,116678,9578,0.06830566468128248,0.5262059114383035
4907,0.495,8,5,8,667825,8619,116686,9570,0.0682660626029654,0.5261421738413327
4908,0.4951,2,12,2,667837,8607,116688,9568,0.06817101761500444,0.5264374140302613
4909,0.4952,9,5,9,667842,8602,116697,9559,0.06813141553668736,0.5263476680799516
4910,0.4953,14,7,14,667849,8595,116711,9545,0.06807597262704347,0.5261852260198456
4911,0.4954,5,6,5,667855,8589,116716,9540,0.06802845013306298,0.5262286943571074
4912,0.4955,8,7,8,667862,8582,116724,9532,0.06797300722341909,0.5262228110853483
4913,0.4956,8,9,8,667871,8573,116732,9524,0.06790172348244836,0.5262750732165552
4914,0.4957,7,10,7,667881,8563,116739,9517,0.06782251932581422,0.5263827433628319
4915,0.4958,6,17,6,667898,8546,116745,9511,0.06768787225953618,0.5267209392479371
4916,0.4959,10,12,10,667910,8534,116755,9501,0.06759282727157521,0.5268089825339617
4917,0.496,9,3,9,667913,8531,116764,9492,0.06756906602458497,0.5266603784053709
4918,0.4961,5,11,5,667924,8520,116769,9487,0.06748194145228742,0.5268506691842061
4919,0.4962,4,6,4,667930,8514,116773,9483,0.06743441895830693,0.5269211535255875
4920,0.4963,7,9,7,667939,8505,116780,9476,0.06736313521733621,0.5270007229853735
4921,0.4964,11,8,11,667947,8497,116791,9465,0.06729977189202889,0.5269457744126489
4922,0.4965,5,8,5,667955,8489,116796,9460,0.06723640856672158,0.5270488606607611
4923,0.4966,9,10,9,667965,8479,116805,9451,0.06715720441008745,0.5271054099274958
4924,0.4967,9,10,9,667975,8469,116814,9442,0.0670780002534533,0.5271620791692256
4925,0.4968,7,8,7,667983,8461,116821,9435,0.06701463692814599,0.5272127849798838
4926,0.4969,11,11,11,667994,8450,116832,9424,0.06692751235584843,0.5272462795121405
4927,0.497,9,11,9,668005,8439,116841,9415,0.06684038778355088,0.5273328105746612
4928,0.4971,9,15,9,668020,8424,116850,9406,0.06672158154859967,0.527537857543466
4929,0.4972,15,17,15,668037,8407,116865,9391,0.06658693448232163,0.5276435554556692
4930,0.4973,10,5,10,668042,8402,116875,9381,0.06654733240400457,0.5275262891525614
4931,0.4974,13,15,13,668057,8387,116888,9368,0.06642852616905336,0.5276260208392002
4932,0.4975,10,11,10,668068,8376,116898,9358,0.06634140159675579,0.5276869290628172
4933,0.4976,7,7,7,668075,8369,116905,9351,0.0662859586871119,0.5277088036117381
4934,0.4977,7,7,7,668082,8362,116912,9344,0.066230515777468,0.5277307127527392
4935,0.4978,11,11,11,668093,8351,116923,9333,0.06614339120517045,0.527765211490613
4936,0.4979,9,12,9,668105,8339,116932,9324,0.06604834621720948,0.5278831455585121
4937,0.498,10,9,10,668114,8330,116942,9314,0.06597706247623876,0.5278848333711177
4938,0.4981,12,11,12,668125,8319,116954,9302,0.0658899379039412,0.5278928551160547
4939,0.4982,14,10,14,668135,8309,116968,9288,0.06581073374730706,0.5278172415752685
4940,0.4983,9,9,9,668144,8300,116977,9279,0.06573945000633634,0.5278457250127994
4941,0.4984,9,12,9,668156,8288,116986,9270,0.06564440501837536,0.5279644606447204
4942,0.4985,4,9,4,668165,8279,116990,9266,0.06557312127740464,0.5281276717013395
4943,0.4986,4,15,4,668180,8264,116994,9262,0.06545431504245343,0.5284719844802008
4944,0.4987,7,10,7,668190,8254,117001,9255,0.0653751108858193,0.5285852989890913
4945,0.4988,14,11,14,668201,8243,117015,9241,0.06528798631352173,0.528540379775795
4946,0.4989,7,10,7,668211,8233,117022,9234,0.06520878215688759,0.5286540333199748
4947,0.499,10,5,10,668216,8228,117032,9224,0.06516918007857052,0.5285354114141646
4948,0.4991,7,4,7,668220,8224,117039,9217,0.06513749841591687,0.5284674043919501
4949,0.4992,4,6,4,668226,8218,117043,9213,0.06508997592193638,0.5285411049280019
4950,0.4993,11,10,11,668236,8208,117054,9202,0.06501077176530225,0.5285468121769098
4951,0.4994,8,15,8,668251,8193,117062,9194,0.06489196553035104,0.5287858745039398
4952,0.4995,9,7,9,668258,8186,117071,9185,0.06483652262070713,0.5287548212538138
4953,0.4996,13,12,13,668270,8174,117084,9172,0.06474147763274617,0.5287674391790614
4954,0.4997,10,10,10,668280,8164,117094,9162,0.06466227347611203,0.5288006464273346
4955,0.4998,4,13,4,668293,8151,117098,9158,0.06455930807248765,0.5290889132821076
4956,0.4999,8,5,8,668298,8146,117106,9150,0.06451970599417058,0.5290240518038853
4957,0.5,4,11,4,668309,8135,117110,9146,0.06443258142187303,0.5292517794109137
4958,0.5001,5,4,5,668313,8131,117115,9141,0.06440089975921937,0.5292380731820288
4959,0.5002,5,8,5,668321,8123,117120,9136,0.06433753643391205,0.5293470073584796
4960,0.5003,8,9,8,668330,8114,117128,9128,0.06426625269294133,0.5294049414221088
4961,0.5004,9,10,9,668340,8104,117137,9119,0.06418704853630719,0.5294664111943331
4962,0.5005,7,14,7,668354,8090,117144,9112,0.0640761627170194,0.529705848157191
4963,0.5006,3,10,3,668364,8080,117147,9109,0.06399695856038524,0.5299319332131014
4964,0.5007,6,7,6,668371,8073,117153,9103,0.06394151565074135,0.5299836981835119
4965,0.5008,11,9,11,668380,8064,117164,9092,0.06387023190977062,0.5299603637211471
4966,0.5009,4,11,4,668391,8053,117168,9088,0.06378310733747307,0.5301907706668222
4967,0.501,9,15,9,668406,8038,117177,9079,0.06366430110252186,0.5304083659519776
4968,0.5011,9,6,9,668412,8032,117186,9070,0.06361677860854138,0.5303473277979184
4969,0.5012,7,8,7,668420,8024,117193,9063,0.06355341528323406,0.530403230526131
4970,0.5013,5,11,5,668431,8013,117198,9058,0.06346629071093651,0.5306074629488606
4971,0.5014,7,6,7,668437,8007,117205,9051,0.06341876821695602,0.5306014773126978
4972,0.5015,7,14,7,668451,7993,117212,9044,0.06330788239766823,0.5308446322709397
4973,0.5016,7,13,7,668464,7980,117219,9037,0.06320491699404385,0.5310571781160016
4974,0.5017,8,5,8,668469,7975,117227,9029,0.06316531491572677,0.5309927075982122
4975,0.5018,7,5,7,668474,7970,117234,9022,0.06312571283740971,0.5309557438794726
4976,0.5019,8,6,8,668480,7964,117242,9014,0.06307819034342922,0.5309223701260455
4977,0.502,9,11,9,668491,7953,117251,9005,0.06299106577113167,0.5310178087038566
4978,0.5021,7,9,7,668500,7944,117258,8998,0.06291978203016094,0.5311061267855035
4979,0.5022,4,11,4,668511,7933,117262,8994,0.06283265745786339,0.5313404619838128
4980,0.5023,4,9,4,668520,7924,117266,8990,0.06276137371689267,0.5315123566276457
4981,0.5024,12,8,12,668528,7916,117278,8978,0.06269801039158535,0.5314312773765834
4982,0.5025,10,8,10,668536,7908,117288,8968,0.06263464706627804,0.5314055463379947
4983,0.5026,6,10,6,668546,7898,117294,8962,0.0625554429096439,0.5315539739027284
4984,0.5027,16,12,16,668558,7886,117310,8946,0.06246039792168293,0.5314876425855514
4985,0.5028,9,10,9,668568,7876,117319,8937,0.06238119376504879,0.5315529649675846
4986,0.5029,5,12,5,668580,7864,117324,8932,0.062286148777087824,0.5317932841152655
4987,0.503,11,7,11,668587,7857,117335,8921,0.062230705867443926,0.531708189295506
4988,0.5031,12,12,12,668599,7845,117347,8909,0.062135660879482954,0.5317536110779515
4989,0.5032,10,9,10,668608,7836,117357,8899,0.062064377138512226,0.5317597848819838
4990,0.5033,6,9,6,668617,7827,117363,8893,0.061993093397541506,0.531877990430622
4991,0.5034,7,8,7,668625,7819,117370,8886,0.06192973007223419,0.531936545944328
4992,0.5035,8,8,8,668633,7811,117378,8878,0.06186636674692688,0.5319671640002397
4993,0.5036,10,14,10,668647,7797,117388,8868,0.061755480927639085,0.5321332133213321
4994,0.5037,10,5,10,668652,7792,117398,8858,0.06171587884932201,0.532012012012012
4995,0.5038,11,12,11,668664,7780,117409,8847,0.061620833861361045,0.532086365550009
4996,0.5039,12,4,12,668668,7776,117421,8835,0.061589152198707385,0.5318764674011197
4997,0.504,6,8,6,668676,7768,117427,8829,0.06152578887340008,0.5319636078809423
4998,0.5041,13,7,13,668683,7761,117440,8816,0.061470345963756175,0.5318211980454847
4999,0.5042,8,9,8,668692,7752,117448,8808,0.061399062222785454,0.5318840579710145
5000,0.5043,9,5,9,668697,7747,117457,8799,0.06135946014446838,0.5317901607639308
5001,0.5044,3,4,3,668701,7743,117460,8796,0.061327778481814726,0.5318338472700889
5002,0.5045,8,7,8,668708,7736,117468,8788,0.06127233557217083,0.5318324860808521
5003,0.5046,10,15,10,668723,7721,117478,8778,0.06115352933721962,0.5320322443784472
5004,0.5047,7,12,7,668735,7709,117485,8771,0.061058484349258646,0.5322208737864078
5005,0.5048,9,7,9,668742,7702,117494,8762,0.06100304143961475,0.5321914480077745
5006,0.5049,6,11,6,668753,7691,117500,8756,0.0609159168673172,0.5323767252386453
5007,0.505,7,7,7,668760,7684,117507,8749,0.0608604739576733,0.5324043084038216
5008,0.5051,5,13,5,668773,7671,117512,8744,0.06075750855404892,0.5326835211696619
5009,0.5052,11,7,11,668780,7664,117523,8733,0.060702065644405015,0.5325974263584802
5010,0.5053,6,15,6,668795,7649,117529,8727,0.06058325940945381,0.532914020517831
5011,0.5054,7,11,7,668806,7638,117536,8720,0.060496134837156254,0.5330725027509475
5012,0.5055,8,4,8,668810,7634,117544,8712,0.0604644531745026,0.5329744279946165
5013,0.5056,4,7,4,668817,7627,117548,8708,0.0604090102648587,0.5330884603611876
5014,0.5057,10,9,10,668826,7618,117558,8698,0.060337726523887976,0.5330963471439079
5015,0.5058,9,8,9,668834,7610,117567,8689,0.06027436319858066,0.5331001901957175
5016,0.5059,6,4,6,668838,7606,117573,8683,0.060242681535927003,0.5330591196512984
5017,0.506,9,6,9,668844,7600,117582,8674,0.06019515904194652,0.532997419196264
5018,0.5061,8,5,8,668849,7595,117590,8666,0.06015555696362945,0.5329315540249677
5019,0.5062,8,6,8,668855,7589,117598,8658,0.06010803446964897,0.5328983812396134
5020,0.5063,12,14,12,668869,7575,117610,8646,0.05999714865036117,0.5330127612354355
5021,0.5064,7,12,7,668881,7563,117617,8639,0.0599021036624002,0.53320577706456
5022,0.5065,5,8,5,668889,7555,117622,8634,0.05983874033709289,0.5333250972882821
5023,0.5066,10,6,10,668895,7549,117632,8624,0.05979121784311241,0.5332344030173747
5024,0.5067,7,5,7,668900,7544,117639,8617,0.05975161576479534,0.5331972031433698
5025,0.5068,9,11,9,668911,7533,117648,8608,0.05966449119249778,0.5333002911839415
5026,0.5069,3,11,3,668922,7522,117651,8605,0.05957736662020023,0.5335772307310721
5027,0.507,6,10,6,668932,7512,117657,8599,0.05949816246356609,0.5337347154118304
5028,0.5071,10,4,10,668936,7508,117667,8589,0.05946648080091243,0.533577685282972
5029,0.5072,4,9,4,668945,7499,117671,8585,0.05939519705994171,0.5337602586421288
5030,0.5073,9,9,9,668954,7490,117680,8576,0.05932391331897098,0.5337980829080045
5031,0.5074,9,3,9,668957,7487,117689,8567,0.059300152071980736,0.5336364768904945
5032,0.5075,4,8,4,668965,7479,117693,8563,0.05923678874667342,0.5337863109337988
5033,0.5076,7,6,7,668971,7473,117700,8556,0.05918926625269294,0.533782519183979
5034,0.5077,8,10,8,668981,7463,117708,8548,0.0591100620960588,0.5338829554681157
5035,0.5078,14,7,14,668988,7456,117722,8534,0.0590546191864149,0.5337085678549093
5036,0.5079,8,10,8,668998,7446,117730,8526,0.058975415029780764,0.533809166040571
5037,0.508,9,9,9,669007,7437,117739,8517,0.05890413128881004,0.5338473110191801
5038,0.5081,5,14,5,669021,7423,117744,8512,0.05879324546952224,0.534170065892689
5039,0.5082,5,12,5,669033,7411,117749,8507,0.05869820048156127,0.5344264354818444
5040,0.5083,9,5,9,669038,7406,117758,8498,0.0586585984032442,0.534330985915493
5041,0.5084,6,13,6,669051,7393,117764,8492,0.05855563299961982,0.5345923827510229
5042,0.5085,10,13,10,669064,7380,117774,8482,0.05845266759599544,0.5347371075526416
5043,0.5086,12,10,12,669074,7370,117786,8470,0.0583734634393613,0.5347222222222222
5044,0.5087,7,10,7,669084,7360,117793,8463,0.058294259282727155,0.5348543259811667
5045,0.5088,5,9,5,669093,7351,117798,8458,0.058222975541756435,0.5350117021949522
5046,0.5089,7,9,7,669102,7342,117805,8451,0.05815169180078571,0.5351104919901222
5047,0.509,4,8,4,669110,7334,117809,8447,0.058088328475478394,0.5352639249730688
5048,0.5091,3,6,3,669116,7328,117812,8444,0.05804080598149791,0.5353791529292417
5049,0.5092,10,11,10,669127,7317,117822,8434,0.057953681409200354,0.5354580661545298
5050,0.5093,10,8,10,669135,7309,117832,8424,0.05789031808389304,0.5354350727769656
5051,0.5094,7,10,7,669145,7299,117839,8417,0.057811113927258906,0.535568847034869
5052,0.5095,10,12,10,669157,7287,117849,8407,0.05771606893929793,0.5356824264049955
5053,0.5096,11,13,11,669170,7274,117860,8396,0.05761310353567355,0.5358008934269305
5054,0.5097,5,7,5,669177,7267,117865,8391,0.057557660626029655,0.5358921956827181
5055,0.5098,6,6,6,669183,7261,117871,8385,0.05751013813204917,0.5359197238910903
5056,0.5099,11,17,11,669200,7244,117882,8374,0.05737549106577113,0.5361762069407094
5057,0.51,6,10,6,669210,7234,117888,8368,0.05729628690913699,0.5363414946801692
5058,0.5101,6,11,6,669221,7223,117894,8362,0.05720916233683944,0.5365415463586782
5059,0.5102,5,9,5,669230,7214,117899,8357,0.05713787859586871,0.536702845032432
5060,0.5103,5,6,5,669236,7208,117904,8352,0.05709035610188823,0.5367609254498714
5061,0.5104,12,9,12,669245,7199,117916,8340,0.0570190723609175,0.5367140742647531
5062,0.5105,6,3,6,669248,7196,117922,8334,0.056995311113927256,0.5366387636831939
5063,0.5106,8,13,8,669261,7183,117930,8326,0.056892345710302876,0.5368495712167128
5064,0.5107,5,6,5,669267,7177,117935,8321,0.05684482321632239,0.5369079881275003
5065,0.5108,9,13,9,669280,7164,117944,8312,0.05674185781269801,0.5370896872576894
5066,0.5109,8,6,8,669286,7158,117952,8304,0.05669433531871752,0.537058595265813
5067,0.511,12,6,12,669292,7152,117964,8292,0.05664681282473704,0.5369075369075369
5068,0.5111,7,8,7,669300,7144,117971,8285,0.05658344949942973,0.5369758247456089
5069,0.5112,9,9,9,669309,7135,117980,8276,0.05651216575845901,0.5370190123937447
5070,0.5113,11,11,11,669320,7124,117991,8265,0.05642504118616145,0.5370719344986679
5071,0.5114,7,9,7,669329,7115,117998,8258,0.05635375744519072,0.5371755675535029
5072,0.5115,8,6,8,669335,7109,118006,8250,0.05630623495121024,0.5371443453349828
5073,0.5116,7,8,7,669343,7101,118013,8243,0.05624287162590293,0.5372132429614181
5074,0.5117,7,1,7,669344,7100,118020,8236,0.05623495121023951,0.5370370370370371
5075,0.5118,9,10,9,669354,7090,118029,8227,0.056155747053605376,0.5371156231638049
5076,0.5119,8,10,8,669364,7080,118037,8219,0.05607654289697123,0.5372246552062226
5077,0.512,7,8,7,669372,7072,118044,8212,0.05601317957166392,0.5372939021198639
5078,0.5121,7,5,7,669377,7067,118051,8205,0.05597357749334685,0.5372577265584075
5079,0.5122,5,8,5,669385,7059,118056,8200,0.05591021416803954,0.5373877711514516
5080,0.5123,7,7,7,669392,7052,118063,8193,0.05585477125839564,0.5374221056083962
5081,0.5124,5,11,5,669403,7041,118068,8188,0.055767646686098085,0.5376584148663733
5082,0.5125,7,8,7,669411,7033,118075,8181,0.05570428336079077,0.5377284080452215
5083,0.5126,7,9,7,669420,7024,118082,8174,0.055632999619820045,0.5378339255165153
5084,0.5127,8,9,8,669429,7015,118090,8166,0.055561715878849324,0.5379092286410645
5085,0.5128,9,8,9,669437,7007,118099,8157,0.05549835255354201,0.5379187549459246
5086,0.5129,6,8,6,669445,6999,118105,8151,0.0554349892282347,0.538019801980198
5087,0.513,4,6,4,669451,6993,118109,8147,0.055387466734254216,0.538110964332893
5088,0.5131,5,12,5,669463,6981,118114,8142,0.055292421746293244,0.5383852410236064
5089,0.5132,10,7,10,669470,6974,118124,8132,0.055236978836649346,0.5383291407387792
5090,0.5133,14,9,14,669479,6965,118138,8118,0.05516569509567862,0.5382218391566664
5091,0.5134,5,12,5,669491,6953,118143,8113,0.05507065010771765,0.5384972786406478
5092,0.5135,10,8,10,669499,6945,118153,8103,0.05500728678241034,0.5384768740031898
5093,0.5136,7,11,7,669510,6934,118160,8096,0.05492016221011279,0.5386560212907519
5094,0.5137,9,6,9,669516,6928,118169,8087,0.0548726397161323,0.5385947385947386
5095,0.5138,5,6,5,669522,6922,118174,8082,0.05482511722215182,0.5386563583044521
5096,0.5139,5,9,5,669531,6913,118179,8077,0.05475383348118109,0.5388258839226151
5097,0.514,3,4,3,669535,6909,118182,8074,0.05472215181852744,0.5388773943802977
5098,0.5141,6,4,6,669539,6905,118188,8068,0.05469047015587378,0.5388365724971615
5099,0.5142,3,7,3,669546,6898,118191,8065,0.05463502724622988,0.5389961906034886
5100,0.5143,9,6,9,669552,6892,118200,8056,0.0545875047522494,0.5389349745785389
5101,0.5144,10,10,10,669562,6882,118210,8046,0.05450830059561526,0.5389871382636656
5102,0.5145,7,10,7,669572,6872,118217,8039,0.05442909643898112,0.5391321842934746
5103,0.5146,10,7,10,669579,6865,118227,8029,0.05437365352933722,0.5390761380421646
5104,0.5147,5,11,5,669590,6854,118232,8024,0.05428652895703966,0.5393198010485281
5105,0.5148,4,6,4,669596,6848,118236,8020,0.05423900646305918,0.5394135055152004
5106,0.5149,6,11,6,669607,6837,118242,8014,0.05415188189076163,0.5396269611473975
5107,0.515,9,5,9,669612,6832,118251,8005,0.054112279812444555,0.539529554492148
5108,0.5151,5,11,5,669623,6821,118256,8000,0.054025155240147005,0.5397746440860941
5109,0.5152,9,10,9,669633,6811,118265,7991,0.05394595108351286,0.5398594784488583
5110,0.5153,9,12,9,669645,6799,118274,7982,0.0538509060955519,0.5400175901495162
5111,0.5154,8,12,8,669657,6787,118282,7974,0.053755861107590924,0.5402073030282502
5112,0.5155,9,8,9,669665,6779,118291,7965,0.05369249778228361,0.5402197504069451
5113,0.5156,7,12,7,669677,6767,118298,7958,0.053597452794322646,0.5404414261460102
5114,0.5157,9,13,9,669690,6754,118307,7949,0.053494487390698266,0.540637965041148
5115,0.5158,19,8,19,669698,6746,118326,7930,0.05343112406539095,0.5403379667484328
5116,0.5159,4,13,4,669711,6733,118330,7926,0.05332815866176657,0.5406917252200014
5117,0.516,9,9,9,669720,6724,118339,7917,0.053256874920795845,0.5407417526125264
5118,0.5161,6,8,6,669728,6716,118345,7911,0.05319351159548853,0.540849114650988
5119,0.5162,5,9,5,669737,6707,118350,7906,0.053122227854517805,0.541025114623965
5120,0.5163,6,9,6,669746,6698,118356,7900,0.05305094411354708,0.5411700232908617
5121,0.5164,9,7,9,669753,6691,118365,7891,0.05299550120390318,0.5411466191194624
5122,0.5165,7,5,7,669758,6686,118372,7884,0.05295589912558611,0.5411118737131091
5123,0.5166,8,15,8,669773,6671,118380,7876,0.0528370928906349,0.5414174743933458
5124,0.5167,5,6,5,669779,6665,118385,7871,0.05278957039665442,0.541483214089158
5125,0.5168,7,10,7,669789,6655,118392,7864,0.052710366240020276,0.541635098836008
5126,0.5169,8,12,8,669801,6643,118400,7856,0.05261532125205931,0.5418304710669701
5127,0.517,6,10,6,669811,6633,118406,7850,0.05253611709542517,0.5420147759442104
5128,0.5171,7,8,7,669819,6625,118413,7843,0.052472753770117855,0.5420928946640863
5129,0.5172,7,3,7,669822,6622,118420,7836,0.05244899252312761,0.5419836768571034
5130,0.5173,9,11,9,669833,6611,118429,7827,0.05236186795083006,0.5421110957196288
5131,0.5174,5,3,5,669836,6608,118434,7822,0.052338106703839815,0.5420651420651421
5132,0.5175,7,7,7,669843,6601,118441,7815,0.05228266379419592,0.5421059933407325
5133,0.5176,9,11,9,669854,6590,118450,7806,0.05219553922189837,0.5422339538760766
5134,0.5177,5,11,5,669865,6579,118455,7801,0.05210841464960081,0.5424895688456189
5135,0.5178,7,8,7,669873,6571,118462,7794,0.0520450513242935,0.5425687434737209
5136,0.5179,7,8,7,669881,6563,118469,7787,0.051981687998986184,0.5426480836236934
5137,0.518,6,6,6,669887,6557,118475,7781,0.0519341655050057,0.5426837773748082
5138,0.5181,4,6,4,669893,6551,118479,7777,0.05188664301102522,0.5427833612506979
5139,0.5182,7,7,7,669900,6544,118486,7770,0.05183120010138132,0.542825206091938
5140,0.5183,10,4,10,669904,6540,118496,7760,0.05179951843872766,0.5426573426573427
5141,0.5184,4,10,4,669914,6530,118500,7756,0.051720314282093525,0.5429091418171637
5142,0.5185,9,11,9,669925,6519,118509,7747,0.05163318970979597,0.5430393943642227
5143,0.5186,5,9,5,669934,6510,118514,7742,0.05156190596882525,0.5432220039292731
5144,0.5187,6,6,6,669940,6504,118520,7736,0.05151438347484476,0.5432584269662921
5145,0.5188,5,6,5,669946,6498,118525,7731,0.051466860980864275,0.5433270082226439
5146,0.5189,7,5,7,669951,6493,118532,7724,0.05142725890254721,0.5432932404867412
5147,0.519,5,5,5,669956,6488,118537,7719,0.05138765682423013,0.5433237136622792
5148,0.5191,11,9,11,669965,6479,118548,7708,0.05131637308325941,0.543314301825615
5149,0.5192,9,8,9,669973,6471,118557,7699,0.0512530097579521,0.5433309809456598
5150,0.5193,5,9,5,669982,6462,118562,7694,0.05118172601698137,0.5435151172647641
5151,0.5194,7,5,7,669987,6457,118569,7687,0.051142123938664304,0.543481334841629
5152,0.5195,9,8,9,669995,6449,118578,7678,0.05107876061335699,0.5434982657322857
5153,0.5196,9,7,9,670002,6442,118587,7669,0.05102331770371309,0.5434767202891362
5154,0.5197,10,10,10,670012,6432,118597,7659,0.05094411354707895,0.5435384287843305
5155,0.5198,4,7,4,670019,6425,118601,7655,0.05088867063743505,0.5436789772727273
5156,0.5199,9,8,9,670027,6417,118610,7646,0.05082530731212774,0.543696224134253
5157,0.52,6,3,6,670030,6414,118616,7640,0.050801546065137496,0.5436174754518287
5158,0.5201,7,3,7,670033,6411,118623,7633,0.05077778481814726,0.5435061236115067
5159,0.5202,4,9,4,670042,6402,118627,7629,0.05070650107717653,0.5437246097926021
5160,0.5203,6,8,6,670050,6394,118633,7623,0.05064313775186922,0.5438396233145466
5161,0.5204,5,11,5,670061,6383,118638,7618,0.05055601317957167,0.5441039925719592
5162,0.5205,10,12,10,670073,6371,118648,7608,0.050460968191610694,0.5442449388368267
5163,0.5206,12,12,12,670085,6359,118660,7596,0.05036592320364973,0.5443210318882121
5164,0.5207,7,14,7,670099,6345,118667,7589,0.050255037384361934,0.5446390124874408
5165,0.5208,5,6,5,670105,6339,118672,7584,0.050207514890381444,0.5447101917690153
5166,0.5209,6,8,6,670113,6331,118678,7578,0.05014415156507414,0.5448270903731397
5167,0.521,12,10,12,670123,6321,118690,7566,0.050064947408439996,0.5448260963491035
5168,0.5211,6,7,6,670130,6314,118696,7560,0.0500095044987961,0.544904137235116
5169,0.5212,8,6,8,670136,6308,118704,7552,0.049961982004815615,0.5448773448773448
5170,0.5213,8,6,8,670142,6302,118712,7544,0.049914459510835125,0.5448504983388704
5171,0.5214,3,4,3,670146,6298,118715,7541,0.04988277784818147,0.5449093142568104
5172,0.5215,11,7,11,670153,6291,118726,7530,0.049827334938537575,0.5448230952897765
5173,0.5216,9,7,9,670160,6284,118735,7521,0.04977189202889368,0.5448026077508149
5174,0.5217,9,8,9,670168,6276,118744,7512,0.049708528703586365,0.5448215839860748
5175,0.5218,3,7,3,670175,6269,118747,7509,0.04965308579394247,0.5449992742052547
5176,0.5219,5,8,5,670183,6261,118752,7504,0.049589722468635154,0.5451507446422085
5177,0.522,5,8,5,670191,6253,118757,7499,0.04952635914332784,0.5453025014543339
5178,0.5221,9,15,9,670206,6238,118766,7490,0.04940755290837663,0.5456002331002331
5179,0.5222,7,9,7,670215,6229,118773,7483,0.049336269167405904,0.5457263710618436
5180,0.5223,3,8,3,670223,6221,118776,7480,0.04927290584209859,0.5459455514196044
5181,0.5224,6,8,6,670231,6213,118782,7474,0.04920954251679128,0.5460656097026375
5182,0.5225,4,6,4,670237,6207,118786,7470,0.049162020022810796,0.5461724062294363
5183,0.5226,3,8,3,670245,6199,118789,7467,0.04909865669750348,0.5463925069515586
5184,0.5227,5,8,5,670253,6191,118794,7462,0.04903529337219617,0.5465465465465466
5185,0.5228,5,8,5,670261,6183,118799,7457,0.04897193004688886,0.5467008797653959
5186,0.5229,8,5,8,670266,6178,118807,7449,0.04893232796857179,0.5466353562779775
5187,0.523,7,6,7,670272,6172,118814,7442,0.04888480547459131,0.5466431614514471
5188,0.5231,5,10,5,670282,6162,118819,7437,0.048805601317957165,0.5468784469446283
5189,0.5232,12,11,12,670293,6151,118831,7425,0.048718476745659614,0.546921037124337
5190,0.5233,3,5,3,670298,6146,118834,7422,0.04867887466734254,0.5470224056603774
5191,0.5234,1,10,1,670308,6136,118835,7421,0.048599670510708404,0.5473924909640776
5192,0.5235,4,2,4,670310,6134,118839,7417,0.048583829679381574,0.5473396797284333
5193,0.5236,5,16,5,670326,6118,118844,7412,0.04845710302876695,0.547819660014782
5194,0.5237,6,6,6,670332,6112,118850,7406,0.048409580534786466,0.5478621097795532
5195,0.5238,5,7,5,670339,6105,118855,7401,0.04835413762514257,0.547978676143936
5196,0.5239,6,13,6,670352,6092,118861,7395,0.04825117222151819,0.5483057759323793
5197,0.524,8,12,8,670364,6080,118869,7387,0.048156127233557215,0.5485260265835004
5198,0.5241,9,2,9,670366,6078,118878,7378,0.04814028640223039,0.5483055885850179
5199,0.5242,8,10,8,670376,6068,118886,7370,0.04806108224559625,0.5484447090340825
5200,0.5243,6,7,6,670383,6061,118892,7364,0.04800563933595235,0.5485288640595903
5201,0.5244,7,10,7,670393,6051,118899,7357,0.04792643517931821,0.5487022673031027
5202,0.5245,7,4,7,670397,6047,118906,7350,0.04789475351666456,0.5486302903635142
5203,0.5246,10,10,10,670407,6037,118916,7340,0.047815549360030414,0.5487029976825896
5204,0.5247,7,10,7,670417,6027,118923,7333,0.04773634520339627,0.548877245508982
5205,0.5248,6,3,6,670420,6024,118929,7327,0.047712583956406034,0.5487978428582129
5206,0.5249,2,11,2,670431,6013,118931,7325,0.047625459384108476,0.5491827860248912
5207,0.525,12,6,12,670437,6007,118943,7313,0.04757793689012799,0.5490240240240241
5208,0.5251,5,9,5,670446,5998,118948,7308,0.047506653149157266,0.5492259131219
5209,0.5252,7,9,7,670455,5989,118955,7301,0.04743536940818654,0.5493604213694507
5210,0.5253,9,4,9,670459,5985,118964,7292,0.047403687745532885,0.54922045642841
5211,0.5254,5,13,5,670472,5972,118969,7287,0.047300722341908505,0.5495889584433216
5212,0.5255,8,3,8,670475,5969,118977,7279,0.04727696109491826,0.549441425120773
5213,0.5256,11,9,11,670484,5960,118988,7268,0.04720567735394753,0.5494405805866344
5214,0.5257,10,7,10,670491,5953,118998,7258,0.047150234444303635,0.5493906592990689
5215,0.5258,9,14,9,670505,5939,119007,7249,0.04703934862501584,0.5496663633606309
5216,0.5259,6,11,6,670516,5928,119013,7243,0.04695222405271829,0.5499202794017158
5217,0.526,9,6,9,670522,5922,119022,7234,0.0469047015587378,0.5498631802979629
5218,0.5261,2,7,2,670529,5915,119024,7232,0.0468492586490939,0.5500874724271697
5219,0.5262,7,3,7,670532,5912,119031,7225,0.046825497402103664,0.5499733576920149
5220,0.5263,9,10,9,670542,5902,119040,7216,0.04674629324546952,0.5500838542460741
5221,0.5264,4,11,4,670553,5891,119044,7212,0.04665916867317197,0.5504083034419599
5222,0.5265,11,7,11,670560,5884,119055,7201,0.04660372576352807,0.5503247993886129
5223,0.5266,4,7,4,670567,5877,119059,7197,0.046548282853884175,0.5504818724185406
5224,0.5267,13,5,13,670572,5872,119072,7184,0.0465086807755671,0.5502450980392157
5225,0.5268,3,6,3,670578,5866,119075,7181,0.04646115828158662,0.5503947267571089
5226,0.5269,5,10,5,670588,5856,119080,7176,0.046381954124952475,0.5506445672191529
5227,0.527,6,11,6,670599,5845,119086,7170,0.046294829552654924,0.5509028044563965
5228,0.5271,8,5,8,670604,5840,119094,7162,0.04625522747433786,0.5508383325642209
5229,0.5272,13,9,13,670613,5831,119107,7149,0.04618394373336713,0.5507704160246533
5230,0.5273,11,14,11,670627,5817,119118,7138,0.046073057914079334,0.5509841759938248
5231,0.5274,5,3,5,670630,5814,119123,7133,0.04604929666708909,0.5509384413377616
5232,0.5275,4,7,4,670637,5807,119127,7129,0.04599385375744519,0.5510977118119975
5233,0.5276,8,6,8,670643,5801,119135,7121,0.04594633126346471,0.5510756848785018
5234,0.5277,4,9,4,670652,5792,119139,7117,0.04587504752249398,0.5513207839491827
5235,0.5278,9,7,9,670659,5785,119148,7108,0.04581960461285008,0.551306910726751
5236,0.5279,11,8,11,670667,5777,119159,7097,0.04575624128754277,0.551266117756719
5237,0.528,5,5,5,670672,5772,119164,7092,0.0457166392092257,0.5513059701492538
5238,0.5281,6,10,6,670682,5762,119170,7086,0.04563743505259156,0.5515255292652553
5239,0.5282,7,8,7,670690,5754,119177,7079,0.04557407172728425,0.5516247175251305
5240,0.5283,6,5,6,670695,5749,119183,7073,0.04553446964896718,0.5516300109187334
5241,0.5284,7,4,7,670699,5745,119190,7066,0.04550278798631352,0.5515572554835688
5242,0.5285,8,6,8,670705,5739,119198,7058,0.04545526549233304,0.5515355161365945
5243,0.5286,4,9,4,670714,5730,119202,7054,0.04538398175136231,0.5517834793491865
5244,0.5287,7,6,7,670720,5724,119209,7047,0.04533645925738183,0.5517970401691332
5245,0.5288,4,5,4,670725,5719,119213,7043,0.04529685717906476,0.5518727472183044
5246,0.5289,8,4,8,670729,5715,119221,7035,0.0452651755164111,0.5517647058823529
5247,0.529,1,3,1,670732,5712,119222,7034,0.04524141426942086,0.5518594068727444
5248,0.5291,5,9,5,670741,5703,119227,7029,0.045170130528450134,0.5520735155513666
5249,0.5292,5,3,5,670744,5700,119232,7024,0.04514636928145989,0.552027664256523
5250,0.5293,10,6,10,670750,5694,119242,7014,0.045098846787479406,0.5519357884796978
5251,0.5294,6,9,6,670759,5685,119248,7008,0.04502756304650868,0.5521153391633183
5252,0.5295,3,8,3,670767,5677,119251,7005,0.044964199721201366,0.5523576722914367
5253,0.5296,10,9,10,670776,5668,119261,6995,0.044892915980230645,0.5523967464265972
5254,0.5297,4,7,4,670783,5661,119265,6991,0.04483747307058675,0.552560859943092
5255,0.5298,11,7,11,670790,5654,119276,6980,0.04478203016094284,0.5524774418236504
5256,0.5299,4,7,4,670797,5647,119280,6976,0.044726587251298945,0.552642002693496
5257,0.53,7,8,7,670805,5639,119287,6969,0.04466322392599164,0.5527442893401016
5258,0.5301,6,10,6,670815,5629,119293,6963,0.0445840197693575,0.5529701397712834
5259,0.5302,4,8,4,670823,5621,119297,6959,0.044520656444050184,0.5531796502384738
5260,0.5303,9,9,9,670832,5612,119306,6950,0.04444937270307946,0.5532558509791434
5261,0.5304,8,7,8,670839,5605,119314,6942,0.04439392979343556,0.5532796684466407
5262,0.5305,7,14,7,670853,5591,119321,6935,0.044283043974147764,0.5536484113044867
5263,0.5306,10,5,10,670858,5586,119331,6925,0.044243441895830696,0.5535129086403965
5264,0.5307,6,2,6,670860,5584,119337,6919,0.044227601064503866,0.5533871870751019
5265,0.5308,5,8,5,670868,5576,119342,6914,0.04416423773919655,0.5535628502802242
5266,0.5309,7,5,7,670873,5571,119349,6907,0.044124635660879485,0.5535342202276006
5267,0.531,5,13,5,670886,5558,119354,6902,0.0440216702572551,0.553932584269663
5268,0.5311,3,8,3,670894,5550,119357,6899,0.043958306931947785,0.5541810587195759
5269,0.5312,6,14,6,670908,5536,119363,6893,0.04384742111265999,0.5545900716067262
5270,0.5313,8,2,8,670910,5534,119371,6885,0.04383158028133317,0.5543924631612851
5271,0.5314,7,8,7,670918,5526,119378,6878,0.043768216956025854,0.554498548855208
5272,0.5315,6,5,6,670923,5521,119384,6872,0.04372861487770878,0.5545065762930687
5273,0.5316,9,5,9,670928,5516,119393,6863,0.04368901279939171,0.5544066564342839
5274,0.5317,11,8,11,670936,5508,119404,6852,0.0436256494740844,0.554368932038835
5275,0.5318,3,16,3,670952,5492,119407,6849,0.043498922823469774,0.554979337168787
5276,0.5319,9,3,9,670955,5489,119416,6840,0.043475161576479536,0.5547895206423878
5277,0.532,3,7,3,670962,5482,119419,6837,0.04341971866683564,0.5549963471060962
5278,0.5321,9,9,9,670971,5473,119428,6828,0.04334843492586491,0.5550768230225185
5279,0.5322,4,8,4,670979,5465,119432,6824,0.0432850716005576,0.5552933517780129
5280,0.5323,6,10,6,670989,5455,119438,6818,0.043205867443923456,0.5555283956652816
5281,0.5324,5,8,5,670997,5447,119443,6813,0.04314250411861614,0.5557096247960849
5282,0.5325,6,9,6,671006,5438,119449,6807,0.04307122037764542,0.5559003674969375
5283,0.5326,4,4,4,671010,5434,119453,6803,0.04303953871499176,0.5559369126419874
5284,0.5327,10,8,10,671018,5426,119463,6793,0.04297617538968445,0.5559374744250757
5285,0.5328,4,4,4,671022,5422,119467,6789,0.0429444937270308,0.555974121693555
5286,0.5329,6,3,6,671025,5419,119473,6783,0.04292073248004055,0.5558924766431732
5287,0.533,4,5,4,671030,5414,119477,6779,0.042881130401723484,0.5559747396046912
5288,0.5331,3,9,3,671039,5405,119480,6776,0.04280984666075276,0.556276167802315
5289,0.5332,8,8,8,671047,5397,119488,6768,0.042746483335445444,0.5563501849568434
5290,0.5333,5,10,5,671057,5387,119493,6763,0.0426672791788113,0.5566255144032922
5291,0.5334,4,0,4,671057,5387,119497,6759,0.0426672791788113,0.5564794994236786
5292,0.5335,9,9,9,671066,5378,119506,6750,0.04259599543784058,0.5565633245382586
5293,0.5336,5,10,5,671076,5368,119511,6745,0.04251679128120644,0.5568397589366796
5294,0.5337,3,5,3,671081,5363,119514,6742,0.04247718920288937,0.5569599339116068
5295,0.5338,6,6,6,671087,5357,119520,6736,0.04242966670890888,0.5570164558008766
5296,0.5339,6,7,6,671094,5350,119526,6730,0.04237422379926498,0.5571192052980133
5297,0.534,6,8,6,671102,5342,119532,6724,0.04231086047395767,0.5572683573678103
5298,0.5341,5,7,5,671109,5335,119537,6719,0.04225541756431377,0.5574083291853327
5299,0.5342,10,8,10,671117,5327,119547,6709,0.04219205423900646,0.5574111000332337
5300,0.5343,4,6,4,671123,5321,119551,6705,0.04214453174502598,0.5575419923499085
5301,0.5344,6,9,6,671132,5312,119557,6699,0.04207324800405525,0.5577387394888019
5302,0.5345,4,4,4,671136,5308,119561,6695,0.0420415663414016,0.5577772223610764
5303,0.5346,8,11,8,671147,5297,119569,6687,0.04195444176910404,0.5579939919893191
5304,0.5347,10,11,10,671158,5286,119579,6677,0.04186731719680649,0.5581375909052914
5305,0.5348,11,5,11,671163,5281,119590,6666,0.04182771511848942,0.5579643425127647
5306,0.5349,8,5,8,671168,5276,119598,6658,0.041788113040172346,0.5579017931959108
5307,0.535,9,9,9,671177,5267,119607,6649,0.04171682929920162,0.5579892581403155
5308,0.5351,10,6,10,671183,5261,119617,6639,0.041669306805221136,0.5578991596638655
5309,0.5352,7,7,7,671190,5254,119624,6632,0.04161386389557724,0.557967356553929
5310,0.5353,7,7,7,671197,5247,119631,6625,0.04155842098593334,0.5580357142857143
5311,0.5354,7,11,7,671208,5236,119638,6618,0.04147129641363579,0.5582925594735955
5312,0.5355,5,8,5,671216,5228,119643,6613,0.04140793308832848,0.5584832362131577
5313,0.5356,7,7,7,671223,5221,119650,6606,0.04135249017868458,0.5585524646994166
5314,0.5357,11,3,11,671226,5218,119661,6595,0.041328728931694335,0.5582832472699568
5315,0.5358,4,8,4,671234,5210,119665,6591,0.04126536560638702,0.5585119905092789
5316,0.5359,9,3,9,671237,5207,119674,6582,0.041241604359396784,0.5583170752396301
5317,0.536,6,7,6,671244,5200,119680,6576,0.04118616144975288,0.5584239130434783
5318,0.5361,4,8,4,671252,5192,119684,6572,0.041122798124445574,0.5586535192111527
5319,0.5362,7,8,7,671260,5184,119691,6565,0.04105943479913826,0.5587709592305729
5320,0.5363,7,4,7,671264,5180,119698,6558,0.0410277531364846,0.5586982450161867
5321,0.5364,9,8,9,671272,5172,119707,6549,0.04096438981117729,0.558740721781418
5322,0.5365,4,4,4,671276,5168,119711,6545,0.040932708148523636,0.5587808417997098
5323,0.5366,6,6,6,671282,5162,119717,6539,0.04088518565454315,0.5588411246901974
5324,0.5367,13,16,13,671298,5146,119730,6526,0.04075845900392853,0.5591158327621659
5325,0.5368,8,3,8,671301,5143,119738,6518,0.04073469775693828,0.5589572077866393
5326,0.5369,5,5,5,671306,5138,119743,6513,0.040695095678621215,0.5590078104883701
5327,0.537,8,9,8,671315,5129,119751,6505,0.04062381193765049,0.5591370122056043
5328,0.5371,5,5,5,671320,5124,119756,6500,0.04058420985933342,0.5591878871300757
5329,0.5372,8,8,8,671328,5116,119764,6492,0.04052084653402611,0.5592694693314956
5330,0.5373,6,4,6,671332,5112,119770,6486,0.04048916487137245,0.5592343507501293
5331,0.5374,2,8,2,671340,5104,119772,6484,0.040425801546065135,0.5595443562305834
5332,0.5375,10,10,10,671350,5094,119782,6474,0.040346597389431,0.5596473029045643
5333,0.5376,5,6,5,671356,5088,119787,6469,0.040299074895450517,0.5597473392748983
5334,0.5377,10,7,10,671363,5081,119797,6459,0.04024363198580661,0.5597053726169844
5335,0.5378,0,7,0,671370,5074,119797,6459,0.040188189076162714,0.560045088008324
5336,0.5379,14,7,14,671377,5067,119811,6445,0.040132746166518816,0.5598505906879777
5337,0.538,9,7,9,671384,5060,119820,6436,0.04007730325687492,0.5598469032707029
5338,0.5381,10,2,10,671386,5058,119830,6426,0.040061462425548096,0.5595611285266457
5339,0.5382,4,6,4,671392,5052,119834,6422,0.040013939931567606,0.559700191737842
5340,0.5383,5,2,5,671394,5050,119839,6417,0.03999809910024078,0.559605825412052
5341,0.5384,5,4,5,671398,5046,119844,6412,0.03996641743758712,0.5596090068074707
5342,0.5385,7,6,7,671404,5040,119851,6405,0.03991889494360664,0.5596330275229358
5343,0.5386,4,3,4,671407,5037,119855,6401,0.039895133696616396,0.5596258087078161
5344,0.5387,2,7,2,671414,5030,119857,6399,0.0398396907869725,0.5598915040685974
5345,0.5388,10,7,10,671421,5023,119867,6389,0.0397842478773286,0.5598492814581143
5346,0.5389,3,4,3,671425,5019,119870,6386,0.03975256621467495,0.5599298553266111
5347,0.539,5,6,5,671431,5013,119875,6381,0.039705043720694465,0.5600315955766193
5348,0.5391,2,3,2,671434,5010,119877,6379,0.03968128247370422,0.560101852664852
5349,0.5392,6,8,6,671442,5002,119883,6373,0.03961791914839691,0.5602637362637363
5350,0.5393,10,5,10,671447,4997,119893,6363,0.03957831707007984,0.5601232394366197
5351,0.5394,8,6,8,671453,4991,119901,6355,0.03953079457609936,0.5601092896174863
5352,0.5395,6,6,6,671459,4985,119907,6349,0.03948327208211887,0.5601729310040586
5353,0.5396,2,5,2,671464,4980,119909,6347,0.0394436700038018,0.5603425443630264
5354,0.5397,5,7,5,671471,4973,119914,6342,0.0393882270941579,0.5604949182501104
5355,0.5398,5,2,5,671473,4971,119919,6337,0.03937238626283107,0.560399717014503
5356,0.5399,9,6,9,671479,4965,119928,6328,0.03932486376885059,0.5603471176835207
5357,0.54,4,9,4,671488,4956,119932,6324,0.03925358002787986,0.5606382978723404
5358,0.5401,7,5,7,671493,4951,119939,6317,0.039213977949562794,0.5606141285055023
5359,0.5402,11,9,11,671502,4942,119950,6306,0.039142694208592066,0.5606330014224751
5360,0.5403,4,9,4,671511,4933,119954,6302,0.03907141046762134,0.5609256786826881
5361,0.5404,9,5,9,671516,4928,119963,6293,0.03903180838930427,0.5608234560199625
5362,0.5405,12,7,12,671523,4921,119975,6281,0.03897636547966037,0.5607034458132476
5363,0.5406,8,6,8,671529,4915,119983,6273,0.03892884298567989,0.5606900250268144
5364,0.5407,9,8,9,671537,4907,119992,6264,0.03886547966037258,0.5607376242055322
5365,0.5408,4,6,4,671543,4901,119996,6260,0.038817957166392095,0.5608816414299794
5366,0.5409,7,6,7,671549,4895,120003,6253,0.038770434672411605,0.560907786149982
5367,0.541,1,6,1,671555,4889,120004,6252,0.03872291217843112,0.561170451485504
5368,0.5411,3,6,3,671561,4883,120007,6249,0.03867538968445064,0.5613546532518865
5369,0.5412,3,7,3,671568,4876,120010,6246,0.03861994677480674,0.5615896421506923
5370,0.5413,8,3,8,671571,4873,120018,6238,0.0385961855278165,0.5614256142561426
5371,0.5414,5,9,5,671580,4864,120023,6233,0.038524901786845776,0.5616833378390556
5372,0.5415,10,2,10,671582,4862,120033,6223,0.038509060955518946,0.5613892647722147
5373,0.5416,6,9,6,671591,4853,120039,6217,0.03843777721454822,0.5616079494128274
5374,0.5417,7,6,7,671597,4847,120046,6210,0.038390254720567736,0.5616351632450032
5375,0.5418,5,7,5,671604,4840,120051,6205,0.03833481181092384,0.561792666364871
5376,0.5419,4,3,4,671607,4837,120055,6201,0.038311050563933594,0.5617865555354231
5377,0.542,5,6,5,671613,4831,120060,6196,0.03826352806995311,0.5618935340527795
5378,0.5421,3,4,3,671617,4827,120063,6193,0.03823184640729946,0.5619782214156079
5379,0.5422,8,6,8,671623,4821,120071,6185,0.03818432391331897,0.5619662002544067
5380,0.5423,8,6,8,671629,4815,120079,6177,0.038136801419338485,0.5619541484716157
5381,0.5424,3,3,3,671632,4812,120082,6174,0.03811304017234825,0.56198798470781
5382,0.5425,9,5,9,671637,4807,120091,6165,0.03807343809403117,0.5618847976667882
5383,0.5426,8,8,8,671645,4799,120099,6157,0.03801007476872386,0.5619751734209566
5384,0.5427,5,11,5,671656,4788,120104,6152,0.03792295019642631,0.5623400365630713
5385,0.5428,5,6,5,671662,4782,120109,6147,0.03787542770244583,0.56244853143014
5386,0.5429,7,12,7,671674,4770,120116,6140,0.037780382714484854,0.5627864344637947
5387,0.543,7,7,7,671681,4763,120123,6133,0.03772493980484096,0.562867107195301
5388,0.5431,8,6,8,671687,4757,120131,6125,0.037677417310860474,0.5628560926300312
5389,0.5432,5,8,5,671695,4749,120136,6120,0.03761405398555316,0.5630692796025394
5390,0.5433,6,5,6,671700,4744,120142,6114,0.037574451907236094,0.5630871247006816
5391,0.5434,4,9,4,671709,4735,120146,6110,0.037503168166265366,0.5633932687874597
5392,0.5435,5,5,5,671714,4730,120151,6105,0.0374635660879483,0.5634517766497462
5393,0.5436,6,5,6,671719,4725,120157,6099,0.03742396400963122,0.563470066518847
5394,0.5437,5,5,5,671724,4720,120162,6094,0.037384361931314156,0.5635287590160902
5395,0.5438,4,2,4,671726,4718,120166,6090,0.037368521099987326,0.5634715025906736
5396,0.5439,9,3,9,671729,4715,120175,6081,0.03734475985299709,0.5632641719155242
5397,0.544,7,5,7,671734,4710,120182,6074,0.03730515777468001,0.5632418397626113
5398,0.5441,6,5,6,671739,4705,120188,6068,0.037265555696362945,0.563260001856493
5399,0.5442,9,7,9,671746,4698,120197,6059,0.03721011278671905,0.5632611322859533
5400,0.5443,2,4,2,671750,4694,120199,6057,0.03717843112406539,0.5633894521439866
5401,0.5444,9,9,9,671759,4685,120208,6048,0.03710714738309467,0.5634957607379111
5402,0.5445,3,8,3,671767,4677,120211,6045,0.037043784057787355,0.563794068270845
5403,0.5446,5,5,5,671772,4672,120216,6040,0.03700418197947028,0.5638536221060493
5404,0.5447,7,5,7,671777,4667,120223,6033,0.03696457990115321,0.5638317757009346
5405,0.5448,7,10,7,671787,4657,120230,6026,0.03688537574451907,0.5640737620518581
5406,0.5449,7,9,7,671796,4648,120237,6019,0.03681409200354835,0.5642636167619762
5407,0.545,4,4,4,671800,4644,120241,6015,0.03678241034089469,0.5643118491415705
5408,0.5451,6,6,6,671806,4638,120247,6009,0.036734887846914206,0.5643843336151029
5409,0.5452,4,8,4,671814,4630,120251,6005,0.036671524521606894,0.5646450399623884
5410,0.5453,10,5,10,671819,4625,120261,5995,0.036631922443289826,0.5645009416195856
5411,0.5454,8,4,8,671823,4621,120269,5987,0.036600240780636166,0.5643853695324283
5412,0.5455,6,9,6,671832,4612,120275,5981,0.03652895703966544,0.5646181440573964
5413,0.5456,8,7,8,671839,4605,120283,5973,0.03647351413002154,0.5646625070901872
5414,0.5457,6,4,6,671843,4601,120289,5967,0.03644183246736789,0.5646290688872067
5415,0.5458,4,2,4,671845,4599,120293,5963,0.03642599163604106,0.5645711039575838
5416,0.5459,3,7,3,671852,4592,120296,5960,0.03637054872639716,0.5648218347232752
5417,0.546,6,4,6,671856,4588,120302,5954,0.03633886706374351,0.5647884651868715
5418,0.5461,4,6,4,671862,4582,120306,5950,0.03629134456976302,0.5649449297379415
5419,0.5462,7,2,7,671864,4580,120313,5943,0.036275503738436195,0.5647629003135988
5420,0.5463,8,4,8,671868,4576,120321,5935,0.036243822075782535,0.5646465607458853
5421,0.5464,4,12,4,671880,4564,120325,5931,0.03614877708782157,0.5651262505955217
5422,0.5465,6,11,6,671891,4553,120331,5925,0.03606165251552401,0.5654705096392442
5423,0.5466,5,5,5,671896,4548,120336,5920,0.036022050437206944,0.565533053114253
5424,0.5467,6,2,6,671898,4546,120342,5914,0.036006209605880114,0.5653919694072658
5425,0.5468,6,3,6,671901,4543,120348,5908,0.035982448358889876,0.565304755525787
5426,0.5469,7,9,7,671910,4534,120355,5901,0.03591116461791915,0.5655007187350264
5427,0.547,5,3,5,671913,4531,120360,5896,0.035887403370928904,0.5654550685719766
5428,0.5471,3,4,3,671917,4527,120363,5893,0.03585572170827525,0.5655470249520154
5429,0.5472,4,5,4,671922,4522,120367,5889,0.03581611962995818,0.5656517145327058
5430,0.5473,8,6,8,671928,4516,120375,5881,0.035768597135977694,0.5656439357506973
5431,0.5474,5,8,5,671936,4508,120380,5876,0.03570523381067038,0.5658705701078582
5432,0.5475,7,7,7,671943,4501,120387,5869,0.03564979090102648,0.5659594985535198
5433,0.5476,4,6,4,671949,4495,120391,5865,0.035602268407046,0.5661196911196911
5434,0.5477,7,5,7,671954,4490,120398,5858,0.03556266632872893,0.5660997294163124
5435,0.5478,5,7,5,671961,4483,120403,5853,0.035507223419085035,0.5662732198142415
5436,0.5479,7,2,7,671963,4481,120410,5846,0.035491382587758205,0.5660888931926019
5437,0.548,3,5,3,671968,4476,120413,5843,0.03545178050944114,0.5662370384727202
5438,0.5481,2,5,2,671973,4471,120415,5841,0.03541217843112406,0.5664274631497285
5439,0.5482,1,7,1,671980,4464,120416,5840,0.035356735521480165,0.5667701863354038
5440,0.5483,7,6,7,671986,4458,120423,5833,0.03530921302749968,0.5668059469439316
5441,0.5484,5,6,5,671992,4452,120428,5828,0.0352616905335192,0.5669260700389105
5442,0.5485,7,10,7,672002,4442,120435,5821,0.03518248637688506,0.5671830848679723
5443,0.5486,9,5,9,672007,4437,120444,5812,0.03514288429856799,0.5670797150941556
5444,0.5487,7,7,7,672014,4430,120451,5805,0.03508744138892409,0.567171470444553
5445,0.5488,7,6,7,672020,4424,120458,5798,0.03503991889494361,0.5672079827822344
5446,0.5489,6,7,6,672027,4417,120464,5792,0.03498447598529971,0.5673425408952885
5447,0.549,5,7,5,672034,4410,120469,5787,0.03492903307565581,0.5675198587819947
5448,0.5491,6,4,6,672038,4406,120475,5781,0.03489735141300215,0.5674879748699323
5449,0.5492,6,2,6,672040,4404,120481,5775,0.034881510581675323,0.5673445328617742
5450,0.5493,9,4,9,672044,4400,120490,5766,0.03484982891902167,0.5671847334251426
5451,0.5494,4,9,4,672053,4391,120494,5762,0.03477854517805094,0.5675169900522014
5452,0.5495,9,8,9,672061,4383,120503,5753,0.03471518185274363,0.5675808997632202
5453,0.5496,7,6,7,672067,4377,120510,5746,0.03466765935876315,0.5676182949718462
5454,0.5497,4,3,4,672070,4374,120514,5742,0.0346438981117729,0.5676156583629893
5455,0.5498,4,3,4,672073,4371,120518,5738,0.034620136864782665,0.5676130181026808
5456,0.5499,8,8,8,672081,4363,120526,5730,0.03455677353947535,0.5677202021202814
5457,0.55,4,2,4,672083,4361,120530,5726,0.03454093270814852,0.5676613462873005
5458,0.5501,7,11,7,672094,4350,120537,5719,0.03445380813585097,0.5679809315721521
5459,0.5502,5,1,5,672095,4349,120542,5714,0.03444588772018756,0.5678227168836331
5460,0.5503,3,4,3,672099,4345,120545,5711,0.0344142060575339,0.5679196499602227
5461,0.5504,7,6,7,672105,4339,120552,5704,0.034366683563553414,0.5679577815393807
5462,0.5505,10,4,10,672109,4335,120562,5694,0.03433500190089976,0.5677535148070595
5463,0.5506,4,3,4,672112,4332,120566,5690,0.03431124065390952,0.5677509479145879
5464,0.5507,6,5,6,672117,4327,120572,5684,0.03427163857559245,0.5677754470082909
5465,0.5508,7,8,7,672125,4319,120579,5677,0.034208275250285136,0.5679271708683473
5466,0.5509,0,5,0,672130,4314,120579,5677,0.03416867317196806,0.5682113902512261
5467,0.551,8,6,8,672136,4308,120587,5669,0.03412115067798758,0.568206875814373
5468,0.5511,5,6,5,672142,4302,120592,5664,0.034073628184007096,0.5683323299217339
5469,0.5512,5,4,5,672146,4298,120597,5659,0.03404194652135344,0.5683438786783168
5470,0.5513,5,5,5,672151,4293,120602,5654,0.03400234444303637,0.5684125867095606
5471,0.5514,2,6,2,672157,4287,120604,5652,0.033954821949055886,0.568668880169031
5472,0.5515,9,7,9,672164,4280,120613,5643,0.03389937903941199,0.5686788269676509
5473,0.5516,8,4,8,672168,4276,120621,5635,0.033867697376758335,0.5685601856523055
5474,0.5517,6,3,6,672171,4273,120627,5629,0.03384393612976809,0.5684710159563725
5475,0.5518,6,6,6,672177,4267,120633,5623,0.03379641363578761,0.5685540950455005
5476,0.5519,6,5,6,672182,4262,120639,5617,0.03375681155747053,0.5685798157708271
5477,0.552,2,6,2,672188,4256,120641,5615,0.03370928906349005,0.5688380103332996
5478,0.5521,6,7,6,672195,4249,120647,5609,0.03365384615384615,0.5689795090282005
5479,0.5522,2,7,2,672202,4242,120649,5607,0.033598403244202255,0.5692963752665245
5480,0.5523,6,3,6,672205,4239,120655,5601,0.03357464199721202,0.5692073170731707
5481,0.5524,6,9,6,672214,4230,120661,5595,0.03350335825624129,0.5694656488549619
5482,0.5525,5,3,5,672217,4227,120666,5590,0.033479597009251044,0.5694203931954772
5483,0.5526,7,7,7,672224,4220,120673,5583,0.033424154099607147,0.5695195348362746
5484,0.5527,3,4,3,672228,4216,120676,5580,0.033392472436953494,0.569620253164557
5485,0.5528,8,5,8,672233,4211,120684,5572,0.03335287035863642,0.5695594398446284
5486,0.5529,4,9,4,672242,4202,120688,5568,0.0332815866176657,0.5699078812691915
5487,0.553,6,3,6,672245,4199,120694,5562,0.03325782537067545,0.5698186661202745
5488,0.5531,7,5,7,672250,4194,120701,5555,0.033218223292358386,0.5698020309775361
5489,0.5532,5,6,5,672256,4188,120706,5550,0.033170700798377896,0.5699322242760321
5490,0.5533,4,8,4,672264,4180,120710,5546,0.03310733747307058,0.5702241414764548
5491,0.5534,4,5,4,672269,4175,120714,5542,0.033067735394753515,0.5703406401152619
5492,0.5535,6,8,6,672277,4167,120720,5536,0.0330043720694462,0.5705451922085952
5493,0.5536,3,6,3,672283,4161,120723,5533,0.03295684957546572,0.5707654219104601
5494,0.5537,3,6,3,672289,4155,120726,5530,0.03290932708148524,0.5709860609189468
5495,0.5538,4,8,4,672297,4147,120730,5526,0.032845963756177925,0.5712808849374548
5496,0.5539,10,6,10,672303,4141,120740,5516,0.03279844126219744,0.5711918815367091
5497,0.554,7,5,7,672308,4136,120747,5509,0.03275883918388037,0.5711767755313634
5498,0.5541,4,4,4,672312,4132,120751,5505,0.032727157521226714,0.5712358617827125
5499,0.5542,3,3,3,672315,4129,120754,5502,0.03270339627423647,0.5712802408887966
5500,0.5543,7,6,7,672321,4123,120761,5495,0.03265587378025599,0.5713245997088792
5501,0.5544,4,2,4,672323,4121,120765,5491,0.03264003294892916,0.5712650853100292
5502,0.5545,2,6,2,672329,4115,120767,5489,0.032592510454948674,0.5715326947105372
5503,0.5546,3,4,3,672333,4111,120770,5486,0.03256082879229502,0.5716369698864229
5504,0.5547,8,4,8,672337,4107,120778,5478,0.03252914712964136,0.5715179968701095
5505,0.5548,7,6,7,672343,4101,120785,5471,0.03248162463566088,0.5715628917676556
5506,0.5549,9,8,9,672351,4093,120794,5462,0.032418261310353566,0.5716378859236002
5507,0.555,12,6,12,672357,4087,120806,5450,0.03237073881637308,0.5714585299360386
5508,0.5551,8,5,8,672362,4082,120814,5442,0.032331136738056016,0.5713985720285595
5509,0.5552,7,4,7,672366,4078,120821,5435,0.032299455075402356,0.571323452118154
5510,0.5553,6,4,6,672370,4074,120827,5429,0.0322677734127487,0.5712932758076397
5511,0.5554,3,8,3,672378,4066,120830,5426,0.03220441008744139,0.5716392751790982
5512,0.5555,6,3,6,672381,4063,120836,5420,0.032180648840451145,0.5715490878414003
5513,0.5556,5,7,5,672388,4056,120841,5415,0.03212520593080725,0.5717453278428888
5514,0.5557,0,6,0,672394,4050,120841,5415,0.032077683436826765,0.572107765451664
5515,0.5558,5,5,5,672399,4045,120846,5410,0.0320380813585097,0.5721840296139609
5516,0.5559,5,4,5,672403,4041,120851,5405,0.03200639969585604,0.5721998729621004
5517,0.556,5,8,5,672411,4033,120856,5400,0.031943036370548725,0.5724583907558571
5518,0.5561,7,5,7,672416,4028,120863,5393,0.03190343429223166,0.5724445387963061
5519,0.5562,10,5,10,672421,4023,120873,5383,0.03186383221391459,0.5722942802466511
5520,0.5563,3,5,3,672426,4018,120876,5380,0.031824230135597514,0.5724622260055331
5521,0.5564,7,8,7,672434,4010,120883,5373,0.0317608668102902,0.5726313545774273
5522,0.5565,2,2,2,672436,4008,120885,5371,0.03174502597896338,0.5726623307388847
5523,0.5566,2,2,2,672438,4006,120887,5369,0.03172918514763655,0.5726933333333334
5524,0.5567,8,5,8,672443,4001,120895,5361,0.03168958306931948,0.5726340525528734
5525,0.5568,0,8,0,672451,3993,120895,5361,0.03162621974401217,0.5731237973059654
5526,0.5569,1,2,1,672453,3991,120896,5360,0.03161037891268534,0.5732007271949524
5527,0.557,12,6,12,672459,3985,120908,5348,0.031562856418704856,0.5730204650166077
5528,0.5571,4,2,4,672461,3983,120912,5344,0.031547015587378026,0.57296022300847
5529,0.5572,5,4,5,672465,3979,120917,5339,0.031515333924724366,0.5729770336982185
5530,0.5573,4,9,4,672474,3970,120921,5335,0.031444050183753645,0.5733476625470177
5531,0.5574,2,9,2,672483,3961,120923,5333,0.03137276644278292,0.5738110608995051
5532,0.5575,6,6,6,672489,3955,120929,5327,0.031325243948802435,0.5739064856711915
5533,0.5576,5,7,5,672496,3948,120934,5322,0.03126980103915854,0.5741100323624595
5534,0.5577,3,7,3,672503,3941,120937,5319,0.031214358129514636,0.5744060475161987
5535,0.5578,3,9,3,672512,3932,120940,5316,0.031143074388543912,0.5748269896193772
5536,0.5579,4,2,4,672514,3930,120944,5312,0.031127233557217082,0.5747673663709154
5537,0.558,6,5,6,672519,3925,120950,5306,0.031087631478900014,0.5748022966092514
5538,0.5581,5,5,5,672524,3920,120955,5301,0.031048029400582943,0.574883418284351
5539,0.5582,3,1,3,672525,3919,120958,5298,0.031040108984919528,0.5748074210697623
5540,0.5583,4,9,4,672534,3910,120962,5294,0.030968825243948804,0.5751847023033464
5541,0.5584,7,3,7,672537,3907,120969,5287,0.03094506399695856,0.5750489449641071
5542,0.5585,11,3,11,672540,3904,120980,5276,0.030921302749968318,0.5747276688453159
5543,0.5586,4,6,4,672546,3898,120984,5272,0.030873780255987835,0.5749182115594329
5544,0.5587,4,4,4,672550,3894,120988,5268,0.03084209859333418,0.5749836280288146
5545,0.5588,7,1,7,672551,3893,120995,5261,0.030834178177670764,0.5747214332532227
5546,0.5589,10,4,10,672555,3889,121005,5251,0.030802496515017107,0.5745076586433261
5547,0.559,6,3,6,672558,3886,121011,5245,0.030778735268026866,0.5744168218157923
5548,0.5591,3,6,3,672564,3880,121014,5242,0.030731212774046383,0.5746546809910107
5549,0.5592,9,3,9,672567,3877,121023,5233,0.03070745152705614,0.574423710208562
5550,0.5593,3,6,3,672573,3871,121026,5230,0.030659929033075656,0.5746621250412043
5551,0.5594,12,0,12,672573,3871,121038,5218,0.030659929033075656,0.5741005611178347
5552,0.5595,4,9,4,672582,3862,121042,5214,0.030588645292104928,0.5744821507271926
5553,0.5596,6,0,6,672582,3862,121048,5208,0.030588645292104928,0.5742006615214994
5554,0.5597,3,7,3,672589,3855,121051,5205,0.03053320238246103,0.5745033112582781
5555,0.5598,6,3,6,672592,3852,121057,5199,0.03050944113547079,0.5744116672190918
5556,0.5599,8,4,8,672596,3848,121065,5191,0.030477759472817133,0.5742891912822214
5557,0.56,8,3,8,672599,3845,121073,5183,0.03045399822582689,0.574102791315906
5558,0.5601,5,5,5,672604,3840,121078,5178,0.03041439614750982,0.5741849634065203
5559,0.5602,3,7,3,672611,3833,121081,5175,0.030358953237865922,0.5744893428063943
5560,0.5603,7,9,7,672620,3824,121088,5168,0.0302876694968952,0.5747330960854092
5561,0.5604,6,11,6,672631,3813,121094,5162,0.030200544924597644,0.5751532033426184
5562,0.5605,7,3,7,672634,3810,121101,5155,0.0301767836776074,0.5750139431121026
5563,0.5606,7,5,7,672639,3805,121108,5148,0.03013718159929033,0.5750027923601028
5564,0.5607,6,2,6,672641,3803,121114,5142,0.030121340767963502,0.5748462828395752
5565,0.5608,4,3,4,672644,3800,121118,5138,0.03009757952097326,0.5748489594987694
5566,0.5609,6,6,6,672650,3794,121124,5132,0.030050057026992778,0.5749495854806184
5567,0.561,6,1,6,672651,3793,121130,5126,0.030042136611329363,0.5747281085323467
5568,0.5611,7,5,7,672656,3788,121137,5119,0.03000253453301229,0.5747165151004827
5569,0.5612,9,6,9,672662,3782,121146,5110,0.02995501203903181,0.5746738641475484
5570,0.5613,7,3,7,672665,3779,121153,5103,0.029931250792041567,0.5745327628912407
5571,0.5614,12,4,12,672669,3775,121165,5091,0.02989956912938791,0.574216106474171
5572,0.5615,5,7,5,672676,3768,121170,5086,0.029844126219744013,0.574429636322566
5573,0.5616,4,3,4,672679,3765,121174,5082,0.02982036497275377,0.5744320108511359
5574,0.5617,5,3,5,672682,3762,121179,5077,0.029796603725763527,0.5743862427876456
5575,0.5618,3,5,3,672687,3757,121182,5074,0.02975700164744646,0.5745668667195108
5576,0.5619,6,2,6,672689,3755,121188,5068,0.02974116081611963,0.5744077978012014
5577,0.562,5,7,5,672696,3748,121193,5063,0.02968571790647573,0.574622630802406
5578,0.5621,7,5,7,672701,3743,121200,5056,0.02964611582815866,0.5746107512217298
5579,0.5622,10,5,10,672706,3738,121210,5046,0.029606513749841593,0.5744535519125683
5580,0.5623,6,1,6,672707,3737,121216,5040,0.029598593334178178,0.5742280961604193
5581,0.5624,2,6,2,672713,3731,121218,5038,0.029551070840197695,0.5745238909795872
5582,0.5625,5,4,5,672717,3727,121223,5033,0.02951938917754404,0.5745433789954338
5583,0.5626,7,7,7,672724,3720,121230,5026,0.02946394626790014,0.57466270294992
5584,0.5627,2,3,2,672727,3717,121232,5024,0.029440185020909896,0.574762612973344
5585,0.5628,8,4,8,672731,3713,121240,5016,0.02940850335825624,0.5746362699049147
5586,0.5629,4,4,4,672735,3709,121244,5012,0.029376821695602587,0.5747047356954478
5587,0.563,3,1,3,672736,3708,121247,5009,0.029368901279939172,0.5746242973500058
5588,0.5631,6,4,6,672740,3704,121253,5003,0.029337219617285516,0.574595153324911
5589,0.5632,7,5,7,672745,3699,121260,4996,0.029297617538968444,0.5745830937320299
5590,0.5633,3,2,3,672747,3697,121263,4993,0.029281776707641618,0.5745684695051784
5591,0.5634,6,7,6,672754,3690,121269,4987,0.02922633379799772,0.5747378126080442
5592,0.5635,3,5,3,672759,3685,121272,4984,0.02918673171968065,0.5749221363479063
5593,0.5636,5,9,5,672768,3676,121277,4979,0.02911544797870992,0.5752744078567302
5594,0.5637,5,4,5,672772,3672,121282,4974,0.029083766316056265,0.57529493407356
5595,0.5638,2,4,2,672776,3668,121284,4972,0.029052084653402612,0.575462962962963
5596,0.5639,6,7,6,672783,3661,121290,4966,0.02899664174375871,0.5756346354468529
5597,0.564,5,4,5,672787,3657,121295,4961,0.028964960081105058,0.5756556045486192
5598,0.5641,5,5,5,672792,3652,121300,4956,0.028925358002787987,0.5757434944237918
5599,0.5642,3,4,3,672796,3648,121303,4953,0.02889367634013433,0.5758632717125916
5600,0.5643,4,5,4,672801,3643,121307,4949,0.02885407426181726,0.5760009310986964
5601,0.5644,6,4,6,672805,3639,121313,4943,0.028822392599163603,0.5759729666744349
5602,0.5645,8,3,8,672808,3636,121321,4935,0.02879863135217336,0.575778788939447
5603,0.5646,2,5,2,672813,3631,121323,4933,0.02875902927385629,0.5760158804297058
5604,0.5647,6,7,6,672820,3624,121329,4927,0.028703586364212393,0.5761899193076833
5605,0.5648,8,5,8,672825,3619,121337,4919,0.028663984285895325,0.5761302412743031
5606,0.5649,4,5,4,672830,3614,121341,4915,0.028624382207578253,0.5762691992027201
5607,0.565,2,7,2,672837,3607,121343,4913,0.028568939297934356,0.5766431924882629
5608,0.5651,6,1,6,672838,3606,121349,4907,0.02856101888227094,0.5764125455186185
5609,0.5652,7,3,7,672841,3603,121356,4900,0.0285372576352807,0.5762671998118312
5610,0.5653,5,5,5,672846,3598,121361,4895,0.028497655556963628,0.576356999882256
5611,0.5654,6,2,6,672848,3596,121367,4889,0.028481814725636802,0.5761932822628167
5612,0.5655,8,7,8,672855,3589,121375,4881,0.028426371815992904,0.5762691853600944
5613,0.5656,6,6,6,672861,3583,121381,4875,0.028378849322012418,0.576377394183022
5614,0.5657,9,9,9,672870,3574,121390,4866,0.028307565581041694,0.5765402843601896
5615,0.5658,3,7,3,672877,3567,121393,4863,0.028252122671397796,0.5768683274021352
5616,0.5659,8,7,8,672884,3560,121401,4855,0.0281966797617539,0.5769459298871064
5617,0.566,6,8,6,672892,3552,121407,4849,0.028133316436446586,0.5771931912867516
5618,0.5661,6,6,6,672898,3546,121413,4843,0.0280857939424661,0.5773036118726904
5619,0.5662,4,3,4,672901,3543,121417,4839,0.028062032695475858,0.5773085182534001
5620,0.5663,9,7,9,672908,3536,121426,4830,0.02800658978583196,0.5773368395888119
5621,0.5664,9,2,9,672910,3534,121435,4821,0.027990748954505134,0.5770197486535009
5622,0.5665,2,3,2,672913,3531,121437,4819,0.02796698770751489,0.577125748502994
5623,0.5666,3,0,3,672913,3531,121440,4816,0.02796698770751489,0.576973763028633
5624,0.5667,9,3,9,672916,3528,121449,4807,0.027943226460524648,0.5767246550689862
5625,0.5668,5,6,5,672922,3522,121454,4802,0.027895703966544165,0.5768861124459395
5626,0.5669,4,4,4,672926,3518,121458,4798,0.02786402230389051,0.576960076960077
5627,0.567,6,5,6,672931,3513,121464,4792,0.027824420225573437,0.577001806140879
5628,0.5671,5,3,5,672934,3510,121469,4787,0.027800658978583196,0.5769555260937689
5629,0.5672,1,4,1,672938,3506,121470,4786,0.02776897731592954,0.5771828268210323
5630,0.5673,3,6,3,672944,3500,121473,4783,0.027721454821949057,0.5774477846190994
5631,0.5674,2,6,2,672950,3494,121475,4781,0.02767393232796857,0.5777643504531722
5632,0.5675,3,7,3,672957,3487,121478,4778,0.027618489418324673,0.5781004234724743
5633,0.5676,4,8,4,672965,3479,121482,4774,0.02755512609301736,0.5784563189143341
5634,0.5677,2,5,2,672970,3474,121484,4772,0.027515524014700293,0.5787048265825855
5635,0.5678,4,6,4,672976,3468,121488,4768,0.027468001520719806,0.5789218067022827
5636,0.5679,3,4,3,672980,3464,121491,4765,0.02743631985806615,0.5790497022724511
5637,0.568,3,3,3,672983,3461,121494,4762,0.02741255861107591,0.5791073817341603
5638,0.5681,6,2,6,672985,3459,121500,4756,0.027396717779749082,0.5789409616555082
5639,0.5682,6,4,6,672989,3455,121506,4750,0.027365036117095426,0.578915295551493
5640,0.5683,10,3,10,672992,3452,121516,4740,0.027341274870105185,0.57861328125
5641,0.5684,3,5,3,672997,3447,121519,4737,0.027301672791788113,0.5788123167155426
5642,0.5685,7,7,7,673004,3440,121526,4730,0.027246229882144216,0.5789473684210527
5643,0.5686,4,3,4,673007,3437,121530,4726,0.027222468635153974,0.57895381599902
5644,0.5687,8,6,8,673013,3431,121538,4718,0.027174946141173488,0.5789667443858142
5645,0.5688,1,3,1,673016,3428,121539,4717,0.027151184894183247,0.5791282995702886
5646,0.5689,2,5,2,673021,3423,121541,4715,0.027111582815866175,0.579380683214549
5647,0.569,2,4,2,673025,3419,121543,4713,0.02707990115321252,0.5795622233152976
5648,0.5691,4,5,4,673030,3414,121547,4709,0.02704029907489545,0.5797119290902376
5649,0.5692,7,4,7,673034,3410,121554,4702,0.027008617412241795,0.5796351084812623
5650,0.5693,6,5,6,673039,3405,121560,4696,0.026969015333924724,0.5796815207999012
5651,0.5694,3,4,3,673043,3401,121563,4693,0.026937333671271067,0.57981220657277
5652,0.5695,5,4,5,673047,3397,121568,4688,0.02690565200861741,0.579839208410637
5653,0.5696,5,5,5,673052,3392,121573,4683,0.026866049930300343,0.579938080495356
5654,0.5697,5,2,5,673054,3390,121578,4678,0.026850209098973513,0.5798215171046108
5655,0.5698,8,4,8,673058,3386,121586,4670,0.026818527436319857,0.5796921549155909
5656,0.5699,4,7,4,673065,3379,121590,4666,0.02676308452667596,0.5799875699192045
5657,0.57,5,5,5,673070,3374,121595,4661,0.02672348244835889,0.5800871188550093
5658,0.5701,5,6,5,673076,3368,121600,4656,0.026675959954378405,0.580259222333001
5659,0.5702,3,6,3,673082,3362,121603,4653,0.026628437460397923,0.580536494073612
5660,0.5703,5,6,5,673088,3356,121608,4648,0.026580914966417436,0.5807096451774113
5661,0.5704,4,2,4,673090,3354,121612,4644,0.02656507413509061,0.5806451612903226
5662,0.5705,3,4,3,673094,3350,121615,4641,0.026533392472436954,0.5807783756726317
5663,0.5706,5,5,5,673099,3345,121620,4636,0.026493790394119882,0.5808795890239319
5664,0.5707,6,6,6,673105,3339,121626,4630,0.0264462679001394,0.5810013803488518
5665,0.5708,4,5,4,673110,3334,121630,4626,0.026406665821822328,0.5811557788944723
5666,0.5709,6,4,6,673114,3330,121636,4620,0.026374984159168672,0.5811320754716981
5667,0.571,3,4,3,673118,3326,121639,4617,0.026343302496515016,0.5812665239833816
5668,0.5711,4,7,4,673125,3319,121643,4613,0.026287859586871118,0.5815683308119012
5669,0.5712,8,5,8,673130,3314,121651,4605,0.02624825750855405,0.5815128172749084
5670,0.5713,2,7,2,673137,3307,121653,4603,0.026192814598910152,0.581921618204804
5671,0.5714,8,2,8,673139,3305,121661,4595,0.026176973767583323,0.5816455696202532
5672,0.5715,11,5,11,673144,3300,121672,4584,0.02613737168926625,0.5814307458143074
5673,0.5716,3,4,3,673148,3296,121675,4581,0.026105690026612595,0.581566586263806
5674,0.5717,3,2,3,673150,3294,121678,4578,0.02608984919528577,0.5815548780487805
5675,0.5718,3,4,3,673154,3290,121681,4575,0.026058167532632112,0.5816910362364908
5676,0.5719,7,5,7,673159,3285,121688,4568,0.02601856545431504,0.5816885266777028
5677,0.572,7,3,7,673162,3282,121695,4561,0.0259948042073248,0.5815376769093459
5678,0.5721,3,8,3,673170,3274,121698,4558,0.025931440882017487,0.5819713993871297
5679,0.5722,6,8,6,673178,3266,121704,4552,0.025868077556710178,0.5822460987464825
5680,0.5723,4,8,4,673186,3258,121708,4548,0.025804714231402865,0.5826287471176018
5681,0.5724,5,4,5,673190,3254,121713,4543,0.02577303256874921,0.5826599974349108
5682,0.5725,1,4,1,673194,3250,121714,4542,0.025741350906095552,0.5829055441478439
5683,0.5726,8,6,8,673200,3244,121722,4534,0.025693828412115066,0.5829262021085112
5684,0.5727,5,2,5,673202,3242,121727,4529,0.02567798758078824,0.582807875434307
5685,0.5728,5,5,5,673207,3237,121732,4524,0.02563838550247117,0.5829145728643216
5686,0.5729,3,6,3,673213,3231,121735,4521,0.025590863008490686,0.583204334365325
5687,0.573,4,8,4,673221,3223,121739,4517,0.025527499683183373,0.5835917312661498
5688,0.5731,8,5,8,673226,3218,121747,4509,0.025487897604866302,0.5835382425262068
5689,0.5732,4,5,4,673231,3213,121751,4505,0.025448295526549234,0.5837004405286343
5690,0.5733,5,5,5,673236,3208,121756,4500,0.025408693448232163,0.5838090295796575
5691,0.5734,6,4,6,673240,3204,121762,4494,0.025377011785578506,0.5837879968823071
5692,0.5735,8,3,8,673243,3201,121770,4486,0.025353250538588265,0.5835826720437102
5693,0.5736,2,2,2,673245,3199,121772,4484,0.02533740970726144,0.5836261876871014
5694,0.5737,7,6,7,673251,3193,121779,4477,0.025289887213280952,0.583702737940026
5695,0.5738,4,6,4,673257,3187,121783,4473,0.02524236471930047,0.5839425587467363
5696,0.5739,4,4,4,673261,3183,121787,4469,0.025210683056646813,0.5840303188708834
5697,0.574,4,4,4,673265,3179,121791,4465,0.025179001393993157,0.5841182626896912
5698,0.5741,6,4,6,673269,3175,121797,4459,0.0251473197313395,0.5840974587372282
5699,0.5742,3,7,3,673276,3168,121800,4456,0.025091876821695603,0.5844700944386149
5700,0.5743,5,3,5,673279,3165,121805,4451,0.02506811557470536,0.5844275210084033
5701,0.5744,4,1,4,673280,3164,121809,4447,0.025060195159041947,0.5842859019839706
5702,0.5745,3,2,3,673282,3162,121812,4444,0.025044354327715117,0.5842755719169077
5703,0.5746,8,2,8,673284,3160,121820,4436,0.02502851349638829,0.5839915745129015
5704,0.5747,3,6,3,673290,3154,121823,4433,0.024980991002407808,0.5842889152497693
5705,0.5748,8,5,8,673295,3149,121831,4425,0.024941388924090736,0.5842355426458938
5706,0.5749,7,4,7,673299,3145,121838,4418,0.02490970726143708,0.5841597249768611
5707,0.575,5,2,5,673301,3143,121843,4413,0.024893866430110254,0.5840391741662255
5708,0.5751,1,3,1,673304,3140,121844,4412,0.02487010518312001,0.5842161016949152
5709,0.5752,5,1,5,673305,3139,121849,4407,0.024862184767456597,0.584018022793533
5710,0.5753,6,6,6,673311,3133,121855,4401,0.02481466227347611,0.5841518449694717
5711,0.5754,5,6,5,673317,3127,121860,4396,0.02476713977949563,0.5843413531835704
5712,0.5755,3,5,3,673322,3122,121863,4393,0.024727537701178557,0.5845642049234864
5713,0.5756,2,3,2,673325,3119,121865,4391,0.024703776454188316,0.5846870838881492
5714,0.5757,3,7,3,673332,3112,121868,4388,0.024648333544544418,0.5850666666666666
5715,0.5758,4,4,4,673336,3108,121872,4384,0.02461665188189076,0.5851575013347571
5716,0.5759,6,7,6,673343,3101,121878,4378,0.024561208972246864,0.5853723759860944
5717,0.576,9,4,9,673347,3097,121887,4369,0.024529527309593208,0.5851861773372623
5718,0.5761,2,6,2,673353,3091,121889,4367,0.024482004815612725,0.5855457227138643
5719,0.5762,4,6,4,673359,3085,121893,4363,0.02443448232163224,0.5857948442534908
5720,0.5763,3,5,3,673364,3080,121896,4360,0.02439488024331517,0.5860215053763441
5721,0.5764,5,8,5,673372,3072,121901,4355,0.024331516918007858,0.5863740406624478
5722,0.5765,6,5,6,673377,3067,121907,4349,0.024291914839690787,0.5864347357065803
5723,0.5766,6,4,6,673381,3063,121913,4343,0.02426023317703713,0.5864164191196327
5724,0.5767,6,4,6,673385,3059,121919,4337,0.024228551514383474,0.5863980530016225
5725,0.5768,5,4,5,673389,3055,121924,4332,0.024196869851729818,0.5864356301610938
5726,0.5769,3,2,3,673391,3053,121927,4329,0.02418102902040299,0.5864264426984557
5727,0.577,2,5,2,673396,3048,121929,4327,0.02414142694208592,0.5867118644067797
5728,0.5771,3,6,3,673402,3042,121932,4324,0.024093904448105437,0.5870214499049687
5729,0.5772,1,4,1,673406,3038,121933,4323,0.02406222278545178,0.5872843363673413
5730,0.5773,7,3,7,673409,3035,121940,4316,0.02403846153846154,0.5871310025846823
5731,0.5774,6,4,6,673413,3031,121946,4310,0.024006779875807883,0.587113472278981
5732,0.5775,6,2,6,673415,3029,121952,4304,0.023990939044481054,0.5869357698077186
5733,0.5776,5,2,5,673417,3027,121957,4299,0.023975098213154227,0.5868140868140869
5734,0.5777,5,6,5,673423,3021,121962,4294,0.02392757571917374,0.587012987012987
5735,0.5778,4,3,4,673426,3018,121966,4290,0.0239038144721835,0.5870279146141215
5736,0.5779,4,4,4,673430,3014,121970,4286,0.023872132809529843,0.5871232876712329
5737,0.578,3,2,3,673432,3012,121973,4283,0.023856291978203017,0.5871144619602467
5738,0.5781,3,4,3,673436,3008,121976,4280,0.02382461031554936,0.5872667398463227
5739,0.5782,3,7,3,673443,3001,121979,4277,0.023769167405905463,0.5876614454520472
5740,0.5783,4,2,4,673445,2999,121983,4273,0.023753326574578633,0.5875962596259626
5741,0.5784,6,2,6,673447,2997,121989,4267,0.023737485743251806,0.5874174008810573
5742,0.5785,4,5,4,673452,2992,121993,4263,0.023697883664934735,0.5875947622329428
5743,0.5786,4,5,4,673457,2987,121997,4259,0.023658281586617667,0.587772564173337
5744,0.5787,5,2,5,673459,2985,122002,4254,0.023642440755290837,0.5876502279320348
5745,0.5788,9,4,9,673463,2981,122011,4245,0.02361075909263718,0.58746194298367
5746,0.5789,4,3,4,673466,2978,122015,4241,0.02358699784564694,0.5874774899570577
5747,0.579,5,6,5,673472,2972,122020,4236,0.023539475351666457,0.5876803551609323
5748,0.5791,4,8,4,673480,2964,122024,4232,0.023476112026359144,0.5881045025013897
5749,0.5792,5,2,5,673482,2962,122029,4227,0.023460271195032315,0.58798163861455
5750,0.5793,6,3,6,673485,2959,122035,4221,0.023436509948042073,0.5878830083565459
5751,0.5794,4,4,4,673489,2955,122039,4217,0.023404828285388417,0.5879810373675405
5752,0.5795,8,3,8,673492,2952,122047,4209,0.023381067038398175,0.5877670716380394
5753,0.5796,3,5,3,673497,2947,122050,4206,0.023341464960081104,0.5880050328533483
5754,0.5797,3,0,3,673497,2947,122053,4203,0.023341464960081104,0.5878321678321679
5755,0.5798,9,4,9,673501,2943,122062,4194,0.023309783297427448,0.587641866330391
5756,0.5799,3,4,3,673505,2939,122065,4191,0.02327810163477379,0.5877980364656381
5757,0.58,7,5,7,673510,2934,122072,4184,0.023238499556456724,0.5878055633604945
5758,0.5801,6,2,6,673512,2932,122078,4178,0.023222658725129894,0.5876230661040788
5759,0.5802,2,2,2,673514,2930,122080,4176,0.023206817893803067,0.5876723895299747
5760,0.5803,7,3,7,673517,2927,122087,4169,0.023183056646812826,0.5875140924464487
5761,0.5804,7,4,7,673521,2923,122094,4162,0.02315137498415917,0.587438249823571
5762,0.5805,4,7,4,673528,2916,122098,4158,0.023095932074515272,0.5877862595419847
5763,0.5806,5,4,5,673532,2912,122103,4153,0.023064250411861616,0.5878273177636235
5764,0.5807,3,6,3,673538,2906,122106,4150,0.02301672791788113,0.5881519274376418
5765,0.5808,2,5,2,673543,2901,122108,4148,0.02297712583956406,0.5884522627323024
5766,0.5809,2,1,2,673544,2900,122110,4146,0.022969205423900647,0.5884189611126881
5767,0.581,3,2,3,673546,2898,122113,4143,0.022953364592573817,0.5884107371112058
5768,0.5811,1,9,1,673555,2889,122114,4142,0.022882080851603093,0.5891053904138814
5769,0.5812,2,3,2,673558,2886,122116,4140,0.02285831960461285,0.5892399658411615
5770,0.5813,5,2,5,673560,2884,122121,4135,0.02284247877328602,0.5891152585838438
5771,0.5814,5,1,5,673561,2883,122126,4130,0.022834558357622606,0.588906316840154
5772,0.5815,6,5,6,673566,2878,122132,4124,0.02279495627930554,0.5889745786918024
5773,0.5816,4,6,4,673572,2872,122136,4120,0.022747433785325052,0.5892448512585813
5774,0.5817,2,4,2,673576,2868,122138,4118,0.022715752122671396,0.58946464357286
5775,0.5818,3,3,3,673579,2865,122141,4115,0.022691990875681155,0.589541547277937
5776,0.5819,7,4,7,673583,2861,122148,4108,0.0226603092130275,0.5894676424164156
5777,0.582,4,9,4,673592,2852,122152,4104,0.022589025472056774,0.5899942495687176
5778,0.5821,5,5,5,673597,2847,122157,4099,0.022549423393739703,0.5901238122660524
5779,0.5822,6,2,6,673599,2845,122163,4093,0.022533582562412877,0.5899394638224272
5780,0.5823,9,5,9,673604,2840,122172,4084,0.022493980484095805,0.5898324667822068
5781,0.5824,4,2,4,673606,2838,122176,4080,0.02247813965276898,0.5897658282740676
5782,0.5825,9,3,9,673609,2835,122185,4071,0.022454378405778734,0.5894874022589053
5783,0.5826,6,6,6,673615,2829,122191,4065,0.02240685591179825,0.5896431679721497
5784,0.5827,5,1,5,673616,2828,122196,4060,0.022398935496134836,0.5894308943089431
5785,0.5828,5,5,5,673621,2823,122201,4055,0.02235933341781777,0.5895609188717651
5786,0.5829,2,4,2,673625,2819,122203,4053,0.022327651755164112,0.5897846332945286
5787,0.583,2,5,2,673630,2814,122205,4051,0.02228804967684704,0.590094683175528
5788,0.5831,2,8,2,673638,2806,122207,4049,0.02222468635153973,0.5906637490882567
5789,0.5832,3,3,3,673641,2803,122210,4046,0.022200925104549487,0.5907431741860125
5790,0.5833,3,6,3,673647,2797,122213,4043,0.022153402610569004,0.5910818713450292
5791,0.5834,9,5,9,673652,2792,122222,4034,0.022113800532251933,0.590975681218869
5792,0.5835,2,3,2,673655,2789,122224,4032,0.02209003928526169,0.5911156721888287
5793,0.5836,5,3,5,673658,2786,122229,4027,0.02206627803827145,0.5910758843387641
5794,0.5837,5,5,5,673663,2781,122234,4022,0.02202667595995438,0.5912097603998236
5795,0.5838,3,2,3,673665,2779,122237,4019,0.02201083512862755,0.5912032950867903
5796,0.5839,4,4,4,673669,2775,122241,4015,0.021979153465973893,0.5913107511045655
5797,0.584,8,5,8,673674,2770,122249,4007,0.021939551387656825,0.5912645713442526
5798,0.5841,5,4,5,673678,2766,122254,4002,0.02190786972500317,0.5913120567375887
5799,0.5842,6,3,6,673681,2763,122260,3996,0.021884108478012927,0.5912117177097204
5800,0.5843,7,2,7,673683,2761,122267,3989,0.021868267646686097,0.5909629629629629
5801,0.5844,6,2,6,673685,2759,122273,3983,0.02185242681535927,0.5907742509641056
5802,0.5845,1,1,1,673686,2758,122274,3982,0.021844506399695856,0.5908011869436202
5803,0.5846,1,2,1,673688,2756,122275,3981,0.02182866556836903,0.590915837910049
5804,0.5847,7,3,7,673691,2753,122282,3974,0.021804904321378785,0.590753679203211
5805,0.5848,9,4,9,673695,2749,122291,3965,0.02177322265872513,0.5905570449806374
5806,0.5849,5,5,5,673700,2744,122296,3960,0.02173362058040806,0.5906921241050119
5807,0.585,3,3,3,673703,2741,122299,3957,0.02170985933341782,0.5907733651836369
5808,0.5851,8,7,8,673710,2734,122307,3949,0.021654416423773918,0.5909022893909921
5809,0.5852,4,3,4,673713,2731,122311,3945,0.021630655176783677,0.5909227082085081
5810,0.5853,3,7,3,673720,2724,122314,3942,0.02157521226713978,0.5913591359135913
5811,0.5854,0,4,0,673724,2720,122314,3942,0.021543530604486123,0.591714199939958
5812,0.5855,7,1,7,673725,2719,122321,3935,0.02153561018882271,0.5913736098587316
5813,0.5856,6,3,6,673728,2716,122327,3929,0.021511848941832466,0.5912716328066215
5814,0.5857,4,7,4,673735,2709,122331,3925,0.02145640603218857,0.5916490804944227
5815,0.5858,5,4,5,673739,2705,122336,3920,0.021424724369534912,0.5916981132075472
5816,0.5859,2,2,2,673741,2703,122338,3918,0.021408883538208086,0.5917535115541459
5817,0.586,6,10,6,673751,2693,122344,3912,0.021329679381573943,0.5922785768357305
5818,0.5861,8,2,8,673753,2691,122352,3904,0.021313838550247117,0.5919636087945414
5819,0.5862,6,2,6,673755,2689,122358,3898,0.02129799771892029,0.5917716714741157
5820,0.5863,4,8,4,673763,2681,122362,3894,0.021234634393612978,0.5922433460076045
5821,0.5864,4,3,4,673766,2678,122366,3890,0.021210873146622736,0.5922655298416565
5822,0.5865,6,4,6,673770,2674,122372,3884,0.02117919148396908,0.59225373589509
5823,0.5866,6,3,6,673773,2671,122378,3878,0.021155430236978835,0.5921514735074057
5824,0.5867,7,2,7,673775,2669,122385,3871,0.02113958940565201,0.5918960244648318
5825,0.5868,4,5,4,673780,2664,122389,3867,0.021099987327334938,0.5920992191088654
5826,0.5869,4,1,4,673781,2663,122393,3863,0.021092066911671526,0.5919399325773828
5827,0.587,2,3,2,673784,2660,122395,3861,0.02106830566468128,0.5920871032050299
5828,0.5871,9,1,9,673785,2659,122404,3852,0.02106038524901787,0.5916141913684534
5829,0.5872,4,3,4,673788,2656,122408,3848,0.021036624002027625,0.5916359163591636
5830,0.5873,5,4,5,673792,2652,122413,3843,0.021004942339373972,0.5916859122401847
5831,0.5874,7,4,7,673796,2648,122420,3836,0.020973260676720316,0.5916101172115977
5832,0.5875,4,5,4,673801,2643,122424,3832,0.020933658598403244,0.5918146718146718
5833,0.5876,3,3,3,673804,2640,122427,3829,0.020909897351413003,0.5918998299582625
5834,0.5877,3,7,3,673811,2633,122430,3826,0.020854454441769105,0.5923517572379625
5835,0.5878,2,1,2,673812,2632,122432,3824,0.02084653402610569,0.5923172242874845
5836,0.5879,3,4,3,673816,2628,122435,3821,0.020814852363452034,0.5924949604589859
5837,0.588,2,6,2,673822,2622,122437,3819,0.02076732986947155,0.5929203539823009
5838,0.5881,7,3,7,673825,2619,122444,3812,0.020743568622481307,0.5927538485461048
5839,0.5882,4,6,4,673831,2613,122448,3808,0.020696046128500824,0.593054041426569
5840,0.5883,6,2,6,673833,2611,122454,3802,0.020680205297173997,0.5928582566661469
5841,0.5884,6,6,6,673839,2605,122460,3796,0.02063268280319351,0.5930323386970786
5842,0.5885,7,2,7,673841,2603,122467,3789,0.020616841971866685,0.5927722152690864
5843,0.5886,7,3,7,673844,2600,122474,3782,0.02059308072487644,0.592604199310561
5844,0.5887,5,1,5,673845,2599,122479,3777,0.02058516030921303,0.5923776662484316
5845,0.5888,6,3,6,673848,2596,122485,3771,0.020561399062222787,0.592272655881891
5846,0.5889,1,5,1,673853,2591,122486,3770,0.020521796983905716,0.5926741078446786
5847,0.589,6,4,6,673857,2587,122492,3764,0.02049011532125206,0.5926625728231775
5848,0.5891,7,4,7,673861,2583,122499,3757,0.020458433658598403,0.5925867507886435
5849,0.5892,1,2,1,673863,2581,122500,3756,0.020442592827271577,0.5927094839829572
5850,0.5893,1,5,1,673868,2576,122501,3755,0.020402990748954505,0.5931132522508292
5851,0.5894,4,2,4,673870,2574,122505,3751,0.020387149917627675,0.5930434782608696
5852,0.5895,4,3,4,673873,2571,122509,3747,0.020363388670637434,0.5930674264007597
5853,0.5896,2,6,2,673879,2565,122511,3745,0.02031586617665695,0.5935023771790808
5854,0.5897,2,6,2,673885,2559,122513,3743,0.020268343682676465,0.5939384322437321
5855,0.5898,5,3,5,673888,2556,122518,3738,0.020244582435686224,0.5938989513822688
5856,0.5899,5,3,5,673891,2553,122523,3733,0.020220821188695982,0.5938593700286351
5857,0.59,7,0,7,673891,2553,122530,3726,0.020220821188695982,0.5934065934065934
5858,0.5901,4,3,4,673894,2550,122534,3722,0.02019705994170574,0.5934311224489796
5859,0.5902,1,8,1,673902,2542,122535,3721,0.02013369661639843,0.5941242216190324
5860,0.5903,3,4,3,673906,2538,122538,3718,0.020102014953744772,0.594309462915601
5861,0.5904,6,4,6,673910,2534,122544,3712,0.020070333291091116,0.5943003522254243
5862,0.5905,2,2,2,673912,2532,122546,3710,0.02005449245976429,0.594360781800705
5863,0.5906,6,3,6,673915,2529,122552,3704,0.020030731212774048,0.5942563773463821
5864,0.5907,6,4,6,673919,2525,122558,3698,0.01999904955012039,0.5942471476779688
5865,0.5908,4,3,4,673922,2522,122562,3694,0.019975288303130147,0.5942728442728443
5866,0.5909,5,6,5,673928,2516,122567,3689,0.019927765809149664,0.5945205479452055
5867,0.591,4,4,4,673932,2512,122571,3685,0.019896084146496008,0.5946425689849928
5868,0.5911,8,1,8,673933,2511,122579,3677,0.019888163730832593,0.5942146089204913
5869,0.5912,6,2,6,673935,2509,122585,3671,0.019872322899505766,0.5940129449838187
5870,0.5913,3,0,3,673935,2509,122588,3668,0.019872322899505766,0.5938157681722519
5871,0.5914,4,3,4,673938,2506,122592,3664,0.019848561652515525,0.5938411669367909
5872,0.5915,8,6,8,673944,2500,122600,3656,0.01980103915853504,0.5938921377517868
5873,0.5916,3,2,3,673946,2498,122603,3653,0.019785198327208212,0.5938871728174281
5874,0.5917,2,6,2,673952,2492,122605,3651,0.019737675833227726,0.5943350154647566
5875,0.5918,7,4,7,673956,2488,122612,3644,0.019705994170574073,0.594259621656882
5876,0.5919,2,3,2,673959,2485,122614,3642,0.01968223292358383,0.5944181491757793
5877,0.592,6,6,6,673965,2479,122620,3636,0.019634710429603346,0.5946034341782502
5878,0.5921,5,5,5,673970,2474,122625,3631,0.019595108351286274,0.5947583947583948
5879,0.5922,2,2,2,673972,2472,122627,3629,0.019579267519959448,0.5948205212260285
5880,0.5923,5,4,5,673976,2468,122632,3624,0.01954758585730579,0.5948785292186474
5881,0.5924,3,2,3,673978,2466,122635,3621,0.01953174502597896,0.5948743223262691
5882,0.5925,12,5,12,673983,2461,122647,3609,0.019492142947661894,0.5945634266886326
5883,0.5926,3,4,3,673987,2457,122650,3606,0.019460461285008238,0.5947550717466601
5884,0.5927,3,6,3,673993,2451,122653,3603,0.019412938791027755,0.5951437066402379
5885,0.5928,5,2,5,673995,2449,122658,3598,0.019397097959700925,0.5950057879940467
5886,0.5929,5,2,5,673997,2447,122663,3593,0.0193812571283741,0.5948675496688741
5887,0.593,4,2,4,673999,2445,122667,3589,0.01936541629704727,0.594796155120981
5888,0.5931,2,2,2,674001,2443,122669,3587,0.019349575465720442,0.5948590381426202
5889,0.5932,6,3,6,674004,2440,122675,3581,0.019325814218730197,0.5947517023750207
5890,0.5933,9,0,9,674004,2440,122684,3572,0.019325814218730197,0.5941450432468397
5891,0.5934,4,3,4,674007,2437,122688,3568,0.019302052971739956,0.5941715237302249
5892,0.5935,10,5,10,674012,2432,122698,3558,0.019262450893422888,0.5939899833055092
5893,0.5936,5,5,5,674017,2427,122703,3553,0.019222848815105817,0.5941471571906355
5894,0.5937,5,3,5,674020,2424,122708,3548,0.019199087568115576,0.59410582719357
5895,0.5938,3,3,3,674023,2421,122711,3545,0.019175326321125334,0.5942004693261816
5896,0.5939,2,0,2,674023,2421,122713,3543,0.019175326321125334,0.5940643863179075
5897,0.594,2,3,2,674026,2418,122715,3541,0.01915156507413509,0.5942272193321027
5898,0.5941,4,3,4,674029,2415,122719,3537,0.019127803827144848,0.5942540322580645
5899,0.5942,7,1,7,674030,2414,122726,3530,0.019119883411481433,0.5938761776581427
5900,0.5943,4,0,4,674030,2414,122730,3526,0.019119883411481433,0.5936026936026936
5901,0.5944,3,6,3,674036,2408,122733,3523,0.01907236091750095,0.59399763952116
5902,0.5945,5,2,5,674038,2406,122738,3518,0.019056520086174124,0.5938555030384876
5903,0.5946,3,8,3,674046,2398,122741,3515,0.01899315676086681,0.5944529003889735
5904,0.5947,3,3,3,674049,2395,122744,3512,0.01896939551387657,0.5945488403588962
5905,0.5948,2,2,2,674051,2393,122746,3510,0.01895355468254974,0.5946129086904963
5906,0.5949,2,3,2,674054,2390,122748,3508,0.0189297934355595,0.5947778908104442
5907,0.595,9,3,9,674057,2387,122757,3499,0.018906032188569257,0.5944614339109752
5908,0.5951,5,2,5,674059,2385,122762,3494,0.018890191357242427,0.5943187616941656
5909,0.5952,8,5,8,674064,2380,122770,3486,0.01885058927892536,0.594272076372315
5910,0.5953,9,5,9,674069,2375,122779,3477,0.018810987200608288,0.5941558441558441
5911,0.5954,1,2,1,674071,2373,122780,3476,0.018795146369281458,0.5942896221576338
5912,0.5955,4,2,4,674073,2371,122784,3472,0.018779305537954632,0.5942153003594044
5913,0.5956,4,2,4,674075,2369,122788,3468,0.018763464706627805,0.5941408257666609
5914,0.5957,4,3,4,674078,2366,122792,3464,0.01873970345963756,0.5941680960548885
5915,0.5958,4,2,4,674080,2364,122796,3460,0.018723862628310734,0.5940934065934066
5916,0.5959,6,2,6,674082,2362,122802,3454,0.018708021796983904,0.593878954607978
5917,0.596,5,2,5,674084,2360,122807,3449,0.018692180965657078,0.5937338612497848
5918,0.5961,6,8,6,674092,2352,122813,3443,0.018628817640349765,0.5941328731665229
5919,0.5962,3,6,3,674098,2346,122816,3440,0.018581295146369282,0.5945385413066021
5920,0.5963,3,6,3,674104,2340,122819,3437,0.018533772652388796,0.5949454734291154
5921,0.5964,5,3,5,674107,2337,122824,3432,0.018510011405398555,0.5949037961518461
5922,0.5965,1,6,1,674113,2331,122825,3431,0.018462488911418072,0.5954529677195418
5923,0.5966,4,1,4,674114,2330,122829,3427,0.018454568495754657,0.5952753170053847
5924,0.5967,3,3,3,674117,2327,122832,3424,0.018430807248764416,0.5953747174404451
5925,0.5968,4,3,4,674120,2324,122836,3420,0.018407046001774174,0.5954038997214485
5926,0.5969,4,3,4,674123,2321,122840,3416,0.01838328475478393,0.5954331532159666
5927,0.597,1,5,1,674128,2316,122841,3415,0.018343682676466862,0.5958820450183214
5928,0.5971,5,6,5,674134,2310,122846,3410,0.018296160182486376,0.5961538461538461
5929,0.5972,5,6,5,674140,2304,122851,3405,0.018248637688505893,0.5964266946925907
5930,0.5973,2,3,2,674143,2301,122853,3403,0.01822487644151565,0.5965988779803647
5931,0.5974,1,3,1,674146,2298,122854,3402,0.01820111519452541,0.5968421052631578
5932,0.5975,6,1,6,674147,2297,122860,3396,0.018193194778861995,0.5965220446161953
5933,0.5976,6,3,6,674150,2294,122866,3390,0.018169433531871754,0.5964109781843772
5934,0.5977,3,3,3,674153,2291,122869,3387,0.01814567228488151,0.5965128566396618
5935,0.5978,5,3,5,674156,2288,122874,3382,0.018121911037891267,0.5964726631393298
5936,0.5979,5,1,5,674157,2287,122879,3377,0.018113990622227856,0.5962217514124294
5937,0.598,2,4,2,674161,2283,122881,3375,0.0180823089595742,0.5965005302226936
5938,0.5981,5,1,5,674162,2282,122886,3370,0.018074388543910785,0.5962491153573957
5939,0.5982,8,2,8,674164,2280,122894,3362,0.018058547712583955,0.5958879829847572
5940,0.5983,2,8,2,674172,2272,122896,3360,0.017995184387276646,0.5965909090909091
5941,0.5984,4,2,4,674174,2270,122900,3356,0.017979343555949816,0.5965161749022396
5942,0.5985,1,1,1,674175,2269,122901,3355,0.0179714231402864,0.5965504978662873
5943,0.5986,2,4,2,674179,2265,122903,3353,0.017939741477632744,0.5968316126735493
5944,0.5987,5,3,5,674182,2262,122908,3348,0.017915980230642503,0.5967914438502674
5945,0.5988,4,4,4,674186,2258,122912,3344,0.017884298567988847,0.596929667975723
5946,0.5989,3,4,3,674190,2254,122915,3341,0.01785261690533519,0.5971403038427167
5947,0.599,0,3,0,674193,2251,122915,3341,0.01782885565834495,0.5974606580829757
5948,0.5991,6,5,6,674198,2246,122921,3335,0.01778925358002788,0.5975631607238846
5949,0.5992,5,2,5,674200,2244,122926,3330,0.01777341274870105,0.5974165769644779
5950,0.5993,5,4,5,674204,2240,122931,3325,0.017741731086047395,0.5974842767295597
5951,0.5994,4,4,4,674208,2236,122935,3321,0.01771004942339374,0.5976246175994242
5952,0.5995,7,4,7,674212,2232,122942,3314,0.017678367760740082,0.5975477821853589
5953,0.5996,4,2,4,674214,2230,122946,3310,0.017662526929413256,0.5974729241877257
5954,0.5997,3,1,3,674215,2229,122949,3307,0.01765460651374984,0.5973627167630058
5955,0.5998,1,4,1,674219,2225,122950,3306,0.017622924851096185,0.5977219309347315
5956,0.5999,0,1,0,674220,2224,122950,3306,0.01761500443543277,0.5978300180831826
5957,0.6,3,2,3,674222,2222,122953,3303,0.017599163604105943,0.5978280542986425
5958,0.6001,5,2,5,674224,2220,122958,3298,0.017583322772779117,0.5976803189561435
5959,0.6002,8,5,8,674229,2215,122966,3290,0.017543720694462046,0.59763851044505
5960,0.6003,3,3,3,674232,2212,122969,3287,0.017519959447471804,0.5977450445535551
5961,0.6004,9,1,9,674233,2211,122978,3278,0.01751203903180839,0.5971943887775552
5962,0.6005,2,1,2,674234,2210,122980,3276,0.017504118616144974,0.5971563981042654
5963,0.6006,5,1,5,674235,2209,122985,3271,0.017496198200481563,0.5968978102189781
5964,0.6007,2,3,2,674238,2206,122987,3269,0.017472436953491318,0.5970776255707763
5965,0.6008,8,3,8,674241,2203,122995,3261,0.017448675706501077,0.5968155197657394
5966,0.6009,2,6,2,674247,2197,122997,3259,0.017401153212520594,0.5973240469208211
5967,0.601,1,4,1,674251,2193,122998,3258,0.017369471549866938,0.5976884975233901
5968,0.6011,4,4,4,674255,2189,123002,3254,0.01733778988721328,0.5978320778982179
5969,0.6012,4,7,4,674262,2182,123006,3250,0.017282346977569384,0.5983063328424153
5970,0.6013,4,2,4,674264,2180,123010,3246,0.017266506146242554,0.5982307408772577
5971,0.6014,8,1,8,674265,2179,123018,3238,0.017258585730579142,0.5977478309027137
5972,0.6015,3,3,3,674268,2176,123021,3235,0.017234824483588897,0.597856218813528
5973,0.6016,10,1,10,674269,2175,123031,3225,0.017226904067925486,0.5972222222222222
5974,0.6017,4,4,4,674273,2171,123035,3221,0.01719522240527183,0.5973664688427299
5975,0.6018,3,2,3,674275,2169,123038,3218,0.017179381573945,0.5973640245034342
5976,0.6019,5,3,5,674278,2166,123043,3213,0.01715562032695476,0.5973229224762967
5977,0.602,4,4,4,674282,2162,123047,3209,0.017123938664301102,0.5974678830757774
5978,0.6021,6,5,6,674287,2157,123053,3203,0.01708433658598403,0.5975746268656716
5979,0.6022,1,1,1,674288,2156,123054,3202,0.01707641617032062,0.5976110488988429
5980,0.6023,2,5,2,674293,2151,123056,3200,0.017036814092003548,0.5980190618575967
5981,0.6024,4,3,4,674296,2148,123060,3196,0.017013052845013307,0.5980538922155688
5982,0.6025,4,3,4,674299,2145,123064,3192,0.016989291598023065,0.5980888139404159
5983,0.6026,5,3,5,674302,2142,123069,3187,0.016965530351032824,0.5980484143366486
5984,0.6027,2,8,2,674310,2134,123071,3185,0.01690216702572551,0.5987967663094567
5985,0.6028,8,3,8,674313,2131,123079,3177,0.016878405778735266,0.5985305199698568
5986,0.6029,7,3,7,674316,2128,123086,3170,0.016854644531745025,0.5983389958474896
5987,0.603,4,3,4,674319,2125,123090,3166,0.016830883284754784,0.5983745983745984
5988,0.6031,6,4,6,674323,2121,123096,3160,0.016799201622101127,0.5983715205453513
5989,0.6032,2,3,2,674326,2118,123098,3158,0.016775440375110886,0.5985595147839272
5990,0.6033,9,3,9,674329,2115,123107,3149,0.016751679128120645,0.5982142857142857
5991,0.6034,3,1,3,674330,2114,123110,3146,0.01674375871245723,0.5980988593155894
5992,0.6035,4,3,4,674333,2111,123114,3142,0.016719997465466988,0.5981343993908242
5993,0.6036,2,3,2,674336,2108,123116,3140,0.016696236218476747,0.5983231707317073
5994,0.6037,6,3,6,674339,2105,123122,3134,0.016672474971486502,0.5982057644588662
5995,0.6038,3,2,3,674341,2103,123125,3131,0.016656634140159676,0.5982040504394345
5996,0.6039,5,5,5,674346,2098,123130,3126,0.016617032061842604,0.5983920367534457
5997,0.604,4,5,4,674351,2093,123134,3122,0.016577429983525536,0.5986577181208054
5998,0.6041,2,1,2,674352,2092,123136,3120,0.01656950956786212,0.5986185725249424
5999,0.6042,3,2,3,674354,2090,123139,3117,0.01655366873653529,0.5986172460149798
6000,0.6043,6,4,6,674358,2086,123145,3111,0.01652198707388164,0.5986145853376948
6001,0.6044,1,4,1,674362,2082,123146,3110,0.016490305411227982,0.5989984591679507
6002,0.6045,2,4,2,674366,2078,123148,3108,0.016458623748574326,0.5993058233706132
6003,0.6046,2,4,2,674370,2074,123150,3106,0.01642694208592067,0.5996138996138997
6004,0.6047,6,5,6,674375,2069,123156,3100,0.0163873400076036,0.599729154575353
6005,0.6048,1,3,1,674378,2066,123157,3099,0.016363578760613357,0.6
6006,0.6049,5,3,5,674381,2063,123162,3094,0.016339817513623116,0.5999612177622649
6007,0.605,0,6,0,674387,2057,123162,3094,0.01629229501964263,0.6006600660066007
6008,0.6051,5,1,5,674388,2056,123167,3089,0.016284374603979218,0.6003887269193392
6009,0.6052,3,2,3,674390,2054,123170,3086,0.016268533772652388,0.6003891050583657
6010,0.6053,5,3,5,674393,2051,123175,3081,0.016244772525662147,0.6003507404520655
6011,0.6054,5,3,5,674396,2048,123180,3076,0.016221011278671905,0.600312256049961
6012,0.6055,2,4,2,674400,2044,123182,3074,0.01618932961601825,0.6006252442360297
6013,0.6056,2,1,2,674401,2043,123184,3072,0.016181409200354834,0.6005865102639296
6014,0.6057,7,2,7,674403,2041,123191,3065,0.016165568369028008,0.600274187230709
6015,0.6058,4,2,4,674405,2039,123195,3061,0.016149727537701178,0.6001960784313726
6016,0.6059,5,2,5,674407,2037,123200,3056,0.01613388670637435,0.6000392695857059
6017,0.606,4,3,4,674410,2034,123204,3052,0.01611012545938411,0.6000786472670074
6018,0.6061,0,5,0,674415,2029,123204,3052,0.01607052338106704,0.6006691596142492
6019,0.6062,3,3,3,674418,2026,123207,3049,0.016046762134076797,0.6007881773399015
6020,0.6063,8,6,8,674424,2020,123215,3041,0.01599923964009631,0.6008693934005137
6021,0.6064,3,1,3,674425,2019,123218,3038,0.0159913192244329,0.600751433656318
6022,0.6065,4,5,4,674430,2014,123222,3034,0.01595171714611583,0.6010301109350238
6023,0.6066,2,5,2,674435,2009,123224,3032,0.015912115067798757,0.6014679627058124
6024,0.6067,3,3,3,674438,2006,123227,3029,0.015888353820808516,0.6015888778550149
6025,0.6068,3,5,3,674443,2001,123230,3026,0.015848751742491445,0.6019494728466283
6026,0.6069,7,7,7,674450,1994,123237,3019,0.015793308832847547,0.6022341911031318
6027,0.607,3,2,3,674452,1992,123240,3016,0.01577746800152072,0.6022364217252396
6028,0.6071,4,2,4,674454,1990,123244,3012,0.01576162717019389,0.6021591363454618
6029,0.6072,6,4,6,674458,1986,123250,3006,0.015729945507540234,0.6021634615384616
6030,0.6073,4,3,4,674461,1983,123254,3002,0.015706184260549993,0.6022066198595787
6031,0.6074,9,2,9,674463,1981,123263,2993,0.015690343429223166,0.6017289907519099
6032,0.6075,4,1,4,674464,1980,123267,2989,0.01568242301355975,0.6015294827933185
6033,0.6076,2,7,2,674471,1973,123269,2987,0.015626980103915854,0.6022177419354838
6034,0.6077,3,1,3,674472,1972,123272,2984,0.015619059688252439,0.6020984665052461
6035,0.6078,4,0,4,674472,1972,123276,2980,0.015619059688252439,0.6017770597738288
6036,0.6079,3,2,3,674474,1970,123279,2977,0.01560321885692561,0.6017788558722458
6037,0.608,4,3,4,674477,1967,123283,2973,0.01557945760993537,0.6018218623481781
6038,0.6081,3,2,3,674479,1965,123286,2970,0.015563616778608541,0.601823708206687
6039,0.6082,9,3,9,674482,1962,123295,2961,0.0155398555316183,0.6014625228519196
6040,0.6083,5,4,5,674486,1958,123300,2956,0.015508173868964643,0.6015466015466016
6041,0.6084,2,0,2,674486,1958,123302,2954,0.015508173868964643,0.6013843648208469
6042,0.6085,5,3,5,674489,1955,123307,2949,0.015484412621974402,0.6013458401305057
6043,0.6086,5,3,5,674492,1952,123312,2944,0.015460651374984159,0.6013071895424836
6044,0.6087,2,2,2,674494,1950,123314,2942,0.01544481054365733,0.6013900245298447
6045,0.6088,7,3,7,674497,1947,123321,2935,0.01542104929666709,0.6011880376894715
6046,0.6089,3,6,3,674503,1941,123324,2932,0.015373526802686605,0.6016827416375949
6047,0.609,5,0,5,674503,1941,123329,2927,0.015373526802686605,0.6012736236647493
6048,0.6091,6,1,6,674504,1940,123335,2921,0.015365606387023192,0.6009051635465954
6049,0.6092,4,4,4,674508,1936,123339,2917,0.015333924724369535,0.6010715021636102
6050,0.6093,3,4,3,674512,1932,123342,2914,0.015302243061715879,0.6013206768468841
6051,0.6094,2,2,2,674514,1930,123344,2912,0.015286402230389051,0.6014043783560512
6052,0.6095,3,3,3,674517,1927,123347,2909,0.01526264098339881,0.6015301902398676
6053,0.6096,1,4,1,674521,1923,123348,2908,0.015230959320745153,0.6019457669219623
6054,0.6097,3,4,3,674525,1919,123351,2905,0.015199277658091497,0.6021973466003316
6055,0.6098,2,2,2,674527,1917,123353,2903,0.015183436826764669,0.6022821576763485
6056,0.6099,2,2,2,674529,1915,123355,2901,0.01516759599543784,0.6023671096345515
6057,0.61,6,3,6,674532,1912,123361,2895,0.0151438347484476,0.6022467235281881
6058,0.6101,4,3,4,674535,1909,123365,2891,0.015120073501457356,0.6022916666666667
6059,0.6102,4,3,4,674538,1906,123369,2887,0.015096312254467115,0.6023367410807428
6060,0.6103,4,4,4,674542,1902,123373,2883,0.015064630591813458,0.6025078369905956
6061,0.6104,2,3,2,674545,1899,123375,2881,0.015040869344823217,0.6027196652719665
6062,0.6105,5,5,5,674550,1894,123380,2876,0.015001267266506146,0.6029350104821803
6063,0.6106,2,0,2,674550,1894,123382,2874,0.015001267266506146,0.602768456375839
6064,0.6107,6,2,6,674552,1892,123388,2868,0.014985426435179318,0.6025210084033613
6065,0.6108,3,2,3,674554,1890,123391,2865,0.01496958560385249,0.6025236593059937
6066,0.6109,6,4,6,674558,1886,123397,2859,0.014937903941198835,0.6025289778714437
6067,0.611,5,5,5,674563,1881,123402,2854,0.014898301862881764,0.6027455121436114
6068,0.6111,3,3,3,674566,1878,123405,2851,0.014874540615891522,0.6028758722774371
6069,0.6112,2,1,2,674567,1877,123407,2849,0.014866620200228107,0.6028353787558188
6070,0.6113,1,1,1,674568,1876,123408,2848,0.014858699784564694,0.6028789161727349
6071,0.6114,2,1,2,674569,1875,123410,2846,0.01485077936890128,0.6028383816987927
6072,0.6115,2,2,2,674571,1873,123412,2844,0.014834938537574453,0.6029255882976469
6073,0.6116,3,2,3,674573,1871,123415,2841,0.014819097706247624,0.6029286926994907
6074,0.6117,0,3,0,674576,1868,123415,2841,0.014795336459257381,0.603312805266511
6075,0.6118,1,8,1,674584,1860,123416,2840,0.01473197313395007,0.6042553191489362
6076,0.6119,1,5,1,674589,1855,123417,2839,0.014692371055633,0.6048146570089475
6077,0.612,8,3,8,674592,1852,123425,2831,0.014668609808642758,0.6045270125987615
6078,0.6121,2,4,2,674596,1848,123427,2829,0.014636928145989101,0.6048749198203976
6079,0.6122,5,3,5,674599,1845,123432,2824,0.01461316689899886,0.6048404369243949
6080,0.6123,3,3,3,674602,1842,123435,2821,0.014589405652008617,0.6049753377653871
6081,0.6124,4,0,4,674602,1842,123439,2817,0.014589405652008617,0.604636188023181
6082,0.6125,2,1,2,674603,1841,123441,2815,0.014581485236345204,0.6045962199312714
6083,0.6126,8,4,8,674607,1837,123449,2807,0.014549803573691547,0.6044358311800172
6084,0.6127,3,1,3,674608,1836,123452,2804,0.014541883158028132,0.6043103448275862
6085,0.6128,4,2,4,674610,1834,123456,2800,0.014526042326701306,0.6042296072507553
6086,0.6129,4,2,4,674612,1832,123460,2796,0.014510201495374478,0.6041486603284356
6087,0.613,3,0,3,674612,1832,123463,2793,0.014510201495374478,0.6038918918918919
6088,0.6131,7,4,7,674616,1828,123470,2786,0.014478519832720822,0.6038144776766363
6089,0.6132,4,5,4,674621,1823,123474,2782,0.01443891775440375,0.6041259500542888
6090,0.6133,1,3,1,674624,1820,123475,2781,0.014415156507413509,0.6044338187350576
6091,0.6134,3,1,3,674625,1819,123478,2778,0.014407236091750096,0.6043071568414183
6092,0.6135,2,4,2,674629,1815,123480,2776,0.01437555442909644,0.6046612938357656
6093,0.6136,9,5,9,674634,1810,123489,2767,0.014335952350779368,0.6045444614376229
6094,0.6137,3,3,3,674637,1807,123492,2764,0.014312191103789127,0.6046816889083352
6095,0.6138,4,0,4,674637,1807,123496,2760,0.014312191103789127,0.6043354499671557
6096,0.6139,2,1,2,674638,1806,123498,2758,0.014304270688125714,0.6042944785276073
6097,0.614,4,2,4,674640,1804,123502,2754,0.014288429856798885,0.604212373848179
6098,0.6141,5,1,5,674641,1803,123507,2749,0.01428050944113547,0.6039103690685413
6099,0.6142,4,4,4,674645,1799,123511,2745,0.014248827778481814,0.6040933098591549
6100,0.6143,3,2,3,674647,1797,123514,2742,0.014232986947154986,0.6040978189028421
6101,0.6144,1,5,1,674652,1792,123515,2741,0.014193384868837916,0.6046768144716523
6102,0.6145,6,5,6,674657,1787,123521,2735,0.014153782790520847,0.6048208757187086
6103,0.6146,4,4,4,674661,1783,123525,2731,0.01412210112786719,0.6050066459902526
6104,0.6147,5,4,5,674665,1779,123530,2726,0.014090419465213534,0.6051054384017758
6105,0.6148,4,1,4,674666,1778,123534,2722,0.014082499049550121,0.6048888888888889
6106,0.6149,4,7,4,674673,1771,123538,2718,0.014027056139906222,0.6054800623746937
6107,0.615,5,3,5,674676,1768,123543,2713,0.01400329489291598,0.605445213122071
6108,0.6151,1,3,1,674679,1765,123544,2712,0.013979533645925739,0.6057627875809694
6109,0.6152,5,2,5,674681,1763,123549,2707,0.01396369281459891,0.6055928411633109
6110,0.6153,3,1,3,674682,1762,123552,2704,0.013955772398935496,0.6054635020152261
6111,0.6154,3,2,3,674684,1760,123555,2701,0.013939931567608668,0.6054696256444744
6112,0.6155,1,4,1,674688,1756,123556,2700,0.013908249904955011,0.6059245960502693
6113,0.6156,2,4,2,674692,1752,123558,2698,0.013876568242301357,0.6062921348314607
6114,0.6157,4,2,4,674694,1750,123562,2694,0.013860727410974528,0.6062106210621062
6115,0.6158,1,2,1,674696,1748,123563,2693,0.0138448865796477,0.6063949560909705
6116,0.6159,8,0,8,674696,1748,123571,2685,0.0138448865796477,0.6056846379427024
6117,0.616,4,1,4,674697,1747,123575,2681,0.013836966163984285,0.6054652213188798
6118,0.6161,1,2,1,674699,1745,123576,2680,0.013821125332657457,0.6056497175141243
6119,0.6162,4,2,4,674701,1743,123580,2676,0.013805284501330629,0.6055668703326544
6120,0.6163,3,2,3,674703,1741,123583,2673,0.013789443670003803,0.605573176257363
6121,0.6164,3,6,3,674709,1735,123586,2670,0.013741921176023318,0.6061293984108967
6122,0.6165,4,1,4,674710,1734,123590,2666,0.013734000760359903,0.605909090909091
6123,0.6166,1,3,1,674713,1731,123591,2665,0.013710239513369662,0.6062329390354868
6124,0.6167,3,0,3,674713,1731,123594,2662,0.013710239513369662,0.6059640336899613
6125,0.6168,3,5,3,674718,1726,123597,2659,0.013670637435052592,0.6063854047890536
6126,0.6169,3,4,3,674722,1722,123600,2656,0.013638955772398936,0.6066697121973504
6127,0.617,2,6,2,674728,1716,123602,2654,0.013591433278418451,0.6073226544622425
6128,0.6171,3,4,3,674732,1712,123605,2651,0.013559751615764795,0.6076094430437772
6129,0.6172,4,3,4,674735,1709,123609,2647,0.013535990368774554,0.6076675849403123
6130,0.6173,2,3,2,674738,1706,123611,2645,0.01351222912178431,0.6079062284532292
6131,0.6174,0,4,0,674742,1702,123611,2645,0.013480547459130654,0.6084656084656085
6132,0.6175,2,1,2,674743,1701,123613,2643,0.013472627043467241,0.6084254143646409
6133,0.6176,7,2,7,674745,1699,123620,2636,0.013456786212140413,0.6080738177623991
6134,0.6177,2,4,2,674749,1695,123622,2634,0.013425104549486757,0.6084546084546084
6135,0.6178,4,1,4,674750,1694,123626,2630,0.013417184133823343,0.6082331174838113
6136,0.6179,6,2,6,674752,1692,123632,2624,0.013401343302496515,0.607970342910102
6137,0.618,4,7,4,674759,1685,123636,2620,0.013345900392852618,0.6085946573751452
6138,0.6181,4,4,4,674763,1681,123640,2616,0.013314218730198961,0.6087968350011635
6139,0.6182,2,3,2,674766,1678,123642,2614,0.013290457483208718,0.6090400745573159
6140,0.6183,2,3,2,674769,1675,123644,2612,0.013266696236218477,0.609283881502216
6141,0.6184,2,1,2,674770,1674,123646,2610,0.013258775820555064,0.6092436974789915
6142,0.6185,1,3,1,674773,1671,123647,2609,0.01323501457356482,0.6095794392523365
6143,0.6186,2,1,2,674774,1670,123649,2607,0.013227094157901407,0.6095393967734394
6144,0.6187,4,2,4,674776,1668,123653,2603,0.013211253326574579,0.6094591430578319
6145,0.6188,3,5,3,674781,1663,123656,2600,0.013171651248257508,0.6098991320666197
6146,0.6189,6,4,6,674785,1659,123662,2594,0.013139969585603853,0.6099224077122032
6147,0.619,7,1,7,674786,1658,123669,2587,0.013132049169940438,0.6094228504122498
6148,0.6191,4,6,4,674792,1652,123673,2583,0.013084526675959954,0.6099173553719008
6149,0.6192,1,1,1,674793,1651,123674,2582,0.01307660626029654,0.6099692889203875
6150,0.6193,5,2,5,674795,1649,123679,2577,0.013060765428969712,0.6097964978703265
6151,0.6194,3,2,3,674797,1647,123682,2574,0.013044924597642884,0.6098081023454158
6152,0.6195,2,5,2,674802,1642,123684,2572,0.013005322519325815,0.6103464641670622
6153,0.6196,4,1,4,674803,1641,123688,2568,0.0129974021036624,0.6101211689237348
6154,0.6197,5,2,5,674805,1639,123693,2563,0.012981561272335572,0.6099476439790575
6155,0.6198,4,3,4,674808,1636,123697,2559,0.01295780002534533,0.6100119189511323
6156,0.6199,0,4,0,674812,1632,123697,2559,0.012926118362691674,0.6105941302791696
6157,0.62,9,0,9,674812,1632,123706,2550,0.012926118362691674,0.6097560975609756
6158,0.6201,3,6,3,674818,1626,123709,2547,0.01287859586871119,0.6103522645578721
6159,0.6202,2,2,2,674820,1624,123711,2545,0.012862755037384361,0.6104581434396738
6160,0.6203,1,7,1,674827,1617,123712,2544,0.012807312127740464,0.6113914924297044
6161,0.6204,6,1,6,674828,1616,123718,2538,0.01279939171207705,0.6109773712084737
6162,0.6205,1,2,1,674830,1614,123719,2537,0.012783550880750222,0.6111780293905084
6163,0.6206,4,2,4,674832,1612,123723,2533,0.012767710049423394,0.6110977080820266
6164,0.6207,1,4,1,674836,1608,123724,2532,0.012736028386769738,0.6115942028985507
6165,0.6208,4,3,4,674839,1605,123728,2528,0.012712267139779496,0.6116622308250665
6166,0.6209,5,7,5,674846,1598,123733,2523,0.012656824230135597,0.6122300412521233
6167,0.621,6,3,6,674849,1595,123739,2517,0.012633062983145356,0.6121108949416343
6168,0.6211,5,2,5,674851,1593,123744,2512,0.012617222151818527,0.6119366626065773
6169,0.6212,3,1,3,674852,1592,123747,2509,0.012609301736155114,0.6118019995123141
6170,0.6213,4,4,4,674856,1588,123751,2505,0.012577620073501458,0.6120205228438798
6171,0.6214,4,6,4,674862,1582,123755,2501,0.012530097579520973,0.612539799167279
6172,0.6215,3,3,3,674865,1579,123758,2498,0.012506336332530732,0.6127054206524405
6173,0.6216,0,3,0,674868,1576,123758,2498,0.012482575085540489,0.6131566028473245
6174,0.6217,3,3,3,674871,1573,123761,2495,0.012458813838550247,0.6133235004916421
6175,0.6218,6,1,6,674872,1572,123767,2489,0.012450893422886833,0.6129032258064516
6176,0.6219,2,4,2,674876,1568,123769,2487,0.012419211760233176,0.6133168927250309
6177,0.622,3,3,3,674879,1565,123772,2484,0.012395450513242935,0.6134848110644604
6178,0.6221,2,0,2,674879,1565,123774,2482,0.012395450513242935,0.6132937978749691
6179,0.6222,5,3,5,674882,1562,123779,2477,0.012371689266252693,0.6132706115375093
6180,0.6223,4,4,4,674886,1558,123783,2473,0.012340007603599037,0.6134954105680972
6181,0.6224,1,2,1,674888,1556,123784,2472,0.012324166772272209,0.6137040714995035
6182,0.6225,3,1,3,674889,1555,123787,2469,0.012316246356608794,0.6135685884691849
6183,0.6226,2,2,2,674891,1553,123789,2467,0.012300405525281968,0.613681592039801
6184,0.6227,6,3,6,674894,1550,123795,2461,0.012276644278291724,0.6135627025679382
6185,0.6228,4,4,4,674898,1546,123799,2457,0.012244962615638068,0.6137896577566825
6186,0.6229,3,3,3,674901,1543,123802,2454,0.012221201368647827,0.6139604703527646
6187,0.623,1,6,1,674907,1537,123803,2453,0.012173678874667342,0.6147869674185463
6188,0.6231,2,4,2,674911,1533,123805,2451,0.012141997212013686,0.615210843373494
6189,0.6232,4,3,4,674914,1530,123809,2447,0.012118235965023445,0.6152879054563741
6190,0.6233,3,2,3,674916,1528,123812,2444,0.012102395133696616,0.6153071500503524
6191,0.6234,5,1,5,674917,1527,123817,2439,0.012094474718033203,0.6149773071104387
6192,0.6235,1,5,1,674922,1522,123818,2438,0.012054872639716132,0.6156565656565657
6193,0.6237,4,1,4,674923,1521,123822,2434,0.012046952224052719,0.6154235145385588
6194,0.6238,4,3,4,674926,1518,123826,2430,0.012023190977062476,0.6155015197568389
6195,0.6239,6,3,6,674929,1515,123832,2424,0.011999429730072234,0.6153846153846154
6196,0.624,4,4,4,674933,1511,123836,2420,0.011967748067418578,0.6156194352582041
6197,0.6241,4,3,4,674936,1508,123840,2416,0.011943986820428337,0.6156982670744139
6198,0.6242,3,3,3,674939,1505,123843,2413,0.011920225573438093,0.6158754466564573
6199,0.6243,4,0,4,674939,1505,123847,2409,0.011920225573438093,0.615482881962187
6200,0.6244,2,2,2,674941,1503,123849,2407,0.011904384742111265,0.6156010230179028
6201,0.6245,2,1,2,674942,1502,123851,2405,0.011896464326447852,0.6155618121320706
6202,0.6246,3,2,3,674944,1500,123854,2402,0.011880623495121024,0.6155817529472065
6203,0.6247,1,2,1,674946,1498,123855,2401,0.011864782663794196,0.6157989228007181
6204,0.6248,1,4,1,674950,1494,123856,2400,0.01183310100114054,0.6163328197226502
6205,0.6249,2,6,2,674956,1488,123858,2398,0.011785578507160055,0.6170869788986104
6206,0.625,8,2,8,674958,1486,123866,2390,0.011769737675833229,0.6166150670794633
6207,0.6251,5,3,5,674961,1483,123871,2385,0.011745976428842985,0.6165977249224406
6208,0.6252,0,1,0,674962,1482,123871,2385,0.011738056013179572,0.6167571761055082
6209,0.6253,1,1,1,674963,1481,123872,2384,0.011730135597516157,0.6168175937904269
6210,0.6254,3,5,3,674968,1476,123875,2381,0.011690533519199088,0.6173191599688878
6211,0.6255,4,3,4,674971,1473,123879,2377,0.011666772272208846,0.6174025974025974
6212,0.6256,3,2,3,674973,1471,123882,2374,0.011650931440882018,0.6174252275682705
6213,0.6257,4,3,4,674976,1468,123886,2370,0.011627170193891775,0.6175091193329859
6214,0.6258,2,3,2,674979,1465,123888,2368,0.011603408946901534,0.6177928515523089
6215,0.6259,3,3,3,674982,1462,123891,2365,0.01157964769991129,0.6179775280898876
6216,0.626,3,1,3,674983,1461,123894,2362,0.011571727284247877,0.6178393931467434
6217,0.6261,4,3,4,674986,1458,123898,2358,0.011547966037257636,0.6179245283018868
6218,0.6262,5,1,5,674987,1457,123903,2353,0.011540045621594221,0.6175853018372703
6219,0.6263,6,5,6,674992,1452,123909,2347,0.011500443543277152,0.617794156356936
6220,0.6264,8,3,8,674995,1449,123917,2339,0.011476682296286908,0.6174762407602957
6221,0.6265,2,3,2,674998,1446,123919,2337,0.011452921049296667,0.6177636796193497
6222,0.6266,3,1,3,674999,1445,123922,2334,0.011445000633633254,0.6176237099761842
6223,0.6267,2,1,2,675000,1444,123924,2332,0.011437080217969839,0.6175847457627118
6224,0.6268,2,1,2,675001,1443,123926,2330,0.011429159802306426,0.6175457195865359
6225,0.6269,1,3,1,675004,1440,123927,2329,0.011405398555316183,0.6179357919872646
6226,0.627,4,3,4,675007,1437,123931,2325,0.011381637308325941,0.6180223285486444
6227,0.6271,3,1,3,675008,1436,123934,2322,0.011373716892662526,0.6178818520489622
6228,0.6272,5,2,5,675010,1434,123939,2317,0.011357876061335698,0.6177019461476939
6229,0.6273,2,2,2,675012,1432,123941,2315,0.011342035230008872,0.617827595409661
6230,0.6274,2,6,2,675018,1426,123943,2313,0.011294512736028387,0.6186146028349826
6231,0.6275,6,3,6,675021,1423,123949,2307,0.011270751489038144,0.6184986595174262
6232,0.6276,3,3,3,675024,1420,123952,2304,0.011246990242047903,0.6186895810955961
6233,0.6277,3,2,3,675026,1418,123955,2301,0.011231149410721075,0.6187147082549073
6234,0.6278,4,3,4,675029,1415,123959,2297,0.011207388163730833,0.6188038793103449
6235,0.6279,5,3,5,675032,1412,123964,2292,0.01118362691674059,0.6187904967602592
6236,0.628,0,4,0,675036,1408,123964,2292,0.011151945254086934,0.6194594594594595
6237,0.6281,4,3,4,675039,1405,123968,2288,0.011128184007096692,0.619550500947739
6238,0.6282,4,4,4,675043,1401,123972,2284,0.011096502344443036,0.6198100407055631
6239,0.6283,5,4,5,675047,1397,123977,2279,0.01106482068178938,0.6199673558215452
6240,0.6284,4,2,4,675049,1395,123981,2275,0.011048979850462552,0.6198910081743869
6241,0.6285,2,1,2,675050,1394,123983,2273,0.011041059434799138,0.61985274065994
6242,0.6286,5,7,5,675057,1387,123988,2268,0.01098561652515524,0.6205198358413133
6243,0.6287,4,2,4,675059,1385,123992,2264,0.010969775693828412,0.6204439572485613
6244,0.6288,5,3,5,675062,1382,123997,2259,0.01094601444683817,0.6204339467179346
6245,0.6289,3,7,3,675069,1375,124000,2256,0.010890571537194272,0.6213164417515836
6246,0.629,3,3,3,675072,1372,124003,2253,0.01086681029020403,0.6215172413793103
6247,0.6291,2,2,2,675074,1370,124005,2251,0.010850969458877202,0.6216514774924055
6248,0.6292,3,1,3,675075,1369,124008,2248,0.010843049043213787,0.6215095382914018
6249,0.6293,2,3,2,675078,1366,124010,2246,0.010819287796223546,0.6218161683277962
6250,0.6294,6,2,6,675080,1364,124016,2240,0.010803446964896718,0.6215316315205327
6251,0.6295,5,1,5,675081,1363,124021,2235,0.010795526549233304,0.6211784324624792
6252,0.6296,5,4,5,675085,1359,124026,2230,0.010763844886579648,0.6213429924770131
6253,0.6297,3,4,3,675089,1355,124029,2227,0.010732163223925992,0.6217197096594081
6254,0.6298,4,1,4,675090,1354,124033,2223,0.010724242808262577,0.6214705060106235
6255,0.6299,5,1,5,675091,1353,124038,2218,0.010716322392599164,0.6211145337440492
6256,0.63,2,3,2,675094,1350,124040,2216,0.010692561145608922,0.6214245653393158
6257,0.6301,1,8,1,675102,1342,124041,2215,0.01062919782030161,0.6227157717177396
6258,0.6302,5,3,5,675105,1339,124046,2210,0.010605436573311368,0.6227106227106227
6259,0.6303,2,0,2,675105,1339,124048,2208,0.010605436573311368,0.6224978855370736
6260,0.6304,5,2,5,675107,1337,124053,2203,0.01058959574198454,0.6223163841807909
6261,0.6305,2,4,2,675111,1333,124055,2201,0.010557914079330884,0.6228070175438597
6262,0.6306,6,3,6,675114,1330,124061,2195,0.01053415283234064,0.6226950354609929
6263,0.6307,2,3,2,675117,1327,124063,2193,0.0105103915853504,0.6230113636363637
6264,0.6308,4,2,4,675119,1325,124067,2189,0.010494550754023571,0.6229368241320432
6265,0.6309,5,0,5,675119,1325,124072,2184,0.010494550754023571,0.622399544029638
6266,0.631,3,1,3,675120,1324,124075,2181,0.010486630338360158,0.6222539229671897
6267,0.6311,3,2,3,675122,1322,124078,2178,0.01047078950703333,0.6222857142857143
6268,0.6312,2,2,2,675124,1320,124080,2176,0.010454948675706502,0.6224256292906178
6269,0.6313,2,4,2,675128,1316,124082,2174,0.010423267013052845,0.6229226361031519
6270,0.6314,4,1,4,675129,1315,124086,2170,0.01041534659738943,0.6226685796269728
6271,0.6315,3,1,3,675130,1314,124089,2167,0.010407426181726017,0.6225222637173226
6272,0.6316,4,3,4,675133,1311,124093,2163,0.010383664934735776,0.6226252158894646
6273,0.6317,1,2,1,675135,1309,124094,2162,0.010367824103408948,0.6228752520887353
6274,0.6318,2,1,2,675136,1308,124096,2160,0.010359903687745533,0.6228373702422145
6275,0.6319,5,4,5,675140,1304,124101,2155,0.010328222025091876,0.6230124313385371
6276,0.632,0,3,0,675143,1301,124101,2155,0.010304460778101635,0.6235532407407407
6277,0.6321,1,4,1,675147,1297,124102,2154,0.010272779115447979,0.6241669081425674
6278,0.6322,3,2,3,675149,1295,124105,2151,0.01025693828412115,0.6242019733023796
6279,0.6323,1,1,1,675150,1294,124106,2150,0.010249017868457737,0.624274099883856
6280,0.6324,5,3,5,675153,1291,124111,2145,0.010225256621467494,0.6242724097788126
6281,0.6325,4,3,4,675156,1288,124115,2141,0.010201495374477253,0.6243802857976086
6282,0.6326,2,2,2,675158,1286,124117,2139,0.010185654543150425,0.6245255474452555
6283,0.6327,4,1,4,675159,1285,124121,2135,0.010177734127487011,0.6242690058479532
6284,0.6328,3,4,3,675163,1281,124124,2132,0.010146052464833355,0.6246703779665983
6285,0.6329,1,3,1,675166,1278,124125,2131,0.010122291217843112,0.6251100029334116
6286,0.633,3,2,3,675168,1276,124128,2128,0.010106450386516284,0.6251468860164512
6287,0.6331,5,2,5,675170,1274,124133,2123,0.010090609555189456,0.6249632028260229
6288,0.6332,5,3,5,675173,1271,124138,2118,0.010066848308199214,0.624963115963411
6289,0.6333,3,4,3,675177,1267,124141,2115,0.010035166645545558,0.6253696037847427
6290,0.6334,5,2,5,675179,1265,124146,2110,0.01001932581421873,0.6251851851851852
6291,0.6335,4,2,4,675181,1263,124150,2106,0.010003484982891902,0.6251113089937667
6292,0.6336,1,2,1,675183,1261,124151,2105,0.009987644151565073,0.6253713606654783
6293,0.6337,6,0,6,675183,1261,124157,2099,0.009987644151565073,0.624702380952381
6294,0.6338,1,0,1,675183,1261,124158,2098,0.009987644151565073,0.6245906519797558
6295,0.6339,1,1,1,675184,1260,124159,2097,0.00997972373590166,0.6246648793565683
6296,0.634,3,2,3,675186,1258,124162,2094,0.009963882904574832,0.6247016706443914
6297,0.6341,2,2,2,675188,1256,124164,2092,0.009948042073248004,0.6248506571087217
6298,0.6342,2,1,2,675189,1255,124166,2090,0.00994012165758459,0.624813153961136
6299,0.6343,2,3,2,675192,1252,124168,2088,0.009916360410594348,0.6251497005988024
6300,0.6344,3,3,3,675195,1249,124171,2085,0.009892599163604106,0.625374925014997
6301,0.6345,5,1,5,675196,1248,124176,2080,0.009884678747940691,0.625
6302,0.6346,1,1,1,675197,1247,124177,2079,0.009876758332277278,0.6250751653638004
6303,0.6347,3,2,3,675199,1245,124180,2076,0.00986091750095045,0.6251129177958447
6304,0.6348,4,1,4,675200,1244,124184,2072,0.009852997085287037,0.6248492159227985
6305,0.6349,4,1,4,675201,1243,124188,2068,0.009845076669623622,0.6245847176079734
6306,0.635,5,1,5,675202,1242,124193,2063,0.009837156253960208,0.6242057488653555
6307,0.6351,2,3,2,675205,1239,124195,2061,0.009813395006969965,0.6245454545454545
6308,0.6352,5,3,5,675208,1236,124200,2056,0.009789633759979724,0.6245443499392467
6309,0.6353,4,2,4,675210,1234,124204,2052,0.009773792928652896,0.6244674376141205
6310,0.6354,1,2,1,675212,1232,124205,2051,0.009757952097326068,0.6247334754797441
6311,0.6355,2,1,2,675213,1231,124207,2049,0.009750031681662654,0.6246951219512196
6312,0.6356,0,1,0,675214,1230,124207,2049,0.00974211126599924,0.6248856358645929
6313,0.6357,0,1,0,675215,1229,124207,2049,0.009734190850335826,0.6250762660158633
6314,0.6358,2,2,2,675217,1227,124209,2047,0.009718350019008998,0.6252290775809407
6315,0.6359,4,0,4,675217,1227,124213,2043,0.009718350019008998,0.6247706422018349
6316,0.636,1,0,1,675217,1227,124214,2042,0.009718350019008998,0.624655858060569
6317,0.6361,2,4,2,675221,1223,124216,2040,0.009686668356355342,0.6251915415262029
6318,0.6362,3,2,3,675223,1221,124219,2037,0.009670827525028514,0.6252302025782689
6319,0.6363,6,1,6,675224,1220,124225,2031,0.009662907109365099,0.6247308520455245
6320,0.6364,3,4,3,675228,1216,124228,2028,0.009631225446711444,0.625154130702836
6321,0.6365,5,0,5,675228,1216,124233,2023,0.009631225446711444,0.6245754862611917
6322,0.6366,4,2,4,675230,1214,124237,2019,0.009615384615384616,0.6244973708629755
6323,0.6367,1,2,1,675232,1212,124238,2018,0.009599543784057788,0.6247678018575852
6324,0.6368,6,1,6,675233,1211,124244,2012,0.009591623368394373,0.6242631089047471
6325,0.6369,3,2,3,675235,1209,124247,2009,0.009575782537067545,0.6243008079552517
6326,0.637,3,1,3,675236,1208,124250,2006,0.009567862121404131,0.6241443683883012
6327,0.6371,3,4,3,675240,1204,124253,2003,0.009536180458750475,0.6245712503897723
6328,0.6372,1,2,1,675242,1202,124254,2002,0.009520339627423647,0.6248439450686641
6329,0.6373,3,0,3,675242,1202,124257,1999,0.009520339627423647,0.6244923461418307
6330,0.6374,2,2,2,675244,1200,124259,1997,0.009504498796096819,0.6246481076008759
6331,0.6375,1,2,1,675246,1198,124260,1996,0.00948865796476999,0.6249217282404509
6332,0.6376,1,1,1,675247,1197,124261,1995,0.009480737549106577,0.625
6333,0.6377,2,1,2,675248,1196,124263,1993,0.009472817133443162,0.6249608027594857
6334,0.6378,4,3,4,675251,1193,124267,1989,0.009449055886452921,0.6250785669390321
6335,0.6379,7,1,7,675252,1192,124274,1982,0.009441135470789508,0.6244486452425961
6336,0.638,4,1,4,675253,1191,124278,1978,0.009433215055126093,0.6241716629851688
6337,0.6381,2,4,2,675257,1187,124280,1976,0.009401533392472437,0.6247233638950364
6338,0.6382,3,2,3,675259,1185,124283,1973,0.009385692561145608,0.6247625079164028
6339,0.6383,5,2,5,675261,1183,124288,1968,0.00936985172981878,0.6245636305934624
6340,0.6384,5,1,5,675262,1182,124293,1963,0.009361931314155367,0.6241653418124007
6341,0.6385,2,1,2,675263,1181,124295,1961,0.009354010898491952,0.624124761298536
6342,0.6386,1,4,1,675267,1177,124296,1960,0.009322329235838298,0.6248007650621613
6343,0.6387,2,1,2,675268,1176,124298,1958,0.009314408820174883,0.6247606892150607
6344,0.6388,0,2,0,675270,1174,124298,1958,0.009298567988848054,0.6251596424010217
6345,0.6389,6,4,6,675274,1170,124304,1952,0.009266886326194398,0.6252402306213966
6346,0.639,0,2,0,675276,1168,124304,1952,0.00925104549486757,0.6256410256410256
6347,0.6391,2,3,2,675279,1165,124306,1950,0.009227284247877329,0.6260032102728732
6348,0.6392,1,3,1,675282,1162,124307,1949,0.009203523000887087,0.6264866602378656
6349,0.6393,4,1,4,675283,1161,124311,1945,0.009195602585223672,0.6262073406310367
6350,0.6394,1,1,1,675284,1160,124312,1944,0.009187682169560259,0.6262886597938144
6351,0.6395,4,4,4,675288,1156,124316,1940,0.009156000506906603,0.6266149870801033
6352,0.6396,0,2,0,675290,1154,124316,1940,0.009140159675579775,0.6270200387847447
6353,0.6397,3,2,3,675292,1152,124319,1937,0.009124318844252946,0.6270637746843639
6354,0.6398,1,3,1,675295,1149,124320,1936,0.009100557597262705,0.6275526742301458
6355,0.6399,1,0,1,675295,1149,124321,1935,0.009100557597262705,0.627431906614786
6356,0.64,5,3,5,675298,1146,124326,1930,0.009076796350272462,0.6274382314694408
6357,0.6401,2,6,2,675304,1140,124328,1928,0.009029273856291977,0.6284224250325945
6358,0.6402,1,3,1,675307,1137,124329,1927,0.009005512609301736,0.6289164490861618
6359,0.6403,1,3,1,675310,1134,124330,1926,0.008981751362311495,0.6294117647058823
6360,0.6404,4,4,4,675314,1130,124334,1922,0.008950069699657838,0.6297509829619922
6361,0.6405,1,1,1,675315,1129,124335,1921,0.008942149283994423,0.6298360655737705
6362,0.6406,3,3,3,675318,1126,124338,1918,0.008918388037004182,0.6300919842312747
6363,0.6407,4,1,4,675319,1125,124342,1914,0.008910467621340769,0.629812438302073
6364,0.6408,1,3,1,675322,1122,124343,1913,0.008886706374350526,0.6303130148270181
6365,0.6409,4,3,4,675325,1119,124347,1909,0.008862945127360284,0.630449141347424
6366,0.641,1,0,1,675325,1119,124348,1908,0.008862945127360284,0.6303270564915758
6367,0.6411,1,2,1,675327,1117,124349,1907,0.008847104296033456,0.6306216931216931
6368,0.6412,4,0,4,675327,1117,124353,1903,0.008847104296033456,0.6301324503311259
6369,0.6413,1,4,1,675331,1113,124354,1902,0.0088154226333798,0.6308457711442786
6370,0.6414,3,3,3,675334,1110,124357,1899,0.008791661386389558,0.6311066799601196
6371,0.6415,2,0,2,675334,1110,124359,1897,0.008791661386389558,0.6308613235783173
6372,0.6416,7,3,7,675337,1107,124366,1890,0.008767900139399315,0.6306306306306306
6373,0.6417,5,3,5,675340,1104,124371,1885,0.008744138892409074,0.6306457009033122
6374,0.6418,2,4,2,675344,1100,124373,1883,0.008712457229755418,0.6312437143814952
6375,0.6419,3,1,3,675345,1099,124376,1880,0.008704536814092003,0.6310842564618999
6376,0.642,2,0,2,675345,1099,124378,1878,0.008704536814092003,0.6308364124958011
6377,0.6421,1,0,1,675345,1099,124379,1877,0.008704536814092003,0.6307123655913979
6378,0.6422,1,1,1,675346,1098,124380,1876,0.00869661639842859,0.6308002689979825
6379,0.6423,2,4,2,675350,1094,124382,1874,0.008664934735774933,0.6314016172506739
6380,0.6424,3,3,3,675353,1091,124385,1871,0.008641173488784692,0.6316677920324105
6381,0.6425,3,5,3,675358,1086,124388,1868,0.00860157141046762,0.6323628977657414
6382,0.6426,1,2,1,675360,1084,124389,1867,0.008585730579140794,0.6326668925787868
6383,0.6427,2,3,2,675363,1081,124391,1865,0.008561969332150551,0.63306177868296
6384,0.6428,2,0,2,675363,1081,124393,1863,0.008561969332150551,0.6328125
6385,0.6429,4,6,4,675369,1075,124397,1859,0.008514446838170067,0.6336059986366734
6386,0.643,2,2,2,675371,1073,124399,1857,0.008498606006843238,0.6337883959044368
6387,0.6431,2,1,2,675372,1072,124401,1855,0.008490685591179825,0.6337546976426375
6388,0.6432,0,3,0,675375,1069,124401,1855,0.008466924344189584,0.634404924760602
6389,0.6433,3,2,3,675377,1067,124404,1852,0.008451083512862756,0.6344638574854402
6390,0.6434,2,3,2,675380,1064,124406,1850,0.008427322265872512,0.634866163349348
6391,0.6435,4,1,4,675381,1063,124410,1846,0.0084194018502091,0.6345823306978343
6392,0.6436,1,2,1,675383,1061,124411,1845,0.008403561018882271,0.6348933241569167
6393,0.6437,2,3,2,675386,1058,124413,1843,0.00837979977189203,0.635298173043778
6394,0.6438,3,2,3,675388,1056,124416,1840,0.008363958940565202,0.6353591160220995
6395,0.6439,1,2,1,675390,1054,124417,1839,0.008348118109238373,0.6356723124783962
6396,0.644,3,2,3,675392,1052,124420,1836,0.008332277277911545,0.6357340720221607
6397,0.6441,2,2,2,675394,1050,124422,1834,0.008316436446584717,0.6359223300970874
6398,0.6442,2,1,2,675395,1049,124424,1832,0.008308516030921302,0.6358903158625477
6399,0.6443,2,3,2,675398,1046,124426,1830,0.00828475478393106,0.6363004172461753
6400,0.6444,1,2,1,675400,1044,124427,1829,0.008268913952604233,0.6366167768882701
6401,0.6445,1,1,1,675401,1043,124428,1828,0.00826099353694082,0.6367119470567747
6402,0.6446,1,2,1,675403,1041,124429,1827,0.008245152705613991,0.6370292887029289
6403,0.6447,1,4,1,675407,1037,124430,1826,0.008213471042960335,0.6377925253230877
6404,0.6448,2,1,2,675408,1036,124432,1824,0.00820555062729692,0.6377622377622377
6405,0.6449,3,2,3,675410,1034,124435,1821,0.008189709795970092,0.6378283712784588
6406,0.645,5,1,5,675411,1033,124440,1816,0.008181789380306679,0.6374166374166375
6407,0.6451,2,3,2,675414,1030,124442,1814,0.008158028133316437,0.6378340365682138
6408,0.6452,6,3,6,675417,1027,124448,1808,0.008134266886326194,0.6377425044091711
6409,0.6453,3,1,3,675418,1026,124451,1805,0.008126346470662781,0.6375838926174496
6410,0.6454,1,2,1,675420,1024,124452,1804,0.008110505639335953,0.637906647807638
6411,0.6455,1,0,1,675420,1024,124453,1803,0.008110505639335953,0.6377785638486028
6412,0.6456,2,3,2,675423,1021,124455,1801,0.00808674439234571,0.6381998582565557
6413,0.6457,3,2,3,675425,1019,124458,1798,0.008070903561018881,0.6382676606318779
6414,0.6458,3,3,3,675428,1016,124461,1795,0.00804714231402864,0.6385627890430452
6415,0.6459,2,2,2,675430,1014,124463,1793,0.008031301482701812,0.6387602422515141
6416,0.646,2,0,2,675430,1014,124465,1791,0.008031301482701812,0.6385026737967915
6417,0.6461,5,0,5,675430,1014,124470,1786,0.008031301482701812,0.6378571428571429
6418,0.6462,2,0,2,675430,1014,124472,1784,0.008031301482701812,0.6375982844889206
6419,0.6463,6,3,6,675433,1011,124478,1778,0.00800754023571157,0.6375044818931517
6420,0.6464,2,2,2,675435,1009,124480,1776,0.007991699404384742,0.6377019748653501
6421,0.6465,3,2,3,675437,1007,124483,1773,0.007975858573057914,0.6377697841726618
6422,0.6466,4,1,4,675438,1006,124487,1769,0.0079679381573945,0.6374774774774775
6423,0.6467,3,2,3,675440,1004,124490,1766,0.007952097326067673,0.6375451263537906
6424,0.6468,3,2,3,675442,1002,124493,1763,0.007936256494740845,0.6376130198915009
6425,0.6469,1,1,1,675443,1001,124494,1762,0.00792833607907743,0.6377126311979732
6426,0.647,2,1,2,675444,1000,124496,1760,0.007920415663414017,0.6376811594202898
6427,0.6471,1,3,1,675447,997,124497,1759,0.007896654416423773,0.638243831640058
6428,0.6472,1,0,1,675447,997,124498,1758,0.007896654416423773,0.6381125226860254
6429,0.6473,1,3,1,675450,994,124499,1757,0.007872893169433532,0.638676844783715
6430,0.6474,5,2,5,675452,992,124504,1752,0.007857052338106704,0.6384839650145773
6431,0.6475,1,1,1,675453,991,124505,1751,0.00784913192244329,0.6385849744711889
6432,0.6476,5,0,5,675453,991,124510,1746,0.00784913192244329,0.6379247351114359
6433,0.6477,3,2,3,675455,989,124513,1743,0.007833291091116463,0.6379941434846267
6434,0.6478,2,0,2,675455,989,124515,1741,0.007833291091116463,0.6377289377289377
6435,0.6479,4,1,4,675456,988,124519,1737,0.007825370675453048,0.6374311926605505
6436,0.648,5,3,5,675459,985,124524,1732,0.007801609428462805,0.6374677953625322
6437,0.6481,4,0,4,675459,985,124528,1728,0.007801609428462805,0.6369332841872466
6438,0.6482,3,3,3,675462,982,124531,1725,0.007777848181472564,0.6372367934983376
6439,0.6483,0,1,0,675463,981,124531,1725,0.00776992776580915,0.6374722838137472
6440,0.6484,4,1,4,675464,980,124535,1721,0.007762007350145736,0.6371714179933358
6441,0.6485,1,3,1,675467,977,124536,1720,0.0077382461031554935,0.6377456433073786
6442,0.6486,5,1,5,675468,976,124541,1715,0.0077303256874920795,0.6373095503530286
6443,0.6487,5,1,5,675469,975,124546,1710,0.007722405271828665,0.6368715083798883
6444,0.6488,5,1,5,675470,974,124551,1705,0.007714484856165251,0.6364315042926465
6445,0.6489,3,2,3,675472,972,124554,1702,0.007698644024838423,0.6364996260284218
6446,0.649,3,0,3,675472,972,124557,1699,0.007698644024838423,0.6360913515537252
6447,0.6491,2,1,2,675473,971,124559,1697,0.00769072360917501,0.6360569715142429
6448,0.6492,1,5,1,675478,966,124560,1696,0.0076511215308579395,0.637114951164538
6449,0.6493,5,2,5,675480,964,124565,1691,0.007635280699531111,0.6369114877589453
6450,0.6494,2,3,2,675483,961,124567,1689,0.007611519452540869,0.6373584905660378
6451,0.6495,1,1,1,675484,960,124568,1688,0.007603599036877455,0.6374622356495468
6452,0.6496,1,0,1,675484,960,124569,1687,0.007603599036877455,0.6373252738949754
6453,0.6497,1,1,1,675485,959,124570,1686,0.007595678621214041,0.637429111531191
6454,0.6498,4,0,4,675485,959,124574,1682,0.007595678621214041,0.6368799697084437
6455,0.6499,2,3,2,675488,956,124576,1680,0.0075719173742238,0.637329286798179
6456,0.65,4,2,4,675490,954,124580,1676,0.007556076542896971,0.6372623574144487
6457,0.6501,1,3,1,675493,951,124581,1675,0.007532315295906729,0.6378522467631379
6458,0.6502,5,2,5,675495,949,124586,1670,0.007516474464579901,0.6376479572355861
6459,0.6503,4,1,4,675496,948,124590,1666,0.007508554048916487,0.6373374139250191
6460,0.6504,4,3,4,675499,945,124594,1662,0.007484792801926245,0.6375143843498274
6461,0.6505,2,0,2,675499,945,124596,1660,0.007484792801926245,0.6372360844529751
6462,0.6506,1,1,1,675500,944,124597,1659,0.0074768723862628315,0.6373415290049942
6463,0.6507,1,0,1,675500,944,124598,1658,0.0074768723862628315,0.6372021521906226
6464,0.6508,1,2,1,675502,942,124599,1657,0.007461031554936003,0.6375529049634475
6465,0.6509,2,1,2,675503,941,124601,1655,0.007453111139272589,0.6375192604006163
6466,0.651,4,2,4,675505,939,124605,1651,0.007437270307945761,0.6374517374517374
6467,0.6511,1,2,1,675507,937,124606,1650,0.007421429476618933,0.6378044066486278
6468,0.6512,4,6,4,675513,931,124610,1646,0.007373906982638449,0.6387272021730694
6469,0.6513,3,4,3,675517,927,124613,1643,0.007342225319984793,0.6392996108949416
6470,0.6514,3,1,3,675518,926,124616,1640,0.007334304904321379,0.6391270459859704
6471,0.6515,4,2,4,675520,924,124620,1636,0.007318464072994551,0.6390625
6472,0.6516,3,1,3,675521,923,124623,1633,0.007310543657331137,0.6388888888888888
6473,0.6517,3,0,3,675521,923,124626,1630,0.007310543657331137,0.6384645515080297
6474,0.6518,4,4,4,675525,919,124630,1626,0.00727886199467748,0.6388998035363458
6475,0.6519,3,3,3,675528,916,124633,1623,0.007255100747687239,0.6392280425364316
6476,0.652,2,2,2,675530,914,124635,1621,0.007239259916360411,0.639447731755424
6477,0.6521,2,1,2,675531,913,124637,1619,0.007231339500696997,0.6394154818325435
6478,0.6522,1,1,1,675532,912,124638,1618,0.007223419085033583,0.6395256916996047
6479,0.6523,1,2,1,675534,910,124639,1617,0.0072075782537067545,0.6398891966759003
6480,0.6524,5,1,5,675535,909,124644,1612,0.00719965783804334,0.6394287980959936
6481,0.6525,4,0,4,675535,909,124648,1608,0.00719965783804334,0.6388557806912991
6482,0.6526,1,3,1,675538,906,124649,1607,0.007175896591053098,0.6394747313967369
6483,0.6527,4,2,4,675540,904,124653,1603,0.007160055759726271,0.6394096529716793
6484,0.6528,6,2,6,675542,902,124659,1597,0.007144214928399443,0.6390556222488996
6485,0.6529,2,3,2,675545,899,124661,1595,0.0071204536814092004,0.6395348837209303
6486,0.653,1,1,1,675546,898,124662,1594,0.007112533265745786,0.6396468699839486
6487,0.6531,3,0,3,675546,898,124665,1591,0.007112533265745786,0.6392125351546806
6488,0.6532,2,4,2,675550,894,124667,1589,0.00708085160309213,0.639951671365284
6489,0.6533,2,2,2,675552,892,124669,1587,0.007065010771765302,0.6401774909237595
6490,0.6534,6,0,6,675552,892,124675,1581,0.007065010771765302,0.6393044884755358
6491,0.6535,1,0,1,675552,892,124676,1580,0.007065010771765302,0.63915857605178
6492,0.6536,0,4,0,675556,888,124676,1580,0.007033329109111646,0.640194489465154
6493,0.6537,3,1,3,675557,887,124679,1577,0.007025408693448232,0.6400162337662337
6494,0.6538,0,2,0,675559,885,124679,1577,0.007009567862121404,0.640536149471974
6495,0.6539,2,1,2,675560,884,124681,1575,0.00700164744645799,0.6405042700284669
6496,0.654,2,2,2,675562,882,124683,1573,0.006985806615131162,0.6407331975560081
6497,0.6541,2,1,2,675563,881,124685,1571,0.006977886199467748,0.6407014681892332
6498,0.6542,0,3,0,675566,878,124685,1571,0.006954124952477506,0.6414863209473254
6499,0.6543,5,0,5,675566,878,124690,1566,0.006954124952477506,0.6407528641571195
6500,0.6544,4,3,4,675569,875,124694,1562,0.006930363705487264,0.640951990151826
6501,0.6545,2,0,2,675569,875,124696,1560,0.006930363705487264,0.6406570841889117
6502,0.6546,2,1,2,675570,874,124698,1558,0.00692244328982385,0.640625
6503,0.6547,2,4,2,675574,870,124700,1556,0.006890761627170194,0.6413849958779885
6504,0.6548,1,0,1,675574,870,124701,1555,0.006890761627170194,0.6412371134020619
6505,0.6549,2,2,2,675576,868,124703,1553,0.006874920795843366,0.6414704667492772
6506,0.655,0,3,0,675579,865,124703,1553,0.0068511595488531234,0.6422663358147229
6507,0.6551,4,2,4,675581,863,124707,1549,0.006835318717526296,0.6422056384742952
6508,0.6552,6,0,6,675581,863,124713,1543,0.006835318717526296,0.6413133832086451
6509,0.6553,2,0,2,675581,863,124715,1541,0.006835318717526296,0.6410149750415973
6510,0.6554,1,2,1,675583,861,124716,1540,0.006819477886199468,0.641399416909621
6511,0.6555,2,0,2,675583,861,124718,1538,0.006819477886199468,0.6411004585243851
6512,0.6556,1,1,1,675584,860,124719,1537,0.006811557470536054,0.6412181894034209
6513,0.6557,2,3,2,675587,857,124721,1535,0.006787796223545812,0.6417224080267558
6514,0.6558,2,4,2,675591,853,124723,1533,0.006756114560892155,0.6424979044425817
6515,0.6559,2,0,2,675591,853,124725,1531,0.006756114560892155,0.6421979865771812
6516,0.656,5,3,5,675594,850,124730,1526,0.006732353313901914,0.6422558922558923
6517,0.6561,4,0,4,675594,850,124734,1522,0.006732353313901914,0.6416526138279932
6518,0.6562,2,3,2,675597,847,124736,1520,0.006708592066911672,0.6421630756231517
6519,0.6563,1,0,1,675597,847,124737,1519,0.006708592066911672,0.6420118343195266
6520,0.6564,1,3,1,675600,844,124738,1518,0.0066848308199214295,0.642675698560542
6521,0.6565,1,0,1,675600,844,124739,1517,0.0066848308199214295,0.6425243540872512
6522,0.6566,4,3,4,675603,841,124743,1513,0.006661069572931187,0.6427357689039932
6523,0.6567,6,1,6,675604,840,124749,1507,0.006653149157267773,0.6420962931401789
6524,0.6568,1,2,1,675606,838,124750,1506,0.006637308325940945,0.6424914675767918
6525,0.6569,1,1,1,675607,837,124751,1505,0.006629387910277532,0.6426131511528608
6526,0.657,6,1,6,675608,836,124757,1499,0.006621467494614118,0.6419700214132762
6527,0.6571,2,1,2,675609,835,124759,1497,0.006613547078950704,0.6419382504288165
6528,0.6572,4,1,4,675610,834,124763,1493,0.0066056266632872895,0.6415986248388483
6529,0.6574,1,1,1,675611,833,124764,1492,0.0065977062476238755,0.6417204301075269
6530,0.6575,0,2,0,675613,831,124764,1492,0.006581865416297047,0.6422729229444684
6531,0.6576,2,3,2,675616,828,124766,1490,0.006558104169306805,0.642795513373598
6532,0.6578,3,0,3,675616,828,124769,1487,0.006558104169306805,0.6423326133909287
6533,0.6579,3,0,3,675616,828,124772,1484,0.006558104169306805,0.6418685121107266
6534,0.658,4,3,4,675619,825,124776,1480,0.006534342922316563,0.6420824295010846
6535,0.6581,2,4,2,675623,821,124778,1478,0.006502661259662907,0.6428882122662027
6536,0.6582,3,2,3,675625,819,124781,1475,0.006486820428336079,0.6429816913687881
6537,0.6583,3,1,3,675626,818,124784,1472,0.006478900012672665,0.6427947598253275
6538,0.6584,2,2,2,675628,816,124786,1470,0.006463059181345837,0.6430446194225722
6539,0.6585,4,0,4,675628,816,124790,1466,0.006463059181345837,0.642418930762489
6540,0.6586,2,3,2,675631,813,124792,1464,0.006439297934355595,0.6429512516469038
6541,0.6587,2,2,2,675633,811,124794,1462,0.0064234571030287665,0.6432028156621206
6542,0.6588,1,0,1,675633,811,124795,1461,0.0064234571030287665,0.6430457746478874
6543,0.6589,2,1,2,675634,810,124797,1459,0.006415536687365353,0.6430145438519171
6544,0.659,4,0,4,675634,810,124801,1455,0.006415536687365353,0.6423841059602649
6545,0.6591,1,2,1,675636,808,124802,1454,0.006399695856038525,0.6427939876215738
6546,0.6592,2,0,2,675636,808,124804,1452,0.006399695856038525,0.6424778761061947
6547,0.6593,1,3,1,675639,805,124805,1451,0.006375934609048283,0.6431737588652482
6548,0.6594,3,1,3,675640,804,124808,1448,0.006368014193384869,0.6429840142095915
6549,0.6595,1,1,1,675641,803,124809,1447,0.006360093777721455,0.6431111111111111
6550,0.6596,0,1,0,675642,802,124809,1447,0.006352173362058041,0.6433970653623833
6551,0.6597,5,0,5,675642,802,124814,1442,0.006352173362058041,0.642602495543672
6552,0.6598,8,1,8,675643,801,124822,1434,0.006344252946394627,0.6416107382550336
6553,0.6599,1,1,1,675644,800,124823,1433,0.0063363325307312125,0.6417375727720556
6554,0.66,1,0,1,675644,800,124824,1432,0.0063363325307312125,0.6415770609318996
6555,0.6601,6,1,6,675645,799,124830,1426,0.0063284121150677984,0.6408988764044944
6556,0.6602,3,2,3,675647,797,124833,1423,0.006312571283740971,0.640990990990991
6557,0.6603,6,0,6,675647,797,124839,1417,0.006312571283740971,0.6400180668473351
6558,0.6604,0,1,0,675648,796,124839,1417,0.006304650868077557,0.640307275192047
6559,0.6605,1,1,1,675649,795,124840,1416,0.006296730452414143,0.6404341926729986
6560,0.6606,0,1,0,675650,794,124840,1416,0.006288810036750729,0.6407239819004525
6561,0.6607,4,2,4,675652,792,124844,1412,0.006272969205423901,0.6406533575317604
6562,0.6608,2,0,2,675652,792,124846,1410,0.006272969205423901,0.6403269754768393
6563,0.6609,1,1,1,675653,791,124847,1409,0.006265048789760487,0.6404545454545455
6564,0.661,0,1,0,675654,790,124847,1409,0.006257128374097073,0.6407457935425194
6565,0.6611,6,1,6,675655,789,124853,1403,0.0062492079584336585,0.6400547445255474
6566,0.6612,0,1,0,675656,788,124853,1403,0.006241287542770244,0.6403468735737107
6567,0.6613,1,3,1,675659,785,124854,1402,0.006217526295780002,0.6410608139003201
6568,0.6614,0,1,0,675660,784,124854,1402,0.006209605880116588,0.6413540713632205
6569,0.6615,4,1,4,675661,783,124858,1398,0.006201685464453175,0.640990371389271
6570,0.6616,1,1,1,675662,782,124859,1397,0.006193765048789761,0.6411197797154659
6571,0.6617,2,2,2,675664,780,124861,1395,0.006177924217462933,0.6413793103448275
6572,0.6618,2,2,2,675666,778,124863,1393,0.0061620833861361045,0.6416397973284201
6573,0.6619,2,1,2,675667,777,124865,1391,0.00615416297047269,0.6416051660516605
6574,0.662,2,1,2,675668,776,124867,1389,0.006146242554809276,0.6415704387990762
6575,0.6622,2,2,2,675670,774,124869,1387,0.006130401723482448,0.6418324849606664
6576,0.6623,4,2,4,675672,772,124873,1383,0.00611456089215562,0.6417633410672854
6577,0.6624,5,0,5,675672,772,124878,1378,0.00611456089215562,0.6409302325581395
6578,0.6625,1,1,1,675673,771,124879,1377,0.006106640476492206,0.6410614525139665
6579,0.6626,4,4,4,675677,767,124883,1373,0.0060749588138385505,0.641588785046729
6580,0.6627,1,3,1,675680,764,124884,1372,0.006051197566848308,0.6423220973782772
6581,0.6628,1,3,1,675683,761,124885,1371,0.006027436319858066,0.6430581613508443
6582,0.6629,3,4,3,675687,757,124888,1368,0.00599575465720441,0.6437647058823529
6583,0.663,3,3,3,675690,754,124891,1365,0.005971993410214168,0.6441717791411042
6584,0.6631,2,1,2,675691,753,124893,1363,0.005964072994550754,0.6441398865784499
6585,0.6632,2,0,2,675691,753,124895,1361,0.005964072994550754,0.6438032166508988
6586,0.6633,2,1,2,675692,752,124897,1359,0.00595615257888734,0.6437707247749882
6587,0.6634,1,2,1,675694,750,124898,1358,0.005940311747560512,0.644212523719165
6588,0.6635,0,1,0,675695,749,124898,1358,0.005932391331897098,0.6445182724252492
6589,0.6636,2,1,2,675696,748,124900,1356,0.005924470916233684,0.6444866920152091
6590,0.6637,3,0,3,675696,748,124903,1353,0.005924470916233684,0.643979057591623
6591,0.6638,0,3,0,675699,745,124903,1353,0.0059007096692434416,0.6448999046711154
6592,0.6639,1,1,1,675700,744,124904,1352,0.0058927892535800275,0.6450381679389313
6593,0.664,4,3,4,675703,741,124908,1348,0.005869028006589786,0.6452848252752513
6594,0.6641,5,0,5,675703,741,124913,1343,0.005869028006589786,0.6444337811900192
6595,0.6642,3,0,3,675703,741,124916,1340,0.005869028006589786,0.6439211917347429
6596,0.6643,2,0,2,675703,741,124918,1338,0.005869028006589786,0.6435786435786436
6597,0.6644,1,0,1,675703,741,124919,1337,0.005869028006589786,0.6434071222329163
6598,0.6645,0,1,0,675704,740,124919,1337,0.005861107590926372,0.6437168993740973
6599,0.6646,3,1,3,675705,739,124922,1334,0.005853187175262958,0.643511818620357
6600,0.6647,4,2,4,675707,737,124926,1330,0.00583734634393613,0.6434446057087566
6601,0.6648,1,0,1,675707,737,124927,1329,0.00583734634393613,0.643272023233301
6602,0.6649,3,1,3,675708,736,124930,1326,0.005829425928272716,0.6430649854510184
6603,0.665,1,1,1,675709,735,124931,1325,0.005821505512609302,0.6432038834951457
6604,0.6651,5,2,5,675711,733,124936,1320,0.0058056646812824735,0.6429615197272285
6605,0.6652,0,1,0,675712,732,124936,1320,0.005797744265619059,0.6432748538011696
6606,0.6653,3,2,3,675714,730,124939,1317,0.005781903434292232,0.6433805569125549
6607,0.6654,5,2,5,675716,728,124944,1312,0.005766062602965404,0.6431372549019608
6608,0.6655,0,2,0,675718,726,124944,1312,0.005750221771638576,0.6437684003925417
6609,0.6656,1,0,1,675718,726,124945,1311,0.005750221771638576,0.6435935198821797
6610,0.6657,1,2,1,675720,724,124946,1310,0.005734380940311748,0.6440511307767945
6611,0.6658,2,2,2,675722,722,124948,1308,0.0057185401089849194,0.6443349753694582
6612,0.6659,2,1,2,675723,721,124950,1306,0.005710619693321505,0.6443019240256537
6613,0.666,1,1,1,675724,720,124951,1305,0.005702699277658091,0.6444444444444445
6614,0.6661,3,0,3,675724,720,124954,1302,0.005702699277658091,0.6439169139465876
6615,0.6662,2,0,2,675724,720,124956,1300,0.005702699277658091,0.6435643564356436
6616,0.6663,0,4,0,675728,716,124956,1300,0.005671017615004436,0.6448412698412699
6617,0.6664,1,0,1,675728,716,124957,1299,0.005671017615004436,0.6446650124069478
6618,0.6665,4,0,4,675728,716,124961,1295,0.005671017615004436,0.6439582297364496
6619,0.6666,1,0,1,675728,716,124962,1294,0.005671017615004436,0.6437810945273632
6620,0.6667,4,0,4,675728,716,124966,1290,0.005671017615004436,0.6430707876370887
6621,0.6668,3,1,3,675729,715,124969,1287,0.005663097199341022,0.6428571428571429
6622,0.6669,4,1,4,675730,714,124973,1283,0.005655176783677608,0.642463695543315
6623,0.667,1,1,1,675731,713,124974,1282,0.005647256368014194,0.6426065162907268
6624,0.6671,4,2,4,675733,711,124978,1278,0.005631415536687365,0.6425339366515838
6625,0.6672,1,0,1,675733,711,124979,1277,0.005631415536687365,0.642354124748491
6626,0.6673,1,1,1,675734,710,124980,1276,0.005623495121023951,0.6424974823766365
6627,0.6674,4,1,4,675735,709,124984,1272,0.005615574705360537,0.6420999495204442
6628,0.6676,1,1,1,675736,708,124985,1271,0.005607654289697123,0.6422435573521981
6629,0.6677,5,2,5,675738,706,124990,1266,0.005591813458370295,0.6419878296146044
6630,0.6678,3,0,3,675738,706,124993,1263,0.005591813458370295,0.6414423565261554
6631,0.6679,3,2,3,675740,704,124996,1260,0.005575972627043467,0.6415478615071283
6632,0.668,1,1,1,675741,703,124997,1259,0.005568052211380054,0.6416921508664628
6633,0.6681,3,2,3,675743,701,125000,1256,0.0055522113800532255,0.6417986714358712
6634,0.6682,1,0,1,675743,701,125001,1255,0.0055522113800532255,0.6416155419222904
6635,0.6683,2,0,2,675743,701,125003,1253,0.0055522113800532255,0.6412487205731832
6636,0.6684,2,3,2,675746,698,125005,1251,0.005528450133062983,0.6418676244227809
6637,0.6685,1,2,1,675748,696,125006,1250,0.005512609301736155,0.6423432682425488
6638,0.6686,1,0,1,675748,696,125007,1249,0.005512609301736155,0.642159383033419
6639,0.6687,1,0,1,675748,696,125008,1248,0.005512609301736155,0.6419753086419753
6640,0.6688,3,1,3,675749,695,125011,1245,0.005504688886072741,0.6417525773195877
6641,0.6689,2,1,2,675750,694,125013,1243,0.005496768470409327,0.6417139907072793
6642,0.669,4,1,4,675751,693,125017,1239,0.005488848054745913,0.6413043478260869
6643,0.6691,1,2,1,675753,691,125018,1238,0.005473007223419085,0.6417833074131675
6644,0.6692,2,1,2,675754,690,125020,1236,0.005465086807755671,0.6417445482866043
6645,0.6693,4,1,4,675755,689,125024,1232,0.005457166392092257,0.6413326392503904
6646,0.6694,5,0,5,675755,689,125029,1227,0.005457166392092257,0.6403966597077244
6647,0.6695,1,0,1,675755,689,125030,1226,0.005457166392092257,0.6402088772845953
6648,0.6696,6,0,6,675755,689,125036,1220,0.005457166392092257,0.6390780513357779
6649,0.6697,2,2,2,675757,687,125038,1218,0.005441325560765429,0.6393700787401575
6650,0.6699,4,0,4,675757,687,125042,1214,0.005441325560765429,0.6386112572330352
6651,0.67,3,1,3,675758,686,125045,1211,0.005433405145102015,0.6383763837638377
6652,0.6701,2,3,2,675761,683,125047,1209,0.005409643898111773,0.6390063424947146
6653,0.6702,2,0,2,675761,683,125049,1207,0.005409643898111773,0.6386243386243386
6654,0.6703,3,0,3,675761,683,125052,1204,0.005409643898111773,0.6380498145204028
6655,0.6704,1,1,1,675762,682,125053,1203,0.005401723482448359,0.6381962864721485
6656,0.6705,0,1,0,675763,681,125053,1203,0.005393803066784945,0.6385350318471338
6657,0.6706,3,1,3,675764,680,125056,1200,0.005385882651121531,0.6382978723404256
6658,0.6707,1,2,1,675766,678,125057,1199,0.0053700418197947025,0.6387852956846031
6659,0.6708,4,2,4,675768,676,125061,1195,0.005354200988467875,0.6386958845537146
6660,0.6709,2,1,2,675769,675,125063,1193,0.005346280572804461,0.6386509635974305
6661,0.671,3,0,3,675769,675,125066,1190,0.005346280572804461,0.6380697050938338
6662,0.6711,1,5,1,675774,670,125067,1189,0.005306678494487391,0.6395911780527165
6663,0.6712,0,2,0,675776,668,125067,1189,0.0052908376631605625,0.6402800215401184
6664,0.6713,2,1,2,675777,667,125069,1187,0.0052829172474971485,0.6402373247033442
6665,0.6714,2,0,2,675777,667,125071,1185,0.0052829172474971485,0.6398488120950324
6666,0.6715,3,2,3,675779,665,125074,1182,0.00526707641617032,0.639956686518679
6667,0.6716,3,4,3,675783,661,125077,1179,0.005235394753516665,0.6407608695652174
6668,0.6717,3,1,3,675784,660,125080,1176,0.005227474337853251,0.6405228758169934
6669,0.6718,1,1,1,675785,659,125081,1175,0.005219553922189837,0.6406761177753544
6670,0.6719,1,0,1,675785,659,125082,1174,0.005219553922189837,0.640480087288598
6671,0.672,2,0,2,675785,659,125084,1172,0.005219553922189837,0.6400873839432004
6672,0.6721,1,3,1,675788,656,125085,1171,0.0051957926751995944,0.6409414340448824
6673,0.6722,1,1,1,675789,655,125086,1170,0.00518787225953618,0.6410958904109589
6674,0.6723,2,1,2,675790,654,125088,1168,0.005179951843872766,0.6410537870472008
6675,0.6724,0,2,0,675792,652,125088,1168,0.005164111012545938,0.6417582417582418
6676,0.6725,1,0,1,675792,652,125089,1167,0.005164111012545938,0.6415612974161627
6677,0.6728,1,2,1,675794,650,125090,1166,0.00514827018121911,0.6420704845814978
6678,0.6729,1,1,1,675795,649,125091,1165,0.005140349765555697,0.6422271223814774
6679,0.673,1,3,1,675798,646,125092,1164,0.0051165885185654545,0.6430939226519337
6680,0.6731,3,4,3,675802,642,125095,1161,0.005084906855911798,0.6439267886855241
6681,0.6732,3,2,3,675804,640,125098,1158,0.00506906602458497,0.6440489432703004
6682,0.6733,1,1,1,675805,639,125099,1157,0.005061145608921556,0.6442093541202673
6683,0.6734,2,3,2,675808,636,125101,1155,0.0050373843619313146,0.644891122278057
6684,0.6735,1,1,1,675809,635,125102,1154,0.0050294639462679005,0.6450531022917831
6685,0.6737,2,0,2,675809,635,125104,1152,0.0050294639462679005,0.6446558477895915
6686,0.6738,2,1,2,675810,634,125106,1150,0.005021543530604486,0.6446188340807175
6687,0.6739,2,1,2,675811,633,125108,1148,0.005013623114941072,0.6445816956765862
6688,0.674,2,0,2,675811,633,125110,1146,0.005013623114941072,0.6441821247892074
6689,0.6741,2,0,2,675811,633,125112,1144,0.005013623114941072,0.6437816544738323
6690,0.6742,1,1,1,675812,632,125113,1143,0.005005702699277658,0.643943661971831
6691,0.6744,2,4,2,675816,628,125115,1141,0.004974021036624002,0.6449971735443754
6692,0.6745,1,1,1,675817,627,125116,1140,0.004966100620960588,0.6451612903225806
6693,0.6746,0,1,0,675818,626,125116,1140,0.004958180205297174,0.6455266138165345
6694,0.6748,3,2,3,675820,624,125119,1137,0.004942339373970346,0.645655877342419
6695,0.6749,1,4,1,675824,620,125120,1136,0.00491065771131669,0.6469248291571754
6696,0.675,3,2,3,675826,618,125123,1133,0.004894816879989862,0.6470588235294118
6697,0.6751,1,2,1,675828,616,125124,1132,0.004878976048663034,0.6475972540045767
6698,0.6752,2,0,2,675828,616,125126,1130,0.004878976048663034,0.6471935853379153
6699,0.6753,3,1,3,675829,615,125129,1127,0.00487105563299962,0.6469575200918485
6700,0.6754,3,3,3,675832,612,125132,1124,0.0048472943860093775,0.6474654377880185
6701,0.6755,3,1,3,675833,611,125135,1121,0.004839373970345963,0.6472286374133949
6702,0.6756,4,0,4,675833,611,125139,1117,0.004839373970345963,0.6464120370370371
6703,0.6757,2,1,2,675834,610,125141,1115,0.004831453554682549,0.6463768115942029
6704,0.6758,2,0,2,675834,610,125143,1113,0.004831453554682549,0.6459663377829368
6705,0.6759,2,1,2,675835,609,125145,1111,0.004823533139019136,0.6459302325581395
6706,0.676,2,2,2,675837,607,125147,1109,0.004807692307692308,0.6462703962703963
6707,0.6762,0,1,0,675838,606,125147,1109,0.004799771892028894,0.6466472303206997
6708,0.6763,4,2,4,675840,604,125151,1105,0.004783931060702066,0.6465769455822118
6709,0.6764,0,2,0,675842,602,125151,1105,0.0047680902293752376,0.6473345049794962
6710,0.6765,2,2,2,675844,600,125153,1103,0.004752249398048409,0.6476805637110981
6711,0.6766,0,1,0,675845,599,125153,1103,0.004744328982384995,0.6480611045828437
6712,0.6767,2,2,2,675847,597,125155,1101,0.004728488151058167,0.6484098939929329
6713,0.6768,2,3,2,675850,594,125157,1099,0.004704726904067926,0.6491435321913762
6714,0.6769,2,1,2,675851,593,125159,1097,0.004696806488404512,0.649112426035503
6715,0.677,1,1,1,675852,592,125160,1096,0.004688886072741098,0.6492890995260664
6716,0.6771,0,2,0,675854,590,125160,1096,0.0046730452414142695,0.6500593119810202
6717,0.6772,1,1,1,675855,589,125161,1095,0.004665124825750855,0.6502375296912114
6718,0.6773,1,2,1,675857,587,125162,1094,0.004649283994424027,0.6508030933967877
6719,0.6774,1,3,1,675860,584,125163,1093,0.004625522747433785,0.6517590936195587
6720,0.6775,4,2,4,675862,582,125167,1089,0.004609681916106958,0.651705565529623
6721,0.6776,5,1,5,675863,581,125172,1084,0.004601761500443544,0.6510510510510511
6722,0.6777,2,2,2,675865,579,125174,1082,0.0045859206691167154,0.6514148103552077
6723,0.6778,0,1,0,675866,578,125174,1082,0.004578000253453301,0.6518072289156627
6724,0.6779,1,1,1,675867,577,125175,1081,0.004570079837789887,0.6519903498190591
6725,0.678,2,2,2,675869,575,125177,1079,0.004554239006463059,0.6523579201934704
6726,0.6781,2,1,2,675870,574,125179,1077,0.004546318590799645,0.6523319200484555
6727,0.6782,3,0,3,675870,574,125182,1074,0.004546318590799645,0.6516990291262136
6728,0.6783,0,2,0,675872,572,125182,1074,0.004530477759472817,0.6524908869987849
6729,0.6784,1,2,1,675874,570,125183,1073,0.004514636928145989,0.6530736457699331
6730,0.6785,1,1,1,675875,569,125184,1072,0.0045067165124825755,0.6532602071907374
6731,0.6786,2,1,2,675876,568,125186,1070,0.004498796096819161,0.6532356532356532
6732,0.6787,1,2,1,675878,566,125187,1069,0.004482955265492333,0.653822629969419
6733,0.6788,1,1,1,675879,565,125188,1068,0.004475034849828919,0.6540110226576853
6734,0.6789,2,2,2,675881,563,125190,1066,0.004459194018502091,0.6543891958256599
6735,0.679,5,0,5,675881,563,125195,1061,0.004459194018502091,0.6533251231527094
6736,0.6791,1,1,1,675882,562,125196,1060,0.004451273602838677,0.6535141800246609
6737,0.6792,1,1,1,675883,561,125197,1059,0.004443353187175263,0.6537037037037037
6738,0.6793,4,1,4,675884,560,125201,1055,0.004435432771511849,0.653250773993808
6739,0.6796,3,1,3,675885,559,125204,1052,0.004427512355848435,0.6530105524518932
6740,0.6797,3,0,3,675885,559,125207,1049,0.004427512355848435,0.652363184079602
6741,0.6798,1,2,1,675887,557,125208,1048,0.0044116715245216065,0.6529595015576324
6742,0.68,2,4,2,675891,553,125210,1046,0.004379989861867951,0.6541588492808005
6743,0.6801,3,2,3,675893,551,125213,1043,0.004364149030541123,0.6543287327478042
6744,0.6802,1,1,1,675894,550,125214,1042,0.004356228614877709,0.6545226130653267
6745,0.6803,3,1,3,675895,549,125217,1039,0.004348308199214295,0.6542821158690176
6746,0.6805,4,0,4,675895,549,125221,1035,0.004348308199214295,0.6534090909090909
6747,0.6806,1,1,1,675896,548,125222,1034,0.004340387783550881,0.6536030341340076
6748,0.6807,4,1,4,675897,547,125226,1030,0.004332467367887467,0.6531388712745719
6749,0.6808,4,3,4,675900,544,125230,1026,0.004308706120897224,0.6535031847133758
6750,0.6809,2,2,2,675902,542,125232,1024,0.004292865289570397,0.6538952745849298
6751,0.681,3,1,3,675903,541,125235,1021,0.004284944873906983,0.6536491677336748
6752,0.6811,1,1,1,675904,540,125236,1020,0.004277024458243569,0.6538461538461539
6753,0.6812,2,0,2,675904,540,125238,1018,0.004277024458243569,0.6534017971758665
6754,0.6813,1,0,1,675904,540,125239,1017,0.004277024458243569,0.653179190751445
6755,0.6814,2,2,2,675906,538,125241,1015,0.004261183626916741,0.6535737282678686
6756,0.6815,1,2,1,675908,536,125242,1014,0.0042453427955899126,0.6541935483870968
6757,0.6816,0,4,0,675912,532,125242,1014,0.004213661132936256,0.6558861578266494
6758,0.6817,2,0,2,675912,532,125244,1012,0.004213661132936256,0.655440414507772
6759,0.6818,2,0,2,675912,532,125246,1010,0.004213661132936256,0.6549935149156939
6760,0.6819,1,2,1,675914,530,125247,1009,0.004197820301609428,0.6556205328135153
6761,0.682,1,0,1,675914,530,125248,1008,0.004197820301609428,0.6553966189856957
6762,0.6821,1,1,1,675915,529,125249,1007,0.004189899885946015,0.6555989583333334
6763,0.6822,3,1,3,675916,528,125252,1004,0.004181979470282601,0.6553524804177546
6764,0.6823,1,1,1,675917,527,125253,1003,0.004174059054619187,0.6555555555555556
6765,0.6824,3,0,3,675917,527,125256,1000,0.004174059054619187,0.6548788474132285
6766,0.6825,1,0,1,675917,527,125257,999,0.004174059054619187,0.6546526867627785
6767,0.6826,1,0,1,675917,527,125258,998,0.004174059054619187,0.6544262295081967
6768,0.6827,0,2,0,675919,525,125258,998,0.0041582182232923585,0.6552856204858831
6769,0.6828,1,1,1,675920,524,125259,997,0.0041502978076289445,0.6554898093359632
6770,0.6829,2,1,2,675921,523,125261,995,0.00414237739196553,0.6554677206851119
6771,0.683,1,3,1,675924,520,125262,994,0.004118616144975288,0.6565389696169088
6772,0.6831,2,2,2,675926,518,125264,992,0.00410277531364846,0.6569536423841059
6773,0.6832,1,2,1,675928,516,125265,991,0.004086934482321632,0.6575978765759788
6774,0.6835,1,3,1,675931,513,125266,990,0.0040631732353313904,0.6586826347305389
6775,0.6836,1,1,1,675932,512,125267,989,0.004055252819667976,0.6588940706195869
6776,0.6837,1,1,1,675933,511,125268,988,0.004047332404004562,0.6591060707138092
6777,0.6838,2,1,2,675934,510,125270,986,0.004039411988341148,0.6590909090909091
6778,0.6839,1,1,1,675935,509,125271,985,0.004031491572677734,0.6593038821954484
6779,0.684,1,2,1,675937,507,125272,984,0.004015650741350906,0.6599597585513078
6780,0.6841,1,1,1,675938,506,125273,983,0.004007730325687492,0.6601746138347885
6781,0.6842,3,2,3,675940,504,125276,980,0.003991889494360664,0.660377358490566
6782,0.6843,2,0,2,675940,504,125278,978,0.003991889494360664,0.659919028340081
6783,0.6844,2,0,2,675940,504,125280,976,0.003991889494360664,0.6594594594594595
6784,0.6845,2,1,2,675941,503,125282,974,0.00398396907869725,0.6594448205822614
6785,0.6846,2,4,2,675945,499,125284,972,0.003952287416043594,0.6607749830047587
6786,0.6847,0,2,0,675947,497,125284,972,0.003936446584716766,0.6616746085772635
6787,0.6848,3,0,3,675947,497,125287,969,0.003936446584716766,0.6609822646657572
6788,0.6849,4,4,4,675951,493,125291,965,0.0039047649220631097,0.6618655692729767
6789,0.685,4,3,4,675954,490,125295,961,0.003881003675072868,0.6623018607856651
6790,0.6851,1,0,1,675954,490,125296,960,0.003881003675072868,0.6620689655172414
6791,0.6852,6,1,6,675955,489,125302,954,0.003873083259409454,0.6611226611226612
6792,0.6853,1,0,1,675955,489,125303,953,0.003873083259409454,0.6608876560332871
6793,0.6855,1,2,1,675957,487,125304,952,0.0038572424280826256,0.6615705350938151
6794,0.6856,0,1,0,675958,486,125304,952,0.0038493220124192116,0.6620305980528511
6795,0.6858,0,1,0,675959,485,125304,952,0.003841401596755798,0.662491301322199
6796,0.6859,1,1,1,675960,484,125305,951,0.003833481181092384,0.6627177700348432
6797,0.686,3,3,3,675963,481,125308,948,0.0038097199341021416,0.6634009797060881
6798,0.6862,3,0,3,675963,481,125311,945,0.0038097199341021416,0.6626928471248247
6799,0.6864,3,0,3,675963,481,125314,942,0.0038097199341021416,0.6619817287420942
6800,0.6865,2,0,2,675963,481,125316,940,0.0038097199341021416,0.661505981703026
6801,0.6866,1,1,1,675964,480,125317,939,0.0038017995184387275,0.6617336152219874
6802,0.6868,2,3,2,675967,477,125319,937,0.0037780382714484857,0.6626591230551626
6803,0.6869,2,1,2,675968,476,125321,935,0.0037701178557850716,0.6626506024096386
6804,0.687,2,1,2,675969,475,125323,933,0.0037621974401216575,0.6626420454545454
6805,0.6871,0,3,0,675972,472,125323,933,0.0037384361931314157,0.6640569395017794
6806,0.6872,1,0,1,675972,472,125324,932,0.0037384361931314157,0.6638176638176638
6807,0.6873,3,2,3,675974,470,125327,929,0.0037225953618045876,0.6640457469621158
6808,0.6874,1,0,1,675974,470,125328,928,0.0037225953618045876,0.6638054363376252
6809,0.6875,1,2,1,675976,468,125329,927,0.0037067545304777594,0.6645161290322581
6810,0.6876,3,0,3,675976,468,125332,924,0.0037067545304777594,0.6637931034482759
6811,0.6877,1,2,1,675978,466,125333,923,0.0036909136991509313,0.6645068394528437
6812,0.6878,2,1,2,675979,465,125335,921,0.0036829932834875176,0.6645021645021645
6813,0.6879,1,3,1,675982,462,125336,920,0.0036592320364972754,0.6657018813314037
6814,0.688,0,1,0,675983,461,125336,920,0.0036513116208338613,0.666183924692252
6815,0.6881,3,1,3,675984,460,125339,917,0.003643391205170447,0.6659404502541757
6816,0.6882,3,2,3,675986,458,125342,914,0.0036275503738436195,0.6661807580174927
6817,0.6883,3,2,3,675988,456,125345,911,0.0036117095425167913,0.6664228237015362
6818,0.6885,3,0,3,675988,456,125348,908,0.0036117095425167913,0.6656891495601173
6819,0.6887,3,1,3,675989,455,125351,905,0.0036037891268533772,0.6654411764705882
6820,0.6888,2,2,2,675991,453,125353,903,0.003587948295526549,0.665929203539823
6821,0.6889,3,1,3,675992,452,125356,900,0.0035800278798631354,0.665680473372781
6822,0.689,3,1,3,675993,451,125359,897,0.0035721074641997213,0.6654302670623146
6823,0.6891,1,3,1,675996,448,125360,896,0.003548346217209479,0.6666666666666666
6824,0.6893,0,3,0,675999,445,125360,896,0.0035245849702192373,0.668158090976883
6825,0.6894,1,1,1,676000,444,125361,895,0.003516664554555823,0.6684092606422704
6826,0.6895,2,1,2,676001,443,125363,893,0.003508744138892409,0.6684131736526946
6827,0.6896,4,2,4,676003,441,125367,889,0.003492903307565581,0.6684210526315789
6828,0.6897,4,3,4,676006,438,125371,885,0.003469142060575339,0.6689342403628118
6829,0.6898,0,2,0,676008,436,125371,885,0.003453301229248511,0.6699470098410295
6830,0.6899,1,1,1,676009,435,125372,884,0.003445380813585097,0.6702047005307051
6831,0.69,1,0,1,676009,435,125373,883,0.003445380813585097,0.6699544764795144
6832,0.6901,1,1,1,676010,434,125374,882,0.003437460397921683,0.6702127659574468
6833,0.6902,2,1,2,676011,433,125376,880,0.0034295399822582688,0.6702208682406702
6834,0.6903,3,0,3,676011,433,125379,877,0.0034295399822582688,0.6694656488549618
6835,0.6904,3,1,3,676012,432,125382,874,0.003421619566594855,0.669218989280245
6836,0.6905,1,0,1,676012,432,125383,873,0.003421619566594855,0.6689655172413793
6837,0.6906,2,0,2,676012,432,125385,871,0.003421619566594855,0.6684574059861857
6838,0.6907,2,0,2,676012,432,125387,869,0.003421619566594855,0.6679477325134512
6839,0.6908,2,0,2,676012,432,125389,867,0.003421619566594855,0.6674364896073903
6840,0.6909,3,0,3,676012,432,125392,864,0.003421619566594855,0.6666666666666666
6841,0.691,0,3,0,676015,429,125392,864,0.003397858319604613,0.6682134570765661
6842,0.6911,3,2,3,676017,427,125395,861,0.0033820174882777847,0.6684782608695652
6843,0.6912,2,0,2,676017,427,125397,859,0.0033820174882777847,0.6679626749611197
6844,0.6913,4,1,4,676018,426,125401,855,0.0033740970726143706,0.667447306791569
6845,0.6914,0,1,0,676019,425,125401,855,0.003366176656950957,0.66796875
6846,0.6915,2,1,2,676020,424,125403,853,0.003358256241287543,0.6679718089271731
6847,0.6916,1,1,1,676021,423,125404,852,0.003350335825624129,0.668235294117647
6848,0.6917,2,0,2,676021,423,125406,850,0.003350335825624129,0.6677140612725845
6849,0.6918,3,0,3,676021,423,125409,847,0.003350335825624129,0.6669291338582677
6850,0.6919,1,1,1,676022,422,125410,846,0.0033424154099607147,0.667192429022082
6851,0.692,2,0,2,676022,422,125412,844,0.0033424154099607147,0.6666666666666666
6852,0.6922,2,1,2,676023,421,125414,842,0.0033344949942973007,0.6666666666666666
6853,0.6923,2,0,2,676023,421,125416,840,0.0033344949942973007,0.6661379857256146
6854,0.6924,2,0,2,676023,421,125418,838,0.0033344949942973007,0.6656076250992852
6855,0.6925,2,0,2,676023,421,125420,836,0.0033344949942973007,0.6650755767700876
6856,0.6926,2,1,2,676024,420,125422,834,0.0033265745786338866,0.6650717703349283
6857,0.6927,2,2,2,676026,418,125424,832,0.003310733747307059,0.6656
6858,0.6928,1,1,1,676027,417,125425,831,0.0033028133316436448,0.6658653846153846
6859,0.6929,1,1,1,676028,416,125426,830,0.0032948929159802307,0.666131621187801
6860,0.693,2,0,2,676028,416,125428,828,0.0032948929159802307,0.6655948553054662
6861,0.6932,1,0,1,676028,416,125429,827,0.0032948929159802307,0.66532582461786
6862,0.6933,1,0,1,676028,416,125430,826,0.0032948929159802307,0.6650563607085346
6863,0.6934,1,1,1,676029,415,125431,825,0.0032869725003168166,0.6653225806451613
6864,0.6935,1,1,1,676030,414,125432,824,0.0032790520846534025,0.6655896607431341
6865,0.6936,3,1,3,676031,413,125435,821,0.0032711316689899884,0.6653160453808752
6866,0.6937,1,1,1,676032,412,125436,820,0.0032632112533265744,0.6655844155844156
6867,0.6938,0,2,0,676034,410,125436,820,0.0032473704219997466,0.6666666666666666
6868,0.6939,1,2,1,676036,408,125437,819,0.0032315295906729185,0.6674816625916871
6869,0.694,3,0,3,676036,408,125440,816,0.0032315295906729185,0.6666666666666666
6870,0.6941,3,1,3,676037,407,125443,813,0.0032236091750095044,0.6663934426229509
6871,0.6942,1,0,1,676037,407,125444,812,0.0032236091750095044,0.6661197703035275
6872,0.6943,0,1,0,676038,406,125444,812,0.0032156887593460903,0.6666666666666666
6873,0.6944,2,0,2,676038,406,125446,810,0.0032156887593460903,0.6661184210526315
6874,0.6945,1,1,1,676039,405,125447,809,0.0032077683436826767,0.6663920922570017
6875,0.6946,2,1,2,676040,404,125449,807,0.0031998479280192626,0.6663914120561519
6876,0.6947,2,0,2,676040,404,125451,805,0.0031998479280192626,0.6658395368072787
6877,0.6948,2,0,2,676040,404,125453,803,0.0031998479280192626,0.6652858326429163
6878,0.6949,2,1,2,676041,403,125455,801,0.0031919275123558485,0.665282392026578
6879,0.695,1,1,1,676042,402,125456,800,0.0031840070966924344,0.6655574043261231
6880,0.6951,0,2,0,676044,400,125456,800,0.0031681662653656063,0.6666666666666666
6881,0.6952,3,2,3,676046,398,125459,797,0.0031523254340387785,0.6669456066945607
6882,0.6953,2,0,2,676046,398,125461,795,0.0031523254340387785,0.6663872590108969
6883,0.6954,3,2,3,676048,396,125464,792,0.0031364846027119504,0.6666666666666666
6884,0.6955,2,1,2,676049,395,125466,790,0.0031285641870485363,0.6666666666666666
6885,0.6956,3,1,3,676050,394,125469,787,0.003120643771385122,0.6663844199830652
6886,0.6958,2,0,2,676050,394,125471,785,0.003120643771385122,0.6658184902459712
6887,0.6959,2,1,2,676051,393,125473,783,0.003112723355721708,0.6658163265306123
6888,0.696,2,0,2,676051,393,125475,781,0.003112723355721708,0.6652470187393527
6889,0.6961,2,2,2,676053,391,125477,779,0.0030968825243948804,0.6658119658119658
6890,0.6964,2,2,2,676055,389,125479,777,0.0030810416930680522,0.6663807890222985
6891,0.6965,1,2,1,676057,387,125480,776,0.003065200861741224,0.6672398968185727
6892,0.6967,2,1,2,676058,386,125482,774,0.00305728044607781,0.6672413793103448
6893,0.6968,1,2,1,676060,384,125483,773,0.0030414396147509823,0.6681071737251513
6894,0.6969,5,1,5,676061,383,125488,768,0.003033519199087568,0.6672458731537794
6895,0.697,0,2,0,676063,381,125488,768,0.00301767836776074,0.6684073107049608
6896,0.6971,1,2,1,676065,379,125489,767,0.003001837536433912,0.6692844677137871
6897,0.6972,0,2,0,676067,377,125489,767,0.002985996705107084,0.6704545454545454
6898,0.6973,1,1,1,676068,376,125490,766,0.00297807628944367,0.670753064798599
6899,0.6974,2,0,2,676068,376,125492,764,0.00297807628944367,0.6701754385964912
6900,0.6975,1,2,1,676070,374,125493,763,0.002962235458116842,0.6710642040457344
6901,0.6977,1,2,1,676072,372,125494,762,0.0029463946267900137,0.671957671957672
6902,0.6978,2,0,2,676072,372,125496,760,0.0029463946267900137,0.6713780918727915
6903,0.698,3,1,3,676073,371,125499,757,0.0029384742111266,0.6710992907801419
6904,0.6981,2,1,2,676074,370,125501,755,0.002930553795463186,0.6711111111111111
6905,0.6982,3,0,3,676074,370,125504,752,0.002930553795463186,0.6702317290552585
6906,0.6984,1,0,1,676074,370,125505,751,0.002930553795463186,0.6699375557537912
6907,0.6986,2,0,2,676074,370,125507,749,0.002930553795463186,0.6693476318141197
6908,0.6987,0,1,0,676075,369,125507,749,0.002922633379799772,0.6699463327370304
6909,0.6988,1,2,1,676077,367,125508,748,0.0029067925484729438,0.6708520179372197
6910,0.6989,3,2,3,676079,365,125511,745,0.002890951717146116,0.6711711711711712
6911,0.699,4,0,4,676079,365,125515,741,0.002890951717146116,0.6699819168173599
6912,0.6991,1,0,1,676079,365,125516,740,0.002890951717146116,0.669683257918552
6913,0.6994,1,3,1,676082,362,125517,739,0.002867190470155874,0.6712079927338783
6914,0.6995,1,1,1,676083,361,125518,738,0.0028592700544924597,0.6715195632393085
6915,0.6996,0,3,0,676086,358,125518,738,0.002835508807502218,0.6733576642335767
6916,0.6997,2,1,2,676087,357,125520,736,0.002827588391838804,0.6733760292772186
6917,0.6998,3,1,3,676088,356,125523,733,0.0028196679761753897,0.6730945821854912
6918,0.6999,0,1,0,676089,355,125523,733,0.0028117475605119757,0.6737132352941176
6919,0.7,2,1,2,676090,354,125525,731,0.0028038271448485616,0.6737327188940092
6920,0.7001,2,2,2,676092,352,125527,729,0.0027879863135217334,0.6743755781683626
6921,0.7002,2,0,2,676092,352,125529,727,0.0027879863135217334,0.6737720111214087
6922,0.7005,1,0,1,676092,352,125530,726,0.0027879863135217334,0.673469387755102
6923,0.7007,1,0,1,676092,352,125531,725,0.0027879863135217334,0.6731662024141133
6924,0.7008,0,1,0,676093,351,125531,725,0.0027800658978583198,0.6737918215613383
6925,0.7009,1,2,1,676095,349,125532,724,0.0027642250665314916,0.6747437092264679
6926,0.701,2,0,2,676095,349,125534,722,0.0027642250665314916,0.6741363211951448
6927,0.7011,0,2,0,676097,347,125534,722,0.0027483842352046635,0.6753975678203928
6928,0.7012,3,0,3,676097,347,125537,719,0.0027483842352046635,0.6744840525328331
6929,0.7013,0,1,0,676098,346,125537,719,0.0027404638195412494,0.6751173708920187
6930,0.7014,1,1,1,676099,345,125538,718,0.0027325434038778353,0.6754468485418627
6931,0.7015,2,0,2,676099,345,125540,716,0.0027325434038778353,0.6748350612629594
6932,0.7016,2,3,2,676102,342,125542,714,0.0027087821568875935,0.6761363636363636
6933,0.7018,3,0,3,676102,342,125545,711,0.0027087821568875935,0.6752136752136753
6934,0.7019,0,2,0,676104,340,125545,711,0.0026929413255607653,0.6764985727878211
6935,0.702,2,0,2,676104,340,125547,709,0.0026929413255607653,0.6758817921830315
6936,0.7021,1,0,1,676104,340,125548,708,0.0026929413255607653,0.6755725190839694
6937,0.7022,0,1,0,676105,339,125548,708,0.0026850209098973512,0.6762177650429799
6938,0.7023,1,2,1,676107,337,125549,707,0.0026691800785705235,0.6772030651340997
6939,0.7024,1,0,1,676107,337,125550,706,0.0026691800785705235,0.6768935762224353
6940,0.7025,3,0,3,676107,337,125553,703,0.0026691800785705235,0.6759615384615385
6941,0.7026,2,0,2,676107,337,125555,701,0.0026691800785705235,0.6753371868978806
6942,0.7027,6,1,6,676108,336,125561,695,0.0026612596629071094,0.6741028128031038
6943,0.7029,1,0,1,676108,336,125562,694,0.0026612596629071094,0.6737864077669903
6944,0.703,1,1,1,676109,335,125563,693,0.0026533392472436954,0.6741245136186771
6945,0.7031,2,0,2,676109,335,125565,691,0.0026533392472436954,0.6734892787524367
6946,0.7032,1,1,1,676110,334,125566,690,0.0026454188315802813,0.673828125
6947,0.7033,0,1,0,676111,333,125566,690,0.002637498415916867,0.6744868035190615
6948,0.7035,0,1,0,676112,332,125566,690,0.002629578000253453,0.675146771037182
6949,0.7036,1,0,1,676112,332,125567,689,0.002629578000253453,0.6748285994123409
6950,0.7037,1,0,1,676112,332,125568,688,0.002629578000253453,0.6745098039215687
6951,0.7038,0,1,0,676113,331,125568,688,0.0026216575845900395,0.6751717369970559
6952,0.7039,0,1,0,676114,330,125568,688,0.0026137371689266254,0.6758349705304518
6953,0.7041,1,0,1,676114,330,125569,687,0.0026137371689266254,0.6755162241887905
6954,0.7042,2,0,2,676114,330,125571,685,0.0026137371689266254,0.6748768472906403
6955,0.7043,4,0,4,676114,330,125575,681,0.0026137371689266254,0.6735905044510386
6956,0.7044,1,1,1,676115,329,125576,680,0.0026058167532632113,0.6739345887016849
6957,0.7045,1,0,1,676115,329,125577,679,0.0026058167532632113,0.6736111111111112
6958,0.7046,1,1,1,676116,328,125578,678,0.0025978963375997972,0.6739562624254473
6959,0.7047,1,1,1,676117,327,125579,677,0.002589975921936383,0.6743027888446215
6960,0.7049,0,1,0,676118,326,125579,677,0.002582055506272969,0.674975074775673
6961,0.705,1,0,1,676118,326,125580,676,0.002582055506272969,0.6746506986027944
6962,0.7051,2,0,2,676118,326,125582,674,0.002582055506272969,0.674
6963,0.7052,3,2,3,676120,324,125585,671,0.0025662146749461413,0.6743718592964824
6964,0.7053,3,1,3,676121,323,125588,668,0.0025582942592827273,0.6740665993945509
6965,0.7054,3,2,3,676123,321,125591,665,0.002542453427955899,0.6744421906693712
6966,0.7055,2,1,2,676124,320,125593,663,0.002534533012292485,0.6744659206510681
6967,0.7056,3,3,3,676127,317,125596,660,0.002510771765302243,0.6755373592630501
6968,0.7057,0,1,0,676128,316,125596,660,0.002502851349638829,0.6762295081967213
6969,0.7059,3,0,3,676128,316,125599,657,0.002502851349638829,0.6752312435765673
6970,0.706,3,1,3,676129,315,125602,654,0.002494930933975415,0.6749226006191951
6971,0.7062,1,1,1,676130,314,125603,653,0.002487010518312001,0.6752843846949328
6972,0.7063,3,0,3,676130,314,125606,650,0.002487010518312001,0.6742738589211619
6973,0.7064,1,0,1,676130,314,125607,649,0.002487010518312001,0.6739356178608515
6974,0.7065,1,2,1,676132,312,125608,648,0.002471169686985173,0.675
6975,0.7066,0,1,0,676133,311,125608,648,0.002463249271321759,0.67570385818561
6976,0.7067,0,1,0,676134,310,125608,648,0.002455328855658345,0.6764091858037579
6977,0.7068,2,0,2,676134,310,125610,646,0.002455328855658345,0.6757322175732218
6978,0.7069,0,1,0,676135,309,125610,646,0.002447408439994931,0.6764397905759162
6979,0.707,1,0,1,676135,309,125611,645,0.002447408439994931,0.6761006289308176
6980,0.7071,2,1,2,676136,308,125613,643,0.002439488024331517,0.676130389064143
6981,0.7072,2,0,2,676136,308,125615,641,0.002439488024331517,0.6754478398314014
6982,0.7074,1,0,1,676136,308,125616,640,0.002439488024331517,0.6751054852320675
6983,0.7076,1,1,1,676137,307,125617,639,0.002431567608668103,0.6754756871035941
6984,0.7077,2,0,2,676137,307,125619,637,0.002431567608668103,0.6747881355932204
6985,0.7079,1,0,1,676137,307,125620,636,0.002431567608668103,0.6744432661717922
6986,0.7081,2,0,2,676137,307,125622,634,0.002431567608668103,0.6737513283740701
6987,0.7082,3,2,3,676139,305,125625,631,0.0024157267773412747,0.6741452991452992
6988,0.7083,0,2,0,676141,303,125625,631,0.002399885946014447,0.6755888650963597
6989,0.7084,2,1,2,676142,302,125627,629,0.002391965530351033,0.6756176154672395
6990,0.7086,1,0,1,676142,302,125628,628,0.002391965530351033,0.6752688172043011
6991,0.7087,0,2,0,676144,300,125628,628,0.0023761246990242047,0.6767241379310345
6992,0.7088,3,1,3,676145,299,125631,625,0.0023682042833607906,0.6764069264069265
6993,0.7089,2,1,2,676146,298,125633,623,0.002360283867697377,0.6764386536373507
6994,0.709,0,1,0,676147,297,125633,623,0.002352363452033963,0.6771739130434783
6995,0.7091,0,1,0,676148,296,125633,623,0.002344443036370549,0.6779107725788901
6996,0.7092,1,2,1,676150,294,125634,622,0.0023286022050437206,0.6790393013100436
6997,0.7093,2,1,2,676151,293,125636,620,0.0023206817893803066,0.6790799561883899
6998,0.7094,0,1,0,676152,292,125636,620,0.0023127613737168925,0.6798245614035088
6999,0.7095,0,1,0,676153,291,125636,620,0.002304840958053479,0.6805708013172338
7000,0.7096,2,0,2,676153,291,125638,618,0.002304840958053479,0.6798679867986799
7001,0.7097,3,1,3,676154,290,125641,615,0.0022969205423900648,0.6795580110497238
7002,0.7098,0,2,0,676156,288,125641,615,0.0022810797110632366,0.6810631229235881
7003,0.7099,2,2,2,676158,286,125643,613,0.0022652388797364084,0.681868743047831
7004,0.71,2,0,2,676158,286,125645,611,0.0022652388797364084,0.6811594202898551
7005,0.7101,1,0,1,676158,286,125646,610,0.0022652388797364084,0.6808035714285714
7006,0.7102,2,0,2,676158,286,125648,608,0.0022652388797364084,0.680089485458613
7007,0.7103,4,1,4,676159,285,125652,604,0.0022573184640729944,0.6794150731158605
7008,0.7104,0,2,0,676161,283,125652,604,0.0022414776327461666,0.6809470124013529
7009,0.7106,2,1,2,676162,282,125654,602,0.0022335572170827525,0.6809954751131222
7010,0.7109,1,0,1,676162,282,125655,601,0.0022335572170827525,0.6806342015855039
7011,0.711,3,0,3,676162,282,125658,598,0.0022335572170827525,0.6795454545454546
7012,0.7111,1,0,1,676162,282,125659,597,0.0022335572170827525,0.6791808873720137
7013,0.7113,1,0,1,676162,282,125660,596,0.0022335572170827525,0.6788154897494305
7014,0.7114,2,0,2,676162,282,125662,594,0.0022335572170827525,0.678082191780822
7015,0.7115,1,0,1,676162,282,125663,593,0.0022335572170827525,0.6777142857142857
7016,0.7116,0,1,0,676163,281,125663,593,0.0022256368014193385,0.6784897025171625
7017,0.7117,3,3,3,676166,278,125666,590,0.0022018755544290962,0.6797235023041475
7018,0.7118,3,2,3,676168,276,125669,587,0.0021860347231022685,0.6801853997682503
7019,0.7119,0,2,0,676170,274,125669,587,0.0021701938917754403,0.6817653890824622
7020,0.7123,0,1,0,676171,273,125669,587,0.0021622734761120263,0.6825581395348838
7021,0.7124,0,1,0,676172,272,125669,587,0.002154353060448612,0.6833527357392316
7022,0.7125,2,0,2,676172,272,125671,585,0.002154353060448612,0.6826137689614936
7023,0.7127,0,1,0,676173,271,125671,585,0.0021464326447851985,0.6834112149532711
7024,0.7128,3,1,3,676174,270,125674,582,0.0021385122291217844,0.6830985915492958
7025,0.713,1,1,1,676175,269,125675,581,0.0021305918134583704,0.6835294117647058
7026,0.7131,1,3,1,676178,266,125676,580,0.002106830566468128,0.6855791962174941
7027,0.7132,0,2,0,676180,264,125676,580,0.0020909897351413004,0.6872037914691943
7028,0.7133,1,0,1,676180,264,125677,579,0.0020909897351413004,0.6868327402135231
7029,0.7134,2,0,2,676180,264,125679,577,0.0020909897351413004,0.6860879904875149
7030,0.7135,1,1,1,676181,263,125680,576,0.0020830693194778863,0.6865315852205006
7031,0.7136,3,0,3,676181,263,125683,573,0.0020830693194778863,0.6854066985645934
7032,0.7137,1,1,1,676182,262,125684,572,0.0020751489038144722,0.6858513189448441
7033,0.7138,2,0,2,676182,262,125686,570,0.0020751489038144722,0.6850961538461539
7034,0.714,2,1,2,676183,261,125688,568,0.002067228488151058,0.6851628468033776
7035,0.7141,2,0,2,676183,261,125690,566,0.002067228488151058,0.6844014510278114
7036,0.7143,1,2,1,676185,259,125691,565,0.00205138765682423,0.6856796116504854
7037,0.7144,1,0,1,676185,259,125692,564,0.00205138765682423,0.6852976913730255
7038,0.7146,1,1,1,676186,258,125693,563,0.002043467241160816,0.6857490864799025
7039,0.7147,1,0,1,676186,258,125694,562,0.002043467241160816,0.6853658536585366
7040,0.7148,1,0,1,676186,258,125695,561,0.002043467241160816,0.684981684981685
7041,0.7149,3,1,3,676187,257,125698,558,0.0020355468254974023,0.6846625766871166
7042,0.715,1,0,1,676187,257,125699,557,0.0020355468254974023,0.6842751842751843
7043,0.7152,4,1,4,676188,256,125703,553,0.002027626409833988,0.6835599505562423
7044,0.7153,2,1,2,676189,255,125705,551,0.002019705994170574,0.6836228287841191
7045,0.7154,0,1,0,676190,254,125705,551,0.00201178557850716,0.684472049689441
7046,0.7155,1,0,1,676190,254,125706,550,0.00201178557850716,0.6840796019900498
7047,0.7156,1,0,1,676190,254,125707,549,0.00201178557850716,0.6836861768368617
7048,0.7157,4,0,4,676190,254,125711,545,0.00201178557850716,0.6821026282853567
7049,0.7158,1,1,1,676191,253,125712,544,0.002003865162843746,0.6825595984943539
7050,0.7159,3,0,3,676191,253,125715,541,0.002003865162843746,0.681360201511335
7051,0.716,3,0,3,676191,253,125718,538,0.002003865162843746,0.6801517067003793
7052,0.7161,2,0,2,676191,253,125720,536,0.002003865162843746,0.679340937896071
7053,0.7163,0,1,0,676192,252,125720,536,0.001995944747180332,0.6802030456852792
7054,0.7164,0,1,0,676193,251,125720,536,0.001988024331516918,0.6810673443456162
7055,0.7165,1,1,1,676194,250,125721,535,0.001980103915853504,0.6815286624203821
7056,0.7166,1,3,1,676197,247,125722,534,0.001956342668863262,0.6837387964148528
7057,0.7167,2,0,2,676197,247,125724,532,0.001956342668863262,0.6829268292682927
7058,0.7168,1,2,1,676199,245,125725,531,0.001940501837536434,0.6842783505154639
7059,0.7169,1,1,1,676200,244,125726,530,0.0019325814218730199,0.6847545219638242
7060,0.717,3,1,3,676201,243,125729,527,0.0019246610062096058,0.6844155844155844
7061,0.7172,2,1,2,676202,242,125731,525,0.001916740590546192,0.6844850065189049
7062,0.7173,2,0,2,676202,242,125733,523,0.001916740590546192,0.6836601307189543
7063,0.7174,1,0,1,676202,242,125734,522,0.001916740590546192,0.6832460732984293
7064,0.7175,1,0,1,676202,242,125735,521,0.001916740590546192,0.6828309305373526
7065,0.7176,1,0,1,676202,242,125736,520,0.001916740590546192,0.6824146981627297
7066,0.7177,2,0,2,676202,242,125738,518,0.001916740590546192,0.6815789473684211
7067,0.7179,2,2,2,676204,240,125740,516,0.0019008997592193638,0.6825396825396826
7068,0.7181,3,2,3,676206,238,125743,513,0.0018850589278925358,0.6830892143808256
7069,0.7182,0,1,0,676207,237,125743,513,0.0018771385122291217,0.684
7070,0.7183,1,0,1,676207,237,125744,512,0.0018771385122291217,0.6835781041388518
7071,0.7184,1,0,1,676207,237,125745,511,0.0018771385122291217,0.6831550802139037
7072,0.7185,1,1,1,676208,236,125746,510,0.0018692180965657079,0.6836461126005362
7073,0.7186,0,1,0,676209,235,125746,510,0.0018612976809022938,0.6845637583892618
7074,0.7187,2,2,2,676211,233,125748,508,0.0018454568495754656,0.6855600539811066
7075,0.7188,0,3,0,676214,230,125748,508,0.0018216956025852236,0.6883468834688347
7076,0.7189,1,0,1,676214,230,125749,507,0.0018216956025852236,0.6879240162822252
7077,0.719,0,1,0,676215,229,125749,507,0.0018137751869218097,0.688858695652174
7078,0.7194,2,1,2,676216,228,125751,505,0.0018058547712583957,0.6889495225102319
7079,0.7195,1,1,1,676217,227,125752,504,0.0017979343555949816,0.6894664842681258
7080,0.7196,0,1,0,676218,226,125752,504,0.0017900139399315677,0.6904109589041096
7081,0.7198,3,2,3,676220,224,125755,501,0.0017741731086047396,0.6910344827586207
7082,0.7199,0,2,0,676222,222,125755,501,0.0017583322772779116,0.6929460580912863
7083,0.7201,1,0,1,676222,222,125756,500,0.0017583322772779116,0.6925207756232687
7084,0.7202,2,0,2,676222,222,125758,498,0.0017583322772779116,0.6916666666666667
7085,0.7203,1,0,1,676222,222,125759,497,0.0017583322772779116,0.6912378303198887
7086,0.7204,3,1,3,676223,221,125762,494,0.0017504118616144975,0.6909090909090909
7087,0.7205,3,2,3,676225,219,125765,491,0.0017345710302876696,0.6915492957746479
7088,0.7206,2,1,2,676226,218,125767,489,0.0017266506146242555,0.6916548797736917
7089,0.7208,1,1,1,676227,217,125768,488,0.0017187301989608414,0.6921985815602837
7090,0.7212,1,2,1,676229,215,125769,487,0.0017028893676340135,0.6937321937321937
7091,0.7213,3,1,3,676230,214,125772,484,0.0016949689519705994,0.6934097421203438
7092,0.7214,1,0,1,676230,214,125773,483,0.0016949689519705994,0.6929698708751794
7093,0.7215,3,1,3,676231,213,125776,480,0.0016870485363071853,0.6926406926406926
7094,0.7216,1,3,1,676234,210,125777,479,0.0016632872893169433,0.6952104499274311
7095,0.7217,2,0,2,676234,210,125779,477,0.0016632872893169433,0.6943231441048034
7096,0.7218,3,0,3,676234,210,125782,474,0.0016632872893169433,0.6929824561403509
7097,0.7219,0,1,0,676235,209,125782,474,0.0016553668736535294,0.6939970717423133
7098,0.7222,1,0,1,676235,209,125783,473,0.0016553668736535294,0.6935483870967742
7099,0.7223,1,1,1,676236,208,125784,472,0.0016474464579901153,0.6941176470588235
7100,0.7225,1,0,1,676236,208,125785,471,0.0016474464579901153,0.6936671575846833
7101,0.7227,2,2,2,676238,206,125787,469,0.0016316056266632872,0.6948148148148148
7102,0.7229,3,0,3,676238,206,125790,466,0.0016316056266632872,0.6934523809523809
7103,0.7231,1,0,1,676238,206,125791,465,0.0016316056266632872,0.6929955290611028
7104,0.7233,2,0,2,676238,206,125793,463,0.0016316056266632872,0.6920777279521674
7105,0.7235,2,1,2,676239,205,125795,461,0.0016236852109998733,0.6921921921921922
7106,0.7237,1,0,1,676239,205,125796,460,0.0016236852109998733,0.6917293233082706
7107,0.7238,2,0,2,676239,205,125798,458,0.0016236852109998733,0.6907993966817496
7108,0.7239,2,2,2,676241,203,125800,456,0.0016078443796730452,0.6919575113808801
7109,0.724,1,0,1,676241,203,125801,455,0.0016078443796730452,0.6914893617021277
7110,0.7241,1,1,1,676242,202,125802,454,0.0015999239640096313,0.6920731707317073
7111,0.7243,1,0,1,676242,202,125803,453,0.0015999239640096313,0.6916030534351145
7112,0.7245,1,1,1,676243,201,125804,452,0.0015920035483462172,0.6921898928024502
7113,0.7246,1,0,1,676243,201,125805,451,0.0015920035483462172,0.691717791411043
7114,0.7248,1,1,1,676244,200,125806,450,0.0015840831326828031,0.6923076923076923
7115,0.7253,0,1,0,676245,199,125806,450,0.0015761627170193893,0.6933744221879815
7116,0.7254,2,0,2,676245,199,125808,448,0.0015761627170193893,0.6924265842349304
7117,0.7255,2,1,2,676246,198,125810,446,0.0015682423013559752,0.6925465838509317
7118,0.7256,1,0,1,676246,198,125811,445,0.0015682423013559752,0.6920684292379471
7119,0.7258,1,0,1,676246,198,125812,444,0.0015682423013559752,0.6915887850467289
7120,0.726,2,0,2,676246,198,125814,442,0.0015682423013559752,0.690625
7121,0.7262,0,1,0,676247,197,125814,442,0.001560321885692561,0.6917057902973396
7122,0.7263,2,0,2,676247,197,125816,440,0.001560321885692561,0.6907378335949764
7123,0.7264,3,0,3,676247,197,125819,437,0.001560321885692561,0.6892744479495269
7124,0.7265,1,0,1,676247,197,125820,436,0.001560321885692561,0.688783570300158
7125,0.7266,1,1,1,676248,196,125821,435,0.001552401470029147,0.6893819334389857
7126,0.7267,1,4,1,676252,192,125822,434,0.0015207198073754911,0.6932907348242812
7127,0.7268,2,0,2,676252,192,125824,432,0.0015207198073754911,0.6923076923076923
7128,0.7272,2,1,2,676253,191,125826,430,0.001512799391712077,0.6924315619967794
7129,0.7273,1,1,1,676254,190,125827,429,0.001504878976048663,0.6930533117932148
7130,0.7274,0,4,0,676258,186,125827,429,0.0014731973133950069,0.697560975609756
7131,0.7275,1,0,1,676258,186,125828,428,0.0014731973133950069,0.6970684039087948
7132,0.7276,2,2,2,676260,184,125830,426,0.001457356482068179,0.6983606557377049
7133,0.7277,2,0,2,676260,184,125832,424,0.001457356482068179,0.6973684210526315
7134,0.7278,1,1,1,676261,183,125833,423,0.0014494360664047648,0.698019801980198
7135,0.7279,3,0,3,676261,183,125836,420,0.0014494360664047648,0.6965174129353234
7136,0.728,1,0,1,676261,183,125837,419,0.0014494360664047648,0.6960132890365448
7137,0.7281,4,1,4,676262,182,125841,415,0.001441515650741351,0.695142378559464
7138,0.7282,2,1,2,676263,181,125843,413,0.001433595235077937,0.6952861952861953
7139,0.7283,1,2,1,676265,179,125844,412,0.001417754403751109,0.6971235194585449
7140,0.7284,1,0,1,676265,179,125845,411,0.001417754403751109,0.6966101694915254
7141,0.7286,1,0,1,676265,179,125846,410,0.001417754403751109,0.6960950764006791
7142,0.7287,0,1,0,676266,178,125846,410,0.0014098339880876949,0.6972789115646258
7143,0.7288,2,0,2,676266,178,125848,408,0.0014098339880876949,0.6962457337883959
7144,0.7289,1,0,1,676266,178,125849,407,0.0014098339880876949,0.6957264957264957
7145,0.7292,2,0,2,676266,178,125851,405,0.0014098339880876949,0.6946826758147513
7146,0.7293,0,1,0,676267,177,125851,405,0.0014019135724242808,0.6958762886597938
7147,0.7294,1,2,1,676269,175,125852,404,0.0013860727410974528,0.697754749568221
7148,0.7295,1,2,1,676271,173,125853,403,0.0013702319097706247,0.6996527777777778
7149,0.7296,0,1,0,676272,172,125853,403,0.0013623114941072108,0.7008695652173913
7150,0.7297,0,1,0,676273,171,125853,403,0.0013543910784437967,0.7020905923344948
7151,0.7298,1,0,1,676273,171,125854,402,0.0013543910784437967,0.7015706806282722
7152,0.7299,1,1,1,676274,170,125855,401,0.0013464706627803827,0.702276707530648
7153,0.73,2,0,2,676274,170,125857,399,0.0013464706627803827,0.7012302284710018
7154,0.7302,2,0,2,676274,170,125859,397,0.0013464706627803827,0.7001763668430335
7155,0.7303,1,0,1,676274,170,125860,396,0.0013464706627803827,0.6996466431095406
7156,0.7304,1,0,1,676274,170,125861,395,0.0013464706627803827,0.6991150442477876
7157,0.7306,2,0,2,676274,170,125863,393,0.0013464706627803827,0.6980461811722913
7158,0.7308,2,0,2,676274,170,125865,391,0.0013464706627803827,0.696969696969697
7159,0.7309,1,0,1,676274,170,125866,390,0.0013464706627803827,0.6964285714285714
7160,0.7311,2,0,2,676274,170,125868,388,0.0013464706627803827,0.6953405017921147
7161,0.7313,1,0,1,676274,170,125869,387,0.0013464706627803827,0.6947935368043088
7162,0.7315,1,1,1,676275,169,125870,386,0.0013385502471169688,0.6954954954954955
7163,0.7317,1,1,1,676276,168,125871,385,0.0013306298314535547,0.6962025316455697
7164,0.7319,1,0,1,676276,168,125872,384,0.0013306298314535547,0.6956521739130435
7165,0.732,1,0,1,676276,168,125873,383,0.0013306298314535547,0.6950998185117967
7166,0.7321,2,0,2,676276,168,125875,381,0.0013306298314535547,0.6939890710382514
7167,0.7322,2,0,2,676276,168,125877,379,0.0013306298314535547,0.6928702010968921
7168,0.7323,1,0,1,676276,168,125878,378,0.0013306298314535547,0.6923076923076923
7169,0.7324,2,1,2,676277,167,125880,376,0.0013227094157901406,0.6924493554327809
7170,0.7325,2,1,2,676278,166,125882,374,0.0013147890001267266,0.6925925925925925
7171,0.7326,2,0,2,676278,166,125884,372,0.0013147890001267266,0.6914498141263941
7172,0.7327,0,1,0,676279,165,125884,372,0.0013068685844633127,0.6927374301675978
7173,0.7328,2,0,2,676279,165,125886,370,0.0013068685844633127,0.6915887850467289
7174,0.733,2,0,2,676279,165,125888,368,0.0013068685844633127,0.6904315196998124
7175,0.7331,1,0,1,676279,165,125889,367,0.0013068685844633127,0.6898496240601504
7176,0.7332,0,1,0,676280,164,125889,367,0.0012989481687998986,0.6911487758945386
7177,0.7333,1,0,1,676280,164,125890,366,0.0012989481687998986,0.690566037735849
7178,0.7334,0,1,0,676281,163,125890,366,0.0012910277531364845,0.6918714555765595
7179,0.7337,1,0,1,676281,163,125891,365,0.0012910277531364845,0.6912878787878788
7180,0.734,1,0,1,676281,163,125892,364,0.0012910277531364845,0.6907020872865275
7181,0.7342,1,0,1,676281,163,125893,363,0.0012910277531364845,0.6901140684410646
7182,0.7344,1,0,1,676281,163,125894,362,0.0012910277531364845,0.6895238095238095
7183,0.7345,3,1,3,676282,162,125897,359,0.0012831073374730707,0.6890595009596929
7184,0.7346,2,0,2,676282,162,125899,357,0.0012831073374730707,0.6878612716763006
7185,0.7347,0,1,0,676283,161,125899,357,0.0012751869218096566,0.6891891891891891
7186,0.7348,2,0,2,676283,161,125901,355,0.0012751869218096566,0.687984496124031
7187,0.7349,0,2,0,676285,159,125901,355,0.0012593460904828286,0.6906614785992218
7188,0.735,0,1,0,676286,158,125901,355,0.0012514256748194146,0.6920077972709552
7189,0.7353,2,0,2,676286,158,125903,353,0.0012514256748194146,0.6908023483365949
7190,0.7355,1,0,1,676286,158,125904,352,0.0012514256748194146,0.6901960784313725
7191,0.7356,3,1,3,676287,157,125907,349,0.0012435052591560005,0.6897233201581028
7192,0.7357,2,0,2,676287,157,125909,347,0.0012435052591560005,0.6884920634920635
7193,0.7358,1,0,1,676287,157,125910,346,0.0012435052591560005,0.6878727634194831
7194,0.736,1,0,1,676287,157,125911,345,0.0012435052591560005,0.6872509960159362
7195,0.7361,2,0,2,676287,157,125913,343,0.0012435052591560005,0.686
7196,0.7362,0,1,0,676288,156,125913,343,0.0012355848434925864,0.687374749498998
7197,0.7363,0,1,0,676289,155,125913,343,0.0012276644278291725,0.6887550200803213
7198,0.7365,3,1,3,676290,154,125916,340,0.0012197440121657585,0.6882591093117408
7199,0.7366,1,0,1,676290,154,125917,339,0.0012197440121657585,0.6876267748478702
7200,0.7367,1,0,1,676290,154,125918,338,0.0012197440121657585,0.6869918699186992
7201,0.7368,0,1,0,676291,153,125918,338,0.0012118235965023444,0.6883910386965377
7202,0.7369,2,0,2,676291,153,125920,336,0.0012118235965023444,0.6871165644171779
7203,0.737,1,0,1,676291,153,125921,335,0.0012118235965023444,0.6864754098360656
7204,0.7371,1,0,1,676291,153,125922,334,0.0012118235965023444,0.6858316221765913
7205,0.7373,1,1,1,676292,152,125923,333,0.0012039031808389305,0.6865979381443299
7206,0.7375,1,0,1,676292,152,125924,332,0.0012039031808389305,0.6859504132231405
7207,0.7376,0,1,0,676293,151,125924,332,0.0011959827651755164,0.6873706004140787
7208,0.7377,0,1,0,676294,150,125924,332,0.0011880623495121023,0.6887966804979253
7209,0.7379,2,0,2,676294,150,125926,330,0.0011880623495121023,0.6875
7210,0.738,4,0,4,676294,150,125930,326,0.0011880623495121023,0.6848739495798319
7211,0.7381,1,0,1,676294,150,125931,325,0.0011880623495121023,0.6842105263157895
7212,0.7382,0,1,0,676295,149,125931,325,0.0011801419338486885,0.6856540084388185
7213,0.7384,1,0,1,676295,149,125932,324,0.0011801419338486885,0.6849894291754757
7214,0.7388,0,1,0,676296,148,125932,324,0.0011722215181852744,0.6864406779661016
7215,0.7389,1,0,1,676296,148,125933,323,0.0011722215181852744,0.6857749469214437
7216,0.7391,0,1,0,676297,147,125933,323,0.0011643011025218603,0.6872340425531915
7217,0.7392,2,0,2,676297,147,125935,321,0.0011643011025218603,0.6858974358974359
7218,0.7393,1,0,1,676297,147,125936,320,0.0011643011025218603,0.6852248394004282
7219,0.7397,0,2,0,676299,145,125936,320,0.0011484602711950324,0.6881720430107527
7220,0.7398,2,0,2,676299,145,125938,318,0.0011484602711950324,0.6868250539956804
7221,0.7401,1,1,1,676300,144,125939,317,0.0011405398555316183,0.6876355748373102
7222,0.7402,1,0,1,676300,144,125940,316,0.0011405398555316183,0.6869565217391305
7223,0.7403,2,0,2,676300,144,125942,314,0.0011405398555316183,0.6855895196506551
7224,0.7404,1,1,1,676301,143,125943,313,0.0011326194398682042,0.6864035087719298
7225,0.7406,0,3,0,676304,140,125943,313,0.0011088581928779622,0.6909492273730684
7226,0.7407,3,0,3,676304,140,125946,310,0.0011088581928779622,0.6888888888888889
7227,0.7411,1,0,1,676304,140,125947,309,0.0011088581928779622,0.688195991091314
7228,0.7412,0,1,0,676305,139,125947,309,0.0011009377772145481,0.6897321428571429
7229,0.7413,1,1,1,676306,138,125948,308,0.0010930173615511342,0.6905829596412556
7230,0.7415,0,1,0,676307,137,125948,308,0.0010850969458877202,0.6921348314606741
7231,0.7416,1,0,1,676307,137,125949,307,0.0010850969458877202,0.6914414414414415
7232,0.742,2,0,2,676307,137,125951,305,0.0010850969458877202,0.6900452488687783
7233,0.7424,2,1,2,676308,136,125953,303,0.001077176530224306,0.6902050113895216
7234,0.743,4,0,4,676308,136,125957,299,0.001077176530224306,0.6873563218390805
7235,0.7431,1,0,1,676308,136,125958,298,0.001077176530224306,0.6866359447004609
7236,0.7433,1,0,1,676308,136,125959,297,0.001077176530224306,0.6859122401847575
7237,0.7434,1,0,1,676308,136,125960,296,0.001077176530224306,0.6851851851851852
7238,0.7435,2,0,2,676308,136,125962,294,0.001077176530224306,0.6837209302325581
7239,0.7437,1,0,1,676308,136,125963,293,0.001077176530224306,0.682983682983683
7240,0.7438,1,0,1,676308,136,125964,292,0.001077176530224306,0.6822429906542056
7241,0.744,1,1,1,676309,135,125965,291,0.0010692561145608922,0.6830985915492958
7242,0.7442,1,1,1,676310,134,125966,290,0.0010613356988974781,0.6839622641509434
7243,0.7443,1,1,1,676311,133,125967,289,0.001053415283234064,0.6848341232227488
7244,0.7447,0,3,0,676314,130,125967,289,0.001029654036243822,0.6897374701670644
7245,0.7448,1,0,1,676314,130,125968,288,0.001029654036243822,0.6889952153110048
7246,0.7449,1,1,1,676315,129,125969,287,0.001021733620580408,0.6899038461538461
7247,0.745,1,0,1,676315,129,125970,286,0.001021733620580408,0.689156626506024
7248,0.7451,0,1,0,676316,128,125970,286,0.001013813204916994,0.6908212560386473
7249,0.7454,1,0,1,676316,128,125971,285,0.001013813204916994,0.6900726392251816
7250,0.7456,0,1,0,676317,127,125971,285,0.00100589278925358,0.691747572815534
7251,0.7457,1,0,1,676317,127,125972,284,0.00100589278925358,0.6909975669099757
7252,0.7458,1,1,1,676318,126,125973,283,0.000997972373590166,0.6919315403422983
7253,0.746,0,1,0,676319,125,125973,283,0.000990051957926752,0.6936274509803921
7254,0.7462,1,1,1,676320,124,125974,282,0.000982131542263338,0.6945812807881774
7255,0.7463,1,0,1,676320,124,125975,281,0.000982131542263338,0.6938271604938272
7256,0.7464,2,0,2,676320,124,125977,279,0.000982131542263338,0.6923076923076923
7257,0.7465,1,1,1,676321,123,125978,278,0.000974211126599924,0.6932668329177057
7258,0.7466,1,0,1,676321,123,125979,277,0.000974211126599924,0.6925
7259,0.7467,1,0,1,676321,123,125980,276,0.000974211126599924,0.6917293233082706
7260,0.7471,2,1,2,676322,122,125982,274,0.0009662907109365099,0.6919191919191919
7261,0.7472,1,0,1,676322,122,125983,273,0.0009662907109365099,0.6911392405063291
7262,0.7473,1,1,1,676323,121,125984,272,0.000958370295273096,0.6921119592875318
7263,0.7475,0,1,0,676324,120,125984,272,0.0009504498796096819,0.6938775510204082
7264,0.7476,1,0,1,676324,120,125985,271,0.0009504498796096819,0.6930946291560103
7265,0.7477,3,0,3,676324,120,125988,268,0.0009504498796096819,0.6907216494845361
7266,0.7478,1,1,1,676325,119,125989,267,0.0009425294639462679,0.6917098445595855
7267,0.7479,1,0,1,676325,119,125990,266,0.0009425294639462679,0.6909090909090909
7268,0.7481,1,0,1,676325,119,125991,265,0.0009425294639462679,0.6901041666666666
7269,0.7482,1,0,1,676325,119,125992,264,0.0009425294639462679,0.6892950391644909
7270,0.7485,1,1,1,676326,118,125993,263,0.0009346090482828539,0.6902887139107612
7271,0.7486,1,0,1,676326,118,125994,262,0.0009346090482828539,0.6894736842105263
7272,0.7487,1,1,1,676327,117,125995,261,0.0009266886326194399,0.6904761904761905
7273,0.7492,0,1,0,676328,116,125995,261,0.0009187682169560259,0.6923076923076923
7274,0.7494,1,0,1,676328,116,125996,260,0.0009187682169560259,0.6914893617021277
7275,0.7496,1,0,1,676328,116,125997,259,0.0009187682169560259,0.6906666666666667
7276,0.7497,0,1,0,676329,115,125997,259,0.0009108478012926118,0.6925133689839572
7277,0.7499,1,0,1,676329,115,125998,258,0.0009108478012926118,0.6916890080428955
7278,0.75,3,1,3,676330,114,126001,255,0.0009029273856291978,0.6910569105691057
7279,0.7502,0,2,0,676332,112,126001,255,0.0008870865543023698,0.6948228882833788
7280,0.7503,2,0,2,676332,112,126003,253,0.0008870865543023698,0.6931506849315069
7281,0.7504,0,1,0,676333,111,126003,253,0.0008791661386389558,0.695054945054945
7282,0.7505,3,1,3,676334,110,126006,250,0.0008712457229755417,0.6944444444444444
7283,0.7506,1,0,1,676334,110,126007,249,0.0008712457229755417,0.6935933147632312
7284,0.7507,3,1,3,676335,109,126010,246,0.0008633253073121277,0.6929577464788732
7285,0.7508,0,1,0,676336,108,126010,246,0.0008554048916487138,0.6949152542372882
7286,0.7509,1,0,1,676336,108,126011,245,0.0008554048916487138,0.6940509915014165
7287,0.7512,1,0,1,676336,108,126012,244,0.0008554048916487138,0.6931818181818182
7288,0.7513,2,0,2,676336,108,126014,242,0.0008554048916487138,0.6914285714285714
7289,0.7514,2,1,2,676337,107,126016,240,0.0008474844759852997,0.69164265129683
7290,0.7517,1,0,1,676337,107,126017,239,0.0008474844759852997,0.6907514450867052
7291,0.7519,1,0,1,676337,107,126018,238,0.0008474844759852997,0.6898550724637681
7292,0.752,2,0,2,676337,107,126020,236,0.0008474844759852997,0.6880466472303207
7293,0.7521,0,1,0,676338,106,126020,236,0.0008395640603218857,0.6900584795321637
7294,0.7523,2,0,2,676338,106,126022,234,0.0008395640603218857,0.6882352941176471
7295,0.7525,2,0,2,676338,106,126024,232,0.0008395640603218857,0.6863905325443787
7296,0.7528,1,0,1,676338,106,126025,231,0.0008395640603218857,0.685459940652819
7297,0.753,0,1,0,676339,105,126025,231,0.0008316436446584716,0.6875
7298,0.7531,1,0,1,676339,105,126026,230,0.0008316436446584716,0.6865671641791045
7299,0.7534,2,1,2,676340,104,126028,228,0.0008237232289950577,0.6867469879518072
7300,0.7538,1,0,1,676340,104,126029,227,0.0008237232289950577,0.6858006042296072
7301,0.7542,0,1,0,676341,103,126029,227,0.0008158028133316436,0.6878787878787879
7302,0.7543,1,0,1,676341,103,126030,226,0.0008158028133316436,0.6869300911854104
7303,0.7545,1,0,1,676341,103,126031,225,0.0008158028133316436,0.6859756097560976
7304,0.7549,1,0,1,676341,103,126032,224,0.0008158028133316436,0.6850152905198776
7305,0.7553,3,1,3,676342,102,126035,221,0.0008078823976682296,0.6842105263157895
7306,0.7554,0,1,0,676343,101,126035,221,0.0007999619820048156,0.6863354037267081
7307,0.7557,0,1,0,676344,100,126035,221,0.0007920415663414016,0.6884735202492211
7308,0.7559,2,0,2,676344,100,126037,219,0.0007920415663414016,0.6865203761755486
7309,0.756,1,0,1,676344,100,126038,218,0.0007920415663414016,0.6855345911949685
7310,0.7561,4,0,4,676344,100,126042,214,0.0007920415663414016,0.6815286624203821
7311,0.7562,1,1,1,676345,99,126043,213,0.0007841211506779876,0.6826923076923077
7312,0.7563,1,0,1,676345,99,126044,212,0.0007841211506779876,0.6816720257234726
7313,0.7564,0,2,0,676347,97,126044,212,0.0007682803193511595,0.686084142394822
7314,0.7565,0,1,0,676348,96,126044,212,0.0007603599036877456,0.6883116883116883
7315,0.7566,1,0,1,676348,96,126045,211,0.0007603599036877456,0.6872964169381107
7316,0.7567,3,0,3,676348,96,126048,208,0.0007603599036877456,0.6842105263157895
7317,0.7568,0,2,0,676350,94,126048,208,0.0007445190723609175,0.6887417218543046
7318,0.7573,0,1,0,676351,93,126048,208,0.0007365986566975034,0.6910299003322259
7319,0.7574,1,0,1,676351,93,126049,207,0.0007365986566975034,0.69
7320,0.7575,1,0,1,676351,93,126050,206,0.0007365986566975034,0.6889632107023411
7321,0.7577,0,2,0,676353,91,126050,206,0.0007207578253706755,0.6936026936026936
7322,0.758,0,1,0,676354,90,126050,206,0.0007128374097072614,0.6959459459459459
7323,0.7581,3,0,3,676354,90,126053,203,0.0007128374097072614,0.6928327645051194
7324,0.7582,2,0,2,676354,90,126055,201,0.0007128374097072614,0.6907216494845361
7325,0.7583,0,1,0,676355,89,126055,201,0.0007049169940438474,0.6931034482758621
7326,0.7584,1,0,1,676355,89,126056,200,0.0007049169940438474,0.6920415224913494
7327,0.7588,1,0,1,676355,89,126057,199,0.0007049169940438474,0.6909722222222222
7328,0.7589,1,0,1,676355,89,126058,198,0.0007049169940438474,0.6898954703832753
7329,0.7591,0,1,0,676356,88,126058,198,0.0006969965783804334,0.6923076923076923
7330,0.7593,1,0,1,676356,88,126059,197,0.0006969965783804334,0.6912280701754386
7331,0.7594,1,0,1,676356,88,126060,196,0.0006969965783804334,0.6901408450704225
7332,0.7596,1,0,1,676356,88,126061,195,0.0006969965783804334,0.6890459363957597
7333,0.7597,1,0,1,676356,88,126062,194,0.0006969965783804334,0.6879432624113475
7334,0.76,0,1,0,676357,87,126062,194,0.0006890761627170194,0.6903914590747331
7335,0.7602,1,0,1,676357,87,126063,193,0.0006890761627170194,0.6892857142857143
7336,0.7608,1,0,1,676357,87,126064,192,0.0006890761627170194,0.6881720430107527
7337,0.7613,1,0,1,676357,87,126065,191,0.0006890761627170194,0.6870503597122302
7338,0.7614,1,0,1,676357,87,126066,190,0.0006890761627170194,0.6859205776173285
7339,0.7617,3,0,3,676357,87,126069,187,0.0006890761627170194,0.6824817518248175
7340,0.7618,1,2,1,676359,85,126070,186,0.0006732353313901913,0.6863468634686347
7341,0.7622,1,0,1,676359,85,126071,185,0.0006732353313901913,0.6851851851851852
7342,0.7627,1,0,1,676359,85,126072,184,0.0006732353313901913,0.6840148698884758
7343,0.7628,2,0,2,676359,85,126074,182,0.0006732353313901913,0.6816479400749064
7344,0.7629,1,0,1,676359,85,126075,181,0.0006732353313901913,0.6804511278195489
7345,0.7632,1,0,1,676359,85,126076,180,0.0006732353313901913,0.6792452830188679
7346,0.764,1,1,1,676360,84,126077,179,0.0006653149157267774,0.6806083650190115
7347,0.7642,2,1,2,676361,83,126079,177,0.0006573945000633633,0.6807692307692308
7348,0.7644,1,0,1,676361,83,126080,176,0.0006573945000633633,0.6795366795366795
7349,0.7647,0,1,0,676362,82,126080,176,0.0006494740843999493,0.6821705426356589
7350,0.7648,0,1,0,676363,81,126080,176,0.0006415536687365353,0.6848249027237354
7351,0.7649,4,0,4,676363,81,126084,172,0.0006415536687365353,0.6798418972332015
7352,0.765,1,1,1,676364,80,126085,171,0.0006336332530731213,0.6812749003984063
7353,0.7651,1,0,1,676364,80,126086,170,0.0006336332530731213,0.68
7354,0.7652,0,1,0,676365,79,126086,170,0.0006257128374097073,0.6827309236947792
7355,0.7653,0,1,0,676366,78,126086,170,0.0006177924217462932,0.6854838709677419
7356,0.7656,1,0,1,676366,78,126087,169,0.0006177924217462932,0.6842105263157895
7357,0.766,1,1,1,676367,77,126088,168,0.0006098720060828792,0.6857142857142857
7358,0.7661,1,0,1,676367,77,126089,167,0.0006098720060828792,0.6844262295081968
7359,0.7662,0,1,0,676368,76,126089,167,0.0006019515904194653,0.6872427983539094
7360,0.7665,1,0,1,676368,76,126090,166,0.0006019515904194653,0.6859504132231405
7361,0.7666,1,0,1,676368,76,126091,165,0.0006019515904194653,0.6846473029045643
7362,0.7667,1,0,1,676368,76,126092,164,0.0006019515904194653,0.6833333333333333
7363,0.7668,1,0,1,676368,76,126093,163,0.0006019515904194653,0.6820083682008368
7364,0.7669,0,1,0,676369,75,126093,163,0.0005940311747560512,0.6848739495798319
7365,0.767,1,0,1,676369,75,126094,162,0.0005940311747560512,0.6835443037974683
7366,0.7672,1,0,1,676369,75,126095,161,0.0005940311747560512,0.6822033898305084
7367,0.7673,0,1,0,676370,74,126095,161,0.0005861107590926372,0.6851063829787234
7368,0.7676,2,0,2,676370,74,126097,159,0.0005861107590926372,0.6824034334763949
7369,0.7679,0,1,0,676371,73,126097,159,0.0005781903434292231,0.6853448275862069
7370,0.768,1,0,1,676371,73,126098,158,0.0005781903434292231,0.683982683982684
7371,0.7688,1,0,1,676371,73,126099,157,0.0005781903434292231,0.6826086956521739
7372,0.769,2,0,2,676371,73,126101,155,0.0005781903434292231,0.6798245614035088
7373,0.7692,1,0,1,676371,73,126102,154,0.0005781903434292231,0.6784140969162996
7374,0.7696,1,0,1,676371,73,126103,153,0.0005781903434292231,0.6769911504424779
7375,0.77,0,1,0,676372,72,126103,153,0.0005702699277658091,0.68
7376,0.7701,1,0,1,676372,72,126104,152,0.0005702699277658091,0.6785714285714286
7377,0.7702,1,0,1,676372,72,126105,151,0.0005702699277658091,0.6771300448430493
7378,0.7703,1,0,1,676372,72,126106,150,0.0005702699277658091,0.6756756756756757
7379,0.7705,1,0,1,676372,72,126107,149,0.0005702699277658091,0.6742081447963801
7380,0.7706,0,1,0,676373,71,126107,149,0.0005623495121023952,0.6772727272727272
7381,0.7708,0,1,0,676374,70,126107,149,0.0005544290964389811,0.680365296803653
7382,0.7712,0,1,0,676375,69,126107,149,0.0005465086807755671,0.6834862385321101
7383,0.7717,1,0,1,676375,69,126108,148,0.0005465086807755671,0.6820276497695853
7384,0.7718,2,0,2,676375,69,126110,146,0.0005465086807755671,0.6790697674418604
7385,0.7719,1,0,1,676375,69,126111,145,0.0005465086807755671,0.677570093457944
7386,0.7722,0,1,0,676376,68,126111,145,0.000538588265112153,0.6807511737089202
7387,0.7723,0,1,0,676377,67,126111,145,0.0005306678494487391,0.6839622641509434
7388,0.7724,1,0,1,676377,67,126112,144,0.0005306678494487391,0.6824644549763034
7389,0.7725,0,2,0,676379,65,126112,144,0.000514827018121911,0.6889952153110048
7390,0.7726,1,0,1,676379,65,126113,143,0.000514827018121911,0.6875
7391,0.7728,1,0,1,676379,65,126114,142,0.000514827018121911,0.6859903381642513
7392,0.7729,2,0,2,676379,65,126116,140,0.000514827018121911,0.6829268292682927
7393,0.7731,1,0,1,676379,65,126117,139,0.000514827018121911,0.6813725490196079
7394,0.7733,1,0,1,676379,65,126118,138,0.000514827018121911,0.6798029556650246
7395,0.7735,0,1,0,676380,64,126118,138,0.000506906602458497,0.6831683168316832
7396,0.7736,0,1,0,676381,63,126118,138,0.000498986186795083,0.6865671641791045
7397,0.7737,1,0,1,676381,63,126119,137,0.000498986186795083,0.685
7398,0.7739,0,1,0,676382,62,126119,137,0.000491065771131669,0.6884422110552764
7399,0.7741,1,0,1,676382,62,126120,136,0.000491065771131669,0.6868686868686869
7400,0.7744,1,0,1,676382,62,126121,135,0.000491065771131669,0.6852791878172588
7401,0.7746,1,0,1,676382,62,126122,134,0.000491065771131669,0.6836734693877551
7402,0.7747,0,1,0,676383,61,126122,134,0.00048314535546825497,0.6871794871794872
7403,0.7748,3,0,3,676383,61,126125,131,0.00048314535546825497,0.6822916666666666
7404,0.7755,1,0,1,676383,61,126126,130,0.00048314535546825497,0.680628272251309
7405,0.7756,0,1,0,676384,60,126126,130,0.00047522493980484094,0.6842105263157895
7406,0.7757,1,0,1,676384,60,126127,129,0.00047522493980484094,0.6825396825396826
7407,0.7759,1,1,1,676385,59,126128,128,0.00046730452414142697,0.6844919786096256
7408,0.7765,0,1,0,676386,58,126128,128,0.00045938410847801294,0.6881720430107527
7409,0.777,0,1,0,676387,57,126128,128,0.0004514636928145989,0.6918918918918919
7410,0.7772,0,1,0,676388,56,126128,128,0.0004435432771511849,0.6956521739130435
7411,0.7773,0,1,0,676389,55,126128,128,0.00043562286148777086,0.6994535519125683
7412,0.7774,1,0,1,676389,55,126129,127,0.00043562286148777086,0.6978021978021978
7413,0.7777,1,0,1,676389,55,126130,126,0.00043562286148777086,0.6961325966850829
7414,0.7783,0,2,0,676391,53,126130,126,0.00041978203016094286,0.7039106145251397
7415,0.7789,0,1,0,676392,52,126130,126,0.00041186161449752884,0.7078651685393258
7416,0.7794,0,1,0,676393,51,126130,126,0.0004039411988341148,0.711864406779661
7417,0.7797,1,0,1,676393,51,126131,125,0.0004039411988341148,0.7102272727272727
7418,0.7798,0,1,0,676394,50,126131,125,0.0003960207831707008,0.7142857142857143
7419,0.7801,1,0,1,676394,50,126132,124,0.0003960207831707008,0.7126436781609196
7420,0.7805,1,0,1,676394,50,126133,123,0.0003960207831707008,0.7109826589595376
7421,0.7808,1,0,1,676394,50,126134,122,0.0003960207831707008,0.7093023255813954
7422,0.781,1,0,1,676394,50,126135,121,0.0003960207831707008,0.7076023391812866
7423,0.7811,2,0,2,676394,50,126137,119,0.0003960207831707008,0.7041420118343196
7424,0.7815,1,0,1,676394,50,126138,118,0.0003960207831707008,0.7023809523809523
7425,0.7818,1,0,1,676394,50,126139,117,0.0003960207831707008,0.7005988023952096
7426,0.7822,1,0,1,676394,50,126140,116,0.0003960207831707008,0.6987951807228916
7427,0.7825,1,0,1,676394,50,126141,115,0.0003960207831707008,0.696969696969697
7428,0.7827,1,0,1,676394,50,126142,114,0.0003960207831707008,0.6951219512195121
7429,0.7828,1,0,1,676394,50,126143,113,0.0003960207831707008,0.6932515337423313
7430,0.7833,1,0,1,676394,50,126144,112,0.0003960207831707008,0.691358024691358
7431,0.7838,2,1,2,676395,49,126146,110,0.00038810036750728676,0.6918238993710691
7432,0.7839,0,2,0,676397,47,126146,110,0.00037225953618045876,0.7006369426751592
7433,0.7842,0,1,0,676398,46,126146,110,0.00036433912051704473,0.7051282051282052
7434,0.7843,1,1,1,676399,45,126147,109,0.0003564187048536307,0.7077922077922078
7435,0.7844,1,0,1,676399,45,126148,108,0.0003564187048536307,0.7058823529411765
7436,0.7845,1,0,1,676399,45,126149,107,0.0003564187048536307,0.7039473684210527
7437,0.7846,3,0,3,676399,45,126152,104,0.0003564187048536307,0.697986577181208
7438,0.7847,0,1,0,676400,44,126152,104,0.0003484982891902167,0.7027027027027027
7439,0.785,2,0,2,676400,44,126154,102,0.0003484982891902167,0.6986301369863014
7440,0.7851,0,1,0,676401,43,126154,102,0.0003405778735268027,0.7034482758620689
7441,0.7855,1,0,1,676401,43,126155,101,0.0003405778735268027,0.7013888888888888
7442,0.7857,0,2,0,676403,41,126155,101,0.00032473704219997465,0.7112676056338029
7443,0.7858,1,0,1,676403,41,126156,100,0.00032473704219997465,0.7092198581560284
7444,0.7861,0,1,0,676404,40,126156,100,0.0003168166265365606,0.7142857142857143
7445,0.7865,0,1,0,676405,39,126156,100,0.0003088962108731466,0.7194244604316546
7446,0.7866,1,0,1,676405,39,126157,99,0.0003088962108731466,0.717391304347826
7447,0.7867,1,0,1,676405,39,126158,98,0.0003088962108731466,0.7153284671532847
7448,0.7868,1,0,1,676405,39,126159,97,0.0003088962108731466,0.7132352941176471
7449,0.7869,1,0,1,676405,39,126160,96,0.0003088962108731466,0.7111111111111111
7450,0.7873,0,1,0,676406,38,126160,96,0.00030097579520973263,0.7164179104477612
7451,0.7876,1,1,1,676407,37,126161,95,0.0002930553795463186,0.7196969696969697
7452,0.7878,1,0,1,676407,37,126162,94,0.0002930553795463186,0.7175572519083969
7453,0.788,1,0,1,676407,37,126163,93,0.0002930553795463186,0.7153846153846154
7454,0.7882,1,1,1,676408,36,126164,92,0.0002851349638829046,0.71875
7455,0.7883,1,0,1,676408,36,126165,91,0.0002851349638829046,0.7165354330708661
7456,0.7884,1,0,1,676408,36,126166,90,0.0002851349638829046,0.7142857142857143
7457,0.789,1,0,1,676408,36,126167,89,0.0002851349638829046,0.712
7458,0.7894,1,0,1,676408,36,126168,88,0.0002851349638829046,0.7096774193548387
7459,0.7897,1,0,1,676408,36,126169,87,0.0002851349638829046,0.7073170731707317
7460,0.7899,2,1,2,676409,35,126171,85,0.00027721454821949055,0.7083333333333334
7461,0.7902,0,1,0,676410,34,126171,85,0.0002692941325560765,0.7142857142857143
7462,0.7907,0,1,0,676411,33,126171,85,0.00026137371689266255,0.7203389830508474
7463,0.7909,1,0,1,676411,33,126172,84,0.00026137371689266255,0.717948717948718
7464,0.7914,1,0,1,676411,33,126173,83,0.00026137371689266255,0.7155172413793104
7465,0.7921,1,0,1,676411,33,126174,82,0.00026137371689266255,0.7130434782608696
7466,0.7923,1,0,1,676411,33,126175,81,0.00026137371689266255,0.7105263157894737
7467,0.7924,1,1,1,676412,32,126176,80,0.0002534533012292485,0.7142857142857143
7468,0.793,0,1,0,676413,31,126176,80,0.0002455328855658345,0.7207207207207207
7469,0.7933,1,0,1,676413,31,126177,79,0.0002455328855658345,0.7181818181818181
7470,0.7937,1,0,1,676413,31,126178,78,0.0002455328855658345,0.7155963302752294
7471,0.794,1,0,1,676413,31,126179,77,0.0002455328855658345,0.7129629629629629
7472,0.7944,1,0,1,676413,31,126180,76,0.0002455328855658345,0.7102803738317757
7473,0.7947,1,0,1,676413,31,126181,75,0.0002455328855658345,0.7075471698113207
7474,0.795,1,0,1,676413,31,126182,74,0.0002455328855658345,0.7047619047619048
7475,0.7952,1,0,1,676413,31,126183,73,0.0002455328855658345,0.7019230769230769
7476,0.7954,1,1,1,676414,30,126184,72,0.00023761246990242047,0.7058823529411765
7477,0.7961,0,1,0,676415,29,126184,72,0.00022969205423900647,0.7128712871287128
7478,0.7967,1,0,1,676415,29,126185,71,0.00022969205423900647,0.71
7479,0.7968,1,0,1,676415,29,126186,70,0.00022969205423900647,0.7070707070707071
7480,0.7969,0,1,0,676416,28,126186,70,0.00022177163857559244,0.7142857142857143
7481,0.7975,1,0,1,676416,28,126187,69,0.00022177163857559244,0.711340206185567
7482,0.7987,1,0,1,676416,28,126188,68,0.00022177163857559244,0.7083333333333334
7483,0.7997,1,0,1,676416,28,126189,67,0.00022177163857559244,0.7052631578947368
7484,0.8005,0,1,0,676417,27,126189,67,0.00021385122291217844,0.7127659574468085
7485,0.8006,1,0,1,676417,27,126190,66,0.00021385122291217844,0.7096774193548387
7486,0.8023,1,0,1,676417,27,126191,65,0.00021385122291217844,0.7065217391304348
7487,0.8029,1,1,1,676418,26,126192,64,0.00020593080724876442,0.7111111111111111
7488,0.803,1,0,1,676418,26,126193,63,0.00020593080724876442,0.7078651685393258
7489,0.8043,0,1,0,676419,25,126193,63,0.0001980103915853504,0.7159090909090909
7490,0.8054,1,0,1,676419,25,126194,62,0.0001980103915853504,0.7126436781609196
7491,0.8057,1,0,1,676419,25,126195,61,0.0001980103915853504,0.7093023255813954
7492,0.8059,0,1,0,676420,24,126195,61,0.0001900899759219364,0.7176470588235294
7493,0.806,2,0,2,676420,24,126197,59,0.0001900899759219364,0.7108433734939759
7494,0.8062,1,0,1,676420,24,126198,58,0.0001900899759219364,0.7073170731707317
7495,0.8067,1,1,1,676421,23,126199,57,0.00018216956025852237,0.7125
7496,0.8069,1,0,1,676421,23,126200,56,0.00018216956025852237,0.7088607594936709
7497,0.8073,1,0,1,676421,23,126201,55,0.00018216956025852237,0.7051282051282052
7498,0.808,2,0,2,676421,23,126203,53,0.00018216956025852237,0.6973684210526315
7499,0.8085,1,0,1,676421,23,126204,52,0.00018216956025852237,0.6933333333333334
7500,0.8086,3,0,3,676421,23,126207,49,0.00018216956025852237,0.6805555555555556
7501,0.8092,1,0,1,676421,23,126208,48,0.00018216956025852237,0.676056338028169
7502,0.8097,1,0,1,676421,23,126209,47,0.00018216956025852237,0.6714285714285714
7503,0.8107,2,0,2,676421,23,126211,45,0.00018216956025852237,0.6617647058823529
7504,0.8108,2,0,2,676421,23,126213,43,0.00018216956025852237,0.6515151515151515
7505,0.8112,0,1,0,676422,22,126213,43,0.00017424914459510834,0.6615384615384615
7506,0.8116,1,0,1,676422,22,126214,42,0.00017424914459510834,0.65625
7507,0.8122,0,1,0,676423,21,126214,42,0.00016632872893169434,0.6666666666666666
7508,0.8129,1,0,1,676423,21,126215,41,0.00016632872893169434,0.6612903225806451
7509,0.8135,1,0,1,676423,21,126216,40,0.00016632872893169434,0.6557377049180327
7510,0.8137,0,2,0,676425,19,126216,40,0.00015048789760486631,0.6779661016949152
7511,0.8139,0,1,0,676426,18,126216,40,0.0001425674819414523,0.6896551724137931
7512,0.8141,0,1,0,676427,17,126216,40,0.00013464706627803826,0.7017543859649122
7513,0.8146,1,0,1,676427,17,126217,39,0.00013464706627803826,0.6964285714285714
7514,0.8151,1,0,1,676427,17,126218,38,0.00013464706627803826,0.6909090909090909
7515,0.8162,1,0,1,676427,17,126219,37,0.00013464706627803826,0.6851851851851852
7516,0.8169,1,0,1,676427,17,126220,36,0.00013464706627803826,0.6792452830188679
7517,0.818,1,0,1,676427,17,126221,35,0.00013464706627803826,0.6730769230769231
7518,0.8186,1,0,1,676427,17,126222,34,0.00013464706627803826,0.6666666666666666
7519,0.8187,1,0,1,676427,17,126223,33,0.00013464706627803826,0.66
7520,0.8189,0,1,0,676428,16,126223,33,0.00012672665061462426,0.673469387755102
7521,0.8192,1,0,1,676428,16,126224,32,0.00012672665061462426,0.6666666666666666
7522,0.8194,1,0,1,676428,16,126225,31,0.00012672665061462426,0.6595744680851063
7523,0.8196,1,0,1,676428,16,126226,30,0.00012672665061462426,0.6521739130434783
7524,0.8198,1,1,1,676429,15,126227,29,0.00011880623495121023,0.6590909090909091
7525,0.8208,1,0,1,676429,15,126228,28,0.00011880623495121023,0.6511627906976745
7526,0.8211,1,0,1,676429,15,126229,27,0.00011880623495121023,0.6428571428571429
7527,0.8212,1,0,1,676429,15,126230,26,0.00011880623495121023,0.6341463414634146
7528,0.8215,1,0,1,676429,15,126231,25,0.00011880623495121023,0.625
7529,0.8221,0,1,0,676430,14,126231,25,0.00011088581928779622,0.6410256410256411
7530,0.8224,1,1,1,676431,13,126232,24,0.00010296540362438221,0.6486486486486487
7531,0.8233,1,0,1,676431,13,126233,23,0.00010296540362438221,0.6388888888888888
7532,0.8234,0,1,0,676432,12,126233,23,9.50449879609682e-05,0.6571428571428571
7533,0.8242,1,0,1,676432,12,126234,22,9.50449879609682e-05,0.6470588235294118
7534,0.8251,1,0,1,676432,12,126235,21,9.50449879609682e-05,0.6363636363636364
7535,0.8255,0,1,0,676433,11,126235,21,8.712457229755417e-05,0.65625
7536,0.8257,0,1,0,676434,10,126235,21,7.920415663414016e-05,0.6774193548387096
7537,0.827,1,0,1,676434,10,126236,20,7.920415663414016e-05,0.6666666666666666
7538,0.8278,0,1,0,676435,9,126236,20,7.128374097072614e-05,0.6896551724137931
7539,0.8288,0,1,0,676436,8,126236,20,6.336332530731213e-05,0.7142857142857143
7540,0.8296,1,0,1,676436,8,126237,19,6.336332530731213e-05,0.7037037037037037
7541,0.8301,1,1,1,676437,7,126238,18,5.544290964389811e-05,0.72
7542,0.8302,1,1,1,676438,6,126239,17,4.75224939804841e-05,0.7391304347826086
7543,0.8306,1,0,1,676438,6,126240,16,4.75224939804841e-05,0.7272727272727273
7544,0.8308,1,0,1,676438,6,126241,15,4.75224939804841e-05,0.7142857142857143
7545,0.8321,2,0,2,676438,6,126243,13,4.75224939804841e-05,0.6842105263157895
7546,0.8326,1,1,1,676439,5,126244,12,3.960207831707008e-05,0.7058823529411765
7547,0.8352,0,1,0,676440,4,126244,12,3.1681662653656065e-05,0.75
7548,0.8355,1,0,1,676440,4,126245,11,3.1681662653656065e-05,0.7333333333333333
7549,0.8379,1,0,1,676440,4,126246,10,3.1681662653656065e-05,0.7142857142857143
7550,0.84,1,0,1,676440,4,126247,9,3.1681662653656065e-05,0.6923076923076923
7551,0.8412,0,1,0,676441,3,126247,9,2.376124699024205e-05,0.75
7552,0.8445,1,0,1,676441,3,126248,8,2.376124699024205e-05,0.7272727272727273
7553,0.846,1,0,1,676441,3,126249,7,2.376124699024205e-05,0.7
7554,0.8468,1,0,1,676441,3,126250,6,2.376124699024205e-05,0.6666666666666666
7555,0.8469,0,1,0,676442,2,126250,6,1.5840831326828033e-05,0.75
7556,0.8516,0,1,0,676443,1,126250,6,7.920415663414016e-06,0.8571428571428571
7557,0.8517,1,0,1,676443,1,126251,5,7.920415663414016e-06,0.8333333333333334
7558,0.8519,1,0,1,676443,1,126252,4,7.920415663414016e-06,0.8
7559,0.852,1,0,1,676443,1,126253,3,7.920415663414016e-06,0.75
7560,0.8543,0,1,0,676444,0,126253,3,0.0,1.0
7561,0.8555,1,0,1,676444,0,126254,2,0.0,1.0
7562,0.8714,1,0,1,676444,0,126255,1,0.0,1.0
7563,0.8738,1,0,1,676444,0,126256,0,0.0,
