,y_proba,y_test,Neg,Pos,TN,FP,FN,TP,FP/P,Prec
0,0.0,0,128,0,128,676316,0,126256,5.356703839817514,0.15731423473532594
1,0.01,0,180,0,308,676136,0,126256,5.355278164998099,0.15734952492048773
2,0.015,0,1,0,309,676135,0,126256,5.355270244582436,0.1573497210212976
3,0.0167,0,1,0,310,676134,0,126256,5.355262324166772,0.15734991712259624
4,0.02,7,449,7,759,675685,7,126249,5.3517060575338995,0.15743066137612322
5,0.0229,0,1,0,760,675684,7,126249,5.351698137118236,0.15743085769010629
6,0.025,0,2,0,762,675682,7,126249,5.351682296286909,0.1574312503195412
7,0.0267,0,1,0,763,675681,7,126249,5.351674375871245,0.1574314466349931
8,0.03,10,874,10,1637,674807,17,126239,5.3447519325814214,0.15759269754795605
9,0.0325,0,1,0,1638,674806,17,126239,5.344744012165759,0.15759289428184434
10,0.035,0,2,0,1640,674804,17,126239,5.344728171334432,0.15759328775109452
11,0.0358,0,1,0,1641,674803,17,126239,5.344720250918768,0.15759348448645638
12,0.0367,0,1,0,1642,674802,17,126239,5.344712330503105,0.15759368122230946
13,0.0375,0,1,0,1643,674801,17,126239,5.3447044100874415,0.15759387795865376
14,0.04,11,1302,11,2945,673499,28,126228,5.334392028893676,0.15783886251183216
15,0.0417,0,1,0,2946,673498,28,126228,5.334384108478013,0.15783905987800823
16,0.0425,0,1,0,2947,673497,28,126228,5.3343761880623495,0.15783925724467787
17,0.0433,0,3,0,2950,673494,28,126228,5.334352426815359,0.1578398493476483
18,0.045,0,9,0,2959,673485,28,126228,5.334281143074389,0.15784162568321386
19,0.0467,0,2,0,2961,673483,28,126228,5.334265302243062,0.1578420204298803
20,0.05,17,1750,17,4711,671733,45,126211,5.320404574832088,0.15817024753616796
21,0.0517,0,1,0,4712,671732,45,126211,5.320396654416424,0.15817044575865694
22,0.0525,0,1,0,4713,671731,45,126211,5.32038873400076,0.15817064398164277
23,0.0533,0,7,0,4720,671724,45,126211,5.320333291091116,0.1581720315564551
24,0.054,0,1,0,4721,671723,45,126211,5.320325370675453,0.15817222978341566
25,0.055,0,13,0,4734,671710,45,126211,5.320222405271829,0.15817480677911724
26,0.0557,0,3,0,4737,671707,45,126211,5.320198644024838,0.15817540148235784
27,0.0567,0,5,0,4742,671702,45,126211,5.320159041946521,0.15817639266436315
28,0.058,0,2,0,4744,671700,45,126211,5.320143201115195,0.1581767891406435
29,0.0583,0,2,0,4746,671698,45,126211,5.320127360283868,0.15817718561891142
30,0.06,22,2406,22,7152,669292,67,126189,5.301070840197694,0.1586323243421276
31,0.0617,0,1,0,7153,669291,67,126189,5.30106291978203,0.1586325237592397
32,0.0625,0,2,0,7155,669289,67,126189,5.301047078950703,0.15863292259496806
33,0.0633,0,13,0,7168,669276,67,126189,5.300944113547079,0.15863551507608756
34,0.064,0,2,0,7170,669274,67,126189,5.300928272715752,0.1586359139268577
35,0.0642,0,1,0,7171,669273,67,126189,5.300920352300088,0.15863611335299485
36,0.065,0,17,0,7188,669256,67,126189,5.30078570523381,0.15863950367404409
37,0.0667,0,12,0,7200,669244,67,126189,5.3006906602458495,0.15864189692909397
38,0.067,0,1,0,7201,669243,67,126189,5.300682739830187,0.15864209637027427
39,0.0675,0,3,0,7204,669240,67,126189,5.300658978583196,0.158642694696824
40,0.07,30,2820,30,10024,666420,97,126159,5.278323406412368,0.15917529987546983
41,0.072,0,1,0,10025,666419,97,126159,5.278315485996705,0.15917550070781677
42,0.0725,0,6,0,10031,666413,97,126159,5.278267963502724,0.15917670571254094
43,0.0733,0,9,0,10040,666404,97,126159,5.278196679761754,0.15917851325383597
44,0.074,0,1,0,10041,666403,97,126159,5.27818875934609,0.15917871409429168
45,0.0742,0,1,0,10042,666402,97,126159,5.278180838930427,0.15917891493525418
46,0.075,0,23,0,10065,666379,97,126159,5.277998669370168,0.15918353441727714
47,0.0757,0,2,0,10067,666377,97,126159,5.277982828538842,0.15918393612403728
48,0.076,0,1,0,10068,666376,97,126159,5.277974908123178,0.15918413697817763
49,0.0767,1,15,1,10083,666361,98,126158,5.2778561018882275,0.15918608891395664
50,0.0775,0,5,0,10088,666356,98,126158,5.27781649980991,0.15918709322485156
51,0.08,41,3379,41,13467,662977,139,126117,5.251053415283234,0.1598250652013575
52,0.0817,0,1,0,13468,662976,139,126117,5.25104549486757,0.15982526774410621
53,0.082,0,1,0,13469,662975,139,126117,5.2510375744519076,0.15982547028736827
54,0.0825,0,5,0,13474,662970,139,126117,5.2509979723735904,0.15982648301137897
55,0.0833,1,15,1,13489,662955,140,126116,5.250879166138639,0.15982845650137947
56,0.084,0,3,0,13492,662952,140,126116,5.250855404891649,0.1598290641617706
57,0.085,0,31,0,13523,662921,140,126116,5.250609872006083,0.1598353435897176
58,0.086,0,2,0,13525,662919,140,126116,5.250594031174756,0.1598357487310449
59,0.0867,0,18,0,13543,662901,140,126116,5.250451463692815,0.1598393950954162
60,0.0871,0,2,0,13545,662899,140,126116,5.250435622861488,0.1598398002572828
61,0.0875,0,4,0,13549,662895,140,126116,5.250403941198834,0.15984061058717813
62,0.088,0,1,0,13550,662894,140,126116,5.250396020783171,0.15984081317093574
63,0.09,44,3949,44,17499,658945,184,126072,5.219118299328349,0.16059779597129745
64,0.091,0,1,0,17500,658944,184,126072,5.219110378912685,0.16059800055030726
65,0.0912,0,1,0,17501,658943,184,126072,5.219102458497022,0.16059820512983827
66,0.0917,0,1,0,17502,658942,184,126072,5.219094538081358,0.16059840970989053
67,0.092,0,1,0,17503,658941,184,126072,5.219086617665695,0.160598614290464
68,0.0925,0,5,0,17508,658936,184,126072,5.219047015587378,0.16059963720114953
69,0.0933,0,23,0,17531,658913,184,126072,5.218864846027119,0.16060434275814187
70,0.094,0,1,0,17532,658912,184,126072,5.2188569256114565,0.16060454735383142
71,0.0943,0,1,0,17533,658911,184,126072,5.218849005195793,0.16060475195004223
72,0.095,1,32,1,17565,658879,185,126071,5.2185955518945635,0.16061022995095228
73,0.096,0,2,0,17567,658877,185,126071,5.218579711063237,0.1606106391760983
74,0.0967,0,34,0,17601,658843,185,126071,5.218310416930681,0.16061759632265446
75,0.0975,0,5,0,17606,658838,185,126071,5.218270814852364,0.16061861948327769
76,0.098,0,2,0,17608,658836,185,126071,5.218254974021036,0.1606190287511769
77,0.0988,0,1,0,17609,658835,185,126071,5.218247053605373,0.16061923338590864
78,0.1,66,4669,66,22278,654166,251,126005,5.181266632872894,0.1615094639508518
79,0.1017,0,2,0,22280,654164,251,126005,5.181250792041566,0.1615098779879744
80,0.102,0,3,0,22283,654161,251,126005,5.1812270307945765,0.1615104990476386
81,0.1025,0,6,0,22289,654155,251,126005,5.181179508300596,0.16151174118129613
82,0.1029,0,2,0,22291,654153,251,126005,5.181163667469269,0.1615121552300944
83,0.1033,0,21,0,22312,654132,251,126005,5.180997338740337,0.16151650287064964
84,0.105,2,60,2,22372,654072,253,126003,5.180522113800532,0.16152677627151235
85,0.106,0,8,0,22380,654064,253,126003,5.180458750475225,0.16152843281410442
86,0.1067,1,25,1,22405,654039,254,126002,5.180260740083639,0.1615325348282975
87,0.1071,0,1,0,22406,654038,254,126002,5.1802528196679765,0.16153274191067124
88,0.1075,0,8,0,22414,654030,254,126002,5.180189456342669,0.16153439858877586
89,0.108,0,4,0,22418,654026,254,126002,5.180157774680016,0.16153522694057137
90,0.1083,0,3,0,22421,654023,254,126002,5.180134013433025,0.16153584820999328
91,0.11,83,5222,83,27643,648801,337,125919,5.138773602838677,0.16253485130111525
92,0.1112,0,1,0,27644,648800,337,125919,5.1387656824230135,0.1625350610995729
93,0.1117,0,3,0,27647,648797,337,125919,5.138741921176023,0.16253569049819547
94,0.112,0,2,0,27649,648795,337,125919,5.138726080344696,0.16253611009998528
95,0.1125,0,8,0,27657,648787,337,125919,5.138662717019389,0.16253778852880965
96,0.1127,0,1,0,27658,648786,337,125919,5.138654796603726,0.16253799833485005
97,0.1129,0,1,0,27659,648785,337,125919,5.138646876188062,0.16253820814143208
98,0.1133,1,28,1,27687,648757,338,125918,5.138425104549487,0.16254300190402426
99,0.114,0,1,0,27688,648756,338,125918,5.138417184133823,0.1625432117251902
100,0.1143,0,1,0,27689,648755,338,125918,5.1384092637181595,0.16254342154689785
101,0.115,0,59,0,27748,648696,338,125918,5.137941959194018,0.16255580198653782
102,0.1157,0,2,0,27750,648694,338,125918,5.137926118362691,0.1625562216955069
103,0.116,0,6,0,27756,648688,338,125918,5.137878595868711,0.16255748083541827
104,0.1167,0,31,0,27787,648657,338,125918,5.137633062983145,0.16256398670238517
105,0.1175,0,3,0,27790,648654,338,125918,5.1376093017361555,0.16256461633005065
106,0.118,1,1,1,27791,648653,339,125917,5.137601381320492,0.16256374504563822
107,0.1186,0,1,0,27792,648652,339,125917,5.137593460904828,0.1625639549220276
108,0.12,89,5851,89,33643,642801,428,125828,5.091251108858193,0.16370446600375474
109,0.121,0,2,0,33645,642799,428,125828,5.091235268026866,0.16370489196970703
110,0.1217,0,1,0,33646,642798,428,125828,5.091227347611203,0.16370510495351445
111,0.122,0,2,0,33648,642796,428,125828,5.091211506779876,0.1637055309227919
112,0.1225,1,8,1,33656,642788,429,125827,5.091148143454569,0.16370614677048978
113,0.1233,1,28,1,33684,642760,430,125826,5.090926371815993,0.16371102257912581
114,0.124,0,5,0,33689,642755,430,125826,5.090886769737676,0.16371208760039604
115,0.1243,0,1,0,33690,642754,430,125826,5.090878849322013,0.16371230060631295
116,0.125,0,72,0,33762,642682,430,125826,5.090308579394247,0.1637276384891244
117,0.1257,0,1,0,33763,642681,430,125826,5.090300658978583,0.16372785153550976
118,0.126,0,9,0,33772,642672,430,125826,5.090229375237612,0.16372976897792837
119,0.1267,1,39,1,33811,642633,431,125825,5.089920479026739,0.16373699018033516
120,0.1271,0,1,0,33812,642632,431,125825,5.089912558611076,0.16373720325275196
121,0.1275,0,10,0,33822,642622,431,125825,5.089833354454441,0.16373933400742016
122,0.1277,0,1,0,33823,642621,431,125825,5.0898254340387785,0.16373954708593708
123,0.128,0,4,0,33827,642617,431,125825,5.089793752376124,0.16374039940555046
124,0.1283,0,3,0,33830,642614,431,125825,5.089769991129135,0.16374103865108355
125,0.1286,0,1,0,33831,642613,431,125825,5.089762070713471,0.16374125173403709
126,0.13,100,6294,100,40125,636319,531,125725,5.039910974527944,0.16498391169013862
127,0.131,0,3,0,40128,636316,531,125725,5.039887213280953,0.16498456119815075
128,0.1317,0,4,0,40132,636312,531,125725,5.039855531618299,0.1649854272167887
129,0.132,0,2,0,40134,636310,531,125725,5.039839690786972,0.16498586022951703
130,0.1325,0,20,0,40154,636290,531,125725,5.039681282473704,0.16499019048181465
131,0.1333,0,33,0,40187,636257,531,125725,5.039419908756812,0.16499733589507365
132,0.134,0,4,0,40191,636253,531,125725,5.0393882270941575,0.16499820204782814
133,0.1342,0,2,0,40193,636251,531,125725,5.039372386262831,0.16499863512761556
134,0.1343,0,1,0,40194,636250,531,125725,5.039364465847168,0.1649988516683618
135,0.135,1,76,1,40270,636174,532,125724,5.0387625142567485,0.1650142145011537
136,0.1357,0,3,0,40273,636171,532,125724,5.038738753009758,0.16501486425294823
137,0.1358,0,1,0,40274,636170,532,125724,5.038730832594094,0.16501508083801683
138,0.136,0,13,0,40287,636157,532,125724,5.0386278671904705,0.16501789649564697
139,0.1367,1,47,1,40334,636110,533,125723,5.03825560765429,0.16502698097877094
140,0.1375,0,8,0,40342,636102,533,125723,5.038192244328982,0.16502871394349095
141,0.138,0,2,0,40344,636100,533,125723,5.038176403497656,0.16502914719035786
142,0.1383,0,2,0,40346,636098,533,125723,5.038160562666329,0.16502958043949956
143,0.1393,0,1,0,40347,636097,533,125723,5.038152642250665,0.16502979706492346
144,0.14,119,6880,119,47227,629217,652,125604,4.983660182486377,0.16640236559396201
145,0.1417,0,3,0,47230,629214,652,125604,4.983636421239386,0.1664030269548421
146,0.142,0,9,0,47239,629205,652,125604,4.983565137498416,0.16640501106902542
147,0.1425,0,15,0,47254,629190,652,125604,4.9834463312634645,0.16640831803114492
148,0.143,0,1,0,47255,629189,652,125604,4.983438410847802,0.1664085384999596
149,0.1433,2,39,2,47294,629150,654,125602,4.9831295146369285,0.1664149283473247
150,0.1438,0,1,0,47295,629149,654,125602,4.983121594221265,0.16641514883716615
151,0.144,0,8,0,47303,629141,654,125602,4.983058230895957,0.16641691277693202
152,0.145,0,101,0,47404,629040,654,125602,4.982258268913952,0.1664391857331026
153,0.1457,0,2,0,47406,629038,654,125602,4.982242428082626,0.1664396268419379
154,0.146,0,9,0,47415,629029,654,125602,4.982171144341655,0.16644161186063122
155,0.1467,0,60,0,47475,628969,654,125602,4.98169591940185,0.1664548465286898
156,0.1471,0,1,0,47476,628968,654,125602,4.981687998986187,0.16645506712432245
157,0.1475,0,12,0,47488,628956,654,125602,4.981592953998226,0.166457714317521
158,0.148,0,5,0,47493,628951,654,125602,4.981553351919909,0.16645881733953743
159,0.1483,0,1,0,47494,628950,654,125602,4.981545431504245,0.16645903794569492
160,0.1486,0,1,0,47495,628949,654,125602,4.981537511088582,0.16645925855243715
161,0.1491,0,1,0,47496,628948,654,125602,4.981529590672919,0.16645947915976408
162,0.15,166,7303,166,54799,621645,820,125436,4.923686795083006,0.167901472531091
163,0.1508,0,1,0,54800,621644,820,125436,4.923678874667343,0.16790169727472293
164,0.1517,0,6,0,54806,621638,820,125436,4.923631352173362,0.16790304574914935
165,0.152,0,4,0,54810,621634,820,125436,4.923599670510709,0.16790394474413375
166,0.1525,0,22,0,54832,621612,820,125436,4.9234254213661135,0.16790888938863366
167,0.1529,0,1,0,54833,621611,820,125436,4.92341750095045,0.16790911415212162
168,0.1533,3,41,3,54874,621570,823,125433,4.92309276390825,0.1679149882932197
169,0.154,0,10,0,54884,621560,823,125433,4.923013559751616,0.1679172361722265
170,0.1543,0,8,0,54892,621552,823,125433,4.922950196426308,0.16791903451876544
171,0.1548,0,1,0,54893,621551,823,125433,4.922942276010645,0.1679192593147912
172,0.155,1,115,1,55008,621436,824,125432,4.922031428209352,0.1679440008140662
173,0.1557,1,0,1,55008,621436,825,125431,4.922031428209352,0.16794288675225977
174,0.156,2,11,2,55019,621425,827,125429,4.921944303637055,0.1679431321248865
175,0.1567,1,30,1,55049,621395,828,125428,4.921706691167152,0.16794876429890349
176,0.1573,0,1,0,55050,621394,828,125428,4.921698770751489,0.1679489891835002
177,0.1575,0,15,0,55065,621379,828,125428,4.921579964516538,0.16795236252472193
178,0.1576,0,1,0,55066,621378,828,125428,4.921572044100874,0.16795258741895486
179,0.158,0,6,0,55072,621372,828,125428,4.921524521606894,0.16795393679700055
180,0.1583,0,5,0,55077,621367,828,125428,4.921484919528577,0.16795506129526844
181,0.159,0,1,0,55078,621366,828,125428,4.9214769991129135,0.16795528619672895
182,0.1592,0,2,0,55080,621364,828,125428,4.921461158281587,0.16795573600145688
183,0.16,170,7631,170,62711,613733,998,125258,4.861020466354074,0.16949868131005655
184,0.1605,0,1,0,62712,613732,998,125258,4.861012545938411,0.16949891067538125
185,0.1607,0,1,0,62713,613731,998,125258,4.861004625522748,0.16949914004132674
186,0.161,0,2,0,62715,613729,998,125258,4.860988784691421,0.16949959877507995
187,0.1617,0,6,0,62721,613723,998,125258,4.86094126219744,0.16950097499123792
188,0.162,0,2,0,62723,613721,998,125258,4.8609254213661135,0.16950143373492346
189,0.1625,1,10,1,62733,613711,999,125257,4.860846217209479,0.16950260363100975
190,0.1629,0,2,0,62735,613709,999,125257,4.860830376378153,0.16950306238717344
191,0.163,0,1,0,62736,613708,999,125257,4.860822455962489,0.1695032917661865
192,0.1633,1,62,1,62798,613646,1000,125256,4.860331390191357,0.16951639053622808
193,0.164,0,6,0,62804,613640,1000,125256,4.860283867697377,0.16951776704705399
194,0.1642,0,1,0,62805,613639,1000,125256,4.860275947281713,0.16951799646769838
195,0.1647,0,1,0,62806,613638,1000,125256,4.86026802686605,0.16951822588896379
196,0.165,1,113,1,62919,613525,1001,125255,4.8593730198960845,0.1695430304014727
197,0.1656,0,1,0,62920,613524,1001,125255,4.859365099480421,0.16954325989233587
198,0.1657,0,1,0,62921,613523,1001,125255,4.859357179064757,0.1695434893838203
199,0.1658,0,1,0,62922,613522,1001,125255,4.859349258649094,0.16954371887592604
200,0.166,0,5,0,62927,613517,1001,125255,4.859309656570777,0.1695448663457738
201,0.1663,0,1,0,62928,613516,1001,125255,4.859301736155113,0.1695450958416072
202,0.1667,1,62,1,62990,613454,1002,125254,4.858810670383982,0.16955820161687704
203,0.1671,0,1,0,62991,613453,1002,125254,4.858802749968318,0.16955843115064564
204,0.1675,1,20,1,63011,613433,1003,125253,4.85864434165505,0.16956189774816363
205,0.168,0,4,0,63015,613429,1003,125253,4.858612659992397,0.16956281593432626
206,0.1683,0,7,0,63022,613422,1003,125253,4.858557217082753,0.169564422784039
207,0.1687,1,0,1,63022,613422,1004,125252,4.858557217082753,0.16956329855931032
208,0.1689,0,1,0,63023,613421,1004,125252,4.858549296667089,0.16956352811054418
209,0.17,197,8225,197,71248,605196,1201,125055,4.793403877835509,0.1712493375565388
210,0.171,0,1,0,71249,605195,1201,125055,4.793395957419845,0.17124957206436153
211,0.1717,0,5,0,71254,605190,1201,125055,4.793356355341528,0.1712507446131093
212,0.172,0,3,0,71257,605187,1201,125055,4.793332594094538,0.17125144815006532
213,0.1722,0,1,0,71258,605186,1201,125055,4.793324673678875,0.17125168266366858
214,0.1725,0,29,0,71287,605157,1201,125055,4.793094981624636,0.17125848383757045
215,0.173,1,0,1,71287,605157,1202,125054,4.793094981624636,0.17125734890326222
216,0.1733,1,67,1,71354,605090,1203,125053,4.792564313775187,0.17127192892351226
217,0.1736,0,1,0,71355,605089,1203,125053,4.792556393359524,0.17127216349696361
218,0.1737,0,1,0,71356,605088,1203,125053,4.79254847294386,0.1712723980710575
219,0.174,1,8,1,71364,605080,1204,125052,4.792485109618553,0.1712731396514603
220,0.1743,0,2,0,71366,605078,1204,125052,4.792469268787226,0.1712736088093901
221,0.175,3,139,3,71505,604939,1207,125049,4.791368331010012,0.17130281593670033
222,0.1757,0,2,0,71507,604937,1207,125049,4.791352490178684,0.1713032852684846
223,0.176,0,6,0,71513,604931,1207,125049,4.791304967684704,0.17130469327926792
224,0.1765,0,1,0,71514,604930,1207,125049,4.79129704726904,0.17130492794998212
225,0.1767,0,55,0,71569,604875,1207,125049,4.790861424407553,0.17131783582948362
226,0.1771,0,5,0,71574,604870,1207,125049,4.790821822329236,0.1713190093695328
227,0.1775,0,23,0,71597,604847,1207,125049,4.790639652768977,0.17132440786084593
228,0.178,0,8,0,71605,604839,1207,125049,4.79057628944367,0.17132628567670657
229,0.1783,0,2,0,71607,604837,1207,125049,4.790560448612343,0.1713267551371036
230,0.1786,0,1,0,71608,604836,1207,125049,4.79055252819668,0.17132698986826692
231,0.1792,0,1,0,71609,604835,1207,125049,4.790544607781016,0.17132722460007344
232,0.1793,0,1,0,71610,604834,1207,125049,4.7905366873653525,0.17132745933252316
233,0.18,208,8837,208,80447,595997,1415,124841,4.7205439741477635,0.173188705367919
234,0.1808,0,1,0,80448,595996,1415,124841,4.7205360537321,0.17318894562848466
235,0.181,0,1,0,80449,595995,1415,124841,4.720528133316437,0.17318918588971693
236,0.1817,0,4,0,80453,595991,1415,124841,4.720496451653783,0.17319014694131227
237,0.182,0,7,0,80460,595984,1415,124841,4.720441008744139,0.17319182880726944
238,0.1822,0,1,0,80461,595983,1415,124841,4.720433088328475,0.17319206907650134
239,0.1825,0,19,0,80480,595964,1415,124841,4.7202826004308704,0.17319663431857438
240,0.1827,0,1,0,80481,595963,1415,124841,4.720274680015208,0.17319687460113983
241,0.1829,0,2,0,80483,595961,1415,124841,4.72025883918388,0.1731973551682709
242,0.1832,0,1,0,80484,595960,1415,124841,4.720250918768217,0.1731975954528365
243,0.1833,3,73,3,80557,595887,1418,124838,4.719672728424788,0.17321169655555171
244,0.1835,0,1,0,80558,595886,1418,124838,4.719664808009124,0.17321193688568717
245,0.184,0,13,0,80571,595873,1418,124838,4.7195618426055,0.17321506123813846
246,0.1843,0,2,0,80573,595871,1418,124838,4.719546001774173,0.17321554191775043
247,0.185,2,153,2,80726,595718,1420,124836,4.71833417817767,0.17325002706251025
248,0.1853,0,1,0,80727,595717,1420,124836,4.7183262577620075,0.17325026750287625
249,0.1855,0,1,0,80728,595716,1420,124836,4.718318337346344,0.17325050794390967
250,0.1857,0,3,0,80731,595713,1420,124836,4.718294576099353,0.1732512292710142
251,0.1858,0,2,0,80733,595711,1420,124836,4.718278735268027,0.17325171015908747
252,0.186,0,9,0,80742,595702,1420,124836,4.718207451527056,0.17325387418845362
253,0.1867,2,66,2,80808,595636,1422,124834,4.717684704093271,0.17326745041431288
254,0.1871,0,1,0,80809,595635,1422,124834,4.717676783677607,0.17326769090689537
255,0.1873,0,1,0,80810,595634,1422,124834,4.717668863261944,0.17326793140014546
256,0.1875,0,21,0,80831,595613,1422,124834,4.717502534533012,0.17327298191261814
257,0.188,0,7,0,80838,595606,1422,124834,4.717447091623368,0.17327466548220533
258,0.1883,0,4,0,80842,595602,1422,124834,4.717415409960715,0.17327562753665834
259,0.1893,0,2,0,80844,595600,1422,124834,4.7173995691293875,0.17327610856789102
260,0.19,231,9281,231,90125,586319,1653,124603,4.643890191357243,0.1752695795037993
261,0.1907,0,1,0,90126,586318,1653,124603,4.643882270941579,0.17526982604255606
262,0.191,0,1,0,90127,586317,1653,124603,4.643874350525915,0.17527007258200641
263,0.1917,0,3,0,90130,586314,1653,124603,4.643850589278926,0.17527081220451896
264,0.192,0,8,0,90138,586306,1653,124603,4.643787225953618,0.17527278456173714
265,0.1925,2,22,2,90160,586284,1655,124601,4.643612976809023,0.17527588850517312
266,0.1929,0,3,0,90163,586281,1655,124601,4.643589215562033,0.17527662818864453
267,0.1933,2,70,2,90233,586211,1657,124599,4.643034786465594,0.1752915687736526
268,0.194,0,16,0,90249,586195,1657,124599,4.642908059814979,0.17529551459353906
269,0.1943,0,2,0,90251,586193,1657,124599,4.642892218983652,0.1752960078335153
270,0.1945,0,2,0,90253,586191,1657,124599,4.642876378152326,0.17529650107626726
271,0.195,4,163,4,90416,586028,1661,124595,4.641585350399189,0.17533206777714766
272,0.1957,0,1,0,90417,586027,1661,124595,4.641577429983526,0.17533231450757225
273,0.196,0,4,0,90421,586023,1661,124595,4.641545748320872,0.17533330143621467
274,0.1965,0,1,0,90422,586022,1661,124595,4.641537827905209,0.17533354817011132
275,0.1967,1,65,1,90487,585957,1662,124594,4.6410230008870865,0.1753484267842843
276,0.197,0,1,0,90488,585956,1662,124594,4.641015080471423,0.1753486735627331
277,0.1971,0,1,0,90489,585955,1662,124594,4.64100716005576,0.1753489203418765
278,0.1975,2,35,2,90524,585920,1664,124592,4.64072994550754,0.17535523678699305
279,0.198,0,3,0,90527,585917,1664,124592,4.64070618426055,0.17535597719381457
280,0.1983,0,9,0,90536,585908,1664,124592,4.640634900519579,0.1753581984517945
281,0.1986,0,1,0,90537,585907,1664,124592,4.6406269801039155,0.17535844526171043
282,0.1987,0,1,0,90538,585906,1664,124592,4.640619059688253,0.1753586920723211
283,0.1989,0,1,0,90539,585905,1664,124592,4.640611139272589,0.17535893888362653
284,0.199,0,3,0,90542,585902,1664,124592,4.640587378025598,0.17535967932171137
285,0.1992,0,1,0,90543,585901,1664,124592,4.6405794576099355,0.17535992613579585
286,0.1993,0,1,0,90544,585900,1664,124592,4.640571537194272,0.1753601729505751
287,0.2,294,9841,294,100385,576059,1958,124298,4.562626726650614,0.17747805761918564
288,0.201,0,2,0,100387,576057,1958,124298,4.5626108858192875,0.17747856444231855
289,0.2017,0,5,0,100392,576052,1958,124298,4.56257128374097,0.17747983151281502
290,0.202,1,5,1,100397,576047,1959,124297,4.562531681662653,0.1774799241515598
291,0.2021,0,1,0,100398,576046,1959,124297,4.56252376124699,0.17748017757013348
292,0.2025,1,21,1,100419,576025,1960,124296,4.562357432518058,0.17748432504522926
293,0.2027,0,2,0,100421,576023,1960,124296,4.562341591686732,0.17748483191231423
294,0.2029,1,0,1,100421,576023,1961,124295,4.562341591686732,0.17748365742419872
295,0.2033,4,86,4,100507,575937,1965,124291,4.561660435939678,0.1775007568963252
296,0.204,0,13,0,100520,575924,1965,124291,4.561557470536053,0.17750405232678534
297,0.2043,0,1,0,100521,575923,1965,124291,4.56154955012039,0.17750430582650448
298,0.205,4,189,4,100710,575734,1969,124287,4.560052591560005,0.17754753071693563
299,0.2057,0,3,0,100713,575731,1969,124287,4.560028830313015,0.17754829161535846
300,0.2058,0,3,0,100716,575728,1969,124287,4.560005069066024,0.17754905252030315
301,0.206,0,14,0,100730,575714,1969,124287,4.559894183246737,0.17755260349628071
302,0.2067,0,73,0,100803,575641,1969,124287,4.559315992903308,0.17757112160107896
303,0.2075,0,28,0,100831,575613,1969,124287,4.559094221264732,0.17757822546078011
304,0.2079,0,2,0,100833,575611,1969,124287,4.559078380433405,0.17757873290107987
305,0.208,1,5,1,100838,575606,1970,124286,4.559038778355088,0.17757882644750905
306,0.2083,0,9,0,100847,575597,1970,124286,4.558967494614118,0.17758110998552615
307,0.2093,0,1,0,100848,575596,1970,124286,4.558959574198454,0.17758136371559777
308,0.21,318,10336,318,111184,565260,2288,123968,4.477094157901407,0.1798650083861944
309,0.2107,0,1,0,111185,565259,2288,123968,4.477086237485743,0.17986526935247749
310,0.2115,0,1,0,111186,565258,2288,123968,4.47707831707008,0.17986553031951782
311,0.2117,0,3,0,111189,565255,2288,123968,4.47705455582309,0.17986631322518257
312,0.212,0,7,0,111196,565248,2288,123968,4.476999112913446,0.17986814003157212
313,0.2125,0,31,0,111227,565217,2288,123968,4.4767535800278795,0.17987623062022534
314,0.2127,0,1,0,111228,565216,2288,123968,4.476745659612217,0.17987649161907415
315,0.2133,1,89,1,111317,565127,2289,123967,4.4760407426181725,0.1798985334366574
316,0.2138,0,1,0,111318,565126,2289,123967,4.476032822202509,0.1798987945023386
317,0.214,1,15,1,111333,565111,2290,123966,4.475914015967558,0.1799015204396606
318,0.215,8,198,8,111531,564913,2298,123958,4.474345773666202,0.17994370498975862
319,0.2157,0,2,0,111533,564911,2298,123958,4.474329932834875,0.17994422742204977
320,0.2158,0,1,0,111534,564910,2298,123958,4.474322012419211,0.17994448863933293
321,0.216,0,16,0,111550,564894,2298,123958,4.474195285768597,0.17994866821900785
322,0.2162,0,1,0,111551,564893,2298,123958,4.474187365352933,0.17994892944918423
323,0.2167,4,79,4,111630,564814,2302,123954,4.473561652515524,0.17996480672737408
324,0.2171,0,1,0,111631,564813,2302,123954,4.473553732099861,0.17996506801284035
325,0.2173,0,1,0,111632,564812,2302,123954,4.473545811684197,0.17996532929906528
326,0.2175,0,32,0,111664,564780,2302,123954,4.473292358382968,0.1799736908588802
327,0.2177,0,2,0,111666,564778,2302,123954,4.473276517551641,0.17997421348216722
328,0.218,0,4,0,111670,564774,2302,123954,4.473244835888988,0.17997525873784717
329,0.2183,0,2,0,111672,564772,2302,123954,4.473228995057661,0.17997578137024012
330,0.2186,0,1,0,111673,564771,2302,123954,4.473221074641997,0.17997604268757486
331,0.2192,0,2,0,111675,564769,2302,123954,4.4732052338106705,0.1799765653245209
332,0.2197,0,1,0,111676,564768,2302,123954,4.473197313395007,0.17997682664413217
333,0.22,358,10696,358,122372,554072,2660,123596,4.388480547459131,0.18238429437423634
334,0.2208,0,2,0,122374,554070,2660,123596,4.388464706627804,0.18238483264617084
335,0.221,0,3,0,122377,554067,2660,123596,4.388440945380814,0.18238564006002983
336,0.2217,0,9,0,122386,554058,2660,123596,4.388369661639842,0.18238806234450028
337,0.222,0,10,0,122396,554048,2660,123596,4.388290457483209,0.18239075384715278
338,0.2225,0,39,0,122435,554009,2660,123596,4.387981561272335,0.1824012514665624
339,0.2229,0,2,0,122437,554007,2660,123596,4.3879657204410085,0.18240178983859281
340,0.223,0,1,0,122438,554006,2660,123596,4.387957800025346,0.1824020590257998
341,0.2233,3,76,3,122514,553930,2663,123593,4.387355848434926,0.18241889943219639
342,0.2235,0,1,0,122515,553929,2663,123593,4.387347928019262,0.1824191686764415
343,0.2238,0,2,0,122517,553927,2663,123593,4.387332087187936,0.1824197071673161
344,0.224,0,17,0,122534,553910,2663,123593,4.387197440121658,0.18242428446811307
345,0.2242,0,4,0,122538,553906,2663,123593,4.387165758459004,0.18242536151344874
346,0.2243,0,3,0,122541,553903,2663,123593,4.387141997212014,0.18242616930579664
347,0.225,7,219,7,122760,553684,2670,123586,4.385407426181726,0.18247670795989782
348,0.2255,0,1,0,122761,553683,2670,123586,4.385399505766062,0.1824769773900769
349,0.2257,0,2,0,122763,553681,2670,123586,4.385383664934736,0.182477516252822
350,0.2258,0,5,0,122768,553676,2670,123586,4.385344062856419,0.18247886342360858
351,0.226,0,12,0,122780,553664,2670,123586,4.385249017868458,0.18248209671465485
352,0.2265,0,1,0,122781,553663,2670,123586,4.385241097452794,0.18248236616074737
353,0.2267,1,86,1,122867,553577,2671,123585,4.38455994170574,0.1825043342656558
354,0.227,0,1,0,122868,553576,2671,123585,4.3845520212900775,0.18250460377960337
355,0.2273,0,2,0,122870,553574,2671,123585,4.384536180458751,0.1825051428098866
356,0.2275,1,39,1,122909,553535,2672,123584,4.384227284247877,0.1825144472389639
357,0.228,1,10,1,122919,553525,2673,123583,4.384148080091244,0.1825159354194604
358,0.2283,0,7,0,122926,553518,2673,123583,4.384092637181599,0.1825178223042057
359,0.2285,0,1,0,122927,553517,2673,123583,4.384084716765936,0.18251809186235415
360,0.229,0,1,0,122928,553516,2673,123583,4.384076796350272,0.18251836142129882
361,0.23,378,10890,378,133818,542626,3051,123205,4.297823469775694,0.18503944694674776
362,0.2308,0,1,0,133819,542625,3051,123205,4.29781554936003,0.18503972485469264
363,0.2312,0,3,0,133822,542622,3051,123205,4.29779178811304,0.18504055858353596
364,0.2315,0,1,0,133823,542621,3051,123205,4.297783867697377,0.18504083649481998
365,0.2317,0,10,0,133833,542611,3051,123205,4.297704663540743,0.18504361565357397
366,0.232,0,11,0,133844,542600,3051,123205,4.297617538968445,0.18504667282462584
367,0.2325,4,24,4,133868,542576,3055,123201,4.297427448992523,0.1850484471527253
368,0.2329,0,2,0,133870,542574,3055,123201,4.297411608161196,0.1850490030415681
369,0.2333,5,94,5,133964,542480,3060,123196,4.296667089088835,0.18506901255265323
370,0.2338,0,1,0,133965,542479,3060,123196,4.296659168673172,0.18506929056972246
371,0.234,0,20,0,133985,542459,3060,123196,4.296500760359904,0.1850748510865238
372,0.2342,0,1,0,133986,542458,3060,123196,4.29649283994424,0.185075129121135
373,0.2343,1,5,1,133991,542453,3061,123195,4.296453237865923,0.18507529505083767
374,0.235,3,216,3,134207,542237,3064,123192,4.294742428082626,0.1851316969954721
375,0.2353,0,1,0,134208,542236,3064,123192,4.294734507666963,0.18513197520994007
376,0.2357,0,3,0,134211,542233,3064,123192,4.294710746419972,0.1851328098583612
377,0.2358,0,4,0,134215,542229,3064,123192,4.294679064757318,0.18513392273462967
378,0.236,1,14,1,134229,542215,3065,123191,4.294568178938031,0.18513659329792637
379,0.2367,0,109,0,134338,542106,3065,123191,4.293704853630719,0.1851669254483336
380,0.2371,0,1,0,134339,542105,3065,123191,4.293696933215055,0.18516720377095308
381,0.2373,0,1,0,134340,542104,3065,123191,4.293689012799391,0.18516748209440925
382,0.2375,3,30,3,134370,542074,3068,123188,4.29345140032949,0.18517215773635048
383,0.2378,0,1,0,134371,542073,3068,123188,4.293443479913826,0.1851724360814778
384,0.238,0,8,0,134379,542065,3068,123188,4.293380116588518,0.18517466287262138
385,0.2383,0,5,0,134384,542060,3068,123188,4.293340514510201,0.18517605464428302
386,0.2386,0,1,0,134385,542059,3068,123188,4.293332594094538,0.1851763330011259
387,0.2392,0,2,0,134387,542057,3068,123188,4.293316753263211,0.18517688971732219
388,0.2393,0,2,0,134389,542055,3068,123188,4.293300912431884,0.18517744643686593
389,0.24,404,11338,404,145727,530717,3472,122784,4.203499239640096,0.18788647607272216
390,0.2414,0,2,0,145729,530715,3472,122784,4.203483398808769,0.18788705108959616
391,0.2415,0,1,0,145730,530714,3472,122784,4.203475478393106,0.18788733859935303
392,0.2417,0,6,0,145736,530708,3472,122784,4.203427955899126,0.18788906367637248
393,0.242,0,9,0,145745,530699,3472,122784,4.203356672158155,0.1878916513512976
394,0.2425,0,35,0,145780,530664,3472,122784,4.2030794576099355,0.18790171520916737
395,0.2427,0,1,0,145781,530663,3472,122784,4.203071537194272,0.18790200276380487
396,0.2429,0,4,0,145785,530659,3472,122784,4.203039855531618,0.18790315299115606
397,0.2433,3,101,3,145886,530558,3475,122781,4.2022398935496135,0.18792847204896693
398,0.2438,0,2,0,145888,530556,3475,122781,4.202224052718287,0.18792904733697924
399,0.244,1,20,1,145908,530536,3476,122780,4.202065644405018,0.18793355742091117
400,0.2442,0,1,0,145909,530535,3476,122780,4.202057723989355,0.18793384508238753
401,0.2443,0,3,0,145912,530532,3476,122780,4.202033962742365,0.1879347080721003
402,0.2447,0,1,0,145913,530531,3476,122780,4.202026042326701,0.18793499573709918
403,0.245,5,222,5,146135,530309,3481,122775,4.200267710049423,0.1879926625058951
404,0.2454,0,1,0,146136,530308,3481,122775,4.20025978963376,0.18799295036006144
405,0.2457,0,2,0,146138,530306,3481,122775,4.2002439488024335,0.18799352607103867
406,0.2458,0,1,0,146139,530305,3481,122775,4.20023602838677,0.18799381392784958
407,0.246,0,20,0,146159,530285,3481,122775,4.200077620073501,0.18799957124919608
408,0.2462,0,1,0,146160,530284,3481,122775,4.200069699657838,0.18799985912452014
409,0.2463,0,1,0,146161,530283,3481,122775,4.200061779242175,0.18800014700072581
410,0.2465,0,1,0,146162,530282,3481,122775,4.200053858826511,0.18800043487781312
411,0.2467,4,91,4,146253,530191,3485,122771,4.19933310100114,0.18802166129116243
412,0.2471,0,3,0,146256,530188,3485,122771,4.1993093397541505,0.18802252515089002
413,0.2475,0,46,0,146302,530142,3485,122771,4.198945000633633,0.1880357719941248
414,0.248,0,11,0,146313,530131,3485,122771,4.198857876061336,0.1880389399940573
415,0.2483,0,17,0,146330,530114,3485,122771,4.198723228995058,0.18804383620392565
416,0.2485,0,1,0,146331,530113,3485,122771,4.198715308579394,0.18804412422421135
417,0.2488,0,1,0,146332,530112,3485,122771,4.198707388163731,0.18804441224537935
418,0.249,0,1,0,146333,530111,3485,122771,4.198699467748067,0.18804470026742964
419,0.2492,0,2,0,146335,530109,3485,122771,4.198683626916741,0.1880452763141772
420,0.25,490,11596,490,157931,518513,3975,122281,4.106838486883792,0.190827317359401
421,0.2507,0,1,0,157932,518512,3975,122281,4.106830566468128,0.19082761515809318
422,0.2512,0,1,0,157933,518511,3975,122281,4.106822646052465,0.19082791295771484
423,0.2517,0,7,0,157940,518504,3975,122281,4.106767203142821,0.19082999758109195
424,0.252,0,7,0,157947,518497,3975,122281,4.106711760233177,0.19083208225001483
425,0.2525,1,31,1,157978,518466,3976,122280,4.106466227347611,0.19084005206431254
426,0.2527,0,2,0,157980,518464,3976,122280,4.1064503865162845,0.1908406477469941
427,0.253,0,1,0,157981,518463,3976,122280,4.106442466100621,0.19084094558972942
428,0.2532,0,1,0,157982,518462,3976,122280,4.106434545684958,0.1908412434333944
429,0.2533,3,117,3,158099,518345,3979,122277,4.105507857052338,0.19087230847520067
430,0.2535,0,1,0,158100,518344,3979,122277,4.105499936636675,0.19087260642407913
431,0.2537,0,2,0,158102,518342,3979,122277,4.105484095805348,0.19087320232462665
432,0.254,1,20,1,158122,518322,3980,122276,4.10532568749208,0.19087789846362305
433,0.2542,0,2,0,158124,518320,3980,122276,4.105309846660753,0.19087849440208807
434,0.2543,0,1,0,158125,518319,3980,122276,4.105301926245089,0.190878792372716
435,0.255,3,215,3,158340,518104,3983,122273,4.103599036877456,0.19093908744380264
436,0.2557,0,1,0,158341,518103,3983,122273,4.103591116461792,0.19093938561095355
437,0.2558,0,1,0,158342,518102,3983,122273,4.103583196046128,0.19093968377903572
438,0.256,1,21,1,158363,518081,3984,122272,4.103416867317197,0.19094468207379367
439,0.2567,2,106,2,158469,517975,3986,122270,4.102577303256875,0.19097376785449321
440,0.2568,0,1,0,158470,517974,3986,122270,4.102569382841211,0.19097406613728515
441,0.2571,0,2,0,158472,517972,3986,122270,4.102553542009884,0.19097466270566443
442,0.2575,5,23,5,158495,517949,3991,122265,4.1023713724496265,0.19097520516577268
443,0.258,0,8,0,158503,517941,3991,122265,4.102308009124319,0.19097759158770772
444,0.2583,0,7,0,158510,517934,3991,122265,4.102252566214675,0.19097967975582592
445,0.2585,0,1,0,158511,517933,3991,122265,4.102244645799011,0.19097997806928482
446,0.2596,0,1,0,158512,517932,3991,122265,4.1022367253833485,0.19098027638367565
447,0.2597,0,2,0,158514,517930,3991,122265,4.102220884552021,0.19098087301525316
448,0.26,522,12071,522,170585,505859,4513,121743,4.006613547078951,0.19398121739573806
449,0.2608,0,1,0,170586,505858,4513,121743,4.006605626663287,0.1939815264794033
450,0.2614,0,1,0,170587,505857,4513,121743,4.006597706247624,0.19398183556405355
451,0.2617,0,4,0,170591,505853,4513,121743,4.00656602458497,0.19398307191250422
452,0.262,0,6,0,170597,505847,4513,121743,4.00651850209099,0.19398492646473015
453,0.2625,1,18,1,170615,505829,4514,121742,4.006375934609048,0.19398920600218938
454,0.2627,0,1,0,170616,505828,4514,121742,4.006368014193385,0.19398951511385185
455,0.2629,0,2,0,170618,505826,4514,121742,4.006352173362058,0.19399013334013207
456,0.2633,4,124,4,170742,505702,4518,121738,4.005370041819795,0.1940233329083259
457,0.2635,0,1,0,170743,505701,4518,121738,4.005362121404131,0.1940236421389171
458,0.264,1,19,1,170762,505682,4519,121737,4.005211633506526,0.19402823312650716
459,0.2642,0,3,0,170765,505679,4519,121737,4.005187872259536,0.1940291608757188
460,0.2643,0,1,0,170766,505678,4519,121737,4.005179951843873,0.19402947012742763
461,0.2645,0,1,0,170767,505677,4519,121737,4.005172031428209,0.19402977938012222
462,0.2647,0,1,0,170768,505676,4519,121737,4.0051641110125455,0.1940300886338026
463,0.265,7,247,7,171015,505429,4526,121730,4.003207768343683,0.1940975095629657
464,0.2656,0,1,0,171016,505428,4526,121730,4.003199847928019,0.19409781905038284
465,0.2657,0,1,0,171017,505427,4526,121730,4.003191927512356,0.19409812853878694
466,0.2658,0,1,0,171018,505426,4526,121730,4.003184007096692,0.194098438028178
467,0.266,1,20,1,171038,505406,4527,121729,4.003025598783424,0.194103342980379
468,0.2662,0,1,0,171039,505405,4527,121729,4.003017678367761,0.19410365248894176
469,0.2667,3,95,3,171134,505310,4530,121726,4.002265238879737,0.1941292047027603
470,0.2672,0,1,0,171135,505309,4530,121726,4.002257318464073,0.19412951430143452
471,0.2675,1,32,1,171167,505277,4531,121725,4.002003865162844,0.19413813672045704
472,0.2677,0,1,0,171168,505276,4531,121725,4.00199594474718,0.1941384463501653
473,0.268,0,19,0,171187,505257,4531,121725,4.001845456849575,0.19414432950228236
474,0.2683,0,9,0,171196,505248,4531,121725,4.001774173108605,0.19414711638300214
475,0.27,526,12357,526,183553,492891,5057,121199,3.903901596755798,0.1973635786285398
476,0.2707,0,1,0,183554,492890,5057,121199,3.903893676340134,0.19736390002100673
477,0.2717,2,10,2,183564,492880,5059,121197,3.9038144721835,0.1973644998917074
478,0.272,0,10,0,183574,492870,5059,121197,3.903735268026866,0.19736771394652375
479,0.2725,2,42,2,183616,492828,5061,121195,3.9034026105690027,0.19737859982443653
480,0.2733,7,122,7,183738,492706,5068,121188,3.902436319858066,0.1974086731585583
481,0.2738,0,1,0,183739,492705,5068,121188,3.9024283994424027,0.19740899472709414
482,0.274,0,12,0,183751,492693,5068,121188,3.902333354454442,0.19741285363124123
483,0.2743,0,3,0,183754,492690,5068,121188,3.9023095932074514,0.19741381838085093
484,0.275,12,300,12,184054,492390,5080,121176,3.8999334685084275,0.19749464605274739
485,0.2753,0,2,0,184056,492388,5080,121176,3.8999176276771004,0.19749528981491743
486,0.2758,0,3,0,184059,492385,5080,121176,3.8998938664301104,0.1974962554660417
487,0.276,0,14,0,184073,492371,5080,121176,3.8997829806108224,0.1975007619628162
488,0.2767,4,119,4,184192,492252,5084,121172,3.898840451146876,0.19753384282323483
489,0.277,0,2,0,184194,492250,5084,121172,3.8988246103155495,0.19753448686222536
490,0.2771,0,2,0,184196,492248,5084,121172,3.8988087694842224,0.19753513090541555
491,0.2773,1,1,1,184197,492247,5085,121171,3.898800849068559,0.19753414474306263
492,0.2775,4,35,4,184232,492212,5089,121167,3.89852363452034,0.1975401831494068
493,0.2778,1,0,1,184232,492212,5090,121166,3.89852363452034,0.19753887488628546
494,0.278,3,8,3,184240,492204,5093,121163,3.8984602711950322,0.19753752647273165
495,0.2783,0,12,0,184252,492192,5093,121163,3.8983652262070714,0.19754139120085432
496,0.2786,0,2,0,184254,492190,5093,121163,3.8983493853757447,0.1975420353369104
497,0.2788,0,1,0,184255,492189,5093,121163,3.898341464960081,0.1975423574065137
498,0.2789,0,1,0,184256,492188,5093,121163,3.8983335445444176,0.19754267947716722
499,0.2792,0,2,0,184258,492186,5093,121163,3.898317703713091,0.19754332362162488
500,0.28,578,12455,578,196713,479731,5671,120585,3.7996689266252694,0.20086920888332144
501,0.2808,0,3,0,196716,479728,5671,120585,3.799645165378279,0.20087021270570518
502,0.281,0,2,0,196718,479726,5671,120585,3.7996293245469523,0.2008708819262016
503,0.2812,0,2,0,196720,479724,5671,120585,3.7996134837156252,0.20087155115115715
504,0.2817,1,9,1,196729,479715,5672,120584,3.799542199974655,0.20087323150629935
505,0.282,0,15,0,196744,479700,5672,120584,3.7994233937397035,0.2008782509612117
506,0.2822,0,1,0,196745,479699,5672,120584,3.79941547332404,0.20087858560045846
507,0.2825,2,41,2,196786,479658,5674,120582,3.79909073628184,0.20088964414234306
508,0.2827,0,1,0,196787,479657,5674,120582,3.7990828158661767,0.20088997882510135
509,0.2833,4,114,4,196901,479543,5678,120578,3.7981798884805476,0.200922813899197
510,0.2838,0,3,0,196904,479540,5678,120578,3.798156127233557,0.20092381831573125
511,0.284,0,14,0,196918,479526,5678,120578,3.7980452414142696,0.20092850572567422
512,0.2842,0,4,0,196922,479522,5678,120578,3.798013559751616,0.20092984502582903
513,0.2843,0,1,0,196923,479521,5678,120578,3.7980056393359525,0.2009301798536575
514,0.285,6,290,6,197213,479231,5684,120572,3.7957087187935623,0.20101933468155378
515,0.2857,1,2,1,197215,479229,5685,120571,3.7956928779622356,0.20101867289096365
516,0.2858,0,1,0,197216,479228,5685,120571,3.795684957546572,0.20101900803435818
517,0.286,1,20,1,197236,479208,5686,120570,3.795526549233304,0.20102437902023748
518,0.2865,0,1,0,197237,479207,5686,120570,3.7955186288176406,0.20102471418543894
519,0.2867,2,100,2,197337,479107,5688,120568,3.794726587251299,0.20105557176804104
520,0.287,0,1,0,197338,479106,5688,120568,3.7947186668356356,0.2010559070428266
521,0.2871,0,1,0,197339,479105,5688,120568,3.7947107464199723,0.20105624231873037
522,0.2875,1,29,1,197368,479076,5689,120567,3.794481054365733,0.20106463345690687
523,0.2879,0,1,0,197369,479075,5689,120567,3.7944731339500697,0.20106496876469626
524,0.288,1,14,1,197383,479061,5690,120566,3.7943622481307817,0.20106833081232167
525,0.2883,0,14,0,197397,479047,5690,120566,3.794251362311494,0.20107302543473873
526,0.2885,0,1,0,197398,479046,5690,120566,3.794243441895831,0.20107336077330007
527,0.2886,0,1,0,197399,479045,5690,120566,3.794235521480167,0.20107369611297993
528,0.2888,0,1,0,197400,479044,5690,120566,3.7942276010645037,0.20107403145377828
529,0.2889,0,1,0,197401,479043,5690,120566,3.7942196806488404,0.2010743667956952
530,0.2893,0,3,0,197404,479040,5690,120566,3.7941959194018504,0.20107537282815716
531,0.2897,0,1,0,197405,479039,5690,120566,3.7941879989861866,0.20107570817454826
532,0.29,601,12885,601,210290,466154,6291,119965,3.692133443163097,0.2046768659606667
533,0.2908,0,1,0,210291,466153,6291,119965,3.6921255227474337,0.2046772151682767
534,0.2917,1,9,1,210300,466144,6292,119964,3.6920542390064632,0.20467900113972168
535,0.292,0,3,0,210303,466141,6292,119964,3.692030477759473,0.2046800487967173
536,0.2923,0,1,0,210304,466140,6292,119964,3.6920225573438095,0.20468039801809917
537,0.2925,2,45,2,210349,466095,6294,119962,3.691666138638956,0.2046934001300215
538,0.293,0,1,0,210350,466094,6294,119962,3.691658218223292,0.20469374940278745
539,0.2933,8,132,8,210482,465962,6302,119954,3.6906127233557218,0.204729005522976
540,0.2935,0,2,0,210484,465960,6302,119954,3.6905968825243947,0.20472970435934285
541,0.2938,0,2,0,210486,465958,6302,119954,3.690581041693068,0.2047304032004806
542,0.294,1,26,1,210512,465932,6303,119953,3.690375110885819,0.20473813120322248
543,0.2942,0,1,0,210513,465931,6303,119953,3.690367190470156,0.20473848065487366
544,0.2943,0,2,0,210515,465929,6303,119953,3.690351349638829,0.20473917956175475
545,0.295,11,275,11,210790,465654,6314,119942,3.6881732353313903,0.20482038811740516
546,0.2955,0,1,0,210791,465653,6314,119942,3.688165314915727,0.2048207378819833
547,0.2957,0,3,0,210794,465650,6314,119942,3.6881415536687365,0.20482178718288502
548,0.2958,0,1,0,210795,465649,6314,119942,3.688133633253073,0.2048221369522414
549,0.296,1,26,1,210821,465623,6315,119941,3.6879277024458244,0.20482987342118025
550,0.2965,0,1,0,210822,465622,6315,119941,3.687919782030161,0.204830223221071
551,0.2967,6,124,6,210946,465498,6321,119935,3.6869376504878977,0.20486545855802457
552,0.297,0,2,0,210948,465496,6321,119935,3.6869218096565706,0.20486615843711728
553,0.2971,0,2,0,210950,465494,6321,119935,3.686905968825244,0.20486685832099197
554,0.2973,0,1,0,210951,465493,6321,119935,3.6868980484095806,0.20486720826472257
555,0.2975,0,41,0,210992,465452,6321,119935,3.6865733113673804,0.20488155698708718
556,0.298,0,17,0,211009,465435,6321,119935,3.6864386643011025,0.2048875070468251
557,0.2983,0,19,0,211028,465416,6321,119935,3.686288176403498,0.20489415752258047
558,0.2985,0,1,0,211029,465415,6321,119935,3.686280255987834,0.20489450755957975
559,0.2986,0,1,0,211030,465414,6321,119935,3.6862723355721707,0.204894857597775
560,0.299,0,4,0,211034,465410,6321,119935,3.6862406539095174,0.20489625776251613
561,0.2992,0,1,0,211035,465409,6321,119935,3.6862327334938536,0.20489660780669144
562,0.3,654,12743,654,223778,452666,6975,119281,3.585302876694969,0.20855254070744317
563,0.3005,0,1,0,223779,452665,6975,119281,3.5852949562793057,0.2085529053442108
564,0.3007,0,1,0,223780,452664,6975,119281,3.585287035863642,0.20855326998225354
565,0.3012,0,1,0,223781,452663,6975,119281,3.5852791154479786,0.20855363462157134
566,0.3015,0,1,0,223782,452662,6975,119281,3.5852711950323153,0.20855399926216422
567,0.3017,1,13,1,223795,452649,6976,119280,3.585168229628691,0.20855735589557445
568,0.302,0,8,0,223803,452641,6976,119280,3.5851048663033835,0.20856027318458317
569,0.3021,0,1,0,223804,452640,6976,119280,3.58509694588772,0.20856063785144777
570,0.3023,1,0,1,223804,452640,6977,119279,3.58509694588772,0.20855925402023714
571,0.3025,1,49,1,223853,452591,6978,119278,3.584708845520213,0.2085757402482037
572,0.3027,0,1,0,223854,452590,6978,119278,3.5847009251045496,0.208576104975274
573,0.3033,3,113,3,223967,452477,6981,119275,3.583805918134584,0.20861317494298226
574,0.304,0,15,0,223982,452462,6981,119275,3.5836871118996325,0.2086186480846963
575,0.3042,0,5,0,223987,452457,6981,119275,3.5836475098213154,0.20862047252908705
576,0.3043,0,2,0,223989,452455,6981,119275,3.5836316689899887,0.20862120231577844
577,0.305,8,274,8,224263,452181,6989,119267,3.581461475098213,0.20871015385476893
578,0.3052,0,1,0,224264,452180,6989,119267,3.58145355468255,0.2087105190857595
579,0.3053,0,1,0,224265,452179,6989,119267,3.581445634266886,0.2087108843180283
580,0.3057,0,1,0,224266,452178,6989,119267,3.581437713851223,0.20871124955157538
581,0.3058,0,4,0,224270,452174,6989,119267,3.5814060321885695,0.20871271049854664
582,0.306,2,20,2,224290,452154,6991,119265,3.581247623875301,0.20871724601387073
583,0.3063,0,1,0,224291,452153,6991,119265,3.5812397034596377,0.2087176112758086
584,0.3067,3,124,3,224415,452029,6994,119262,3.5802575719173744,0.20875875867115007
585,0.307,0,1,0,224416,452028,6994,119262,3.5802496515017106,0.20875912408759123
586,0.3071,0,1,0,224417,452027,6994,119262,3.5802417310860473,0.20875948950531167
587,0.3073,0,2,0,224419,452025,6994,119262,3.5802258902547206,0.20876022034459038
588,0.3075,4,39,4,224458,451986,6998,119258,3.5799169940438476,0.20876893236515395
589,0.308,1,15,1,224473,451971,6999,119257,3.5797981878088962,0.208773029333296
590,0.3083,0,11,0,224484,451960,6999,119257,3.5797110632365987,0.2087770497026524
591,0.3089,0,1,0,224485,451959,6999,119257,3.5797031428209354,0.20877741519845383
592,0.309,0,2,0,224487,451957,6999,119257,3.5796873019896083,0.2087781461938958
593,0.3093,0,2,0,224489,451955,6999,119257,3.5796714611582816,0.2087788771944567
594,0.31,776,13066,776,237555,438889,7775,118481,3.476183310100114,0.2125715413459641
595,0.3108,0,2,0,237557,438887,7775,118481,3.476167469268787,0.21257230411505504
596,0.311,1,0,1,237557,438887,7776,118480,3.476167469268787,0.21257089135165877
597,0.3114,0,1,0,237558,438886,7776,118480,3.476159548853124,0.2125712727364066
598,0.3117,0,7,0,237565,438879,7776,118480,3.47610410594348,0.21257394246796052
599,0.3118,0,2,0,237567,438877,7776,118480,3.476088265112153,0.21257470526072159
600,0.312,0,17,0,237584,438860,7776,118480,3.475953618045875,0.21258118922022465
601,0.3123,0,1,0,237585,438859,7776,118480,3.4759456976302117,0.2125815706419253
602,0.3125,1,43,1,237628,438816,7777,118479,3.475605119756685,0.2125965601701074
603,0.3129,0,1,0,237629,438815,7777,118479,3.4755971993410215,0.21259694165018822
604,0.313,0,4,0,237633,438811,7777,118479,3.4755655176783677,0.21259846758420212
605,0.3133,9,124,9,237757,438687,7786,118470,3.4745833861361044,0.21263306392991563
606,0.314,2,27,2,237784,438660,7788,118468,3.4743695349131922,0.2126405422093307
607,0.3143,0,5,0,237789,438655,7788,118468,3.474329932834875,0.21264245058990563
608,0.3147,0,1,0,237790,438654,7788,118468,3.474322012419212,0.21264283227013114
609,0.315,17,297,17,238087,438357,7805,118451,3.471969648967178,0.21273221649114238
610,0.3157,0,1,0,238088,438356,7805,118451,3.4719617285515145,0.21273259854850962
611,0.316,0,22,0,238110,438334,7805,118451,3.4717874794069195,0.21274100415779879
612,0.3162,0,1,0,238111,438333,7805,118451,3.4717795589912557,0.21274138624673122
613,0.3167,0,111,0,238222,438222,7805,118451,3.470900392852617,0.21278380665130156
614,0.317,0,2,0,238224,438220,7805,118451,3.47088455202129,0.21278457113806898
615,0.3171,0,3,0,238227,438217,7805,118451,3.4708607907743,0.21278571787852005
616,0.3175,2,35,2,238262,438182,7807,118449,3.47058357622608,0.21279626898250367
617,0.318,0,11,0,238273,438171,7807,118449,3.4704964516537826,0.21280047429125795
618,0.3183,1,12,1,238285,438159,7808,118448,3.4704014066658218,0.21280364781614317
619,0.3185,0,1,0,238286,438158,7808,118448,3.4703934862501584,0.21280403013981164
620,0.3187,0,1,0,238287,438157,7808,118448,3.470385565834495,0.2128044124648539
621,0.319,0,1,0,238288,438156,7808,118448,3.4703776454188318,0.2128047947912699
622,0.3192,0,1,0,238289,438155,7808,118448,3.470369725003168,0.21280517711905972
623,0.3193,0,1,0,238290,438154,7808,118448,3.4703618045875047,0.21280555944822332
624,0.3196,0,1,0,238291,438153,7808,118448,3.4703538841718413,0.21280594177876072
625,0.32,722,13109,722,251400,425044,8530,117726,3.366525155240147,0.21689850212797318
626,0.321,0,3,0,251403,425041,8530,117726,3.3665013939931567,0.21689970097666217
627,0.3217,0,15,0,251418,425026,8530,117726,3.3663825877582054,0.2169056954189022
628,0.322,2,14,2,251432,425012,8532,117724,3.366271701938918,0.21690840482297102
629,0.3223,0,1,0,251433,425011,8532,117724,3.3662637815232546,0.21690880448100822
630,0.3225,6,42,6,251475,424969,8538,117718,3.365931124065391,0.2169169337021156
631,0.323,1,0,1,251475,424969,8539,117717,3.365931124065391,0.21691549072576038
632,0.3233,5,137,5,251612,424832,8544,117712,3.364846027119503,0.21696304815830605
633,0.324,0,38,0,251650,424794,8544,117712,3.3645450513242934,0.21697824540189417
634,0.3242,0,1,0,251651,424793,8544,117712,3.36453713090863,0.2169786453581073
635,0.3243,0,2,0,251653,424791,8544,117712,3.3645212900773034,0.216979445274957
636,0.3247,0,1,0,251654,424790,8544,117712,3.36451336966164,0.2169798452355936
637,0.325,12,304,12,251958,424486,8556,117700,3.362105563299962,0.21708417406572653
638,0.3257,1,2,1,251960,424484,8557,117699,3.3620897224686352,0.21708353083737408
639,0.3258,1,1,1,251961,424483,8558,117698,3.362081802052972,0.21708248721367956
640,0.326,3,21,3,251982,424462,8561,117695,3.36191547332404,0.21708656348622263
641,0.3262,0,1,0,251983,424461,8561,117695,3.361907552908377,0.2170869638996894
642,0.3267,6,106,6,252089,424355,8567,117689,3.361067988848055,0.21712075034499045
643,0.327,0,1,0,252090,424354,8567,117689,3.3610600684323915,0.217121150905002
644,0.3271,0,1,0,252091,424353,8567,117689,3.361052148016728,0.21712155146649154
645,0.3275,2,40,2,252131,424313,8569,117687,3.3607353313901913,0.21713468634686348
646,0.3276,0,1,0,252132,424312,8569,117687,3.360727410974528,0.2171350869651051
647,0.328,0,18,0,252150,424294,8569,117687,3.3605848434925867,0.21714229834625198
648,0.3283,0,16,0,252166,424278,8569,117687,3.360458116841972,0.2171487088649636
649,0.3286,0,1,0,252167,424277,8569,117687,3.3604501964263083,0.21714910953495067
650,0.3291,1,0,1,252167,424277,8570,117686,3.3604501964263083,0.21714766506200608
651,0.3292,0,3,0,252170,424274,8570,117686,3.3604264351793183,0.2171488670750609
652,0.3293,0,1,0,252171,424273,8570,117686,3.360418514763655,0.21714926774903637
653,0.3295,0,1,0,252172,424272,8570,117686,3.360410594347991,0.21714966842449046
654,0.33,804,13209,804,265381,411063,9374,116882,3.255789823849956,0.22139048575135667
655,0.3307,0,4,0,265385,411059,9374,116882,3.255758142187302,0.2213921631394417
656,0.3308,0,1,0,265386,411058,9374,116882,3.2557502217716388,0.22139258249043453
657,0.331,0,2,0,265388,411056,9374,116882,3.2557343809403116,0.22139342119718602
658,0.3317,1,13,1,265401,411043,9375,116881,3.2556314155366874,0.22139739811033407
659,0.332,1,15,1,265416,411028,9376,116880,3.255512609301736,0.22140221402214022
660,0.3325,2,43,2,265459,410985,9378,116878,3.2551720314282093,0.22141729956447032
661,0.3329,0,1,0,265460,410984,9378,116878,3.255164111012546,0.22141771902504823
662,0.333,0,3,0,265463,410981,9378,116878,3.2551403497655556,0.2214189774163176
663,0.3333,7,134,7,265597,410847,9385,116871,3.254079014066658,0.2214648732845952
664,0.334,2,30,2,265627,410817,9387,116869,3.253841401596756,0.22147451325219922
665,0.3342,1,2,1,265629,410815,9388,116868,3.253825560765429,0.22147387730891463
666,0.3343,0,3,0,265632,410812,9388,116868,3.2538017995184387,0.2214751364463311
667,0.335,17,310,17,265942,410502,9405,116851,3.2513464706627806,0.22158023183711859
668,0.3357,0,1,0,265943,410501,9405,116851,3.251338550247117,0.22158065201231814
669,0.3358,0,3,0,265946,410498,9405,116851,3.251314789000127,0.22158191254747805
670,0.336,1,29,1,265975,410469,9406,116850,3.2510850969458875,0.22159262230262897
671,0.3367,3,137,3,266112,410332,9409,116847,3.25,0.22164577875825858
672,0.337,1,1,1,266113,410331,9410,116846,3.2499920795843367,0.22164472274018024
673,0.3371,0,4,0,266117,410327,9410,116846,3.249960397921683,0.22164640450098924
674,0.3375,1,44,1,266161,410283,9411,116845,3.2496118996324928,0.22166342899637279
675,0.3379,0,1,0,266162,410282,9411,116845,3.2496039792168294,0.22166384950875215
676,0.338,2,16,2,266178,410266,9413,116843,3.249477252566215,0.2216676247227803
677,0.3381,0,1,0,266179,410265,9413,116843,3.2494693321505514,0.22166804525827724
678,0.3383,0,9,0,266188,410256,9413,116843,3.2493980484095806,0.22167183014955444
679,0.3388,0,1,0,266189,410255,9413,116843,3.2493901279939172,0.22167225070100816
680,0.3389,0,2,0,266191,410253,9413,116843,3.24937428716259,0.2216730918087028
681,0.339,0,2,0,266193,410251,9413,116843,3.2493584463312635,0.22167393292278037
682,0.3392,1,2,1,266195,410249,9414,116842,3.249342605499937,0.22167329740025915
683,0.3393,0,1,0,266196,410248,9414,116842,3.249334685084273,0.22167371796087953
684,0.3396,0,1,0,266197,410247,9414,116842,3.2493267646686097,0.22167413852309573
685,0.34,889,13236,889,279433,397011,10303,115953,3.1444921429476618,0.22604510258029803
686,0.3407,0,1,0,279434,397010,10303,115953,3.1444842225319984,0.22604554324580914
687,0.3408,0,2,0,279436,397008,10303,115953,3.1444683817006718,0.22604642458198576
688,0.3413,0,2,0,279438,397006,10303,115953,3.1444525408693447,0.22604730592503494
689,0.3414,0,1,0,279439,397005,10303,115953,3.1444446204536813,0.22604774659913676
690,0.3415,0,1,0,279440,397004,10303,115953,3.144436700038018,0.22604818727495676
691,0.3417,2,9,2,279449,396995,10305,115951,3.144365416297047,0.2260491357764755
692,0.342,0,15,0,279464,396980,10305,115951,3.1442466100620963,0.22605574628946193
693,0.3424,0,1,0,279465,396979,10305,115951,3.1442386896464325,0.22605618700407462
694,0.3425,1,46,1,279511,396933,10306,115950,3.1438743505259157,0.22607495276700534
695,0.3429,0,2,0,279513,396931,10306,115950,3.1438585096945886,0.2260758343553378
696,0.343,0,1,0,279514,396930,10306,115950,3.1438505892789252,0.22607627515208237
697,0.3433,8,138,8,279652,396792,10314,115942,3.1427575719173744,0.22612504729547875
698,0.344,1,19,1,279671,396773,10315,115941,3.1426070840197693,0.22613191759928536
699,0.3442,0,1,0,279672,396772,10315,115941,3.142599163604106,0.22613235864899076
700,0.3443,0,2,0,279674,396770,10315,115941,3.1425833227727793,0.22613324075356292
701,0.345,15,266,15,279940,396504,10330,115926,3.140476492206311,0.22622797260113575
702,0.3453,0,1,0,279941,396503,10330,115926,3.1404685717906475,0.22622841408273145
703,0.3457,0,5,0,279946,396498,10330,115926,3.1404289697123304,0.2262306215165566
704,0.3458,0,1,0,279947,396497,10330,115926,3.140421049296667,0.22623106300849102
705,0.346,2,21,2,279968,396476,10332,115924,3.1402547205677354,0.22623731459797033
706,0.3467,7,129,7,280097,396347,10339,115917,3.139232986947155,0.22628371308544032
707,0.347,0,1,0,280098,396346,10339,115917,3.1392250665314916,0.22628415481891137
708,0.3471,0,1,0,280099,396345,10339,115917,3.1392171461158282,0.22628459655410707
709,0.3473,0,2,0,280101,396343,10339,115917,3.139201305284501,0.22628548002967244
710,0.3474,0,1,0,280102,396342,10339,115917,3.139193384868838,0.22628592177004211
711,0.3475,4,49,4,280151,396293,10343,115913,3.1388052845013306,0.22630152711994783
712,0.3478,0,1,0,280152,396292,10343,115913,3.1387973640856672,0.2263019689382181
713,0.348,0,9,0,280161,396283,10343,115913,3.1387260803446964,0.22630594538028412
714,0.3483,1,13,1,280174,396270,10344,115912,3.138623114941072,0.2263101788036284
715,0.3486,0,1,0,280175,396269,10344,115912,3.138615194525409,0.22631062065949342
716,0.349,0,2,0,280177,396267,10344,115912,3.1385993536940817,0.22631150437639966
717,0.3492,0,3,0,280180,396264,10344,115912,3.1385755924470917,0.22631282996469965
718,0.35,882,13243,882,293423,383021,11226,115030,3.0336855278165,0.23096028318385065
719,0.3503,0,1,0,293424,383020,11226,115030,3.0336776074008363,0.23096074691296054
720,0.3505,0,1,0,293425,383019,11226,115030,3.033669686985173,0.23096121064393263
721,0.3507,0,1,0,293426,383018,11226,115030,3.0336617665695096,0.2309616743767669
722,0.3508,0,2,0,293428,383016,11226,115030,3.033645925738183,0.23096260184802206
723,0.351,1,1,1,293429,383015,11227,115029,3.033638005322519,0.23096152147199847
724,0.3517,1,11,1,293440,383004,11228,115028,3.0335508807502216,0.23096507854916953
725,0.352,1,9,1,293449,382995,11229,115027,3.033479597009251,0.23096770825385224
726,0.3525,3,49,3,293498,382946,11232,115024,3.033091496641744,0.23098580235757174
727,0.3527,0,1,0,293499,382945,11232,115024,3.03308357622608,0.23098626621335866
728,0.3529,0,1,0,293500,382944,11232,115024,3.033075655810417,0.2309867300710086
729,0.353,0,3,0,293503,382941,11232,115024,3.033051894563427,0.2309881216551364
730,0.3532,0,1,0,293504,382940,11232,115024,3.033043974147763,0.2309885855202384
731,0.3533,8,132,8,293636,382808,11240,115016,3.0319984792801926,0.23103747509159864
732,0.354,1,14,1,293650,382794,11241,115015,3.0318875934609046,0.23104242791914167
733,0.3542,0,2,0,293652,382792,11241,115015,3.031871752629578,0.23104335616011829
734,0.3543,0,2,0,293654,382790,11241,115015,3.0318559117982513,0.23104428440855354
735,0.355,22,323,22,293977,382467,11263,114993,3.0292976175389685,0.2311602942950187
736,0.3556,0,1,0,293978,382466,11263,114993,3.029289697123305,0.23116075897712174
737,0.3557,0,1,0,293979,382465,11263,114993,3.0292817767076414,0.23116122366109298
738,0.3558,1,3,1,293982,382462,11264,114992,3.0292580154606514,0.2311610721795382
739,0.356,4,14,4,293996,382448,11268,114988,3.0291471296413635,0.23116139563682564
740,0.3562,0,2,0,293998,382446,11268,114988,3.029131288810037,0.23116232505216772
741,0.3567,5,134,5,294132,382312,11273,114983,3.0280699531111392,0.23121688333886325
742,0.357,1,3,1,294135,382309,11274,114982,3.0280461918641493,0.23121673225535955
743,0.3571,0,3,0,294138,382306,11274,114982,3.028022430617159,0.23121812712150705
744,0.3573,0,4,0,294142,382302,11274,114982,3.027990748954505,0.23121998696921678
745,0.3574,0,1,0,294143,382301,11274,114982,3.0279828285388417,0.23122045193581925
746,0.3575,1,45,1,294188,382256,11275,114981,3.0276264098339882,0.23123983130780695
747,0.358,2,18,2,294206,382238,11277,114979,3.0274838423520465,0.23124511028383984
748,0.3583,1,17,1,294223,382221,11278,114978,3.0273491952857685,0.23125147073908034
749,0.3586,0,2,0,294225,382219,11278,114978,3.027333354454442,0.23125240095978053
750,0.3587,0,1,0,294226,382218,11278,114978,3.0273254340387785,0.23125286607293702
751,0.359,0,2,0,294228,382216,11278,114978,3.0273095932074514,0.2312537963048629
752,0.3593,0,1,0,294229,382215,11278,114978,3.027301672791788,0.23125426142363228
753,0.36,963,13075,963,307304,369140,12241,114015,2.92374223799265,0.23598017199449453
754,0.3603,0,1,0,307305,369139,12241,114015,2.9237343175769865,0.23598066041055232
755,0.3608,1,2,1,307307,369137,12242,114014,2.9237184767456594,0.23598005592454532
756,0.3617,1,14,1,307321,369123,12243,114013,2.923607590926372,0.23598531262418865
757,0.362,1,17,1,307338,369106,12244,114012,2.923472943860094,0.23599203507217698
758,0.3621,0,1,0,307339,369105,12244,114012,2.92346502344443,0.23599252355019593
759,0.3623,1,0,1,307339,369105,12245,114011,2.92346502344443,0.23599094213398025
760,0.3625,3,47,3,307386,369058,12248,114008,2.92309276390825,0.23600915816886306
761,0.3629,0,2,0,307388,369056,12248,114008,2.923076923076923,0.23601013530298262
762,0.363,0,1,0,307389,369055,12248,114008,2.9230690026612596,0.23601062387307659
763,0.3633,10,129,10,307518,368926,12258,113998,2.922047269040679,0.23605784761163248
764,0.3638,0,1,0,307519,368925,12258,113998,2.922039348625016,0.23605833642216253
765,0.364,2,16,2,307535,368909,12260,113996,2.921912621974401,0.23606299375653597
766,0.3642,0,3,0,307538,368906,12260,113996,2.921888860727411,0.23606446028386713
767,0.3643,0,1,0,307539,368905,12260,113996,2.9218809403117474,0.23606494913036005
768,0.3645,0,1,0,307540,368904,12260,113996,2.921873019896084,0.2360654379788776
769,0.3647,0,3,0,307543,368901,12260,113996,2.921849258649094,0.2360669045365782
770,0.365,31,342,31,307885,368559,12291,113965,2.919140476492206,0.23618514312241465
771,0.3652,1,0,1,307885,368559,12292,113964,2.919140476492206,0.236183560161899
772,0.3653,0,1,0,307886,368558,12292,113964,2.919132556076543,0.23618404963918743
773,0.3656,0,1,0,307887,368557,12292,113964,2.9191246356608795,0.23618453911850468
774,0.3657,0,2,0,307889,368555,12292,113964,2.9191087948295524,0.23618551808322574
775,0.3658,0,3,0,307892,368552,12292,113964,2.9190850335825624,0.2361869865455239
776,0.366,1,17,1,307909,368535,12293,113963,2.9189503865162845,0.23619372515533743
777,0.3662,0,1,0,307910,368534,12293,113963,2.918942466100621,0.236194214679055
778,0.3663,0,1,0,307911,368533,12293,113963,2.9189345456849574,0.2361947042048017
779,0.3667,9,134,9,308045,368399,12302,113954,2.9178732099860603,0.23624606875047943
780,0.3669,1,0,1,308045,368399,12303,113953,2.9178732099860603,0.23624448535509338
781,0.367,0,1,0,308046,368398,12303,113953,2.9178652895703965,0.23624497513221698
782,0.3671,0,2,0,308048,368396,12303,113953,2.91784944873907,0.23624595469255663
783,0.3675,2,50,2,308098,368346,12305,113951,2.9174534279558992,0.23626727929056163
784,0.368,1,20,1,308118,368326,12306,113950,2.917295019642631,0.2362754937007025
785,0.3682,0,1,0,308119,368325,12306,113950,2.9172870992269675,0.23627598361930433
786,0.3683,2,22,2,308141,368303,12308,113948,2.9171128500823724,0.23628359505734567
787,0.3685,0,1,0,308142,368302,12308,113948,2.917104929666709,0.23628408501814413
788,0.3686,0,1,0,308143,368301,12308,113948,2.9170970092510453,0.23628457498097455
789,0.3688,0,2,0,308145,368299,12308,113948,2.9170811684197187,0.23628555491273145
790,0.369,0,1,0,308146,368298,12308,113948,2.9170732480040553,0.23628604488165791
791,0.3691,1,0,1,308146,368298,12309,113947,2.9170732480040553,0.2362844612178457
792,0.3692,0,2,0,308148,368296,12309,113947,2.917057407172728,0.23628544115725889
793,0.3693,0,1,0,308149,368295,12309,113947,2.917049486757065,0.23628593113001356
794,0.37,1065,12951,1065,321100,355344,13374,112882,2.81447218350019,0.24108443358549075
795,0.3708,0,1,0,321101,355343,13374,112882,2.8144642630845267,0.24108494847562603
796,0.371,0,1,0,321102,355342,13374,112882,2.8144563426688634,0.24108546336796063
797,0.3712,0,1,0,321103,355341,13374,112882,2.8144484222532,0.2410859782624946
798,0.3713,0,2,0,321105,355339,13374,112882,2.814432581421873,0.24108700805816058
799,0.3715,0,1,0,321106,355338,13374,112882,2.8144246610062096,0.24108752295929264
800,0.3717,1,4,1,321110,355334,13375,112881,2.814392979343556,0.2410879617269844
801,0.372,0,17,0,321127,355317,13375,112881,2.814258332277278,0.24109671549216358
802,0.3721,0,2,0,321129,355315,13375,112881,2.814242491445951,0.24109774538868337
803,0.3725,4,47,4,321176,355268,13379,112877,2.8138702319097706,0.24111546636191777
804,0.3729,0,2,0,321178,355266,13379,112877,2.813854391078444,0.241116496455143
805,0.3733,14,136,14,321314,355130,13393,112863,2.8127772145482193,0.24116386356206182
806,0.3738,0,1,0,321315,355129,13393,112863,2.812769294132556,0.2411643788782714
807,0.374,0,29,0,321344,355100,13393,112863,2.812539602078317,0.24117932400638512
808,0.375,24,356,24,321700,354744,13417,112839,2.8097199341021417,0.24132400023097503
809,0.3755,0,1,0,321701,354743,13417,112839,2.8097120136864784,0.24132451634151872
810,0.3757,0,8,0,321709,354735,13417,112839,2.809648650361171,0.24132864530534204
811,0.3758,0,2,0,321711,354733,13417,112839,2.809632809529844,0.2413296775683745
812,0.376,2,35,2,321746,354698,13419,112837,2.8093555949816245,0.2413444982728566
813,0.3767,13,134,13,321880,354564,13432,112824,2.8082942592827274,0.2413925903104059
814,0.3773,0,3,0,321883,354561,13432,112824,2.808270498035737,0.24139413973490806
815,0.3775,5,43,5,321926,354518,13437,112819,2.80792992016221,0.24140823431485203
816,0.3779,0,1,0,321927,354517,13437,112819,2.8079219997465468,0.24140875087731312
817,0.378,1,19,1,321946,354498,13438,112818,2.8077715118489417,0.24141694271114192
818,0.3783,0,11,0,321957,354487,13438,112818,2.807684387276644,0.2414226254801468
819,0.3788,0,1,0,321958,354486,13438,112818,2.807676466860981,0.24142314210877716
820,0.3789,0,1,0,321959,354485,13438,112818,2.8076685464453175,0.24142365873961863
821,0.379,0,4,0,321963,354481,13438,112818,2.8076368647826637,0.24142572528509584
822,0.3792,0,2,0,321965,354479,13438,112818,2.807621023951337,0.24142675857110146
823,0.3793,0,2,0,321967,354477,13438,112818,2.80760518312001,0.24142779186595192
824,0.3794,0,1,0,321968,354476,13438,112818,2.8075972627043466,0.24142830851669397
825,0.38,1121,13248,1121,335216,341228,14559,111697,2.702667595995438,0.24661257382568857
826,0.3808,0,2,0,335218,341226,14559,111697,2.702651755164111,0.24661366280802696
827,0.381,0,2,0,335220,341224,14559,111697,2.702635914332784,0.24661475179998277
828,0.3813,0,1,0,335221,341223,14559,111697,2.7026279939171207,0.24661529629956724
829,0.3817,1,11,1,335232,341212,14560,111696,2.702540869344823,0.24661962252819558
830,0.382,1,7,1,335239,341205,14561,111695,2.7024854264351794,0.2466217708103334
831,0.3823,0,1,0,335240,341204,14561,111695,2.702477506019516,0.24662231535066317
832,0.3825,6,58,6,335298,341146,14567,111689,2.702018121911038,0.24664392107500524
833,0.3827,0,3,0,335301,341143,14567,111689,2.7019943606640475,0.24664555508444633
834,0.3829,0,3,0,335304,341140,14567,111689,2.7019705994170575,0.2466471891155381
835,0.3833,11,133,11,335437,341007,14578,111678,2.7009171841338233,0.24670134861990126
836,0.3835,0,1,0,335438,341006,14578,111678,2.70090926371816,0.2467018935946488
837,0.3838,0,1,0,335439,341005,14578,111678,2.7009013433024966,0.2467024385718041
838,0.384,2,25,2,335464,340980,14580,111676,2.700703332910911,0.24671273549892192
839,0.3842,0,1,0,335465,340979,14580,111676,2.700695412495248,0.24671328053373984
840,0.3843,1,2,1,335467,340977,14581,111675,2.700679571663921,0.24671270644998808
841,0.385,25,328,25,335795,340649,14606,111650,2.6980816753263213,0.24684998198094624
842,0.3857,0,2,0,335797,340647,14606,111650,2.698065834494994,0.24685107352027538
843,0.3858,0,1,0,335798,340646,14606,111650,2.698057914079331,0.24685161929355998
844,0.386,1,25,1,335823,340621,14607,111649,2.6978599036877458,0.2468635991774825
845,0.3862,0,2,0,335825,340619,14607,111649,2.6978440628564186,0.2468646908470199
846,0.3864,0,1,0,335826,340618,14607,111649,2.6978361424407553,0.24686523668540927
847,0.3865,0,1,0,335827,340617,14607,111649,2.697828222025092,0.24686578252621244
848,0.3867,9,129,9,335956,340488,14616,111640,2.6968064884045115,0.2469212258475476
849,0.387,0,1,0,335957,340487,14616,111640,2.696798567988848,0.24692177197999676
850,0.3871,0,2,0,335959,340485,14616,111640,2.696782727157521,0.24692286425214266
851,0.3875,4,43,4,336002,340442,14620,111636,2.6964421492839943,0.24693968739907715
852,0.3877,0,1,0,336003,340441,14620,111636,2.696434228868331,0.2469402336327661
853,0.3879,0,1,0,336004,340440,14620,111636,2.6964263084526676,0.2469407798688716
854,0.388,1,10,1,336014,340430,14621,111635,2.6963471042960334,0.24694457655425658
855,0.3883,3,11,3,336025,340419,14624,111632,2.696259979723736,0.2469455879978144
856,0.3885,1,0,1,336025,340419,14625,111631,2.696259979723736,0.24694392213250746
857,0.3886,0,1,0,336026,340418,14625,111631,2.6962520593080725,0.2469444684093981
858,0.3888,0,1,0,336027,340417,14625,111631,2.696244138892409,0.2469450146887056
859,0.389,0,4,0,336031,340413,14625,111631,2.6962124572297554,0.24694719983010505
860,0.3892,0,1,0,336032,340412,14625,111631,2.696204536814092,0.24694774612149728
861,0.39,1127,13058,1127,349090,327354,15752,110504,2.592779749081232,0.2523740573427915
862,0.3906,0,1,0,349091,327353,15752,110504,2.5927718286655685,0.25237463372744984
863,0.3914,0,1,0,349092,327352,15752,110504,2.5927639082499048,0.2523752101147409
864,0.3915,0,1,0,349093,327351,15752,110504,2.5927559878342414,0.2523757865046648
865,0.3917,0,10,0,349103,327341,15752,110504,2.5926767836776072,0.25238155054871014
866,0.392,0,14,0,349117,327327,15752,110504,2.5925658978583197,0.2523896206527176
867,0.3925,3,40,3,349157,327287,15755,110501,2.592249081231783,0.2524075579961077
868,0.3927,1,0,1,349157,327287,15756,110500,2.592249081231783,0.25240585033360974
869,0.393,0,1,0,349158,327286,15756,110500,2.5922411608161195,0.25240642688436815
870,0.3933,5,134,5,349292,327152,15761,110495,2.591179825117222,0.2524751683434366
871,0.3938,0,1,0,349293,327151,15761,110495,2.5911719047015587,0.25247574523701805
872,0.394,2,23,2,349316,327128,15763,110493,2.5909897351413003,0.25248559826882166
873,0.3942,0,3,0,349319,327125,15763,110493,2.59096597389431,0.2524873291317999
874,0.3943,0,4,0,349323,327121,15763,110493,2.5909342922316565,0.2524896369860196
875,0.3947,0,1,0,349324,327120,15763,110493,2.5909263718159927,0.2524902139561668
876,0.395,25,321,25,349645,326799,15788,110468,2.588383918388037,0.25263283074185794
877,0.3953,0,1,0,349646,326798,15788,110468,2.5883759979723737,0.2526334084973449
878,0.3957,0,4,0,349650,326794,15788,110468,2.58834431630972,0.25263571954571856
879,0.3958,0,2,0,349652,326792,15788,110468,2.5883284754783933,0.2526368750857613
880,0.396,3,38,3,349690,326754,15791,110465,2.5880274996831836,0.25265370443644947
881,0.3962,1,0,1,349690,326754,15792,110464,2.5880274996831836,0.25265199511456526
882,0.3967,9,147,9,349837,326607,15801,110455,2.5868631985806614,0.25272158183507143
883,0.3971,1,3,1,349840,326604,15802,110454,2.5868394373336714,0.25272160674326977
884,0.3975,6,50,6,349890,326554,15808,110448,2.5864434165505004,0.2527402620582972
885,0.398,0,23,0,349913,326531,15808,110448,2.586261246990242,0.2527535648166159
886,0.3983,0,12,0,349925,326519,15808,110448,2.586166202002281,0.2527605059420963
887,0.3986,0,3,0,349928,326516,15808,110448,2.5861424407552907,0.25276224128303476
888,0.3987,0,2,0,349930,326514,15808,110448,2.586126599923964,0.25276339819023164
889,0.399,0,3,0,349933,326511,15808,110448,2.5861028386769735,0.2527651335708842
890,0.3992,0,7,0,349940,326504,15808,110448,2.58604739576733,0.2527691828850766
891,0.3993,0,1,0,349941,326503,15808,110448,2.5860394753516665,0.25276976136912377
892,0.3997,0,1,0,349942,326502,15808,110448,2.586031554936003,0.25277033985581876
893,0.4,1230,12745,1230,362687,313757,17038,109218,2.4850858573057915,0.2582138424256753
894,0.4008,0,1,0,362688,313756,17038,109218,2.485077936890128,0.25821445289781403
895,0.401,0,3,0,362691,313753,17038,109218,2.4850541756431377,0.2582162843315499
896,0.4013,0,1,0,362692,313752,17038,109218,2.4850462552274744,0.25821689481523513
897,0.4014,0,2,0,362694,313750,17038,109218,2.4850304143961477,0.2582181157912655
898,0.4017,1,7,1,362701,313743,17039,109217,2.4849749714865035,0.2582206355210895
899,0.402,3,19,3,362720,313724,17042,109214,2.484824483588899,0.25822697416642626
900,0.4025,2,48,2,362768,313676,17044,109212,2.484444303637055,0.2582527761487675
901,0.4029,1,2,1,362770,313674,17045,109211,2.4844284628057283,0.25825224351774123
902,0.4032,0,1,0,362771,313673,17045,109211,2.4844205423900645,0.25825285421061095
903,0.4033,8,133,8,362904,313540,17053,109203,2.4833671271068307,0.25832006680181574
904,0.4035,0,1,0,362905,313539,17053,109203,2.483359206691167,0.2583206778602552
905,0.4037,0,1,0,362906,313538,17053,109203,2.4833512862755036,0.25832128892158557
906,0.4038,0,1,0,362907,313537,17053,109203,2.4833433658598403,0.2583218999858069
907,0.404,3,28,3,362935,313509,17056,109200,2.4831215942212648,0.2583337473297233
908,0.4042,0,2,0,362937,313507,17056,109200,2.483105753389938,0.2583349696125212
909,0.4043,0,3,0,362940,313504,17056,109200,2.4830819921429477,0.25833680305840495
910,0.4046,0,3,0,362943,313501,17056,109200,2.4830582308959572,0.2583386365303134
911,0.405,30,302,30,363245,313199,17086,109170,2.480666265365606,0.2584706737473631
912,0.4057,0,3,0,363248,313196,17086,109170,2.480642504118616,0.25847250962435425
913,0.4058,0,1,0,363249,313195,17086,109170,2.480634583702953,0.2584731215891468
914,0.406,2,29,2,363278,313166,17088,109168,2.4804048916487136,0.2584873583467114
915,0.4067,11,136,11,363414,313030,17099,109157,2.4793277151184894,0.2585513054641663
916,0.4071,1,0,1,363414,313030,17100,109156,2.4793277151184894,0.25854954925080414
917,0.4073,1,1,1,363415,313029,17101,109155,2.479319794702826,0.25854840543459723
918,0.4075,3,43,3,363458,312986,17104,109152,2.4789792168292992,0.25856947254215445
919,0.4078,0,1,0,363459,312985,17104,109152,2.478971296413636,0.25857008506717016
920,0.408,5,19,5,363478,312966,17109,109147,2.478820808516031,0.2585729413687804
921,0.4083,0,4,0,363482,312962,17109,109147,2.478789126853377,0.2585753916642384
922,0.4085,0,1,0,363483,312961,17109,109147,2.4787812064377137,0.258576004245359
923,0.409,0,5,0,363488,312956,17109,109147,2.4787416043593966,0.2585790671944999
924,0.4092,0,3,0,363491,312953,17109,109147,2.4787178431124066,0.2585809049988154
925,0.4095,0,1,0,363492,312952,17109,109147,2.4787099226967433,0.25858151760605924
926,0.41,1269,12923,1269,376415,300029,18378,107878,2.376354391078444,0.26446714569742613
927,0.4103,1,0,1,376415,300029,18379,107877,2.376354391078444,0.2644653425053811
928,0.4105,0,1,0,376416,300028,18379,107877,2.3763464706627806,0.26446599085571393
929,0.411,0,1,0,376417,300027,18379,107877,2.376338550247117,0.2644666392092257
930,0.4113,0,1,0,376418,300026,18379,107877,2.3763306298314535,0.2644672875659164
931,0.4115,0,1,0,376419,300025,18379,107877,2.37632270941579,0.2644679359257861
932,0.4117,1,12,1,376431,300013,18380,107876,2.3762276644278293,0.26447391324600567
933,0.412,1,12,1,376443,300001,18381,107875,2.3761326194398684,0.26447989094724866
934,0.4124,0,1,0,376444,300000,18381,107875,2.3761246990242046,0.2644805393809378
935,0.4125,2,43,2,376487,299957,18383,107873,2.375784121150678,0.26450481818404725
936,0.4127,0,1,0,376488,299956,18383,107873,2.3757762007350145,0.26450546675199654
937,0.4129,0,1,0,376489,299955,18383,107873,2.375768280319351,0.2645061153231264
938,0.413,0,2,0,376491,299953,18383,107873,2.3757524394880245,0.26450741247492804
939,0.4133,12,128,12,376619,299825,18395,107861,2.3747386262831074,0.2645688103098954
940,0.4137,0,2,0,376621,299823,18395,107861,2.3747227854517807,0.2645701082210732
941,0.4138,0,2,0,376623,299821,18395,107861,2.3747069446204536,0.26457140614498553
942,0.414,3,26,3,376649,299795,18398,107858,2.3745010138132048,0.2645828682727712
943,0.4142,0,1,0,376650,299794,18398,107858,2.3744930933975414,0.26458351731378726
944,0.4143,2,2,2,376652,299792,18400,107856,2.374477252566215,0.26458120731611584
945,0.415,30,332,30,376984,299460,18430,107826,2.371847674565961,0.2647427115098481
946,0.4157,0,2,0,376986,299458,18430,107826,2.3718318337346345,0.2647440115496803
947,0.4158,0,1,0,376987,299457,18430,107826,2.371823913318971,0.2647446615743844
948,0.416,2,18,2,377005,299439,18432,107824,2.3716813458370294,0.26475275190724423
949,0.4162,0,2,0,377007,299437,18432,107824,2.3716655050057027,0.2647540520698029
950,0.4167,15,137,15,377144,299300,18447,107809,2.370580408059815,0.26481605663348146
951,0.417,0,1,0,377145,299299,18447,107809,2.3705724876441514,0.264816707114574
952,0.4171,2,0,2,377145,299299,18449,107807,2.3705724876441514,0.26481309536091335
953,0.4175,4,45,4,377190,299254,18453,107803,2.370216068939298,0.2648351459377925
954,0.418,2,18,2,377208,299236,18455,107801,2.3700735014573566,0.26484324520866653
955,0.4183,0,11,0,377219,299225,18455,107801,2.369986376885059,0.26485040267697885
956,0.4185,0,1,0,377220,299224,18455,107801,2.3699784564693953,0.2648510533750998
957,0.419,0,4,0,377224,299220,18455,107801,2.369946774806742,0.26485365619955725
958,0.4192,1,0,1,377224,299220,18456,107800,2.369946774806742,0.26485185003193945
959,0.42,1282,12768,1282,389992,286452,19738,106518,2.268818907616272,0.2710588594549202
960,0.4203,0,1,0,389993,286451,19738,106518,2.268810987200608,0.2710595492265293
961,0.4208,0,1,0,389994,286450,19738,106518,2.268803066784945,0.271060239001649
962,0.421,1,0,1,389994,286450,19739,106517,2.268803066784945,0.27105838403733645
963,0.4213,0,1,0,389995,286449,19739,106517,2.2687951463692815,0.27105907381300165
964,0.4217,0,9,0,390004,286440,19739,106517,2.2687238626283106,0.2710652819519693
965,0.422,3,16,3,390020,286424,19742,106514,2.268597135977696,0.27107075416477916
966,0.4225,1,39,1,390059,286385,19743,106513,2.268288239766823,0.2710958060361722
967,0.4226,0,1,0,390060,286384,19743,106513,2.2682803193511596,0.2710964960282211
968,0.4229,0,2,0,390062,286382,19743,106513,2.268264478519833,0.27109787602285595
969,0.423,0,4,0,390066,286378,19743,106513,2.268232796857179,0.2711006360542746
970,0.4233,12,141,12,390207,286237,19755,106501,2.267116018248638,0.2711756947379678
971,0.424,1,26,1,390233,286211,19756,106500,2.266910087441389,0.2711917924376959
972,0.4242,0,3,0,390236,286208,19756,106500,2.2668863261943986,0.27119386414333296
973,0.4245,0,1,0,390237,286207,19756,106500,2.2668784057787352,0.2711945547189126
974,0.4247,1,0,1,390237,286207,19757,106499,2.2668784057787352,0.27119269886378106
975,0.425,40,294,40,390531,285913,19797,106459,2.2645498035736917,0.2713216029686114
976,0.4257,0,1,0,390532,285912,19797,106459,2.264541883158028,0.2713222944611095
977,0.4258,0,2,0,390534,285910,19797,106459,2.2645260423267013,0.2713236774566798
978,0.426,2,13,2,390547,285897,19799,106457,2.264423076923077,0.2713289529353594
979,0.4267,11,127,11,390674,285770,19810,106446,2.2634171841338233,0.2713963734268872
980,0.4271,0,4,0,390678,285766,19810,106446,2.2633855024711695,0.27139914128073594
981,0.4273,1,1,1,390679,285765,19811,106445,2.263377582055506,0.27139797557430967
982,0.4275,7,61,7,390740,285704,19818,106438,2.262894436700038,0.2714271870903907
983,0.428,1,10,1,390750,285694,19819,106437,2.262815232543404,0.2714322509569506
984,0.4283,2,12,2,390762,285682,19821,106435,2.262720187555443,0.2714368415549441
985,0.4287,0,1,0,390763,285681,19821,106435,2.2627122671397797,0.27143753379102104
986,0.4288,0,1,0,390764,285680,19821,106435,2.262704346724116,0.2714382260306288
987,0.429,1,2,1,390766,285678,19822,106434,2.2626885058927892,0.2714377524788836
988,0.4293,0,1,0,390767,285677,19822,106434,2.262680585477126,0.27143844472611073
989,0.4295,0,1,0,390768,285676,19822,106434,2.2626726650614626,0.2714391369768687
990,0.43,1380,12357,1380,403125,273319,21202,105054,2.1648000887086556,0.277646660834679
991,0.4307,0,3,0,403128,273316,21202,105054,2.164776327461665,0.2776488622248064
992,0.4308,0,6,0,403134,273310,21202,105054,2.1647288049676847,0.27765326510978844
993,0.4311,0,1,0,403135,273309,21202,105054,2.1647208845520214,0.27765399893752823
994,0.4313,0,1,0,403136,273308,21202,105054,2.164712964136358,0.277654732769147
995,0.4317,4,17,4,403153,273291,21206,105050,2.1645783170700796,0.2776595716562572
996,0.432,1,12,1,403165,273279,21207,105049,2.1644832720821188,0.2776664693070563
997,0.4325,6,53,6,403218,273226,21213,105043,2.1640634900519577,0.2776939162342143
998,0.433,0,1,0,403219,273225,21213,105043,2.1640555696362944,0.2776946503537175
999,0.4333,11,137,11,403356,273088,21224,105032,2.162970472690407,0.27777425156035124
1000,0.434,2,26,2,403382,273062,21226,105030,2.162764541883158,0.27778953270632545
1001,0.4342,0,3,0,403385,273059,21226,105030,2.1627407806361676,0.2777917368661876
1002,0.4343,0,2,0,403387,273057,21226,105030,2.162724939804841,0.27779320632552823
1003,0.4347,0,1,0,403388,273056,21226,105030,2.1627170193891776,0.27779394106102845
1004,0.435,29,326,29,403714,272730,21255,105001,2.1601349638829044,0.27797824377665586
1005,0.4353,0,2,0,403716,272728,21255,105001,2.1601191230515777,0.2779797156162222
1006,0.4357,1,3,1,403719,272725,21256,105000,2.1600953618045877,0.2779800119134291
1007,0.4358,0,1,0,403720,272724,21256,105000,2.160087441388924,0.27798074784763477
1008,0.436,2,23,2,403743,272701,21258,104998,2.1599052718286655,0.2779938522474245
1009,0.4367,9,138,9,403881,272563,21267,104989,2.1588122544671142,0.2780782514726448
1010,0.437,0,1,0,403882,272562,21267,104989,2.158804334051451,0.2780789880042696
1011,0.4371,0,1,0,403883,272561,21267,104989,2.1587964136357876,0.27807972453979607
1012,0.4375,2,39,2,403922,272522,21269,104987,2.1584875174249145,0.2781046279691345
1013,0.4376,0,1,0,403923,272521,21269,104987,2.158479597009251,0.2781053646545239
1014,0.4379,0,1,0,403924,272520,21269,104987,2.158471676593588,0.27810610134381614
1015,0.438,2,12,2,403936,272508,21271,104985,2.1583766316056265,0.2781111172922412
1016,0.4381,0,1,0,403937,272507,21271,104985,2.158368711189963,0.2781118540260456
1017,0.4383,0,14,0,403951,272493,21271,104985,2.1582578253706752,0.2781221687091698
1018,0.4386,0,1,0,403952,272492,21271,104985,2.158249904955012,0.27812290550152724
1019,0.4387,0,1,0,403953,272491,21271,104985,2.1582419845393486,0.27812364229778846
1020,0.4389,0,1,0,403954,272490,21271,104985,2.1582340641236852,0.2781243790979535
1021,0.439,0,2,0,403956,272488,21271,104985,2.1582182232923586,0.2781258527099951
1022,0.4392,1,2,1,403958,272486,21272,104984,2.1582023824610315,0.2781254139401807
1023,0.4393,0,1,0,403959,272485,21272,104984,2.158194462045368,0.2781261507567509
1024,0.44,1484,12215,1484,416174,260270,22756,103500,2.061446584716766,0.2845204387387635
1025,0.441,0,3,0,416177,260267,22756,103500,2.061422823469776,0.2845227851894207
1026,0.4414,0,2,0,416179,260265,22756,103500,2.0614069826384487,0.28452434951136035
1027,0.4415,0,1,0,416180,260264,22756,103500,2.0613990622227853,0.28452513167878074
1028,0.4417,0,10,0,416190,260254,22756,103500,2.061319858066151,0.2845329535895138
1029,0.442,1,10,1,416200,260244,22757,103499,2.0612406539095174,0.2845388089942624
1030,0.4421,0,1,0,416201,260243,22757,103499,2.0612327334938536,0.28453959124874223
1031,0.4425,5,49,5,416250,260194,22762,103494,2.0608446331263464,0.284568091331031
1032,0.4429,1,2,1,416252,260192,22763,103493,2.0608287922950197,0.2845676890715867
1033,0.443,0,4,0,416256,260188,22763,103493,2.060797110632366,0.2845708189319761
1034,0.4433,16,139,16,416395,260049,22779,103477,2.0596961728551513,0.2846481407107057
1035,0.4435,0,1,0,416396,260048,22779,103477,2.059688252439488,0.2846489237328932
1036,0.4438,0,1,0,416397,260047,22779,103477,2.0596803320238246,0.28464970675938867
1037,0.444,1,20,1,416417,260027,22780,103476,2.059521923710556,0.2846634003020608
1038,0.4442,1,1,1,416418,260026,22781,103475,2.059514003294893,0.2846622155097235
1039,0.4443,1,4,1,416422,260022,22782,103474,2.059482321632239,0.284663380064705
1040,0.4445,0,2,0,416424,260020,22782,103474,2.0594664808009124,0.2846649463264868
1041,0.4447,0,1,0,416425,260019,22782,103474,2.059458560385249,0.2846657294638411
1042,0.445,31,304,31,416729,259715,22813,103443,2.057050754023571,0.2848429609150838
1043,0.4453,0,1,0,416730,259714,22813,103443,2.0570428336079076,0.28484374526719847
1044,0.4455,1,1,1,416731,259713,22814,103442,2.0570349131922443,0.2848425603392491
1045,0.4457,0,3,0,416734,259710,22814,103442,2.0570111519452543,0.28484491342468166
1046,0.4458,0,2,0,416736,259708,22814,103442,2.056995311113927,0.28484648216990227
1047,0.446,6,23,6,416759,259685,22820,103436,2.056813141553669,0.284852707499704
1048,0.4461,0,1,0,416760,259684,22820,103436,2.0568052211380055,0.2848534919585812
1049,0.4462,0,2,0,416762,259682,22820,103436,2.0567893803066783,0.2848550608892977
1050,0.4467,18,133,18,416895,259549,22838,103418,2.0557359650234446,0.2849239738047811
1051,0.447,0,1,0,416896,259548,22838,103418,2.055728044607781,0.2849247587928346
1052,0.4473,0,5,0,416901,259543,22838,103418,2.055688442529464,0.2849286837979838
1053,0.4475,4,42,4,416943,259501,22842,103414,2.0553557850716007,0.28495377705523334
1054,0.4477,0,1,0,416944,259500,22842,103414,2.0553478646559373,0.28495456223788557
1055,0.4479,0,1,0,416945,259499,22842,103414,2.0553399442402736,0.2849553474248649
1056,0.448,2,9,2,416954,259490,22844,103412,2.055268660499303,0.284958473637511
1057,0.4482,0,1,0,416955,259489,22844,103412,2.05526074008364,0.28495925886123213
1058,0.4483,2,16,2,416971,259473,22846,103410,2.055134013433025,0.2849678822099685
1059,0.4485,0,1,0,416972,259472,22846,103410,2.0551260930173614,0.28496866750073024
1060,0.4486,0,1,0,416973,259471,22846,103410,2.055118172601698,0.28496945279582014
1061,0.4487,0,1,0,416974,259470,22846,103410,2.0551102521860347,0.2849702380952381
1062,0.449,0,3,0,416977,259467,22846,103410,2.0550864909390443,0.2849725940194611
1063,0.4492,0,4,0,416981,259463,22846,103410,2.055054809276391,0.2849757353123545
1064,0.4493,0,1,0,416982,259462,22846,103410,2.0550468888607276,0.2849765206463987
1065,0.4496,0,1,0,416983,259461,22846,103410,2.055038968445064,0.28497730598477145
1066,0.45,1564,11994,1564,428977,247467,24410,101846,1.9600415029780762,0.29156086375256574
1067,0.4507,0,2,0,428979,247465,24410,101846,1.9600256621467496,0.2915625331008757
1068,0.4508,0,1,0,428980,247464,24410,101846,1.960017741731086,0.2915633677821992
1069,0.451,0,4,0,428984,247460,24410,101846,1.9599860600684325,0.2915667065552839
1070,0.4513,1,0,1,428984,247460,24411,101845,1.9599860600684325,0.2915646784328882
1071,0.4517,1,13,1,428997,247447,24412,101844,1.959883094664808,0.29157350175068925
1072,0.452,2,6,2,429003,247441,24414,101842,1.9598355721708276,0.2915744539528119
1073,0.4525,4,54,4,429057,247387,24418,101838,1.9594078697250032,0.29161142529887607
1074,0.4527,1,0,1,429057,247387,24419,101837,1.9594078697250032,0.2916093968341237
1075,0.4529,0,6,0,429063,247381,24419,101837,1.9593603472310226,0.29161440704660124
1076,0.453,0,1,0,429064,247380,24419,101837,1.9593524268153593,0.29161524209875234
1077,0.4532,1,0,1,429064,247380,24420,101836,1.9593524268153593,0.29161321359846054
1078,0.4533,11,111,11,429175,247269,24431,101825,1.9584732606767203,0.29168361530132286
1079,0.4537,0,1,0,429176,247268,24431,101825,1.958465340261057,0.29168445084834127
1080,0.454,2,25,2,429201,247243,24433,101823,1.9582673298694715,0.2917012828519535
1081,0.4542,0,3,0,429204,247240,24433,101823,1.9582435686224813,0.2917037898602831
1082,0.4544,0,1,0,429205,247239,24433,101823,1.958235648206818,0.2917046255393025
1083,0.4548,1,0,1,429205,247239,24434,101822,1.958235648206818,0.2917025963943265
1084,0.455,23,274,23,429479,246965,24457,101799,1.9560654543150424,0.2918850569439506
1085,0.4553,0,1,0,429480,246964,24457,101799,1.956057533899379,0.29188589385915364
1086,0.4557,0,4,0,429484,246960,24457,101799,1.9560258522367253,0.29188924156795953
1087,0.456,4,22,4,429506,246938,24461,101795,1.9558516030921302,0.29189953345396047
1088,0.4567,10,124,10,429630,246814,24471,101785,1.954869471549867,0.29198305216021847
1089,0.4568,0,1,0,429631,246813,24471,101785,1.9548615511342036,0.29198388975266637
1090,0.457,0,1,0,429632,246812,24471,101785,1.95485363071854,0.2919847273499198
1091,0.4571,0,5,0,429637,246807,24471,101785,1.9548140286402231,0.291988915408271
1092,0.4573,2,1,2,429638,246806,24473,101783,1.9548061082245596,0.29198569088525456
1093,0.4575,6,57,6,429695,246749,24479,101777,1.954354644531745,0.2920212552291651
1094,0.4577,0,1,0,429696,246748,24479,101777,1.9543467241160817,0.29202209310666377
1095,0.458,2,18,2,429714,246730,24481,101775,1.9542041566341402,0.29203311286782113
1096,0.4583,2,9,2,429723,246721,24483,101773,1.9541328728931695,0.2920365917347214
1097,0.4586,0,3,0,429726,246718,24483,101773,1.9541091116461793,0.2920391057444812
1098,0.459,0,2,0,429728,246716,24483,101773,1.9540932708148524,0.2920407817750345
1099,0.4592,0,2,0,429730,246714,24483,101773,1.9540774299835255,0.29204245782482563
1100,0.4593,0,2,0,429732,246712,24483,101773,1.9540615891521986,0.2920441338938548
1101,0.46,1641,11826,1641,441558,234886,26124,100132,1.8603947535166645,0.2988854330215093
1102,0.4605,0,3,0,441561,234883,26124,100132,1.8603709922696743,0.2988881094876349
1103,0.4608,0,2,0,441563,234881,26124,100132,1.8603551514383474,0.29888989382501574
1104,0.461,0,4,0,441567,234877,26124,100132,1.8603234697756938,0.2988934625636923
1105,0.4613,0,1,0,441568,234876,26124,100132,1.8603155493600305,0.2988943547616773
1106,0.4614,0,1,0,441569,234875,26124,100132,1.860307628944367,0.2988952469649888
1107,0.4615,0,1,0,441570,234874,26124,100132,1.8602997085287036,0.29889613917362673
1108,0.4617,1,16,1,441586,234858,26125,100131,1.860172981878089,0.29890832236282383
1109,0.462,1,5,1,441591,234853,26126,100130,1.860133379799772,0.29891069099028905
1110,0.4625,2,39,2,441630,234814,26128,100128,1.8598244835888988,0.29894130924160006
1111,0.4627,0,1,0,441631,234813,26128,100128,1.8598165631732353,0.29894220176090713
1112,0.4629,0,4,0,441635,234809,26128,100128,1.8597848815105817,0.29894577189143035
1113,0.4633,23,135,23,441770,234674,26151,100105,1.8587156253960209,0.2990181582476798
1114,0.4637,0,1,0,441771,234673,26151,100105,1.8587077049803573,0.29901905143109764
1115,0.464,3,24,3,441795,234649,26154,100102,1.8585176150044354,0.29903420751543686
1116,0.4642,0,2,0,441797,234647,26154,100102,1.8585017741731087,0.2990359941329175
1117,0.4643,0,1,0,441798,234646,26154,100102,1.8584938537574451,0.2990368874496636
1118,0.4649,1,0,1,441798,234646,26155,100101,1.8584938537574451,0.29903479344101663
1119,0.465,27,285,27,442083,234361,26182,100074,1.8562365352933723,0.29923303481992014
1120,0.4657,0,1,0,442084,234360,26182,100074,1.8562286148777087,0.2992339295645778
1121,0.4658,0,1,0,442085,234359,26182,100074,1.8562206944620454,0.2992348243145862
1122,0.466,4,26,4,442111,234333,26186,100070,1.8560147636547966,0.2992497076880291
1123,0.4663,0,1,0,442112,234332,26186,100070,1.8560068432391332,0.29925060256816644
1124,0.4664,0,1,0,442113,234331,26186,100070,1.8559989228234697,0.2992514974536559
1125,0.4667,9,132,9,442245,234199,26195,100061,1.854953427955899,0.29935080476275955
1126,0.4668,0,1,0,442246,234198,26195,100061,1.8549455075402357,0.29935170032818864
1127,0.4669,0,1,0,442247,234197,26195,100061,1.8549375871245724,0.2993525958989762
1128,0.467,1,0,1,442247,234197,26196,100060,1.8549375871245724,0.29935049976515077
1129,0.4671,0,1,0,442248,234196,26196,100060,1.8549296667089088,0.2993513953377052
1130,0.4673,0,2,0,442250,234194,26196,100060,1.8549138258775821,0.2993531864988901
1131,0.4675,8,42,8,442292,234152,26204,100052,1.8545811684197187,0.2993740350205264
1132,0.4679,0,1,0,442293,234151,26204,100052,1.8545732480040553,0.29937493080552835
1133,0.468,3,23,3,442316,234128,26207,100049,1.8543910784437967,0.29938924581883253
1134,0.4682,0,1,0,442317,234127,26207,100049,1.8543831580281334,0.29939014172172745
1135,0.4683,1,15,1,442332,234112,26208,100048,1.854264351793182,0.29940148431888913
1136,0.4686,0,1,0,442333,234111,26208,100048,1.8542564313775187,0.299402380303987
1137,0.4692,0,2,0,442335,234109,26208,100048,1.8542405905461918,0.2994041722902707
1138,0.47,1620,11576,1620,453911,222533,27828,98428,1.7625538588265113,0.3066665420409333
1139,0.4702,0,1,0,453912,222532,27828,98428,1.7625459384108477,0.30666749750747757
1140,0.4707,0,5,0,453917,222527,27828,98428,1.7625063363325306,0.30667227492950727
1141,0.471,0,3,0,453920,222524,27828,98428,1.7624825750855404,0.30667514145417385
1142,0.4712,1,0,1,453920,222524,27829,98427,1.7624825750855404,0.3066729812338955
1143,0.4715,1,0,1,453920,222524,27830,98426,1.7624825750855404,0.3066708210001558
1144,0.4717,3,13,3,453933,222511,27833,98423,1.7623796096819162,0.3066767622003278
1145,0.472,2,5,2,453938,222506,27835,98421,1.762340007603599,0.30667721942996384
1146,0.4725,4,46,4,453984,222460,27839,98417,1.761975668483082,0.3067125409424795
1147,0.4727,1,1,1,453985,222459,27840,98416,1.7619677480674185,0.30671133619010515
1148,0.4729,0,1,0,453986,222458,27840,98416,1.7619598276517552,0.3067122920523321
1149,0.473,0,5,0,453991,222453,27840,98416,1.761920225573438,0.3067170714528359
1150,0.4732,0,1,0,453992,222452,27840,98416,1.7619123051577747,0.30671802735081094
1151,0.4733,22,127,22,454119,222325,27862,98394,1.7609064123685212,0.30679192688927065
1152,0.474,0,26,0,454145,222299,27862,98394,1.7607004815612723,0.3068167998677863
1153,0.4742,0,3,0,454148,222296,27862,98394,1.7606767203142821,0.30681967008637623
1154,0.4743,0,1,0,454149,222295,27862,98394,1.7606687998986186,0.3068206268378398
1155,0.4745,0,1,0,454150,222294,27862,98394,1.7606608794829552,0.3068215835952702
1156,0.4747,0,1,0,454151,222293,27862,98394,1.760652959067292,0.30682254035866746
1157,0.475,36,298,36,454449,221995,27898,98358,1.7582926751995944,0.3070300574678558
1158,0.4751,0,1,0,454450,221994,27898,98358,1.758284754783931,0.30703101588252923
1159,0.4752,0,1,0,454451,221993,27898,98358,1.7582768343682675,0.3070319743031862
1160,0.4753,0,1,0,454452,221992,27898,98358,1.7582689139526042,0.30703293272982674
1161,0.4755,0,2,0,454454,221990,27898,98358,1.7582530731212773,0.30703484960105887
1162,0.4757,1,3,1,454457,221987,27899,98357,1.758229311874287,0.3070355617710961
1163,0.476,1,19,1,454476,221968,27900,98356,1.7580788239766822,0.3070516102446273
1164,0.4762,0,1,0,454477,221967,27900,98356,1.758070903561019,0.307052568813354
1165,0.4767,15,124,15,454601,221843,27915,98341,1.7570887720187556,0.3071390200634635
1166,0.477,0,3,0,454604,221840,27915,98341,1.7570650107717654,0.3071418978640207
1167,0.4771,0,1,0,454605,221839,27915,98341,1.7570570903561018,0.30714285714285716
1168,0.4775,4,55,4,454660,221784,27919,98337,1.7566214674946141,0.30718696992699634
1169,0.4776,1,0,1,454660,221784,27920,98336,1.7566214674946141,0.30718480569786333
1170,0.478,2,19,2,454679,221765,27922,98334,1.7564709795970093,0.30719871039897034
1171,0.4783,2,15,2,454694,221750,27924,98332,1.756352173362058,0.3072087777507014
1172,0.4785,0,1,0,454695,221749,27924,98332,1.7563442529463946,0.30720973753518643
1173,0.4786,0,2,0,454697,221747,27924,98332,1.7563284121150677,0.307211657122148
1174,0.4787,0,1,0,454698,221746,27924,98332,1.7563204916994044,0.30721261692462465
1175,0.4788,0,1,0,454699,221745,27924,98332,1.756312571283741,0.3072135767330986
1176,0.479,1,1,1,454700,221744,27925,98331,1.7563046508680775,0.307212372100289
1177,0.4792,0,2,0,454702,221742,27925,98331,1.7562888100367506,0.3072142917396969
1178,0.4797,0,1,0,454703,221741,27925,98331,1.7562808896210873,0.30721525156839713
1179,0.48,1705,11292,1705,465995,210449,29630,96626,1.6668435559498163,0.31466579825775465
1180,0.4802,0,1,0,465996,210448,29630,96626,1.666835635534153,0.31466682298077986
1181,0.4808,0,1,0,465997,210447,29630,96626,1.6668277151184894,0.3146678477104793
1182,0.481,0,2,0,465999,210445,29630,96626,1.6668118742871625,0.3146698971899007
1183,0.4813,0,3,0,466002,210442,29630,96626,1.6667881130401723,0.3146729714590905
1184,0.4815,0,1,0,466003,210441,29630,96626,1.666780192624509,0.3146739962288361
1185,0.4817,3,16,3,466019,210425,29633,96623,1.6666534659738943,0.3146836976629061
1186,0.482,1,11,1,466030,210414,29634,96622,1.6665663414015968,0.3146927396135958
1187,0.4823,0,1,0,466031,210413,29634,96622,1.6665584209859334,0.31469376455452963
1188,0.4825,1,39,1,466070,210374,29635,96621,1.6662495247750602,0.3147315102851838
1189,0.4829,0,1,0,466071,210373,29635,96621,1.6662416043593968,0.314732535489293
1190,0.4832,0,1,0,466072,210372,29635,96621,1.6662336839437333,0.3147335607000811
1191,0.4833,18,122,18,466194,210250,29653,96603,1.6652673932327968,0.31481849615288104
1192,0.484,3,19,3,466213,210231,29656,96600,1.665116905335192,0.314831291492711
1193,0.4842,1,1,1,466214,210230,29657,96599,1.6651089849195286,0.31483008450961286
1194,0.4843,0,3,0,466217,210227,29657,96599,1.6650852236725384,0.3148331627697783
1195,0.4845,1,1,1,466218,210226,29658,96598,1.6650773032568749,0.3148319557792089
1196,0.4847,0,2,0,466220,210224,29658,96598,1.6650614624255482,0.31483400799160427
1197,0.485,32,282,32,466502,209942,29690,96566,1.6628279052084654,0.3150521356701946
1198,0.4855,0,1,0,466503,209941,29690,96566,1.662819984792802,0.3150531635492827
1199,0.4857,0,1,0,466504,209940,29690,96566,1.6628120643771385,0.31505419143507796
1200,0.4858,0,4,0,466508,209936,29690,96566,1.662780382714485,0.3150583030453309
1201,0.486,1,19,1,466527,209917,29691,96565,1.66262989481688,0.3150755998720969
1202,0.4862,0,1,0,466528,209916,29691,96565,1.6626219744012165,0.3150766279149442
1203,0.4864,0,1,0,466529,209915,29691,96565,1.6626140539855532,0.3150776559645001
1204,0.4867,16,132,16,466661,209783,29707,96549,1.6615685591179825,0.3151776503923847
1205,0.487,0,2,0,466663,209781,29707,96549,1.6615527182866556,0.31517970815786894
1206,0.4871,0,1,0,466664,209780,29707,96549,1.6615447978709923,0.31518073705068733
1207,0.4873,1,2,1,466666,209778,29708,96548,1.6615289570396654,0.3151805592734538
1208,0.4875,4,47,4,466713,209731,29712,96544,1.661156697503485,0.31521998204228224
1209,0.488,2,12,2,466725,209719,29714,96542,1.661061652515524,0.3152278612033527
1210,0.4883,3,9,3,466734,209710,29717,96539,1.6609903687745533,0.3152304170789129
1211,0.4885,0,1,0,466735,209709,29717,96539,1.66098244835889,0.31523144640944595
1212,0.4887,0,4,0,466739,209705,29717,96539,1.6609507666962362,0.31523556379880097
1213,0.489,1,1,1,466740,209704,29718,96538,1.6609428462805729,0.3152343571423907
1214,0.4892,0,3,0,466743,209701,29718,96538,1.6609190850335827,0.3152374452633401
1215,0.49,1757,11052,1757,477795,198649,31475,94781,1.5733826511215308,0.32301059877994753
1216,0.4905,0,1,0,477796,198648,31475,94781,1.5733747307058674,0.32301169959342807
1217,0.4907,1,0,1,477796,198648,31476,94780,1.5733747307058674,0.3230093924233543
1218,0.4908,0,4,0,477800,198644,31476,94780,1.5733430490432139,0.3230137957358635
1219,0.4914,0,1,0,477801,198643,31476,94780,1.5733351286275503,0.3230148965827491
1220,0.4917,1,8,1,477809,198635,31477,94779,1.573271765302243,0.32302139638872035
1221,0.492,2,9,2,477818,198626,31479,94777,1.5732004815612723,0.3230266902519742
1222,0.4925,6,44,6,477862,198582,31485,94771,1.5728519832720822,0.3230612947541017
1223,0.4927,0,1,0,477863,198581,31485,94771,1.5728440628564186,0.3230623960293436
1224,0.4929,0,4,0,477867,198577,31485,94771,1.572812381193765,0.32306680120539427
1225,0.4932,0,1,0,477868,198576,31485,94771,1.5728044607781015,0.32306790251817813
1226,0.4933,13,119,13,477987,198457,31498,94758,1.5718619313141553,0.3231690056784271
1227,0.4937,0,1,0,477988,198456,31498,94758,1.571854010898492,0.32317010783932554
1228,0.494,1,20,1,478008,198436,31499,94757,1.5716956025852238,0.3231898442322975
1229,0.4942,1,1,1,478009,198435,31500,94756,1.5716876821695602,0.3231886381232712
1230,0.4943,0,4,0,478013,198431,31500,94756,1.5716560005069067,0.3231930474407119
1231,0.4947,0,1,0,478014,198430,31500,94756,1.5716480800912431,0.32319414978887123
1232,0.495,33,251,33,478265,198179,31533,94723,1.5696600557597262,0.3233948556172372
1233,0.4951,0,1,0,478266,198178,31533,94723,1.569652135344063,0.32339595972700674
1234,0.4957,2,5,2,478271,198173,31535,94721,1.5696125332657458,0.3233968602975821
1235,0.4958,0,2,0,478273,198171,31535,94721,1.569596692434419,0.32339906859866435
1236,0.496,3,24,3,478297,198147,31538,94718,1.569406602458497,0.32341863998770765
1237,0.4962,0,2,0,478299,198145,31538,94718,1.5693907616271703,0.32342084865619763
1238,0.4965,0,2,0,478301,198143,31538,94718,1.5693749207958434,0.3234230573548543
1239,0.4967,14,130,14,478431,198013,31552,94704,1.5683452667595996,0.3235343352111425
1240,0.497,0,1,0,478432,198012,31552,94704,1.568337346343936,0.32353544049522404
1241,0.4971,0,3,0,478435,198009,31552,94704,1.5683135850969459,0.3235387563927806
1242,0.4975,1,41,1,478476,197968,31553,94703,1.567988848054746,0.3235817692904319
1243,0.4979,1,0,1,478476,197968,31554,94702,1.567988848054746,0.3235794580927324
1244,0.498,2,13,2,478489,197955,31556,94700,1.5678858826511215,0.3235892091370385
1245,0.4983,3,11,3,478500,197944,31559,94697,1.567798758078824,0.3235944382366107
1246,0.4985,0,2,0,478502,197942,31559,94697,1.567782917247497,0.3235966497971904
1247,0.4986,1,2,1,478504,197940,31560,94696,1.5677670764161704,0.32359654998018017
1248,0.4987,1,0,1,478504,197940,31561,94695,1.5677670764161704,0.32359423855656366
1249,0.4988,0,1,0,478505,197939,31561,94695,1.5677591560005069,0.3235953443550647
1250,0.499,0,2,0,478507,197937,31561,94695,1.56774331516918,0.3235975559747396
1251,0.4992,0,4,0,478511,197933,31561,94695,1.5677116335065264,0.32360197930478285
1252,0.4993,0,2,0,478513,197931,31561,94695,1.5676957926751995,0.3236041910151524
1253,0.5,1754,10789,1754,489302,187142,33315,92941,1.4822424280826259,0.3318337778444247
1254,0.5006,0,1,0,489303,187141,33315,92941,1.4822345076669623,0.3318349626180904
1255,0.5008,1,3,1,489306,187138,33316,92940,1.482210746419972,0.3318361313634059
1256,0.501,1,3,1,489309,187135,33317,92939,1.4821869851729819,0.3318373001421053
1257,0.5014,0,1,0,489310,187134,33317,92939,1.4821790647573185,0.3318384849664195
1258,0.5017,2,10,2,489320,187124,33319,92937,1.4820998606006843,0.3318455622168028
1259,0.5019,0,1,0,489321,187123,33319,92937,1.482091940185021,0.33184674712561596
1260,0.502,1,11,1,489332,187112,33320,92936,1.4820048156127235,0.33185739587499286
1261,0.5025,10,41,10,489373,187071,33330,92926,1.4816800785705233,0.33188212730850686
1262,0.5027,0,2,0,489375,187069,33330,92926,1.4816642377391966,0.33188449793746316
1263,0.5028,0,1,0,489376,187068,33330,92926,1.481656317323533,0.3318856832646414
1264,0.5029,0,1,0,489377,187067,33330,92926,1.4816483969078698,0.33188686860028643
1265,0.503,0,2,0,489379,187065,33330,92926,1.4816325560765429,0.3318892392969774
1266,0.5033,16,111,16,489490,186954,33346,92910,1.480753389937904,0.33198267730040304
1267,0.504,2,16,2,489506,186938,33348,92908,1.4806266632872893,0.331996884000486
1268,0.5043,2,4,2,489510,186934,33350,92906,1.4805949816246358,0.33199685534591195
1269,0.505,38,273,38,489783,186661,33388,92868,1.4784327081485236,0.3322302873762651
1270,0.5057,0,5,0,489788,186656,33388,92868,1.4783931060702065,0.33223623016270515
1271,0.5058,2,2,2,489790,186654,33390,92866,1.4783772652388798,0.3322338294218661
1272,0.506,3,22,3,489812,186632,33393,92863,1.4782030160942847,0.33225281310935795
1273,0.5067,14,104,14,489916,186528,33407,92849,1.4773792928652896,0.33234303468073606
1274,0.5068,0,1,0,489917,186527,33407,92849,1.4773713724496262,0.33234422427123306
1275,0.507,1,0,1,489917,186527,33408,92848,1.4773713724496262,0.3323418344519016
1276,0.5071,0,1,0,489918,186526,33408,92848,1.4773634520339627,0.33234302404661853
1277,0.5073,0,1,0,489919,186525,33408,92848,1.4773555316182994,0.3323442136498516
1278,0.5075,7,43,7,489962,186482,33415,92841,1.4770149537447725,0.3323786440787189
1279,0.508,5,16,5,489978,186466,33420,92836,1.476888227094158,0.3323857330058503
1280,0.5082,0,1,0,489979,186465,33420,92836,1.4768803066784946,0.3323869230686607
1281,0.5083,1,13,1,489992,186452,33421,92835,1.4767773412748701,0.3324000042966554
1282,0.5087,0,1,0,489993,186451,33421,92835,1.4767694208592066,0.33240119447448135
1283,0.5088,0,1,0,489994,186450,33421,92835,1.4767615004435433,0.33240238466083033
1284,0.5089,2,1,2,489995,186449,33423,92833,1.47675358002788,0.33239879405045797
1285,0.509,0,2,0,489997,186447,33423,92833,1.476737739196553,0.3324011744485821
1286,0.5092,1,1,1,489998,186446,33424,92832,1.4767298187808897,0.3323999742192367
1287,0.5093,1,2,1,490000,186444,33425,92831,1.4767139779495628,0.3323999641929997
1288,0.5097,0,1,0,490001,186443,33425,92831,1.4767060575338993,0.3324011544218223
1289,0.51,1845,10217,1845,500218,176226,35270,90986,1.3957831707007984,0.3405011750969268
1290,0.5103,0,1,0,500219,176225,35270,90986,1.395775250285135,0.34050244937521285
1291,0.5107,0,1,0,500220,176224,35270,90986,1.3957673298694715,0.34050372366303655
1292,0.5108,0,2,0,500222,176222,35270,90986,1.3957514890381448,0.3405062722672974
1293,0.511,1,2,1,500224,176220,35271,90985,1.395735648206818,0.3405063528002844
1294,0.5111,0,1,0,500225,176219,35271,90985,1.3957277277911544,0.34050762713133037
1295,0.5113,0,1,0,500226,176218,35271,90985,1.395719807375491,0.3405089014719146
1296,0.5114,0,1,0,500227,176217,35271,90985,1.3957118869598277,0.34051017582203724
1297,0.5117,0,16,0,500243,176201,35271,90985,1.395585160309213,0.34053056672131027
1298,0.512,2,13,2,500256,176188,35273,90983,1.3954821949055887,0.34054219956507253
1299,0.5125,8,36,8,500292,176152,35281,90975,1.3951970599417058,0.34056834389634894
1300,0.5129,0,1,0,500293,176151,35281,90975,1.3951891395260423,0.3405696188315626
1301,0.513,0,3,0,500296,176148,35281,90975,1.395165378279052,0.34057344369447784
1302,0.5133,21,116,21,500412,176032,35302,90954,1.394246610062096,0.3406695482160113
1303,0.5135,0,1,0,500413,176031,35302,90954,1.3942386896464327,0.34067082420360695
1304,0.5136,0,1,0,500414,176030,35302,90954,1.3942307692307692,0.3406721002007611
1305,0.514,1,28,1,500442,176002,35303,90953,1.3940089975921937,0.34070536232698395
1306,0.5142,0,1,0,500443,176001,35303,90953,1.3940010771765303,0.3407066385969118
1307,0.5143,0,2,0,500445,175999,35303,90953,1.3939852363452034,0.34070919116545295
1308,0.5144,0,1,0,500446,175998,35303,90953,1.3939773159295399,0.3407104674640664
1309,0.515,44,237,44,500683,175761,35347,90909,1.392100177417311,0.34090448869389134
1310,0.5158,1,1,1,500684,175760,35348,90908,1.3920922570016474,0.3409032954835226
1311,0.516,5,32,5,500716,175728,35353,90903,1.3918388037004181,0.34093184963488865
1312,0.5162,0,3,0,500719,175725,35353,90903,1.391815042453428,0.3409356856744228
1313,0.5167,14,126,14,500845,175599,35367,90889,1.3908170700798377,0.34106226171534926
1314,0.517,0,2,0,500847,175597,35367,90889,1.390801229248511,0.3410648214165097
1315,0.5171,0,1,0,500848,175596,35367,90889,1.3907933088328475,0.341066101281498
1316,0.5173,0,1,0,500849,175595,35367,90889,1.3907853884171841,0.3410673811560919
1317,0.5175,6,51,6,500900,175544,35373,90883,1.39038144721835,0.3411178296493974
1318,0.5179,1,1,1,500901,175543,35374,90882,1.3903735268026867,0.341116636952238
1319,0.518,1,12,1,500913,175531,35375,90881,1.3902784818147256,0.3411295286999084
1320,0.5183,1,11,1,500924,175520,35376,90880,1.390191357242428,0.34114114114114114
1321,0.5186,0,2,0,500926,175518,35376,90880,1.3901755164111012,0.34114370228004715
1322,0.5188,1,2,1,500928,175516,35377,90879,1.3901596755797745,0.34114379023630326
1323,0.519,0,1,0,500929,175515,35377,90879,1.390151755164111,0.34114507083492873
1324,0.5192,1,3,1,500932,175512,35378,90878,1.3901279939171207,0.34114643943090955
1325,0.52,2007,10101,2007,511033,165411,37385,88871,1.3101238753009758,0.3494978016532826
1326,0.5205,0,1,0,511034,165410,37385,88871,1.3101159548853123,0.3494991761083211
1327,0.5207,0,1,0,511035,165409,37385,88871,1.310108034469649,0.34950055057417023
1328,0.5208,2,4,2,511039,165405,37387,88869,1.3100763528069954,0.3495009320654098
1329,0.5214,0,1,0,511040,165404,37387,88869,1.3100684323913319,0.34950230657600295
1330,0.5217,3,13,3,511053,165391,37390,88866,1.3099654669877074,0.34951250113074567
1331,0.522,3,12,3,511065,165379,37393,88863,1.3098704219997466,0.34952132220482846
1332,0.5221,0,1,0,511066,165378,37393,88863,1.3098625015840832,0.34952269696862426
1333,0.5225,10,34,10,511100,165344,37403,88853,1.309593207451527,0.3495438577166528
1334,0.5231,0,1,0,511101,165343,37403,88853,1.3095852870358637,0.3495452328124754
1335,0.5233,15,93,15,511194,165250,37418,88838,1.3088486883791661,0.3496347722049054
1336,0.5237,0,1,0,511195,165249,37418,88838,1.3088407679635028,0.3496361482484346
1337,0.5238,0,2,0,511197,165247,37418,88838,1.308824927132176,0.3496389003679871
1338,0.524,1,17,1,511214,165230,37419,88837,1.308690280065898,0.34965973542412043
1339,0.5242,1,2,1,511216,165228,37420,88836,1.308674439234571,0.34965992820706593
1340,0.5243,1,3,1,511219,165225,37421,88835,1.3086506779875808,0.3496614972841061
1341,0.5244,0,1,0,511220,165224,37421,88835,1.3086427575719173,0.34966287358448234
1342,0.5247,0,1,0,511221,165223,37421,88835,1.308634837156254,0.3496642498956931
1343,0.5248,0,1,0,511222,165222,37421,88835,1.3086269167405906,0.34966562621773856
1344,0.525,39,218,39,511440,165004,37460,88796,1.3069002661259663,0.34986603624901497
1345,0.5254,0,1,0,511441,165003,37460,88796,1.3068923457103028,0.3498674147652276
1346,0.5255,0,1,0,511442,165002,37460,88796,1.3068844252946394,0.3498687932923033
1347,0.5257,0,2,0,511444,165000,37460,88796,1.3068685844633126,0.3498715503790446
1348,0.5258,0,1,0,511445,164999,37460,88796,1.3068606640476492,0.34987292893871036
1349,0.526,5,17,5,511462,164982,37465,88791,1.3067260169813713,0.34988355735243704
1350,0.5267,28,107,28,511569,164875,37493,88763,1.3058785325053859,0.3499593909429975
1351,0.527,1,1,1,511570,164874,37494,88762,1.3058706120897225,0.34995820782538756
1352,0.5273,0,1,0,511571,164873,37494,88762,1.305862691674059,0.3499595875963491
1353,0.5275,7,38,7,511609,164835,37501,88755,1.3055617158788493,0.3499940849402579
1354,0.5277,0,2,0,511611,164833,37501,88755,1.3055458750475224,0.34999684527659036
1355,0.528,3,10,3,511621,164823,37504,88752,1.3054666708908884,0.35000295770482104
1356,0.5283,2,13,2,511634,164810,37506,88750,1.305363705487264,0.3500157753588894
1357,0.5286,0,1,0,511635,164809,37506,88750,1.3053557850716007,0.35001715577045184
1358,0.5287,0,1,0,511636,164808,37506,88750,1.305347864655937,0.35001853619290263
1359,0.529,1,3,1,511639,164805,37507,88749,1.305324103408947,0.3500201140585437
1360,0.5292,1,2,1,511641,164803,37508,88748,1.30530826257762,0.35002031149551766
1361,0.5293,0,2,0,511643,164801,37508,88748,1.3052924217462933,0.3500230724633108
1362,0.53,1970,9650,1970,521293,155151,39478,86778,1.228860410594348,0.35869201294594694
1363,0.5305,0,1,0,521294,155150,39478,86778,1.2288524901786846,0.35869349558546343
1364,0.5307,1,4,1,521298,155146,39479,86777,1.2288208085160308,0.35869677542027834
1365,0.5308,0,5,0,521303,155141,39479,86777,1.228781206437714,0.3587041890227267
1366,0.531,0,1,0,521304,155140,39479,86777,1.2287732860220504,0.35870567177999063
1367,0.5312,0,1,0,521305,155139,39479,86777,1.228765365606387,0.3587071545495131
1368,0.5317,3,11,3,521316,155128,39482,86774,1.2286782410340895,0.35871551289365117
1369,0.532,1,10,1,521326,155118,39483,86773,1.2285990368774553,0.3587276913981918
1370,0.5325,6,31,6,521357,155087,39489,86767,1.2283535039918896,0.3587577629478942
1371,0.5327,1,1,1,521358,155086,39490,86766,1.228345583576226,0.35875659494236145
1372,0.5329,1,4,1,521362,155082,39491,86765,1.2283139019135725,0.3587598771123892
1373,0.533,0,2,0,521364,155080,39491,86765,1.2282980610822456,0.35876284397031155
1374,0.5333,17,90,17,521454,154990,39508,86748,1.2275852236725384,0.35885131836947437
1375,0.5337,0,4,0,521458,154986,39508,86748,1.2275535420098846,0.35885725632306587
1376,0.5338,0,1,0,521459,154985,39508,86748,1.2275456215942213,0.35885874084216884
1377,0.534,4,15,4,521474,154970,39512,86744,1.22742681535927,0.35887040055602903
1378,0.5342,1,1,1,521475,154969,39513,86743,1.2274188949436067,0.358869232805984
1379,0.5343,1,1,1,521476,154968,39514,86742,1.2274109745279431,0.3588680650366141
1380,0.5344,0,1,0,521477,154967,39514,86742,1.2274030541122798,0.3588695497478373
1381,0.535,42,236,42,521713,154731,39556,86700,1.2255338360157142,0.35910881369832376
1382,0.5355,0,1,0,521714,154730,39556,86700,1.2255259156000506,0.35911030112247855
1383,0.5357,0,3,0,521717,154727,39556,86700,1.2255021543530604,0.35911476346887466
1384,0.5358,1,0,1,521717,154727,39557,86699,1.2255021543530604,0.35911210888636685
1385,0.536,7,18,7,521735,154709,39564,86692,1.225359586871119,0.35912030190430033
1386,0.5363,0,1,0,521736,154708,39564,86692,1.2253516664554556,0.3591217895608948
1387,0.5367,20,93,20,521829,154615,39584,86672,1.2246150677987582,0.3592070853382072
1388,0.537,0,1,0,521830,154614,39584,86672,1.2246071473830946,0.35920857405734274
1389,0.5371,0,1,0,521831,154613,39584,86672,1.2245992269674313,0.35921006278881823
1390,0.5372,0,1,0,521832,154612,39584,86672,1.2245913065517677,0.35921155153263373
1391,0.5373,0,1,0,521833,154611,39584,86672,1.2245833861361044,0.35921304028878953
1392,0.5375,8,38,8,521871,154573,39592,86664,1.2242824103408947,0.3592483740056459
1393,0.538,2,8,2,521879,154565,39594,86662,1.2242190470155874,0.35925497560389175
1394,0.5383,2,23,2,521902,154542,39596,86660,1.224036877455329,0.35928391970215834
1395,0.5384,1,0,1,521902,154542,39597,86659,1.224036877455329,0.35928126334467936
1396,0.5386,0,1,0,521903,154541,39597,86659,1.2240289570396654,0.3592827529021559
1397,0.5387,0,1,0,521904,154540,39597,86659,1.224021036624002,0.3592842424719837
1398,0.5388,0,1,0,521905,154539,39597,86659,1.2240131162083385,0.359285732054163
1399,0.539,1,3,1,521908,154536,39598,86658,1.2239893549613483,0.35928754446628025
1400,0.5392,0,1,0,521909,154535,39598,86658,1.223981434545685,0.35928903409302926
1401,0.5393,0,2,0,521911,154533,39598,86658,1.223965593714358,0.35929201338358396
1402,0.5395,0,1,0,521912,154532,39598,86658,1.2239576732986948,0.35929350304739005
1403,0.54,2107,9314,2107,531226,145218,41705,84551,1.1501869218096565,0.3679826260287506
1404,0.5403,0,1,0,531227,145217,41705,84551,1.1501790013939932,0.367984227568678
1405,0.5408,0,1,0,531228,145216,41705,84551,1.1501710809783297,0.3679858291225459
1406,0.541,0,1,0,531229,145215,41705,84551,1.1501631605626663,0.36798743069035456
1407,0.5414,1,1,1,531230,145214,41706,84550,1.150155240147003,0.36798628157587787
1408,0.5417,2,7,2,531237,145207,41708,84548,1.150099797237359,0.36799199146917366
1409,0.542,0,7,0,531244,145200,41708,84548,1.150044354327715,0.3680032035099326
1410,0.5423,1,0,1,531244,145200,41709,84547,1.150044354327715,0.3680004526718521
1411,0.5425,7,33,7,531277,145167,41716,84540,1.1497829806108224,0.3680340607817785
1412,0.5426,0,1,0,531278,145166,41716,84540,1.149775060195159,0.3680356629778935
1413,0.5428,1,0,1,531278,145166,41717,84539,1.149775060195159,0.36803291177815023
1414,0.5429,0,2,0,531280,145164,41717,84539,1.1497592193638322,0.36803611620222637
1415,0.5433,19,85,19,531365,145079,41736,84520,1.149085984032442,0.36812007020936505
1416,0.5436,0,1,0,531366,145078,41736,84520,1.1490780636167786,0.3681216735337416
1417,0.5438,2,1,2,531367,145077,41738,84518,1.1490701432011152,0.3681177725995775
1418,0.544,2,9,2,531376,145068,41740,84516,1.1489988594601446,0.3681266987246498
1419,0.5442,0,4,0,531380,145064,41740,84516,1.1489671777974908,0.36813311264047394
1420,0.5443,1,1,1,531381,145063,41741,84515,1.1489592573818275,0.3681319638641333
1421,0.545,59,210,59,531591,144853,41800,84456,1.1472959700925105,0.3683065208953857
1422,0.5457,0,4,0,531595,144849,41800,84456,1.1472642884298567,0.3683129456400864
1423,0.5458,1,2,1,531597,144847,41801,84455,1.14724844759853,0.3683134032847511
1424,0.546,7,23,7,531620,144824,41808,84448,1.1470662780382714,0.3683310652849018
1425,0.5463,0,2,0,531622,144822,41808,84448,1.1470504372069446,0.36833427836175686
1426,0.5467,19,118,19,531740,144704,41827,84429,1.1461158281586619,0.36847158637123417
1427,0.547,0,2,0,531742,144702,41827,84429,1.146099987327335,0.36847480262382654
1428,0.5471,0,1,0,531743,144701,41827,84429,1.1460920669116714,0.36847641077117793
1429,0.5475,8,35,8,531778,144666,41835,84421,1.145814852363452,0.36851065315797055
1430,0.548,0,15,0,531793,144651,41835,84421,1.1456960461285008,0.3685347838234267
1431,0.5483,3,9,3,531802,144642,41838,84418,1.1456247623875302,0.36854099362612414
1432,0.5484,0,1,0,531803,144641,41838,84418,1.1456168419718666,0.36854260256091226
1433,0.5492,2,2,2,531805,144639,41840,84416,1.1456010011405398,0.3685403069131868
1434,0.5493,0,2,0,531807,144637,41840,84416,1.145585160309213,0.36854352486105835
1435,0.5498,0,1,0,531808,144636,41840,84416,1.1455772398935495,0.36854513385606763
1436,0.55,2114,8959,2114,540767,135677,43954,82302,1.0746182359650234,0.3775684813674712
1437,0.5507,0,1,0,540768,135676,43954,82302,1.07461031554936,0.3775702135077852
1438,0.5508,0,1,0,540769,135675,43954,82302,1.0746023951336967,0.37757194566399205
1439,0.551,1,1,1,540770,135674,43955,82301,1.0745944747180332,0.3775708223420117
1440,0.5517,1,10,1,540780,135664,43956,82300,1.0745152705613992,0.3775852893138316
1441,0.5518,0,1,0,540781,135663,43956,82300,1.0745073501457356,0.3775870216504636
1442,0.552,0,11,0,540792,135652,43956,82300,1.074420225573438,0.37760607840258403
1443,0.5523,0,1,0,540793,135651,43956,82300,1.0744123051577747,0.3776078109299797
1444,0.5525,5,30,5,540823,135621,43961,82295,1.0741746926878724,0.37764551478551367
1445,0.5529,0,5,0,540828,135616,43961,82295,1.0741350906095553,0.37765417991748923
1446,0.5533,21,84,21,540912,135532,43982,82274,1.0734697756938285,0.3777398235126672
1447,0.554,2,20,2,540932,135512,43984,82272,1.07331136738056,0.3777687984424935
1448,0.5542,0,1,0,540933,135511,43984,82272,1.0733034469648968,0.37777053305354413
1449,0.5547,0,1,0,540934,135510,43984,82272,1.0732955265492332,0.3777722676805246
1450,0.5548,0,1,0,540935,135509,43984,82272,1.0732876061335699,0.377774002323435
1451,0.555,34,203,34,541138,135306,44018,82238,1.071679761753897,0.3780292722391792
1452,0.5555,0,1,0,541139,135305,44018,82238,1.0716718413382333,0.37803100996124905
1453,0.5557,0,1,0,541140,135304,44018,82238,1.07166392092257,0.37803274769929485
1454,0.5558,0,4,0,541144,135300,44018,82238,1.0716322392599165,0.37803969881124216
1455,0.5559,0,1,0,541145,135299,44018,82238,1.071624318844253,0.3780414366291711
1456,0.556,5,13,5,541158,135286,44023,82233,1.0715213534406285,0.3780497335864913
1457,0.5565,1,0,1,541158,135286,44024,82232,1.0715213534406285,0.37804687428166867
1458,0.5567,21,105,21,541263,135181,44045,82211,1.07068970979597,0.37816938985795245
1459,0.557,1,1,1,541264,135180,44046,82210,1.0706817893803067,0.37816826900961403
1460,0.5571,0,2,0,541266,135178,44046,82210,1.0706659485489798,0.3781717482105728
1461,0.5573,1,0,1,541266,135178,44047,82209,1.0706659485489798,0.37816888774397733
1462,0.5575,4,33,4,541299,135145,44051,82205,1.0704045748320872,0.3782148608235565
1463,0.5577,0,1,0,541300,135144,44051,82205,1.0703966544164238,0.378216600950545
1464,0.5578,0,2,0,541302,135142,44051,82205,1.070380813585097,0.3782200812525593
1465,0.5579,0,1,0,541303,135141,44051,82205,1.0703728931694336,0.37822182142758554
1466,0.558,5,13,5,541316,135128,44056,82200,1.0702699277658092,0.37823014061694765
1467,0.5583,1,13,1,541329,135115,44057,82199,1.0701669623621848,0.378249905666455
1468,0.5585,0,1,0,541330,135114,44057,82199,1.0701590419465214,0.37825164624297675
1469,0.5587,0,1,0,541331,135113,44057,82199,1.070151121530858,0.3782533868355176
1470,0.559,0,2,0,541333,135111,44057,82199,1.070135280699531,0.37825686806865766
1471,0.5592,1,6,1,541339,135105,44058,82198,1.0700877582055506,0.37826445102000433
1472,0.5593,0,1,0,541340,135104,44058,82198,1.0700798377898872,0.37826619175157156
1473,0.56,2116,8872,2116,550212,126232,46174,80082,0.999809910024078,0.3881559176788778
1474,0.5605,0,1,0,550213,126231,46174,80082,0.9998019896084146,0.38815779907228337
1475,0.5608,1,2,1,550215,126229,46175,80081,0.9997861487770878,0.3881585962871407
1476,0.5617,2,10,2,550225,126219,46177,80079,0.9997069446204537,0.3881714800919059
1477,0.562,1,7,1,550232,126212,46178,80078,0.9996515017108097,0.3881816859760531
1478,0.5621,1,0,1,550232,126212,46179,80077,0.9996515017108097,0.38817872014503924
1479,0.5625,8,36,8,550268,126176,46187,80069,0.9993663667469269,0.3882227447938132
1480,0.5629,1,2,1,550270,126174,46188,80068,0.9993505259156,0.3882235432162217
1481,0.563,0,3,0,550273,126171,46188,80068,0.9993267646686098,0.38822919040530646
1482,0.5633,19,104,19,550377,126067,46207,80049,0.9985030414396148,0.3883686855945196
1483,0.564,5,10,5,550387,126057,46212,80044,0.9984238372829806,0.38837269105923794
1484,0.5642,0,4,0,550391,126053,46212,80044,0.9983921556203269,0.3883802287272498
1485,0.5643,1,2,1,550393,126051,46213,80043,0.9983763147890001,0.38838103001542984
1486,0.5645,0,1,0,550394,126050,46213,80043,0.9983683943733367,0.38838291450946905
1487,0.5647,1,0,1,550394,126050,46214,80042,0.9983683943733367,0.3883799468198669
1488,0.565,66,196,66,550590,125854,46280,79976,0.9968159929033076,0.38855366078802894
1489,0.5653,2,2,2,550592,125852,46282,79974,0.9968001520719807,0.3885514949520469
1490,0.5658,0,3,0,550595,125849,46282,79974,0.9967763908249905,0.3885571583350743
1491,0.566,2,18,2,550613,125831,46284,79972,0.9966338233430491,0.3885852004101009
1492,0.5662,0,2,0,550615,125829,46284,79972,0.9966179825117222,0.38858897672994785
1493,0.5665,0,3,0,550618,125826,46284,79972,0.996594221264732,0.3885946413473406
1494,0.5667,28,80,28,550698,125746,46312,79944,0.9959605880116589,0.3886625504399825
1495,0.5671,0,1,0,550699,125745,46312,79944,0.9959526675959954,0.38866444000408384
1496,0.5673,0,1,0,550700,125744,46312,79944,0.995944747180332,0.3886663295865583
1497,0.5675,7,24,7,550724,125720,46319,79937,0.9957546572044101,0.38869087850158274
1498,0.568,3,11,3,550735,125709,46322,79934,0.9956675326321125,0.38870275185637243
1499,0.5683,2,10,2,550745,125699,46324,79932,0.9955883284754784,0.38871570920726933
1500,0.5686,1,0,1,550745,125699,46325,79931,0.9955883284754784,0.38871273646841414
1501,0.569,1,5,1,550750,125694,46326,79930,0.9955487263971613,0.38871921565576
1502,0.5692,0,2,0,550752,125692,46326,79930,0.9955328855658345,0.38872299656651527
1503,0.5693,0,2,0,550754,125690,46326,79930,0.9955170447345076,0.3887267775508219
1504,0.5695,0,1,0,550755,125689,46326,79930,0.9955091243188443,0.38872866807055767
1505,0.5698,0,1,0,550756,125688,46326,79930,0.9955012039031809,0.3887305586086821
1506,0.57,2104,8265,2104,559021,117423,48430,77826,0.930038968445064,0.39859871241337985
1507,0.5707,0,2,0,559023,117421,48430,77826,0.9300231276137372,0.3986027954334766
1508,0.5708,0,1,0,559024,117420,48430,77826,0.9300152071980737,0.3986048369748932
1509,0.571,0,1,0,559025,117419,48430,77826,0.9300072867824103,0.3986068785372225
1510,0.5715,0,1,0,559026,117418,48430,77826,0.929999366366747,0.39860892012046467
1511,0.5717,3,13,3,559039,117405,48433,77823,0.9298964009631225,0.398626221648534
1512,0.572,1,4,1,559043,117401,48434,77822,0.9298647193004689,0.39863130881094955
1513,0.5722,0,1,0,559044,117400,48434,77822,0.9298567988848054,0.39863335074940326
1514,0.5725,10,14,10,559058,117386,48444,77812,0.9297459130655177,0.3986311335157123
1515,0.5727,1,3,1,559061,117383,48445,77811,0.9297221518185275,0.3986341793292827
1516,0.5729,0,3,0,559064,117380,48445,77811,0.9296983905715372,0.398640306161657
1517,0.573,0,3,0,559067,117377,48445,77811,0.9296746293245469,0.39864643318236775
1518,0.5733,27,101,27,559168,117276,48472,77784,0.9288746673425421,0.39876960935096895
1519,0.5738,0,1,0,559169,117275,48472,77784,0.9288667469268788,0.3987716537047765
1520,0.574,5,11,5,559180,117264,48477,77779,0.9287796223545811,0.39877873084396775
1521,0.5742,0,2,0,559182,117262,48477,77779,0.9287637815232543,0.3987828200224568
1522,0.5743,1,2,1,559184,117260,48478,77778,0.9287479406919276,0.3987838267414555
1523,0.575,50,184,50,559368,117076,48528,77728,0.9272905842098593,0.3990061805712408
1524,0.5753,0,1,0,559369,117075,48528,77728,0.9272826637941959,0.39900822882604475
1525,0.5757,1,3,1,559372,117072,48529,77727,0.9272589025472057,0.39901128855897616
1526,0.5758,1,1,1,559373,117071,48530,77726,0.9272509821315422,0.3990102516979214
1527,0.576,0,21,0,559394,117050,48530,77726,0.9270846534026106,0.39905327145028135
1528,0.5762,0,1,0,559395,117049,48530,77726,0.9270767329869471,0.3990553202413041
1529,0.5763,0,2,0,559397,117047,48530,77726,0.9270608921556204,0.3990594178864627
1530,0.5767,22,90,22,559487,116957,48552,77704,0.9263480547459131,0.3991760034110582
1531,0.5768,0,1,0,559488,116956,48552,77704,0.9263401343302496,0.39917805404294665
1532,0.577,1,1,1,559489,116955,48553,77703,0.9263322139145862,0.39917701815491785
1533,0.5771,0,1,0,559490,116954,48553,77703,0.9263242934989229,0.3991790688236231
1534,0.5772,0,1,0,559491,116953,48553,77703,0.9263163730832594,0.399181119513398
1535,0.5773,1,0,1,559491,116953,48554,77702,0.9263163730832594,0.3991780329300557
1536,0.5775,10,34,10,559525,116919,48564,77692,0.9260470789507034,0.3992168993530684
1537,0.5777,1,0,1,559525,116919,48565,77691,0.9260470789507034,0.39921381223986435
1538,0.578,2,4,2,559529,116915,48567,77689,0.9260153972880497,0.39921584345645517
1539,0.5783,5,10,5,559539,116905,48572,77684,0.9259361931314155,0.3992209220459533
1540,0.5786,0,1,0,559540,116904,48572,77684,0.9259282727157522,0.399222973667441
1541,0.5789,0,1,0,559541,116903,48572,77684,0.9259203523000887,0.3992250253100156
1542,0.579,0,3,0,559544,116900,48572,77684,0.9258965910530985,0.3992311803642643
1543,0.5792,0,3,0,559547,116897,48572,77684,0.9258728298061082,0.3992373356083071
1544,0.5798,0,1,0,559548,116896,48572,77684,0.9258649093904449,0.39923938739849935
1545,0.58,2215,7929,2215,567477,108967,50787,75469,0.863063933595235,0.4091880110173719
1546,0.5802,1,0,1,567477,108967,50788,75468,0.863063933595235,0.4091848076558137
1547,0.5808,0,1,0,567478,108966,50788,75468,0.8630560131795717,0.40918702625329384
1548,0.581,0,2,0,567480,108964,50788,75468,0.8630401723482448,0.4091914635204303
1549,0.5812,0,1,0,567481,108963,50788,75468,0.8630322519325814,0.40919368219008734
1550,0.5817,3,12,3,567493,108951,50791,75465,0.8629372069446205,0.40921069755335765
1551,0.582,2,5,2,567498,108946,50793,75463,0.8628976048663034,0.409215385366224
1552,0.5823,0,1,0,567499,108945,50793,75463,0.86288968445064,0.4092176044423235
1553,0.5825,4,31,4,567530,108914,50797,75459,0.8626441515650741,0.40927359212032133
1554,0.5829,0,1,0,567531,108913,50797,75459,0.8626362311494107,0.4092758119454147
1555,0.583,0,1,0,567532,108912,50797,75459,0.8626283107337473,0.4092780317945881
1556,0.5833,22,75,22,567607,108837,50819,75437,0.8620342795589913,0.40937408424411476
1557,0.5837,1,0,1,567607,108837,50820,75436,0.8620342795589913,0.4093708790761533
1558,0.5838,1,0,1,567607,108837,50821,75435,0.8620342795589913,0.40936767387340456
1559,0.5839,0,1,0,567608,108836,50821,75435,0.8620263591433278,0.4093698954257588
1560,0.584,5,21,5,567629,108815,50826,75430,0.8618600304143962,0.4094005264729029
1561,0.5842,1,1,1,567630,108814,50827,75429,0.8618521099987327,0.4093995429948492
1562,0.5843,1,5,1,567635,108809,50828,75428,0.8618125079204156,0.4094074480153281
1563,0.5845,0,1,0,567636,108808,50828,75428,0.8618045875047522,0.40940967020560587
1564,0.585,50,186,50,567822,108622,50878,75378,0.8603313901913573,0.4096630434782609
1565,0.5853,0,2,0,567824,108620,50878,75378,0.8603155493600304,0.4096674963858303
1566,0.5858,2,1,2,567825,108619,50880,75376,0.860307628944367,0.4096633060680997
1567,0.5859,0,1,0,567826,108618,50880,75376,0.8602997085287036,0.4096655325717143
1568,0.586,4,18,4,567844,108600,50884,75372,0.8601571410467621,0.4096927793359859
1569,0.5861,0,1,0,567845,108599,50884,75372,0.8601492206310987,0.4096950062781634
1570,0.5863,0,1,0,567846,108598,50884,75372,0.8601413002154353,0.40969723324455076
1571,0.5867,30,103,30,567949,108495,50914,75342,0.8593254974021036,0.40983044762479803
1572,0.5871,1,2,1,567951,108493,50915,75341,0.8593096565707768,0.4098316959865966
1573,0.5873,2,0,2,567951,108493,50917,75339,0.8593096565707768,0.4098252752513164
1574,0.5875,5,33,5,567984,108460,50922,75334,0.8590482828538841,0.40988280357356605
1575,0.588,3,7,3,567991,108453,50925,75331,0.8589928399442402,0.4098887824837853
1576,0.5882,0,1,0,567992,108452,50925,75331,0.8589849195285768,0.40989101277049567
1577,0.5883,4,8,4,568000,108444,50929,75327,0.8589215562032696,0.4098960118843561
1578,0.5886,0,2,0,568002,108442,50929,75327,0.8589057153719427,0.409900472876274
1579,0.5887,0,2,0,568004,108440,50929,75327,0.8588898745406159,0.409904933965293
1580,0.5888,1,1,1,568005,108439,50930,75326,0.8588819541249525,0.40990395341876856
1581,0.589,0,2,0,568007,108437,50930,75326,0.8588661132936256,0.40990841464277356
1582,0.5892,0,2,0,568009,108435,50930,75326,0.8588502724622988,0.40991287596388787
1583,0.59,2200,7439,2200,575448,100996,53130,73126,0.799930300342162,0.4199699061577515
1584,0.5903,0,1,0,575449,100995,53130,73126,0.7999223799264985,0.4199723181006312
1585,0.5907,0,2,0,575451,100993,53130,73126,0.7999065390951717,0.4199771420695042
1586,0.5908,0,4,0,575455,100989,53130,73126,0.7998748574325181,0.41998679033971803
1587,0.591,0,1,0,575456,100988,53130,73126,0.7998669370168546,0.41998920247653837
1588,0.5913,1,1,1,575457,100987,53131,73125,0.7998590166011912,0.4199882834037861
1589,0.5914,1,1,1,575458,100986,53132,73124,0.7998510961855279,0.419987364309919
1590,0.5915,1,1,1,575459,100985,53133,73123,0.7998431757698644,0.4199864451949365
1591,0.5917,2,9,2,575468,100976,53135,73121,0.7997718920288936,0.42000149342033466
1592,0.592,3,2,3,575470,100974,53138,73118,0.7997560511975669,0.4199963237828275
1593,0.5922,1,1,1,575471,100973,53139,73117,0.7997481307819034,0.4199954046757424
1594,0.5923,0,1,0,575472,100972,53139,73117,0.79974021036624,0.4199978172084394
1595,0.5925,10,23,10,575495,100949,53149,73107,0.7995580408059815,0.42001999356528935
1596,0.5928,0,1,0,575496,100948,53149,73107,0.799550120390318,0.42002240671052254
1597,0.5929,1,0,1,575496,100948,53150,73106,0.799550120390318,0.42001907454008525
1598,0.5933,17,63,17,575559,100885,53167,73089,0.799051134203523,0.42011449986779636
1599,0.5935,0,1,0,575560,100884,53167,73089,0.7990432137878596,0.42011691469365936
1600,0.5936,0,1,0,575561,100883,53167,73089,0.7990352933721961,0.4201193295472835
1601,0.594,1,13,1,575574,100870,53168,73088,0.7989323279685718,0.42014739189919403
1602,0.5942,0,1,0,575575,100869,53168,73088,0.7989244075529084,0.42014980713624633
1603,0.5943,0,2,0,575577,100867,53168,73088,0.7989085667215815,0.4201546376936564
1604,0.5945,1,1,1,575578,100866,53169,73087,0.7989006463059182,0.4201537196829028
1605,0.5948,0,2,0,575580,100864,53169,73087,0.7988848054745913,0.420158550396376
1606,0.5949,0,1,0,575581,100863,53169,73087,0.7988768850589278,0.42016096579476864
1607,0.595,47,163,47,575744,100700,53216,73040,0.7975858573057915,0.4203982963048233
1608,0.5957,3,0,3,575744,100700,53219,73037,0.7975858573057915,0.4203882880445731
1609,0.5958,0,3,0,575747,100697,53219,73037,0.7975620960588011,0.4203955472158587
1610,0.596,5,14,5,575761,100683,53224,73032,0.7974512102395134,0.420412745013384
1611,0.5962,0,2,0,575763,100681,53224,73032,0.7974353694081865,0.420417585327523
1612,0.5963,1,1,1,575764,100680,53225,73031,0.7974274489925232,0.4204166690652866
1613,0.5965,1,0,1,575764,100680,53226,73030,0.7974274489925232,0.4204133325657705
1614,0.5967,18,91,18,575855,100589,53244,73012,0.7967066911671524,0.42057361420729145
1615,0.5968,0,2,0,575857,100587,53244,73012,0.7966908503358257,0.42057845955333845
1616,0.597,1,0,1,575857,100587,53245,73011,0.7966908503358257,0.42057512183320084
1617,0.5971,0,2,0,575859,100585,53245,73011,0.7966750095044988,0.4205799672803521
1618,0.5975,6,35,6,575894,100550,53251,73005,0.7963977949562793,0.4206447523839705
1619,0.5976,0,1,0,575895,100549,53251,73005,0.7963898745406159,0.4206471760950482
1620,0.598,0,5,0,575900,100544,53251,73005,0.7963502724622988,0.420659295069404
1621,0.5983,3,5,3,575905,100539,53254,73002,0.7963106703839817,0.4206613998997355
1622,0.5985,0,1,0,575906,100538,53254,73002,0.7963027499683183,0.42066382390227036
1623,0.5987,1,1,1,575907,100537,53255,73001,0.796294829552655,0.4206629095644758
1624,0.5988,0,1,0,575908,100536,53255,73001,0.7962869091369915,0.4206653336176147
1625,0.599,1,4,1,575912,100532,53256,73000,0.7962552274743379,0.4206716916764631
1626,0.5992,2,2,2,575914,100530,53258,72998,0.796239386643011,0.42066986307685217
1627,0.5993,0,3,0,575917,100527,53258,72998,0.7962156253960208,0.42067713585938626
1628,0.5995,0,2,0,575919,100525,53258,72998,0.796199784564694,0.420681984520784
1629,0.6,2171,7098,2171,583017,93427,55429,70827,0.7399806741857813,0.4312041107065886
1630,0.6006,0,1,0,583018,93426,55429,70827,0.7399727537701178,0.4312067359500283
1631,0.6007,1,0,1,583018,93426,55430,70826,0.7399727537701178,0.4312032730195066
1632,0.6008,2,1,2,583019,93425,55432,70824,0.7399648333544544,0.43119897229206877
1633,0.601,1,1,1,583020,93424,55433,70823,0.7399569129387911,0.4311981345169166
1634,0.6012,0,1,0,583021,93423,55433,70823,0.7399489925231276,0.431200759835856
1635,0.6017,3,5,3,583026,93418,55436,70820,0.7399093904448105,0.4312034973635821
1636,0.602,1,3,1,583029,93415,55437,70819,0.7398856291978203,0.4312079106640525
1637,0.6022,0,1,0,583030,93414,55437,70819,0.7398777087821569,0.4312105362503273
1638,0.6025,7,25,7,583055,93389,55444,70812,0.7396796983905716,0.4312519412183848
1639,0.6027,1,1,1,583056,93388,55445,70811,0.7396717779749081,0.43125110384350696
1640,0.6028,0,1,0,583057,93387,55445,70811,0.7396638575592447,0.4312537302525
1641,0.6029,0,1,0,583058,93386,55445,70811,0.7396559371435812,0.43125635669348406
1642,0.603,1,1,1,583059,93385,55446,70810,0.7396480167279179,0.43125551935199
1643,0.6033,23,66,23,583125,93319,55469,70787,0.7391252692941326,0.4313492498750807
1644,0.6037,0,2,0,583127,93317,55469,70787,0.7391094284628057,0.43135450689806465
1645,0.6038,0,1,0,583128,93316,55469,70787,0.7391015080471424,0.43135713545760895
1646,0.604,1,9,1,583137,93307,55470,70786,0.7390302243061716,0.4313773287099389
1647,0.6043,1,2,1,583139,93305,55471,70785,0.7390143834748447,0.43137912121396793
1648,0.605,31,157,31,583296,93148,55502,70754,0.7377708782156888,0.43168478725091824
1649,0.6053,0,1,0,583297,93147,55502,70754,0.7377629578000253,0.4316874210651552
1650,0.6055,1,0,1,583297,93147,55503,70753,0.7377629578000253,0.43168395363026235
1651,0.6057,1,2,1,583299,93145,55504,70752,0.7377471169686985,0.4316857538576057
1652,0.6058,0,4,0,583303,93141,55504,70752,0.7377154353060449,0.43169628965239515
1653,0.606,5,13,5,583316,93128,55509,70747,0.7376124699024205,0.4317131960335622
1654,0.6067,32,65,32,583381,93063,55541,70715,0.7370976428842986,0.4317734982720512
1655,0.607,0,1,0,583382,93062,55541,70715,0.7370897224686351,0.4317761346220776
1656,0.6071,1,0,1,583382,93062,55542,70714,0.7370897224686351,0.43177266510355605
1657,0.6075,6,30,6,583412,93032,55548,70708,0.7368521099987327,0.43183095150848905
1658,0.608,4,7,4,583419,93025,55552,70704,0.7367966670890889,0.4318355331065358
1659,0.6082,0,1,0,583420,93024,55552,70704,0.7367887466734254,0.4318381706244503
1660,0.6083,2,6,2,583426,93018,55554,70702,0.736741224179445,0.43184705594918155
1661,0.6086,0,1,0,583427,93017,55554,70702,0.7367333037637815,0.4318496936824681
1662,0.609,0,3,0,583430,93014,55554,70702,0.7367095425167913,0.4318576070756676
1663,0.6092,2,3,2,583433,93011,55556,70700,0.736685781269801,0.4318585800587621
1664,0.6093,0,1,0,583434,93010,55556,70700,0.7366778608541377,0.4318612180074522
1665,0.61,2231,6643,2231,590077,86367,57787,68469,0.6840625396020783,0.4422033635588623
1666,0.6107,0,1,0,590078,86366,57787,68469,0.6840546191864149,0.4422062195240094
1667,0.611,0,1,0,590079,86365,57787,68469,0.6840466987707515,0.44220907552604727
1668,0.6113,0,2,0,590081,86363,57787,68469,0.6840308579394246,0.44221478764079775
1669,0.6114,0,1,0,590082,86362,57787,68469,0.6840229375237612,0.4422176437535119
1670,0.6115,1,0,1,590082,86362,57788,68468,0.6840229375237612,0.44221404120648455
1671,0.6117,6,10,6,590092,86352,57794,68462,0.6839437333671271,0.4422209877659643
1672,0.612,1,16,1,590108,86336,57795,68461,0.6838170067165125,0.4422630929539978
1673,0.6124,1,0,1,590108,86336,57796,68460,0.6838170067165125,0.4422594899093
1674,0.6125,4,24,4,590132,86312,57800,68456,0.6836269167405905,0.44231365656983357
1675,0.6129,0,1,0,590133,86311,57800,68456,0.6836189963249272,0.44231651450244563
1676,0.613,2,2,2,590135,86309,57802,68454,0.6836031554936003,0.44231502361675595
1677,0.6132,1,1,1,590136,86308,57803,68453,0.6835952350779368,0.4423142781450107
1678,0.6133,25,73,25,590209,86235,57828,68428,0.6830170447345076,0.4424329025041542
1679,0.6138,1,1,1,590210,86234,57829,68427,0.6830091243188443,0.44243215807475705
1680,0.614,2,17,2,590227,86217,57831,68425,0.6828744772525662,0.4424735841491962
1681,0.6142,1,0,1,590227,86217,57832,68424,0.6828744772525662,0.44246997885424955
1682,0.6143,1,3,1,590230,86214,57833,68423,0.682850716005576,0.4424749574810686
1683,0.6144,0,1,0,590231,86213,57833,68423,0.6828427955899126,0.44247781887788096
1684,0.6145,1,1,1,590232,86212,57834,68422,0.6828348751742491,0.44247707489944
1685,0.615,51,165,51,590397,86047,57885,68371,0.6815280065897859,0.4427657397453665
1686,0.6153,0,1,0,590398,86046,57885,68371,0.6815200861741224,0.442768607083417
1687,0.6155,1,0,1,590398,86046,57886,68370,0.6815200861741224,0.4427649984457569
1688,0.6156,0,1,0,590399,86045,57886,68370,0.681512165758459,0.4427678658161448
1689,0.6158,1,2,1,590401,86043,57887,68369,0.6814963249271322,0.44276999196953604
1690,0.616,10,11,10,590412,86032,57897,68359,0.6814092003548347,0.4427654461723805
1691,0.6163,1,1,1,590413,86031,57898,68358,0.6814012799391712,0.4427647047393273
1692,0.6165,0,3,0,590416,86028,57898,68358,0.681377518692181,0.4427733084606117
1693,0.6167,24,67,24,590483,85961,57922,68334,0.6808468508427322,0.4428789008068959
1694,0.6173,0,1,0,590484,85960,57922,68334,0.6808389304270688,0.4428817711641412
1695,0.6175,3,21,3,590505,85939,57925,68331,0.6806726016981371,0.4429312244765671
1696,0.6177,1,1,1,590506,85938,57926,68330,0.6806646812824737,0.4429304846111961
1697,0.618,0,9,0,590515,85929,57926,68330,0.6805933975415029,0.4429563266973078
1698,0.6182,0,1,0,590516,85928,57926,68330,0.6805854771258396,0.44295919822634805
1699,0.6183,0,7,0,590523,85921,57926,68330,0.6805300342161956,0.4429792999721234
1700,0.6186,0,2,0,590525,85919,57926,68330,0.6805141933848688,0.442985043663168
1701,0.6192,0,5,0,590530,85914,57926,68330,0.6804745913065517,0.4429994035424393
1702,0.6193,0,1,0,590531,85913,57926,68330,0.6804666708908883,0.4430022756300124
1703,0.6197,0,1,0,590532,85912,57926,68330,0.680458750475225,0.44300514775482686
1704,0.62,2270,6380,2270,596912,79532,60196,66060,0.6299264985426435,0.45373372163305675
1705,0.6203,0,1,0,596913,79531,60196,66060,0.6299185781269802,0.4537368381287305
1706,0.6207,2,2,2,596915,79529,60198,66058,0.6299027372956533,0.4537355670492558
1707,0.6208,0,4,0,596919,79525,60198,66058,0.6298710556329996,0.4537480337676789
1708,0.6209,1,0,1,596919,79525,60199,66057,0.6298710556329996,0.4537442815732714
1709,0.6213,1,0,1,596919,79525,60200,66056,0.6298710556329996,0.45374052932731607
1710,0.6215,0,3,0,596922,79522,60200,66056,0.6298472943860094,0.45374987978952863
1711,0.6217,3,6,3,596928,79516,60203,66053,0.6297997718920288,0.45375732470512264
1712,0.622,1,5,1,596933,79511,60204,66052,0.6297601698137119,0.4537691583712894
1713,0.6222,1,1,1,596934,79510,60205,66051,0.6297522493980484,0.45376852316211075
1714,0.6225,8,24,8,596958,79486,60213,66043,0.6295621594221265,0.45381332930206353
1715,0.6227,2,2,2,596960,79484,60215,66041,0.6295463185907997,0.45381205978354233
1716,0.6229,0,1,0,596961,79483,60215,66041,0.6295383981751362,0.4538151782523845
1717,0.623,1,0,1,596961,79483,60216,66040,0.6295383981751362,0.4538114249981103
1718,0.6233,17,50,17,597011,79433,60233,66023,0.6291423773919655,0.4539035859641404
1719,0.6235,0,2,0,597013,79431,60233,66023,0.6291265365606387,0.45390982716185185
1720,0.6238,0,1,0,597014,79430,60233,66023,0.6291186161449753,0.45391294782507063
1721,0.624,0,9,0,597023,79421,60233,66023,0.6290473324040046,0.4539410357250901
1722,0.6242,1,0,1,597023,79421,60234,66022,0.6290473324040046,0.45393728127170097
1723,0.6243,0,4,0,597027,79417,60234,66022,0.6290156507413509,0.45394976588122854
1724,0.6245,0,1,0,597028,79416,60234,66022,0.6290077303256875,0.45395288714091225
1725,0.6246,2,0,2,597028,79416,60236,66020,0.6290077303256875,0.45394537803569956
1726,0.625,50,153,50,597181,79263,60286,65970,0.6277959067291852,0.4542356076098407
1727,0.6257,1,4,1,597185,79259,60287,65969,0.6277642250665315,0.45424436059162143
1728,0.6258,0,3,0,597188,79256,60287,65969,0.6277404638195413,0.45425374419004994
1729,0.626,3,15,3,597203,79241,60290,65966,0.62762165758459,0.4542893937620087
1730,0.6262,2,0,2,597203,79241,60292,65964,0.62762165758459,0.4542818773458214
1731,0.6265,0,1,0,597204,79240,60292,65964,0.6276137371689267,0.4542850059227019
1732,0.6267,31,70,31,597274,79170,60323,65933,0.6270593080724877,0.45438757296541077
1733,0.6268,0,1,0,597275,79169,60323,65933,0.6270513876568242,0.45439070446995905
1734,0.6271,0,1,0,597276,79168,60323,65933,0.6270434672411608,0.45439383601767047
1735,0.6273,0,1,0,597277,79167,60323,65933,0.6270355468254974,0.4543969676085458
1736,0.6275,13,26,13,597303,79141,60336,65920,0.6268296160182486,0.4544295158588456
1737,0.6277,1,0,1,597303,79141,60337,65919,0.6268296160182486,0.45442575486005793
1738,0.6278,1,1,1,597304,79140,60338,65918,0.6268216956025853,0.4544251265011237
1739,0.6279,1,0,1,597304,79140,60339,65917,0.6268216956025853,0.4544213653942933
1740,0.628,3,12,3,597316,79128,60342,65914,0.6267266506146243,0.45444767722452806
1741,0.6283,4,5,4,597321,79123,60346,65910,0.6266870485363072,0.4544482979735646
1742,0.6286,1,0,1,597321,79123,60347,65909,0.6266870485363072,0.4544445363781786
1743,0.6288,0,1,0,597322,79122,60347,65909,0.6266791281206437,0.4544476698085237
1744,0.629,0,1,0,597323,79121,60347,65909,0.6266712077049803,0.4544508032820796
1745,0.6293,1,0,1,597323,79121,60348,65908,0.6266712077049803,0.4544470416261575
1746,0.6295,1,0,1,597323,79121,60349,65907,0.6266712077049803,0.4544432799183606
1747,0.63,2272,5924,2272,603247,73197,62621,63635,0.5797506653149157,0.46505934284377926
1748,0.6302,0,1,0,603248,73196,62621,63635,0.5797427448992523,0.4650627416301861
1749,0.6307,1,3,1,603251,73193,62622,63634,0.579718983652262,0.46506902877356077
1750,0.6308,1,1,1,603252,73192,62623,63633,0.5797110632365987,0.46506851818015715
1751,0.631,0,2,0,603254,73190,62623,63633,0.5796952224052718,0.4650753162845428
1752,0.6313,1,0,1,603254,73190,62624,63632,0.5796952224052718,0.4650714066451302
1753,0.6314,1,0,1,603254,73190,62625,63631,0.5796952224052718,0.46506749694856786
1754,0.6315,1,0,1,603254,73190,62626,63630,0.5796952224052718,0.4650635871948546
1755,0.6317,3,6,3,603260,73184,62629,63627,0.5796476999112914,0.46507225296211563
1756,0.632,1,6,1,603266,73178,62630,63626,0.5796001774173108,0.46508874009531886
1757,0.6323,0,1,0,603267,73177,62630,63626,0.5795922570016474,0.465092139792256
1758,0.6325,13,18,13,603285,73159,62643,63613,0.579449689519706,0.4651025063609511
1759,0.6327,0,1,0,603286,73158,62643,63613,0.5794417691040425,0.46510590695395954
1760,0.6328,0,1,0,603287,73157,62643,63613,0.5794338486883792,0.46510930759669517
1761,0.6329,1,1,1,603288,73156,62644,63612,0.5794259282727158,0.465108797379504
1762,0.6333,24,54,24,603342,73102,62668,63588,0.5789982258268914,0.465198624625064
1763,0.6337,0,2,0,603344,73100,62668,63588,0.5789823849955645,0.4652054313473019
1764,0.6338,1,0,1,603344,73100,62669,63587,0.5789823849955645,0.4652015187984227
1765,0.634,4,11,4,603355,73089,62673,63583,0.578895260423267,0.4652233083586982
1766,0.6343,1,1,1,603356,73088,62674,63582,0.5788873400076036,0.465222799443916
1767,0.6347,0,2,0,603358,73086,62674,63582,0.5788714991762768,0.4652296075160242
1768,0.635,60,116,60,603474,72970,62734,63522,0.5779527309593208,0.46538991296193183
1769,0.6352,1,1,1,603475,72969,62735,63521,0.5779448105436573,0.465389405817276
1770,0.6357,1,4,1,603479,72965,62736,63520,0.5779131288810037,0.46539912810931605
1771,0.6358,1,0,1,603479,72965,62737,63519,0.5779131288810037,0.46539521116028254
1772,0.636,11,11,11,603490,72954,62748,63508,0.5778260043087061,0.46538963227858304
1773,0.6367,17,65,17,603555,72889,62765,63491,0.5773111772905842,0.4655448012905118
1774,0.6368,1,1,1,603556,72888,62766,63490,0.5773032568749208,0.46554429600082126
1775,0.637,0,2,0,603558,72886,62766,63490,0.577287416043594,0.4655511233648149
1776,0.6373,0,1,0,603559,72885,62766,63490,0.5772794956279306,0.46555453712190653
1777,0.6375,14,24,14,603583,72861,62780,63476,0.5770894056520086,0.4655816102745403
1778,0.638,5,3,5,603586,72858,62785,63471,0.5770656444050184,0.4655722553528596
1779,0.6383,4,6,4,603592,72852,62789,63467,0.5770181219110379,0.4655770655594598
1780,0.6387,0,2,0,603594,72850,62789,63467,0.5770022810797111,0.46558389635922154
1781,0.6389,0,1,0,603595,72849,62789,63467,0.5769943606640476,0.46558731183426744
1782,0.639,1,0,1,603595,72849,62790,63466,0.5769943606640476,0.46558339140960275
1783,0.6392,0,6,0,603601,72843,62790,63466,0.5769468381700672,0.46560388529003954
1784,0.6395,0,1,0,603602,72842,62790,63466,0.5769389177544038,0.4656073011121871
1785,0.64,2311,5838,2311,609440,67004,65101,61155,0.5306995311113927,0.47718068961212246
1786,0.6402,0,1,0,609441,67003,65101,61155,0.5306916106957293,0.4771844129902152
1787,0.6403,0,1,0,609442,67002,65101,61155,0.5306836902800659,0.4771881364264145
1788,0.6407,0,1,0,609443,67001,65101,61155,0.5306757698644025,0.4771918599207216
1789,0.6408,2,0,2,609443,67001,65103,61153,0.5306757698644025,0.4771837008599029
1790,0.641,0,1,0,609444,67000,65103,61153,0.530667849448739,0.4771874244067638
1791,0.6412,0,1,0,609445,66999,65103,61153,0.5306599290330757,0.47719114801173607
1792,0.6417,4,5,4,609450,66994,65107,61149,0.5306203269547586,0.47719344794487406
1793,0.642,3,4,3,609454,66990,65110,61146,0.5305886452921049,0.47719610413935193
1794,0.6423,0,1,0,609455,66989,65110,61146,0.5305807248764415,0.47719982830608343
1795,0.6425,8,17,8,609472,66972,65118,61138,0.5304460778101635,0.4772305050347358
1796,0.6427,1,0,1,609472,66972,65119,61137,0.5304460778101635,0.4772264243729949
1797,0.6429,0,1,0,609473,66971,65119,61137,0.5304381573945001,0.47723014956130766
1798,0.6433,15,63,15,609536,66908,65134,61122,0.529939171207705,0.47740373349996096
1799,0.6437,0,1,0,609537,66907,65134,61122,0.5299312507920416,0.47740746237180637
1800,0.6438,1,0,1,609537,66907,65135,61121,0.5299312507920416,0.47740338051051334
1801,0.644,2,9,2,609546,66898,65137,61119,0.5298599670510709,0.47742877899029035
1802,0.6442,1,2,1,609548,66896,65138,61118,0.529844126219744,0.477432155857953
1803,0.6443,0,2,0,609550,66894,65138,61118,0.5298282853884172,0.4774396150360904
1804,0.6445,0,1,0,609551,66893,65138,61118,0.5298203649727538,0.4774433447125638
1805,0.645,49,126,49,609677,66767,65187,61069,0.5288223925991636,0.4777136330923996
1806,0.6452,0,1,0,609678,66766,65187,61069,0.5288144721835002,0.4777173700473266
1807,0.6457,1,2,1,609680,66764,65188,61068,0.5287986313521733,0.47772075849552537
1808,0.6458,0,3,0,609683,66761,65188,61068,0.5287748701051831,0.4777319700537437
1809,0.646,14,8,14,609691,66753,65202,61054,0.5287115067798758,0.47770466406378365
1810,0.6462,0,1,0,609692,66752,65202,61054,0.5287035863642124,0.4777084017964728
1811,0.6465,1,0,1,609692,66752,65203,61053,0.5287035863642124,0.47770431516763817
1812,0.6467,20,55,20,609747,66697,65223,61033,0.5282679635027246,0.4778282314256635
1813,0.6468,0,1,0,609748,66696,65223,61033,0.5282600430870612,0.4778319723790212
1814,0.647,1,0,1,609748,66696,65224,61032,0.5282600430870612,0.4778278842540398
1815,0.6471,0,2,0,609750,66694,65224,61032,0.5282442022557344,0.4778353663310524
1816,0.6475,6,15,6,609765,66679,65230,61026,0.5281253960207831,0.47786695900708664
1817,0.6476,1,0,1,609765,66679,65231,61025,0.5281253960207831,0.4778628703877717
1818,0.6477,2,3,2,609768,66676,65233,61023,0.5281016347737929,0.47786591907532555
1819,0.6478,2,0,2,609768,66676,65235,61021,0.5281016347737929,0.4778577413721544
1820,0.648,5,7,5,609775,66669,65240,61016,0.528046191864149,0.47786349218780594
1821,0.6483,1,6,1,609781,66663,65241,61015,0.5279986693701686,0.47788185905167685
1822,0.6485,1,1,1,609782,66662,65242,61014,0.5279907489545052,0.47788151257871486
1823,0.6486,1,1,1,609783,66661,65243,61013,0.5279828285388417,0.47788116609489795
1824,0.6487,0,1,0,609784,66660,65243,61013,0.5279749081231783,0.47788490910372594
1825,0.6488,1,0,1,609784,66660,65244,61012,0.5279749081231783,0.4778808196002256
1826,0.649,0,2,0,609786,66658,65244,61012,0.5279590672918515,0.4778883057883606
1827,0.6492,1,2,1,609788,66656,65245,61011,0.5279432264605246,0.4778917026326302
1828,0.6493,1,0,1,609788,66656,65246,61010,0.5279432264605246,0.47788761299014615
1829,0.65,2339,5307,2339,615095,61349,67585,58671,0.48590958053478644,0.48884352607898685
1830,0.6505,1,1,1,615096,61348,67586,58670,0.48590166011912306,0.4888433401656418
1831,0.6506,0,1,0,615097,61347,67586,58670,0.4858937397034596,0.4888474132831182
1832,0.6508,0,3,0,615100,61344,67586,58670,0.4858699784564694,0.48885963304281166
1833,0.651,2,3,2,615103,61341,67588,58668,0.4858462172094792,0.48886333524985626
1834,0.6513,0,1,0,615104,61340,67588,58668,0.48583829679381574,0.4888674088394107
1835,0.6514,1,0,1,615104,61340,67589,58667,0.48583829679381574,0.48886314964960376
1836,0.6517,1,6,1,615110,61334,67590,58666,0.48579077429983525,0.48888333333333334
1837,0.6518,1,0,1,615110,61334,67591,58665,0.48579077429983525,0.48887907399228325
1838,0.652,0,5,0,615115,61329,67591,58665,0.4857511722215182,0.48889944497224863
1839,0.6525,6,12,6,615127,61317,67597,58659,0.4856561272335572,0.4889227845569114
1840,0.6528,0,1,0,615128,61316,67597,58659,0.4856482068178938,0.4889268597624505
1841,0.6529,0,1,0,615129,61315,67597,58659,0.4856402864022304,0.48893093503592444
1842,0.6533,31,52,31,615181,61263,67628,58628,0.48522842478773287,0.4890108515234671
1843,0.6535,0,1,0,615182,61262,67628,58628,0.4852205043720694,0.4890149303528234
1844,0.6537,0,2,0,615184,61260,67628,58628,0.4852046635407426,0.489023088215668
1845,0.654,8,13,8,615197,61247,67636,58620,0.48510169813711823,0.4890420215739111
1846,0.6542,0,1,0,615198,61246,67636,58620,0.48509377772145484,0.489046101479986
1847,0.6543,1,0,1,615198,61246,67637,58619,0.48509377772145484,0.4890418387352438
1848,0.6547,1,1,1,615199,61245,67638,58618,0.4850858573057914,0.48904165589047494
1849,0.655,53,129,53,615328,61116,67691,58565,0.484064123685211,0.4893425021515529
1850,0.6553,0,1,0,615329,61115,67691,58565,0.48405620326954757,0.4893465909090909
1851,0.6557,3,0,3,615329,61115,67694,58562,0.48405620326954757,0.48933379011840206
1852,0.6558,0,4,0,615333,61111,67694,58562,0.4840245216068939,0.4893501458140098
1853,0.6559,0,1,0,615334,61110,67694,58562,0.4840166011912305,0.4893542349087506
1854,0.656,5,9,5,615343,61101,67699,58557,0.4839453174502598,0.48936970365541793
1855,0.6563,1,0,1,615343,61101,67700,58556,0.4839453174502598,0.48936543620515305
1856,0.6567,28,57,28,615400,61044,67728,58528,0.4834938537574452,0.489479142274111
1857,0.6568,0,2,0,615402,61042,67728,58528,0.48347801292611836,0.4894873295977252
1858,0.657,0,3,0,615405,61039,67728,58528,0.48345425167912814,0.4894996110967073
1859,0.6572,0,1,0,615406,61038,67728,58528,0.4834463312634647,0.48950370506665775
1860,0.6573,1,1,1,615407,61037,67729,58527,0.4834384108478013,0.4895035294904821
1861,0.6575,10,17,10,615424,61020,67739,58517,0.48330376378152323,0.48953043827434184
1862,0.6577,0,1,0,615425,61019,67739,58517,0.48329584336585985,0.489534533529648
1863,0.658,2,9,2,615434,61010,67741,58515,0.48322455962488914,0.48956285295963187
1864,0.6583,4,13,4,615447,60997,67745,58511,0.4831215942212647,0.4895990226595709
1865,0.6586,0,1,0,615448,60996,67745,58511,0.48311367380560133,0.48960311948254076
1866,0.6587,1,1,1,615449,60995,67746,58510,0.4831057533899379,0.48960294548345257
1867,0.6588,1,1,1,615450,60994,67747,58509,0.4830978329742745,0.4896027714785403
1868,0.659,1,1,1,615451,60993,67748,58508,0.48308991255861106,0.4896025974678036
1869,0.6592,2,1,2,615452,60992,67750,58506,0.48308199214294767,0.4895981522703309
1870,0.6593,1,3,1,615455,60989,67751,58505,0.4830582308959574,0.48960617269486334
1871,0.6595,0,1,0,615456,60988,67751,58505,0.483050310480294,0.4896102700576603
1872,0.6597,0,1,0,615457,60987,67751,58505,0.48304239006463057,0.4896143674890369
1873,0.66,2297,4931,2297,620388,56056,70048,56208,0.4439868204283361,0.5006769757001354
1874,0.6603,1,2,1,620390,56054,70049,56207,0.44397097959700926,0.5006814476977757
1875,0.6605,0,1,0,620391,56053,70049,56207,0.4439630591813458,0.5006859077142348
1876,0.6607,0,2,0,620393,56051,70049,56207,0.443947218350019,0.5006948279855333
1877,0.6608,1,1,1,620394,56050,70050,56206,0.4439392979343556,0.5006948403648803
1878,0.6612,0,1,0,620395,56049,70050,56206,0.44393137751869216,0.5006993006993007
1879,0.6613,0,1,0,620396,56048,70050,56206,0.4439234571030288,0.5007037611131897
1880,0.6615,0,2,0,620398,56046,70050,56206,0.44390761627170194,0.5007126821793821
1881,0.6617,5,6,5,620404,56040,70055,56201,0.44386009377772145,0.5007172067248153
1882,0.6618,0,1,0,620405,56039,70055,56201,0.44385217336205807,0.5007216678545973
1883,0.662,5,7,5,620412,56032,70060,56196,0.44379673045241413,0.5007306554514025
1884,0.6623,2,0,2,620412,56032,70062,56194,0.44379673045241413,0.5007217578814178
1885,0.6625,7,12,7,620424,56020,70069,56187,0.44370168546445315,0.5007441603465025
1886,0.6627,0,2,0,620426,56018,70069,56187,0.4436858446331263,0.5007530858696136
1887,0.6629,0,3,0,620429,56015,70069,56187,0.4436620833861361,0.5007664747508958
1888,0.663,1,2,1,620431,56013,70070,56186,0.4436462425548093,0.5007709516127594
1889,0.6633,26,41,26,620472,55972,70096,56160,0.4433215055126093,0.5008382977205437
1890,0.6637,0,1,0,620473,55971,70096,56160,0.4433135850969459,0.5008427642667951
1891,0.664,5,3,5,620476,55968,70101,56155,0.44328982384995563,0.500833905621505
1892,0.6642,1,2,1,620478,55966,70102,56154,0.4432739830186288,0.5008383874420264
1893,0.665,61,104,61,620582,55862,70163,56093,0.44245025978963376,0.5010316645080612
1894,0.6656,0,1,0,620583,55861,70163,56093,0.4424423393739704,0.5010361398431499
1895,0.6658,1,3,1,620586,55858,70164,56092,0.4424185781269801,0.5010451094238499
1896,0.666,5,8,5,620594,55850,70169,56087,0.4423552148016728,0.5010586311943325
1897,0.6662,0,1,0,620595,55849,70169,56087,0.4423472943860094,0.5010631074899943
1898,0.6667,21,57,21,620652,55792,70190,56066,0.44189583069319477,0.5012247671154499
1899,0.6675,6,15,6,620667,55777,70196,56060,0.4417770244582436,0.5012652342248093
1900,0.6677,0,1,0,620668,55776,70196,56060,0.44176910404258013,0.5012697163703995
1901,0.668,1,6,1,620674,55770,70197,56059,0.4417215815485997,0.5012921514097417
1902,0.6683,5,7,5,620681,55763,70202,56054,0.44166613863895576,0.501301233265067
1903,0.6685,0,1,0,620682,55762,70202,56054,0.4416582182232924,0.5013057165343063
1904,0.6687,1,1,1,620683,55761,70203,56053,0.44165029780762893,0.5013057398894593
1905,0.6688,0,2,0,620685,55759,70203,56053,0.4416344569763021,0.5013147068293207
1906,0.669,2,0,2,620685,55759,70205,56051,0.4416344569763021,0.5013057866022718
1907,0.6692,3,0,3,620685,55759,70208,56048,0.4416344569763021,0.5012924056633306
1908,0.6693,0,2,0,620687,55757,70208,56048,0.4416186161449753,0.5013013729260767
1909,0.67,2303,4615,2303,625302,51142,72511,53745,0.4050658978583196,0.5124085921038832
1910,0.6702,1,0,1,625302,51142,72512,53744,0.4050658978583196,0.5124039433289476
1911,0.6708,1,3,1,625305,51139,72513,53743,0.4050421366113294,0.5124139509162678
1912,0.671,2,1,2,625306,51138,72515,53741,0.40503421619566593,0.5124095386111615
1913,0.6713,0,1,0,625307,51137,72515,53741,0.40502629578000254,0.512414424378802
1914,0.6717,5,6,5,625313,51131,72520,53736,0.40497877328602205,0.512420494531168
1915,0.6718,0,1,0,625314,51130,72520,53736,0.4049708528703586,0.512425380962371
1916,0.672,6,2,6,625316,51128,72526,53730,0.4049550120390318,0.5124072555265216
1917,0.6725,6,16,6,625332,51112,72532,53724,0.4048282853884172,0.5124575527490557
1918,0.6729,1,1,1,625333,51111,72533,53723,0.40482036497275375,0.5124577904115077
1919,0.673,0,1,0,625334,51110,72533,53723,0.40481244455709037,0.5124626787366573
1920,0.6733,28,44,28,625378,51066,72561,53695,0.40446394626790017,0.5125476083657086
1921,0.6735,0,3,0,625381,51063,72561,53695,0.4044401850209099,0.5125622864124936
1922,0.6737,0,1,0,625382,51062,72561,53695,0.4044322646052465,0.5125671792815755
1923,0.6738,1,0,1,625382,51062,72562,53694,0.4044322646052465,0.5125625262514796
1924,0.6739,0,1,0,625383,51061,72562,53694,0.40442434418958306,0.5125674192162665
1925,0.674,2,7,2,625390,51054,72564,53692,0.4043689012799392,0.5125923662956103
1926,0.6742,2,4,2,625394,51050,72566,53690,0.4043372196172855,0.5126026350964292
1927,0.6743,1,0,1,625394,51050,72567,53689,0.4043372196172855,0.5125979816496243
1928,0.6747,0,1,0,625395,51049,72567,53689,0.4043292992016221,0.5126028757471023
1929,0.675,55,94,55,625489,50955,72622,53634,0.4035847801292612,0.512807274187534
1930,0.6753,0,1,0,625490,50954,72622,53634,0.40357685971359775,0.5128121773052358
1931,0.6757,0,1,0,625491,50953,72622,53634,0.40356893929793436,0.512817080516699
1932,0.6758,0,1,0,625492,50952,72622,53634,0.4035610188822709,0.5128219838219265
1933,0.676,11,5,11,625497,50947,72633,53623,0.40352141680395387,0.5127952567658028
1934,0.6767,22,55,22,625552,50892,72655,53601,0.4030857939424661,0.5129625907955557
1935,0.677,1,0,1,625552,50892,72656,53600,0.4030857939424661,0.5129579297936684
1936,0.6771,2,2,2,625554,50890,72658,53598,0.40306995311113925,0.5129584258479443
1937,0.6773,0,3,0,625557,50887,72658,53598,0.40304619186414903,0.51297315404125
1938,0.6775,9,15,9,625572,50872,72667,53589,0.40292738562919783,0.51300485348599
1939,0.6776,0,1,0,625573,50871,72667,53589,0.4029194652135344,0.513009764503159
1940,0.6778,0,1,0,625574,50870,72667,53589,0.402911544797871,0.5130146756143559
1941,0.6779,0,1,0,625575,50869,72667,53589,0.40290362438220756,0.513019586819583
1942,0.678,3,7,3,625582,50862,72670,53586,0.4028481814725637,0.5130399816176471
1943,0.6781,0,1,0,625583,50861,72670,53586,0.40284026105690024,0.513044893582391
1944,0.6783,2,7,2,625590,50854,72672,53584,0.40278481814725636,0.5130699553802256
1945,0.6785,0,1,0,625591,50853,72672,53584,0.402776897731593,0.513074868102301
1946,0.6786,1,0,1,625591,50853,72673,53583,0.402776897731593,0.5130702056762037
1947,0.6787,0,1,0,625592,50852,72673,53583,0.40276897731592953,0.5130751184947575
1948,0.6788,1,1,1,625593,50851,72674,53582,0.40276105690026615,0.5130753688968046
1949,0.679,0,2,0,625595,50849,72674,53582,0.4027452160689393,0.5130851950091448
1950,0.6792,0,2,0,625597,50847,72674,53582,0.4027293752376125,0.5130950214978598
1951,0.68,2325,4266,2325,629863,46581,74999,51257,0.36894088201748826,0.5238966454751732
1952,0.6807,0,2,0,629865,46579,74999,51257,0.36892504118616143,0.5239073551657877
1953,0.6808,6,3,6,629868,46576,75005,51251,0.3689012799391712,0.523894221431711
1954,0.6814,1,0,1,629868,46576,75006,51250,0.3689012799391712,0.5238893545683152
1955,0.6817,4,6,4,629874,46570,75010,51246,0.3688537574451907,0.5239020201194079
1956,0.682,2,4,2,629878,46566,75012,51244,0.36882207578253706,0.5239137102545752
1957,0.6822,0,1,0,629879,46565,75012,51244,0.3688141553668737,0.5239190667525483
1958,0.6825,2,11,2,629890,46554,75014,51242,0.3687270307945761,0.5239682604605506
1959,0.6827,1,2,1,629892,46552,75015,51241,0.36871118996324925,0.5239741085762785
1960,0.683,0,1,0,629893,46551,75015,51241,0.36870326954758587,0.5239794666230366
1961,0.6832,0,1,0,629894,46550,75015,51241,0.3686953491319224,0.5239848247793765
1962,0.6833,24,37,24,629931,46513,75039,51217,0.3684022937523761,0.5240663051263685
1963,0.6837,1,2,1,629933,46511,75040,51216,0.3683864529210493,0.5240721602013773
1964,0.6838,1,0,1,629933,46511,75041,51215,0.3683864529210493,0.5240672901786628
1965,0.684,4,7,4,629940,46504,75045,51211,0.3683310100114054,0.5240853502532876
1966,0.6842,0,1,0,629941,46503,75045,51211,0.368323089595742,0.5240907137155372
1967,0.6843,0,2,0,629943,46501,75045,51211,0.3683072487644152,0.5241014409693794
1968,0.6845,1,0,1,629943,46501,75046,51210,0.3683072487644152,0.5240965704987156
1969,0.6847,0,1,0,629944,46500,75046,51210,0.36829932834875173,0.5241019342953638
1970,0.685,61,116,61,630060,46384,75107,51149,0.3673805601317957,0.5244276296227943
1971,0.6852,0,1,0,630061,46383,75107,51149,0.3673726397161323,0.5244330066029611
1972,0.6858,0,1,0,630062,46382,75107,51149,0.3673647193004689,0.5244383836933898
1973,0.686,1,7,1,630069,46375,75108,51148,0.367309276390825,0.5244711503952914
1974,0.6862,1,1,1,630070,46374,75109,51147,0.36730135597516156,0.5244716522595133
1975,0.6863,0,1,0,630071,46373,75109,51147,0.36729343555949817,0.5244770303527482
1976,0.6864,0,1,0,630072,46372,75109,51147,0.36728551514383473,0.5244824085562814
1977,0.6865,0,2,0,630074,46370,75109,51147,0.3672696743125079,0.5244931652942564
1978,0.6867,27,48,27,630122,46322,75136,51120,0.36688949436066404,0.5246197738141664
1979,0.687,0,1,0,630123,46321,75136,51120,0.36688157394500065,0.5246251577877895
1980,0.6871,1,1,1,630124,46320,75137,51119,0.3668736535293372,0.5246256632354601
1981,0.6872,0,1,0,630125,46319,75137,51119,0.3668657331136738,0.5246310474352922
1982,0.6875,12,25,12,630150,46294,75149,51107,0.3666677227220885,0.5247071385304052
1983,0.6878,0,1,0,630151,46293,75149,51107,0.36665980230642503,0.5247125256673512
1984,0.688,0,5,0,630156,46288,75149,51107,0.366620200228108,0.5247394630114482
1985,0.6883,5,7,5,630163,46281,75154,51102,0.36656475731846405,0.5247527802593882
1986,0.6886,0,1,0,630164,46280,75154,51102,0.36655683690280066,0.5247581688607751
1987,0.6887,1,3,1,630167,46277,75155,51101,0.3665330756558104,0.5247694551130645
1988,0.6888,1,0,1,630167,46277,75156,51100,0.3665330756558104,0.5247645747969233
1989,0.689,1,4,1,630171,46273,75157,51099,0.3665013939931568,0.5247812512837366
1990,0.6892,0,4,0,630175,46269,75157,51099,0.36646971233050313,0.5248028099580971
1991,0.6895,0,1,0,630176,46268,75157,51099,0.3664617919148397,0.5248081999034581
1992,0.6898,1,0,1,630176,46268,75158,51098,0.3664617919148397,0.5248033194338886
1993,0.69,2273,4077,2273,634253,42191,77431,48825,0.33417025725510074,0.5364441416893733
1994,0.6902,0,1,0,634254,42190,77431,48825,0.33416233683943736,0.5364500357083997
1995,0.6904,0,1,0,634255,42189,77431,48825,0.3341544164237739,0.5364559298569451
1996,0.6907,2,1,2,634256,42188,77433,48823,0.3341464960081105,0.5364516377141225
1997,0.6908,0,1,0,634257,42187,77433,48823,0.3341385755924471,0.5364575321393253
1998,0.691,0,1,0,634258,42186,77433,48823,0.3341306551767837,0.5364634266940632
1999,0.6912,0,1,0,634259,42185,77433,48823,0.33412273476112025,0.5364693213783404
2000,0.6917,4,3,4,634262,42182,77437,48819,0.33409897351413004,0.5364666322348106
2001,0.692,2,6,2,634268,42176,77439,48817,0.33405145102014955,0.536491818051938
2002,0.6923,0,1,0,634269,42175,77439,48817,0.3340435306044861,0.5364977140847547
2003,0.6925,12,18,12,634287,42157,77451,48805,0.3339009631225447,0.5365427321299004
2004,0.6928,1,0,1,634287,42157,77452,48804,0.3339009631225447,0.5365376370092677
2005,0.6929,0,1,0,634288,42156,77452,48804,0.33389304270688125,0.5365435356200527
2006,0.6932,0,1,0,634289,42155,77452,48804,0.33388512229121786,0.536549434360536
2007,0.6933,18,35,18,634324,42120,77470,48786,0.33360790774299837,0.5366642465843838
2008,0.6935,0,2,0,634326,42118,77470,48786,0.33359206691167154,0.5366760538590161
2009,0.6938,1,0,1,634326,42118,77471,48785,0.33359206691167154,0.5366709569541159
2010,0.694,6,11,6,634337,42107,77477,48779,0.33350494233937394,0.5367053231520806
2011,0.6942,2,0,2,634337,42107,77479,48777,0.33350494233937394,0.5366951278552881
2012,0.6943,2,0,2,634337,42107,77481,48775,0.33350494233937394,0.5366849321097688
2013,0.6944,0,1,0,634338,42106,77481,48775,0.33349702192371056,0.5366908374687779
2014,0.6945,0,1,0,634339,42105,77481,48775,0.33348910150804717,0.5366967429577465
2015,0.695,52,84,52,634423,42021,77533,48723,0.33282378659232037,0.5369280613594287
2016,0.6955,1,0,1,634423,42021,77534,48722,0.33282378659232037,0.5369229582447131
2017,0.6957,1,0,1,634423,42021,77535,48721,0.33282378659232037,0.5369178550175222
2018,0.6958,0,4,0,634427,42017,77535,48721,0.3327921049296667,0.5369415239480703
2019,0.696,5,11,5,634438,42006,77540,48716,0.3327049803573692,0.5369811071184498
2020,0.6962,0,1,0,634439,42005,77540,48716,0.33269705994170573,0.5369870261571191
2021,0.6967,30,44,30,634483,41961,77570,48686,0.33234856165251553,0.5370944432799761
2022,0.6968,0,1,0,634484,41960,77570,48686,0.3323406412368521,0.5371003684663416
2023,0.6971,2,0,2,634484,41960,77572,48684,0.3323406412368521,0.5370901548916641
2024,0.6975,6,18,6,634502,41942,77578,48678,0.33219807375491067,0.5371661884793644
2025,0.6978,0,1,0,634503,41941,77578,48678,0.33219015333924723,0.5371721162228672
2026,0.698,2,3,2,634506,41938,77580,48676,0.332166392092257,0.5371796852583486
2027,0.6983,1,6,1,634512,41932,77581,48675,0.3321188695982765,0.537210149326211
2028,0.6988,0,1,0,634513,41931,77581,48675,0.3321109491826131,0.5372160784054036
2029,0.699,0,2,0,634515,41929,77581,48675,0.33209510835128625,0.5372279369564258
2030,0.6993,1,1,1,634516,41928,77582,48674,0.33208718793562286,0.5372287587470476
2031,0.6998,0,1,0,634517,41927,77582,48674,0.3320792675199594,0.5372346883588481
2032,0.7,2286,3650,2286,638167,38277,79868,46388,0.3031697503484983,0.5479005492234099
2033,0.7007,0,2,0,638169,38275,79868,46388,0.30315390951717147,0.5479134923165964
2034,0.7008,2,0,2,638169,38275,79870,46386,0.30315390951717147,0.5479028123929555
2035,0.701,2,3,2,638172,38272,79872,46384,0.3031301482701812,0.547911547911548
2036,0.7013,1,1,1,638173,38271,79873,46383,0.3031222278545178,0.5479126798497413
2037,0.7015,0,1,0,638174,38270,79873,46383,0.30311430743885437,0.547919152304112
2038,0.7017,6,6,6,638180,38264,79879,46377,0.3030667849448739,0.5479259460545126
2039,0.7018,1,0,1,638180,38264,79880,46376,0.3030667849448739,0.5479206049149339
2040,0.702,1,4,1,638184,38260,79881,46375,0.3030351032822203,0.5479411590949371
2041,0.7025,6,18,6,638202,38242,79887,46369,0.3028925358002788,0.5480256704211036
2042,0.7026,0,1,0,638203,38241,79887,46369,0.30288461538461536,0.5480321475002955
2043,0.7027,0,1,0,638204,38240,79887,46369,0.302876694968952,0.5480386247325935
2044,0.7028,1,0,1,638204,38240,79888,46368,0.302876694968952,0.5480332829046899
2045,0.7029,1,0,1,638204,38240,79889,46367,0.302876694968952,0.5480279409505123
2046,0.7032,0,2,0,638206,38238,79889,46367,0.30286085413762515,0.5480408959281367
2047,0.7033,22,42,22,638248,38196,79911,46345,0.3025281966797618,0.5481955500881229
2048,0.704,5,7,5,638255,38189,79916,46340,0.30247275377011784,0.5482142223378959
2049,0.7042,2,3,2,638258,38186,79918,46338,0.3024489925231276,0.5482229899200227
2050,0.7047,0,1,0,638259,38185,79918,46338,0.3024410721074642,0.5482294760006152
2051,0.705,46,84,46,638343,38101,79964,46292,0.30177575719173744,0.5485289064258884
2052,0.7057,2,0,2,638343,38101,79966,46290,0.30177575719173744,0.5485182069177993
2053,0.7058,0,1,0,638344,38100,79966,46290,0.301767836776074,0.5485247067188056
2054,0.706,7,3,7,638347,38097,79973,46283,0.3017440755290838,0.54850675515525
2055,0.7063,0,2,0,638349,38095,79973,46283,0.30172823469775695,0.5485197563345896
2056,0.7065,1,1,1,638350,38094,79974,46282,0.3017203142820935,0.5485209064188868
2057,0.7067,23,36,23,638386,38058,79997,46259,0.3014351793182106,0.5486319484801404
2058,0.7069,1,0,1,638386,38058,79998,46258,0.3014351793182106,0.5486265951895252
2059,0.707,0,1,0,638387,38057,79998,46258,0.3014272589025472,0.5486331020577596
2060,0.7071,1,2,1,638389,38055,79999,46257,0.3014114180712204,0.5486407628807287
2061,0.7075,9,18,9,638407,38037,80008,46248,0.30126885058927894,0.5487097348282612
2062,0.7077,1,2,1,638409,38035,80009,46247,0.3012530097579521,0.5487174011058115
2063,0.708,1,2,1,638411,38033,80010,46246,0.3012371689266253,0.5487250679291401
2064,0.7083,0,6,0,638417,38027,80010,46246,0.3011896464326448,0.5487641356068966
2065,0.7087,0,1,0,638418,38026,80010,46246,0.30118172601698134,0.548770647427378
2066,0.7088,1,1,1,638419,38025,80011,46245,0.30117380560131796,0.5487718049127803
2067,0.7092,0,4,0,638423,38021,80011,46245,0.3011421239386643,0.5487978544134051
2068,0.7093,0,1,0,638424,38020,80011,46245,0.3011342035230009,0.5488043671749837
2069,0.7095,0,1,0,638425,38019,80011,46245,0.30112628310733747,0.5488108800911421
2070,0.7097,0,1,0,638426,38018,80011,46245,0.3011183626916741,0.548817393161886
2071,0.71,2329,3386,2329,641812,34632,82340,43916,0.2742998352553542,0.5590976218363294
2072,0.7107,1,1,1,641813,34631,82341,43915,0.2742919148396908,0.5590991266264355
2073,0.7108,0,1,0,641814,34630,82341,43915,0.2742839944240274,0.5591062448278057
2074,0.711,1,3,1,641817,34627,82342,43914,0.2742602331770371,0.5591219872423321
2075,0.7117,0,6,0,641823,34621,82342,43914,0.27421271068305664,0.5591647036353218
2076,0.712,4,3,4,641826,34618,82346,43910,0.2741889494360664,0.5591636104319478
2077,0.7121,1,3,1,641829,34615,82347,43909,0.27416518818907615,0.5591793591768122
2078,0.7123,1,0,1,641829,34615,82348,43908,0.27416518818907615,0.5591737452720859
2079,0.7125,8,8,8,641837,34607,82356,43900,0.27410182486376883,0.5591858050874444
2080,0.7127,0,1,0,641838,34606,82356,43900,0.27409390444810544,0.5591929279290755
2081,0.713,1,1,1,641839,34605,82357,43899,0.274085984032442,0.5591944359523081
2082,0.7133,14,28,14,641867,34577,82371,43885,0.27386421239386644,0.5593153373607607
2083,0.7135,0,2,0,641869,34575,82371,43885,0.2738483715625396,0.5593295946979353
2084,0.714,2,6,2,641875,34569,82373,43883,0.2738008490685591,0.5593611380207005
2085,0.7142,1,4,1,641879,34565,82374,43882,0.27376916740590546,0.5593840427294862
2086,0.7143,0,1,0,641880,34564,82374,43882,0.27376124699024207,0.5593911735461337
2087,0.715,69,68,69,641948,34496,82443,43813,0.2732226587251299,0.5594886922320551
2088,0.7151,0,1,0,641949,34495,82443,43813,0.27321473830946646,0.5594958369515247
2089,0.7157,0,1,0,641950,34494,82443,43813,0.2732068178938031,0.5595029818534741
2090,0.7158,0,2,0,641952,34492,82443,43813,0.27319097706247625,0.55951727220484
2091,0.716,6,5,6,641957,34487,82449,43807,0.27315137498415915,0.5595192479628068
2092,0.7162,0,2,0,641959,34485,82449,43807,0.2731355341528323,0.5595335411025392
2093,0.7163,1,0,1,641959,34485,82450,43806,0.2731355341528323,0.5595279150860252
2094,0.7165,0,1,0,641960,34484,82450,43806,0.27312761373716893,0.5595350619491634
2095,0.7167,22,35,22,641995,34449,82472,43784,0.27285039918894943,0.5596615239093478
2096,0.7168,0,1,0,641996,34448,82472,43784,0.27284247877328605,0.559668677778914
2097,0.717,0,1,0,641997,34447,82472,43784,0.2728345583576226,0.5596758318313712
2098,0.7171,0,2,0,641999,34445,82472,43784,0.2728187175262958,0.5596901404849863
2099,0.7175,9,17,9,642016,34428,82481,43775,0.27268407046001775,0.5597611344833319
2100,0.718,2,1,2,642017,34427,82483,43773,0.2726761500443543,0.5597570332480818
2101,0.7182,0,1,0,642018,34426,82483,43773,0.2726682296286909,0.5597641913579458
2102,0.7183,8,4,8,642022,34422,82491,43765,0.27263654796603726,0.5597477841584918
2103,0.7185,0,1,0,642023,34421,82491,43765,0.27262862755037387,0.5597549433402399
2104,0.7186,0,1,0,642024,34420,82491,43765,0.2726207071347104,0.5597621027051225
2105,0.7188,0,2,0,642026,34418,82491,43765,0.2726048663033836,0.5597764219843189
2106,0.7189,0,1,0,642027,34417,82491,43765,0.2725969458877202,0.5597835818986467
2107,0.719,1,1,1,642028,34416,82492,43764,0.27258902547205677,0.5597851112816578
2108,0.7192,2,2,2,642030,34414,82494,43762,0.27257318464072994,0.5597881702824397
2109,0.7193,0,1,0,642031,34413,82494,43762,0.27256526422506655,0.5597953309881676
2110,0.7197,0,1,0,642032,34412,82494,43762,0.2725573438094031,0.5598024918770946
2111,0.72,2253,3229,2253,645261,31183,84747,41509,0.24698232163223927,0.5710256974632697
2112,0.7205,0,1,0,645262,31182,84747,41509,0.24697440121657585,0.571033552984551
2113,0.7207,1,0,1,645262,31182,84748,41508,0.24697440121657585,0.5710276516714816
2114,0.7208,0,1,0,645263,31181,84748,41508,0.24696648080091244,0.5710355074357881
2115,0.7212,1,0,1,645263,31181,84749,41507,0.24696648080091244,0.5710296059872331
2116,0.7217,1,4,1,645267,31177,84750,41506,0.24693479913825878,0.571055129810272
2117,0.7218,1,1,1,645268,31176,84751,41505,0.24692687872259536,0.571057085070376
2118,0.722,2,2,2,645270,31174,84753,41503,0.24691103789126853,0.5710609959134252
2119,0.7223,1,0,1,645270,31174,84754,41502,0.24691103789126853,0.571055093841158
2120,0.7225,10,14,10,645284,31160,84764,41492,0.24680015207198075,0.5711060948081265
2121,0.7226,0,1,0,645285,31159,84764,41492,0.24679223165631733,0.5711139557611045
2122,0.7228,0,2,0,645287,31157,84764,41492,0.2467763908249905,0.5711296783162879
2123,0.7229,0,1,0,645288,31156,84764,41492,0.2467684704093271,0.5711375399185111
2124,0.723,1,3,1,645291,31153,84765,41491,0.24674470916233684,0.5711552227300258
2125,0.7233,26,46,26,645337,31107,84791,41465,0.24638037004181979,0.5713636113101471
2126,0.7237,1,0,1,645337,31107,84792,41464,0.24638037004181979,0.5713577048683358
2127,0.7238,1,0,1,645337,31107,84793,41463,0.24638037004181979,0.5713517982637454
2128,0.724,2,5,2,645342,31102,84795,41461,0.24634076796350274,0.5713793531138459
2129,0.7242,1,3,1,645345,31099,84796,41460,0.2463170067165125,0.5713970699706445
2130,0.7244,0,1,0,645346,31098,84796,41460,0.24630908630084908,0.5714049450095097
2131,0.725,66,70,66,645416,31028,84862,41394,0.2457546572044101,0.5715666510176466
2132,0.7255,0,1,0,645417,31027,84862,41394,0.24574673678874667,0.571574543295453
2133,0.7257,1,2,1,645419,31025,84863,41393,0.24573089595741984,0.5715844127150709
2134,0.7258,0,1,0,645420,31024,84863,41393,0.24572297554175643,0.571592305674082
2135,0.726,5,3,5,645423,31021,84868,41388,0.24569921429476618,0.5715864050049027
2136,0.7262,2,0,2,645423,31021,84870,41386,0.24569921429476618,0.5715745715193282
2137,0.7265,1,0,1,645423,31021,84871,41385,0.24569921429476618,0.5715686545313924
2138,0.7267,23,39,23,645462,30982,84894,41362,0.24539031808389306,0.5717405728187548
2139,0.7273,1,1,1,645463,30981,84895,41361,0.24538239766822964,0.5717425561914241
2140,0.7275,9,19,9,645482,30962,84904,41352,0.24523190977062476,0.5718394778327848
2141,0.7277,1,1,1,645483,30961,84905,41351,0.24522398935496134,0.5718414647638013
2142,0.728,2,5,2,645488,30956,84907,41349,0.24518438727664427,0.5718691653412628
2143,0.7283,1,6,1,645494,30950,84908,41348,0.2451368647826638,0.5719107029240089
2144,0.7285,0,1,0,645495,30949,84908,41348,0.2451289443670004,0.5719186134971023
2145,0.7288,1,0,1,645495,30949,84909,41347,0.2451289443670004,0.5719126922651322
2146,0.729,0,1,0,645496,30948,84909,41347,0.24512102395133697,0.571920603084584
2147,0.7292,0,2,0,645498,30946,84909,41347,0.24510518312001014,0.5719364253800506
2148,0.7293,2,1,2,645499,30945,84911,41345,0.24509726270434673,0.571932494120902
2149,0.7295,0,1,0,645500,30944,84911,41345,0.24508934228868332,0.5719404058708794
2150,0.7298,0,3,0,645503,30941,84911,41345,0.24506558104169307,0.5719641424342197
2151,0.73,2282,2994,2282,648497,27947,87193,39063,0.2213518565454315,0.5829428443515893
2152,0.7305,0,1,0,648498,27946,87193,39063,0.2213439361297681,0.5829515438224716
2153,0.7308,1,3,1,648501,27943,87194,39062,0.22132017488277786,0.5829714200432804
2154,0.7309,0,1,0,648502,27942,87194,39062,0.22131225446711444,0.5829801205898155
2155,0.7315,0,3,0,648505,27939,87194,39062,0.2212884932201242,0.5830062237877046
2156,0.7317,6,2,6,648507,27937,87200,39056,0.22127265238879737,0.5829862821488813
2157,0.732,3,2,3,648509,27935,87203,39053,0.22125681155747054,0.5829850122409984
2158,0.7321,1,3,1,648512,27932,87204,39052,0.2212330503104803,0.5830048966917473
2159,0.7322,1,1,1,648513,27931,87205,39051,0.22122512989481688,0.5830073751157028
2160,0.7323,0,2,0,648515,27929,87205,39051,0.22120928906349005,0.5830247835174679
2161,0.7325,7,15,7,648530,27914,87212,39044,0.22109048282853885,0.5831118014277606
2162,0.7327,0,2,0,648532,27912,87212,39044,0.22107464199721202,0.583129219188721
2163,0.7333,19,23,19,648555,27889,87231,39025,0.22089247243695348,0.5832112861284634
2164,0.7338,1,0,1,648555,27889,87232,39024,0.22089247243695348,0.5832050573132276
2165,0.734,5,1,5,648556,27888,87237,39019,0.22088455202129006,0.5831826266309953
2166,0.7342,0,4,0,648560,27884,87237,39019,0.22085287035863643,0.5832174939838274
2167,0.7343,1,1,1,648561,27883,87238,39018,0.22084494994297302,0.5832199817640992
2168,0.7345,2,0,2,648561,27883,87240,39016,0.22084494994297302,0.5832075217865738
2169,0.7347,0,2,0,648563,27881,87240,39016,0.2208291091116462,0.5832249577709016
2170,0.7348,1,1,1,648564,27880,87241,39015,0.22082118869598277,0.5832274459974587
2171,0.735,51,63,51,648627,27817,87292,38964,0.2203222025091877,0.5834593671852772
2172,0.7354,0,1,0,648628,27816,87292,38964,0.22031428209352427,0.5834681042228212
2173,0.7357,1,1,1,648629,27815,87293,38963,0.22030636167786086,0.5834706040911678
2174,0.7358,1,1,1,648630,27814,87294,38962,0.22029844126219744,0.5834731041092608
2175,0.736,5,4,5,648634,27810,87299,38957,0.22026675959954378,0.5834768673146914
2176,0.7365,1,1,1,648635,27809,87300,38956,0.22025883918388037,0.5834793679322998
2177,0.7366,1,0,1,648635,27809,87301,38955,0.22025883918388037,0.5834731292313222
2178,0.7367,21,27,21,648662,27782,87322,38934,0.2200449879609682,0.5835781521673962
2179,0.7371,1,2,1,648664,27780,87323,38933,0.22002914712964136,0.5835894053632725
2180,0.7373,0,2,0,648666,27778,87323,38933,0.22001330629831453,0.5836069014105619
2181,0.7375,10,15,10,648681,27763,87333,38923,0.21989450006336334,0.5836757340371292
2182,0.7377,0,2,0,648683,27761,87333,38923,0.2198786592320365,0.583693239757663
2183,0.738,3,0,3,648683,27761,87336,38920,0.2198786592320365,0.5836745099803542
2184,0.7382,0,1,0,648684,27760,87336,38920,0.2198707388163731,0.5836832633473306
2185,0.7383,7,4,7,648688,27756,87343,38913,0.21983905715371943,0.5836745713900013
2186,0.7387,0,2,0,648690,27754,87343,38913,0.2198232163223926,0.5836920815395923
2187,0.7388,1,4,1,648694,27750,87344,38912,0.21979153465973894,0.5837208604602322
2188,0.739,1,2,1,648696,27748,87345,38911,0.2197756938284121,0.5837321291948574
2189,0.7393,0,1,0,648697,27747,87345,38911,0.2197677734127487,0.583740886315221
2190,0.7395,0,1,0,648698,27746,87345,38911,0.21975985299708528,0.5837496436983363
2191,0.7398,1,0,1,648698,27746,87346,38910,0.21975985299708528,0.583743398943831
2192,0.74,2166,2734,2166,651432,25012,89512,36744,0.19810543657331137,0.5949867219379493
2193,0.7402,1,0,1,651432,25012,89513,36743,0.19810543657331137,0.5949801635495101
2194,0.7405,1,0,1,651432,25012,89514,36742,0.19810543657331137,0.5949736049486672
2195,0.7407,1,3,1,651435,25009,89515,36741,0.19808167532632112,0.594995951417004
2196,0.7408,1,2,1,651437,25007,89516,36740,0.1980658344949943,0.5950086643885533
2197,0.741,1,0,1,651437,25007,89517,36739,0.1980658344949943,0.59500210539954
2198,0.7411,0,1,0,651438,25006,89517,36739,0.19805791407933088,0.5950117418414447
2199,0.7412,1,0,1,651438,25006,89518,36738,0.19805791407933088,0.5950051826898161
2200,0.7417,2,3,2,651441,25003,89520,36736,0.19803415283234063,0.5950209753964268
2201,0.742,2,2,2,651443,25001,89522,36734,0.1980183120010138,0.5950271320968656
2202,0.7423,1,0,1,651443,25001,89523,36733,0.1980183120010138,0.5950205721320504
2203,0.7425,8,9,8,651452,24992,89531,36725,0.1979470282600431,0.5950548471247792
2204,0.7427,2,0,2,651452,24992,89533,36723,0.1979470282600431,0.5950417240541197
2205,0.7432,0,1,0,651453,24991,89533,36723,0.19793910784437968,0.5950513659785462
2206,0.7433,17,21,17,651474,24970,89550,36706,0.19777277911544797,0.5951423568324794
2207,0.744,6,4,6,651478,24966,89556,36700,0.19774109745279433,0.5951415690980443
2208,0.7442,0,3,0,651481,24963,89556,36700,0.1977173362058041,0.5951705236527577
2209,0.7443,0,4,0,651485,24959,89556,36700,0.19768565454315043,0.5952091341085648
2210,0.7447,1,0,1,651485,24959,89557,36699,0.19768565454315043,0.5952025690096987
2211,0.7448,0,1,0,651486,24958,89557,36699,0.19767773412748701,0.5952122224564932
2212,0.745,49,68,49,651554,24890,89606,36650,0.19713914586237485,0.5955476113097172
2213,0.7453,1,0,1,651554,24890,89607,36649,0.19713914586237485,0.5955410390159086
2214,0.7458,1,1,1,651555,24889,89608,36648,0.19713122544671144,0.5955441441734242
2215,0.7459,0,3,0,651558,24886,89608,36648,0.1971074641997212,0.5955731790554816
2216,0.746,7,5,7,651563,24881,89615,36641,0.19706786212140412,0.5955755664640291
2217,0.7462,0,2,0,651565,24879,89615,36641,0.1970520212900773,0.5955949284785436
2218,0.7467,26,32,26,651597,24847,89641,36615,0.19679856798884807,0.5957339494321695
2219,0.7469,0,1,0,651598,24846,89641,36615,0.19679064757318465,0.5957436423097574
2220,0.7473,0,2,0,651600,24844,89641,36615,0.19677480674185782,0.5957630290112107
2221,0.7475,7,14,7,651614,24830,89648,36608,0.19666392092257,0.5958527295810411
2222,0.748,6,6,6,651620,24824,89654,36602,0.19661639842858952,0.5958714550841663
2223,0.7483,3,0,3,651620,24824,89657,36599,0.19661639842858952,0.5958517167836153
2224,0.7486,2,3,2,651623,24821,89659,36597,0.19659263718159928,0.5958676609463024
2225,0.7488,1,0,1,651623,24821,89660,36596,0.19659263718159928,0.5958610808082453
2226,0.749,1,3,1,651626,24818,89661,36595,0.19656887593460906,0.595883607705209
2227,0.7491,1,0,1,651626,24818,89662,36594,0.19656887593460906,0.5958770272910832
2228,0.7492,1,0,1,651626,24818,89663,36593,0.19656887593460906,0.59587044666265
2229,0.7493,0,1,0,651627,24817,89663,36593,0.19656095551894565,0.5958801498127341
2230,0.7498,0,2,0,651629,24815,89663,36593,0.19654511468761882,0.5958995570609693
2231,0.75,2316,2564,2316,654193,22251,91979,34277,0.17623716892662528,0.6063720634022077
2232,0.7502,1,0,1,654193,22251,91980,34276,0.17623716892662528,0.606365099863782
2233,0.7504,1,0,1,654193,22251,91981,34275,0.17623716892662528,0.6063581360789725
2234,0.7508,5,1,5,654194,22250,91986,34270,0.17622924851096186,0.6063340410474168
2235,0.751,2,1,2,654195,22249,91988,34268,0.17622132809529845,0.6063308385087672
2236,0.7515,0,1,0,654196,22248,91988,34268,0.17621340767963503,0.606341566989879
2237,0.7517,3,5,3,654201,22243,91991,34265,0.17617380560131796,0.6063743186805408
2238,0.7518,0,1,0,654202,22242,91991,34265,0.17616588518565454,0.6063850496398676
2239,0.752,3,1,3,654203,22241,91994,34262,0.17615796476999113,0.6063748827495885
2240,0.7522,1,0,1,654203,22241,91995,34261,0.17615796476999113,0.6063679161799582
2241,0.7525,8,6,8,654209,22235,92003,34253,0.17611044227601064,0.6063765755558703
2242,0.7527,1,1,1,654210,22234,92004,34252,0.17610252186034722,0.6063803420316538
2243,0.753,1,1,1,654211,22233,92005,34251,0.1760946014446838,0.6063841087741662
2244,0.7533,22,19,22,654230,22214,92027,34229,0.17594411354707895,0.6064348103396346
2245,0.754,3,2,3,654232,22212,92030,34226,0.17592827271575212,0.6064353804174493
2246,0.7542,3,0,3,654232,22212,92033,34223,0.17592827271575212,0.606414459112253
2247,0.7543,2,0,2,654232,22212,92035,34221,0.17592827271575212,0.6064005103396949
2248,0.7545,0,1,0,654233,22211,92035,34221,0.1759203523000887,0.6064112560249504
2249,0.7548,1,0,1,654233,22211,92036,34220,0.1759203523000887,0.6064042813347273
2250,0.755,51,65,51,654298,22146,92087,34169,0.1754055252819668,0.6067477581461422
2251,0.7553,0,1,0,654299,22145,92087,34169,0.17539760486630337,0.6067585325141173
2252,0.7554,0,1,0,654300,22144,92087,34169,0.17538968445063996,0.6067693072647523
2253,0.7555,0,1,0,654301,22143,92087,34169,0.17538176403497654,0.6067800823980679
2254,0.7557,0,1,0,654302,22142,92087,34169,0.17537384361931313,0.6067908579140843
2255,0.7558,1,2,1,654304,22140,92088,34168,0.1753580027879863,0.606805427292747
2256,0.756,8,7,8,654311,22133,92096,34160,0.17530255987834242,0.6068250048851545
2257,0.7561,0,1,0,654312,22132,92096,34160,0.175294639462679,0.6068357848362111
2258,0.7562,0,1,0,654313,22131,92096,34160,0.1752867190470156,0.6068465651702759
2259,0.7565,0,2,0,654315,22129,92096,34160,0.17527087821568876,0.6068681269875109
2260,0.7567,22,24,22,654339,22105,92118,34138,0.17508078823976683,0.6069733122344114
2261,0.7568,1,0,1,654339,22105,92119,34137,0.17508078823976683,0.6069663240994275
2262,0.7571,2,1,2,654340,22104,92121,34135,0.17507286782410342,0.606963139458383
2263,0.7573,1,0,1,654340,22104,92122,34134,0.17507286782410342,0.606956150645471
2264,0.7575,9,11,9,654351,22093,92131,34125,0.17498574325180585,0.6070119890426554
2265,0.7577,0,1,0,654352,22092,92131,34125,0.17497782283614244,0.6070227867015315
2266,0.758,5,9,5,654361,22083,92136,34120,0.1749065390951717,0.6070850310481647
2267,0.7581,1,0,1,654361,22083,92137,34119,0.1749065390951717,0.6070780399274047
2268,0.7582,1,0,1,654361,22083,92138,34118,0.1749065390951717,0.6070710485578549
2269,0.7583,3,3,3,654364,22080,92141,34115,0.17488277784818146,0.6070824806477445
2270,0.7585,1,0,1,654364,22080,92142,34114,0.17488277784818146,0.6070754884863153
2271,0.7586,0,1,0,654365,22079,92142,34114,0.17487485743251807,0.6070862918868898
2272,0.7588,0,2,0,654367,22077,92142,34114,0.17485901660119124,0.6071078998416116
2273,0.7593,2,0,2,654367,22077,92144,34112,0.17485901660119124,0.6070939151791276
2274,0.7595,1,0,1,654367,22077,92145,34111,0.17485901660119124,0.6070869224745498
2275,0.7598,1,0,1,654367,22077,92146,34110,0.17485901660119124,0.6070799295210636
2276,0.7599,0,1,0,654368,22076,92146,34110,0.17485109618552783,0.6070907343466344
2277,0.76,2247,2316,2247,656684,19760,94393,31863,0.15650741350906094,0.6172248803827751
2278,0.7602,0,2,0,656686,19758,94393,31863,0.15649157267773411,0.6172487940954263
2279,0.7604,0,1,0,656687,19757,94393,31863,0.15648365226207073,0.6172607516466486
2280,0.7605,1,0,1,656687,19757,94394,31862,0.15648365226207073,0.6172533369495729
2281,0.7608,3,2,3,656689,19755,94397,31859,0.1564678114307439,0.6172550083310729
2282,0.7609,0,1,0,656690,19754,94397,31859,0.15645989101508048,0.6172669676244357
2283,0.761,1,2,1,656692,19752,94398,31858,0.15644405018375365,0.617283472195311
2284,0.7613,1,0,1,656692,19752,94399,31857,0.15644405018375365,0.617276056501773
2285,0.7617,3,4,3,656696,19748,94402,31854,0.1564123685211,0.6173016549746134
2286,0.762,2,2,2,656698,19746,94404,31852,0.15639652768977316,0.6173107484786232
2287,0.7622,1,0,1,656698,19746,94405,31851,0.15639652768977316,0.6173033315890458
2288,0.7623,0,1,0,656699,19745,94405,31851,0.15638860727410975,0.6173152957593612
2289,0.7625,10,5,10,656704,19740,94415,31841,0.15634900519579267,0.6173009441461003
2290,0.7628,0,1,0,656705,19739,94415,31841,0.15634108478012926,0.6173129119813882
2291,0.763,1,0,1,656705,19739,94416,31840,0.15634108478012926,0.6173054925454158
2292,0.7633,19,27,19,656732,19712,94435,31821,0.15612723355721708,0.6174878233365029
2293,0.7635,0,1,0,656733,19711,94435,31821,0.15611931314155367,0.6174998059458201
2294,0.764,1,4,1,656737,19707,94436,31820,0.1560876314789,0.6175403186678828
2295,0.7642,1,4,1,656741,19703,94437,31819,0.15605594981624635,0.6175808392531346
2296,0.7643,0,2,0,656743,19701,94437,31819,0.15604010898491952,0.6176048136645963
2297,0.7645,0,1,0,656744,19700,94437,31819,0.1560321885692561,0.6176168015683534
2298,0.7648,0,1,0,656745,19699,94437,31819,0.1560242681535927,0.6176287899374976
2299,0.765,51,54,51,656799,19645,94488,31768,0.15559656570776834,0.6178981969540778
2300,0.7652,0,1,0,656800,19644,94488,31768,0.15558864529210492,0.6179102155138878
2301,0.7655,1,0,1,656800,19644,94489,31767,0.15558864529210492,0.6179027834510125
2302,0.7657,1,3,1,656803,19641,94490,31766,0.15556488404511468,0.6179314101192445
2303,0.7658,1,2,1,656805,19639,94491,31765,0.15554904321378785,0.617948019609369
2304,0.766,3,2,3,656807,19637,94494,31762,0.15553320238246104,0.6179497655596412
2305,0.7662,0,1,0,656808,19636,94494,31762,0.15552528196679763,0.6179617883964357
2306,0.7665,0,2,0,656810,19634,94494,31762,0.1555094411354708,0.6179858354735777
2307,0.7667,26,26,26,656836,19608,94520,31736,0.15530351032822204,0.6181053287628545
2308,0.7671,1,1,1,656837,19607,94521,31735,0.15529558991255862,0.6181099294924234
2309,0.7673,0,1,0,656838,19606,94521,31735,0.1552876694968952,0.618121968796868
2310,0.7675,7,14,7,656852,19592,94528,31728,0.1551767836776074,0.6182385035074045
2311,0.768,4,5,4,656857,19587,94532,31724,0.15513718159929032,0.61826898715675
2312,0.7682,0,1,0,656858,19586,94532,31724,0.1551292611836269,0.618281036834925
2313,0.7683,6,3,6,656861,19583,94538,31718,0.15510549993663666,0.6182725482934056
2314,0.769,0,2,0,656863,19581,94538,31718,0.15508965910530984,0.618296652956198
2315,0.7692,3,2,3,656865,19579,94541,31715,0.155073818273983,0.6182984364643038
2316,0.7695,0,2,0,656867,19577,94541,31715,0.1550579774426562,0.6183225454261874
2317,0.7698,1,0,1,656867,19577,94542,31714,0.1550579774426562,0.6183151040143495
2318,0.77,2233,2126,2233,658993,17451,96775,29481,0.138219173742238,0.6281641523906929
2319,0.7702,0,2,0,658995,17449,96775,29481,0.13820333291091116,0.6281909226507565
2320,0.7705,1,0,1,658995,17449,96776,29480,0.13820333291091116,0.6281829998508385
2321,0.771,2,0,2,658995,17449,96778,29478,0.13820333291091116,0.628167153238008
2322,0.7714,0,1,0,658996,17448,96778,29478,0.13819541249524775,0.6281805395729446
2323,0.7715,1,1,1,658997,17447,96779,29477,0.13818749207958433,0.6281860028983036
2324,0.7717,3,5,3,659002,17442,96782,29474,0.13814789000126726,0.6282291755477876
2325,0.772,3,3,3,659005,17439,96785,29471,0.13812412875427701,0.6282455766361117
2326,0.7725,4,10,4,659015,17429,96789,29467,0.1380449245976429,0.6283478335039235
2327,0.773,0,1,0,659016,17428,96789,29467,0.13803700418197948,0.6283612325407826
2328,0.7732,0,1,0,659017,17427,96789,29467,0.13802908376631606,0.6283746321491023
2329,0.7733,35,14,35,659031,17413,96824,29432,0.13791819794702825,0.6282847689187747
2330,0.7737,0,2,0,659033,17411,96824,29432,0.13790235711570142,0.6283115940482036
2331,0.774,2,5,2,659038,17406,96826,29430,0.13786275503738435,0.6283627978478094
2332,0.7742,3,1,3,659039,17405,96829,29427,0.13785483462172093,0.6283524086094978
2333,0.7743,1,1,1,659040,17404,96830,29426,0.13784691420605755,0.6283578902412983
2334,0.7747,0,1,0,659041,17403,96830,29426,0.13783899379039413,0.6283713083772876
2335,0.7748,1,0,1,659041,17403,96831,29425,0.13783899379039413,0.6283633723413342
2336,0.775,47,55,47,659096,17348,96878,29378,0.13740337092890634,0.6287291871763044
2337,0.7757,1,1,1,659097,17347,96879,29377,0.13739545051324292,0.6287346973718003
2338,0.7759,0,1,0,659098,17346,96879,29377,0.1373875300975795,0.628748154014083
2339,0.776,4,4,4,659102,17342,96883,29373,0.13735584843492588,0.6287702022904849
2340,0.7762,1,2,1,659104,17340,96884,29372,0.13734000760359905,0.6287891762288063
2341,0.7763,1,4,1,659108,17336,96885,29371,0.13730832594094539,0.6288350782537949
2342,0.7765,1,0,1,659108,17336,96886,29370,0.13730832594094539,0.628827131417805
2343,0.7766,1,0,1,659108,17336,96887,29369,0.13730832594094539,0.628819184241516
2344,0.7767,18,23,18,659131,17313,96905,29351,0.13712615638068687,0.6289859420538316
2345,0.7768,1,0,1,659131,17313,96906,29350,0.13712615638068687,0.6289779911278743
2346,0.777,3,0,3,659131,17313,96909,29347,0.13712615638068687,0.6289541363051865
2347,0.7771,1,0,1,659131,17313,96910,29346,0.13712615638068687,0.6289461840159455
2348,0.7772,1,0,1,659131,17313,96911,29345,0.13712615638068687,0.6289382313858288
2349,0.7773,0,1,0,659132,17312,96911,29345,0.13711823596502346,0.6289517114259382
2350,0.7775,8,7,8,659139,17305,96919,29337,0.13706279305537955,0.6289824621585696
2351,0.778,2,1,2,659140,17304,96921,29335,0.13705487263971614,0.6289800381654839
2352,0.7782,1,0,1,659140,17304,96922,29334,0.13705487263971614,0.6289720828508941
2353,0.7783,3,6,3,659146,17298,96925,29331,0.13700735014573565,0.6290291449527118
2354,0.7785,1,0,1,659146,17298,96926,29330,0.13700735014573565,0.6290211889851591
2355,0.7787,0,1,0,659147,17297,96926,29330,0.13699942973007223,0.6290346794775559
2356,0.7788,0,1,0,659148,17296,96926,29330,0.13699150931440882,0.6290481705486209
2357,0.779,1,2,1,659150,17294,96927,29329,0.13697566848308199,0.6290671985929691
2358,0.7792,3,1,3,659151,17293,96930,29326,0.13696774806741857,0.6290568223256612
2359,0.7793,1,2,1,659153,17291,96931,29325,0.13695190723609174,0.6290758537841085
2360,0.7796,1,0,1,659153,17291,96932,29324,0.13695190723609174,0.6290678965998069
2361,0.7797,0,1,0,659154,17290,96932,29324,0.13694398682042833,0.6290813918565238
2362,0.7798,1,0,1,659154,17290,96933,29323,0.13694398682042833,0.629073434449617
2363,0.78,2130,2062,2130,661216,15228,99063,27193,0.12061208972246863,0.6410268499092431
2364,0.7805,0,1,0,661217,15227,99063,27193,0.12060416930680522,0.641041961338991
2365,0.7808,1,1,1,661218,15226,99064,27192,0.1205962488911418,0.6410486114385402
2366,0.781,2,1,2,661219,15225,99066,27190,0.12058832847547839,0.6410467994813156
2367,0.7812,0,1,0,661220,15224,99066,27190,0.12058040805981497,0.641061913519121
2368,0.7817,0,2,0,661222,15222,99066,27190,0.12056456722848816,0.6410921437329058
2369,0.7818,2,1,2,661223,15221,99068,27188,0.12055664681282474,0.641090334598788
2370,0.782,0,2,0,661225,15219,99068,27188,0.12054080598149791,0.6411205697172636
2371,0.7822,0,1,0,661226,15218,99068,27188,0.1205328855658345,0.6411356883459888
2372,0.7825,4,9,4,661235,15209,99072,27184,0.12046160182486376,0.6412379402259807
2373,0.7829,1,1,1,661236,15208,99073,27183,0.12045368140920036,0.641244603807412
2374,0.783,0,2,0,661238,15206,99073,27183,0.12043784057787353,0.6412748590436198
2375,0.7833,19,21,19,661259,15185,99092,27164,0.12027151184894183,0.6414319110250537
2376,0.7835,2,0,2,661259,15185,99094,27162,0.12027151184894183,0.6414149762675042
2377,0.7837,2,0,2,661259,15185,99096,27160,0.12027151184894183,0.6413980399102609
2378,0.784,4,2,4,661261,15183,99100,27156,0.120255671017615,0.6413944590094239
2379,0.7843,1,1,1,661262,15182,99101,27155,0.12024775060195159,0.6414011384840683
2380,0.785,41,56,41,661318,15126,99142,27114,0.1198042073248004,0.641903409090909
2381,0.7852,0,2,0,661320,15124,99142,27114,0.11978836649347357,0.6419338036838865
2382,0.7853,0,1,0,661321,15123,99142,27114,0.11978044607781016,0.6419490020598054
2383,0.7855,1,1,1,661322,15122,99143,27113,0.11977252566214674,0.641955723925654
2384,0.7857,0,3,0,661325,15119,99143,27113,0.11974876441515651,0.6420013260087137
2385,0.7858,3,2,3,661327,15117,99146,27110,0.11973292358382968,0.6420062992871859
2386,0.786,8,4,8,661331,15113,99154,27102,0.11970124192117602,0.641999289352126
2387,0.7865,1,3,1,661334,15110,99155,27101,0.11967748067418578,0.6420364360000947
2388,0.7867,19,18,19,661352,15092,99174,27082,0.11953491319224432,0.6421491914449661
2389,0.7874,0,1,0,661353,15091,99174,27082,0.11952699277658091,0.6421644179925545
2390,0.7875,11,8,11,661361,15083,99185,27071,0.1194636294512736,0.6421929117047018
2391,0.7877,1,3,1,661364,15080,99186,27070,0.11943986820428336,0.6422301304863582
2392,0.7878,0,1,0,661365,15079,99186,27070,0.11943194778861994,0.6422453676243802
2393,0.788,2,1,2,661366,15078,99188,27068,0.11942402737295653,0.6422436292886632
2394,0.7883,1,8,1,661374,15070,99189,27067,0.11936066404764922,0.6423570733559579
2395,0.7885,0,1,0,661375,15069,99189,27067,0.11935274363198581,0.6423723182077083
2396,0.7888,0,1,0,661376,15068,99189,27067,0.1193448232163224,0.6423875637830782
2397,0.7892,1,0,1,661376,15068,99190,27066,0.1193448232163224,0.6423790762804386
2398,0.7893,2,1,2,661377,15067,99192,27064,0.11933690280065898,0.64237734684674
2399,0.7895,1,0,1,661377,15067,99193,27063,0.11933690280065898,0.6423688582957513
2400,0.7896,1,0,1,661377,15067,99194,27062,0.11933690280065898,0.6423603693417835
2401,0.7897,0,1,0,661378,15066,99194,27062,0.11932898238499556,0.64237561716673
2402,0.79,2120,1816,2120,663194,13250,101314,24942,0.10494550754023571,0.6530687054880603
2403,0.7907,1,1,1,663195,13249,101315,24941,0.1049375871245723,0.6530767216548835
2404,0.7908,1,0,1,663195,13249,101316,24940,0.1049375871245723,0.6530676372777502
2405,0.7913,1,0,1,663195,13249,101317,24939,0.1049375871245723,0.6530585524248455
2406,0.7917,2,5,2,663200,13244,101319,24937,0.10489798504625522,0.6531259003169115
2407,0.7918,1,0,1,663200,13244,101320,24936,0.10489798504625522,0.6531168150864327
2408,0.792,3,2,3,663202,13242,101323,24933,0.1048821442149284,0.6531237721021611
2409,0.7925,3,3,3,663205,13239,101326,24930,0.10485838296793816,0.6531478424899788
2410,0.7929,1,0,1,663205,13239,101327,24929,0.10485838296793816,0.653138754977992
2411,0.793,1,1,1,663206,13238,101328,24928,0.10485046255227475,0.6531467798564167
2412,0.7932,0,1,0,663207,13237,101328,24928,0.10484254213661133,0.6531638936198088
2413,0.7933,31,14,31,663221,13223,101359,24897,0.10473165631732353,0.6531217208814271
2414,0.794,6,5,6,663226,13218,101365,24891,0.10469205423900646,0.6531527985515233
2415,0.7942,3,2,3,663228,13216,101368,24888,0.10467621340767963,0.653159773252152
2416,0.7943,2,4,2,663232,13212,101370,24886,0.10464453174502598,0.6532101422646858
2417,0.7945,0,1,0,663233,13211,101370,24886,0.10463661132936257,0.653227288237919
2418,0.7947,1,0,1,663233,13211,101371,24885,0.10463661132936257,0.6532181856362873
2419,0.795,49,46,49,663279,13165,101420,24836,0.10427227220884552,0.6535617483750428
2420,0.7952,1,0,1,663279,13165,101421,24835,0.10427227220884552,0.6535526315789474
2421,0.7957,1,0,1,663279,13165,101422,24834,0.10427227220884552,0.6535435143030079
2422,0.7958,1,1,1,663280,13164,101423,24833,0.10426435179318211,0.6535515961786457
2423,0.796,2,4,2,663284,13160,101425,24831,0.10423267013052845,0.6536021689347477
2424,0.7967,15,15,15,663299,13145,101440,24816,0.10411386389557724,0.6537235583888727
2425,0.797,0,2,0,663301,13143,101440,24816,0.10409802306425041,0.6537580020548487
2426,0.7971,0,1,0,663302,13142,101440,24816,0.104090102648587,0.6537752252489594
2427,0.7975,9,10,9,663312,13132,101449,24807,0.10401089849195286,0.6538654155354648
2428,0.7977,0,1,0,663313,13131,101449,24807,0.10400297807628944,0.6538826506405188
2429,0.7978,1,1,1,663314,13130,101450,24806,0.10399505766062603,0.6538907633909743
2430,0.798,4,3,4,663317,13127,101454,24802,0.10397129641363578,0.653905982229956
2431,0.7982,1,1,1,663318,13126,101455,24801,0.10396337599797237,0.6539140981358926
2432,0.7983,1,1,1,663319,13125,101456,24800,0.10395545558230895,0.6539222148978246
2433,0.799,0,1,0,663320,13124,101456,24800,0.10394753516664555,0.6539394578630946
2434,0.7991,1,0,1,663320,13124,101457,24799,0.10394753516664555,0.6539303325158875
2435,0.7992,1,1,1,663321,13123,101458,24798,0.10393961475098214,0.6539384509902165
2436,0.8,2016,1690,2016,665011,11433,103474,22782,0.09055411227981244,0.6658483121437966
2437,0.8005,1,0,1,665011,11433,103475,22781,0.09055411227981244,0.6658385456245981
2438,0.8007,2,0,2,665011,11433,103477,22779,0.09055411227981244,0.6658190108733778
2439,0.8008,1,0,1,665011,11433,103478,22778,0.09055411227981244,0.6658092426412557
2440,0.801,0,2,0,665013,11431,103478,22778,0.09053827144848561,0.6658481686105996
2441,0.8017,1,1,1,665014,11430,103479,22777,0.0905303510328222,0.6658578653491976
2442,0.802,2,2,2,665016,11428,103481,22775,0.09051451020149537,0.6658772622284594
2443,0.8025,6,6,6,665022,11422,103487,22769,0.09046698770751489,0.6659354800971016
2444,0.8032,1,0,1,665022,11422,103488,22768,0.09046698770751489,0.6659257092717169
2445,0.8033,21,18,21,665040,11404,103509,22747,0.09032442022557344,0.6660712717050745
2446,0.804,6,4,6,665044,11400,103515,22741,0.09029273856291978,0.6660906241762105
2447,0.8041,1,0,1,665044,11400,103516,22740,0.09029273856291978,0.6660808435852372
2448,0.8042,1,0,1,665044,11400,103517,22739,0.09029273856291978,0.6660710624212777
2449,0.8043,1,0,1,665044,11400,103518,22738,0.09029273856291978,0.6660612806842815
2450,0.8047,0,3,0,665047,11397,103518,22738,0.09026897731592955,0.6661198183682437
2451,0.805,42,44,42,665091,11353,103560,22696,0.08992047902673932,0.6665687685394578
2452,0.8052,0,3,0,665094,11350,103560,22696,0.08989671777974909,0.6666275039652235
2453,0.8053,1,0,1,665094,11350,103561,22695,0.08989671777974909,0.6666177118519606
2454,0.8054,1,0,1,665094,11350,103562,22694,0.08989671777974909,0.6666079191634355
2455,0.8057,0,5,0,665099,11345,103562,22694,0.08985711570143201,0.6667058374217809
2456,0.8058,2,1,2,665100,11344,103564,22692,0.0898491952857686,0.6667058408743683
2457,0.806,5,3,5,665103,11341,103569,22687,0.08982543403877835,0.6667156459386387
2458,0.8065,1,1,1,665104,11340,103570,22686,0.08981751362311494,0.6667254452477517
2459,0.8067,17,18,17,665122,11322,103587,22669,0.0896749461411735,0.6669118296019535
2460,0.8068,0,1,0,665123,11321,103587,22669,0.08966702572551008,0.6669314504265961
2461,0.807,0,2,0,665125,11319,103587,22669,0.08965118489418325,0.6669706955396022
2462,0.8075,13,7,13,665132,11312,103600,22656,0.08959574198453935,0.6669806877060763
2463,0.808,2,1,2,665133,11311,103602,22654,0.08958782156887593,0.6669807154423671
2464,0.8083,2,6,2,665139,11305,103604,22652,0.08954029907489545,0.6670789527932385
2465,0.8085,0,1,0,665140,11304,103604,22652,0.08953237865923204,0.6670985981858876
2466,0.809,1,3,1,665143,11301,103605,22651,0.0895086174122418,0.6671477379830348
2467,0.8092,1,1,1,665144,11300,103606,22650,0.08950069699657838,0.6671575846833578
2468,0.8097,0,1,0,665145,11299,103606,22650,0.08949277658091497,0.6671772364428996
2469,0.81,2030,1483,2030,666628,9816,105636,20620,0.07774680015207198,0.6774871862268367
2470,0.8103,2,0,2,666628,9816,105638,20618,0.07774680015207198,0.677465991982651
2471,0.8107,0,1,0,666629,9815,105638,20618,0.07773887973640857,0.6774882528833832
2472,0.8108,3,0,3,666629,9815,105641,20615,0.07773887973640857,0.6774564574433125
2473,0.811,0,1,0,666630,9814,105641,20615,0.07773095932074515,0.6774787209569818
2474,0.8117,1,4,1,666634,9810,105642,20614,0.0776992776580915,0.6775571916907704
2475,0.8118,1,1,1,666635,9809,105643,20613,0.07769135724242808,0.6775688646374335
2476,0.812,1,1,1,666636,9808,105644,20612,0.07768343682676467,0.6775805391190006
2477,0.8122,1,0,1,666636,9808,105645,20611,0.07768343682676467,0.6775699398402314
2478,0.8123,0,1,0,666637,9807,105645,20611,0.07767551641110125,0.6775922151357748
2479,0.8124,0,1,0,666638,9806,105645,20611,0.07766759599543784,0.6776144918959792
2480,0.8125,7,9,7,666647,9797,105652,20604,0.07759631225446711,0.6777408637873754
2481,0.8127,1,1,1,666648,9796,105653,20603,0.0775883918388037,0.6777525576499227
2482,0.8129,1,0,1,666648,9796,105654,20602,0.0775883918388037,0.6777419567076781
2483,0.8133,22,16,22,666664,9780,105676,20580,0.07746166518818907,0.6778656126482213
2484,0.8135,1,0,1,666664,9780,105677,20579,0.07746166518818907,0.6778550018116539
2485,0.8137,0,1,0,666665,9779,105677,20579,0.07745374477252566,0.6778773305224323
2486,0.814,3,1,3,666666,9778,105680,20576,0.07744582435686224,0.6778678263161363
2487,0.8142,0,3,0,666669,9775,105680,20576,0.077422063109872,0.6779348291654311
2488,0.8143,0,1,0,666670,9774,105680,20576,0.0774141426942086,0.6779571663920922
2489,0.8148,1,0,1,666670,9774,105681,20575,0.0774141426942086,0.6779465550759498
2490,0.815,32,35,32,666705,9739,105713,20543,0.0771369281459891,0.6783898025229509
2491,0.8153,1,0,1,666705,9739,105714,20542,0.0771369281459891,0.6783791816650705
2492,0.816,6,0,6,666705,9739,105720,20536,0.0771369281459891,0.6783154417836499
2493,0.8165,1,0,1,666705,9739,105721,20535,0.0771369281459891,0.6783048160137412
2494,0.8167,21,13,21,666718,9726,105742,20514,0.07703396274236472,0.6783730158730159
2495,0.817,1,1,1,666719,9725,105743,20513,0.07702604232670131,0.6783848138104372
2496,0.8171,1,0,1,666719,9725,105744,20512,0.07702604232670131,0.6783741773324073
2497,0.8173,1,1,1,666720,9724,105745,20511,0.07701812191103789,0.6783859765172813
2498,0.8175,6,6,6,666726,9718,105751,20505,0.0769705994170574,0.6784568044204745
2499,0.8177,0,1,0,666727,9717,105751,20505,0.07696267900139399,0.678479253523923
2500,0.8178,1,0,1,666727,9717,105752,20504,0.07696267900139399,0.6784686145395585
2501,0.818,1,2,1,666729,9715,105753,20503,0.07694683817006716,0.6785028790786948
2502,0.8183,0,3,0,666732,9712,105753,20503,0.07692307692307693,0.6785702465662751
2503,0.8185,0,1,0,666733,9711,105753,20503,0.07691515650741351,0.6785927053683722
2504,0.8193,0,1,0,666734,9710,105753,20503,0.0769072360917501,0.6786151656571674
2505,0.8194,0,2,0,666736,9708,105753,20503,0.07689139526042327,0.6786600906954421
2506,0.8197,0,1,0,666737,9707,105753,20503,0.07688347484475985,0.6786825554452168
2507,0.82,1895,1377,1895,668114,8330,107648,18608,0.06597706247623876,0.6907714009948771
2508,0.8203,1,1,1,668115,8329,107649,18607,0.06596914206057534,0.6907855657855658
2509,0.8206,0,1,0,668116,8328,107649,18607,0.06596122164491193,0.6908112121774642
2510,0.821,0,1,0,668117,8327,107649,18607,0.06595330122924851,0.6908368604737507
2511,0.8215,1,0,1,668117,8327,107650,18606,0.06595330122924851,0.6908253815022463
2512,0.8217,5,1,5,668118,8326,107655,18601,0.0659453808135851,0.6907936272143202
2513,0.8218,1,2,1,668120,8324,107656,18600,0.06592953998225827,0.6908334571386124
2514,0.822,2,3,2,668123,8321,107658,18598,0.06590577873526803,0.6908874772465545
2515,0.8223,0,1,0,668124,8320,107658,18598,0.06589785831960461,0.6909131436213686
2516,0.8225,5,3,5,668127,8317,107663,18593,0.06587409707261437,0.6909327387588258
2517,0.8233,15,13,15,668140,8304,107678,18578,0.06577113166898998,0.6910944126181088
2518,0.8235,1,0,1,668140,8304,107679,18577,0.06577113166898998,0.6910829210222834
2519,0.824,2,2,2,668142,8302,107681,18575,0.06575529083766316,0.6911113591546676
2520,0.8242,2,1,2,668143,8301,107683,18573,0.06574737042199974,0.6911140879660639
2521,0.8243,0,1,0,668144,8300,107683,18573,0.06573945000633634,0.6911398057529863
2522,0.8245,0,1,0,668145,8299,107683,18573,0.06573152959067292,0.6911655254540041
2523,0.8247,2,0,2,668145,8299,107685,18571,0.06573152959067292,0.691142538146632
2524,0.825,38,27,38,668172,8272,107723,18533,0.06551767836776073,0.6914008580488715
2525,0.8253,1,1,1,668173,8271,107724,18532,0.06550975795209732,0.6914151400962579
2526,0.8258,2,0,2,668173,8271,107726,18530,0.06550975795209732,0.6913921122346182
2527,0.826,6,2,6,668175,8269,107732,18524,0.0654939171207705,0.6913746127719926
2528,0.8265,0,1,0,668176,8268,107732,18524,0.06548599670510709,0.6914004180352344
2529,0.8267,21,20,21,668196,8248,107753,18503,0.0653275883918388,0.6916750775671937
2530,0.8268,1,0,1,668196,8248,107754,18502,0.0653275883918388,0.6916635514018692
2531,0.827,1,0,1,668196,8248,107755,18501,0.0653275883918388,0.6916520243747429
2532,0.8272,0,1,0,668197,8247,107755,18501,0.06531966797617539,0.6916778824585016
2533,0.8275,6,5,6,668202,8242,107761,18495,0.06528006589785831,0.6917380409170812
2534,0.828,3,0,3,668202,8242,107764,18492,0.06528006589785831,0.6917034487918007
2535,0.8283,8,1,8,668203,8241,107772,18484,0.0652721454821949,0.6916370439663236
2536,0.8288,1,0,1,668203,8241,107773,18483,0.0652721454821949,0.6916255051638976
2537,0.8292,1,2,1,668205,8239,107774,18482,0.06525630465086808,0.6916657310729389
2538,0.8298,0,1,0,668206,8238,107774,18482,0.06524838423520467,0.6916916167664671
2539,0.83,1889,1253,1889,669459,6985,109663,16593,0.055324103408946904,0.7037492577826787
2540,0.8307,1,2,1,669461,6983,109664,16592,0.055308262577620074,0.703796394485684
2541,0.8308,0,2,0,669463,6981,109664,16592,0.055292421746293244,0.7038561065625928
2542,0.8312,0,1,0,669464,6980,109664,16592,0.05528450133062983,0.7038859664008146
2543,0.8315,1,0,1,669464,6980,109665,16591,0.05528450133062983,0.7038734037588562
2544,0.8317,4,0,4,669464,6980,109669,16587,0.05528450133062983,0.7038231425298086
2545,0.832,2,0,2,669464,6980,109671,16585,0.05528450133062983,0.7037980055166561
2546,0.8325,4,1,4,669465,6979,109675,16581,0.05527658091496642,0.7037775891341257
2547,0.8327,1,0,1,669465,6979,109676,16580,0.05527658091496642,0.7037650154930175
2548,0.8332,0,1,0,669466,6978,109676,16580,0.055268660499303006,0.7037948892096103
2549,0.8333,15,8,15,669474,6970,109691,16565,0.05520529717399569,0.703845336732526
2550,0.834,2,2,2,669476,6968,109693,16563,0.05518945634266886,0.7038799881008032
2551,0.8342,2,1,2,669477,6967,109695,16561,0.05518153592700545,0.703884733083985
2552,0.8343,0,1,0,669478,6966,109695,16561,0.05517361551134203,0.7039146512517533
2553,0.8344,0,1,0,669479,6965,109695,16561,0.05516569509567862,0.7039445719629346
2554,0.8347,1,0,1,669479,6965,109696,16560,0.05516569509567862,0.703931987247609
2555,0.835,38,38,38,669517,6927,109734,16522,0.054864719300468885,0.7045929463943025
2556,0.8352,0,1,0,669518,6926,109734,16522,0.05485679888480548,0.7046229955646537
2557,0.8353,0,1,0,669519,6925,109734,16522,0.05484887846914206,0.7046530472981618
2558,0.8355,0,1,0,669520,6924,109734,16522,0.05484095805347865,0.7046831015951548
2559,0.8357,1,0,1,669520,6924,109735,16521,0.05484095805347865,0.7046705054382597
2560,0.8358,1,2,1,669522,6922,109736,16520,0.05482511722215182,0.7047180274720587
2561,0.836,1,5,1,669527,6917,109737,16519,0.05478551514383475,0.7048557774364226
2562,0.8367,22,10,22,669537,6907,109759,16497,0.05470631098720061,0.7048795077764485
2563,0.8368,1,0,1,669537,6907,109760,16496,0.05470631098720061,0.7048668974063155
2564,0.837,1,0,1,669537,6907,109761,16495,0.05470631098720061,0.7048542859584651
2565,0.8371,1,0,1,669537,6907,109762,16494,0.05470631098720061,0.7048416734327593
2566,0.8372,1,0,1,669537,6907,109763,16493,0.05470631098720061,0.7048290598290599
2567,0.8375,15,2,15,669539,6905,109778,16478,0.05469047015587378,0.7046999957233888
2568,0.838,2,1,2,669540,6904,109780,16476,0.05468254974021037,0.704704875962361
2569,0.8383,1,3,1,669543,6901,109781,16475,0.054658788493220124,0.7047826830937713
2570,0.8386,1,1,1,669544,6900,109782,16474,0.05465086807755671,0.7048002053563789
2571,0.8389,0,1,0,669545,6899,109782,16474,0.054642947661893294,0.7048303598168827
2572,0.8392,1,1,1,669546,6898,109783,16473,0.05463502724622988,0.7048478884087116
2573,0.84,1804,1123,1804,670669,5775,111587,14669,0.04574040045621594,0.7175210330659362
2574,0.8408,1,3,1,670672,5772,111588,14668,0.0457166392092257,0.7176125244618395
2575,0.8412,0,1,0,670673,5771,111588,14668,0.04570871879356229,0.7176476344243847
2576,0.8414,0,1,0,670674,5770,111588,14668,0.04570079837789887,0.7176827478226833
2577,0.8415,0,1,0,670675,5769,111588,14668,0.04569287796223546,0.7177178646572393
2578,0.8417,2,2,2,670677,5767,111590,14666,0.04567703713090863,0.7177604854891597
2579,0.842,2,1,2,670678,5766,111592,14664,0.04566911671524521,0.7177679882525697
2580,0.8425,6,6,6,670684,5760,111598,14658,0.04562159422126473,0.7178959741404642
2581,0.8433,15,10,15,670694,5750,111613,14643,0.045542390064630595,0.7180405040945422
2582,0.8439,1,0,1,670694,5750,111614,14642,0.045542390064630595,0.7180266771282856
2583,0.844,1,4,1,670698,5746,111615,14641,0.045510708401976935,0.7181537254132535
2584,0.845,36,30,36,670728,5716,111651,14605,0.045273095932074514,0.7187146301855224
2585,0.8453,1,0,1,670728,5716,111652,14604,0.045273095932074514,0.7187007874015748
2586,0.8458,1,1,1,670729,5715,111653,14603,0.0452651755164111,0.7187223151885028
2587,0.846,2,1,2,670730,5714,111655,14601,0.045257255100747684,0.7187300024612355
2588,0.8463,1,1,1,670731,5713,111656,14600,0.045249334685084276,0.7187515384236696
2589,0.8467,19,8,19,670739,5705,111675,14581,0.045185971359776964,0.7187715665976535
2590,0.8475,9,5,9,670744,5700,111684,14572,0.04514636928145989,0.7188239936858721
2591,0.8477,1,1,1,670745,5699,111685,14571,0.045138448865796474,0.7188455846077948
2592,0.848,3,2,3,670747,5697,111688,14568,0.04512260803446965,0.7188749074759437
2593,0.8483,0,1,0,670748,5696,111688,14568,0.045114687618806236,0.7189103829451243
2594,0.8488,1,0,1,670748,5696,111689,14567,0.045114687618806236,0.718896510881903
2595,0.8492,1,1,1,670749,5695,111690,14566,0.04510676720314282,0.7189181185528849
2596,0.8493,1,0,1,670749,5695,111691,14565,0.04510676720314282,0.7189042448173741
2597,0.8495,1,0,1,670749,5695,111692,14564,0.04510676720314282,0.7188903697122266
2598,0.8497,1,0,1,670749,5695,111693,14563,0.04510676720314282,0.7188764932372396
2599,0.85,1737,966,1737,671715,4729,113430,12826,0.03745564567228488,0.7306180575334662
2600,0.8505,1,0,1,671715,4729,113431,12825,0.03745564567228488,0.7306027116326763
2601,0.8517,4,0,4,671715,4729,113435,12821,0.03745564567228488,0.7305413105413106
2602,0.852,2,1,2,671716,4728,113437,12819,0.03744772525662147,0.7305522311506241
2603,0.8522,0,1,0,671717,4727,113437,12819,0.03743980484095805,0.7305938675481591
2604,0.8524,1,0,1,671717,4727,113438,12818,0.03743980484095805,0.7305785123966942
2605,0.8525,6,3,6,671720,4724,113444,12812,0.03741604359396781,0.7306113138686131
2606,0.8527,0,1,0,671721,4723,113444,12812,0.0374081231783044,0.7306529797547762
2607,0.8532,1,0,1,671721,4723,113445,12811,0.0374081231783044,0.730637618341508
2608,0.8533,16,12,16,671733,4711,113461,12795,0.03731307819034343,0.7308922655089684
2609,0.8535,1,0,1,671733,4711,113462,12794,0.03731307819034343,0.730876892316481
2610,0.854,6,2,6,671735,4709,113468,12788,0.0372972373590166,0.730868148825513
2611,0.8542,1,0,1,671735,4709,113469,12787,0.0372972373590166,0.7308527663465935
2612,0.8543,3,0,3,671735,4709,113472,12784,0.0372972373590166,0.7308066083576288
2613,0.8547,1,1,1,671736,4708,113473,12783,0.03728931694335319,0.7308329998284833
2614,0.8548,1,0,1,671736,4708,113474,12782,0.03728931694335319,0.730817610062893
2615,0.855,31,21,31,671757,4687,113505,12751,0.03712298821442149,0.7312191765110678
2616,0.8557,1,1,1,671758,4686,113506,12750,0.03711506779875808,0.7312456985547143
2617,0.8558,1,2,1,671760,4684,113507,12749,0.03709922696743125,0.7313141742671944
2618,0.856,1,4,1,671764,4680,113508,12748,0.03706754530477759,0.7314666054624742
2619,0.8567,16,14,16,671778,4666,113524,12732,0.0369566594854898,0.7318082538222784
2620,0.8568,0,1,0,671779,4665,113524,12732,0.03694873906982638,0.7318503190205208
2621,0.8574,1,0,1,671779,4665,113525,12731,0.03694873906982638,0.7318349045757645
2622,0.8575,8,0,8,671779,4665,113533,12723,0.03694873906982638,0.7317115251897861
2623,0.8577,1,0,1,671779,4665,113534,12722,0.03694873906982638,0.7316960947834589
2624,0.858,3,2,3,671781,4663,113537,12719,0.03693289823849956,0.7317339776780578
2625,0.8583,0,1,0,671782,4662,113537,12719,0.036924977822836144,0.7317760773258155
2626,0.8592,0,1,0,671783,4661,113537,12719,0.03691705740717273,0.7318181818181818
2627,0.8593,0,1,0,671784,4660,113537,12719,0.036909136991509314,0.7318602911559928
2628,0.86,1587,819,1587,672603,3841,115124,11132,0.030422316563173235,0.7434715821812596
2629,0.8602,1,1,1,672604,3840,115125,11131,0.03041439614750982,0.7435041079420213
2630,0.8603,0,2,0,672606,3838,115125,11131,0.030398555316182994,0.7436034471240563
2631,0.8608,0,1,0,672607,3837,115125,11131,0.03039063490051958,0.7436531266702299
2632,0.8611,1,0,1,672607,3837,115126,11130,0.03039063490051958,0.7436359991982361
2633,0.8612,1,0,1,672607,3837,115127,11129,0.03039063490051958,0.7436188694373914
2634,0.8615,1,1,1,672608,3836,115128,11128,0.030382714484856164,0.743651430098904
2635,0.8617,6,2,6,672610,3834,115134,11122,0.030366873653529337,0.7436480342337524
2636,0.862,2,1,2,672611,3833,115136,11120,0.030358953237865922,0.7436634789005551
2637,0.8625,3,1,3,672612,3832,115139,11117,0.030351032822202507,0.7436617833968827
2638,0.8627,1,0,1,672612,3832,115140,11116,0.030351032822202507,0.7436446347337436
2639,0.863,1,0,1,672612,3832,115141,11115,0.030351032822202507,0.7436274837760085
2640,0.8632,1,0,1,672612,3832,115142,11114,0.030351032822202507,0.7436103305232169
2641,0.8633,17,6,17,672618,3826,115159,11097,0.030303510328222025,0.7436172351403874
2642,0.8638,1,0,1,672618,3826,115160,11096,0.030303510328222025,0.7436000536121163
2643,0.864,0,3,0,672621,3823,115160,11096,0.030279749081231783,0.7437495810711173
2644,0.8642,1,1,1,672622,3822,115161,11095,0.03027182866556837,0.7437822618488973
2645,0.8643,1,1,1,672623,3821,115162,11094,0.030263908249904953,0.7438149513912169
2646,0.8647,1,1,1,672624,3820,115163,11093,0.030255987834241542,0.7438476497016027
2647,0.8648,1,1,1,672625,3819,115164,11092,0.030248067418578127,0.7438803567835826
2648,0.865,31,10,31,672635,3809,115195,11061,0.030168863261943988,0.7438466711499664
2649,0.8653,0,1,0,672636,3808,115195,11061,0.030160942846280573,0.7438966978276952
2650,0.866,2,3,2,672639,3805,115197,11059,0.03013718159929033,0.7440123789020452
2651,0.8665,1,0,1,672639,3805,115198,11058,0.03013718159929033,0.7439951557559039
2652,0.8667,13,7,13,672646,3798,115211,11045,0.030081738689646434,0.7441218082597858
2653,0.8668,1,0,1,672646,3798,115212,11044,0.030081738689646434,0.7441045681175044
2654,0.867,1,0,1,672646,3798,115213,11043,0.030081738689646434,0.7440873256519103
2655,0.8675,4,1,4,672647,3797,115217,11039,0.03007381827398302,0.744068482070639
2656,0.868,5,1,5,672648,3796,115222,11034,0.030065897858319604,0.7440323668240054
2657,0.8683,1,0,1,672648,3796,115223,11033,0.030065897858319604,0.7440151055364489
2658,0.8685,0,1,0,672649,3795,115223,11033,0.03005797744265619,0.7440652818991098
2659,0.87,1429,710,1429,673359,3085,116652,9604,0.02443448232163224,0.7568760343604697
2660,0.8705,0,1,0,673360,3084,116652,9604,0.024426561905968824,0.7569356872635561
2661,0.8708,3,1,3,673361,3083,116655,9601,0.024418641490305412,0.7569378744875433
2662,0.871,1,1,1,673362,3082,116656,9600,0.024410721074641997,0.7569783945749882
2663,0.8713,0,1,0,673363,3081,116656,9600,0.024402800658978582,0.7570380884788266
2664,0.8717,0,2,0,673365,3079,116656,9600,0.024386959827651756,0.7571575045350579
2665,0.8718,0,1,0,673366,3078,116656,9600,0.02437903941198834,0.7572172266919073
2666,0.872,0,1,0,673367,3077,116656,9600,0.024371118996324926,0.7572769582708843
2667,0.8722,0,2,0,673369,3075,116656,9600,0.0243552781649981,0.757396449704142
2668,0.8725,1,4,1,673373,3071,116657,9599,0.024323596502344443,0.7576164167324388
2669,0.8727,1,0,1,673373,3071,116658,9598,0.024323596502344443,0.7575972847107112
2670,0.8729,0,1,0,673374,3070,116658,9598,0.02431567608668103,0.7576570887275024
2671,0.8733,21,6,21,673380,3064,116679,9577,0.024268153592700546,0.7576141128075311
2672,0.8735,1,0,1,673380,3064,116680,9576,0.024268153592700546,0.7575949367088608
2673,0.8737,1,1,1,673381,3063,116681,9575,0.02426023317703713,0.7576357018515588
2674,0.874,1,1,1,673382,3062,116682,9574,0.024252312761373716,0.7576764798987021
2675,0.8747,0,1,0,673383,3061,116682,9574,0.024244392345710304,0.7577364463791056
2676,0.8748,4,0,4,673383,3061,116686,9570,0.024244392345710304,0.7576597260707782
2677,0.875,26,13,26,673396,3048,116712,9544,0.02414142694208592,0.7579415501905972
2678,0.8752,1,0,1,673396,3048,116713,9543,0.02414142694208592,0.7579223254705743
2679,0.8758,0,1,0,673397,3047,116713,9543,0.024133506526422505,0.7579825258141382
2680,0.876,3,1,3,673398,3046,116716,9540,0.024125586110759094,0.7579850627681551
2681,0.8767,17,10,17,673408,3036,116733,9523,0.02404638195412495,0.7582610080420416
2682,0.877,2,0,2,673408,3036,116735,9521,0.02404638195412495,0.7582225053754877
2683,0.8775,8,6,8,673414,3030,116743,9513,0.02399885946014447,0.7584309973690505
2684,0.8777,2,1,2,673415,3029,116745,9511,0.023990939044481054,0.7584529505582137
2685,0.878,1,1,1,673416,3028,116746,9510,0.02398301862881764,0.7584941776997927
2686,0.8783,2,4,2,673420,3024,116748,9508,0.023951336966163986,0.7586977338014682
2687,0.8785,1,1,1,673421,3023,116749,9507,0.02394341655050057,0.7587390263367917
2688,0.8788,0,1,0,673422,3022,116749,9507,0.023935496134837156,0.7587995849628861
2689,0.8797,1,0,1,673422,3022,116750,9506,0.023935496134837156,0.7587803320561941
2690,0.88,1348,608,1348,674030,2414,118098,8158,0.019119883411481433,0.7716609912977677
2691,0.8808,1,1,1,674031,2413,118099,8157,0.01911196299581802,0.7717123935666982
2692,0.8812,1,1,1,674032,2412,118100,8156,0.019104042580154607,0.7717638152914459
2693,0.8817,3,4,3,674036,2408,118103,8153,0.01907236091750095,0.7719912887037212
2694,0.882,1,1,1,674037,2407,118104,8152,0.019064440501837535,0.7720428070840042
2695,0.8823,2,1,2,674038,2406,118106,8150,0.019056520086174124,0.7720727548313755
2696,0.8825,5,2,5,674040,2404,118111,8145,0.019040679254847294,0.7721111005782538
2697,0.8827,0,1,0,674041,2403,118111,8145,0.01903275883918388,0.7721843003412969
2698,0.883,1,0,1,674041,2403,118112,8144,0.01903275883918388,0.7721627002939224
2699,0.8833,13,5,13,674046,2398,118125,8131,0.01899315676086681,0.7722480767404312
2700,0.884,0,1,0,674047,2397,118125,8131,0.018985236345203396,0.7723214285714286
2701,0.8842,1,0,1,674047,2397,118126,8130,0.018985236345203396,0.7722998005129666
2702,0.885,33,17,33,674064,2380,118159,8097,0.01885058927892536,0.7728357354204448
2703,0.8855,1,0,1,674064,2380,118160,8096,0.01885058927892536,0.7728140511645666
2704,0.8858,1,0,1,674064,2380,118161,8095,0.01885058927892536,0.7727923627684964
2705,0.886,2,3,2,674067,2377,118163,8093,0.018826828031935115,0.7729703915950334
2706,0.8867,20,6,20,674073,2371,118183,8073,0.018779305537954632,0.7729797012638836
2707,0.8871,1,0,1,674073,2371,118184,8072,0.018779305537954632,0.7729579622713779
2708,0.8875,4,5,4,674078,2366,118188,8068,0.01873970345963756,0.7732413264328158
2709,0.888,3,0,3,674078,2366,118191,8065,0.01873970345963756,0.7731761096730898
2710,0.8882,1,0,1,674078,2366,118192,8064,0.01873970345963756,0.7731543624161074
2711,0.8883,0,1,0,674079,2365,118192,8064,0.01873178304397415,0.7732284974590086
2712,0.8884,0,1,0,674080,2364,118192,8064,0.018723862628310734,0.7733026467203682
2713,0.8888,0,1,0,674081,2363,118192,8064,0.01871594221264732,0.7733768102042774
2714,0.889,1,0,1,674081,2363,118193,8063,0.01871594221264732,0.773355073853827
2715,0.8892,1,0,1,674081,2363,118194,8062,0.01871594221264732,0.7733333333333333
2716,0.89,1255,477,1255,674558,1886,119449,6807,0.014937903941198835,0.7830438283676522
2717,0.8901,1,0,1,674558,1886,119450,6806,0.014937903941198835,0.7830188679245284
2718,0.891,0,1,0,674559,1885,119450,6806,0.01492998352553542,0.7831089632953631
2719,0.8912,1,1,1,674560,1884,119451,6805,0.014922063109872007,0.7831741282080792
2720,0.8914,1,0,1,674560,1884,119452,6804,0.014922063109872007,0.7831491712707183
2721,0.8917,2,1,2,674561,1883,119454,6802,0.014914142694208592,0.783189407023604
2722,0.8924,1,0,1,674561,1883,119455,6801,0.014914142694208592,0.783164440350069
2723,0.8925,4,1,4,674562,1882,119459,6797,0.014906222278545178,0.7831547413296462
2724,0.8929,1,0,1,674562,1882,119460,6796,0.014906222278545178,0.7831297533994008
2725,0.8931,1,1,1,674563,1881,119461,6795,0.014898301862881764,0.783195020746888
2726,0.8933,9,3,9,674566,1878,119470,6786,0.014874540615891522,0.7832409972299169
2727,0.894,2,0,2,674566,1878,119472,6784,0.014874540615891522,0.7831909489725236
2728,0.8942,1,1,1,674567,1877,119473,6783,0.014866620200228107,0.783256351039261
2729,0.8947,1,0,1,674567,1877,119474,6782,0.014866620200228107,0.7832313200138584
2730,0.895,22,8,22,674575,1869,119496,6760,0.014803256874920796,0.783404797774945
2731,0.8957,0,1,0,674576,1868,119496,6760,0.014795336459257381,0.7834955957348169
2732,0.896,1,1,1,674577,1867,119497,6759,0.014787416043593968,0.7835613262230466
2733,0.8967,13,5,13,674582,1862,119510,6746,0.014747813965276899,0.7836895910780669
2734,0.8973,0,1,0,674583,1861,119510,6746,0.014739893549613484,0.7837806436621355
2735,0.8975,7,4,7,674587,1857,119517,6739,0.014708211886959827,0.7839692880409492
2736,0.898,1,0,1,674587,1857,119518,6738,0.014708211886959827,0.7839441535776615
2737,0.8982,1,0,1,674587,1857,119519,6737,0.014708211886959827,0.7839190132650686
2738,0.8986,1,0,1,674587,1857,119520,6736,0.014708211886959827,0.7838938671011288
2739,0.8997,1,0,1,674587,1857,119521,6735,0.014708211886959827,0.7838687150837989
2740,0.9,1123,419,1123,675006,1438,120644,5612,0.011389557723989354,0.7960283687943263
2741,0.9002,1,0,1,675006,1438,120645,5611,0.011389557723989354,0.7959994325436233
2742,0.9007,1,0,1,675006,1438,120646,5610,0.011389557723989354,0.7959704880817253
2743,0.9013,0,2,0,675008,1436,120646,5610,0.011373716892662526,0.7961964235026966
2744,0.9016,1,0,1,675008,1436,120647,5609,0.011373716892662526,0.7961674946770759
2745,0.9017,3,0,3,675008,1436,120650,5606,0.011373716892662526,0.7960806589037205
2746,0.902,1,0,1,675008,1436,120651,5605,0.011373716892662526,0.796051697202102
2747,0.9024,1,0,1,675008,1436,120652,5604,0.011373716892662526,0.7960227272727273
2748,0.903,0,1,0,675009,1435,120652,5604,0.011365796476999113,0.7961358147464128
2749,0.9033,8,2,8,675011,1433,120660,5596,0.011349955645672285,0.7961303172570778
2750,0.904,1,1,1,675012,1432,120661,5595,0.011342035230008872,0.7962146008253878
2751,0.905,21,9,21,675021,1423,120682,5574,0.011270751489038144,0.7966271259111047
2752,0.9055,0,1,0,675022,1422,120682,5574,0.01126283107337473,0.7967409948542024
2753,0.906,1,1,1,675023,1421,120683,5573,0.011254910657711316,0.7968258507291964
2754,0.9067,19,3,19,675026,1418,120702,5554,0.011231149410721075,0.7966150315547906
2755,0.9068,1,0,1,675026,1418,120703,5553,0.011231149410721075,0.7965858556878497
2756,0.9075,7,1,7,675027,1417,120710,5546,0.011223228995057661,0.7964957633204078
2757,0.908,1,0,1,675027,1417,120711,5545,0.011223228995057661,0.7964665326055731
2758,0.9083,1,1,1,675028,1416,120712,5544,0.011215308579394246,0.7965517241379311
2759,0.91,969,355,969,675383,1061,121681,4575,0.008403561018882271,0.8117459190915542
2760,0.9107,1,0,1,675383,1061,121682,4574,0.008403561018882271,0.8117125110913931
2761,0.911,1,0,1,675383,1061,121683,4573,0.008403561018882271,0.8116790912318069
2762,0.9115,0,1,0,675384,1060,121683,4573,0.008395640603218856,0.8118231848038345
2763,0.912,1,1,1,675385,1059,121684,4572,0.008387720187555443,0.8119339371337241
2764,0.9125,5,1,5,675386,1058,121689,4567,0.00837979977189203,0.8119111111111111
2765,0.9133,15,3,15,675389,1055,121704,4552,0.008356038524901787,0.8118423399322275
2766,0.9134,1,0,1,675389,1055,121705,4551,0.008356038524901787,0.8118087763110953
2767,0.914,1,0,1,675389,1055,121706,4550,0.008356038524901787,0.8117752007136485
2768,0.915,20,11,20,675400,1044,121726,4530,0.008268913952604233,0.8127018299246501
2769,0.9155,2,0,2,675400,1044,121728,4528,0.008268913952604233,0.8126346015793252
2770,0.916,1,0,1,675400,1044,121729,4527,0.008268913952604233,0.8126009693053312
2771,0.9164,0,1,0,675401,1043,121729,4527,0.00826099353694082,0.8127468581687612
2772,0.9167,7,4,7,675405,1039,121736,4520,0.008229311874287163,0.8130958805540565
2773,0.9168,0,1,0,675406,1038,121736,4520,0.008221391458623748,0.8132421734436848
2774,0.9174,0,1,0,675407,1037,121736,4520,0.008213471042960335,0.8133885189850639
2775,0.9175,2,0,2,675407,1037,121738,4518,0.008213471042960335,0.8133213321332133
2776,0.9178,0,2,0,675409,1035,121738,4518,0.008197630211633507,0.813614262560778
2777,0.918,0,1,0,675410,1034,121738,4518,0.008189709795970092,0.8137608069164265
2778,0.9183,0,1,0,675411,1033,121738,4518,0.008181789380306679,0.8139074040713385
2779,0.92,912,256,912,675667,777,122650,3606,0.00615416297047269,0.8227241615331964
2780,0.9217,2,0,2,675667,777,122652,3604,0.00615416297047269,0.8226432321387811
2781,0.9221,0,1,0,675668,776,122652,3604,0.006146242554809276,0.8228310502283105
2782,0.9223,2,0,2,675668,776,122654,3602,0.006146242554809276,0.8227501142074006
2783,0.9225,2,1,2,675669,775,122656,3600,0.006138322139145862,0.8228571428571428
2784,0.9229,1,0,1,675669,775,122657,3599,0.006138322139145862,0.8228166438042981
2785,0.9231,0,1,0,675670,774,122657,3599,0.006130401723482448,0.8230048021952893
2786,0.9233,6,1,6,675671,773,122663,3593,0.006122481307819034,0.8229500687127805
2787,0.9237,0,1,0,675672,772,122663,3593,0.00611456089215562,0.8231386025200458
2788,0.9238,2,0,2,675672,772,122665,3591,0.00611456089215562,0.8230575292230117
2789,0.925,17,7,17,675679,765,122682,3574,0.006059117982511722,0.8236920949527541
2790,0.9258,2,0,2,675679,765,122684,3572,0.006059117982511722,0.8236107908692645
2791,0.926,0,1,0,675680,764,122684,3572,0.006051197566848308,0.8238007380073801
2792,0.9263,1,0,1,675680,764,122685,3571,0.006051197566848308,0.823760092272203
2793,0.9267,8,3,8,675683,761,122693,3563,0.006027436319858066,0.8240055504162812
2794,0.9274,1,0,1,675683,761,122694,3562,0.006027436319858066,0.8239648392320148
2795,0.9275,3,0,3,675683,761,122697,3559,0.006027436319858066,0.8238425925925926
2796,0.928,1,0,1,675683,761,122698,3558,0.006027436319858066,0.823801805973605
2797,0.9282,1,0,1,675683,761,122699,3557,0.006027436319858066,0.8237610004631774
2798,0.93,729,217,729,675900,544,123428,2828,0.004308706120897224,0.8386714116251482
2799,0.9302,1,0,1,675900,544,123429,2827,0.004308706120897224,0.83862355384159
2800,0.9308,1,0,1,675900,544,123430,2826,0.004308706120897224,0.8385756676557864
2801,0.9315,0,1,0,675901,543,123430,2826,0.00430078570523381,0.8388245770258237
2802,0.9325,5,0,5,675901,543,123435,2821,0.00430078570523381,0.8385850178359097
2803,0.9329,1,0,1,675901,543,123436,2820,0.00430078570523381,0.8385370205173952
2804,0.9333,6,1,6,675902,542,123442,2814,0.004292865289570397,0.8384982121573301
2805,0.9338,1,0,1,675902,542,123443,2813,0.004292865289570397,0.8384500745156482
2806,0.934,4,0,4,675902,542,123447,2809,0.004292865289570397,0.8382572366457773
2807,0.9342,0,1,0,675903,541,123447,2809,0.004284944873906983,0.8385074626865672
2808,0.935,24,4,24,675907,537,123471,2785,0.004253263211253327,0.8383503913305238
2809,0.9358,0,1,0,675908,536,123471,2785,0.0042453427955899126,0.8386028304727492
2810,0.9365,1,0,1,675908,536,123472,2784,0.0042453427955899126,0.8385542168674699
2811,0.9367,9,0,9,675908,536,123481,2775,0.0042453427955899126,0.8381153729990939
2812,0.9368,1,0,1,675908,536,123482,2774,0.0042453427955899126,0.8380664652567976
2813,0.937,2,0,2,675908,536,123484,2772,0.0042453427955899126,0.837968561064087
2814,0.9375,3,1,3,675909,535,123487,2769,0.0042374223799264985,0.8380750605326877
2815,0.9383,4,0,4,675909,535,123491,2765,0.0042374223799264985,0.8378787878787879
2816,0.9388,0,1,0,675910,534,123491,2765,0.004229501964263084,0.8381327675053046
2817,0.9394,0,1,0,675911,533,123491,2765,0.00422158154859967,0.8383869011522135
2818,0.94,646,173,646,676084,360,124137,2119,0.0028513496388290456,0.854780153287616
2819,0.9401,2,0,2,676084,360,124139,2117,0.0028513496388290456,0.8546628986677433
2820,0.9404,1,0,1,676084,360,124140,2116,0.0028513496388290456,0.8546042003231018
2821,0.9417,0,1,0,676085,359,124140,2116,0.0028434292231656316,0.8549494949494949
2822,0.9433,3,2,3,676087,357,124143,2113,0.002827588391838804,0.8554655870445345
2823,0.944,1,1,1,676088,356,124144,2112,0.0028196679761753897,0.8557536466774717
2824,0.945,13,1,13,676089,355,124157,2099,0.0028117475605119757,0.8553382233088834
2825,0.946,2,0,2,676089,355,124159,2097,0.0028117475605119757,0.8552202283849919
2826,0.9462,1,0,1,676089,355,124160,2096,0.0028117475605119757,0.8551611587107303
2827,0.9467,8,2,8,676091,353,124168,2088,0.0027959067291851475,0.8553871364195003
2828,0.947,1,0,1,676091,353,124169,2087,0.0027959067291851475,0.855327868852459
2829,0.9475,1,1,1,676092,352,124170,2086,0.0027879863135217334,0.8556193601312552
2830,0.948,2,0,2,676092,352,124172,2084,0.0027879863135217334,0.8555008210180624
2831,0.9493,0,1,0,676093,351,124172,2084,0.0027800658978583198,0.8558521560574949
2832,0.95,511,136,511,676229,215,124683,1573,0.0017028893676340135,0.8797539149888143
2833,0.9512,1,1,1,676230,214,124684,1572,0.0016949689519705994,0.8801791713325868
2834,0.9517,1,0,1,676230,214,124685,1571,0.0016949689519705994,0.8801120448179272
2835,0.952,1,0,1,676230,214,124686,1570,0.0016949689519705994,0.8800448430493274
2836,0.9528,1,1,1,676231,213,124687,1569,0.0016870485363071853,0.8804713804713805
2837,0.9533,2,0,2,676231,213,124689,1567,0.0016870485363071853,0.8803370786516854
2838,0.954,2,0,2,676231,213,124691,1565,0.0016870485363071853,0.8802024746906637
2839,0.9544,1,0,1,676231,213,124692,1564,0.0016870485363071853,0.8801350590883511
2840,0.955,6,1,6,676232,212,124698,1558,0.0016791281206437714,0.880225988700565
2841,0.9557,1,0,1,676232,212,124699,1557,0.0016791281206437714,0.8801582815149802
2842,0.9567,3,3,3,676235,209,124702,1554,0.0016553668736535294,0.8814520703346569
2843,0.9575,1,1,1,676236,208,124703,1553,0.0016474464579901153,0.881885292447473
2844,0.958,1,0,1,676236,208,124704,1552,0.0016474464579901153,0.8818181818181818
2845,0.96,425,80,425,676316,128,125129,1127,0.001013813204916994,0.8980079681274901
2846,0.9617,2,0,2,676316,128,125131,1125,0.001013813204916994,0.8978451715881883
2847,0.9625,2,0,2,676316,128,125133,1123,0.001013813204916994,0.8976818545163869
2848,0.9633,4,0,4,676316,128,125137,1119,0.001013813204916994,0.8973536487570168
2849,0.965,6,1,6,676317,127,125143,1113,0.00100589278925358,0.8975806451612903
2850,0.9667,5,0,5,676317,127,125148,1108,0.00100589278925358,0.897165991902834
2851,0.968,1,0,1,676317,127,125149,1107,0.00100589278925358,0.8970826580226904
2852,0.9683,1,0,1,676317,127,125150,1106,0.00100589278925358,0.8969991889699919
2853,0.97,385,47,385,676364,80,125535,721,0.0006336332530731213,0.9001248439450686
2854,0.9725,3,0,3,676364,80,125538,718,0.0006336332530731213,0.899749373433584
2855,0.9733,3,1,3,676365,79,125541,715,0.0006257128374097073,0.9005037783375315
2856,0.974,3,0,3,676365,79,125544,712,0.0006257128374097073,0.900126422250316
2857,0.9742,0,1,0,676366,78,125544,712,0.0006177924217462932,0.9012658227848102
2858,0.975,6,1,6,676367,77,125550,706,0.0006098720060828792,0.9016602809706258
2859,0.9766,1,0,1,676367,77,125551,705,0.0006098720060828792,0.90153452685422
2860,0.9767,3,0,3,676367,77,125554,702,0.0006098720060828792,0.9011553273427471
2861,0.977,1,0,1,676367,77,125555,701,0.0006098720060828792,0.9010282776349614
2862,0.9775,1,0,1,676367,77,125556,700,0.0006098720060828792,0.9009009009009009
2863,0.978,1,0,1,676367,77,125557,699,0.0006098720060828792,0.9007731958762887
2864,0.98,277,39,277,676406,38,125834,422,0.00030097579520973263,0.9173913043478261
2865,0.9801,1,0,1,676406,38,125835,421,0.00030097579520973263,0.9172113289760349
2866,0.9812,1,0,1,676406,38,125836,420,0.00030097579520973263,0.9170305676855895
2867,0.9825,1,0,1,676406,38,125837,419,0.00030097579520973263,0.9168490153172867
2868,0.9829,1,0,1,676406,38,125838,418,0.00030097579520973263,0.9166666666666666
2869,0.9833,2,0,2,676406,38,125840,416,0.00030097579520973263,0.9162995594713657
2870,0.985,2,0,2,676406,38,125842,414,0.00030097579520973263,0.915929203539823
2871,0.986,1,0,1,676406,38,125843,413,0.00030097579520973263,0.9157427937915743
2872,0.9862,1,0,1,676406,38,125844,412,0.00030097579520973263,0.9155555555555556
2873,0.9867,3,0,3,676406,38,125847,409,0.00030097579520973263,0.9149888143176734
2874,0.9871,1,0,1,676406,38,125848,408,0.00030097579520973263,0.9147982062780269
2875,0.9875,2,0,2,676406,38,125850,406,0.00030097579520973263,0.9144144144144144
2876,0.988,1,0,1,676406,38,125851,405,0.00030097579520973263,0.9142212189616253
2877,0.99,222,29,222,676435,9,126073,183,7.128374097072614e-05,0.953125
2878,0.996,2,0,2,676435,9,126075,181,7.128374097072614e-05,0.9526315789473684
2879,0.9975,1,0,1,676435,9,126076,180,7.128374097072614e-05,0.9523809523809523
2880,1.0,180,9,180,676444,0,126256,0,0.0,
