,y_proba,y_test,Neg,Pos,TN,FP,FN,TP,FP/P,Prec
0,0.0,0,122,0,122,676322,0,126256,5.356751362311494,0.15731305866844095
1,0.0025,0,1,0,123,676321,0,126256,5.356743441895831,0.15731325467836732
2,0.01,0,223,0,346,676098,0,126256,5.35497718920289,0.15735697709489826
3,0.015,0,2,0,348,676096,0,126256,5.354961348371562,0.1573573693341576
4,0.02,1,507,1,855,675589,1,126255,5.350945697630212,0.15745581434792802
5,0.0225,0,1,0,856,675588,1,126255,5.350937777214548,0.1574560107153146
6,0.025,0,2,0,858,675586,1,126255,5.350921936383221,0.1574564034515571
7,0.03,8,833,8,1691,674753,9,126247,5.344324230135597,0.15761173533083644
8,0.0333,0,1,0,1692,674752,9,126247,5.344316309719934,0.15761193209979038
9,0.035,0,2,0,1694,674750,9,126247,5.3443004688886075,0.15761232563917218
10,0.0375,0,1,0,1695,674749,9,126247,5.344292548472944,0.15761252240960005
11,0.04,18,1331,18,3026,673418,27,126229,5.33375047522494,0.15785590391760365
12,0.0417,0,1,0,3027,673417,27,126229,5.333742554809277,0.15785610132483624
13,0.0425,0,2,0,3029,673415,27,126229,5.333726713977949,0.15785649614078265
14,0.0429,0,1,0,3030,673414,27,126229,5.333718793562286,0.15785669354949647
15,0.0433,0,3,0,3033,673411,27,126229,5.333695032315296,0.15785728577860036
16,0.044,0,1,0,3034,673410,27,126229,5.333687111899632,0.15785748318928916
17,0.045,0,7,0,3041,673403,27,126229,5.333631668989988,0.15785886507793584
18,0.0467,0,2,0,3043,673401,27,126229,5.333615828158662,0.15785925990770733
19,0.0475,0,3,0,3046,673398,27,126229,5.333592066911671,0.15785985215606776
20,0.05,16,1828,16,4874,671570,43,126213,5.319113547078951,0.15820467470477562
21,0.0525,0,2,0,4876,671568,43,126213,5.319097706247624,0.15820507131656433
22,0.0533,0,8,0,4884,671560,43,126213,5.319034342922317,0.1582066577836051
23,0.055,0,12,0,4896,671548,43,126213,5.318939297934356,0.1582090375438258
24,0.056,0,2,0,4898,671546,43,126213,5.318923457103029,0.1582094341774897
25,0.0567,0,5,0,4903,671541,43,126213,5.318883855024712,0.15821042577035027
26,0.0575,0,1,0,4904,671540,43,126213,5.318875934609048,0.15821062409041395
27,0.06,24,2332,24,7236,669208,67,126189,5.300405525281967,0.1586490771275225
28,0.0625,0,4,0,7240,669204,67,126189,5.3003738436193135,0.1586498749674689
29,0.0633,0,12,0,7252,669192,67,126189,5.300278798631352,0.15865226853545658
30,0.0638,0,1,0,7253,669191,67,126189,5.300270878215689,0.15865246800271568
31,0.065,0,14,0,7267,669177,67,126189,5.300159992396401,0.15865526059700816
32,0.0657,0,3,0,7270,669174,67,126189,5.300136231149411,0.15865585902286125
33,0.066,0,3,0,7273,669171,67,126189,5.3001124699024205,0.15865645745322873
34,0.0667,0,9,0,7282,669162,67,126189,5.30004118616145,0.1586582527714179
35,0.0672,0,3,0,7285,669159,67,126189,5.30001742491446,0.15865885121984338
36,0.0673,0,1,0,7286,669158,67,126189,5.300009504498796,0.15865905070365513
37,0.0675,0,2,0,7288,669156,67,126189,5.299993663667469,0.1586594496727835
38,0.068,0,1,0,7289,669155,67,126189,5.299985743251806,0.15865964915810013
39,0.07,18,2856,18,10145,666299,85,126171,5.277365036117096,0.15921233611366992
40,0.0717,0,1,0,10146,666298,85,126171,5.277357115701432,0.15921253702037555
41,0.072,0,1,0,10147,666297,85,126171,5.277349195285769,0.15921273792758825
42,0.0725,0,4,0,10151,666293,85,126171,5.277317513623115,0.1592135415615094
43,0.0733,0,7,0,10158,666286,85,126171,5.277262070713471,0.15921494794039298
44,0.074,0,1,0,10159,666285,85,126171,5.277254150297807,0.15921514885369029
45,0.075,0,17,0,10176,666268,85,126171,5.277119503231529,0.15921856445732732
46,0.0762,0,1,0,10177,666267,85,126171,5.277111582815866,0.1592187653797521
47,0.0767,0,8,0,10185,666259,85,126171,5.277048219490559,0.1592203727774062
48,0.077,0,1,0,10186,666258,85,126171,5.277040299074895,0.15922057370439496
49,0.0775,0,5,0,10191,666253,85,126171,5.277000696996579,0.15922157834694559
50,0.078,0,1,0,10192,666252,85,126171,5.276992776580915,0.15922177927697706
51,0.0783,0,1,0,10193,666251,85,126171,5.276984856165251,0.15922198020751568
52,0.08,41,3362,41,13555,662889,126,126130,5.250356418704854,0.15985673348804022
53,0.082,0,1,0,13556,662888,126,126130,5.25034849828919,0.15985693609017793
54,0.0825,0,5,0,13561,662883,126,126130,5.250308896210873,0.15985794910856982
55,0.0833,0,4,0,13565,662879,126,126130,5.25027721454822,0.1598587595325275
56,0.085,0,31,0,13596,662848,126,126130,5.250031681662653,0.15986504059682272
57,0.0857,0,1,0,13597,662847,126,126130,5.25002376124699,0.15986524322001783
58,0.086,0,1,0,13598,662846,126,126130,5.250015840831327,0.15986544584372656
59,0.0867,0,10,0,13608,662836,126,126130,5.2499366366746925,0.15986747210906427
60,0.0875,0,9,0,13617,662827,126,126130,5.249865352933722,0.15986929579178585
61,0.0883,0,2,0,13619,662825,126,126130,5.249849512102395,0.15986970106026327
62,0.0888,0,1,0,13620,662824,126,126130,5.249841591686732,0.15986990369527249
63,0.09,46,4023,46,17643,658801,172,126084,5.217977759472817,0.16064009377169905
64,0.0913,0,1,0,17644,658800,172,126084,5.217969839057154,0.16064029843900499
65,0.0917,0,1,0,17645,658799,172,126084,5.217961918641491,0.16064050310683248
66,0.092,0,1,0,17646,658798,172,126084,5.217953998225827,0.1606407077751815
67,0.0925,0,2,0,17648,658796,172,126084,5.2179381573945,0.1606411171134441
68,0.0933,0,12,0,17660,658784,172,126084,5.217843112406539,0.16064357318682887
69,0.094,0,2,0,17662,658782,172,126084,5.217827271575212,0.16064398253969467
70,0.095,0,34,0,17696,658748,172,126084,5.217557977442656,0.1606509418576205
71,0.096,0,3,0,17699,658745,172,126084,5.217534216195666,0.16065155594403366
72,0.0967,0,11,0,17710,658734,172,126084,5.217447091623368,0.16065380763438147
73,0.0975,0,6,0,17716,658728,172,126084,5.2173995691293875,0.16065503585572086
74,0.098,0,3,0,17719,658725,172,126084,5.217375807882398,0.16065564997343304
75,0.0983,0,4,0,17723,658721,172,126084,5.217344126219744,0.16065646880435266
76,0.0988,0,2,0,17725,658719,172,126084,5.217328285388417,0.16065687822294258
77,0.1,61,4508,61,22233,654211,233,126023,5.181623051577747,0.16151949287008768
78,0.1017,0,2,0,22235,654209,233,126023,5.18160721074642,0.1615199068994863
79,0.1025,0,8,0,22243,654201,233,126023,5.181543847421112,0.16152156303830695
80,0.1033,0,16,0,22259,654185,233,126023,5.181417120770498,0.1615248754178373
81,0.104,0,3,0,22262,654182,233,126023,5.181393359523508,0.16152549650412393
82,0.105,3,37,3,22299,654145,236,126020,5.181100304143961,0.16152993277063185
83,0.106,0,2,0,22301,654143,236,126020,5.181084463312635,0.1615303468634119
84,0.1067,0,26,0,22327,654117,236,126020,5.180878532505386,0.16153573026276155
85,0.1075,0,6,0,22333,654111,236,126020,5.1808310100114054,0.16153697263664693
86,0.1083,0,1,0,22334,654110,236,126020,5.180823089595742,0.1615371797008191
87,0.1085,0,1,0,22335,654109,236,126020,5.180815169180079,0.16153738676552212
88,0.1088,0,1,0,22336,654108,236,126020,5.180807248764415,0.16153759383075597
89,0.11,71,5177,71,27513,648931,307,125949,5.139803256874921,0.16254000619450754
90,0.1112,0,1,0,27514,648930,307,125949,5.139795336459257,0.1625402159562977
91,0.1125,0,15,0,27529,648915,307,125949,5.139676530224306,0.16254336244811993
92,0.1133,0,16,0,27545,648899,307,125949,5.139549803573692,0.1625467188403403
93,0.114,0,3,0,27548,648896,307,125949,5.139526042326701,0.1625473481793133
94,0.1142,0,3,0,27551,648893,307,125949,5.139502281079711,0.16254797752315955
95,0.1144,0,2,0,27553,648891,307,125949,5.139486440248384,0.16254839708843116
96,0.115,1,43,1,27596,648848,308,125948,5.139145862374858,0.16255633741010536
97,0.1157,0,3,0,27599,648845,308,125948,5.139122101127867,0.16255696682855936
98,0.116,1,1,1,27600,648844,309,125947,5.139114180712204,0.16255609577292457
99,0.1167,0,22,0,27622,648822,309,125947,5.1389399315676085,0.162560711644374
100,0.1175,0,15,0,27637,648807,309,125947,5.138821125332657,0.16256385897975356
101,0.1183,0,3,0,27640,648804,309,125947,5.138797364085667,0.16256448846145408
102,0.1186,0,1,0,27641,648803,309,125947,5.138789443670004,0.16256469828977088
103,0.1192,0,1,0,27642,648802,309,125947,5.13878152325434,0.1625649081186294
104,0.12,98,5593,98,33235,643209,407,125849,5.0944826384488655,0.16364045364588886
105,0.122,0,5,0,33240,643204,407,125849,5.094443036370548,0.1636415175547069
106,0.1225,0,11,0,33251,643193,407,125849,5.094355911798251,0.16364385820280297
107,0.1233,0,23,0,33274,643170,407,125849,5.0941737422379925,0.1636487525015637
108,0.1238,0,2,0,33276,643168,407,125849,5.094157901406666,0.16364917810659582
109,0.124,0,3,0,33279,643165,407,125849,5.094134140159675,0.16364981651829485
110,0.1243,0,1,0,33280,643164,407,125849,5.0941262197440125,0.16365002932330142
111,0.125,1,71,1,33351,643093,408,125848,5.09356387023191,0.163664052248482
112,0.1257,0,2,0,33353,643091,408,125848,5.093548029400583,0.1636644779364813
113,0.1258,0,1,0,33354,643090,408,125848,5.09354010898492,0.16366469078131138
114,0.126,0,5,0,33359,643085,408,125848,5.093500506906603,0.16366575501376582
115,0.1267,1,19,1,33378,643066,409,125847,5.093350019008998,0.16366871154473914
116,0.1273,0,1,0,33379,643065,409,125847,5.093342098593334,0.1636689244022723
117,0.1275,0,9,0,33388,643056,409,125847,5.093270814852364,0.16367084014498579
118,0.1279,0,1,0,33389,643055,409,125847,5.0932628944367,0.16367105300805565
119,0.128,0,2,0,33391,643053,409,125847,5.093247053605373,0.1636714787358564
120,0.1283,0,2,0,33393,643051,409,125847,5.093231212774047,0.16367190446587193
121,0.129,0,1,0,33394,643050,409,125847,5.093223292358383,0.16367211733171022
122,0.13,88,6251,88,39645,636799,497,125759,5.043712774046382,0.16491729153716833
123,0.131,0,1,0,39646,636798,497,125759,5.043704853630719,0.16491750780597386
124,0.1313,0,1,0,39647,636797,497,125759,5.043696933215055,0.1649177240753466
125,0.1317,0,2,0,39649,636795,497,125759,5.0436810923837285,0.16491815661579376
126,0.132,0,2,0,39651,636793,497,125759,5.043665251552402,0.16491858915850985
127,0.1325,0,12,0,39663,636781,497,125759,5.04357020656444,0.16492118446245443
128,0.1327,0,1,0,39664,636780,497,125759,5.043562286148777,0.16492140074147027
129,0.1333,0,45,0,39709,636735,497,125759,5.043205867443923,0.1649311338843322
130,0.1338,0,1,0,39710,636734,497,125759,5.04319794702826,0.16493135018944435
131,0.134,0,2,0,39712,636732,497,125759,5.043182106196933,0.16493178280137077
132,0.1343,0,2,0,39714,636730,497,125759,5.043166265365606,0.16493221541556666
133,0.135,3,69,3,39783,636661,500,125756,5.0426197566848305,0.1649438561836895
134,0.1357,0,1,0,39784,636660,500,125756,5.042611836269168,0.16494407252733415
135,0.136,0,6,0,39790,636654,500,125756,5.042564313775187,0.16494537060112013
136,0.1362,0,1,0,39791,636653,500,125756,5.042556393359524,0.16494558694873748
137,0.1367,0,23,0,39814,636630,500,125756,5.042374223799265,0.1649505631005816
138,0.1375,0,20,0,39834,636610,500,125756,5.042215815485997,0.164954890433204
139,0.138,0,2,0,39836,636608,500,125756,5.04219997465467,0.1649553231789539
140,0.1383,0,3,0,39839,636605,500,125756,5.0421762134076795,0.164955972301836
141,0.14,130,6752,130,46591,629853,630,125626,4.988697566848308,0.16628655462296107
142,0.1414,0,1,0,46592,629852,630,125626,4.988689646432645,0.1662867747307003
143,0.1417,0,2,0,46594,629850,630,125626,4.988673805601318,0.16628721494792686
144,0.142,0,4,0,46598,629846,630,125626,4.988642123938664,0.16628809538937248
145,0.1425,0,16,0,46614,629830,630,125626,4.98851539728805,0.16629161724839037
146,0.1429,0,1,0,46615,629829,630,125626,4.988507476872386,0.16629183736953226
147,0.1433,1,33,1,46648,629796,631,125625,4.988246103155493,0.1662979980699504
148,0.1438,0,1,0,46649,629795,631,125625,4.98823818273983,0.16629821820973764
149,0.144,0,4,0,46653,629791,631,125625,4.988206501077176,0.16629909877471485
150,0.145,0,82,0,46735,629709,631,125625,4.987557026992777,0.16631715241204553
151,0.146,0,6,0,46741,629703,631,125625,4.987509504498796,0.16631847356380275
152,0.1467,0,33,0,46774,629670,631,125625,4.987248130781904,0.1663257402736679
153,0.1475,0,21,0,46795,629649,631,125625,4.9870818020529715,0.1663303648742046
154,0.148,0,5,0,46800,629644,631,125625,4.987042199974654,0.16633146600747548
155,0.1483,0,3,0,46803,629641,631,125625,4.987018438727665,0.16633212669443614
156,0.1486,0,1,0,46804,629640,631,125625,4.987010518312001,0.16633234692458937
157,0.1488,0,1,0,46805,629639,631,125625,4.987002597896337,0.16633256715532582
158,0.15,132,7454,132,54259,622185,763,125493,4.927963819541249,0.16784364392158121
159,0.1517,0,2,0,54261,622183,763,125493,4.9279479787099225,0.16784409289585328
160,0.152,0,2,0,54263,622181,763,125493,4.927932137878596,0.16784454187252734
161,0.1525,1,15,1,54278,622166,764,125492,4.9278133316436445,0.16784679626246224
162,0.1529,0,2,0,54280,622164,764,125492,4.927797490812318,0.1678472452571771
163,0.153,0,1,0,54281,622163,764,125492,4.927789570396654,0.16784746975543532
164,0.1533,1,43,1,54324,622120,765,125491,4.927448992523128,0.16785601067935063
165,0.154,0,13,0,54337,622107,765,125491,4.927346027119503,0.1678589295316467
166,0.155,0,94,0,54431,622013,765,125491,4.926601508047142,0.16788003810013058
167,0.1557,0,1,0,54432,622012,765,125491,4.926593587631479,0.16788026268790895
168,0.156,0,5,0,54437,622007,765,125491,4.926553985553162,0.16788138563581442
169,0.1562,0,1,0,54438,622006,765,125491,4.926546065137498,0.16788161022719825
170,0.1567,2,40,2,54478,621966,767,125489,4.926229248510962,0.1678883678616104
171,0.1575,0,17,0,54495,621949,767,125489,4.926094601444684,0.16789218637532477
172,0.158,0,3,0,54498,621946,767,125489,4.926070840197694,0.16789286024871727
173,0.1583,0,2,0,54500,621944,767,125489,4.926054999366367,0.1678933095006509
174,0.16,174,7869,174,62369,614075,941,125315,4.863729248510962,0.16948430462949188
175,0.1607,0,1,0,62370,614074,941,125315,4.8637213280952984,0.1694845338515991
176,0.1614,0,1,0,62371,614073,941,125315,4.863713407679635,0.16948476307432633
177,0.1617,0,7,0,62378,614066,941,125315,4.863657964769991,0.16948636765077815
178,0.162,0,7,0,62385,614059,941,125315,4.863602521860347,0.16948797225761253
179,0.1625,0,14,0,62399,614045,941,125315,4.86349163604106,0.16949118156243237
180,0.163,0,1,0,62400,614044,941,125315,4.863483715625396,0.16949141080314165
181,0.1633,0,50,0,62450,613994,941,125315,4.863087694842226,0.1695028736292944
182,0.164,0,6,0,62456,613988,941,125315,4.863040172348245,0.1695042492726257
183,0.165,2,107,2,62563,613881,943,125313,4.86219268787226,0.16952653836475945
184,0.1655,1,1,1,62564,613880,944,125312,4.862184767456596,0.16952564421692876
185,0.1657,0,1,0,62565,613879,944,125312,4.862176847040932,0.16952587355636095
186,0.166,0,8,0,62573,613871,944,125312,4.862113483715626,0.1695277082941572
187,0.1667,1,50,1,62623,613821,945,125311,4.861717462932455,0.16953805274294714
188,0.1675,1,20,1,62643,613801,946,125310,4.861559054619186,0.16954151676811738
189,0.168,0,3,0,62646,613798,946,125310,4.861535293372196,0.1695422049281025
190,0.1683,0,5,0,62651,613793,946,125310,4.861495691293879,0.16954335187382544
191,0.1685,0,1,0,62652,613792,946,125310,4.861487770878216,0.16954358126483218
192,0.1686,0,1,0,62653,613791,946,125310,4.861479850462552,0.16954381065645968
193,0.1692,0,1,0,62654,613790,946,125310,4.861471930046889,0.16954404004870788
194,0.1693,0,1,0,62655,613789,946,125310,4.861464009631225,0.16954426944157683
195,0.17,201,8333,201,70988,605456,1147,125109,4.795463185907996,0.1712496492440782
196,0.171,0,1,0,70989,605455,1147,125109,4.7954552654923335,0.17124988365153498
197,0.1714,0,1,0,70990,605454,1147,125109,4.79544734507667,0.17125011805963347
198,0.1717,0,1,0,70991,605453,1147,125109,4.795439424661006,0.17125035246837367
199,0.172,0,2,0,70993,605451,1147,125109,4.795423583829679,0.17125082128777924
200,0.1725,1,20,1,71013,605431,1148,125108,4.795265175516411,0.17125437519420592
201,0.1733,0,53,0,71066,605378,1148,125108,4.79484539348625,0.17126680045887258
202,0.174,0,7,0,71073,605371,1148,125108,4.7947899505766065,0.17126844166635866
203,0.1743,0,1,0,71074,605370,1148,125108,4.794782030160943,0.17126867612713867
204,0.175,2,128,2,71202,605242,1150,125106,4.793768216956026,0.17129642307502724
205,0.1757,0,5,0,71207,605237,1150,125106,4.7937286148777085,0.17129759578718493
206,0.176,0,7,0,71214,605230,1150,125106,4.793673171968065,0.1712992376111817
207,0.1767,1,59,1,71273,605171,1151,125105,4.793205867443923,0.17131194233413122
208,0.1771,0,1,0,71274,605170,1151,125105,4.79319794702826,0.17131217691965356
209,0.1775,0,23,0,71297,605147,1151,125105,4.793015777468002,0.1713175725639916
210,0.178,0,1,0,71298,605146,1151,125105,4.793007857052338,0.1713178071649337
211,0.1783,0,3,0,71301,605143,1151,125105,4.792984095805348,0.17131851097161513
212,0.1788,0,1,0,71302,605142,1151,125105,4.7929761753896845,0.17131874557512733
213,0.1792,0,1,0,71303,605141,1151,125105,4.792968254974021,0.17131898017928204
214,0.18,234,8899,234,80202,596242,1385,124871,4.7224844759853,0.1731642613570966
215,0.1813,0,1,0,80203,596241,1385,124871,4.722476555569636,0.1731645014921399
216,0.1817,0,2,0,80205,596239,1385,124871,4.722460714738309,0.1731649817642246
217,0.182,0,4,0,80209,596235,1385,124871,4.722429033075656,0.1731659423163862
218,0.1825,0,16,0,80225,596219,1385,124871,4.722302306425041,0.17316978463159938
219,0.1833,2,60,2,80285,596159,1387,124869,4.7218270814852366,0.17318190139633968
220,0.184,0,10,0,80295,596149,1387,124869,4.721747877328602,0.17318430330449447
221,0.1842,0,1,0,80296,596148,1387,124869,4.721739956912939,0.17318454349897436
222,0.1843,0,1,0,80297,596147,1387,124869,4.721732036497276,0.17318478369412052
223,0.1844,0,1,0,80298,596146,1387,124869,4.721724116081612,0.17318502388993295
224,0.1847,0,1,0,80299,596145,1387,124869,4.721716195665948,0.17318526408641163
225,0.185,3,146,3,80445,595999,1390,124866,4.72055981497909,0.173216899142003
226,0.1857,0,2,0,80447,595997,1390,124866,4.7205439741477635,0.17321737972402523
227,0.1858,0,1,0,80448,595996,1390,124866,4.7205360537321,0.17321762001603636
228,0.186,0,9,0,80457,595987,1390,124866,4.720464769991129,0.17321978267413746
229,0.1862,0,1,0,80458,595986,1390,124866,4.7204568495754655,0.1732200229728155
230,0.1867,1,59,1,80517,595927,1391,124865,4.719989545051324,0.17323305475088513
231,0.1871,0,1,0,80518,595926,1391,124865,4.719981624635661,0.1732332950883127
232,0.1873,0,1,0,80519,595925,1391,124865,4.719973704219997,0.17323353542640713
233,0.1875,0,23,0,80542,595902,1391,124865,4.7197915346597386,0.17323906338664227
234,0.188,0,4,0,80546,595898,1391,124865,4.719759852997085,0.17324002480704476
235,0.1883,0,6,0,80552,595892,1391,124865,4.719712330503105,0.17324146695765702
236,0.1892,0,1,0,80553,595891,1391,124865,4.7197044100874415,0.17324170731842675
237,0.19,255,9390,255,89943,586501,1646,124610,4.645331707007983,0.17523283988013122
238,0.1907,0,1,0,89944,586500,1646,124610,4.6453237865923205,0.17523308630169734
239,0.1908,0,1,0,89945,586499,1646,124610,4.645315866176657,0.17523333272395653
240,0.1917,0,6,0,89951,586493,1646,124610,4.645268343682677,0.17523481127206608
241,0.192,0,5,0,89956,586488,1646,124610,4.64522874160436,0.17523604341455046
242,0.1925,1,17,1,89973,586471,1647,124609,4.645094094538082,0.17523907295944197
243,0.193,0,1,0,89974,586470,1647,124609,4.645086174122418,0.17523931940051668
244,0.1933,1,72,1,90046,586398,1648,124608,4.644515904194652,0.1752559050134598
245,0.194,1,7,1,90053,586391,1649,124607,4.644460461285008,0.17525647048233609
246,0.1943,0,1,0,90054,586390,1649,124607,4.644452540869345,0.1752567169763023
247,0.195,0,130,0,90184,586260,1649,124607,4.643422886833101,0.17528876709708005
248,0.1958,0,1,0,90185,586259,1649,124607,4.643414966417438,0.17528901368190347
249,0.196,0,14,0,90199,586245,1649,124607,4.64330408059815,0.1752924659422777
250,0.1962,0,1,0,90200,586244,1649,124607,4.643296160182486,0.17529271253750786
251,0.1967,0,57,0,90257,586187,1649,124607,4.6428446964896715,0.1753067696125741
252,0.1971,0,1,0,90258,586186,1649,124607,4.642836776074009,0.1753070162480497
253,0.1975,0,21,0,90279,586165,1649,124607,4.642670447345076,0.1753121957533499
254,0.198,0,6,0,90285,586159,1649,124607,4.642622924851096,0.17531367566822273
255,0.1983,1,5,1,90290,586154,1650,124606,4.642583322772779,0.17531374866340255
256,0.1986,0,1,0,90291,586153,1650,124606,4.6425754023571155,0.1753139953204954
257,0.2,285,9884,285,100175,576269,1935,124321,4.564290013939932,0.17745186200202687
258,0.2007,0,2,0,100177,576267,1935,124321,4.564274173108605,0.17745236858181984
259,0.2013,0,1,0,100178,576266,1935,124321,4.564266252692941,0.17745262187280095
260,0.2014,0,1,0,100179,576265,1935,124321,4.564258332277278,0.17745287516450514
261,0.2017,0,8,0,100187,576257,1935,124321,4.564194968951971,0.17745490152417004
262,0.202,0,6,0,100193,576251,1935,124321,4.56414744645799,0.1774564213242893
263,0.2025,0,27,0,100220,576224,1935,124321,4.563933595235078,0.17746326074698984
264,0.2033,4,72,4,100292,576152,1939,124317,4.5633633253073125,0.17747680482648054
265,0.204,1,9,1,100301,576143,1940,124316,4.563292041566341,0.17747791091270154
266,0.2043,0,1,0,100302,576142,1940,124316,4.563284121150678,0.17747816428679522
267,0.205,5,152,5,100454,575990,1945,124311,4.562080217969839,0.17751081320746365
268,0.2057,0,1,0,100455,575989,1945,124311,4.562072297554176,0.17751106668570613
269,0.206,0,8,0,100463,575981,1945,124311,4.562008934228868,0.17751309453770714
270,0.2067,0,57,0,100520,575924,1945,124311,4.561557470536053,0.17752754432440537
271,0.2075,1,27,1,100547,575897,1946,124310,4.561343619313141,0.1775332151777974
272,0.208,1,7,1,100554,575890,1947,124309,4.561288176403497,0.17753381538676863
273,0.2083,0,5,0,100559,575885,1947,124309,4.56124857432518,0.17753508313410282
274,0.2086,0,1,0,100560,575884,1947,124309,4.561240653909517,0.17753533668574237
275,0.21,292,10093,292,110653,565791,2239,124017,4.48129989861868,0.17978480968617355
276,0.2107,0,1,0,110654,565790,2239,124017,4.481291978203016,0.17978507031676977
277,0.2108,0,1,0,110655,565789,2239,124017,4.481284057787352,0.17978533094812166
278,0.211,0,1,0,110656,565788,2239,124017,4.481276137371689,0.1797855915802292
279,0.2117,0,3,0,110659,565785,2239,124017,4.481252376124699,0.17978637348108586
280,0.212,0,5,0,110664,565780,2239,124017,4.481212774046382,0.179787676664294
281,0.2124,0,1,0,110665,565779,2239,124017,4.481204853630719,0.1797879373032027
282,0.2125,2,29,2,110694,565750,2241,124015,4.480975161576479,0.1797931179459671
283,0.213,0,1,0,110695,565749,2241,124015,4.480967241160816,0.17979337860485614
284,0.2133,3,62,3,110757,565687,2244,124012,4.4804761753896845,0.17980597333039486
285,0.214,0,13,0,110770,565674,2244,124012,4.48037320998606,0.1798093625214953
286,0.2143,0,3,0,110773,565671,2244,124012,4.48034944873907,0.17981014466066295
287,0.215,1,181,1,110954,565490,2245,124011,4.478915853503992,0.17985615684386244
288,0.216,0,13,0,110967,565477,2245,124011,4.478812888100368,0.17985954795442416
289,0.2167,1,74,1,111041,565403,2246,124010,4.478226777341275,0.17987766404172825
290,0.2171,0,1,0,111042,565402,2246,124010,4.478218856925611,0.1798779249563396
291,0.2173,0,1,0,111043,565401,2246,124010,4.478210936509948,0.17987818587170787
292,0.2175,3,27,3,111070,565374,2249,124007,4.477997085287035,0.1798816619547101
293,0.218,0,5,0,111075,565369,2249,124007,4.477957483208719,0.17988296662488976
294,0.2183,0,6,0,111081,565363,2249,124007,4.477909960714738,0.17988453225408707
295,0.2192,0,2,0,111083,565361,2249,124007,4.477894119883412,0.17988505413654246
296,0.2195,0,1,0,111084,565360,2249,124007,4.477886199467748,0.17988531507890573
297,0.22,334,10671,334,121755,554689,2583,123673,4.393367443923457,0.18231121436637077
298,0.2207,1,1,1,121756,554688,2584,123672,4.393359523507794,0.18231027772863967
299,0.221,0,2,0,121758,554686,2584,123672,4.393343682676467,0.18231081523325443
300,0.2217,0,3,0,121761,554683,2584,123672,4.393319921429477,0.1823116214961193
301,0.222,0,4,0,121765,554679,2584,123672,4.393288239766823,0.1823126965243657
302,0.2225,0,35,0,121800,554644,2584,123672,4.393011025218604,0.18232210356235148
303,0.2229,0,2,0,121802,554642,2584,123672,4.392995184387277,0.1823226411367007
304,0.223,0,1,0,121803,554641,2584,123672,4.392987263971613,0.18232290992506409
305,0.2233,2,91,2,121894,554550,2586,123670,4.3922665061462425,0.1823449618118015
306,0.2236,0,1,0,121895,554549,2586,123670,4.392258585730579,0.1823452306703292
307,0.2238,0,2,0,121897,554547,2586,123670,4.392242744899252,0.18234576838976316
308,0.224,0,14,0,121911,554533,2586,123670,4.3921318590799645,0.1823495325146011
309,0.225,3,184,3,122095,554349,2589,123667,4.390674502597896,0.1823954006985086
310,0.2253,0,1,0,122096,554348,2589,123667,4.390666582182233,0.182395669712322
311,0.2257,0,1,0,122097,554347,2589,123667,4.39065866176657,0.18239593872692894
312,0.226,0,10,0,122107,554337,2589,123667,4.3905794576099355,0.18239862891664355
313,0.2262,0,2,0,122109,554335,2589,123667,4.390563616778609,0.18239916696410924
314,0.2267,3,87,3,122196,554248,2592,123664,4.389874540615891,0.18241895703277122
315,0.227,0,1,0,122197,554247,2592,123664,4.389866620200228,0.1824192261226031
316,0.2271,0,1,0,122198,554246,2592,123664,4.389858699784565,0.1824194952132289
317,0.2273,0,1,0,122199,554245,2592,123664,4.389850779368901,0.18241976430464857
318,0.2275,0,26,0,122225,554219,2592,123664,4.389644848561653,0.1824267609602247
319,0.228,0,4,0,122229,554215,2592,123664,4.389613166898999,0.18242783741641208
320,0.2283,0,3,0,122232,554212,2592,123664,4.389589405652009,0.18242864476688953
321,0.2286,0,2,0,122234,554210,2592,123664,4.389573564820682,0.18242918300451116
322,0.2287,0,1,0,122235,554209,2592,123664,4.389565644405018,0.182429452124513
323,0.229,0,2,0,122237,554207,2592,123664,4.389549803573692,0.18242999036689872
324,0.2293,0,2,0,122239,554205,2592,123664,4.389533962742365,0.1824305286124605
325,0.23,349,11120,349,133359,543085,2941,123315,4.301458940565201,0.18504651860744298
326,0.2308,0,2,0,133361,543083,2941,123315,4.301443099733874,0.18504707397081024
327,0.2317,0,5,0,133366,543078,2941,123315,4.301403497655557,0.18504846239381267
328,0.232,0,5,0,133371,543073,2941,123315,4.30136389557724,0.18504985083765013
329,0.2325,1,32,1,133403,543041,2942,123314,4.301110442276011,0.18505751438797638
330,0.233,0,1,0,133404,543040,2942,123314,4.301102521860347,0.18505779210449702
331,0.2333,3,76,3,133480,542964,2945,123311,4.300500570269928,0.18507523169862294
332,0.2338,0,1,0,133481,542963,2945,123311,4.300492649854264,0.18507550947508083
333,0.234,1,7,1,133488,542956,2946,123310,4.30043720694462,0.18507623081471963
334,0.2342,0,2,0,133490,542954,2946,123310,4.3004213661132935,0.1850767863789729
335,0.2343,0,4,0,133494,542950,2946,123310,4.30038968445064,0.18507789751748566
336,0.2344,0,1,0,133495,542949,2946,123310,4.300381764034976,0.1850781753041985
337,0.235,7,195,7,133690,542754,2953,123303,4.298837282980611,0.18512379571117787
338,0.2357,0,2,0,133692,542752,2953,123303,4.298821442149284,0.1851243515925862
339,0.236,0,23,0,133715,542729,2953,123303,4.298639272589026,0.18513074446873423
340,0.2367,1,78,1,133793,542651,2954,123302,4.29802148016728,0.18515120436427196
341,0.237,0,1,0,133794,542650,2954,123302,4.298013559751616,0.18515148238912113
342,0.2375,1,29,1,133823,542621,2955,123301,4.297783867697377,0.18515832184550143
343,0.238,0,7,0,133830,542614,2955,123301,4.297728424787733,0.1851602682023982
344,0.2383,0,10,0,133840,542604,2955,123301,4.297649220631099,0.18516304878323483
345,0.2386,0,1,0,133841,542603,2955,123301,4.297641300215435,0.18516332684591172
346,0.24,408,11412,408,145253,531191,3363,122893,4.207253516664554,0.18788565383039488
347,0.2408,0,1,0,145254,531190,3363,122893,4.2072455962488915,0.187885941080872
348,0.2417,0,10,0,145264,531180,3363,122893,4.207166392092257,0.18788881363395218
349,0.242,0,12,0,145276,531168,3363,122893,4.207071347104296,0.18789226081359384
350,0.2425,0,28,0,145304,531140,3363,122893,4.2068495754657205,0.18790030472468514
351,0.2433,4,90,4,145394,531050,3367,122889,4.2061367380560135,0.18792119754289008
352,0.2438,0,1,0,145395,531049,3367,122889,4.20612881764035,0.1879214849114136
353,0.244,0,14,0,145409,531035,3367,122889,4.206017931821062,0.1879255081630281
354,0.2442,0,1,0,145410,531034,3367,122889,4.206010011405398,0.1879257955447354
355,0.245,4,183,4,145593,530851,3371,122885,4.204560575338994,0.18797343270066205
356,0.246,0,15,0,145608,530836,3371,122885,4.204441769104043,0.18797774585794247
357,0.2467,2,100,2,145708,530736,3373,122883,4.203649727537702,0.18800402069095298
358,0.2475,2,27,2,145735,530709,3375,122881,4.203435876314789,0.188009302467908
359,0.2478,0,1,0,145736,530708,3375,122881,4.203427955899126,0.1880095901246808
360,0.248,0,5,0,145741,530703,3375,122881,4.2033883538208086,0.18801102842174838
361,0.2483,0,4,0,145745,530699,3375,122881,4.203356672158155,0.1880121790752471
362,0.2486,0,1,0,145746,530698,3375,122881,4.2033487517424915,0.18801246674082245
363,0.25,441,11675,441,157421,519023,3816,122440,4.110877898872133,0.1908761690074096
364,0.2515,0,1,0,157422,519022,3816,122440,4.11086997845647,0.19087646657167534
365,0.2517,0,6,0,157428,519016,3816,122440,4.110822455962489,0.1908782519767529
366,0.252,0,8,0,157436,519008,3816,122440,4.110759092637181,0.19088063256881305
367,0.2525,2,30,2,157466,518978,3818,122438,4.11052148016728,0.19088703742968682
368,0.2529,0,1,0,157467,518977,3818,122438,4.110513559751616,0.19088733503270114
369,0.2533,4,73,4,157540,518904,3822,122434,4.109935369408187,0.19090401629094175
370,0.2537,0,1,0,157541,518903,3822,122434,4.109927448992523,0.190904313956625
371,0.254,0,12,0,157553,518891,3822,122434,4.109832404004562,0.19090788601722997
372,0.2542,0,2,0,157555,518889,3822,122434,4.1098165631732355,0.1909084813736604
373,0.2543,0,1,0,157556,518888,3822,122434,4.109808642757572,0.19090877905326809
374,0.255,4,231,4,157787,518657,3826,122430,4.107979026739323,0.19097252011037502
375,0.2558,0,1,0,157788,518656,3826,122430,4.10797110632366,0.19097281799945717
376,0.256,1,16,1,157804,518640,3827,122429,4.107844379673045,0.19097632236155546
377,0.2562,0,1,0,157805,518639,3827,122429,4.107836459257382,0.1909766202649329
378,0.2563,0,1,0,157806,518638,3827,122429,4.107828538841718,0.19097691816923973
379,0.2567,2,86,2,157892,518552,3829,122427,4.107147383094665,0.19100001716124865
380,0.257,0,1,0,157893,518551,3829,122427,4.107139462679001,0.19100031514342145
381,0.2571,0,1,0,157894,518550,3829,122427,4.107131542263338,0.19100061312652403
382,0.2575,2,23,2,157917,518527,3831,122425,4.106949372703079,0.19100494264781137
383,0.258,1,6,1,157923,518521,3832,122424,4.106901850209099,0.1910054684879358
384,0.2583,0,6,0,157929,518515,3832,122424,4.106854327715118,0.19100725654079406
385,0.2586,0,1,0,157930,518514,3832,122424,4.1068464072994555,0.19100755455285848
386,0.259,0,4,0,157934,518510,3832,122424,4.106814725636801,0.19100874661041542
387,0.2592,0,4,0,157938,518506,3832,122424,4.106783043974148,0.1910099386828515
388,0.2593,0,1,0,157939,518505,3832,122424,4.106775123558484,0.19101023670328537
389,0.26,507,12009,507,169948,506496,4339,121917,4.011658851856545,0.19400776241102588
390,0.2603,0,1,0,169949,506495,4339,121917,4.011650931440882,0.1940080711380432
391,0.2608,0,2,0,169951,506493,4339,121917,4.0116350906095555,0.19400868859502554
392,0.261,1,2,1,169953,506491,4340,121916,4.011619249778228,0.1940080234625012
393,0.2614,0,1,0,169954,506490,4340,121916,4.011611329362565,0.19400833219288166
394,0.2617,1,4,1,169958,506486,4341,121915,4.011579647699912,0.19400828451896163
395,0.262,0,6,0,169964,506480,4341,121915,4.011532125205931,0.19401013693616276
396,0.2621,0,1,0,169965,506479,4341,121915,4.011524204790267,0.1940104456758021
397,0.2625,1,36,1,170001,506443,4342,121914,4.0112390698263845,0.1940202782812955
398,0.2629,0,2,0,170003,506441,4342,121914,4.011223228995058,0.19402089583117824
399,0.2633,2,94,2,170097,506347,4344,121912,4.010478709922697,0.1940473594488897
400,0.264,3,14,3,170111,506333,4347,121909,4.010367824103409,0.1940478350699253
401,0.265,7,254,7,170365,506079,4354,121902,4.0083560385249015,0.19411733794493782
402,0.2657,0,5,0,170370,506074,4354,121902,4.008316436446584,0.1941188835242111
403,0.266,0,15,0,170385,506059,4354,121902,4.008197630211633,0.19412352040970698
404,0.2663,0,1,0,170386,506058,4354,121902,4.00818970979597,0.194123829543283
405,0.2667,3,89,3,170475,505969,4357,121899,4.007484792801926,0.1941474959704906
406,0.2671,0,2,0,170477,505967,4357,121899,4.0074689519705995,0.1941481144065772
407,0.2673,0,1,0,170478,505966,4357,121899,4.007461031554936,0.19414842362609797
408,0.2675,0,49,0,170527,505917,4357,121899,4.0070729311874285,0.19416357658931915
409,0.268,1,11,1,170538,505906,4358,121898,4.006985806615131,0.19416569502583608
410,0.2683,0,5,0,170543,505901,4358,121898,4.006946204536814,0.1941672414259978
411,0.2686,0,1,0,170544,505900,4358,121898,4.0069382841211505,0.194167550708986
412,0.269,0,1,0,170545,505899,4358,121898,4.006930363705488,0.19416785999295952
413,0.2692,0,2,0,170547,505897,4358,121898,4.00691452287416,0.1941684785638624
414,0.27,494,12153,494,182700,493744,4852,121404,3.91065771131669,0.19735738391411498
415,0.2708,0,2,0,182702,493742,4852,121404,3.910641870485363,0.19735802557441648
416,0.2713,1,0,1,182702,493742,4853,121403,3.910641870485363,0.19735672077315106
417,0.2717,0,7,0,182709,493735,4853,121403,3.910586427575719,0.1973589666058673
418,0.272,1,4,1,182713,493731,4854,121402,3.9105547459130654,0.1973589451386936
419,0.2725,2,40,2,182753,493691,4856,121400,3.910237929286529,0.1973691697651242
420,0.2727,0,1,0,182754,493690,4856,121400,3.9102300088708657,0.19736949064364565
421,0.2729,0,2,0,182756,493688,4856,121400,3.9102141680395386,0.19737013240381865
422,0.2733,8,97,8,182853,493591,4864,121392,3.9094458877201874,0.1973908221853287
423,0.2738,0,1,0,182854,493590,4864,121392,3.909437967304524,0.19739114315540943
424,0.274,2,17,2,182871,493573,4866,121390,3.909303320238246,0.1973939895570953
425,0.2742,0,1,0,182872,493572,4866,121390,3.909295399822583,0.19739431054276524
426,0.2744,0,1,0,182873,493571,4866,121390,3.9092874794069195,0.19739463152947911
427,0.275,8,273,8,183146,493298,4874,121382,3.9071252059308073,0.19747185527428907
428,0.2757,0,3,0,183149,493295,4874,121382,3.907101444683817,0.1974728190578141
429,0.2758,0,4,0,183153,493291,4874,121382,3.9070697630211635,0.19747410411714847
430,0.276,1,17,1,183170,493274,4875,121381,3.9069351159548855,0.19747826016220482
431,0.2764,0,1,0,183171,493273,4875,121381,3.9069271955392217,0.19747858144582156
432,0.2765,0,1,0,183172,493272,4875,121381,3.9069192751235584,0.1974789027304837
433,0.2767,11,96,11,183268,493176,4886,121370,3.9061589152198706,0.19749538683841406
434,0.2771,0,2,0,183270,493174,4886,121370,3.906143074388544,0.19749602957640136
435,0.2773,0,1,0,183271,493173,4886,121370,3.9061351539728806,0.19749635094696383
436,0.2775,2,41,2,183312,493132,4888,121368,3.9058104169306804,0.19750691619202604
437,0.2776,0,1,0,183313,493131,4888,121368,3.905802496515017,0.19750723760331587
438,0.2778,0,1,0,183314,493130,4888,121368,3.9057945760993538,0.1975075590156518
439,0.278,0,11,0,183325,493119,4888,121368,3.9057074515270562,0.19751109462039065
440,0.2783,0,12,0,183337,493107,4888,121368,3.9056124065390954,0.1975149517881118
441,0.2786,0,1,0,183338,493106,4888,121368,3.9056044861234316,0.1975152732255555
442,0.2788,0,1,0,183339,493105,4888,121368,3.9055965657077683,0.19751559466404545
443,0.279,0,1,0,183340,493104,4888,121368,3.905588645292105,0.1975159161035816
444,0.2792,0,1,0,183341,493103,4888,121368,3.9055807248764416,0.197516237544164
445,0.2793,1,1,1,183342,493102,4889,121367,3.9055728044607783,0.1975152530070679
446,0.28,590,12556,590,195898,480546,5479,120777,3.806124065390952,0.20085212107303396
447,0.2807,0,2,0,195900,480544,5479,120777,3.8061082245596247,0.200852789109311
448,0.2808,0,1,0,195901,480543,5479,120777,3.8061003041439614,0.20085312312911593
449,0.281,0,4,0,195905,480539,5479,120777,3.8060686224813076,0.20085445921944536
450,0.2813,0,1,0,195906,480538,5479,120777,3.8060607020656443,0.20085479324480512
451,0.2817,0,15,0,195921,480523,5479,120777,3.805941895830693,0.2008598037585232
452,0.282,0,17,0,195938,480506,5479,120777,3.805807248764415,0.20086548264294848
453,0.2823,0,1,0,195939,480505,5479,120777,3.8057993283487517,0.2008658167049737
454,0.2825,4,35,4,195974,480470,5483,120773,3.8055221138005324,0.20087219310661414
455,0.2829,0,2,0,195976,480468,5483,120773,3.8055062729692053,0.2008728612985475
456,0.2833,9,110,9,196086,480358,5492,120764,3.80463502724623,0.20089765471900878
457,0.2836,0,1,0,196087,480357,5492,120764,3.8046271068305666,0.20089798892402694
458,0.284,0,13,0,196100,480344,5492,120764,3.804524141426942,0.20090233369045163
459,0.2843,0,2,0,196102,480342,5492,120764,3.8045083005956153,0.20090300213273532
460,0.2845,0,1,0,196103,480341,5492,120764,3.804500380179952,0.2009033363555452
461,0.285,8,244,8,196347,480097,5500,120756,3.802567798758079,0.20097428156304453
462,0.2857,0,2,0,196349,480095,5500,120756,3.802551957926752,0.20097495052850042
463,0.2858,0,1,0,196350,480094,5500,120756,3.8025440375110886,0.20097528501289838
464,0.286,0,13,0,196363,480081,5500,120756,3.8024410721074644,0.2009796334113911
465,0.2867,6,104,6,196467,479977,5506,120750,3.801617348878469,0.20100644718815702
466,0.287,0,1,0,196468,479976,5506,120750,3.8016094284628057,0.20100678179402923
467,0.2871,0,2,0,196470,479974,5506,120750,3.801593587631479,0.20100745100911566
468,0.2875,1,51,1,196521,479923,5507,120749,3.8011896464326447,0.20102318736348623
469,0.288,1,9,1,196530,479914,5508,120748,3.8011183626916742,0.20102486922761886
470,0.2883,0,8,0,196538,479906,5508,120748,3.8010549993663667,0.20102754664082817
471,0.2886,1,2,1,196540,479904,5509,120747,3.80103915853504,0.20102688582887568
472,0.2888,0,3,0,196543,479901,5509,120747,3.8010153972880496,0.20102788987893075
473,0.2893,0,2,0,196545,479899,5509,120747,3.800999556456723,0.2010285592512062
474,0.29,662,12574,662,209119,467325,6171,120085,3.701408249904955,0.20443131713794455
475,0.2908,0,2,0,209121,467323,6171,120085,3.701392409073628,0.20443201318334106
476,0.291,0,1,0,209122,467322,6171,120085,3.7013844886579648,0.20443236120781672
477,0.2917,0,9,0,209131,467313,6171,120085,3.701313204916994,0.20443549348142145
478,0.292,1,12,1,209143,467301,6172,120084,3.701218159929033,0.2044383155851784
479,0.2925,0,39,0,209182,467262,6172,120084,3.70090926371816,0.20445189036785813
480,0.2927,0,2,0,209184,467260,6172,120084,3.7008934228868333,0.20445258655915444
481,0.2929,0,1,0,209185,467259,6172,120084,3.7008855024711695,0.20445293465658057
482,0.293,0,1,0,209186,467258,6172,120084,3.700877582055506,0.20445328275519203
483,0.2933,5,103,5,209289,467155,6177,120079,3.7000617792421746,0.2044823698900268
484,0.2938,0,4,0,209293,467151,6177,120079,3.700030097579521,0.20448376275054067
485,0.294,1,16,1,209309,467135,6178,120078,3.699903370928906,0.20448797965985085
486,0.2942,0,1,0,209310,467134,6178,120078,3.699895450513243,0.2044883278952065
487,0.2943,0,8,0,209318,467126,6178,120078,3.6998320871879358,0.20449111382075055
488,0.2947,0,2,0,209320,467124,6178,120078,3.6998162463566087,0.20449181031399757
489,0.295,13,270,13,209590,466854,6191,120065,3.697677734127487,0.20456826240077422
490,0.2953,0,1,0,209591,466853,6191,120065,3.6976698137118236,0.2045686109473555
491,0.2956,0,1,0,209592,466852,6191,120065,3.6976618932961602,0.20456895949512452
492,0.2958,0,1,0,209593,466851,6191,120065,3.697653972880497,0.20456930804408127
493,0.296,2,20,2,209613,466831,6193,120063,3.6974955645672285,0.20457356865123855
494,0.2962,0,1,0,209614,466830,6193,120063,3.697487644151565,0.20457391722170823
495,0.2967,3,89,3,209703,466741,6196,120060,3.696782727157521,0.20460087832161158
496,0.2971,0,4,0,209707,466737,6196,120060,3.6967510454948678,0.20460227301775571
497,0.2973,0,2,0,209709,466735,6196,120060,3.6967352046635407,0.2046029703729582
498,0.2975,1,41,1,209750,466694,6197,120059,3.696410467621341,0.20461591163573087
499,0.2977,0,1,0,209751,466693,6197,120059,3.696402547205677,0.20461626036212915
500,0.298,1,11,1,209762,466682,6198,120058,3.6963154226333796,0.20461874083921328
501,0.2983,0,6,0,209768,466676,6198,120058,3.696267900139399,0.20462083329072459
502,0.2986,0,2,0,209770,466674,6198,120058,3.6962520593080725,0.20462153078407178
503,0.2988,0,1,0,209771,466673,6198,120058,3.696244138892409,0.20462187953252853
504,0.2992,0,1,0,209772,466672,6198,120058,3.6962362184767454,0.20462222828217408
505,0.2993,0,1,0,209773,466671,6198,120058,3.696228298061082,0.20462257703300843
506,0.3,759,12853,759,222626,453818,6957,119299,3.5944271955392217,0.20815819457458076
507,0.3003,0,1,0,222627,453817,6957,119299,3.5944192751235584,0.20815855777887898
508,0.3007,1,0,1,222627,453817,6958,119298,3.5944192751235584,0.20815717613393472
509,0.3008,0,2,0,222629,453815,6958,119298,3.5944034342922317,0.20815790254277952
510,0.301,0,2,0,222631,453813,6958,119298,3.5943875934609046,0.20815862895669426
511,0.3017,0,7,0,222638,453806,6958,119298,3.594332150551261,0.2081611714453223
512,0.302,0,11,0,222649,453795,6958,119298,3.5942450259789633,0.20816516691008266
513,0.3021,0,1,0,222650,453794,6958,119298,3.5942371055633,0.20816553014175734
514,0.3023,0,1,0,222651,453793,6958,119298,3.5942291851476367,0.20816589337469965
515,0.3024,0,1,0,222652,453792,6958,119298,3.5942212647319733,0.20816625660890958
516,0.3025,4,42,4,222694,453750,6962,119294,3.59388860727411,0.2081759864862035
517,0.303,0,1,0,222695,453749,6962,119294,3.5938806868584465,0.20817634976781846
518,0.3033,6,127,6,222822,453622,6968,119288,3.5928747940691927,0.20821420467438168
519,0.304,0,19,0,222841,453603,6968,119288,3.5927243061715877,0.20822111012391536
520,0.3042,0,1,0,222842,453602,6968,119288,3.5927163857559243,0.2082214735813158
521,0.305,18,263,18,223105,453339,6986,119270,3.590633316436447,0.20829222034582062
522,0.3057,0,1,0,223106,453338,6986,119270,3.590625396020783,0.2082925841064044
523,0.3058,0,1,0,223107,453337,6986,119270,3.5906174756051197,0.2082929478682587
524,0.306,1,22,1,223129,453315,6987,119269,3.5904432264605246,0.2082995682729521
525,0.3062,0,1,0,223130,453314,6987,119269,3.5904353060448613,0.20829993206225123
526,0.3067,5,112,5,223242,453202,6992,119264,3.589548219490559,0.2083337700404915
527,0.307,0,2,0,223244,453200,6992,119264,3.589532378659232,0.20833449788982364
528,0.3071,0,3,0,223247,453197,6992,119264,3.5895086174122417,0.20833558967335766
529,0.3073,0,3,0,223250,453194,6992,119264,3.5894848561652517,0.20833668146833478
530,0.3075,2,53,2,223303,453141,6994,119262,3.5890650741350907,0.20835320569598692
531,0.308,0,2,0,223305,453139,6994,119262,3.5890492333037636,0.20835393369333735
532,0.3083,2,15,2,223320,453124,6996,119260,3.5889304270688127,0.20835662771845476
533,0.3086,0,2,0,223322,453122,6996,119260,3.5889145862374856,0.2083573557519279
534,0.309,0,1,0,223323,453121,6996,119260,3.5889066658218223,0.2083577197705724
535,0.3092,0,2,0,223325,453119,6996,119260,3.5888908249904956,0.20835844781167723
536,0.3093,0,2,0,223327,453117,6996,119260,3.5888749841591685,0.2083591758578699
537,0.3094,0,1,0,223328,453116,6996,119260,3.588867063743505,0.2083595398828742
538,0.3096,0,1,0,223329,453115,6996,119260,3.588859143327842,0.20835990390915046
539,0.3097,0,1,0,223330,453114,6996,119260,3.5888512229121785,0.20836026793669873
540,0.31,712,12939,712,236269,440175,7708,118548,3.4863689646432645,0.21217669578664203
541,0.3108,0,1,0,236270,440174,7708,118548,3.486361044227601,0.21217707554025078
542,0.311,0,1,0,236271,440173,7708,118548,3.486353123811938,0.2121774552952189
543,0.3114,0,1,0,236272,440172,7708,118548,3.486345203396274,0.2121778350515464
544,0.3117,2,12,2,236284,440160,7710,118546,3.486250158408313,0.2121795720826338
545,0.312,0,7,0,236291,440153,7710,118546,3.4861947154986694,0.21218223050336585
546,0.3125,2,52,2,236343,440101,7712,118544,3.4857828538841718,0.21219916046863393
547,0.313,0,1,0,236344,440100,7712,118544,3.4857749334685084,0.2121995403154782
548,0.3133,7,121,7,236465,439979,7719,118537,3.4848165631732355,0.2122356387283444
549,0.3135,0,1,0,236466,439978,7719,118537,3.4848086427575717,0.2122360187282347
550,0.3137,0,1,0,236467,439977,7719,118537,3.4848007223419084,0.21223639872948574
551,0.314,1,23,1,236490,439954,7720,118536,3.48461855278165,0.21224372862540064
552,0.3143,1,1,1,236491,439953,7721,118535,3.4846106323659867,0.2122426981421266
553,0.3147,0,1,0,236492,439952,7721,118535,3.4846027119503233,0.2122430781737086
554,0.315,15,297,15,236789,439655,7736,118520,3.4822503484982894,0.21233484122363058
555,0.3153,0,1,0,236790,439654,7736,118520,3.4822424280826256,0.21233522163339746
556,0.3157,0,2,0,236792,439652,7736,118520,3.482226587251299,0.21233598245702043
557,0.3158,0,1,0,236793,439651,7736,118520,3.4822186668356356,0.21233636287087648
558,0.316,0,25,0,236818,439626,7736,118520,3.48202065644405,0.21234587366029678
559,0.3167,4,125,4,236943,439501,7740,118516,3.4810306044861234,0.21238779463708096
560,0.317,0,1,0,236944,439500,7740,118516,3.48102268407046,0.21238817524945522
561,0.3171,1,0,1,236944,439500,7741,118515,3.48102268407046,0.21238676379667212
562,0.3173,0,1,0,236945,439499,7741,118515,3.481014763654797,0.21238714440856324
563,0.3175,2,45,2,236990,439454,7743,118513,3.480658344949943,0.21240145026497984
564,0.318,0,13,0,237003,439441,7743,118513,3.4805553795463187,0.2124063990938321
565,0.3183,0,6,0,237009,439435,7743,118513,3.4805078570523382,0.21240868324646742
566,0.319,0,1,0,237010,439434,7743,118513,3.480499936636675,0.21240906394334946
567,0.3192,1,2,1,237012,439432,7744,118512,3.480484095805348,0.21240841374761624
568,0.3193,0,1,0,237013,439431,7744,118512,3.4804761753896845,0.21240879444674457
569,0.3197,0,1,0,237014,439430,7744,118512,3.480468254974021,0.21240917514723753
570,0.32,741,13357,741,250371,426073,8485,117771,3.3746752629578,0.21655290855465906
571,0.3207,0,3,0,250374,426070,8485,117771,3.37465150171081,0.21655410312940732
572,0.3208,0,1,0,250375,426069,8485,117771,3.3746435812951465,0.2165545013239188
573,0.321,0,1,0,250376,426068,8485,117771,3.3746356608794827,0.21655489951989468
574,0.3211,0,1,0,250377,426067,8485,117771,3.3746277404638194,0.21655529771733495
575,0.3212,0,1,0,250378,426066,8485,117771,3.374619820048156,0.2165556959162396
576,0.3217,0,11,0,250389,426055,8485,117771,3.3745326954758585,0.21656007620084367
577,0.322,0,6,0,250395,426049,8485,117771,3.374485172981878,0.21656246552167996
578,0.3225,0,53,0,250448,425996,8485,117771,3.374065390951717,0.21658357347908203
579,0.3229,0,2,0,250450,425994,8485,117771,3.3740495501203904,0.21658437008634246
580,0.323,0,1,0,250451,425993,8485,117771,3.374041629704727,0.21658476839217014
581,0.3233,8,107,8,250558,425886,8493,117763,3.3731941452287417,0.21661586795892201
582,0.3235,0,1,0,250559,425885,8493,117763,3.3731862248130784,0.21661626640767556
583,0.324,0,18,0,250577,425867,8493,117763,3.3730436573311366,0.21662343873590492
584,0.3242,1,0,1,250577,425867,8494,117762,3.3730436573311366,0.21662199772271162
585,0.3243,0,1,0,250578,425866,8494,117762,3.3730357369154733,0.2166223961973997
586,0.325,9,301,9,250879,425565,8503,117753,3.3706516918007856,0.21672942917407484
587,0.3253,0,1,0,250880,425564,8503,117753,3.3706437713851223,0.2167298280745863
588,0.3257,0,3,0,250883,425561,8503,117753,3.370620010138132,0.216731024784931
589,0.3258,0,2,0,250885,425559,8503,117753,3.370604169306805,0.21673182259916954
590,0.326,0,23,0,250908,425536,8503,117753,3.3704219997465468,0.2167409978851035
591,0.3262,0,2,0,250910,425534,8503,117753,3.3704061589152197,0.21674179577276836
592,0.3267,8,104,8,251014,425430,8511,117745,3.3695824356862247,0.21677175864132187
593,0.3271,0,2,0,251016,425428,8511,117745,3.369566594854898,0.2167725568097089
594,0.3273,0,2,0,251018,425426,8511,117745,3.369550754023571,0.21677335498397374
595,0.3275,3,49,3,251067,425377,8514,117742,3.3691626536560637,0.21678858592684108
596,0.3277,0,1,0,251068,425376,8514,117742,3.3691547332404004,0.21678898508243144
597,0.328,1,14,1,251082,425362,8515,117741,3.369043847421113,0.21679313132131475
598,0.3283,0,16,0,251098,425346,8515,117741,3.368917120770498,0.21679951830922117
599,0.3286,0,2,0,251100,425344,8515,117741,3.368901279939171,0.21680031670917074
600,0.3288,0,1,0,251101,425343,8515,117741,3.3688933595235078,0.21680071591135072
601,0.329,0,2,0,251103,425341,8515,117741,3.368877518692181,0.2168015143201211
602,0.3292,0,3,0,251106,425338,8515,117741,3.3688537574451907,0.21680271194430276
603,0.3293,0,4,0,251110,425334,8515,117741,3.368822075782537,0.21680430879712748
604,0.33,795,13385,795,264495,411949,9310,116946,3.2628073121277406,0.2211138316679114
605,0.3305,0,1,0,264496,411948,9310,116946,3.2627993917120772,0.22111424973624205
606,0.331,0,1,0,264497,411947,9310,116946,3.2627914712964134,0.2211146678061536
607,0.3317,0,7,0,264504,411940,9310,116946,3.2627360283867697,0.22111759433980102
608,0.3318,0,1,0,264505,411939,9310,116946,3.2627281079711064,0.22111801242236026
609,0.332,0,13,0,264518,411926,9310,116946,3.262625142567482,0.22112344763950445
610,0.3325,3,60,3,264578,411866,9313,116943,3.262149917627677,0.22114411819768573
611,0.3327,0,1,0,264579,411865,9313,116943,3.2621419972120136,0.22114453639128
612,0.3329,0,2,0,264581,411863,9313,116943,3.262126156380687,0.2211453727832135
613,0.3333,7,125,7,264706,411738,9320,116936,3.2611361044227603,0.2211873479686915
614,0.3338,0,1,0,264707,411737,9320,116936,3.2611281840070965,0.22118776635084447
615,0.334,1,24,1,264731,411713,9321,116935,3.2609380940311747,0.2211963348012288
616,0.3342,0,2,0,264733,411711,9321,116935,3.260922253199848,0.221197171642271
617,0.3343,0,3,0,264736,411708,9321,116935,3.2608984919528576,0.22119842691570682
618,0.335,29,260,29,264996,411448,9350,116906,3.25883918388037,0.22126453097733717
619,0.3357,0,4,0,265000,411444,9350,116906,3.2588075022177163,0.2212662061133718
620,0.3358,0,3,0,265003,411441,9350,116906,3.2587837409707263,0.22126746248204304
621,0.336,0,21,0,265024,411420,9350,116906,3.2586174122417946,0.2212762574622487
622,0.3362,0,1,0,265025,411419,9350,116906,3.2586094918261312,0.22127667628826952
623,0.3367,4,123,4,265148,411296,9354,116902,3.2576352806995312,0.2213223071651161
624,0.337,0,1,0,265149,411295,9354,116902,3.257627360283868,0.2213227261798155
625,0.3371,0,2,0,265151,411293,9354,116902,3.257611519452541,0.221323564213974
626,0.3373,0,1,0,265152,411292,9354,116902,3.2576035990368775,0.22132398323343316
627,0.3375,1,52,1,265204,411240,9355,116901,3.2571917374223798,0.22134430010167738
628,0.338,1,6,1,265210,411234,9356,116900,3.2571442149283993,0.22134534038709872
629,0.3383,2,7,2,265217,411227,9358,116898,3.2570887720187556,0.221345325443787
630,0.34,862,13441,862,278658,397786,10220,116036,3.1506304650868078,0.22582917819789733
631,0.3408,0,1,0,278659,397785,10220,116036,3.1506225446711444,0.22582961770733387
632,0.3413,0,1,0,278660,397784,10220,116036,3.150614624255481,0.22583005721848118
633,0.3414,0,1,0,278661,397783,10220,116036,3.1506067038398173,0.22583049673133926
634,0.3415,0,1,0,278662,397782,10220,116036,3.150598783424154,0.22583093624590808
635,0.3417,1,5,1,278667,397777,10221,116035,3.150559181345837,0.22583162713210278
636,0.3419,0,1,0,278668,397776,10221,116035,3.1505512609301736,0.22583206665485947
637,0.342,0,8,0,278676,397768,10221,116035,3.1504878976048665,0.2258355828985039
638,0.3422,0,1,0,278677,397767,10221,116035,3.1504799771892027,0.22583602243665848
639,0.3425,2,45,2,278722,397722,10223,116033,3.150123558484349,0.22585278975387102
640,0.3427,0,2,0,278724,397720,10223,116033,3.1501077176530226,0.2258536689810084
641,0.3429,1,2,1,278726,397718,10224,116032,3.1500918768216954,0.22585304136253043
642,0.343,0,1,0,278727,397717,10224,116032,3.150083956406032,0.22585348098001165
643,0.3433,5,123,5,278850,397594,10229,116027,3.149109745279432,0.22590003134607034
644,0.3437,0,2,0,278852,397592,10229,116027,3.1490939044481054,0.22590091098654838
645,0.3438,0,1,0,278853,397591,10229,116027,3.149085984032442,0.22590135080935636
646,0.344,1,25,1,278878,397566,10230,116026,3.1488879736408566,0.22591083973270612
647,0.3442,0,2,0,278880,397564,10230,116026,3.14887213280953,0.22591171946494285
648,0.3443,0,4,0,278884,397560,10230,116026,3.148840451146876,0.22591347894997138
649,0.345,19,293,19,279177,397267,10249,116007,3.146519769357496,0.2260137860090322
650,0.3453,0,1,0,279178,397266,10249,116007,3.1465118489418327,0.22601422634738239
651,0.3458,0,1,0,279179,397265,10249,116007,3.146503928526169,0.22601466668744838
652,0.346,0,28,0,279207,397237,10249,116007,3.1462821568875934,0.22602699690595507
653,0.3462,0,1,0,279208,397236,10249,116007,3.14627423647193,0.22602743729578387
654,0.3467,7,114,7,279322,397122,10256,116000,3.145371309086301,0.2260670951547585
655,0.3473,0,1,0,279323,397121,10256,116000,3.1453633886706376,0.2260675357274405
656,0.3475,1,60,1,279383,397061,10257,115999,3.144888163730833,0.22609246481892956
657,0.348,3,14,3,279397,397047,10260,115996,3.144777277911545,0.22609410907077965
658,0.3483,2,13,2,279410,397034,10262,115994,3.1446743125079206,0.2260968212261319
659,0.3486,0,3,0,279413,397031,10262,115994,3.14465055126093,0.22609814336533307
660,0.349,0,1,0,279414,397030,10262,115994,3.144642630845267,0.22609858408183633
661,0.3493,0,1,0,279415,397029,10262,115994,3.1446347104296035,0.2260990248000577
662,0.35,922,13337,922,292752,383692,11184,115072,3.0390001267266507,0.23071432581341075
663,0.3508,0,1,0,292753,383691,11184,115072,3.0389922063109873,0.2307147883864681
664,0.351,1,3,1,292756,383688,11185,115071,3.038968445063997,0.23071463372089526
665,0.3515,0,1,0,292757,383687,11185,115071,3.0389605246483335,0.23071509629920722
666,0.3517,0,9,0,292766,383678,11185,115071,3.0388892409073627,0.2307192595874879
667,0.352,2,14,2,292780,383664,11187,115069,3.038778355088075,0.23072265119813606
668,0.3524,0,1,0,292781,383663,11187,115069,3.038770434672412,0.23072311381663899
669,0.3525,2,38,2,292819,383625,11189,115067,3.0384694588772017,0.23073760958667874
670,0.3527,0,1,0,292820,383624,11189,115067,3.0384615384615383,0.23073807227321128
671,0.3529,0,4,0,292824,383620,11189,115067,3.038429856798885,0.23073992303789753
672,0.353,0,1,0,292825,383619,11189,115067,3.0384219363832212,0.2307403857337082
673,0.3533,5,118,5,292943,383501,11194,115062,3.0374873273349388,0.23078728265033707
674,0.3536,0,1,0,292944,383500,11194,115062,3.037479406919275,0.2307877455562197
675,0.3538,0,1,0,292945,383499,11194,115062,3.0374714865036117,0.23078820846395928
676,0.354,2,19,2,292964,383480,11196,115060,3.037320998606007,0.2307939182412645
677,0.3542,1,3,1,292967,383477,11197,115059,3.0372972373590166,0.23079376414140604
678,0.3543,1,1,1,292968,383476,11198,115058,3.0372893169433532,0.2307926841499276
679,0.3547,0,1,0,292969,383475,11198,115058,3.03728139652769,0.23079314709357254
680,0.355,15,323,15,293292,383152,11213,115043,3.034723102268407,0.23091961982757755
681,0.3557,0,4,0,293296,383148,11213,115043,3.0346914206057534,0.23092147389254322
682,0.3558,0,2,0,293298,383146,11213,115043,3.0346755797744267,0.23092240093619087
683,0.356,1,18,1,293316,383128,11214,115042,3.034533012292485,0.23092920087520324
684,0.3562,0,1,0,293317,383127,11214,115042,3.0345250918768216,0.23092966443114685
685,0.3567,4,135,4,293452,382992,11218,115038,3.0334558357622607,0.23098608517559183
686,0.357,0,3,0,293455,382989,11218,115038,3.0334320745152707,0.23098747658259491
687,0.3571,0,4,0,293459,382985,11218,115038,3.033400392852617,0.2309893318180084
688,0.3573,0,1,0,293460,382984,11218,115038,3.0333924724369536,0.23098979563151828
689,0.3575,4,45,4,293505,382939,11222,115034,3.0330360537320997,0.2310044922114251
690,0.3577,0,1,0,293506,382938,11222,115034,3.0330281333164364,0.23100495610194952
691,0.3579,0,1,0,293507,382937,11222,115034,3.033020212900773,0.23100541999433702
692,0.358,1,12,1,293519,382925,11223,115033,3.032925167912812,0.23100944256342903
693,0.3583,0,14,0,293533,382911,11223,115033,3.032814282093524,0.23101593753514452
694,0.3585,0,3,0,293536,382908,11223,115033,3.032790520846534,0.231017329362314
695,0.3586,1,2,1,293538,382906,11224,115032,3.032774680015207,0.23101671292409898
696,0.3587,0,1,0,293539,382905,11224,115032,3.032766759599544,0.23101717687177292
697,0.3588,0,1,0,293540,382904,11224,115032,3.0327588391838805,0.23101764082131038
698,0.359,0,3,0,293543,382901,11224,115032,3.03273507793689,0.2310190326811037
699,0.3592,0,1,0,293544,382900,11224,115032,3.0327271575212267,0.23101949663809515
700,0.3593,1,4,1,293548,382896,11225,115031,3.032695475858573,0.2310198081244841
701,0.36,949,13380,949,306928,369516,12174,114082,2.9267203142820937,0.23590254715693612
702,0.3608,0,4,0,306932,369512,12174,114082,2.92668863261944,0.23590449840155173
703,0.361,0,3,0,306935,369509,12174,114082,2.9266648713724495,0.23590596185619667
704,0.3617,1,10,1,306945,369499,12175,114081,2.9265856672158157,0.23590926010174118
705,0.362,1,7,1,306952,369492,12176,114080,2.9265302243061715,0.23591109493519064
706,0.3621,0,1,0,306953,369491,12176,114080,2.926522303890508,0.23591158278722255
707,0.3625,5,61,5,307014,369430,12181,114075,2.92603915853504,0.23593344432839372
708,0.3629,0,1,0,307015,369429,12181,114075,2.9260312381193767,0.23593393229425197
709,0.363,0,1,0,307016,369428,12181,114075,2.926023317703713,0.23593442026212869
710,0.3632,0,2,0,307018,369426,12181,114075,2.9260074768723863,0.23593539620393753
711,0.3633,12,118,12,307136,369308,12193,114063,2.9250728678241034,0.2359740240932948
712,0.364,1,26,1,307162,369282,12194,114062,2.9248669370168545,0.23598513687973782
713,0.3642,0,2,0,307164,369280,12194,114062,2.924851096185528,0.23598611335245023
714,0.3643,1,1,1,307165,369279,12195,114061,2.9248431757698645,0.2359850208962635
715,0.3647,1,2,1,307167,369277,12196,114060,2.9248273349385374,0.2359844166699425
716,0.365,19,301,19,307468,368976,12215,114041,2.92244328982385,0.23610142086096347
717,0.3653,0,2,0,307470,368974,12215,114041,2.922427448992523,0.2361023984762378
718,0.3656,0,1,0,307471,368973,12215,114041,2.9224195285768597,0.23610288728691095
719,0.3657,0,2,0,307473,368971,12215,114041,2.922403687745533,0.23610386491432925
720,0.366,2,25,2,307498,368946,12217,114039,2.9222056773539475,0.23611292276157644
721,0.3663,0,1,0,307499,368945,12217,114039,2.922197756938284,0.23611341162440164
722,0.3664,0,1,0,307500,368944,12217,114039,2.922189836522621,0.23611390048925118
723,0.3665,0,2,0,307502,368942,12217,114039,2.9221739956912938,0.23611487822502333
724,0.3667,10,127,10,307629,368815,12227,114029,2.9211681029020404,0.2361611617831018
725,0.367,0,2,0,307631,368813,12227,114029,2.9211522620707133,0.23616213999610638
726,0.3671,0,2,0,307633,368811,12227,114029,2.9211364212393867,0.2361631182172148
727,0.3675,1,41,1,307674,368770,12228,114028,2.9208116841971865,0.2361815914730384
728,0.3677,0,1,0,307675,368769,12228,114028,2.920803763781523,0.2361820806674441
729,0.3679,0,1,0,307676,368768,12228,114028,2.92079584336586,0.23618256986387626
730,0.368,0,10,0,307686,368758,12228,114028,2.9207166392092256,0.23618746193965856
731,0.3683,2,11,2,307697,368747,12230,114026,2.920629514636928,0.23618967920741218
732,0.3685,0,2,0,307699,368745,12230,114026,2.9206136738056014,0.23619065768242087
733,0.3688,0,1,0,307700,368744,12230,114026,2.920605753389938,0.2361911469229654
734,0.3692,0,1,0,307701,368743,12230,114026,2.9205978329742743,0.23619163616553673
735,0.3696,0,1,0,307702,368742,12230,114026,2.920589912558611,0.2361921254101349
736,0.3699,0,1,0,307703,368741,12230,114026,2.9205819921429477,0.2361926146567599
737,0.37,1032,13162,1032,320865,355579,13262,112994,2.8163334811810925,0.24114492298958753
738,0.3707,0,1,0,320866,355578,13262,112994,2.816325560765429,0.24114543762751509
739,0.3708,0,4,0,320870,355574,13262,112994,2.8162938791027754,0.24114749620119172
740,0.371,0,1,0,320871,355573,13262,112994,2.816285958687112,0.24114801085010254
741,0.3713,0,1,0,320872,355572,13262,112994,2.8162780382714483,0.24114852550121008
742,0.3715,0,1,0,320873,355571,13262,112994,2.816270117855785,0.24114904015451433
743,0.3717,1,10,1,320883,355561,13263,112993,2.8161909136991508,0.2411525672601237
744,0.372,2,10,2,320893,355551,13265,112991,2.816111709542517,0.24115447494568257
745,0.3725,2,39,2,320932,355512,13267,112989,2.8158028133316435,0.24117131019997823
746,0.3733,8,133,8,321065,355379,13275,112981,2.8147493980484097,0.24122683405927065
747,0.3738,0,1,0,321066,355378,13275,112981,2.814741477632746,0.2412273491061344
748,0.374,0,30,0,321096,355348,13275,112981,2.814503865162844,0.24124280153481847
749,0.3742,0,3,0,321099,355345,13275,112981,2.8144801039158533,0.24124434688657045
750,0.3743,1,0,1,321099,355345,13276,112980,2.8144801039158533,0.24124272673890995
751,0.3745,0,1,0,321100,355344,13276,112980,2.81447218350019,0.24124324185820073
752,0.375,24,308,24,321408,355036,13300,112956,2.8120326954758585,0.24136310022393545
753,0.3755,0,1,0,321409,355035,13300,112956,2.812024775060195,0.24136361596697373
754,0.3756,0,1,0,321410,355034,13300,112956,2.812016854644532,0.24136413171221607
755,0.3757,0,3,0,321413,355031,13300,112956,2.8119930933975414,0.24136567896116773
756,0.3758,0,1,0,321414,355030,13300,112956,2.811985172981878,0.24136619471522652
757,0.376,2,22,2,321436,355008,13302,112954,2.811810923837283,0.24137429962261894
758,0.3762,0,1,0,321437,355007,13302,112954,2.8118030034216197,0.24137481542265274
759,0.3767,7,126,7,321563,354881,13309,112947,2.8108050310480293,0.24142847371256101
760,0.3771,0,3,0,321566,354878,13309,112947,2.8107812698010393,0.2414300219099022
761,0.3773,0,1,0,321567,354877,13309,112947,2.810773349385376,0.2414305379800951
762,0.3775,2,51,2,321618,354826,13311,112945,2.8103694081865416,0.24145361726143774
763,0.378,1,10,1,321628,354816,13312,112944,2.8102902040299074,0.2414571575166752
764,0.3783,0,14,0,321642,354802,13312,112944,2.81017931821062,0.24146438451638283
765,0.3786,0,3,0,321645,354799,13312,112944,2.8101555569636294,0.24146593321546234
766,0.3787,0,2,0,321647,354797,13312,112944,2.8101397161323027,0.24146696569255208
767,0.379,0,2,0,321649,354795,13312,112944,2.8101238753009756,0.24146799817847134
768,0.3792,0,1,0,321650,354794,13312,112944,2.8101159548853123,0.24146851442474207
769,0.38,1157,13208,1157,334858,341586,14469,111787,2.70550310480294,0.24656739594109045
770,0.3803,0,1,0,334859,341585,14469,111787,2.7054951843872765,0.24656793979337058
771,0.3807,0,1,0,334860,341584,14469,111787,2.705487263971613,0.24656848364804984
772,0.3808,1,0,1,334860,341584,14470,111786,2.705487263971613,0.24656682180117784
773,0.381,0,2,0,334862,341582,14470,111786,2.7054714231402865,0.24656790951280197
774,0.3815,0,1,0,334863,341581,14470,111786,2.7054635027246228,0.2465684533722128
775,0.3817,1,12,1,334875,341569,14471,111785,2.705368457736662,0.24657331798109203
776,0.382,0,11,0,334886,341558,14471,111785,2.7052813331643644,0.2465793008825547
777,0.3825,3,46,3,334932,341512,14474,111782,2.7049169940438476,0.2465993372954418
778,0.383,2,2,2,334934,341510,14476,111780,2.7049011532125204,0.24659710119349643
779,0.3833,11,163,11,335097,341347,14487,111769,2.703610125459384,0.2466675200169493
780,0.3836,0,1,0,335098,341346,14487,111769,2.7036022050437207,0.2466680643986626
781,0.384,1,13,1,335111,341333,14488,111768,2.7034992396400965,0.24667347898150743
782,0.3843,0,4,0,335115,341329,14488,111768,2.7034675579774428,0.24667565664747285
783,0.3849,1,1,1,335116,341328,14489,111767,2.7034596375617794,0.24667453845220097
784,0.385,21,335,21,335451,340993,14510,111746,2.7008062983145353,0.24682212047117655
785,0.3853,0,1,0,335452,340992,14510,111746,2.700798377898872,0.24682266564768143
786,0.3857,0,4,0,335456,340988,14510,111746,2.7007666962362187,0.24682484637778473
787,0.3858,1,0,1,335456,340988,14511,111745,2.7007666962362187,0.24682318275893297
788,0.386,1,25,1,335481,340963,14512,111744,2.700568685844633,0.24683514944544704
789,0.3862,0,1,0,335482,340962,14512,111744,2.70056076542897,0.24683569468926853
790,0.3867,7,128,7,335610,340834,14519,111737,2.6995469522240527,0.2468938575383752
791,0.3871,1,1,1,335611,340833,14520,111736,2.6995390318083894,0.24689273900775352
792,0.3875,6,51,6,335662,340782,14526,111730,2.699135090609555,0.24691057916696132
793,0.388,0,12,0,335674,340770,14526,111730,2.699040045621594,0.2469171270718232
794,0.3883,2,14,2,335688,340756,14528,111728,2.6989291598023066,0.2469214381060988
795,0.3886,0,2,0,335690,340754,14528,111728,2.6989133189709795,0.24692252951498622
796,0.3887,0,1,0,335691,340753,14528,111728,2.698905398555316,0.24692307522304804
797,0.389,1,3,1,335694,340750,14529,111727,2.6988816373083258,0.24692304802233042
798,0.3892,1,4,1,335698,340746,14530,111726,2.6988499556456724,0.24692356654113404
799,0.3897,0,1,0,335699,340745,14530,111726,2.6988420352300087,0.24692411226354838
800,0.39,1199,13434,1199,349133,327311,15729,110527,2.592439171207705,0.25243811638094454
801,0.3905,1,0,1,349133,327311,15730,110526,2.592439171207705,0.25243640898325176
802,0.3907,1,0,1,349133,327311,15731,110525,2.592439171207705,0.2524347015777597
803,0.3908,0,1,0,349134,327310,15731,110525,2.5924312507920417,0.25243527812988914
804,0.391,0,1,0,349135,327309,15731,110525,2.592423330376378,0.2524358546846522
805,0.3917,1,12,1,349147,327297,15732,110524,2.592328285388417,0.2524410660977888
806,0.392,0,14,0,349161,327283,15732,110524,2.5922173995691296,0.2524491385473508
807,0.3921,0,2,0,349163,327281,15732,110524,2.5922015587378024,0.2524502917965761
808,0.3922,0,1,0,349164,327280,15732,110524,2.592193638322139,0.25245086842514003
809,0.3924,0,2,0,349166,327278,15732,110524,2.5921777974908125,0.25245202169017045
810,0.3925,5,42,5,349208,327236,15737,110519,2.591845140032949,0.25246770453792644
811,0.3929,0,1,0,349209,327235,15737,110519,2.5918372196172856,0.25246828127213
812,0.393,0,1,0,349210,327234,15737,110519,2.5918292992016223,0.2524688580089685
813,0.3933,10,134,10,349344,327100,15747,110509,2.5907679635027248,0.2525290841824551
814,0.3938,0,1,0,349345,327099,15747,110509,2.5907600430870614,0.2525296612493373
815,0.394,3,21,3,349366,327078,15750,110506,2.5905937143581297,0.2525366558192256
816,0.3942,0,3,0,349369,327075,15750,110506,2.5905699531111392,0.2525383871786024
817,0.3943,1,3,1,349372,327072,15751,110505,2.5905461918641493,0.2525384103826298
818,0.3947,0,1,0,349373,327071,15751,110505,2.5905382714484855,0.25253898751302634
819,0.395,35,326,35,349699,326745,15786,110470,2.5879562159422127,0.25266745194012097
820,0.3957,1,4,1,349703,326741,15787,110469,2.587924534279559,0.2526680542531049
821,0.3958,0,2,0,349705,326739,15787,110469,2.5879086934482323,0.25266921007849813
822,0.396,0,19,0,349724,326720,15787,110469,2.587758205550627,0.2526801909471647
823,0.3962,0,1,0,349725,326719,15787,110469,2.587750285134964,0.25268076891405983
824,0.3967,9,128,9,349853,326591,15796,110460,2.5867364719300467,0.25273938281802355
825,0.397,0,2,0,349855,326589,15796,110460,2.58672063109872,0.2527405393903201
826,0.3971,1,1,1,349856,326588,15797,110459,2.5867127106830567,0.2527394078897693
827,0.3975,2,51,2,349907,326537,15799,110457,2.5863087694842224,0.252765484194291
828,0.398,3,19,3,349926,326518,15802,110454,2.5861582815866178,0.2527713446170464
829,0.3983,0,12,0,349938,326506,15802,110454,2.586063236598657,0.2527782863419993
830,0.3986,0,2,0,349940,326504,15802,110454,2.58604739576733,0.25277944333322655
831,0.3988,0,1,0,349941,326503,15802,110454,2.5860394753516665,0.25278002183281195
832,0.399,1,1,1,349942,326502,15803,110453,2.586031554936003,0.25277889027474226
833,0.3992,0,1,0,349943,326501,15803,110453,2.58602363452034,0.2527794687770337
834,0.3993,1,1,1,349944,326500,15804,110452,2.586015714104676,0.25277833720866366
835,0.3995,0,1,0,349945,326499,15804,110452,2.5860077936890127,0.25277891571366123
836,0.3997,0,1,0,349946,326498,15804,110452,2.5859998732733493,0.2527794942213068
837,0.4,1256,12828,1256,362774,313670,17060,109196,2.4843967811430745,0.25822837494620043
838,0.4008,0,3,0,362777,313667,17060,109196,2.484373019896084,0.2582302069464578
839,0.401,1,1,1,362778,313666,17061,109195,2.4843650994804207,0.2582290634511104
840,0.4013,0,1,0,362779,313665,17061,109195,2.4843571790647574,0.25822967412382347
841,0.4017,2,13,2,362792,313652,17063,109193,2.4842542136611327,0.258234104695574
842,0.402,1,6,1,362798,313646,17064,109192,2.4842066911671523,0.25823601473850505
843,0.4025,2,41,2,362839,313605,17066,109190,2.4838819541249526,0.25825754798424766
844,0.4027,0,1,0,362840,313604,17066,109190,2.4838740337092893,0.2582581588196616
845,0.4029,1,3,1,362843,313601,17067,109189,2.483850272462299,0.25825823694978595
846,0.403,1,2,1,362845,313599,17068,109188,2.483834431630972,0.2582577042340469
847,0.4033,13,127,13,362972,313472,17081,109175,2.4828285388417184,0.2583124924582453
848,0.4037,0,1,0,362973,313471,17081,109175,2.482820618426055,0.25831310363755955
849,0.404,1,20,1,362993,313451,17082,109174,2.4826622101127866,0.25832357290742386
850,0.4042,1,1,1,362994,313450,17083,109173,2.4826542896971233,0.2583224292099578
851,0.4043,0,2,0,362996,313448,17083,109173,2.4826384488657967,0.258323651687919
852,0.4046,0,1,0,362997,313447,17083,109173,2.482630528450133,0.25832426293123845
853,0.4047,0,1,0,362998,313446,17083,109173,2.4826226080344695,0.2583248741774506
854,0.405,20,288,20,363286,313158,17103,109153,2.4803415283234065,0.2584659172979155
855,0.4053,0,1,0,363287,313157,17103,109153,2.480333607907743,0.25846652932679787
856,0.4055,0,1,0,363288,313156,17103,109153,2.4803256874920794,0.2584671413585787
857,0.4056,0,1,0,363289,313155,17103,109153,2.480317767076416,0.258467753393258
858,0.4057,0,2,0,363291,313153,17103,109153,2.4803019262450894,0.25846897747131226
859,0.4058,0,2,0,363293,313151,17103,109153,2.4802860854137627,0.25847020156096084
860,0.406,3,23,3,363316,313128,17106,109150,2.480103915853504,0.25847901145690755
861,0.4062,0,2,0,363318,313126,17106,109150,2.480088075022177,0.2584802356752456
862,0.4065,0,1,0,363319,313125,17106,109150,2.480080154606514,0.25848084778876323
863,0.4067,5,109,5,363428,313016,17111,109145,2.479216829299202,0.2585388039160415
864,0.407,0,1,0,363429,313015,17111,109145,2.479208908883538,0.25853941633503885
865,0.4071,0,4,0,363433,313011,17111,109145,2.4791772272208847,0.2585418660400421
866,0.4075,2,41,2,363474,312970,17113,109143,2.4788524901786846,0.25856346523324325
867,0.408,0,9,0,363483,312961,17113,109143,2.4787812064377137,0.25856897826128156
868,0.4083,2,9,2,363492,312952,17115,109141,2.4787099226967433,0.2585709784336627
869,0.4086,1,0,1,363492,312952,17116,109140,2.4787099226967433,0.2585692218757996
870,0.4088,0,1,0,363493,312951,17116,109140,2.4787020022810795,0.2585698344669751
871,0.4089,0,1,0,363494,312950,17116,109140,2.478694081865416,0.2585704470610533
872,0.409,0,2,0,363496,312948,17116,109140,2.4786782410340895,0.2585716722579178
873,0.4092,0,1,0,363497,312947,17116,109140,2.478670320618426,0.25857228486070405
874,0.4093,0,2,0,363499,312945,17116,109140,2.478654479787099,0.2585735100749849
875,0.4095,0,1,0,363500,312944,17116,109140,2.4786465593714357,0.25857412268647945
876,0.41,1287,13025,1287,376525,299919,18403,107853,2.375483145355468,0.2644933933668815
877,0.4107,1,1,1,376526,299918,18404,107852,2.375475224939805,0.26449223827157464
878,0.4112,0,1,0,376527,299917,18404,107852,2.3754673045241415,0.264492886904105
879,0.4113,0,1,0,376528,299916,18404,107852,2.375459384108478,0.26449353553981675
880,0.4117,3,11,3,376539,299905,18407,107849,2.3753722595361806,0.26449525939659696
881,0.412,2,6,2,376545,299899,18409,107847,2.3753247370422,0.26449554379442103
882,0.4125,9,47,9,376592,299852,18418,107838,2.3749524775060196,0.26450979911207045
883,0.413,1,1,1,376593,299851,18419,107837,2.3749445570903562,0.2645086438649163
884,0.4133,12,124,12,376717,299727,18431,107825,2.373962425548093,0.2645674662374372
885,0.4135,0,1,0,376718,299726,18431,107825,2.3739545051324296,0.26456811540150804
886,0.4136,0,1,0,376719,299725,18431,107825,2.373946584716766,0.26456876456876455
887,0.4138,0,3,0,376722,299722,18431,107825,2.373922823469776,0.26457071208964855
888,0.414,1,11,1,376733,299711,18432,107824,2.3738356988974783,0.2645760486829352
889,0.4142,0,1,0,376734,299710,18432,107824,2.373827778481815,0.26457669789514493
890,0.4143,1,2,1,376736,299708,18433,107823,2.373811937650488,0.26457619174983005
891,0.4145,0,2,0,376738,299706,18433,107823,2.373796096819161,0.2645774901908821
892,0.415,26,299,26,377037,299407,18459,107797,2.3714278925358,0.26472480623962436
893,0.4152,0,2,0,377039,299405,18459,107797,2.3714120517044734,0.2647261064533082
894,0.4155,0,2,0,377041,299403,18459,107797,2.371396210873147,0.26472740667976424
895,0.4157,1,5,1,377046,299398,18460,107796,2.3713566087948297,0.2647288516039038
896,0.4158,0,2,0,377048,299396,18460,107796,2.3713407679635026,0.2647301518693884
897,0.416,2,23,2,377071,299373,18462,107794,2.371158598403244,0.26474149427630433
898,0.4162,0,2,0,377073,299371,18462,107794,2.3711427575719175,0.26474279469011336
899,0.4164,0,3,0,377076,299368,18462,107794,2.371118996324927,0.26474474533478076
900,0.4167,6,134,6,377210,299234,18468,107788,2.3700576606260295,0.2648210661831547
901,0.417,0,1,0,377211,299233,18468,107788,2.370049740210366,0.2648217168155943
902,0.4171,1,0,1,377211,299233,18469,107787,2.370049740210366,0.26481991056950516
903,0.4173,0,2,0,377213,299231,18469,107787,2.3700338993790395,0.2648212118382971
904,0.4175,5,45,5,377258,299186,18474,107782,2.3696774806741856,0.2648414617365493
905,0.4176,0,1,0,377259,299185,18474,107782,2.3696695602585223,0.26484211250543654
906,0.418,1,15,1,377274,299170,18475,107781,2.369550754023571,0.26485006794429794
907,0.4183,1,19,1,377293,299151,18476,107780,2.3694002661259663,0.2648606274773856
908,0.4185,0,1,0,377294,299150,18476,107780,2.369392345710303,0.2648612783525422
909,0.4187,0,1,0,377295,299149,18476,107780,2.3693844252946397,0.2648619292308978
910,0.419,0,1,0,377296,299148,18476,107780,2.369376504878976,0.26486258011245234
911,0.4192,0,2,0,377298,299146,18476,107780,2.3693606640476492,0.26486388188515847
912,0.42,1367,12591,1367,389889,286555,19843,106413,2.2696347104296035,0.2707930416726044
913,0.4205,0,1,0,389890,286554,19843,106413,2.2696267900139397,0.27079373077128616
914,0.4207,0,1,0,389891,286553,19843,106413,2.2696188695982764,0.2707944198734751
915,0.4208,0,1,0,389892,286552,19843,106413,2.269610949182613,0.2707951089791712
916,0.421,1,2,1,389894,286550,19844,106412,2.2695951083512864,0.27079463154198113
917,0.4212,0,2,0,389896,286548,19844,106412,2.2695792675199593,0.270796009771987
918,0.4213,1,0,1,389896,286548,19845,106411,2.2695792675199593,0.27079415409750124
919,0.4217,0,8,0,389904,286540,19845,106411,2.269515904194652,0.27079966713407017
920,0.422,0,11,0,389915,286529,19845,106411,2.2694287796223547,0.270807247925892
921,0.4222,0,1,0,389916,286528,19845,106411,2.2694208592066913,0.2708079371098313
922,0.4223,0,2,0,389918,286526,19845,106411,2.2694050183753642,0.2708093154882335
923,0.4225,5,48,5,389966,286478,19850,106406,2.2690248384235203,0.2708331212266216
924,0.4229,0,4,0,389970,286474,19850,106406,2.268993156760867,0.27083587863978825
925,0.423,1,0,1,389970,286474,19851,106405,2.268993156760867,0.2708340226889195
926,0.4233,13,135,13,390105,286339,19864,106392,2.267923900646306,0.27090298448556394
927,0.4235,0,1,0,390106,286338,19864,106392,2.2679159802306423,0.2709036742800397
928,0.4238,0,1,0,390107,286337,19864,106392,2.267908059814979,0.27090436407802837
929,0.424,3,23,3,390130,286314,19867,106389,2.2677258902547206,0.27091466069777925
930,0.4242,0,2,0,390132,286312,19867,106389,2.267710049423394,0.27091604044807627
931,0.4243,0,2,0,390134,286310,19867,106389,2.267694208592067,0.2709174202124273
932,0.425,23,274,23,390408,286036,19890,106366,2.2655240147002913,0.2710638579823752
933,0.4253,0,1,0,390409,286035,19890,106366,2.265516094284628,0.2710645487651662
934,0.4256,0,1,0,390410,286034,19890,106366,2.2655081738689646,0.2710652395514781
935,0.4257,1,1,1,390411,286033,19891,106365,2.2655002534533013,0.27106407270169575
936,0.4258,0,1,0,390412,286032,19891,106365,2.265492333037638,0.27106476349207564
937,0.426,2,19,2,390431,286013,19893,106363,2.265341845140033,0.27107417375170756
938,0.4262,0,1,0,390432,286012,19893,106363,2.2653339247243696,0.2710748646065626
939,0.4264,0,1,0,390433,286011,19893,106363,2.2653260043087062,0.27107555546493906
940,0.4267,13,139,13,390572,285872,19906,106350,2.2642250665314916,0.2711474624064943
941,0.427,0,1,0,390573,285871,19906,106350,2.2642171461158282,0.27114815371945916
942,0.4271,0,4,0,390577,285867,19906,106350,2.2641854644531745,0.27115091900657035
943,0.4273,0,2,0,390579,285865,19906,106350,2.264169623621848,0.27115230167127724
944,0.4275,5,51,5,390630,285814,19911,106345,2.2637656824230135,0.27117827207841716
945,0.428,0,9,0,390639,285805,19911,106345,2.263694398682043,0.27118449572867526
946,0.4283,1,13,1,390652,285792,19912,106344,2.2635914332784184,0.2711916273945774
947,0.4285,0,1,0,390653,285791,19912,106344,2.263583512862755,0.2711923189717827
948,0.4286,0,2,0,390655,285789,19912,106344,2.2635676720314284,0.271193702136775
949,0.4288,0,1,0,390656,285788,19912,106344,2.2635597516157646,0.2711943937245621
950,0.429,0,1,0,390657,285787,19912,106344,2.2635518312001013,0.2711950853158766
951,0.4292,0,4,0,390661,285783,19912,106344,2.2635201495374475,0.2711978517164082
952,0.4293,0,1,0,390662,285782,19912,106344,2.263512229121784,0.2711985433253597
953,0.4296,0,1,0,390663,285781,19912,106344,2.263504308706121,0.2711992349378387
954,0.43,1384,12525,1384,403188,273256,21296,104960,2.1643011025218604,0.2775133785984728
955,0.4307,0,1,0,403189,273255,21296,104960,2.164293182106197,0.2775141123435083
956,0.4308,0,1,0,403190,273254,21296,104960,2.1642852616905337,0.2775148460924239
957,0.431,0,3,0,403193,273251,21296,104960,2.1642615004435433,0.27751704736245114
958,0.4311,0,1,0,403194,273250,21296,104960,2.16425358002788,0.2775177811268872
959,0.4317,0,16,0,403210,273234,21296,104960,2.1641268533772653,0.2775295218855931
960,0.432,0,7,0,403217,273227,21296,104960,2.1640714104676215,0.27753465877991573
961,0.4325,7,63,7,403280,273164,21303,104953,2.1635724242808263,0.2775675253955786
962,0.4329,0,1,0,403281,273163,21303,104953,2.163564503865163,0.277568259475928
963,0.4333,11,118,11,403399,273045,21314,104942,2.16262989481688,0.2776338868797075
964,0.4335,0,2,0,403401,273043,21314,104942,2.162614053985553,0.2776353559003664
965,0.4336,0,1,0,403402,273042,21314,104942,2.1626061335698896,0.2776360904165256
966,0.4337,0,1,0,403403,273041,21314,104942,2.1625982131542263,0.2776368249365712
967,0.4338,0,2,0,403405,273039,21314,104942,2.1625823723228996,0.2776382939883222
968,0.434,1,14,1,403419,273025,21315,104941,2.1624714865036117,0.27764666663139015
969,0.4342,0,1,0,403420,273024,21315,104941,2.1624635660879483,0.2776474012143982
970,0.4343,0,2,0,403422,273022,21315,104941,2.1624477252566217,0.2776488703920754
971,0.435,28,311,28,403733,272711,21343,104913,2.1599844759852997,0.27782397305256024
972,0.4357,1,2,1,403735,272709,21344,104912,2.159968635153973,0.2778235320599225
973,0.4358,0,1,0,403736,272708,21344,104912,2.1599607147383093,0.2778242677824268
974,0.436,1,21,1,403757,272687,21345,104911,2.1597943860093776,0.27783780634431327
975,0.4362,0,1,0,403758,272686,21345,104911,2.1597864655937142,0.27783854214943443
976,0.4364,0,1,0,403759,272685,21345,104911,2.159778545178051,0.2778392779584529
977,0.4365,0,3,0,403762,272682,21345,104911,2.159754783931061,0.27784148540889264
978,0.4367,16,111,16,403873,272571,21361,104895,2.1588756177924218,0.27789257840441256
979,0.437,0,1,0,403874,272570,21361,104895,2.1588676973767584,0.27789331461195077
980,0.4371,0,1,0,403875,272569,21361,104895,2.158859776961095,0.2778940508233898
981,0.4372,0,1,0,403876,272568,21361,104895,2.1588518565454313,0.2778947870387296
982,0.4373,0,2,0,403878,272566,21361,104895,2.1588360157141047,0.27789625948111196
983,0.4375,2,53,2,403931,272513,21363,104893,2.1584162336839436,0.2779314584293837
984,0.4378,1,0,1,403931,272513,21364,104892,2.1584162336839436,0.2779295451835561
985,0.438,1,18,1,403949,272495,21365,104891,2.1582736662020023,0.2779408881092568
986,0.4383,1,15,1,403964,272480,21366,104890,2.158154859967051,0.277950022524313
987,0.4393,0,1,0,403965,272479,21366,104890,2.1581469395513877,0.27795075907135985
988,0.44,1503,12376,1503,416341,260103,22869,103387,2.0601238753009756,0.28442873256485735
989,0.4407,0,1,0,416342,260102,22869,103387,2.0601159548853123,0.28442951506097847
990,0.4408,0,1,0,416343,260101,22869,103387,2.060108034469649,0.28443029756140503
991,0.441,1,1,1,416344,260100,22870,103386,2.0601001140539856,0.28442911143757943
992,0.4413,1,0,1,416344,260100,22871,103385,2.0601001140539856,0.28442714279818976
993,0.4417,1,11,1,416355,260089,22872,103384,2.060012989481688,0.28443378187650803
994,0.442,0,9,0,416364,260080,22872,103384,2.059941705740717,0.2844408249510268
995,0.4423,0,1,0,416365,260079,22872,103384,2.059933785325054,0.28444160753639297
996,0.4425,4,52,4,416417,260027,22876,103380,2.059521923710556,0.2844744322481405
997,0.4427,0,1,0,416418,260026,22876,103380,2.059514003294893,0.28447521504873335
998,0.443,0,1,0,416419,260025,22876,103380,2.0595060828792295,0.28447599785363437
999,0.4433,15,152,15,416571,259873,22891,103365,2.0583021796983907,0.2845654914959338
1000,0.444,2,18,2,416589,259855,22893,103363,2.058159612216449,0.28457565429026094
1001,0.4442,1,2,1,416591,259853,22894,103362,2.0581437713851223,0.2845752515727599
1002,0.4443,1,2,1,416593,259851,22895,103361,2.0581279305537956,0.28457484884860634
1003,0.4446,0,1,0,416594,259850,22895,103361,2.058120010138132,0.28457563234593664
1004,0.445,31,276,31,416870,259574,22926,103330,2.0559339754150296,0.28473094812953287
1005,0.4457,2,6,2,416876,259568,22928,103328,2.055886452921049,0.2847317137692342
1006,0.4458,0,1,0,416877,259567,22928,103328,2.055878532505386,0.2847324983810744
1007,0.446,2,26,2,416903,259541,22930,103326,2.055672601698137,0.28474895760705715
1008,0.4462,0,1,0,416904,259540,22930,103326,2.0556646812824737,0.28474974232912426
1009,0.4467,6,101,6,417005,259439,22936,103320,2.0548647193004688,0.28481719268164263
1010,0.447,0,1,0,417006,259438,22936,103320,2.0548567988848054,0.28481797782543733
1011,0.4471,0,4,0,417010,259434,22936,103320,2.0548251172221517,0.2848211184439041
1012,0.4472,0,1,0,417011,259433,22936,103320,2.0548171968064883,0.284821903609343
1013,0.4475,7,45,7,417056,259388,22943,103313,2.054460778101635,0.28484343853477107
1014,0.448,1,11,1,417067,259377,22944,103312,2.0543736535293373,0.28485010573797387
1015,0.4481,0,1,0,417068,259376,22944,103312,2.054365733113674,0.28485089112405154
1016,0.4483,3,12,3,417080,259364,22947,103309,2.0542706881257127,0.28485440052057914
1017,0.4485,0,1,0,417081,259363,22947,103309,2.0542627677100493,0.28485518595314774
1018,0.4486,0,1,0,417082,259362,22947,103309,2.054254847294386,0.2848559713900477
1019,0.449,0,1,0,417083,259361,22947,103309,2.0542469268787227,0.28485675683127915
1020,0.4492,0,1,0,417084,259360,22947,103309,2.0542390064630593,0.28485754227684196
1021,0.4493,1,3,1,417087,259357,22948,103308,2.054215245216069,0.28485792673679566
1022,0.45,1555,12271,1555,429358,247086,24503,101753,1.9570238246103155,0.2916904359890953
1023,0.4502,0,3,0,429361,247083,24503,101753,1.9570000633633253,0.29169294453554107
1024,0.4503,0,1,0,429362,247082,24503,101753,1.956992142947662,0.2916937807272779
1025,0.4505,0,1,0,429363,247081,24503,101753,1.9569842225319984,0.29169461692380905
1026,0.4508,0,3,0,429366,247078,24503,101753,1.9569604612850082,0.291697125542168
1027,0.451,0,1,0,429367,247077,24503,101753,1.956952540869345,0.2916979617578763
1028,0.4511,0,1,0,429368,247076,24503,101753,1.9569446204536813,0.2916987979783791
1029,0.4514,0,1,0,429369,247075,24503,101753,1.956936700038018,0.2916996342036763
1030,0.4515,0,2,0,429371,247073,24503,101753,1.9569208592066911,0.2917013066686543
1031,0.4517,3,10,3,429381,247063,24506,101750,1.956841655050057,0.29170357756161613
1032,0.452,0,7,0,429388,247056,24506,101750,1.9567862121404132,0.29170943160381413
1033,0.4523,0,1,0,429389,247055,24506,101750,1.9567782917247498,0.2917102679147375
1034,0.4525,4,51,4,429440,247004,24510,101746,1.9563743505259157,0.2917448028673835
1035,0.4527,0,3,0,429443,247001,24510,101746,1.9563505892789255,0.2917473125216848
1036,0.453,1,0,1,429443,247001,24511,101745,1.9563505892789255,0.291745281666313
1037,0.4533,15,111,15,429554,246890,24526,101730,1.9554714231402863,0.29180769892719866
1038,0.454,6,18,6,429572,246872,24532,101724,1.955328855658345,0.29181057728717485
1039,0.4542,0,2,0,429574,246870,24532,101724,1.9553130148270181,0.291812251501747
1040,0.4543,0,4,0,429578,246866,24532,101724,1.9552813331643644,0.2918155999885252
1041,0.455,28,288,28,429866,246578,24560,101696,1.9530002534533013,0.29199997702958014
1042,0.4556,1,1,1,429867,246577,24561,101695,1.9529923330376378,0.2919987825607571
1043,0.4557,1,7,1,429874,246570,24562,101694,1.952936890127994,0.29200261870305283
1044,0.4558,1,2,1,429876,246568,24563,101693,1.952921049296667,0.292002262670813
1045,0.456,1,20,1,429896,246548,24564,101692,1.952762640983399,0.2920169997702734
1046,0.4567,16,103,16,429999,246445,24580,101676,1.951946838170067,0.29207086041922203
1047,0.4571,0,2,0,430001,246443,24580,101676,1.9519309973387404,0.29207253841358843
1048,0.4573,0,2,0,430003,246441,24580,101676,1.9519151565074135,0.2920742164272357
1049,0.4575,3,55,3,430058,246386,24583,101673,1.9514795336459256,0.2921142679833017
1050,0.458,0,20,0,430078,246366,24583,101673,1.9513211253326574,0.29213105427839986
1051,0.4583,2,11,2,430089,246355,24585,101671,1.95123400076036,0.29213621970772297
1052,0.4586,0,1,0,430090,246354,24585,101671,1.9512260803446966,0.29213705911931614
1053,0.4588,0,2,0,430092,246352,24585,101671,1.9512102395133697,0.2921387379569741
1054,0.459,0,1,0,430093,246351,24585,101671,1.9512023190977061,0.29213957738303903
1055,0.4592,0,1,0,430094,246350,24585,101671,1.9511943986820428,0.2921404168139279
1056,0.4593,1,2,1,430096,246348,24586,101670,1.951178557850716,0.2921400617209455
1057,0.4595,0,1,0,430097,246347,24586,101670,1.9511706374350526,0.2921409011628742
1058,0.46,1679,11849,1679,441946,234498,26265,99991,1.8573216322392598,0.2989365868533793
1059,0.4608,1,2,1,441948,234496,26266,99990,1.8573057914079332,0.29893627834946757
1060,0.461,0,3,0,441951,234493,26266,99990,1.857282030160943,0.2989389595285859
1061,0.4611,1,0,1,441951,234493,26267,99989,1.857282030160943,0.2989368635681442
1062,0.4613,0,1,0,441952,234492,26267,99989,1.8572741097452794,0.29893775730161054
1063,0.4615,0,1,0,441953,234491,26267,99989,1.857266189329616,0.29893865104042094
1064,0.4617,1,11,1,441964,234480,26268,99988,1.8571790647573185,0.2989463865003528
1065,0.4619,0,1,0,441965,234479,26268,99988,1.857171144341655,0.2989472802997007
1066,0.462,1,10,1,441975,234469,26269,99987,1.857091940185021,0.29895412251536824
1067,0.4624,0,1,0,441976,234468,26269,99987,1.8570840197693574,0.2989550163699152
1068,0.4625,3,44,3,442020,234424,26272,99984,1.8567355214801673,0.29898806248654336
1069,0.4633,14,104,14,442124,234320,26286,99970,1.8559117982511721,0.2990517215591253
1070,0.4635,0,1,0,442125,234319,26286,99970,1.8559038778355088,0.2990526161494994
1071,0.4636,0,1,0,442126,234318,26286,99970,1.8558959574198455,0.2990535107452257
1072,0.464,0,25,0,442151,234293,26286,99970,1.85569794702826,0.2990758773779928
1073,0.4642,0,1,0,442152,234292,26286,99970,1.8556900266125966,0.29907677211289346
1074,0.4643,0,2,0,442154,234290,26286,99970,1.8556741857812697,0.29907856159875545
1075,0.4647,0,1,0,442155,234289,26286,99970,1.8556662653656064,0.29907945634971683
1076,0.465,42,301,42,442456,233988,26328,99928,1.8532822202509187,0.2992608919608524
1077,0.4652,0,1,0,442457,233987,26328,99928,1.8532742998352554,0.29926178817962656
1078,0.4657,0,4,0,442461,233983,26328,99928,1.8532426181726016,0.2992653731084031
1079,0.4658,0,2,0,442463,233981,26328,99928,1.853226777341275,0.29926716560500016
1080,0.466,4,16,4,442479,233965,26332,99924,1.8531000506906603,0.29927311172275817
1081,0.4662,0,1,0,442480,233964,26332,99924,1.8530921302749968,0.2992740080506038
1082,0.4667,9,123,9,442603,233841,26341,99915,1.852117919148397,0.2993654046668824
1083,0.4671,1,2,1,442605,233839,26342,99914,1.85210207831707,0.29936509933993105
1084,0.4675,7,45,7,442650,233794,26349,99907,1.8517456596122164,0.2993907719785077
1085,0.4677,0,2,0,442652,233792,26349,99907,1.8517298187808897,0.2993925663547089
1086,0.468,1,16,1,442668,233776,26350,99906,1.851603092130275,0.29940482255560685
1087,0.4683,3,11,3,442679,233765,26353,99903,1.8515159675579775,0.29940839397245167
1088,0.4686,0,2,0,442681,233763,26353,99903,1.8515001267266507,0.2994101886317455
1089,0.4687,0,1,0,442682,233762,26353,99903,1.851492206310987,0.29941108596946037
1090,0.4688,0,1,0,442683,233761,26353,99903,1.8514842858953238,0.2994119833125539
1091,0.469,1,2,1,442685,233759,26354,99902,1.8514684450639969,0.2994116783202112
1092,0.4692,1,3,1,442688,233756,26355,99901,1.8514446838170067,0.2994122706851647
1093,0.4695,1,0,1,442688,233756,26356,99900,1.8514446838170067,0.29941017095451605
1094,0.47,1692,11608,1692,454296,222148,28048,98208,1.7595044987960968,0.30655895316460435
1095,0.4703,0,1,0,454297,222147,28048,98208,1.7594965783804335,0.3065599100997331
1096,0.4707,0,1,0,454298,222146,28048,98208,1.75948865796477,0.30656086704083607
1097,0.4708,2,3,2,454301,222143,28050,98206,1.7594648967177797,0.30655940864494663
1098,0.4712,0,1,0,454302,222142,28050,98206,1.7594569763021164,0.3065603656024074
1099,0.4713,0,1,0,454303,222141,28050,98206,1.7594490558864528,0.3065613225658427
1100,0.4714,0,1,0,454304,222140,28050,98206,1.7594411354707895,0.3065622795352525
1101,0.4715,0,1,0,454305,222139,28050,98206,1.7594332150551262,0.306563236510637
1102,0.4717,2,16,2,454321,222123,28052,98204,1.7593064884045115,0.3065742194694796
1103,0.4719,0,1,0,454322,222122,28052,98204,1.759298567988848,0.306575176538901
1104,0.472,2,15,2,454337,222107,28054,98202,1.759179761753897,0.3065852036627132
1105,0.4721,0,1,0,454338,222106,28054,98202,1.7591718413382333,0.30658616082021056
1106,0.4725,5,44,5,454382,222062,28059,98197,1.7588233430490432,0.3066174564961484
1107,0.4729,0,2,0,454384,222060,28059,98197,1.7588075022177163,0.3066193713174107
1108,0.4733,9,93,9,454477,221967,28068,98188,1.758070903561019,0.3066889475410348
1109,0.474,4,16,4,454493,221951,28072,98184,1.7579441769104043,0.3066956127883549
1110,0.4742,1,3,1,454496,221948,28073,98183,1.757920415663414,0.3066963211935114
1111,0.4743,0,3,0,454499,221945,28073,98183,1.7578966544164238,0.30669919532187123
1112,0.4744,0,2,0,454501,221943,28073,98183,1.757880813585097,0.30670111143737155
1113,0.4745,0,1,0,454502,221942,28073,98183,1.7578728931694336,0.30670206950409995
1114,0.475,50,289,50,454791,221653,28123,98133,1.7555838930427068,0.3068708448775118
1115,0.4757,2,1,2,454792,221652,28125,98131,1.7555759726270435,0.30686746950275656
1116,0.4758,0,2,0,454794,221650,28125,98131,1.7555601317957166,0.3068693887379175
1117,0.476,1,17,1,454811,221633,28126,98130,1.7554254847294386,0.3068835356185675
1118,0.4762,0,3,0,454814,221630,28126,98130,1.7554017234824484,0.30688641481110834
1119,0.4767,27,108,27,454922,221522,28153,98103,1.7545463185907997,0.30693156042236996
1120,0.477,0,3,0,454925,221519,28153,98103,1.7545225573438095,0.306934441308796
1121,0.4771,0,5,0,454930,221514,28153,98103,1.7544829552654924,0.30693924290635355
1122,0.4773,1,1,1,454931,221513,28154,98102,1.754475034849829,0.3069380348231466
1123,0.4775,10,50,10,454981,221463,28164,98092,1.7540790140666582,0.3069643723302718
1124,0.478,2,11,2,454992,221452,28166,98090,1.7539918894943607,0.3069706016736454
1125,0.4783,2,12,2,455004,221440,28168,98088,1.7538968445063996,0.30697779224355926
1126,0.479,0,2,0,455006,221438,28168,98088,1.753881003675073,0.3069797137009195
1127,0.4792,0,3,0,455009,221435,28168,98088,1.7538572424280827,0.30698259593206123
1128,0.48,1686,11256,1686,466265,210179,29854,96402,1.6647050437206945,0.3144421865673346
1129,0.4805,0,1,0,466266,210178,29854,96402,1.664697123305031,0.31444321221214694
1130,0.4807,1,0,1,466266,210178,29855,96401,1.664697123305031,0.314440976061635
1131,0.4808,0,2,0,466268,210176,29855,96401,1.6646812824737043,0.3144430273634356
1132,0.4813,0,1,0,466269,210175,29855,96401,1.6646733620580407,0.31444405302437245
1133,0.4814,0,1,0,466270,210174,29855,96401,1.6646654416423774,0.31444507869200033
1134,0.4817,0,12,0,466282,210162,29855,96401,1.6645703966544165,0.31445738722546424
1135,0.4819,0,1,0,466283,210161,29855,96401,1.664562476238753,0.3144584129800823
1136,0.482,0,5,0,466288,210156,29855,96401,1.6645228741604359,0.31446354185355413
1137,0.4825,5,51,5,466339,210105,29860,96396,1.6641189329616017,0.3145046835083736
1138,0.4827,0,2,0,466341,210103,29860,96396,1.664103092130275,0.3145067357479143
1139,0.4829,0,2,0,466343,210101,29860,96396,1.6640872512989482,0.3145087880142383
1140,0.483,0,1,0,466344,210100,29860,96396,1.6640793308832849,0.31450981415744417
1141,0.4832,0,1,0,466345,210099,29860,96396,1.6640714104676213,0.31451084030734594
1142,0.4833,12,85,12,466430,210014,29872,96384,1.6633981751362312,0.3145712439376236
1143,0.484,4,21,4,466451,209993,29876,96380,1.6632318464072995,0.3145838569325626
1144,0.4842,0,3,0,466454,209990,29876,96380,1.6632080851603093,0.3145869373633189
1145,0.485,51,236,51,466690,209754,29927,96329,1.6613388670637435,0.31471528964365875
1146,0.4855,0,1,0,466691,209753,29927,96329,1.6613309466480801,0.3147163178494652
1147,0.4857,2,0,2,466691,209753,29929,96327,1.6613309466480801,0.3147118400418191
1148,0.4858,0,1,0,466692,209752,29929,96327,1.6613230262324166,0.31471286824643313
1149,0.486,3,21,3,466713,209731,29932,96324,1.661156697503485,0.3147277450131512
1150,0.4862,1,3,1,466716,209728,29933,96323,1.6611329362564948,0.3147285909864696
1151,0.4863,0,1,0,466717,209727,29933,96323,1.6611250158408313,0.31472961934324456
1152,0.4867,16,117,16,466834,209610,29949,96307,1.660198327208212,0.31481414893582244
1153,0.487,0,2,0,466836,209608,29949,96307,1.660182486376885,0.31481620711635583
1154,0.4871,0,1,0,466837,209607,29949,96307,1.6601745659612217,0.3148172362167145
1155,0.4873,0,1,0,466838,209606,29949,96307,1.6601666455455582,0.3148182653238012
1156,0.4875,5,43,5,466881,209563,29954,96302,1.6598260676720313,0.31485132329622545
1157,0.488,3,12,3,466893,209551,29957,96299,1.6597310226840705,0.3148569560241949
1158,0.4882,0,1,0,466894,209550,29957,96299,1.6597231022684071,0.3148579854764933
1159,0.4883,3,13,3,466907,209537,29960,96296,1.6596201368647827,0.31486464835384015
1160,0.4886,0,1,0,466908,209536,29960,96296,1.6596122164491192,0.31486567788851394
1161,0.4889,0,1,0,466909,209535,29960,96296,1.6596042960334558,0.31486670742992046
1162,0.4892,0,1,0,466910,209534,29960,96296,1.6595963756177925,0.3148677369780597
1163,0.4893,1,0,1,466910,209534,29961,96295,1.6595963756177925,0.3148654967318338
1164,0.4899,0,1,0,466911,209533,29961,96295,1.659588455202129,0.31486652628274714
1165,0.49,1777,11291,1777,478202,198242,31738,94518,1.5701590419465214,0.3228514824429567
1166,0.4903,0,1,0,478203,198241,31738,94518,1.570151121530858,0.3228525852322217
1167,0.491,1,1,1,478204,198240,31739,94517,1.5701432011151946,0.3228513750311692
1168,0.4917,1,9,1,478213,198231,31740,94516,1.5700719173742237,0.32285898745333
1169,0.492,1,7,1,478220,198224,31741,94515,1.57001647446458,0.322864394563075
1170,0.4925,7,50,7,478270,198174,31748,94508,1.5696204536814091,0.3229033558606269
1171,0.4929,0,1,0,478271,198173,31748,94508,1.5696125332657458,0.32290445912102256
1172,0.493,0,2,0,478273,198171,31748,94508,1.569596692434419,0.322906665664431
1173,0.4932,1,0,1,478273,198171,31749,94507,1.569596692434419,0.3229043522232624
1174,0.4933,24,110,24,478383,198061,31773,94483,1.5687254467114433,0.3229702198643623
1175,0.4938,0,1,0,478384,198060,31773,94483,1.56871752629578,0.3229713238737553
1176,0.494,0,18,0,478402,198042,31773,94483,1.5685749588138385,0.32299119733356124
1177,0.4942,0,2,0,478404,198040,31773,94483,1.5685591179825118,0.32299340564673545
1178,0.4945,0,1,0,478405,198039,31773,94483,1.5685511975668482,0.32299450981464645
1179,0.4948,1,0,1,478405,198039,31774,94482,1.5685511975668482,0.3229921954321228
1180,0.495,36,267,36,478672,197772,31810,94446,1.5664364465847167,0.32320390941009797
1181,0.4953,1,0,1,478672,197772,31811,94445,1.5664364465847167,0.32320159333645887
1182,0.4957,0,1,0,478673,197771,31811,94445,1.5664285261690534,0.3232026993730665
1183,0.4958,0,1,0,478674,197770,31811,94445,1.56642060575339,0.32320380541724414
1184,0.496,4,18,4,478692,197752,31815,94441,1.5662780382714485,0.3232144507226388
1185,0.4967,11,94,11,478786,197658,31826,94430,1.5655335191990876,0.3232929801977486
1186,0.4971,0,3,0,478789,197655,31826,94430,1.5655097579520973,0.32329630073437526
1187,0.4973,0,1,0,478790,197654,31826,94430,1.565501837536434,0.3232974075950754
1188,0.4975,6,37,6,478827,197617,31832,94424,1.5652087821568876,0.32332446471557075
1189,0.498,1,14,1,478841,197603,31833,94423,1.5650978963375999,0.32333764801764225
1190,0.4983,2,15,2,478856,197588,31835,94421,1.5649790901026486,0.3233496227855991
1191,0.4986,0,1,0,478857,197587,31835,94421,1.5649711696869852,0.3233507301169831
1192,0.4987,0,1,0,478858,197586,31835,94421,1.5649632492713217,0.3233518374559514
1193,0.499,0,2,0,478860,197584,31835,94421,1.564947408439995,0.32335405215664115
1194,0.4992,0,2,0,478862,197582,31835,94421,1.5649315676086681,0.32335626688766894
1195,0.5,1887,10785,1887,489647,186797,33722,92534,1.479509884678748,0.33127007027505
1196,0.5002,0,1,0,489648,186796,33722,92534,1.4795019642630844,0.3312712562202413
1197,0.5007,1,1,1,489649,186795,33723,92533,1.4794940438474211,0.33127004811547717
1198,0.5008,0,3,0,489652,186792,33723,92533,1.479470282600431,0.33127360601449923
1199,0.501,0,3,0,489655,186789,33723,92533,1.4794465213534407,0.3312771639899471
1200,0.5017,0,8,0,489663,186781,33723,92533,1.4793831580281334,0.3312866522981304
1201,0.502,1,6,1,489669,186775,33724,92532,1.479335635534153,0.33129137472387016
1202,0.5024,0,1,0,489670,186774,33724,92532,1.4793277151184894,0.3312925608472428
1203,0.5025,6,52,6,489722,186722,33730,92526,1.478915853503992,0.3313398842605856
1204,0.5032,0,1,0,489723,186721,33730,92526,1.4789079330883286,0.33134107080828085
1205,0.5033,17,125,17,489848,186596,33747,92509,1.4779178811304017,0.33144873793016966
1206,0.5035,0,3,0,489851,186593,33747,92509,1.4778941198834115,0.3314523005926149
1207,0.504,1,21,1,489872,186572,33748,92508,1.4777277911544797,0.3314748459223162
1208,0.5042,0,3,0,489875,186569,33748,92508,1.4777040299074895,0.33147840918456195
1209,0.5043,1,2,1,489877,186567,33749,92507,1.4776881890761626,0.3314783892444298
1210,0.5044,1,0,1,489877,186567,33750,92506,1.4776881890761626,0.3314759937364059
1211,0.5047,0,2,0,489879,186565,33750,92506,1.477672348244836,0.3314783693038689
1212,0.505,43,269,43,490148,186296,33793,92463,1.4755417564313775,0.3316951201575555
1213,0.5052,0,1,0,490149,186295,33793,92463,1.4755338360157142,0.33169631006105654
1214,0.5055,1,1,1,490150,186294,33794,92462,1.4755259156000506,0.3316951025269411
1215,0.5057,1,4,1,490154,186290,33795,92461,1.475494233937397,0.33169746476245826
1216,0.5058,1,2,1,490156,186288,33796,92460,1.4754783931060702,0.3316974471565715
1217,0.506,4,27,4,490183,186261,33800,92456,1.475264541883158,0.3317199883753054
1218,0.5062,1,0,1,490183,186261,33801,92455,1.475264541883158,0.3317175906657673
1219,0.5067,13,97,13,490280,186164,33814,92442,1.4744962615638069,0.3318018994565803
1220,0.507,1,0,1,490280,186164,33815,92441,1.4744962615638069,0.3317995010857666
1221,0.5071,1,1,1,490281,186163,33816,92440,1.4744883411481435,0.3317982936292861
1222,0.5075,7,33,7,490314,186130,33823,92433,1.4742269674312507,0.33182080893729604
1223,0.5077,0,2,0,490316,186128,33823,92433,1.474211126599924,0.3318231913297267
1224,0.5079,0,1,0,490317,186127,33823,92433,1.4742032061842605,0.33182438253877083
1225,0.508,1,11,1,490328,186116,33824,92432,1.474116081611963,0.3318350876689116
1226,0.5083,4,13,4,490341,186103,33828,92428,1.4740131162083385,0.3318409799986357
1227,0.5086,1,0,1,490341,186103,33829,92427,1.4740131162083385,0.33183858112232073
1228,0.5087,1,0,1,490341,186103,33830,92426,1.4740131162083385,0.3318361822287805
1229,0.5093,0,2,0,490343,186101,33830,92426,1.4739972753770119,0.33183856502242154
1230,0.5096,0,1,0,490344,186100,33830,92426,1.4739893549613483,0.3318397564320746
1231,0.51,1820,10544,1820,500888,175556,35650,90606,1.390476492206311,0.340416738677948
1232,0.5105,0,1,0,500889,175555,35650,90606,1.3904685717906475,0.34041801766599916
1233,0.5107,1,1,1,500890,175554,35651,90605,1.3904606513749842,0.3404168185182541
1234,0.5108,1,4,1,500894,175550,35652,90604,1.3904289697123304,0.3404194564049385
1235,0.511,1,0,1,500894,175550,35653,90603,1.3904289697123304,0.340416978204266
1236,0.5113,1,0,1,500894,175550,35654,90602,1.3904289697123304,0.340414499984971
1237,0.5117,4,11,4,500905,175539,35658,90598,1.390341845140033,0.34041865655658554
1238,0.512,2,9,2,500914,175530,35660,90596,1.3902705613990622,0.3404252121175684
1239,0.5124,0,1,0,500915,175529,35660,90596,1.390262640983399,0.3404264913104744
1240,0.5125,5,41,5,500956,175488,35665,90591,1.3899379039411988,0.3404665531665408
1241,0.5127,0,1,0,500957,175487,35665,90591,1.3899299835255354,0.34046783274077524
1242,0.5129,0,1,0,500958,175486,35665,90591,1.389922063109872,0.34046911232462784
1243,0.5132,0,1,0,500959,175485,35665,90591,1.3899141426942085,0.3404703919180986
1244,0.5133,16,96,16,501055,175389,35681,90575,1.389153782790521,0.3405536087590802
1245,0.5135,0,1,0,501056,175388,35681,90575,1.3891458623748574,0.3405548892139132
1246,0.514,5,19,5,501075,175369,35686,90570,1.3889953744772525,0.3405668217147541
1247,0.5142,1,0,1,501075,175369,35687,90569,1.3889953744772525,0.34056434206469177
1248,0.5143,0,1,0,501076,175368,35687,90569,1.3889874540615892,0.340565622685072
1249,0.5144,1,0,1,501076,175368,35688,90568,1.3889874540615892,0.3405631430118525
1250,0.5146,0,1,0,501077,175367,35688,90568,1.3889795336459256,0.340564423637355
1251,0.515,33,238,33,501315,175129,35721,90535,1.3870944747180332,0.3407876114189352
1252,0.5153,0,1,0,501316,175128,35721,90535,1.3870865543023698,0.3407888942005473
1253,0.5157,1,2,1,501318,175126,35722,90534,1.387070713471043,0.3407889783934352
1254,0.5158,2,2,2,501320,175124,35724,90532,1.387054872639716,0.3407865811425302
1255,0.516,3,20,3,501340,175104,35727,90529,1.3868964643264479,0.3408047945850101
1256,0.5165,0,1,0,501341,175103,35727,90529,1.3868885439107845,0.34080607758101433
1257,0.5167,21,93,21,501434,175010,35748,90508,1.386151945254087,0.34087331179053776
1258,0.5171,1,3,1,501437,175007,35749,90507,1.3861281840070967,0.34087468080779165
1259,0.5175,6,44,6,501481,174963,35755,90501,1.3857796857179066,0.3409162824337763
1260,0.5177,0,1,0,501482,174962,35755,90501,1.385771765302243,0.3409175666665411
1261,0.518,1,14,1,501496,174948,35756,90500,1.3856608794829552,0.3409330641029505
1262,0.5183,1,9,1,501505,174939,35757,90499,1.3855895957419846,0.34094214091426245
1263,0.5187,1,0,1,501505,174939,35758,90498,1.3855895957419846,0.340939657997943
1264,0.5192,1,3,1,501508,174936,35759,90497,1.3855658344949944,0.3409410284327872
1265,0.5193,0,1,0,501509,174935,35759,90497,1.3855579140793308,0.3409423129087676
1266,0.52,1951,10040,1951,511549,164895,37710,88546,1.306036940818654,0.3493751997506323
1267,0.5205,0,1,0,511550,164894,37710,88546,1.3060290204029907,0.3493765782828283
1268,0.5208,1,4,1,511554,164890,37711,88545,1.3059973387403372,0.34937952532207467
1269,0.521,0,3,0,511557,164887,37711,88545,1.3059735774933467,0.3493836611004135
1270,0.5213,0,1,0,511558,164886,37711,88545,1.3059656570776834,0.349385039714952
1271,0.5214,1,0,1,511558,164886,37712,88544,1.3059656570776834,0.34938247247760723
1272,0.5217,0,16,0,511574,164870,37712,88544,1.3058389304270688,0.3494045317149013
1273,0.522,0,8,0,511582,164862,37712,88544,1.3057755671017615,0.34941556237815996
1274,0.5222,1,0,1,511582,164862,37713,88543,1.3057755671017615,0.34941299500799117
1275,0.5225,6,40,6,511622,164822,37719,88537,1.3054587504752249,0.3494527528132018
1276,0.5227,0,2,0,511624,164820,37719,88537,1.3054429096438982,0.3494555113930146
1277,0.523,1,2,1,511626,164818,37720,88536,1.3054270688125713,0.3494557022979704
1278,0.5233,8,106,8,511732,164712,37728,88528,1.3045875047522495,0.34958142473542886
1279,0.5235,1,1,1,511733,164711,37729,88527,1.304579584336586,0.34958023677331207
1280,0.524,2,23,2,511756,164688,37731,88525,1.3043974147763275,0.3496068527287304
1281,0.5242,0,1,0,511757,164687,37731,88525,1.304389494360664,0.34960823341705766
1282,0.5243,1,3,1,511760,164684,37732,88524,1.3043657331136738,0.3496098069571262
1283,0.5245,0,1,0,511761,164683,37732,88524,1.3043578126980104,0.3496111876843847
1284,0.525,37,220,37,511981,164463,37769,88487,1.3026153212520593,0.3498201225538644
1285,0.5257,1,1,1,511982,164462,37770,88486,1.302607400836396,0.34981893511709916
1286,0.5258,0,1,0,511983,164461,37770,88486,1.3025994804207324,0.34982031809035097
1287,0.526,5,16,5,511999,164445,37775,88481,1.302472753770118,0.3498295944268284
1288,0.5265,0,1,0,512000,164444,37775,88481,1.3024648333544544,0.3498309775625185
1289,0.5267,13,93,13,512093,164351,37788,88468,1.301728234697757,0.34992623181010923
1290,0.5268,1,0,1,512093,164351,37789,88467,1.301728234697757,0.34992366049885687
1291,0.5271,1,3,1,512096,164348,37790,88466,1.3017044734507668,0.34992524148188
1292,0.5273,0,2,0,512098,164346,37790,88466,1.30168863261944,0.3499280097463728
1293,0.5275,10,32,10,512130,164314,37800,88456,1.3014351793182106,0.34994659176326304
1294,0.528,1,9,1,512139,164305,37801,88455,1.30136389557724,0.3499564804557683
1295,0.5282,0,3,0,512142,164302,37801,88455,1.3013401343302498,0.34996063412684913
1296,0.5283,2,15,2,512157,164287,37803,88453,1.3012213280952984,0.34997626018833583
1297,0.5289,1,0,1,512157,164287,37804,88452,1.3012213280952984,0.34997368827129965
1298,0.5292,0,3,0,512160,164284,37804,88452,1.3011975668483082,0.34997784249177005
1299,0.53,2010,9962,2010,522122,154322,39814,86442,1.2222943860093778,0.35903208120815405
1300,0.5302,0,1,0,522123,154321,39814,86442,1.2222864655937145,0.3590335724343026
1301,0.5307,0,1,0,522124,154320,39814,86442,1.222278545178051,0.3590350636728387
1302,0.5308,3,4,3,522128,154316,39817,86439,1.2222468635153974,0.3590330418890573
1303,0.5309,1,2,1,522130,154314,39818,86438,1.2222310226840705,0.35903336213198644
1304,0.531,0,1,0,522131,154313,39818,86438,1.2222231022684071,0.35903485343778424
1305,0.5317,1,4,1,522135,154309,39819,86437,1.2221914206057534,0.3590381563971987
1306,0.5318,0,1,0,522136,154308,39819,86437,1.22218350019009,0.3590396477600781
1307,0.532,0,4,0,522140,154304,39819,86437,1.2221518185274363,0.35904561333549334
1308,0.5322,0,1,0,522141,154303,39819,86437,1.222143898111773,0.35904710476032237
1309,0.5323,0,2,0,522143,154301,39819,86437,1.222128057280446,0.3590500876471517
1310,0.5325,8,34,8,522177,154267,39827,86429,1.22185876314789,0.359079502775285
1311,0.5327,0,2,0,522179,154265,39827,86429,1.2218429223165632,0.3590824864766051
1312,0.5329,1,3,1,522182,154262,39828,86428,1.221819161069573,0.3590842993061614
1313,0.533,0,2,0,522184,154260,39828,86428,1.2218033202382461,0.3590872831217177
1314,0.5332,0,1,0,522185,154259,39828,86428,1.2217953998225828,0.3590887750480915
1315,0.5333,14,91,14,522276,154168,39842,86414,1.221074641997212,0.3591873041208403
1316,0.534,1,20,1,522296,154148,39843,86413,1.2209162336839436,0.3592145027664501
1317,0.5342,1,2,1,522298,154146,39844,86412,1.220900392852617,0.35921482553064127
1318,0.5343,0,1,0,522299,154145,39844,86412,1.2208924724369534,0.3592163187934668
1319,0.5345,0,1,0,522300,154144,39844,86412,1.22088455202129,0.3592178120687075
1320,0.5347,0,4,0,522304,154140,39844,86412,1.2208528703586363,0.3592237852938242
1321,0.535,33,209,33,522513,153931,39877,86379,1.219197503484983,0.3594482127252299
1322,0.5353,0,1,0,522514,153930,39877,86379,1.2191895830693196,0.35944970850030583
1323,0.5357,1,4,1,522518,153926,39878,86378,1.2191579014066658,0.3594530261668553
1324,0.5358,0,2,0,522520,153924,39878,86378,1.219142060575339,0.3594560178442127
1325,0.536,6,15,6,522535,153909,39884,86372,1.2190232543403878,0.35946246269992216
1326,0.5362,0,2,0,522537,153907,39884,86372,1.219007413509061,0.35946545474219554
1327,0.5367,18,96,18,522633,153811,39902,86354,1.218247053605373,0.3595611350529844
1328,0.537,0,2,0,522635,153809,39902,86354,1.2182312127740464,0.35956412936214155
1329,0.5373,0,1,0,522636,153808,39902,86354,1.218223292358383,0.3595656265354219
1330,0.5375,7,37,7,522673,153771,39909,86347,1.2179302369788367,0.35960236217193214
1331,0.5377,0,1,0,522674,153770,39909,86347,1.2179223165631732,0.35960385978502146
1332,0.5378,0,1,0,522675,153769,39909,86347,1.2179143961475098,0.35960535741058486
1333,0.538,0,4,0,522679,153765,39909,86347,1.217882714484856,0.35961134803758243
1334,0.5383,3,11,3,522690,153754,39912,86344,1.2177955899125585,0.359619821906055
1335,0.5386,0,1,0,522691,153753,39912,86344,1.2177876694968952,0.35962131971661454
1336,0.5387,0,1,0,522692,153752,39912,86344,1.2177797490812319,0.3596228175396508
1337,0.539,2,2,2,522694,153750,39914,86342,1.217763908249905,0.3596204788164537
1338,0.5392,0,4,0,522698,153746,39914,86342,1.2177322265872512,0.35962647029422545
1339,0.5393,1,1,1,522699,153745,39915,86341,1.217724306171588,0.35962530093383205
1340,0.5397,0,1,0,522700,153744,39915,86341,1.2177163857559246,0.35962679884207677
1341,0.54,1996,9393,1996,532093,144351,41911,84345,1.1433199214294767,0.3688083744359324
1342,0.5405,0,1,0,532094,144350,41911,84345,1.1433120010138131,0.36880998710072366
1343,0.5407,1,2,1,532096,144348,41912,84344,1.1432961601824865,0.36881045248631344
1344,0.5408,0,6,0,532102,144342,41912,84344,1.1432486376885058,0.3688201289103837
1345,0.541,0,2,0,532104,144340,41912,84344,1.1432327968571792,0.36882335449790976
1346,0.5414,0,1,0,532105,144339,41912,84344,1.1432248764415156,0.36882496731283043
1347,0.5415,0,1,0,532106,144338,41912,84344,1.1432169560258523,0.3688265801418564
1348,0.5417,0,17,0,532123,144321,41912,84344,1.1430823089595743,0.3688540003935889
1349,0.542,2,7,2,532130,144314,41914,84342,1.1430268660499303,0.3688597718844028
1350,0.5425,4,36,4,532166,144278,41918,84338,1.1427417310860475,0.3689068131714316
1351,0.5427,1,2,1,532168,144276,41919,84337,1.1427258902547206,0.3689072799884521
1352,0.5429,0,2,0,532170,144274,41919,84337,1.1427100494233937,0.36891050736841186
1353,0.543,0,1,0,532171,144273,41919,84337,1.1427021290077304,0.36891212107956783
1354,0.5433,24,97,24,532268,144176,41943,84313,1.1419338486883792,0.3690024465072717
1355,0.5438,0,1,0,532269,144175,41943,84313,1.1419259282727157,0.3690040614824411
1356,0.544,4,16,4,532285,144159,41947,84309,1.141799201622101,0.3690188560323546
1357,0.5442,1,1,1,532286,144158,41948,84308,1.1417912812064377,0.3690177094184693
1358,0.5443,0,2,0,532288,144156,41948,84308,1.1417754403751108,0.3690209398417256
1359,0.5448,0,1,0,532289,144155,41948,84308,1.1417675199594475,0.3690225550745635
1360,0.545,36,234,36,532523,143921,41984,84272,1.1399141426942085,0.3693014246712213
1361,0.5452,0,1,0,532524,143920,41984,84272,1.1399062222785452,0.36930304305146544
1362,0.5455,0,1,0,532525,143919,41984,84272,1.1398983018628817,0.369304661445894
1363,0.5457,0,2,0,532527,143917,41984,84272,1.139882461031555,0.3693078982773052
1364,0.5458,0,2,0,532529,143915,41984,84272,1.139866620200228,0.3693111351654564
1365,0.546,7,17,7,532546,143898,41991,84265,1.1397319731339501,0.36931930242852695
1366,0.5465,1,1,1,532547,143897,41992,84264,1.1397240527182866,0.3693181569155114
1367,0.5467,16,85,16,532632,143812,42008,84248,1.1390508173868965,0.3694115583618346
1368,0.5475,4,35,4,532667,143777,42012,84244,1.138773602838677,0.36945719911762515
1369,0.548,0,6,0,532673,143771,42012,84244,1.1387260803446966,0.36946692103589673
1370,0.5483,0,9,0,532682,143762,42012,84244,1.1386547966037257,0.3694815048726788
1371,0.5485,1,1,1,532683,143761,42013,84243,1.1386468761880624,0.36948035999368434
1372,0.5488,0,1,0,532684,143760,42013,84243,1.138638955772399,0.3694819805002566
1373,0.5489,0,1,0,532685,143759,42013,84243,1.1386310353567355,0.36948360102104366
1374,0.5492,0,6,0,532691,143753,42013,84243,1.138583512862755,0.3694933244442885
1375,0.5493,1,0,1,532691,143753,42014,84242,1.138583512862755,0.36949055900348693
1376,0.5494,0,1,0,532692,143752,42014,84242,1.1385755924470917,0.3694921796187619
1377,0.5495,0,3,0,532695,143749,42014,84242,1.1385518312001013,0.3694970415498857
1378,0.5498,0,1,0,532696,143748,42014,84242,1.138543910784438,0.36949866222202726
1379,0.55,2160,8916,2160,541612,134832,44174,82082,1.0679254847294386,0.3784080326765446
1380,0.5507,1,0,1,541612,134832,44175,82081,1.0679254847294386,0.3784051670485402
1381,0.551,1,0,1,541612,134832,44176,82080,1.0679254847294386,0.37840230139411374
1382,0.5514,0,1,0,541613,134831,44176,82080,1.0679175643137753,0.3784040458990093
1383,0.5517,2,12,2,541625,134819,44178,82078,1.0678225193258142,0.378419249689945
1384,0.552,1,9,1,541634,134810,44179,82077,1.0677512355848435,0.3784320867548539
1385,0.5523,1,0,1,541634,134810,44180,82076,1.0677512355848435,0.3784292208810158
1386,0.5525,7,40,7,541674,134770,44187,82069,1.067434418958307,0.37847896365506206
1387,0.5533,27,84,27,541758,134686,44214,82042,1.0667691040425802,0.3785482263482337
1388,0.5538,2,1,2,541759,134685,44216,82040,1.0667611836269166,0.3785442380897451
1389,0.554,1,16,1,541775,134669,44217,82039,1.0666344569763022,0.378569319083744
1390,0.5542,0,3,0,541778,134666,44217,82039,1.0666106957293118,0.3785745598855587
1391,0.5543,0,2,0,541780,134664,44217,82039,1.0665948548979851,0.37857805383404936
1392,0.5545,0,1,0,541781,134663,44217,82039,1.0665869344823216,0.3785798008324796
1393,0.5547,1,1,1,541782,134662,44218,82038,1.0665790140666582,0.3785786802030457
1394,0.5548,1,0,1,541782,134662,44219,82037,1.0665790140666582,0.3785758125325913
1395,0.555,35,201,35,541983,134461,44254,82002,1.064987010518312,0.37882686648526537
1396,0.5557,1,1,1,541984,134460,44255,82001,1.0649790901026486,0.3788257469012894
1397,0.5558,0,1,0,541985,134459,44255,82001,1.0649711696869852,0.37882749699713575
1398,0.556,3,22,3,542007,134437,44258,81998,1.0647969205423902,0.37885739367477533
1399,0.5565,0,1,0,542008,134436,44258,81998,1.0647890001267266,0.378859144127078
1400,0.5567,15,120,15,542128,134316,44273,81983,1.063838550247117,0.3790262553224934
1401,0.557,0,1,0,542129,134315,44273,81983,1.0638306298314535,0.37902800765610406
1402,0.5571,0,3,0,542132,134312,44273,81983,1.0638068685844633,0.3790332647541552
1403,0.5575,3,32,3,542164,134280,44276,81980,1.063553415283234,0.3790807361509294
1404,0.5577,0,1,0,542165,134279,44276,81980,1.0635454948675707,0.37908248905247877
1405,0.558,3,10,3,542175,134269,44279,81977,1.0634662907109365,0.37909140515893935
1406,0.5583,1,9,1,542184,134260,44280,81976,1.0633950069699658,0.3791043119554561
1407,0.5587,0,1,0,542185,134259,44280,81976,1.0633870865543025,0.3791060651605892
1408,0.559,2,2,2,542187,134257,44282,81974,1.0633712457229756,0.3791038287757075
1409,0.5592,0,2,0,542189,134255,44282,81974,1.0633554048916487,0.37910733527880164
1410,0.5593,1,1,1,542190,134254,44283,81973,1.0633474844759854,0.37910621707742326
1411,0.5595,0,1,0,542191,134253,44283,81973,1.0633395640603218,0.379107970364341
1412,0.56,2099,8760,2099,550951,125493,46382,79874,0.9939567228488151,0.3889329833907103
1413,0.5602,0,1,0,550952,125492,46382,79874,0.9939488024331516,0.3889348772435554
1414,0.5609,1,0,1,550952,125492,46383,79873,0.9939488024331516,0.38893190173593356
1415,0.561,0,2,0,550954,125490,46383,79873,0.9939329616018249,0.3889356894864216
1416,0.5611,0,1,0,550955,125489,46383,79873,0.9939250411861614,0.388937583389332
1417,0.5612,0,2,0,550957,125487,46383,79873,0.9939092003548347,0.38894137125048694
1418,0.5617,2,10,2,550967,125477,46385,79871,0.9938299961982004,0.3889543604028284
1419,0.562,2,3,2,550970,125474,46387,79869,0.9938062349512102,0.38895409144699356
1420,0.5623,0,1,0,550971,125473,46387,79869,0.9937983145355468,0.3889559856239834
1421,0.5625,4,25,4,550996,125448,46391,79865,0.9936003041439615,0.388991442334387
1422,0.5627,0,1,0,550997,125447,46391,79865,0.9935923837282981,0.3889933369700748
1423,0.5629,1,0,1,550997,125447,46392,79864,0.9935923837282981,0.38899036096458545
1424,0.5633,15,83,15,551080,125364,46407,79849,0.9929349892282346,0.3891030295351659
1425,0.5637,0,1,0,551081,125363,46407,79849,0.9929270688125713,0.3891049256378769
1426,0.564,3,11,3,551092,125352,46410,79846,0.9928399442402738,0.38911685299076987
1427,0.5642,0,1,0,551093,125351,46410,79846,0.9928320238246103,0.38911874929945367
1428,0.5643,1,1,1,551094,125350,46411,79845,0.9928241034089469,0.3891176685591754
1429,0.565,50,195,50,551289,125155,46461,79795,0.9912796223545811,0.38933886313735055
1430,0.5653,0,1,0,551290,125154,46461,79795,0.9912717019389178,0.38934076282392205
1431,0.5657,1,2,1,551292,125152,46462,79794,0.9912558611075909,0.38934158266079844
1432,0.566,4,5,4,551297,125147,46466,79790,0.9912162590292739,0.3893391627670943
1433,0.5667,22,76,22,551373,125071,46488,79768,0.9906143074388544,0.38941803074609815
1434,0.5671,1,0,1,551373,125071,46489,79767,0.9906143074388544,0.3894150499419053
1435,0.5672,0,1,0,551374,125070,46489,79767,0.9906063870231909,0.3894169510391189
1436,0.5675,5,35,5,551409,125035,46494,79762,0.9903291724749715,0.38946859573138276
1437,0.5678,0,1,0,551410,125034,46494,79762,0.9903212520593081,0.3894704974706537
1438,0.568,3,2,3,551412,125032,46497,79759,0.9903054112279812,0.3894653573643373
1439,0.5682,0,1,0,551413,125031,46497,79759,0.9902974908123179,0.3894672591435129
1440,0.5683,3,10,3,551423,125021,46500,79756,0.9902182866556837,0.3894773338802698
1441,0.569,1,3,1,551426,125018,46501,79755,0.9901945254086935,0.38948005840613753
1442,0.5692,3,2,3,551428,125016,46504,79752,0.9901786845773666,0.3894749179559306
1443,0.57,2167,8363,2167,559791,116653,48671,77585,0.9239402483842352,0.39943265478433676
1444,0.5708,1,2,1,559793,116651,48672,77584,0.9239244075529084,0.3994336757021134
1445,0.5717,2,7,2,559800,116644,48674,77582,0.9238689646432645,0.39944188728594526
1446,0.5718,0,1,0,559801,116643,48674,77582,0.9238610442276011,0.3994439438795212
1447,0.572,0,2,0,559803,116641,48674,77582,0.9238452033962742,0.399448057130206
1448,0.5725,10,28,10,559831,116613,48684,77572,0.9236234317576987,0.3994747277081134
1449,0.5728,0,1,0,559832,116612,48684,77572,0.9236155113420352,0.3994767849050385
1450,0.5729,0,1,0,559833,116611,48684,77572,0.9236075909263718,0.3994788421231519
1451,0.5732,0,1,0,559834,116610,48684,77572,0.9235996705107083,0.3994808993624538
1452,0.5733,10,78,10,559912,116532,48694,77562,0.9229818780889621,0.39961049800612075
1453,0.5737,0,1,0,559913,116531,48694,77562,0.9229739576732987,0.39961255686706887
1454,0.5738,0,1,0,559914,116530,48694,77562,0.9229660372576353,0.39961461574923235
1455,0.574,1,9,1,559923,116521,48695,77561,0.9228947535166645,0.3996300532764502
1456,0.5743,2,2,2,559925,116519,48697,77559,0.9228789126853377,0.39962798462473853
1457,0.5745,1,4,1,559929,116515,48698,77558,0.9228472310226841,0.39963312774059245
1458,0.5747,1,1,1,559930,116514,48699,77557,0.9228393106070206,0.39963209340911315
1459,0.575,49,203,49,560133,116311,48748,77508,0.9212314662273476,0.39989887472332436
1460,0.5755,0,3,0,560136,116308,48748,77508,0.9212077049803574,0.3999050645973501
1461,0.5757,1,1,1,560137,116307,48749,77507,0.921199784564694,0.3999040317004964
1462,0.5758,1,5,1,560142,116302,48750,77506,0.9211601824863769,0.399911252373483
1463,0.576,3,15,3,560157,116287,48753,77503,0.9210413762514257,0.39993291707518447
1464,0.5767,16,75,16,560232,116212,48769,77487,0.9204473450766696,0.4000382036045617
1465,0.577,1,0,1,560232,116212,48770,77486,0.9204473450766696,0.40003510619624366
1466,0.5773,0,2,0,560234,116210,48770,77486,0.9204315042453428,0.40003923674211134
1467,0.5775,13,51,13,560285,116159,48783,77473,0.9200275630465087,0.4001043215997356
1468,0.5777,0,1,0,560286,116158,48783,77473,0.9200196426308452,0.40010638792342135
1469,0.578,1,13,1,560299,116145,48784,77472,0.9199166772272209,0.4001301538604565
1470,0.5782,0,1,0,560300,116144,48784,77472,0.9199087568115575,0.40013222047764646
1471,0.5783,3,7,3,560307,116137,48787,77469,0.9198533139019136,0.40013739243618485
1472,0.5785,0,1,0,560308,116136,48787,77469,0.9198453934862502,0.4001394592081816
1473,0.5787,0,1,0,560309,116135,48787,77469,0.9198374730705867,0.4001415260015289
1474,0.579,0,2,0,560311,116133,48787,77469,0.91982163223926,0.40014565965227633
1475,0.5792,2,0,2,560311,116133,48789,77467,0.91982163223926,0.40013946280991736
1476,0.58,2195,7926,2195,568237,108207,50984,75272,0.8570444176910404,0.4102485843066509
1477,0.5802,0,1,0,568238,108206,50984,75272,0.857036497275377,0.41025082026182974
1478,0.5805,0,1,0,568239,108205,50984,75272,0.8570285768597136,0.41025305624138175
1479,0.5807,0,1,0,568240,108204,50984,75272,0.8570206564440502,0.41025529224530727
1480,0.581,1,2,1,568242,108202,50985,75271,0.8570048156127233,0.4102565500100832
1481,0.5811,0,1,0,568243,108201,50985,75271,0.8569968951970599,0.41025878608179994
1482,0.5812,0,1,0,568244,108200,50985,75271,0.8569889747813966,0.4102610221778919
1483,0.5813,0,1,0,568245,108199,50985,75271,0.8569810543657331,0.4102632582983594
1484,0.5815,0,1,0,568246,108198,50985,75271,0.8569731339500697,0.4102654944432029
1485,0.5817,2,2,2,568248,108196,50987,75269,0.8569572931187429,0.41026353800452403
1486,0.5818,0,1,0,568249,108195,50987,75269,0.8569493727030795,0.41026577421183447
1487,0.582,1,10,1,568259,108185,50988,75268,0.8568701685464453,0.4102849231138221
1488,0.5823,0,1,0,568260,108184,50988,75268,0.8568622481307819,0.4102871595839784
1489,0.5825,9,30,9,568290,108154,50997,75259,0.8566246356608794,0.41032533135601074
1490,0.5827,0,2,0,568292,108152,50997,75259,0.8566087948295527,0.4103298057368424
1491,0.5829,1,0,1,568292,108152,50998,75258,0.8566087948295527,0.4103265906984352
1492,0.583,2,2,2,568294,108150,51000,75256,0.8565929539982259,0.41032463496286925
1493,0.5833,17,73,17,568367,108077,51017,75239,0.8560147636547966,0.4104333500621877
1494,0.5836,0,1,0,568368,108076,51017,75239,0.8560068432391332,0.4104355890134468
1495,0.584,4,11,4,568379,108065,51021,75235,0.8559197186668356,0.4104473540643753
1496,0.5842,1,0,1,568379,108065,51022,75234,0.8559197186668356,0.4104441377203367
1497,0.5843,1,2,1,568381,108063,51023,75233,0.8559038778355088,0.4104453997905028
1498,0.5847,0,1,0,568382,108062,51023,75233,0.8558959574198454,0.41044763905180176
1499,0.585,42,181,42,568563,107881,51065,75191,0.8544623621847675,0.4107181873798287
1500,0.5852,0,1,0,568564,107880,51065,75191,0.854454441769104,0.4107204308710828
1501,0.5857,2,1,2,568565,107879,51067,75189,0.8544465213534407,0.41071623658968254
1502,0.5858,1,3,1,568568,107876,51068,75188,0.8544227601064504,0.4107197482847529
1503,0.586,4,16,4,568584,107860,51072,75184,0.8542960334558357,0.41074277222962785
1504,0.5865,0,1,0,568585,107859,51072,75184,0.8542881130401724,0.4107450161983796
1505,0.5867,19,84,19,568669,107775,51091,75165,0.8536227981244455,0.4108724171859626
1506,0.587,0,1,0,568670,107774,51091,75165,0.8536148777087822,0.41087466313907917
1507,0.5875,5,19,5,568689,107755,51096,75160,0.8534643898111773,0.41090123828007546
1508,0.588,1,15,1,568704,107740,51097,75159,0.853345583576226,0.4109317164117901
1509,0.5882,0,1,0,568705,107739,51097,75159,0.8533376631605627,0.41093396319259917
1510,0.5883,1,7,1,568712,107732,51098,75158,0.8532822202509188,0.410946470556072
1511,0.5885,1,0,1,568712,107732,51099,75157,0.8532822202509188,0.410943249730711
1512,0.5886,1,0,1,568712,107732,51100,75156,0.8532822202509188,0.41094002887012815
1513,0.5887,0,1,0,568713,107731,51100,75156,0.8532742998352554,0.4109422758315244
1514,0.5888,1,0,1,568713,107731,51101,75155,0.8532742998352554,0.4109390549303938
1515,0.589,0,2,0,568715,107729,51101,75155,0.8532584590039285,0.4109435489162529
1516,0.5892,1,1,1,568716,107728,51102,75154,0.8532505385882652,0.4109425749937118
1517,0.5893,0,1,0,568717,107727,51102,75154,0.8532426181726017,0.4109448220427491
1518,0.5898,1,0,1,568717,107727,51103,75153,0.8532426181726017,0.41094160104986877
1519,0.59,2326,7511,2326,576228,100216,53429,72827,0.7937523761246991,0.42086071092156285
1520,0.5905,0,1,0,576229,100215,53429,72827,0.7937444557090356,0.4208631430519758
1521,0.5907,1,0,1,576229,100215,53430,72826,0.7937444557090356,0.42085979623326264
1522,0.5908,0,3,0,576232,100212,53430,72826,0.7937206944620454,0.42086709277730905
1523,0.591,0,2,0,576234,100210,53430,72826,0.7937048536307185,0.42087195728056587
1524,0.5913,0,2,0,576236,100208,53430,72826,0.7936890127993917,0.42087682189627473
1525,0.5917,3,10,3,576246,100198,53433,72823,0.7936098086427575,0.4208911057039319
1526,0.592,2,9,2,576255,100189,53435,72821,0.7935385249017869,0.4209063059938732
1527,0.5923,1,0,1,576255,100189,53436,72820,0.7935385249017869,0.4209029588056113
1528,0.5925,7,30,7,576285,100159,53443,72813,0.7933009124318844,0.4209525241079481
1529,0.593,0,1,0,576286,100158,53443,72813,0.793292992016221,0.42095495776748704
1530,0.5933,16,55,16,576341,100103,53459,72797,0.7928573691547333,0.4210352805089647
1531,0.5935,0,1,0,576342,100102,53459,72797,0.7928494487390698,0.42103771566058795
1532,0.5936,0,1,0,576343,100101,53459,72797,0.7928415283234064,0.4210401508403799
1533,0.5937,1,1,1,576344,100100,53460,72796,0.792833607907743,0.42103923746067
1534,0.594,1,15,1,576359,100085,53461,72795,0.7927148016727917,0.4210724201758445
1535,0.5942,2,2,2,576361,100083,53463,72793,0.792698960841465,0.4210705939517342
1536,0.5943,2,3,2,576364,100080,53465,72791,0.7926751995944747,0.4210712033828693
1537,0.595,33,174,33,576538,99906,53498,72758,0.7912970472690407,0.4213848862530695
1538,0.5957,2,6,2,576544,99900,53500,72756,0.7912495247750602,0.4213928273561301
1539,0.5958,0,1,0,576545,99899,53500,72756,0.7912416043593968,0.42139526802003996
1540,0.596,4,11,4,576556,99888,53504,72752,0.7911544797870992,0.42140871177015754
1541,0.5962,0,1,0,576557,99887,53504,72752,0.7911465593714359,0.421411152752275
1542,0.5967,12,80,12,576637,99807,53516,72740,0.7905129261183627,0.4215662978782593
1543,0.5971,0,1,0,576638,99806,53516,72740,0.7905050057026993,0.4215687410893327
1544,0.5973,1,0,1,576638,99806,53517,72739,0.7905050057026993,0.4215653887391695
1545,0.5975,10,29,10,576667,99777,53527,72729,0.7902753136484603,0.4216027268616744
1546,0.598,3,5,3,576672,99772,53530,72726,0.7902357115701432,0.4216048881726165
1547,0.5982,0,2,0,576674,99770,53530,72726,0.7902198707388164,0.42160977645858455
1548,0.5983,0,8,0,576682,99762,53530,72726,0.7901565074135091,0.4216293307360512
1549,0.5986,0,3,0,576685,99759,53530,72726,0.7901327461665189,0.42163666405774414
1550,0.5987,0,1,0,576686,99758,53530,72726,0.7901248257508554,0.4216391085549964
1551,0.599,0,1,0,576687,99757,53530,72726,0.790116905335192,0.4216415530805934
1552,0.5992,0,4,0,576691,99753,53530,72726,0.7900852236725383,0.4216513314664394
1553,0.5997,1,2,1,576693,99751,53531,72725,0.7900693828412115,0.42165286764535354
1554,0.6,2189,7092,2189,583785,92659,55720,70536,0.7338977949562793,0.4322191243604277
1555,0.6005,0,1,0,583786,92658,55720,70536,0.7338898745406159,0.4322217728592963
1556,0.6007,1,1,1,583787,92657,55721,70535,0.7338819541249525,0.4322209422030492
1557,0.6008,0,2,0,583789,92655,55721,70535,0.7338661132936256,0.43222623935290155
1558,0.601,1,2,1,583791,92653,55722,70534,0.7338502724622988,0.43222805738202186
1559,0.6017,2,5,2,583796,92648,55724,70532,0.7338106703839817,0.43223434244392694
1560,0.602,4,6,4,583802,92642,55728,70528,0.7337631478900013,0.4322363179506037
1561,0.6025,10,24,10,583826,92618,55738,70518,0.7335730579140793,0.4322651039623382
1562,0.6027,0,1,0,583827,92617,55738,70518,0.7335651374984159,0.4322677537009226
1563,0.6029,1,0,1,583827,92617,55739,70517,0.7335651374984159,0.43226427354199615
1564,0.6033,23,78,23,583905,92539,55762,70494,0.7329473450766696,0.4323909883275165
1565,0.6037,0,1,0,583906,92538,55762,70494,0.7329394246610063,0.43239364051229207
1566,0.604,4,9,4,583915,92529,55766,70490,0.7328681409200355,0.43240358485820674
1567,0.6042,0,2,0,583917,92527,55766,70490,0.7328523000887086,0.4324088898703816
1568,0.6043,1,0,1,583917,92527,55767,70489,0.7328523000887086,0.43240540805810473
1569,0.6047,0,1,0,583918,92526,55767,70489,0.7328443796730453,0.43240806060791953
1570,0.6048,1,0,1,583918,92526,55768,70488,0.7328443796730453,0.4324045787478376
1571,0.605,50,175,50,584093,92351,55818,70438,0.7314583069319478,0.43269508382015986
1572,0.6053,0,1,0,584094,92350,55818,70438,0.7314503865162844,0.43269774184829346
1573,0.6057,0,5,0,584099,92345,55818,70438,0.7314107844379673,0.4327110324788215
1574,0.6058,0,5,0,584104,92340,55818,70438,0.7313711823596503,0.43272432392583765
1575,0.606,2,8,2,584112,92332,55820,70436,0.7313078190343429,0.43273862184213113
1576,0.6064,1,0,1,584112,92332,55821,70435,0.7313078190343429,0.43273513672918956
1577,0.6065,0,1,0,584113,92331,55821,70435,0.7312998986186795,0.4327377953626679
1578,0.6067,27,69,27,584182,92262,55848,70408,0.730753389937904,0.43282719616401305
1579,0.6068,0,1,0,584183,92261,55848,70408,0.7307454695222405,0.4328298569487733
1580,0.6071,1,2,1,584185,92259,55849,70407,0.7307296286909137,0.4328316919331637
1581,0.6072,0,1,0,584186,92258,55849,70407,0.7307217082752503,0.4328343528109919
1582,0.6075,10,33,10,584219,92225,55859,70397,0.7304603345583576,0.4328873092201547
1583,0.6077,0,1,0,584220,92224,55859,70397,0.7304524141426942,0.43288997115993627
1584,0.608,3,6,3,584226,92218,55862,70394,0.7304048916487137,0.4328954812682951
1585,0.6082,0,1,0,584227,92217,55862,70394,0.7303969712330504,0.4328981434220317
1586,0.6083,2,9,2,584236,92208,55864,70392,0.7303256874920796,0.4329151291512915
1587,0.6085,0,2,0,584238,92206,55864,70392,0.7303098466607527,0.432920454126127
1588,0.6086,0,1,0,584239,92205,55864,70392,0.7303019262450894,0.432923116662669
1589,0.6092,0,1,0,584240,92204,55864,70392,0.7302940058294259,0.4329257792319614
1590,0.61,2294,6720,2294,590960,85484,58158,68098,0.6770688125712837,0.4433983149066948
1591,0.6107,0,1,0,590961,85483,58158,68098,0.6770608921556204,0.44340120197159805
1592,0.6108,0,1,0,590962,85482,58158,68098,0.6770529717399569,0.4434040890740982
1593,0.611,1,1,1,590963,85481,58159,68097,0.6770450513242935,0.4434033520426103
1594,0.6115,0,1,0,590964,85480,58159,68097,0.67703713090863,0.44340623921550754
1595,0.6117,2,12,2,590976,85468,58161,68095,0.6769420859206691,0.443433639613709
1596,0.612,2,3,2,590979,85465,58163,68093,0.6769183246736789,0.44343505385587206
1597,0.6122,0,1,0,590980,85464,58163,68093,0.6769104042580154,0.4434379416112584
1598,0.6123,0,1,0,590981,85463,58163,68093,0.6769024838423521,0.44344082940425644
1599,0.6125,12,19,12,591000,85444,58175,68081,0.6767519959447472,0.4434522064810291
1600,0.613,0,3,0,591003,85441,58175,68081,0.6767282346977569,0.443460872057425
1601,0.6132,0,1,0,591004,85440,58175,68081,0.6767203142820936,0.443463760658151
1602,0.6133,15,64,15,591068,85376,58190,68066,0.676213407679635,0.44359432228464174
1603,0.6135,1,0,1,591068,85376,58191,68065,0.676213407679635,0.44359069609817453
1604,0.6138,1,0,1,591068,85376,58192,68064,0.676213407679635,0.44358706986444213
1605,0.614,6,4,6,591072,85372,58198,68058,0.6761817260169813,0.44357687544808705
1606,0.6142,1,4,1,591076,85368,58199,68057,0.6761500443543277,0.44358481342675576
1607,0.6143,1,1,1,591077,85367,58200,68056,0.6761421239386644,0.443584078006557
1608,0.615,57,143,57,591220,85224,58257,67999,0.675009504498796,0.44379107575233484
1609,0.6152,0,1,0,591221,85223,58257,67999,0.6750015840831327,0.4437939721449922
1610,0.6153,1,0,1,591221,85223,58258,67998,0.6750015840831327,0.4437903420549402
1611,0.6157,0,2,0,591223,85221,58258,67998,0.6749857432518058,0.44379613494409964
1612,0.6158,0,2,0,591225,85219,58258,67998,0.674969902420479,0.4438019279844926
1613,0.616,8,9,8,591234,85210,58266,67990,0.6748986186795083,0.443798955613577
1614,0.6163,0,1,0,591235,85209,58266,67990,0.6748906982638448,0.44380185249250975
1615,0.6167,22,62,22,591297,85147,58288,67968,0.6743996324927132,0.4439016425562486
1616,0.6168,1,0,1,591297,85147,58289,67967,0.6743996324927132,0.44389801063260054
1617,0.617,0,2,0,591299,85145,58289,67967,0.6743837916613864,0.44390380897643555
1618,0.6171,1,3,1,591302,85142,58290,67966,0.6743600304143962,0.4439088747812002
1619,0.6175,9,18,9,591320,85124,58299,67957,0.6742174629324547,0.4439283777869233
1620,0.618,3,6,3,591326,85118,58302,67954,0.6741699404384742,0.44393488031775896
1621,0.6183,3,6,3,591332,85112,58305,67951,0.6741224179444937,0.44394138361328345
1622,0.619,1,1,1,591333,85111,58306,67950,0.6741144975288303,0.44394065111295494
1623,0.6193,0,2,0,591335,85109,58306,67950,0.6740986566975035,0.44394645202176936
1624,0.6196,0,1,0,591336,85108,58306,67950,0.67409073628184,0.4439493525330267
1625,0.62,2264,6343,2264,597679,78765,60570,65686,0.6238515397288049,0.45472859308692914
1626,0.6208,1,4,1,597683,78761,60571,65685,0.6238198580661514,0.4547374105201944
1627,0.6213,1,2,1,597685,78759,60572,65684,0.6238040172348245,0.45473993201470475
1628,0.6214,1,2,1,597687,78757,60573,65683,0.6237881764034977,0.4547424536139574
1629,0.6215,0,1,0,597688,78756,60573,65683,0.6237802559878343,0.45474560194961194
1630,0.6217,2,11,2,597699,78745,60575,65681,0.6236931314155367,0.4547726863584119
1631,0.622,2,2,2,597701,78743,60577,65679,0.6236772905842098,0.45477143371508494
1632,0.6221,0,1,0,597702,78742,60577,65679,0.6236693701685464,0.45477458264379833
1633,0.6225,7,21,7,597723,78721,60584,65672,0.6235030414396148,0.4548142915515295
1634,0.6227,0,1,0,597724,78720,60584,65672,0.6234951210239513,0.45481744140949637
1635,0.6233,28,65,28,597789,78655,60612,65644,0.6229802940058294,0.454916527488063
1636,0.6235,1,0,1,597789,78655,60613,65643,0.6229802940058294,0.45491275000346504
1637,0.6238,0,1,0,597790,78654,60613,65643,0.622972373590166,0.454915902617518
1638,0.624,6,7,6,597797,78647,60619,65637,0.6229169306805221,0.4549153059244268
1639,0.6244,1,1,1,597798,78646,60620,65636,0.6229090102648587,0.4549146809719854
1640,0.6247,0,1,0,597799,78645,60620,65636,0.6229010898491952,0.45491783394903
1641,0.625,59,126,59,597925,78519,60679,65577,0.6219031174756051,0.45509243837441704
1642,0.6257,0,3,0,597928,78516,60679,65577,0.6218793562286149,0.45510191334762967
1643,0.6258,2,0,2,597928,78516,60681,65575,0.6218793562286149,0.4550943500982018
1644,0.626,4,11,4,597939,78505,60685,65571,0.6217922316563174,0.4551139676281962
1645,0.6265,0,1,0,597940,78504,60685,65571,0.6217843112406539,0.45511712649661634
1646,0.6267,25,73,25,598013,78431,60710,65546,0.6212061208972247,0.4552532696194531
1647,0.627,0,2,0,598015,78429,60710,65546,0.6211902800658978,0.45525959367945823
1648,0.6271,0,1,0,598016,78428,60710,65546,0.6211823596502345,0.4552627557753483
1649,0.6273,0,1,0,598017,78427,60710,65546,0.621174439234571,0.45526591791516463
1650,0.6275,9,32,9,598049,78395,60719,65537,0.6209209859333418,0.45533307395158823
1651,0.6277,0,1,0,598050,78394,60719,65537,0.6209130655176783,0.45533623750269225
1652,0.628,0,6,0,598056,78388,60719,65537,0.6208655430236979,0.45535521973249954
1653,0.6283,2,7,2,598063,78381,60721,65535,0.620810100114054,0.4553697990494455
1654,0.6288,0,3,0,598066,78378,60721,65535,0.6207863388670637,0.4553792916553751
1655,0.6289,0,1,0,598067,78377,60721,65535,0.6207784184514004,0.4553824559452999
1656,0.629,1,0,1,598067,78377,60722,65534,0.6207784184514004,0.4553786715400491
1657,0.6292,1,0,1,598067,78377,60723,65533,0.6207784184514004,0.45537488708220414
1658,0.6293,0,1,0,598068,78376,60723,65533,0.6207704980357369,0.45537805140748666
1659,0.6297,0,3,0,598071,78373,60723,65533,0.6207467367887467,0.45538754464720027
1660,0.63,2292,5844,2292,603915,72529,63015,63241,0.5744598276517552,0.4657950946453561
1661,0.6303,1,1,1,603916,72528,63016,63240,0.5744519072360917,0.46579459077249424
1662,0.6305,0,2,0,603918,72526,63016,63240,0.574436066404765,0.46580145249915295
1663,0.6307,0,1,0,603919,72525,63016,63240,0.5744281459891015,0.4658048834382941
1664,0.6308,0,3,0,603922,72522,63016,63240,0.5744043847421113,0.4658151765589782
1665,0.631,0,1,0,603923,72521,63016,63240,0.5743964643264479,0.46581860770029687
1666,0.6312,2,1,2,603924,72520,63018,63238,0.5743885439107844,0.46581416933072084
1667,0.6313,0,1,0,603925,72519,63018,63238,0.574380623495121,0.4658176005657167
1668,0.6314,1,0,1,603925,72519,63019,63237,0.574380623495121,0.46581366569433397
1669,0.6315,0,1,0,603926,72518,63019,63237,0.5743727030794576,0.4658170969761703
1670,0.6317,5,6,5,603932,72512,63024,63232,0.5743251805854771,0.46581801037246584
1671,0.6318,0,1,0,603933,72511,63024,63232,0.5743172601698137,0.4658214419896422
1672,0.632,4,4,4,603937,72507,63028,63228,0.5742855785071601,0.4658194275610565
1673,0.6323,0,1,0,603938,72506,63028,63228,0.5742776580914967,0.4658228594162111
1674,0.6325,7,19,7,603957,72487,63035,63221,0.5741271701938918,0.4658605240663778
1675,0.6327,2,1,2,603958,72486,63037,63219,0.5741192497782284,0.4658560848900188
1676,0.6329,2,1,2,603959,72485,63039,63217,0.5741113293625649,0.4658516455173837
1677,0.633,1,3,1,603962,72482,63040,63216,0.5740875681155747,0.4658580082241448
1678,0.6333,22,62,22,604024,72420,63062,63194,0.573596502344443,0.4659843379002168
1679,0.6337,0,1,0,604025,72419,63062,63194,0.5735885819287796,0.46598777403346286
1680,0.634,5,9,5,604034,72410,63067,63189,0.5735172981878089,0.4659990117921224
1681,0.635,41,119,41,604153,72291,63108,63148,0.5725747687238626,0.46624679745125114
1682,0.6353,1,0,1,604153,72291,63109,63147,0.5725747687238626,0.4662428565099898
1683,0.6357,1,0,1,604153,72291,63110,63146,0.5725747687238626,0.4662389155105326
1684,0.6358,0,1,0,604154,72290,63110,63146,0.5725668483081993,0.46624235801411734
1685,0.636,5,13,5,604167,72277,63115,63141,0.5724638829045748,0.46626740905935693
1686,0.6361,1,0,1,604167,72277,63116,63140,0.5724638829045748,0.46626346765915655
1687,0.6365,0,1,0,604168,72276,63116,63140,0.5724559624889114,0.4662669108524842
1688,0.6367,20,61,20,604229,72215,63136,63120,0.5719728171334432,0.46639819706653857
1689,0.6368,0,1,0,604230,72214,63136,63120,0.5719648967177797,0.4664016433416584
1690,0.637,0,2,0,604232,72212,63136,63120,0.571949055886453,0.46640853604469007
1691,0.6371,1,1,1,604233,72211,63137,63119,0.5719411354707895,0.46640803960688687
1692,0.6373,1,0,1,604233,72211,63138,63118,0.5719411354707895,0.46640409668289873
1693,0.6375,7,22,7,604255,72189,63145,63111,0.5717668863261944,0.4664523281596452
1694,0.638,2,9,2,604264,72180,63147,63109,0.5716956025852237,0.46647547102868675
1695,0.6383,2,7,2,604271,72173,63149,63107,0.5716401596755798,0.4664917208752218
1696,0.639,1,1,1,604272,72172,63150,63106,0.5716322392599164,0.4664912254764263
1697,0.6392,2,4,2,604276,72168,63152,63104,0.5716005575972627,0.46649713170500917
1698,0.6393,1,0,1,604276,72168,63153,63103,0.5716005575972627,0.46649318774903714
1699,0.6397,1,0,1,604276,72168,63154,63102,0.5716005575972627,0.4664892437347527
1700,0.6398,0,1,0,604277,72167,63154,63102,0.5715926371815993,0.466492692338969
1701,0.64,2286,5527,2286,609804,66640,65440,60816,0.5278164998099101,0.4771528998242531
1702,0.6402,0,1,0,609805,66639,65440,60816,0.5278085793942466,0.4771566435212428
1703,0.6403,0,3,0,609808,66636,65440,60816,0.5277848181472564,0.4771678749646926
1704,0.6405,1,0,1,609808,66636,65441,60815,0.5277848181472564,0.477163772744035
1705,0.6407,0,1,0,609809,66635,65441,60815,0.527776897731593,0.47716751667320517
1706,0.6408,0,4,0,609813,66631,65441,60815,0.5277452160689393,0.4771824929774179
1707,0.641,1,0,1,609813,66631,65442,60814,0.5277452160689393,0.47717839067833184
1708,0.6413,1,0,1,609813,66631,65443,60813,0.5277452160689393,0.4771742883148677
1709,0.6415,1,1,1,609814,66630,65444,60812,0.5277372956532759,0.47717393010153636
1710,0.6417,3,5,3,609819,66625,65447,60809,0.5276976935749588,0.4771803443351068
1711,0.642,1,4,1,609823,66621,65448,60808,0.5276660119123051,0.47719122020890065
1712,0.6423,1,0,1,609823,66621,65449,60807,0.5276660119123051,0.4771871174310199
1713,0.6425,8,23,8,609846,66598,65457,60799,0.5274838423520466,0.4772404373729366
1714,0.6426,0,2,0,609848,66596,65457,60799,0.5274680015207198,0.47724792966756935
1715,0.6429,0,1,0,609849,66595,65457,60799,0.5274600811050564,0.47725167590310374
1716,0.643,1,0,1,609849,66595,65458,60798,0.5274600811050564,0.4772475724725848
1717,0.6433,19,53,19,609902,66542,65477,60779,0.5270402990748955,0.4773682267654197
1718,0.6435,0,1,0,609903,66541,65477,60779,0.527032378659232,0.47737197612315424
1719,0.6437,0,1,0,609904,66540,65477,60779,0.5270244582435686,0.4773757255397859
1720,0.644,5,9,5,609913,66531,65482,60774,0.5269531745025979,0.4773889478025215
1721,0.6442,0,5,0,609918,66526,65482,60774,0.5269135724242808,0.4774076983503535
1722,0.6443,1,0,1,609918,66526,65483,60773,0.5269135724242808,0.4774035931154212
1723,0.6445,0,1,0,609919,66525,65483,60773,0.5269056520086174,0.47740734339895363
1724,0.6447,1,0,1,609919,66525,65484,60772,0.5269056520086174,0.4774032380967344
1725,0.6448,0,1,0,609920,66524,65484,60772,0.5268977315929539,0.4774069884364002
1726,0.6449,1,0,1,609920,66524,65485,60771,0.5268977315929539,0.4774028830668919
1727,0.645,48,125,48,610045,66399,65533,60723,0.5259076796350273,0.47767498938028036
1728,0.6455,0,1,0,610046,66398,65533,60723,0.5258997592193638,0.47767874702055524
1729,0.6457,0,3,0,610049,66395,65533,60723,0.5258759979723736,0.47769002029610286
1730,0.6458,2,3,2,610052,66392,65535,60721,0.5258522367253834,0.47769307623925167
1731,0.646,0,10,0,610062,66382,65535,60721,0.5257730325687492,0.47773065938648185
1732,0.6465,0,1,0,610063,66381,65535,60721,0.5257651121530857,0.47773441802646693
1733,0.6467,19,71,19,610134,66310,65554,60702,0.5252027626409834,0.47792334582559126
1734,0.6471,0,1,0,610135,66309,65554,60702,0.52519484222532,0.47792710867562654
1735,0.6473,0,1,0,610136,66308,65554,60702,0.5251869218096565,0.4779308715849146
1736,0.6475,13,19,13,610155,66289,65567,60689,0.5250364339120517,0.47794893603616373
1737,0.648,1,7,1,610162,66282,65568,60688,0.5249809910024078,0.4779711742931401
1738,0.6482,0,2,0,610164,66280,65568,60688,0.524965150171081,0.4779787032953185
1739,0.6483,4,4,4,610168,66276,65572,60684,0.5249334685084274,0.4779773156899811
1740,0.6487,0,1,0,610169,66275,65572,60684,0.5249255480927639,0.47798108050630517
1741,0.6488,0,1,0,610170,66274,65572,60684,0.5249176276771005,0.4779848453819373
1742,0.649,0,1,0,610171,66273,65572,60684,0.524909707261437,0.47798861031687895
1743,0.6493,2,1,2,610172,66272,65574,60682,0.5249017868457737,0.4779841517400003
1744,0.6497,1,1,1,610173,66271,65575,60681,0.5248938664301103,0.47798380490264036
1745,0.65,2348,5182,2348,615355,61089,67923,58333,0.48385027246229884,0.4884610875718042
1746,0.6507,2,0,2,615355,61089,67925,58331,0.48385027246229884,0.4884525205158265
1747,0.6508,1,2,1,615357,61087,67926,58330,0.483834431630972,0.4884564174280044
1748,0.651,1,1,1,615358,61086,67927,58329,0.48382651121530856,0.4884562240924507
1749,0.6513,1,0,1,615358,61086,67928,58328,0.48382651121530856,0.4884519403085065
1750,0.6515,2,2,2,615360,61084,67930,58326,0.48381067038398173,0.4884515534712336
1751,0.6517,1,8,1,615368,61076,67931,58325,0.4837473070586744,0.4884799959799332
1752,0.6518,0,1,0,615369,61075,67931,58325,0.483739386643011,0.48848408710217756
1753,0.652,0,6,0,615375,61069,67931,58325,0.48369186414903054,0.4885086352748044
1754,0.6521,1,0,1,615375,61069,67932,58324,0.48369186414903054,0.48850435117636715
1755,0.6522,0,1,0,615376,61068,67932,58324,0.48368394373336715,0.48850844277673544
1756,0.6525,11,18,11,615394,61050,67943,58313,0.4835413762514257,0.4885349731491333
1757,0.6527,0,1,0,615395,61049,67943,58313,0.48353345583576224,0.4885390660344163
1758,0.6528,0,1,0,615396,61048,67943,58313,0.48352553542009885,0.48854315898827927
1759,0.6531,1,0,1,615396,61048,67944,58312,0.48352553542009885,0.4885388739946381
1760,0.6533,15,48,15,615444,61000,67959,58297,0.483145355468255,0.488671131713287
1761,0.6538,0,1,0,615445,60999,67959,58297,0.48313743505259155,0.48867522800429186
1762,0.654,5,12,5,615457,60987,67964,58292,0.48304239006463057,0.4887029569329052
1763,0.6542,0,2,0,615459,60985,67964,58292,0.48302654923330374,0.48871115135357196
1764,0.6543,1,2,1,615461,60983,67965,58291,0.48301070840197696,0.4887150594429633
1765,0.655,60,116,60,615577,60867,68025,58231,0.4820919401850209,0.4889334833498463
1766,0.6555,0,1,0,615578,60866,68025,58231,0.4820840197693575,0.48893758868821213
1767,0.6556,1,0,1,615578,60866,68026,58230,0.4820840197693575,0.4889332975078928
1768,0.6557,2,0,2,615578,60866,68028,58228,0.4820840197693575,0.4889247149310629
1769,0.6558,1,3,1,615581,60863,68029,58227,0.4820602585223673,0.48893273994457975
1770,0.656,3,9,3,615590,60854,68032,58224,0.4819889747813965,0.48895681821999026
1771,0.6567,22,55,22,615645,60799,68054,58202,0.4815533519199088,0.48908832698884885
1772,0.6568,2,0,2,615645,60799,68056,58200,0.4815533519199088,0.48907974016588374
1773,0.657,0,1,0,615646,60798,68056,58200,0.48154543150424534,0.489083850148742
1774,0.6571,1,0,1,615646,60798,68057,58199,0.48154543150424534,0.489079556627478
1775,0.6572,1,0,1,615646,60798,68058,58198,0.48154543150424534,0.4890752630340516
1776,0.6575,8,21,8,615667,60777,68066,58190,0.48137910277531365,0.4891272369648726
1777,0.658,2,7,2,615674,60770,68068,58188,0.4813236598656698,0.4891474301854436
1778,0.6583,2,8,2,615682,60762,68070,58186,0.48126029654036245,0.4891717389111208
1779,0.6585,0,2,0,615684,60760,68070,58186,0.4812444557090356,0.48917996401728514
1780,0.6588,1,1,1,615685,60759,68071,58185,0.4812365352933722,0.48917978208232443
1781,0.659,1,0,1,615685,60759,68072,58184,0.4812365352933722,0.4891754874183432
1782,0.6592,1,0,1,615685,60759,68073,58183,0.4812365352933722,0.4891711926821476
1783,0.6595,0,1,0,615686,60758,68073,58183,0.4812286148777088,0.4891753054035194
1784,0.6596,0,1,0,615687,60757,68073,58183,0.48122069446204535,0.4891794181940474
1785,0.66,2292,4865,2292,620552,55892,70365,55891,0.4426878722595362,0.4999955270479411
1786,0.6602,0,1,0,620553,55891,70365,55891,0.44267995184387277,0.5
1787,0.6607,1,0,1,620553,55891,70366,55890,0.44267995184387277,0.49999552696791044
1788,0.6608,0,1,0,620554,55890,70366,55890,0.4426720314282094,0.5
1789,0.661,1,3,1,620557,55887,70367,55889,0.4426482701812191,0.5000089464643573
1790,0.6611,0,1,0,620558,55886,70367,55889,0.4426403497655557,0.5000134198165959
1791,0.6613,0,1,0,620559,55885,70367,55889,0.4426324293498923,0.5000178932488772
1792,0.6615,1,0,1,620559,55885,70368,55888,0.4426324293498923,0.5000134200567221
1793,0.6617,3,9,3,620568,55876,70371,55885,0.44256114560892157,0.5000402644929806
1794,0.662,3,4,3,620572,55872,70374,55882,0.4425294639462679,0.5000447411278344
1795,0.6622,0,1,0,620573,55871,70374,55882,0.44252154353060447,0.5000492156810108
1796,0.6625,7,19,7,620592,55852,70381,55875,0.4423710556329996,0.5001029294619922
1797,0.6627,0,2,0,620594,55850,70381,55875,0.4423552148016728,0.5001118818527635
1798,0.6632,0,3,0,620597,55847,70381,55875,0.44233145355468256,0.5001253110399027
1799,0.6633,17,43,17,620640,55804,70398,55858,0.44199087568115575,0.5002418011498988
1800,0.664,3,9,3,620649,55795,70401,55855,0.44191959194018504,0.500268696820421
1801,0.6642,1,2,1,620651,55793,70402,55854,0.4419037511088582,0.5002731824410867
1802,0.6643,1,0,1,620651,55793,70403,55853,0.4419037511088582,0.5002687064471634
1803,0.6645,0,1,0,620652,55792,70403,55853,0.44189583069319477,0.500273187334856
1804,0.665,49,104,49,620756,55688,70452,55804,0.4410721074641997,0.5005202166971622
1805,0.6653,0,1,0,620757,55687,70452,55804,0.4410641870485363,0.5005247060300831
1806,0.6656,0,1,0,620758,55686,70452,55804,0.4410562666328729,0.5005291954435376
1807,0.6657,0,2,0,620760,55684,70452,55804,0.44104042580154607,0.5005381745120551
1808,0.6658,1,0,1,620760,55684,70453,55803,0.44104042580154607,0.5005336945114677
1809,0.666,1,11,1,620771,55673,70454,55802,0.44095330122924853,0.500578605068401
1810,0.6662,0,1,0,620772,55672,70454,55802,0.4409453808135851,0.5005830956097386
1811,0.6665,1,0,1,620772,55672,70455,55801,0.4409453808135851,0.500578615449481
1812,0.6667,21,44,21,620816,55628,70476,55780,0.4405968825243949,0.5006821772224616
1813,0.6668,0,3,0,620819,55625,70476,55780,0.4405731212774046,0.5006956599793546
1814,0.667,0,1,0,620820,55624,70476,55780,0.4405652008617412,0.50070015439302
1815,0.6673,1,0,1,620820,55624,70477,55779,0.4405652008617412,0.5006956724684255
1816,0.6674,1,0,1,620820,55624,70478,55778,0.4405652008617412,0.5006911904633669
1817,0.6675,10,14,10,620834,55610,70488,55768,0.4404543150424534,0.5007092962703587
1818,0.6678,0,1,0,620835,55609,70488,55768,0.44044639462679,0.5007137918959929
1819,0.668,2,7,2,620842,55602,70490,55766,0.4403909517171461,0.5007362976797644
1820,0.6681,0,1,0,620843,55601,70490,55766,0.4403830313014827,0.5007407939515296
1821,0.6682,0,1,0,620844,55600,70490,55766,0.44037511088581927,0.5007452903040426
1822,0.6683,5,4,5,620848,55596,70495,55761,0.4403434292231656,0.5007408604757672
1823,0.6685,0,1,0,620849,55595,70495,55761,0.4403355088075022,0.5007453572326592
1824,0.6686,0,1,0,620850,55594,70495,55761,0.44032758839183883,0.5007498540703157
1825,0.6688,0,1,0,620851,55593,70495,55761,0.4403196679761754,0.5007543509887387
1826,0.669,1,1,1,620852,55592,70496,55760,0.440311747560512,0.5007543645376823
1827,0.6692,0,3,0,620855,55589,70496,55760,0.44028798631352173,0.5007678560202606
1828,0.6693,1,0,1,620855,55589,70497,55759,0.44028798631352173,0.5007633724898516
1829,0.67,2341,4539,2341,625394,51050,72838,53418,0.4043372196172855,0.5113336141210706
1830,0.6704,0,1,0,625395,51049,72838,53418,0.4043292992016221,0.511338508811395
1831,0.6707,0,1,0,625396,51048,72838,53418,0.4043213787859587,0.5113434035954282
1832,0.6708,0,1,0,625397,51047,72838,53418,0.40431345837029525,0.5113482984731729
1833,0.671,0,1,0,625398,51046,72838,53418,0.40430553795463187,0.5113531934446316
1834,0.6712,0,1,0,625399,51045,72838,53418,0.4042976175389684,0.5113580885098074
1835,0.6715,0,1,0,625400,51044,72838,53418,0.40428969712330504,0.5113629836687025
1836,0.6717,6,7,6,625407,51037,72844,53412,0.40423425421366116,0.5113691849610815
1837,0.672,0,5,0,625412,51032,72844,53412,0.40419465213534406,0.5113936655049596
1838,0.6721,0,1,0,625413,51031,72844,53412,0.40418673171968067,0.5113985618950049
1839,0.6725,11,24,11,625437,51007,72855,53401,0.4039966417437587,0.5114646387250019
1840,0.673,0,1,0,625438,51006,72855,53401,0.4039887213280953,0.511469537483119
1841,0.6733,22,34,22,625472,50972,72877,53379,0.4037194271955392,0.5115331908654445
1842,0.6735,0,1,0,625473,50971,72877,53379,0.40371150677987583,0.5115380929563967
1843,0.6737,0,1,0,625474,50970,72877,53379,0.4037035863642124,0.5115429951413046
1844,0.6738,0,1,0,625475,50969,72877,53379,0.403695665948549,0.5115478974201709
1845,0.674,1,4,1,625479,50965,72878,53378,0.40366398428589534,0.5115628264473898
1846,0.6742,1,1,1,625480,50964,72879,53377,0.4036560638702319,0.5115630480827288
1847,0.6747,1,0,1,625480,50964,72880,53376,0.4036560638702319,0.5115583668775158
1848,0.675,50,85,50,625565,50879,72930,53326,0.4029828285388417,0.5117412792092509
1849,0.6752,0,2,0,625567,50877,72930,53326,0.4029669877075149,0.5117511012158958
1850,0.6753,0,1,0,625568,50876,72930,53326,0.4029590672918515,0.5117560123606073
1851,0.6755,0,2,0,625570,50874,72930,53326,0.40294322646052466,0.5117658349328215
1852,0.6757,0,1,0,625571,50873,72930,53326,0.4029353060448612,0.5117707463603297
1853,0.6758,1,1,1,625572,50872,72931,53325,0.40292738562919783,0.5117709722928683
1854,0.676,2,8,2,625580,50864,72933,53323,0.4028640223038905,0.51180089646501
1855,0.6763,0,1,0,625581,50863,72933,53323,0.40285610188822707,0.511805808841879
1856,0.6767,25,53,25,625634,50810,72958,53298,0.40243631985806616,0.5119491297498752
1857,0.6775,6,24,6,625658,50786,72964,53292,0.4022462298821442,0.5120390476373489
1858,0.6777,1,1,1,625659,50785,72965,53291,0.4022383094664808,0.5120392789884315
1859,0.678,4,5,4,625664,50780,72969,53287,0.4021987073881637,0.5120451247753851
1860,0.6783,5,4,5,625668,50776,72974,53282,0.40216702572551005,0.5120413615483672
1861,0.6785,0,1,0,625669,50775,72974,53282,0.40215910530984667,0.5120462823260329
1862,0.6788,1,0,1,625669,50775,72975,53281,0.40215910530984667,0.5120415929883909
1863,0.679,0,1,0,625670,50774,72975,53281,0.4021511848941832,0.512046513862861
1864,0.6792,4,1,4,625671,50773,72979,53277,0.40214326447851984,0.5120326765977895
1865,0.6793,3,0,3,625671,50773,72982,53274,0.40214326447851984,0.5120186069756937
1866,0.6798,0,1,0,625672,50772,72982,53274,0.4021353440628564,0.5120235280548988
1867,0.68,2318,4223,2318,629895,46549,75300,50956,0.36868742871625904,0.5225988410850726
1868,0.6802,0,1,0,629896,46548,75300,50956,0.3686795083005956,0.5226042008532983
1869,0.6803,0,2,0,629898,46546,75300,50956,0.36866366746926876,0.5226149207195749
1870,0.6807,1,1,1,629899,46545,75301,50955,0.3686557470536054,0.5226153846153846
1871,0.6808,1,2,1,629901,46543,75302,50954,0.36863990622227855,0.5226212088577085
1872,0.681,0,1,0,629902,46542,75302,50954,0.36863198580661516,0.5226265692951506
1873,0.6812,0,2,0,629904,46540,75302,50954,0.36861614497528833,0.5226372904999282
1874,0.6813,1,1,1,629905,46539,75303,50953,0.3686082245596249,0.5226377548927091
1875,0.6815,1,1,1,629906,46538,75304,50952,0.3686003041439615,0.522638219304544
1876,0.6817,1,3,1,629909,46535,75305,50951,0.3685765428969712,0.5226494060685637
1877,0.6819,0,1,0,629910,46534,75305,50951,0.36856862248130784,0.5226547674001129
1878,0.682,2,3,2,629913,46531,75307,50949,0.36854486123431757,0.5226610586787033
1879,0.6822,0,1,0,629914,46530,75307,50949,0.3685369408186542,0.5226664204597914
1880,0.6825,9,18,9,629932,46512,75316,50940,0.3683943733367127,0.5227188769855929
1881,0.6828,0,1,0,629933,46511,75316,50940,0.3683864529210493,0.5227242409005551
1882,0.683,0,1,0,629934,46510,75316,50940,0.3683785325053859,0.5227296049256028
1883,0.6833,22,35,22,629969,46475,75338,50918,0.3681013179571664,0.5228096475106013
1884,0.6834,0,1,0,629970,46474,75338,50918,0.368093397541503,0.5228150156070314
1885,0.6838,0,2,0,629972,46472,75338,50918,0.36807755671017617,0.5228257521306089
1886,0.684,2,9,2,629981,46463,75340,50916,0.3680062729692054,0.5228642725844381
1887,0.6842,3,2,3,629983,46461,75343,50913,0.3679904321378786,0.5228603117875408
1888,0.6843,0,2,0,629985,46459,75343,50913,0.36797459130655175,0.5228710512262252
1889,0.6844,0,1,0,629986,46458,75343,50913,0.36796667089088836,0.5228764211110084
1890,0.6845,0,1,0,629987,46457,75343,50913,0.3679587504752249,0.5228817911060901
1891,0.685,34,82,34,630069,46375,75377,50879,0.367309276390825,0.5231558599132169
1892,0.6851,0,1,0,630070,46374,75377,50879,0.36730135597516156,0.5231612392419771
1893,0.6857,1,1,1,630071,46373,75378,50878,0.36729343555949817,0.5231617155607654
1894,0.6858,0,1,0,630072,46372,75378,50878,0.36728551514383473,0.5231670951156813
1895,0.686,5,12,5,630084,46360,75383,50873,0.3671904701558738,0.5232071416083017
1896,0.6863,0,1,0,630085,46359,75383,50873,0.36718254974021036,0.5232125226262959
1897,0.6864,0,1,0,630086,46358,75383,50873,0.367174629324547,0.5232179037549752
1898,0.6867,29,37,29,630123,46321,75412,50844,0.36688157394500065,0.5232748417640096
1899,0.687,0,1,0,630124,46320,75412,50844,0.3668736535293372,0.5232802272446585
1900,0.6872,1,0,1,630124,46320,75413,50843,0.3668736535293372,0.5232753208525879
1901,0.6873,0,1,0,630125,46319,75413,50843,0.3668657331136738,0.5232807064490232
1902,0.6875,11,9,11,630134,46310,75424,50832,0.36679444937270306,0.5232752053694592
1903,0.688,1,4,1,630138,46306,75425,50831,0.3667627677100494,0.5232918455377457
1904,0.6883,3,5,3,630143,46301,75428,50828,0.36672316563173235,0.5233040595496711
1905,0.6885,0,2,0,630145,46299,75428,50828,0.3667073248004055,0.5233148352157485
1906,0.6886,1,0,1,630145,46299,75429,50827,0.3667073248004055,0.5233099273109157
1907,0.6887,1,1,1,630146,46298,75430,50826,0.36669940438474213,0.5233104073143611
1908,0.689,1,1,1,630147,46297,75431,50825,0.3666914839690787,0.5233108873375755
1909,0.6892,1,2,1,630149,46295,75432,50824,0.36667564313775186,0.5233167557326579
1910,0.6893,0,1,0,630150,46294,75432,50824,0.3666677227220885,0.5233221441957207
1911,0.6897,1,0,1,630150,46294,75433,50823,0.3666677227220885,0.5233172359113235
1912,0.6898,1,1,1,630151,46293,75434,50822,0.36665980230642503,0.5233177161097667
1913,0.6899,0,1,0,630152,46292,75434,50822,0.36665188189076164,0.5233231048046626
1914,0.69,2244,3993,2244,634145,42299,77678,48578,0.33502566214674945,0.5345466949833291
1915,0.6903,0,1,0,634146,42298,77678,48578,0.33501774173108606,0.5345525771380782
1916,0.6908,0,1,0,634147,42297,77678,48578,0.3350098213154226,0.5345584594222833
1917,0.6912,0,1,0,634148,42296,77678,48578,0.33500190089975923,0.5345643418359487
1918,0.6913,1,0,1,634148,42296,77679,48577,0.33500190089975923,0.5345592200103441
1919,0.6917,6,4,6,634152,42292,77685,48571,0.33497021923710557,0.5345520178730616
1920,0.692,4,2,4,634154,42290,77689,48567,0.33495437840577874,0.534543293307065
1921,0.6923,1,1,1,634155,42289,77690,48566,0.3349464579901153,0.5345440537119586
1922,0.6924,1,0,1,634155,42289,77691,48565,0.3349464579901153,0.5345389305919387
1923,0.6925,3,12,3,634167,42277,77694,48562,0.3348514130021544,0.5345941721066942
1924,0.6928,1,0,1,634167,42277,77695,48561,0.3348514130021544,0.5345890486360334
1925,0.6933,21,43,21,634210,42234,77716,48540,0.33451083512862756,0.5347346156388393
1926,0.6938,0,1,0,634211,42233,77716,48540,0.3345029147129641,0.5347405065382879
1927,0.694,2,10,2,634221,42223,77718,48538,0.33442371055633,0.534789171560472
1928,0.6942,1,1,1,634222,42222,77719,48537,0.3344157901406666,0.5347899381879483
1929,0.6943,0,4,0,634226,42218,77719,48537,0.3343841084780129,0.5348135088975814
1930,0.6946,0,1,0,634227,42217,77719,48537,0.33437618806234953,0.5348194018996408
1931,0.695,57,97,57,634324,42120,77776,48480,0.33360790774299837,0.5350993377483444
1932,0.6952,0,1,0,634325,42119,77776,48480,0.3335999873273349,0.5351052439872405
1933,0.6953,0,2,0,634327,42117,77776,48480,0.3335841464960081,0.5351170568561873
1934,0.6957,1,1,1,634328,42116,77777,48479,0.3335762260803447,0.5351178321099398
1935,0.6958,1,0,1,634328,42116,77778,48478,0.3335762260803447,0.5351127006203501
1936,0.696,5,6,5,634334,42110,77783,48473,0.3335287035863642,0.5351224843513683
1937,0.6965,1,0,1,634334,42110,77784,48472,0.3335287035863642,0.5351173522333356
1938,0.6967,17,48,17,634382,42062,77801,48455,0.33314852363452035,0.5353138084558702
1939,0.6968,1,0,1,634382,42062,77802,48454,0.33314852363452035,0.5353086747094437
1940,0.697,0,3,0,634385,42059,77802,48454,0.3331247623875301,0.5353264171997393
1941,0.6971,1,2,1,634387,42057,77803,48453,0.33310892155620325,0.5353331123632747
1942,0.6972,0,1,0,634388,42056,77803,48453,0.33310100114053987,0.5353390270580827
1943,0.6975,5,22,5,634410,42034,77808,48448,0.33292675199594474,0.5354435136270197
1944,0.698,4,6,4,634416,42028,77812,48444,0.33287922950196425,0.5354584843929614
1945,0.6983,4,8,4,634424,42020,77816,48440,0.3328158661766569,0.5354852973690029
1946,0.6988,0,1,0,634425,42019,77816,48440,0.33280794576099354,0.5354912170154434
1947,0.699,1,0,1,634425,42019,77817,48439,0.33280794576099354,0.5354860819385793
1948,0.6992,1,2,1,634427,42017,77818,48438,0.3327921049296667,0.5354927864684097
1949,0.6993,0,2,0,634429,42015,77818,48438,0.3327762640983399,0.5355046267122152
1950,0.6997,0,1,0,634430,42014,77818,48438,0.3327683436826765,0.5355105470304692
1951,0.7,2257,3742,2257,638172,38272,80075,46181,0.3031301482701812,0.546824861165382
1952,0.7003,0,1,0,638173,38271,80075,46181,0.3031222278545178,0.5468313361436082
1953,0.7005,1,2,1,638175,38269,80076,46180,0.303106387023191,0.5468389205319186
1954,0.7007,0,1,0,638176,38268,80076,46180,0.30309846660752754,0.546845395983327
1955,0.7008,1,4,1,638180,38264,80077,46179,0.3030667849448739,0.5468659332330684
1956,0.701,1,1,1,638181,38263,80078,46178,0.3030588645292105,0.5468670432609751
1957,0.7014,1,0,1,638181,38263,80079,46177,0.3030588645292105,0.5468616769303648
1958,0.7015,0,3,0,638184,38260,80079,46177,0.3030351032822203,0.5468811066238735
1959,0.7017,1,11,1,638195,38249,80080,46176,0.3029479787099227,0.5469469943737044
1960,0.702,4,3,4,638198,38246,80084,46172,0.30292421746293247,0.5469449643440972
1961,0.7023,1,0,1,638198,38246,80085,46171,0.30292421746293247,0.5469395974744423
1962,0.7024,1,0,1,638198,38246,80086,46170,0.30292421746293247,0.5469342304776346
1963,0.7025,7,11,7,638209,38235,80093,46163,0.3028370928906349,0.5469679376288538
1964,0.703,0,2,0,638211,38233,80093,46163,0.3028212520593081,0.5469808995686999
1965,0.7031,0,1,0,638212,38232,80093,46163,0.30281333164364466,0.5469873807690029
1966,0.7033,16,32,16,638244,38200,80109,46147,0.30255987834241543,0.5471089665311155
1967,0.7035,0,1,0,638245,38199,80109,46147,0.302551957926752,0.5471154530149622
1968,0.704,5,4,5,638249,38195,80114,46142,0.30252027626409833,0.5471145523317168
1969,0.7045,0,1,0,638250,38194,80114,46142,0.30251235584843494,0.5471210396509202
1970,0.7047,0,1,0,638251,38193,80114,46142,0.3025044354327715,0.5471275271239698
1971,0.705,56,99,56,638350,38094,80170,46086,0.3017203142820935,0.5474697077690663
1972,0.7053,0,1,0,638351,38093,80170,46086,0.3017123938664301,0.5474762114066454
1973,0.7055,1,1,1,638352,38092,80171,46085,0.3017044734507667,0.5474773394157549
1974,0.7058,1,1,1,638353,38091,80172,46084,0.3016965530351033,0.5474784674784675
1975,0.706,6,8,6,638361,38083,80178,46078,0.30163318970979597,0.5474982474067561
1976,0.7062,1,1,1,638362,38082,80179,46077,0.3016252692941326,0.5474993761808006
1977,0.7063,1,0,1,638362,38082,80180,46076,0.3016252692941326,0.5474939993821146
1978,0.7067,25,43,25,638405,38039,80205,46051,0.30128469142060577,0.5476394339398264
1979,0.7068,0,1,0,638406,38038,80205,46051,0.3012767710049423,0.5476459465566246
1980,0.707,0,1,0,638407,38037,80205,46051,0.30126885058927894,0.5476524593283227
1981,0.7071,1,1,1,638408,38036,80206,46050,0.3012609301736155,0.5476535927502795
1982,0.7073,0,2,0,638410,38034,80206,46050,0.30124508934228866,0.5476666190951905
1983,0.7075,5,11,5,638421,38023,80211,46045,0.3011579647699911,0.5477113765047342
1984,0.7077,0,1,0,638422,38022,80211,46045,0.30115004435432774,0.5477178916816349
1985,0.7078,0,1,0,638423,38021,80211,46045,0.3011421239386643,0.547724407013537
1986,0.708,3,8,3,638431,38013,80214,46042,0.301078760613357,0.5477603949794777
1987,0.7083,5,6,5,638437,38007,80219,46037,0.3010312381193765,0.54777259530722
1988,0.7084,0,1,0,638438,38006,80219,46037,0.3010233177037131,0.5477791130730697
1989,0.7086,0,1,0,638439,38005,80219,46037,0.30101539728804966,0.5477856309940268
1990,0.7088,0,1,0,638440,38004,80219,46037,0.30100747687238627,0.5477921490700968
1991,0.7092,0,3,0,638443,38001,80219,46037,0.300983715625396,0.5478117042290392
1992,0.7093,1,3,1,638446,37998,80220,46036,0.3009599543784058,0.547825880000952
1993,0.7097,1,2,1,638448,37996,80221,46035,0.30094411354707895,0.5478335376230201
1994,0.71,2300,3466,2300,641914,34530,82521,43735,0.27349195285768596,0.558806618539577
1995,0.7102,1,0,1,641914,34530,82522,43734,0.27349195285768596,0.5588009812940816
1996,0.7108,1,3,1,641917,34527,82523,43733,0.27346819161069574,0.5588167646307182
1997,0.7112,0,1,0,641918,34526,82523,43733,0.2734602711950323,0.5588239052377363
1998,0.7113,1,0,1,641918,34526,82524,43732,0.2734602711950323,0.5588182677809298
1999,0.7115,0,1,0,641919,34525,82524,43732,0.2734523507793689,0.5588254085896469
2000,0.7117,2,6,2,641925,34519,82526,43730,0.2734048282853884,0.5588569821978555
2001,0.712,2,1,2,641926,34518,82528,43728,0.273396907869725,0.5588528487079212
2002,0.7124,0,1,0,641927,34517,82528,43728,0.2733889874540616,0.5588599910537414
2003,0.7125,13,14,13,641941,34503,82541,43715,0.2732781016347738,0.5588867012708072
2004,0.7127,0,1,0,641942,34502,82541,43715,0.2732701812191104,0.5588938466062365
2005,0.7129,2,2,2,641944,34500,82543,43713,0.27325434038778357,0.5588968585784971
2006,0.7133,25,33,25,641977,34467,82568,43688,0.2729929666708909,0.5589917471690871
2007,0.7135,0,1,0,641978,34466,82568,43688,0.27298504625522746,0.5589988996084654
2008,0.714,6,4,6,641982,34462,82574,43682,0.2729533645925738,0.5589936527436528
2009,0.7141,1,0,1,641982,34462,82575,43681,0.2729533645925738,0.5589880091626889
2010,0.7142,3,4,3,641986,34458,82578,43678,0.27292168292992014,0.5589996928432477
2011,0.7143,0,1,0,641987,34457,82578,43678,0.27291376251425675,0.5590068471235682
2012,0.7147,1,1,1,641988,34456,82579,43677,0.2729058420985933,0.5590083575441874
2013,0.7148,0,1,0,641989,34455,82579,43677,0.2728979216829299,0.5590155122101059
2014,0.715,53,102,53,642091,34353,82632,43624,0.2720900392852617,0.559447016427921
2015,0.7151,1,0,1,642091,34353,82633,43623,0.2720900392852617,0.5594413665743305
2016,0.7157,0,1,0,642092,34352,82633,43623,0.27208211886959827,0.5594485411991023
2017,0.7158,0,2,0,642094,34350,82633,43623,0.27206627803827144,0.559462891000731
2018,0.716,7,6,7,642100,34344,82640,43616,0.27201875554429095,0.5594663930220626
2019,0.7162,1,0,1,642100,34344,82641,43615,0.27201875554429095,0.5594607421849946
2020,0.7165,0,3,0,642103,34341,82641,43615,0.27199499429730073,0.5594822720509005
2021,0.7167,26,33,26,642136,34308,82667,43589,0.27173362058040806,0.5595722556709501
2022,0.7171,1,2,1,642138,34306,82668,43588,0.27171777974908123,0.5595809690091663
2023,0.7172,0,1,0,642139,34305,82668,43588,0.2717098593334178,0.5595881529790867
2024,0.7173,0,2,0,642141,34303,82668,43588,0.271694018502091,0.5596025214723139
2025,0.7175,11,13,11,642154,34290,82679,43577,0.2715910530984666,0.5596337344446299
2026,0.718,5,2,5,642156,34288,82684,43572,0.27157521226713977,0.559619830464937
2027,0.7181,0,1,0,642157,34287,82684,43572,0.2715672918514764,0.5596270180711286
2028,0.7182,1,0,1,642157,34287,82685,43571,0.2715672918514764,0.5596213619666572
2029,0.7183,4,7,4,642164,34280,82689,43567,0.27151184894183245,0.5596490551980167
2030,0.7186,2,0,2,642164,34280,82691,43565,0.27151184894183245,0.5596377416661314
2031,0.7187,0,1,0,642165,34279,82691,43565,0.27150392852616906,0.5596449308874158
2032,0.719,0,1,0,642166,34278,82691,43565,0.2714960081105056,0.559652120293411
2033,0.7192,0,3,0,642169,34275,82691,43565,0.2714722468635154,0.5596736896197327
2034,0.7195,0,1,0,642170,34274,82691,43565,0.27146432644785196,0.5596808797646424
2035,0.7197,0,1,0,642171,34273,82691,43565,0.27145640603218857,0.5596880700942984
2036,0.72,2245,3204,2245,645375,31069,84936,41320,0.24607939424661007,0.5708049565541726
2037,0.7205,0,1,0,645376,31068,84936,41320,0.24607147383094666,0.5708128419074985
2038,0.7207,1,0,1,645376,31068,84937,41319,0.24607147383094666,0.5708069128434664
2039,0.7208,0,1,0,645377,31067,84937,41319,0.24606355341528324,0.5708147984416876
2040,0.721,1,0,1,645377,31067,84938,41318,0.24606355341528324,0.5708088692408648
2041,0.7214,1,0,1,645377,31067,84939,41317,0.24606355341528324,0.5708029398762158
2042,0.7215,1,0,1,645377,31067,84940,41316,0.24606355341528324,0.5707970103477336
2043,0.7217,4,6,4,645383,31061,84944,41312,0.24601603092130275,0.5708206098959556
2044,0.722,2,1,2,645384,31060,84946,41310,0.24600811050563934,0.5708166367279259
2045,0.7225,6,18,6,645402,31042,84952,41304,0.2458655430236979,0.5709230641638792
2046,0.7229,0,1,0,645403,31041,84952,41304,0.24585762260803448,0.5709309558366162
2047,0.723,1,0,1,645403,31041,84953,41303,0.24585762260803448,0.5709250248811235
2048,0.7232,0,2,0,645405,31039,84953,41303,0.24584178177670765,0.5709408089353349
2049,0.7233,16,27,16,645432,31012,84969,41287,0.24562793055379548,0.5710590741227403
2050,0.7237,0,1,0,645433,31011,84969,41287,0.24562001013813206,0.5710669728069933
2051,0.724,3,6,3,645439,31005,84972,41284,0.24557248764415157,0.5710965707092366
2052,0.7242,1,2,1,645441,31003,84973,41283,0.24555664681282474,0.571106438314473
2053,0.7243,0,4,0,645445,30999,84973,41283,0.24552496515017108,0.5711380426662239
2054,0.7245,2,1,2,645446,30998,84975,41281,0.24551704473450767,0.5711340776712461
2055,0.7247,1,0,1,645446,30998,84976,41280,0.24551704473450767,0.571128144110241
2056,0.7248,0,1,0,645447,30997,84976,41280,0.24550912431884425,0.5711360460450766
2057,0.725,44,65,44,645512,30932,85020,41236,0.24499429730072234,0.5713889812659351
2058,0.7253,0,1,0,645513,30931,85020,41236,0.24498637688505892,0.5713968988595896
2059,0.7257,0,1,0,645514,30930,85020,41236,0.2449784564693955,0.5714048166726713
2060,0.7258,3,1,3,645515,30929,85023,41233,0.2449705360537321,0.5713949169923228
2061,0.726,4,6,4,645521,30923,85027,41229,0.24492301355975163,0.5714186716930924
2062,0.7262,0,1,0,645522,30922,85027,41229,0.24491509314408821,0.5714265914540338
2063,0.7265,1,0,1,645522,30922,85028,41228,0.24491509314408821,0.5714206514206515
2064,0.7267,19,26,19,645548,30896,85047,41209,0.24470916233683943,0.5715137646487761
2065,0.7271,0,1,0,645549,30895,85047,41209,0.244701241921176,0.5715216908909353
2066,0.7275,6,20,6,645569,30875,85053,41203,0.24454283360790774,0.5716446072310553
2067,0.728,4,2,4,645571,30873,85057,41199,0.2445269927765809,0.5716366966366966
2068,0.7282,0,1,0,645572,30872,85057,41199,0.2445190723609175,0.5716446282138447
2069,0.7283,1,3,1,645575,30869,85058,41198,0.24449531111392725,0.5716624807470826
2070,0.7286,1,1,1,645576,30868,85059,41197,0.24448739069826383,0.5716644695760772
2071,0.7287,0,2,0,645578,30866,85059,41197,0.244471549866937,0.5716803352622011
2072,0.7288,1,0,1,645578,30866,85060,41196,0.244471549866937,0.5716743914962116
2073,0.729,1,1,1,645579,30865,85061,41195,0.2444636294512736,0.5716763807937829
2074,0.7292,0,2,0,645581,30863,85061,41195,0.2444477886199468,0.5716922479114047
2075,0.7297,0,1,0,645582,30862,85061,41195,0.24443986820428337,0.5717001818005191
2076,0.73,2331,2937,2331,648519,27925,87392,38864,0.2211776074008364,0.5818922277620566
2077,0.7307,1,1,1,648520,27924,87393,38863,0.22116968698517298,0.5818946801024152
2078,0.7308,1,2,1,648522,27922,87394,38862,0.22115384615384615,0.5819058457115477
2079,0.731,0,1,0,648523,27921,87394,38862,0.22114592573818273,0.5819145590943803
2080,0.7312,0,1,0,648524,27920,87394,38862,0.22113800532251932,0.581923272738163
2081,0.7313,0,1,0,648525,27919,87394,38862,0.2211300849068559,0.5819319866429075
2082,0.7317,2,7,2,648532,27912,87396,38860,0.22107464199721202,0.5819804708560474
2083,0.7318,0,3,0,648535,27909,87396,38860,0.22105088075022178,0.5820066198385478
2084,0.732,2,3,2,648538,27906,87398,38858,0.22102711950323153,0.5820202504343658
2085,0.7322,0,2,0,648540,27904,87398,38858,0.2210112786719047,0.5820376861088643
2086,0.7323,1,1,1,648541,27903,87399,38857,0.2210033582562413,0.5820401437986819
2087,0.7325,7,18,7,648559,27885,87406,38850,0.22086079077429985,0.5821532928748033
2088,0.7327,1,2,1,648561,27883,87407,38849,0.22084494994297302,0.5821644788107655
2089,0.7332,2,1,2,648562,27882,87409,38847,0.2208370295273096,0.5821606797644203
2090,0.7333,15,22,15,648584,27860,87424,38832,0.22066278038271447,0.5822587416781623
2091,0.7335,1,3,1,648587,27857,87425,38831,0.22063901913572423,0.5822786708253359
2092,0.734,5,3,5,648590,27854,87430,38826,0.220615257888734,0.5822735452909418
2093,0.735,57,66,57,648656,27788,87487,38769,0.22009251045494868,0.5824932013161651
2094,0.7357,1,2,1,648658,27786,87488,38768,0.22007666962362185,0.5825044324909097
2095,0.7358,2,1,2,648659,27785,87490,38766,0.22006874920795844,0.5825006386079848
2096,0.736,4,6,4,648665,27779,87494,38762,0.22002122671397795,0.5825280654032852
2097,0.7362,0,1,0,648666,27778,87494,38762,0.22001330629831453,0.5825368199579201
2098,0.7365,0,1,0,648667,27777,87494,38762,0.22000538588265112,0.5825455747756955
2099,0.7367,14,25,14,648692,27752,87508,38748,0.21980737549106577,0.5826766917293233
2100,0.737,2,0,2,648692,27752,87510,38746,0.21980737549106577,0.5826641402748954
2101,0.7371,0,1,0,648693,27751,87510,38746,0.21979945507540236,0.5826729025369566
2102,0.7375,7,12,7,648705,27739,87517,38739,0.21970441008744138,0.5827341376094347
2103,0.7378,0,1,0,648706,27738,87517,38739,0.21969648967177796,0.58274290356063
2104,0.738,3,4,3,648710,27734,87520,38736,0.21966480800912433,0.5827591394614111
2105,0.7383,5,5,5,648715,27729,87525,38731,0.21962520593080725,0.5827715919349985
2106,0.7385,0,1,0,648716,27728,87525,38731,0.21961728551514384,0.5827803608239667
2107,0.739,1,1,1,648717,27727,87526,38730,0.21960936509948042,0.5827828520697594
2108,0.7395,0,1,0,648718,27726,87526,38730,0.219601444683817,0.5827916215240159
2109,0.7397,0,1,0,648719,27725,87526,38730,0.2195935242681536,0.582800391242194
2110,0.7398,0,1,0,648720,27724,87526,38730,0.21958560385249018,0.5828091612243055
2111,0.74,2272,2711,2272,651431,25013,89798,36458,0.19811335698897478,0.5930926778480909
2112,0.7405,2,1,2,651432,25012,89800,36456,0.19810543657331137,0.5930890870046203
2113,0.7407,1,2,1,651434,25010,89801,36455,0.19808959574198454,0.593101765232246
2114,0.7408,0,1,0,651435,25009,89801,36455,0.19808167532632112,0.5931114148119224
2115,0.741,1,0,1,651435,25009,89802,36454,0.19808167532632112,0.5931047947545678
2116,0.7415,1,1,1,651436,25008,89803,36453,0.1980737549106577,0.5931078244740567
2117,0.7417,5,14,5,651450,24994,89808,36448,0.19796286909136993,0.5932098564499854
2118,0.742,2,4,2,651454,24990,89810,36446,0.19793118742871627,0.593235236669054
2119,0.7422,1,0,1,651454,24990,89811,36445,0.19793118742871627,0.5932286156099943
2120,0.7423,0,2,0,651456,24988,89811,36445,0.19791534659738944,0.5932479286377028
2121,0.7425,5,9,5,651465,24979,89816,36440,0.1978440628564187,0.5933017470163956
2122,0.7428,0,1,0,651466,24978,89816,36440,0.19783614244075529,0.5933114070793578
2123,0.7433,24,25,24,651491,24953,89840,36416,0.19763813204916994,0.5933940588896675
2124,0.7439,1,0,1,651491,24953,89841,36415,0.19763813204916994,0.5933874331899361
2125,0.744,4,6,4,651497,24947,89845,36411,0.19759060955518945,0.5934189510740245
2126,0.7442,0,1,0,651498,24946,89845,36411,0.19758268913952604,0.5934286226510422
2127,0.7447,2,0,2,651498,24946,89847,36409,0.19758268913952604,0.5934153695705322
2128,0.7448,1,1,1,651499,24945,89848,36408,0.19757476872386262,0.5934184147474452
2129,0.745,56,67,56,651566,24878,89904,36352,0.1970441008744139,0.5936959007022701
2130,0.7452,0,1,0,651567,24877,89904,36352,0.1970361804587505,0.5937055970210194
2131,0.7453,1,0,1,651567,24877,89905,36351,0.1970361804587505,0.5936989612595545
2132,0.7457,1,0,1,651567,24877,89906,36350,0.1970361804587505,0.5936923252813301
2133,0.7458,1,2,1,651569,24875,89907,36349,0.19702033962742366,0.5937050829739972
2134,0.746,7,2,7,651571,24873,89914,36342,0.19700449879609683,0.5936780200931144
2135,0.7462,2,0,2,651571,24873,89916,36340,0.19700449879609683,0.5936647444170357
2136,0.7467,23,17,23,651588,24856,89939,36317,0.19686985172981877,0.5936769489807595
2137,0.7471,0,1,0,651589,24855,89939,36317,0.19686193131415536,0.5936866540247172
2138,0.7475,7,14,7,651603,24841,89946,36310,0.19675104549486758,0.5937760625337279
2139,0.7477,0,1,0,651604,24840,89946,36310,0.19674312507920416,0.5937857726901064
2140,0.748,2,5,2,651609,24835,89948,36308,0.1967035230008871,0.5938210424741999
2141,0.7482,0,1,0,651610,24834,89948,36308,0.19669560258522367,0.5938307546367473
2142,0.7483,6,6,6,651616,24828,89954,36302,0.19664808009124318,0.5938491738917062
2143,0.749,1,1,1,651617,24827,89955,36301,0.19664015967557977,0.593852244470619
2144,0.7492,0,2,0,651619,24825,89955,36301,0.19662431884425294,0.5938716749010241
2145,0.7493,0,1,0,651620,24824,89955,36301,0.19661639842858952,0.593881390593047
2146,0.7497,0,1,0,651621,24823,89955,36301,0.1966084780129261,0.5938911066029711
2147,0.75,2215,2543,2215,654164,22280,92170,34086,0.17646686098086428,0.6047262534151794
2148,0.7502,1,0,1,654164,22280,92171,34085,0.17646686098086428,0.6047192406635323
2149,0.7505,0,1,0,654165,22279,92171,34085,0.17645894056520087,0.6047299694840679
2150,0.7507,0,2,0,654167,22277,92171,34085,0.17644309973387404,0.6047514282672722
2151,0.7508,3,1,3,654168,22276,92174,34082,0.17643517931821062,0.6047411192732176
2152,0.751,1,0,1,654168,22276,92175,34081,0.17643517931821062,0.6047341057898753
2153,0.7517,4,2,4,654170,22274,92179,34077,0.1764193384868838,0.6047275114904793
2154,0.7518,0,1,0,654171,22273,92179,34077,0.17641141807122038,0.6047382431233362
2155,0.752,2,2,2,654173,22271,92181,34075,0.17639557723989355,0.6047456784864942
2156,0.7525,2,17,2,654190,22254,92183,34073,0.17626093017361552,0.6049141619472012
2157,0.753,1,0,1,654190,22254,92184,34072,0.17626093017361552,0.6049071476760288
2158,0.7533,15,23,15,654213,22231,92199,34057,0.17607876061335698,0.6050490335417851
2159,0.7534,1,1,1,654214,22230,92200,34056,0.17607084019769356,0.605052766229613
2160,0.7537,0,1,0,654215,22229,92200,34056,0.17606291978203015,0.6050635160344674
2161,0.754,2,6,2,654221,22223,92202,34054,0.17601539728804969,0.6051139897293744
2162,0.7542,0,3,0,654224,22220,92202,34054,0.17599163604105944,0.6051462487116608
2163,0.7543,1,1,1,654225,22219,92203,34053,0.17598371562539603,0.6051499857833381
2164,0.7548,0,1,0,654226,22218,92203,34053,0.1759757952097326,0.6051607399904035
2165,0.755,48,62,48,654288,22156,92251,34005,0.17548472943860094,0.6054913552109115
2166,0.7553,0,1,0,654289,22155,92251,34005,0.17547680902293752,0.6055021367521367
2167,0.7557,1,2,1,654291,22153,92252,34004,0.1754609681916107,0.6055166764606371
2168,0.7558,5,1,5,654292,22152,92257,33999,0.17545304777594728,0.6054923331730513
2169,0.756,5,1,5,654293,22151,92262,33994,0.17544512736028386,0.6054679846825185
2170,0.7567,22,32,22,654325,22119,92284,33972,0.17519167405905461,0.6056586618174039
2171,0.7571,1,0,1,654325,22119,92285,33971,0.17519167405905461,0.6056516313068283
2172,0.7572,0,3,0,654328,22116,92285,33971,0.17516791281206437,0.6056840266015298
2173,0.7575,3,13,3,654341,22103,92288,33968,0.17506494740844,0.6058033564587755
2174,0.7578,0,1,0,654342,22102,92288,33968,0.1750570269927766,0.6058141608703407
2175,0.758,4,3,4,654345,22099,92292,33964,0.17503326574578634,0.6058184542389812
2176,0.7583,0,4,0,654349,22095,92292,33964,0.17500158408313268,0.6058616814427656
2177,0.7584,0,1,0,654350,22094,92292,33964,0.17499366366746927,0.6058724892076064
2178,0.7585,1,0,1,654350,22094,92293,33963,0.17499366366746927,0.6058654583727278
2179,0.7586,0,1,0,654351,22093,92293,33963,0.17498574325180585,0.6058762665905523
2180,0.759,1,2,1,654353,22091,92294,33962,0.17496990242047902,0.6058908532995558
2181,0.7592,3,2,3,654355,22089,92297,33959,0.1749540615891522,0.6058913788181559
2182,0.7593,1,1,1,654356,22088,92298,33958,0.17494614117348878,0.605895157549156
2183,0.7596,1,0,1,654356,22088,92299,33957,0.17494614117348878,0.6058881256133464
2184,0.76,2213,2327,2213,656683,19761,94512,31744,0.15651533392472436,0.6163285117949714
2185,0.7605,0,1,0,656684,19760,94512,31744,0.15650741350906094,0.616340478409444
2186,0.7607,1,0,1,656684,19760,94513,31743,0.15650741350906094,0.6163330291439334
2187,0.7608,0,5,0,656689,19755,94513,31743,0.1564678114307439,0.6163928696260049
2188,0.761,0,1,0,656690,19754,94513,31743,0.15645989101508048,0.6164048391168417
2189,0.7615,1,0,1,656690,19754,94514,31742,0.15645989101508048,0.6163973900885505
2190,0.7617,0,5,0,656695,19749,94514,31742,0.1564202889367634,0.6164572449554291
2191,0.7618,0,1,0,656696,19748,94514,31742,0.1564123685211,0.6164692173237521
2192,0.762,0,4,0,656700,19744,94514,31742,0.15638068685844633,0.6165171114477722
2193,0.7625,6,13,6,656713,19731,94520,31736,0.15627772145482194,0.6166281306468222
2194,0.7626,0,1,0,656714,19730,94520,31736,0.15626980103915852,0.6166401119185482
2195,0.7627,0,1,0,656715,19729,94520,31736,0.1562618806234951,0.6166520936558827
2196,0.763,0,2,0,656717,19727,94520,31736,0.1562460397921683,0.6166760585274857
2197,0.7633,26,13,26,656730,19714,94546,31710,0.1561430743885439,0.6166381456129434
2198,0.7635,1,2,1,656732,19712,94547,31709,0.15612723355721708,0.6166546741603625
2199,0.7638,0,1,0,656733,19711,94547,31709,0.15611931314155367,0.6166666666666667
2200,0.764,2,5,2,656738,19706,94549,31707,0.1560797110632366,0.6167117266061113
2201,0.7642,2,2,2,656740,19704,94551,31705,0.15606387023190976,0.6167208076406855
2202,0.7643,1,0,1,656740,19704,94552,31704,0.15606387023190976,0.6167133520074697
2203,0.7648,0,1,0,656741,19703,94552,31704,0.15605594981624635,0.6167253486879218
2204,0.765,49,56,49,656797,19647,94601,31655,0.15561240653909517,0.6170324743674711
2205,0.7657,1,1,1,656798,19646,94602,31654,0.15560448612343175,0.617037037037037
2206,0.7658,1,0,1,656798,19646,94603,31653,0.15560448612343175,0.6170295717265444
2207,0.766,4,4,4,656802,19642,94607,31649,0.1555728044607781,0.6170478251545105
2208,0.7663,1,0,1,656802,19642,94608,31648,0.1555728044607781,0.6170403587443947
2209,0.7665,1,0,1,656802,19642,94609,31647,0.1555728044607781,0.6170328920431282
2210,0.7667,21,18,21,656820,19624,94630,31626,0.15543023697883665,0.6170926829268293
2211,0.7673,0,2,0,656822,19622,94630,31626,0.15541439614750982,0.6171167655323134
2212,0.7675,14,10,14,656832,19612,94644,31612,0.15533519199087567,0.6171325940965172
2213,0.768,2,1,2,656833,19611,94646,31610,0.15532727157521226,0.6171296928993968
2214,0.7683,5,5,5,656838,19606,94651,31605,0.1552876694968952,0.6171525648786393
2215,0.769,1,1,1,656839,19605,94652,31604,0.1552797490812318,0.6171571403464234
2216,0.7692,3,7,3,656846,19598,94655,31601,0.1552243061715879,0.6172190863102796
2217,0.7695,0,1,0,656847,19597,94655,31601,0.15521638575592447,0.6172311418414782
2218,0.7697,0,1,0,656848,19596,94655,31601,0.15520846534026106,0.6172431978436237
2219,0.77,2217,2175,2217,659023,17421,96872,29384,0.13798156127233557,0.6277961756222625
2220,0.7703,0,2,0,659025,17419,96872,29384,0.13796572044100874,0.6278230027989659
2221,0.7705,1,0,1,659025,17419,96873,29383,0.13796572044100874,0.6278150506388616
2222,0.7707,0,1,0,659026,17418,96873,29383,0.13795780002534533,0.6278284652037349
2223,0.7708,3,1,3,659027,17417,96876,29380,0.1379498796096819,0.6278180225228113
2224,0.7713,1,0,1,659027,17417,96877,29379,0.1379498796096819,0.6278100692366869
2225,0.7715,1,0,1,659027,17417,96878,29378,0.1379498796096819,0.6278021156106421
2226,0.7717,0,1,0,659028,17416,96878,29378,0.1379419591940185,0.6278155319057999
2227,0.7718,0,1,0,659029,17415,96878,29378,0.13793403877835508,0.6278289487743893
2228,0.772,1,0,1,659029,17415,96879,29377,0.13793403877835508,0.6278209950418875
2229,0.7725,3,10,3,659039,17405,96882,29374,0.13785483462172093,0.6279313367109173
2230,0.7727,2,0,2,659039,17405,96884,29372,0.13785483462172093,0.6279154285225645
2231,0.7728,0,1,0,659040,17404,96884,29372,0.13784691420605755,0.6279288524029417
2232,0.7729,0,1,0,659041,17403,96884,29372,0.13783899379039413,0.6279422768572955
2233,0.7733,21,20,21,659061,17383,96905,29351,0.13768058547712583,0.6280438224847007
2234,0.7735,0,1,0,659062,17382,96905,29351,0.13767266506146242,0.6280572614640618
2235,0.7737,0,1,0,659063,17381,96905,29351,0.137664744645799,0.628070701018574
2236,0.774,4,7,4,659070,17374,96909,29347,0.13760930173615513,0.6281329594828878
2237,0.7742,3,6,3,659076,17368,96912,29344,0.13756177924217464,0.6281897585202946
2238,0.7743,1,0,1,659076,17368,96913,29343,0.13756177924217464,0.6281817987197876
2239,0.7747,1,0,1,659076,17368,96914,29342,0.13756177924217464,0.6281738385784629
2240,0.7748,1,0,1,659076,17368,96915,29341,0.13756177924217464,0.6281658780962983
2241,0.775,58,48,58,659124,17320,96973,29283,0.13718159929033075,0.628350106216338
2242,0.7752,0,2,0,659126,17318,96973,29283,0.13716575845900392,0.6283770734533594
2243,0.7753,0,1,0,659127,17317,96973,29283,0.1371578380433405,0.6283905579399142
2244,0.7757,0,2,0,659129,17315,96973,29283,0.1371419972120137,0.6284175286492982
2245,0.7758,1,1,1,659130,17314,96974,29282,0.13713407679635028,0.6284230406043437
2246,0.776,2,2,2,659132,17312,96976,29280,0.13711823596502346,0.6284340659340659
2247,0.7765,0,1,0,659133,17311,96976,29280,0.13711031554936004,0.6284475542486746
2248,0.7767,16,28,16,659161,17283,96992,29264,0.13688854391078445,0.6286978752658603
2249,0.777,1,1,1,659162,17282,96993,29263,0.13688062349512103,0.6287034053066924
2250,0.7771,1,0,1,659162,17282,96994,29262,0.13688062349512103,0.6286954279821244
2251,0.7772,1,0,1,659162,17282,96995,29261,0.13688062349512103,0.6286874503147627
2252,0.7773,0,1,0,659163,17281,96995,29261,0.13687270307945762,0.6287009582742469
2253,0.7775,6,8,6,659171,17273,97001,29255,0.1368093397541503,0.6287611760660248
2254,0.7777,1,0,1,659171,17273,97002,29254,0.1368093397541503,0.6287531970683689
2255,0.7778,0,1,0,659172,17272,97002,29254,0.13680141933848688,0.6287667110862744
2256,0.7779,1,1,1,659173,17271,97003,29253,0.13679349892282347,0.628772246582409
2257,0.778,1,4,1,659177,17267,97004,29252,0.1367618172601698,0.6288183322943314
2258,0.7782,1,0,1,659177,17267,97005,29251,0.1367618172601698,0.6288103529816416
2259,0.7783,4,4,4,659181,17263,97009,29247,0.13673013559751615,0.6288325091378199
2260,0.779,0,1,0,659182,17262,97009,29247,0.13672221518185274,0.6288460298006837
2261,0.7792,0,2,0,659184,17260,97009,29247,0.1367063743505259,0.6288730728707507
2262,0.7798,1,0,1,659184,17260,97010,29246,0.1367063743505259,0.6288650926762138
2263,0.78,2151,1968,2151,661152,15292,99161,27095,0.12111899632492713,0.6392290088942364
2264,0.7805,1,2,1,661154,15290,99162,27094,0.1211031554936003,0.6392506606266516
2265,0.7807,1,0,1,661154,15290,99163,27093,0.1211031554936003,0.6392421489748248
2266,0.7808,1,1,1,661155,15289,99164,27092,0.12109523507793689,0.6392487199452584
2267,0.7815,2,0,2,661155,15289,99166,27090,0.12109523507793689,0.6392316949432502
2268,0.7817,1,5,1,661160,15284,99167,27089,0.12105563299961981,0.6392986099638921
2269,0.782,2,2,2,661162,15282,99169,27087,0.121039792168293,0.6393117609573037
2270,0.7822,0,1,0,661163,15281,99169,27087,0.12103187175262958,0.6393268504531722
2271,0.7824,1,0,1,661163,15281,99170,27086,0.12103187175262958,0.639318337385229
2272,0.7825,3,3,3,661166,15278,99173,27083,0.12100811050563934,0.6393380703949387
2273,0.7827,0,1,0,661167,15277,99173,27083,0.12100019008997592,0.6393531633616619
2274,0.7828,0,2,0,661169,15275,99173,27083,0.1209843492586491,0.6393833514330233
2275,0.7832,0,2,0,661171,15273,99173,27083,0.12096850842732226,0.6394135423552744
2276,0.7833,18,20,18,661191,15253,99191,27065,0.12081010011405399,0.6395623611701876
2277,0.7837,0,1,0,661192,15252,99191,27065,0.12080217969839058,0.6395774747737316
2278,0.784,4,6,4,661198,15246,99195,27061,0.12075465720441009,0.6396341031035053
2279,0.7842,1,1,1,661199,15245,99196,27060,0.12074673678874667,0.6396407044084623
2280,0.7843,2,2,2,661201,15243,99198,27058,0.12073089595741984,0.6396539088910428
2281,0.7847,1,0,1,661201,15243,99199,27057,0.12073089595741984,0.639645390070922
2282,0.7848,1,0,1,661201,15243,99200,27056,0.12073089595741984,0.6396368708480106
2283,0.785,35,37,35,661238,15206,99235,27021,0.12043784057787353,0.6398986430482866
2284,0.7853,1,0,1,661238,15206,99236,27020,0.12043784057787353,0.6398901150949652
2285,0.7855,1,1,1,661239,15205,99237,27019,0.12042992016221012,0.6398967411898446
2286,0.7857,2,3,2,661242,15202,99239,27017,0.12040615891521987,0.6399251521826665
2287,0.7858,2,3,2,661245,15199,99241,27015,0.12038239766822963,0.6399535699057185
2288,0.786,7,1,7,661246,15198,99248,27008,0.12037447725256621,0.639909017675212
2289,0.7863,1,1,1,661247,15197,99249,27007,0.1203665568369028,0.6399156478058952
2290,0.7865,0,1,0,661248,15196,99249,27007,0.12035863642123938,0.6399308106058811
2291,0.7867,17,13,17,661261,15183,99266,26990,0.120255671017615,0.6399829274654399
2292,0.7868,0,2,0,661263,15181,99266,26990,0.12023983018628817,0.6400132792677432
2293,0.7871,1,2,1,661265,15179,99267,26989,0.12022398935496136,0.6400350977044205
2294,0.7873,1,1,1,661266,15178,99268,26988,0.12021606893929794,0.6400417397903524
2295,0.7875,14,8,14,661274,15170,99282,26974,0.12015270561399062,0.6400436598329536
2296,0.7877,1,0,1,661274,15170,99283,26973,0.12015270561399062,0.6400351185250219
2297,0.788,2,3,2,661277,15167,99285,26971,0.12012894436700038,0.6400636005505719
2298,0.7882,0,1,0,661278,15166,99285,26971,0.12012102395133696,0.6400787906115766
2299,0.7883,3,2,3,661280,15164,99288,26968,0.12010518312001014,0.6400835469476882
2300,0.7885,0,3,0,661283,15161,99288,26968,0.1200814218730199,0.6401291272045384
2301,0.7887,1,1,1,661284,15160,99289,26967,0.12007350145735649,0.6401357799036248
2302,0.7888,0,1,0,661285,15159,99289,26967,0.12006558104169307,0.6401509756444951
2303,0.789,0,1,0,661286,15158,99289,26967,0.12005766062602966,0.6401661721068249
2304,0.7892,0,2,0,661288,15156,99289,26967,0.12004181979470283,0.6401965671960687
2305,0.7893,0,1,0,661289,15155,99289,26967,0.12003389937903941,0.6402117658230854
2306,0.7897,2,0,2,661289,15155,99291,26965,0.12003389937903941,0.6401946818613485
2307,0.79,2185,1834,2185,663123,13321,101476,24780,0.1055078570523381,0.6503766305346317
2308,0.7903,0,1,0,663124,13320,101476,24780,0.10549993663667469,0.6503937007874016
2309,0.7907,1,0,1,663124,13320,101477,24779,0.10549993663667469,0.6503845245282028
2310,0.7908,1,1,1,663125,13319,101478,24778,0.10549201622101127,0.650392419350605
2311,0.7915,1,0,1,663125,13319,101479,24777,0.10549201622101127,0.6503832423351533
2312,0.7917,6,5,6,663130,13314,101485,24771,0.10545241414269421,0.6504135486411973
2313,0.792,2,3,2,663133,13311,101487,24769,0.10542865289570397,0.6504464285714285
2314,0.7925,11,5,11,663138,13306,101498,24758,0.10538905081738689,0.6504308532997057
2315,0.793,0,1,0,663139,13305,101498,24758,0.10538113040172348,0.6504479415705541
2316,0.7932,1,0,1,663139,13305,101499,24757,0.10538113040172348,0.6504387578161946
2317,0.7933,28,10,28,663149,13295,101527,24729,0.10530192624508934,0.650352409004839
2318,0.7935,1,0,1,663149,13295,101528,24728,0.10530192624508934,0.6503432133182547
2319,0.7937,0,2,0,663151,13293,101528,24728,0.10528608541376251,0.6503774230030772
2320,0.7938,1,0,1,663151,13293,101529,24727,0.10528608541376251,0.6503682272488164
2321,0.794,1,6,1,663157,13287,101530,24726,0.10523856291978204,0.6504616841606818
2322,0.7944,0,1,0,663158,13286,101530,24726,0.10523064250411862,0.6504787961696307
2323,0.7945,1,0,1,663158,13286,101531,24725,0.10523064250411862,0.6504696009050012
2324,0.795,51,40,51,663198,13246,101582,24674,0.10491382587758205,0.6506856540084388
2325,0.7957,0,1,0,663199,13245,101582,24674,0.10490590546191864,0.6507028138927714
2326,0.7958,3,0,3,663199,13245,101585,24671,0.10490590546191864,0.6506751767064036
2327,0.796,6,6,6,663205,13239,101591,24665,0.10485838296793816,0.6507228788518362
2328,0.7965,2,0,2,663205,13239,101593,24663,0.10485838296793816,0.6507044483140731
2329,0.7967,19,19,19,663224,13220,101612,24644,0.10470789507033329,0.6508556940629622
2330,0.7973,1,0,1,663224,13220,101613,24643,0.10470789507033329,0.6508464728098672
2331,0.7975,5,6,5,663230,13214,101618,24638,0.1046603725763528,0.6509035189686146
2332,0.798,2,2,2,663232,13212,101620,24636,0.10464453174502598,0.6509194673430564
2333,0.7983,4,3,4,663235,13209,101624,24632,0.10462077049803574,0.6509341719299173
2334,0.7986,0,1,0,663236,13208,101624,24632,0.10461285008237232,0.6509513742071882
2335,0.7987,0,1,0,663237,13207,101624,24632,0.10460492966670891,0.6509685773936943
2336,0.799,1,1,1,663238,13206,101625,24631,0.1045970092510455,0.6509765573380554
2337,0.7992,3,2,3,663240,13204,101628,24628,0.10458116841971866,0.6509832945654472
2338,0.7993,0,1,0,663241,13203,101628,24628,0.10457324800405525,0.6510005022336179
2339,0.7997,1,0,1,663241,13203,101629,24627,0.10457324800405525,0.6509912767644727
2340,0.7998,1,1,1,663242,13202,101630,24626,0.10456532758839183,0.6509992598075499
2341,0.8,2119,1687,2119,664929,11515,103749,22507,0.0912035863642124,0.6615425313032743
2342,0.8007,1,1,1,664930,11514,103750,22506,0.09119566594854898,0.6615520282186949
2343,0.8008,1,1,1,664931,11513,103751,22505,0.09118774553288557,0.6615615262508084
2344,0.8014,1,0,1,664931,11513,103752,22504,0.09118774553288557,0.6615515771526002
2345,0.8015,1,0,1,664931,11513,103753,22503,0.09118774553288557,0.6615416274694261
2346,0.8017,3,5,3,664936,11508,103756,22500,0.0911481434545685,0.6616090331686661
2347,0.802,1,2,1,664938,11506,103757,22499,0.09113230262324166,0.6616379944125864
2348,0.8022,1,1,1,664939,11505,103758,22498,0.09112438220757825,0.6616475016910273
2349,0.8025,14,3,14,664942,11502,103772,22484,0.091100620960588,0.6615665273936326
2350,0.8027,0,1,0,664943,11501,103772,22484,0.0910927005449246,0.6615859938208033
2351,0.8033,16,17,16,664960,11484,103788,22468,0.09095805347864656,0.6617577756833176
2352,0.8035,1,2,1,664962,11482,103789,22467,0.09094221264731973,0.6617867978438245
2353,0.8037,0,1,0,664963,11481,103789,22467,0.09093429223165632,0.6618062919759632
2354,0.804,1,2,1,664965,11479,103790,22466,0.09091845140032949,0.6618353218441597
2355,0.8042,0,1,0,664966,11478,103790,22466,0.09091053098466607,0.6618548197030403
2356,0.8043,2,2,2,664968,11476,103792,22464,0.09089469015333924,0.661873895109016
2357,0.8045,1,0,1,664968,11476,103793,22463,0.09089469015333924,0.6618639323492148
2358,0.8047,2,0,2,664968,11476,103795,22461,0.09089469015333924,0.6618440050682146
2359,0.805,44,39,44,665007,11437,103839,22417,0.0905857939424661,0.662166952206534
2360,0.8052,1,0,1,665007,11437,103840,22416,0.0905857939424661,0.6621569727941393
2361,0.8058,1,0,1,665007,11437,103841,22415,0.0905857939424661,0.662146992792154
2362,0.806,1,2,1,665009,11435,103842,22414,0.09056995311113927,0.6621761351886318
2363,0.8063,0,1,0,665010,11434,103842,22414,0.09056203269547586,0.66219569841645
2364,0.8067,26,13,26,665023,11421,103868,22388,0.09045906729185148,0.6621905409802123
2365,0.8071,1,0,1,665023,11421,103869,22387,0.09045906729185148,0.6621805489824893
2366,0.8073,0,1,0,665024,11420,103869,22387,0.09045114687618806,0.6622001360664951
2367,0.8075,8,5,8,665029,11415,103877,22379,0.09041154479787099,0.6622181452328816
2368,0.8077,1,0,1,665029,11415,103878,22378,0.09041154479787099,0.6622081496167845
2369,0.8078,1,0,1,665029,11415,103879,22377,0.09041154479787099,0.6621981534090909
2370,0.808,1,2,1,665031,11413,103880,22376,0.09039570396654416,0.6622273520968363
2371,0.8083,1,1,1,665032,11412,103881,22375,0.09038778355088076,0.66223695504188
2372,0.8086,0,1,0,665033,11411,103881,22375,0.09037986313521734,0.6622565559699284
2373,0.809,0,1,0,665034,11410,103881,22375,0.09037194271955393,0.6622761580583099
2374,0.8092,0,3,0,665037,11407,103881,22375,0.09034818147256368,0.6623349712864839
2375,0.8093,0,3,0,665040,11404,103881,22375,0.09032442022557344,0.6623937949613665
2376,0.8095,1,0,1,665040,11404,103882,22374,0.09032442022557344,0.6623838001065783
2377,0.8098,1,0,1,665040,11404,103883,22373,0.09032442022557344,0.6623738046599758
2378,0.81,1972,1482,1972,666522,9922,105855,20401,0.07858636421239387,0.6727896316327541
2379,0.8102,1,1,1,666523,9921,105856,20400,0.07857844379673046,0.6728010289898091
2380,0.8105,1,0,1,666523,9921,105857,20399,0.07857844379673046,0.6727902374670185
2381,0.8107,1,0,1,666523,9921,105858,20398,0.07857844379673046,0.6727794452323625
2382,0.8108,0,2,0,666525,9919,105858,20398,0.07856260296540363,0.6728238282151928
2383,0.811,0,1,0,666526,9918,105858,20398,0.07855468254974021,0.6728460219026257
2384,0.8115,0,1,0,666527,9917,105858,20398,0.0785467621340768,0.6728682170542636
2385,0.8117,6,3,6,666530,9914,105864,20392,0.07852300088708655,0.672870058734244
2386,0.8118,0,1,0,666531,9913,105864,20392,0.07851508047142314,0.6728922620029698
2387,0.812,2,0,2,666531,9913,105866,20390,0.07851508047142314,0.6728706728706729
2388,0.8122,1,0,1,666531,9913,105867,20389,0.07851508047142314,0.672859877235826
2389,0.8125,13,8,13,666539,9905,105880,20376,0.07845171714611583,0.6728971962616822
2390,0.8128,1,0,1,666539,9905,105881,20375,0.07845171714611583,0.672886393659181
2391,0.8129,1,1,1,666540,9904,105882,20374,0.07844379673045242,0.6728978135940287
2392,0.813,1,0,1,666540,9904,105883,20373,0.07844379673045242,0.6728870099415398
2393,0.8133,23,12,23,666552,9892,105906,20350,0.07834875174249145,0.6729052311355069
2394,0.8137,0,1,0,666553,9891,105906,20350,0.07834083132682804,0.6729274825567938
2395,0.8139,0,1,0,666554,9890,105906,20350,0.07833291091116462,0.6729497354497355
2396,0.814,1,0,1,666554,9890,105907,20349,0.07833291091116462,0.6729389199378286
2397,0.8141,1,0,1,666554,9890,105908,20348,0.07833291091116462,0.6729281037105629
2398,0.815,35,40,35,666594,9850,105943,20313,0.07801609428462805,0.6734409707257236
2399,0.8153,1,1,1,666595,9849,105944,20312,0.07800817386896464,0.6734524717350221
2400,0.8156,0,1,0,666596,9848,105944,20312,0.07800025345330124,0.673474801061008
2401,0.8157,2,2,2,666598,9846,105946,20310,0.0779844126219744,0.6734978113808198
2402,0.816,2,2,2,666600,9844,105948,20308,0.07796857179064758,0.673520827805784
2403,0.8167,19,14,19,666614,9830,105967,20289,0.07785768597135978,0.6736279424947708
2404,0.8168,0,1,0,666615,9829,105967,20289,0.07784976555569637,0.673650308785444
2405,0.8175,5,2,5,666617,9827,105972,20284,0.07783392472436954,0.6736408621434028
2406,0.818,5,2,5,666619,9825,105977,20279,0.0778180838930427,0.6736314111081584
2407,0.8183,3,4,3,666623,9821,105980,20276,0.07778640223038905,0.6736884074824734
2408,0.8184,1,0,1,666623,9821,105981,20275,0.07778640223038905,0.6736775651249336
2409,0.8187,0,2,0,666625,9819,105981,20275,0.07777056139906223,0.6737223366784076
2410,0.8188,1,2,1,666627,9817,105982,20274,0.0777547205677354,0.6737562726396596
2411,0.8193,0,2,0,666629,9815,105982,20274,0.07773887973640857,0.6738010568646349
2412,0.8198,0,1,0,666630,9814,105982,20274,0.07773095932074515,0.6738234512097846
2413,0.82,1974,1403,1974,668033,8411,107956,18300,0.06661861614497529,0.685111002957583
2414,0.8202,1,0,1,668033,8411,107957,18299,0.06661861614497529,0.6850992137776114
2415,0.8203,0,1,0,668034,8410,107957,18299,0.06661069572931187,0.6851248642779587
2416,0.8204,1,0,1,668034,8410,107958,18298,0.06661069572931187,0.685113074734162
2417,0.8207,2,1,2,668035,8409,107960,18296,0.06660277531364846,0.6851151469762217
2418,0.8208,1,2,1,668037,8407,107961,18295,0.06658693448232163,0.6851546700621677
2419,0.821,1,0,1,668037,8407,107962,18294,0.06658693448232163,0.6851428785438748
2420,0.8215,0,1,0,668038,8406,107962,18294,0.06657901406665821,0.6851685393258427
2421,0.8217,0,4,0,668042,8402,107962,18294,0.06654733240400457,0.685271201678154
2422,0.822,0,2,0,668044,8400,107962,18294,0.06653149157267774,0.6853225443919982
2423,0.8221,0,1,0,668045,8399,107962,18294,0.06652357115701432,0.6853482186340988
2424,0.8222,0,1,0,668046,8398,107962,18294,0.0665156507413509,0.68537389479994
2425,0.8224,0,1,0,668047,8397,107962,18294,0.06650773032568749,0.6853995728897381
2426,0.8225,10,5,10,668052,8392,107972,18284,0.06646812824737042,0.685410106462738
2427,0.8227,1,0,1,668052,8392,107973,18283,0.06646812824737042,0.685398313027179
2428,0.8228,0,1,0,668053,8391,107973,18283,0.066460207831707,0.6854240083976907
2429,0.8232,0,1,0,668054,8390,107973,18283,0.06645228741604359,0.6854497056948975
2430,0.8233,9,12,9,668066,8378,107982,18274,0.06635724242808262,0.6856521086597629
2431,0.8238,1,0,1,668066,8378,107983,18273,0.06635724242808262,0.6856403136842896
2432,0.824,5,4,5,668070,8374,107988,18268,0.06632556076542898,0.6856842579385932
2433,0.8242,1,2,1,668072,8372,107989,18267,0.06630971993410215,0.6857239385862832
2434,0.8245,0,1,0,668073,8371,107989,18267,0.06630179951843873,0.685749680906975
2435,0.8247,1,0,1,668073,8371,107990,18266,0.06630179951843873,0.6857378833952772
2436,0.8249,1,0,1,668073,8371,107991,18265,0.06630179951843873,0.6857260849977475
2437,0.825,47,19,47,668092,8352,108038,18218,0.06615131162083386,0.6856605193827625
2438,0.8255,0,1,0,668093,8351,108038,18218,0.06614339120517045,0.6856863261695961
2439,0.8257,0,1,0,668094,8350,108038,18218,0.06613547078950703,0.6857121348991267
2440,0.8258,1,0,1,668094,8350,108039,18217,0.06613547078950703,0.6857003048895246
2441,0.826,2,3,2,668097,8347,108041,18215,0.06611170954251679,0.6857540847827723
2442,0.8262,1,2,1,668099,8345,108042,18214,0.06609586871118997,0.685793892842351
2443,0.8263,0,1,0,668100,8344,108042,18214,0.06608794829552656,0.6858197153400105
2444,0.8267,22,11,22,668111,8333,108064,18192,0.06600082372322899,0.6858435438265787
2445,0.8268,0,1,0,668112,8332,108064,18192,0.06599290330756558,0.6858694012969386
2446,0.827,1,1,1,668113,8331,108065,18191,0.06598498289190216,0.6858834175401554
2447,0.8271,1,1,1,668114,8330,108066,18190,0.06597706247623876,0.6858974358974359
2448,0.8275,6,9,6,668123,8321,108072,18184,0.06590577873526803,0.6860592341067723
2449,0.828,4,0,4,668123,8321,108076,18180,0.06590577873526803,0.6860118486094864
2450,0.8283,2,3,2,668126,8318,108078,18178,0.06588201748827778,0.6860658212560387
2451,0.8284,1,1,1,668127,8317,108079,18177,0.06587409707261437,0.6860798671397298
2452,0.8286,1,1,1,668128,8316,108080,18176,0.06586617665695095,0.6860939151441945
2453,0.8288,1,1,1,668129,8315,108081,18175,0.06585825624128755,0.6861079652699131
2454,0.829,0,2,0,668131,8313,108081,18175,0.06584241540996072,0.6861597704620961
2455,0.8292,3,4,3,668135,8309,108084,18172,0.06581073374730706,0.6862278614855934
2456,0.8295,1,0,1,668135,8309,108085,18171,0.06581073374730706,0.6862160120845922
2457,0.8297,1,0,1,668135,8309,108086,18170,0.06581073374730706,0.6862041617885872
2458,0.8298,1,0,1,668135,8309,108087,18169,0.06581073374730706,0.6861923105974771
2459,0.83,1848,1288,1848,669423,7021,109935,16321,0.05560923837282981,0.6992117213606375
2460,0.8303,1,0,1,669423,7021,109936,16320,0.05560923837282981,0.6991988346686089
2461,0.8307,1,2,1,669425,7019,109937,16319,0.05559339754150298,0.6992458651126917
2462,0.8308,0,1,0,669426,7018,109937,16319,0.05558547712583956,0.6992758280841582
2463,0.831,0,1,0,669427,7017,109937,16319,0.05557755671017615,0.6993057936235859
2464,0.8313,1,0,1,669427,7017,109938,16318,0.05557755671017615,0.6992929076494536
2465,0.8314,1,0,1,669427,7017,109939,16317,0.05557755671017615,0.6992800205708408
2466,0.8317,2,2,2,669429,7015,109941,16315,0.055561715878849324,0.6993141877411059
2467,0.8318,1,0,1,669429,7015,109942,16314,0.055561715878849324,0.6993012988126366
2468,0.832,2,1,2,669430,7014,109944,16312,0.05555379546318591,0.6993054960130327
2469,0.8325,10,2,10,669432,7012,109954,16302,0.05553795463185908,0.6992365102513511
2470,0.8327,0,2,0,669434,7010,109954,16302,0.05552211380053225,0.699296499656829
2471,0.833,0,1,0,669435,7009,109954,16302,0.055514193384868835,0.6993264982197246
2472,0.8331,1,0,1,669435,7009,109955,16301,0.055514193384868835,0.6993135993135993
2473,0.8333,20,8,20,669443,7001,109975,16281,0.05545083005956153,0.6992955931620994
2474,0.8335,0,1,0,669444,7000,109975,16281,0.055442909643898114,0.6993256303423393
2475,0.8337,1,0,1,669444,7000,109976,16280,0.055442909643898114,0.6993127147766323
2476,0.8338,0,1,0,669445,6999,109976,16280,0.0554349892282347,0.6993427552729928
2477,0.834,2,0,2,669445,6999,109978,16278,0.0554349892282347,0.6993169222837995
2478,0.8342,1,0,1,669445,6999,109979,16277,0.0554349892282347,0.69930400412442
2479,0.8343,0,1,0,669446,6998,109979,16277,0.055427068812571284,0.6993340494092374
2480,0.8345,0,1,0,669447,6997,109979,16277,0.05541914839690787,0.6993640972759302
2481,0.835,37,23,37,669470,6974,110016,16240,0.055236978836649346,0.6995778409580425
2482,0.8357,1,2,1,669472,6972,110017,16239,0.055221138005322516,0.6996251777174616
2483,0.8358,0,1,0,669473,6971,110017,16239,0.05521321758965911,0.6996553209823352
2484,0.836,5,5,5,669478,6966,110022,16234,0.05517361551134203,0.6997413793103449
2485,0.8367,13,12,13,669490,6954,110035,16221,0.05507857052338107,0.6999352750809061
2486,0.8372,0,1,0,669491,6953,110035,16221,0.05507065010771765,0.6999654785535514
2487,0.8375,7,2,7,669493,6951,110042,16214,0.05505480927639082,0.699935247140082
2488,0.8377,1,0,1,669493,6951,110043,16213,0.05505480927639082,0.6999222932136073
2489,0.838,2,0,2,669493,6951,110045,16211,0.05505480927639082,0.6998963820050083
2490,0.8383,2,1,2,669494,6950,110047,16209,0.05504688886072741,0.6999006865581415
2491,0.8386,1,0,1,669494,6950,110048,16208,0.05504688886072741,0.6998877277830555
2492,0.8387,0,1,0,669495,6949,110048,16208,0.055038968445064,0.699917951375394
2493,0.8388,0,1,0,669496,6948,110048,16208,0.055031048029400585,0.6999481775781655
2494,0.839,1,0,1,669496,6948,110049,16207,0.055031048029400585,0.6999352191751241
2495,0.8392,2,2,2,669498,6946,110051,16205,0.055015207198073755,0.6999697637251091
2496,0.84,1775,1142,1775,670640,5804,111826,14430,0.045970092510454946,0.7131560739349609
2497,0.8403,1,0,1,670640,5804,111827,14429,0.045970092510454946,0.7131418969011022
2498,0.8408,1,2,1,670642,5802,111828,14428,0.04595425167912812,0.7131982204646564
2499,0.841,2,1,2,670643,5801,111830,14426,0.04594633126346471,0.7132051218668117
2500,0.8417,3,6,3,670649,5795,111833,14423,0.045898808769484226,0.713374220991196
2501,0.842,3,3,3,670652,5792,111836,14420,0.04587504752249398,0.7134375618444488
2502,0.8421,2,0,2,670652,5792,111838,14418,0.04587504752249398,0.713409203364671
2503,0.8425,4,3,4,670655,5789,111842,14414,0.045851286275503736,0.7134583972677325
2504,0.843,0,2,0,670657,5787,111842,14414,0.04583544544417691,0.7135290332161774
2505,0.8432,0,1,0,670658,5786,111842,14414,0.0458275250285135,0.7135643564356435
2506,0.8433,19,16,19,670674,5770,111861,14395,0.04570079837789887,0.7138606496404661
2507,0.8438,0,1,0,670675,5769,111861,14395,0.04569287796223546,0.7138960523705614
2508,0.8439,0,1,0,670676,5768,111861,14395,0.04568495754657204,0.7139314586123097
2509,0.844,7,2,7,670678,5766,111868,14388,0.04566911671524521,0.7139029473057458
2510,0.8442,1,0,1,670678,5766,111869,14387,0.04566911671524521,0.7138887510544336
2511,0.845,39,12,39,670690,5754,111908,14348,0.04557407172728425,0.7137598248930455
2512,0.8457,0,1,0,670691,5753,111908,14348,0.04556615131162083,0.7137953335654943
2513,0.8458,1,2,1,670693,5751,111909,14347,0.045550310480294,0.7138521245895114
2514,0.846,4,2,4,670695,5749,111913,14343,0.04553446964896718,0.7138662154091181
2515,0.8467,18,10,18,670705,5739,111931,14325,0.04545526549233304,0.7139653110047847
2516,0.8473,0,1,0,670706,5738,111931,14325,0.04544734507666962,0.7140008971739022
2517,0.8475,5,6,5,670712,5732,111936,14320,0.04539982258268914,0.7141432276082186
2518,0.8477,0,1,0,670713,5731,111936,14320,0.045391902167025724,0.7141788439479327
2519,0.8482,1,0,1,670713,5731,111937,14319,0.045391902167025724,0.7141645885286783
2520,0.8483,4,0,4,670713,5731,111941,14315,0.045391902167025724,0.7141075526289534
2521,0.8485,0,1,0,670714,5730,111941,14315,0.04538398175136231,0.7141431778498378
2522,0.8493,0,1,0,670715,5729,111941,14315,0.045376061335698895,0.7141788066254241
2523,0.8495,0,2,0,670717,5727,111941,14315,0.04536022050437207,0.7142500748428301
2524,0.8497,1,0,1,670717,5727,111942,14314,0.04536022050437207,0.7142358165760192
2525,0.85,1702,931,1702,671648,4796,113644,12612,0.03798631352173362,0.7244944852941176
2526,0.8507,1,0,1,671648,4796,113645,12611,0.03798631352173362,0.724478658011145
2527,0.8508,1,2,1,671650,4794,113646,12610,0.03797047269040679,0.7245460813606067
2528,0.8513,1,0,1,671650,4794,113647,12609,0.03797047269040679,0.7245302534045854
2529,0.8514,0,1,0,671651,4793,113647,12609,0.03796255227474338,0.7245718882887024
2530,0.8517,4,1,4,671652,4792,113651,12605,0.03795463185907996,0.7245502098062885
2531,0.852,3,0,3,671652,4792,113654,12602,0.03795463185907996,0.7245027020811774
2532,0.8522,1,0,1,671652,4792,113655,12601,0.03795463185907996,0.7244868625309032
2533,0.8524,0,1,0,671653,4791,113655,12601,0.03794671144341655,0.7245285188592456
2534,0.8525,10,7,10,671660,4784,113665,12591,0.03789126853377265,0.7246618705035971
2535,0.8527,1,0,1,671660,4784,113666,12590,0.03789126853377265,0.7246460227926788
2536,0.8528,0,1,0,671661,4783,113666,12590,0.037883348118109235,0.7246877338398665
2537,0.8533,12,7,12,671668,4776,113678,12578,0.03782790520846534,0.7247896738504092
2538,0.8536,1,0,1,671668,4776,113679,12577,0.03782790520846534,0.7247738143260531
2539,0.854,2,2,2,671670,4774,113681,12575,0.037812064377138514,0.7248256383653237
2540,0.8542,0,2,0,671672,4772,113681,12575,0.037796223545811684,0.7249092062028016
2541,0.8543,0,2,0,671674,4770,113681,12575,0.037780382714484854,0.7249927933121937
2542,0.8547,1,1,1,671675,4769,113682,12574,0.03777246229882144,0.7250187395490976
2543,0.855,29,15,29,671690,4754,113711,12545,0.03765365606387023,0.725186426961096
2544,0.8556,0,2,0,671692,4752,113711,12545,0.037637815232543406,0.7252702780829046
2545,0.8557,0,2,0,671694,4750,113711,12545,0.037621974401216576,0.7253541485978606
2546,0.8558,0,1,0,671695,4749,113711,12545,0.03761405398555316,0.7253960911298716
2547,0.856,2,1,2,671696,4748,113713,12543,0.037606133569889746,0.7254062807240761
2548,0.8564,0,1,0,671697,4747,113713,12543,0.03759821315422633,0.7254482359745518
2549,0.8565,1,0,1,671697,4747,113714,12542,0.03759821315422633,0.7254323558331888
2550,0.8567,16,4,16,671701,4743,113730,12526,0.03756653149157268,0.7253459957148648
2551,0.857,1,0,1,671701,4743,113731,12525,0.03756653149157268,0.7253300903405142
2552,0.8571,1,1,1,671702,4742,113732,12524,0.037558611075909264,0.7253561913587397
2553,0.8574,0,1,0,671703,4741,113732,12524,0.03755069066024585,0.72539820445989
2554,0.8575,10,5,10,671708,4736,113742,12514,0.03751108858192878,0.7254492753623188
2555,0.8576,1,0,1,671708,4736,113743,12513,0.03751108858192878,0.7254333584555627
2556,0.858,2,1,2,671709,4735,113745,12511,0.037503168166265366,0.7254435811202598
2557,0.8583,0,2,0,671711,4733,113745,12511,0.037487327334938536,0.7255277197865925
2558,0.8586,1,1,1,671712,4732,113746,12510,0.03747940691927512,0.7255538800603178
2559,0.8587,0,1,0,671713,4731,113746,12510,0.037471486503611706,0.7255959631111885
2560,0.859,1,0,1,671713,4731,113747,12509,0.037471486503611706,0.7255800464037123
2561,0.8593,1,0,1,671713,4731,113748,12508,0.037471486503611706,0.7255641278496433
2562,0.86,1552,857,1552,672570,3874,115300,10956,0.030683690280065897,0.7387727579231288
2563,0.8607,1,0,1,672570,3874,115301,10955,0.030683690280065897,0.7387551419515813
2564,0.8608,0,1,0,672571,3873,115301,10955,0.030675769864402482,0.7388049635824117
2565,0.861,0,1,0,672572,3872,115301,10955,0.03066784944873907,0.7388547919336346
2566,0.8613,1,1,1,672573,3871,115302,10954,0.030659929033075656,0.7388870151770658
2567,0.8617,5,2,5,672575,3869,115307,10949,0.03064408820174883,0.7388986367930895
2568,0.8623,3,2,3,672577,3867,115310,10946,0.030628247370422,0.7389455208263013
2569,0.8625,12,2,12,672579,3865,115322,10934,0.030612406539095173,0.7388337049800662
2570,0.8626,1,0,1,672579,3865,115323,10933,0.030612406539095173,0.7388160562238141
2571,0.8633,9,4,9,672583,3861,115332,10924,0.030580724876441517,0.7388569496110923
2572,0.864,3,2,3,672585,3859,115335,10921,0.030564884045114687,0.7389039242219215
2573,0.8642,0,1,0,672586,3858,115335,10921,0.030556963629451275,0.7389539211042696
2574,0.865,32,18,32,672604,3840,115367,10889,0.03041439614750982,0.739289836377215
2575,0.8652,4,0,4,672604,3840,115371,10885,0.03041439614750982,0.7392190152801358
2576,0.8657,3,0,3,672604,3840,115374,10882,0.03041439614750982,0.7391658742018747
2577,0.866,4,0,4,672604,3840,115378,10878,0.03041439614750982,0.739094985731757
2578,0.8662,0,1,0,672605,3839,115378,10878,0.03040647573184641,0.7391452062240946
2579,0.8667,10,8,10,672613,3831,115388,10868,0.030343112406539096,0.7393700251717804
2580,0.8668,0,1,0,672614,3830,115388,10868,0.03033519199087568,0.7394203292965029
2581,0.867,0,1,0,672615,3829,115388,10868,0.030327271575212266,0.739470640266721
2582,0.8673,1,1,1,672616,3828,115389,10867,0.030319351159548855,0.73950323239197
2583,0.8675,6,7,6,672623,3821,115395,10861,0.030263908249904953,0.7397493529491895
2584,0.868,1,1,1,672624,3820,115396,10860,0.030255987834241542,0.7397820163487738
2585,0.8683,2,4,2,672628,3816,115398,10858,0.030224306171587886,0.7399482077143247
2586,0.8692,1,0,1,672628,3816,115399,10857,0.030224306171587886,0.739930484563484
2587,0.8693,0,2,0,672630,3814,115399,10857,0.030208465340261056,0.7400313543725717
2588,0.8697,2,0,2,672630,3814,115401,10855,0.030208465340261056,0.739995909741632
2589,0.87,1470,750,1470,673380,3064,116871,9385,0.024268153592700546,0.7538758133183389
2590,0.8702,0,1,0,673381,3063,116871,9385,0.02426023317703713,0.7539363753213367
2591,0.8707,1,1,1,673382,3062,116872,9384,0.024252312761373716,0.7539771814237506
2592,0.8717,1,1,1,673383,3061,116873,9383,0.024244392345710304,0.75401800064288
2593,0.872,2,0,2,673383,3061,116875,9381,0.024244392345710304,0.7539784600546536
2594,0.8721,0,2,0,673385,3059,116875,9381,0.024228551514383474,0.7540996784565916
2595,0.8725,6,4,6,673389,3055,116881,9375,0.024196869851729818,0.7542236524537409
2596,0.8729,1,0,1,673389,3055,116882,9374,0.024196869851729818,0.7542038780271945
2597,0.8733,12,6,12,673395,3049,116894,9362,0.024149347357749335,0.7543308355491096
2598,0.8735,0,1,0,673396,3048,116894,9362,0.02414142694208592,0.7543916196615632
2599,0.8738,1,0,1,673396,3048,116895,9361,0.02414142694208592,0.7543718268998307
2600,0.874,5,1,5,673397,3047,116900,9356,0.024133506526422505,0.7543336289607353
2601,0.8742,1,0,1,673397,3047,116901,9355,0.024133506526422505,0.7543138203515563
2602,0.875,23,17,23,673414,3030,116924,9332,0.02399885946014447,0.7548940300922181
2603,0.8755,1,0,1,673414,3030,116925,9331,0.02399885946014447,0.7548742011164146
2604,0.8757,1,0,1,673414,3030,116926,9330,0.02399885946014447,0.7548543689320388
2605,0.8758,1,1,1,673415,3029,116927,9329,0.023990939044481054,0.7548956141770513
2606,0.876,4,1,4,673416,3028,116931,9325,0.02398301862881764,0.7548773577268679
2607,0.8765,0,1,0,673417,3027,116931,9325,0.023975098213154227,0.7549384715025906
2608,0.8767,15,8,15,673425,3019,116946,9310,0.023911734887846915,0.7551301808743612
2609,0.8768,0,1,0,673426,3018,116946,9310,0.0239038144721835,0.7551914341336794
2610,0.8774,1,0,1,673426,3018,116947,9309,0.0239038144721835,0.7551715745923583
2611,0.8775,3,5,3,673431,3013,116950,9306,0.023864212393866432,0.7554184592905269
2612,0.878,1,1,1,673432,3012,116951,9305,0.023856291978203017,0.7554599334253471
2613,0.8783,1,0,1,673432,3012,116952,9304,0.023856291978203017,0.7554400779473855
2614,0.879,1,1,1,673433,3011,116953,9303,0.023848371562539602,0.75548156569758
2615,0.8792,0,1,0,673434,3010,116953,9303,0.023840451146876187,0.755542922114838
2616,0.88,1388,646,1388,674080,2364,118341,7915,0.018723862628310734,0.7700165385737913
2617,0.8802,0,1,0,674081,2363,118341,7915,0.01871594221264732,0.7700914574820004
2618,0.8807,0,2,0,674083,2361,118341,7915,0.018700101381320493,0.770241339042429
2619,0.8815,0,1,0,674084,2360,118341,7915,0.018692180965657078,0.770316301703163
2620,0.8817,1,0,1,674084,2360,118342,7914,0.018692180965657078,0.770293945882811
2621,0.882,1,0,1,674084,2360,118343,7913,0.018692180965657078,0.7702715857101139
2622,0.8823,2,0,2,674084,2360,118345,7911,0.018692180965657078,0.7702268523025996
2623,0.8825,3,0,3,674084,2360,118348,7908,0.018692180965657078,0.7701597195169458
2624,0.8833,15,5,15,674089,2355,118363,7893,0.018652578887340007,0.7701990632318502
2625,0.884,1,1,1,674090,2354,118364,7892,0.018644658471676595,0.7702518055826664
2626,0.8842,0,2,0,674092,2352,118364,7892,0.018628817640349765,0.7704021866458415
2627,0.885,23,18,23,674110,2334,118387,7869,0.018486250158408313,0.7712437518376948
2628,0.8858,1,0,1,674110,2334,118388,7868,0.018486250158408313,0.7712213291511468
2629,0.886,1,1,1,674111,2333,118389,7867,0.0184783297427449,0.7712745098039215
2630,0.8862,1,0,1,674111,2333,118390,7866,0.0184783297427449,0.7712520835376018
2631,0.8867,7,5,7,674116,2328,118397,7859,0.01843872766442783,0.7714734465495239
2632,0.8875,6,3,6,674119,2325,118403,7853,0.018414966417437586,0.7715661230104146
2633,0.8878,0,1,0,674120,2324,118403,7853,0.018407046001774174,0.7716419377026629
2634,0.888,1,1,1,674121,2323,118404,7852,0.01839912558611076,0.7716953316953317
2635,0.8883,1,0,1,674121,2323,118405,7851,0.01839912558611076,0.7716728916846864
2636,0.8885,1,0,1,674121,2323,118406,7850,0.01839912558611076,0.7716504472623612
2637,0.8888,0,1,0,674122,2322,118406,7850,0.018391205170447344,0.771726307510814
2638,0.889,0,1,0,674123,2321,118406,7850,0.01838328475478393,0.7718021826762363
2639,0.8895,0,3,0,674126,2318,118406,7850,0.018359523507793688,0.772029897718332
2640,0.89,1165,544,1165,674670,1774,119571,6685,0.014050817386896465,0.7902825393072467
2641,0.8903,0,1,0,674671,1773,119571,6685,0.01404289697123305,0.7903759754078978
2642,0.8904,0,1,0,674672,1772,119571,6685,0.014034976555569637,0.7904694336052974
2643,0.8925,9,3,9,674675,1769,119580,6676,0.014011215308579393,0.79052693901717
2644,0.8928,0,1,0,674676,1768,119580,6676,0.01400329489291598,0.7906205589767883
2645,0.8933,7,6,7,674682,1762,119587,6669,0.013955772398935496,0.7910093701814731
2646,0.8938,0,1,0,674683,1761,119587,6669,0.013947851983272083,0.7911032028469751
2647,0.894,4,1,4,674684,1760,119591,6665,0.013939931567608668,0.7910979228486646
2648,0.8941,0,1,0,674685,1759,119591,6665,0.013932011151945254,0.7911918328584995
2649,0.8942,0,1,0,674686,1758,119591,6665,0.01392409073628184,0.7912857651668052
2650,0.8943,2,0,2,674686,1758,119593,6663,0.01392409073628184,0.7912361952262201
2651,0.895,32,8,32,674694,1750,119625,6631,0.013860727410974528,0.791194368213817
2652,0.8955,0,1,0,674695,1749,119625,6631,0.013852806995311114,0.7912887828162292
2653,0.8958,2,0,2,674695,1749,119627,6629,0.013852806995311114,0.7912389591788016
2654,0.896,2,0,2,674695,1749,119629,6627,0.013852806995311114,0.791189111747851
2655,0.8967,10,5,10,674700,1744,119639,6617,0.013813204916994044,0.7914125104652554
2656,0.897,0,1,0,674701,1743,119639,6617,0.013805284501330629,0.7915071770334928
2657,0.8975,4,2,4,674703,1741,119643,6613,0.013789443670003803,0.7915968398372037
2658,0.8982,0,1,0,674704,1740,119643,6613,0.013781523254340388,0.7916916078055788
2659,0.8983,4,3,4,674707,1737,119647,6609,0.013757762007350146,0.7918763479511143
2660,0.8985,1,0,1,674707,1737,119648,6608,0.013757762007350146,0.7918514080287598
2661,0.8992,1,0,1,674707,1737,119649,6607,0.013757762007350146,0.7918264621284755
2662,0.8993,1,0,1,674707,1737,119650,6606,0.013757762007350146,0.7918015102481122
2663,0.8997,1,0,1,674707,1737,119651,6605,0.013757762007350146,0.791776552385519
2664,0.9,1140,417,1140,675124,1320,120791,5465,0.010454948675706502,0.8054532056005895
2665,0.901,0,1,0,675125,1319,120791,5465,0.010447028260043087,0.8055719339622641
2666,0.9012,1,0,1,675125,1319,120792,5464,0.010447028260043087,0.8055432699395547
2667,0.9017,0,1,0,675126,1318,120792,5464,0.010439107844379673,0.805662046593925
2668,0.902,1,1,1,675127,1317,120793,5463,0.010431187428716258,0.8057522123893806
2669,0.9023,1,0,1,675127,1317,120794,5462,0.010431187428716258,0.8057235580469095
2670,0.9025,4,0,4,675127,1317,120798,5458,0.010431187428716258,0.8056088560885609
2671,0.9027,1,0,1,675127,1317,120799,5457,0.010431187428716258,0.8055801594331267
2672,0.9032,0,1,0,675128,1316,120799,5457,0.010423267013052845,0.8056990993651262
2673,0.9033,11,4,11,675132,1312,120810,5446,0.010391585350399189,0.8058597218111867
2674,0.9035,1,0,1,675132,1312,120811,5445,0.010391585350399189,0.805830990084357
2675,0.904,3,1,3,675133,1311,120814,5442,0.010383664934735776,0.8058640604175922
2676,0.905,15,7,15,675140,1304,120829,5427,0.010328222025091876,0.8062694993314515
2677,0.9057,1,0,1,675140,1304,120830,5426,0.010328222025091876,0.8062407132243685
2678,0.906,1,1,1,675141,1303,120831,5425,0.010320301609428463,0.8063317479191439
2679,0.9067,10,2,10,675143,1301,120841,5415,0.010304460778101635,0.8062835020845741
2680,0.9071,1,0,1,675143,1301,120842,5414,0.010304460778101635,0.8062546537602383
2681,0.9075,5,4,5,675147,1297,120847,5409,0.010272779115447979,0.806591112436624
2682,0.908,1,0,1,675147,1297,120848,5408,0.010272779115447979,0.8065622669649515
2683,0.9083,2,0,2,675147,1297,120850,5406,0.010272779115447979,0.8065045502014023
2684,0.9085,1,0,1,675147,1297,120851,5405,0.010272779115447979,0.8064756789018204
2685,0.9092,0,1,0,675148,1296,120851,5405,0.010264858699784565,0.8065960304432175
2686,0.9098,0,1,0,675149,1295,120851,5405,0.01025693828412115,0.8067164179104478
2687,0.91,999,350,999,675499,945,121850,4406,0.007484792801926245,0.8233974957951785
2688,0.9102,0,1,0,675500,944,121850,4406,0.0074768723862628315,0.8235514018691589
2689,0.9105,0,1,0,675501,943,121850,4406,0.007468951970599417,0.8237053654888764
2690,0.9108,2,0,2,675501,943,121852,4404,0.007468951970599417,0.8236394239760614
2691,0.911,2,1,2,675502,942,121854,4402,0.007461031554936003,0.8237275449101796
2692,0.9117,3,3,3,675505,939,121857,4399,0.007437270307945761,0.8240914200074935
2693,0.912,1,0,1,675505,939,121858,4398,0.007437270307945761,0.8240584598088814
2694,0.9125,1,0,1,675505,939,121859,4397,0.007437270307945761,0.8240254872563718
2695,0.9127,0,1,0,675506,938,121859,4397,0.007429349892282347,0.8241799437675726
2696,0.9128,0,1,0,675507,937,121859,4397,0.007421429476618933,0.8243344581927259
2697,0.9129,0,1,0,675508,936,121859,4397,0.007413509060955519,0.8244890305644103
2698,0.9133,10,2,10,675510,934,121869,4387,0.007397668229628691,0.824469084758504
2699,0.915,23,4,23,675514,930,121892,4364,0.007365986566975035,0.8243294295428787
2700,0.9159,0,1,0,675515,929,121892,4364,0.007358066151311621,0.8244851690912526
2701,0.916,2,0,2,675515,929,121894,4362,0.007358066151311621,0.8244188244188244
2702,0.9166,1,0,1,675515,929,121895,4361,0.007358066151311621,0.8243856332703213
2703,0.9167,13,2,13,675517,927,121908,4348,0.007342225319984793,0.824265402843602
2704,0.9173,1,0,1,675517,927,121909,4347,0.007342225319984793,0.8242320819112628
2705,0.9175,1,4,1,675521,923,121910,4346,0.007310543657331137,0.8248244448661985
2706,0.9178,0,1,0,675522,922,121910,4346,0.0073026232416677226,0.8249810174639332
2707,0.918,2,0,2,675522,922,121912,4344,0.0073026232416677226,0.8249145461450816
2708,0.9183,0,1,0,675523,921,121912,4344,0.0072947028260043085,0.8250712250712251
2709,0.9195,0,2,0,675525,919,121912,4344,0.00727886199467748,0.8253847615428462
2710,0.92,803,231,803,675756,688,122715,3541,0.005449245976428843,0.8373137857649563
2711,0.9212,1,0,1,675756,688,122716,3540,0.005449245976428843,0.8372753074739829
2712,0.9218,1,0,1,675756,688,122717,3539,0.005449245976428843,0.8372368109770523
2713,0.922,1,0,1,675756,688,122718,3538,0.005449245976428843,0.83719829626124
2714,0.9221,0,1,0,675757,687,122718,3538,0.005441325560765429,0.8373964497041421
2715,0.9225,3,0,3,675757,687,122721,3535,0.005441325560765429,0.8372809095215538
2716,0.9233,9,0,9,675757,687,122730,3526,0.005441325560765429,0.8369333016852599
2717,0.924,1,0,1,675757,687,122731,3525,0.005441325560765429,0.8368945868945868
2718,0.9245,1,0,1,675757,687,122732,3524,0.005441325560765429,0.8368558537164569
2719,0.9247,0,2,0,675759,685,122732,3524,0.005425484729438601,0.8372535043953433
2720,0.925,20,7,20,675766,678,122752,3504,0.0053700418197947025,0.8378766140602583
2721,0.9267,6,3,6,675769,675,122758,3498,0.005346280572804461,0.8382458662832495
2722,0.9271,1,0,1,675769,675,122759,3497,0.005346280572804461,0.8382070949185043
2723,0.9275,2,1,2,675770,674,122761,3495,0.005338360157141047,0.8383305349004557
2724,0.928,0,2,0,675772,672,122761,3495,0.005322519325814219,0.8387329013678906
2725,0.93,745,191,745,675963,481,123506,2750,0.0038097199341021416,0.8511296812132467
2726,0.9308,2,0,2,675963,481,123508,2748,0.0038097199341021416,0.8510374729018272
2727,0.9313,0,1,0,675964,480,123508,2748,0.0038017995184387275,0.8513011152416357
2728,0.9317,1,0,1,675964,480,123509,2747,0.0038017995184387275,0.8512550356368144
2729,0.932,1,0,1,675964,480,123510,2746,0.0038017995184387275,0.8512089274643522
2730,0.9323,1,1,1,675965,479,123511,2745,0.0037938791027753134,0.8514267990074442
2731,0.9324,1,0,1,675965,479,123512,2744,0.0037938791027753134,0.8513807012100527
2732,0.9325,5,1,5,675966,478,123517,2739,0.0037859586871119,0.8514143612060926
2733,0.9333,14,0,14,675966,478,123531,2725,0.0037859586871119,0.8507649078988448
2734,0.934,1,0,1,675966,478,123532,2724,0.0037859586871119,0.8507183010618363
2735,0.9342,1,1,1,675967,477,123533,2723,0.0037780382714484857,0.8509375
2736,0.935,10,8,10,675975,469,123543,2713,0.0037146749461411735,0.8526084223758642
2737,0.936,2,0,2,675975,469,123545,2711,0.0037146749461411735,0.8525157232704402
2738,0.9367,6,0,6,675975,469,123551,2705,0.0037146749461411735,0.852236925015753
2739,0.9373,1,0,1,675975,469,123552,2704,0.0037146749461411735,0.8521903561298456
2740,0.938,1,0,1,675975,469,123553,2703,0.0037146749461411735,0.8521437578814628
2741,0.9383,2,1,2,675976,468,123555,2701,0.0037067545304777594,0.8523193436415273
2742,0.9387,1,0,1,675976,468,123556,2700,0.0037067545304777594,0.8522727272727273
2743,0.94,661,175,661,676151,293,124217,2039,0.0023206817893803066,0.8743567753001715
2744,0.9401,1,0,1,676151,293,124218,2038,0.0023206817893803066,0.8743028743028743
2745,0.9407,0,1,0,676152,292,124218,2038,0.0023127613737168925,0.8746781115879828
2746,0.942,1,0,1,676152,292,124219,2037,0.0023127613737168925,0.8746243022756548
2747,0.9425,2,1,2,676153,291,124221,2035,0.002304840958053479,0.8748925193465176
2748,0.9429,0,1,0,676154,290,124221,2035,0.0022969205423900648,0.875268817204301
2749,0.9433,7,0,7,676154,290,124228,2028,0.0022969205423900648,0.8748921484037964
2750,0.9435,0,1,0,676155,289,124228,2028,0.0022890001267266507,0.8752697453603798
2751,0.9447,1,0,1,676155,289,124229,2027,0.0022890001267266507,0.8752158894645942
2752,0.945,12,1,12,676156,288,124241,2015,0.0022810797110632366,0.874945722970039
2753,0.9458,0,1,0,676157,287,124241,2015,0.0022731592953998225,0.8753258036490009
2754,0.9463,1,0,1,676157,287,124242,2014,0.0022731592953998225,0.8752716210343329
2755,0.9467,4,0,4,676157,287,124246,2010,0.0022731592953998225,0.8750544188071397
2756,0.9468,1,0,1,676157,287,124247,2009,0.0022731592953998225,0.875
2757,0.9475,1,0,1,676157,287,124248,2008,0.0022731592953998225,0.8749455337690631
2758,0.948,1,0,1,676157,287,124249,2007,0.0022731592953998225,0.8748910200523103
2759,0.9488,1,0,1,676157,287,124250,2006,0.0022731592953998225,0.8748364587876145
2760,0.95,562,104,562,676261,183,124812,1444,0.0014494360664047648,0.8875230485556238
2761,0.9515,1,1,1,676262,182,124813,1443,0.001441515650741351,0.888
2762,0.9517,1,0,1,676262,182,124814,1442,0.001441515650741351,0.8879310344827587
2763,0.9525,1,0,1,676262,182,124815,1441,0.001441515650741351,0.8878619839802834
2764,0.9533,2,0,2,676262,182,124817,1439,0.001441515650741351,0.8877236273904997
2765,0.954,2,0,2,676262,182,124819,1437,0.001441515650741351,0.887584928968499
2766,0.955,18,1,18,676263,181,124837,1419,0.001433595235077937,0.886875
2767,0.956,1,0,1,676263,181,124838,1418,0.001433595235077937,0.8868042526579112
2768,0.9567,2,0,2,676263,181,124840,1416,0.001433595235077937,0.886662492172824
2769,0.9571,1,0,1,676263,181,124841,1415,0.001433595235077937,0.8865914786967418
2770,0.9575,2,0,2,676263,181,124843,1413,0.001433595235077937,0.8864491844416562
2771,0.9583,2,0,2,676263,181,124845,1411,0.001433595235077937,0.8863065326633166
2772,0.9586,1,0,1,676263,181,124846,1410,0.001433595235077937,0.8862350722815839
2773,0.9588,1,0,1,676263,181,124847,1409,0.001433595235077937,0.8861635220125786
2774,0.96,437,79,437,676342,102,125284,972,0.0008078823976682296,0.9050279329608939
2775,0.9605,1,0,1,676342,102,125285,971,0.0008078823976682296,0.9049394221808015
2776,0.962,1,0,1,676342,102,125286,970,0.0008078823976682296,0.9048507462686567
2777,0.9625,1,0,1,676342,102,125287,969,0.0008078823976682296,0.9047619047619048
2778,0.9633,6,0,6,676342,102,125293,963,0.0008078823976682296,0.9042253521126761
2779,0.964,2,0,2,676342,102,125295,961,0.0008078823976682296,0.9040451552210724
2780,0.965,2,3,2,676345,99,125297,959,0.0007841211506779876,0.9064272211720227
2781,0.9667,1,0,1,676345,99,125298,958,0.0007841211506779876,0.9063386944181646
2782,0.97,322,40,322,676385,59,125620,636,0.00046730452414142697,0.9151079136690647
2783,0.9733,1,1,1,676386,58,125621,635,0.00045938410847801294,0.9163059163059163
2784,0.9747,1,0,1,676386,58,125622,634,0.00045938410847801294,0.9161849710982659
2785,0.975,8,0,8,676386,58,125630,626,0.00045938410847801294,0.9152046783625731
2786,0.976,1,0,1,676386,58,125631,625,0.00045938410847801294,0.9150805270863837
2787,0.9767,2,0,2,676386,58,125633,623,0.00045938410847801294,0.9148311306901615
2788,0.979,1,0,1,676386,58,125634,622,0.00045938410847801294,0.9147058823529411
2789,0.98,262,27,262,676413,31,125896,360,0.0002455328855658345,0.9207161125319693
2790,0.9817,1,0,1,676413,31,125897,359,0.0002455328855658345,0.9205128205128205
2791,0.9825,2,0,2,676413,31,125899,357,0.0002455328855658345,0.9201030927835051
2792,0.9833,4,0,4,676413,31,125903,353,0.0002455328855658345,0.9192708333333334
2793,0.984,1,0,1,676413,31,125904,352,0.0002455328855658345,0.9190600522193212
2794,0.985,2,1,2,676414,30,125906,350,0.00023761246990242047,0.9210526315789473
2795,0.99,204,24,204,676438,6,126110,146,4.75224939804841e-05,0.9605263157894737
2796,0.9933,1,0,1,676438,6,126111,145,4.75224939804841e-05,0.9602649006622517
2797,0.995,1,0,1,676438,6,126112,144,4.75224939804841e-05,0.96
2798,0.9967,1,0,1,676438,6,126113,143,4.75224939804841e-05,0.959731543624161
2799,1.0,143,6,143,676444,0,126256,0,0.0,
