,y_proba,y_test,Neg,Pos,TN,FP,FN,TP,FP/P,Prec
0,0.0,2,295,2,295,676149,2,126254,5.355381130401724,0.15734487533072533
1,0.0014,0,1,0,296,676148,2,126254,5.35537320998606,0.1573450714230523
2,0.0017,0,1,0,297,676147,2,126254,5.355365289570397,0.157345267515868
3,0.0022,0,1,0,298,676146,2,126254,5.355357369154733,0.15734546360917248
4,0.0025,0,7,0,305,676139,2,126254,5.355301926245089,0.15734683627598944
5,0.003,0,1,0,306,676138,2,126254,5.355294005829426,0.15734703237320413
6,0.0033,0,8,0,314,676130,2,126254,5.355230642504119,0.15734860116851782
7,0.004,0,6,0,320,676124,2,126254,5.355183120010138,0.1573497777855325
8,0.0045,0,3,0,323,676121,2,126254,5.355159358763148,0.15735036610063874
9,0.005,0,24,0,347,676097,2,126254,5.354969268787226,0.15735507277986815
10,0.0057,0,1,0,348,676096,2,126254,5.354961348371562,0.15735526889761325
11,0.006,0,2,0,350,676094,2,126254,5.3549455075402355,0.15735566113457003
12,0.0065,0,4,0,354,676090,2,126254,5.354913825877582,0.15735644561434994
13,0.0067,1,9,1,363,676081,3,126253,5.354842542136612,0.15735716048428708
14,0.0074,0,4,0,367,676077,3,126253,5.3548108604739575,0.1573579449852305
15,0.0075,0,2,0,369,676075,3,126253,5.354795019642631,0.15735833723863557
16,0.008,0,5,0,374,676070,3,126253,5.354755417564314,0.1573593178807039
17,0.0083,0,4,0,378,676066,3,126253,5.35472373590166,0.15736010240315884
18,0.0087,0,1,0,379,676065,3,126253,5.354715815485997,0.15736029853499486
19,0.0092,0,1,0,380,676064,3,126253,5.354707895070334,0.15736049466731977
20,0.01,9,409,9,789,675655,12,126244,5.351468445063997,0.15743129745765988
21,0.011,0,6,0,795,675649,12,126244,5.351420922570017,0.15743247540507274
22,0.0112,0,2,0,797,675647,12,126244,5.351405081738689,0.1574328680581276
23,0.0117,1,18,1,815,675629,13,126243,5.3512625142567485,0.15743535127800945
24,0.0123,0,1,0,816,675628,13,126243,5.351254593841085,0.15743554761302006
25,0.0125,0,10,0,826,675618,13,126243,5.3511753896844505,0.15743751099005937
26,0.0129,0,4,0,830,675614,13,126243,5.351143708021797,0.15743829635458692
27,0.013,0,3,0,833,675611,13,126243,5.351119946774807,0.15743888538312462
28,0.0133,1,23,1,856,675588,14,126242,5.350937777214548,0.15744235062295
29,0.014,0,7,0,863,675581,14,126242,5.350882334304904,0.1574437251114024
30,0.0142,0,5,0,868,675576,14,126242,5.350842732226587,0.15744470690356166
31,0.0143,0,3,0,871,675573,14,126242,5.350818970979597,0.15744529598473464
32,0.0147,0,1,0,872,675572,14,126242,5.350811050563934,0.15744549234610522
33,0.015,3,75,3,947,675497,17,126239,5.350217019389177,0.15745706816208827
34,0.0154,0,1,0,948,675496,17,126239,5.350209098973514,0.15745726455749093
35,0.0158,0,3,0,951,675493,17,126239,5.350185337726524,0.15745785374663854
36,0.016,0,2,0,953,675491,17,126239,5.350169496895197,0.15745824654185325
37,0.0164,0,3,0,956,675488,17,126239,5.350145735648207,0.15745883573834984
38,0.0167,0,20,0,976,675468,17,126239,5.349987327334938,0.15746276382768268
39,0.017,0,3,0,979,675465,17,126239,5.349963566087948,0.15746335305798648
40,0.0172,0,5,0,984,675460,17,126239,5.349923964009632,0.15746433511829253
41,0.0175,0,25,0,1009,675435,17,126239,5.349725953618046,0.15746924560357453
42,0.0179,0,1,0,1010,675434,17,126239,5.349718033202382,0.15746944202935612
43,0.018,1,2,1,1012,675432,18,126238,5.349702192371056,0.1574687839135804
44,0.0183,1,15,1,1027,675417,19,126237,5.349583386136104,0.15747067937040168
45,0.0184,0,1,0,1028,675416,19,126237,5.349575465720441,0.1574708758028723
46,0.0188,0,1,0,1029,675415,19,126237,5.349567545304778,0.157471072235833
47,0.019,0,2,0,1031,675413,19,126237,5.349551704473451,0.1574714651032246
48,0.0192,1,3,1,1034,675410,20,126236,5.349527943226461,0.15747100341048292
49,0.0197,0,2,0,1036,675408,20,126236,5.349512102395134,0.15747139628064327
50,0.02,12,644,12,1680,674764,32,126224,5.344411354707895,0.15758538205316433
51,0.0203,0,1,0,1681,674763,32,126224,5.344403434292231,0.15758557879216517
52,0.0204,0,1,0,1682,674762,32,126224,5.344395513876568,0.15758577553165723
53,0.0207,0,5,0,1687,674757,32,126224,5.344355911798251,0.15758675923648627
54,0.021,0,1,0,1688,674756,32,126224,5.3443479913825875,0.1575869559789258
55,0.0213,0,1,0,1689,674755,32,126224,5.344340070966925,0.15758715272185664
56,0.0214,2,1,2,1690,674754,34,126222,5.344332150551261,0.15758524599988014
57,0.0217,0,15,0,1705,674739,34,126222,5.34421334431631,0.15758819717813977
58,0.022,0,3,0,1708,674736,34,126222,5.344189583069319,0.1575887874270561
59,0.0223,0,1,0,1709,674735,34,126222,5.344181662653656,0.15758898417767744
60,0.0225,1,26,1,1735,674709,35,126221,5.343975731846407,0.15759304808160512
61,0.0227,1,6,1,1741,674703,36,126220,5.343928209352427,0.15759317687218372
62,0.0229,0,4,0,1745,674699,36,126220,5.343896527689773,0.1575939639339309
63,0.023,2,3,2,1748,674696,38,126218,5.343872766442783,0.15759245062516075
64,0.0233,2,56,2,1804,674640,40,126216,5.343429223165631,0.15760136653780454
65,0.0239,0,4,0,1808,674636,40,126216,5.343397541502978,0.1576021537063028
66,0.024,0,16,0,1824,674620,40,126216,5.343270814852364,0.15760530245893042
67,0.0242,0,2,0,1826,674618,40,126216,5.343254974021036,0.1576056960618555
68,0.0247,0,2,0,1828,674616,40,126216,5.3432391331897096,0.15760608966674658
69,0.0248,0,1,0,1829,674615,40,126216,5.343231212774047,0.15760628646992936
70,0.025,2,73,2,1902,674542,42,126214,5.342653022430617,0.15761855046980602
71,0.0257,0,2,0,1904,674540,42,126214,5.34263718159929,0.1576189441451432
72,0.0258,0,3,0,1907,674537,42,126214,5.3426134203523,0.1576195346618362
73,0.026,0,13,0,1920,674524,42,126214,5.342510454948676,0.1576220936186368
74,0.0262,0,1,0,1921,674523,42,126214,5.342502534533012,0.1576222904649092
75,0.0264,0,5,0,1926,674518,42,126214,5.342462932454695,0.15762327470364618
76,0.0265,0,1,0,1927,674517,42,126214,5.342455012039032,0.15762347155286857
77,0.0267,0,27,0,1954,674490,42,126214,5.34224116081612,0.1576287866677324
78,0.0269,0,8,0,1962,674482,42,126214,5.3421777974908125,0.15763036158542068
79,0.027,0,6,0,1968,674476,42,126214,5.342130274996832,0.15763154279433989
80,0.0271,0,1,0,1969,674475,42,126214,5.342122354581169,0.1576317396642142
81,0.0273,0,1,0,1970,674474,42,126214,5.342114434165505,0.15763193653458027
82,0.0275,0,14,0,1984,674460,42,126214,5.342003548346217,0.15763469277134015
83,0.0276,0,1,0,1985,674459,42,126214,5.341995627930554,0.1576348896490827
84,0.0277,0,1,0,1986,674458,42,126214,5.341987707514891,0.15763508652731706
85,0.028,0,7,0,1993,674451,42,126214,5.341932264605246,0.1576364646887275
86,0.0281,0,4,0,1997,674447,42,126214,5.341900582942593,0.15763725222035294
87,0.0282,0,1,0,1998,674446,42,126214,5.34189266252693,0.1576374491044888
88,0.0283,1,21,1,2019,674425,43,126213,5.341726333797998,0.1576405316759884
89,0.0287,0,4,0,2023,674421,43,126213,5.341694652135344,0.15764131925449082
90,0.029,0,6,0,2029,674415,43,126213,5.3416471296413635,0.15764250063699994
91,0.0292,0,10,0,2039,674405,43,126213,5.341567925484729,0.15764446964719753
92,0.0293,0,4,0,2043,674401,43,126213,5.341536243822076,0.15764525726504908
93,0.0295,0,2,0,2045,674399,43,126213,5.341520402990749,0.15764565107692616
94,0.0296,0,2,0,2047,674397,43,126213,5.341504562159422,0.15764604489077078
95,0.03,17,785,17,2832,673612,60,126196,5.335287035863642,0.15778286788829318
96,0.0303,0,2,0,2834,673610,60,126196,5.335271195032315,0.15778326244114196
97,0.0304,0,6,0,2840,673604,60,126196,5.335223672538334,0.1577844461115279
98,0.0307,1,3,1,2843,673601,61,126195,5.335199911291345,0.1577839849161536
99,0.0308,0,1,0,2844,673600,61,126195,5.335191990875681,0.1577841821966879
100,0.031,0,3,0,2847,673597,61,126195,5.335168229628691,0.1577847740412507
101,0.0312,0,2,0,2849,673595,61,126195,5.335152388797364,0.15778516860675929
102,0.0313,1,6,1,2855,673589,62,126194,5.335104866303384,0.15778529926242493
103,0.0314,0,3,0,2858,673586,62,126194,5.3350811050563935,0.157785891120058
104,0.0315,0,1,0,2859,673585,62,126194,5.33507318464073,0.1577860884069224
105,0.0317,0,15,0,2874,673570,62,126194,5.3349543784057785,0.1577890477690919
106,0.032,0,5,0,2879,673565,62,126194,5.334914776327461,0.15779003424781715
107,0.0322,0,3,0,2882,673562,62,126194,5.334891015080472,0.157790626140973
108,0.0323,0,1,0,2883,673561,62,126194,5.334883094664808,0.1577908234396784
109,0.0325,0,42,0,2925,673519,62,126194,5.3345504372069446,0.15779911043086708
110,0.0327,0,1,0,2926,673518,62,126194,5.334542516791281,0.1577993077507903
111,0.0328,0,3,0,2929,673515,62,126194,5.334518755544291,0.1577998997135208
112,0.0329,0,3,0,2932,673512,62,126194,5.334494994297301,0.15780049168069266
113,0.033,0,3,0,2935,673509,62,126194,5.33447123305031,0.1578010836523059
114,0.0333,1,82,1,3017,673427,63,126193,5.333821758965911,0.157816212701033
115,0.0335,0,1,0,3018,673426,63,126193,5.333813838550247,0.1578164100652936
116,0.0338,0,2,0,3020,673424,63,126193,5.3337979977189205,0.15781680479529575
117,0.034,4,11,4,3031,673413,67,126189,5.3337108731466225,0.15781476284451515
118,0.0342,0,3,0,3034,673410,67,126189,5.333687111899632,0.157815354946667
119,0.0343,1,5,1,3039,673405,68,126188,5.333647509821316,0.15781528852803864
120,0.035,4,139,4,3178,673266,72,126184,5.332546572044101,0.15783851397836013
121,0.0353,0,3,0,3181,673263,72,126184,5.33252281079711,0.1578391062822176
122,0.0357,0,2,0,3183,673261,72,126184,5.332506969965784,0.15783950115392553
123,0.0358,0,9,0,3192,673252,72,126184,5.332435686224813,0.15784127810106124
124,0.036,0,16,0,3208,673236,72,126184,5.332308959574198,0.15784443721698233
125,0.0362,0,2,0,3210,673234,72,126184,5.3322931187428715,0.15784483211536393
126,0.0363,0,1,0,3211,673233,72,126184,5.332285198327209,0.1578450295652957
127,0.0365,0,1,0,3212,673232,72,126184,5.332277277911545,0.15784522701572148
128,0.0367,1,68,1,3280,673164,73,126183,5.331738689646433,0.15785760126703421
129,0.037,0,8,0,3288,673156,73,126183,5.331675326321125,0.15785918114842387
130,0.0373,0,9,0,3297,673147,73,126183,5.331604042580155,0.15786095855278795
131,0.0375,2,30,2,3327,673117,75,126181,5.331366430110252,0.15786477634123944
132,0.0378,0,1,0,3328,673116,75,126181,5.331358509694589,0.15786497384576698
133,0.038,0,3,0,3331,673113,75,126181,5.331334748447598,0.15786556636231475
134,0.0383,1,23,1,3354,673090,76,126180,5.33115257888734,0.15786905551315575
135,0.0389,0,1,0,3355,673089,76,126180,5.331144658471676,0.15786925302995614
136,0.039,0,4,0,3359,673085,76,126180,5.331112976809023,0.15787004310210007
137,0.0392,0,2,0,3361,673083,76,126180,5.331097135977696,0.15787043814113752
138,0.04,19,992,19,4353,672091,95,126161,5.32324008363959,0.1580465817811919
139,0.0405,0,4,0,4357,672087,95,126161,5.3232084019769355,0.15804737374850925
140,0.0407,0,2,0,4359,672085,95,126161,5.323192561145609,0.1580477697351443
141,0.0408,0,3,0,4362,672082,95,126161,5.323168799898618,0.15804836371881745
142,0.0411,0,1,0,4363,672081,95,126161,5.3231608794829555,0.15804856171436732
143,0.0413,1,9,1,4372,672072,96,126160,5.323089595741984,0.15804928892853207
144,0.0414,0,5,0,4377,672067,96,126160,5.323049993663667,0.15805027893068013
145,0.0417,1,26,1,4403,672041,97,126159,5.322844062856419,0.15805437233775996
146,0.0418,0,5,0,4408,672036,97,126159,5.3228044607781015,0.1580553624114408
147,0.042,2,16,2,4424,672020,99,126157,5.322677734127487,0.15805642106951215
148,0.0422,0,1,0,4425,672019,99,126157,5.322669813711824,0.15805661909152868
149,0.0423,0,2,0,4427,672017,99,126157,5.322653972880497,0.1580570151370503
150,0.0424,0,2,0,4429,672015,99,126157,5.32263813204917,0.1580574111845567
151,0.0425,0,25,0,4454,671990,99,126157,5.322440121657585,0.1580623619458571
152,0.0426,0,1,0,4455,671989,99,126157,5.322432201241921,0.15806255998276006
153,0.0427,0,2,0,4457,671987,99,126157,5.322416360410594,0.15806295605805468
154,0.0428,0,5,0,4462,671982,99,126157,5.322376758332277,0.15806394625497563
155,0.0429,0,8,0,4470,671974,99,126157,5.32231339500697,0.15806553059585457
156,0.043,0,4,0,4474,671970,99,126157,5.322281713344316,0.15806632277820448
157,0.0433,5,105,5,4579,671865,104,126152,5.321450069699658,0.15808184537422135
158,0.0435,0,1,0,4580,671864,104,126152,5.321442149283994,0.15808204346780014
159,0.0439,0,1,0,4581,671863,104,126152,5.321434228868331,0.1580822415618754
160,0.044,0,18,0,4599,671845,104,126152,5.32129166138639,0.15808580734012784
161,0.0442,2,7,2,4606,671838,106,126150,5.321236218476746,0.15808508398622537
162,0.0443,0,13,0,4619,671825,106,126150,5.321133253073121,0.15808765938782543
163,0.0445,0,1,0,4620,671824,106,126150,5.3211253326574575,0.15808785749911652
164,0.0446,0,1,0,4621,671823,106,126150,5.321117412241795,0.15808805561090414
165,0.0448,0,2,0,4623,671821,106,126150,5.321101571410468,0.15808845183596898
166,0.045,5,180,5,4803,671641,111,126145,5.319675896591053,0.15811884390049463
167,0.0453,2,7,2,4810,671634,113,126143,5.319620453681409,0.15811812072797285
168,0.0456,1,2,1,4812,671632,114,126142,5.319604612850083,0.158117461837563
169,0.0457,0,1,0,4813,671631,114,126142,5.319596692434419,0.15811766003612557
170,0.0458,0,14,0,4827,671617,114,126142,5.319485806615131,0.15812043486817448
171,0.046,1,27,1,4854,671590,115,126141,5.319271955392219,0.15812473126906187
172,0.0462,1,5,1,4859,671585,116,126140,5.319232353313902,0.15812466702184336
173,0.0463,1,1,1,4860,671584,117,126139,5.319224432898238,0.15812380989391053
174,0.0464,0,1,0,4861,671583,117,126139,5.319216512482575,0.15812400811310207
175,0.0465,0,2,0,4863,671581,117,126139,5.319200671651248,0.158124404552976
176,0.0467,4,82,4,4945,671499,121,126135,5.3185511975668485,0.15813643851691378
177,0.0468,1,1,1,4946,671498,122,126134,5.318543277151185,0.1581355813207093
178,0.047,0,3,0,4949,671495,122,126134,5.318519515904194,0.15813617609189234
179,0.0471,0,6,0,4955,671489,122,126134,5.318471993410214,0.15813736564768066
180,0.0473,0,6,0,4961,671483,122,126134,5.318424470916233,0.15813855522136563
181,0.0475,0,43,0,5004,671440,122,126134,5.318083893042707,0.15814708102320285
182,0.0477,0,1,0,5005,671439,122,126134,5.318075972627043,0.15814727930860248
183,0.048,0,8,0,5013,671431,122,126134,5.318012609301737,0.1581488656096995
184,0.0483,3,29,3,5042,671402,125,126131,5.317782917247497,0.15815144953249582
185,0.0485,0,2,0,5044,671400,125,126131,5.31776707641617,0.15815184613513456
186,0.0487,0,2,0,5046,671398,125,126131,5.3177512355848435,0.15815224273976244
187,0.049,0,8,0,5054,671390,125,126131,5.317687872259536,0.15815382917816584
188,0.0492,0,5,0,5059,671385,125,126131,5.317648270181219,0.15815482071833042
189,0.0493,0,6,0,5065,671379,125,126131,5.317600747687239,0.1581560105829394
190,0.0494,0,6,0,5071,671373,125,126131,5.317553225193258,0.1581572004654522
191,0.0495,0,4,0,5075,671369,125,126131,5.317521543530605,0.15815799373040754
192,0.0496,0,1,0,5076,671368,125,126131,5.317513623114941,0.15815819204788972
193,0.0498,0,2,0,5078,671366,125,126131,5.317497782283614,0.15815858868434615
194,0.05,25,1202,25,6280,670164,150,126106,5.307977442656191,0.1583709043414922
195,0.0502,0,3,0,6283,670161,150,126106,5.3079536814092005,0.1583715010166188
196,0.0503,0,1,0,6284,670160,150,126106,5.307945760993537,0.15837169990932679
197,0.0504,0,1,0,6285,670159,150,126106,5.307937840577874,0.15837189880253433
198,0.0505,0,2,0,6287,670157,150,126106,5.307921999746546,0.15837229659044813
199,0.0507,0,11,0,6298,670146,150,126106,5.307834875174249,0.15837448445969365
200,0.0508,0,10,0,6308,670136,150,126106,5.307755671017615,0.15837647348419198
201,0.051,0,8,0,6316,670128,150,126106,5.3076923076923075,0.15837806473976243
202,0.0512,1,8,1,6324,670120,151,126105,5.307628944367,0.1583785990140978
203,0.0513,0,3,0,6327,670117,151,126105,5.30760518312001,0.15837919575193854
204,0.0514,0,10,0,6337,670107,151,126105,5.307525978963376,0.15838118491055145
205,0.0515,0,1,0,6338,670106,151,126105,5.307518058547712,0.15838138382916087
206,0.0517,0,42,0,6380,670064,151,126105,5.307185401089849,0.15838973886197527
207,0.0518,0,2,0,6382,670062,151,126105,5.307169560258522,0.1583901367426683
208,0.052,0,17,0,6399,670045,151,126105,5.307034913192244,0.1583935188092696
209,0.0522,0,3,0,6402,670042,151,126105,5.307011151945254,0.15839411565954528
210,0.0523,0,4,0,6406,670038,151,126105,5.3069794702826005,0.15839491146690984
211,0.0524,0,3,0,6409,670035,151,126105,5.30695570903561,0.15839550832768107
212,0.0525,0,57,0,6466,669978,151,126105,5.306504245342795,0.15840684953704576
213,0.0527,0,1,0,6467,669977,151,126105,5.306496324927132,0.15840704852012732
214,0.0528,0,2,0,6469,669975,151,126105,5.306480484095806,0.15840744648779018
215,0.0529,0,5,0,6474,669970,151,126105,5.306440882017489,0.15840844141569577
216,0.053,1,3,1,6477,669967,152,126104,5.306417120770498,0.158407981197657
217,0.0533,6,127,6,6604,669840,158,126098,5.305411227981245,0.15842691264897518
218,0.0535,1,0,1,6604,669840,159,126097,5.305411227981245,0.15842585531266923
219,0.0537,1,6,1,6610,669834,160,126096,5.305363705487264,0.1584259922354981
220,0.054,1,34,1,6644,669800,161,126095,5.305094411354708,0.15843170267434775
221,0.0542,0,13,0,6657,669787,161,126095,5.304991445951083,0.1584342905104023
222,0.0543,0,8,0,6665,669779,161,126095,5.304928082625776,0.15843588306691764
223,0.0545,0,1,0,6666,669778,161,126095,5.304920162210113,0.1584360821387332
224,0.0547,1,5,1,6671,669773,162,126094,5.304880560131796,0.15843602008878369
225,0.0549,0,1,0,6672,669772,162,126094,5.304872639716132,0.15843621916252235
226,0.055,9,275,9,6947,669497,171,126085,5.302694525408693,0.15848146388430107
227,0.0552,0,3,0,6950,669494,171,126085,5.302670764161703,0.15848206149232194
228,0.0553,1,5,1,6955,669489,172,126084,5.302631162083386,0.15848199976620625
229,0.0554,0,3,0,6958,669486,172,126084,5.302607400836396,0.1584825973830084
230,0.0557,0,4,0,6962,669482,172,126084,5.302575719173742,0.15848339421242236
231,0.0558,0,7,0,6969,669475,172,126084,5.302520276264098,0.1584847886831775
232,0.0559,0,1,0,6970,669474,172,126084,5.302512355848435,0.1584849878952886
233,0.056,1,24,1,6994,669450,173,126083,5.302322265872513,0.15848871134195563
234,0.0561,0,1,0,6995,669449,173,126083,5.30231434545685,0.15848891056550837
235,0.0562,0,2,0,6997,669447,173,126083,5.302298504625523,0.15848930901411637
236,0.0563,0,2,0,6999,669445,173,126083,5.3022826637941955,0.15848970746472782
237,0.0564,0,2,0,7001,669443,173,126083,5.302266822962869,0.15849010591734275
238,0.0565,0,3,0,7004,669440,173,126083,5.3022430617158784,0.15849070360002163
239,0.0567,7,132,7,7136,669308,180,126076,5.301197566848308,0.15850960039427497
240,0.0568,1,0,1,7136,669308,181,126075,5.301197566848308,0.15850854242547302
241,0.057,0,5,0,7141,669303,181,126075,5.301157964769991,0.1585095388607681
242,0.0572,0,4,0,7145,669299,181,126075,5.301126283107338,0.15851033601802422
243,0.0573,0,6,0,7151,669293,181,126075,5.301078760613357,0.15851153176894217
244,0.0575,2,66,2,7217,669227,183,126073,5.3005560131795715,0.1585225700993336
245,0.0576,0,3,0,7220,669224,183,126073,5.300532251932581,0.15852316807431688
246,0.0577,0,1,0,7221,669223,183,126073,5.300524331516918,0.15852336740031384
247,0.0578,0,3,0,7224,669220,183,126073,5.300500570269928,0.1585239653813123
248,0.0579,0,1,0,7225,669219,183,126073,5.300492649854264,0.15852416470931432
249,0.058,1,17,1,7242,669202,184,126072,5.300358002787986,0.15852649527081233
250,0.0582,0,3,0,7245,669199,184,126072,5.300334241540996,0.1585270932801523
251,0.0583,4,50,4,7295,669149,188,126068,5.299938220757825,0.15853282814627956
252,0.0585,0,2,0,7297,669147,188,126068,5.299922379926499,0.15853322686317536
253,0.0587,0,9,0,7306,669138,188,126068,5.299851096185527,0.1585350211140258
254,0.0589,0,1,0,7307,669137,188,126068,5.2998431757698645,0.15853522047773844
255,0.059,0,11,0,7318,669126,188,126068,5.2997560511975665,0.15853741351167136
256,0.0591,0,3,0,7321,669123,188,126068,5.299732289950577,0.15853801162236494
257,0.0592,0,12,0,7333,669111,188,126068,5.299637244962615,0.1585404041102695
258,0.0593,0,2,0,7335,669109,188,126068,5.299621404131289,0.15854080286527403
259,0.0594,0,2,0,7337,669107,188,126068,5.299605563299962,0.1585412016222844
260,0.0595,0,1,0,7338,669106,188,126068,5.299597642884298,0.1585414010015418
261,0.0596,0,3,0,7341,669103,188,126068,5.299573881637309,0.15854199914232284
262,0.0597,1,0,1,7341,669103,189,126067,5.299573881637309,0.15854094093087012
263,0.0598,1,4,1,7345,669099,190,126066,5.299542199974654,0.1585406802361774
264,0.06,36,1430,36,8775,667669,226,126030,5.288216005575973,0.1587881552074527
265,0.0602,0,2,0,8777,667667,226,126030,5.288200164744646,0.15878855533030867
266,0.0603,0,1,0,8778,667666,226,126030,5.288192244328982,0.15878875539249285
267,0.0604,0,3,0,8781,667663,226,126030,5.288168483081992,0.15878935558207014
268,0.0606,0,2,0,8783,667661,226,126030,5.288152642250665,0.15878975571097567
269,0.0607,0,3,0,8786,667658,226,126030,5.288128881003675,0.15879035590811502
270,0.0608,1,10,1,8796,667648,227,126029,5.288049676847041,0.1587912967113826
271,0.061,0,6,0,8802,667642,227,126029,5.288002154353061,0.15879249714302274
272,0.0611,1,1,1,8803,667641,228,126028,5.287994233937397,0.1587916373198399
273,0.0612,0,4,0,8807,667637,228,126028,5.2879625522747435,0.15879243761536668
274,0.0613,0,2,0,8809,667635,228,126028,5.287946711443417,0.15879283776615516
275,0.0614,0,5,0,8814,667630,228,126028,5.2879071093651,0.15879383815194958
276,0.0615,0,7,0,8821,667623,228,126028,5.287851666455456,0.15879523871323795
277,0.0617,1,58,1,8879,667565,229,126027,5.2873922823469774,0.15880578433250336
278,0.0618,0,4,0,8883,667561,229,126027,5.287360600684324,0.15880658477698756
279,0.0619,1,1,1,8884,667560,230,126026,5.28735268026866,0.15880572489938077
280,0.062,1,18,1,8902,667542,231,126025,5.2872101127867195,0.1588082669768274
281,0.0622,0,3,0,8905,667539,231,126025,5.287186351539729,0.15880886733773206
282,0.0623,0,6,0,8911,667533,231,126025,5.287138829045748,0.15881006807315912
283,0.0624,0,6,0,8917,667527,231,126025,5.287091306551768,0.15881126882674354
284,0.0625,4,57,4,8974,667470,235,126021,5.286639842858953,0.1588184365040057
285,0.0626,0,1,0,8975,667469,235,126021,5.28663192244329,0.15881863665578647
286,0.0627,0,4,0,8979,667465,235,126021,5.286600240780636,0.1588194372679543
287,0.0629,1,8,1,8987,667457,236,126020,5.286536877455329,0.15881997839886977
288,0.063,0,3,0,8990,667454,236,126020,5.286513116208338,0.15882057887214956
289,0.0631,0,3,0,8993,667451,236,126020,5.286489354961349,0.15882117934996995
290,0.0633,6,141,6,9134,667310,242,126014,5.285372576352807,0.1588430452122966
291,0.0635,0,4,0,9138,667306,242,126014,5.285340894690154,0.15884384611506075
292,0.0636,0,2,0,9140,667304,242,126014,5.285325053858826,0.15884424656947152
293,0.0637,0,4,0,9144,667300,242,126014,5.285293372196173,0.15884504748435047
294,0.0638,0,1,0,9145,667299,242,126014,5.285285451780509,0.15884524771433217
295,0.064,1,35,1,9180,667264,243,126013,5.28500823723229,0.15885119573616782
296,0.0642,0,14,0,9194,667250,243,126013,5.284897351413002,0.15885399924110918
297,0.0643,0,4,0,9198,667246,243,126013,5.284865669750348,0.1588548002606967
298,0.0645,0,5,0,9203,667241,243,126013,5.284826067672031,0.15885580154654122
299,0.0646,0,4,0,9207,667237,243,126013,5.284794386009378,0.15885660258430506
300,0.0647,1,8,1,9215,667229,244,126012,5.2847310226840705,0.15885714429788678
301,0.0648,0,1,0,9216,667228,244,126012,5.284723102268407,0.15885734456154504
302,0.0649,0,2,0,9218,667226,244,126012,5.28470726143708,0.1588577450903764
303,0.065,4,291,4,9509,666935,248,126008,5.282402420479027,0.15891180072212
304,0.0651,0,6,0,9515,666929,248,126008,5.282354897985046,0.15891300317679716
305,0.0652,0,4,0,9519,666925,248,126008,5.282323216322393,0.15891380482335835
306,0.0653,0,6,0,9525,666919,248,126008,5.282275693828412,0.15891500730836508
307,0.0654,0,1,0,9526,666918,248,126008,5.282267773412749,0.15891520772430215
308,0.0655,2,5,2,9531,666913,250,126006,5.282228171334432,0.15891408832428028
309,0.0656,1,1,1,9532,666912,251,126005,5.282220250918768,0.15891322799233715
310,0.0657,0,13,0,9545,666899,251,126005,5.2821172855151435,0.15891583344263618
311,0.0658,1,9,1,9554,666890,252,126004,5.282046001774173,0.15891657649067845
312,0.066,0,29,0,9583,666861,252,126004,5.281816309719934,0.15892238905740574
313,0.0663,0,3,0,9586,666858,252,126004,5.281792548472944,0.15892299038168053
314,0.0665,0,2,0,9588,666856,252,126004,5.281776707641617,0.15892339126705848
315,0.0666,0,1,0,9589,666855,252,126004,5.281768787225953,0.1589235917105059
316,0.0667,4,155,4,9744,666700,256,126000,5.280541122798124,0.15895042260628234
317,0.0668,0,5,0,9749,666695,256,126000,5.280501520719807,0.15895142520137
318,0.067,1,11,1,9760,666684,257,125999,5.28041439614751,0.1589525699428397
319,0.0671,0,2,0,9762,666682,257,125999,5.280398555316183,0.15895297099337566
320,0.0672,0,2,0,9764,666680,257,125999,5.2803827144848565,0.15895337204593538
321,0.0673,0,3,0,9767,666677,257,125999,5.280358953237866,0.15895397362856956
322,0.0675,3,68,3,9835,666609,260,125996,5.279820364972754,0.15896442742601927
323,0.0676,0,2,0,9837,666607,260,125996,5.279804524141427,0.15896482854594293
324,0.0677,0,4,0,9841,666603,260,125996,5.279772842478773,0.15896563079186324
325,0.0678,0,4,0,9845,666599,260,125996,5.27974116081612,0.15896643304588093
326,0.0679,0,2,0,9847,666597,260,125996,5.279725319984792,0.15896683417592636
327,0.068,2,13,2,9860,666584,262,125994,5.279622354581169,0.15896731930485075
328,0.0681,1,6,1,9866,666578,263,125993,5.279574832087188,0.15896746159019193
329,0.0682,1,3,1,9869,666575,264,125992,5.279551070840197,0.15896700215880802
330,0.0683,5,63,5,9932,666512,269,125987,5.279052084653403,0.15897433309064113
331,0.0684,0,1,0,9933,666511,269,125987,5.279044164237739,0.15897453368967493
332,0.0685,0,6,0,9939,666505,269,125987,5.278996641743759,0.15897573729450898
333,0.0686,0,1,0,9940,666504,269,125987,5.278988721328095,0.15897593789708653
334,0.0687,2,13,2,9953,666491,271,125985,5.278885755924471,0.15897642326076752
335,0.0688,0,4,0,9957,666487,271,125985,5.278854074261817,0.15897722569377845
336,0.0689,0,5,0,9962,666482,271,125985,5.2788144721835,0.1589782287464336
337,0.069,1,10,1,9972,666472,272,125984,5.278735268026866,0.15897917360711508
338,0.0691,0,2,0,9974,666470,272,125984,5.278719427195539,0.15897957483967523
339,0.0692,1,12,1,9986,666458,273,125983,5.278624382207578,0.15898092097708222
340,0.0693,2,6,2,9992,666452,275,125981,5.278576859713597,0.15898000209481433
341,0.0694,0,2,0,9994,666450,275,125981,5.278561018882271,0.15898040334111108
342,0.0695,0,5,0,9999,666445,275,125981,5.278521416803954,0.15898140646571415
343,0.0696,0,1,0,10000,666444,275,125981,5.278513496388291,0.15898160709215384
344,0.0697,0,5,0,10005,666439,275,125981,5.278473894309974,0.1589826102319477
345,0.0698,0,1,0,10006,666438,275,125981,5.27846597389431,0.15898281086142557
346,0.07,29,1604,29,11610,664834,304,125952,5.2657616271701935,0.15927444340188116
347,0.0702,0,1,0,11611,664833,304,125952,5.265753706754531,0.15927464481496234
348,0.0703,0,10,0,11621,664823,304,125952,5.265674502597896,0.15927665897379154
349,0.0704,0,1,0,11622,664822,304,125952,5.265666582182233,0.15927686039247624
350,0.0705,0,3,0,11625,664819,304,125952,5.265642820935243,0.15927746465158688
351,0.0707,0,16,0,11641,664803,304,125952,5.265516094284628,0.15928068744427792
352,0.0708,0,18,0,11659,664785,304,125952,5.265373526802686,0.15928431324195022
353,0.071,0,8,0,11667,664777,304,125952,5.26531016347738,0.15928592476056905
354,0.0712,0,4,0,11671,664773,304,125952,5.265278481814725,0.15928673053210662
355,0.0713,0,3,0,11674,664770,304,125952,5.265254720567736,0.15928733486610971
356,0.0714,0,2,0,11676,664768,304,125952,5.265238879736408,0.1592877377579927
357,0.0715,1,3,1,11679,664765,305,125951,5.265215118489419,0.15928727887130145
358,0.0717,3,50,3,11729,664715,308,125948,5.264819097706248,0.15929416198810364
359,0.0719,0,3,0,11732,664712,308,125948,5.264795336459257,0.15929476639769308
360,0.072,2,26,2,11758,664686,310,125946,5.264589405652009,0.15929787815317367
361,0.0721,0,3,0,11761,664683,310,125946,5.264565644405018,0.15929848260056234
362,0.0722,0,1,0,11762,664682,310,125946,5.264557723989355,0.15929868408404457
363,0.0723,2,13,2,11775,664669,312,125944,5.264454758585731,0.159299176714777
364,0.0724,0,1,0,11776,664668,312,125944,5.264446838170067,0.15929937820321471
365,0.0725,3,74,3,11850,664594,315,125941,5.263860727410974,0.15931109944531235
366,0.0726,0,3,0,11853,664591,315,125941,5.263836966163984,0.1593117040170417
367,0.0727,0,5,0,11858,664586,315,125941,5.263797364085667,0.15931271164678754
368,0.0728,0,3,0,11861,664583,315,125941,5.263773602838677,0.15931331623075326
369,0.0729,1,7,1,11868,664576,316,125940,5.2637181599290335,0.15931366348056206
370,0.073,0,9,0,11877,664567,316,125940,5.263646876188062,0.1593154772823011
371,0.0731,0,2,0,11879,664565,316,125940,5.2636310353567355,0.15931588035496297
372,0.0732,0,3,0,11882,664562,316,125940,5.263607274109745,0.15931648496777998
373,0.0733,5,178,5,12060,664384,321,125935,5.262197440121658,0.15934704847030123
374,0.0735,0,4,0,12064,664380,321,125935,5.262165758459004,0.15934785496922113
375,0.0737,0,1,0,12065,664379,321,125935,5.262157838043341,0.15934805659522672
376,0.0738,0,7,0,12072,664372,321,125935,5.262102395133697,0.15934946799155264
377,0.0739,0,4,0,12076,664368,321,125935,5.262070713471043,0.1593502745149645
378,0.074,1,45,1,12121,664323,322,125934,5.26171429476619,0.1593582847099108
379,0.0742,1,21,1,12142,664302,323,125933,5.2615479660372575,0.1593614557694863
380,0.0743,1,7,1,12149,664295,324,125932,5.261492523127614,0.15936180363363944
381,0.0745,0,1,0,12150,664294,324,125932,5.26148460271195,0.1593620052997497
382,0.0746,1,12,1,12162,664282,325,125931,5.261389557723989,0.1593633615240448
383,0.0747,0,5,0,12167,664277,325,125931,5.261349955645672,0.15936436988742206
384,0.0748,0,2,0,12169,664275,325,125931,5.261334114814345,0.15936477323634596
385,0.075,12,348,12,12517,663927,337,125919,5.2585778101634775,0.15942221648270677
386,0.0752,0,6,0,12523,663921,337,125919,5.258530287669497,0.15942342752962627
387,0.0753,1,9,1,12532,663912,338,125918,5.258459003928526,0.1594241798868111
388,0.0754,0,1,0,12533,663911,338,125918,5.258451083512862,0.15942438173326126
389,0.0757,0,1,0,12534,663910,338,125918,5.2584431630971995,0.15942458358022252
390,0.0758,0,18,0,12552,663892,338,125918,5.258300595615258,0.15942821691292844
391,0.0759,0,1,0,12553,663891,338,125918,5.258292675199595,0.15942841876960126
392,0.076,0,28,0,12581,663863,338,125918,5.258070903561019,0.15943407096397608
393,0.0761,2,6,2,12587,663857,340,125916,5.258023381067038,0.1594331535770405
394,0.0762,1,6,1,12593,663851,341,125915,5.257975858573058,0.1594333004966028
395,0.0763,0,2,0,12595,663849,341,125915,5.257960017741731,0.15943370424582534
396,0.0764,0,1,0,12596,663848,341,125915,5.257952097326068,0.15943390612120345
397,0.0765,0,4,0,12600,663844,341,125915,5.257920415663414,0.15943471362782824
398,0.0766,0,1,0,12601,663843,341,125915,5.2579124952477505,0.15943491550576253
399,0.0767,4,186,4,12787,663657,345,125911,5.256439297934356,0.15946821553051796
400,0.077,2,13,2,12800,663644,347,125909,5.256336332530731,0.15946871204339672
401,0.0772,0,4,0,12804,663640,347,125909,5.256304650868078,0.15946951994113095
402,0.0773,0,6,0,12810,663634,347,125909,5.256257128374097,0.15947073180308102
403,0.0774,1,0,1,12810,663634,348,125908,5.256257128374097,0.15946966722479614
404,0.0775,3,105,3,12915,663529,351,125905,5.255425484729439,0.15948768358089466
405,0.0776,0,3,0,12918,663526,351,125905,5.255401723482448,0.15948828966686132
406,0.0778,0,4,0,12922,663522,351,125905,5.255370041819795,0.15948909778864923
407,0.0779,0,4,0,12926,663518,351,125905,5.255338360157141,0.15948990591862663
408,0.078,0,23,0,12949,663495,351,125905,5.255156190596883,0.15949455282493033
409,0.0782,0,8,0,12957,663487,351,125905,5.255092827271575,0.15949616920364026
410,0.0783,4,76,4,13033,663411,355,125901,5.254490875681156,0.15950726708829968
411,0.0784,0,3,0,13036,663408,355,125901,5.254467114434165,0.15950787334237923
412,0.0785,0,6,0,13042,663402,355,125901,5.254419591940185,0.15950908586436388
413,0.0787,0,4,0,13046,663398,355,125901,5.254387910277531,0.15950989422259498
414,0.0788,1,2,1,13048,663396,356,125900,5.254372069446204,0.15950923354482982
415,0.079,2,13,2,13061,663383,358,125898,5.25426910404258,0.15950973100834812
416,0.0791,0,2,0,13063,663381,358,125898,5.254253263211253,0.15951013519934015
417,0.0792,0,20,0,13083,663361,358,125898,5.254094854897985,0.15951417722192587
418,0.0793,1,13,1,13096,663348,359,125897,5.253991889494361,0.1595157397259406
419,0.0795,0,7,0,13103,663341,359,125897,5.253936446584717,0.15951715452119639
420,0.0797,0,1,0,13104,663340,359,125897,5.253928526169053,0.15951735663685307
421,0.0798,0,4,0,13108,663336,359,125897,5.2538968445064,0.15951816510460157
422,0.08,44,1816,44,14924,661520,403,125853,5.23951336966164,0.15983911056132227
423,0.0801,0,1,0,14925,661519,403,125853,5.239505449245977,0.15983931356461747
424,0.0802,0,1,0,14926,661518,403,125853,5.239497528830313,0.15983951656842835
425,0.0803,0,15,0,14941,661503,403,125853,5.239378722595362,0.15984256168747046
426,0.0804,0,5,0,14946,661498,403,125853,5.2393391205170445,0.15984357675293484
427,0.0805,0,7,0,14953,661491,403,125853,5.239283677607401,0.15984499786624398
428,0.0807,0,5,0,14958,661486,403,125853,5.239244075529084,0.15984601296265014
429,0.0808,0,18,0,14976,661468,403,125853,5.239101508047142,0.15984966741646672
430,0.081,1,16,1,14992,661452,404,125852,5.238974781396528,0.1598518488411084
431,0.0811,0,3,0,14995,661449,404,125852,5.238951020149537,0.15985245795445452
432,0.0812,0,5,0,15000,661444,404,125852,5.23891141807122,0.15985347315368045
433,0.0813,0,5,0,15005,661439,404,125852,5.238871815992903,0.1598544883658012
434,0.0814,1,0,1,15005,661439,405,125851,5.238871815992903,0.15985342122978827
435,0.0815,0,6,0,15011,661433,405,125851,5.238824293498923,0.15985463949476936
436,0.0816,0,1,0,15012,661432,405,125851,5.238816373083259,0.1598548425407382
437,0.0817,4,93,4,15105,661339,409,125847,5.238079774426562,0.1598694590605016
438,0.0818,0,4,0,15109,661335,409,125847,5.238048092763909,0.15987027142388927
439,0.0819,0,3,0,15112,661332,409,125847,5.238024331516918,0.159870880701848
440,0.082,0,31,0,15143,661301,409,125847,5.237778798631352,0.1598771768460315
441,0.0821,0,8,0,15151,661293,409,125847,5.237715435306045,0.15987880173793734
442,0.0822,0,4,0,15155,661289,409,125847,5.237683753643391,0.1598796141962761
443,0.0823,0,6,0,15161,661283,409,125847,5.237636231149411,0.15988083289926697
444,0.0824,1,5,1,15166,661278,410,125846,5.237596629071094,0.1598807811729791
445,0.0825,1,103,1,15269,661175,411,125845,5.236780826257762,0.15990063784910166
446,0.0827,1,16,1,15285,661159,412,125844,5.236654099607147,0.15990282120906782
447,0.0828,0,3,0,15288,661156,412,125844,5.236630338360158,0.15990343074968233
448,0.0829,2,11,2,15299,661145,414,125842,5.23654321378786,0.15990353080800573
449,0.083,1,6,1,15305,661139,415,125841,5.236495691293879,0.15990368243157385
450,0.0831,1,0,1,15305,661139,416,125840,5.236495691293879,0.1599026149363579
451,0.0832,0,6,0,15311,661133,416,125840,5.236448168799899,0.15990383405783934
452,0.0833,7,198,7,15509,660935,423,125833,5.234879926498543,0.15993660138694
453,0.0834,0,1,0,15510,660934,423,125833,5.234872006082879,0.15993680467025181
454,0.0835,0,6,0,15516,660928,423,125833,5.234824483588898,0.15993802438097465
455,0.0837,0,7,0,15523,660921,423,125833,5.234769040679255,0.15993944740033098
456,0.0838,0,4,0,15527,660917,423,125833,5.234737359016601,0.15994026056561805
457,0.0839,1,0,1,15527,660917,424,125832,5.234737359016601,0.15993919280482086
458,0.084,3,48,3,15575,660869,427,125829,5.234357179064757,0.15994574792359964
459,0.0842,0,14,0,15589,660855,427,125829,5.234246293245469,0.1599485943530058
460,0.0843,1,14,1,15603,660841,428,125828,5.234135407426182,0.15995037302855458
461,0.0845,0,16,0,15619,660825,428,125828,5.234008680775567,0.1599536263129995
462,0.0846,1,2,1,15621,660823,429,125827,5.23399283994424,0.1599529651051929
463,0.0847,0,7,0,15628,660816,429,125827,5.233937397034596,0.15995438845829685
464,0.085,17,438,17,16066,660378,446,125810,5.230468254974021,0.16002533745109312
465,0.0851,0,2,0,16068,660376,446,125810,5.230452414142694,0.160025744543912
466,0.0852,0,3,0,16071,660373,446,125810,5.230428652895704,0.16002635518702388
467,0.0853,1,9,1,16080,660364,447,125809,5.230357369154733,0.1600271187130568
468,0.0855,0,3,0,16083,660361,447,125809,5.230333607907743,0.16002772937150997
469,0.0856,0,1,0,16084,660360,447,125809,5.23032568749208,0.16002793292536338
470,0.0857,2,14,2,16098,660346,449,125807,5.230214801672791,0.1600286458233957
471,0.0858,0,16,0,16114,660330,449,125807,5.230088075022177,0.16003190283627408
472,0.0859,0,5,0,16119,660325,449,125807,5.23004847294386,0.1600329206799876
473,0.086,4,47,4,16166,660278,453,125803,5.2296762134076795,0.1600382148913407
474,0.0861,0,1,0,16167,660277,453,125803,5.229668292992017,0.1600384184815795
475,0.0862,0,7,0,16174,660270,453,125803,5.229612850082372,0.16003984362775467
476,0.0863,0,1,0,16175,660269,453,125803,5.229604929666709,0.1600400472221374
477,0.0864,0,3,0,16178,660266,453,125803,5.229581168419719,0.16004065800839368
478,0.0865,0,9,0,16187,660257,453,125803,5.229509884678748,0.16004249039513524
479,0.0867,7,182,7,16369,660075,460,125796,5.228068369028007,0.16007207289746028
480,0.0868,0,1,0,16370,660074,460,125796,5.228060448612343,0.16007227658518586
481,0.087,1,18,1,16388,660056,461,125795,5.227917881130402,0.1600748742446087
482,0.0871,0,10,0,16398,660046,461,125795,5.227838676973768,0.1600769112326794
483,0.0872,0,4,0,16402,660042,461,125795,5.227806995311114,0.16007772604242357
484,0.0873,0,12,0,16414,660030,461,125795,5.227711950323153,0.16008017052142653
485,0.0874,0,7,0,16421,660023,461,125795,5.227656507413509,0.160081596501989
486,0.0875,4,112,4,16533,659911,465,125791,5.226769420859207,0.1601001397476397
487,0.0876,0,1,0,16534,659910,465,125791,5.226761500443543,0.16010034351489943
488,0.0877,0,13,0,16547,659897,465,125791,5.226658535039919,0.16010299253647758
489,0.0878,0,6,0,16553,659891,465,125791,5.226611012545939,0.16010421519138787
490,0.0879,0,2,0,16555,659889,465,125791,5.226595171714612,0.16010462274717444
491,0.088,0,24,0,16579,659865,465,125791,5.226405081738689,0.16010951357846182
492,0.0881,0,2,0,16581,659863,465,125791,5.226389240907363,0.16010992116122363
493,0.0882,0,2,0,16583,659861,465,125791,5.226373400076036,0.1601103287460606
494,0.0883,4,86,4,16669,659775,469,125787,5.225692244328982,0.16012358031574847
495,0.0884,0,1,0,16670,659774,469,125787,5.225684323913319,0.1601237841491622
496,0.0885,0,2,0,16672,659772,469,125787,5.225668483081992,0.16012419181754647
497,0.0886,0,7,0,16679,659765,469,125787,5.225613040172348,0.16012561867323868
498,0.0887,1,9,1,16688,659756,470,125786,5.225541756431378,0.16012638407621743
499,0.0888,0,4,0,16692,659752,470,125786,5.2255100747687235,0.16012719944802162
500,0.0889,0,2,0,16694,659750,470,125786,5.225494233937397,0.16012760713703764
501,0.089,2,31,2,16725,659719,472,125784,5.225248701051831,0.16013178816630871
502,0.0891,0,2,0,16727,659717,472,125784,5.225232860220505,0.1601321958851739
503,0.0892,0,35,0,16762,659682,472,125784,5.224955645672285,0.16013933130141852
504,0.0893,0,6,0,16768,659676,472,125784,5.224908123178304,0.1601405545794821
505,0.0894,0,1,0,16769,659675,472,125784,5.224900202762641,0.16014075846097633
506,0.0895,0,5,0,16774,659670,472,125784,5.224860600684324,0.16014177787623463
507,0.0896,0,6,0,16780,659664,472,125784,5.224813078190343,0.1601430011916766
508,0.0897,2,6,2,16786,659658,474,125782,5.224765555696363,0.1601420859645549
509,0.0898,0,2,0,16788,659656,474,125782,5.224749714865036,0.16014249374234504
510,0.09,87,1919,87,18707,657737,561,125695,5.2095504372069446,0.160441493326798
511,0.0902,1,6,1,18713,657731,562,125694,5.209502914712965,0.16044165044516068
512,0.0903,1,14,1,18727,657717,563,125693,5.209392028893676,0.1604434459606081
513,0.0904,0,1,0,18728,657716,563,125693,5.209384108478013,0.1604436507622455
514,0.0905,0,2,0,18730,657714,563,125693,5.209368267646686,0.1604440603670889
515,0.0906,0,1,0,18731,657713,563,125693,5.209360347231023,0.16044426517029484
516,0.0907,0,20,0,18751,657693,563,125693,5.209201938917754,0.160448361344216
517,0.0908,1,27,1,18778,657666,564,125692,5.208988087694842,0.16045281978354725
518,0.0909,0,1,0,18779,657665,564,125692,5.2089801672791785,0.16045302461074581
519,0.091,2,23,2,18802,657642,566,125690,5.2087979977189205,0.1604555922648379
520,0.0912,0,5,0,18807,657637,566,125690,5.208758395640603,0.16045661645775008
521,0.0913,0,5,0,18812,657632,566,125690,5.208718793562286,0.16045764066373727
522,0.0914,0,3,0,18815,657629,566,125690,5.208695032315296,0.16045825519360568
523,0.0915,0,7,0,18822,657622,566,125690,5.208639589405652,0.1604596891149376
524,0.0917,6,93,6,18915,657529,572,125684,5.207902990748955,0.16047231085285868
525,0.0918,0,1,0,18916,657528,572,125684,5.207895070333291,0.160472515742864
526,0.0919,0,3,0,18919,657525,572,125684,5.2078713090863005,0.1604731304160192
527,0.092,1,38,1,18957,657487,573,125683,5.207570333291091,0.16047984473358276
528,0.0921,0,6,0,18963,657481,573,125683,5.20752281079711,0.16048107420667956
529,0.0922,0,1,0,18964,657480,573,125683,5.207514890381447,0.1604812791206939
530,0.0923,1,9,1,18973,657471,574,125682,5.207443606640476,0.16048205139991803
531,0.0924,0,5,0,18978,657466,574,125682,5.207404004562159,0.16048307599585263
532,0.0925,2,109,2,19087,657357,576,125680,5.206540679254847,0.1605032712375022
533,0.0927,0,13,0,19100,657344,576,125680,5.206437713851223,0.16050593596109441
534,0.0928,0,1,0,19101,657343,576,125680,5.20642979343556,0.1605061409434972
535,0.0929,0,12,0,19113,657331,576,125680,5.206334748447598,0.16050860077316922
536,0.093,3,13,3,19126,657318,579,125677,5.206231783043974,0.16050804922125939
537,0.0931,0,4,0,19130,657314,579,125677,5.20620010138132,0.16050886919517593
538,0.0932,0,4,0,19134,657310,579,125677,5.206168419718667,0.16050968917747038
539,0.0933,8,260,8,19394,657050,587,125669,5.204109111646179,0.16055442630113745
540,0.0934,0,1,0,19395,657049,587,125669,5.2041011912305155,0.16055463142536647
541,0.0935,1,9,1,19404,657040,588,125668,5.204029907489545,0.16055540508082197
542,0.0936,0,2,0,19406,657038,588,125668,5.204014066658218,0.16055581533807076
543,0.0937,0,16,0,19422,657022,588,125668,5.203887340007603,0.16055909747154046
544,0.0938,0,11,0,19433,657011,588,125668,5.203800215435306,0.160561354016142
545,0.0939,0,2,0,19435,657009,588,125668,5.20378437460398,0.16056176430379326
546,0.094,1,44,1,19479,656965,589,125667,5.203435876314789,0.16056971859060196
547,0.0941,0,1,0,19480,656964,589,125667,5.203427955899126,0.1605699237571729
548,0.0942,0,15,0,19495,656949,589,125667,5.203309149664174,0.16057300131865435
549,0.0943,0,14,0,19509,656935,589,125667,5.203198263844887,0.16057587381580932
550,0.0945,0,4,0,19513,656931,589,125667,5.203166582182233,0.16057669454815882
551,0.0946,0,5,0,19518,656926,589,125667,5.2031269801039155,0.16057772047539398
552,0.0947,0,1,0,19519,656925,589,125667,5.203119059688253,0.16057792566241413
553,0.0948,0,4,0,19523,656921,589,125667,5.203087378025598,0.16057874641573855
554,0.0949,0,7,0,19530,656914,589,125667,5.203031935115955,0.16058018275424524
555,0.095,15,404,15,19934,656510,604,125652,5.199832087187936,0.16064702708646034
556,0.0951,0,2,0,19936,656508,604,125652,5.199816246356609,0.16064743786437558
557,0.0952,1,5,1,19941,656503,605,125651,5.199776644278292,0.1606473916901275
558,0.0953,0,5,0,19946,656498,605,125651,5.199737042199975,0.16064841865168913
559,0.0954,1,3,1,19949,656495,606,125650,5.1997132809529845,0.1606479616950821
560,0.0955,0,11,0,19960,656484,606,125650,5.1996261563806865,0.16065022106186408
561,0.0956,0,2,0,19962,656482,606,125650,5.19961031554936,0.16065063186265233
562,0.0957,1,17,1,19979,656465,607,125649,5.199475668483082,0.16065305057830445
563,0.0958,2,27,2,20006,656438,609,125647,5.19926181726017,0.16065645038582763
564,0.096,0,42,0,20048,656396,609,125647,5.198929159802306,0.16066507851870038
565,0.0961,0,2,0,20050,656394,609,125647,5.1989133189709795,0.16066548940528694
566,0.0962,0,4,0,20054,656390,609,125647,5.198881637308326,0.1606663111847649
567,0.0964,0,6,0,20060,656384,609,125647,5.198834114814345,0.1606675438697443
568,0.0965,1,16,1,20076,656368,610,125646,5.198707388163731,0.16066975783042248
569,0.0966,0,2,0,20078,656366,610,125646,5.198691547332404,0.16067016874421364
570,0.0967,12,231,12,20309,656135,622,125634,5.196861931314156,0.16070476061342928
571,0.0968,0,5,0,20314,656130,622,125634,5.196822329235839,0.1607057884476645
572,0.0969,0,2,0,20316,656128,622,125634,5.196806488404511,0.16070619958503995
573,0.097,2,28,2,20344,656100,624,125632,5.196584716765936,0.1607098084765623
574,0.0971,1,4,1,20348,656096,625,125631,5.196553035103282,0.1607095571727726
575,0.0972,0,5,0,20353,656091,625,125631,5.196513433024965,0.16071058509291028
576,0.0973,0,12,0,20365,656079,625,125631,5.196418388037004,0.1607130521548912
577,0.0974,1,2,1,20367,656077,626,125630,5.196402547205677,0.16071238968053247
578,0.0975,6,95,6,20462,655982,632,125624,5.195650107717653,0.16072548061299427
579,0.0976,0,2,0,20464,655980,632,125624,5.1956342668863265,0.16072589188386957
580,0.0977,0,9,0,20473,655971,632,125624,5.195562983145355,0.16072774262885509
581,0.0978,0,1,0,20474,655970,632,125624,5.195555062729692,0.16072794826981784
582,0.0979,1,3,1,20477,655967,633,125623,5.195531301482702,0.16072749139574458
583,0.098,0,8,0,20485,655959,633,125623,5.195467938157394,0.16072913654613336
584,0.0981,0,3,0,20488,655956,633,125623,5.195444176910404,0.16072975348621188
585,0.0982,0,4,0,20492,655952,633,125623,5.1954124952477505,0.16073057608035057
586,0.0983,2,122,2,20614,655830,635,125621,5.194446204536814,0.16075352133403117
587,0.0984,0,2,0,20616,655828,635,125621,5.194430363705488,0.16075393275824781
588,0.0985,0,7,0,20623,655821,635,125621,5.194374920795843,0.1607553727595906
589,0.0986,0,2,0,20625,655819,635,125621,5.194359079964516,0.1607557841932842
590,0.0987,2,12,2,20637,655807,637,125619,5.194264034976555,0.16075610486469608
591,0.0988,0,10,0,20647,655797,637,125619,5.194184830819921,0.16075816210571578
592,0.0989,0,2,0,20649,655795,637,125619,5.1941689899885946,0.16075857356023823
593,0.099,4,24,4,20673,655771,641,125615,5.193978900012673,0.16075921503584656
594,0.0991,0,2,0,20675,655769,641,125615,5.193963059181346,0.1607596265088612
595,0.0992,1,34,1,20709,655735,642,125614,5.193693765048789,0.16076554778978408
596,0.0993,0,12,0,20721,655723,642,125614,5.1935987200608285,0.16076801687364095
597,0.0994,0,5,0,20726,655718,642,125614,5.193559117982511,0.16076904568096534
598,0.0995,1,11,1,20737,655707,643,125613,5.193471993410214,0.16077023498694518
599,0.0996,0,4,0,20741,655703,643,125613,5.193440311747561,0.160771058061015
600,0.0997,0,4,0,20745,655699,643,125613,5.193408630084907,0.16077188114351246
601,0.0998,1,2,1,20747,655697,644,125612,5.19339278925358,0.16077121855757454
602,0.0999,0,2,0,20749,655695,644,125612,5.193376948422253,0.16077163010186776
603,0.1,73,2222,73,22971,653473,717,125539,5.175777784818147,0.16115156120829974
604,0.1002,0,6,0,22977,653467,717,125539,5.1757302623241666,0.16115280241743965
605,0.1003,1,15,1,22992,653452,718,125538,5.175611456089215,0.1611548286884299
606,0.1004,1,2,1,22994,653450,719,125537,5.175595615257889,0.1611541656022501
607,0.1005,0,7,0,23001,653443,719,125537,5.175540172348245,0.16115561375131582
608,0.1006,0,3,0,23004,653440,719,125537,5.175516411101254,0.161156234394597
609,0.1007,0,20,0,23024,653420,719,125537,5.175358002787986,0.1611603721386418
610,0.1008,2,26,2,23050,653394,721,125535,5.175152071980738,0.1611635977091622
611,0.101,0,23,0,23073,653371,721,125535,5.174969902420479,0.16116835664380555
612,0.1011,0,2,0,23075,653369,721,125535,5.174954061589152,0.16116877047749145
613,0.1012,0,3,0,23078,653366,721,125535,5.174930300342162,0.1611693912320051
614,0.1013,0,15,0,23093,653351,721,125535,5.17481149410721,0.16117249507630127
615,0.1014,0,8,0,23101,653343,721,125535,5.174748130781904,0.16117415050880882
616,0.1015,0,2,0,23103,653341,721,125535,5.174732289950577,0.16117456437224925
617,0.1017,5,120,5,23223,653221,726,125530,5.1737818400709665,0.1611940145181194
618,0.1018,0,5,0,23228,653216,726,125530,5.173742237992649,0.16119504947697966
619,0.1019,0,2,0,23230,653214,726,125530,5.173726397161323,0.161195463464245
620,0.102,1,35,1,23265,653179,727,125529,5.173449182613104,0.16120163142024996
621,0.1021,0,4,0,23269,653175,727,125529,5.17341750095045,0.16120245947112125
622,0.1022,0,3,0,23272,653172,727,125529,5.173393739703459,0.16120308051485743
623,0.1023,0,13,0,23285,653159,727,125529,5.1732907742998355,0.16120577175967782
624,0.1024,0,4,0,23289,653155,727,125529,5.173259092637181,0.16120659985308547
625,0.1025,3,100,3,23389,653055,730,125526,5.17246705107084,0.16122407302515732
626,0.1026,1,0,1,23389,653055,731,125525,5.17246705107084,0.16122299571013898
627,0.1027,0,17,0,23406,653038,731,125525,5.172332404004562,0.16122651603017354
628,0.1028,0,3,0,23409,653035,731,125525,5.172308642757572,0.16122713727907934
629,0.1029,0,17,0,23426,653018,731,125525,5.172173995691294,0.16123065777998133
630,0.103,1,14,1,23440,653004,732,125524,5.172063109872006,0.161232479756669
631,0.1031,0,2,0,23442,653002,732,125524,5.17204726904068,0.1612328939560143
632,0.1032,1,3,1,23445,652999,733,125523,5.172023507793689,0.1612324378758725
633,0.1033,8,281,8,23726,652718,741,125515,5.169797870992269,0.1612820325018343
634,0.1034,1,1,1,23727,652717,742,125514,5.1697899505766065,0.1612811620200172
635,0.1035,0,5,0,23732,652712,742,125514,5.169750348498289,0.16128219823033413
636,0.1036,0,3,0,23735,652709,742,125514,5.169726587251299,0.16128281996291552
637,0.1037,0,16,0,23751,652693,742,125514,5.169599860600684,0.1612861359509745
638,0.1038,0,8,0,23759,652685,742,125514,5.169536497275377,0.16128779399613724
639,0.1039,2,5,2,23764,652680,744,125512,5.16949689519706,0.16128667475378827
640,0.104,3,61,3,23825,652619,747,125509,5.169013749841592,0.16129608496288528
641,0.1042,0,34,0,23859,652585,747,125509,5.168744455709035,0.16130313304048097
642,0.1043,2,17,2,23876,652568,749,125507,5.168609808642757,0.1613045014940719
643,0.1044,0,1,0,23877,652567,749,125507,5.168601888227094,0.16130470880661738
644,0.1045,0,13,0,23890,652554,749,125507,5.16849892282347,0.16130740391820178
645,0.1046,0,3,0,23893,652551,749,125507,5.168475161576479,0.16130802587981874
646,0.1047,2,7,2,23900,652544,751,125505,5.1684197186668355,0.16130732126125732
647,0.1048,0,8,0,23908,652536,751,125505,5.168356355341528,0.1613089798609585
648,0.1049,0,4,0,23912,652532,751,125505,5.168324673678875,0.16130980917359972
649,0.105,16,532,16,24444,652000,767,125489,5.164111012545939,0.1614029266008908
650,0.1051,0,4,0,24448,651996,767,125489,5.164079330883284,0.1614037569856653
651,0.1052,0,3,0,24451,651993,767,125489,5.164055569636295,0.16140437977985342
652,0.1053,0,15,0,24466,651978,767,125489,5.1639367634013436,0.16140749382288894
653,0.1054,0,8,0,24474,651970,767,125489,5.163873400076036,0.16140915469497427
654,0.1055,0,6,0,24480,651964,767,125489,5.163825877582055,0.1614104003714694
655,0.1057,2,16,2,24496,651948,769,125487,5.163699150931441,0.1614115649539833
656,0.1058,0,37,0,24533,651911,769,125487,5.163406095551895,0.16141924728388804
657,0.106,2,51,2,24584,651860,771,125485,5.163002154353061,0.16142768011629327
658,0.1061,1,7,1,24591,651853,772,125484,5.162946711443417,0.16142805501346263
659,0.1062,1,19,1,24610,651834,773,125483,5.162796223545811,0.16143092200479342
660,0.1063,0,4,0,24614,651830,773,125483,5.162764541883158,0.16143175271737384
661,0.1065,0,9,0,24623,651821,773,125483,5.162693258142188,0.16143362185193952
662,0.1067,9,286,9,24909,651535,782,125474,5.160428019262451,0.16148332902192897
663,0.1068,1,14,1,24923,651521,783,125473,5.160317133443163,0.16148515947356093
664,0.1069,1,2,1,24925,651519,784,125472,5.160301292611837,0.16148449595941267
665,0.107,0,12,0,24937,651507,784,125472,5.160206247623876,0.1614869899958686
666,0.1071,1,15,1,24952,651492,785,125471,5.160087441388924,0.16148902843507348
667,0.1072,0,1,0,24953,651491,785,125471,5.160079520973261,0.16148923628182588
668,0.1073,0,11,0,24964,651480,785,125471,5.1599923964009635,0.16149152263141434
669,0.1075,7,140,7,25104,651340,792,125464,5.1588835382080855,0.16151307150838565
670,0.1076,0,3,0,25107,651337,792,125464,5.158859776961095,0.16151369527073214
671,0.1077,0,4,0,25111,651333,792,125464,5.158828095298441,0.1615145269613554
672,0.1078,0,6,0,25117,651327,792,125464,5.158780572804461,0.16151577451335045
673,0.1079,0,5,0,25122,651322,792,125464,5.158740970726144,0.161516814154735
674,0.108,0,30,0,25152,651292,792,125464,5.158503358256241,0.16152305228411495
675,0.1081,2,10,2,25162,651282,794,125462,5.158424154099607,0.16152297281987374
676,0.1082,0,4,0,25166,651278,794,125462,5.158392472436954,0.16152380461930632
677,0.1083,3,125,3,25291,651153,797,125459,5.157402420479027,0.16154656379247295
678,0.1084,0,1,0,25292,651152,797,125459,5.157394500063363,0.16154677180724972
679,0.1085,0,4,0,25296,651148,797,125459,5.15736281840071,0.16154760387171374
680,0.1086,0,3,0,25299,651145,797,125459,5.157339057153719,0.1615482279256867
681,0.1087,0,12,0,25311,651133,797,125459,5.157244012165759,0.16155072418979335
682,0.1088,0,2,0,25313,651131,797,125459,5.157228171334432,0.16155114024131137
683,0.1089,0,4,0,25317,651127,797,125459,5.157196489671778,0.16155197235077634
684,0.109,1,20,1,25337,651107,798,125458,5.157038081358509,0.16155505334389267
685,0.1092,0,40,0,25377,651067,798,125458,5.156721264731973,0.16156337529377676
686,0.1093,2,21,2,25398,651046,800,125456,5.156554936003041,0.16156558514981287
687,0.1094,0,2,0,25400,651044,800,125456,5.1565390951717145,0.16156600128783
688,0.1095,0,17,0,25417,651027,800,125456,5.1564044481054365,0.16156953854752776
689,0.1096,0,3,0,25420,651024,800,125456,5.156380686858446,0.16157016278590564
690,0.1097,0,4,0,25424,651020,800,125456,5.156349005195793,0.1615709951112462
691,0.1098,0,7,0,25431,651013,800,125456,5.156293562286149,0.16157245170122697
692,0.11,80,2423,80,27854,648590,880,125376,5.137102395133697,0.1619916120346372
693,0.1102,0,3,0,27857,648587,880,125376,5.1370786338867065,0.16199223993911854
694,0.1103,0,9,0,27866,648578,880,125376,5.137007350145736,0.16199412368176921
695,0.1104,0,3,0,27869,648575,880,125376,5.136983588898746,0.1619947516057218
696,0.1105,0,6,0,27875,648569,880,125376,5.136936066404765,0.16199600746823095
697,0.1107,2,16,2,27891,648553,882,125374,5.1368093397541505,0.161997190949534
698,0.1108,1,44,1,27935,648509,883,125373,5.13646084146496,0.1620053186403095
699,0.1109,0,4,0,27939,648505,883,125373,5.136429159802306,0.16200615600908672
700,0.111,1,28,1,27967,648477,884,125372,5.136207388163731,0.16201093494984165
701,0.1111,1,4,1,27971,648473,885,125371,5.136175706501077,0.16201068949297273
702,0.1112,2,15,2,27986,648458,887,125369,5.136056900266126,0.16201166410580142
703,0.1113,3,14,3,28000,648444,890,125366,5.135946014446838,0.16201134645455603
704,0.1114,0,8,0,28008,648436,890,125366,5.1358826511215305,0.16201302141891594
705,0.1115,1,3,1,28011,648433,891,125365,5.135858889874541,0.1620125665871455
706,0.1116,0,2,0,28013,648431,891,125365,5.135843049043213,0.162012985334636
707,0.1117,3,140,3,28153,648291,894,125362,5.1347341908503354,0.1620390536842745
708,0.1118,0,7,0,28160,648284,894,125362,5.134678747940692,0.16204051982431242
709,0.1119,0,1,0,28161,648283,894,125362,5.134670827525029,0.16204072927505508
710,0.112,2,39,2,28200,648244,896,125360,5.134361931314156,0.16204673191969018
711,0.1121,0,5,0,28205,648239,896,125360,5.134322329235839,0.16204777927582636
712,0.1122,1,4,1,28209,648235,897,125359,5.134290647573184,0.16204753397777127
713,0.1123,0,9,0,28218,648226,897,125359,5.134219363832214,0.16204941926226593
714,0.1124,0,1,0,28219,648225,897,125359,5.13421144341655,0.16204962874102877
715,0.1125,5,153,5,28372,648072,902,125354,5.1329996198200485,0.16207626844714298
716,0.1126,0,1,0,28373,648071,902,125354,5.132991699404385,0.1620764780036849
717,0.1127,1,2,1,28375,648069,903,125353,5.132975858573058,0.16207581372135782
718,0.1128,0,5,0,28380,648064,903,125353,5.132936256494741,0.16207686151196574
719,0.1129,0,8,0,28388,648056,903,125353,5.132872893169433,0.1620785380051176
720,0.113,0,17,0,28405,648039,903,125353,5.132738246103155,0.16208210066822518
721,0.1131,0,1,0,28406,648038,903,125353,5.132730325687492,0.16208231024152078
722,0.1132,1,5,1,28411,648033,904,125352,5.132690723609175,0.16208227467561434
723,0.1133,13,319,13,28730,647714,917,125339,5.1301641110125455,0.16213506706525943
724,0.1134,0,3,0,28733,647711,917,125339,5.130140349765556,0.16213569626802923
725,0.1135,0,13,0,28746,647698,917,125339,5.130037384361931,0.16213842286979796
726,0.1136,0,5,0,28751,647693,917,125339,5.129997782283614,0.16213947158720468
727,0.1137,0,5,0,28756,647688,917,125339,5.129958180205297,0.16214052031817777
728,0.1138,0,13,0,28769,647675,917,125339,5.1298552148016725,0.16214324708220032
729,0.1139,0,2,0,28771,647673,917,125339,5.129839373970346,0.1621436665924979
730,0.114,3,63,3,28834,647610,920,125336,5.129340387783551,0.16215363039591382
731,0.1141,0,1,0,28835,647609,920,125336,5.129332467367887,0.16215384018267795
732,0.1142,0,29,0,28864,647580,920,125336,5.129102775313648,0.16215992423497508
733,0.1143,1,21,1,28885,647559,921,125335,5.128936446584717,0.16216324618899874
734,0.1144,0,4,0,28889,647555,921,125335,5.128904764922063,0.1621640854455356
735,0.1145,1,8,1,28897,647547,922,125334,5.128841401596755,0.1621646799442605
736,0.1147,1,6,1,28903,647541,923,125333,5.128793879102775,0.16216485481462697
737,0.1148,0,5,0,28908,647536,923,125333,5.128754277024458,0.16216590392420965
738,0.115,28,612,28,29520,646924,951,125305,5.123906982638449,0.16226404343789214
739,0.1152,0,8,0,29528,646916,951,125305,5.123843619313141,0.16226572444934806
740,0.1153,1,9,1,29537,646907,952,125304,5.123772335572171,0.16226653077979983
741,0.1154,0,7,0,29544,646900,952,125304,5.123716892662527,0.1622680017197528
742,0.1155,0,4,0,29548,646896,952,125304,5.123685210999874,0.16226884226884228
743,0.1156,0,3,0,29551,646893,952,125304,5.123661449752883,0.16226947268637407
744,0.1157,0,16,0,29567,646877,952,125304,5.123534723102268,0.16227283499594006
745,0.1158,1,51,1,29618,646826,953,125303,5.123130781903434,0.16228246834402024
746,0.116,5,67,5,29685,646759,958,125298,5.122600114053985,0.16229112617332658
747,0.1161,0,3,0,29688,646756,958,125298,5.122576352806996,0.16229175679421387
748,0.1162,0,7,0,29695,646749,958,125298,5.122520909897351,0.16229322826200995
749,0.1163,2,3,2,29698,646746,960,125296,5.122497148650361,0.16229168879413297
750,0.1164,0,3,0,29701,646743,960,125296,5.122473387403371,0.16229231942945888
751,0.1165,1,13,1,29714,646730,961,125295,5.122370421999746,0.16229396716427577
752,0.1166,0,3,0,29717,646727,961,125295,5.122346660752756,0.16229459782234185
753,0.1167,10,314,10,30031,646413,971,125285,5.119859650234444,0.16234977931781602
754,0.1168,0,7,0,30038,646406,971,125285,5.1198042073248,0.16235125199075795
755,0.1169,0,2,0,30040,646404,971,125285,5.119788366493474,0.1623516727593629
756,0.117,1,19,1,30059,646385,972,125284,5.119637878595869,0.1623545846729621
757,0.1171,0,7,0,30066,646378,972,125284,5.119582435686225,0.16235605744483983
758,0.1172,0,6,0,30072,646372,972,125284,5.119534913192244,0.16235731984200213
759,0.1173,0,11,0,30083,646361,972,125284,5.119447788619947,0.16235963428778777
760,0.1174,0,7,0,30090,646354,972,125284,5.1193923457103025,0.16236110715128077
761,0.1175,0,139,0,30229,646215,972,125284,5.118291407933088,0.16239035954680434
762,0.1176,1,3,1,30232,646212,973,125283,5.118267646686098,0.1623899053137091
763,0.1177,2,9,2,30241,646203,975,125281,5.1181963629451275,0.16238962830078135
764,0.1178,0,4,0,30245,646199,975,125281,5.118164681282473,0.1623904702649453
765,0.1179,0,8,0,30253,646191,975,125281,5.118101317957167,0.16239215421946615
766,0.118,0,31,0,30284,646160,975,125281,5.1178557850716,0.16239867987312057
767,0.1181,0,2,0,30286,646158,975,125281,5.1178399442402736,0.16239910090104337
768,0.1182,2,13,2,30299,646145,977,125279,5.117736978836649,0.16239966607209524
769,0.1183,3,141,3,30440,646004,980,125276,5.116620200228108,0.16242609687791723
770,0.1184,0,6,0,30446,645998,980,125276,5.116572677734127,0.1624273604451855
771,0.1185,0,10,0,30456,645988,980,125276,5.116493473577493,0.1624294664343208
772,0.1186,0,3,0,30459,645985,980,125276,5.116469712330503,0.16243009824171065
773,0.1187,0,14,0,30473,645971,980,125276,5.116358826511215,0.16243304674118667
774,0.1188,2,4,2,30477,645967,982,125274,5.116327144848562,0.16243171719345834
775,0.1189,0,1,0,30478,645966,982,125274,5.116319224432898,0.16243192780457444
776,0.119,3,37,3,30515,645929,985,125271,5.1160261690533515,0.16243646265560166
777,0.1191,0,2,0,30517,645927,985,125271,5.116010328222025,0.1624368839130807
778,0.1192,1,47,1,30564,645880,986,125270,5.115638068685844,0.1624456979835311
779,0.1193,3,16,3,30580,645864,989,125267,5.11551134203523,0.16244581011527223
780,0.1194,0,2,0,30582,645862,989,125267,5.115495501203903,0.16244623143468861
781,0.1195,3,8,3,30590,645854,992,125264,5.115432137878596,0.16244465827538718
782,0.1196,0,2,0,30592,645852,992,125264,5.115416297047269,0.16244507959891896
783,0.1197,0,3,0,30595,645849,992,125264,5.115392535800279,0.16244571158831456
784,0.1198,2,7,2,30602,645842,994,125262,5.115337092890635,0.1624450139021455
785,0.1199,0,2,0,30604,645840,994,125262,5.115321252059308,0.16244543523424917
786,0.12,82,2519,82,33123,643321,1076,125180,5.095369725003168,0.16288853235064105
787,0.1201,0,1,0,33124,643320,1076,125180,5.095361804587505,0.16288874430709174
788,0.1202,1,1,1,33125,643319,1077,125179,5.095353884171842,0.16288786698208713
789,0.1203,0,14,0,33139,643305,1077,125179,5.095242998352553,0.16289083442205693
790,0.1204,0,5,0,33144,643300,1077,125179,5.095203396274236,0.16289189424824882
791,0.1205,0,17,0,33161,643283,1077,125179,5.095068749207958,0.1628954977604618
792,0.1206,0,4,0,33165,643279,1077,125179,5.095037067545305,0.16289634566885894
793,0.1207,0,21,0,33186,643258,1077,125179,5.094870738816373,0.1629007973327677
794,0.1208,2,41,2,33227,643217,1079,125177,5.094546001774173,0.1629073105724407
795,0.1209,0,3,0,33230,643214,1079,125177,5.094522240527183,0.16290794660530902
796,0.121,2,32,2,33262,643182,1081,125175,5.094268787225953,0.16291255236823507
797,0.1211,0,1,0,33263,643181,1081,125175,5.0942608668102904,0.16291276439567076
798,0.1212,0,12,0,33275,643169,1081,125175,5.09416582182233,0.1629153087679477
799,0.1213,2,13,2,33288,643156,1083,125173,5.094062856418705,0.16291588629350187
800,0.1214,1,8,1,33296,643148,1084,125172,5.093999493093397,0.16291649312786338
801,0.1215,2,17,2,33313,643131,1086,125170,5.093864846027119,0.1629179188885606
802,0.1216,0,2,0,33315,643129,1086,125170,5.093849005195793,0.1629183429888624
803,0.1217,3,139,3,33454,642990,1089,125167,5.0927480674185786,0.16294455430335206
804,0.1218,0,4,0,33458,642986,1089,125167,5.092716385755924,0.1629454028038685
805,0.1219,1,5,1,33463,642981,1090,125166,5.092676783677607,0.16294537373705814
806,0.122,2,48,2,33511,642933,1092,125164,5.092296603725764,0.16295337698233425
807,0.1221,0,1,0,33512,642932,1092,125164,5.0922886833101,0.1629535891346915
808,0.1222,0,8,0,33520,642924,1092,125164,5.092225319984792,0.16295528637343637
809,0.1223,1,11,1,33531,642913,1093,125163,5.092138195412495,0.16295653034335145
810,0.1224,0,1,0,33532,642912,1093,125163,5.092130274996832,0.16295674250561468
811,0.1225,5,181,5,33713,642731,1098,125158,5.090696679761754,0.16298970293883622
812,0.1226,1,5,1,33718,642726,1099,125157,5.090657077683437,0.16298967420818014
813,0.1227,2,9,2,33727,642717,1101,125155,5.090585793942466,0.16298940448408067
814,0.1228,0,1,0,33728,642716,1101,125155,5.090577873526803,0.16298961674552107
815,0.1229,0,10,0,33738,642706,1101,125155,5.090498669370168,0.16299173939033237
816,0.123,1,24,1,33762,642682,1102,125154,5.090308579394247,0.1629957438828083
817,0.1231,1,3,1,33765,642679,1103,125153,5.090284818147256,0.1629952906364934
818,0.1232,0,4,0,33769,642675,1103,125153,5.090253136484603,0.1629961397604672
819,0.1233,16,371,16,34140,642304,1119,125137,5.087314662273476,0.16305748585233262
820,0.1235,0,8,0,34148,642296,1119,125137,5.087251298948169,0.16305918562271884
821,0.1236,0,1,0,34149,642295,1119,125137,5.087243378532506,0.16305939809650888
822,0.1237,2,13,2,34162,642282,1121,125135,5.087140413128881,0.16305997912477832
823,0.1238,0,7,0,34169,642275,1121,125135,5.087084970219237,0.16306146649118464
824,0.1239,0,5,0,34174,642270,1121,125135,5.08704536814092,0.16306252891237352
825,0.124,3,88,3,34262,642182,1124,125132,5.08634837156254,0.16307795765488445
826,0.1242,3,42,3,34304,642140,1127,125129,5.0860157141046765,0.1630836121360305
827,0.1243,2,12,2,34316,642128,1129,125127,5.085920669116716,0.1630839812057269
828,0.1244,0,1,0,34317,642127,1129,125127,5.085912748701052,0.16308419376112734
829,0.1245,0,13,0,34330,642114,1129,125127,5.085809783297427,0.16308695703175405
830,0.1246,0,4,0,34334,642110,1129,125127,5.085778101634774,0.16308780728770902
831,0.1247,2,7,2,34341,642103,1131,125125,5.08572265872513,0.16308711360899236
832,0.1248,1,5,1,34346,642098,1132,125124,5.085683056646813,0.163087085615376
833,0.1249,0,3,0,34349,642095,1132,125124,5.0856592953998225,0.16308772332280613
834,0.125,20,721,20,35070,641374,1152,125104,5.079948675706501,0.1632192965747223
835,0.1252,0,5,0,35075,641369,1152,125104,5.079909073628184,0.16322036131735887
836,0.1253,0,6,0,35081,641363,1152,125104,5.079861551134203,0.1632216390268596
837,0.1254,1,7,1,35088,641356,1153,125103,5.07980610822456,0.1632220379694152
838,0.1255,1,11,1,35099,641345,1154,125102,5.0797189836522625,0.16322328875969244
839,0.1256,0,3,0,35102,641342,1154,125102,5.079695222405272,0.16322392764507257
840,0.1257,0,23,0,35125,641319,1154,125102,5.079513052845013,0.16322882593248358
841,0.1258,1,50,1,35175,641269,1155,125101,5.079117032061842,0.16323838354841655
842,0.126,2,57,2,35232,641212,1157,125099,5.078665568369028,0.16324834173070724
843,0.1262,0,4,0,35236,641208,1157,125099,5.078633886706374,0.16324919386094608
844,0.1263,0,12,0,35248,641196,1157,125099,5.078538841718413,0.1632517503050392
845,0.1264,0,7,0,35255,641189,1157,125099,5.078483398808769,0.16325324160106905
846,0.1265,1,18,1,35273,641171,1158,125098,5.078340831326828,0.16325598451718654
847,0.1266,0,2,0,35275,641169,1158,125098,5.078324990495501,0.1632564106244951
848,0.1267,16,381,16,35656,640788,1174,125082,5.07530731212774,0.16332014571663597
849,0.1268,0,3,0,35659,640785,1174,125082,5.075283550880751,0.16332078546275006
850,0.1269,1,2,1,35661,640783,1175,125081,5.075267710049423,0.16332011949902334
851,0.127,0,41,0,35702,640742,1175,125081,5.074942973007223,0.16332886319684836
852,0.1271,0,6,0,35708,640736,1175,125081,5.074895450513243,0.16333014284091368
853,0.1272,0,6,0,35714,640730,1175,125081,5.074847928019262,0.1633314225050306
854,0.1273,6,37,6,35751,640693,1181,125075,5.074554872639716,0.16333275874677447
855,0.1274,0,5,0,35756,640688,1181,125075,5.074515270561399,0.16333382521746284
856,0.1275,5,154,5,35910,640534,1186,125070,5.073295526549233,0.1633612154586444
857,0.1276,0,8,0,35918,640526,1186,125070,5.073232163223926,0.16336292248130868
858,0.1277,2,12,2,35930,640514,1188,125068,5.073137118235965,0.1633632974651964
859,0.1278,0,1,0,35931,640513,1188,125068,5.073129197820301,0.16336351084992967
860,0.1279,0,5,0,35936,640508,1188,125068,5.073089595741984,0.16336457778195765
861,0.128,4,47,4,35983,640461,1192,125064,5.0727173362058045,0.16337023611247184
862,0.1281,0,3,0,35986,640458,1192,125064,5.072693574958814,0.1633708763432011
863,0.1282,0,3,0,35989,640455,1192,125064,5.072669813711824,0.1633715165789484
864,0.1283,7,181,7,36170,640274,1199,125057,5.071236218476746,0.16340250166267928
865,0.1284,0,2,0,36172,640272,1199,125057,5.071220377645419,0.1634029286751188
866,0.1285,1,14,1,36186,640258,1200,125056,5.071109491826131,0.1634048246863379
867,0.1286,0,11,0,36197,640247,1200,125056,5.071022367253834,0.163407173367934
868,0.1287,1,21,1,36218,640226,1201,125055,5.0708560385249015,0.1634105642241216
869,0.1288,0,10,0,36228,640216,1201,125055,5.070776834368267,0.1634126995534915
870,0.1289,1,4,1,36232,640212,1202,125054,5.070745152705614,0.16341246050392935
871,0.129,1,22,1,36254,640190,1203,125053,5.070570903561019,0.16341606522372631
872,0.1292,3,72,3,36326,640118,1206,125050,5.070000633633253,0.16342816218137715
873,0.1293,0,25,0,36351,640093,1206,125050,5.069802623241667,0.16343350197283385
874,0.1294,0,1,0,36352,640092,1206,125050,5.069794702826004,0.16343371557175007
875,0.1295,0,4,0,36356,640088,1206,125050,5.069763021163351,0.16343456997299832
876,0.1296,0,3,0,36359,640085,1206,125050,5.069739259916361,0.16343521077979703
877,0.1297,2,5,2,36364,640080,1208,125048,5.0696996578380435,0.16343409207348314
878,0.1298,1,3,1,36367,640077,1209,125047,5.069675896591053,0.16343363951464077
879,0.13,86,2743,86,39110,637334,1295,124961,5.047950196426308,0.16392735095993022
880,0.1302,2,5,2,39115,637329,1297,124959,5.047910594347991,0.1639262326049997
881,0.1303,0,9,0,39124,637320,1297,124959,5.047839310607021,0.1639281680329643
882,0.1304,1,6,1,39130,637314,1298,124958,5.04779178811304,0.16392836152974266
883,0.1305,0,13,0,39143,637301,1298,124958,5.047688822709416,0.16393115725757257
884,0.1306,0,4,0,39147,637297,1298,124958,5.047657141046762,0.16393201750070516
885,0.1307,1,10,1,39157,637287,1299,124957,5.047577936890128,0.16393307130000367
886,0.1308,1,56,1,39213,637231,1300,124956,5.047134393612977,0.16394401898746633
887,0.1309,0,2,0,39215,637229,1300,124956,5.04711855278165,0.16394444918228515
888,0.131,2,66,2,39281,637163,1302,124954,5.046595805347865,0.16395645288059446
889,0.1311,0,8,0,39289,637155,1302,124954,5.046532442022557,0.1639581739619923
890,0.1312,0,12,0,39301,637143,1302,124954,5.046437397034596,0.1639607556518396
891,0.1313,1,14,1,39315,637129,1303,124953,5.046326511215309,0.1639626706837322
892,0.1314,1,13,1,39328,637116,1304,124952,5.046223545811684,0.16396437063359176
893,0.1315,1,14,1,39342,637102,1305,124951,5.046112659992397,0.1639662858095172
894,0.1317,7,151,7,39493,636951,1312,124944,5.044916677227221,0.1639911011359833
895,0.1318,0,6,0,39499,636945,1312,124944,5.044869154733241,0.16399239259262177
896,0.1319,0,6,0,39505,636939,1312,124944,5.04482163223926,0.16399368406960124
897,0.132,5,56,5,39561,636883,1317,124939,5.044378088962109,0.16400025202737648
898,0.1321,0,7,0,39568,636876,1317,124939,5.044322646052465,0.16400175895722716
899,0.1322,0,2,0,39570,636874,1317,124939,5.044306805221138,0.16400218951369955
900,0.1323,0,17,0,39587,636857,1317,124939,5.0441721581548595,0.16400584933499257
901,0.1324,0,7,0,39594,636850,1317,124939,5.044116715245216,0.1640073563677081
902,0.1325,7,191,7,39785,636659,1324,124932,5.042603915853504,0.16404080405361934
903,0.1326,1,2,1,39787,636657,1325,124931,5.042588075022177,0.1640401371870355
904,0.1327,1,19,1,39806,636638,1326,124930,5.042437587124573,0.16404313206437246
905,0.1328,1,7,1,39813,636631,1327,124929,5.042382144214929,0.16404354220284678
906,0.1329,1,10,1,39823,636621,1328,124928,5.042302940058295,0.16404459857474699
907,0.133,0,22,0,39845,636599,1328,124928,5.0421286909136995,0.16404933771225447
908,0.1331,0,9,0,39854,636590,1328,124928,5.042057407172728,0.16405127652924817
909,0.1332,0,6,0,39860,636584,1328,124928,5.042009884678748,0.16405256909937072
910,0.1333,21,380,21,40240,636204,1349,124907,5.03900012672665,0.16411141081918407
911,0.1335,0,8,0,40248,636196,1349,124907,5.0389367634013436,0.164113135804221
912,0.1336,0,5,0,40253,636191,1349,124907,5.0388971613230265,0.1641142139382839
913,0.1337,0,10,0,40263,636181,1349,124907,5.038817957166392,0.16411637024890682
914,0.1338,1,7,1,40270,636174,1350,124906,5.0387625142567485,0.1641167814158827
915,0.1339,0,11,0,40281,636163,1350,124906,5.0386753896844505,0.16411915345389183
916,0.134,3,98,3,40379,636065,1353,124903,5.037899188949436,0.1641369939340419
917,0.1341,0,1,0,40380,636064,1353,124903,5.037891268533772,0.1641372096293269
918,0.1342,1,54,1,40434,636010,1354,124902,5.037463566087948,0.16414775953066846
919,0.1343,1,23,1,40457,635987,1355,124901,5.03728139652769,0.16415162284068088
920,0.1344,3,11,3,40468,635976,1358,124898,5.037194271955392,0.16415070037877494
921,0.1345,0,14,0,40482,635962,1358,124898,5.037083386136104,0.16415372078963278
922,0.1347,0,13,0,40495,635949,1358,124898,5.03698042073248,0.1641565255563865
923,0.1348,0,9,0,40504,635940,1358,124898,5.036909136991509,0.1641584673741322
924,0.1349,0,2,0,40506,635938,1358,124898,5.036893296160183,0.16415889889542556
925,0.135,18,758,18,41264,635180,1376,124880,5.030889621087315,0.16430281819856327
926,0.1351,0,1,0,41265,635179,1376,124880,5.030881700671651,0.16430303436970026
927,0.1352,0,12,0,41277,635167,1376,124880,5.03078665568369,0.16430562846771318
928,0.1353,0,10,0,41287,635157,1376,124880,5.030707451527056,0.16430779027863118
929,0.1354,0,1,0,41288,635156,1376,124880,5.0306995311113925,0.16430800646285176
930,0.1355,0,8,0,41296,635148,1376,124880,5.030636167786086,0.16430973595709633
931,0.1356,0,6,0,41302,635142,1376,124880,5.030588645292105,0.16431103310167336
932,0.1357,1,19,1,41321,635123,1377,124879,5.0304381573945,0.16431404127883875
933,0.1358,3,56,3,41377,635067,1380,124876,5.029994614117349,0.16432285052957918
934,0.1359,0,1,0,41378,635066,1380,124876,5.0299866937016855,0.16432306676035802
935,0.136,2,71,2,41449,634995,1382,124874,5.029424344189583,0.1643362211117969
936,0.1361,0,2,0,41451,634993,1382,124874,5.0294085033582565,0.16433665365123107
937,0.1362,1,12,1,41463,634981,1383,124873,5.029313458370296,0.16433814917076175
938,0.1363,0,6,0,41469,634975,1383,124873,5.029265935876315,0.16433944683673576
939,0.1364,0,4,0,41473,634971,1383,124873,5.029234254213661,0.1643403119587705
940,0.1365,3,10,3,41483,634961,1386,124870,5.029155050057027,0.16433917542190302
941,0.1366,0,1,0,41484,634960,1386,124870,5.0291471296413635,0.1643393917060395
942,0.1367,14,392,14,41876,634568,1400,124856,5.0260423267013055,0.16440881510197203
943,0.1368,3,8,3,41884,634560,1403,124853,5.025978963375998,0.16440724612299237
944,0.1369,0,3,0,41887,634557,1403,124853,5.0259552021290075,0.16440789560316563
945,0.137,1,19,1,41906,634538,1404,124852,5.025804714231403,0.16441090875571182
946,0.1371,0,12,0,41918,634526,1404,124852,5.025709669243442,0.16441350684375897
947,0.1372,1,8,1,41926,634518,1405,124851,5.025646305918134,0.16441413858084805
948,0.1373,1,25,1,41951,634493,1406,124850,5.025448295526549,0.16441845121374662
949,0.1374,0,3,0,41954,634490,1406,124850,5.025424534279559,0.16441910079806146
950,0.1375,12,189,12,42143,634301,1418,124838,5.023927575719174,0.16444682726088372
951,0.1376,0,4,0,42147,634297,1418,124838,5.02389589405652,0.16444769375670995
952,0.1377,0,12,0,42159,634285,1418,124838,5.023800849068559,0.1644502932989779
953,0.1378,0,6,0,42165,634279,1418,124838,5.023753326574579,0.16445159310093174
954,0.1379,0,7,0,42172,634272,1418,124838,5.023697883664934,0.164453109562514
955,0.138,4,51,4,42223,634221,1422,124834,5.0232939424661005,0.1644597558806674
956,0.1381,0,4,0,42227,634217,1422,124834,5.023262260803447,0.1644606225405144
957,0.1382,0,8,0,42235,634209,1422,124834,5.02319889747814,0.1644623558876111
958,0.1383,7,188,7,42423,634021,1429,124827,5.021709859333418,0.16449539301678334
959,0.1384,0,1,0,42424,634020,1429,124827,5.021701938917754,0.1644956097869531
960,0.1385,0,10,0,42434,634010,1429,124827,5.02162273476112,0.16449777752007347
961,0.1386,0,2,0,42436,634008,1429,124827,5.0216068939297935,0.16449821107355353
962,0.1387,0,12,0,42448,633996,1429,124827,5.021511848941833,0.16450081244242729
963,0.1388,0,17,0,42465,633979,1429,124827,5.021377201875555,0.16450449785584195
964,0.1389,0,2,0,42467,633977,1429,124827,5.021361361044228,0.16450493144474726
965,0.139,1,33,1,42500,633944,1430,124826,5.021099987327335,0.16451098488342977
966,0.1392,4,60,4,42560,633884,1434,124822,5.02062476238753,0.16451958993338658
967,0.1393,0,30,0,42590,633854,1434,124822,5.020387149917628,0.16452609546104002
968,0.1394,0,3,0,42593,633851,1434,124822,5.020363388670638,0.16452674604210246
969,0.1395,4,21,4,42614,633830,1438,124818,5.020197059941705,0.16452689521359048
970,0.1396,0,5,0,42619,633825,1438,124818,5.020157457863388,0.16452797956351012
971,0.1397,1,11,1,42630,633814,1439,124817,5.020070333291091,0.16452926389773156
972,0.1398,0,6,0,42636,633808,1439,124817,5.02002281079711,0.16453056516724338
973,0.1399,0,6,0,42642,633802,1439,124817,5.01997528830313,0.16453186645733892
974,0.14,87,2948,87,45590,630854,1526,124730,4.996625902927386,0.16507760884296122
975,0.1401,0,1,0,45591,630853,1526,124730,4.996617982511722,0.16507782732009588
976,0.1402,3,10,3,45601,630843,1529,124727,4.996538778355088,0.16507669706314437
977,0.1403,2,11,2,45612,630832,1531,124725,4.99645165378279,0.16507689029418032
978,0.1404,0,6,0,45618,630826,1531,124725,4.99640413128881,0.1650782012068014
979,0.1405,0,15,0,45633,630811,1531,124725,4.996285325053859,0.16508147857944558
980,0.1406,0,4,0,45637,630807,1531,124725,4.9962536433912055,0.1650823525674624
981,0.1407,6,25,6,45662,630782,1537,124719,4.99605563299962,0.16508118453847181
982,0.1408,4,50,4,45712,630732,1541,124715,4.995659612216449,0.165087689804844
983,0.1409,0,1,0,45713,630731,1541,124715,4.995651691800786,0.16508790833494386
984,0.141,0,43,0,45756,630688,1541,124715,4.995311113927259,0.16509730567657263
985,0.1411,2,10,2,45766,630678,1543,124713,4.995231909770625,0.16509728074599778
986,0.1412,1,7,1,45773,630671,1544,124712,4.995176466860981,0.165097705402425
987,0.1413,0,9,0,45782,630662,1544,124712,4.99510518312001,0.16509967248012242
988,0.1414,2,7,2,45789,630655,1546,124710,4.995049740210367,0.16509899187809868
989,0.1415,0,11,0,45800,630644,1546,124710,4.994962615638069,0.1651013961665656
990,0.1416,0,4,0,45804,630640,1546,124710,4.994930933975415,0.16510227047064274
991,0.1417,4,175,4,45979,630465,1550,124706,4.993544861234318,0.16513610824568212
992,0.1418,2,3,2,45982,630462,1552,124704,4.993521099987327,0.1651345531975751
993,0.1419,0,3,0,45985,630459,1552,124704,4.993497338740337,0.16513520921973138
994,0.142,4,71,4,46056,630388,1556,124700,4.992934989228234,0.1651463140720022
995,0.1421,0,4,0,46060,630384,1556,124700,4.992903307565581,0.1651471889220272
996,0.1422,0,13,0,46073,630371,1556,124700,4.9928003421619565,0.16515003224862299
997,0.1423,0,17,0,46090,630354,1556,124700,4.9926656950956785,0.16515375059267284
998,0.1424,2,8,2,46098,630346,1558,124698,4.992602331770371,0.1651532890798417
999,0.1425,19,206,19,46304,630140,1577,124679,4.990970726143708,0.16517734715209872
1000,0.1426,0,7,0,46311,630133,1577,124679,4.990915283234064,0.16517887897913652
1001,0.1427,2,24,2,46335,630109,1579,124677,4.990725193258142,0.16518191911349708
1002,0.1428,1,8,1,46343,630101,1580,124676,4.990661829932835,0.16518256385660932
1003,0.1429,2,9,2,46352,630092,1582,124674,4.990590546191864,0.16518232140822453
1004,0.143,1,22,1,46374,630070,1583,124673,4.990416297047269,0.16518603021160846
1005,0.1431,0,6,0,46380,630064,1583,124673,4.990368774553288,0.16518734340571617
1006,0.1432,3,20,3,46400,630044,1586,124670,4.99021036624002,0.16518840249418984
1007,0.1433,21,437,21,46837,629607,1607,124649,4.986749144595108,0.16526086633715872
1008,0.1434,0,3,0,46840,629604,1607,124649,4.986725383348118,0.1652615236532039
1009,0.1435,0,25,0,46865,629579,1607,124649,4.986527372956533,0.16526700149026555
1010,0.1436,0,4,0,46869,629575,1607,124649,4.986495691293879,0.16526787797789516
1011,0.1437,1,13,1,46882,629562,1608,124648,4.986392725890255,0.16526961986714575
1012,0.1438,0,11,0,46893,629551,1608,124648,4.986305601317957,0.16527203032621363
1013,0.1439,1,3,1,46896,629548,1609,124647,4.9862818400709665,0.1652715809571795
1014,0.144,3,79,3,46975,629469,1612,124644,4.9856561272335576,0.16528557391266296
1015,0.1441,0,3,0,46978,629466,1612,124644,4.985632365986567,0.16528623145164498
1016,0.1442,4,54,4,47032,629412,1616,124640,4.985204663540743,0.16529364022640347
1017,0.1443,2,27,2,47059,629385,1618,124638,4.984990812317831,0.165297345041199
1018,0.1444,0,1,0,47060,629384,1618,124638,4.984982891902167,0.16529756426205072
1019,0.1445,3,14,3,47074,629370,1621,124635,4.984872006082879,0.1652973123520401
1020,0.1446,1,3,1,47077,629367,1622,124634,4.984848244835889,0.16529686300150795
1021,0.1447,1,7,1,47084,629360,1623,124633,4.984792801926245,0.16529729055840042
1022,0.1448,2,16,2,47100,629344,1625,124631,4.984666075275631,0.16529858417056267
1023,0.1449,1,1,1,47101,629343,1626,124630,4.984658154859967,0.1652976963366062
1024,0.145,29,803,29,47904,628540,1655,124601,4.978298061082246,0.1654417964232461
1025,0.1451,0,1,0,47905,628539,1655,124601,4.978290140666582,0.16544201609262554
1026,0.1452,0,14,0,47919,628525,1655,124601,4.978179254847294,0.16544509152518969
1027,0.1453,0,16,0,47935,628509,1655,124601,4.97805252819668,0.1654486064452736
1028,0.1455,0,7,0,47942,628502,1655,124601,4.977997085287035,0.16545014426977453
1029,0.1456,0,1,0,47943,628501,1655,124601,4.9779891648713726,0.16545036396132265
1030,0.1457,2,37,2,47980,628464,1657,124599,4.977696109491826,0.1654562765665024
1031,0.1458,2,76,2,48056,628388,1659,124597,4.977094157901407,0.16547075970968878
1032,0.1459,0,1,0,48057,628387,1659,124597,4.977086237485743,0.16547097946304304
1033,0.146,5,89,5,48146,628298,1664,124592,4.9763813204917,0.1654849978084448
1034,0.1461,0,6,0,48152,628292,1664,124592,4.976333797997719,0.16548631661716812
1035,0.1462,0,20,0,48172,628272,1664,124592,4.9761753896844505,0.1654907127980618
1036,0.1463,1,10,1,48182,628262,1665,124591,4.976096185527816,0.16549180251656034
1037,0.1464,0,7,0,48189,628255,1665,124591,4.9760407426181725,0.16549334126766962
1038,0.1465,0,13,0,48202,628242,1665,124591,4.975937777214548,0.1654961990242192
1039,0.1466,0,2,0,48204,628240,1665,124591,4.975921936383221,0.165496638687833
1040,0.1467,17,379,17,48583,627861,1682,124574,4.972920098846788,0.16556114481649578
1041,0.1468,0,7,0,48590,627854,1682,124574,4.972864655937143,0.16556268506754135
1042,0.1469,0,3,0,48593,627851,1682,124574,4.972840894690154,0.16556334518390536
1043,0.147,2,32,2,48625,627819,1684,124572,4.972587441388924,0.16556816867825372
1044,0.1471,1,10,1,48635,627809,1685,124571,4.97250823723229,0.16556926021425344
1045,0.1472,0,6,0,48641,627803,1685,124571,4.972460714738309,0.16557058058890925
1046,0.1473,1,33,1,48674,627770,1686,124570,4.972199341021417,0.16557673392349204
1047,0.1474,1,7,1,48681,627763,1687,124569,4.9721438981117725,0.16557716540038175
1048,0.1475,7,183,7,48864,627580,1694,124562,4.970694462045368,0.16560968540514956
1049,0.1476,0,6,0,48870,627574,1694,124562,4.970646939551387,0.16561100652009744
1050,0.1477,0,13,0,48883,627561,1694,124562,4.9705439741477635,0.16561386900812766
1051,0.1478,1,11,1,48894,627550,1695,124561,4.9704568495754655,0.16561518180162238
1052,0.1479,3,10,3,48904,627540,1698,124558,4.970377645418831,0.1656140556150927
1053,0.148,1,60,1,48964,627480,1699,124557,4.969902420479027,0.16562615935120215
1054,0.1481,2,0,2,48964,627480,1701,124555,4.969902420479027,0.16562394037511552
1055,0.1482,0,9,0,48973,627471,1701,124555,4.969831136738056,0.1656259225079984
1056,0.1483,11,190,11,49163,627281,1712,124544,4.9683262577620075,0.16565557144282247
1057,0.1484,0,2,0,49165,627279,1712,124544,4.968310416930681,0.16565601211987396
1058,0.1485,1,10,1,49175,627269,1713,124543,4.968231212774047,0.16565710576580314
1059,0.1486,0,10,0,49185,627259,1713,124543,4.9681520086174125,0.16565930923301614
1060,0.1487,0,26,0,49211,627233,1713,124543,4.967946077810163,0.16566503852211298
1061,0.1488,0,4,0,49215,627229,1713,124543,4.96791439614751,0.16566591998637886
1062,0.1489,0,1,0,49216,627228,1713,124543,4.967906475731846,0.16566614035391097
1063,0.149,5,44,5,49260,627184,1718,124538,4.967557977442656,0.16567028768613928
1064,0.1491,0,2,0,49262,627182,1718,124538,4.967542136611329,0.1656707284627255
1065,0.1492,3,61,3,49323,627121,1721,124535,4.967058991255861,0.1656808433645178
1066,0.1493,1,27,1,49350,627094,1722,124534,4.966845140032949,0.16568568493989047
1067,0.1494,0,5,0,49355,627089,1722,124534,4.966805537954632,0.1656867871259927
1068,0.1495,0,11,0,49366,627078,1722,124534,4.966718413382334,0.16568921198703587
1069,0.1496,0,3,0,49369,627075,1722,124534,4.966694652135344,0.16568987332509325
1070,0.1497,0,11,0,49380,627064,1722,124534,4.966607527563046,0.16569229827647225
1071,0.1498,0,9,0,49389,627055,1722,124534,4.966536243822076,0.16569428238039674
1072,0.15,118,3172,118,52561,623883,1840,124416,4.941412685337727,0.1662650892223563
1073,0.1501,2,2,2,52563,623881,1842,124414,4.9413968445064,0.1662633052472621
1074,0.1502,0,8,0,52571,623873,1842,124414,4.9413334811810925,0.16626508278240834
1075,0.1503,2,22,2,52593,623851,1844,124412,4.941159232036497,0.16626774275889628
1076,0.1504,0,6,0,52599,623845,1844,124412,4.9411117095425166,0.166269075999289
1077,0.1505,0,12,0,52611,623833,1844,124412,4.941016664554556,0.16627174254422014
1078,0.1506,0,6,0,52617,623827,1844,124412,4.940969142060576,0.16627307584875956
1079,0.1507,2,33,2,52650,623794,1846,124410,4.940707768343683,0.16627818081699644
1080,0.1508,1,61,1,52711,623733,1847,124409,4.9402246229882145,0.16629062397245442
1081,0.1509,0,5,0,52716,623728,1847,124409,4.940185020909897,0.1662917353372444
1082,0.151,1,51,1,52767,623677,1848,124408,4.9397810797110635,0.1663019576652386
1083,0.1511,1,8,1,52775,623669,1849,124407,4.939717716385756,0.16630262165876195
1084,0.1512,0,11,0,52786,623658,1849,124407,4.939630591813458,0.16630506707304846
1085,0.1513,0,21,0,52807,623637,1849,124407,4.939464263084527,0.16630973579094277
1086,0.1514,0,6,0,52813,623631,1849,124407,4.939416740590546,0.1663110697584882
1087,0.1515,0,10,0,52823,623621,1849,124407,4.9393375364339125,0.16631329308528559
1088,0.1516,0,1,0,52824,623620,1849,124407,4.939329616018249,0.1663135154212348
1089,0.1517,6,208,6,53032,623412,1855,124401,4.937682169560259,0.16635308559760262
1090,0.1518,2,3,2,53035,623409,1857,124399,4.937658408313268,0.16635152338568188
1091,0.1519,0,3,0,53038,623406,1857,124399,4.937634647066278,0.16635219074491345
1092,0.152,1,57,1,53095,623349,1858,124398,4.937183183373463,0.1663637567252025
1093,0.1521,0,8,0,53103,623341,1858,124398,4.9371198200481565,0.16636553663778403
1094,0.1522,0,4,0,53107,623337,1858,124398,4.937088138385502,0.16636642660835724
1095,0.1523,2,17,2,53124,623320,1860,124396,4.936953491319224,0.16636797928625308
1096,0.1524,0,3,0,53127,623317,1860,124396,4.936929730072234,0.16636864679362268
1097,0.1525,10,206,10,53333,623111,1870,124386,4.935298124445571,0.16640334342478966
1098,0.1526,0,1,0,53334,623110,1870,124386,4.935290204029908,0.16640356603914938
1099,0.1527,1,26,1,53360,623084,1871,124385,4.9350842732226585,0.1664082390038918
1100,0.1528,0,4,0,53364,623080,1871,124385,4.935052591560005,0.16640912952445933
1101,0.1529,0,12,0,53376,623068,1871,124385,4.934957546572044,0.16641180114334947
1102,0.153,1,31,1,53407,623037,1872,124384,4.934712013686478,0.16641758794574946
1103,0.1531,0,3,0,53410,623034,1872,124384,4.934688252439488,0.16641825591569911
1104,0.1532,0,8,0,53418,623026,1872,124384,4.934624889114181,0.16642003719511378
1105,0.1533,18,442,18,53860,622584,1890,124366,4.931124065390952,0.16649842693620726
1106,0.1534,0,4,0,53864,622580,1890,124366,4.9310923837282985,0.16649931855850356
1107,0.1535,1,23,1,53887,622557,1891,124365,4.93091021416804,0.16650332966494494
1108,0.1536,0,1,0,53888,622556,1891,124365,4.930902293752376,0.16650355258454375
1109,0.1537,1,23,1,53911,622533,1892,124364,4.930720124192118,0.16650756396129587
1110,0.1538,2,14,2,53925,622519,1894,124362,4.9306092383728295,0.16650845315384913
1111,0.1539,0,2,0,53927,622517,1894,124362,4.930593397541503,0.16650889903183783
1112,0.154,5,95,5,54022,622422,1899,124357,4.929840958053479,0.16652450055505041
1113,0.1541,0,3,0,54025,622419,1899,124357,4.929817196806488,0.16652516952874757
1114,0.1542,2,60,2,54085,622359,1901,124355,4.929341971866684,0.16653631778699743
1115,0.1543,1,18,1,54103,622341,1902,124354,4.929199404384742,0.1665392161458159
1116,0.1544,1,7,1,54110,622334,1903,124353,4.9291439614750985,0.16653966119672634
1117,0.1545,3,15,3,54125,622319,1906,124350,4.929025155240147,0.1665396581349969
1118,0.1546,2,2,2,54127,622317,1908,124348,4.9290093144088205,0.16653787173632084
1119,0.1547,4,13,4,54140,622304,1912,124344,4.928906349005196,0.16653630626479948
1120,0.1548,2,15,2,54155,622289,1914,124342,4.928787542770245,0.16653741942137415
1121,0.1549,0,4,0,54159,622285,1914,124342,4.928755861107591,0.16653831163351981
1122,0.155,42,881,42,55040,621404,1956,124300,4.921777974908123,0.16668812290131205
1123,0.1551,0,2,0,55042,621402,1956,124300,4.921762134076796,0.16668856996494577
1124,0.1552,0,3,0,55045,621399,1956,124300,4.9217383728298065,0.16668924056489282
1125,0.1553,2,15,2,55060,621384,1958,124298,4.921619566594855,0.16669035862472206
1126,0.1554,0,5,0,55065,621379,1958,124298,4.921579964516538,0.16669147633626893
1127,0.1555,0,12,0,55077,621367,1958,124298,4.921484919528577,0.16669415890513836
1128,0.1556,0,8,0,55085,621359,1958,124298,4.92142155620327,0.16669594733235255
1129,0.1557,1,36,1,55121,621323,1959,124297,4.921136421239386,0.16670287814168075
1130,0.1558,4,70,4,55191,621253,1963,124293,4.920581992142948,0.16671405922639246
1131,0.156,5,86,5,55277,621167,1968,124288,4.919900836395894,0.16672770321481512
1132,0.1561,1,4,1,55281,621163,1969,124287,4.919869154733241,0.16672748004561003
1133,0.1562,0,15,0,55296,621148,1969,124287,4.919750348498289,0.16673083501579614
1134,0.1563,0,13,0,55309,621135,1969,124287,4.919647383094665,0.1667337427658427
1135,0.1564,1,8,1,55317,621127,1970,124286,4.919584019769357,0.16673441434479946
1136,0.1565,0,20,0,55337,621107,1970,124286,4.919425611456089,0.1667388880764912
1137,0.1566,1,5,1,55342,621102,1971,124285,4.919386009377772,0.16673888865783815
1138,0.1567,21,436,21,55778,620666,1992,124264,4.915932708148524,0.16681298913991918
1139,0.1568,0,6,0,55784,620660,1992,124264,4.915885185654544,0.16681433273729937
1140,0.1569,0,3,0,55787,620657,1992,124264,4.915861424407553,0.16681500454410603
1141,0.157,0,35,0,55822,620622,1992,124264,4.915584209859333,0.16682284269002237
1142,0.1571,1,9,1,55831,620613,1993,124263,4.915512926118363,0.16682373979024698
1143,0.1572,2,10,2,55841,620603,1995,124261,4.915433721961729,0.1668237423207458
1144,0.1573,1,25,1,55866,620578,1996,124260,4.915235711570143,0.1668282230498444
1145,0.1574,1,6,1,55872,620572,1997,124259,4.915188189076162,0.16682844833257476
1146,0.1575,17,203,17,56075,620369,2014,124242,4.91358034469649,0.16685490813324005
1147,0.1576,0,5,0,56080,620364,2014,124242,4.9135407426181725,0.1668560285573847
1148,0.1577,1,24,1,56104,620340,2015,124241,4.913350652642251,0.1668602878665988
1149,0.1578,2,13,2,56117,620327,2017,124239,4.913247687238626,0.16686096329942543
1150,0.1579,2,8,2,56125,620319,2019,124237,4.913184323913319,0.16686051821488243
1151,0.158,7,43,7,56168,620276,2026,124230,4.912843746039792,0.16686232213037908
1152,0.1581,1,1,1,56169,620275,2027,124229,4.9128358256241285,0.16686142720522656
1153,0.1582,0,5,0,56174,620270,2027,124229,4.912796223545811,0.1668625478341811
1154,0.1583,15,233,15,56407,620037,2042,124214,4.910950766696236,0.166897995434336
1155,0.1584,0,4,0,56411,620033,2042,124214,4.910919085033583,0.1668988924375913
1156,0.1585,0,19,0,56430,620014,2042,124214,4.910768597135978,0.16690315333473074
1157,0.1586,0,6,0,56436,620008,2042,124214,4.910721074641997,0.1669044989263956
1158,0.1587,2,23,2,56459,619985,2044,124212,4.910538905081738,0.16690741833143644
1159,0.1588,1,9,1,56468,619976,2045,124211,4.910467621340768,0.16690831739871834
1160,0.1589,1,9,1,56477,619967,2046,124210,4.910396337599797,0.16690921649016296
1161,0.159,4,37,4,56514,619930,2050,124206,4.910103282220251,0.16691303740176527
1162,0.1592,3,64,3,56578,619866,2053,124203,4.9095963756177925,0.16692403527092245
1163,0.1593,0,29,0,56607,619837,2053,124203,4.909366683563554,0.1669305413687436
1164,0.1594,0,4,0,56611,619833,2053,124203,4.909335001900899,0.1669314388013483
1165,0.1595,1,18,1,56629,619815,2054,124202,4.909192434418959,0.16693435768268736
1166,0.1596,0,4,0,56633,619811,2054,124202,4.909160752756304,0.16693525516355226
1167,0.1597,1,11,1,56644,619800,2055,124201,4.909073628184007,0.1669366035798339
1168,0.1598,1,13,1,56657,619787,2056,124200,4.908970662780383,0.1669384008053904
1169,0.1599,1,7,1,56664,619780,2057,124199,4.908915219870739,0.16693885176866552
1170,0.16,112,3156,112,59820,616624,2169,124087,4.883918388037004,0.16752417609567025
1171,0.1601,0,1,0,59821,616623,2169,124087,4.883910467621341,0.1675244022626939
1172,0.1602,0,8,0,59829,616615,2169,124087,4.883847104296033,0.16752621162086778
1173,0.1603,1,11,1,59840,616604,2170,124086,4.883759979723736,0.16752757563893125
1174,0.1604,0,5,0,59845,616599,2170,124086,4.883720377645419,0.16752870653516677
1175,0.1605,0,19,0,59864,616580,2170,124086,4.883569889747814,0.16753300408011168
1176,0.1606,0,1,0,59865,616579,2170,124086,4.883561969332151,0.1675332302727954
1177,0.1607,5,51,5,59916,616528,2175,124081,4.883158028133316,0.167539146837265
1178,0.1608,2,84,2,60000,616444,2177,124079,4.88249271321759,0.16755590305770382
1179,0.161,1,35,1,60035,616409,2178,124078,4.88221549866937,0.16756269860240625
1180,0.1611,0,1,0,60036,616408,2178,124078,4.882207578253706,0.16756292488986962
1181,0.1612,1,23,1,60059,616385,2179,124077,4.8820254086934485,0.16756700546415615
1182,0.1613,0,18,0,60077,616367,2179,124077,4.881882841211507,0.1675710789742371
1183,0.1614,0,7,0,60084,616360,2179,124077,4.881827398301863,0.16757266317053307
1184,0.1615,2,23,2,60107,616337,2181,124075,4.881645228741604,0.1675756200601827
1185,0.1617,11,227,11,60334,616110,2192,124064,4.87984729438601,0.16761464196256556
1186,0.1618,0,8,0,60342,616102,2192,124064,4.879783931060702,0.16761645360635316
1187,0.1619,1,3,1,60345,616099,2193,124063,4.879760169813712,0.16761600838735305
1188,0.162,7,70,7,60415,616029,2200,124056,4.879205740717273,0.167623989136383
1189,0.1621,0,9,0,60424,616020,2200,124056,4.879134456976302,0.1676260275971657
1190,0.1622,0,7,0,60431,616013,2200,124056,4.879079014066658,0.1676276131009406
1191,0.1623,0,20,0,60451,615993,2200,124056,4.87892060575339,0.1676321432769992
1192,0.1624,0,5,0,60456,615988,2200,124056,4.8788810036750725,0.16763327585927323
1193,0.1625,11,221,11,60677,615767,2211,124045,4.877130591813458,0.16767097586954524
1194,0.1626,1,3,1,60680,615764,2212,124044,4.877106830566468,0.16767053073229812
1195,0.1627,1,25,1,60705,615739,2213,124043,4.876908820174883,0.1676750718454896
1196,0.1628,1,7,1,60712,615732,2214,124042,4.876853377265239,0.16767553333856017
1197,0.1629,0,18,0,60730,615714,2214,124042,4.876710809783297,0.16767961327789163
1198,0.163,0,21,0,60751,615693,2214,124042,4.876544481054366,0.1676843734580627
1199,0.1631,0,9,0,60760,615684,2214,124042,4.876473197313395,0.1676864136180153
1200,0.1632,1,13,1,60773,615671,2215,124041,4.876370231909771,0.16768823542135317
1201,0.1633,35,487,35,61260,615184,2250,124006,4.872512989481688,0.1677593041031399
1202,0.1634,0,1,0,61261,615183,2250,124006,4.872505069066024,0.1677595310536277
1203,0.1635,1,20,1,61281,615163,2251,124005,4.872346660752756,0.1677629442833023
1204,0.1636,0,2,0,61283,615161,2251,124005,4.872330819921429,0.16776339820825092
1205,0.1637,1,13,1,61296,615148,2252,124004,4.8722278545178055,0.16776522284996861
1206,0.1638,0,14,0,61310,615134,2252,124004,4.872116968698517,0.16776840048813618
1207,0.1639,2,7,2,61317,615127,2254,124002,4.872061525788873,0.16776773743149032
1208,0.164,2,105,2,61422,615022,2256,124000,4.871229882144215,0.16778932156282222
1209,0.1641,0,1,0,61423,615021,2256,124000,4.871221961728551,0.16778954860552
1210,0.1642,7,69,7,61492,614952,2263,123993,4.870675453047776,0.1677973326837586
1211,0.1643,2,33,2,61525,614919,2265,123991,4.870414079330883,0.16780257406179372
1212,0.1644,1,6,1,61531,614913,2266,123990,4.870366556836903,0.16780281038241826
1213,0.1645,2,9,2,61540,614904,2268,123988,4.870295273095932,0.16780260173340625
1214,0.1646,0,2,0,61542,614902,2268,123988,4.8702794322646055,0.16780305593525424
1215,0.1647,0,13,0,61555,614889,2268,123988,4.870176466860981,0.16780600830720133
1216,0.1648,1,14,1,61569,614875,2269,123987,4.870065581041693,0.1678080615866021
1217,0.1649,0,2,0,61571,614873,2269,123987,4.870049740210367,0.16780851582167122
1218,0.165,52,978,52,62549,613895,2321,123935,4.862303573691547,0.167972297141618
1219,0.1651,0,2,0,62551,613893,2321,123935,4.862287732860221,0.16797275245721224
1220,0.1652,0,10,0,62561,613883,2321,123935,4.8622085287035866,0.1679750290722102
1221,0.1653,1,23,1,62584,613860,2322,123934,4.862026359143328,0.16797913780811446
1222,0.1654,0,3,0,62587,613857,2322,123934,4.862002597896337,0.16797982084357224
1223,0.1655,0,12,0,62599,613845,2322,123934,4.861907552908376,0.16798255304095128
1224,0.1656,0,2,0,62601,613843,2322,123934,4.86189171207705,0.16798300841582212
1225,0.1657,4,19,4,62620,613824,2326,123930,4.861741224179445,0.16798282354280694
1226,0.1658,3,85,3,62705,613739,2329,123927,4.861067988848054,0.1679987962031597
1227,0.166,3,90,3,62795,613649,2332,123924,4.860355151438347,0.1680159116453558
1228,0.1661,0,2,0,62797,613647,2332,123924,4.860339310607021,0.16801636723786592
1229,0.1662,0,24,0,62821,613623,2332,123924,4.860149220631099,0.168021834540714
1230,0.1663,1,15,1,62836,613608,2333,123923,4.860030414396148,0.16802412373174822
1231,0.1664,0,5,0,62841,613603,2333,123923,4.859990812317831,0.16802526283819147
1232,0.1665,0,14,0,62855,613589,2333,123923,4.859879926498543,0.16802845241840134
1233,0.1666,1,5,1,62860,613584,2334,123922,4.859840324420226,0.16802846349724612
1234,0.1667,19,470,19,63330,613114,2353,123903,4.856117729058421,0.16811416832990284
1235,0.1668,0,10,0,63340,613104,2353,123903,4.856038524901787,0.16811644936886624
1236,0.1669,0,2,0,63342,613102,2353,123903,4.85602268407046,0.16811690558408696
1237,0.167,3,41,3,63383,613061,2356,123900,4.85569794702826,0.16812287217369712
1238,0.1671,0,15,0,63398,613046,2356,123900,4.855579140793309,0.16812629419251884
1239,0.1672,1,11,1,63409,613035,2357,123899,4.855492016221011,0.16812767493425462
1240,0.1673,3,36,3,63445,612999,2360,123896,4.8552068812571285,0.1681325019168267
1241,0.1674,0,3,0,63448,612996,2360,123896,4.855183120010138,0.16813318640994881
1242,0.1675,16,226,16,63674,612770,2376,123880,4.8533931060702065,0.16816670060408606
1243,0.1676,1,7,1,63681,612763,2377,123879,4.853337663160563,0.16816716939843235
1244,0.1677,1,33,1,63714,612730,2378,123878,4.85307628944367,0.1681735740040836
1245,0.1678,0,10,0,63724,612720,2378,123878,4.852997085287035,0.16817585711609317
1246,0.1679,0,7,0,63731,612713,2378,123878,4.852941642377392,0.16817745533138473
1247,0.168,3,55,3,63786,612658,2381,123875,4.852506019515904,0.16818662571806015
1248,0.1681,3,8,3,63794,612650,2384,123872,4.852442656190597,0.16818506439726172
1249,0.1682,1,6,1,63800,612644,2385,123871,4.852395133696616,0.1681853051193798
1250,0.1683,15,263,15,64063,612381,2400,123856,4.850312064377139,0.1682284373102683
1251,0.1684,0,3,0,64066,612378,2400,123856,4.8502883031301485,0.16822912280606436
1252,0.1685,0,24,0,64090,612354,2400,123856,4.850098213154227,0.16823460697355375
1253,0.1686,0,6,0,64096,612348,2400,123856,4.850050690660246,0.16823597807129545
1254,0.1687,1,17,1,64113,612331,2401,123855,4.849916043593968,0.16823873314624294
1255,0.1688,1,18,1,64131,612313,2402,123854,4.849773476112026,0.16824171689304193
1256,0.1689,0,1,0,64132,612312,2402,123854,4.849765555696363,0.168241945430786
1257,0.169,4,64,4,64196,612248,2406,123850,4.849258649093905,0.16825205339506424
1258,0.1691,0,2,0,64198,612246,2406,123850,4.849242808262578,0.16825251054210322
1259,0.1692,2,64,2,64262,612182,2408,123848,4.8487359016601195,0.168264880507588
1260,0.1693,0,28,0,64290,612154,2408,123848,4.8485141300215435,0.16827128187151666
1261,0.1694,0,2,0,64292,612152,2408,123848,4.848498289190217,0.16827173913043478
1262,0.1695,2,22,2,64314,612130,2410,123846,4.848324040045622,0.16827450895137885
1263,0.1696,0,11,0,64325,612119,2410,123846,4.848236915473324,0.16827702404326292
1264,0.1697,0,18,0,64343,612101,2410,123846,4.848094347991383,0.1682811398103396
1265,0.1698,1,11,1,64354,612090,2411,123845,4.848007223419085,0.16828252495125248
1266,0.1699,1,7,1,64361,612083,2412,123844,4.847951780509441,0.16828299546014755
1267,0.17,130,3292,130,67653,608791,2542,123714,4.821877772145482,0.16889167992027357
1268,0.1701,1,0,1,67653,608791,2543,123713,4.821877772145482,0.16889054530760242
1269,0.1702,0,18,0,67671,608773,2543,123713,4.821735204663541,0.16889469559827763
1270,0.1703,2,21,2,67692,608752,2545,123711,4.821568875934609,0.16889726853097017
1271,0.1704,0,5,0,67697,608747,2545,123711,4.821529273856292,0.16889842147945686
1272,0.1705,0,12,0,67709,608735,2545,123711,4.821434228868331,0.16890118862004844
1273,0.1706,2,4,2,67713,608731,2547,123709,4.821402547205677,0.16889984162525257
1274,0.1707,2,32,2,67745,608699,2549,123707,4.821149093904448,0.16890495162519148
1275,0.1708,2,75,2,67820,608624,2551,123705,4.820555062729692,0.16891997995436478
1276,0.1709,0,3,0,67823,608621,2551,123705,4.820531301482702,0.16892067194118465
1277,0.171,1,36,1,67859,608585,2552,123704,4.820246166518819,0.1689278413304037
1278,0.1711,0,5,0,67864,608580,2552,123704,4.820206564440502,0.16892899476159523
1279,0.1712,0,12,0,67876,608568,2552,123704,4.820111519452541,0.1689317630607206
1280,0.1713,1,38,1,67914,608530,2553,123703,4.819810543657331,0.16893939497400418
1281,0.1714,2,16,2,67930,608514,2555,123701,4.819683817006717,0.16894081656344107
1282,0.1715,1,28,1,67958,608486,2556,123700,4.819462045368141,0.16894614210050451
1283,0.1716,0,1,0,67959,608485,2556,123700,4.819454124952477,0.16894637284292904
1284,0.1717,10,233,10,68192,608252,2566,123690,4.817608668102902,0.16898879965898939
1285,0.1718,0,10,0,68202,608242,2566,123690,4.817529463946268,0.16899110846362778
1286,0.1719,1,6,1,68208,608236,2567,123689,4.817481941452288,0.1689913584042081
1287,0.172,4,75,4,68283,608161,2571,123685,4.816887910277531,0.16900413474966045
1288,0.1721,0,3,0,68286,608158,2571,123685,4.8168641490305415,0.16900482753814686
1289,0.1722,2,16,2,68302,608142,2573,123683,4.816737422379926,0.16900625149455129
1290,0.1723,3,33,3,68335,608109,2576,123680,4.816476048663034,0.16901046613163084
1291,0.1724,0,3,0,68338,608106,2576,123680,4.816452287416044,0.16901115900003552
1292,0.1725,9,243,9,68581,607863,2585,123671,4.814527626409834,0.16905707731971445
1293,0.1726,1,10,1,68591,607853,2586,123670,4.8144484222532,0.1690582524404564
1294,0.1727,3,30,3,68621,607823,2589,123667,4.814210809783297,0.16906177801473704
1295,0.1728,0,8,0,68629,607815,2589,123667,4.81414744645799,0.169063626992872
1296,0.1729,1,14,1,68643,607801,2590,123666,4.814036560638702,0.16906572682021198
1297,0.173,2,35,2,68678,607766,2592,123664,4.813759346090483,0.1690715447821391
1298,0.1731,0,8,0,68686,607758,2592,123664,4.813695982765175,0.1690733940187744
1299,0.1732,1,13,1,68699,607745,2593,123663,4.813593017361551,0.1690752630542734
1300,0.1733,27,513,27,69212,607232,2620,123636,4.80952984412622,0.1691632415155678
1301,0.1734,0,2,0,69214,607230,2620,123636,4.809514003294893,0.16916370442735057
1302,0.1735,1,23,1,69237,607207,2621,123635,4.8093318337346345,0.1691678912815629
1303,0.1736,0,2,0,69239,607205,2621,123635,4.809315992903308,0.16916835422253845
1304,0.1737,4,17,4,69256,607188,2625,123631,4.80918134583703,0.1691677419443118
1305,0.1738,2,6,2,69262,607182,2627,123629,4.809133823343049,0.1691668570943787
1306,0.1739,0,4,0,69266,607178,2627,123629,4.809102141680396,0.16916778301247798
1307,0.174,5,101,5,69367,607077,2632,123624,4.808302179698391,0.16918548079173287
1308,0.1741,1,4,1,69371,607073,2633,123623,4.8082704980357365,0.16918526993441868
1309,0.1742,5,67,5,69438,607006,2638,123618,4.807739830186288,0.16919509898388227
1310,0.1743,1,27,1,69465,606979,2639,123617,4.807525978963376,0.16920021461929713
1311,0.1744,0,10,0,69475,606969,2639,123617,4.807446774806742,0.16920253057134957
1312,0.1745,1,19,1,69494,606950,2640,123616,4.807296286909137,0.16920579386393564
1313,0.1746,1,6,1,69500,606944,2641,123615,4.8072487644151565,0.16920604632890704
1314,0.1747,5,16,5,69516,606928,2646,123610,4.807122037764542,0.1692040660444768
1315,0.1748,1,15,1,69531,606913,2647,123609,4.807003231529591,0.1692064030925831
1316,0.1749,0,1,0,69532,606912,2647,123609,4.806995311113927,0.16920663471686645
1317,0.175,42,999,42,70531,605913,2689,123567,4.799082815866177,0.1693905247573614
1318,0.1751,0,4,0,70535,605909,2689,123567,4.799051134203523,0.16939145359134503
1319,0.1752,1,19,1,70554,605890,2690,123566,4.798900646305918,0.16939472702945757
1320,0.1753,1,15,1,70569,605875,2691,123565,4.7987818400709665,0.16939707172625576
1321,0.1754,0,4,0,70573,605871,2691,123565,4.798750158408313,0.16939800064707528
1322,0.1755,1,10,1,70583,605861,2692,123564,4.798670954251679,0.16939918428899475
1323,0.1756,0,4,0,70587,605857,2692,123564,4.798639272589026,0.16940011324050172
1324,0.1757,5,38,5,70625,605819,2697,123559,4.7983382967938155,0.1694032449566617
1325,0.1758,2,91,2,70716,605728,2699,123557,4.797617538968445,0.16942210521263978
1326,0.1759,0,7,0,70723,605721,2699,123557,4.797562096058801,0.1694237314165517
1327,0.176,3,96,3,70819,605625,2702,123554,4.796801736155113,0.1694426197134037
1328,0.1761,0,2,0,70821,605623,2702,123554,4.7967858953237865,0.1694430844637173
1329,0.1762,0,19,0,70840,605604,2702,123554,4.796635407426182,0.1694474997188538
1330,0.1763,2,13,2,70853,605591,2704,123552,4.796532442022557,0.16944824266296185
1331,0.1764,0,6,0,70859,605585,2704,123552,4.796484919528577,0.16944963703666116
1332,0.1765,1,14,1,70873,605571,2705,123551,4.796374033709289,0.16945175155872405
1333,0.1766,1,3,1,70876,605568,2706,123550,4.796350272462298,0.1694513096645536
1334,0.1767,23,544,23,71420,605024,2729,123527,4.7920415663414015,0.16955161683945255
1335,0.1768,0,11,0,71431,605013,2729,123527,4.7919544417691045,0.16955417684684437
1336,0.1769,1,9,1,71440,605004,2730,123526,4.791883158028133,0.16955513156630475
1337,0.177,0,43,0,71483,604961,2730,123526,4.791542580154607,0.16956513980345567
1338,0.1771,1,11,1,71494,604950,2731,123525,4.791455455582309,0.16956656028003705
1339,0.1772,1,11,1,71505,604939,2732,123524,4.791368331010012,0.16956798080341762
1340,0.1773,1,25,1,71530,604914,2733,123523,4.791170320618426,0.16957266036733445
1341,0.1774,0,1,0,71531,604913,2733,123523,4.791162400202762,0.16957289315739474
1342,0.1775,10,224,10,71755,604689,2743,123513,4.7893882270941575,0.16961365115723384
1343,0.1776,0,8,0,71763,604681,2743,123513,4.789324863768851,0.16961551454694765
1344,0.1777,1,30,1,71793,604651,2744,123512,4.789087251298948,0.1696213622499358
1345,0.1778,1,9,1,71802,604642,2745,123511,4.789015967557978,0.1696223183863831
1346,0.1779,1,11,1,71813,604631,2746,123510,4.78892884298568,0.16962374045686207
1347,0.178,2,59,2,71872,604572,2748,123508,4.788461538461538,0.16963520492253598
1348,0.1781,1,6,1,71878,604566,2749,123507,4.788414015967558,0.16963546237808572
1349,0.1782,0,13,0,71891,604553,2749,123507,4.788311050563934,0.16963849133313189
1350,0.1783,19,266,19,72157,604287,2768,123488,4.786204219997465,0.16967881556799835
1351,0.1784,0,2,0,72159,604285,2768,123488,4.786188379166139,0.1696792818639878
1352,0.1785,1,15,1,72174,604270,2769,123487,4.786069572931187,0.1696816382391375
1353,0.1786,0,8,0,72182,604262,2769,123487,4.78600620960588,0.1696835035156352
1354,0.1787,2,19,2,72201,604243,2771,123485,4.785855721708275,0.16968565178198447
1355,0.1788,0,23,0,72224,604220,2771,123485,4.785673552148017,0.16969101490301702
1356,0.1789,2,5,2,72229,604215,2773,123483,4.7856339500697,0.1696898988316582
1357,0.179,4,69,4,72298,604146,2777,123479,4.785087441388924,0.16970142587184334
1358,0.1792,2,69,2,72367,604077,2779,123477,4.784540932708149,0.16971523763184587
1359,0.1793,2,43,2,72410,604034,2781,123475,4.7842003548346215,0.1697229862448437
1360,0.1794,0,4,0,72414,604030,2781,123475,4.784168673171968,0.1697239194232342
1361,0.1795,0,17,0,72431,604013,2781,123475,4.78403402610569,0.16972788554587842
1362,0.1796,0,8,0,72439,604005,2781,123475,4.783970662780383,0.1697297520206741
1363,0.1797,0,15,0,72454,603990,2781,123475,4.783851856545431,0.1697332517715629
1364,0.1798,0,13,0,72467,603977,2781,123475,4.783748891141807,0.16973628500574608
1365,0.1799,0,5,0,72472,603972,2781,123475,4.7837092890634905,0.16973745166314522
1366,0.18,178,3491,178,75963,600481,2959,123297,4.756059117982511,0.1703519587497824
1367,0.1801,0,6,0,75969,600475,2959,123297,4.756011595488531,0.170353370951073
1368,0.1802,2,11,2,75980,600464,2961,123295,4.755924470916233,0.1703536674500766
1369,0.1803,4,26,4,76006,600438,2965,123291,4.755718540108985,0.1703552020162243
1370,0.1804,1,4,1,76010,600434,2966,123290,4.755686858446332,0.17035499720888073
1371,0.1805,0,17,0,76027,600417,2966,123290,4.755552211380053,0.1703589988766172
1372,0.1806,0,9,0,76036,600408,2966,123290,4.755480927639082,0.17036111748270688
1373,0.1807,4,32,4,76068,600376,2970,123286,4.755227474337853,0.17036406499166737
1374,0.1808,7,71,7,76139,600305,2977,123279,4.754665124825751,0.17037275561648682
1375,0.1809,0,3,0,76142,600302,2977,123279,4.75464136357876,0.17037346198974268
1376,0.181,5,55,5,76197,600247,2982,123274,4.754205740717273,0.17038068003554838
1377,0.1811,0,1,0,76198,600246,2982,123274,4.754197820301609,0.17038091552410436
1378,0.1812,0,8,0,76206,600238,2982,123274,4.754134456976302,0.17038279945598692
1379,0.1813,1,12,1,76218,600226,2983,123273,4.754039411988341,0.17038447876223742
1380,0.1814,2,5,2,76223,600221,2985,123271,4.753999809910024,0.17038336291209855
1381,0.1815,0,20,0,76243,600201,2985,123271,4.753841401596755,0.17038807306986312
1382,0.1817,14,270,14,76513,599931,2999,123257,4.751702889367634,0.17043562669734563
1383,0.1818,0,16,0,76529,599915,2999,123257,4.751576162717019,0.17043939754304646
1384,0.1819,0,5,0,76534,599910,2999,123257,4.751536560638702,0.17044057596654716
1385,0.182,5,81,5,76615,599829,3004,123252,4.750895006969966,0.17045393254697608
1386,0.1821,1,12,1,76627,599817,3005,123251,4.750799961982005,0.17045561413311058
1387,0.1822,1,6,1,76633,599811,3006,123250,4.750752439488024,0.1704558813156843
1388,0.1823,2,32,2,76665,599779,3008,123248,4.750498986186795,0.1704611307738162
1389,0.1824,0,3,0,76668,599776,3008,123248,4.750475224939805,0.17046183805793444
1390,0.1825,15,270,15,76938,599506,3023,123233,4.7483367127106835,0.17050830244389745
1391,0.1826,0,7,0,76945,599499,3023,123233,4.748281269801039,0.1705099538971569
1392,0.1827,1,30,1,76975,599469,3024,123232,4.748043657331137,0.17051588416232993
1393,0.1828,1,12,1,76987,599457,3025,123231,4.747948612343175,0.17051756774707758
1394,0.1829,1,14,1,77001,599443,3026,123230,4.747837726523888,0.17051972330500795
1395,0.183,4,39,4,77040,599404,3030,123226,4.747528830313015,0.17052433472178016
1396,0.1831,0,6,0,77046,599398,3030,123226,4.747481307819035,0.17052575059782127
1397,0.1832,3,13,3,77059,599385,3033,123223,4.74737834241541,0.17052537475367005
1398,0.1833,35,495,35,77554,598890,3068,123188,4.74345773666202,0.17060206792064014
1399,0.1834,0,1,0,77555,598889,3068,123188,4.743449816246357,0.17060230418639563
1400,0.1835,0,15,0,77570,598874,3068,123188,4.7433310100114054,0.1706058482512582
1401,0.1836,1,8,1,77578,598866,3069,123187,4.743267646686098,0.17060658982096882
1402,0.1837,0,19,0,77597,598847,3069,123187,4.743117158788493,0.1706110792566555
1403,0.1838,1,18,1,77615,598829,3070,123186,4.7429745913065515,0.17061418391584662
1404,0.1839,0,11,0,77626,598818,3070,123186,4.742887466734254,0.1706167832865192
1405,0.184,8,118,8,77744,598700,3078,123178,4.7419528576859715,0.17063548134172257
1406,0.1841,0,4,0,77748,598696,3078,123178,4.741921176023317,0.17063642685565625
1407,0.1842,9,81,9,77829,598615,3087,123169,4.741279622354581,0.17064523458541614
1408,0.1843,1,30,1,77859,598585,3088,123168,4.741042009884679,0.17065117845024544
1409,0.1844,0,5,0,77864,598580,3088,123168,4.741002407806362,0.1706523606577365
1410,0.1845,1,14,1,77878,598566,3089,123167,4.7408915219870735,0.17065452182455285
1411,0.1846,0,11,0,77889,598555,3089,123167,4.740804397414776,0.17065712282568635
1412,0.1847,0,18,0,77907,598537,3089,123167,4.740661829932835,0.1706613791803842
1413,0.1848,2,22,2,77929,598515,3091,123165,4.74048758078824,0.17066428333887596
1414,0.1849,0,8,0,77937,598507,3091,123165,4.740424217462932,0.17066617521533328
1415,0.185,51,1074,51,79011,597433,3142,123114,4.731917691040426,0.17086185911536653
1416,0.1851,0,4,0,79015,597429,3142,123114,4.731886009377772,0.1708628076325771
1417,0.1852,2,16,2,79031,597413,3144,123112,4.7317592827271575,0.17086430033656014
1418,0.1853,1,26,1,79057,597387,3145,123111,4.731553351919909,0.17086931539018846
1419,0.1854,1,11,1,79068,597376,3146,123110,4.731466227347611,0.17087077333910722
1420,0.1855,0,10,0,79078,597366,3146,123110,4.731387023190977,0.17087314497637673
1421,0.1856,0,1,0,79079,597365,3146,123110,4.731379102775314,0.17087338214372463
1422,0.1857,0,22,0,79101,597343,3146,123110,4.731204853630719,0.17087859999194951
1423,0.1858,9,63,9,79164,597280,3155,123101,4.730705867443923,0.17088318542549014
1424,0.1859,1,3,1,79167,597277,3156,123100,4.730682106196933,0.17088274611765783
1425,0.186,5,109,5,79276,597168,3161,123095,4.729818780889621,0.17090285076423473
1426,0.1861,1,6,1,79282,597162,3162,123094,4.72977125839564,0.1709031233339257
1427,0.1862,1,29,1,79311,597133,3163,123093,4.7295415663414015,0.17090885360983912
1428,0.1863,5,21,5,79332,597112,3168,123088,4.72937523761247,0.17090808108858652
1429,0.1864,1,7,1,79339,597105,3169,123087,4.729319794702826,0.1709085910423887
1430,0.1865,3,18,3,79357,597087,3172,123084,4.729177227220885,0.17090940901535887
1431,0.1866,0,1,0,79358,597086,3172,123084,4.729169306805221,0.17090964633350458
1432,0.1867,21,582,21,79940,596504,3193,123063,4.724559624889114,0.17102368507727564
1433,0.1868,0,8,0,79948,596496,3193,123063,4.724496261563807,0.1710255865050677
1434,0.1869,1,2,1,79950,596494,3194,123062,4.72448042073248,0.17102490980549118
1435,0.187,2,60,2,80010,596434,3196,123060,4.724005195792675,0.17103686757638006
1436,0.1871,1,8,1,80018,596426,3197,123059,4.723941832467368,0.17103761718451393
1437,0.1872,1,10,1,80028,596416,3198,123058,4.723862628310734,0.17103884226532162
1438,0.1873,0,36,0,80064,596380,3198,123058,4.723577493346851,0.17104740088791529
1439,0.1874,0,4,0,80068,596376,3198,123058,4.723545811684197,0.1710483518988538
1440,0.1875,14,276,14,80344,596100,3212,123044,4.721359776961095,0.1710978607900504
1441,0.1876,0,6,0,80350,596094,3212,123044,4.721312254467114,0.17109928831462112
1442,0.1877,0,29,0,80379,596065,3212,123044,4.721082562412875,0.1711061883525307
1443,0.1878,0,12,0,80391,596053,3212,123044,4.7209875174249145,0.17110904370342248
1444,0.1879,1,14,1,80405,596039,3213,123043,4.720876631605627,0.17111122236406975
1445,0.188,3,55,3,80460,595984,3216,123040,4.720441008744139,0.1711208527114533
1446,0.1881,0,3,0,80463,595981,3216,123040,4.720417247497148,0.17112156668581308
1447,0.1882,2,13,2,80476,595968,3218,123038,4.720314282093525,0.17112235502902617
1448,0.1883,24,269,24,80745,595699,3242,123014,4.718183690280066,0.17115872399692228
1449,0.1884,0,1,0,80746,595698,3242,123014,4.718175769864403,0.17115896214338985
1450,0.1885,1,22,1,80768,595676,3243,123013,4.718001520719807,0.1711630482726186
1451,0.1886,0,6,0,80774,595670,3243,123013,4.717953998225827,0.17116447724518322
1452,0.1887,1,46,1,80820,595624,3244,123012,4.71758965910531,0.17117428016408864
1453,0.1888,2,7,2,80827,595617,3246,123010,4.717534216195666,0.1711736408456682
1454,0.1889,0,3,0,80830,595614,3246,123010,4.717510454948676,0.171174355434831
1455,0.189,0,59,0,80889,595555,3246,123010,4.7170431504245345,0.17118841023428638
1456,0.1891,2,2,2,80891,595553,3248,123008,4.717027309593208,0.17118657984499577
1457,0.1892,5,96,5,80987,595457,3253,123003,4.71626694968952,0.17120368566099714
1458,0.1893,4,32,4,81019,595425,3257,122999,4.716013496388291,0.17120669688095053
1459,0.1894,0,12,0,81031,595413,3257,122999,4.71591845140033,0.17120955663324108
1460,0.1895,0,23,0,81054,595390,3257,122999,4.715736281840071,0.1712150380921757
1461,0.1896,0,7,0,81061,595383,3257,122999,4.715680838930427,0.17121670643195402
1462,0.1897,2,18,2,81079,595365,3259,122997,4.7155382714484855,0.17121868918456154
1463,0.1898,0,11,0,81090,595354,3259,122997,4.715451146876188,0.17122131103040159
1464,0.1899,0,2,0,81092,595352,3259,122997,4.715435306044861,0.17122178773827207
1465,0.19,165,3696,165,84788,591656,3424,122832,4.686161449752883,0.17191611335669738
1466,0.1901,0,10,0,84798,591646,3424,122832,4.686082245596249,0.1719185195345413
1467,0.1902,1,19,1,84817,591627,3425,122831,4.685931757698644,0.17192193242989792
1468,0.1903,6,27,6,84844,591600,3431,122825,4.685717906475732,0.1719214753123141
1469,0.1904,0,12,0,84856,591588,3431,122825,4.685622861487771,0.1719243630784994
1470,0.1905,1,14,1,84870,591574,3432,122824,4.685511975668483,0.17192657314270196
1471,0.1906,0,6,0,84876,591568,3432,122824,4.685464453174503,0.17192801711105388
1472,0.1907,2,48,2,84924,591520,3434,122822,4.6850842732226585,0.17193725134459403
1473,0.1908,7,83,7,85007,591437,3441,122815,4.684426878722595,0.17194911599827511
1474,0.1909,1,3,1,85010,591434,3442,122814,4.684403117475605,0.1719486788902454
1475,0.191,4,73,4,85083,591361,3446,122810,4.683824927132176,0.17196161703569593
1476,0.1911,1,7,1,85090,591354,3447,122809,4.683769484222532,0.17196214309618393
1477,0.1912,3,14,3,85104,591340,3450,122806,4.683658598403245,0.17196203577419744
1478,0.1913,1,28,1,85132,591312,3451,122805,4.683436826764669,0.17196761875154912
1479,0.1914,2,2,2,85134,591310,3453,122803,4.683420985933342,0.1719657813259246
1480,0.1915,2,16,2,85150,591294,3455,122801,4.683294259282727,0.17196731527317793
1481,0.1916,0,2,0,85152,591292,3455,122801,4.6832784184514,0.17196779691160674
1482,0.1917,5,267,5,85419,591025,3460,122796,4.681163667469269,0.1720263203240028
1483,0.1918,1,17,1,85436,591008,3461,122795,4.681029020402991,0.1720292573721321
1484,0.1919,1,8,1,85444,591000,3462,122794,4.680965657077683,0.17203002546953322
1485,0.192,5,89,5,85533,590911,3467,122789,4.680260740083639,0.17204567745551352
1486,0.1921,3,10,3,85543,590901,3470,122786,4.680181535927005,0.1720446077902498
1487,0.1922,4,12,4,85555,590889,3474,122782,4.680086490939044,0.1720428600853895
1488,0.1923,0,20,0,85575,590869,3474,122782,4.679928082625776,0.17204768156984296
1489,0.1924,0,5,0,85580,590864,3474,122782,4.679888480547459,0.17204888698318213
1490,0.1925,9,277,9,85857,590587,3483,122773,4.677694525408693,0.1721052484019289
1491,0.1926,2,15,2,85872,590572,3485,122771,4.677575719173742,0.17210654621970076
1492,0.1927,3,43,3,85915,590529,3488,122768,4.677235141300216,0.1721134394228491
1493,0.1928,2,10,2,85925,590519,3490,122766,4.677155937143581,0.17211353105701088
1494,0.1929,2,26,2,85951,590493,3492,122764,4.676950006336333,0.17211748359988055
1495,0.193,1,26,1,85977,590467,3493,122763,4.676744075529084,0.17212259719865963
1496,0.1931,1,6,1,85983,590461,3494,122762,4.676696553035104,0.17212288442745116
1497,0.1932,2,12,2,85995,590449,3496,122760,4.676601508047142,0.1721234589019488
1498,0.1933,28,561,28,86556,589888,3524,122732,4.672158154859967,0.17222643203951615
1499,0.1934,0,2,0,86558,589886,3524,122732,4.67214231402864,0.17222691540208077
1500,0.1935,1,22,1,86580,589864,3525,122731,4.671968064884045,0.17223107094492665
1501,0.1936,0,1,0,86581,589863,3525,122731,4.671960144468382,0.1722313126408586
1502,0.1937,2,17,2,86598,589846,3527,122729,4.671825497402104,0.17223309827035752
1503,0.1938,1,24,1,86622,589822,3528,122728,4.671635407426182,0.17223773770261736
1504,0.1939,1,12,1,86634,589810,3529,122727,4.671540362438221,0.17223947668682468
1505,0.194,6,125,6,86759,589685,3535,122721,4.670550310480294,0.17226272659129765
1506,0.1941,0,3,0,86762,589682,3535,122721,4.670526549233304,0.17226345200679952
1507,0.1942,5,85,5,86847,589597,3540,122716,4.669853313901913,0.1722781979270349
1508,0.1943,2,39,2,86886,589558,3542,122714,4.66954441769104,0.17228530673675224
1509,0.1944,0,5,0,86891,589553,3542,122714,4.669504815612723,0.17228651615194865
1510,0.1945,1,18,1,86909,589535,3543,122713,4.669362248130782,0.17228970807920838
1511,0.1946,0,6,0,86915,589529,3543,122713,4.669314725636801,0.17229115946546258
1512,0.1947,1,19,1,86934,589510,3544,122712,4.669164237739197,0.17229459353965476
1513,0.1948,2,20,2,86954,589490,3546,122710,4.669005829425928,0.17229710755405786
1514,0.1949,0,3,0,86957,589487,3546,122710,4.668982068178938,0.17229783332420665
1515,0.195,66,1103,66,88060,588384,3612,122644,4.660245849702193,0.1724882845682589
1516,0.1951,0,4,0,88064,588380,3612,122644,4.660214168039539,0.17248925493372938
1517,0.1952,0,18,0,88082,588362,3612,122644,4.660071600557597,0.17249362171345953
1518,0.1953,2,25,2,88107,588337,3614,122642,4.659873590166012,0.17249735927502782
1519,0.1954,1,9,1,88116,588328,3615,122641,4.659802306425041,0.17249837897292286
1520,0.1955,2,16,2,88132,588312,3617,122639,4.659675579774427,0.17249993318808188
1521,0.1956,1,2,1,88134,588310,3618,122638,4.6596597389431,0.17249925451650472
1522,0.1957,1,44,1,88178,588266,3619,122637,4.65931124065391,0.17250876701884785
1523,0.1958,6,91,6,88269,588175,3625,122631,4.658590482828539,0.1725238672718013
1524,0.1959,0,3,0,88272,588172,3625,122631,4.658566721581549,0.17252459542236034
1525,0.196,3,103,3,88375,588069,3628,122628,4.657750918768217,0.17254610614650126
1526,0.1961,0,5,0,88380,588064,3628,122628,4.6577113166899,0.17254732007677023
1527,0.1962,1,24,1,88404,588040,3629,122627,4.657521226713978,0.17255198285554274
1528,0.1963,3,14,3,88418,588026,3632,122624,4.65741034089469,0.1725518891155984
1529,0.1964,2,6,2,88424,588020,3634,122622,4.65736281840071,0.17255101724919159
1530,0.1965,2,34,2,88458,587986,3636,122620,4.657093524268154,0.17255694435453683
1531,0.1966,0,6,0,88464,587980,3636,122620,4.657046001774173,0.172558401350971
1532,0.1967,31,616,31,89080,587364,3667,122589,4.65216702572551,0.17267199377986994
1533,0.1968,2,9,2,89089,587355,3669,122587,4.65209574198454,0.17267185206678856
1534,0.1969,0,13,0,89102,587342,3669,122587,4.651992776580915,0.17267501398027127
1535,0.197,1,53,1,89155,587289,3670,122586,4.6515729945507545,0.17268674062334918
1536,0.1971,3,16,3,89171,587273,3673,122583,4.651446267900139,0.1726871365460037
1537,0.1972,2,12,2,89183,587261,3675,122581,4.6513512229121785,0.17268772487398604
1538,0.1973,4,39,4,89222,587222,3679,122577,4.6510423267013055,0.17269255098978725
1539,0.1974,0,6,0,89228,587216,3679,122577,4.650994804207325,0.17269401078906105
1540,0.1975,15,310,15,89538,586906,3694,122562,4.648539475351667,0.17275197753809898
1541,0.1976,0,6,0,89544,586900,3694,122562,4.648491952857686,0.17275343852102015
1542,0.1977,4,25,4,89569,586875,3698,122558,4.6482939424661005,0.17275486198132875
1543,0.1978,1,14,1,89583,586861,3699,122557,4.648183056646813,0.17275710511997158
1544,0.1979,1,6,1,89589,586855,3700,122556,4.648135534152832,0.17275740015308474
1545,0.198,7,82,7,89671,586773,3707,122549,4.647486060068433,0.1727692077786957
1546,0.1981,0,2,0,89673,586771,3707,122549,4.647470219237105,0.17276969491907743
1547,0.1982,0,18,0,89691,586753,3707,122549,4.647327651755164,0.17277407930613475
1548,0.1983,19,291,19,89982,586462,3726,122530,4.64502281079711,0.17282282451706085
1549,0.1984,0,2,0,89984,586460,3726,122530,4.645006969965784,0.1728233120354307
1550,0.1985,3,24,3,90008,586436,3729,122527,4.644816879989862,0.17282566227010437
1551,0.1986,1,7,1,90015,586429,3730,122526,4.644761437080218,0.17282620194511641
1552,0.1987,2,34,2,90049,586395,3732,122524,4.644492142947662,0.17283215712937586
1553,0.1988,2,18,2,90067,586377,3734,122522,4.6443495754657205,0.17283421192581735
1554,0.1989,0,5,0,90072,586372,3734,122522,4.644309973387403,0.17283543096711215
1555,0.199,2,63,2,90135,586309,3736,122520,4.643810987200609,0.17284845851397163
1556,0.1991,0,1,0,90136,586308,3736,122520,4.643803066784945,0.17284870236503072
1557,0.1992,6,107,6,90243,586201,3742,122514,4.64295558230896,0.17286779594054028
1558,0.1993,7,56,7,90299,586145,3749,122507,4.642512039031808,0.17287328618278083
1559,0.1994,0,5,0,90304,586140,3749,122507,4.642472436953491,0.17287450592467055
1560,0.1995,2,32,2,90336,586108,3751,122505,4.6422189836522625,0.17287997821095577
1561,0.1996,0,7,0,90343,586101,3751,122505,4.642163540742618,0.172881686014513
1562,0.1997,2,7,2,90350,586094,3753,122503,4.642108097832974,0.17288105933273779
1563,0.1998,0,13,0,90363,586081,3753,122503,4.64200513242935,0.17288423108622267
1564,0.1999,0,2,0,90365,586079,3753,122503,4.641989291598023,0.17288471905862696
1565,0.2,188,3725,188,94090,582354,3941,122315,4.612485743251806,0.17357794936346002
1566,0.2001,0,3,0,94093,582351,3941,122315,4.612461982004816,0.17357868834312995
1567,0.2002,0,12,0,94105,582339,3941,122315,4.612366937016855,0.17358164432473241
1568,0.2003,1,25,1,94130,582314,3942,122314,4.6121689266252694,0.17358663010836925
1569,0.2004,0,4,0,94134,582310,3942,122314,4.612137244962615,0.17358761552260496
1570,0.2005,5,11,5,94145,582299,3947,122309,4.612050120390318,0.17358446114719106
1571,0.2006,1,5,1,94150,582294,3948,122308,4.612010518312001,0.17358452005529362
1572,0.2007,0,30,0,94180,582264,3948,122308,4.611772905842098,0.17359191111767144
1573,0.2008,5,93,5,94273,582171,3953,122303,4.611036307185401,0.1736089621476449
1574,0.2009,2,8,2,94281,582163,3955,122301,4.6109729438600935,0.1736085875218606
1575,0.201,2,51,2,94332,582112,3957,122299,4.61056900266126,0.17361881060914722
1576,0.2011,0,7,0,94339,582105,3957,122299,4.610513559751616,0.17362053594244212
1577,0.2012,1,17,1,94356,582088,3958,122298,4.610378912685338,0.17362355299509075
1578,0.2013,1,38,1,94394,582050,3959,122297,4.610077936890128,0.17363174685204877
1579,0.2014,0,18,0,94412,582032,3959,122297,4.609935369408187,0.17363618422640556
1580,0.2015,2,36,2,94448,581996,3961,122295,4.609650234444303,0.1736427130262917
1581,0.2016,0,7,0,94455,581989,3961,122295,4.60959479153466,0.17364443889112915
1582,0.2017,21,282,21,94737,581707,3982,122274,4.607361234317577,0.1736893467295282
1583,0.2018,2,11,2,94748,581696,3984,122272,4.60727410974528,0.1736897131687804
1584,0.2019,2,6,2,94754,581690,3986,122270,4.607226587251299,0.17368884595715667
1585,0.202,5,87,5,94841,581603,3991,122265,4.606537511088582,0.17370444458335937
1586,0.2021,0,13,0,94854,581590,3991,122265,4.606434545684958,0.17370765285463624
1587,0.2022,1,15,1,94869,581575,3992,122264,4.6063157394500065,0.17371018087943407
1588,0.2023,2,40,2,94909,581535,3994,122262,4.60599892282347,0.17371770553156662
1589,0.2024,0,7,0,94916,581528,3994,122262,4.605943479913826,0.17371943335369927
1590,0.2025,14,294,14,95210,581234,4008,122248,4.603614877708782,0.17377559056237402
1591,0.2026,0,3,0,95213,581231,4008,122248,4.603591116461792,0.17377633163179002
1592,0.2027,5,51,5,95264,581180,4013,122243,4.603187175262958,0.17378305798928953
1593,0.2028,0,16,0,95280,581164,4013,122243,4.603060448612343,0.17378701093392587
1594,0.2029,0,22,0,95302,581142,4013,122243,4.602886199467748,0.17379244652644
1595,0.203,7,46,7,95348,581096,4020,122236,4.602521860347231,0.17379559013382015
1596,0.2031,0,1,0,95349,581095,4020,122236,4.602513939931567,0.1737958372373747
1597,0.2032,0,14,0,95363,581081,4020,122236,4.60240305411228,0.17379929676092004
1598,0.2033,42,603,42,95966,580478,4062,122194,4.5976270434672415,0.17389905958968052
1599,0.2034,0,1,0,95967,580477,4062,122194,4.597619123051578,0.17389930707258447
1600,0.2035,2,21,2,95988,580456,4064,122192,4.597452794322646,0.17390215299837186
1601,0.2036,1,13,1,96001,580443,4065,122191,4.597349828919022,0.1739041947870442
1602,0.2037,3,35,3,96036,580408,4068,122188,4.597072614370802,0.17390933053988353
1603,0.2038,1,10,1,96046,580398,4069,122187,4.596993410214168,0.17391063003053012
1604,0.2039,0,4,0,96050,580394,4069,122187,4.5969617285515145,0.1739116201548291
1605,0.204,6,137,6,96187,580257,4075,122181,4.595876631605627,0.17393848282695412
1606,0.2041,0,2,0,96189,580255,4075,122181,4.595860790774299,0.17393897807060002
1607,0.2042,4,107,4,96296,580148,4079,122177,4.5950133062983145,0.17396077314633537
1608,0.2043,5,36,5,96332,580112,4084,122172,4.594728171334432,0.17396380951296056
1609,0.2044,0,7,0,96339,580105,4084,122172,4.594672728424788,0.17396554351060906
1610,0.2045,0,31,0,96370,580074,4084,122172,4.594427195539222,0.1739732230585863
1611,0.2046,0,4,0,96374,580070,4084,122172,4.594395513876568,0.17397421401739002
1612,0.2047,2,29,2,96403,580041,4086,122170,4.59416582182233,0.17397904618412416
1613,0.2048,1,16,1,96419,580025,4087,122169,4.5940390951717145,0.17398183408004056
1614,0.2049,0,5,0,96424,580020,4087,122169,4.593999493093397,0.17398307293335555
1615,0.205,68,1204,68,97628,578816,4155,122101,4.5844633126346475,0.17420179564770152
1616,0.2051,1,4,1,97632,578812,4156,122100,4.584431630971993,0.17420161161458214
1617,0.2052,2,15,2,97647,578797,4158,122098,4.584312824737042,0.17420298332845863
1618,0.2053,3,21,3,97668,578776,4161,122095,4.584146496008111,0.1742046681914361
1619,0.2054,1,12,1,97680,578764,4162,122094,4.58405145102015,0.17420647263782393
1620,0.2055,1,35,1,97715,578729,4163,122093,4.58377423647193,0.17421399442369104
1621,0.2056,0,5,0,97720,578724,4163,122093,4.583734634393613,0.1742152373586828
1622,0.2057,4,35,4,97755,578689,4167,122089,4.583457419845393,0.1742192249185905
1623,0.2058,17,109,17,97864,578580,4184,122072,4.582594094538082,0.17422629208223198
1624,0.2059,1,4,1,97868,578576,4185,122071,4.582562412875427,0.17422610815432021
1625,0.206,8,131,8,97999,578445,4193,122063,4.581524838423521,0.1742492591091037
1626,0.2061,1,0,1,97999,578445,4194,122062,4.581524838423521,0.17424808031896896
1627,0.2062,1,22,1,98021,578423,4195,122061,4.581350589278926,0.17425237407278396
1628,0.2063,0,27,0,98048,578396,4195,122061,4.5811367380560135,0.17425909085068747
1629,0.2064,0,9,0,98057,578387,4195,122061,4.581065454315042,0.17426132989172644
1630,0.2065,2,30,2,98087,578357,4197,122059,4.5808278418451405,0.17426643594663743
1631,0.2066,0,5,0,98092,578352,4197,122059,4.580788239766823,0.17426767997647097
1632,0.2067,43,633,43,98725,577719,4240,122016,4.575774616651882,0.1743745846641943
1633,0.2068,0,19,0,98744,577700,4240,122016,4.575624128754277,0.1743793196096702
1634,0.2069,0,5,0,98749,577695,4240,122016,4.57558452667596,0.1743805656906923
1635,0.207,1,43,1,98792,577652,4241,122015,4.5752439488024335,0.1743901027202941
1636,0.2071,0,20,0,98812,577632,4241,122015,4.575085540489165,0.17439508780856633
1637,0.2072,1,16,1,98828,577616,4242,122014,4.57495881383855,0.17439789603075911
1638,0.2073,2,41,2,98869,577575,4244,122012,4.57463407679635,0.17440575653921528
1639,0.2074,1,9,1,98878,577566,4245,122011,4.57456279305538,0.17440682012130188
1640,0.2075,12,314,12,99192,577252,4257,121999,4.572075782537068,0.17447096965181316
1641,0.2076,0,8,0,99200,577244,4257,121999,4.57201241921176,0.1744729657644052
1642,0.2077,2,21,2,99221,577223,4259,121997,4.571846090482828,0.17447584451245673
1643,0.2078,0,10,0,99231,577213,4259,121997,4.571766886326194,0.17447833984067734
1644,0.2079,0,16,0,99247,577197,4259,121997,4.57164015967558,0.17448233251429504
1645,0.208,4,64,4,99311,577133,4263,121993,4.571133253073121,0.1744935819866519
1646,0.2081,0,11,0,99322,577122,4263,121993,4.571046128500824,0.17449632749976757
1647,0.2082,1,16,1,99338,577106,4264,121992,4.570919401850209,0.1744991403208134
1648,0.2083,21,313,21,99651,576793,4285,121971,4.568440311747561,0.17455249554928418
1649,0.2085,1,35,1,99686,576758,4286,121970,4.568163097199341,0.17456005770485797
1650,0.2086,2,20,2,99706,576738,4288,121968,4.568004688886073,0.17456269160419405
1651,0.2087,2,30,2,99736,576708,4290,121966,4.56776707641617,0.174567824192685
1652,0.2088,2,25,2,99761,576683,4292,121964,4.567569066024585,0.1745717078868155
1653,0.2089,0,10,0,99771,576673,4292,121964,4.5674898618679505,0.17457420663377404
1654,0.209,2,59,2,99830,576614,4294,121962,4.567022557343809,0.17458658757243306
1655,0.2091,1,3,1,99833,576611,4295,121961,4.5669987960968195,0.1745861557577458
1656,0.2092,4,110,4,99943,576501,4299,121957,4.566127550373843,0.1746089242302329
1657,0.2093,2,40,2,99983,576461,4301,121955,4.565810733747307,0.17461656090353028
1658,0.2094,0,9,0,99992,576452,4301,121955,4.565739450006336,0.1746188110943905
1659,0.2095,0,22,0,100014,576430,4301,121955,4.565565200861741,0.1746243118050932
1660,0.2096,0,8,0,100022,576422,4301,121955,4.565501837536434,0.1746263121494551
1661,0.2097,0,18,0,100040,576404,4301,121955,4.5653592700544925,0.17463081309183387
1662,0.2098,2,22,2,100062,576382,4303,121953,4.565185020909897,0.17463395075429414
1663,0.2099,0,7,0,100069,576375,4303,121953,4.565129578000254,0.17463570127504555
1664,0.21,183,3834,183,103903,572541,4486,121770,4.534762704346724,0.1753825015014885
1665,0.2101,1,4,1,103907,572537,4487,121769,4.5347310226840705,0.17538232422015654
1666,0.2102,4,17,4,103924,572520,4491,121765,4.5345963756177925,0.1753818676768186
1667,0.2103,1,20,1,103944,572500,4492,121764,4.534437967304524,0.1753857322286623
1668,0.2104,0,6,0,103950,572494,4492,121764,4.534390444810544,0.17538724796833455
1669,0.2105,0,24,0,103974,572470,4492,121764,4.5342003548346215,0.1753933111890227
1670,0.2106,0,3,0,103977,572467,4492,121764,4.534176593587632,0.17539406912108504
1671,0.2107,3,58,3,104035,572409,4495,121761,4.533717209479153,0.17540516011927915
1672,0.2108,3,87,3,104122,572322,4498,121758,4.533028133316437,0.17542358229598892
1673,0.2109,0,5,0,104127,572317,4498,121758,4.53298853123812,0.17542484601808161
1674,0.211,3,57,3,104184,572260,4501,121755,4.532537067545305,0.1754356894303437
1675,0.2111,2,8,2,104192,572252,4503,121753,4.532473704219997,0.17543533548029192
1676,0.2112,0,25,0,104217,572227,4503,121753,4.532275693828412,0.17544165537911754
1677,0.2113,0,24,0,104241,572203,4503,121753,4.53208560385249,0.17544772291038624
1678,0.2114,0,12,0,104253,572191,4503,121753,4.531990558864529,0.17545075683340441
1679,0.2115,6,28,6,104281,572163,4509,121747,4.531768787225953,0.17545070686400255
1680,0.2117,19,335,19,104616,571828,4528,121728,4.52911544797871,0.1755128641378634
1681,0.2118,0,12,0,104628,571816,4528,121728,4.529020402990749,0.17551590093779199
1682,0.2119,1,6,1,104634,571810,4529,121727,4.528972880496768,0.17551623056880888
1683,0.212,1,61,1,104695,571749,4530,121726,4.5284897351413,0.175530480550849
1684,0.2121,1,11,1,104706,571738,4531,121725,4.528402610569002,0.17553207597233017
1685,0.2122,0,8,0,104714,571730,4531,121725,4.528339247243696,0.1755341009870864
1686,0.2123,1,18,1,104732,571712,4532,121724,4.528196679761754,0.1755374684902428
1687,0.2124,0,5,0,104737,571707,4532,121724,4.528157077683437,0.17553873420715255
1688,0.2125,16,310,16,105047,571397,4548,121708,4.525701748827778,0.17559821383484464
1689,0.2126,0,5,0,105052,571392,4548,121708,4.525662146749461,0.1755994805944308
1690,0.2127,2,42,2,105094,571350,4550,121706,4.525329489291598,0.1756077430972389
1691,0.2128,0,20,0,105114,571330,4550,121706,4.52517108097833,0.17561281087851136
1692,0.2129,0,15,0,105129,571315,4550,121706,4.525052274743379,0.1756166119064213
1693,0.213,5,35,5,105164,571280,4555,121701,4.524775060195159,0.17561953358028576
1694,0.2131,0,6,0,105170,571274,4555,121701,4.524727537701178,0.17562105415058263
1695,0.2132,3,20,3,105190,571254,4558,121698,4.524569129387911,0.17562255394313026
1696,0.2133,39,699,39,105889,570555,4597,121659,4.519032758839184,0.1757534519671662
1697,0.2134,2,11,2,105900,570544,4599,121657,4.518945634266887,0.17575386340094856
1698,0.2135,0,25,0,105925,570519,4599,121657,4.518747623875301,0.1757602112757449
1699,0.2136,1,5,1,105930,570514,4600,121656,4.518708021796984,0.17576029010214253
1700,0.2137,1,27,1,105957,570487,4601,121655,4.518494170574072,0.175765955540915
1701,0.2138,1,17,1,105974,570470,4602,121654,4.518359523507794,0.1757690818408262
1702,0.2139,1,5,1,105979,570465,4603,121653,4.518319921429477,0.1757691607500455
1703,0.214,6,132,6,106111,570333,4609,121647,4.517274426561906,0.1757955432237926
1704,0.2141,0,2,0,106113,570331,4609,121647,4.517258585730579,0.17579605131955062
1705,0.2142,6,120,6,106233,570211,4615,121641,4.516308135850969,0.17581939489948717
1706,0.2143,3,47,3,106280,570164,4618,121638,4.515935876314789,0.17582776574800305
1707,0.2144,2,6,2,106286,570158,4620,121636,4.5158883538208086,0.175826908010188
1708,0.2145,2,27,2,106313,570131,4622,121634,4.515674502597896,0.1758313878267909
1709,0.2146,0,7,0,106320,570124,4622,121634,4.515619059688253,0.1758331670902252
1710,0.2147,3,16,3,106336,570108,4625,121631,4.5154923330376375,0.17583365980521556
1711,0.2148,1,16,1,106352,570092,4626,121630,4.515365606387023,0.17583653548679962
1712,0.2149,0,9,0,106361,570083,4626,121630,4.515294322646053,0.1758388233270157
1713,0.215,71,1218,71,107579,568865,4697,121559,4.5056472563680146,0.17606427354784887
1714,0.2151,0,6,0,107585,568859,4697,121559,4.505599733874034,0.17606580361462187
1715,0.2152,1,12,1,107597,568847,4698,121558,4.505504688886073,0.17606767042533006
1716,0.2153,2,36,2,107633,568811,4700,121556,4.50521955392219,0.17607446474121735
1717,0.2154,2,10,2,107643,568801,4702,121554,4.505140349765556,0.17607462827096204
1718,0.2155,3,24,3,107667,568777,4705,121551,4.504950259789633,0.17607716911381258
1719,0.2156,1,6,1,107673,568771,4706,121550,4.504902737295653,0.17607750597185948
1720,0.2157,1,40,1,107713,568731,4707,121549,4.504585920669117,0.17608651561685112
1721,0.2158,5,104,5,107817,568627,4712,121544,4.503762197440122,0.1761070807089837
1722,0.2159,1,2,1,107819,568625,4713,121543,4.5037463566087945,0.1761063972829804
1723,0.216,2,117,2,107936,568508,4715,121541,4.502819667976175,0.17613386875424789
1724,0.2161,0,3,0,107939,568505,4715,121541,4.502795906729185,0.17613463450262737
1725,0.2162,4,25,4,107964,568480,4719,121537,4.502597896337599,0.17613624012162019
1726,0.2163,0,20,0,107984,568460,4719,121537,4.502439488024332,0.17614134554208208
1727,0.2164,0,4,0,107988,568456,4719,121537,4.502407806361678,0.17614236666169078
1728,0.2165,0,33,0,108021,568423,4719,121537,4.5021464326447855,0.1761507913502232
1729,0.2166,0,1,0,108022,568422,4719,121537,4.502138512229122,0.17615104665639553
1730,0.2167,38,647,38,108669,567775,4757,121499,4.497014003294893,0.17627097496786473
1731,0.2168,0,14,0,108683,567761,4757,121499,4.496903117475605,0.17627455532019848
1732,0.2169,0,5,0,108688,567756,4757,121499,4.496863515397288,0.17627583405270908
1733,0.217,3,52,3,108740,567704,4760,121496,4.49645165378279,0.1762855484619849
1734,0.2171,1,20,1,108760,567684,4761,121495,4.496293245469523,0.17628946906391518
1735,0.2172,1,10,1,108770,567674,4762,121494,4.496214041312888,0.17629083184361433
1736,0.2173,1,45,1,108815,567629,4763,121493,4.4958576226080345,0.17630114841784184
1737,0.2174,1,3,1,108818,567626,4764,121492,4.495833861361044,0.17630072063129973
1738,0.2175,23,331,23,109149,567295,4787,121469,4.493212203776454,0.17635793972971875
1739,0.2176,0,7,0,109156,567288,4787,121469,4.49315676086681,0.17635973209709666
1740,0.2177,1,23,1,109179,567265,4788,121468,4.4929745913065515,0.17636442569181382
1741,0.2178,6,17,6,109196,567248,4794,121462,4.4928399442402736,0.17636160357770325
1742,0.2179,1,10,1,109206,567238,4795,121461,4.492760740083639,0.1763629684375903
1743,0.218,4,76,4,109282,567162,4799,121457,4.49215878849322,0.17637764859813626
1744,0.2181,0,7,0,109289,567155,4799,121457,4.492103345583576,0.17637944154327836
1745,0.2182,0,20,0,109309,567135,4799,121457,4.491944937270308,0.17638456444454773
1746,0.2183,20,340,20,109649,566795,4819,121437,4.489251995944747,0.1764477676132467
1747,0.2184,2,4,2,109653,566791,4821,121435,4.489220314282093,0.17644639987445984
1748,0.2185,2,30,2,109683,566761,4823,121433,4.4889827018121915,0.17645169821300388
1749,0.2186,0,13,0,109696,566748,4823,121433,4.488879736408567,0.17645503145248126
1750,0.2187,3,39,3,109735,566709,4826,121430,4.488570840197694,0.17646144165640953
1751,0.2188,1,26,1,109761,566683,4827,121429,4.4883649093904445,0.1764669123631037
1752,0.2189,1,13,1,109774,566670,4828,121428,4.488261943986821,0.17646904946679107
1753,0.219,6,76,6,109850,566594,4834,121422,4.487659992396401,0.17648136089858377
1754,0.2191,0,5,0,109855,566589,4834,121422,4.487620390318084,0.1764826434461077
1755,0.2192,9,109,9,109964,566480,4843,121413,4.486757065010772,0.1764998335496945
1756,0.2193,0,39,0,110003,566441,4843,121413,4.486448168799899,0.1765098407510896
1757,0.2194,0,10,0,110013,566431,4843,121413,4.4863689646432645,0.17651240688295602
1758,0.2195,2,16,2,110029,566415,4845,121411,4.486242237992649,0.1765141183962223
1759,0.2196,0,8,0,110037,566407,4845,121411,4.486178874667343,0.1765161714290699
1760,0.2197,0,17,0,110054,566390,4845,121411,4.486044227601065,0.17652053428244507
1761,0.2198,2,20,2,110074,566370,4847,121409,4.485885819287796,0.17652327273731824
1762,0.2199,0,2,0,110076,566368,4847,121409,4.48586997845647,0.17652378605274674
1763,0.22,207,3919,207,113995,562449,5054,121202,4.45482986947155,0.17728636394885694
1764,0.2201,0,5,0,114000,562444,5054,121202,4.454790267393233,0.17728766057286957
1765,0.2202,2,19,2,114019,562425,5056,121200,4.454639779495628,0.17729018102029623
1766,0.2203,0,30,0,114049,562395,5056,121200,4.454402167025726,0.17729796151229896
1767,0.2204,1,13,1,114062,562382,5057,121199,4.454299201622101,0.17730012975784873
1768,0.2205,1,24,1,114086,562358,5058,121198,4.454109111646179,0.17730515129704078
1769,0.2206,1,5,1,114091,562353,5059,121197,4.454069509567862,0.17730524467851658
1770,0.2207,3,44,3,114135,562309,5062,121194,4.453721011278672,0.17731304763841563
1771,0.2208,6,126,6,114261,562183,5068,121188,4.452723038905082,0.17733851743781928
1772,0.2209,0,4,0,114265,562179,5068,121188,4.452691357242428,0.17733955546580388
1773,0.221,1,56,1,114321,562123,5069,121187,4.452247813965277,0.17735288522047093
1774,0.2211,0,11,0,114332,562112,5069,121187,4.452160689392979,0.17735574031280596
1775,0.2212,4,16,4,114348,562096,5073,121183,4.452033962742365,0.17735507750128424
1776,0.2213,1,30,1,114378,562066,5074,121182,4.4517963502724625,0.17736166077324778
1777,0.2214,0,6,0,114384,562060,5074,121182,4.451748827778482,0.17736321830332444
1778,0.2215,1,16,1,114400,562044,5075,121181,4.451622101127867,0.17736616780709136
1779,0.2216,0,3,0,114403,562041,5075,121181,4.451598339880877,0.17736694661471675
1780,0.2217,21,340,21,114743,561701,5096,121160,4.448905398555316,0.1774299601236562
1781,0.2218,4,16,4,114759,561685,5100,121156,4.4487786719047016,0.17742929906083554
1782,0.2219,0,8,0,114767,561677,5100,121156,4.448715308579394,0.17743137780394327
1783,0.222,6,87,6,114854,561590,5106,121150,4.4480262324166775,0.17744675864897325
1784,0.2221,0,5,0,114859,561585,5106,121150,4.44798663033836,0.1774480581777703
1785,0.2222,1,19,1,114878,561566,5107,121149,4.447836142440755,0.17745179174326037
1786,0.2223,3,46,3,114924,561520,5110,121146,4.447471803320238,0.17746013423841234
1787,0.2224,1,4,1,114928,561516,5111,121145,4.447440121657585,0.17745996915013454
1788,0.2225,19,317,19,115245,561199,5130,121126,4.444929349892282,0.17751951049719708
1789,0.2226,1,11,1,115256,561188,5131,121125,4.444842225319984,0.17752116697175638
1790,0.2227,4,42,4,115298,561146,5135,121121,4.444509567862122,0.17752727304706223
1791,0.2228,4,14,4,115312,561132,5139,121117,4.444398682042833,0.17752609384550216
1792,0.2229,1,22,1,115334,561110,5140,121116,4.444224432898238,0.17753061302266404
1793,0.223,4,45,4,115379,561065,5144,121112,4.443868014193385,0.17753750126433462
1794,0.2231,1,11,1,115390,561054,5145,121111,4.443780889621087,0.17753915841475304
1795,0.2232,3,13,3,115403,561041,5148,121108,4.443677924217463,0.17753892478036323
1796,0.2233,43,679,43,116082,560362,5191,121065,4.438299961982005,0.1776639317197587
1797,0.2234,1,6,1,116088,560356,5192,121064,4.438252439488024,0.17766428927827185
1798,0.2235,1,27,1,116115,560329,5193,121063,4.438038588265112,0.1776701223378026
1799,0.2236,0,7,0,116122,560322,5193,121063,4.437983145355468,0.17767194757736082
1800,0.2237,1,23,1,116145,560299,5194,121062,4.43780097579521,0.1776767381755046
1801,0.2238,0,22,0,116167,560277,5194,121062,4.437626726650614,0.1776824752436012
1802,0.2239,2,4,2,116171,560273,5196,121060,4.437595044987961,0.1776811045406578
1803,0.224,6,132,6,116303,560141,5202,121054,4.43654955012039,0.17770829204559635
1804,0.2241,0,2,0,116305,560139,5202,121054,4.436533709289064,0.17770881380166853
1805,0.2242,3,97,3,116402,560042,5205,121051,4.435765428969712,0.17773050082734662
1806,0.2243,2,54,2,116456,559988,5207,121049,4.435337726523888,0.17774217847194793
1807,0.2244,1,5,1,116461,559983,5208,121048,4.435298124445571,0.1777422760491079
1808,0.2245,1,29,1,116490,559954,5209,121047,4.435068432391332,0.17774863766719873
1809,0.2246,1,8,1,116498,559946,5210,121046,4.435005069066024,0.17774951834970162
1810,0.2247,3,20,3,116518,559926,5213,121043,4.434846660752756,0.17775111642380195
1811,0.2248,2,20,2,116538,559906,5215,121041,4.434688252439488,0.1777539221114125
1812,0.2249,1,3,1,116541,559903,5216,121040,4.434664491192498,0.17775349772301058
1813,0.225,72,1323,72,117864,558580,5288,120968,4.424185781269801,0.17801244356542878
1814,0.2251,0,5,0,117869,558575,5288,120968,4.424146179191484,0.17801375336071448
1815,0.2252,0,23,0,117892,558552,5288,120968,4.423964009631225,0.17801977866729457
1816,0.2253,2,45,2,117937,558507,5290,120966,4.4236075909263715,0.1780291490611106
1817,0.2254,0,9,0,117946,558498,5290,120966,4.423536307185401,0.1780315071880188
1818,0.2255,0,13,0,117959,558485,5290,120966,4.423433341781776,0.17803491348161973
1819,0.2256,1,21,1,117980,558464,5291,120965,4.423267013052845,0.17803920645129956
1820,0.2257,2,35,2,118015,558429,5293,120963,4.422989798504625,0.17804595873957893
1821,0.2258,9,102,9,118117,558327,5302,120954,4.4221819161069575,0.1780618035834949
1822,0.2259,0,4,0,118121,558323,5302,120954,4.422150234444303,0.17806285212071069
1823,0.226,3,134,3,118255,558189,5305,120951,4.421088898745406,0.17809435462496687
1824,0.2261,0,5,0,118260,558184,5305,120951,4.421049296667089,0.17809566581018502
1825,0.2262,3,33,3,118293,558151,5308,120948,4.420787922950196,0.17810068929566972
1826,0.2263,3,30,3,118323,558121,5311,120945,4.420550310480294,0.17810492647253728
1827,0.2264,1,11,1,118334,558110,5312,120944,4.420463185907996,0.1781066012423165
1828,0.2265,1,37,1,118371,558073,5313,120943,4.42017013052845,0.17811509596239264
1829,0.2266,1,3,1,118374,558070,5314,120942,4.4201463692814595,0.17811467249474236
1830,0.2267,38,681,38,119055,557389,5352,120904,4.414752566214675,0.1782474535340922
1831,0.2268,0,17,0,119072,557372,5352,120904,4.414617919148397,0.17825192104688947
1832,0.2269,1,15,1,119087,557357,5353,120903,4.414499112913446,0.17825465160852771
1833,0.227,7,48,7,119135,557309,5360,120896,4.4141189329616015,0.17825878606026202
1834,0.2271,2,26,2,119161,557283,5362,120894,4.413913002154353,0.1782631967760629
1835,0.2272,1,8,1,119169,557275,5363,120893,4.413849638829046,0.17826408795460713
1836,0.2273,4,58,4,119227,557217,5367,120889,4.413390254720568,0.17827448805938895
1837,0.2274,0,13,0,119240,557204,5367,120889,4.413287289316943,0.1782779058329757
1838,0.2275,20,358,20,119598,556846,5387,120869,4.410451780509441,0.17834783057775022
1839,0.2276,1,11,1,119609,556835,5388,120868,4.410364655937143,0.17834951298725252
1840,0.2277,2,30,2,119639,556805,5390,120866,4.4101270434672415,0.1783549834654279
1841,0.2278,1,20,1,119659,556785,5391,120865,4.409968635153973,0.17835903490002214
1842,0.2279,1,12,1,119671,556773,5392,120864,4.409873590166012,0.17836098087914326
1843,0.228,6,76,6,119747,556697,5398,120858,4.409271638575593,0.17837371135922545
1844,0.2281,1,9,1,119756,556688,5399,120857,4.4092003548346215,0.17837486808994238
1845,0.2282,2,10,2,119766,556678,5401,120855,4.409121150677987,0.1783750754575792
1846,0.2283,28,378,28,120144,556300,5429,120827,4.406127233557217,0.1784406765643668
1847,0.2284,0,1,0,120145,556299,5429,120827,4.406119313141554,0.17844094009091366
1848,0.2285,1,24,1,120169,556275,5430,120826,4.405929223165631,0.17844605162302227
1849,0.2286,0,19,0,120188,556256,5430,120826,4.405778735268027,0.17845105910362408
1850,0.2287,4,38,4,120226,556218,5434,120822,4.405477759472817,0.17845622119815668
1851,0.2288,1,24,1,120250,556194,5435,120821,4.405287669496895,0.1784613339438565
1852,0.2289,0,9,0,120259,556185,5435,120821,4.405216385755924,0.1784637063777869
1853,0.229,2,68,2,120327,556117,5437,120819,4.4046777974908125,0.17847920630606143
1854,0.2291,0,7,0,120334,556110,5437,120819,4.404622354581169,0.17848105192715927
1855,0.2292,2,108,2,120442,556002,5439,120817,4.40376694968952,0.17850710455823493
1856,0.2293,5,50,5,120492,555952,5444,120812,4.403370928906349,0.17851422356981164
1857,0.2294,0,4,0,120496,555948,5444,120812,4.403339247243696,0.1785152786807731
1858,0.2295,2,28,2,120524,555920,5446,120810,4.40311747560512,0.17852023702215064
1859,0.2296,0,9,0,120533,555911,5446,120810,4.403046191864149,0.17852261123860497
1860,0.2297,3,27,3,120560,555884,5449,120807,4.402832340641237,0.17852609241145515
1861,0.2298,1,23,1,120583,555861,5450,120806,4.402650171080978,0.17853094653647955
1862,0.2299,0,8,0,120591,555853,5450,120806,4.402586807755671,0.17853305727109223
1863,0.23,194,3900,194,124491,551953,5644,120612,4.3716971866683565,0.1793313657416012
1864,0.2301,1,2,1,124493,551951,5645,120611,4.37168134583703,0.179330678807307
1865,0.2302,4,26,4,124519,551925,5649,120607,4.3714754150297805,0.17933273063586566
1866,0.2303,5,24,5,124543,551901,5654,120602,4.371285325053859,0.17933302899764017
1867,0.2304,2,18,2,124561,551883,5656,120600,4.371142757571917,0.17933538840387042
1868,0.2305,2,22,2,124583,551861,5658,120598,4.370968508427322,0.179338814708406
1869,0.2306,0,8,0,124591,551853,5658,120598,4.370905145102015,0.17934094826240127
1870,0.2307,1,41,1,124632,551812,5659,120597,4.370580408059815,0.17935066306370082
1871,0.2308,7,121,7,124753,551691,5666,120590,4.369622037764542,0.17937439850300693
1872,0.2309,0,5,0,124758,551686,5666,120590,4.369582435686225,0.1793757325860212
1873,0.231,3,81,3,124839,551605,5669,120587,4.368940882017489,0.17939368513757975
1874,0.2311,1,6,1,124845,551599,5670,120586,4.368893359523508,0.17939406562181542
1875,0.2312,1,33,1,124878,551566,5671,120585,4.368631985806615,0.17940165230729405
1876,0.2313,1,33,1,124911,551533,5672,120584,4.3683706120897225,0.17940923976033935
1877,0.2314,0,10,0,124921,551523,5672,120584,4.368291407933088,0.17941190911566166
1878,0.2315,3,27,3,124948,551496,5675,120581,4.368077556710176,0.17941545388400437
1879,0.2316,0,2,0,124950,551494,5675,120581,4.3680617158788495,0.17941598779898077
1880,0.2317,21,364,21,125314,551130,5696,120560,4.365178684577367,0.17948756122616089
1881,0.2318,2,13,2,125327,551117,5698,120558,4.365075719173742,0.17948859195295344
1882,0.2319,2,12,2,125339,551105,5700,120556,4.364980674185781,0.1794893554933218
1883,0.232,7,79,7,125418,551026,5707,120549,4.364354961348371,0.1795019171350929
1884,0.2321,1,11,1,125429,551015,5708,120548,4.364267836776074,0.1795036355487125
1885,0.2322,1,14,1,125443,551001,5709,120547,4.364156950956787,0.1795061559263076
1886,0.2323,3,30,3,125473,550971,5712,120544,4.363919338486884,0.1795105098173533
1887,0.2324,0,9,0,125482,550962,5712,120544,4.363848054745913,0.17951291574460987
1888,0.2325,24,350,24,125832,550612,5736,120520,4.361075909263718,0.17957719196819702
1889,0.2326,2,8,2,125840,550604,5738,120518,4.361012545938411,0.17957688765976976
1890,0.2327,0,42,0,125882,550562,5738,120518,4.360679888480547,0.17958812660189546
1891,0.2328,0,12,0,125894,550550,5738,120518,4.360584843492586,0.1795913379866124
1892,0.2329,0,16,0,125910,550534,5738,120518,4.360458116841972,0.17959562001156393
1893,0.233,5,47,5,125957,550487,5743,120513,4.3600858573057915,0.179602086438152
1894,0.2331,0,8,0,125965,550479,5743,120513,4.360022493980484,0.17960422777022678
1895,0.2332,1,19,1,125984,550460,5744,120512,4.359872006082879,0.1796080909486536
1896,0.2333,37,694,37,126678,549766,5781,120475,4.35437523761247,0.17974877693247654
1897,0.2334,0,5,0,126683,549761,5781,120475,4.354335635534153,0.17975011786892975
1898,0.2335,8,37,8,126720,549724,5789,120467,4.354042580154607,0.17975025030177963
1899,0.2336,4,12,4,126732,549712,5793,120463,4.353947535166646,0.17974857313388293
1900,0.2337,3,21,3,126753,549691,5796,120460,4.353781206437714,0.17975053383491182
1901,0.2338,1,18,1,126771,549673,5797,120459,4.353638638955772,0.1797541379907242
1902,0.2339,0,6,0,126777,549667,5797,120459,4.353591116461792,0.17975574742660336
1903,0.234,9,160,9,126937,549507,5806,120450,4.352323849955646,0.17978765801387253
1904,0.2341,0,3,0,126940,549504,5806,120450,4.352300088708655,0.17978846308851054
1905,0.2342,5,100,5,127040,549404,5811,120445,4.351508047142314,0.17980918087509273
1906,0.2343,4,50,4,127090,549354,5815,120441,4.351112026359143,0.1798177054173292
1907,0.2344,1,9,1,127099,549345,5816,120440,4.3510407426181725,0.17981889710877372
1908,0.2345,1,23,1,127122,549322,5817,120439,4.350858573057914,0.1798238476113121
1909,0.2346,0,22,0,127144,549300,5817,120439,4.350684323913319,0.17982975457603634
1910,0.2347,3,29,3,127173,549271,5820,120436,4.35045463185908,0.1798338676465977
1911,0.2348,3,20,3,127193,549251,5823,120433,4.350296223545811,0.17983556423626665
1912,0.2349,0,7,0,127200,549244,5823,120433,4.350240780636168,0.17983744402152083
1913,0.235,80,1370,80,128570,547874,5903,120353,4.33938981117729,0.18010795732587878
1914,0.2351,0,15,0,128585,547859,5903,120353,4.339271004942339,0.18011200038311195
1915,0.2352,0,18,0,128603,547841,5903,120353,4.339128437460398,0.1801168522914004
1916,0.2353,4,37,4,128640,547804,5907,120349,4.338835382080852,0.18012191818341008
1917,0.2354,0,6,0,128646,547798,5907,120349,4.338787859586871,0.18012353568900258
1918,0.2355,1,19,1,128665,547779,5908,120348,4.338637371689266,0.18012743086269525
1919,0.2356,0,6,0,128671,547773,5908,120348,4.3385898491952855,0.18012904848073927
1920,0.2357,6,54,6,128725,547719,5914,120342,4.338162146749461,0.18013624504349154
1921,0.2358,4,136,4,128861,547583,5918,120338,4.337084970219237,0.18016801388188125
1922,0.2359,1,3,1,128864,547580,5919,120337,4.337061208972247,0.1801675956743128
1923,0.236,8,139,8,129003,547441,5927,120329,4.335960271195033,0.1801952768168681
1924,0.2361,0,3,0,129006,547438,5927,120329,4.335936509948042,0.18019608635946371
1925,0.2362,2,28,2,129034,547410,5929,120327,4.335714738309466,0.18020118699428067
1926,0.2363,1,29,1,129063,547381,5930,120326,4.3354850462552275,0.1802077857503366
1927,0.2364,3,11,3,129074,547370,5933,120323,4.3353979216829295,0.18020707121386625
1928,0.2365,1,25,1,129099,547345,5934,120322,4.335199911291345,0.1802125910071937
1929,0.2366,1,6,1,129105,547339,5935,120321,4.335152388797364,0.1802129826558428
1930,0.2367,43,703,43,129808,546636,5978,120278,4.329584336585984,0.18035009011656675
1931,0.2368,0,14,0,129822,546622,5978,120278,4.329473450766696,0.18035387614334983
1932,0.2369,0,6,0,129828,546616,5978,120278,4.329425928272716,0.18035549877491774
1933,0.237,4,53,4,129881,546563,5982,120274,4.329006146242555,0.18036491676376687
1934,0.2371,2,10,2,129891,546553,5984,120272,4.32892694208592,0.18036516327372248
1935,0.2372,0,10,0,129901,546543,5984,120272,4.328847737929286,0.18036786814933678
1936,0.2373,7,35,7,129936,546508,5991,120265,4.328570523381067,0.18036873118737562
1937,0.2374,1,5,1,129941,546503,5992,120264,4.32853092130275,0.18036885448739964
1938,0.2375,27,344,27,130285,546159,6019,120237,4.325806298314536,0.1804287540741541
1939,0.2376,0,8,0,130293,546151,6019,120237,4.325742934989228,0.1804309201246121
1940,0.2377,0,27,0,130320,546124,6019,120237,4.325529083766316,0.1804382309288809
1941,0.2378,0,18,0,130338,546106,6019,120237,4.325386516284374,0.18044310512753942
1942,0.2379,0,14,0,130352,546092,6019,120237,4.325275630465087,0.1804468963530028
1943,0.238,3,95,3,130447,545997,6022,120234,4.324523190977063,0.18046893644997006
1944,0.2381,1,3,1,130450,545994,6023,120233,4.324499429730072,0.18046851898827276
1945,0.2382,1,15,1,130465,545979,6024,120232,4.324380623495121,0.18047135216920765
1946,0.2383,30,364,30,130829,545615,6054,120202,4.321497592193638,0.18053308942246893
1947,0.2384,0,4,0,130833,545611,6054,120202,4.321465910530985,0.18053417400981958
1948,0.2385,6,34,6,130867,545577,6060,120196,4.321196616398429,0.18053600851942028
1949,0.2386,0,13,0,130880,545564,6060,120196,4.321093650994804,0.18053953376592166
1950,0.2387,2,28,2,130908,545536,6062,120194,4.320871879356228,0.18054466525468282
1951,0.2388,2,15,2,130923,545521,6064,120192,4.320753073121278,0.18054627144129679
1952,0.2389,2,12,2,130935,545509,6066,120190,4.320658028133316,0.18054706406348817
1953,0.239,5,87,5,131022,545422,6071,120185,4.3199689519705995,0.18056450728432843
1954,0.2391,1,5,1,131027,545417,6072,120184,4.319929349892282,0.1805646325651554
1955,0.2392,7,114,7,131141,545303,6079,120177,4.319026422506653,0.18058694476167578
1956,0.2393,4,62,4,131203,545241,6083,120173,4.318535356735522,0.18059884523018752
1957,0.2394,0,8,0,131211,545233,6083,120173,4.318471993410214,0.18060101652224356
1958,0.2395,4,24,4,131235,545209,6087,120169,4.3182819034342925,0.18060260483514634
1959,0.2396,0,7,0,131242,545202,6087,120169,4.318226460524649,0.18060450485518606
1960,0.2397,1,15,1,131257,545187,6088,120168,4.3181076542896975,0.18060734495119146
1961,0.2398,1,27,1,131284,545160,6089,120167,4.317893803066785,0.18061344271313204
1962,0.2399,1,7,1,131291,545153,6090,120166,4.317838360157141,0.18061411142624817
1963,0.24,246,3974,246,135265,541179,6336,119920,4.286362628310734,0.18139491967163768
1964,0.2401,1,7,1,135272,541172,6337,119919,4.28630718540109,0.18139560211831654
1965,0.2402,0,21,0,135293,541151,6337,119919,4.286140856672158,0.18140136445459634
1966,0.2403,4,17,4,135310,541134,6341,119915,4.28600620960588,0.18140107616833245
1967,0.2404,0,15,0,135325,541119,6341,119915,4.285887403370929,0.18140519247118908
1968,0.2405,2,31,2,135356,541088,6343,119913,4.285641870485363,0.18141122328105405
1969,0.2406,1,4,1,135360,541084,6344,119912,4.28561018882271,0.18141108266918407
1970,0.2407,6,45,6,135405,541039,6350,119906,4.285253770117856,0.18141600284441217
1971,0.2408,3,115,3,135520,540924,6353,119903,4.284342922316563,0.18144385746950412
1972,0.2409,2,3,2,135523,540921,6355,119901,4.284319161069573,0.18144220380072093
1973,0.241,5,91,5,135614,540830,6360,119896,4.283598403244202,0.18146099896174814
1974,0.2411,1,12,1,135626,540818,6361,119895,4.283503358256241,0.18146305582000052
1975,0.2412,2,34,2,135660,540784,6363,119893,4.283234064123685,0.18146991646447508
1976,0.2413,2,35,2,135695,540749,6365,119891,4.2829568495754655,0.18147705255509808
1977,0.2414,0,11,0,135706,540738,6365,119891,4.282869725003168,0.18148007429283305
1978,0.2415,2,27,2,135733,540711,6367,119889,4.282655873780256,0.1814850136239782
1979,0.2416,0,4,0,135737,540707,6367,119889,4.282624192117602,0.1814861125407965
1980,0.2417,17,365,17,136102,540342,6384,119872,4.279733240400456,0.18156537122811695
1981,0.2418,0,20,0,136122,540322,6384,119872,4.279574832087188,0.18157087159228955
1982,0.2419,0,9,0,136131,540313,6384,119872,4.279503548346217,0.18157334686489393
1983,0.242,9,93,9,136224,540220,6393,119863,4.27876694968952,0.18158777002286075
1984,0.2421,1,18,1,136242,540202,6394,119862,4.278624382207578,0.1815914820381054
1985,0.2422,0,19,0,136261,540183,6394,119862,4.278473894309974,0.18159670931527397
1986,0.2423,3,41,3,136302,540142,6397,119859,4.278149157267773,0.18160427029656015
1987,0.2424,1,13,1,136315,540129,6398,119858,4.278046191864149,0.1816066074028731
1988,0.2425,21,403,21,136718,539726,6419,119837,4.274854264351793,0.18169151392664537
1989,0.2426,1,11,1,136729,539715,6420,119836,4.274767139779495,0.18169330347463652
1990,0.2427,3,49,3,136778,539666,6423,119833,4.274379039411988,0.18170308067184332
1991,0.2428,0,18,0,136796,539648,6423,119833,4.274236471930047,0.18170804011032918
1992,0.2429,2,33,2,136829,539615,6425,119831,4.273975098213154,0.18171465138919637
1993,0.243,1,49,1,136878,539566,6426,119830,4.273586997845647,0.1817269137210417
1994,0.2431,0,11,0,136889,539555,6426,119830,4.27349987327335,0.18172994532784337
1995,0.2432,4,19,4,136908,539536,6430,119826,4.273349385375744,0.18173021799861078
1996,0.2433,47,743,47,137651,538793,6477,119779,4.267464516537828,0.18187684869687748
1997,0.2434,1,1,1,137652,538792,6478,119778,4.267456596122164,0.18187588259410542
1998,0.2435,1,29,1,137681,538763,6479,119777,4.267226904067925,0.18188264949737298
1999,0.2436,0,7,0,137688,538756,6479,119777,4.267171461158282,0.18188458285309925
2000,0.2437,1,25,1,137713,538731,6480,119776,4.266973450766696,0.18189024566177733
2001,0.2438,1,24,1,137737,538707,6481,119775,4.266783360790774,0.18189563268244235
2002,0.2439,0,3,0,137740,538704,6481,119775,4.266759599543784,0.18189646139056825
2003,0.244,9,159,9,137899,538545,6490,119766,4.265500253453301,0.18192920975040672
2004,0.2441,0,5,0,137904,538540,6490,119766,4.265460651374984,0.18193059154861113
2005,0.2442,10,130,10,138034,538410,6500,119756,4.26443099733874,0.18195409668685408
2006,0.2443,6,41,6,138075,538369,6506,119750,4.264106260296541,0.18195797416576637
2007,0.2444,0,3,0,138078,538366,6506,119750,4.26408249904955,0.18195880361516814
2008,0.2445,4,22,4,138100,538344,6510,119746,4.263908249904955,0.18195991429743652
2009,0.2446,0,9,0,138109,538335,6510,119746,4.263836966163984,0.18196240280451798
2010,0.2447,0,38,0,138147,538297,6510,119746,4.263535990368775,0.18197291058487058
2011,0.2448,1,21,1,138168,538276,6511,119745,4.263369661639842,0.18197747488302046
2012,0.2449,0,9,0,138177,538267,6511,119745,4.263298377898872,0.18197996389123602
2013,0.245,81,1422,81,139599,536845,6592,119664,4.252035546825497,0.18227320569862712
2014,0.2451,0,7,0,139606,536838,6592,119664,4.251980103915853,0.1822751491998501
2015,0.2452,2,15,2,139621,536823,6594,119662,4.251861297680902,0.1822768227758441
2016,0.2453,6,36,6,139657,536787,6600,119656,4.251576162717019,0.18227934489361605
2017,0.2454,3,14,3,139671,536773,6603,119653,4.251465276897732,0.18227949532772925
2018,0.2455,2,20,2,139691,536753,6605,119651,4.2513068685844635,0.182282557693128
2019,0.2456,0,3,0,139694,536750,6605,119651,4.251283107337473,0.18228339079312797
2020,0.2457,4,66,4,139760,536684,6609,119647,4.250760359903688,0.18229673746935615
2021,0.2458,8,154,8,139914,536530,6617,119639,4.249540615891522,0.18232955229521663
2022,0.2459,0,6,0,139920,536524,6617,119639,4.249493093397541,0.1823312195292938
2023,0.246,8,137,8,140057,536387,6625,119631,4.248407996451654,0.18235932550631231
2024,0.2461,0,4,0,140061,536383,6625,119631,4.248376314789,0.182360437429689
2025,0.2462,1,29,1,140090,536354,6626,119630,4.248146622734761,0.18236725285982586
2026,0.2463,1,22,1,140112,536332,6627,119629,4.247972373590166,0.18237212273290637
2027,0.2464,0,12,0,140124,536320,6627,119629,4.247877328602205,0.18237545906770192
2028,0.2465,4,33,4,140157,536287,6631,119625,4.247615954885313,0.1823796484894315
2029,0.2466,0,3,0,140160,536284,6631,119625,4.247592193638322,0.18238048265841755
2030,0.2467,64,730,64,140890,535554,6695,119561,4.24181029020403,0.18250383520450608
2031,0.2468,0,18,0,140908,535536,6695,119561,4.241667722722088,0.182508849834452
2032,0.2469,0,7,0,140915,535529,6695,119561,4.241612279812444,0.18251080004274223
2033,0.247,4,45,4,140960,535484,6699,119557,4.241255861107591,0.18251834617985743
2034,0.2471,3,17,3,140977,535467,6702,119554,4.241121214041313,0.1825193390746251
2035,0.2472,1,9,1,140986,535458,6703,119553,4.241049930300342,0.18252059889070565
2036,0.2473,2,47,2,141033,535411,6705,119551,4.240677670764161,0.18253120028337522
2037,0.2474,0,11,0,141044,535400,6705,119551,4.240590546191864,0.1825342659221835
2038,0.2475,20,383,20,141427,535017,6725,119531,4.237557026992777,0.1826160953818513
2039,0.2476,2,11,2,141438,535006,6727,119529,4.237469902420479,0.18261666679398353
2040,0.2477,5,35,5,141473,534971,6732,119524,4.23719268787226,0.1826201880839426
2041,0.2478,1,19,1,141492,534952,6733,119523,4.237042199974654,0.18262424080369763
2042,0.2479,0,14,0,141506,534938,6733,119523,4.236931314155367,0.18262814743735684
2043,0.248,4,113,4,141619,534825,6737,119519,4.236036307185401,0.18265468927658846
2044,0.2481,0,4,0,141623,534821,6737,119519,4.236004625522748,0.18265580585016963
2045,0.2482,0,21,0,141644,534800,6737,119519,4.2358382967938155,0.18266166808544457
2046,0.2483,29,414,29,142058,534386,6766,119490,4.2325592447091624,0.18274107017232624
2047,0.2484,0,4,0,142062,534382,6766,119490,4.232527563046509,0.18274218807350673
2048,0.2485,4,37,4,142099,534345,6770,119486,4.232234507666963,0.18274752956039098
2049,0.2486,0,12,0,142111,534333,6770,119486,4.232139462679001,0.1827508836543447
2050,0.2487,1,32,1,142143,534301,6771,119485,4.231886009377772,0.1827585784951039
2051,0.2488,1,22,1,142165,534279,6772,119484,4.231711760233177,0.18276347850826677
2052,0.2489,0,9,0,142174,534270,6772,119484,4.231640476492206,0.1827659945484081
2053,0.249,12,96,12,142270,534174,6784,119472,4.230880116588518,0.182777833873381
2054,0.2491,0,1,0,142271,534173,6784,119472,4.2308721961728555,0.18277811350197737
2055,0.2492,10,118,10,142389,534055,6794,119462,4.229937587124573,0.18279861120674748
2056,0.2493,4,55,4,142444,534000,6798,119458,4.2295019642630844,0.18280899461021213
2057,0.2494,0,4,0,142448,533996,6798,119458,4.229470282600431,0.18281011364227628
2058,0.2495,2,24,2,142472,533972,6800,119456,4.2292801926245085,0.18281432690365274
2059,0.2496,1,15,1,142487,533957,6801,119455,4.229161386389558,0.18281727302222794
2060,0.2497,0,26,0,142513,533931,6801,119455,4.228955455582309,0.18282454781706373
2061,0.2498,1,19,1,142532,533912,6802,119454,4.228804967684704,0.18282861367135725
2062,0.2499,1,10,1,142542,533902,6803,119453,4.22872576352807,0.1828301612446526
2063,0.25,254,4182,254,146724,529720,7057,119199,4.195602585223672,0.18368856513678902
2064,0.2501,0,7,0,146731,529713,7057,119199,4.1955471423140285,0.18369054663806494
2065,0.2502,1,22,1,146753,529691,7058,119198,4.195372893169433,0.18369551649049376
2066,0.2503,1,31,1,146784,529660,7059,119197,4.195127360283868,0.18370303472105565
2067,0.2504,2,10,2,146794,529650,7061,119195,4.195048156127234,0.18370334979848807
2068,0.2505,1,19,1,146813,529631,7062,119194,4.194897668229629,0.18370747119793474
2069,0.2506,1,5,1,146818,529626,7063,119193,4.194858066151312,0.1837076287839906
2070,0.2507,3,54,3,146872,529572,7066,119190,4.194430363705488,0.18371914507939738
2071,0.2508,7,125,7,146997,529447,7073,119183,4.193440311747561,0.18374574102338775
2072,0.2509,0,7,0,147004,529440,7073,119183,4.193384868837916,0.18374772402458747
2073,0.251,4,93,4,147097,529347,7077,119179,4.192648270181219,0.1837690393291865
2074,0.2511,0,16,0,147113,529331,7077,119179,4.192521543530605,0.18377357326795268
2075,0.2512,0,24,0,147137,529307,7077,119179,4.192331453554683,0.1837803745955965
2076,0.2513,0,39,0,147176,529268,7077,119179,4.192022557343809,0.1837914278267923
2077,0.2514,3,10,3,147186,529258,7080,119176,4.191943353187176,0.18379048600165937
2078,0.2515,1,28,1,147214,529230,7081,119175,4.1917215815486,0.183797163809656
2079,0.2516,1,7,1,147221,529223,7082,119174,4.191666138638956,0.1837978892561193
2080,0.2517,44,380,44,147601,528843,7126,119130,4.188656380686859,0.18385025301980176
2081,0.2518,0,11,0,147612,528832,7126,119130,4.188569256114561,0.183853374117618
2082,0.2519,2,8,2,147620,528824,7128,119128,4.188505892789253,0.1838531249228338
2083,0.252,5,109,5,147729,528715,7133,119123,4.187642567481942,0.18387775956334762
2084,0.2521,2,11,2,147740,528704,7135,119121,4.187555442909644,0.18387836221201714
2085,0.2522,1,17,1,147757,528687,7136,119120,4.187420795843366,0.18388192779639614
2086,0.2523,3,39,3,147796,528648,7139,119117,4.187111899632493,0.18388921908408143
2087,0.2524,0,5,0,147801,528643,7139,119117,4.187072297554176,0.18389063850808943
2088,0.2525,34,412,34,148213,528231,7173,119083,4.183809086300849,0.18396481460311379
2089,0.2526,0,8,0,148221,528223,7173,119083,4.183745722975542,0.18396708820866792
2090,0.2527,3,44,3,148265,528179,7176,119080,4.183397224686352,0.18397581184657147
2091,0.2528,1,18,1,148283,528161,7177,119079,4.18325465720441,0.18397966751127867
2092,0.2529,0,17,0,148300,528144,7177,119079,4.183120010138132,0.18398449993278979
2093,0.253,2,47,2,148347,528097,7179,119077,4.182747750601951,0.18399533973861742
2094,0.2531,0,10,0,148357,528087,7179,119077,4.182668546445317,0.1839981828408255
2095,0.2532,2,24,2,148381,528063,7181,119075,4.182478456469395,0.18400248478686154
2096,0.2533,53,757,53,149138,527306,7234,119022,4.1764827018121915,0.18415108118478543
2097,0.2534,0,7,0,149145,527299,7234,119022,4.176427258902547,0.18415307563888533
2098,0.2535,6,35,6,149180,527264,7240,119016,4.176150044354328,0.18415547440737762
2099,0.2536,1,12,1,149192,527252,7241,119015,4.176054999366367,0.18415763144335082
2100,0.2537,1,52,1,149244,527200,7242,119014,4.1756431377518695,0.18417118787274803
2101,0.2538,0,4,0,149248,527196,7242,119014,4.175611456089215,0.18417232788102939
2102,0.2539,1,9,1,149257,527187,7243,119013,4.175540172348245,0.1841736304549675
2103,0.254,8,138,8,149395,527049,7251,119005,4.1744471549866935,0.18420286849086917
2104,0.2541,2,8,2,149403,527041,7253,119003,4.174383791661386,0.1842026239698844
2105,0.2542,7,119,7,149522,526922,7260,118996,4.17344126219744,0.18422771930802362
2106,0.2543,3,46,3,149568,526876,7263,118993,4.173076923076923,0.18423705116672268
2107,0.2544,0,9,0,149577,526867,7263,118993,4.173005639335952,0.18423961849317189
2108,0.2545,1,23,1,149600,526844,7264,118992,4.172823469775694,0.18424491666615053
2109,0.2546,2,10,2,149610,526834,7266,118990,4.17274426561906,0.1842452432860965
2110,0.2547,0,36,0,149646,526798,7266,118990,4.172459130655176,0.1842555141935124
2111,0.2548,1,26,1,149672,526772,7267,118989,4.172253199847928,0.1842616695650558
2112,0.2549,0,6,0,149678,526766,7267,118989,4.172205677353947,0.18426338162306138
2113,0.255,104,1406,104,151084,525360,7371,118885,4.161069572931187,0.1845338341779913
2114,0.2551,0,1,0,151085,525359,7371,118885,4.161061652515524,0.18453412061268712
2115,0.2552,1,31,1,151116,525328,7372,118884,4.160816119629958,0.18454173470845
2116,0.2553,3,42,3,151158,525286,7375,118881,4.1604834621720945,0.1845499691850095
2117,0.2554,0,7,0,151165,525279,7375,118881,4.160428019262451,0.18455197466467957
2118,0.2555,4,21,4,151186,525258,7379,118877,4.1602616905335195,0.18455292756953123
2119,0.2556,0,5,0,151191,525253,7379,118877,4.160222088455202,0.1845543601446913
2120,0.2557,6,64,6,151255,525189,7385,118871,4.159715181852744,0.18456510263018974
2121,0.2558,10,122,10,151377,525067,7395,118861,4.158748891141807,0.18458740728777132
2122,0.256,7,146,7,151523,524921,7402,118854,4.157592510454949,0.18462040309114208
2123,0.2561,1,8,1,151531,524913,7403,118853,4.157529147129641,0.18462143076832266
2124,0.2562,4,29,4,151560,524884,7407,118849,4.157299455075402,0.18462468135080848
2125,0.2563,4,28,4,151588,524856,7411,118845,4.157077683436826,0.1846276454440804
2126,0.2564,1,8,1,151596,524848,7412,118844,4.15701432011152,0.18462867334066604
2127,0.2565,1,33,1,151629,524815,7413,118843,4.156752946394627,0.18463687237632406
2128,0.2566,1,7,1,151636,524808,7414,118842,4.156697503484983,0.18463761360988115
2129,0.2567,58,791,58,152427,524017,7472,118784,4.150432454695222,0.18479124954690487
2130,0.2568,2,18,2,152445,523999,7474,118782,4.1502898872132805,0.1847938878093783
2131,0.2569,0,5,0,152450,523994,7474,118782,4.150250285134964,0.1847953252766127
2132,0.257,3,66,3,152516,523928,7477,118779,4.149727537701178,0.184810496851598
2133,0.2571,0,23,0,152539,523905,7477,118779,4.14954536814092,0.18481711074182647
2134,0.2572,1,19,1,152558,523886,7478,118778,4.149394880243316,0.18482130631247431
2135,0.2573,2,57,2,152615,523829,7480,118776,4.148943416550501,0.1848351631250924
2136,0.2574,1,8,1,152623,523821,7481,118775,4.148880053225193,0.18483619568126786
2137,0.2575,18,396,18,153019,523425,7499,118757,4.145743568622481,0.1849273258982656
2138,0.2576,2,8,2,153027,523417,7501,118755,4.145680205297174,0.1849270911842933
2139,0.2577,2,46,2,153073,523371,7503,118753,4.145315866176657,0.184937800175667
2140,0.2578,1,23,1,153096,523348,7504,118752,4.145133696616399,0.18494315527176453
2141,0.2579,0,17,0,153113,523331,7504,118752,4.144999049550121,0.18494805188737282
2142,0.258,7,95,7,153208,523236,7511,118745,4.144246610062096,0.1849665332774646
2143,0.2581,1,13,1,153221,523223,7512,118744,4.144143644658472,0.18496900931044744
2144,0.2582,2,26,2,153247,523197,7514,118742,4.143937713851223,0.18497396170041078
2145,0.2583,36,384,36,153631,522813,7550,118706,4.140896274236472,0.18503894662511944
2146,0.2584,0,5,0,153636,522808,7550,118706,4.140856672158155,0.18504038883017362
2147,0.2585,5,35,5,153671,522773,7555,118701,4.1405794576099355,0.18504413273180206
2148,0.2586,0,12,0,153683,522761,7555,118701,4.140484412621975,0.18504759440153898
2149,0.2587,1,30,1,153713,522731,7556,118700,4.140246800152072,0.18505497863371118
2150,0.2588,2,27,2,153740,522704,7558,118698,4.14003294892916,0.18506022743926587
2151,0.2589,0,7,0,153747,522697,7558,118698,4.139977506019516,0.18506224713320185
2152,0.259,7,92,7,153839,522605,7565,118691,4.139248827778482,0.18507990070108032
2153,0.2591,0,1,0,153840,522604,7565,118691,4.139240907362819,0.18508018930445427
2154,0.2592,11,123,11,153963,522481,7576,118680,4.138266696236219,0.1851017139220882
2155,0.2593,4,64,4,154027,522417,7580,118676,4.13775978963376,0.18511510810444037
2156,0.2594,2,10,2,154037,522407,7582,118674,4.137680585477126,0.18511545342944183
2157,0.2595,0,34,0,154071,522373,7582,118674,4.13741129134457,0.1851252716259494
2158,0.2596,1,5,1,154076,522368,7583,118673,4.137371689266253,0.1851254443943523
2159,0.2597,3,28,3,154104,522340,7586,118670,4.137149917627677,0.18512971716509882
2160,0.2598,1,15,1,154119,522325,7587,118669,4.137031111392726,0.18513277815392967
2161,0.2599,0,2,0,154121,522323,7587,118669,4.137015270561399,0.1851333557985123
2162,0.26,261,4131,261,158252,518192,7848,118408,4.104296033455836,0.18600062833804587
2163,0.2601,1,5,1,158257,518187,7849,118407,4.104256431377519,0.18600081056371878
2164,0.2602,2,18,2,158275,518169,7851,118405,4.104113863895577,0.18600351255313602
2165,0.2603,2,24,2,158299,518145,7853,118403,4.1039237739196555,0.18600796797727745
2166,0.2604,1,8,1,158307,518137,7854,118402,4.103860410594348,0.1860090269410044
2167,0.2605,1,23,1,158330,518114,7855,118401,4.103678241034089,0.18601446941548902
2168,0.2606,0,11,0,158341,518103,7855,118401,4.103591116461792,0.18601768409939293
2169,0.2607,2,71,2,158412,518032,7857,118399,4.10302876694969,0.18603587820203604
2170,0.2608,10,116,10,158528,517916,7867,118389,4.102109998732733,0.18605700096651762
2171,0.2609,1,4,1,158532,517912,7868,118388,4.10207831707008,0.18605689140342604
2172,0.261,5,83,5,158615,517829,7873,118383,4.101420922570017,0.1860747675303201
2173,0.2611,0,10,0,158625,517819,7873,118383,4.101341718413383,0.1860776923052741
2174,0.2612,2,19,2,158644,517800,7875,118381,4.101191230515777,0.18608069087256615
2175,0.2613,2,37,2,158681,517763,7877,118379,4.100898175136231,0.18608895498174935
2176,0.2614,1,19,1,158700,517744,7878,118378,4.100747687238626,0.18609323368787747
2177,0.2615,0,35,0,158735,517709,7878,118378,4.100470472690406,0.18610347326702165
2178,0.2616,0,3,0,158738,517706,7878,118378,4.100446711443417,0.18610435099766698
2179,0.2617,25,413,25,159151,517293,7903,118353,4.097175579774427,0.18619325851181318
2180,0.2618,2,28,2,159179,517265,7905,118351,4.096953808135851,0.1861988999647586
2181,0.2619,0,5,0,159184,517260,7905,118351,4.096914206057534,0.18620036468846513
2182,0.262,3,121,3,159305,517139,7908,118348,4.095955835762261,0.18623197642123285
2183,0.2621,0,22,0,159327,517117,7908,118348,4.095781586617666,0.18623842383136757
2184,0.2622,3,25,3,159352,517092,7911,118345,4.095583576226081,0.18624190911136745
2185,0.2623,3,34,3,159386,517058,7914,118342,4.095314282093525,0.18624803273528487
2186,0.2624,1,6,1,159392,517052,7915,118341,4.095266759599544,0.1862485107642042
2187,0.2625,28,410,28,159802,516642,7943,118313,4.092019389177544,0.18633288973234324
2188,0.2626,0,14,0,159816,516628,7943,118313,4.0919085033582565,0.18633699824078143
2189,0.2627,5,42,5,159858,516586,7948,118308,4.091575845900393,0.18634291708537173
2190,0.2628,1,16,1,159874,516570,7949,118307,4.091449119249778,0.18634633165164277
2191,0.2629,4,29,4,159903,516541,7953,118303,4.091219427195539,0.18634971741089149
2192,0.263,2,65,2,159968,516476,7955,118301,4.090704600177418,0.1863662357016716
2193,0.2631,0,7,0,159975,516469,7955,118301,4.090649157267773,0.18636829087701057
2194,0.2632,1,17,1,159992,516452,7956,118300,4.090514510201495,0.18637200040330712
2195,0.2633,50,794,50,160786,515658,8006,118250,4.084225700164745,0.18654126466301105
2196,0.2634,3,4,3,160790,515654,8009,118247,4.084194018502091,0.1865385919883389
2197,0.2635,4,29,4,160819,515625,8013,118243,4.083964326447852,0.1865419929701452
2198,0.2636,1,9,1,160828,515616,8014,118242,4.083893042706881,0.18654335829160473
2199,0.2637,4,29,4,160857,515587,8018,118238,4.0836633506526425,0.18654675975229756
2200,0.2638,5,37,5,160894,515550,8023,118233,4.083370295273096,0.18655123283521333
2201,0.2639,1,12,1,160906,515538,8024,118232,4.083275250285135,0.18655348154693344
2202,0.264,15,163,15,161069,515375,8039,118217,4.081984222531998,0.1865822169471837
2203,0.2641,0,3,0,161072,515372,8039,118217,4.081960461285008,0.18658310040104864
2204,0.2642,9,152,9,161224,515220,8048,118208,4.080756558104169,0.18661631629798495
2205,0.2643,4,51,4,161275,515169,8052,118204,4.080352616905335,0.18662620604288468
2206,0.2644,2,14,2,161289,515155,8054,118202,4.080241731086048,0.1866277628572827
2207,0.2645,3,22,3,161311,515133,8057,118199,4.080067481941453,0.18663039290609032
2208,0.2646,0,9,0,161320,515124,8057,118199,4.079996198200481,0.18663304506547213
2209,0.2647,2,30,2,161350,515094,8059,118197,4.079758585730579,0.18663931747016774
2210,0.2648,0,24,0,161374,515070,8059,118197,4.079568495754657,0.18664639085883206
2211,0.2649,2,12,2,161386,515058,8061,118195,4.079473450766696,0.1866473589544779
2212,0.265,97,1440,97,162826,513618,8158,118098,4.06806805221138,0.1869479322986912
2213,0.2651,0,5,0,162831,513613,8158,118098,4.068028450133063,0.18694941199377563
2214,0.2652,2,26,2,162857,513587,8160,118096,4.067822519325814,0.18695453257409175
2215,0.2653,3,50,3,162907,513537,8163,118093,4.067426498542644,0.18696547029115146
2216,0.2654,1,15,1,162922,513522,8164,118092,4.0673076923076925,0.18696862324141011
2217,0.2655,2,19,2,162941,513503,8166,118090,4.067157204410088,0.18697167321360433
2218,0.2656,0,8,0,162949,513495,8166,118090,4.06709384108478,0.18697404149876898
2219,0.2657,7,62,7,163011,513433,8173,118083,4.066602775313648,0.18698338601080575
2220,0.2658,16,116,16,163127,513317,8189,118067,4.065684007096692,0.18699713644945073
2221,0.2659,0,3,0,163130,513314,8189,118067,4.065660245849702,0.18699802496432424
2222,0.266,8,129,8,163259,513185,8197,118059,4.064638512229122,0.1870259360881054
2223,0.2661,0,4,0,163263,513181,8197,118059,4.064606830566468,0.18702712122172233
2224,0.2662,2,35,2,163298,513146,8199,118057,4.064329616018249,0.18703491586700316
2225,0.2663,3,27,3,163325,513119,8202,118054,4.0641157647953365,0.18703905268444626
2226,0.2664,1,13,1,163338,513106,8203,118053,4.064012799391712,0.18704161708856246
2227,0.2665,3,34,3,163372,513072,8206,118050,4.063743505259156,0.187047829104357
2228,0.2666,1,7,1,163379,513065,8207,118049,4.063688062349512,0.1870486156225341
2229,0.2667,52,772,52,164151,512293,8259,117997,4.057573501457356,0.1872106490663028
2230,0.2668,4,18,4,164169,512275,8263,117993,4.057430933975415,0.1872108372946112
2231,0.2669,1,13,1,164182,512262,8264,117992,4.057327968571791,0.18721340919692694
2232,0.267,3,63,3,164245,512199,8267,117989,4.056828982384996,0.1872282556951259
2233,0.2671,1,21,1,164266,512178,8268,117988,4.056662653656064,0.18723320521894232
2234,0.2672,1,19,1,164285,512159,8269,117987,4.056512165758459,0.18723756081923873
2235,0.2673,4,56,4,164341,512103,8273,117983,4.056068622481308,0.18724904219424016
2236,0.2674,0,10,0,164351,512093,8273,117983,4.055989418324674,0.1872520140427504
2237,0.2675,34,434,34,164785,511659,8307,117949,4.052551957926752,0.18733720028970408
2238,0.2676,0,7,0,164792,511652,8307,117949,4.052496515017108,0.187339283133286
2239,0.2677,4,45,4,164837,511607,8311,117945,4.052140096312255,0.18734751061072
2240,0.2678,0,16,0,164853,511591,8311,117945,4.05201336966164,0.18735227214964673
2241,0.2679,2,15,2,164868,511576,8313,117943,4.051894563426688,0.18735415452115028
2242,0.268,9,92,9,164960,511484,8322,117934,4.051165885185655,0.18736991951294688
2243,0.2681,0,5,0,164965,511479,8322,117934,4.051126283107338,0.18737140796265728
2244,0.2682,3,21,3,164986,511458,8325,117931,4.050959954378405,0.1873737863229259
2245,0.2683,16,441,16,165427,511017,8341,117915,4.04746705107084,0.18748449752914464
2246,0.2684,0,4,0,165431,511013,8341,117915,4.047435369408187,0.1874856899358909
2247,0.2685,2,48,2,165479,510965,8343,117913,4.0470551894563425,0.18749741603299844
2248,0.2686,2,15,2,165494,510950,8345,117911,4.046936383221391,0.1874993042977701
2249,0.2687,5,48,5,165542,510902,8350,117906,4.046556203269548,0.18750715639750132
2250,0.2688,3,26,3,165568,510876,8353,117903,4.046350272462298,0.18751103328832547
2251,0.2689,0,7,0,165575,510869,8353,117903,4.046294829552655,0.18751312081326776
2252,0.269,6,98,6,165673,510771,8359,117897,4.04551862881764,0.18753459695737654
2253,0.2691,0,4,0,165677,510767,8359,117897,4.045486947154987,0.1875357901836275
2254,0.2692,13,128,13,165805,510639,8372,117884,4.04447313395007,0.1875571777007365
2255,0.2693,3,65,3,165870,510574,8375,117881,4.043958306931947,0.1875726981247663
2256,0.2694,0,4,0,165874,510570,8375,117881,4.043926625269294,0.18757389199794416
2257,0.2695,5,28,5,165902,510542,8380,117876,4.043704853630719,0.18757578554401688
2258,0.2696,0,5,0,165907,510537,8380,117876,4.043665251552402,0.18757727800029597
2259,0.2697,2,23,2,165930,510514,8382,117874,4.043483081992143,0.18758155789098455
2260,0.2698,2,21,2,165951,510493,8384,117872,4.043316753263211,0.18758524106212154
2261,0.2699,1,4,1,165955,510489,8385,117871,4.0432850716005575,0.1875851422751289
2262,0.27,322,4253,322,170208,506236,8707,117549,4.0095995437840575,0.18844473656788796
2263,0.2701,0,4,0,170212,506232,8707,117549,4.009567862121404,0.1884459449710716
2264,0.2702,0,26,0,170238,506206,8707,117549,4.009361931314156,0.18845379996953932
2265,0.2703,1,34,1,170272,506172,8708,117548,4.009092637181599,0.18846277175655743
2266,0.2704,0,9,0,170281,506163,8708,117548,4.0090213534406285,0.1884654912291109
2267,0.2705,2,25,2,170306,506138,8710,117546,4.008823343049043,0.1884704433655505
2268,0.2706,1,9,1,170315,506129,8711,117545,4.0087520593080725,0.18847186190221174
2269,0.2707,3,79,3,170394,506050,8714,117542,4.008126346470663,0.18849183440454656
2270,0.2708,18,158,18,170552,505892,8732,117524,4.006874920795843,0.18851617539492088
2271,0.2709,0,2,0,170554,505890,8732,117524,4.006859079964516,0.1885167801813883
2272,0.271,4,103,4,170657,505787,8736,117520,4.006043277151185,0.18854272453221285
2273,0.2711,1,10,1,170667,505777,8737,117519,4.0059640729945505,0.18854444758188726
2274,0.2712,3,36,3,170703,505741,8740,117516,4.005678938030668,0.18855143223421478
2275,0.2713,3,49,3,170752,505692,8743,117513,4.005290837663161,0.1885623510722796
2276,0.2714,2,8,2,170760,505684,8745,117511,4.005227474337853,0.1885621675398551
2277,0.2715,0,27,0,170787,505657,8745,117511,4.005013623114941,0.18857033737290746
2278,0.2716,0,6,0,170793,505651,8745,117511,4.004966100620961,0.18857215298750565
2279,0.2717,35,380,35,171173,505271,8780,117476,4.001956342668863,0.18864161529481474
2280,0.2718,2,27,2,171200,505244,8782,117474,4.001742491445951,0.18864718861507135
2281,0.2719,2,8,2,171208,505236,8784,117472,4.001679128120644,0.1886470063015089
2282,0.272,6,100,6,171308,505136,8790,117466,4.000887086554302,0.18866948708805947
2283,0.2721,4,22,4,171330,505114,8794,117462,4.000712837409707,0.1886709413790445
2284,0.2722,4,23,4,171353,505091,8798,117458,4.000530667849449,0.18867269885583304
2285,0.2723,0,37,0,171390,505054,8798,117458,4.000237612469903,0.18868391292055414
2286,0.2724,2,12,2,171402,505042,8800,117456,4.000142567481942,0.18868494356608376
2287,0.2725,24,373,24,171775,504669,8824,117432,3.997188252439488,0.1887667758129307
2288,0.2726,2,11,2,171786,504658,8826,117430,3.9971011278671904,0.18876750556191407
2289,0.2727,3,51,3,171837,504607,8829,117427,3.9966971866683565,0.1887790699543755
2290,0.2728,2,12,2,171849,504595,8831,117425,3.996602141680395,0.18878010353364844
2291,0.2729,1,22,1,171871,504573,8832,117424,3.9964278925358,0.18878547645728194
2292,0.273,3,57,3,171928,504516,8835,117421,3.9959764288429858,0.18879886547994412
2293,0.2731,1,8,1,171936,504508,8836,117420,3.995913065517678,0.18879998970941975
2294,0.2732,4,21,4,171957,504487,8840,117416,3.9957467367887465,0.18880114744582355
2295,0.2733,56,825,56,172782,503662,8896,117360,3.98921239386643,0.18897881234481226
2296,0.2734,1,1,1,172783,503661,8897,117359,3.9892044734507666,0.18897781069852823
2297,0.2735,3,41,3,172824,503620,8900,117356,3.988879736408567,0.18898636984360104
2298,0.2736,4,8,4,172832,503612,8904,117352,3.9888163730832593,0.1889835803685882
2299,0.2737,3,25,3,172857,503587,8907,117349,3.9886183626916742,0.18898727082984398
2300,0.2738,3,26,3,172883,503561,8910,117346,3.9884124318844254,0.18899126600279914
2301,0.2739,1,9,1,172892,503552,8911,117345,3.9883411481434545,0.188992699272182
2302,0.274,12,167,12,173059,503385,8923,117333,3.9870184387276644,0.1890278677273738
2303,0.2741,2,5,2,173064,503380,8925,117331,3.9869788366493473,0.18902677735693424
2304,0.2742,16,132,16,173196,503248,8941,117315,3.985933341781777,0.18904607590204378
2305,0.2743,3,58,3,173254,503190,8944,117312,3.9854739576732987,0.18905982575398628
2306,0.2744,0,17,0,173271,503173,8944,117312,3.9853393106070207,0.18906500560045772
2307,0.2745,2,26,2,173297,503147,8946,117310,3.985133379799772,0.18907031430058813
2308,0.2746,1,16,1,173313,503131,8947,117309,3.9850066531491573,0.1890738830507382
2309,0.2747,4,41,4,173354,503090,8951,117305,3.984681916106957,0.1890811499125557
2310,0.2748,2,32,2,173386,503058,8953,117303,3.9844284628057283,0.1890882889156475
2311,0.2749,0,9,0,173395,503049,8953,117303,3.9843571790647574,0.18909103218817702
2312,0.275,102,1495,102,174890,501554,9055,117201,3.9725161576479535,0.18941422695574178
2313,0.2751,1,4,1,174894,501550,9056,117200,3.9724844759852997,0.18941414141414142
2314,0.2752,0,16,0,174910,501534,9056,117200,3.972357749334685,0.18941903952263817
2315,0.2753,2,37,2,174947,501497,9058,117198,3.9720646939551387,0.1894277471128747
2316,0.2754,0,8,0,174955,501489,9058,117198,3.9720013306298316,0.18943019652910115
2317,0.2755,1,30,1,174985,501459,9059,117197,3.971763718159929,0.18943807220814152
2318,0.2756,0,8,0,174993,501451,9059,117197,3.971700354834622,0.18944052191229907
2319,0.2757,1,63,1,175056,501388,9060,117196,3.9712013686478267,0.18945850523130245
2320,0.2758,19,154,19,175210,501234,9079,117177,3.9699816246356607,0.1894807821982468
2321,0.2759,0,3,0,175213,501231,9079,117177,3.9699578633886707,0.1894817014010168
2322,0.276,10,175,10,175388,501056,9089,117167,3.968571790647573,0.18952222741632066
2323,0.2761,1,10,1,175398,501046,9090,117166,3.968492586490939,0.1895239820644051
2324,0.2762,3,47,3,175445,500999,9093,117163,3.9681203269547587,0.18953445860470233
2325,0.2763,3,35,3,175480,500964,9096,117160,3.967843112406539,0.18954125709404585
2326,0.2764,1,13,1,175493,500951,9097,117159,3.9677401470029148,0.18954393230978306
2327,0.2765,1,35,1,175528,500916,9098,117158,3.967462932454695,0.18955335445270308
2328,0.2766,0,10,0,175538,500906,9098,117158,3.9673837282980613,0.1895564213414792
2329,0.2767,62,770,62,176308,500136,9160,117096,3.9612850082372324,0.18971148611867175
2330,0.2768,1,15,1,176323,500121,9161,117095,3.961166202002281,0.18971478380340107
2331,0.2769,1,5,1,176328,500116,9162,117094,3.961126599923964,0.18971500785794138
2332,0.277,7,56,7,176384,500060,9169,117087,3.960683056646813,0.18972303195186885
2333,0.2771,2,24,2,176408,500036,9171,117085,3.960492966670891,0.1897277843405102
2334,0.2772,0,16,0,176424,500020,9171,117085,3.960366240020276,0.18973270351074775
2335,0.2773,5,69,5,176493,499951,9176,117080,3.9598197313395005,0.18974735467099707
2336,0.2774,1,6,1,176499,499945,9177,117079,3.95977220884552,0.18974788663001763
2337,0.2775,31,396,31,176895,499549,9208,117048,3.9566357242428083,0.18982901311553577
2338,0.2776,2,13,2,176908,499536,9210,117046,3.956532758839184,0.1898303875234762
2339,0.2777,3,36,3,176944,499500,9213,117043,3.956247623875301,0.18983752958025638
2340,0.2778,3,36,3,176980,499464,9216,117040,3.955962488911418,0.18984467254064857
2341,0.2779,3,20,3,177000,499444,9219,117037,3.9558040805981496,0.18984688903632066
2342,0.278,7,99,7,177099,499345,9226,117030,3.9550199594474718,0.1898681808963699
2343,0.2781,1,4,1,177103,499341,9227,117029,3.954988277784818,0.18986809870694552
2344,0.2782,4,35,4,177138,499306,9231,117025,3.9547110632365987,0.1898736231018722
2345,0.2783,37,438,37,177576,498868,9268,116988,3.9512419211760235,0.18995999064716426
2346,0.2784,1,6,1,177582,498862,9269,116987,3.951194398682043,0.18996052603803854
2347,0.2785,1,41,1,177623,498821,9270,116986,3.950869661639843,0.18997185806592
2348,0.2786,2,17,2,177640,498804,9272,116984,3.950735014573565,0.18997447173377852
2349,0.2787,1,48,1,177688,498756,9273,116983,3.950354834621721,0.18998796568026388
2350,0.2788,3,28,3,177716,498728,9276,116980,3.9501330629831455,0.18999265885777025
2351,0.2789,1,16,1,177732,498712,9277,116979,3.950006336332531,0.18999628060179538
2352,0.279,3,100,3,177832,498612,9280,116976,3.9492142947661892,0.19002319733328135
2353,0.2791,0,3,0,177835,498609,9280,116976,3.9491905335191992,0.19002412339481956
2354,0.2792,11,127,11,177962,498482,9291,116965,3.9481846407299455,0.19004885879693947
2355,0.2793,1,50,1,178012,498432,9292,116964,3.947788619946775,0.19006298383479905
2356,0.2794,0,4,0,178016,498428,9292,116964,3.947756938284121,0.19006421922936925
2357,0.2795,2,31,2,178047,498397,9294,116962,3.947511405398555,0.19007116171210628
2358,0.2796,1,8,1,178055,498389,9295,116961,3.947448042073248,0.19007231656780693
2359,0.2797,2,26,2,178081,498363,9297,116959,3.947242111265999,0.19007771540754273
2360,0.2798,1,24,1,178105,498339,9298,116958,3.9470520212900775,0.1900838131829019
2361,0.2799,0,7,0,178112,498332,9298,116958,3.9469965783804333,0.19008597571876676
2362,0.28,307,4184,307,182296,494148,9605,116651,3.9138575592447093,0.19098099374753397
2363,0.2801,1,4,1,182300,494144,9606,116650,3.9138258775820556,0.19098091991735347
2364,0.2802,1,22,1,182322,494122,9607,116649,3.9136516284374605,0.1909864744724291
2365,0.2803,3,36,3,182358,494086,9610,116646,3.9133664934735775,0.1909937583097005
2366,0.2804,0,9,0,182367,494077,9610,116646,3.9132952097326066,0.19099657291439817
2367,0.2805,4,33,4,182400,494044,9614,116642,3.913033836015714,0.1910015949276715
2368,0.2806,0,2,0,182402,494042,9614,116642,3.9130179951843873,0.19100222046099127
2369,0.2807,5,75,5,182477,493967,9619,116637,3.912423964009631,0.19101905654073673
2370,0.2808,9,141,9,182618,493826,9628,116628,3.91130718540109,0.19105125038086407
2371,0.2809,2,13,2,182631,493813,9630,116626,3.9112042199974653,0.19105266865321516
2372,0.281,3,89,3,182720,493724,9633,116623,3.9104993030034216,0.19107655153543804
2373,0.2811,1,5,1,182725,493719,9634,116622,3.9104597009251045,0.19107679149852297
2374,0.2812,3,26,3,182751,493693,9637,116619,3.9102537701178557,0.19108095531465874
2375,0.2813,5,42,5,182793,493651,9642,116614,3.909921112659992,0.19108747839053525
2376,0.2814,1,10,1,182803,493641,9643,116613,3.9098419085033584,0.1910892841341474
2377,0.2815,2,30,2,182833,493611,9645,116611,3.909604296033456,0.19109602734742437
2378,0.2816,1,2,1,182835,493609,9646,116610,3.909588455202129,0.1910953280707418
2379,0.2817,33,428,33,183263,493181,9679,116577,3.9061985172981877,0.19118568350066747
2380,0.2818,1,21,1,183284,493160,9680,116576,3.906032188569256,0.1911909416534369
2381,0.2819,0,11,0,183295,493149,9680,116576,3.9059450639969584,0.1911943909139366
2382,0.282,6,115,6,183410,493034,9686,116570,3.905034216195666,0.19122249854003584
2383,0.2821,3,14,3,183424,493020,9689,116567,3.904923330376378,0.19122290993738383
2384,0.2822,3,13,3,183437,493007,9692,116564,3.9048203649727538,0.19122300765620412
2385,0.2823,3,44,3,183481,492963,9695,116561,3.9044718666835636,0.19123283086474036
2386,0.2824,0,9,0,183490,492954,9695,116561,3.9044005829425927,0.19123565457782007
2387,0.2825,27,383,27,183873,492571,9722,116534,3.901367063743505,0.1913200515510462
2388,0.2826,1,6,1,183879,492565,9723,116533,3.9013195412495247,0.19132060850634874
2389,0.2827,3,57,3,183936,492508,9726,116530,3.9008680775567104,0.19133453085029178
2390,0.2828,7,32,7,183968,492476,9733,116523,3.900614624255481,0.19133528954891552
2391,0.2829,2,35,2,184003,492441,9735,116521,3.9003374097072614,0.19134363063705123
2392,0.283,4,52,4,184055,492389,9739,116517,3.8999255480927637,0.19135465901140733
2393,0.2831,0,9,0,184064,492380,9739,116517,3.8998542643517933,0.19135748739113512
2394,0.2832,1,36,1,184100,492344,9740,116516,3.8995691293879102,0.19136747363926027
2395,0.2833,49,718,49,184818,491626,9789,116467,3.893882270941579,0.19152826952456287
2396,0.2834,1,8,1,184826,491618,9790,116466,3.893818907616272,0.19152945974569302
2397,0.2835,2,38,2,184864,491580,9792,116464,3.8935179318210618,0.19153877022057614
2398,0.2836,0,12,0,184876,491568,9792,116464,3.893422886833101,0.19154255039208462
2399,0.2837,4,33,4,184909,491535,9796,116460,3.8931615131162083,0.19154762785878174
2400,0.2838,1,21,1,184930,491514,9797,116459,3.8929951843872765,0.19155291435639413
2401,0.2839,0,7,0,184937,491507,9797,116459,3.8929397414776328,0.19155511985867632
2402,0.284,15,178,15,185115,491329,9812,116444,3.891529907489545,0.19159126845055638
2403,0.2841,1,8,1,185123,491321,9813,116443,3.8914665441642375,0.191592460231274
2404,0.2842,7,141,7,185264,491180,9820,116436,3.8903497655556962,0.19162760690962713
2405,0.2843,6,67,6,185331,491113,9826,116430,3.8898190977062477,0.19164075629214722
2406,0.2844,2,9,2,185340,491104,9828,116428,3.889747813965277,0.19164093414009467
2407,0.2845,3,18,3,185358,491086,9831,116425,3.8896052464833355,0.19164262046283936
2408,0.2846,2,16,2,185374,491070,9833,116423,3.889478519832721,0.19164500660912964
2409,0.2847,1,34,1,185408,491036,9834,116422,3.889209225700165,0.19165440244428422
2410,0.2848,3,29,3,185437,491007,9837,116419,3.8889795336459256,0.19165956017687752
2411,0.2849,0,4,0,185441,491003,9837,116419,3.888947851983272,0.19166082229487902
2412,0.285,124,1506,124,186947,489497,9961,116295,3.8770197059941705,0.19197183191590514
2413,0.2851,1,11,1,186958,489486,9962,116294,3.876932581421873,0.19197398395457096
2414,0.2852,3,25,3,186983,489461,9965,116291,3.876734571030288,0.19197790514930202
2415,0.2853,6,37,6,187020,489424,9971,116285,3.8764415156507415,0.19198162814156633
2416,0.2854,0,13,0,187033,489411,9971,116285,3.876338550247117,0.19198574862637363
2417,0.2855,3,28,3,187061,489383,9974,116282,3.8761167786085413,0.19199062187843113
2418,0.2856,0,13,0,187074,489370,9974,116282,3.876013813204917,0.19199474285563325
2419,0.2857,3,72,3,187146,489298,9977,116279,3.875443543277151,0.19201356722596796
2420,0.2858,3,126,3,187272,489172,9980,116276,3.874445570903561,0.19204952365851402
2421,0.2859,0,5,0,187277,489167,9980,116276,3.874405968825244,0.19205110968332278
2422,0.286,14,159,14,187436,489008,9994,116262,3.8731466227347613,0.19208287210666314
2423,0.2861,3,12,3,187448,488996,9997,116259,3.8730515777468,0.192082675896936
2424,0.2862,3,30,3,187478,488966,10000,116256,3.872813965276898,0.19208819243186798
2425,0.2863,3,25,3,187503,488941,10003,116253,3.8726159548853123,0.19209212252599991
2426,0.2864,1,14,1,187517,488927,10004,116252,3.8725050690660248,0.19209523132825165
2427,0.2865,2,39,2,187556,488888,10006,116250,3.8721961728551513,0.19210494135222048
2428,0.2866,1,7,1,187563,488881,10007,116249,3.8721407299455075,0.19210582849966124
2429,0.2867,58,849,58,188412,488032,10065,116191,3.865416297047269,0.1922982077809021
2430,0.2868,1,23,1,188435,488009,10066,116190,3.8652341274870103,0.19230419116880365
2431,0.2869,1,3,1,188438,488006,10067,116189,3.8652103662400203,0.19230380920067197
2432,0.287,7,54,7,188492,487952,10074,116182,3.864782663794196,0.19231163947071345
2433,0.2871,0,28,0,188520,487924,10074,116182,3.8645608921556205,0.1923205530155304
2434,0.2872,1,29,1,188549,487895,10075,116181,3.864331200101381,0.19232844873823823
2435,0.2873,2,56,2,188605,487839,10077,116179,3.86388765682423,0.19234360565413613
2436,0.2874,2,13,2,188618,487826,10079,116177,3.8637846914206055,0.19234507113375265
2437,0.2875,41,411,41,189029,487415,10120,116136,3.8605294005829425,0.19242118727332072
2438,0.2876,1,8,1,189037,487407,10121,116135,3.8604660372576354,0.19242239976671052
2439,0.2877,2,41,2,189078,487366,10123,116133,3.8601413002154352,0.19243279607754113
2440,0.2878,1,24,1,189102,487342,10124,116132,3.8599512102395135,0.19243911088133042
2441,0.2879,1,12,1,189114,487330,10125,116131,3.8598561652515526,0.19244159937427605
2442,0.288,6,109,6,189223,487221,10131,116125,3.85899283994424,0.1924683349189354
2443,0.2881,1,4,1,189227,487217,10132,116124,3.858961158281587,0.1924682725026146
2444,0.2882,2,28,2,189255,487189,10134,116122,3.858739386643011,0.19247452806264098
2445,0.2883,34,446,34,189701,486743,10168,116088,3.8552068812571285,0.19257138401973356
2446,0.2884,1,4,1,189705,486739,10169,116087,3.8551751995944747,0.1925713224048067
2447,0.2885,7,27,7,189732,486712,10176,116080,3.8549613483715626,0.19257057160678973
2448,0.2886,2,15,2,189747,486697,10178,116078,3.8548425421366113,0.19257268466674962
2449,0.2887,3,38,3,189785,486659,10181,116075,3.8545415663414015,0.19258080679039177
2450,0.2888,3,25,3,189810,486634,10184,116072,3.854343555949816,0.1925847759936022
2451,0.2889,1,9,1,189819,486625,10185,116071,3.8542722722088456,0.19258631217064656
2452,0.289,7,93,7,189912,486532,10192,116064,3.853535673552148,0.19260665520514575
2453,0.2891,0,11,0,189923,486521,10192,116064,3.8534485489798507,0.19261017117916973
2454,0.2892,12,143,12,190066,486378,10204,116052,3.8523159295399823,0.19263980877446343
2455,0.2893,4,70,4,190136,486308,10208,116048,3.8517615004435433,0.192656834164514
2456,0.2894,1,15,1,190151,486293,10209,116047,3.851642694208592,0.19266029152970082
2457,0.2895,3,32,3,190183,486261,10212,116044,3.8513892409073627,0.1926665061721221
2458,0.2896,0,4,0,190187,486257,10212,116044,3.8513575592447093,0.19266778570847468
2459,0.2897,2,39,2,190226,486218,10214,116042,3.851048663033836,0.19267758111114802
2460,0.2898,0,24,0,190250,486194,10214,116042,3.850858573057914,0.1926852595992269
2461,0.2899,1,3,1,190253,486191,10215,116041,3.8508348118109237,0.19268487891709507
2462,0.29,320,4328,320,194581,481863,10535,115721,3.816555252819668,0.19364808964095423
2463,0.2901,0,7,0,194588,481856,10535,115721,3.8164998099100242,0.1936503580291745
2464,0.2902,1,18,1,194606,481838,10536,115720,3.8163572424280825,0.19365484187309015
2465,0.2903,1,19,1,194625,481819,10537,115719,3.816206754530478,0.19365965009756703
2466,0.2904,1,9,1,194634,481810,10538,115718,3.816135470789507,0.19366121754963783
2467,0.2905,3,25,3,194659,481785,10541,115715,3.8159374603979215,0.1936652719665272
2468,0.2906,2,8,2,194667,481777,10543,115713,3.8158740970726144,0.1936651659441999
2469,0.2907,14,67,14,194734,481710,10557,115699,3.815343429223166,0.19366798960176362
2470,0.2908,9,153,9,194887,481557,10566,115690,3.814131605626663,0.1937054518482303
2471,0.2909,2,5,2,194892,481552,10568,115688,3.814092003548346,0.1937043734512089
2472,0.291,9,97,9,194989,481455,10577,115679,3.813323723228995,0.19372368681066562
2473,0.2911,1,11,1,195000,481444,10578,115678,3.8132365986566974,0.19372590525889183
2474,0.2912,3,30,3,195030,481414,10581,115675,3.8129989861867952,0.19373158775324953
2475,0.2913,2,51,2,195081,481363,10583,115673,3.812595044987961,0.19374543578611675
2476,0.2914,3,16,3,195097,481347,10586,115670,3.8124683183373462,0.19374657673064585
2477,0.2915,5,43,5,195140,481304,10591,115665,3.8121277404638194,0.19375377950948877
2478,0.2916,0,4,0,195144,481300,10591,115665,3.812096058801166,0.1937550777683784
2479,0.2917,27,453,27,195597,480847,10618,115638,3.8085081105056395,0.19386573006865218
2480,0.2918,6,30,6,195627,480817,10624,115632,3.808270498035737,0.1938673717283456
2481,0.2919,4,13,4,195640,480804,10628,115628,3.8081675326321127,0.19386619094884244
2482,0.292,11,98,11,195738,480706,10639,115617,3.8073913318970978,0.19388318075942065
2483,0.2921,1,16,1,195754,480690,10640,115616,3.807264605246483,0.1938870311551452
2484,0.2922,4,21,4,195775,480669,10644,115612,3.807098276517552,0.19388845192115797
2485,0.2923,5,54,5,195829,480615,10649,115607,3.8066705740717275,0.19389925229193153
2486,0.2924,3,19,3,195848,480596,10652,115604,3.8065200861741224,0.19390137537739013
2487,0.2925,35,437,35,196285,480159,10687,115569,3.8030588645292105,0.1939962533236645
2488,0.2926,0,4,0,196289,480155,10687,115569,3.8030271828665567,0.19399755591515533
2489,0.2927,8,53,8,196342,480102,10695,115561,3.8026074008363957,0.19400399219021494
2490,0.2928,3,20,3,196362,480082,10698,115558,3.8024489925231277,0.19400644684708884
2491,0.2929,5,30,5,196392,480052,10703,115553,3.802211380053225,0.19400945257343374
2492,0.293,5,54,5,196446,479998,10708,115548,3.8017836776074008,0.19402027719101464
2493,0.2931,1,9,1,196455,479989,10709,115547,3.80171239386643,0.19402185594153837
2494,0.2932,0,27,0,196482,479962,10709,115547,3.8014985426435177,0.19403065276931164
2495,0.2933,69,813,69,197295,479149,10778,115478,3.7950592447091624,0.19420241596832974
2496,0.2934,0,1,0,197296,479148,10778,115478,3.795051324293499,0.19420274256423364
2497,0.2935,5,38,5,197334,479110,10783,115473,3.7947503484982894,0.19420837797246138
2498,0.2936,3,14,3,197348,479096,10786,115470,3.7946394626790014,0.1942088851363852
2499,0.2937,5,47,5,197395,479049,10791,115465,3.794267203142821,0.19421746165775744
2500,0.2938,2,35,2,197430,479014,10793,115463,3.7939899885946016,0.19422618536966108
2501,0.2939,0,5,0,197435,479009,10793,115463,3.7939503865162845,0.1942278189721299
2502,0.294,15,171,15,197606,478838,10808,115448,3.7925959954378405,0.19426336814261147
2503,0.2941,0,6,0,197612,478832,10808,115448,3.79254847294386,0.19426532947432187
2504,0.2942,7,140,7,197752,478692,10815,115441,3.791439614750982,0.19430161260189216
2505,0.2943,6,55,6,197807,478637,10821,115435,3.7910039918894944,0.19431146393029802
2506,0.2944,2,12,2,197819,478625,10823,115433,3.7909089469015336,0.19431267654000114
2507,0.2945,4,49,4,197868,478576,10827,115429,3.7905208465340263,0.1943232801070698
2508,0.2946,0,14,0,197882,478562,10827,115429,3.7904099607147383,0.1943278601864338
2509,0.2947,6,28,6,197910,478534,10833,115423,3.790188189076163,0.19432888239384333
2510,0.2948,2,22,2,197932,478512,10835,115421,3.7900139399315678,0.19433336756839575
2511,0.2949,2,6,2,197938,478506,10837,115419,3.7899664174375873,0.194332617754767
2512,0.295,123,1510,123,199448,476996,10960,115296,3.778006589785832,0.19466074166120764
2513,0.2951,1,11,1,199459,476985,10961,115295,3.7779194652135346,0.1946629972310394
2514,0.2952,2,20,2,199479,476965,10963,115293,3.777761056900266,0.19466685127089883
2515,0.2953,3,43,3,199522,476922,10966,115290,3.7774204790267394,0.19467690624303458
2516,0.2954,0,16,0,199538,476906,10966,115290,3.7772937523761247,0.19468216603962202
2517,0.2955,2,29,2,199567,476877,10968,115288,3.777064060321886,0.19468898026732415
2518,0.2956,0,7,0,199574,476870,10968,115288,3.7770086174122417,0.19469128171873049
2519,0.2957,5,76,5,199650,476794,10973,115283,3.7764066658218223,0.19470947190990362
2520,0.2958,9,158,9,199808,476636,10982,115274,3.775155240147003,0.19474920173675053
2521,0.2959,1,8,1,199816,476628,10983,115273,3.7750918768216954,0.19475047347444926
2522,0.296,11,173,11,199989,476455,10994,115262,3.773721644911925,0.19479244300907358
2523,0.2961,0,10,0,199999,476445,10994,115262,3.7736424407552907,0.19479573505130074
2524,0.2962,3,38,3,200037,476407,10997,115259,3.773341464960081,0.19480416315962046
2525,0.2963,4,40,4,200077,476367,11001,115255,3.7730246483335446,0.19481189002437366
2526,0.2964,1,9,1,200086,476358,11002,115254,3.7729533645925737,0.1948134926269244
2527,0.2965,5,35,5,200121,476323,11007,115249,3.7726761500443544,0.19481821316762796
2528,0.2966,2,8,2,200129,476315,11009,115247,3.772612786719047,0.1948181255726365
2529,0.2967,72,882,72,201011,475433,11081,115175,3.765626980103916,0.1950109040175548
2530,0.2968,2,31,2,201042,475402,11083,115173,3.76538144721835,0.19501841425729163
2531,0.2969,3,7,3,201049,475395,11086,115170,3.7653260043087062,0.19501663661070331
2532,0.297,7,66,7,201115,475329,11093,115163,3.764803256874921,0.1950288911619463
2533,0.2971,2,23,2,201138,475306,11095,115161,3.764621087314662,0.19503376141257683
2534,0.2972,3,12,3,201150,475294,11098,115158,3.7645260423267013,0.19503363524892794
2535,0.2973,5,62,5,201212,475232,11103,115153,3.76403497655557,0.195047299643453
2536,0.2974,1,4,1,201216,475228,11104,115152,3.764003294892916,0.1950472576984315
2537,0.2975,35,457,35,201673,474771,11139,115117,3.7603836649347357,0.1951506048605837
2538,0.2976,1,22,1,201695,474749,11140,115116,3.7602094157901407,0.19515651886448593
2539,0.2977,2,50,2,201745,474699,11142,115114,3.75981339500697,0.19517033364812236
2540,0.2978,3,30,3,201775,474669,11145,115111,3.7595757825370675,0.19517616738444843
2541,0.2979,1,23,1,201798,474646,11146,115110,3.759393612976809,0.19518241442223563
2542,0.298,6,115,6,201913,474531,11152,115104,3.7584827651755166,0.19521229235035234
2543,0.2981,1,12,1,201925,474519,11153,115103,3.7583877201875553,0.19521490039381162
2544,0.2982,4,37,4,201962,474482,11157,115099,3.758094664808009,0.19522169133672895
2545,0.2983,44,440,44,202402,474042,11201,115055,3.754609681916107,0.195307394198239
2546,0.2984,4,11,4,202413,474031,11205,115051,3.7545225573438095,0.19530557715224706
2547,0.2985,6,39,6,202452,473992,11211,115045,3.7542136611329364,0.1953103115763526
2548,0.2986,2,16,2,202468,473976,11213,115043,3.754086934482322,0.19531288464378907
2549,0.2987,6,49,6,202517,473927,11219,115037,3.7536988341148145,0.195320936423958
2550,0.2988,1,31,1,202548,473896,11220,115036,3.7534533012292486,0.19532985132409175
2551,0.2989,0,9,0,202557,473887,11220,115036,3.7533820174882777,0.195332836380987
2552,0.299,6,104,6,202661,473783,11226,115030,3.752558294259283,0.19535913779077568
2553,0.2991,0,7,0,202668,473776,11226,115030,3.752502851349639,0.19536146031120608
2554,0.2992,15,159,15,202827,473617,11241,115015,3.751243505259156,0.19539372647086806
2555,0.2993,2,72,2,202899,473545,11243,115013,3.7506732353313903,0.19541489538838994
2556,0.2994,0,9,0,202908,473536,11243,115013,3.7506019515904194,0.19541788364265336
2557,0.2995,3,34,3,202942,473502,11246,115010,3.7503326574578635,0.1954250720461095
2558,0.2996,1,7,1,202949,473495,11247,115009,3.7502772145482193,0.19542602938977474
2559,0.2997,1,26,1,202975,473469,11248,115008,3.750071283740971,0.1954332964584852
2560,0.2998,1,24,1,202999,473445,11249,115007,3.7498811937650487,0.19543989994086178
2561,0.2999,1,11,1,203010,473434,11250,115006,3.749794069192751,0.1954421861192305
2562,0.3,316,4280,316,207290,469154,11566,114690,3.7158946901533394,0.19643945985571487
2563,0.3001,2,7,2,207297,469147,11568,114688,3.715839247243695,0.19643906240633055
2564,0.3002,1,23,1,207320,469124,11569,114687,3.715657077683437,0.19644542497486345
2565,0.3003,7,50,7,207370,469074,11576,114680,3.715261056900266,0.196452615313985
2566,0.3004,2,15,2,207385,469059,11578,114678,3.715142250665315,0.19645491034489848
2567,0.3005,2,28,2,207413,469031,11580,114676,3.7149204790267394,0.1964615808958947
2568,0.3006,2,4,2,207417,469027,11582,114674,3.7148887973640856,0.1964601739589276
2569,0.3007,11,59,11,207476,468968,11593,114663,3.714421492839944,0.19646488963060563
2570,0.3008,12,159,12,207635,468809,11605,114651,3.7131621467494615,0.19650190244404073
2571,0.3009,0,5,0,207640,468804,11605,114651,3.7131225446711444,0.19650358639483764
2572,0.301,3,79,3,207719,468725,11608,114648,3.7124968318337346,0.19652606479902224
2573,0.3011,0,12,0,207731,468713,11608,114648,3.7124017868457737,0.1965301074291905
2574,0.3012,3,46,3,207777,468667,11611,114645,3.7120374477252565,0.19654147351674575
2575,0.3013,4,47,4,207824,468620,11615,114641,3.7116651881890763,0.19655180099475192
2576,0.3014,0,22,0,207846,468598,11615,114641,3.7114909390444812,0.1965592150044836
2577,0.3015,3,47,3,207893,468551,11618,114638,3.7111186795083007,0.19657092297694229
2578,0.3016,0,4,0,207897,468547,11618,114638,3.711086997845647,0.1965722712346854
2579,0.3017,43,476,43,208373,468071,11661,114595,3.707316879989862,0.19667356598806177
2580,0.3018,1,31,1,208404,468040,11662,114594,3.707071347104296,0.1966826515445374
2581,0.3019,0,8,0,208412,468032,11662,114594,3.707007983778989,0.19668535218133074
2582,0.302,8,136,8,208548,467896,11670,114586,3.7059308072487642,0.19672024199889437
2583,0.3021,2,11,2,208559,467885,11672,114584,3.7058436826764667,0.19672119889642195
2584,0.3022,0,18,0,208577,467867,11672,114584,3.7057011151945254,0.1967272783461613
2585,0.3023,7,51,7,208628,467816,11679,114577,3.7052971739956915,0.19673485086530917
2586,0.3024,1,13,1,208641,467803,11680,114576,3.705194208592067,0.19673786314410374
2587,0.3025,35,403,35,209044,467400,11715,114541,3.702002281079711,0.19682579505482514
2588,0.3026,1,10,1,209054,467390,11716,114540,3.701923076923077,0.19682779715773374
2589,0.3027,7,59,7,209113,467331,11723,114533,3.7014557723989356,0.19683809275019593
2590,0.3028,0,24,0,209137,467307,11723,114533,3.7012656824230135,0.19684621201704935
2591,0.3029,6,29,6,209166,467278,11729,114527,3.7010359903687746,0.1968477410816339
2592,0.303,1,65,1,209231,467213,11730,114526,3.7005211633506527,0.19686835505269545
2593,0.3031,0,11,0,209242,467202,11730,114526,3.700434038778355,0.19687207767203915
2594,0.3032,3,30,3,209272,467172,11733,114523,3.7001964263084526,0.19687808903291243
2595,0.3033,59,857,59,210129,466315,11792,114464,3.6934086300849067,0.19708701588728242
2596,0.3034,0,2,0,210131,466313,11792,114464,3.69339278925358,0.19708769458845649
2597,0.3035,3,47,3,210178,466266,11795,114461,3.6930205297173995,0.19709949769857438
2598,0.3036,2,16,2,210194,466250,11797,114459,3.692893803066785,0.1971021630455185
2599,0.3037,1,40,1,210234,466210,11798,114458,3.6925769864402485,0.19711435794636523
2600,0.3038,3,30,3,210264,466180,11801,114455,3.692339373970346,0.19712039405134035
2601,0.3039,4,15,4,210279,466165,11805,114451,3.6922205677353945,0.19711995535775798
2602,0.304,22,199,22,210478,465966,11827,114429,3.6906444050183755,0.1971571085209211
2603,0.3041,0,3,0,210481,465963,11827,114429,3.690620643771385,0.19715812761030477
2604,0.3042,18,174,18,210655,465789,11845,114411,3.689242491445951,0.1971923474663909
2605,0.3043,6,63,6,210718,465726,11851,114405,3.688743505259156,0.19720545876707157
2606,0.3044,2,14,2,210732,465712,11853,114403,3.6886326194398684,0.19720745024693379
2607,0.3045,4,41,4,210773,465671,11857,114399,3.6883078823976683,0.1972158532590894
2608,0.3046,0,17,0,210790,465654,11857,114399,3.6881732353313903,0.1972216331955873
2609,0.3047,2,49,2,210839,465605,11859,114397,3.687785134963883,0.1972355267740456
2610,0.3048,2,37,2,210876,465568,11861,114395,3.6874920795843367,0.1972453415131655
2611,0.3049,0,4,0,210880,465564,11861,114395,3.687460397921683,0.19724670192203242
2612,0.305,145,1621,145,212501,463943,12006,114250,3.674621404131289,0.19759837977976213
2613,0.3051,2,6,2,212507,463937,12008,114248,3.674573881637308,0.1975976547298875
2614,0.3052,3,24,3,212531,463913,12011,114245,3.6743837916613864,0.19760169365467573
2615,0.3053,5,45,5,212576,463868,12016,114240,3.674027372956533,0.19761013513046005
2616,0.3054,1,6,1,212582,463862,12017,114239,3.6739798504625525,0.19761079811313248
2617,0.3055,5,21,5,212603,463841,12022,114234,3.6738135217336207,0.19761103663019505
2618,0.3056,1,8,1,212611,463833,12023,114233,3.673750158408313,0.1976123833610695
2619,0.3057,10,60,10,212671,463773,12033,114223,3.6732749334685084,0.19761901466446136
2620,0.3058,12,153,12,212824,463620,12045,114211,3.6720631098720062,0.19765467757873842
2621,0.3059,0,4,0,212828,463616,12045,114211,3.6720314282093525,0.19765604584071012
2622,0.306,23,161,23,212989,463455,12068,114188,3.6707562412875427,0.1976791893955263
2623,0.3061,0,11,0,213000,463444,12068,114188,3.670669116715245,0.19768295385297213
2624,0.3062,6,41,6,213041,463403,12074,114182,3.670344379673045,0.1976886518867353
2625,0.3063,4,40,4,213081,463363,12078,114178,3.6700275630465087,0.19769678689478323
2626,0.3064,0,11,0,213092,463352,12078,114178,3.669940438474211,0.19770055235225875
2627,0.3065,4,35,4,213127,463317,12082,114174,3.6696632239259914,0.19770697725159353
2628,0.3066,1,5,1,213132,463312,12083,114173,3.6696236218476748,0.19770729975670365
2629,0.3067,54,840,54,213972,462472,12137,114119,3.662970472690407,0.19792018952775883
2630,0.3068,8,28,8,214000,462444,12145,114111,3.6627487010518314,0.19791867211280798
2631,0.3069,1,15,1,214015,462429,12146,114110,3.66262989481688,0.19792243022588238
2632,0.307,6,56,6,214071,462373,12152,114104,3.6621863515397286,0.19793330870095424
2633,0.3071,2,16,2,214087,462357,12154,114102,3.662059624889114,0.19793601973427424
2634,0.3072,1,16,1,214103,462341,12155,114101,3.6619328982384998,0.19794012233667915
2635,0.3073,7,54,7,214157,462287,12162,114094,3.6615051957926754,0.19794892614433857
2636,0.3074,1,6,1,214163,462281,12163,114093,3.6614576732986945,0.19794959522809843
2637,0.3075,35,421,35,214584,461860,12198,114058,3.6581231783043973,0.19804555509638525
2638,0.3076,1,11,1,214595,461849,12199,114057,3.6580360537320997,0.19804794532441058
2639,0.3077,6,35,6,214630,461814,12205,114051,3.6577588391838805,0.19805162668333723
2640,0.3078,3,16,3,214646,461798,12208,114048,3.657632112533266,0.1980529516572139
2641,0.3079,0,15,0,214661,461783,12208,114048,3.6575133062983145,0.1980581107998701
2642,0.308,8,96,8,214757,461687,12216,114040,3.6567529463946267,0.19807999277435312
2643,0.3081,0,7,0,214764,461680,12216,114040,3.656697503484983,0.19808240116723408
2644,0.3082,2,38,2,214802,461642,12218,114038,3.656396527689773,0.1980926903835464
2645,0.3083,41,446,41,215248,461196,12259,113997,3.6528640223038904,0.1981891295617297
2646,0.3084,1,6,1,215254,461190,12260,113996,3.65281649980991,0.19818980295069769
2647,0.3085,6,22,6,215276,461168,12266,113990,3.652642250665315,0.19818901936511357
2648,0.3086,0,17,0,215293,461151,12266,113990,3.652507603599037,0.1981948774300563
2649,0.3087,1,52,1,215345,461099,12267,113989,3.6520957419845392,0.19821140416771
2650,0.3088,2,34,2,215379,461065,12269,113987,3.6518264478519833,0.19822033485667384
2651,0.3089,0,11,0,215390,461054,12269,113987,3.6517393232796858,0.19822412662749264
2652,0.309,7,124,7,215514,460930,12276,113980,3.6507571917374224,0.1982571185055052
2653,0.3091,2,10,2,215524,460920,12278,113978,3.650677987580788,0.19825777790147123
2654,0.3092,18,144,18,215668,460776,12296,113960,3.6495374477252565,0.198282341805629
2655,0.3093,10,72,10,215740,460704,12306,113950,3.648967177797491,0.1982932338415812
2656,0.3094,1,16,1,215756,460688,12307,113949,3.648840451146876,0.19829735989850983
2657,0.3095,3,37,3,215793,460651,12310,113946,3.64854739576733,0.198305943121875
2658,0.3096,2,13,2,215806,460638,12312,113944,3.6484444303637056,0.19830763929256398
2659,0.3097,7,35,7,215841,460603,12319,113937,3.648167215815486,0.19830995230967383
2660,0.3098,1,23,1,215864,460580,12320,113936,3.6479850462552275,0.19831649597226186
2661,0.3099,0,8,0,215872,460572,12320,113936,3.6479216829299204,0.19831925752121815
2662,0.31,320,4426,320,220298,456146,12640,113616,3.6128659232036497,0.19940957803433715
2663,0.3101,0,8,0,220306,456138,12640,113616,3.612802559878342,0.1994123779736518
2664,0.3102,2,22,2,220328,456116,12642,113614,3.612628310733747,0.19941726782862057
2665,0.3103,5,31,5,220359,456085,12647,113609,3.6123827778481816,0.19942109272697273
2666,0.3104,4,14,4,220373,456071,12651,113605,3.6122718920288936,0.19942037228178824
2667,0.3105,5,39,5,220412,456032,12656,113600,3.6119629958180206,0.19942699848323128
2668,0.3106,0,8,0,220420,456024,12656,113600,3.611899632492713,0.19942979930620902
2669,0.3107,4,89,4,220509,455935,12660,113596,3.6111947154986694,0.19945534132470402
2670,0.3108,15,193,15,220702,455742,12675,113581,3.6096660752756304,0.1995018644951987
2671,0.3109,0,5,0,220707,455737,12675,113581,3.6096264731973133,0.19950361660794144
2672,0.311,9,93,9,220800,455644,12684,113572,3.608889874540616,0.19952355520575668
2673,0.3111,0,8,0,220808,455636,12684,113572,3.6088265112153084,0.19952635943275568
2674,0.3112,4,24,4,220832,455612,12688,113568,3.6086364212393867,0.19952914719420922
2675,0.3113,7,55,7,220887,455557,12695,113561,3.608200798377899,0.19953858426547746
2676,0.3114,0,19,0,220906,455538,12695,113561,3.608050310480294,0.19954524608196464
2677,0.3115,6,42,6,220948,455496,12701,113555,3.6077176530224304,0.1995515340452789
2678,0.3116,0,7,0,220955,455489,12701,113555,3.6076622101127866,0.19955398879524255
2679,0.3117,31,495,31,221450,454994,12732,113524,3.6037416043593966,0.19968409091708617
2680,0.3118,1,17,1,221467,454977,12733,113523,3.6036069572931186,0.199688654353562
2681,0.3119,0,5,0,221472,454972,12733,113523,3.6035673552148015,0.19969041064565213
2682,0.312,11,138,11,221610,454834,12744,113512,3.6024743378532507,0.19972340792404628
2683,0.3121,2,12,2,221622,454822,12746,113510,3.6023792928652894,0.19972480873855422
2684,0.3122,1,23,1,221645,454799,12747,113509,3.602197123305031,0.199731483632115
2685,0.3123,4,51,4,221696,454748,12751,113505,3.601793182106197,0.19974377609973024
2686,0.3124,4,8,4,221704,454740,12755,113501,3.6017298187808895,0.19974095498212907
2687,0.3125,35,463,35,222167,454277,12790,113466,3.5980626663287287,0.19985451163642703
2688,0.3126,0,11,0,222178,454266,12790,113466,3.597975541756431,0.19985838388535435
2689,0.3127,5,55,5,222233,454211,12795,113461,3.5975399188949435,0.19987069998167956
2690,0.3128,1,20,1,222253,454191,12796,113460,3.5973815105816755,0.19987633246484196
2691,0.3129,1,26,1,222279,454165,12797,113459,3.5971755797744267,0.19988407819260637
2692,0.313,1,61,1,222340,454104,12798,113458,3.596692434418958,0.19990415144072365
2693,0.3131,1,9,1,222349,454095,12799,113457,3.5966211506779877,0.19990591170500677
2694,0.3132,5,29,5,222378,454066,12804,113452,3.5963914586237484,0.19990907777374461
2695,0.3133,78,906,78,223284,453160,12882,113374,3.5892155620326953,0.2001186160053942
2696,0.3134,0,2,0,223286,453158,12882,113374,3.5891997212013687,0.20011932247428213
2697,0.3135,3,45,3,223331,453113,12885,113371,3.588843302496515,0.20013098339935462
2698,0.3136,0,11,0,223342,453102,12885,113371,3.5887561779242176,0.20013486962308882
2699,0.3137,4,45,4,223387,453057,12889,113367,3.5883997592193637,0.20014512096945045
2700,0.3138,2,19,2,223406,453038,12891,113365,3.588249271321759,0.20014901051018444
2701,0.3139,1,9,1,223415,453029,12892,113364,3.588177987580788,0.20015077869959552
2702,0.314,13,145,13,223560,452884,12905,113351,3.587029527309593,0.2001836693245737
2703,0.3141,0,3,0,223563,452881,12905,113351,3.587005766062603,0.20018472993401998
2704,0.3142,8,162,8,223725,452719,12913,113343,3.58572265872513,0.2002307167766075
2705,0.3143,4,65,4,223790,452654,12917,113339,3.585207831707008,0.20024805960497744
2706,0.3144,0,6,0,223796,452648,12917,113339,3.5851603092130273,0.20025018242468468
2707,0.3145,3,42,3,223838,452606,12920,113336,3.5848276517551643,0.20026080411066857
2708,0.3146,3,12,3,223850,452594,12923,113333,3.584732606767203,0.20026081102332988
2709,0.3147,4,47,4,223897,452547,12927,113329,3.584360347231023,0.20027179099307976
2710,0.3148,0,31,0,223928,452516,12927,113329,3.584114814345457,0.20028276294745026
2711,0.3149,0,9,0,223937,452507,12927,113329,3.584043530604486,0.20028594857874013
2712,0.315,110,1621,110,225558,450886,13037,113219,3.571204536814092,0.20070554240788505
2713,0.3151,0,10,0,225568,450876,13037,113219,3.571125332657458,0.20070910041748288
2714,0.3152,3,29,3,225597,450847,13040,113216,3.570895640603219,0.20071516834112502
2715,0.3153,5,42,5,225639,450805,13045,113211,3.5705629831453556,0.20072302913392528
2716,0.3154,0,9,0,225648,450796,13045,113211,3.5704916994043847,0.20072623212123253
2717,0.3155,6,32,6,225680,450764,13051,113205,3.5702382461031554,0.20072911808982408
2718,0.3156,1,9,1,225689,450755,13052,113204,3.5701669623621846,0.2007309041969363
2719,0.3157,3,70,3,225759,450685,13055,113201,3.5696125332657456,0.20075157035287275
2720,0.3158,14,167,14,225926,450518,13069,113187,3.568289823849956,0.20079119397557232
2721,0.3159,1,6,1,225932,450512,13070,113186,3.568242301355975,0.2007919134004378
2722,0.316,22,179,22,226111,450333,13092,113164,3.566824546952224,0.20082449418541715
2723,0.3161,1,9,1,226120,450324,13093,113163,3.5667532632112535,0.20082628348125156
2724,0.3162,3,49,3,226169,450275,13096,113160,3.566365162843746,0.2008394934641973
2725,0.3163,3,29,3,226198,450246,13099,113157,3.566135470789507,0.20084557590215174
2726,0.3164,0,11,0,226209,450235,13099,113157,3.5660483462172095,0.20084949733045554
2727,0.3165,8,35,8,226244,450200,13107,113149,3.56577113166899,0.200850627231077
2728,0.3166,1,3,1,226247,450197,13108,113148,3.5657473704219997,0.20085027824867532
2729,0.3167,74,902,74,227149,449295,13182,113074,3.5586031554936004,0.2010672707777278
2730,0.3168,1,20,1,227169,449275,13183,113073,3.558444747180332,0.20107300105984194
2731,0.3169,0,14,0,227183,449261,13183,113073,3.558333861361044,0.20107800702073855
2732,0.317,9,85,9,227268,449176,13192,113064,3.557660626029654,0.20109561752988048
2733,0.3171,4,25,4,227293,449151,13196,113060,3.5574626156380686,0.20109887568902066
2734,0.3172,0,19,0,227312,449132,13196,113060,3.557312127740464,0.20110567208355865
2735,0.3173,4,51,4,227363,449081,13200,113056,3.5569081865416297,0.20111823274397522
2736,0.3174,0,6,0,227369,449075,13200,113056,3.5568606640476492,0.2011203794133396
2737,0.3175,33,424,33,227793,448651,13233,113023,3.5535024078063615,0.2012252659015728
2738,0.3176,0,12,0,227805,448639,13233,113023,3.5534073628184006,0.20122956511211368
2739,0.3177,4,40,4,227845,448599,13237,113019,3.5530905461918643,0.20123820817708835
2740,0.3178,1,15,1,227860,448584,13238,113018,3.552971739956913,0.2012421608185156
2741,0.3179,2,20,2,227880,448564,13240,113016,3.5528133316436445,0.20124648313686386
2742,0.318,18,120,18,228000,448444,13258,112998,3.551862881764035,0.20126388834465536
2743,0.3181,1,11,1,228011,448433,13259,112997,3.5517757571917374,0.20126640899132572
2744,0.3182,1,35,1,228046,448398,13260,112996,3.5514985426435177,0.20127753413823446
2745,0.3183,42,484,42,228530,447914,13302,112954,3.5476650614624257,0.20139141473573105
2746,0.3184,0,2,0,228532,447912,13302,112954,3.5476492206310986,0.2013921328802245
2747,0.3185,4,35,4,228567,447877,13306,112950,3.5473720060828793,0.20139900539738637
2748,0.3186,0,17,0,228584,447860,13306,112950,3.5472373590166013,0.20140511046521994
2749,0.3187,3,42,3,228626,447818,13309,112947,3.546904701558738,0.20141592289105062
2750,0.3188,2,29,2,228655,447789,13311,112945,3.546675009504499,0.20142349135240595
2751,0.3189,1,11,1,228666,447778,13312,112944,3.5465878849322015,0.20142601859745116
2752,0.319,11,103,11,228769,447675,13323,112933,3.5457720821188694,0.20144735715508877
2753,0.3191,0,6,0,228775,447669,13323,112933,3.545724559624889,0.2014495132018794
2754,0.3192,13,140,13,228915,447529,13336,112920,3.544615701432011,0.2014813123049555
2755,0.3193,3,77,3,228992,447452,13339,112917,3.5440058294259282,0.20150472278088188
2756,0.3194,0,9,0,229001,447443,13339,112917,3.5439345456849574,0.20150795916910558
2757,0.3195,7,28,7,229029,447415,13346,112910,3.543712774046382,0.20150805336188818
2758,0.3196,0,14,0,229043,447401,13346,112910,3.5436018882270943,0.2015130882670517
2759,0.3197,2,38,2,229081,447363,13348,112908,3.5433009124318846,0.2015239053957817
2760,0.3198,4,24,4,229105,447339,13352,112904,3.5431108224559624,0.2015268374616015
2761,0.3199,0,8,0,229113,447331,13352,112904,3.5430474591306553,0.2015297152087963
2762,0.32,357,4322,357,233435,443009,13709,112547,3.5088154226333796,0.20258443793244965
2763,0.3201,1,9,1,233444,443000,13710,112546,3.508744138892409,0.20258628448409313
2764,0.3202,0,19,0,233463,442981,13710,112546,3.508593650994804,0.20259321329116317
2765,0.3203,6,33,6,233496,442948,13716,112540,3.5083322772779115,0.2025966357509073
2766,0.3204,1,6,1,233502,442942,13717,112539,3.508284754783931,0.20259738856954604
2767,0.3205,2,26,2,233528,442916,13719,112537,3.5080788239766822,0.20260400069852894
2768,0.3206,1,2,1,233530,442914,13720,112536,3.5080629831453556,0.20260329462597892
2769,0.3207,5,64,5,233594,442850,13725,112531,3.507556076542897,0.2026194630352857
2770,0.3208,16,138,16,233732,442712,13741,112515,3.5064630591813457,0.20264684534433663
2771,0.3209,0,9,0,233741,442703,13741,112515,3.5063917754403753,0.20265013021912115
2772,0.321,12,95,12,233836,442608,13753,112503,3.5056393359523508,0.20266757459318946
2773,0.3211,0,6,0,233842,442602,13753,112503,3.5055918134583703,0.20266976517956062
2774,0.3212,4,38,4,233880,442564,13757,112499,3.5052908376631606,0.20267789422101634
2775,0.3213,1,44,1,233924,442520,13758,112498,3.5049423393739705,0.20269252528746814
2776,0.3214,0,11,0,233935,442509,13758,112498,3.504855214801673,0.2026965425661298
2777,0.3215,3,34,3,233969,442475,13761,112495,3.5045859206691166,0.20270465070183974
2778,0.3216,1,5,1,233974,442470,13762,112494,3.5045463185907995,0.20270504032694012
2779,0.3217,45,429,45,234403,442041,13807,112449,3.501148460271195,0.20279716496239789
2780,0.3218,2,23,2,234426,442018,13809,112447,3.5009662907109367,0.20280270170344386
2781,0.3219,4,14,4,234440,442004,13813,112443,3.5008554048916487,0.2028020712529782
2782,0.322,12,103,12,234543,441901,13825,112431,3.500039602078317,0.20282249626577575
2783,0.3221,0,17,0,234560,441884,13825,112431,3.499904955012039,0.2028287165239981
2784,0.3222,1,10,1,234570,441874,13826,112430,3.499825750855405,0.20283093753608128
2785,0.3223,8,48,8,234618,441826,13834,112422,3.499445570903561,0.20283699715650755
2786,0.3224,2,8,2,234626,441818,13836,112420,3.499382207578254,0.20283704834385227
2787,0.3225,34,415,34,235041,441403,13870,112386,3.496095235077937,0.20294010895846612
2788,0.3226,0,13,0,235054,441390,13870,112386,3.4959922696743124,0.20294487301724884
2789,0.3227,7,62,7,235116,441328,13877,112379,3.495501203903181,0.20295752085489258
2790,0.3228,3,22,3,235138,441306,13880,112376,3.495326954758586,0.20296126657539887
2791,0.3229,1,32,1,235170,441274,13881,112375,3.4950735014573566,0.2029715577920307
2792,0.323,6,66,6,235236,441208,13887,112369,3.494550754023571,0.20298711832319624
2793,0.3231,2,24,2,235260,441184,13889,112367,3.4943606640476492,0.20299303948507003
2794,0.3232,5,30,5,235290,441154,13894,112362,3.4941230515777466,0.2029968420063738
2795,0.3233,84,857,84,236147,440297,13978,112278,3.487335255354201,0.20319051712437225
2796,0.3234,0,7,0,236154,440290,13978,112278,3.487279812444557,0.20319309116705997
2797,0.3235,5,43,5,236197,440247,13983,112273,3.48693923457103,0.20320169405632374
2798,0.3236,2,16,2,236213,440231,13985,112271,3.4868125079204155,0.20320469428164967
2799,0.3237,1,25,1,236238,440206,13986,112270,3.4866144975288305,0.20321244723752707
2800,0.3238,3,28,3,236266,440178,13989,112267,3.4863927258902545,0.20321841993320602
2801,0.3239,0,9,0,236275,440169,13989,112267,3.486321442149284,0.20322173066201335
2802,0.324,17,167,17,236442,440002,14006,112250,3.484998732733494,0.2032586572796477
2803,0.3241,0,10,0,236452,439992,14006,112250,3.4849195285768597,0.20326233788809978
2804,0.3242,18,183,18,236635,439809,14024,112232,3.483470092510455,0.2033037401207519
2805,0.3243,2,49,2,236684,439760,14026,112230,3.4830819921429477,0.20331890070472292
2806,0.3244,2,8,2,236692,439752,14028,112228,3.4830186288176406,0.2033189608319142
2807,0.3245,3,25,3,236717,439727,14031,112225,3.482820618426055,0.20332383975418153
2808,0.3246,0,13,0,236730,439714,14031,112225,3.4827176530224304,0.20332862870715784
2809,0.3247,3,35,3,236765,439679,14034,112222,3.482440438474211,0.20333719272115833
2810,0.3248,1,26,1,236791,439653,14035,112221,3.4822345076669623,0.2033453288250579
2811,0.3249,0,5,0,236796,439648,14035,112221,3.482194905588645,0.20334717115837272
2812,0.325,129,1548,129,238344,438100,14164,112092,3.4699341021416803,0.20373251519469568
2813,0.3251,2,7,2,238351,438093,14166,112090,3.4698786592320365,0.2037322127364895
2814,0.3252,4,28,4,238379,438065,14170,112086,3.469656887593461,0.20373679226248795
2815,0.3253,4,43,4,238422,438022,14174,112082,3.469316309719934,0.2037469278536422
2816,0.3254,1,8,1,238430,438014,14175,112081,3.4692529463946267,0.2037484434506767
2817,0.3255,2,24,2,238454,437990,14177,112079,3.469062856418705,0.20375443807958638
2818,0.3256,0,9,0,238463,437981,14177,112079,3.468991572677734,0.20375777187943134
2819,0.3257,6,73,6,238536,437908,14183,112073,3.468413382334305,0.20377613044814274
2820,0.3258,13,154,13,238690,437754,14196,112060,3.467193638322139,0.20381438086334652
2821,0.3259,0,3,0,238693,437751,14196,112060,3.467169877075149,0.20381549296030818
2822,0.326,11,155,11,238848,437596,14207,112049,3.46594221264732,0.20385703499531516
2823,0.3261,0,8,0,238856,437588,14207,112049,3.4658788493220123,0.20386000214687147
2824,0.3262,0,36,0,238892,437552,14207,112049,3.4655937143581297,0.20387335539782497
2825,0.3263,3,30,3,238922,437522,14210,112046,3.465356101888227,0.2038801385815768
2826,0.3264,2,12,2,238934,437510,14212,112044,3.465261056900266,0.2038816931548128
2827,0.3265,5,55,5,238989,437455,14217,112039,3.4648254340387785,0.20389485599478793
2828,0.3266,1,8,1,238997,437447,14218,112038,3.464762070713471,0.20389637569724378
2829,0.3267,68,880,68,239877,436567,14286,111970,3.4577921049296667,0.2041247901235468
2830,0.3268,4,34,4,239911,436533,14290,111966,3.4575228107971108,0.20413163925549546
2831,0.3269,1,6,1,239917,436527,14291,111965,3.4574752883031303,0.20413242125682782
2832,0.327,7,76,7,239993,436451,14298,111958,3.4568733367127105,0.20415055186913417
2833,0.3271,3,19,3,240012,436432,14301,111955,3.456722848815106,0.20415327132116554
2834,0.3272,1,15,1,240027,436417,14302,111954,3.4566040425801545,0.20415740438498753
2835,0.3273,6,72,6,240099,436345,14308,111948,3.456033772652389,0.20417550470277754
2836,0.3274,2,17,2,240116,436328,14310,111946,3.455899125586111,0.20417893243159443
2837,0.3275,51,460,51,240576,435868,14361,111895,3.45225573438094,0.204276301977315
2838,0.3276,1,12,1,240588,435856,14362,111894,3.4521606893929793,0.20427932450935646
2839,0.3277,6,46,6,240634,435810,14368,111888,3.4517963502724625,0.2042877644249203
2840,0.3278,2,28,2,240662,435782,14370,111886,3.4515745786338865,0.20429530299378457
2841,0.3279,0,11,0,240673,435771,14370,111886,3.451487454061589,0.20429940638027086
2842,0.328,12,88,12,240761,435683,14382,111874,3.4507904574832087,0.20431480192929685
2843,0.3281,1,4,1,240765,435679,14383,111873,3.450758775820555,0.2043148413301385
2844,0.3282,1,25,1,240790,435654,14384,111872,3.45056076542897,0.2043227170947133
2845,0.3283,35,498,35,241288,435156,14419,111837,3.4466163984285894,0.20445782669979323
2846,0.3284,1,11,1,241299,435145,14420,111836,3.446529273856292,0.20446048400218655
2847,0.3285,4,27,4,241326,435118,14424,111832,3.4463154226333796,0.20446475911874942
2848,0.3286,3,17,3,241343,435101,14427,111829,3.4461807755671017,0.20446675077249374
2849,0.3287,2,45,2,241388,435056,14429,111827,3.445824356862248,0.2044806658828305
2850,0.3288,0,26,0,241414,435030,14429,111827,3.4456184260549994,0.20449038779790696
2851,0.3289,2,4,2,241418,435026,14431,111825,3.4455867443923456,0.20448897414469389
2852,0.329,15,116,15,241534,434910,14446,111810,3.44466797617539,0.2045105355575066
2853,0.3291,0,13,0,241547,434897,14446,111810,3.444565010771765,0.20451539855900874
2854,0.3292,15,179,15,241726,434718,14461,111795,3.443147256368014,0.20456055025223555
2855,0.3293,4,68,4,241794,434650,14465,111791,3.4426086681029022,0.20458018340497877
2856,0.3294,0,14,0,241808,434636,14465,111791,3.4424977822836142,0.20458542495154888
2857,0.3295,4,36,4,241844,434600,14469,111787,3.442212647319731,0.20459308146057648
2858,0.3296,0,14,0,241858,434586,14469,111787,3.4421017615004437,0.204598323855681
2859,0.3297,2,40,2,241898,434546,14471,111785,3.441784944873907,0.2046103918686657
2860,0.3298,1,32,1,241930,434514,14472,111784,3.4415314915726776,0.2046209211822119
2861,0.3299,2,11,2,241941,434503,14474,111782,3.44144436700038,0.20462212947454167
2862,0.33,365,4299,365,246240,430204,14839,111417,3.407394500063363,0.20571026603473647
2863,0.3301,1,11,1,246251,430193,14840,111416,3.4073073754910657,0.20571297744313702
2864,0.3302,4,28,4,246279,430165,14844,111412,3.40708560385249,0.20571774650696023
2865,0.3303,3,31,3,246310,430134,14847,111409,3.406840070966924,0.20572512247411562
2866,0.3304,0,10,0,246320,430124,14847,111409,3.40676086681029,0.2057289214138381
2867,0.3305,1,32,1,246352,430092,14848,111408,3.406507413509061,0.20573961218836564
2868,0.3306,0,7,0,246359,430085,14848,111408,3.406451970599417,0.20574227182992208
2869,0.3307,6,69,6,246428,430016,14854,111402,3.4059054619186413,0.20575969029474453
2870,0.3308,12,205,12,246633,429811,14866,111390,3.4042817767076414,0.205820018810017
2871,0.3309,0,6,0,246639,429805,14866,111390,3.404234254213661,0.20582230064948864
2872,0.331,11,107,11,246746,429698,14877,111379,3.4033867697376756,0.20584685728648602
2873,0.3311,3,8,3,246754,429690,14880,111376,3.4033234064123685,0.20584549759179102
2874,0.3312,4,29,4,246783,429661,14884,111372,3.4030937143581297,0.2058506597564289
2875,0.3313,3,55,3,246838,429606,14887,111369,3.4026580914966416,0.20586718425065853
2876,0.3314,0,20,0,246858,429586,14887,111369,3.4024996831833736,0.20587479550054996
2877,0.3315,3,49,3,246907,429537,14890,111366,3.4021115828158663,0.20588904110348805
2878,0.3316,1,5,1,246912,429532,14891,111365,3.4020719807375492,0.20588947618492984
2879,0.3317,43,462,43,247374,429070,14934,111322,3.398412748701052,0.20600230943463263
2880,0.3318,0,35,0,247409,429035,14934,111322,3.3981355341528325,0.20601565261484536
2881,0.3319,1,3,1,247412,429032,14935,111321,3.398111772905842,0.2060153270177088
2882,0.332,8,102,8,247514,428930,14943,111313,3.397303890508174,0.20604246607545124
2883,0.3321,1,19,1,247533,428911,14944,111312,3.397153402610569,0.20604824304037406
2884,0.3322,2,14,2,247547,428897,14946,111310,3.397042516791281,0.20605064354960229
2885,0.3323,2,43,2,247590,428854,14948,111308,3.3967019389177544,0.20606410669391775
2886,0.3324,0,11,0,247601,428843,14948,111308,3.396614814345457,0.20606830312264535
2887,0.3325,29,419,29,248020,428424,14977,111279,3.3932961601824863,0.2061856243155958
2888,0.3326,2,6,2,248026,428418,14979,111277,3.393248637688506,0.20618497484690426
2889,0.3327,6,64,6,248090,428354,14985,111271,3.3927417310860473,0.20620060227009498
2890,0.3328,1,21,1,248111,428333,14986,111270,3.3925754023571155,0.2062071560017272
2891,0.3329,2,27,2,248138,428306,14988,111268,3.3923615511342033,0.20621453220503583
2892,0.333,7,63,7,248201,428243,14995,111261,3.3918625649474086,0.2062283134138023
2893,0.3331,0,11,0,248212,428232,14995,111261,3.391775440375111,0.20623251830885664
2894,0.3332,2,34,2,248246,428198,14997,111259,3.3915061462425546,0.20624257355081127
2895,0.3333,82,888,82,249134,427310,15079,111177,3.3844728171334433,0.2064618087344727
2896,0.3334,0,7,0,249141,427303,15079,111177,3.384417374223799,0.20646449264596642
2897,0.3335,3,36,3,249177,427267,15082,111174,3.3841322392599165,0.20647387550353707
2898,0.3336,1,10,1,249187,427257,15083,111173,3.3840530351032823,0.20647623646527868
2899,0.3337,3,28,3,249215,427229,15086,111170,3.3838312634647068,0.20648255290221565
2900,0.3338,5,39,5,249254,427190,15091,111165,3.3835223672538333,0.2064901412636643
2901,0.3339,2,9,2,249263,427181,15093,111163,3.383451083512863,0.20649064538659295
2902,0.334,23,157,23,249420,427024,15116,111140,3.382207578253707,0.20651697252138754
2903,0.3341,0,8,0,249428,427016,15116,111140,3.3821442149283993,0.20652004251555311
2904,0.3342,20,163,20,249591,426853,15136,111120,3.380853187175263,0.20655311697798961
2905,0.3343,6,63,6,249654,426790,15142,111114,3.3803542009884677,0.2065684583122639
2906,0.3344,4,12,4,249666,426778,15146,111110,3.380259156000507,0.20656716639895295
2907,0.3345,7,32,7,249698,426746,15153,111103,3.3800057026992776,0.2065691299974528
2908,0.3346,3,9,3,249707,426737,15156,111100,3.379934418958307,0.20656816098557743
2909,0.3347,3,38,3,249745,426699,15159,111097,3.379633443163097,0.20657833081688967
2910,0.3348,5,34,5,249779,426665,15164,111092,3.379364149030541,0.20658401471296514
2911,0.3349,1,3,1,249782,426662,15165,111091,3.379340387783551,0.20658369176926952
2912,0.335,153,1663,153,251445,424999,15318,110938,3.3661687365352932,0.2069982106105755
2913,0.3351,2,17,2,251462,424982,15320,110936,3.3660340894690153,0.20700181744222063
2914,0.3352,3,20,3,251482,424962,15323,110933,3.365875681155747,0.20700510361171498
2915,0.3353,0,44,0,251526,424918,15323,110933,3.3655271828665567,0.20702210129308335
2916,0.3354,0,10,0,251536,424908,15323,110933,3.3654479787099225,0.20702596479179458
2917,0.3355,5,31,5,251567,424877,15328,110928,3.365202445824357,0.20703054282808112
2918,0.3356,2,11,2,251578,424866,15330,110926,3.3651153212520595,0.20703183324872337
2919,0.3357,7,75,7,251653,424791,15337,110919,3.3645212900773034,0.20705045640365122
2920,0.3358,18,186,18,251839,424605,15355,110901,3.363048092763908,0.20709571881547545
2921,0.3359,0,8,0,251847,424597,15355,110901,3.362984729438601,0.2070988126939783
2922,0.336,21,178,21,252025,424419,15376,110880,3.3615748954505134,0.20713657227082435
2923,0.3361,3,11,3,252036,424408,15379,110877,3.361487770878216,0.2071363852900791
2924,0.3362,6,31,6,252067,424377,15385,110871,3.36124223799265,0.2071394942157654
2925,0.3363,2,41,2,252108,424336,15387,110869,3.3609175009504497,0.20715239954783682
2926,0.3364,0,14,0,252122,424322,15387,110869,3.360806615131162,0.20715781842370293
2927,0.3365,5,46,5,252168,424276,15392,110864,3.360442276010645,0.20716821766266771
2928,0.3366,1,14,1,252182,424262,15393,110863,3.3603313901913574,0.2071721560383088
2929,0.3367,101,829,101,253011,423433,15494,110762,3.353765365606387,0.2073437602373665
2930,0.3368,1,31,1,253042,423402,15495,110761,3.353519832720821,0.20735430945235817
2931,0.3369,1,6,1,253048,423396,15496,110760,3.3534723102268407,0.2073551546739155
2932,0.337,10,72,10,253120,423324,15506,110750,3.352902040299075,0.20736826731876107
2933,0.3371,2,24,2,253144,423300,15508,110748,3.352711950323153,0.2073746180118641
2934,0.3372,2,14,2,253158,423286,15510,110746,3.3526010645038653,0.2073770860173173
2935,0.3373,7,55,7,253213,423231,15517,110739,3.352165441642377,0.20738805550873646
2936,0.3374,1,11,1,253224,423220,15518,110738,3.3520783170700796,0.2073908434745804
2937,0.3375,57,482,57,253706,422738,15575,110681,3.3482606767203142,0.20749354634911768
2938,0.3376,4,9,4,253715,422729,15579,110677,3.3481893929793434,0.20749110433703408
2939,0.3377,6,57,6,253772,422672,15585,110671,3.347737929286529,0.2075043639834028
2940,0.3378,1,30,1,253802,422642,15586,110670,3.3475003168166264,0.20751455058202328
2941,0.3379,1,12,1,253814,422630,15587,110669,3.3474052718286655,0.2075177339541233
2942,0.338,7,115,7,253929,422515,15594,110662,3.346494424027373,0.20755208870600195
2943,0.3381,1,12,1,253941,422503,15595,110661,3.346399379039412,0.2075552737994313
2944,0.3382,2,30,2,253971,422473,15597,110659,3.3461617665695096,0.207563980402602
2945,0.3383,41,492,41,254463,421981,15638,110618,3.34226492206311,0.2076947196671417
2946,0.3384,1,2,1,254465,421979,15639,110617,3.342249081231783,0.20769401197155066
2947,0.3385,4,42,4,254507,421937,15643,110613,3.34191642377392,0.20770444089756832
2948,0.3386,0,19,0,254526,421918,15643,110613,3.3417659358763148,0.20771185151662533
2949,0.3387,4,64,4,254590,421854,15647,110609,3.341259029273856,0.20773086580663822
2950,0.3388,4,31,4,254621,421823,15651,110605,3.3410134963882903,0.20773700857205105
2951,0.3389,1,14,1,254635,421809,15652,110604,3.3409026105690027,0.20774098303384778
2952,0.339,15,120,15,254755,421689,15667,110589,3.339952160689393,0.2077654909652475
2953,0.3391,1,6,1,254761,421683,15668,110588,3.3399046381954123,0.20776634458762547
2954,0.3392,14,172,14,254933,421511,15682,110574,3.3385423267013055,0.20781266151084882
2955,0.3393,16,81,16,255014,421430,15698,110558,3.337900773032569,0.20782047715362
2956,0.3394,2,6,2,255020,421424,15700,110556,3.337853250538588,0.207819842851235
2957,0.3395,5,37,5,255057,421387,15705,110551,3.337560195159042,0.20782685200154905
2958,0.3396,1,14,1,255071,421373,15706,110550,3.337449309339754,0.20783083265811028
2959,0.3397,3,42,3,255113,421331,15709,110547,3.3371166518818907,0.20784277597494163
2960,0.3398,2,24,2,255137,421307,15711,110545,3.336926561905969,0.2078491760865805
2961,0.3399,1,10,1,255147,421297,15712,110544,3.3368473577493347,0.20785159474354178
2962,0.34,360,4375,360,259522,416922,16072,110184,3.3021955392218985,0.20903575371936575
2963,0.3401,2,8,2,259530,416914,16074,110182,3.302132175896591,0.2090359251445657
2964,0.3402,2,32,2,259562,416882,16076,110180,3.3018787225953616,0.2090456151268731
2965,0.3403,1,30,1,259592,416852,16077,110179,3.3016411101254595,0.20905601378287045
2966,0.3404,1,14,1,259606,416838,16078,110178,3.3015302243061715,0.20906006648754497
2967,0.3405,4,35,4,259641,416803,16082,110174,3.301253009757952,0.20906794793700673
2968,0.3406,1,7,1,259648,416796,16083,110173,3.301197566848308,0.20906922418586293
2969,0.3407,11,71,11,259719,416725,16094,110162,3.3006352173362057,0.20908088451603474
2970,0.3408,15,162,15,259881,416563,16109,110147,3.2993521099987326,0.20912266712232538
2971,0.3409,1,7,1,259888,416556,16110,110146,3.299296667089089,0.2091239448492696
2972,0.341,13,119,13,260007,416437,16123,110133,3.2983541376251426,0.2091516797386862
2973,0.3411,1,8,1,260015,416429,16124,110132,3.298290774299835,0.20915335545169506
2974,0.3412,6,38,6,260053,416391,16130,110126,3.2979897985046254,0.20915943834672004
2975,0.3413,6,47,6,260100,416344,16136,110120,3.2976175389684452,0.20916909798200828
2976,0.3414,1,18,1,260118,416326,16137,110119,3.2974749714865035,0.20917474759946433
2977,0.3415,6,45,6,260163,416281,16143,110113,3.29711855278165,0.20918361531476423
2978,0.3416,1,1,1,260164,416280,16144,110112,3.2971106323659867,0.20918251037249808
2979,0.3417,46,511,46,260675,415769,16190,110066,3.293063299961982,0.2093166107238963
2980,0.3418,2,29,2,260704,415740,16192,110064,3.292833607907743,0.20932514777369515
2981,0.3419,2,16,2,260720,415724,16194,110062,3.2927068812571285,0.20932851007824477
2982,0.342,9,118,9,260838,415606,16203,110053,3.2917722722088456,0.20936196279336985
2983,0.3421,3,16,3,260854,415590,16206,110050,3.291645545558231,0.2093638231489232
2984,0.3422,4,32,4,260886,415558,16210,110046,3.2913920922570017,0.20937055273551952
2985,0.3423,4,47,4,260933,415511,16214,110042,3.291019832720821,0.20938325915749695
2986,0.3424,1,18,1,260951,415493,16215,110041,3.29087726523888,0.20938892631114256
2987,0.3425,37,444,37,261395,415049,16252,110004,3.287360600684324,0.20951027801002947
2988,0.3426,0,10,0,261405,415039,16252,110004,3.28728139652769,0.2095142683551633
2989,0.3427,2,60,2,261465,414979,16254,110002,3.286806171587885,0.2095352022263663
2990,0.3428,2,13,2,261478,414966,16256,110000,3.2867032061842605,0.2095373795636289
2991,0.3429,7,16,7,261494,414950,16263,109993,3.286576479533646,0.2095332255121032
2992,0.343,12,70,12,261564,414880,16275,109981,3.286022050437207,0.20954309807739574
2993,0.3431,0,13,0,261577,414867,16275,109981,3.2859190850335827,0.2095482882663171
2994,0.3432,0,26,0,261603,414841,16275,109981,3.285713154226334,0.20955866941553516
2995,0.3433,98,865,98,262468,413976,16373,109883,3.278861994677481,0.20975682387818095
2996,0.3434,0,6,0,262474,413970,16373,109883,3.2788144721835,0.2097592263478495
2997,0.3435,3,45,3,262519,413925,16376,109880,3.2784580534786465,0.2097727207644066
2998,0.3436,1,11,1,262530,413914,16377,109879,3.278370928906349,0.20977561746720555
2999,0.3437,5,27,5,262557,413887,16382,109874,3.278157077683437,0.20977888769877864
3000,0.3438,5,33,5,262590,413854,16387,109869,3.277895703966544,0.2097845616862349
3001,0.3439,1,4,1,262594,413850,16388,109868,3.2778640223038904,0.20978465510064576
3002,0.344,22,209,22,262803,413641,16410,109846,3.2762086554302368,0.20983520125619165
3003,0.3441,3,12,3,262815,413629,16413,109843,3.276113610442276,0.2098354830821897
3004,0.3442,20,187,20,263002,413442,16433,109823,3.2746324927132178,0.20988027099079817
3005,0.3443,6,69,6,263071,413373,16439,109817,3.274085984032442,0.20989888950476882
3006,0.3444,1,15,1,263086,413358,16440,109816,3.273967177797491,0.2099033973400819
3007,0.3445,2,46,2,263132,413312,16442,109814,3.2736028386769735,0.20991883408586076
3008,0.3446,0,11,0,263143,413301,16442,109814,3.273515714104676,0.20992324823413588
3009,0.3447,5,61,5,263204,413240,16447,109809,3.273032568749208,0.20994017768889722
3010,0.3448,7,26,7,263230,413214,16454,109802,3.272826637941959,0.20994004007525582
3011,0.3449,2,5,2,263235,413209,16456,109800,3.272787035863642,0.20993902590586394
3012,0.345,167,1620,167,264855,411589,16623,109633,3.2599559624889114,0.21033839707456709
3013,0.3451,0,12,0,264867,411577,16623,109633,3.2598609175009505,0.21034323976899905
3014,0.3452,3,39,3,264906,411538,16626,109630,3.2595520212900775,0.21035443465446843
3015,0.3453,8,53,8,264959,411485,16634,109622,3.2591322392599165,0.21036370649405975
3016,0.3454,0,13,0,264972,411472,16634,109622,3.259029273856292,0.210368954545629
3017,0.3455,7,38,7,265010,411434,16641,109615,3.258728298061082,0.21037368846308122
3018,0.3456,2,11,2,265021,411423,16643,109613,3.2586411734887846,0.2103750988415388
3019,0.3457,5,68,5,265089,411355,16648,109608,3.2581025852236727,0.21039498006576282
3020,0.3458,15,157,15,265246,411198,16663,109593,3.2568590799645167,0.21043566421078705
3021,0.3459,1,6,1,265252,411192,16664,109592,3.256811557470536,0.21043657255215215
3022,0.346,18,193,18,265445,410999,16682,109574,3.2552829172474973,0.21048728996701713
3023,0.3461,2,13,2,265458,410986,16684,109572,3.2551799518438727,0.21048951317624548
3024,0.3462,4,28,4,265486,410958,16688,109568,3.254958180205297,0.21049476875314585
3025,0.3463,3,47,3,265533,410911,16691,109565,3.2545859206691166,0.21050922616989065
3026,0.3464,0,14,0,265547,410897,16691,109565,3.254475034849829,0.210514888695044
3027,0.3465,9,49,9,265596,410848,16700,109556,3.254086934482322,0.21052105671747334
3028,0.3466,0,5,0,265601,410843,16700,109556,3.2540473324040047,0.21052307940637857
3029,0.3467,78,874,78,266475,409969,16778,109478,3.247124889114181,0.21075874920829266
3030,0.3468,4,32,4,266507,409937,16782,109474,3.2468714358129516,0.2107656557138759
3031,0.3469,3,8,3,266515,409929,16785,109471,3.246808072487644,0.21076434347323836
3032,0.347,10,71,10,266586,409858,16795,109461,3.2462457229755417,0.2107779611375667
3033,0.3471,1,28,1,266614,409830,16796,109460,3.246023951336966,0.21078780642800748
3034,0.3472,1,28,1,266642,409802,16797,109459,3.2458021796983907,0.2107976528181396
3035,0.3473,8,71,8,266713,409731,16805,109451,3.2452398301862884,0.21081431944867118
3036,0.3474,4,13,4,266726,409718,16809,109447,3.2451368647826637,0.21081351786041047
3037,0.3475,53,485,53,267211,409233,16862,109394,3.241295463185908,0.2109300132850777
3038,0.3476,0,14,0,267225,409219,16862,109394,3.2411845773666204,0.210935707357895
3039,0.3477,8,55,8,267280,409164,16870,109386,3.2407489545051322,0.2109459068556552
3040,0.3478,2,30,2,267310,409134,16872,109384,3.24051134203523,0.21095506809792525
3041,0.3479,0,20,0,267330,409114,16872,109384,3.2403529337219616,0.21096320525826523
3042,0.348,7,84,7,267414,409030,16879,109377,3.239687618806235,0.21098673436122584
3043,0.3481,2,10,2,267424,409020,16881,109375,3.239608414649601,0.210987760298614
3044,0.3482,3,33,3,267457,408987,16884,109372,3.2393470409327083,0.21099662589055077
3045,0.3483,50,553,50,268010,408434,16934,109322,3.23496705107084,0.2111457906813248
3046,0.3484,2,6,2,268016,408428,16936,109320,3.2349195285768597,0.21114519032425041
3047,0.3485,9,54,9,268070,408374,16945,109311,3.2344918261310354,0.211153500680916
3048,0.3486,4,15,4,268085,408359,16949,109307,3.234373019896084,0.21115352370061005
3049,0.3487,2,47,2,268132,408312,16951,109305,3.2340007603599035,0.2111696486011858
3050,0.3488,3,25,3,268157,408287,16954,109302,3.2338027499683184,0.2111752761360848
3051,0.3489,2,9,2,268166,408278,16956,109300,3.2337314662273475,0.21117590005757586
3052,0.349,12,106,12,268272,408172,16968,109288,3.232891902167026,0.21120086576740232
3053,0.3491,2,5,2,268277,408167,16970,109286,3.232852300088709,0.2111998577648598
3054,0.3492,18,151,18,268428,408016,16988,109268,3.2316563173235333,0.2112340609800419
3055,0.3493,12,71,12,268499,407945,17000,109256,3.2310939678114305,0.2112447578407621
3056,0.3494,1,13,1,268512,407932,17001,109255,3.2309910024078063,0.21124854259677833
3057,0.3495,5,34,5,268546,407898,17006,109250,3.2307217082752504,0.21125480520083226
3058,0.3496,3,17,3,268563,407881,17009,109247,3.2305870612089724,0.2112571742392599
3059,0.3497,7,46,7,268609,407835,17016,109240,3.230222722088455,0.21126529033505778
3060,0.3498,3,33,3,268642,407802,17019,109237,3.2299613483715626,0.21127419788449228
3061,0.3499,0,11,0,268653,407791,17019,109237,3.229874223799265,0.21127869283675157
3062,0.35,404,4192,404,272845,403599,17423,108833,3.1966718413382336,0.2123852530677241
3063,0.3501,1,18,1,272863,403581,17424,108832,3.196529273856292,0.21239117664852375
3064,0.3502,2,17,2,272880,403564,17426,108830,3.196394626790014,0.2123951490454611
3065,0.3503,5,43,5,272923,403521,17431,108825,3.196054048916487,0.21240528861355412
3066,0.3504,1,10,1,272933,403511,17432,108824,3.195974844759853,0.21240789717665198
3067,0.3505,6,41,6,272974,403470,17438,108818,3.195650107717653,0.21241567243425574
3068,0.3506,0,8,0,272982,403462,17438,108818,3.1955867443923456,0.21241898961505426
3069,0.3507,10,68,10,273050,403394,17448,108808,3.1950481561272337,0.21243181401087852
3070,0.3508,17,181,17,273231,403213,17465,108791,3.1936145608921556,0.2124807618690479
3071,0.3509,1,6,1,273237,403207,17466,108790,3.193567038398175,0.21248171376004157
3072,0.351,8,113,8,273350,403094,17474,108782,3.1926720314282093,0.21251631254444436
3073,0.3511,2,13,2,273363,403081,17476,108780,3.192569066024585,0.21251863298825266
3074,0.3512,3,18,3,273381,403063,17479,108777,3.1924264985426434,0.21252149109096594
3075,0.3513,7,34,7,273415,403029,17486,108770,3.1921572044100874,0.21252483885275275
3076,0.3514,2,24,2,273439,403005,17488,108768,3.1919671144341657,0.21253172793406452
3077,0.3515,4,54,4,273493,402951,17492,108764,3.1915394119883413,0.2125480003517583
3078,0.3516,1,3,1,273496,402948,17493,108763,3.191515650741351,0.2125477075927623
3079,0.3517,52,505,52,274001,402443,17545,108711,3.1875158408313267,0.2126775883588899
3080,0.3518,1,21,1,274022,402422,17546,108710,3.187349512102395,0.2126847859261404
3081,0.3519,1,12,1,274034,402410,17547,108709,3.187254467114434,0.21268823894239894
3082,0.352,15,118,15,274152,402292,17562,108694,3.186319858066151,0.2127142426602686
3083,0.3521,2,11,2,274163,402281,17564,108692,3.1862327334938536,0.2127157403620152
3084,0.3522,4,25,4,274188,402256,17568,108688,3.1860347231022685,0.21271998496899855
3085,0.3523,6,48,6,274236,402208,17574,108682,3.1856545431504246,0.21273072481356065
3086,0.3524,2,7,2,274243,402201,17576,108680,3.185599100240781,0.21273055760539147
3087,0.3525,53,422,53,274665,401779,17629,108627,3.18225668483082,0.21282469249969632
3088,0.3526,0,11,0,274676,401768,17629,108627,3.1821695602585223,0.21282927928369205
3089,0.3527,9,58,9,274734,401710,17638,108618,3.181710176150044,0.21283958552146853
3090,0.3528,5,24,5,274758,401686,17643,108613,3.1815200861741224,0.212841882896106
3091,0.3529,3,31,3,274789,401655,17646,108610,3.1812745532885565,0.21285018568782887
3092,0.353,5,76,5,274865,401579,17651,108605,3.180672601698137,0.21287417872767472
3093,0.3531,2,9,2,274874,401570,17653,108603,3.1806013179571666,0.21287484833576062
3094,0.3532,4,24,4,274898,401546,17657,108599,3.1804112279812444,0.21287869135245863
3095,0.3533,100,885,100,275783,400661,17757,108499,3.173401660119123,0.21309411579857018
3096,0.3534,1,3,1,275786,400658,17758,108498,3.1733778988721326,0.21309382586083636
3097,0.3535,2,36,2,275822,400622,17760,108496,3.17309276390825,0.21310580258407677
3098,0.3536,2,5,2,275827,400617,17762,108494,3.173053161829933,0.213104804256832
3099,0.3537,3,41,3,275868,400576,17765,108491,3.1727284247877328,0.2131173303317638
3100,0.3538,3,45,3,275913,400531,17768,108488,3.1723720060828793,0.2131315334005214
3101,0.3539,0,15,0,275928,400516,17768,108488,3.172253199847928,0.21313781424114545
3102,0.354,13,189,13,276117,400327,17781,108475,3.1707562412875427,0.21319688208772763
3103,0.3541,2,8,2,276125,400319,17783,108473,3.1706928779622356,0.21319714146448843
3104,0.3542,19,181,19,276306,400138,17802,108454,3.1692592827271575,0.21324362160631705
3105,0.3543,2,74,2,276380,400064,17804,108452,3.1686731719680648,0.21327155881034224
3106,0.3544,0,7,0,276387,400057,17804,108452,3.168617729058421,0.21327449465004553
3107,0.3545,6,36,6,276423,400021,17810,108446,3.168332594094538,0.21328031120997037
3108,0.3546,0,17,0,276440,400004,17810,108446,3.16819794702826,0.21328744222637427
3109,0.3547,5,46,5,276486,399958,17815,108441,3.167833607907743,0.21329900334186339
3110,0.3548,4,26,4,276512,399932,17819,108437,3.1676276771004943,0.2133037222962061
3111,0.3549,2,13,2,276525,399919,17821,108435,3.1675247116968697,0.21330608198224071
3112,0.355,167,1625,167,278150,398294,17988,108268,3.154654036243822,0.21373099442911234
3113,0.3551,3,15,3,278165,398279,17991,108265,3.1545352300088707,0.21373266685618622
3114,0.3552,4,35,4,278200,398244,17995,108261,3.1542580154606514,0.21374122664139544
3115,0.3553,6,53,6,278253,398191,18001,108255,3.1538382334304904,0.2137542798245025
3116,0.3554,2,14,2,278267,398177,18003,108253,3.1537273476112024,0.2137570839010327
3117,0.3555,5,37,5,278304,398140,18008,108248,3.1534342922316565,0.2137649391375783
3118,0.3556,0,7,0,278311,398133,18008,108248,3.1533788493220123,0.21376789413504851
3119,0.3557,8,68,8,278379,398065,18016,108240,3.1528402610569004,0.21378418147164258
3120,0.3558,20,141,20,278520,397924,18036,108220,3.151723482448359,0.21381266991211986
3121,0.3559,2,4,2,278524,397920,18038,108218,3.1516918007857053,0.21381125305746654
3122,0.356,14,158,14,278682,397762,18052,108204,3.150440375110886,0.21385626702189475
3123,0.3561,2,3,2,278685,397759,18054,108202,3.1504166138638956,0.2138544275151642
3124,0.3562,5,43,5,278728,397716,18059,108197,3.150076035990369,0.21386483446758633
3125,0.3563,2,37,2,278765,397679,18061,108195,3.1497829806108224,0.21387736867283158
3126,0.3564,1,17,1,278782,397662,18062,108194,3.1496483335445444,0.21388300227732793
3127,0.3565,2,35,2,278817,397627,18064,108192,3.1493711189963247,0.21389469355639074
3128,0.3566,0,2,0,278819,397625,18064,108192,3.149355278164998,0.2138955392958323
3129,0.3567,84,923,84,279742,396702,18148,108108,3.142044734507667,0.21415582100196112
3130,0.3568,3,16,3,279758,396686,18151,108105,3.1419180078570523,0.21415793863202792
3131,0.3569,0,8,0,279766,396678,18151,108105,3.1418546445317452,0.21416133269147336
3132,0.357,11,67,11,279833,396611,18162,108094,3.1413239766822962,0.2141726354999455
3133,0.3571,4,23,4,279856,396588,18166,108090,3.141141807122038,0.21417616777430362
3134,0.3572,2,17,2,279873,396571,18168,108088,3.14100716005576,0.21418026826035005
3135,0.3573,10,71,10,279944,396500,18178,108078,3.1404448105436575,0.2141948321171355
3136,0.3574,0,9,0,279953,396491,18178,108078,3.1403735268026867,0.2141986527115221
3137,0.3575,44,422,44,280375,396069,18222,108034,3.137031111392726,0.21430937725028418
3138,0.3576,5,8,5,280383,396061,18227,108029,3.1369677480674185,0.21430498522089308
3139,0.3577,7,74,7,280457,395987,18234,108022,3.1363816373083258,0.21432553783761799
3140,0.3578,2,32,2,280489,395955,18236,108020,3.1361281840070965,0.21433602857284587
3141,0.3579,2,13,2,280502,395942,18238,108018,3.1360252186034723,0.21433843955869514
3142,0.358,14,111,14,280613,395831,18252,108004,3.135146052464833,0.21436382942828505
3143,0.3581,1,6,1,280619,395825,18253,108003,3.1350985299708527,0.21436482291575695
3144,0.3582,6,22,6,280641,395803,18259,107997,3.1349242808262576,0.21436482731242557
3145,0.3583,58,545,58,281186,395258,18317,107939,3.130607654289697,0.21450644578564657
3146,0.3584,2,6,2,281192,395252,18319,107937,3.1305601317957166,0.21450588148787036
3147,0.3585,4,38,4,281230,395214,18323,107933,3.130259156000507,0.2145158373199085
3148,0.3586,2,21,2,281251,395193,18325,107931,3.130092827271575,0.21452166861449662
3149,0.3587,4,47,4,281298,395146,18329,107927,3.1297205677353945,0.21453546503191387
3150,0.3588,4,45,4,281343,395101,18333,107923,3.129364149030541,0.21454841120900792
3151,0.3589,0,15,0,281358,395086,18333,107923,3.1292453427955897,0.21455480915848424
3152,0.359,12,117,12,281475,394969,18345,107911,3.1283186541629706,0.21458598472796692
3153,0.3591,2,5,2,281480,394964,18347,107909,3.1282790520846535,0.21458499462090827
3154,0.3592,17,165,17,281645,394799,18364,107892,3.12697218350019,0.21462886743546233
3155,0.3593,5,75,5,281720,394724,18369,107887,3.126378152325434,0.21465308160784383
3156,0.3594,2,5,2,281725,394719,18371,107885,3.126338550247117,0.2146520919053569
3157,0.3595,5,43,5,281768,394676,18376,107880,3.12599797237359,0.21466264456100415
3158,0.3596,1,12,1,281780,394664,18377,107879,3.125902927385629,0.21466620766780156
3159,0.3597,2,35,2,281815,394629,18379,107877,3.12562571283741,0.21467803369512006
3160,0.3598,6,24,6,281839,394605,18385,107871,3.1254356228614877,0.21467891003749434
3161,0.3599,3,4,3,281843,394601,18388,107868,3.125403941198834,0.21467593025639392
3162,0.36,404,4124,404,285967,390477,18792,107464,3.0927401470029148,0.21581673330776135
3163,0.3601,1,7,1,285974,390470,18793,107463,3.092684704093271,0.21581819240741223
3164,0.3602,2,36,2,286010,390434,18795,107461,3.092399569129388,0.21583064702397092
3165,0.3603,2,45,2,286055,390389,18797,107459,3.0920431504245345,0.21584700551172245
3166,0.3604,0,16,0,286071,390373,18797,107459,3.09191642377392,0.2158539426955278
3167,0.3605,4,35,4,286106,390338,18801,107455,3.0916392092257,0.21586281848077413
3168,0.3606,1,9,1,286115,390329,18802,107454,3.0915679254847293,0.21586514605761947
3169,0.3607,17,82,17,286197,390247,18819,107437,3.0909184514003294,0.21587392803465652
3170,0.3608,19,217,19,286414,390030,18838,107418,3.0891997212013687,0.21593814830896899
3171,0.3609,1,4,1,286418,390026,18839,107417,3.089168039538715,0.2159383085097187
3172,0.361,13,108,13,286526,389918,18852,107404,3.088312634647066,0.2159647069705342
3173,0.3611,0,11,0,286537,389907,18852,107404,3.0882255100747686,0.21596948388432993
3174,0.3612,2,32,2,286569,389875,18854,107402,3.0879720567735394,0.2159802283234495
3175,0.3613,7,59,7,286628,389816,18861,107395,3.087504752249398,0.21599481910094506
3176,0.3614,1,14,1,286642,389802,18862,107394,3.0873938664301104,0.21599932421017062
3177,0.3615,6,42,6,286684,389760,18868,107388,3.087061208972247,0.21600811026092834
3178,0.3616,0,8,0,286692,389752,18868,107388,3.0869978456469394,0.21601158627348432
3179,0.3617,45,490,45,287182,389262,18913,107343,3.083116841971867,0.21615368351103997
3180,0.3618,2,34,2,287216,389228,18915,107341,3.0828475478393105,0.21616532647023878
3181,0.3619,0,15,0,287231,389213,18915,107341,3.0827287416043596,0.2161718564345469
3182,0.362,14,125,14,287356,389088,18929,107327,3.0817386896464325,0.2162041839992748
3183,0.3621,2,21,2,287377,389067,18931,107325,3.0815723609175008,0.21621017260552144
3184,0.3622,0,23,0,287400,389044,18931,107325,3.0813901913572423,0.21622019102723983
3185,0.3623,5,64,5,287464,388980,18936,107320,3.080883284754784,0.21624017731210962
3186,0.3624,2,11,2,287475,388969,18938,107318,3.0807961601824863,0.21624181169363696
3187,0.3625,47,489,47,287964,388480,18985,107271,3.076923076923077,0.21638080407301247
3188,0.3626,0,5,0,287969,388475,18985,107271,3.07688347484476,0.2163829864487056
3189,0.3627,12,72,12,288041,388403,18997,107259,3.076313204916994,0.2163954468972808
3190,0.3628,3,24,3,288065,388379,19000,107256,3.076123114941072,0.21640118232166816
3191,0.3629,4,31,4,288096,388348,19004,107252,3.075877582055506,0.21640839386602098
3192,0.363,5,58,5,288154,388290,19009,107247,3.075418197947028,0.21642581684112386
3193,0.3631,3,10,3,288164,388280,19012,107244,3.0753389937903943,0.21642544054374763
3194,0.3632,3,30,3,288194,388250,19015,107241,3.0751013813204917,0.21643380000847645
3195,0.3633,96,911,96,289105,387339,19111,107145,3.0678858826511215,0.2166804183755187
3196,0.3634,0,5,0,289110,387334,19111,107145,3.0678462805728044,0.2166826093726933
3197,0.3635,2,40,2,289150,387294,19113,107143,3.067529463946268,0.21669697049371306
3198,0.3636,2,16,2,289166,387278,19115,107141,3.0674027372956534,0.21670081449135248
3199,0.3637,3,49,3,289215,387229,19118,107138,3.067014636928146,0.2167175398034254
3200,0.3638,6,36,6,289251,387193,19124,107132,3.066729501964263,0.21672381530369697
3201,0.3639,1,6,1,289257,387187,19125,107131,3.0666819794702826,0.21672486132408691
3202,0.364,16,154,16,289411,387033,19141,107115,3.0654622354581167,0.21676704145316789
3203,0.3641,1,17,1,289428,387016,19142,107114,3.0653275883918387,0.21677291401048307
3204,0.3642,23,191,23,289619,386825,19165,107091,3.063814789000127,0.21682026903360085
3205,0.3643,8,64,8,289683,386761,19173,107083,3.0633078823976683,0.2168356809032812
3206,0.3644,1,17,1,289700,386744,19174,107082,3.0631732353313903,0.21684155957766502
3207,0.3645,3,22,3,289722,386722,19177,107079,3.0629989861867952,0.21684646244134784
3208,0.3646,0,15,0,289737,386707,19177,107079,3.062880179951844,0.21685304970169264
3209,0.3647,9,42,9,289779,386665,19186,107070,3.0625475224939804,0.21685722097886517
3210,0.3648,4,30,4,289809,386635,19190,107066,3.0623099100240783,0.21686405334402806
3211,0.3649,1,9,1,289818,386626,19191,107065,3.0622386262831074,0.21686642049379065
3212,0.365,146,1631,146,291449,384995,19337,106919,3.049320428336079,0.21735303325378014
3213,0.3651,0,7,0,291456,384988,19337,106919,3.049264985426435,0.21735612625963852
3214,0.3652,3,23,3,291479,384965,19340,106916,3.0490828158661767,0.2173615163017071
3215,0.3653,9,42,9,291521,384923,19349,106907,3.048750158408313,0.21736575646056563
3216,0.3654,0,15,0,291536,384908,19349,106907,3.048631352173362,0.21737238595813466
3217,0.3655,6,34,6,291570,384874,19355,106901,3.048362058040806,0.21737786589395558
3218,0.3656,5,17,5,291587,384857,19360,106896,3.048227410974528,0.21737742321856704
3219,0.3657,10,68,10,291655,384789,19370,106886,3.0476888227094157,0.21739156963441297
3220,0.3658,16,181,16,291836,384608,19386,106870,3.046255227474338,0.2174461522184106
3221,0.3659,1,3,1,291839,384605,19387,106869,3.0462314662273475,0.21744588726972333
3222,0.366,19,152,19,291991,384453,19406,106850,3.0450275630465087,0.21748289751945338
3223,0.3661,0,6,0,291997,384447,19406,106850,3.0449800405525282,0.21748555354500435
3224,0.3662,6,38,6,292035,384409,19412,106844,3.0446790647573185,0.2174928193822735
3225,0.3663,5,41,5,292076,384368,19417,106839,3.0443543277151184,0.21750300789687443
3226,0.3664,0,13,0,292089,384355,19417,106839,3.044251362311494,0.2175087643578708
3227,0.3665,8,42,8,292131,384313,19425,106831,3.0439187048536307,0.21751461893049695
3228,0.3666,0,8,0,292139,384305,19425,106831,3.0438553415283236,0.2175181619755017
3229,0.3667,96,844,96,292983,383461,19521,106735,3.037170510708402,0.21773943483830957
3230,0.3668,8,22,8,293005,383439,19529,106727,3.036996261563807,0.21773644030797729
3231,0.3669,2,13,2,293018,383426,19531,106725,3.0368932961601827,0.2177390232805809
3232,0.367,8,75,8,293093,383351,19539,106717,3.0362992649854266,0.2177595762220753
3233,0.3671,3,45,3,293138,383306,19542,106714,3.0359428462805726,0.2177747847026652
3234,0.3672,2,37,2,293175,383269,19544,106712,3.0356497909010263,0.21778803667897326
3235,0.3673,6,66,6,293241,383203,19550,106706,3.035127043467241,0.21780779695821062
3236,0.3674,0,16,0,293257,383187,19550,106706,3.0350003168166264,0.21781491060292757
3237,0.3675,43,456,43,293713,382731,19593,106663,3.03138860727411,0.2179491370960821
3238,0.3676,0,17,0,293730,382714,19593,106663,3.031253960207832,0.2179567082229038
3239,0.3677,9,36,9,293766,382678,19602,106654,3.030968825243949,0.21795835955956283
3240,0.3678,2,21,2,293787,382657,19604,106652,3.030802496515017,0.21796451730910324
3241,0.3679,4,24,4,293811,382633,19608,106648,3.0306124065390954,0.21796881546595923
3242,0.368,11,125,11,293936,382508,19619,106637,3.0296223545811682,0.21800693046029296
3243,0.3681,1,11,1,293947,382497,19620,106636,3.0295352300088707,0.21801023443521497
3244,0.3682,7,24,7,293971,382473,19627,106629,3.029345140032949,0.2180097402995694
3245,0.3683,40,525,40,294496,381948,19667,106589,3.0251869218096568,0.21817999455517187
3246,0.3684,2,2,2,294498,381946,19669,106587,3.0251710809783297,0.21817768707538693
3247,0.3685,3,40,3,294538,381906,19672,106584,3.0248542643517933,0.21819075109009398
3248,0.3686,4,12,4,294550,381894,19676,106580,3.0247592193638324,0.2181897091759234
3249,0.3687,3,46,3,294596,381848,19679,106577,3.024394880243315,0.21820545631366126
3250,0.3688,3,20,3,294616,381828,19682,106574,3.0242364719300467,0.21820958964132006
3251,0.3689,2,12,2,294628,381816,19684,106572,3.024141426942086,0.21821174967443918
3252,0.369,10,97,10,294725,381719,19694,106562,3.0233731466227347,0.2182390877384129
3253,0.3691,1,3,1,294728,381716,19695,106561,3.0233493853757447,0.218238827550755
3254,0.3692,15,151,15,294879,381565,19710,106546,3.022153402610569,0.2182823169320093
3255,0.3693,12,78,12,294957,381487,19722,106534,3.0215356101888227,0.21829798307859702
3256,0.3694,0,3,0,294960,381484,19722,106534,3.0215118489418327,0.21829932502489663
3257,0.3695,7,45,7,295005,381439,19729,106527,3.0211554302369787,0.21830824278740732
3258,0.3696,2,14,2,295019,381425,19731,106525,3.021044544417691,0.2183113023875397
3259,0.3697,2,42,2,295061,381383,19733,106523,3.0207118869598277,0.2183268908355298
3260,0.3698,5,36,5,295097,381347,19738,106518,3.0204267519959447,0.2183349902124563
3261,0.3699,2,10,2,295107,381337,19740,106516,3.0203475478393105,0.21833626112783974
3262,0.37,431,4234,431,299341,377103,20171,106085,2.9868125079204155,0.21955222397907234
3263,0.3701,2,15,2,299356,377088,20173,106083,2.9866937016854647,0.2195558094339271
3264,0.3702,6,27,6,299383,377061,20179,106077,2.9864798504625525,0.2195583870446953
3265,0.3703,5,27,5,299410,377034,20184,106072,2.9862659992396403,0.2195625804688826
3266,0.3704,3,14,3,299424,377020,20187,106069,2.9861551134203523,0.21956409688483902
3267,0.3705,4,24,4,299448,376996,20191,106065,2.98596502344443,0.21956854310325197
3268,0.3706,2,10,2,299458,376986,20193,106063,2.9858858192877964,0.21956985730226125
3269,0.3707,8,73,8,299531,376913,20201,106055,2.985307628944367,0.21959011777177784
3270,0.3708,17,185,17,299716,376728,20218,106038,2.9838423520466355,0.21964678539913748
3271,0.3709,1,10,1,299726,376718,20219,106037,2.9837631478900013,0.21964971880146245
3272,0.371,9,97,9,299823,376621,20228,106028,2.98299486757065,0.21967931146651087
3273,0.3711,4,6,4,299829,376615,20232,106024,2.9829473450766697,0.21967557532648627
3274,0.3712,4,23,4,299852,376592,20236,106020,2.9827651755164113,0.2196795769686622
3275,0.3713,10,57,10,299909,376535,20246,106010,2.9823137118235965,0.21968935539690598
3276,0.3714,1,16,1,299925,376519,20247,106009,2.982186985172982,0.2196950228795013
3277,0.3715,3,40,3,299965,376479,20250,106006,2.9818701685464455,0.21970838471662332
3278,0.3716,1,14,1,299979,376465,20251,106005,2.9817592827271575,0.21971314278607995
3279,0.3717,59,467,59,300446,375998,20310,105946,2.978060448612343,0.21983051972843318
3280,0.3718,0,37,0,300483,375961,20310,105946,2.977767393232797,0.21984739794192656
3281,0.3719,2,11,2,300494,375950,20312,105944,2.9776802686604995,0.21984917845003257
3282,0.372,8,121,8,300615,375829,20320,105936,2.976721898365226,0.2198914408477162
3283,0.3721,1,14,1,300629,375815,20321,105935,2.9766110125459386,0.21989621172807472
3284,0.3722,2,24,2,300653,375791,20323,105933,2.9764209225700164,0.2199039283905307
3285,0.3723,6,59,6,300712,375732,20329,105927,2.975953618045875,0.21992114753383618
3286,0.3724,0,11,0,300723,375721,20329,105927,2.9758664934735775,0.21992617014915458
3287,0.3725,47,454,47,301177,375267,20376,105880,2.9722706247623876,0.220057487628521
3288,0.3726,0,6,0,301183,375261,20376,105880,2.972223102268407,0.2200602318239352
3289,0.3727,4,67,4,301250,375194,20380,105876,2.971692434418958,0.2200843952023614
3290,0.3728,3,38,3,301288,375156,20383,105873,2.9713914586237484,0.2200969172336803
3291,0.3729,1,36,1,301324,375120,20384,105872,2.971106323659866,0.2201117690107112
3292,0.373,7,70,7,301394,375050,20391,105865,2.970551894563427,0.2201324558393895
3293,0.3731,2,15,2,301409,375035,20393,105863,2.9704330883284755,0.22013607875266689
3294,0.3732,8,37,8,301446,374998,20401,105855,2.970140032948929,0.22014004279894273
3295,0.3733,109,819,109,302265,374179,20510,105746,2.963653212520593,0.22033859457206856
3296,0.3734,1,5,1,302270,374174,20511,105745,2.963613610442276,0.2203392655844007
3297,0.3735,4,45,4,302315,374129,20515,105741,2.9632571917374224,0.22035342905370203
3298,0.3736,3,16,3,302331,374113,20518,105738,2.9631304650868078,0.22035590214462406
3299,0.3737,5,42,5,302373,374071,20523,105733,2.9627978076289443,0.22036706655217547
3300,0.3738,1,35,1,302408,374036,20524,105732,2.962520593080725,0.22038151773357123
3301,0.3739,3,17,3,302425,374019,20527,105729,2.962385946014447,0.22038445183721453
3302,0.374,28,171,28,302596,373848,20555,105701,2.961031554936003,0.2204175172922892
3303,0.3741,0,11,0,302607,373837,20555,105701,2.9609444303637056,0.22042257339355797
3304,0.3742,21,155,21,302762,373682,20576,105680,2.9597167659358763,0.2204596943437319
3305,0.3743,11,89,11,302851,373593,20587,105669,2.9590118489418327,0.22048274221615735
3306,0.3744,1,7,1,302858,373586,20588,105668,2.9589564060321885,0.22048433607231238
3307,0.3745,1,40,1,302898,373546,20589,105667,2.958639589405652,0.22050111328365465
3308,0.3746,1,13,1,302911,373533,20590,105666,2.9585366240020274,0.2205054685005603
3309,0.3747,11,44,11,302955,373489,20601,105655,2.9581881257128373,0.22050782228307148
3310,0.3748,1,30,1,302985,373459,20602,105654,2.957950513242935,0.22052000258811597
3311,0.3749,0,6,0,302991,373453,20602,105654,2.9579029907489547,0.22052276422594536
3312,0.375,161,1622,161,304613,371831,20763,105493,2.945056076542897,0.22100920967728419
3313,0.3751,1,3,1,304616,371828,20764,105492,2.9450323152959066,0.22100896673091427
3314,0.3752,3,22,3,304638,371806,20767,105489,2.9448580661513115,0.22101425742989136
3315,0.3753,3,50,3,304688,371756,20770,105486,2.944462045368141,0.22103251599817283
3316,0.3754,4,18,4,304706,371738,20774,105482,2.9443194778861996,0.22103432379196178
3317,0.3755,3,30,3,304736,371708,20777,105479,2.944081865416297,0.22104332263871396
3318,0.3756,2,10,2,304746,371698,20779,105477,2.944002661259663,0.22104469010321162
3319,0.3757,10,76,10,304822,371622,20789,105467,2.9434007096692434,0.2210635751400682
3320,0.3758,10,171,10,304993,371451,20799,105457,2.9420463185907995,0.22112650657988542
3321,0.3759,0,4,0,304997,371447,20799,105457,2.942014636928146,0.2211283612634828
3322,0.376,16,183,16,305180,371264,20815,105441,2.9405652008617413,0.22118710733052938
3323,0.3761,0,9,0,305189,371255,20815,105441,2.9404939171207705,0.22119128333361304
3324,0.3762,4,32,4,305221,371223,20819,105437,2.940240463819541,0.2211995971971636
3325,0.3763,11,32,11,305253,371191,20830,105426,2.939987010518312,0.22119647431795342
3326,0.3764,5,10,5,305263,371181,20835,105421,2.9399078063616777,0.22119294505688183
3327,0.3765,4,38,4,305301,371143,20839,105417,2.939606830566468,0.2212040456605674
3328,0.3766,0,4,0,305305,371139,20839,105417,2.9395751489038147,0.22120590234935664
3329,0.3767,108,858,108,306163,370281,20947,105309,2.9327794322646055,0.22142812086040498
3330,0.3768,3,23,3,306186,370258,20950,105306,2.9325972627043466,0.2214339184631301
3331,0.3769,2,13,2,306199,370245,20952,105304,2.9324942973007224,0.2214366973750339
3332,0.377,9,67,9,306266,370178,20961,105295,2.9319636294512734,0.22145316348141744
3333,0.3771,2,24,2,306290,370154,20963,105293,2.9317735394753517,0.22146106716416342
3334,0.3772,3,20,3,306310,370134,20966,105290,2.9316151311620833,0.22146547082183482
3335,0.3773,11,70,11,306380,370064,20977,105279,2.9310607020656443,0.22148006807715692
3336,0.3774,4,9,4,306389,370055,20981,105275,2.930989418324674,0.22147771022237184
3337,0.3775,45,445,45,306834,369610,21026,105230,2.9274648333544544,0.22161149018616796
3338,0.3776,3,4,3,306838,369606,21029,105227,2.9274331516918006,0.22160843917756348
3339,0.3777,6,56,6,306894,369550,21035,105221,2.9269896084146496,0.2216247411910163
3340,0.3778,2,22,2,306916,369528,21037,105219,2.9268153592700545,0.22163173227003014
3341,0.3779,3,18,3,306934,369510,21040,105216,2.9266727917881132,0.22163521694619634
3342,0.378,14,113,14,307047,369397,21054,105202,2.9257777848181474,0.22166502668568625
3343,0.3781,1,11,1,307058,369386,21055,105201,2.92569066024585,0.22166852442228716
3344,0.3782,2,31,2,307089,369355,21057,105199,2.925445127360284,0.22167972454135884
3345,0.3783,66,498,66,307587,368857,21123,105133,2.9215007603599035,0.22180425747378638
3346,0.3784,0,5,0,307592,368852,21123,105133,2.921461158281587,0.2218065972551874
3347,0.3785,4,42,4,307634,368810,21127,105129,2.9211285008237233,0.22181968565574894
3348,0.3786,1,20,1,307654,368790,21128,105128,2.920970092510455,0.22182740474090454
3349,0.3787,5,60,5,307714,368730,21133,105123,2.92049486757065,0.22184728175193572
3350,0.3788,2,23,2,307737,368707,21135,105121,2.9203126980103917,0.2218547658644065
3351,0.3789,0,9,0,307746,368698,21135,105121,2.920241414269421,0.221858979905829
3352,0.379,8,117,8,307863,368581,21143,105113,2.9193147256368013,0.2219006362757392
3353,0.3791,4,9,4,307872,368572,21147,105109,2.919243441895831,0.22189828175502077
3354,0.3792,10,193,10,308065,368379,21157,105099,2.917714801672792,0.22197229860732706
3355,0.3793,14,81,14,308146,368298,21171,105085,2.9170732480040553,0.2219872703498013
3356,0.3794,0,4,0,308150,368294,21171,105085,2.9170415663414015,0.22198914611759288
3357,0.3795,2,25,2,308175,368269,21173,105083,2.916843555949816,0.22199758319390223
3358,0.3796,3,9,3,308184,368260,21176,105080,2.9167722722088456,0.2219968732834749
3359,0.3797,3,38,3,308222,368222,21179,105077,2.916471296413636,0.2220097654970748
3360,0.3798,2,23,2,308245,368199,21181,105075,2.916289126853377,0.22201726695318144
3361,0.3799,1,4,1,308249,368195,21182,105074,2.9162574451907237,0.22201749956156014
3362,0.38,420,4037,420,312286,364158,21602,104654,2.884282727157521,0.22323234046910062
3363,0.3801,1,12,1,312298,364146,21603,104653,2.8841876821695602,0.22323639768856163
3364,0.3802,1,45,1,312343,364101,21604,104652,2.8838312634647068,0.22325617116050459
3365,0.3803,3,39,3,312382,364062,21607,104649,2.8835223672538333,0.22326977604536696
3366,0.3804,0,17,0,312399,364045,21607,104649,2.8833877201875553,0.22327787426337867
3367,0.3805,3,41,3,312440,364004,21610,104646,2.8830629831453556,0.22329243571962018
3368,0.3806,0,11,0,312451,363993,21610,104646,2.882975858573058,0.22329767688988753
3369,0.3807,10,63,10,312514,363930,21620,104636,2.882476872386263,0.2233111237264334
3370,0.3808,17,182,17,312696,363748,21637,104619,2.8810353567355214,0.22336970794270306
3371,0.3809,0,5,0,312701,363743,21637,104619,2.8809957546572043,0.22337209252672077
3372,0.381,16,118,16,312819,363625,21653,104603,2.8800611456089213,0.22340184696344517
3373,0.3811,0,15,0,312834,363610,21653,104603,2.8799423393739705,0.2234090040216739
3374,0.3812,4,33,4,312867,363577,21657,104599,2.879680965657078,0.2234181162639691
3375,0.3813,3,43,3,312910,363534,21660,104596,2.879340387783551,0.22343366158972935
3376,0.3814,1,21,1,312931,363513,21661,104595,2.8791740590546193,0.22344202619908227
3377,0.3815,3,46,3,312977,363467,21664,104592,2.878809719934102,0.22345900837287608
3378,0.3816,1,7,1,312984,363460,21665,104591,2.8787542770244583,0.22346069124945786
3379,0.3817,38,504,38,313488,362956,21703,104553,2.8747623875300974,0.22363847540902956
3380,0.3818,4,26,4,313514,362930,21707,104549,2.874556456722849,0.22364427065172982
3381,0.3819,1,11,1,313525,362919,21708,104548,2.8744693321505514,0.22364787247014228
3382,0.382,13,97,13,313622,362822,21721,104535,2.8737010518312003,0.22367269560528674
3383,0.3821,1,19,1,313641,362803,21722,104534,2.873550563933595,0.22368012804464443
3384,0.3822,5,24,5,313665,362779,21727,104529,2.8733604739576735,0.223683309508932
3385,0.3823,6,50,6,313715,362729,21733,104523,2.8729644531745024,0.22369727684418686
3386,0.3824,5,13,5,313728,362716,21738,104518,2.8728614877708782,0.2236951934148628
3387,0.3825,39,439,39,314167,362277,21777,104479,2.8693844252946397,0.22384072191894694
3388,0.3826,4,13,4,314180,362264,21781,104475,2.869281459891015,0.2238403047527633
3389,0.3827,9,62,9,314242,362202,21790,104466,2.8687903941198836,0.22385507469978658
3390,0.3828,1,26,1,314268,362176,21791,104465,2.8685844633126347,0.2238658840521943
3391,0.3829,3,19,3,314287,362157,21794,104462,2.8684339754150296,0.22387000957954992
3392,0.383,3,82,3,314369,362075,21797,104459,2.86778450133063,0.2239043670986466
3393,0.3831,3,15,3,314384,362060,21800,104456,2.8676656950956785,0.2239065755515352
3394,0.3832,8,38,8,314422,362022,21808,104448,2.8673647193004688,0.22391150556305872
3395,0.3833,94,864,94,315286,361158,21902,104354,2.860521480167279,0.22417037584423172
3396,0.3834,1,6,1,315292,361152,21903,104353,2.8604739576732987,0.22417159858648134
3397,0.3835,4,55,4,315347,361097,21907,104349,2.860038334811811,0.22419142070186446
3398,0.3836,1,15,1,315362,361082,21908,104348,2.8599195285768597,0.2241969791375717
3399,0.3837,4,35,4,315397,361047,21912,104344,2.8596423140286404,0.22420717203383822
3400,0.3838,4,29,4,315426,361018,21916,104340,2.859412621974401,0.2242144757369595
3401,0.3839,2,7,2,315433,361011,21918,104338,2.8593571790647574,0.2242145142677861
3402,0.384,16,194,16,315627,360817,21934,104322,2.857820618426055,0.22428134385635262
3403,0.3841,0,3,0,315630,360814,21934,104322,2.8577968571790646,0.22428279040968663
3404,0.3842,25,189,25,315819,360625,21959,104297,2.8562998986186794,0.22433225358232134
3405,0.3843,11,72,11,315891,360553,21970,104286,2.8557296286909137,0.22434864544498204
3406,0.3844,0,12,0,315903,360541,21970,104286,2.855634583702953,0.2243544372422428
3407,0.3845,11,35,11,315938,360506,21981,104275,2.855357369154733,0.2243529748419148
3408,0.3846,1,11,1,315949,360495,21982,104274,2.8552702445824356,0.22435661586723726
3409,0.3847,5,47,5,315996,360448,21987,104269,2.854897985046255,0.2243709612516865
3410,0.3848,8,31,8,316027,360417,21995,104261,2.8546524521606895,0.22437257627862736
3411,0.3849,1,11,1,316038,360406,21996,104260,2.854565327588392,0.22437621861724336
3412,0.385,163,1534,163,317572,358872,22159,104097,2.8424154099607146,0.22484658800049248
3413,0.3851,0,4,0,317576,358868,22159,104097,2.8423837282980613,0.22484853066646507
3414,0.3852,2,43,2,317619,358825,22161,104095,2.8420431504245345,0.22486606757107058
3415,0.3853,6,43,6,317662,358782,22167,104089,2.8417025725510077,0.2248769095493129
3416,0.3854,3,9,3,317671,358773,22170,104086,2.841631288810037,0.2248762582125442
3417,0.3855,5,41,5,317712,358732,22175,104081,2.8413065517678366,0.22488780565800875
3418,0.3856,1,10,1,317722,358722,22176,104080,2.8412273476112024,0.22489099009943778
3419,0.3857,8,67,8,317789,358655,22184,104072,2.840696679761754,0.22491015220637656
3420,0.3858,25,174,25,317963,358481,22209,104047,2.83931852743632,0.2249528677182787
3421,0.3859,0,7,0,317970,358474,22209,104047,2.8392630845266758,0.22495627225574621
3422,0.386,15,176,15,318146,358298,22224,104032,2.837869091369915,0.22501676291826184
3423,0.3861,1,9,1,318155,358289,22225,104031,2.8377978076289443,0.22501946703581935
3424,0.3862,6,31,6,318186,358258,22231,104025,2.8375522747433783,0.22502449798067417
3425,0.3863,2,31,2,318217,358227,22233,104023,2.837306741857813,0.22503623580313684
3426,0.3864,0,16,0,318233,358211,22233,104023,2.837180015207198,0.22504402532050866
3427,0.3865,10,53,10,318286,358158,22243,104013,2.836760233177037,0.22505306477472622
3428,0.3866,1,6,1,318292,358152,22244,104012,2.8367127106830567,0.22505430972555196
3429,0.3867,97,846,97,319138,357306,22341,103915,2.8300120390318084,0.22530413836317081
3430,0.3868,7,26,7,319164,357280,22348,103908,2.8298061082245596,0.22530508165867283
3431,0.3869,1,9,1,319173,357271,22349,103907,2.8297348244835887,0.2253077987241369
3432,0.387,6,63,6,319236,357208,22355,103901,2.829235838296794,0.2253285015039828
3433,0.3871,1,20,1,319256,357188,22356,103900,2.8290774299835255,0.22533659518356583
3434,0.3872,2,16,2,319272,357172,22358,103898,2.828950703332911,0.22534105450365455
3435,0.3873,9,76,9,319348,357096,22367,103889,2.8283487517424915,0.22536308122823953
3436,0.3874,1,16,1,319364,357080,22368,103888,2.828222025091877,0.2253692230263272
3437,0.3875,64,471,64,319835,356609,22432,103824,2.824491509314409,0.2254920911402962
3438,0.3876,1,9,1,319844,356600,22433,103823,2.824420225573438,0.2254948167228831
3439,0.3877,12,51,12,319895,356549,22445,103811,2.824016284374604,0.2254996090016509
3440,0.3878,4,21,4,319916,356528,22449,103807,2.8238499556456724,0.22550316617246136
3441,0.3879,1,14,1,319930,356514,22450,103806,2.8237390698263845,0.22550834202294057
3442,0.388,17,133,17,320063,356381,22467,103789,2.8226856545431502,0.22554490731686117
3443,0.3881,2,8,2,320071,356373,22469,103787,2.822622291217843,0.22554546244784424
3444,0.3882,2,24,2,320095,356349,22471,103785,2.822432201241921,0.22555386039718864
3445,0.3883,57,490,57,320585,355859,22528,103728,2.8185511975668485,0.22569828998644434
3446,0.3884,1,5,1,320590,355854,22529,103727,2.8185115954885314,0.2256990606661285
3447,0.3885,6,30,6,320620,355824,22535,103721,2.8182739830186287,0.22570368516684983
3448,0.3886,3,17,3,320637,355807,22538,103718,2.8181393359523508,0.2257069800337305
3449,0.3887,7,47,7,320684,355760,22545,103711,2.81776707641617,0.2257182716645882
3450,0.3888,7,36,7,320720,355724,22552,103704,2.8174819414522876,0.22572416134845938
3451,0.3889,1,10,1,320730,355714,22553,103703,2.8174027372956534,0.22572738927815036
3452,0.389,7,127,7,320857,355587,22560,103696,2.8163968445063996,0.22577800615306903
3453,0.3891,3,10,3,320867,355577,22563,103693,2.8163176403497654,0.22577786487251508
3454,0.3892,17,129,17,320996,355448,22580,103676,2.815295906729185,0.22581263449525618
3455,0.3893,8,89,8,321085,355359,22588,103668,2.8145909897351413,0.2258429242724284
3456,0.3894,1,9,1,321094,355350,22589,103667,2.8145197059941705,0.22584566584679872
3457,0.3895,4,43,4,321137,355307,22593,103663,2.8141791281206436,0.2258600780007408
3458,0.3896,0,15,0,321152,355292,22593,103663,2.8140603218856928,0.2258674597727446
3459,0.3897,6,47,6,321199,355245,22599,103657,2.813688062349512,0.22588047121171842
3460,0.3898,7,43,7,321242,355202,22606,103650,2.8133474844759854,0.2258898294003295
3461,0.3899,1,9,1,321251,355193,22607,103649,2.8132762007350145,0.22589257304257238
3462,0.39,454,4078,454,325329,351115,23061,103195,2.780976745659612,0.22714666197090091
3463,0.3901,2,11,2,325340,351104,23063,103193,2.7808896210873146,0.22714875951194924
3464,0.3902,5,33,5,325373,351071,23068,103188,2.780628247370422,0.2271567541864883
3465,0.3903,7,46,7,325419,351025,23075,103181,2.7802639082499048,0.22716784894959555
3466,0.3904,2,4,2,325423,351021,23077,103179,2.7802322265872514,0.2271664464993395
3467,0.3905,5,36,5,325459,350985,23082,103174,2.7799470916233684,0.22717594498842916
3468,0.3906,1,14,1,325473,350971,23083,103173,2.7798362058040804,0.2271812464768884
3469,0.3907,11,90,11,325563,350881,23094,103162,2.7791233683943735,0.22720755523155295
3470,0.3908,26,161,26,325724,350720,23120,103136,2.7778481814725637,0.22724388352252697
3471,0.3909,0,9,0,325733,350711,23120,103136,2.777776897731593,0.22724838987588328
3472,0.391,14,127,14,325860,350584,23134,103122,2.7767710049423395,0.22728815576606878
3473,0.3911,3,13,3,325873,350571,23137,103119,2.776668039538715,0.2272895589499438
3474,0.3912,4,36,4,325909,350535,23141,103115,2.7763829045748323,0.22730078254160696
3475,0.3913,4,49,4,325958,350486,23145,103111,2.7759948042073246,0.22731852282973652
3476,0.3914,3,22,3,325980,350464,23148,103108,2.7758205550627295,0.22732443801645605
3477,0.3915,2,45,2,326025,350419,23150,103106,2.775464136357876,0.2273435863513588
3478,0.3916,0,9,0,326034,350410,23150,103106,2.775392852616905,0.22734809797228764
3479,0.3917,63,484,63,326518,349926,23213,103043,2.771559371435813,0.2274835584775117
3480,0.3918,6,37,6,326555,349889,23219,103037,2.7712663160562667,0.2274919081704296
3481,0.3919,1,8,1,326563,349881,23220,103036,2.771202952730959,0.22749422079542167
3482,0.392,14,116,14,326679,349765,23234,103022,2.7702841845140034,0.22752861720853293
3483,0.3921,3,18,3,326697,349747,23237,103019,2.7701416170320616,0.22753254440483606
3484,0.3922,4,33,4,326730,349714,23241,103015,2.769880243315169,0.22754230455747257
3485,0.3923,9,49,9,326779,349665,23250,103006,2.7694921429476618,0.22755157719403274
3486,0.3924,1,12,1,326791,349653,23251,103005,2.769397097959701,0.227555903132166
3487,0.3925,63,405,63,327196,349248,23314,102942,2.7661893296160183,0.22765209314668614
3488,0.3926,1,21,1,327217,349227,23315,102941,2.7660230008870865,0.2276609578740645
3489,0.3927,10,60,10,327277,349167,23325,102931,2.7655477759472817,0.22767408836137298
3490,0.3928,3,22,3,327299,349145,23328,102928,2.7653735268026867,0.227680042824942
3491,0.3929,2,29,2,327328,349116,23330,102926,2.7651438347484474,0.22769123223063345
3492,0.393,13,72,13,327400,349044,23343,102913,2.7645735648206817,0.2277052905475521
3493,0.3931,0,19,0,327419,349025,23343,102913,2.764423076923077,0.22771486354322937
3494,0.3932,7,36,7,327455,348989,23350,102906,2.764137941959194,0.22772104139235885
3495,0.3933,90,851,90,328306,348138,23440,102816,2.7573976682296286,0.22799664710813075
3496,0.3934,0,11,0,328317,348127,23440,102816,2.757310543657331,0.22800220870486956
3497,0.3935,6,50,6,328367,348077,23446,102810,2.7569145228741605,0.22801721939199843
3498,0.3936,2,14,2,328381,348063,23448,102808,2.7568036370548725,0.22802087515054195
3499,0.3937,6,31,6,328412,348032,23454,102802,2.756558104169307,0.22802628018294982
3500,0.3938,3,26,3,328438,348006,23457,102799,2.756352173362058,0.22803429420702964
3501,0.3939,3,9,3,328447,347997,23460,102796,2.7562808896210873,0.2280337094852848
3502,0.394,31,155,31,328602,347842,23491,102765,2.755053225193258,0.2280590403611129
3503,0.3941,0,4,0,328606,347838,23491,102765,2.7550215435306047,0.22806106483978136
3504,0.3942,21,177,21,328783,347661,23512,102744,2.7536196299581803,0.22811469677290439
3505,0.3943,9,50,9,328833,347611,23521,102735,2.7532236091750093,0.22812459753167563
3506,0.3944,0,14,0,328847,347597,23521,102735,2.7531127233557218,0.2281316895090733
3507,0.3945,1,35,1,328882,347562,23522,102734,2.752835508807502,0.2281477072858742
3508,0.3946,1,12,1,328894,347550,23523,102733,2.752740463819541,0.22815207325171058
3509,0.3947,7,53,7,328947,347497,23530,102726,2.75232068178938,0.2281669306099422
3510,0.3948,6,28,6,328975,347469,23536,102720,2.7520989101508047,0.22817083491600196
3511,0.3949,2,12,2,328987,347457,23538,102718,2.752003865162844,0.22817348808796578
3512,0.395,168,1637,168,330624,345820,23706,102550,2.739038144721835,0.2287173539710507
3513,0.3951,0,3,0,330627,345817,23706,102550,2.739014383474845,0.228718884306829
3514,0.3952,3,32,3,330659,345785,23709,102547,2.7387609301736155,0.22873004826780155
3515,0.3953,5,46,5,330705,345739,23714,102542,2.7383965910530983,0.22874491669287791
3516,0.3954,4,19,4,330724,345720,23718,102538,2.7382461031554937,0.22874773010186097
3517,0.3955,5,34,5,330758,345686,23723,102533,2.7379768090229377,0.22875647841791624
3518,0.3956,1,15,1,330773,345671,23724,102532,2.7378580027879864,0.2287624134599724
3519,0.3957,11,64,11,330837,345607,23735,102521,2.737351096185528,0.22877615324193087
3520,0.3958,27,172,27,331009,345435,23762,102494,2.7359887846914206,0.22881751348986112
3521,0.3959,1,7,1,331016,345428,23763,102493,2.735933341781777,0.22881936770100084
3522,0.396,20,172,20,331188,345256,23783,102473,2.7345710302876696,0.22887282262261324
3523,0.3961,5,18,5,331206,345238,23788,102468,2.7344284628057283,0.2288734124626429
3524,0.3962,4,40,4,331246,345198,23792,102464,2.7341116461791914,0.22888697276069891
3525,0.3963,2,46,2,331292,345152,23794,102462,2.7337473070586746,0.2289070493773653
3526,0.3964,1,17,1,331309,345135,23795,102461,2.733612659992396,0.22891402067936265
3527,0.3965,11,40,11,331349,345095,23806,102450,2.73329584336586,0.2289155280474589
3528,0.3966,1,8,1,331357,345087,23807,102449,2.7332324800405527,0.2289178971077187
3529,0.3967,118,857,118,332214,344230,23925,102331,2.726444683817007,0.22915346391646382
3530,0.3968,3,29,3,332243,344201,23928,102328,2.7262149917627676,0.22916316745384957
3531,0.3969,0,12,0,332255,344189,23928,102328,2.7261199467748067,0.22916932613987823
3532,0.397,7,76,7,332331,344113,23935,102321,2.7255179951843873,0.22919625297356383
3533,0.3971,1,30,1,332361,344083,23936,102320,2.7252803827144847,0.22920992914474142
3534,0.3972,4,24,4,332385,344059,23940,102316,2.725090292738563,0.22921534584150097
3535,0.3973,7,63,7,332448,343996,23947,102309,2.7245913065517677,0.22923561241751716
3536,0.3974,0,10,0,332458,343986,23947,102309,2.7245121023951335,0.22924074883205056
3537,0.3975,51,443,51,332901,343543,23998,102258,2.721003358256241,0.22938037375420872
3538,0.3976,2,13,2,332914,343530,24000,102256,2.720900392852617,0.22938360558653703
3539,0.3977,9,51,9,332965,343479,24009,102247,2.7204964516537826,0.22939429156028593
3540,0.3978,5,15,5,332980,343464,24014,102242,2.7203776454188318,0.22939336692797493
3541,0.3979,1,20,1,333000,343444,24015,102241,2.7202192371055633,0.2294019318577022
3542,0.398,13,121,13,333121,343323,24028,102228,2.71926086681029,0.22944174740938747
3543,0.3981,3,14,3,333135,343309,24031,102225,2.7191499809910025,0.22944376860127397
3544,0.3982,3,22,3,333157,343287,24034,102222,2.7189757318464074,0.2294499101028262
3545,0.3983,50,468,50,333625,342819,24084,102172,2.7152689773159295,0.22960464368942293
3546,0.3984,1,6,1,333631,342813,24085,102171,2.715221454821949,0.22960600830591663
3547,0.3985,4,52,4,333683,342761,24089,102167,2.7148095932074514,0.2296259170023015
3548,0.3986,3,14,3,333697,342747,24092,102164,2.714698707388164,0.22962794806152242
3549,0.3987,6,58,6,333755,342689,24098,102158,2.7142393232796858,0.2296474967797917
3550,0.3988,5,31,5,333786,342658,24103,102153,2.71399379039412,0.22965484216892118
3551,0.3989,3,7,3,333793,342651,24106,102150,2.713938347484476,0.2296532606716262
3552,0.399,16,104,16,333897,342547,24122,102134,2.713114624255481,0.229679253217475
3553,0.3991,1,8,1,333905,342539,24123,102133,2.7130512609301736,0.22968165299366725
3554,0.3992,23,167,23,334072,342372,24146,102110,2.7117285515143834,0.229728087976566
3555,0.3993,10,92,10,334164,342280,24156,102100,2.7109998732733493,0.22975831495566856
3556,0.3994,4,8,4,334172,342272,24160,102096,2.7109365099480423,0.22975551794908725
3557,0.3995,5,48,5,334220,342224,24165,102091,2.7105563299961983,0.2297716709991785
3558,0.3996,0,18,0,334238,342206,24165,102091,2.7104137625142566,0.22978097984006193
3559,0.3997,7,36,7,334274,342170,24172,102084,2.710128627550374,0.22978746392829327
3560,0.3998,4,34,4,334308,342136,24176,102080,2.7098593334178176,0.22979811623174312
3561,0.3999,0,8,0,334316,342128,24176,102080,2.7097959700925105,0.22980225479955335
3562,0.4,466,4078,466,338394,338050,24642,101614,2.677496515017108,0.23111739874085666
3563,0.4001,0,5,0,338399,338045,24642,101614,2.677456912938791,0.23112002711192084
3564,0.4002,4,35,4,338434,338010,24646,101610,2.6771796983905713,0.23113143169100586
3565,0.4003,7,58,7,338492,337952,24653,101603,2.6767203142820937,0.23114968547735779
3566,0.4004,0,12,0,338504,337940,24653,101603,2.6766252692941324,0.23115599611414583
3567,0.4005,2,38,2,338542,337902,24655,101601,2.6763242934989226,0.23117248346427668
3568,0.4006,3,8,3,338550,337894,24658,101598,2.6762609301736155,0.2311714433937364
3569,0.4007,6,70,6,338620,337824,24664,101592,2.6757065010771766,0.23119777158774374
3570,0.4008,24,170,24,338790,337654,24688,101568,2.674360030414396,0.2312452472781418
3571,0.4009,0,3,0,338793,337651,24688,101568,2.674336269167406,0.23124682675385172
3572,0.401,7,108,7,338901,337543,24695,101561,2.6734808642757573,0.23129144803964435
3573,0.4011,3,8,3,338909,337535,24698,101558,2.6734175009504497,0.2312904100042588
3574,0.4012,5,27,5,338936,337508,24703,101553,2.6732036497275375,0.23129587916029892
3575,0.4013,4,38,4,338974,337470,24707,101549,2.672902673932328,0.2313088955147727
3576,0.4014,2,17,2,338991,337453,24709,101547,2.67276802686605,0.2313143507972665
3577,0.4015,3,40,3,339031,337413,24712,101544,2.6724512102395135,0.23133017584865945
3578,0.4016,0,7,0,339038,337406,24712,101544,2.6723957673298693,0.23133386490488667
3579,0.4017,66,486,66,339524,336920,24778,101478,2.66854644531745,0.23147459614323057
3580,0.4018,3,22,3,339546,336898,24781,101475,2.668372196172855,0.23148095343463215
3581,0.4019,0,15,0,339561,336883,24781,101475,2.6682533899379037,0.2314888743903385
3582,0.402,17,101,17,339662,336782,24798,101458,2.6674534279558992,0.2315124132895217
3583,0.4021,3,18,3,339680,336764,24801,101455,2.6673108604739575,0.23151666176044397
3584,0.4022,4,31,4,339711,336733,24805,101451,2.667065327588392,0.23152602559655305
3585,0.4023,7,42,7,339753,336691,24812,101444,2.6667326701305285,0.23153594211829687
3586,0.4024,1,9,1,339762,336682,24813,101443,2.6666613863895576,0.2315389443651926
3587,0.4025,48,440,48,340202,336242,24861,101395,2.6631764034976557,0.23168744873034045
3588,0.4026,2,12,2,340214,336230,24863,101393,2.6630813585096944,0.2316902905011848
3589,0.4027,6,70,6,340284,336160,24869,101387,2.6625269294132554,0.23171682127862836
3590,0.4028,4,26,4,340310,336134,24873,101383,2.662320998606007,0.231723567312813
3591,0.4029,1,25,1,340335,336109,24874,101382,2.6621229882144215,0.2317350528353726
3592,0.403,4,70,4,340405,336039,24878,101378,2.6615685591179825,0.23176511200982128
3593,0.4031,2,9,2,340414,336030,24880,101376,2.6614972753770116,0.23176636808822923
3594,0.4032,2,40,2,340454,335990,24882,101374,2.6611804587504753,0.23178405172808003
3595,0.4033,113,876,113,341330,335114,24995,101261,2.6542421746293248,0.23205041535376683
3596,0.4034,0,5,0,341335,335109,24995,101261,2.6542025725510077,0.23205307422600088
3597,0.4035,5,44,5,341379,335065,25000,101256,2.653854074261817,0.2320676749457395
3598,0.4036,4,12,4,341391,335053,25004,101252,2.653759029273856,0.23206701733878823
3599,0.4037,4,40,4,341431,335013,25008,101248,2.65344221264732,0.23208125411164418
3600,0.4038,3,28,3,341459,334985,25011,101245,2.6532204410087443,0.23209086949544966
3601,0.4039,2,13,2,341472,334972,25013,101243,2.6531174756051197,0.2320942654424997
3602,0.404,12,152,12,341624,334820,25025,101231,2.651913572424281,0.23215403702777887
3603,0.4041,1,13,1,341637,334807,25026,101230,2.6518106070206566,0.23215919749929478
3604,0.4042,22,161,22,341798,334646,25048,101208,2.650535420098847,0.2322061974881497
3605,0.4043,11,71,11,341869,334575,25059,101197,2.6499730705867446,0.2322246495873989
3606,0.4044,1,16,1,341885,334559,25060,101196,2.64984634393613,0.23223141444160136
3607,0.4045,5,20,5,341905,334539,25065,101191,2.6496879356228615,0.2322332637183577
3608,0.4046,0,13,0,341918,334526,25065,101191,2.649584970219237,0.23224019260207887
3609,0.4047,6,58,6,341976,334468,25071,101185,2.649125586110759,0.23226053762971907
3610,0.4048,4,21,4,341997,334447,25075,101181,2.6489592573818275,0.2322646845473661
3611,0.4049,2,10,2,342007,334437,25077,101179,2.6488800532251933,0.23226649158892235
3612,0.405,194,1585,194,343592,332852,25271,100985,2.636326194398682,0.23277175529058147
3613,0.4051,0,5,0,343597,332847,25271,100985,2.636286592320365,0.23277443803131165
3614,0.4052,1,35,1,343632,332812,25272,100984,2.6360093777721456,0.232791450359155
3615,0.4053,4,42,4,343674,332770,25276,100980,2.635676720314282,0.23280691642651297
3616,0.4054,1,16,1,343690,332754,25277,100979,2.6355499936636675,0.2328137356392066
3617,0.4055,7,48,7,343738,332706,25284,100972,2.6351698137118236,0.23282712058255203
3618,0.4056,0,8,0,343746,332698,25284,100972,2.6351064503865165,0.2328314155925012
3619,0.4057,8,72,8,343818,332626,25292,100964,2.6345361804587504,0.2328559237989806
3620,0.4058,14,165,14,343983,332461,25306,100950,2.6332293118742873,0.23291979206803703
3621,0.4059,0,5,0,343988,332456,25306,100950,2.6331897097959702,0.2329224791534958
3622,0.406,18,185,18,344173,332271,25324,100932,2.6317244328982383,0.23299007624600937
3623,0.4061,1,12,1,344185,332259,25325,100931,2.6316293879102775,0.23299475980516632
3624,0.4062,5,34,5,344219,332225,25330,100926,2.6313600937777215,0.2330041948419835
3625,0.4063,4,35,4,344254,332190,25334,100922,2.631082879229502,0.2330159404495835
3626,0.4064,0,11,0,344265,332179,25334,100922,2.6309957546572043,0.23302185864267227
3627,0.4065,6,34,6,344299,332145,25340,100916,2.6307264605246483,0.2330295270181337
3628,0.4066,0,2,0,344301,332143,25340,100916,2.6307106196933217,0.2330306032203464
3629,0.4067,104,812,104,345113,331331,25444,100812,2.6242792421746293,0.2332838898235075
3630,0.4068,4,39,4,345152,331292,25448,100808,2.6239703459637562,0.23329784772043508
3631,0.4069,0,13,0,345165,331279,25448,100808,2.6238673805601316,0.23330486684394577
3632,0.407,12,76,12,345241,331203,25460,100796,2.623265428969712,0.23332461417734762
3633,0.4071,2,23,2,345264,331180,25462,100794,2.6230832594094537,0.2333334876636094
3634,0.4072,4,19,4,345283,331161,25466,100790,2.622932771511849,0.2333366516109466
3635,0.4073,7,71,7,345354,331090,25473,100783,2.6223704219997463,0.2333625857601656
3636,0.4074,4,13,4,345367,331077,25477,100779,2.622267456596122,0.23336250972546405
3637,0.4075,60,520,60,345887,330557,25537,100719,2.618148840451147,0.23353722442241162
3638,0.4076,3,16,3,345903,330541,25540,100716,2.6180221138005324,0.23354055702284252
3639,0.4077,7,49,7,345952,330492,25547,100709,2.617634013433025,0.23355465316638876
3640,0.4078,4,15,4,345967,330477,25551,100705,2.617515207198074,0.23355566790821508
3641,0.4079,3,20,3,345987,330457,25554,100702,2.6173567988848054,0.23356116884954276
3642,0.408,18,120,18,346107,330337,25572,100684,2.616406349005196,0.23359418682616392
3643,0.4081,2,15,2,346122,330322,25574,100682,2.6162875427702446,0.23359876010431457
3644,0.4082,3,36,3,346158,330286,25577,100679,2.6160024078063615,0.233612938405671
3645,0.4083,50,528,50,346686,329758,25627,100629,2.611820428336079,0.23381050078185447
3646,0.4084,0,5,0,346691,329753,25627,100629,2.611780826257762,0.2338132170955105
3647,0.4085,7,44,7,346735,329709,25634,100622,2.6114323279685716,0.2338246605519937
3648,0.4086,3,17,3,346752,329692,25637,100619,2.6112976809022936,0.23382855655560747
3649,0.4087,11,64,11,346816,329628,25648,100608,2.610790774299835,0.23384375087161466
3650,0.4088,2,35,2,346851,329593,25650,100606,2.610513559751616,0.23385921399166432
3651,0.4089,2,13,2,346864,329580,25652,100604,2.610410594347991,0.23386271920852472
3652,0.409,15,97,15,346961,329483,25667,100589,2.6096423140286404,0.23388874421027178
3653,0.4091,0,2,0,346963,329481,25667,100589,2.6096264731973133,0.23388983188783222
3654,0.4092,21,183,21,347146,329298,25688,100568,2.6081770371309085,0.2339519757319723
3655,0.4093,10,65,10,347211,329233,25698,100558,2.6076622101127866,0.23396953402933054
3656,0.4094,2,15,2,347226,329218,25700,100556,2.6075434038778353,0.2339741352431743
3657,0.4095,4,35,4,347261,329183,25704,100552,2.607266189329616,0.23398606117723714
3658,0.4096,2,25,2,347286,329158,25706,100550,2.6070681789380306,0.23399610898563675
3659,0.4097,6,34,6,347320,329124,25712,100544,2.6067988848054746,0.2340039286146513
3660,0.4098,10,28,10,347348,329096,25722,100534,2.606577113166899,0.2340013499988362
3661,0.4099,1,7,1,347355,329089,25723,100533,2.606521670257255,0.2340033797151915
3662,0.41,451,4038,451,351393,325051,26174,100082,2.5745390318083894,0.23541338828084388
3663,0.4101,0,6,0,351399,325045,26174,100082,2.574491509314409,0.23541671077113427
3664,0.4102,5,30,5,351429,325015,26179,100077,2.5742538968445063,0.23542433167408466
3665,0.4103,4,41,4,351470,324974,26183,100073,2.5739291598023066,0.23543984547591207
3666,0.4104,1,18,1,351488,324956,26184,100072,2.573786592320365,0.23544801754237368
3667,0.4105,5,59,5,351547,324897,26189,100067,2.5733192877962234,0.23547171054489321
3668,0.4106,0,4,0,351551,324893,26189,100067,2.57328760613357,0.23547392695783131
3669,0.4107,13,86,13,351637,324807,26202,100054,2.5726064503865165,0.23549819823424603
3670,0.4108,23,189,23,351826,324618,26225,100031,2.5711094918261312,0.23556160499612622
3671,0.4109,1,7,1,351833,324611,26226,100030,2.571054048916487,0.23556368791520366
3672,0.411,14,91,14,351924,324520,26240,100016,2.5703332910911163,0.23558897243107768
3673,0.4111,6,13,6,351937,324507,26246,100010,2.570230325687492,0.23558538291752745
3674,0.4112,4,34,4,351971,324473,26250,100006,2.569961031554936,0.23559704955957775
3675,0.4113,4,43,4,352014,324430,26254,100002,2.5696204536814093,0.23561371432879707
3676,0.4114,2,13,2,352027,324417,26256,100000,2.5695174882777847,0.23561732918332678
3677,0.4115,9,50,9,352077,324367,26265,99991,2.569121467494614,0.235628879389572
3678,0.4116,2,11,2,352088,324356,26267,99989,2.5690343429223166,0.23563138484016544
3679,0.4117,41,511,41,352599,323845,26308,99948,2.564987010518312,0.2358415547212908
3680,0.4118,3,33,3,352632,323812,26311,99945,2.5647256368014193,0.23585451095793109
3681,0.4119,3,13,3,352645,323799,26314,99942,2.564622671397795,0.23585633677175444
3682,0.412,16,114,16,352759,323685,26330,99926,2.563719744012166,0.23589094711893696
3683,0.4121,5,26,5,352785,323659,26335,99921,2.563513813204917,0.2358964068180745
3684,0.4122,6,34,6,352819,323625,26341,99915,2.5632445190723607,0.23590451905369034
3685,0.4123,9,62,9,352881,323563,26350,99906,2.5627534533012293,0.23592281843535182
3686,0.4124,2,15,2,352896,323548,26352,99904,2.562634647066278,0.2359275667608135
3687,0.4125,52,428,52,353324,323120,26404,99852,2.559244709162337,0.23607236412812196
3688,0.4126,4,8,4,353332,323112,26408,99848,2.5591813458370294,0.2360696046907509
3689,0.4127,9,82,9,353414,323030,26417,99839,2.5585318717526295,0.2360991228962161
3690,0.4128,4,26,4,353440,323004,26421,99835,2.5583259409453807,0.23610641402519636
3691,0.4129,6,30,6,353470,322974,26427,99829,2.5580883284754785,0.23611232654451364
3692,0.413,8,65,8,353535,322909,26435,99821,2.5575735014573566,0.23613417547843776
3693,0.4131,1,5,1,353540,322904,26436,99820,2.5575338993790395,0.23613516147651895
3694,0.4132,3,29,3,353569,322875,26439,99817,2.5573042073248002,0.23614594077957474
3695,0.4133,120,860,120,354429,322015,26559,99697,2.5504926498542644,0.23641015669461624
3696,0.4134,1,7,1,354436,322008,26560,99696,2.5504372069446206,0.2364122702179728
3697,0.4135,3,39,3,354475,321969,26563,99693,2.550128310733747,0.23642870355877457
3698,0.4136,1,7,1,354482,321962,26564,99692,2.5500728678241034,0.23643081768464191
3699,0.4137,6,42,6,354524,321920,26570,99686,2.54974021036624,0.2364435041247041
3700,0.4138,2,33,2,354557,321887,26572,99684,2.5494788366493473,0.23645839016440884
3701,0.4139,0,7,0,354564,321880,26572,99684,2.5494233937397035,0.2364623165165906
3702,0.414,24,180,24,354744,321700,26596,99660,2.547997718920289,0.23651984051642302
3703,0.4141,0,4,0,354748,321696,26596,99660,2.5479660372576354,0.23652208583715434
3704,0.4142,22,185,22,354933,321511,26618,99638,2.5465007603599035,0.23658610135605213
3705,0.4143,13,71,13,355004,321440,26631,99625,2.545938410847801,0.2366024248037714
3706,0.4144,3,14,3,355018,321426,26634,99622,2.5458275250285136,0.2366048526533792
3707,0.4145,2,37,2,355055,321389,26636,99620,2.5455344696489672,0.23662201995681803
3708,0.4146,1,22,1,355077,321367,26637,99619,2.545360220504372,0.23663257210453553
3709,0.4147,8,48,8,355125,321319,26645,99611,2.5449800405525282,0.2366450478701922
3710,0.4148,5,34,5,355159,321285,26650,99606,2.5447107464199723,0.2366550959749674
3711,0.4149,0,13,0,355172,321272,26650,99606,2.5446077810163477,0.23666240573277766
3712,0.415,195,1500,195,356672,319772,26845,99411,2.5327271575212267,0.23715417848529163
3713,0.4151,1,12,1,356684,319760,26846,99410,2.532632112533266,0.23715914783977862
3714,0.4152,1,32,1,356716,319728,26847,99409,2.5323786592320365,0.23717543428520985
3715,0.4153,10,45,10,356761,319683,26857,99399,2.532022240527183,0.23718269932853236
3716,0.4154,3,7,3,356768,319676,26860,99396,2.531966797617539,0.23718120036652413
3717,0.4155,3,27,3,356795,319649,26863,99393,2.5317529463946267,0.23719102142506002
3718,0.4156,4,7,4,356802,319642,26867,99389,2.531697503484983,0.23718770210318568
3719,0.4157,9,55,9,356857,319587,26876,99380,2.531261880623495,0.2372024526991386
3720,0.4158,14,178,14,357035,319409,26890,99366,2.5298520466354075,0.2372777744612262
3721,0.4159,1,12,1,357047,319397,26891,99365,2.5297570016474467,0.23728275249425687
3722,0.416,16,193,16,357240,319204,26907,99349,2.5282283614244077,0.2373630101803117
3723,0.4161,1,11,1,357251,319193,26908,99348,2.52814123685211,0.2373674263692207
3724,0.4162,1,41,1,357292,319152,26909,99347,2.52781649980991,0.23738885875474017
3725,0.4163,10,46,10,357338,319106,26919,99337,2.527452160689393,0.23739673025955746
3726,0.4164,4,13,4,357351,319093,26923,99333,2.5273491952857685,0.23739681568544976
3727,0.4165,5,40,5,357391,319053,26928,99328,2.527032378659232,0.2374103986557707
3728,0.4166,0,3,0,357394,319050,26928,99328,2.5270086174122417,0.237412101018696
3729,0.4167,109,864,109,358258,318186,27037,99219,2.520165378279052,0.2377043878247745
3730,0.4168,5,30,5,358288,318156,27042,99214,2.5199277658091495,0.23771234156743418
3731,0.4169,2,15,2,358303,318141,27044,99212,2.5198089595741986,0.23771723217516108
3732,0.417,10,58,10,358361,318083,27054,99202,2.5193495754657205,0.23773200570353595
3733,0.4171,2,29,2,358390,318054,27056,99200,2.5191198834114816,0.23774487482444745
3734,0.4172,4,28,4,358418,318026,27060,99196,2.5188981117729057,0.23775352210573747
3735,0.4173,8,62,8,358480,317964,27068,99188,2.5184070460017742,0.23777424056459037
3736,0.4174,2,17,2,358497,317947,27070,99186,2.5182723989354963,0.23778027631474855
3737,0.4175,57,460,57,358957,317487,27127,99129,2.5146290077303255,0.2379385333256524
3738,0.4176,0,17,0,358974,317470,27127,99129,2.5144943606640475,0.23794824279462984
3739,0.4177,15,57,15,359031,317413,27142,99114,2.514042896971233,0.23795336196693131
3740,0.4178,5,24,5,359055,317389,27147,99109,2.513852806995311,0.23795792536818905
3741,0.4179,0,13,0,359068,317376,27147,99109,2.513749841591687,0.23796535289386173
3742,0.418,11,147,11,359215,317229,27158,99098,2.512585540489165,0.23802924143761994
3743,0.4181,0,6,0,359221,317223,27158,99098,2.512538017995184,0.23803267190461205
3744,0.4182,4,35,4,359256,317188,27162,99094,2.512260803446965,0.23804536347956434
3745,0.4183,62,442,62,359698,316746,27224,99032,2.508759979723736,0.23818480054259725
3746,0.4184,0,5,0,359703,316741,27224,99032,2.5087203776454188,0.23818766490368543
3747,0.4185,5,37,5,359740,316704,27229,99027,2.5084273222658724,0.23819970124912504
3748,0.4186,1,19,1,359759,316685,27230,99026,2.5082768343682678,0.2382087556018484
3749,0.4187,8,64,8,359823,316621,27238,99018,2.507769927765809,0.2382307723769906
3750,0.4188,5,31,5,359854,316590,27243,99013,2.5075243948802433,0.2382393774828382
3751,0.4189,3,4,3,359858,316586,27246,99010,2.5074927132175895,0.2382361716667148
3752,0.419,12,124,12,359982,316462,27258,98998,2.506510581675326,0.23828527415394984
3753,0.4191,1,9,1,359991,316453,27259,98997,2.5064392979343557,0.23828860271994223
3754,0.4192,26,169,26,360160,316284,27285,98971,2.5051007476872384,0.23833788876714307
3755,0.4193,7,70,7,360230,316214,27292,98964,2.5045463185907995,0.23836523129838286
3756,0.4194,1,11,1,360241,316203,27293,98963,2.504459194018502,0.23836971235602145
3757,0.4195,5,28,5,360269,316175,27298,98958,2.5042374223799264,0.23837661665056742
3758,0.4196,3,14,3,360283,316161,27301,98955,2.504126536560639,0.23837915185153066
3759,0.4197,9,49,9,360332,316112,27310,98946,2.5037384361931316,0.2383907791200266
3760,0.4198,5,32,5,360364,316080,27315,98941,2.5034849828919024,0.2383999845790936
3761,0.4199,2,8,2,360372,316072,27317,98939,2.503421619566595,0.2384009098554014
3762,0.42,493,3890,493,364262,312182,27810,98446,2.4726112026359144,0.23974497598799888
3763,0.4201,1,9,1,364271,312173,27811,98445,2.4725399188949435,0.23974837927221895
3764,0.4202,3,32,3,364303,312141,27814,98442,2.4722864655937142,0.2397615098530626
3765,0.4203,5,42,5,364345,312099,27819,98437,2.4719538081358507,0.23977677962468577
3766,0.4204,6,10,6,364355,312089,27825,98431,2.471874603979217,0.23977150930527136
3767,0.4205,4,39,4,364394,312050,27829,98427,2.4715657077683435,0.2397868820908358
3768,0.4206,3,8,3,364402,312042,27832,98424,2.4715023444430364,0.2397859993275935
3769,0.4207,16,73,16,364475,311969,27848,98408,2.470924154099607,0.23979901407729964
3770,0.4208,25,158,25,364633,311811,27873,98383,2.4696727284247877,0.23984504892806818
3771,0.4209,3,9,3,364642,311802,27876,98380,2.469601444683817,0.23984475184186532
3772,0.421,15,126,15,364768,311676,27891,98365,2.468603472310227,0.23989064508183328
3773,0.4211,1,16,1,364784,311660,27892,98364,2.468476745659612,0.23989815230327982
3774,0.4212,7,40,7,364824,311620,27899,98357,2.468159929033076,0.23990858023742795
3775,0.4213,5,46,5,364870,311574,27904,98352,2.4677955899125585,0.23992623058795978
3776,0.4214,3,20,3,364890,311554,27907,98349,2.46763718159929,0.23993237424463837
3777,0.4215,5,54,5,364944,311500,27912,98344,2.467209479153466,0.23995471447672773
3778,0.4216,1,12,1,364956,311488,27913,98343,2.467114434165505,0.23995988590418976
3779,0.4217,64,507,64,365463,310981,27977,98279,2.463098783424154,0.24013829839222012
3780,0.4218,6,35,6,365498,310946,27983,98273,2.4628215688759347,0.24014769597697078
3781,0.4219,0,16,0,365514,310930,27983,98273,2.46269484222532,0.2401570858473667
3782,0.422,16,131,16,365645,310799,27999,98257,2.4616572677734125,0.2402042752092623
3783,0.4221,1,18,1,365663,310781,28000,98256,2.4615147002914712,0.24021298806709418
3784,0.4222,3,24,3,365687,310757,28003,98253,2.4613246103155495,0.24022151047651646
3785,0.4223,7,57,7,365744,310700,28010,98246,2.4608731466227347,0.24024198793972798
3786,0.4224,3,18,3,365762,310682,28013,98243,2.4607305791407934,0.240246989056673
3787,0.4225,63,425,63,366187,310257,28076,98180,2.4573644024838424,0.24037978929430978
3788,0.4226,2,7,2,366194,310250,28078,98178,2.4573089595741986,0.24038018940914924
3789,0.4227,11,72,11,366266,310178,28089,98167,2.4567386896464325,0.240402110960095
3790,0.4228,1,17,1,366283,310161,28090,98166,2.4566040425801545,0.2404102594244319
3791,0.4229,5,22,5,366305,310139,28095,98161,2.4564297934355594,0.2404139113397012
3792,0.423,10,61,10,366366,310078,28105,98151,2.4559466480800913,0.24043122855064192
3793,0.4231,1,15,1,366381,310063,28106,98150,2.45582784184514,0.24043820260501259
3794,0.4232,6,29,6,366410,310034,28112,98144,2.455598149790901,0.2404441199672692
3795,0.4233,103,781,103,367191,309253,28215,98041,2.4494123051577747,0.24071309668200366
3796,0.4234,0,6,0,367197,309247,28215,98041,2.4493647826637943,0.24071664276875332
3797,0.4235,6,38,6,367235,309209,28221,98035,2.4490638068685846,0.24072791741560343
3798,0.4236,1,15,1,367250,309194,28222,98034,2.4489450006336333,0.2407349199956781
3799,0.4237,5,47,5,367297,309147,28227,98029,2.4485727410974527,0.24075338428591075
3800,0.4238,5,34,5,367331,309113,28232,98024,2.4483034469648968,0.24076416537922124
3801,0.4239,0,6,0,367337,309107,28232,98024,2.4482559244709163,0.2407677135860448
3802,0.424,21,178,21,367515,308929,28253,98003,2.4468460904828286,0.24083384939007008
3803,0.4241,0,6,0,367521,308923,28253,98003,2.446798567988848,0.2408374004118685
3804,0.4242,22,163,22,367684,308760,28275,97981,2.4455075402357114,0.24089285319158876
3805,0.4243,7,69,7,367753,308691,28282,97974,2.444961031554936,0.24092065951089964
3806,0.4244,2,16,2,367769,308675,28284,97972,2.4448343049043215,0.2409264054573131
3807,0.4245,5,31,5,367800,308644,28289,97967,2.4445887720187556,0.240935439523279
3808,0.4246,0,5,0,367805,308639,28289,97967,2.4445491699404385,0.2409384022862427
3809,0.4247,6,54,6,367859,308585,28295,97961,2.444121467494614,0.24095920264865475
3810,0.4248,6,35,6,367894,308550,28301,97955,2.443844252946395,0.24096874577188473
3811,0.4249,1,6,1,367900,308544,28302,97954,2.443796730452414,0.24097043527889436
3812,0.425,178,1540,178,369440,307004,28480,97776,2.4315992903307566,0.24155343643460644
3813,0.4251,0,11,0,369451,306993,28480,97776,2.431512165758459,0.24156000088939616
3814,0.4252,3,43,3,369494,306950,28483,97773,2.4311715878849323,0.2415800436347823
3815,0.4253,9,52,9,369546,306898,28492,97764,2.4307597262704346,0.2415942193732053
3816,0.4254,2,12,2,369558,306886,28494,97762,2.4306646812824737,0.24159763547577154
3817,0.4255,5,28,5,369586,306858,28499,97757,2.430442909643898,0.24160498251424192
3818,0.4256,4,21,4,369607,306837,28503,97753,2.4302765809149665,0.24161002496354334
3819,0.4257,4,94,4,369701,306743,28507,97749,2.4295320618426053,0.24165867310107492
3820,0.4258,23,194,23,369895,306549,28530,97726,2.4279955012039034,0.2417314946509183
3821,0.4259,2,3,2,369898,306546,28532,97724,2.427971739956913,0.2417295371904915
3822,0.426,26,157,26,370055,306389,28558,97698,2.426728234697757,0.24177466733648942
3823,0.4261,0,19,0,370074,306370,28558,97698,2.426577746800152,0.24178603601374027
3824,0.4262,9,32,9,370106,306338,28567,97689,2.4263242934989226,0.24178829632673063
3825,0.4263,4,44,4,370150,306294,28571,97685,2.4259757952097325,0.24180712363761483
3826,0.4264,1,9,1,370159,306285,28572,97684,2.425904511468762,0.24181063398429087
3827,0.4265,5,44,5,370203,306241,28577,97679,2.4255560131795715,0.24182758962170728
3828,0.4266,1,8,1,370211,306233,28578,97678,2.4254926498542644,0.24183050226411265
3829,0.4267,112,843,112,371054,305390,28690,97566,2.4188157394500065,0.24212569114245724
3830,0.4268,6,27,6,371081,305363,28696,97560,2.4186018882270943,0.24213063041821886
3831,0.4269,1,15,1,371096,305348,28697,97559,2.418483081992143,0.24213776380157206
3832,0.427,17,86,17,371182,305262,28714,97542,2.4178019262450894,0.24215747609259095
3833,0.4271,1,27,1,371209,305235,28715,97541,2.417588075022177,0.2421718275170318
3834,0.4272,1,31,1,371240,305204,28716,97540,2.4173425421366113,0.24218858629799575
3835,0.4273,12,73,12,371313,305131,28728,97528,2.4167643517931823,0.24220990962576275
3836,0.4274,2,11,2,371324,305120,28730,97526,2.4166772272208847,0.24221276257556265
3837,0.4275,58,428,58,371752,304692,28788,97468,2.4132872893169433,0.24236124925402824
3838,0.4276,1,24,1,371776,304668,28789,97467,2.4130971993410215,0.24237382968406132
3839,0.4277,9,46,9,371822,304622,28798,97458,2.4127328602205043,0.24238460007958615
3840,0.4278,3,20,3,371842,304602,28801,97455,2.4125744519072363,0.2423910042605899
3841,0.4279,3,23,3,371865,304579,28804,97452,2.4123922823469774,0.2423992179707535
3842,0.428,13,104,13,371969,304475,28817,97439,2.4115685591179825,0.24243743686460287
3843,0.4281,0,3,0,371972,304472,28817,97439,2.411544797870992,0.242439246499847
3844,0.4282,3,26,3,371998,304446,28820,97436,2.4113388670637437,0.24244927615568748
3845,0.4283,63,473,63,372471,303973,28883,97373,2.4075925104549487,0.24261609683415308
3846,0.4284,0,6,0,372477,303967,28883,97373,2.4075449879609683,0.24261972392485176
3847,0.4285,3,44,3,372521,303923,28886,97370,2.407196489671778,0.24264066405344722
3848,0.4286,1,10,1,372531,303913,28887,97369,2.407117285515144,0.24264482334119147
3849,0.4287,9,50,9,372581,303863,28896,97360,2.4067212647319733,0.24265807294197989
3850,0.4288,1,27,1,372608,303836,28897,97359,2.406507413509061,0.24267251585887162
3851,0.4289,2,13,2,372621,303823,28899,97357,2.4064044481054365,0.24267660401814647
3852,0.429,20,120,20,372741,303703,28919,97337,2.405453998225827,0.24271145022940355
3853,0.4291,2,6,2,372747,303697,28921,97335,2.4054064757318465,0.24271130483352948
3854,0.4292,20,179,20,372926,303518,28941,97315,2.4039887213280955,0.24278190667934027
3855,0.4293,6,67,6,372993,303451,28947,97309,2.4034580534786465,0.24281115879828327
3856,0.4294,2,10,2,373003,303441,28949,97307,2.4033788493220123,0.2428134388693144
3857,0.4295,2,35,2,373038,303406,28951,97305,2.403101634773793,0.24283086813189556
3858,0.4296,1,14,1,373052,303392,28952,97304,2.402990748954505,0.24283746281470242
3859,0.4297,7,36,7,373088,303356,28959,97297,2.4027056139906224,0.24284605381714353
3860,0.4298,4,34,4,373122,303322,28963,97293,2.402436319858066,0.2428591041274041
3861,0.4299,1,11,1,373133,303311,28964,97292,2.4023491952857685,0.2428638826968345
3862,0.43,517,3764,517,376897,299547,29481,96775,2.372536750728678,0.24418276048263785
3863,0.4301,0,10,0,376907,299537,29481,96775,2.372457546572044,0.244188921859545
3864,0.4302,5,33,5,376940,299504,29486,96770,2.3721961728551513,0.24419972039548393
3865,0.4303,7,38,7,376978,299466,29493,96763,2.3718951970599416,0.24420978777424165
3866,0.4304,2,10,2,376988,299456,29495,96761,2.3718159929033074,0.2442121362788573
3867,0.4305,6,26,6,377014,299430,29501,96755,2.371610062096059,0.2442167169377942
3868,0.4306,2,18,2,377032,299412,29503,96753,2.371467494614117,0.24422399757676724
3869,0.4307,11,70,11,377102,299342,29514,96742,2.370913065517678,0.2442461700043425
3870,0.4308,19,179,19,377281,299163,29533,96723,2.369495311113927,0.24432033464179082
3871,0.4309,0,7,0,377288,299156,29533,96723,2.3694398682042834,0.24432465475561976
3872,0.431,7,106,7,377394,299050,29540,96716,2.3686003041439614,0.2443767276623055
3873,0.4311,0,10,0,377404,299040,29540,96716,2.368521099987327,0.24438290259654938
3874,0.4312,5,28,5,377432,299012,29545,96711,2.3682993283487517,0.24439064699297236
3875,0.4313,7,58,7,377490,298954,29552,96704,2.3678399442402736,0.24441310424659682
3876,0.4314,1,16,1,377506,298938,29553,96703,2.367713217589659,0.2444210787051898
3877,0.4315,6,49,6,377555,298889,29559,96697,2.3673251172221517,0.2444398942328596
3878,0.4316,1,6,1,377561,298883,29560,96696,2.3672775947281712,0.24444169179860406
3879,0.4317,63,496,63,378057,298387,29623,96633,2.363349068559118,0.24462812009518506
3880,0.4318,12,29,12,378086,298358,29635,96621,2.363119376504879,0.24462313186270662
3881,0.4319,1,13,1,378099,298345,29636,96620,2.3630164111012544,0.2446292709480587
3882,0.432,19,97,19,378196,298248,29655,96601,2.3622481307819037,0.2446530192554622
3883,0.4321,2,21,2,378217,298227,29657,96599,2.362081802052972,0.24466220562982174
3884,0.4322,5,25,5,378242,298202,29662,96594,2.3618837916613864,0.24466813240255728
3885,0.4323,9,64,9,378306,298138,29671,96585,2.361376885058928,0.24469058048302228
3886,0.4324,4,15,4,378321,298123,29675,96581,2.3612580788239765,0.24469222505979163
3887,0.4325,44,416,44,378737,297707,29719,96537,2.3579631859079964,0.2448661235174156
3888,0.4326,0,8,0,378745,297699,29719,96537,2.3578998225826893,0.24487109244209052
3889,0.4327,9,73,9,378818,297626,29728,96528,2.35732163223926,0.24489920183481584
3890,0.4328,4,35,4,378853,297591,29732,96524,2.3570444176910406,0.24491328673103027
3891,0.4329,5,18,5,378871,297573,29737,96519,2.356901850209099,0.24491489296915442
3892,0.433,5,69,5,378940,297504,29742,96514,2.3563553415283236,0.24494820033602527
3893,0.4331,1,10,1,378950,297494,29743,96513,2.3562761373716894,0.24495250084389364
3894,0.4332,7,36,7,378986,297458,29750,96506,2.3559910024078063,0.24496146856057913
3895,0.4333,116,771,116,379757,296687,29866,96390,2.349884361931314,0.2452191300941037
3896,0.4334,2,4,2,379761,296683,29868,96388,2.3498526802686603,0.24521778508208442
3897,0.4335,12,41,12,379802,296642,29880,96376,2.3495279432264606,0.24522032069777974
3898,0.4336,0,12,0,379814,296630,29880,96376,2.3494328982384998,0.24522780822684642
3899,0.4337,1,36,1,379850,296594,29881,96375,2.3491477632746167,0.24524835292351305
3900,0.4338,7,42,7,379892,296552,29888,96368,2.3488151058167532,0.24526112185686655
3901,0.4339,2,15,2,379907,296537,29890,96366,2.348696299581802,0.24526664342089524
3902,0.434,23,169,23,380076,296368,29913,96343,2.347357749334685,0.2453279892847412
3903,0.4341,0,9,0,380085,296359,29913,96343,2.3472864655937142,0.24533361174631146
3904,0.4342,23,156,23,380241,296203,29936,96320,2.3460508807502216,0.24538689452592588
3905,0.4343,8,67,8,380308,296136,29944,96312,2.345520212900773,0.24541340508806261
3906,0.4344,2,10,2,380318,296126,29946,96310,2.345441008744139,0.2454158130242893
3907,0.4345,2,46,2,380364,296080,29948,96308,2.345076669623622,0.24544073722947696
3908,0.4346,4,19,4,380383,296061,29952,96304,2.344926181726017,0.24544493010334764
3909,0.4347,9,45,9,380428,296016,29961,96295,2.3445697630211635,0.2454557736081833
3910,0.4348,3,39,3,380467,295977,29964,96292,2.34426086681029,0.2454744065934346
3911,0.4349,0,13,0,380480,295964,29964,96292,2.344157901406666,0.24548254201337902
3912,0.435,203,1509,203,381989,294455,30167,96089,2.332205994170574,0.24603885861772298
3913,0.4351,0,6,0,381995,294449,30167,96089,2.3321584716765935,0.24604263861647266
3914,0.4352,11,37,11,382032,294412,30178,96078,2.331865416297047,0.24604471305283107
3915,0.4353,5,63,5,382095,294349,30183,96073,2.3313664301102524,0.24607476013134505
3916,0.4354,0,13,0,382108,294336,30183,96073,2.3312634647066277,0.24608295403026056
3917,0.4355,5,50,5,382158,294286,30188,96068,2.330867443923457,0.2461048176783125
3918,0.4356,1,7,1,382165,294279,30189,96067,2.3308120010138134,0.24610729967772182
3919,0.4357,11,67,11,382232,294212,30200,96056,2.3302813331643644,0.24612830157737758
3920,0.4358,27,163,27,382395,294049,30227,96029,2.328990305411228,0.24617896933433825
3921,0.4359,1,5,1,382400,294044,30228,96028,2.328950703332911,0.24618019237474106
3922,0.436,25,160,25,382560,293884,30253,96003,2.3276834368267645,0.2462328828609315
3923,0.4361,1,7,1,382567,293877,30254,96002,2.3276279939171207,0.24623537046109178
3924,0.4362,4,36,4,382603,293841,30258,95998,2.3273428589532377,0.24625037515487164
3925,0.4363,5,33,5,382636,293808,30263,95993,2.327081485236345,0.24626155397241156
3926,0.4364,0,15,0,382651,293793,30263,95993,2.326962679001394,0.2462710307707306
3927,0.4365,8,46,8,382697,293747,30271,95985,2.326598339880877,0.24628462635862594
3928,0.4366,1,12,1,382709,293735,30272,95984,2.326503294892916,0.24629027581411223
3929,0.4367,112,822,112,383531,292913,30384,95872,2.3199927132175895,0.24659387579253314
3930,0.4368,5,25,5,383556,292888,30389,95867,2.3197947028260044,0.2466000437293411
3931,0.4369,1,12,1,383568,292876,30390,95866,2.3196996578380435,0.24660571793117286
3932,0.437,13,70,13,383638,292806,30403,95853,2.3191452287416046,0.24662493342493033
3933,0.4371,3,32,3,383670,292774,30406,95850,2.3188917754403753,0.2466394252542303
3934,0.4372,2,23,2,383693,292751,30408,95848,2.3187096058801164,0.24665014578009722
3935,0.4373,14,68,14,383761,292683,30422,95834,2.3181710176150045,0.24666616904794386
3936,0.4374,2,9,2,383770,292674,30424,95832,2.3180997338740337,0.24666800512733394
3937,0.4375,60,394,60,384164,292280,30484,95772,2.3149790901026486,0.24680197499304216
3938,0.4376,2,14,2,384178,292266,30486,95770,2.3148682042833606,0.24680699728891134
3939,0.4377,7,49,7,384227,292217,30493,95763,2.3144801039158533,0.24682457858652507
3940,0.4378,5,38,5,384265,292179,30498,95758,2.3141791281206436,0.24683904860840808
3941,0.4379,1,25,1,384290,292154,30499,95757,2.3139811177290586,0.24685301525349887
3942,0.438,12,102,12,384392,292052,30511,95745,2.3131732353313903,0.24689463817409624
3943,0.4381,2,14,2,384406,292038,30513,95743,2.3130623495121023,0.2468996675958853
3944,0.4382,4,23,4,384429,292015,30517,95739,2.312880179951844,0.2469065438396509
3945,0.4383,58,485,58,384914,291530,30575,95681,2.309038778355088,0.24710300068954652
3946,0.4384,0,12,0,384926,291518,30575,95681,2.308943733367127,0.24711065886017267
3947,0.4385,3,55,3,384981,291463,30578,95678,2.3085081105056395,0.24713993092955797
3948,0.4386,0,20,0,385001,291443,30578,95678,2.308349702192371,0.24715269902691922
3949,0.4387,4,42,4,385043,291401,30582,95674,2.3080170447345076,0.24717173674352516
3950,0.4388,6,32,6,385075,291369,30588,95668,2.3077635914332784,0.2471805021225361
3951,0.4389,0,9,0,385084,291360,30588,95668,2.3076923076923075,0.24718625009043274
3952,0.439,12,87,12,385171,291273,30600,95656,2.3070032315295905,0.24721848194371576
3953,0.4391,0,6,0,385177,291267,30600,95656,2.30695570903561,0.24722231555115617
3954,0.4392,20,152,20,385329,291115,30620,95636,2.3057518058547712,0.24728055001797022
3955,0.4393,7,82,7,385411,291033,30627,95629,2.3051023317703714,0.2473193641992231
3956,0.4394,1,12,1,385423,291021,30628,95628,2.3050072867824105,0.2473250933016767
3957,0.4395,8,28,8,385451,290993,30636,95620,2.3047855151438346,0.24732743078996308
3958,0.4396,3,6,3,385457,290987,30639,95617,2.304737992649854,0.24732542860394616
3959,0.4397,4,47,4,385504,290940,30643,95613,2.304365733113674,0.2473477116980078
3960,0.4398,4,29,4,385533,290911,30647,95609,2.3041360410594347,0.24735848080306322
3961,0.4399,4,8,4,385541,290903,30651,95605,2.3040726777341276,0.24735581152265929
3962,0.44,503,3627,503,389168,287276,31154,95102,2.2753453301229247,0.24871200748997066
3963,0.4401,1,17,1,389185,287259,31155,95101,2.2752106830566468,0.2487211005335286
3964,0.4402,6,32,6,389217,287227,31161,95095,2.2749572297554175,0.2487301280072818
3965,0.4403,4,39,4,389256,287188,31165,95091,2.2746483335445444,0.24874764242869737
3966,0.4404,1,17,1,389273,287171,31166,95090,2.2745136864782665,0.2487567395052072
3967,0.4405,7,40,7,389313,287131,31173,95083,2.2741968698517296,0.2487690142171663
3968,0.4406,1,11,1,389324,287120,31174,95082,2.274109745279432,0.24877420840288644
3969,0.4407,16,63,16,389387,287057,31190,95066,2.2736107590926373,0.24878376857713355
3970,0.4408,20,198,20,389585,286859,31210,95046,2.272042516791281,0.24887341092680118
3971,0.4409,1,3,1,389588,286856,31211,95045,2.272018755544291,0.24887339912699888
3972,0.441,12,107,12,389695,286749,31223,95033,2.271171271068306,0.24891954047073986
3973,0.4411,3,19,3,389714,286730,31226,95030,2.2710207831707008,0.24892602682313494
3974,0.4412,2,29,2,389743,286701,31228,95028,2.270791091116462,0.24894100264847574
3975,0.4413,8,46,8,389789,286655,31236,95020,2.2704267519959447,0.24895526298552434
3976,0.4414,4,14,4,389803,286641,31240,95016,2.270315866176657,0.2489565237896855
3977,0.4415,6,46,6,389849,286595,31246,95010,2.26995152705614,0.2489747251739364
3978,0.4416,0,7,0,389856,286588,31246,95010,2.269896084146496,0.2489792923442995
3979,0.4417,80,535,80,390391,286053,31326,94930,2.2656586617665697,0.2491712228629624
3980,0.4418,7,42,7,390433,286011,31333,94923,2.2653260043087062,0.24918489817133677
3981,0.4419,1,4,1,390437,286007,31334,94922,2.2652943226460525,0.24918554376274843
3982,0.442,15,104,15,390541,285903,31349,94907,2.2644705994170575,0.2492240224784013
3983,0.4421,2,29,2,390570,285874,31351,94905,2.2642409073628182,0.24923905992714934
3984,0.4422,4,31,4,390601,285843,31355,94901,2.2639953744772527,0.24925146555165675
3985,0.4423,8,46,8,390647,285797,31363,94893,2.2636310353567355,0.24926580682445035
3986,0.4424,0,13,0,390660,285784,31363,94893,2.2635280699531113,0.24927431917347254
3987,0.4425,58,365,58,391025,285419,31421,94835,2.260637118235965,0.24939908587417883
3988,0.4426,2,15,2,391040,285404,31423,94833,2.2605183120010137,0.2494049763700008
3989,0.4427,11,71,11,391111,285333,31434,94822,2.2599559624889114,0.24942983782930647
3990,0.4428,3,23,3,391134,285310,31437,94819,2.259773792928653,0.2494390062320949
3991,0.4429,5,25,5,391159,285285,31442,94814,2.2595757825370675,0.2494455391884746
3992,0.443,12,71,12,391230,285214,31454,94802,2.259013433024965,0.24946844343396068
3993,0.4431,2,13,2,391243,285201,31456,94800,2.258910467621341,0.24947302770255866
3994,0.4432,4,29,4,391272,285172,31460,94796,2.2586807755671017,0.24948416708775475
3995,0.4433,127,818,127,392090,284354,31587,94669,2.2522018755544293,0.24977112206910926
3996,0.4434,1,15,1,392105,284339,31588,94668,2.252083069319478,0.24977902782798206
3997,0.4435,6,33,6,392138,284306,31594,94662,2.2518216956025854,0.2497889003820903
3998,0.4436,4,12,4,392150,284294,31598,94658,2.251726650614624,0.24978889146910427
3999,0.4437,6,37,6,392187,284257,31604,94652,2.251433595235078,0.2498014035032158
4000,0.4438,3,37,3,392224,284220,31607,94649,2.2511405398555318,0.2498198585790867
4001,0.4439,2,14,2,392238,284206,31609,94647,2.2510296540362438,0.24982513006363946
4002,0.444,33,167,33,392405,284039,31642,94614,2.2497069446204536,0.2498699336859869
4003,0.4441,3,8,3,392413,284031,31645,94611,2.2496435812951465,0.2498692696531288
4004,0.4442,33,185,33,392598,283846,31678,94578,2.2481783043974146,0.24992600892121006
4005,0.4443,6,53,6,392651,283793,31684,94572,2.247758522367254,0.24994912320114177
4006,0.4444,3,11,3,392662,283782,31687,94569,2.247671397794956,0.2499504428427571
4007,0.4445,4,33,4,392695,283749,31691,94565,2.2474100240780635,0.24996431535708433
4008,0.4446,2,12,2,392707,283737,31693,94563,2.2473149790901026,0.24996827914353686
4009,0.4447,4,61,4,392768,283676,31697,94559,2.2468318337346345,0.25000066096474416
4010,0.4448,3,25,3,392793,283651,31700,94556,2.246633823343049,0.25001123723252083
4011,0.4449,2,6,2,392799,283645,31702,94554,2.2465863008490685,0.2500112374702207
4012,0.445,219,1372,219,394171,282273,31921,94335,2.2357194905588647,0.2504859163905175
4013,0.4451,2,12,2,394183,282261,31923,94333,2.2356244455709033,0.2504899175239117
4014,0.4452,12,42,12,394225,282219,31935,94321,2.2352917881130403,0.2504939714240187
4015,0.4453,8,31,8,394256,282188,31943,94313,2.2350462552274744,0.25049867065426124
4016,0.4454,2,24,2,394280,282164,31945,94311,2.2348561652515526,0.25051065807822565
4017,0.4455,3,44,3,394324,282120,31948,94308,2.234507666962362,0.25053396665497785
4018,0.4456,0,8,0,394332,282112,31948,94308,2.234444303637055,0.2505392912172573
4019,0.4457,16,62,16,394394,282050,31964,94292,2.233953237865923,0.25054870304138255
4020,0.4458,23,161,23,394555,281889,31987,94269,2.2326780509441138,0.25061011596190963
4021,0.4459,2,9,2,394564,281880,31989,94267,2.232606767203143,0.25061212770539176
4022,0.446,25,154,25,394718,281726,32014,94242,2.231387023190977,0.25066495020852836
4023,0.4461,2,14,2,394732,281712,32016,94240,2.2312761373716894,0.2506702983359578
4024,0.4462,5,46,5,394778,281666,32021,94235,2.230911798251172,0.25069100640860226
4025,0.4463,5,52,5,394830,281614,32026,94230,2.230499936636675,0.25071572248060364
4026,0.4464,1,16,1,394846,281598,32027,94229,2.2303732099860603,0.25072440245112776
4027,0.4465,7,51,7,394897,281547,32034,94222,2.229969268787226,0.2507444733333511
4028,0.4466,1,5,1,394902,281542,32035,94221,2.229929666708909,0.2507458158466906
4029,0.4467,115,824,115,395726,280718,32150,94106,2.2234032442022555,0.2510671675239579
4030,0.4468,4,34,4,395760,280684,32154,94102,2.2231339500696996,0.2510819507665708
4031,0.4469,2,14,2,395774,280670,32156,94100,2.223023064250412,0.2510873335645863
4032,0.447,10,92,10,395866,280578,32166,94090,2.2222943860093776,0.2511289995409269
4033,0.4471,5,23,5,395889,280555,32171,94085,2.222112216449119,0.251134422378817
4034,0.4472,4,22,4,395911,280533,32175,94081,2.221937967304524,0.25114117464910546
4035,0.4473,8,53,8,395964,280480,32183,94073,2.221518185274363,0.25116071690788755
4036,0.4474,2,9,2,395973,280471,32185,94071,2.2214469015333926,0.25116275344287153
4037,0.4475,65,401,65,396374,280070,32250,94006,2.2182708148523633,0.2513018744853987
4038,0.4476,2,12,2,396386,280058,32252,94004,2.2181757698644025,0.2513059332410135
4039,0.4477,6,53,6,396439,280005,32258,93998,2.2177559878342414,0.2513295347898279
4040,0.4478,3,21,3,396460,279984,32261,93995,2.2175896591053097,0.2513376419531578
4041,0.4479,3,14,3,396474,279970,32264,93992,2.217478773286022,0.2513410453468534
4042,0.448,20,107,20,396581,279863,32284,93972,2.216631288810037,0.25137293190846227
4043,0.4481,1,12,1,396593,279851,32285,93971,2.216536243822076,0.25137899856081236
4044,0.4482,2,28,2,396621,279823,32287,93969,2.2163144721835,0.2513938233027994
4045,0.4483,56,496,56,397117,279327,32343,93913,2.212385946014447,0.25161558246704535
4046,0.4484,3,6,3,397123,279321,32346,93910,2.212338423520466,0.2516136119454172
4047,0.4485,6,43,6,397166,279278,32352,93904,2.2119978456469394,0.2516305716781624
4048,0.4486,3,9,3,397175,279269,32355,93901,2.211926561905969,0.25163062411233483
4049,0.4487,7,53,7,397228,279216,32362,93894,2.211506779875808,0.2516523277317681
4050,0.4488,1,28,1,397256,279188,32363,93893,2.2112850082372324,0.25166920856328784
4051,0.4489,0,18,0,397274,279170,32363,93893,2.2111424407552907,0.251681351407135
4052,0.449,21,95,21,397369,279075,32384,93872,2.2103900012672666,0.25170332513735194
4053,0.4491,3,5,3,397374,279070,32387,93869,2.2103503991889495,0.25170068027210885
4054,0.4492,24,173,24,397547,278897,32411,93845,2.208980167279179,0.25176932033417215
4055,0.4493,13,74,13,397621,278823,32424,93832,2.208394056520086,0.2517932135621419
4056,0.4494,2,10,2,397631,278813,32426,93830,2.208314852363452,0.2517959548414971
4057,0.4495,7,42,7,397673,278771,32433,93823,2.2079821949055884,0.2518102814323365
4058,0.4496,3,19,3,397692,278752,32436,93820,2.207831707007984,0.2518170984400331
4059,0.4497,5,41,5,397733,278711,32441,93815,2.2075069699657837,0.2518347712642876
4060,0.4498,1,31,1,397764,278680,32442,93814,2.207261437080218,0.25185372113376325
4061,0.4499,2,5,2,397769,278675,32444,93812,2.207221835001901,0.2518530848056442
4062,0.45,505,3669,505,401438,275006,32949,93307,2.1781618299328347,0.2533361570186227
4063,0.4501,1,7,1,401445,274999,32950,93306,2.178106387023191,0.25333894462469964
4064,0.4502,3,30,3,401475,274969,32953,93303,2.1778687745532888,0.2533534995872616
4065,0.4503,4,47,4,401522,274922,32957,93299,2.177496515017108,0.2533777269628837
4066,0.4504,3,24,3,401546,274898,32960,93296,2.177306425041186,0.25338815950287075
4067,0.4505,5,39,5,401585,274859,32965,93291,2.176997528830313,0.25340486214858077
4068,0.4506,2,13,2,401598,274846,32967,93289,2.1768945634266887,0.2534097545737298
4069,0.4507,12,74,12,401672,274772,32979,93277,2.176308452667596,0.25343636309295775
4070,0.4508,25,172,25,401844,274600,33004,93252,2.1749461411734887,0.25350412665963484
4071,0.4509,1,3,1,401847,274597,33005,93251,2.1749223799264987,0.25350416476370674
4072,0.451,13,118,13,401965,274479,33018,93238,2.173987770878216,0.25355912291245714
4073,0.4511,2,9,2,401974,274470,33020,93236,2.173916487137245,0.2535612690573447
4074,0.4512,7,34,7,402008,274436,33027,93229,2.173647193004689,0.25357050575931894
4075,0.4513,11,49,11,402057,274387,33038,93218,2.1732590926371818,0.25358196977734254
4076,0.4514,2,16,2,402073,274371,33040,93216,2.173132365986567,0.25358894629026596
4077,0.4515,6,39,6,402112,274332,33046,93210,2.1728234697756936,0.2536036697846777
4078,0.4516,3,9,3,402121,274323,33049,93207,2.172752186034723,0.25360378744592277
4079,0.4517,58,444,58,402565,273879,33107,93149,2.169235521480167,0.2537926261756596
4080,0.4518,5,24,5,402589,273855,33112,93144,2.1690454315042453,0.2537990566731789
4081,0.4519,2,17,2,402606,273838,33114,93142,2.1689107844379674,0.2538067469616873
4082,0.452,17,108,17,402714,273730,33131,93125,2.1680553795463187,0.25384688773493613
4083,0.4521,1,15,1,402729,273715,33132,93124,2.1679365733113674,0.2538552334948029
4084,0.4522,3,30,3,402759,273685,33135,93121,2.1676989608414647,0.25386989307699437
4085,0.4523,10,45,10,402804,273640,33145,93111,2.1673425421366113,0.25388069834847077
4086,0.4524,0,10,0,402814,273630,33145,93111,2.167263337979977,0.25388762096411366
4087,0.4525,60,378,60,403192,273252,33205,93051,2.1642694208592066,0.25402740354296854
4088,0.4526,2,11,2,403203,273241,33207,93049,2.164182296286909,0.25403095907614187
4089,0.4527,19,68,19,403271,273173,33226,93030,2.163643708021797,0.2540394262198835
4090,0.4528,2,31,2,403302,273142,33228,93028,2.1633981751362312,0.2540568588360598
4091,0.4529,9,27,9,403329,273115,33237,93019,2.163184323913319,0.2540572577253137
4092,0.453,10,74,10,403403,273041,33247,93009,2.1625982131542263,0.25408823931156943
4093,0.4531,1,15,1,403418,273026,33248,93008,2.162479406919275,0.2540966139757509
4094,0.4532,8,27,8,403445,272999,33256,93000,2.162265555696363,0.2540990549154506
4095,0.4533,121,756,121,404201,272243,33377,92879,2.156277721454822,0.25437798872705564
4096,0.4534,1,7,1,404208,272236,33378,92878,2.156222278545178,0.2543808235236118
4097,0.4535,3,53,3,404261,272183,33381,92875,2.155802496515017,0.25441162774134524
4098,0.4536,6,19,6,404280,272164,33387,92869,2.1556520086174125,0.25441261474989935
4099,0.4537,8,43,8,404323,272121,33395,92861,2.1553114307438856,0.25442624567786903
4100,0.4538,11,45,11,404368,272076,33406,92850,2.1549550120390317,0.25443514575557785
4101,0.4539,5,23,5,404391,272053,33411,92845,2.1547728424787733,0.25444096706476876
4102,0.454,21,169,21,404560,271884,33432,92824,2.1534342922316565,0.2545159415203396
4103,0.4541,0,10,0,404570,271874,33432,92824,2.1533550880750223,0.25452292033408463
4104,0.4542,29,166,29,404736,271708,33461,92795,2.1520402990748955,0.2545795233509738
4105,0.4543,13,58,13,404794,271650,33474,92782,2.1515809149664173,0.2545934495324231
4106,0.4544,3,13,3,404807,271637,33477,92779,2.151477949562793,0.2545963953284159
4107,0.4545,2,42,2,404849,271595,33479,92777,2.1511452921049297,0.2546216504012383
4108,0.4546,2,21,2,404870,271574,33481,92775,2.150978963375998,0.2546322344784808
4109,0.4547,6,47,6,404917,271527,33487,92769,2.1506067038398173,0.2546528098030173
4110,0.4548,3,31,3,404948,271496,33490,92766,2.150361170954252,0.2546683431156695
4111,0.4549,4,7,4,404955,271489,33494,92762,2.1503057280446076,0.25466505239518905
4112,0.455,195,1416,195,406371,270073,33689,92567,2.1390904194652136,0.2552586587249062
4113,0.4551,1,21,1,406392,270052,33690,92566,2.138924090736282,0.25527138752075185
4114,0.4552,2,33,2,406425,270019,33692,92564,2.1386627170193893,0.2552905127929329
4115,0.4553,9,51,9,406476,269968,33701,92555,2.138258775820555,0.2553079390824858
4116,0.4554,1,29,1,406505,269939,33702,92554,2.138029083766316,0.25532630974942966
4117,0.4555,12,43,12,406548,269896,33714,92542,2.1376885058927892,0.2553319464294583
4118,0.4556,0,7,0,406555,269889,33714,92542,2.1376330629831455,0.2553368779160723
4119,0.4557,8,57,8,406612,269832,33722,92534,2.1371815992903307,0.2553606022640093
4120,0.4558,14,154,14,406766,269678,33736,92520,2.135961855278165,0.2554403944803671
4121,0.4559,0,2,0,406768,269676,33736,92520,2.135946014446838,0.25544180498956365
4122,0.456,30,165,30,406933,269511,33766,92490,2.134639145862375,0.2554965317775365
4123,0.4561,6,16,6,406949,269495,33772,92484,2.1345124192117604,0.2554954845446835
4124,0.4562,3,48,3,406997,269447,33775,92481,2.1341322392599165,0.2555231979841294
4125,0.4563,11,41,11,407038,269406,33786,92470,2.1338075022177163,0.25552951839856747
4126,0.4564,3,15,3,407053,269391,33789,92467,2.133688695982765,0.2555339387273461
4127,0.4565,10,49,10,407102,269342,33799,92457,2.1333005956152578,0.255547970005445
4128,0.4566,0,9,0,407111,269333,33799,92457,2.1332293118742873,0.2555543270958291
4129,0.4567,108,744,108,407855,268589,33907,92349,2.1273365226207073,0.2558583468628961
4130,0.4568,6,40,6,407895,268549,33913,92343,2.1270197059941705,0.2558743335956463
4131,0.4569,2,11,2,407906,268538,33915,92341,2.126932581421873,0.2558780089725365
4132,0.457,17,68,17,407974,268470,33932,92324,2.126393993156761,0.2558911733565414
4133,0.4571,2,25,2,407999,268445,33934,92322,2.1261959827651755,0.2559047806478974
4134,0.4572,2,30,2,408029,268415,33936,92320,2.125958370295273,0.2559219371560841
4135,0.4573,7,59,7,408088,268356,33943,92313,2.1254910657711314,0.2559493607712335
4136,0.4574,1,13,1,408101,268343,33944,92312,2.1253881003675072,0.25595652354743453
4137,0.4575,70,379,70,408480,267964,34014,92242,2.1223862628310735,0.2560812424001821
4138,0.4576,4,17,4,408497,267947,34018,92238,2.1222516157647955,0.2560850673959215
4139,0.4577,10,43,10,408540,267904,34028,92228,2.1219110378912687,0.2560949873935113
4140,0.4578,1,19,1,408559,267885,34029,92227,2.1217605499936636,0.2561064335540054
4141,0.4579,0,17,0,408576,267868,34029,92227,2.1216259029273856,0.25611852427831544
4142,0.458,10,99,10,408675,267769,34039,92217,2.120841781776708,0.25616829543371133
4143,0.4581,5,12,5,408687,267757,34044,92212,2.1207467367887465,0.25616650322666673
4144,0.4582,4,46,4,408733,267711,34048,92208,2.1203823976682297,0.2561909763030015
4145,0.4583,68,472,68,409205,267239,34116,92140,2.116643961475098,0.2563867115218196
4146,0.4584,0,7,0,409212,267232,34116,92140,2.1165885185654543,0.25639170553075924
4147,0.4585,10,47,10,409259,267185,34126,92130,2.1162162590292737,0.2564045475418505
4148,0.4586,3,23,3,409282,267162,34129,92127,2.1160340894690153,0.2564147524694605
4149,0.4587,7,27,7,409309,267135,34136,92120,2.115820238246103,0.25641953487077424
4150,0.4588,8,33,8,409342,267102,34144,92112,2.1155588645292105,0.2564265312599175
4151,0.4589,0,9,0,409351,267093,34144,92112,2.1154875807882396,0.2564329561114127
4152,0.459,17,99,17,409450,266994,34161,92095,2.114703459637562,0.2564684521107581
4153,0.4591,0,5,0,409455,266989,34161,92095,2.1146638575592447,0.25647202325918167
4154,0.4592,20,143,20,409598,266846,34181,92075,2.1135312381193767,0.2565327746217134
4155,0.4593,11,79,11,409677,266767,34192,92064,2.112905525281967,0.25656646164907715
4156,0.4594,4,11,4,409688,266756,34196,92060,2.1128184007096693,0.25656603941853207
4157,0.4595,9,38,9,409726,266718,34205,92051,2.1125174249144596,0.2565745646920442
4158,0.4596,1,18,1,409744,266700,34206,92050,2.112374857432518,0.25658536585365854
4159,0.4597,6,39,6,409783,266661,34212,92044,2.112065961221645,0.2566008279784224
4160,0.4598,4,32,4,409815,266629,34216,92040,2.1118125079204155,0.25661543094050504
4161,0.4599,2,14,2,409829,266615,34218,92038,2.111701622101128,0.2566213024845742
4162,0.46,509,3546,509,413375,263069,34727,91529,2.0836158281586616,0.25812046317238113
4163,0.4601,3,17,3,413392,263052,34730,91526,2.0834811810923837,0.2581265617156169
4164,0.4602,7,38,7,413430,263014,34737,91519,2.083180205297174,0.2581395808006589
4165,0.4603,4,47,4,413477,262967,34741,91515,2.0828079457609934,0.2581654357626057
4166,0.4604,1,9,1,413486,262958,34742,91514,2.082736662020023,0.2581698977634341
4167,0.4605,10,31,10,413517,262927,34752,91504,2.082491129134457,0.25817154819979066
4168,0.4606,1,18,1,413535,262909,34753,91503,2.0823485616525157,0.25818256718169813
4169,0.4607,11,74,11,413609,262835,34764,91492,2.081762450893423,0.2582134581897513
4170,0.4608,28,129,28,413738,262706,34792,91464,2.0807407172728425,0.25824886354010784
4171,0.4609,0,9,0,413747,262697,34792,91464,2.0806694335318716,0.25825542620446634
4172,0.461,14,107,14,413854,262590,34806,91450,2.0798219490558862,0.25830414642413285
4173,0.4611,1,10,1,413864,262580,34807,91449,2.0797427448992525,0.2583093475393259
4174,0.4612,1,27,1,413891,262553,34808,91448,2.0795288936763403,0.25832695387866134
4175,0.4613,7,47,7,413938,262506,34815,91441,2.0791566341401597,0.2583465886135495
4176,0.4614,2,23,2,413961,262483,34817,91439,2.0789744645799013,0.2583591864874181
4177,0.4615,12,44,12,414005,262439,34829,91427,2.0786259662907107,0.258366161202263
4178,0.4616,3,12,3,414017,262427,34832,91424,2.07853092130275,0.25836863538608057
4179,0.4617,82,451,82,414468,261976,34914,91342,2.0749588138385504,0.2585263134060535
4180,0.4618,8,33,8,414501,261943,34922,91334,2.074697440121658,0.25853367187787485
4181,0.4619,2,9,2,414510,261934,34924,91332,2.074626156380687,0.25853606064551926
4182,0.462,20,101,20,414611,261833,34944,91312,2.073826194398682,0.2585680103073808
4183,0.4621,4,18,4,414629,261815,34948,91308,2.0736836269167407,0.2585727919166976
4184,0.4622,3,33,3,414662,261782,34951,91305,2.073422253199848,0.2585906589594066
4185,0.4623,7,35,7,414697,261747,34958,91298,2.0731450386516284,0.2586015946975598
4186,0.4624,2,7,2,414704,261740,34960,91296,2.0730895957419846,0.25860252212238977
4187,0.4625,51,381,51,415085,261359,35011,91245,2.0700719173742237,0.25877471611212577
4188,0.4626,0,11,0,415096,261348,35011,91245,2.069984792801926,0.25878278922156706
4189,0.4627,14,76,14,415172,261272,35025,91231,2.0693828412115067,0.2588091448867102
4190,0.4628,8,25,8,415197,261247,35033,91223,2.069184830819921,0.2588106789230289
4191,0.4629,3,18,3,415215,261229,35036,91220,2.06904226333798,0.2588175877928438
4192,0.463,13,56,13,415271,261173,35049,91207,2.068598720060829,0.25883137521993305
4193,0.4631,1,15,1,415286,261158,35050,91206,2.0684799138258776,0.25884029015449933
4194,0.4632,3,24,3,415310,261134,35053,91203,2.068289823849956,0.2588516108157815
4195,0.4633,123,786,123,416096,260348,35176,91080,2.0620643771385123,0.2591711531238262
4196,0.4634,1,8,1,416104,260340,35177,91079,2.0620010138132048,0.2591749450086649
4197,0.4635,6,37,6,416141,260303,35183,91073,2.0617079584336584,0.2591895860844224
4198,0.4636,2,13,2,416154,260290,35185,91071,2.061604993030034,0.25919495903074047
4199,0.4637,7,35,7,416189,260255,35192,91064,2.061327778481815,0.2592060207389865
4200,0.4638,6,46,6,416235,260209,35198,91058,2.0609634393612977,0.25922731141837974
4201,0.4639,2,10,2,416245,260199,35200,91056,2.0608842352046635,0.25923047358756457
4202,0.464,20,160,20,416405,260039,35220,91036,2.0596169686985175,0.2593064160079755
4203,0.4641,1,4,1,416409,260035,35221,91035,2.0595852870358637,0.25930726066026716
4204,0.4642,17,147,17,416556,259888,35238,91018,2.058420985933342,0.25938000490159757
4205,0.4643,10,60,10,416616,259828,35248,91008,2.0579457609935368,0.2594032539420128
4206,0.4644,2,7,2,416623,259821,35250,91006,2.057890318083893,0.25940420777192175
4207,0.4645,2,32,2,416655,259789,35252,91004,2.0576368647826637,0.2594236487045066
4208,0.4646,3,5,3,416660,259784,35255,91001,2.0575972627043466,0.2594210128711319
4209,0.4647,10,43,10,416703,259741,35265,90991,2.05725668483082,0.25943170283863465
4210,0.4648,6,33,6,416736,259708,35271,90985,2.056995311113927,0.25944344483636683
4211,0.4649,2,12,2,416748,259696,35273,90983,2.0569002661259663,0.25944809925886636
4212,0.465,225,1364,225,418112,258332,35498,90758,2.0460968191610696,0.2599845312097167
4213,0.4651,1,7,1,418119,258325,35499,90757,2.046041376251426,0.25998762468417164
4214,0.4652,5,32,5,418151,258293,35504,90752,2.0457879229501965,0.26000085948803164
4215,0.4653,9,46,9,418197,258247,35513,90743,2.0454235838296793,0.2600160463050517
4216,0.4654,3,8,3,418205,258239,35516,90740,2.045360220504372,0.2600156456405686
4217,0.4655,8,53,8,418258,258186,35524,90732,2.044940438474211,0.26003817515863326
4218,0.4656,1,14,1,418272,258172,35525,90731,2.044829552654923,0.2600464885655899
4219,0.4657,10,65,10,418337,258107,35535,90721,2.0443147256368013,0.26007373261320765
4220,0.4658,15,164,15,418501,257943,35550,90706,2.0430157774680016,0.2601642339430201
4221,0.4659,1,6,1,418507,257937,35551,90705,2.042968254974021,0.26016658922332936
4222,0.466,21,179,21,418686,257758,35572,90684,2.04155050057027,0.26025565230368325
4223,0.4661,0,7,0,418693,257751,35572,90684,2.041495057660626,0.26026088079555726
4224,0.4662,4,41,4,418734,257710,35576,90680,2.041170320618426,0.2602830161600505
4225,0.4663,8,38,8,418772,257672,35584,90672,2.0408693448232165,0.26029442160622834
4226,0.4664,1,16,1,418788,257656,35585,90671,2.040742618172602,0.26030425433572474
4227,0.4665,7,53,7,418841,257603,35592,90664,2.040322836142441,0.26032900045080354
4228,0.4666,2,3,2,418844,257600,35594,90662,2.0402990748954504,0.260326995193274
4229,0.4667,129,734,129,419578,256866,35723,90533,2.0344854897985045,0.2606023621253947
4230,0.4668,6,25,6,419603,256841,35729,90527,2.0342874794069195,0.2606083461919348
4231,0.4669,2,4,2,419607,256837,35731,90525,2.0342557977442657,0.2606070900098456
4232,0.467,8,64,8,419671,256773,35739,90517,2.033748891141807,0.26063808344611133
4233,0.4671,8,31,8,419702,256742,35747,90509,2.033503358256241,0.2606443177989408
4234,0.4672,3,29,3,419731,256713,35750,90506,2.0332736662020023,0.260659698922006
4235,0.4673,11,48,11,419779,256665,35761,90495,2.0328934862501584,0.2606723124783961
4236,0.4674,1,26,1,419805,256639,35762,90494,2.0326875554429096,0.26068970682706627
4237,0.4675,55,409,55,420214,256230,35817,90439,2.029448105436573,0.26087997484632314
4238,0.4676,1,8,1,420222,256222,35818,90438,2.029384742111266,0.2608838631512144
4239,0.4677,8,48,8,420270,256174,35826,90430,2.029004562159422,0.26090293245317425
4240,0.4678,3,26,3,420296,256148,35829,90427,2.0287986313521733,0.26091610762461226
4241,0.4679,1,13,1,420309,256135,35830,90426,2.028695665948549,0.2609237623390976
4242,0.468,11,111,11,420420,256024,35841,90415,2.02781649980991,0.26098389615487866
4243,0.4681,2,6,2,420426,256018,35843,90413,2.0277689773159295,0.26098414980183643
4244,0.4682,2,37,2,420463,255981,35845,90411,2.027475921936383,0.26100775999445713
4245,0.4683,71,436,71,420899,255545,35916,90340,2.0240226207071346,0.2611850759645547
4246,0.4684,0,4,0,420903,255541,35916,90340,2.0239909390444812,0.2611880964840509
4247,0.4685,3,34,3,420937,255507,35919,90337,2.023721644911925,0.26120736517042364
4248,0.4686,5,28,5,420965,255479,35924,90332,2.0234998732733493,0.26121783286245953
4249,0.4687,7,44,7,421009,255435,35931,90325,2.023151374984159,0.26123611753817677
4250,0.4688,3,34,3,421043,255401,35934,90322,2.0228820808516033,0.2612553981077336
4251,0.4689,2,11,2,421054,255390,35936,90320,2.0227949562793057,0.2612594371004599
4252,0.469,15,104,15,421158,255286,35951,90305,2.0219712330503103,0.2613059946584257
4253,0.4691,3,12,3,421170,255274,35954,90302,2.0218761880623495,0.26130865569368245
4254,0.4692,31,156,31,421326,255118,35985,90271,2.020640603218857,0.26136037916667876
4255,0.4693,6,82,6,421408,255036,35991,90265,2.019991129134457,0.26140961074540764
4256,0.4694,5,12,5,421420,255024,35996,90260,2.019896084146496,0.2614080003707093
4257,0.4695,5,38,5,421458,254986,36001,90255,2.0195951083512864,0.2614260762771513
4258,0.4696,5,9,5,421467,254977,36006,90250,2.0195238246103155,0.2614221946719115
4259,0.4697,1,35,1,421502,254942,36007,90249,2.0192466100620963,0.26144656146886797
4260,0.4698,2,35,2,421537,254907,36009,90247,2.0189693955138766,0.2614687936399404
4261,0.4699,0,13,0,421550,254894,36009,90247,2.0188664301102524,0.26147864206222965
4262,0.47,506,3452,506,425002,251442,36515,89741,1.991525155240147,0.26302893168768665
4263,0.4701,0,15,0,425017,251427,36515,89741,1.9914063490051959,0.26304049617783615
4264,0.4702,3,33,3,425050,251394,36518,89738,1.991144975288303,0.263059460853863
4265,0.4703,8,41,8,425091,251353,36526,89730,1.990820238246103,0.2630737972868774
4266,0.4704,3,23,3,425114,251330,36529,89727,1.9906380686858447,0.2630850561636325
4267,0.4705,4,37,4,425151,251293,36533,89723,1.9903450133062983,0.26310495695216646
4268,0.4706,1,5,1,425156,251288,36534,89722,1.9903054112279812,0.26310665376381925
4269,0.4707,8,68,8,425224,251220,36542,89714,1.989766822962869,0.26314183976957417
4270,0.4708,21,148,21,425372,251072,36563,89693,1.9885946014446838,0.26321071706307864
4271,0.4709,2,4,2,425376,251068,36565,89691,1.9885629197820303,0.2632094823614343
4272,0.471,13,85,13,425461,250983,36578,89678,1.98788968445064,0.26324704031280366
4273,0.4711,2,9,2,425470,250974,36580,89676,1.9878184007096693,0.26324966974900926
4274,0.4712,5,21,5,425491,250953,36585,89671,1.9876520719807376,0.26325508478557
4275,0.4713,11,42,11,425533,250911,36596,89660,1.987319414522874,0.26326375410707314
4276,0.4714,1,14,1,425547,250897,36597,89659,1.9872085287035863,0.26327241334758456
4277,0.4715,11,45,11,425592,250852,36608,89648,1.9868521099987326,0.2632834067547724
4278,0.4716,2,10,2,425602,250842,36610,89646,1.9867729058420986,0.26328681187002184
4279,0.4717,78,472,78,426074,250370,36688,89568,1.9830344696489672,0.26348334107984395
4280,0.4718,4,30,4,426104,250340,36692,89564,1.9827968571790648,0.2634979288269629
4281,0.4719,5,8,5,426112,250332,36697,89559,1.9827334938537575,0.26349329638031016
4282,0.472,12,90,12,426202,250242,36709,89547,1.9820206564440501,0.26353707742157634
4283,0.4721,2,18,2,426220,250224,36711,89545,1.9818780889621088,0.26354670378992784
4284,0.4722,4,23,4,426243,250201,36715,89541,1.9816959194018502,0.2635558747520177
4285,0.4723,9,58,9,426301,250143,36724,89532,1.9812365352933723,0.2635813645396335
4286,0.4724,5,13,5,426314,250130,36729,89527,1.9811335698897479,0.26358061220584295
4287,0.4725,51,388,51,426702,249742,36780,89476,1.9780604486123432,0.2637713800564829
4288,0.4726,4,12,4,426714,249730,36784,89472,1.9779654036243821,0.2637720296460516
4289,0.4727,10,61,10,426775,249669,36794,89462,1.977482258268914,0.2637977654652627
4290,0.4728,6,29,6,426804,249640,36800,89456,1.977252566214675,0.2638072994078373
4291,0.4729,6,30,6,426834,249610,36806,89450,1.9770149537447725,0.2638176134017578
4292,0.473,11,79,11,426913,249531,36817,89439,1.976389240907363,0.2638552084255244
4293,0.4731,2,17,2,426930,249514,36819,89437,1.9762545938410847,0.26386409835049907
4294,0.4732,7,46,7,426976,249468,36826,89430,1.9758902547205677,0.26388470867340613
4295,0.4733,114,762,114,427738,248706,36940,89316,1.9698548979850463,0.26423132222163054
4296,0.4734,5,10,5,427748,248696,36945,89311,1.969775693828412,0.264228255627842
4297,0.4735,8,52,8,427800,248644,36953,89303,1.9693638322139146,0.2642514950569172
4298,0.4736,1,15,1,427815,248629,36954,89302,1.9692450259789633,0.26426104737357625
4299,0.4737,7,28,7,427843,248601,36961,89295,1.9690232543403878,0.2642677036721358
4300,0.4738,3,33,3,427876,248568,36964,89292,1.9687618806234952,0.26428698277393003
4301,0.4739,0,9,0,427885,248559,36964,89292,1.9686905968825243,0.26429402310485983
4302,0.474,25,146,25,428031,248413,36989,89267,1.967534216195666,0.2643538261075575
4303,0.4741,3,13,3,428044,248400,36992,89264,1.9674312507920415,0.2643574677786202
4304,0.4742,32,148,32,428192,248252,37024,89232,1.9662590292738562,0.26440364580246767
4305,0.4743,17,68,17,428260,248184,37041,89215,1.965720441008744,0.2644198708354204
4306,0.4744,1,10,1,428270,248174,37042,89214,1.96564123685211,0.2644255278788813
4307,0.4745,9,47,9,428317,248127,37051,89205,1.9652689773159295,0.2644427448329835
4308,0.4746,6,13,6,428330,248114,37057,89199,1.965166011912305,0.26443985259981084
4309,0.4747,5,53,5,428383,248061,37062,89194,1.9647462298821443,0.26447050451438825
4310,0.4748,3,25,3,428408,248036,37065,89191,1.9645482194905588,0.26448356744863255
4311,0.4749,2,17,2,428425,248019,37067,89189,1.9644135724242808,0.26449253872980477
4312,0.475,192,1383,192,429808,246636,37259,88997,1.9534596375617792,0.26516164977818035
4313,0.4751,1,11,1,429819,246625,37260,88996,1.9533725129894817,0.26516815097982543
4314,0.4752,6,41,6,429860,246584,37266,88990,1.9530477759472817,0.2651874102284444
4315,0.4753,5,28,5,429888,246556,37271,88985,1.9528260043087062,0.265198589740151
4316,0.4754,3,11,3,429899,246545,37274,88982,1.9527388797364085,0.26520071410050455
4317,0.4755,9,21,9,429920,246524,37283,88973,1.952572551007477,0.2651976023630614
4318,0.4756,3,7,3,429927,246517,37286,88970,1.952517108097833,0.2651965649935765
4319,0.4757,10,56,10,429983,246461,37296,88960,1.9520735648206817,0.265218933817501
4320,0.4758,26,149,26,430132,246312,37322,88934,1.950893422886833,0.2652798243677777
4321,0.4759,1,9,1,430141,246303,37323,88933,1.9508221391458624,0.26528475462062545
4322,0.476,32,148,32,430289,246155,37355,88901,1.9496499176276771,0.2653317654362256
4323,0.4761,2,9,2,430298,246146,37357,88899,1.9495786338867063,0.26533450730498886
4324,0.4762,3,35,3,430333,246111,37360,88896,1.9493014193384868,0.2653556492849403
4325,0.4763,7,35,7,430368,246076,37367,88889,1.9490242047902675,0.2653680235248459
4326,0.4764,2,10,2,430378,246066,37369,88887,1.9489450006336333,0.26537155959194275
4327,0.4765,14,34,14,430412,246032,37383,88873,1.9486757065010771,0.2653677908660665
4328,0.4766,5,8,5,430420,246024,37388,88868,1.9486123431757698,0.26536316185516523
4329,0.4767,114,777,114,431197,245247,37502,88754,1.9424581802052971,0.2657297433241218
4330,0.4768,4,34,4,431231,245213,37506,88750,1.9421888860727412,0.2657480020241763
4331,0.4769,4,10,4,431241,245203,37510,88746,1.942109681916107,0.2657471649862704
4332,0.477,11,48,11,431289,245155,37521,88735,1.941729501964263,0.26576117883135164
4333,0.4771,4,19,4,431308,245136,37525,88731,1.9415790140666582,0.2657675062225377
4334,0.4772,3,26,3,431334,245110,37528,88728,1.9413730832594094,0.26578160664753564
4335,0.4773,11,66,11,431400,245044,37539,88717,1.9408503358256242,0.2658099658138608
4336,0.4774,4,14,4,431414,245030,37543,88713,1.9407394500063364,0.2658123166628214
4337,0.4775,77,432,77,431846,244598,37620,88636,1.9373178304397414,0.265987264204733
4338,0.4776,2,16,2,431862,244582,37622,88634,1.937191103789127,0.2659956304619226
4339,0.4777,10,52,10,431914,244530,37632,88624,1.9367792421746293,0.2660151161324793
4340,0.4778,5,16,5,431930,244514,37637,88619,1.9366525155240146,0.2660168761425617
4341,0.4779,4,17,4,431947,244497,37641,88615,1.9365178684577367,0.2660216383678763
4342,0.478,20,99,20,432046,244398,37661,88595,1.9357337473070586,0.26605664383335387
4343,0.4781,1,6,1,432052,244392,37662,88594,1.9356862248130782,0.26605923372153784
4344,0.4782,4,39,4,432091,244353,37666,88590,1.9353773286022051,0.2660815815319739
4345,0.4783,77,418,77,432509,243935,37743,88513,1.932066594854898,0.26624614977379923
4346,0.4784,2,10,2,432519,243925,37745,88511,1.9319873906982639,0.2662497443116871
4347,0.4785,9,38,9,432557,243887,37754,88502,1.9316864149030541,0.2662603154737371
4348,0.4786,3,18,3,432575,243869,37757,88499,1.9315438474211126,0.26626811245366583
4349,0.4787,4,33,4,432608,243836,37761,88495,1.93128247370422,0.26628572116353877
4350,0.4788,5,36,5,432644,243800,37766,88490,1.9309973387403372,0.26630353004905355
4351,0.4789,3,13,3,432657,243787,37769,88487,1.9308943733367128,0.26630732467782614
4352,0.479,12,88,12,432745,243699,37781,88475,1.9301973767583323,0.26635137006508636
4353,0.4791,0,21,0,432766,243678,37781,88475,1.9300310480294005,0.2663682098310116
4354,0.4792,21,159,21,432925,243519,37802,88454,1.9287717019389177,0.2664493799194513
4355,0.4793,9,71,9,432996,243448,37811,88445,1.9282093524268153,0.2664864881151455
4356,0.4794,0,12,0,433008,243436,37811,88445,1.9281143074388545,0.26649612361057123
4357,0.4795,5,38,5,433046,243398,37816,88440,1.9278133316436448,0.2665155889319487
4358,0.4796,2,17,2,433063,243381,37818,88438,1.9276786845773666,0.2665248222675615
4359,0.4797,7,30,7,433093,243351,37825,88431,1.9274410721074642,0.2665334466607592
4360,0.4798,13,28,13,433121,243323,37838,88418,1.9272193004688887,0.2665272004364851
4361,0.4799,1,8,1,433129,243315,37839,88417,1.9271559371435814,0.2665314169269169
4362,0.48,585,3311,585,436440,240004,38424,87832,1.9009314408820175,0.26791444502739176
4363,0.4801,0,1,0,436441,240003,38424,87832,1.9009235204663542,0.2679152622508274
4364,0.4802,3,38,3,436479,239965,38427,87829,1.9006225446711444,0.2679396206153865
4365,0.4803,4,38,4,436517,239927,38431,87825,1.9003215688759345,0.2679617515682589
4366,0.4804,2,12,2,436529,239915,38433,87823,1.9002265238879736,0.2679670956678811
4367,0.4805,6,44,6,436573,239871,38439,87817,1.8998780255987835,0.267989673103684
4368,0.4806,4,4,4,436577,239867,38443,87813,1.8998463439361297,0.2679840087890625
4369,0.4807,19,78,19,436655,239789,38462,87794,1.8992285515143834,0.26800536047352885
4370,0.4808,25,174,25,436829,239615,38487,87769,1.8978503991889495,0.2680919043080908
4371,0.4809,4,5,4,436834,239610,38491,87765,1.8978107971106324,0.26808705612829326
4372,0.481,12,74,12,436908,239536,38503,87753,1.8972246863515396,0.2681208351029213
4373,0.4811,0,6,0,436914,239530,38503,87753,1.8971771638575592,0.26812575049727605
4374,0.4812,8,36,8,436950,239494,38511,87745,1.8968920288936764,0.26813735526633437
4375,0.4813,8,45,8,436995,239449,38519,87737,1.8965356101888227,0.2681563392076678
4376,0.4814,5,13,5,437008,239436,38524,87732,1.8964326447851982,0.26815580985915494
4377,0.4815,7,42,7,437050,239394,38531,87725,1.896099987327335,0.26817457867014755
4378,0.4816,2,10,2,437060,239384,38533,87723,1.8960207831707008,0.26817830251263347
4379,0.4817,85,413,85,437473,238971,38618,87638,1.8927496515017108,0.2683269597592228
4380,0.4818,3,19,3,437492,238952,38621,87635,1.892599163604106,0.2683358492530321
4381,0.4819,0,19,0,437511,238933,38621,87635,1.892448675706501,0.268351461257686
4382,0.482,22,93,22,437604,238840,38643,87613,1.8917120770498035,0.26837860273913855
4383,0.4821,0,23,0,437627,238817,38643,87613,1.891529907489545,0.268397512483534
4384,0.4822,5,38,5,437665,238779,38648,87608,1.8912289316943354,0.2684175533952026
4385,0.4823,13,49,13,437714,238730,38661,87595,1.8908408313268281,0.2684287137056615
4386,0.4824,3,19,3,437733,238711,38664,87592,1.8906903434292233,0.2684376177969556
4387,0.4825,68,408,68,438141,238303,38732,87524,1.8874588138385502,0.26862107805676017
4388,0.4826,1,11,1,438152,238292,38733,87523,1.8873716892662527,0.2686279023372159
4389,0.4827,10,55,10,438207,238237,38743,87513,1.886936066404765,0.2686508058326938
4390,0.4828,1,13,1,438220,238224,38744,87512,1.8868331010011405,0.2686592823636319
4391,0.4829,2,35,2,438255,238189,38746,87510,1.886555886452921,0.26868366190869486
4392,0.483,13,58,13,438313,238131,38759,87497,1.886096502344443,0.26870232289606544
4393,0.4831,0,12,0,438325,238119,38759,87497,1.886001457356482,0.2687122254434672
4394,0.4832,7,22,7,438347,238097,38766,87490,1.885827208211887,0.26871465998335314
4395,0.4833,105,739,105,439086,237358,38871,87385,1.879974021036624,0.26908971094065154
4396,0.4834,3,5,3,439091,237353,38874,87382,1.879934418958307,0.2690871017906909
4397,0.4835,8,46,8,439137,237307,38882,87374,1.87957007983779,0.26910721600586424
4398,0.4836,3,16,3,439153,237291,38885,87371,1.8794433531871753,0.2691137244272505
4399,0.4837,6,53,6,439206,237238,38891,87365,1.8790235711570142,0.26914415455186796
4400,0.4838,3,44,3,439250,237194,38894,87362,1.878675072867824,0.26917388678687193
4401,0.4839,1,9,1,439259,237185,38895,87361,1.8786037891268534,0.2691790994188805
4402,0.484,25,135,25,439394,237050,38920,87336,1.8775345330122926,0.2692348005154353
4403,0.4841,2,10,2,439404,237040,38922,87334,1.8774553288556584,0.269238594955206
4404,0.4842,20,164,20,439568,236876,38942,87314,1.8761563806868584,0.26932971405657175
4405,0.4843,8,56,8,439624,236820,38950,87306,1.8757128374097072,0.26935821254697245
4406,0.4844,4,14,4,439638,236806,38954,87302,1.8756019515904194,0.2693608303405038
4407,0.4845,6,31,6,439669,236775,38960,87296,1.8753564187048537,0.26937306948168765
4408,0.4846,2,12,2,439681,236763,38962,87294,1.8752613737168926,0.2693785352576861
4409,0.4847,8,57,8,439738,236706,38970,87286,1.874809910024078,0.2694078866144843
4410,0.4848,7,23,7,439761,236683,38977,87279,1.8746277404638196,0.2694112272427013
4411,0.4849,1,13,1,439774,236670,38978,87278,1.8745247750601952,0.2694197834220307
4412,0.485,233,1340,233,441114,235330,39211,87045,1.8639114180712204,0.270011632415665
4413,0.4851,3,8,3,441122,235322,39214,87042,1.863848054745913,0.2700115397500962
4414,0.4852,6,32,6,441154,235290,39220,87036,1.8635946014446838,0.27002475754360494
4415,0.4853,6,43,6,441197,235247,39226,87030,1.863254023571157,0.2700471954250536
4416,0.4854,4,12,4,441209,235235,39230,87026,1.8631589785831961,0.27004819075221637
4417,0.4855,5,25,5,441234,235210,39235,87021,1.8629609681916106,0.2700578156664008
4418,0.4856,4,17,4,441251,235193,39239,87017,1.8628263211253326,0.27006300238974584
4419,0.4857,6,62,6,441313,235131,39245,87011,1.862335255354201,0.27010138386177523
4420,0.4858,22,147,22,441460,234984,39267,86989,1.8611709542516792,0.27017482832411416
4421,0.4859,2,3,2,441463,234981,39269,86987,1.8611471930046888,0.2701728122049396
4422,0.486,14,113,14,441576,234868,39283,86973,1.8602521860347232,0.270235923950025
4423,0.4861,5,6,5,441582,234862,39288,86968,1.8602046635407425,0.2702296243358295
4424,0.4862,7,27,7,441609,234835,39295,86961,1.8599908123178304,0.27023642307548884
4425,0.4863,7,37,7,441646,234798,39302,86954,1.8596977569382842,0.27025162236753775
4426,0.4864,3,13,3,441659,234785,39305,86951,1.8595947915346598,0.2702557376233931
4427,0.4865,6,38,6,441697,234747,39311,86945,1.85929381573945,0.2702740509555724
4428,0.4866,0,10,0,441707,234737,39311,86945,1.8592146115828159,0.2702824528571695
4429,0.4867,119,742,119,442449,233995,39430,86826,1.8533376631605627,0.2706368972105941
4430,0.4868,4,27,4,442476,233968,39434,86822,1.8531238119376505,0.270650581377225
4431,0.4869,4,8,4,442484,233960,39438,86818,1.8530604486123432,0.27064823647506997
4432,0.487,12,65,12,442549,233895,39450,86806,1.8525456215942213,0.2706758008238203
4433,0.4871,5,39,5,442588,233856,39455,86801,1.852236725383348,0.27069734950429897
4434,0.4872,5,25,5,442613,233831,39460,86796,1.8520387149917628,0.2707070833086421
4435,0.4873,14,71,14,442684,233760,39474,86782,1.8514763654796604,0.2707351922680959
4436,0.4874,1,9,1,442693,233751,39475,86781,1.8514050817386896,0.2707405188873498
4437,0.4875,61,379,61,443072,233372,39536,86720,1.8484032442022558,0.27092210989340565
4438,0.4876,4,11,4,443083,233361,39540,86716,1.8483161196299582,0.27092230931932004
4439,0.4877,7,42,7,443125,233319,39547,86709,1.8479834621720947,0.27094191758221153
4440,0.4878,6,22,6,443147,233297,39553,86703,1.8478092130274997,0.270946875
4441,0.4879,2,6,2,443153,233291,39555,86701,1.8477616905335192,0.27094739868496714
4442,0.488,25,80,25,443233,233211,39580,86676,1.847128057280446,0.2709581821080569
4443,0.4881,0,17,0,443250,233194,39580,86676,1.846993410214168,0.270972582611686
4444,0.4882,4,22,4,443272,233172,39584,86672,1.846819161069573,0.2709821037755906
4445,0.4883,81,400,81,443672,232772,39665,86591,1.8436509948042072,0.2711366063069297
4446,0.4884,2,12,2,443684,232760,39667,86589,1.8435559498162464,0.2711422299741036
4447,0.4885,6,31,6,443715,232729,39673,86583,1.8433104169306804,0.27115485794458083
4448,0.4886,1,16,1,443731,232713,39674,86582,1.8431836902800658,0.2711661629527553
4449,0.4887,6,45,6,443776,232668,39680,86576,1.8428272715752123,0.27119068800040097
4450,0.4888,2,42,2,443818,232626,39682,86574,1.8424946141173488,0.2712218045112782
4451,0.4889,3,16,3,443834,232610,39685,86571,1.8423678874667342,0.27122855057161926
4452,0.489,20,100,20,443934,232510,39705,86551,1.8415758459003928,0.27126787667562
4453,0.4891,3,21,3,443955,232489,39708,86548,1.841409517171461,0.2712788798791363
4454,0.4892,30,140,30,444095,232349,39738,86518,1.8403006589785833,0.27132942574803914
4455,0.4893,16,88,16,444183,232261,39754,86502,1.8396036624002028,0.2713677559817168
4456,0.4894,1,6,1,444189,232255,39755,86501,1.8395561399062224,0.271370578122451
4457,0.4895,12,35,12,444224,232220,39767,86489,1.8392789253580029,0.2713729452258957
4458,0.4896,1,10,1,444234,232210,39768,86488,1.8391997212013687,0.2713791740142706
4459,0.4897,8,35,8,444269,232175,39776,86480,1.8389225066531492,0.2713906889896597
4460,0.4898,5,29,5,444298,232146,39781,86475,1.83869281459891,0.27140395642471776
4461,0.4899,2,8,2,444306,232138,39783,86473,1.8386294512736028,0.27140619752613687
4462,0.49,587,3278,587,447584,228860,40370,85886,1.8126663287289317,0.27287399998729134
4463,0.4901,6,13,6,447597,228847,40376,85880,1.8125633633253073,0.2728714091895516
4464,0.4902,5,28,5,447625,228819,40381,85875,1.8123415916867318,0.2728841350645389
4465,0.4903,6,39,6,447664,228780,40387,85869,1.8120326954758585,0.2729040931323475
4466,0.4904,3,9,3,447673,228771,40390,85866,1.811961411734888,0.27290496667588365
4467,0.4905,6,31,6,447704,228740,40396,85860,1.811715878849322,0.2729179910998093
4468,0.4906,1,13,1,447717,228727,40397,85859,1.8116129134456975,0.2729269579701576
4469,0.4907,7,74,7,447791,228653,40404,85852,1.811026802686605,0.27297499244845075
4470,0.4908,28,151,28,447942,228502,40432,85824,1.8098308199214295,0.27304136469779783
4471,0.4909,2,3,2,447945,228499,40434,85822,1.8098070586744393,0.2730393451280697
4472,0.491,14,94,14,448039,228405,40448,85808,1.8090625396020783,0.2730886373256358
4473,0.4911,3,17,3,448056,228388,40451,85805,1.8089278925358003,0.27309647255031144
4474,0.4912,2,18,2,448074,228370,40453,85803,1.8087853250538588,0.2731074917322622
4475,0.4913,4,48,4,448122,228322,40457,85799,1.8084051451020149,0.273139968356143
4476,0.4914,2,13,2,448135,228309,40459,85797,1.8083021796983905,0.2731466447632328
4477,0.4915,6,41,6,448176,228268,40465,85791,1.8079774426561905,0.2731684173992785
4478,0.4916,0,6,0,448182,228262,40465,85791,1.80792992016221,0.27317363629705815
4479,0.4917,60,384,60,448566,227878,40525,85731,1.8048884805474592,0.2733690678520068
4480,0.4918,3,26,3,448592,227852,40528,85728,1.8046825497402104,0.27338478219274187
4481,0.4919,5,15,5,448607,227837,40533,85723,1.804563743505259,0.2733862737594081
4482,0.492,15,94,15,448701,227743,40548,85708,1.8038192244328983,0.2734334872117173
4483,0.4921,1,11,1,448712,227732,40549,85707,1.8037320998606008,0.2734407651887608
4484,0.4922,5,19,5,448731,227713,40554,85702,1.8035816119629957,0.273445750841536
4485,0.4923,8,40,8,448771,227673,40562,85694,1.8032647953364593,0.2734621067310853
4486,0.4924,1,14,1,448785,227659,40563,85693,1.8031539095171714,0.2734720059230514
4487,0.4925,58,370,58,449155,227289,40621,85635,1.8002233557217082,0.27366069716608504
4488,0.4926,2,7,2,449162,227282,40623,85633,1.8001679128120645,0.2736621766294361
4489,0.4927,11,59,11,449221,227223,40634,85622,1.799700608287923,0.2736882481740159
4490,0.4928,4,26,4,449247,227197,40638,85618,1.7994946774806742,0.2737017086776529
4491,0.4929,6,23,6,449270,227174,40644,85612,1.7993125079204157,0.27370790252760674
4492,0.493,8,64,8,449334,227110,40652,85604,1.7988056013179572,0.2737453391917215
4493,0.4931,3,9,3,449343,227101,40655,85601,1.7987343175769865,0.2737462504237261
4494,0.4932,3,39,3,449382,227062,40658,85598,1.7984254213661133,0.2737734280048615
4495,0.4933,125,709,125,450091,226353,40783,85473,1.7928098466607527,0.27410478920936676
4496,0.4934,0,6,0,450097,226347,40783,85473,1.7927623241667723,0.274110063498172
4497,0.4935,15,49,15,450146,226298,40798,85458,1.792374223799265,0.2741182206597467
4498,0.4936,7,21,7,450167,226277,40805,85451,1.7922078950703333,0.27412038700405483
4499,0.4937,4,31,4,450198,226246,40809,85447,1.7919623621847676,0.2741383348358802
4500,0.4938,7,42,7,450240,226204,40816,85440,1.791629704726904,0.27415897626779273
4501,0.4939,4,11,4,450251,226193,40820,85436,1.7915425801546065,0.27415933690381833
4502,0.494,24,135,24,450386,226058,40844,85412,1.7904733240400457,0.2742222364914759
4503,0.4941,2,5,2,450391,226053,40846,85410,1.7904337219617286,0.2742219782125004
4504,0.4942,15,165,15,450556,225888,40861,85395,1.7891268533772653,0.27433235994256033
4505,0.4943,7,63,7,450619,225825,40868,85388,1.78862786719047,0.27437157188163735
4506,0.4944,1,10,1,450629,225815,40869,85387,1.788548663033836,0.2743780566962937
4507,0.4945,6,27,6,450656,225788,40875,85381,1.788334811810924,0.2743878728279488
4508,0.4946,1,13,1,450669,225775,40876,85380,1.7882318464072995,0.2743970047082644
4509,0.4947,6,43,6,450712,225732,40882,85374,1.7878912685337727,0.27442093691539216
4510,0.4948,6,24,6,450736,225708,40888,85368,1.7877011785578507,0.27442811403001194
4511,0.4949,0,7,0,450743,225701,40888,85368,1.7876457356482067,0.2744342894984714
4512,0.495,231,1286,231,452029,224415,41119,85137,1.7774600811050565,0.27503295084509227
4513,0.4951,0,10,0,452039,224405,41119,85137,1.7773808769484223,0.27504183600286874
4514,0.4952,5,34,5,452073,224371,41124,85132,1.7771115828158661,0.27506033867199997
4515,0.4953,7,52,7,452125,224319,41131,85125,1.7766997212013687,0.27509016170938844
4516,0.4954,2,18,2,452143,224301,41133,85123,1.7765571537194271,0.2751014788768809
4517,0.4955,2,37,2,452180,224264,41135,85121,1.776264098339881,0.2751296927776072
4518,0.4956,1,6,1,452186,224258,41136,85120,1.7762165758459003,0.2751326855820388
4519,0.4957,10,52,10,452238,224206,41146,85110,1.7758047142314028,0.275155504403264
4520,0.4958,32,155,32,452393,224051,41178,85078,1.7745770498035738,0.27521843631623044
4521,0.4959,1,6,1,452399,224045,41179,85077,1.7745295273095931,0.275221433608737
4522,0.496,19,154,19,452553,223891,41198,85058,1.7733097832974274,0.27531404859701764
4523,0.4961,1,19,1,452572,223872,41199,85057,1.7731592953998225,0.27532863538223995
4524,0.4962,7,38,7,452610,223834,41206,85050,1.7728583196046128,0.27534608461428883
4525,0.4963,5,25,5,452635,223809,41211,85045,1.7726603092130275,0.27535664100189733
4526,0.4964,3,24,3,452659,223785,41214,85042,1.7724702192371056,0.27537100059256475
4527,0.4965,3,33,3,452692,223752,41217,85039,1.772208845520213,0.27539338905602817
4528,0.4966,0,1,0,452693,223751,41217,85039,1.7722009251045494,0.275394280902879
4529,0.4967,120,724,120,453417,223027,41337,84919,1.7664665441642378,0.2757593863859248
4530,0.4968,2,34,2,453451,222993,41339,84917,1.7661972500316816,0.2757851320190965
4531,0.4969,3,11,3,453462,222982,41342,84914,1.766110125459384,0.27578792839140487
4532,0.497,9,58,9,453520,222924,41351,84905,1.7656507413509062,0.2758187175347352
4533,0.4971,4,21,4,453541,222903,41355,84901,1.7654844126219744,0.27582812439084614
4534,0.4972,4,33,4,453574,222870,41359,84897,1.7652230389050818,0.2758482878281297
4535,0.4973,12,66,12,453640,222804,41371,84885,1.7647002914712964,0.2758792157015688
4536,0.4974,0,11,0,453651,222793,41371,84885,1.7646131668989988,0.2758890788421662
4537,0.4975,61,348,61,453999,222445,41432,84824,1.7618568622481308,0.2760577864997771
4538,0.4976,1,17,1,454016,222428,41433,84823,1.7617222151818528,0.2760707044077969
4539,0.4977,8,60,8,454076,222368,41441,84815,1.761246990242048,0.27610577408255016
4540,0.4978,3,14,3,454090,222354,41444,84812,1.76113610442276,0.2761112883587376
4541,0.4979,5,17,5,454107,222337,41449,84807,1.761001457356482,0.27611478654963145
4542,0.498,21,90,21,454197,222247,41470,84786,1.7602886199467749,0.27614621229639813
4543,0.4981,0,7,0,454204,222240,41470,84786,1.760233177037131,0.27615250825662974
4544,0.4982,9,19,9,454223,222221,41479,84777,1.760082689139526,0.2761483788168001
4545,0.4983,67,407,67,454630,221814,41546,84710,1.7568590799645165,0.2763568268716316
4546,0.4984,3,8,3,454638,221806,41549,84707,1.7567957166392092,0.27635695712743014
4547,0.4985,8,51,8,454689,221755,41557,84699,1.756391775440375,0.2763840576399721
4548,0.4986,1,22,1,454711,221733,41558,84698,1.75621752629578,0.2764015390087817
4549,0.4987,7,29,7,454740,221704,41565,84691,1.755987834241541,0.27641116858956577
4550,0.4988,5,36,5,454776,221668,41570,84686,1.755702699277658,0.2764318402893385
4551,0.4989,3,8,3,454784,221660,41573,84683,1.7556393359523508,0.2764319733109619
4552,0.499,17,95,17,454879,221565,41590,84666,1.7548868964643265,0.27647756105684923
4553,0.4991,2,7,2,454886,221558,41592,84664,1.7548314535546825,0.27647915564525083
4554,0.4992,23,128,23,455014,221430,41615,84641,1.7538176403497656,0.2765404105583345
4555,0.4993,11,66,11,455080,221364,41626,84630,1.7532948929159802,0.27657405047157785
4556,0.4994,5,14,5,455094,221350,41631,84625,1.7531840070966924,0.276574883568919
4557,0.4995,8,47,8,455141,221303,41639,84617,1.752811747560512,0.2765984571129707
4558,0.4996,4,12,4,455153,221291,41643,84613,1.752716702572551,0.2765998483184267
4559,0.4997,9,36,9,455189,221255,41652,84604,1.7524315676086681,0.2766111181949853
4560,0.4998,7,29,7,455218,221226,41659,84597,1.752201875554429,0.27662079045722526
4561,0.4999,1,8,1,455226,221218,41660,84596,1.7521385122291218,0.2766256613497093
4562,0.5,557,3323,557,458549,217895,42217,84039,1.725818970979597,0.2783356627607358
4563,0.5001,0,6,0,458555,217889,42217,84039,1.7257714484856166,0.27834119392702894
4564,0.5002,9,35,9,458590,217854,42226,84030,1.725494233937397,0.27835194975553523
4565,0.5003,5,39,5,458629,217815,42231,84025,1.7251853377265238,0.27837596077391996
4566,0.5004,2,6,2,458635,217809,42233,84023,1.7251378152325434,0.2783767128733865
4567,0.5005,5,38,5,458673,217771,42238,84018,1.7248368394373337,0.2783998091381727
4568,0.5006,4,11,4,458684,217760,42242,84014,1.7247497148650361,0.2784003923465905
4569,0.5007,14,83,14,458767,217677,42256,84000,1.7240923203649727,0.2784435008303583
4570,0.5008,30,131,30,458898,217546,42286,83970,1.7230547459130656,0.2784926836386792
4571,0.5009,1,3,1,458901,217543,42287,83969,1.7230309846660752,0.2784930616360211
4572,0.501,13,97,13,458998,217446,42300,83956,1.722262704346724,0.27855156900086925
4573,0.5011,1,12,1,459010,217434,42301,83955,1.7221676593587631,0.27856026596856553
4574,0.5012,4,32,4,459042,217402,42305,83951,1.7219142060575339,0.2785802696505427
4575,0.5013,6,49,6,459091,217353,42311,83945,1.7215261056900266,0.27861120883643437
4576,0.5014,2,18,2,459109,217335,42313,83943,1.721383538208085,0.27862306573994783
4577,0.5015,9,44,9,459153,217291,42322,83934,1.721035039918895,0.27864221097186487
4578,0.5016,1,5,1,459158,217286,42323,83933,1.7209954378405778,0.27864444141969796
4579,0.5017,70,398,70,459556,216888,42393,83863,1.7178431124065392,0.2788452906224751
4580,0.5018,5,29,5,459585,216859,42398,83858,1.7176134203523001,0.27886019081062924
4581,0.5019,2,9,2,459594,216850,42400,83856,1.7175421366113293,0.2788637406636382
4582,0.502,18,95,18,459689,216755,42418,83838,1.716789697123305,0.2789086904884678
4583,0.5021,2,26,2,459715,216729,42420,83836,1.7165837663160564,0.2789280188977426
4584,0.5022,2,18,2,459733,216711,42422,83834,1.7164411988341148,0.27893992580146065
4585,0.5023,10,39,10,459772,216672,42432,83824,1.7161323026232416,0.27895213247430917
4586,0.5024,3,18,3,459790,216654,42435,83821,1.7159897351413003,0.278961644063566
4587,0.5025,67,362,67,460152,216292,42502,83754,1.7131225446711444,0.2791371989628257
4588,0.5026,2,11,2,460163,216281,42504,83752,1.7130354200988467,0.2791426276442925
4589,0.5027,8,64,8,460227,216217,42512,83744,1.7125285134963883,0.27918296045152535
4590,0.5028,2,27,2,460254,216190,42514,83742,1.7123146622734762,0.27920328607817774
4591,0.5029,8,18,8,460272,216172,42522,83734,1.7121720947915346,0.27920081625576015
4592,0.503,10,65,10,460337,216107,42532,83724,1.7116572677734128,0.2792373036810737
4593,0.5031,1,15,1,460352,216092,42533,83723,1.7115384615384615,0.2792488701365842
4594,0.5032,5,34,5,460386,216058,42538,83718,1.7112691674059055,0.27926852049530315
4595,0.5033,113,639,113,461025,215419,42651,83605,1.706208021796984,0.2795929423725186
4596,0.5034,1,1,1,461026,215418,42652,83604,1.7062001013813204,0.2795914681862873
4597,0.5035,8,44,8,461070,215374,42660,83596,1.7058516030921302,0.2796133391310165
4598,0.5036,2,15,2,461085,215359,42662,83594,1.7057327968571792,0.2796225493639468
4599,0.5037,10,35,10,461120,215324,42672,83584,1.7054555823089597,0.2796311908680932
4600,0.5038,7,31,7,461151,215293,42679,83577,1.7052100494233937,0.27964332318399304
4601,0.5039,0,8,0,461159,215285,42679,83577,1.7051466860980864,0.27965080873446607
4602,0.504,24,145,24,461304,215140,42703,83553,1.7039982258268913,0.27972868463606443
4603,0.5041,0,7,0,461311,215133,42703,83553,1.7039427829172475,0.279735240352745
4604,0.5042,25,148,25,461459,214985,42728,83528,1.7027705613990622,0.2798136094575446
4605,0.5043,13,50,13,461509,214935,42741,83515,1.7023745406158914,0.2798291171050427
4606,0.5044,2,9,2,461518,214926,42743,83513,1.7023032568749208,0.27983272963654215
4607,0.5045,2,25,2,461543,214901,42745,83511,1.7021052464833355,0.2798513464605981
4608,0.5046,0,6,0,461549,214895,42745,83511,1.702057723989355,0.27985697338525367
4609,0.5047,4,52,4,461601,214843,42749,83507,1.7016458623748574,0.27989609519021286
4610,0.5048,3,30,3,461631,214813,42752,83504,1.701408249904955,0.27991700104251516
4611,0.5049,5,19,5,461650,214794,42757,83499,1.7012577620073501,0.2799227605072865
4612,0.505,210,1257,210,462907,213537,42967,83289,1.6913017995184387,0.28059873461219703
4613,0.5051,6,11,6,462918,213526,42973,83283,1.6912146749461412,0.28059459113436586
4614,0.5052,6,30,6,462948,213496,42979,83277,1.6909770624762388,0.28060841114252305
4615,0.5053,5,42,5,462990,213454,42984,83272,1.6906444050183753,0.2806360076299347
4616,0.5054,1,14,1,463004,213440,42985,83271,1.6905335191990876,0.28064682468799607
4617,0.5055,7,48,7,463052,213392,42992,83264,1.6901533392472436,0.28067526023407585
4618,0.5056,2,15,2,463067,213377,42994,83262,1.6900345330122926,0.2806846031708575
4619,0.5057,9,70,9,463137,213307,43003,83253,1.6894801039158536,0.28072902616671164
4620,0.5058,24,142,24,463279,213165,43027,83229,1.6883554048916487,0.2808052794590984
4621,0.5059,0,17,0,463296,213148,43027,83229,1.6882207578253707,0.2808213862749134
4622,0.506,26,119,26,463415,213029,43053,83203,1.6872782283614245,0.280871074023063
4623,0.5061,2,6,2,463421,213023,43055,83201,1.6872307058674438,0.2808719077454899
4624,0.5062,2,33,2,463454,212990,43057,83199,1.6869693321505512,0.2808983453132966
4625,0.5063,6,29,6,463483,212961,43063,83193,1.6867396400963122,0.2809112826434895
4626,0.5064,0,10,0,463493,212951,43063,83193,1.6866604359396782,0.2809207682748933
4627,0.5065,5,33,5,463526,212918,43068,83188,1.6863990622227853,0.2809399336724011
4628,0.5066,0,2,0,463528,212916,43068,83188,1.6863832213914587,0.28094183124848027
4629,0.5067,145,697,145,464225,212219,43213,83043,1.680862691674059,0.28125190508768483
4630,0.5068,0,22,0,464247,212197,43213,83043,1.680688442529464,0.28127286275572416
4631,0.5069,2,7,2,464254,212190,43215,83041,1.6806329996198202,0.28127466289109204
4632,0.507,15,46,15,464300,212144,43230,83026,1.680268660499303,0.28128197310024733
4633,0.5071,4,23,4,464323,212121,43234,83022,1.6800864909390445,0.28129415232616056
4634,0.5072,4,21,4,464344,212100,43238,83018,1.6799201622101128,0.28130442738158973
4635,0.5073,11,57,11,464401,212043,43249,83007,1.6794686985172982,0.28133197763091
4636,0.5074,2,9,2,464410,212034,43251,83005,1.6793974147763275,0.28133568782432156
4637,0.5075,63,391,63,464801,211643,43314,82942,1.6763005322519327,0.2815554084559635
4638,0.5076,5,11,5,464812,211632,43319,82937,1.6762134076796351,0.281553727649549
4639,0.5077,6,47,6,464859,211585,43325,82931,1.6758411481434545,0.2815840225997908
4640,0.5078,3,25,3,464884,211560,43328,82928,1.6756431377518692,0.28160060851375945
4641,0.5079,1,11,1,464895,211549,43329,82927,1.6755560131795717,0.2816086879745718
4642,0.508,16,91,16,464986,211458,43345,82911,1.674835255354201,0.2816566961874382
4643,0.5081,3,7,3,464993,211451,43348,82908,1.674779812444557,0.2816560730264745
4644,0.5082,5,28,5,465021,211423,43353,82903,1.6745580408059815,0.2816706645012673
4645,0.5083,68,408,68,465429,211015,43421,82835,1.6713265112153086,0.2818955249276842
4646,0.5084,2,3,2,465432,211012,43423,82833,1.6713027499683184,0.2818935152886726
4647,0.5085,12,27,12,465459,210985,43435,82821,1.6710888987454062,0.28189009074014826
4648,0.5086,3,18,3,465477,210967,43438,82818,1.6709463312634647,0.2819000289327229
4649,0.5087,8,47,8,465524,210920,43446,82810,1.6705740717272843,0.2819255779116876
4650,0.5088,6,42,6,465566,210878,43452,82804,1.6702414142694209,0.2819512261561825
4651,0.5089,1,15,1,465581,210863,43453,82803,1.6701226080344695,0.2819631826632978
4652,0.509,16,99,16,465680,210764,43469,82787,1.6693384868837917,0.2820191380714084
4653,0.5091,1,7,1,465687,210757,43470,82786,1.6692830439741477,0.28202341735282394
4654,0.5092,30,149,30,465836,210608,43500,82756,1.668102902040299,0.2820932357071761
4655,0.5093,15,64,15,465900,210544,43515,82741,1.6675959954378405,0.2821180762739315
4656,0.5094,2,15,2,465915,210529,43517,82739,1.6674771892028895,0.2821276102404626
4657,0.5095,5,35,5,465950,210494,43522,82734,1.66719997465467,0.2821490444295906
4658,0.5096,0,10,0,465960,210484,43522,82734,1.6671207704980358,0.28215866693040675
4659,0.5097,6,45,6,466005,210439,43528,82728,1.666764351793182,0.2821872857449849
4660,0.5098,2,18,2,466023,210421,43530,82726,1.6666217843112408,0.28219971550109674
4661,0.5099,2,9,2,466032,210412,43532,82724,1.6665505005702699,0.2822034823426669
4662,0.51,612,3144,612,469176,207268,44144,82112,1.6416487137244962,0.283751468657129
4663,0.5101,1,6,1,469182,207262,44145,82111,1.6416011912305157,0.2837548769235554
4664,0.5102,7,23,7,469205,207239,44152,82104,1.6414190216702573,0.2837601047891257
4665,0.5103,9,53,9,469258,207186,44161,82095,1.6409992396400963,0.28378980990801334
4666,0.5104,2,8,2,469266,207178,44163,82093,1.640935876314789,0.28379270649321914
4667,0.5105,8,33,8,469299,207145,44171,82085,1.6406745025978964,0.28380527607786193
4668,0.5106,1,21,1,469320,207124,44172,82084,1.6405081738689646,0.2838234073746231
4669,0.5107,11,50,11,469370,207074,44183,82073,1.6401121530857938,0.2838452413478265
4670,0.5108,21,136,21,469506,206938,44204,82052,1.6390349765555696,0.28392677947333816
4671,0.5109,4,11,4,469517,206927,44208,82048,1.638947851983272,0.28392767540444674
4672,0.511,13,74,13,469591,206853,44221,82035,1.6383617412241795,0.2839681814405583
4673,0.5111,4,9,4,469600,206844,44225,82031,1.6382904574832087,0.2839671138035482
4674,0.5112,4,27,4,469627,206817,44229,82027,1.6380766062602965,0.2839837420891554
4675,0.5113,4,38,4,469665,206779,44233,82023,1.6377756304650868,0.2840111910582337
4676,0.5114,1,11,1,469676,206768,44234,82022,1.6376885058927892,0.28401952976211087
4677,0.5115,4,35,4,469711,206733,44238,82018,1.6374112913445698,0.28404403794272576
4678,0.5116,0,6,0,469717,206727,44238,82018,1.6373637688505893,0.2840499402587058
4679,0.5117,69,381,69,470098,206346,44307,81949,1.6343460904828286,0.28425397596212215
4680,0.5118,6,16,6,470114,206330,44313,81943,1.634219363832214,0.28425485564031316
4681,0.5119,3,15,3,470129,206315,44316,81940,1.6341005575972627,0.2842621984007216
4682,0.512,19,94,19,470223,206221,44335,81921,1.6333560385249017,0.2843077371573738
4683,0.5121,2,14,2,470237,206207,44337,81919,1.633245152705614,0.2843165837168461
4684,0.5122,4,26,4,470263,206181,44341,81915,1.6330392218983651,0.284332305898034
4685,0.5123,16,59,16,470322,206122,44357,81899,1.6325719173742237,0.2843507938657251
4686,0.5124,3,10,3,470332,206112,44360,81896,1.6324927132175897,0.2843532124107664
4687,0.5125,60,353,60,470685,205759,44420,81836,1.6296968064884045,0.2845529303360629
4688,0.5126,3,10,3,470695,205749,44423,81833,1.6296176023317703,0.28455536160121286
4689,0.5127,6,69,6,470764,205680,44429,81827,1.629071093650995,0.28460872257023306
4690,0.5128,5,25,5,470789,205655,44434,81822,1.6288730832594094,0.2846210305520094
4691,0.5129,5,18,5,470807,205637,44439,81817,1.628730515777468,0.2846264097907839
4692,0.513,14,60,14,470867,205577,44453,81803,1.628255290837663,0.28465098475885586
4693,0.5131,2,11,2,470878,205566,44455,81801,1.6281681662653655,0.2846569021495161
4694,0.5132,2,28,2,470906,205538,44457,81799,1.62794639462679,0.2846796618604635
4695,0.5133,124,660,124,471566,204878,44581,81675,1.6227189202889367,0.2850258067443021
4696,0.5134,0,2,0,471568,204876,44581,81675,1.6227030794576098,0.2850277960991237
4697,0.5135,5,42,5,471610,204834,44586,81670,1.6223704219997466,0.2850571021696032
4698,0.5136,2,14,2,471624,204820,44588,81668,1.6222595361804588,0.28506604116053724
4699,0.5137,7,25,7,471649,204795,44595,81661,1.6220615257888733,0.28507344932555084
4700,0.5138,8,30,8,471679,204765,44603,81653,1.621823913318971,0.28508333973423455
4701,0.5139,0,7,0,471686,204758,44603,81653,1.6217684704093271,0.28509030728568385
4702,0.514,27,128,27,471814,204630,44630,81626,1.62075465720441,0.2851503549270583
4703,0.5141,2,7,2,471821,204623,44632,81624,1.6206992142947663,0.2851523334742373
4704,0.5142,23,143,23,471964,204480,44655,81601,1.619566594854898,0.2852373977999238
4705,0.5143,7,56,7,472020,204424,44662,81594,1.6191230515777468,0.28527575187575605
4706,0.5144,1,11,1,472031,204413,44663,81593,1.6190359270054493,0.2852842248064726
4707,0.5145,5,32,5,472063,204381,44668,81588,1.61878247370422,0.2853036517944253
4708,0.5146,5,11,5,472074,204370,44673,81583,1.6186953491319225,0.28530213007032623
4709,0.5147,6,32,6,472106,204338,44679,81577,1.6184418958306932,0.285319063357991
4710,0.5148,7,22,7,472128,204316,44686,81570,1.6182676466860981,0.28532352056414095
4711,0.5149,3,7,3,472135,204309,44689,81567,1.6182122037764541,0.2853230071779373
4712,0.515,229,1210,229,473345,203099,44918,81338,1.6086285008237233,0.28596139039576424
4713,0.5151,3,9,3,473354,203090,44921,81335,1.6085572170827525,0.28596290762063814
4714,0.5152,5,26,5,473380,203064,44926,81330,1.6083512862755038,0.2859764973944598
4715,0.5153,7,44,7,473424,203020,44933,81323,1.6080027879863135,0.28600317222509436
4716,0.5154,3,8,3,473432,203012,44936,81320,1.6079394246610061,0.2860036858320555
4717,0.5155,7,27,7,473459,202985,44943,81313,1.607725573438094,0.2860132677683276
4718,0.5156,4,14,4,473473,202971,44947,81309,1.6076146876188062,0.28601730688054033
4719,0.5157,17,65,17,473538,202906,44964,81292,1.6070998606006843,0.2860400143561883
4720,0.5158,27,135,27,473673,202771,44991,81265,1.6060306044861234,0.2861080989733696
4721,0.5159,1,5,1,473678,202766,44992,81264,1.6059910024078063,0.286110622117382
4722,0.516,22,131,22,473809,202635,45014,81242,1.604953427955899,0.2861873276101974
4723,0.5161,0,4,0,473813,202631,45014,81242,1.6049217462932455,0.2861913602209439
4724,0.5162,6,35,6,473848,202596,45020,81236,1.604644531745026,0.28621156176893375
4725,0.5163,3,32,3,473880,202564,45023,81233,1.6043910784437967,0.28623628861474926
4726,0.5164,1,11,1,473891,202553,45024,81232,1.6043039538714992,0.2862448684743732
4727,0.5165,5,48,5,473939,202505,45029,81227,1.6039237739196552,0.28628071560486656
4728,0.5166,3,4,3,473943,202501,45032,81224,1.6038920922570017,0.28627720504009163
4729,0.5167,129,656,129,474599,201845,45161,81095,1.5986962995818021,0.2866155368629391
4730,0.5168,5,25,5,474624,201820,45166,81090,1.5984982891902166,0.28662825633593725
4731,0.5169,1,14,1,474638,201806,45167,81089,1.5983874033709289,0.28663991940472616
4732,0.517,13,50,13,474688,201756,45180,81076,1.5979913825877583,0.28665780392600554
4733,0.5171,2,24,2,474712,201732,45182,81074,1.5978012926118363,0.2866770860589945
4734,0.5172,2,21,2,474733,201711,45184,81072,1.5976349638829046,0.28669333022140653
4735,0.5173,15,73,15,474806,201638,45199,81057,1.5970567735394754,0.28672951414068165
4736,0.5174,1,5,1,474811,201633,45200,81056,1.5970171714611583,0.2867320624431796
4737,0.5175,48,347,48,475158,201286,45248,81008,1.5942687872259536,0.2869632369090381
4738,0.5176,2,12,2,475170,201274,45250,81006,1.5941737422379927,0.28697038401587077
4739,0.5177,5,37,5,475207,201237,45255,81001,1.5938806868584463,0.2869953726996365
4740,0.5178,3,19,3,475226,201218,45258,80998,1.5937301989608414,0.28700711511749866
4741,0.5179,0,14,0,475240,201204,45258,80998,1.5936193131415537,0.2870213534985578
4742,0.518,20,84,20,475324,201120,45278,80978,1.592953998225827,0.28705627122489347
4743,0.5181,1,13,1,475337,201107,45279,80977,1.5928510328222025,0.28706697295840955
4744,0.5182,6,33,6,475370,201074,45285,80971,1.59258965910531,0.2870853941746884
4745,0.5183,80,373,80,475743,200701,45365,80891,1.5896353440628563,0.2872631324753544
4746,0.5184,0,4,0,475747,200697,45365,80891,1.5896036624002028,0.28726721309146697
4747,0.5185,9,48,9,475795,200649,45374,80882,1.5892234824483589,0.2872934064099513
4748,0.5186,3,11,3,475806,200638,45377,80879,1.5891363578760613,0.28729703712386817
4749,0.5187,7,34,7,475840,200604,45384,80872,1.5888670637435052,0.28731401611505064
4750,0.5188,4,32,4,475872,200572,45388,80868,1.5886136104422761,0.2873365548607163
4751,0.5189,1,10,1,475882,200562,45389,80867,1.588534406285642,0.28734423247071195
4752,0.519,13,64,13,475946,200498,45402,80854,1.5880274996831834,0.287376666951008
4753,0.5191,1,14,1,475960,200484,45403,80853,1.5879166138638956,0.2873884345109246
4754,0.5192,20,138,20,476098,200346,45423,80833,1.5868235965023445,0.2874787946468264
4755,0.5193,12,63,12,476161,200283,45435,80821,1.5863246103155493,0.2875128066480733
4756,0.5194,3,13,3,476174,200270,45438,80818,1.586221644911925,0.2875184995446266
4757,0.5195,2,32,2,476206,200238,45440,80816,1.5859681916106958,0.2875461655055612
4758,0.5196,1,13,1,476219,200225,45441,80815,1.5858652262070714,0.2875569313976658
4759,0.5197,4,28,4,476247,200197,45445,80811,1.5856434545684956,0.287575442692023
4760,0.5198,4,34,4,476281,200163,45449,80807,1.5853741604359397,0.2876000996547674
4761,0.5199,1,13,1,476294,200150,45450,80806,1.5852711950323153,0.28761087145318126
4762,0.52,605,3084,605,479378,197066,46055,80201,1.5608446331263466,0.2892554829821075
4763,0.5201,1,8,1,479386,197058,46056,80200,1.5607812698010393,0.28926126568034105
4764,0.5202,5,39,5,479425,197019,46061,80195,1.560472373590166,0.28928914124106286
4765,0.5203,8,36,8,479461,196983,46069,80187,1.5601872386262832,0.28930620196991014
4766,0.5204,3,6,3,479467,196977,46072,80184,1.5601397161323027,0.28930477231645146
4767,0.5205,2,33,2,479500,196944,46074,80182,1.55987834241541,0.2893340935170284
4768,0.5206,2,11,2,479511,196933,46076,80180,1.5597912178431124,0.2893404495638963
4769,0.5207,8,76,8,479587,196857,46084,80172,1.559189266252693,0.289399304765927
4770,0.5208,29,138,29,479725,196719,46113,80143,1.5580962488911418,0.28946912180075274
4771,0.5209,3,15,3,479740,196704,46116,80140,1.5579774426561905,0.2894771062403375
4772,0.521,11,88,11,479828,196616,46127,80129,1.5572804460778102,0.28954091311496144
4773,0.5211,0,5,0,479833,196611,46127,80129,1.5572408439994931,0.28954614439546145
4774,0.5212,4,33,4,479866,196578,46131,80125,1.5569794702826005,0.2895704058141762
4775,0.5213,5,42,5,479908,196536,46136,80120,1.556646812824737,0.28960152680585277
4776,0.5214,3,14,3,479922,196522,46139,80117,1.5565359270054493,0.28960847892018116
4777,0.5215,9,37,9,479959,196485,46148,80108,1.556242871625903,0.2896241047315008
4778,0.5216,0,8,0,479967,196477,46148,80108,1.5561795083005956,0.2896324818771806
4779,0.5217,65,357,65,480324,196120,46213,80043,1.5533519199087569,0.28983969612149346
4780,0.5218,5,36,5,480360,196084,46218,80038,1.5530667849448738,0.28986462505704
4781,0.5219,4,5,4,480365,196079,46222,80034,1.553027182866557,0.2898595864736539
4782,0.522,26,79,26,480444,196000,46248,80008,1.552401470029147,0.2898756557780934
4783,0.5221,4,17,4,480461,195983,46252,80004,1.552266822962869,0.2898832191371333
4784,0.5222,5,26,5,480487,195957,46257,79999,1.5520608921556203,0.28989766484512025
4785,0.5223,13,27,13,480514,195930,46270,79986,1.551847040932708,0.28989257600139173
4786,0.5224,3,13,3,480527,195917,46273,79983,1.5517440755290837,0.2898985139543313
4787,0.5225,67,343,67,480870,195574,46340,79916,1.5490273729565327,0.29008675451014554
4788,0.5226,1,13,1,480883,195561,46341,79915,1.5489244075529083,0.29009786696481726
4789,0.5227,14,47,14,480930,195514,46355,79901,1.548552148016728,0.2901112866038524
4790,0.5228,4,19,4,480949,195495,46359,79897,1.548401660119123,0.2901209911689519
4791,0.5229,3,10,3,480959,195485,46362,79894,1.5483224559624889,0.29012379302706454
4792,0.523,8,52,8,481011,195433,46370,79886,1.5479105943479914,0.29015796221837215
4793,0.5231,0,11,0,481022,195422,46370,79886,1.5478234697756938,0.2901695555523269
4794,0.5232,6,20,6,481042,195402,46376,79880,1.5476650614624254,0.2901751658299489
4795,0.5233,123,668,123,481710,194734,46499,79757,1.542374223799265,0.2905632607262169
4796,0.5234,3,10,3,481720,194724,46502,79754,1.5422950196426308,0.2905660927287433
4797,0.5235,8,34,8,481754,194690,46510,79746,1.5420257255100747,0.29058141060210757
4798,0.5236,2,13,2,481767,194677,46512,79744,1.5419227601064505,0.2905900058668979
4799,0.5237,6,37,6,481804,194640,46518,79738,1.541629704726904,0.29061367893927353
4800,0.5238,5,27,5,481831,194613,46523,79733,1.541415853503992,0.2906293512571716
4801,0.5239,1,10,1,481841,194603,46524,79732,1.5413366493473577,0.29063735943281027
4802,0.524,21,103,21,481944,194500,46545,79711,1.540520846534026,0.29069220417853403
4803,0.5241,1,4,1,481948,194496,46546,79710,1.5404891648713726,0.2906938579024529
4804,0.5242,29,118,29,482066,194378,46575,79681,1.5395545558230896,0.290743963890987
4805,0.5243,25,71,25,482137,194307,46600,79656,1.538992206310987,0.2907545909484127
4806,0.5244,2,10,2,482147,194297,46602,79654,1.5389130021543531,0.29076002642808385
4807,0.5245,10,35,10,482182,194262,46612,79644,1.5386357876061336,0.2907712864997481
4808,0.5246,3,12,3,482194,194250,46615,79641,1.5385407426181725,0.2907762577083584
4809,0.5247,9,44,9,482238,194206,46624,79632,1.5381922443289824,0.290799669877811
4810,0.5248,8,25,8,482263,194181,46632,79624,1.537994233937397,0.29080550026478696
4811,0.5249,3,6,3,482269,194175,46635,79621,1.5379467114434167,0.29080410232435827
4812,0.525,258,1122,258,483391,193053,46893,79363,1.529060005069066,0.2913301715024081
4813,0.5251,2,9,2,483400,193044,46895,79361,1.5289887213280953,0.29133459371156917
4814,0.5252,9,39,9,483439,193005,46904,79352,1.5286798251172222,0.2913528934450005
4815,0.5253,14,46,14,483485,192959,46918,79338,1.5283154859967052,0.2913656779178617
4816,0.5254,5,11,5,483496,192948,46923,79333,1.5282283614244077,0.29136443600545026
4817,0.5255,2,30,2,483526,192918,46925,79331,1.527990748954505,0.291391336607297
4818,0.5256,4,18,4,483544,192900,46929,79327,1.5278481814725637,0.2914001917517366
4819,0.5257,7,59,7,483603,192841,46936,79320,1.5273808769484223,0.29144513725331694
4820,0.5258,29,138,29,483741,192703,46965,79291,1.5262878595868712,0.2915174599439693
4821,0.5259,1,5,1,483746,192698,46966,79290,1.526248257508554,0.29152021412709384
4822,0.526,35,133,35,483879,192565,47001,79255,1.52519484222532,0.29157162828342287
4823,0.5261,3,6,3,483885,192559,47004,79252,1.5251473197313394,0.29157024550146976
4824,0.5262,5,38,5,483923,192521,47009,79247,1.5248463439361297,0.2915979806305378
4825,0.5263,5,41,5,483964,192480,47014,79242,1.5245216068939298,0.29162894428864794
4826,0.5264,2,15,2,483979,192465,47016,79240,1.5244028006589785,0.2916398299626433
4827,0.5265,8,33,8,484012,192432,47024,79232,1.5241414269420859,0.2916543966075741
4828,0.5266,1,4,1,484016,192428,47025,79231,1.5241097452794323,0.29165608354591605
4829,0.5267,122,648,122,484664,191780,47147,79109,1.5189773159295399,0.2920347448585952
4830,0.5268,6,24,6,484688,191756,47153,79103,1.5187872259536181,0.2920449385104427
4831,0.5269,3,8,3,484696,191748,47156,79100,1.5187238626283108,0.29204572306238186
4832,0.527,3,47,3,484743,191701,47159,79097,1.5183516030921302,0.2920885678623919
4833,0.5271,3,14,3,484757,191687,47162,79094,1.5182407172728425,0.2920958265166315
4834,0.5272,5,19,5,484776,191668,47167,79089,1.5180902293752376,0.2921032512548152
4835,0.5273,3,53,3,484829,191615,47170,79086,1.5176704473450766,0.292152596407106
4836,0.5274,2,12,2,484841,191603,47172,79084,1.5175754023571157,0.29216031800566705
4837,0.5275,73,322,73,485163,191281,47245,79011,1.5150250285134963,0.29231719769730513
4838,0.5276,2,9,2,485172,191272,47247,79009,1.5149537447725256,0.2923216948287153
4839,0.5277,6,53,6,485225,191219,47253,79003,1.5145339627423646,0.2923633160882534
4840,0.5278,5,19,5,485244,191200,47258,78998,1.5143834748447598,0.2923707799465577
4841,0.5279,3,13,3,485257,191187,47261,78995,1.5142805094411356,0.29237699032504016
4842,0.528,18,78,18,485335,191109,47279,78977,1.5136627170193893,0.2924142680479551
4843,0.5281,3,16,3,485351,191093,47282,78974,1.5135359903687746,0.29242373188875354
4844,0.5282,5,22,5,485373,191071,47287,78969,1.5133617412241795,0.29243445415494
4845,0.5283,74,371,74,485744,190700,47361,78895,1.5104232670130529,0.2926426677052616
4846,0.5284,0,3,0,485747,190697,47361,78895,1.5103995057660626,0.29264592421140095
4847,0.5285,16,42,16,485789,190655,47377,78879,1.5100668483081991,0.2926495358656051
4848,0.5286,3,13,3,485802,190642,47380,78876,1.5099638829045747,0.29265577809274335
4849,0.5287,5,45,5,485847,190597,47385,78871,1.5096074641997212,0.2926915255243665
4850,0.5288,5,32,5,485879,190565,47390,78866,1.509354010898492,0.2927131621825254
4851,0.5289,8,7,8,485886,190558,47398,78858,1.509298567988848,0.29269976541853493
4852,0.529,19,83,19,485969,190475,47417,78839,1.5086411734887848,0.2927400729260269
4853,0.5291,3,6,3,485975,190469,47420,78836,1.5085936509948041,0.29273871632535603
4854,0.5292,18,157,18,486132,190312,47438,78818,1.5073501457356482,0.29286218556088134
4855,0.5293,8,73,8,486205,190239,47446,78810,1.506771955392219,0.29292062040743505
4856,0.5294,0,15,0,486220,190224,47446,78810,1.5066531491572677,0.2929369522067843
4857,0.5295,6,51,6,486271,190173,47452,78804,1.5062492079584338,0.2929767229168293
4858,0.5296,0,8,0,486279,190165,47452,78804,1.5061858446331264,0.2929854369834442
4859,0.5297,4,35,4,486314,190130,47456,78800,1.505908630084907,0.29301305172349684
4860,0.5298,0,28,0,486342,190102,47456,78800,1.5056868584463312,0.2930435623386959
4861,0.5299,2,9,2,486351,190093,47458,78798,1.5056155747053606,0.2930481124321751
4862,0.53,621,2927,621,489278,187166,48079,78177,1.4824325180585478,0.29462620080424207
4863,0.5301,3,7,3,489285,187159,48082,78174,1.4823770751489038,0.29462599827386715
4864,0.5302,6,30,6,489315,187129,48088,78168,1.4821394626790014,0.2946433619679077
4865,0.5303,4,35,4,489350,187094,48092,78164,1.481862248130782,0.29467160274148185
4866,0.5304,1,13,1,489363,187081,48093,78163,1.4817592827271575,0.2946833858635822
4867,0.5305,8,29,8,489392,187052,48101,78155,1.4815295906729185,0.2946943331058381
4868,0.5306,1,11,1,489403,187041,48102,78154,1.481442466100621,0.2947038971322989
4869,0.5307,16,62,16,489465,186979,48118,78138,1.4809514003294892,0.294730251172124
4870,0.5308,25,129,25,489594,186850,48143,78113,1.4799296667089088,0.29480719949577866
4871,0.5309,3,5,3,489599,186845,48146,78110,1.479890064630592,0.2948047781698779
4872,0.531,20,66,20,489665,186779,48166,78090,1.4793673171968065,0.2948249889568051
4873,0.5311,4,8,4,489673,186771,48170,78086,1.4793039538714992,0.2948232442412321
4874,0.5312,7,27,7,489700,186744,48177,78079,1.479090102648587,0.29483466315236967
4875,0.5313,8,37,8,489737,186707,48185,78071,1.4787970472690406,0.29485455740280536
4876,0.5314,5,10,5,489747,186697,48190,78066,1.4787178431124066,0.29485237740923015
4877,0.5315,11,41,11,489788,186656,48201,78055,1.4783931060702065,0.2948687436487339
4878,0.5316,3,6,3,489794,186650,48204,78052,1.478345583576226,0.29486743583350333
4879,0.5317,70,375,70,490169,186275,48274,77982,1.4753754277024458,0.29509908914428
4880,0.5318,4,31,4,490200,186244,48278,77978,1.47512989481688,0.2951230404735412
4881,0.5319,1,7,1,490207,186237,48279,77977,1.475074451907236,0.29512819154170483
4882,0.532,17,86,17,490293,186151,48296,77960,1.4743932961601824,0.29517892098398024
4883,0.5321,4,25,4,490318,186126,48300,77956,1.4741952857685972,0.2951961890624882
4884,0.5322,3,28,3,490346,186098,48303,77953,1.4739735141300216,0.29521948411481114
4885,0.5323,9,45,9,490391,186053,48312,77944,1.473617095425168,0.2952457793080982
4886,0.5324,0,21,0,490412,186032,48312,77944,1.4734507666962362,0.2952692669030518
4887,0.5325,53,335,53,490747,185697,48365,77891,1.4707974274489926,0.295502830174363
4888,0.5326,2,10,2,490757,185687,48367,77889,1.4707182232923584,0.2955086957841382
4889,0.5327,9,65,9,490822,185622,48376,77880,1.4702033962742365,0.2955575289751121
4890,0.5328,5,23,5,490845,185599,48381,77875,1.470021226713978,0.2955699613624115
4891,0.5329,2,16,2,490861,185583,48383,77873,1.4698945000633634,0.2955825640714199
4892,0.533,14,50,14,490911,185533,48397,77859,1.4694984792801926,0.29560123314299597
4893,0.5331,0,14,0,490925,185519,48397,77859,1.4693875934609049,0.295616945986377
4894,0.5332,3,28,3,490953,185491,48400,77856,1.4691658218223291,0.29564035284244744
4895,0.5333,126,600,126,491553,184891,48526,77730,1.4644135724242808,0.29597785401776705
4896,0.5334,2,5,2,491558,184886,48528,77728,1.4643739703459637,0.2959781275941115
4897,0.5335,5,40,5,491598,184846,48533,77723,1.4640571537194271,0.29600981075450644
4898,0.5336,1,9,1,491607,184837,48534,77722,1.4639858699784565,0.296017276116987
4899,0.5337,7,38,7,491645,184799,48541,77715,1.4636848941832468,0.2960413539849303
4900,0.5338,3,20,3,491665,184779,48544,77712,1.4635264858699784,0.2960558647725065
4901,0.5339,1,9,1,491674,184770,48545,77711,1.4634552021290077,0.29606333410799257
4902,0.534,23,149,23,491823,184621,48568,77688,1.462275060195159,0.29616978449081044
4903,0.5341,0,5,0,491828,184616,48568,77688,1.462235458116842,0.2961754300353788
4904,0.5342,21,172,21,492000,184444,48589,77667,1.4608731466227347,0.2963133939437872
4905,0.5343,9,47,9,492047,184397,48598,77658,1.4605008870865543,0.29634237087634274
4906,0.5344,1,9,1,492056,184388,48599,77657,1.4604296033455835,0.29634986357305043
4907,0.5345,4,32,4,492088,184356,48603,77653,1.4601761500443544,0.2963753153517627
4908,0.5346,2,13,2,492101,184343,48605,77651,1.46007318464073,0.29638465003015335
4909,0.5347,7,30,7,492131,184313,48612,77644,1.4598355721708276,0.29639979080536116
4910,0.5348,1,37,1,492168,184276,48613,77643,1.4595425167912812,0.2964389754084278
4911,0.5349,0,10,0,492178,184266,48613,77643,1.459463312634647,0.29645029380433663
4912,0.535,235,1127,235,493305,183139,48848,77408,1.4505370041819794,0.297098028378757
4913,0.5351,0,7,0,493312,183132,48848,77408,1.4504815612723356,0.297106010593383
4914,0.5352,8,34,8,493346,183098,48856,77400,1.4502122671397795,0.297123202481401
4915,0.5353,6,52,6,493398,183046,48862,77394,1.449800405525282,0.2971663338964829
4916,0.5354,1,11,1,493409,183035,48863,77393,1.4497132809529845,0.29717618689234643
4917,0.5355,7,31,7,493440,183004,48870,77386,1.4494677480674185,0.297192672529667
4918,0.5356,1,15,1,493455,182989,48871,77385,1.4493489418324674,0.2972070944103482
4919,0.5357,7,42,7,493497,182947,48878,77378,1.449016284374604,0.2972361471237876
4920,0.5358,34,122,34,493619,182825,48912,77344,1.4480499936636675,0.29728368867928157
4921,0.5359,5,11,5,493630,182814,48917,77339,1.44796286909137,0.29728275284159705
4922,0.536,19,119,19,493749,182695,48936,77320,1.4470203396274237,0.2973674595696402
4923,0.5361,1,4,1,493753,182691,48937,77319,1.44698865796477,0.2973693319487712
4924,0.5362,6,38,6,493791,182653,48943,77313,1.4466876821695602,0.2973965826300362
4925,0.5363,8,33,8,493824,182620,48951,77305,1.4464263084526676,0.2974127152063095
4926,0.5364,1,15,1,493839,182605,48952,77304,1.4463075022177163,0.29742717643482913
4927,0.5365,6,28,6,493867,182577,48958,77298,1.4460857305791408,0.29744300144300145
4928,0.5366,3,10,3,493877,182567,48961,77295,1.4460065264225066,0.2974463369018941
4929,0.5367,124,625,124,494502,181942,49085,77171,1.4410562666328728,0.2978275887354166
4930,0.5368,5,20,5,494522,181922,49090,77166,1.4408978583196046,0.2978370283455814
4931,0.5369,2,8,2,494530,181914,49092,77164,1.4408344949942973,0.29784080469974294
4932,0.537,8,47,8,494577,181867,49100,77156,1.440462235458117,0.29787316184277074
4933,0.5371,1,25,1,494602,181842,49101,77155,1.4402642250665314,0.2978992034656772
4934,0.5372,3,30,3,494632,181812,49104,77152,1.440026612596629,0.2979255803895522
4935,0.5373,9,53,9,494685,181759,49113,77143,1.4396068305664682,0.29796216328958447
4936,0.5374,1,16,1,494701,181743,49114,77142,1.4394801039158536,0.29797786662031406
4937,0.5375,74,304,74,495005,181439,49188,77068,1.4370722975541756,0.29812732343805004
4938,0.5376,3,8,3,495013,181431,49191,77065,1.4370089342288683,0.29812840430799703
4939,0.5377,8,30,8,495043,181401,49199,77057,1.436771321758966,0.29814128407710344
4940,0.5378,6,21,6,495064,181380,49205,77051,1.4366049930300342,0.2981492158448483
4941,0.5379,1,13,1,495077,181367,49206,77050,1.4365020276264098,0.29816149866301367
4942,0.538,19,96,19,495173,181271,49225,77031,1.4357416677227222,0.29822068741240876
4943,0.5381,3,17,3,495190,181254,49228,77028,1.435607020656444,0.2982321648430785
4944,0.5382,4,25,4,495215,181229,49232,77024,1.4354090102648587,0.2982501655353471
4945,0.5383,87,354,87,495569,180875,49319,76937,1.4326051831200102,0.29842288178983134
4946,0.5384,1,4,1,495573,180871,49320,76936,1.4325735014573564,0.29842479063795785
4947,0.5385,6,35,6,495608,180836,49326,76930,1.432296286909137,0.2984489808586082
4948,0.5386,1,15,1,495623,180821,49327,76929,1.4321774806741858,0.29846362754607175
4949,0.5387,14,31,14,495654,180790,49341,76915,1.4319319477886199,0.29846141906443413
4950,0.5388,4,19,4,495673,180771,49345,76911,1.431781459891015,0.298472535916362
4951,0.5389,1,6,1,495679,180765,49346,76910,1.4317339373970346,0.2984767633647036
4952,0.539,21,82,21,495761,180683,49367,76889,1.4310844633126347,0.2985145900951967
4953,0.5391,2,9,2,495770,180674,49369,76887,1.4310131795716639,0.2985195740038282
4954,0.5392,28,120,28,495890,180554,49397,76859,1.4300627296920543,0.29858243367662085
4955,0.5393,15,49,15,495939,180505,49412,76844,1.429674629324547,0.2985984013926613
4956,0.5394,3,11,3,495950,180494,49415,76841,1.4295875047522495,0.2986029883226145
4957,0.5395,7,24,7,495974,180470,49422,76834,1.4293974147763275,0.2986117588533408
4958,0.5396,1,17,1,495991,180453,49423,76833,1.4292627677100493,0.29862876332175087
4959,0.5397,5,32,5,496023,180421,49428,76828,1.4290093144088203,0.29865227853169496
4960,0.5398,8,25,8,496048,180396,49436,76820,1.4288113040172348,0.2986594924110475
4961,0.5399,2,6,2,496054,180390,49438,76818,1.4287637815232543,0.2986610058785108
4962,0.54,622,2889,622,498943,177501,50060,76196,1.4058817006716513,0.30034253459835947
4963,0.5401,2,5,2,498948,177496,50062,76194,1.4058420985933342,0.3003429382317001
4964,0.5402,5,33,5,498981,177463,50067,76189,1.4055807248764416,0.30036822102723415
4965,0.5403,3,29,3,499010,177434,50070,76186,1.4053510328222025,0.3003942906710827
4966,0.5404,5,10,5,499020,177424,50075,76181,1.4052718286655683,0.30039234242227086
4967,0.5405,5,31,5,499051,177393,50080,76176,1.4050262957800026,0.3004152715828828
4968,0.5406,4,9,4,499060,177384,50084,76172,1.4049550120390317,0.3004148984839641
4969,0.5407,14,61,14,499121,177323,50098,76158,1.4044718666835636,0.30044855432951584
4970,0.5408,34,141,34,499262,177182,50132,76124,1.403355088075022,0.3005218984153553
4971,0.5409,2,9,2,499271,177173,50134,76122,1.4032838043340514,0.30052705343571723
4972,0.541,24,94,24,499365,177079,50158,76098,1.4025392852616905,0.30057232687013435
4973,0.5411,1,9,1,499374,177070,50159,76097,1.4024680015207198,0.3005802494005933
4974,0.5412,6,37,6,499411,177033,50165,76091,1.4021749461411734,0.3006076073386957
4975,0.5413,5,29,5,499440,177004,50170,76086,1.4019452540869344,0.30062823501521196
4976,0.5414,4,18,4,499458,176986,50174,76082,1.401802686604993,0.3006385635481373
4977,0.5415,7,50,7,499508,176936,50181,76075,1.4014066658218223,0.30067862662097694
4978,0.5416,6,6,6,499514,176930,50187,76069,1.4013591433278418,0.3006691726054253
4979,0.5417,72,347,72,499861,176583,50259,75997,1.398610759092637,0.30088288858975376
4980,0.5418,10,21,10,499882,176562,50269,75987,1.3984444303637056,0.30088022522361996
4981,0.5419,4,10,4,499892,176552,50273,75983,1.3983652262070714,0.30088106599085274
4982,0.542,10,77,10,499969,176475,50283,75973,1.3977553542009884,0.3009451451388009
4983,0.5421,5,15,5,499984,176460,50288,75968,1.3976365479660373,0.3009491815487981
4984,0.5422,8,25,8,500009,176435,50296,75960,1.3974385375744518,0.30095683353473723
4985,0.5423,6,32,6,500041,176403,50302,75954,1.3971850842732227,0.30097837587227616
4986,0.5424,1,11,1,500052,176392,50303,75953,1.3970979597009252,0.30098872575244207
4987,0.5425,54,325,54,500377,176067,50357,75899,1.3945238246103155,0.3012271496948001
4988,0.5426,1,15,1,500392,176052,50358,75898,1.3944050183753642,0.3012423099821393
4989,0.5427,16,63,16,500455,175989,50374,75882,1.3939060321885692,0.3012732708410258
4990,0.5428,8,23,8,500478,175966,50382,75874,1.3937238626283108,0.30127858958068615
4991,0.5429,1,13,1,500491,175953,50383,75873,1.3936208972246864,0.3012913678492292
4992,0.543,14,69,14,500560,175884,50397,75859,1.3930743885439107,0.30133509174038603
4993,0.5431,1,5,1,500565,175879,50398,75858,1.3930347864655936,0.30133830148130786
4994,0.5432,7,30,7,500595,175849,50405,75851,1.3927971739956913,0.3013547874453715
4995,0.5433,120,554,120,501149,175295,50525,75731,1.38840926371816,0.3016858811437859
4996,0.5434,2,7,2,501156,175288,50527,75729,1.388353820808516,0.30168873024536186
4997,0.5435,5,40,5,501196,175248,50532,75724,1.3880370041819794,0.3017229013595142
4998,0.5436,2,11,2,501207,175237,50534,75722,1.3879498796096819,0.30173056156583344
4999,0.5437,8,33,8,501240,175204,50542,75714,1.3876885058927892,0.30174798141225423
5000,0.5438,12,30,12,501270,175174,50554,75702,1.3874508934228869,0.3017506656675011
5001,0.5439,0,6,0,501276,175168,50554,75702,1.3874033709289064,0.30175788256866104
5002,0.544,28,119,28,501395,175049,50582,75674,1.3864608414649602,0.30182312751522594
5003,0.5441,2,8,2,501403,175041,50584,75672,1.3863974781396529,0.30182718885737875
5004,0.5442,19,154,19,501557,174887,50603,75653,1.385177734127487,0.30195976690348847
5005,0.5443,12,48,12,501605,174839,50615,75641,1.3847975541756432,0.30198419035451934
5006,0.5444,0,13,0,501618,174826,50615,75641,1.3846945887720188,0.30199986425357433
5007,0.5445,4,23,4,501641,174803,50619,75637,1.3845124192117602,0.30201645104615876
5008,0.5446,3,10,3,501651,174793,50622,75634,1.3844332150551262,0.3020201495845097
5009,0.5447,8,25,8,501676,174768,50630,75626,1.3842352046635407,0.30202800386590734
5010,0.5448,9,22,9,501698,174746,50639,75617,1.3840609555189456,0.30202945323390434
5011,0.5449,1,7,1,501705,174739,50640,75616,1.3840055126093018,0.3020351101435961
5012,0.545,222,1082,222,502787,173657,50862,75394,1.3754356228614877,0.30272514464908795
5013,0.5451,4,9,4,502796,173648,50866,75390,1.375364339120517,0.3027248853588609
5014,0.5452,4,23,4,502819,173625,50870,75386,1.3751821695602586,0.3027416459513837
5015,0.5453,4,40,4,502859,173585,50874,75382,1.374865352933722,0.3027790831716653
5016,0.5454,2,11,2,502870,173574,50876,75380,1.3747782283614245,0.30278686022317375
5017,0.5455,6,29,6,502899,173545,50882,75374,1.3745485363071854,0.30280533024799233
5018,0.5456,2,15,2,502914,173530,50884,75372,1.3744297300722341,0.30281797655302084
5019,0.5457,9,55,9,502969,173475,50893,75363,1.3739941072107464,0.30285969184770817
5020,0.5458,26,120,26,503089,173355,50919,75337,1.3730436573311366,0.30293294516912483
5021,0.5459,0,5,0,503094,173350,50919,75337,1.3730040552528198,0.3029390358161062
5022,0.546,30,121,30,503215,173229,50949,75307,1.3720456849575466,0.30300238194869156
5023,0.5461,2,8,2,503223,173221,50951,75305,1.3719823216322393,0.3030065264801268
5024,0.5462,5,21,5,503244,173200,50956,75300,1.3718159929033076,0.3030181086519115
5025,0.5463,9,35,9,503279,173165,50965,75291,1.371538778355088,0.30303554754161705
5026,0.5464,3,18,3,503297,173147,50968,75288,1.3713962108731466,0.30304908728641294
5027,0.5465,10,39,10,503336,173108,50978,75278,1.3710873146622735,0.3030686109523081
5028,0.5466,1,4,1,503340,173104,50979,75277,1.3710556329996197,0.30307068576098817
5029,0.5467,134,592,134,503932,172512,51113,75143,1.3663667469268788,0.30341806141608285
5030,0.5468,7,33,7,503965,172479,51120,75136,1.3661053732099862,0.30343880621125535
5031,0.5469,4,5,4,503970,172474,51124,75132,1.366065771131669,0.303433680928572
5032,0.547,12,50,12,504020,172424,51136,75120,1.3656697503484982,0.30346120285686584
5033,0.5471,3,35,3,504055,172389,51139,75117,1.3653925358002788,0.30349567283217377
5034,0.5472,3,26,3,504081,172363,51142,75114,1.3651866049930301,0.303519114907648
5035,0.5473,5,61,5,504142,172302,51147,75109,1.3647034596375618,0.3035798731665124
5036,0.5474,3,9,3,504151,172293,51150,75106,1.3646321758965911,0.3035824720390947
5037,0.5475,58,327,58,504478,171966,51208,75048,1.3620421999746546,0.303820836065972
5038,0.5476,4,12,4,504490,171954,51212,75044,1.3619471549866937,0.30382432246414953
5039,0.5477,6,34,6,504524,171920,51218,75038,1.3616778608541376,0.30384923752216975
5040,0.5478,2,12,2,504536,171908,51220,75036,1.3615828158661767,0.3038583646494752
5041,0.5479,2,12,2,504548,171896,51222,75034,1.3614877708782156,0.30386749281172803
5042,0.548,18,73,18,504621,171823,51240,75016,1.3609095805347864,0.30390659498701583
5043,0.5481,2,13,2,504634,171810,51242,75014,1.3608066151311622,0.30391696107347743
5044,0.5482,7,36,7,504670,171774,51249,75007,1.3605214801672791,0.30394155141603285
5045,0.5483,72,337,72,505007,171437,51321,74935,1.3578523000887086,0.30415388112285485
5046,0.5484,2,6,2,505013,171431,51323,74933,1.3578047775947282,0.30415563962267217
5047,0.5485,9,46,9,505059,171385,51332,74924,1.3574404384742111,0.30418701712077106
5048,0.5486,3,13,3,505072,171372,51335,74921,1.3573374730705867,0.30419459749160555
5049,0.5487,6,33,6,505105,171339,51341,74915,1.357076099353694,0.3042184086349866
5050,0.5488,5,23,5,505128,171316,51346,74910,1.3568939297934355,0.3042326967907532
5051,0.5489,3,8,3,505136,171308,51349,74907,1.3568305664681282,0.3042341043397031
5052,0.549,12,72,12,505208,171236,51361,74895,1.3562602965403625,0.3042891793394574
5053,0.5491,2,2,2,505210,171234,51363,74893,1.3562444557090356,0.30428599869173234
5054,0.5492,25,129,25,505339,171105,51388,74868,1.3552227220884552,0.30437487041260625
5055,0.5493,12,60,12,505399,171045,51400,74856,1.3547474971486504,0.30441519147949786
5056,0.5494,3,2,3,505401,171043,51403,74853,1.3547316563173235,0.30440918111722026
5057,0.5495,8,33,8,505434,171010,51411,74845,1.354470282600431,0.3044274063980802
5058,0.5496,3,13,3,505447,170997,51414,74842,1.3543673171968065,0.304435016413181
5059,0.5497,8,34,8,505481,170963,51422,74834,1.3540980230642503,0.30445448886682913
5060,0.5498,7,25,7,505506,170938,51429,74827,1.353900012672665,0.30446564807844895
5061,0.5499,0,18,0,505524,170920,51429,74827,1.3537574451907237,0.30448794898818704
5062,0.55,611,2788,611,508312,168132,52040,74216,1.3316753263211254,0.30623731163450907
5063,0.5501,3,5,3,508317,168127,52043,74213,1.3316357242428083,0.30623504167698273
5064,0.5502,6,30,6,508347,168097,52049,74207,1.331398111772906,0.3062557778658214
5065,0.5503,8,21,8,508368,168076,52057,74199,1.3312317830439742,0.30625941595294603
5066,0.5504,2,16,2,508384,168060,52059,74197,1.3311050563933595,0.3062739157176057
5067,0.5505,2,33,2,508417,168027,52061,74195,1.330843682676467,0.3063099140457927
5068,0.5506,1,9,1,508426,168018,52062,74194,1.330772398935496,0.30631843178702955
5069,0.5507,9,54,9,508480,167964,52071,74185,1.3303446964896717,0.3063609595744769
5070,0.5508,25,126,25,508606,167838,52096,74160,1.3293467241160817,0.3064488136265589
5071,0.5509,0,11,0,508617,167827,52096,74160,1.3292595995437841,0.30646274386640604
5072,0.551,13,76,13,508693,167751,52109,74147,1.3286576479533645,0.306521757104234
5073,0.5511,6,14,6,508707,167737,52115,74141,1.3285467621340767,0.3065222963642828
5074,0.5512,6,30,6,508737,167707,52121,74135,1.3283091496641743,0.3065431149262742
5075,0.5513,4,39,4,508776,167668,52125,74131,1.3280002534533013,0.3065810859432835
5076,0.5514,2,13,2,508789,167655,52127,74129,1.3278972880496769,0.30659183403368295
5077,0.5515,10,36,10,508825,167619,52137,74119,1.3276121530857938,0.30660880788291456
5078,0.5516,0,10,0,508835,167609,52137,74119,1.3275329489291599,0.30662149192480803
5079,0.5517,71,326,71,509161,167283,52208,74048,1.3249508934228869,0.30683169588656245
5080,0.5518,7,33,7,509194,167250,52215,74041,1.3246895197059942,0.3068535502774658
5081,0.5519,2,15,2,509209,167235,52217,74039,1.324570713471043,0.3068668816366455
5082,0.552,16,89,16,509298,167146,52233,74023,1.323865796476999,0.30693414161853305
5083,0.5521,7,24,7,509322,167122,52240,74016,1.3236757065010771,0.30694457115842383
5084,0.5522,5,17,5,509339,167105,52245,74011,1.3235410594347992,0.3069518406078402
5085,0.5523,10,47,10,509386,167058,52255,74001,1.3231687998986186,0.3069829377870148
5086,0.5524,1,10,1,509396,167048,52256,74000,1.3230895957419846,0.30699279811489827
5087,0.5525,58,255,58,509651,166793,52314,73942,1.321069889747814,0.30715101667809
5088,0.5526,2,10,2,509661,166783,52316,73940,1.3209906855911797,0.3071580197986898
5089,0.5527,8,54,8,509715,166729,52324,73932,1.3205629831453554,0.3072039092333199
5090,0.5528,5,20,5,509735,166709,52329,73927,1.3204045748320872,0.3072150467926661
5091,0.5529,6,3,6,509738,166706,52335,73921,1.320380813585097,0.3072016024801872
5092,0.553,11,73,11,509811,166633,52346,73910,1.3198026232416677,0.3072631504554279
5093,0.5531,0,13,0,509824,166620,52346,73910,1.3196996578380433,0.30727975720284373
5094,0.5532,7,19,7,509843,166601,52353,73903,1.3195491699404385,0.30728387053853573
5095,0.5533,95,535,95,510378,166066,52448,73808,1.315311747560512,0.3076948731417327
5096,0.5534,2,12,2,510390,166054,52450,73806,1.315216702572551,0.30770449428833485
5097,0.5535,9,42,9,510432,166012,52459,73797,1.3148840451146877,0.3077324037046149
5098,0.5536,2,9,2,510441,166003,52461,73795,1.3148127613737168,0.3077381796345257
5099,0.5537,9,34,9,510475,165969,52470,73786,1.314543467241161,0.30775583408062396
5100,0.5538,4,48,4,510523,165921,52474,73782,1.314163287289317,0.30780590981339406
5101,0.5539,1,8,1,510531,165913,52475,73781,1.3140999239640097,0.3078132952848215
5102,0.554,20,117,20,510648,165796,52495,73761,1.3131732353313903,0.30790584286829437
5103,0.5541,3,1,3,510649,165795,52498,73758,1.3131653149157267,0.30789846088339534
5104,0.5542,37,123,37,510772,165672,52535,73721,1.312191103789127,0.3079496894228319
5105,0.5543,13,52,13,510824,165620,52548,73708,1.3117792421746293,0.3079790078887552
5106,0.5544,4,4,4,510828,165616,52552,73704,1.3117475605119757,0.30797258900217284
5107,0.5545,11,32,11,510860,165584,52563,73693,1.3114941072107464,0.3079819623281803
5108,0.5546,5,4,5,510864,165580,52568,73688,1.3114624255480927,0.3079726499155758
5109,0.5547,8,34,8,510898,165546,52576,73680,1.3111931314155367,0.3079932783225904
5110,0.5548,9,25,9,510923,165521,52585,73671,1.3109951210239514,0.307999431419111
5111,0.5549,0,5,0,510928,165516,52585,73671,1.3109555189456343,0.30800586988423284
5112,0.555,232,1022,232,511950,164494,52817,73439,1.3028608541376252,0.30865411691526606
5113,0.5551,0,5,0,511955,164489,52817,73439,1.302821252059308,0.30866060320769306
5114,0.5552,3,26,3,511981,164463,52820,73436,1.3026153212520593,0.30868561868692174
5115,0.5553,10,40,10,512021,164423,52830,73426,1.3022985046255227,0.30870846629584314
5116,0.5554,1,8,1,512029,164415,52831,73425,1.3022351413002153,0.3087159434914228
5117,0.5555,9,18,9,512047,164397,52840,73416,1.302092573818274,0.3087131485663105
5118,0.5556,2,8,2,512055,164389,52842,73414,1.3020292104929667,0.3087177201296872
5119,0.5557,12,53,12,512108,164336,52854,73402,1.3016094284628057,0.3087516509771261
5120,0.5558,31,129,31,512237,164207,52885,73371,1.3005876948422253,0.3088291003375733
5121,0.5559,3,12,3,512249,164195,52888,73368,1.3004926498542644,0.308835971931656
5122,0.556,23,134,23,512383,164061,52911,73345,1.2994313141553668,0.3089433291492212
5123,0.5561,2,12,2,512395,164049,52913,73343,1.299336269167406,0.3089531239468895
5124,0.5562,11,28,11,512423,164021,52924,73332,1.2991144975288302,0.3089575442484401
5125,0.5563,8,35,8,512458,163986,52932,73324,1.2988372829806107,0.3089798154312924
5126,0.5564,1,9,1,512467,163977,52933,73323,1.29876599923964,0.30898862199747157
5127,0.5565,6,41,6,512508,163936,52939,73317,1.2984412621974402,0.30902454341989355
5128,0.5566,2,5,2,512513,163931,52941,73315,1.298401660119123,0.309025231194625
5129,0.5567,126,552,126,513065,163379,53067,73189,1.2940295906729185,0.309378276013662
5130,0.5568,4,30,4,513095,163349,53071,73185,1.293791978203016,0.3094058359474748
5131,0.5569,3,13,3,513108,163336,53074,73182,1.2936890127993916,0.3094140826491007
5132,0.557,7,57,7,513165,163279,53081,73175,1.293237549106577,0.3094682263780693
5133,0.5571,8,26,8,513191,163253,53089,73167,1.2930316182993284,0.3094788934946282
5134,0.5572,3,24,3,513215,163229,53092,73164,1.2928415283234065,0.30950155038431765
5135,0.5573,7,40,7,513255,163189,53099,73157,1.2925247116968699,0.30953348057508906
5136,0.5574,3,13,3,513268,163176,53102,73154,1.2924217462932455,0.30954174247873734
5137,0.5575,67,284,67,513552,162892,53169,73087,1.290172348244836,0.30971823763979
5138,0.5576,8,11,8,513563,162881,53177,73079,1.2900852236725384,0.30970927275809457
5139,0.5577,9,45,9,513608,162836,53186,73070,1.2897288049676847,0.3097420158876841
5140,0.5578,8,32,8,513640,162804,53194,73062,1.2894753516664554,0.30976062679657096
5141,0.5579,3,19,3,513659,162785,53197,73059,1.2893248637688506,0.3097768016146266
5142,0.558,23,91,23,513750,162694,53220,73036,1.2886041059434798,0.3098290417002503
5143,0.5581,4,8,4,513758,162686,53224,73032,1.2885407426181725,0.30982784513698575
5144,0.5582,1,25,1,513783,162661,53225,73031,1.2883427322265872,0.309857780493186
5145,0.5583,71,350,71,514133,162311,53296,72960,1.2855705867443923,0.31011046835351574
5146,0.5584,1,12,1,514145,162299,53297,72959,1.2854755417564314,0.310123353934829
5147,0.5585,4,39,4,514184,162260,53301,72955,1.2851666455455582,0.3101630423229811
5148,0.5586,2,17,2,514201,162243,53303,72953,1.2850319984792802,0.31017959489106955
5149,0.5587,11,36,11,514237,162207,53314,72942,1.2847468635153974,0.3101948126507023
5150,0.5588,5,24,5,514261,162183,53319,72937,1.2845567735394754,0.3102118067369854
5151,0.5589,1,13,1,514274,162170,53320,72936,1.284453808135851,0.3102260257075532
5152,0.559,13,60,13,514334,162110,53333,72923,1.2839785831960462,0.31026706887968925
5153,0.5591,4,12,4,514346,162098,53337,72919,1.283883538208085,0.31027117187267306
5154,0.5592,26,124,26,514470,161974,53363,72893,1.2829014066658218,0.3103586285003853
5155,0.5593,10,53,10,514523,161921,53373,72883,1.282481624635661,0.31039931176640945
5156,0.5594,2,7,2,514530,161914,53375,72881,1.282426181726017,0.3104026917097894
5157,0.5595,7,25,7,514555,161889,53382,72874,1.2822281713344317,0.310415184675609
5158,0.5596,4,10,4,514565,161879,53386,72870,1.2821489671777975,0.3104166577919395
5159,0.5597,7,38,7,514603,161841,53393,72863,1.2818479913825878,0.3104463494444066
5160,0.5598,4,27,4,514630,161814,53397,72859,1.2816341401596756,0.3104703140114116
5161,0.5599,2,7,2,514637,161807,53399,72857,1.2815786972500316,0.31047369856475643
5162,0.56,647,2728,647,517365,159079,54046,72210,1.2599718033202383,0.31220680620349434
5163,0.5601,2,8,2,517373,159071,54048,72208,1.259908439994931,0.31221165778129445
5164,0.5602,3,22,3,517395,159049,54051,72205,1.2597341908503359,0.31223243706054815
5165,0.5603,10,34,10,517429,159015,54061,72195,1.2594648967177797,0.3122486051641365
5166,0.5604,2,6,2,517435,159009,54063,72193,1.2594173742237993,0.3122507590764786
5167,0.5605,7,34,7,517469,158975,54070,72186,1.2591480800912431,0.31227585968221283
5168,0.5606,0,3,0,517472,158972,54070,72186,1.259124318844253,0.31227991244084136
5169,0.5607,13,46,13,517518,158926,54083,72173,1.2587599797237359,0.3123033851293169
5170,0.5608,31,132,31,517650,158794,54114,72142,1.2577144848561652,0.31238957979700005
5171,0.5609,0,2,0,517652,158792,54114,72142,1.2576986440248383,0.3123922852416708
5172,0.561,11,67,11,517719,158725,54125,72131,1.2571679761753898,0.3124501853969574
5173,0.5611,3,17,3,517736,158708,54128,72128,1.2570333291091116,0.31246426034067476
5174,0.5612,4,19,4,517755,158689,54132,72124,1.2568828412115067,0.3124780666600235
5175,0.5613,7,39,7,517794,158650,54139,72117,1.2565739450006337,0.3125100209302023
5176,0.5614,3,18,3,517812,158632,54142,72114,1.2564313775186922,0.3125254608963969
5177,0.5615,7,30,7,517842,158602,54149,72107,1.2561937650487898,0.31254524097456104
5178,0.5616,0,8,0,517850,158594,54149,72107,1.2561304017234824,0.31255607908071487
5179,0.5617,74,300,74,518150,158294,54223,72033,1.2537542770244583,0.3127423185297425
5180,0.5618,6,24,6,518174,158270,54229,72027,1.2535641870485363,0.3127570050847384
5181,0.5619,1,19,1,518193,158251,54230,72026,1.2534136991509315,0.3127798260356006
5182,0.562,9,82,9,518275,158169,54239,72017,1.2527642250665314,0.3128643792411354
5183,0.5621,2,11,2,518286,158158,54241,72015,1.2526771004942339,0.3128733604723404
5184,0.5622,3,25,3,518311,158133,54244,72012,1.2524790901026486,0.31289839014534315
5185,0.5623,3,27,3,518338,158106,54247,72009,1.2522652388797364,0.31292614562284077
5186,0.5624,1,13,1,518351,158093,54248,72008,1.252162273476112,0.31294083902286385
5187,0.5625,56,282,56,518633,157811,54304,71952,1.2499287162590293,0.31315747095920576
5188,0.5626,4,11,4,518644,157800,54308,71948,1.2498415916867318,0.3131605062938524
5189,0.5627,8,37,8,518681,157763,54316,71940,1.2495485363071854,0.3131870284671946
5190,0.5628,7,26,7,518707,157737,54323,71933,1.2493426054999366,0.31320155005007183
5191,0.5629,4,30,4,518737,157707,54327,71929,1.2491049930300342,0.31323050392795554
5192,0.563,15,50,15,518787,157657,54342,71914,1.2487089722468636,0.31325385174956766
5193,0.5631,2,7,2,518794,157650,54344,71912,1.2486535293372196,0.313257420653244
5194,0.5632,4,23,4,518817,157627,54348,71908,1.248471359776961,0.31327684231163005
5195,0.5633,131,546,131,519363,157081,54479,71777,1.244146812824737,0.3136311599332337
5196,0.5634,0,11,0,519374,157070,54479,71777,1.2440596882524395,0.31364623525761753
5197,0.5635,5,28,5,519402,157042,54484,71772,1.243837916613864,0.3136696181177725
5198,0.5636,1,11,1,519413,157031,54485,71771,1.2437507920415662,0.3136816985865508
5199,0.5637,3,34,3,519447,156997,54488,71768,1.2434814979090103,0.31371931895176275
5200,0.5638,10,24,10,519471,156973,54498,71758,1.2432914079330883,0.3137222326663198
5201,0.5639,2,17,2,519488,156956,54500,71756,1.2431567608668104,0.31373955017664135
5202,0.564,21,105,21,519593,156851,54521,71735,1.2423251172221519,0.31382061893554286
5203,0.5641,1,6,1,519599,156845,54522,71734,1.2422775947281712,0.3138258545185691
5204,0.5642,29,114,29,519713,156731,54551,71705,1.241374667342542,0.31389535799961477
5205,0.5643,16,54,16,519767,156677,54567,71689,1.2409469648967177,0.313921511958873
5206,0.5644,4,6,4,519773,156671,54571,71685,1.2408994424027373,0.3139177424722801
5207,0.5645,8,16,8,519789,156655,54579,71677,1.2407727157521227,0.31391570169752814
5208,0.5646,3,4,3,519793,156651,54582,71674,1.2407410340894691,0.31391218657615244
5209,0.5647,5,38,5,519831,156613,54587,71669,1.2404400582942592,0.31394941344477445
5210,0.5648,5,33,5,519864,156580,54592,71664,1.2401786845773666,0.3139797760291618
5211,0.5649,1,7,1,519871,156573,54593,71663,1.2401232416677228,0.31398640004206174
5212,0.565,248,959,248,520830,155614,54841,71415,1.2325275630465087,0.3145633377233745
5213,0.5651,1,5,1,520835,155609,54842,71414,1.2324879609681916,0.3145672464904437
5214,0.5652,3,16,3,520851,155593,54845,71411,1.232361234317577,0.31458035981744814
5215,0.5653,1,17,1,520868,155576,54846,71410,1.232226587251299,0.3146009004960658
5216,0.5654,0,18,0,520886,155558,54846,71410,1.2320840197693574,0.31462585034013607
5217,0.5655,5,29,5,520915,155529,54851,71405,1.2318543277151184,0.3146509557845012
5218,0.5656,6,10,6,520925,155519,54857,71399,1.2317751235584844,0.31464670057025007
5219,0.5657,10,44,10,520969,155475,54867,71389,1.231426625269294,0.31467751604485505
5220,0.5658,18,123,18,521092,155352,54885,71371,1.2304524141426942,0.31479382329979755
5221,0.5659,0,10,0,521102,155342,54885,71371,1.23037320998606,0.3148077084243074
5222,0.566,32,128,32,521230,155214,54917,71339,1.2293593967811431,0.3148887898196007
5223,0.5661,1,9,1,521239,155205,54918,71338,1.2292881130401723,0.31489827538259846
5224,0.5662,8,24,8,521263,155181,54926,71330,1.2290980230642503,0.31490744378860186
5225,0.5663,9,28,9,521291,155153,54935,71321,1.2288762514256748,0.3149191518673225
5226,0.5664,1,9,1,521300,155144,54936,71320,1.2288049676847042,0.3149286420799774
5227,0.5665,4,33,4,521333,155111,54940,71316,1.2285435939678113,0.3149624382251233
5228,0.5666,1,8,1,521341,155103,54941,71315,1.2284802306425042,0.3149705412113878
5229,0.5667,140,542,140,521883,154561,55081,71175,1.2241873653529338,0.31530194563560976
5230,0.5668,6,38,6,521921,154523,55087,71169,1.2238863895577239,0.3153368307250589
5231,0.5669,1,6,1,521927,154517,55088,71168,1.2238388670637435,0.31534218047278284
5232,0.567,15,40,15,521967,154477,55103,71153,1.2235220504372069,0.315352568364136
5233,0.5671,1,19,1,521986,154458,55104,71152,1.223371562539602,0.3153760914853065
5234,0.5672,4,20,4,522006,154438,55108,71148,1.2232131542263338,0.3153919126186909
5235,0.5673,10,49,10,522055,154389,55118,71138,1.2228250538588266,0.31543008154234303
5236,0.5674,2,15,2,522070,154374,55120,71136,1.2227062476238753,0.31544499135293336
5237,0.5675,59,288,59,522358,154086,55179,71077,1.220425167912812,0.3156690930570298
5238,0.5676,3,10,3,522368,154076,55182,71074,1.220345963756178,0.3156739951143682
5239,0.5677,4,38,4,522406,154038,55186,71070,1.2200449879609683,0.3157151234074311
5240,0.5678,3,20,3,522426,154018,55189,71067,1.2198865796476999,0.3157340560232801
5241,0.5679,1,4,1,522430,154014,55190,71066,1.2198548979850463,0.31573662697707483
5242,0.568,29,106,29,522536,153908,55219,71037,1.2190153339247243,0.3157971948698571
5243,0.5681,0,15,0,522551,153893,55219,71037,1.2188965276897732,0.3158182545680879
5244,0.5682,3,18,3,522569,153875,55222,71034,1.2187539602078317,0.3158344041367842
5245,0.5683,76,286,76,522855,153589,55298,70958,1.2164887213280953,0.31600511251541996
5246,0.5684,1,2,1,522857,153587,55299,70957,1.2164728804967684,0.3160048810032777
5247,0.5685,7,42,7,522899,153545,55306,70950,1.2161402230389051,0.3160426735562039
5248,0.5686,6,12,6,522911,153533,55312,70944,1.216045178050944,0.31604128708063634
5249,0.5687,11,37,11,522948,153496,55323,70933,1.2157521226713979,0.31605986748593096
5250,0.5688,8,33,8,522981,153463,55331,70925,1.215490748954505,0.3160819651674778
5251,0.5689,2,12,2,522993,153451,55333,70923,1.2153957039665442,0.3160927736725289
5252,0.569,16,69,16,523062,153382,55349,70907,1.2148491952857685,0.3161412285042958
5253,0.5691,0,7,0,523069,153375,55349,70907,1.2147937523761247,0.31615109549584897
5254,0.5692,36,134,36,523203,153241,55385,70871,1.2137324166772272,0.3162302777182837
5255,0.5693,13,44,13,523247,153197,55398,70858,1.213383918388037,0.31625270580884157
5256,0.5694,3,21,3,523268,153176,55401,70855,1.2132175896591053,0.3162731943347126
5257,0.5695,8,25,8,523293,153151,55409,70847,1.21301957926752,0.3162840739649461
5258,0.5696,1,11,1,523304,153140,55410,70846,1.2129324546952225,0.3162965542489263
5259,0.5697,8,35,8,523339,153105,55418,70838,1.212655240147003,0.3163215639694029
5260,0.5698,8,33,8,523372,153072,55426,70830,1.2123938664301102,0.31634375753677946
5261,0.5699,2,5,2,523377,153067,55428,70828,1.2123542643517933,0.31634471515665824
5262,0.57,703,2549,703,525926,150518,56131,70125,1.1921651248257508,0.3178210956159951
5263,0.5701,2,8,2,525934,150510,56133,70123,1.1921017615004434,0.31782643575530406
5264,0.5702,9,32,9,525966,150478,56142,70114,1.1918483081992144,0.31784470878363674
5265,0.5703,2,21,2,525987,150457,56144,70112,1.1916819794702826,0.3178687848247034
5266,0.5704,3,7,3,525994,150450,56147,70109,1.1916265365606387,0.3178695949836552
5267,0.5705,5,23,5,526017,150427,56152,70104,1.1914443670003803,0.31788728115321657
5268,0.5706,6,15,6,526032,150412,56158,70098,1.191325560765429,0.31789034510906533
5269,0.5707,9,49,9,526081,150363,56167,70089,1.1909374603979217,0.3179331555168472
5270,0.5708,24,125,24,526206,150238,56191,70065,1.189947408439995,0.31803924594762667
5271,0.5709,0,2,0,526208,150236,56191,70065,1.1899315676086681,0.31804213326312636
5272,0.571,16,63,16,526271,150173,56207,70049,1.189432581421873,0.3180835702155098
5273,0.5711,3,7,3,526278,150166,56210,70046,1.1893771385122291,0.31808439140464645
5274,0.5712,4,31,4,526309,150135,56214,70042,1.1891316056266632,0.3181167878570423
5275,0.5713,8,35,8,526344,150100,56222,70034,1.1888543910784437,0.3181425858795098
5276,0.5714,2,12,2,526356,150088,56224,70032,1.1887593460904828,0.3181537343267309
5277,0.5715,11,30,11,526386,150058,56235,70021,1.1885217336205804,0.3181630232780047
5278,0.5716,1,7,1,526393,150051,56236,70020,1.1884662907109365,0.3181700451218016
5279,0.5717,61,302,61,526695,149749,56297,69959,1.1860743251805854,0.31841808218180495
5280,0.5718,4,23,4,526718,149726,56301,69955,1.185892155620327,0.3184390092907443
5281,0.5719,2,10,2,526728,149716,56303,69953,1.1858129514636928,0.3184473002562947
5282,0.572,10,82,10,526810,149634,56313,69943,1.185163477379293,0.3185351835574764
5283,0.5721,1,10,1,526820,149624,56314,69942,1.1850842732226587,0.3185465873586985
5284,0.5722,9,26,9,526846,149598,56323,69933,1.18487834241541,0.3185563770037034
5285,0.5723,13,52,13,526898,149546,56336,69920,1.1844664808009124,0.3185914902536156
5286,0.5724,5,11,5,526909,149535,56341,69915,1.184379356228615,0.3185919343814081
5287,0.5725,54,278,54,527187,149257,56395,69861,1.1821774806741858,0.31882821128341804
5288,0.5726,1,14,1,527201,149243,56396,69860,1.182066594854898,0.3188454745028594
5289,0.5727,16,44,16,527245,149199,56412,69844,1.1817180965657077,0.3188597672603096
5290,0.5728,6,14,6,527259,149185,56418,69838,1.18160721074642,0.31886148943261666
5291,0.5729,7,17,7,527276,149168,56425,69831,1.181472563680142,0.31886446970077487
5292,0.573,16,64,16,527340,149104,56441,69815,1.1809656570776834,0.31890790657731855
5293,0.5731,0,8,0,527348,149096,56441,69815,1.180902293752376,0.3189195609174505
5294,0.5732,8,28,8,527376,149068,56449,69807,1.1806805221138006,0.31893546544831525
5295,0.5733,138,476,138,527852,148592,56587,69669,1.1769104042580154,0.3192004068523465
5296,0.5734,1,3,1,527855,148589,56588,69668,1.1768866430110252,0.31920167508945874
5297,0.5735,4,44,4,527899,148545,56592,69664,1.176538144721835,0.3192535596606923
5298,0.5736,0,14,0,527913,148531,56592,69664,1.1764272589025473,0.31927404385985014
5299,0.5737,7,34,7,527947,148497,56599,69657,1.1761579647699911,0.3193019610000275
5300,0.5738,2,28,2,527975,148469,56601,69655,1.1759361931314156,0.31933670756083693
5301,0.5739,0,10,0,527985,148459,56601,69655,1.1758569889747814,0.319351348377454
5302,0.574,30,102,30,528087,148357,56631,69625,1.1750491065771131,0.31940710700883557
5303,0.5741,1,1,1,528088,148356,56632,69624,1.1750411861614498,0.3194054500412882
5304,0.5742,33,123,33,528211,148233,56665,69591,1.1740669750348498,0.3194827016306743
5305,0.5743,7,46,7,528257,148187,56672,69584,1.1737026359143328,0.3195283118505219
5306,0.5744,2,11,2,528268,148176,56674,69582,1.1736155113420352,0.31953820295924834
5307,0.5745,5,21,5,528289,148155,56679,69577,1.1734491826131035,0.3195533959179174
5308,0.5746,6,14,6,528303,148141,56685,69571,1.1733382967938157,0.31955519218049533
5309,0.5747,13,36,13,528339,148105,56698,69558,1.173053161829933,0.31956740465765887
5310,0.5748,6,27,6,528366,148078,56704,69552,1.1728393106070207,0.31958829205532324
5311,0.5749,4,6,4,528372,148072,56708,69548,1.17279178811304,0.31958459700395186
5312,0.575,226,941,226,529313,147131,56934,69322,1.1653386769737675,0.32026352141111464
5313,0.5751,4,10,4,529323,147121,56938,69318,1.1652594728171335,0.3202657561714848
5314,0.5752,1,26,1,529349,147095,56939,69317,1.1650535420098846,0.32030109236086723
5315,0.5753,14,47,14,529396,147048,56953,69303,1.1646812824737043,0.32032669134878045
5316,0.5754,0,6,0,529402,147042,56953,69303,1.1646337599797236,0.3203355751230673
5317,0.5755,4,28,4,529430,147014,56957,69299,1.1644119883411481,0.32036447185328665
5318,0.5756,1,7,1,529437,147007,56958,69298,1.1643565454315044,0.32037169737176674
5319,0.5757,8,42,8,529479,146965,56966,69290,1.1640238879736409,0.3204087766756838
5320,0.5758,26,122,26,529601,146843,56992,69264,1.1630575972627044,0.32050789655124545
5321,0.5759,0,8,0,529609,146835,56992,69264,1.162994233937397,0.32051976177585273
5322,0.576,33,101,33,529710,146734,57025,69231,1.1621942719553922,0.3205658324265506
5323,0.5761,2,8,2,529718,146726,57027,69229,1.1621309086300848,0.320571415341159
5324,0.5762,2,12,2,529730,146714,57029,69227,1.162035863642124,0.3205829370059414
5325,0.5763,7,27,7,529757,146687,57036,69220,1.1618220124192118,0.32060099950441623
5326,0.5764,6,9,6,529766,146678,57042,69214,1.1617507286782411,0.3205954829266485
5327,0.5765,14,50,14,529816,146628,57056,69200,1.1613547078950703,0.3206256834145709
5328,0.5766,2,8,2,529824,146620,57058,69198,1.161291344569763,0.3206312726463965
5329,0.5767,126,516,126,530340,146104,57184,69072,1.1572044100874415,0.3210023422686545
5330,0.5768,9,28,9,530368,146076,57193,69063,1.1569826384488657,0.32101571542119284
5331,0.5769,3,13,3,530381,146063,57196,69060,1.1568796730452413,0.3210256457933368
5332,0.577,9,55,9,530436,146008,57205,69051,1.1564440501837536,0.3210793317182727
5333,0.5771,5,11,5,530447,145997,57210,69046,1.156356925611456,0.3210799700525011
5334,0.5772,3,13,3,530460,145984,57213,69043,1.1562539602078317,0.3210899096392546
5335,0.5773,12,49,12,530509,145935,57225,69031,1.1558658598403244,0.3211252011946075
5336,0.5774,2,9,2,530518,145926,57227,69029,1.1557945760993538,0.32113233002256286
5337,0.5775,62,273,62,530791,145653,57289,68967,1.1536323026232416,0.32134470226446743
5338,0.5776,1,11,1,530802,145642,57290,68966,1.153545178050944,0.32135801088496235
5339,0.5777,8,58,8,530860,145584,57298,68958,1.1530857939424661,0.32141958217971306
5340,0.5778,5,11,5,530871,145573,57303,68953,1.1529986693701686,0.32142024742921604
5341,0.5779,3,12,3,530883,145561,57306,68950,1.1529036243822075,0.3214287379201999
5342,0.578,14,85,14,530968,145476,57320,68936,1.1522303890508174,0.3215118556797194
5343,0.5781,2,8,2,530976,145468,57322,68934,1.15216702572551,0.32151752315743326
5344,0.5782,5,26,5,531002,145442,57327,68929,1.1519610949182613,0.32154069347066533
5345,0.5783,69,296,69,531298,145146,57396,68860,1.1496166518818907,0.32176667943889425
5346,0.5784,0,5,0,531303,145141,57396,68860,1.1495770498035738,0.321774197316835
5347,0.5785,6,40,6,531343,145101,57402,68854,1.1492602331770372,0.32181533500035053
5348,0.5786,2,23,2,531366,145078,57404,68852,1.1490780636167786,0.32184359369887344
5349,0.5787,8,28,8,531394,145050,57412,68844,1.148856291978203,0.3218603607394317
5350,0.5788,4,21,4,531415,145029,57416,68840,1.1486899632492713,0.3218792812422558
5351,0.5789,1,12,1,531427,145017,57417,68839,1.1485949182613104,0.3218941717791411
5352,0.579,14,55,14,531482,144962,57431,68825,1.1481592953998225,0.32193257775262296
5353,0.5791,0,3,0,531485,144959,57431,68825,1.1481355341528323,0.3219370953859971
5354,0.5792,23,132,23,531617,144827,57454,68802,1.1470900392852617,0.32206301578905483
5355,0.5793,12,36,12,531653,144791,57466,68790,1.1468049043213788,0.3220792111657872
5356,0.5794,2,10,2,531663,144781,57468,68788,1.1467257001647446,0.3220879434749425
5357,0.5795,4,31,4,531694,144750,57472,68784,1.146480167279179,0.3221220039899969
5358,0.5796,5,10,5,531704,144740,57477,68779,1.1464009631225447,0.32212121637887026
5359,0.5797,5,26,5,531730,144714,57482,68774,1.1461950323152958,0.3221445701866147
5360,0.5798,3,22,3,531752,144692,57485,68771,1.1460207831707008,0.32216824461382065
5361,0.5799,2,6,2,531758,144686,57487,68769,1.1459732606767203,0.32217094938043145
5362,0.58,683,2644,683,534402,142042,58170,68086,1.1250316816626535,0.32402154877027334
5363,0.5801,4,5,4,534407,142037,58174,68082,1.1249920795843367,0.3240163907119299
5364,0.5802,7,28,7,534435,142009,58181,68075,1.124770307945761,0.3240370518459283
5365,0.5803,4,32,4,534467,141977,58185,68071,1.1245168546445317,0.3240735450944546
5366,0.5804,1,8,1,534475,141969,58186,68070,1.1244534913192243,0.3240826703612186
5367,0.5805,4,26,4,534501,141943,58190,68066,1.1242475605119757,0.3241099190987053
5368,0.5806,1,14,1,534515,141929,58191,68065,1.124136674692688,0.32412830842785983
5369,0.5807,11,47,11,534562,141882,58202,68054,1.1237644151565074,0.324165459949699
5370,0.5808,23,110,23,534672,141772,58225,68031,1.1228931694335318,0.3242613308675281
5371,0.5809,3,6,3,534678,141766,58228,68028,1.1228456469395514,0.32426094168565356
5372,0.581,10,58,10,534736,141708,58238,68018,1.1223862628310735,0.32431839638385324
5373,0.5811,0,7,0,534743,141701,58238,68018,1.1223308199214295,0.3243292214820784
5374,0.5812,4,26,4,534769,141675,58242,68014,1.1221248891141806,0.32435654707686146
5375,0.5813,3,36,3,534805,141639,58245,68011,1.1218397541502978,0.3244025757214405
5376,0.5814,0,13,0,534818,141626,58245,68011,1.1217367887466734,0.32442269255904255
5377,0.5815,5,24,5,534842,141602,58250,68006,1.1215466987707514,0.32444372352200296
5378,0.5816,2,0,2,534842,141602,58252,68004,1.1215466987707514,0.3244372775588485
5379,0.5817,81,278,81,535120,141324,58333,67923,1.1193448232163223,0.3246068043986294
5380,0.5818,9,23,9,535143,141301,58342,67914,1.119162653656064,0.3246134359391057
5381,0.5819,4,7,4,535150,141294,58346,67910,1.11910721074642,0.32461138410355445
5382,0.582,16,67,16,535217,141227,58362,67894,1.1185765428969712,0.32466371143978845
5383,0.5821,3,14,3,535231,141213,58365,67891,1.1184656570776834,0.3246757594307139
5384,0.5822,1,22,1,535253,141191,58366,67890,1.1182914079330883,0.3247066926215199
5385,0.5823,6,41,6,535294,141150,58372,67884,1.1179666708908884,0.32475099744539165
5386,0.5824,0,13,0,535307,141137,58372,67884,1.117863705487264,0.3247711952387559
5387,0.5825,61,228,61,535535,140909,58433,67823,1.1160578507160055,0.32492861659927563
5388,0.5826,1,5,1,535540,140904,58434,67822,1.1160182486376886,0.324933165968782
5389,0.5827,17,50,17,535590,140854,58451,67805,1.1156222278545178,0.3249560287358801
5390,0.5828,5,21,5,535611,140833,58456,67800,1.115455899125586,0.32497255947045767
5391,0.5829,6,21,6,535632,140812,58462,67794,1.1152895703966543,0.32498585850838424
5392,0.583,10,51,10,535683,140761,58472,67784,1.1148856291978202,0.32503296650602986
5393,0.5831,4,8,4,535691,140753,58476,67780,1.114822265872513,0.325032488862674
5394,0.5832,4,24,4,535715,140729,58480,67776,1.1146321758965911,0.3250569530706698
5395,0.5833,124,470,124,536185,140259,58604,67652,1.1109095805347864,0.32538922904512024
5396,0.5834,1,0,1,536185,140259,58605,67651,1.1109095805347864,0.32538598432013854
5397,0.5835,3,35,3,536220,140224,58608,67648,1.110632365986567,0.3254310344827586
5398,0.5836,4,8,4,536228,140216,58612,67644,1.1105690026612596,0.32543057827383814
5399,0.5837,11,21,11,536249,140195,58623,67633,1.110402673932328,0.3254277575687588
5400,0.5838,1,37,1,536286,140158,58624,67632,1.1101096185527817,0.32548245825111893
5401,0.5839,2,13,2,536299,140145,58626,67630,1.1100066531491573,0.32549633016484175
5402,0.584,23,97,23,536396,140048,58649,67607,1.109238372829806,0.3255736678625605
5403,0.5841,0,4,0,536400,140044,58649,67607,1.1092066911671525,0.32557993941758046
5404,0.5842,21,112,21,536512,139932,58670,67586,1.10831960461285,0.32568741024874953
5405,0.5843,8,50,8,536562,139882,58678,67578,1.1079235838296795,0.3257399016677914
5406,0.5844,0,12,0,536574,139870,58678,67578,1.1078285388417184,0.3257587443600324
5407,0.5845,5,17,5,536591,139853,58683,67573,1.1076938917754404,0.32576918997618426
5408,0.5846,2,2,2,536593,139851,58685,67571,1.1076780509441135,0.3257658300469574
5409,0.5847,7,40,7,536633,139811,58692,67564,1.107361234317577,0.3258059071729958
5410,0.5848,3,18,3,536651,139793,58695,67561,1.1072186668356356,0.32582443550642864
5411,0.5849,3,8,3,536659,139785,58698,67558,1.1071553035103283,0.3258272524271376
5412,0.585,232,940,232,537599,138845,58930,67326,1.099710112786719,0.3265541710521848
5413,0.5851,1,6,1,537605,138839,58931,67325,1.0996625902927386,0.3265604082186997
5414,0.5852,12,24,12,537629,138815,58943,67313,1.0994725003168166,0.32655922533571374
5415,0.5853,4,40,4,537669,138775,58947,67309,1.09915568369028,0.326609537858349
5416,0.5854,1,10,1,537679,138765,58948,67308,1.0990764795336458,0.326622119346057
5417,0.5855,6,36,6,537715,138729,58954,67302,1.098791344569763,0.32665958035441267
5418,0.5856,1,4,1,537719,138725,58955,67301,1.0987596629071095,0.32666265422810714
5419,0.5857,7,37,7,537756,138688,58962,67294,1.098466607527563,0.32669844937907194
5420,0.5858,26,122,26,537878,138566,58988,67268,1.0975003168166266,0.3268070386816561
5421,0.5859,1,7,1,537885,138559,58989,67267,1.0974448739069826,0.3268148824735456
5422,0.586,31,91,31,537976,138468,59020,67236,1.096724116081612,0.326858009567145
5423,0.5861,1,7,1,537983,138461,59021,67235,1.0966686731719681,0.32686586029869324
5424,0.5862,5,16,5,537999,138445,59026,67230,1.0965419465213535,0.32687492403063084
5425,0.5863,8,43,8,538042,138402,59034,67222,1.0962013686478267,0.3269170913901101
5426,0.5864,4,7,4,538049,138395,59038,67218,1.0961459257381827,0.3269151269618166
5427,0.5865,5,26,5,538075,138369,59043,67213,1.095939994930934,0.3269401017598817
5428,0.5866,2,0,2,538075,138369,59045,67211,1.095939994930934,0.32693355384765055
5429,0.5867,129,476,129,538551,137893,59174,67082,1.092169877075149,0.32726917916819126
5430,0.5868,4,22,4,538573,137871,59178,67078,1.0919956279305538,0.32729117975691513
5431,0.5869,6,3,6,538576,137868,59184,67072,1.0919718666835636,0.3272762759832146
5432,0.587,13,41,13,538617,137827,59197,67059,1.0916471296413637,0.32729908339271596
5433,0.5871,4,15,4,538632,137812,59201,67055,1.0915283234064124,0.32730991326079845
5434,0.5872,10,30,10,538662,137782,59211,67045,1.09129071093651,0.3273250108628257
5435,0.5873,4,49,4,538711,137733,59215,67041,1.0909026105690027,0.32739019602097924
5436,0.5874,3,6,3,538717,137727,59218,67038,1.090855088075022,0.32738993480331113
5437,0.5875,74,248,74,538965,137479,59292,66964,1.0888908249904956,0.32754361851469604
5438,0.5876,6,8,6,538973,137471,59298,66958,1.0888274616651883,0.32753669978329886
5439,0.5877,9,28,9,539001,137443,59307,66949,1.0886056900266126,0.32755195898078204
5440,0.5878,6,18,6,539019,137425,59313,66943,1.088463122544671,0.32756106631175136
5441,0.5879,3,12,3,539031,137413,59316,66940,1.0883680775567102,0.3275704295997612
5442,0.588,13,72,13,539103,137341,59329,66927,1.0877978076289443,0.3276430963244365
5443,0.5881,2,5,2,539108,137336,59331,66925,1.0877582055506272,0.3276445332197532
5444,0.5882,3,30,3,539138,137306,59334,66922,1.0875205930807248,0.32768278590594824
5445,0.5883,67,290,67,539428,137016,59401,66855,1.0852236725383348,0.32792795444177936
5446,0.5884,2,5,2,539433,137011,59403,66853,1.0851840704600177,0.3279294039163364
5447,0.5885,9,30,9,539463,136981,59412,66844,1.0849464579901154,0.32794799460321356
5448,0.5886,3,16,3,539479,136965,59415,66841,1.0848197313395007,0.32796384797307243
5449,0.5887,6,37,6,539516,136928,59421,66835,1.0845266759599543,0.32800361203947725
5450,0.5888,6,18,6,539534,136910,59427,66829,1.084384108478013,0.32801280069108024
5451,0.5889,1,8,1,539542,136902,59428,66828,1.0843207451527057,0.32802238256515975
5452,0.589,22,64,22,539606,136838,59450,66806,1.0838138385502472,0.3280528765885565
5453,0.5891,5,14,5,539620,136824,59455,66801,1.0837029527309594,0.3280589318600368
5454,0.5892,26,109,26,539729,136715,59481,66775,1.0828396274236471,0.3281488033810015
5455,0.5893,15,44,15,539773,136671,59496,66760,1.082491129134457,0.32817023954067964
5456,0.5894,1,6,1,539779,136665,59497,66759,1.0824436066404766,0.3281766163284568
5457,0.5895,5,32,5,539811,136633,59502,66754,1.0821901533392473,0.32821173427996875
5458,0.5896,1,13,1,539824,136620,59503,66753,1.0820871879356229,0.3282294109837589
5459,0.5897,7,18,7,539842,136602,59510,66746,1.0819446204536813,0.32823534040167596
5460,0.5898,4,26,4,539868,136576,59514,66742,1.0817386896464327,0.32826409860415706
5461,0.5899,2,9,2,539877,136567,59516,66740,1.0816674059054618,0.3282720221143394
5462,0.59,751,2470,751,542347,134097,60267,65989,1.0621039792168292,0.3298031846306088
5463,0.5901,1,8,1,542355,134089,60268,65988,1.0620406158915219,0.32981302198653517
5464,0.5902,9,31,9,542386,134058,60277,65979,1.0617950830059562,0.329833980713568
5465,0.5903,10,31,10,542417,134027,60287,65969,1.0615495501203904,0.3298515970319406
5466,0.5904,3,10,3,542427,134017,60290,65966,1.0614703459637562,0.3298580379332243
5467,0.5905,3,34,3,542461,133983,60293,65963,1.0612010518312,0.329904074100007
5468,0.5906,3,13,3,542474,133970,60296,65960,1.0610980864275756,0.32991547041464514
5469,0.5907,11,65,11,542539,133905,60307,65949,1.0605832594094537,0.3299858896994806
5470,0.5908,16,105,16,542644,133800,60323,65933,1.0597516157647953,0.33010569109761534
5471,0.5909,0,2,0,542646,133798,60323,65933,1.0597357749334686,0.3301089966004276
5472,0.591,7,64,7,542710,133734,60330,65926,1.05922886833101,0.33019132525293
5473,0.5911,0,9,0,542719,133725,60330,65926,1.0591575845900394,0.3302062098361641
5474,0.5912,3,27,3,542746,133698,60333,65923,1.0589437333671272,0.3302408063279915
5475,0.5913,10,31,10,542777,133667,60343,65913,1.0586982004815613,0.33025854294017437
5476,0.5914,0,3,0,542780,133664,60343,65913,1.058674439234571,0.33026350731797754
5477,0.5915,7,26,7,542806,133638,60350,65906,1.0584685084273222,0.33028304534338293
5478,0.5916,1,5,1,542811,133633,60351,65905,1.058428906349005,0.3302879651996111
5479,0.5917,69,270,69,543081,133363,60420,65836,1.0562903941198833,0.3305036671870843
5480,0.5918,6,24,6,543105,133339,60426,65830,1.0561003041439614,0.33052332441293575
5481,0.5919,0,7,0,543112,133332,60426,65830,1.0560448612343176,0.3305349414044848
5482,0.592,21,68,21,543180,133264,60447,65809,1.0555062729692055,0.330577225439914
5483,0.5921,3,14,3,543194,133250,60450,65806,1.0553953871499175,0.3305903866248694
5484,0.5922,6,29,6,543223,133221,60456,65800,1.0551656950956787,0.3306183769551957
5485,0.5923,12,33,12,543256,133188,60468,65788,1.0549043213787859,0.3306328401415246
5486,0.5924,1,15,1,543271,133173,60469,65787,1.0547855151438348,0.33065440289505427
5487,0.5925,70,230,70,543501,132943,60539,65717,1.0529638195412496,0.3308013691734622
5488,0.5926,1,11,1,543512,132932,60540,65716,1.0528766949689519,0.3308163183117877
5489,0.5927,11,52,11,543564,132880,60551,65705,1.0524648333544544,0.330865876073218
5490,0.5928,5,21,5,543585,132859,60556,65700,1.0522985046255227,0.3308840193594851
5491,0.5929,1,13,1,543598,132846,60557,65699,1.0521955392218985,0.33090231433680023
5492,0.593,17,33,17,543631,132813,60574,65682,1.0519341655050056,0.33090002267059626
5493,0.5931,5,7,5,543638,132806,60579,65677,1.0518787225953619,0.33089483734123326
5494,0.5932,4,26,4,543664,132780,60583,65673,1.051672791788113,0.3309247025744131
5495,0.5933,157,474,157,544138,132306,60740,65516,1.0479185147636547,0.3311866223170325
5496,0.5934,0,10,0,544148,132296,60740,65516,1.0478393106070207,0.3312033648110327
5497,0.5935,4,30,4,544178,132266,60744,65512,1.0476016981371183,0.33124007725834015
5498,0.5936,3,10,3,544188,132256,60747,65509,1.0475224939804841,0.3312466816676358
5499,0.5937,4,19,4,544207,132237,60751,65505,1.0473720060828793,0.3312649816427466
5500,0.5938,9,28,9,544235,132209,60760,65496,1.0471502344443036,0.33128145469259757
5501,0.5939,3,5,3,544240,132204,60763,65493,1.0471106323659867,0.3312796855794473
5502,0.594,35,127,35,544367,132077,60798,65458,1.046104739576733,0.33137418685296277
5503,0.5941,3,10,3,544377,132067,60801,65455,1.046025535420099,0.3313808082137686
5504,0.5942,26,107,26,544484,131960,60827,65429,1.0451780509441135,0.33147237181403216
5505,0.5943,11,45,11,544529,131915,60838,65418,1.0448216322392598,0.33151069511941744
5506,0.5944,1,5,1,544534,131910,60839,65417,1.044782030160943,0.33151570742979924
5507,0.5945,5,22,5,544556,131888,60844,65412,1.0446077810163477,0.33153573238722756
5508,0.5946,5,13,5,544569,131875,60849,65407,1.0445048156127235,0.3315406372603684
5509,0.5947,7,38,7,544607,131837,60856,65400,1.0442038398175135,0.3315807885944321
5510,0.5948,12,19,12,544626,131818,60868,65388,1.0440533519199087,0.3315720617019766
5511,0.5949,2,10,2,544636,131808,60870,65386,1.0439741477632747,0.3315820968183616
5512,0.595,230,831,230,545467,130977,61100,65156,1.0373922823469777,0.33220314786394944
5513,0.5951,1,6,1,545473,130971,61101,65155,1.037344759852997,0.3322099058768343
5514,0.5952,1,19,1,545492,130952,61102,65154,1.0371942719553922,0.332238687240574
5515,0.5953,10,29,10,545521,130923,61112,65144,1.0369645799011533,0.332253770394814
5516,0.5954,2,11,2,545532,130912,61114,65142,1.0368774553288556,0.3322656002937966
5517,0.5955,6,29,6,545561,130883,61120,65136,1.0366477632746167,0.33229431840790946
5518,0.5956,0,12,0,545573,130871,61120,65136,1.0365527182866556,0.3323146622314509
5519,0.5957,12,44,12,545617,130827,61132,65124,1.0362042199974655,0.33234839322075416
5520,0.5958,31,101,31,545718,130726,61163,65093,1.0354042580154605,0.3324141171183593
5521,0.5959,1,5,1,545723,130721,61164,65092,1.0353646559371437,0.33241919586544305
5522,0.596,31,119,31,545842,130602,61195,65061,1.0344221264731974,0.3325156008034222
5523,0.5961,3,10,3,545852,130592,61198,65058,1.0343429223165632,0.33252236135957064
5524,0.5962,7,17,7,545869,130575,61205,65051,1.034208275250285,0.33252737366198765
5525,0.5963,10,28,10,545897,130547,61215,65041,1.0339865036117095,0.3325408511769638
5526,0.5964,4,5,4,545902,130542,61219,65037,1.0339469015333924,0.3325357016857638
5527,0.5965,4,43,4,545945,130499,61223,65033,1.0336063236598656,0.33259517623713764
5528,0.5966,3,11,3,545956,130488,61226,65030,1.033519199087568,0.3326036477459876
5529,0.5967,127,475,127,546431,130013,61353,64903,1.0297570016474464,0.3329793346877629
5530,0.5968,8,24,8,546455,129989,61361,64895,1.0295669116715245,0.33299295991461586
5531,0.5969,2,9,2,546464,129980,61363,64893,1.0294956279305538,0.3330014932802389
5532,0.597,5,31,5,546495,129949,61368,64888,1.0292500950449879,0.3330373594337831
5533,0.5971,3,16,3,546511,129933,61371,64885,1.0291233683943732,0.3330544405547742
5534,0.5972,5,22,5,546533,129911,61376,64880,1.0289491192497782,0.3330749367270562
5535,0.5973,12,54,12,546587,129857,61388,64868,1.0285214168039538,0.33312620362049045
5536,0.5974,3,10,3,546597,129847,61391,64865,1.0284422126473198,0.33313303751181234
5537,0.5975,78,249,78,546846,129598,61469,64787,1.0264700291471296,0.33329217789438487
5538,0.5976,0,10,0,546856,129588,61469,64787,1.0263908249904956,0.33330932475884245
5539,0.5977,10,27,10,546883,129561,61479,64777,1.0261769737675834,0.3333213267605924
5540,0.5978,5,19,5,546902,129542,61484,64772,1.0260264858699784,0.3333367642063876
5541,0.5979,5,18,5,546920,129524,61489,64767,1.025883918388037,0.3333504897293235
5542,0.598,13,79,13,546999,129445,61502,64754,1.0252582055506272,0.3334414698324914
5543,0.5981,1,8,1,547007,129437,61503,64753,1.02519484222532,0.33345177403573817
5544,0.5982,4,18,4,547025,129419,61507,64749,1.0250522747433786,0.33346895471962423
5545,0.5983,69,247,69,547272,129172,61576,64680,1.0230959320745152,0.3336566040071807
5546,0.5984,0,7,0,547279,129165,61576,64680,1.0230404891648714,0.33366865278959995
5547,0.5985,6,29,6,547308,129136,61582,64674,1.0228107971106324,0.33369795160208454
5548,0.5986,4,19,4,547327,129117,61586,64670,1.0226603092130275,0.333716915995397
5549,0.5987,9,30,9,547357,129087,61595,64661,1.0224226967431251,0.33373763858207567
5550,0.5988,2,23,2,547380,129064,61597,64659,1.0222405271828665,0.33377038348569865
5551,0.5989,2,12,2,547392,129052,61599,64657,1.0221454821949056,0.33378418142677935
5552,0.599,14,67,14,547459,128985,61613,64643,1.0216148143454569,0.3338515090792654
5553,0.5991,3,4,3,547463,128981,61616,64640,1.021583132682803,0.3338480846602383
5554,0.5992,30,90,30,547553,128891,61646,64610,1.020870295273096,0.3339000832037044
5555,0.5993,11,42,11,547595,128849,61657,64599,1.0205376378152324,0.3339347007981473
5556,0.5994,0,7,0,547602,128842,61657,64599,1.0204821949055887,0.33394678480777085
5557,0.5995,4,29,4,547631,128813,61661,64595,1.0202525028513496,0.3339830823957644
5558,0.5996,1,8,1,547639,128805,61662,64594,1.0201891395260423,0.3339934539475385
5559,0.5997,4,34,4,547673,128771,61666,64590,1.0199198453934863,0.33403840484896125
5560,0.5998,7,27,7,547700,128744,61673,64583,1.0197059941705742,0.3340609433757313
5561,0.5999,3,8,3,547708,128736,61676,64580,1.0196426308452669,0.3340644333629912
5562,0.6,700,2415,700,550123,126321,62376,63880,1.0005148270181219,0.3358552268389756
5563,0.6001,4,9,4,550132,126312,62380,63876,1.0004435432771512,0.33585715187078047
5564,0.6002,1,21,1,550153,126291,62381,63875,1.0002772145482195,0.3358907480832536
5565,0.6003,5,23,5,550176,126268,62386,63870,1.0000950449879609,0.3359139151563601
5566,0.6004,6,10,6,550186,126258,62392,63864,1.0000158408313269,0.33591062580869124
5567,0.6005,9,29,9,550215,126229,62401,63855,0.9997861487770878,0.3359304307569285
5568,0.6006,2,4,2,550219,126225,62403,63853,0.9997544671144342,0.33593051273687646
5569,0.6007,14,54,14,550273,126171,62417,63839,0.9993267646686098,0.3359770538392716
5570,0.6008,36,97,36,550370,126074,62453,63803,0.9985584843492586,0.33602279370329213
5571,0.6009,0,10,0,550380,126064,62453,63803,0.9984792801926246,0.3360404915019461
5572,0.601,19,62,19,550442,126002,62472,63784,0.9979882144214929,0.3360837996480246
5573,0.6011,1,4,1,550446,125998,62473,63783,0.9979565327588392,0.3360873849331598
5574,0.6012,4,33,4,550479,125965,62477,63779,0.9976951590419465,0.3361318407960199
5575,0.6013,8,49,8,550528,125916,62485,63771,0.9973070586744393,0.33619067200177133
5576,0.6014,3,11,3,550539,125905,62488,63768,0.9972199341021417,0.33619966995829664
5577,0.6015,8,28,8,550567,125877,62496,63760,0.9969981624635661,0.3362213070234184
5578,0.6016,2,7,2,550574,125870,62498,63758,0.9969427195539222,0.33622671757335415
5579,0.6017,74,267,74,550841,125603,62572,63684,0.9948279685717907,0.33644148832196613
5580,0.6018,5,37,5,550878,125566,62577,63679,0.9945349131922443,0.33648973552801925
5581,0.6019,1,4,1,550882,125562,62578,63678,0.9945032315295906,0.33649334178820545
5582,0.602,14,76,14,550958,125486,62592,63664,0.9939012799391712,0.3365794343113931
5583,0.6021,6,13,6,550971,125473,62598,63658,0.9937983145355468,0.33658152285981674
5584,0.6022,4,21,4,550992,125452,62602,63654,0.9936319858066152,0.33660486711156706
5585,0.6023,5,34,5,551026,125418,62607,63649,0.9933626916740591,0.3366478549932035
5586,0.6024,2,8,2,551034,125410,62609,63647,0.9932993283487518,0.3366550828586088
5587,0.6025,60,210,60,551244,125200,62669,63587,0.9916360410594348,0.3368187428159778
5588,0.6026,1,7,1,551251,125193,62670,63586,0.9915805981497909,0.336827719184867
5589,0.6027,8,36,8,551287,125157,62678,63578,0.991295463185908,0.3368638567303362
5590,0.6028,5,12,5,551299,125145,62683,63573,0.991200418197947,0.3368677073729056
5591,0.6029,4,14,4,551313,125131,62687,63569,0.9910895323786593,0.33687864334923157
5592,0.603,16,45,16,551358,125086,62703,63553,0.9907331136738056,0.3369027613589979
5593,0.6031,3,17,3,551375,125069,62706,63550,0.9905984666075276,0.3369225793795959
5594,0.6032,4,23,4,551398,125046,62710,63546,0.9904162970472691,0.33694960549758207
5595,0.6033,106,412,106,551810,124634,62816,63440,0.9871530857939425,0.33731403596456716
5596,0.6034,4,12,4,551822,124622,62820,63436,0.9870580408059815,0.33732146465452145
5597,0.6035,4,30,4,551852,124592,62824,63432,0.9868204283360791,0.3373611879334553
5598,0.6036,3,11,3,551863,124581,62827,63429,0.9867333037637815,0.337370352640817
5599,0.6037,4,20,4,551883,124561,62831,63425,0.9865748954505132,0.33739214622365493
5600,0.6038,9,28,9,551911,124533,62840,63416,0.9863531238119376,0.3374106805569596
5601,0.6039,3,9,3,551920,124524,62843,63413,0.986281840070967,0.33741626183242257
5602,0.604,33,88,33,552008,124436,62876,63380,0.9855848434925865,0.3374579375559058
5603,0.6041,4,16,4,552024,124420,62880,63376,0.9854581168419718,0.33747257662570024
5604,0.6042,36,102,36,552126,124318,62916,63340,0.9846502344443037,0.33752890897270565
5605,0.6043,10,43,10,552169,124275,62926,63330,0.9843096565707768,0.33757096026225314
5606,0.6044,0,9,0,552178,124266,62926,63330,0.9842383728298061,0.33758715537644723
5607,0.6045,6,14,6,552192,124252,62932,63324,0.9841274870105183,0.33759116304857767
5608,0.6046,1,11,1,552203,124241,62933,63323,0.9840403624382208,0.3376074299972276
5609,0.6047,12,29,12,552232,124212,62945,63311,0.9838106703839817,0.33761725228371986
5610,0.6048,6,16,6,552248,124196,62951,63305,0.9836839437333671,0.3376248660007147
5611,0.6049,3,7,3,552255,124189,62954,63302,0.9836285008237232,0.337626872756559
5612,0.605,224,863,224,553118,123326,63178,63078,0.9767931821061969,0.338394025879273
5613,0.6051,0,10,0,553128,123316,63178,63078,0.9767139779495628,0.3384121806495917
5614,0.6052,7,18,7,553146,123298,63185,63071,0.9765714104676213,0.3384200162044117
5615,0.6053,10,27,10,553173,123271,63195,63061,0.9763575592447091,0.33843354871948994
5616,0.6054,3,15,3,553188,123256,63198,63058,0.9762387530097579,0.3384501433064611
5617,0.6055,5,18,5,553206,123238,63203,63053,0.9760961855278165,0.3384650895641765
5618,0.6056,3,7,3,553213,123231,63206,63050,0.9760407426181726,0.3384671544601972
5619,0.6057,10,55,10,553268,123176,63216,63040,0.9756051197566848,0.3385315977144821
5620,0.6058,19,82,19,553350,123094,63235,63021,0.9749556456722849,0.3386132230072804
5621,0.6059,2,6,2,553356,123088,63237,63019,0.9749081231783044,0.33861703213742633
5622,0.606,30,106,30,553462,122982,63267,62989,0.9740685591179825,0.3387033462206473
5623,0.6061,1,11,1,553473,122971,63268,62988,0.973981434545685,0.3387198253378433
5624,0.6062,8,26,8,553499,122945,63276,62980,0.9737755037384362,0.3387387387387387
5625,0.6063,7,35,7,553534,122910,63283,62973,0.9734982891902167,0.33877761817917723
5626,0.6064,2,18,2,553552,122892,63285,62971,0.9733557217082752,0.3388033121169894
5627,0.6065,10,36,10,553588,122856,63295,62961,0.9730705867443924,0.33883336831398636
5628,0.6066,0,3,0,553591,122853,63295,62961,0.9730468254974021,0.33883883883883886
5629,0.6067,145,426,145,554017,122427,63440,62816,0.9696727284247877,0.3391005328136556
5630,0.6068,3,21,3,554038,122406,63443,62813,0.9695063996958561,0.3391282751769527
5631,0.6069,0,5,0,554043,122401,63443,62813,0.969466797617539,0.3391374302158584
5632,0.607,7,43,7,554086,122358,63450,62806,0.9691262197440121,0.33919120347367737
5633,0.6071,7,10,7,554096,122348,63457,62799,0.969047015587378,0.3391845398521175
5634,0.6072,6,15,6,554111,122333,63463,62793,0.9689282093524269,0.3391906053174595
5635,0.6073,8,53,8,554164,122280,63471,62785,0.9685084273222658,0.33925917920730553
5636,0.6074,1,10,1,554174,122270,63472,62784,0.9684292231656317,0.33927394166027214
5637,0.6075,65,252,65,554426,122018,63537,62719,0.9664332784184514,0.33950426822997015
5638,0.6076,1,17,1,554443,122001,63538,62718,0.9662986313521733,0.33953193769996587
5639,0.6077,8,33,8,554476,121968,63546,62710,0.9660372576352807,0.3395639978773866
5640,0.6078,6,17,6,554493,121951,63552,62704,0.9659026105690026,0.3395737997887953
5641,0.6079,1,13,1,554506,121938,63553,62703,0.9657996451653783,0.3395941313142801
5642,0.608,17,64,17,554570,121874,63570,62686,0.9652927385629197,0.33965106198526224
5643,0.6081,1,14,1,554584,121860,63571,62685,0.965181852743632,0.3396732504267252
5644,0.6082,6,21,6,554605,121839,63577,62679,0.9650155240147003,0.3396904367053621
5645,0.6083,75,263,75,554868,121576,63652,62604,0.9629324546952224,0.33990661309588444
5646,0.6084,1,9,1,554877,121567,63653,62603,0.9628611709542517,0.33991963946353915
5647,0.6085,7,37,7,554914,121530,63660,62596,0.9625681155747053,0.33996285152558575
5648,0.6086,2,11,2,554925,121519,63662,62594,0.9624809910024078,0.33997599300429626
5649,0.6087,3,27,3,554952,121492,63665,62591,0.9622671397794956,0.34001510188338957
5650,0.6088,4,21,4,554973,121471,63669,62587,0.9621008110505639,0.34003955274967673
5651,0.6089,3,9,3,554982,121462,63672,62584,0.9620295273095932,0.340045423426752
5652,0.609,12,52,12,555034,121410,63684,62572,0.9616176656950957,0.340098487895555
5653,0.6091,1,6,1,555040,121404,63685,62571,0.9615701432011152,0.3401059926620465
5654,0.6092,16,107,16,555147,121297,63701,62555,0.9607226587251299,0.34024650262167394
5655,0.6093,11,41,11,555188,121256,63712,62544,0.9603979216829299,0.3402829162132753
5656,0.6094,0,8,0,555196,121248,63712,62544,0.9603345583576226,0.34029772786628365
5657,0.6095,3,50,3,555246,121198,63715,62541,0.9599385375744519,0.3403795601369334
5658,0.6096,4,6,4,555252,121192,63719,62537,0.9598910150804715,0.3403763151162854
5659,0.6097,7,35,7,555287,121157,63726,62530,0.959613800532252,0.34041603379662144
5660,0.6098,3,23,3,555310,121134,63729,62527,0.9594316309719935,0.3404478904067821
5661,0.6099,2,4,2,555314,121130,63731,62525,0.9593999493093398,0.3404481228390188
5662,0.61,714,2324,714,557638,118806,64445,61811,0.9409929033075656,0.3422213855838598
5663,0.6101,1,10,1,557648,118796,64446,61810,0.9409136991509315,0.3422366920257356
5664,0.6102,6,16,6,557664,118780,64452,61804,0.9407869725003168,0.34224516014707834
5665,0.6103,2,24,2,557688,118756,64454,61802,0.9405968825243949,0.342283366009814
5666,0.6104,2,11,2,557699,118745,64456,61800,0.9405097579520973,0.3422969342823119
5667,0.6105,6,22,6,557721,118723,64462,61794,0.9403355088075022,0.3423167901084108
5668,0.6106,1,7,1,557728,118716,64463,61793,0.9402800658978583,0.34232642139727104
5669,0.6107,7,44,7,557772,118672,64470,61786,0.9399315676086681,0.34238437752828915
5670,0.6108,13,98,13,557870,118574,64483,61773,0.9391553668736535,0.34252302505725074
5671,0.6109,3,3,3,557873,118571,64486,61770,0.9391316056266633,0.34251778575032854
5672,0.611,11,66,11,557939,118505,64497,61759,0.938608858192878,0.3426030710513469
5673,0.6111,4,10,4,557949,118495,64501,61755,0.9385296540362438,0.34260748959778087
5674,0.6112,4,23,4,557972,118472,64505,61751,0.9383474844759853,0.3426366224066851
5675,0.6113,8,25,8,557997,118447,64513,61743,0.9381494740844,0.3426549753038459
5676,0.6114,3,10,3,558007,118437,64516,61740,0.9380702699277658,0.34266304800279723
5677,0.6115,5,33,5,558040,118404,64521,61735,0.9378088962108732,0.34270757581645284
5678,0.6116,2,3,2,558043,118401,64523,61733,0.9377851349638829,0.3427059855440949
5679,0.6117,62,280,62,558323,118121,64585,61671,0.935567418578127,0.34301303728753224
5680,0.6118,7,19,7,558342,118102,64592,61664,0.9354169306805221,0.3430237085989564
5681,0.6119,3,5,3,558347,118097,64595,61661,0.935377328602205,0.3430222855171953
5682,0.612,14,52,14,558399,118045,64609,61647,0.9349654669877075,0.34307036484651515
5683,0.6121,1,10,1,558409,118035,64610,61646,0.9348862628310733,0.343085802060318
5684,0.6122,1,18,1,558427,118017,64611,61645,0.9347436953491319,0.3431165187964066
5685,0.6123,13,40,13,558467,117977,64624,61632,0.9344268787225953,0.3431453880373478
5686,0.6124,1,11,1,558478,117966,64625,61631,0.9343397541502978,0.34316274770736704
5687,0.6125,57,232,57,558710,117734,64682,61574,0.9325022177163858,0.34339795212706625
5688,0.6126,2,7,2,558717,117727,64684,61572,0.9324467748067419,0.34340403460142
5689,0.6127,17,50,17,558767,117677,64701,61555,0.9320507540235712,0.3434375557936083
5690,0.6128,5,21,5,558788,117656,64706,61550,0.9318844252946394,0.34345948238340235
5691,0.6129,2,13,2,558801,117643,64708,61548,0.9317814598910151,0.3434770719511583
5692,0.613,10,42,10,558843,117601,64718,61538,0.9314488024331516,0.34352095300297536
5693,0.6131,4,8,4,558851,117593,64722,61534,0.9313854391078443,0.3435216354876708
5694,0.6132,4,22,4,558873,117571,64726,61530,0.9312111899632493,0.3435491705797288
5695,0.6133,128,415,128,559288,117156,64854,61402,0.9279242174629324,0.3438770595548785
5696,0.6134,0,7,0,559295,117149,64854,61402,0.9278687745532885,0.3438905410778993
5697,0.6135,11,31,11,559326,117118,64865,61391,0.9276232416677227,0.34390983087687454
5698,0.6136,2,5,2,559331,117113,64867,61389,0.9275836395894057,0.3439121130295459
5699,0.6137,8,22,8,559353,117091,64875,61381,0.9274093904448105,0.3439250974942848
5700,0.6138,3,19,3,559372,117072,64878,61378,0.9272589025472057,0.34395068646679744
5701,0.6139,3,9,3,559381,117063,64881,61375,0.9271876188062349,0.34395700467389234
5702,0.614,21,85,21,559466,116978,64902,61354,0.9265143834748447,0.3440436937846264
5703,0.6141,0,3,0,559469,116975,64902,61354,0.9264906222278545,0.3440494815761878
5704,0.6142,32,97,32,559566,116878,64934,61322,0.9257223419085033,0.3441189674523008
5705,0.6143,12,47,12,559613,116831,64946,61310,0.9253500823723229,0.3441655767060924
5706,0.6144,2,10,2,559623,116821,64948,61308,0.9252708782156888,0.3441775342588798
5707,0.6145,5,32,5,559655,116789,64953,61303,0.9250174249144595,0.34422096444534284
5708,0.6146,4,14,4,559669,116775,64957,61299,0.9249065390951717,0.34423329627009
5709,0.6147,8,25,8,559694,116750,64965,61291,0.9247085287035863,0.3442521666357749
5710,0.6148,2,17,2,559711,116733,64967,61289,0.9245738816373084,0.3442776735459662
5711,0.6149,1,10,1,559721,116723,64968,61288,0.9244946774806742,0.34429333018746033
5712,0.615,219,802,219,560523,115921,65187,61069,0.9181425041186162,0.34504209277360304
5713,0.6151,1,8,1,560531,115913,65188,61068,0.9180791407933089,0.3450539888462603
5714,0.6152,3,16,3,560547,115897,65191,61065,0.9179524141426942,0.34507408370158565
5715,0.6153,8,36,8,560583,115861,65199,61057,0.9176672791788113,0.34511468589968236
5716,0.6154,5,11,5,560594,115850,65204,61052,0.9175801546065138,0.34511763575312887
5717,0.6155,11,21,11,560615,115829,65215,61041,0.917413825877582,0.34511788319104425
5718,0.6156,1,10,1,560625,115819,65216,61040,0.9173346217209479,0.34513369407267935
5719,0.6157,23,47,23,560672,115772,65239,61017,0.9169623621847675,0.34514025193875186
5720,0.6158,22,84,22,560756,115688,65261,60995,0.9162970472690407,0.345222800156212
5721,0.6159,5,5,5,560761,115683,65266,60990,0.9162574451907236,0.34521403949669727
5722,0.616,19,89,19,560850,115594,65285,60971,0.9155525281966798,0.3453175884235267
5723,0.6161,0,8,0,560858,115586,65285,60971,0.9154891648713724,0.34533323515918374
5724,0.6162,5,23,5,560881,115563,65290,60966,0.9153069953111139,0.34535968594395255
5725,0.6163,9,25,9,560906,115538,65299,60957,0.9151089849195285,0.34537522309413865
5726,0.6164,1,7,1,560913,115531,65300,60956,0.9150535420098846,0.34538521250857
5727,0.6165,4,25,4,560938,115506,65304,60952,0.9148555316182994,0.3454193065772025
5728,0.6166,0,3,0,560941,115503,65304,60952,0.9148317703713091,0.3454251792241648
5729,0.6167,117,409,117,561350,115094,65421,60835,0.9115923203649727,0.34579290509239524
5730,0.6168,7,15,7,561365,115079,65428,60828,0.9114735141300215,0.3457963583029669
5731,0.6169,0,9,0,561374,115070,65428,60828,0.9114022303890508,0.3458140513251998
5732,0.617,17,36,17,561410,115034,65445,60811,0.9111170954251679,0.3458216042537462
5733,0.6171,1,21,1,561431,115013,65446,60810,0.9109507666962362,0.3458591879333193
5734,0.6172,5,9,5,561440,115004,65451,60805,0.9108794829552654,0.3458582893936033
5735,0.6173,8,34,8,561474,114970,65459,60797,0.9106101888227094,0.34589541836636
5736,0.6174,6,12,6,561486,114958,65465,60791,0.9105151438347484,0.3458967049599144
5737,0.6175,63,222,63,561708,114736,65528,60728,0.9087568115574706,0.34609948479460173
5738,0.6176,1,6,1,561714,114730,65529,60727,0.90870928906349,0.3461075933134614
5739,0.6177,11,31,11,561745,114699,65540,60716,0.9084637561779242,0.3461277541829376
5740,0.6178,8,20,8,561765,114679,65548,60708,0.9083053478646559,0.34613739900904855
5741,0.6179,1,13,1,561778,114666,65549,60707,0.9082023824610316,0.34615932897310303
5742,0.618,15,59,15,561837,114607,65564,60692,0.9077350779368901,0.3462198871642166
5743,0.6181,5,10,5,561847,114597,65569,60687,0.907655873780256,0.3462209899363319
5744,0.6182,6,23,6,561870,114574,65575,60681,0.9074737042199975,0.3462440443924567
5745,0.6183,73,233,73,562103,114341,65648,60608,0.905628247370422,0.34643238886761285
5746,0.6184,0,6,0,562109,114335,65648,60608,0.9055807248764415,0.3464442704195081
5747,0.6185,9,32,9,562141,114303,65657,60599,0.9053272715752123,0.3464740254542544
5748,0.6186,4,16,4,562157,114287,65661,60595,0.9052005449245977,0.3464907766379616
5749,0.6187,7,24,7,562181,114263,65668,60588,0.9050104549486757,0.3465121732217717
5750,0.6188,8,25,8,562206,114238,65676,60580,0.9048124445570903,0.3465318216659612
5751,0.6189,4,13,4,562219,114225,65680,60576,0.904709479153466,0.3465426399162476
5752,0.619,22,49,22,562268,114176,65702,60554,0.9043213787859586,0.3465575459280032
5753,0.6191,1,3,1,562271,114173,65703,60553,0.9042976175389684,0.34655975641862113
5754,0.6192,20,78,20,562349,114095,65723,60533,0.9036798251172221,0.34663971413519024
5755,0.6193,11,46,11,562395,114049,65734,60522,0.9033154859967051,0.3466898854907172
5756,0.6194,1,12,1,562407,114037,65735,60521,0.9032204410087441,0.3467099760538045
5757,0.6195,9,18,9,562425,114019,65744,60512,0.9030778735268027,0.34671204542459505
5758,0.6196,3,5,3,562430,114014,65747,60509,0.9030382714484856,0.3467107487265289
5759,0.6197,8,19,8,562449,113995,65755,60501,0.9028877835508807,0.3467185494223363
5760,0.6198,4,25,4,562474,113970,65759,60497,0.9026897731592954,0.34675325419706876
5761,0.6199,3,12,3,562486,113958,65762,60494,0.9025947281713345,0.34676587256093366
5762,0.62,669,2228,669,564714,111730,66431,59825,0.884948042073248,0.34872198420331674
5763,0.6201,4,4,4,564718,111726,66435,59821,0.8849163604105943,0.34871492943624777
5764,0.6202,4,18,4,564736,111708,66439,59817,0.8847737929286529,0.34873633581110625
5765,0.6203,6,28,6,564764,111680,66445,59811,0.8845520212900773,0.34877048941343863
5766,0.6204,0,6,0,564770,111674,66445,59811,0.8845044987960968,0.3487826923637636
5767,0.6205,1,31,1,564801,111643,66446,59810,0.884258965910531,0.34884195668783863
5768,0.6206,2,6,2,564807,111637,66448,59808,0.8842114434165504,0.34884656887048326
5769,0.6207,12,42,12,564849,111595,66460,59796,0.8838787859586871,0.3488864642834221
5770,0.6208,17,84,17,564933,111511,66477,59779,0.8832134710429603,0.3489929359565649
5771,0.6209,4,8,4,564941,111503,66481,59775,0.883150107717653,0.3489940330923995
5772,0.621,17,47,17,564988,111456,66498,59758,0.8827778481814725,0.34902519653766634
5773,0.6211,3,4,3,564992,111452,66501,59755,0.8827461665188189,0.3490219441962069
5774,0.6212,6,23,6,565015,111429,66507,59749,0.8825639969585604,0.3490460222692168
5775,0.6213,9,25,9,565040,111404,66516,59740,0.8823659865669751,0.34906277754405646
5776,0.6214,1,7,1,565047,111397,66517,59739,0.8823105436573312,0.3490732516828721
5777,0.6215,6,24,6,565071,111373,66523,59733,0.8821204536814092,0.3490993886830386
5778,0.6216,3,6,3,565077,111367,66526,59730,0.8820729311874287,0.3491002180049913
5779,0.6217,92,250,92,565327,111117,66618,59638,0.8800928272715752,0.34926063658458023
5780,0.6218,4,16,4,565343,111101,66622,59634,0.8799661006209606,0.34927812106480804
5781,0.6219,0,3,0,565346,111098,66622,59634,0.8799423393739704,0.3492842583698428
5782,0.622,18,52,18,565398,111046,66640,59616,0.8795304777594728,0.3493220517748532
5783,0.6221,3,12,3,565410,111034,66643,59613,0.8794354327715118,0.3493351772958212
5784,0.6222,2,11,2,565421,111023,66645,59611,0.8793483081992143,0.3493500709120105
5785,0.6223,5,26,5,565447,110997,66650,59606,0.8791423773919655,0.34938424295000675
5786,0.6224,2,7,2,565454,110990,66652,59604,0.8790869344823217,0.3493909516161178
5787,0.6225,56,224,56,565678,110766,66708,59548,0.8773127613737169,0.3496365536597109
5788,0.6226,0,3,0,565681,110763,66708,59548,0.8772890001267266,0.34964271244957756
5789,0.6227,5,44,5,565725,110719,66713,59543,0.8769405018375365,0.34971397023410977
5790,0.6228,2,16,2,565741,110703,66715,59541,0.8768137751869218,0.3497391978571932
5791,0.6229,6,12,6,565753,110691,66721,59535,0.8767187301989608,0.34974093264248707
5792,0.623,12,45,12,565798,110646,66733,59523,0.8763623114941073,0.3497875641274263
5793,0.6231,1,9,1,565807,110637,66734,59522,0.8762910277531365,0.3498022437837552
5794,0.6232,6,22,6,565829,110615,66740,59516,0.8761167786085414,0.34982454696674914
5795,0.6233,141,397,141,566226,110218,66881,59375,0.872972373590166,0.35010289339772277
5796,0.6234,2,9,2,566235,110209,66883,59373,0.8729010898491952,0.35011380924862306
5797,0.6235,6,16,6,566251,110193,66889,59367,0.8727743631985807,0.3501238499646143
5798,0.6236,3,8,3,566259,110185,66892,59364,0.8727109998732734,0.35012887129974224
5799,0.6237,5,19,5,566278,110166,66897,59359,0.8725605119756685,0.35014894558324733
5800,0.6238,1,22,1,566300,110144,66898,59358,0.8723862628310733,0.3501905582235018
5801,0.6239,2,8,2,566308,110136,66900,59356,0.872322899505766,0.3501994194416256
5802,0.624,20,103,20,566411,110033,66920,59336,0.8715070966924344,0.35033565764691293
5803,0.6241,2,7,2,566418,110026,66922,59334,0.8714516537827905,0.35034246575342465
5804,0.6242,30,67,30,566485,109959,66952,59304,0.8709209859333418,0.35036599847574484
5805,0.6243,8,28,8,566513,109931,66960,59296,0.8706992142947662,0.35039325875894506
5806,0.6244,4,8,4,566521,109923,66964,59292,0.8706358509694588,0.3503944685754809
5807,0.6245,4,25,4,566546,109898,66968,59288,0.8704378405778735,0.350430886716395
5808,0.6246,2,6,2,566552,109892,66970,59286,0.870390318083893,0.3504356358391753
5809,0.6247,7,26,7,566578,109866,66977,59279,0.8701843872766443,0.35046262082828344
5810,0.6248,11,19,11,566597,109847,66988,59268,0.8700338993790394,0.35045974632646426
5811,0.6249,3,10,3,566607,109837,66991,59265,0.8699546952224053,0.35046894773568615
5812,0.625,226,727,226,567334,109110,67217,59039,0.8641965530351032,0.3511112168374477
5813,0.6251,3,10,3,567344,109100,67220,59036,0.8641173488784691,0.3511205214826093
5814,0.6252,3,14,3,567358,109086,67223,59033,0.8640064630591814,0.35113818188307094
5815,0.6253,8,27,8,567385,109059,67231,59025,0.8637926118362692,0.3511637038623545
5816,0.6254,2,10,2,567395,109049,67233,59023,0.863713407679635,0.3511768765767052
5817,0.6255,2,19,2,567414,109030,67235,59021,0.8635629197820301,0.3512088592153572
5818,0.6256,6,6,6,567420,109024,67241,59015,0.8635153972880497,0.3511982337433572
5819,0.6257,6,39,6,567459,108985,67247,59009,0.8632065010771766,0.3512565924973511
5820,0.6258,24,96,24,567555,108889,67271,58985,0.8624461411734888,0.3513647140116993
5821,0.6259,6,13,6,567568,108876,67277,58979,0.8623431757698644,0.3513687408775431
5822,0.626,21,99,21,567667,108777,67298,58958,0.8615590546191864,0.35149491757832296
5823,0.6261,0,7,0,567674,108770,67298,58958,0.8615036117095425,0.3515095869503005
5824,0.6262,8,20,8,567694,108750,67306,58950,0.8613452033962742,0.35152057245080504
5825,0.6263,6,15,6,567709,108735,67312,58944,0.861226397161323,0.35152881398386204
5826,0.6264,0,8,0,567717,108727,67312,58944,0.8611630338360157,0.3515455862969744
5827,0.6265,5,30,5,567747,108697,67317,58939,0.8609254213661133,0.3515891574602114
5828,0.6266,3,4,3,567751,108693,67320,58936,0.8608937397034596,0.35158594276646643
5829,0.6267,119,417,119,568168,108276,67439,58817,0.857590926371816,0.35200157995846626
5830,0.6268,4,9,4,568177,108267,67443,58813,0.8575196426308452,0.3520050275317213
5831,0.6269,2,8,2,568185,108259,67445,58811,0.8574562793055379,0.35201412581552644
5832,0.627,12,33,12,568218,108226,67457,58799,0.8571949055886453,0.35203712019158806
5833,0.6271,2,15,2,568233,108211,67459,58797,0.8570760993536941,0.35206097911477297
5834,0.6272,4,27,4,568260,108184,67463,58793,0.8568622481307819,0.35210238535846256
5835,0.6273,13,40,13,568300,108144,67476,58780,0.8565454315042453,0.35213630155040615
5836,0.6274,4,10,4,568310,108134,67480,58776,0.8564662273476112,0.3521418728656162
5837,0.6275,52,213,52,568523,107921,67532,58724,0.854779178811304,0.3523898106753878
5838,0.6276,3,5,3,568528,107916,67535,58721,0.854739576732987,0.3523887251930844
5839,0.6277,10,42,10,568570,107874,67545,58711,0.8544069192751236,0.35243869496053065
5840,0.6278,2,21,2,568591,107853,67547,58709,0.8542405905461918,0.3524753545226402
5841,0.6279,4,10,4,568601,107843,67551,58705,0.8541613863895577,0.35248096644811105
5842,0.628,17,64,17,568665,107779,67568,58688,0.8536544797870992,0.3525503553256802
5843,0.6281,0,4,0,568669,107775,67568,58688,0.8536227981244455,0.35255882688645523
5844,0.6282,4,33,4,568702,107742,67572,58684,0.8533614244075529,0.352613173422422
5845,0.6283,66,242,66,568944,107500,67638,58618,0.8514446838170067,0.3528696468775208
5846,0.6284,1,1,1,568945,107499,67639,58617,0.8514367634013433,0.35286787546052156
5847,0.6285,5,22,5,568967,107477,67644,58612,0.8512625142567481,0.35289513453630283
5848,0.6286,3,12,3,568979,107465,67647,58609,0.8511674692687873,0.3529089442055951
5849,0.6287,5,24,5,569003,107441,67652,58604,0.8509773792928653,0.3529404679454365
5850,0.6288,5,17,5,569020,107424,67657,58599,0.8508427322265872,0.35295712039898086
5851,0.6289,3,8,3,569028,107416,67660,58596,0.8507793689012799,0.35296243645037706
5852,0.629,13,45,13,569073,107371,67673,58583,0.8504229501964263,0.3530074598985261
5853,0.6291,2,5,2,569078,107366,67675,58581,0.8503833481181092,0.35301029846878823
5854,0.6292,21,104,21,569182,107262,67696,58560,0.8495596248891142,0.3531497629988783
5855,0.6293,8,38,8,569220,107224,67704,58552,0.8492586490939045,0.35319949811794227
5856,0.6294,2,5,2,569225,107219,67706,58550,0.8492190470155874,0.35320234784549587
5857,0.6295,5,17,5,569242,107202,67711,58545,0.8490843999493093,0.35321906278846676
5858,0.6296,1,5,1,569247,107197,67712,58544,0.8490447978709923,0.35322581618308085
5859,0.6297,3,33,3,569280,107164,67715,58541,0.8487834241540996,0.3532844512839082
5860,0.6298,4,18,4,569298,107146,67719,58537,0.8486408566721582,0.3533072192077642
5861,0.6299,2,12,2,569310,107134,67721,58535,0.8485458116841972,0.35332500347077606
5862,0.63,757,2253,757,571563,104881,68478,57778,0.8307011151945254,0.35520936437578
5863,0.6301,2,3,2,571566,104878,68480,57776,0.8306773539475352,0.35520798750722393
5864,0.6302,8,23,8,571589,104855,68488,57768,0.8304951843872767,0.3552265054758552
5865,0.6303,7,30,7,571619,104825,68495,57761,0.8302575719173743,0.3552642908983553
5866,0.6304,2,8,2,571627,104817,68497,57759,0.8301942085920669,0.3552738411573664
5867,0.6305,4,21,4,571648,104796,68501,57755,0.8300278798631352,0.35530387386112666
5868,0.6306,1,3,1,571651,104793,68502,57754,0.830004118616145,0.3553064652069863
5869,0.6307,7,49,7,571700,104744,68509,57747,0.8296160182486377,0.3553858367540356
5870,0.6308,27,102,27,571802,104642,68536,57720,0.8288081358509695,0.35550190315467906
5871,0.6309,0,6,0,571808,104636,68536,57720,0.828760613356989,0.35551504102096626
5872,0.631,19,53,19,571861,104583,68555,57701,0.828340831326828,0.3555556924897094
5873,0.6311,3,15,3,571876,104568,68558,57698,0.8282220250918768,0.3555766457545019
5874,0.6312,2,26,2,571902,104542,68560,57696,0.8280160942846281,0.3556256857209778
5875,0.6313,6,27,6,571929,104515,68566,57690,0.8278022430617159,0.3556610462069603
5876,0.6314,2,13,2,571942,104502,68568,57688,0.8276992776580915,0.35568160799062826
5877,0.6315,2,36,2,571978,104466,68570,57686,0.8274141426942085,0.3557526271646356
5878,0.6316,2,3,2,571981,104463,68572,57684,0.8273903814472183,0.35575126274306645
5879,0.6317,85,234,85,572215,104229,68657,57599,0.8255370041819795,0.3559272808166696
5880,0.6318,4,21,4,572236,104208,68661,57595,0.8253706754530478,0.3559575533210138
5881,0.6319,0,6,0,572242,104202,68661,57595,0.8253231529590673,0.35597075347503354
5882,0.632,18,53,18,572295,104149,68679,57577,0.8249033709289063,0.35601573030928857
5883,0.6321,0,11,0,572306,104138,68679,57577,0.8248162463566088,0.3560399468200229
5884,0.6322,4,24,4,572330,104114,68683,57573,0.8246261563806868,0.3560768645593029
5885,0.6323,4,30,4,572360,104084,68687,57569,0.8243885439107844,0.35612701279902015
5886,0.6324,2,6,2,572366,104078,68689,57567,0.824341021416804,0.3561322651489375
5887,0.6325,74,208,74,572574,103870,68763,57493,0.8226935749588138,0.35629605299851885
5888,0.6326,2,4,2,572578,103866,68765,57491,0.8226618932961601,0.35629690685870463
5889,0.6327,11,36,11,572614,103830,68776,57480,0.8223767583322773,0.35633252743165333
5890,0.6328,2,14,2,572628,103816,68778,57478,0.8222658725129894,0.35635547509516785
5891,0.6329,5,21,5,572649,103795,68783,57473,0.8220995437840578,0.3563819232581789
5892,0.633,9,37,9,572686,103758,68792,57464,0.8218064884045114,0.35642778280879783
5893,0.6331,2,12,2,572698,103746,68794,57462,0.8217114434165504,0.3564463302069376
5894,0.6332,5,23,5,572721,103723,68799,57457,0.8215292738562919,0.35647723042561114
5895,0.6333,119,424,119,573145,103299,68918,57338,0.8181710176150044,0.3569414269439793
5896,0.6334,0,16,0,573161,103283,68918,57338,0.8180442909643898,0.3569769830844037
5897,0.6335,5,20,5,573181,103263,68923,57333,0.8178858826511215,0.3570014197115744
5898,0.6336,1,8,1,573189,103255,68924,57332,0.8178225193258142,0.35701520048322716
5899,0.6337,10,24,10,573213,103231,68934,57322,0.8176324293498923,0.35702852017713776
5900,0.6338,4,28,4,573241,103203,68938,57318,0.8174106577113167,0.3570747752630497
5901,0.6339,0,16,0,573257,103187,68938,57318,0.8172839310607021,0.3571103703934457
5902,0.634,31,79,31,573336,103108,68969,57287,0.8166582182232923,0.3571620062969544
5903,0.6341,4,17,4,573353,103091,68973,57283,0.8165235711570143,0.35718383279085136
5904,0.6342,20,92,20,573445,102999,68993,57263,0.8157948929159803,0.35730865707404125
5905,0.6343,13,38,13,573483,102961,69006,57250,0.8154939171207705,0.35734125621836205
5906,0.6344,1,4,1,573487,102957,69007,57249,0.8154622354581168,0.35734616681023185
5907,0.6345,5,24,5,573511,102933,69012,57244,0.815272145482195,0.3573796487635553
5908,0.6346,2,11,2,573522,102922,69014,57242,0.8151850209098973,0.35739616892685
5909,0.6347,2,36,2,573558,102886,69016,57240,0.8148998859460145,0.35746849356132043
5910,0.6348,3,16,3,573574,102870,69019,57237,0.8147731592953998,0.35749217710656
5911,0.6349,2,11,2,573585,102859,69021,57235,0.8146860347231023,0.35750871363074194
5912,0.635,251,702,251,574287,102157,69272,56984,0.8091259029273856,0.3580724012039638
5913,0.6351,1,11,1,574298,102146,69273,56983,0.8090387783550881,0.3580931194188363
5914,0.6352,5,27,5,574325,102119,69278,56978,0.8088249271321759,0.3581337171662571
5915,0.6353,7,25,7,574350,102094,69285,56971,0.8086269167405905,0.35816175777198
5916,0.6354,2,10,2,574360,102084,69287,56969,0.8085477125839564,0.3581762054158048
5917,0.6355,6,16,6,574376,102068,69293,56963,0.8084209859333418,0.3581880262338789
5918,0.6356,3,7,3,574383,102061,69296,56960,0.8083655430236979,0.3581916853748876
5919,0.6357,13,27,13,574410,102034,69309,56947,0.8081516918007857,0.35820003648234694
5920,0.6358,28,105,28,574515,101929,69337,56919,0.8073200481561272,0.3583236804995971
5921,0.6359,4,4,4,574519,101925,69341,56915,0.8072883664934736,0.358316544950894
5922,0.636,34,93,34,574612,101832,69375,56881,0.8065517678367761,0.3583890418554246
5923,0.6361,0,2,0,574614,101830,69375,56881,0.8065359270054493,0.358393558102463
5924,0.6362,7,22,7,574636,101808,69382,56874,0.8063616778608541,0.3584149430937346
5925,0.6363,5,30,5,574666,101778,69387,56869,0.8061240653909517,0.3584624985029657
5926,0.6364,2,12,2,574678,101766,69389,56867,0.8060290204029907,0.3584815265423966
5927,0.6365,11,20,11,574698,101746,69400,56856,0.8058706120897224,0.35848223855941286
5928,0.6366,2,2,2,574700,101744,69402,56854,0.8058547712583957,0.35847866934009254
5929,0.6367,124,377,124,575077,101367,69526,56730,0.8028687745532885,0.35883033833659084
5930,0.6368,8,28,8,575105,101339,69534,56722,0.8026470029147129,0.3588614522241413
5931,0.6369,0,3,0,575108,101336,69534,56722,0.8026232416677227,0.35886826354882384
5932,0.637,9,30,9,575138,101306,69543,56713,0.8023856291978203,0.3588998791284592
5933,0.6371,4,9,4,575147,101297,69547,56709,0.8023143454568495,0.3589040922496614
5934,0.6372,4,8,4,575155,101289,69551,56705,0.8022509821315422,0.35890603440636987
5935,0.6373,9,33,9,575188,101256,69560,56696,0.8019896084146496,0.35894448946515395
5936,0.6374,1,7,1,575195,101249,69561,56695,0.8019341655050057,0.3589563389555792
5937,0.6375,64,212,64,575407,101037,69625,56631,0.8002550373843619,0.359178780729127
5938,0.6376,2,2,2,575409,101035,69627,56629,0.8002391965530351,0.35917520803734526
5939,0.6377,7,41,7,575450,100994,69634,56622,0.7999144595108352,0.35924017866206476
5940,0.6378,2,26,2,575476,100968,69636,56620,0.7997085287035863,0.35929131659771046
5941,0.6379,6,7,6,575483,100961,69642,56614,0.7996530857939425,0.3592828811676979
5942,0.638,20,61,20,575544,100900,69662,56594,0.7991699404384742,0.35934067329549063
5943,0.6381,1,7,1,575551,100893,69663,56593,0.7991144975288303,0.35935257737195686
5944,0.6382,6,23,6,575574,100870,69669,56587,0.7989323279685718,0.3593806563061661
5945,0.6383,59,197,59,575771,100673,69728,56528,0.7973720060828793,0.3595905878461333
5946,0.6384,1,5,1,575776,100668,69729,56527,0.7973324040045622,0.359597951588791
5947,0.6385,11,20,11,575796,100648,69740,56516,0.7971739956912939,0.3595988903311191
5948,0.6386,3,12,3,575808,100636,69743,56513,0.7970789507033329,0.3596141241751459
5949,0.6387,5,29,5,575837,100607,69748,56508,0.796849258649094,0.35966012156700505
5950,0.6388,4,23,4,575860,100584,69752,56504,0.7966670890888354,0.3596964758606641
5951,0.6389,2,9,2,575869,100575,69754,56502,0.7965958053478647,0.35970893256173725
5952,0.639,15,48,15,575917,100527,69769,56487,0.7962156253960208,0.3597577286101876
5953,0.6391,1,4,1,575921,100523,69770,56486,0.7961839437333671,0.35976281614429745
5954,0.6392,27,84,27,576005,100439,69797,56459,0.7955186288176403,0.3598452497801119
5955,0.6393,7,44,7,576049,100395,69804,56452,0.7951701305284501,0.3599176267317832
5956,0.6394,0,11,0,576060,100384,69804,56452,0.7950830059561526,0.3599428702593792
5957,0.6395,3,22,3,576082,100362,69807,56449,0.7949087568115575,0.3599811237732047
5958,0.6396,1,8,1,576090,100354,69808,56448,0.7948453934862502,0.3599954082218339
5959,0.6397,6,23,6,576113,100331,69814,56442,0.7946632239259916,0.36002372857571135
5960,0.6398,5,18,5,576131,100313,69819,56437,0.7945206564440502,0.36004465709728867
5961,0.6399,2,8,2,576139,100305,69821,56435,0.7944572931187429,0.3600548679341585
5962,0.64,744,2135,744,578274,98170,70565,55691,0.7775472056773539,0.3619565711908801
5963,0.6401,0,9,0,578283,98161,70565,55691,0.7774759219363833,0.36197774484569584
5964,0.6402,4,19,4,578302,98142,70569,55687,0.7773254340387784,0.3620058636537974
5965,0.6403,9,24,9,578326,98118,70578,55678,0.7771353440628564,0.36202502015657106
5966,0.6404,4,8,4,578334,98110,70582,55674,0.7770719807375491,0.3620272590126411
5967,0.6405,9,25,9,578359,98085,70591,55665,0.7768739703459637,0.36204878048780487
5968,0.6406,3,10,3,578369,98075,70594,55662,0.7767947661893296,0.3620598814859143
5969,0.6407,5,52,5,578421,98023,70599,55657,0.7763829045748321,0.36216163456533057
5970,0.6408,28,83,28,578504,97940,70627,55629,0.7757255100747688,0.36224107730075733
5971,0.6409,0,6,0,578510,97934,70627,55629,0.7756779875807882,0.3622552307521994
5972,0.641,19,53,19,578563,97881,70646,55610,0.7752582055506273,0.36230137271892165
5973,0.6411,2,8,2,578571,97873,70648,55608,0.77519484222532,0.36231194740717093
5974,0.6412,7,13,7,578584,97860,70655,55601,0.7750918768216956,0.36231355197737536
5975,0.6413,8,28,8,578612,97832,70663,55593,0.77487010518312,0.3623464233338765
5976,0.6414,1,6,1,578618,97826,70664,55592,0.7748225826891395,0.3623564379668618
5977,0.6415,3,25,3,578643,97801,70667,55589,0.7746245722975542,0.3624030249690332
5978,0.6416,3,5,3,578648,97796,70670,55586,0.7745849702192371,0.3624023679440873
5979,0.6417,63,200,63,578848,97596,70733,55523,0.7730008870865543,0.3626133921982249
5980,0.6418,5,21,5,578869,97575,70738,55518,0.7728345583576226,0.3626423154553115
5981,0.6419,3,8,3,578877,97567,70741,55515,0.7727711950323153,0.3626487764727401
5982,0.642,17,48,17,578925,97519,70758,55498,0.7723910150804715,0.36269172706300606
5983,0.6421,1,12,1,578937,97507,70759,55497,0.7722959700925105,0.3627160074246425
5984,0.6422,2,23,2,578960,97484,70761,55495,0.772113800532252,0.36276220919211133
5985,0.6423,10,34,10,578994,97450,70771,55485,0.7718445063996958,0.3628011900480596
5986,0.6424,3,7,3,579001,97443,70774,55482,0.7717890634900519,0.3628052967140755
5987,0.6425,62,181,62,579182,97262,70836,55420,0.770355468254974,0.3629766442671697
5988,0.6426,2,3,2,579185,97259,70838,55418,0.7703317070079838,0.3629754317939179
5989,0.6427,21,22,21,579207,97237,70859,55397,0.7701574578633886,0.36294010508798824
5990,0.6428,3,18,3,579225,97219,70862,55394,0.7700148903814472,0.362970389154266
5991,0.6429,3,10,3,579235,97209,70865,55391,0.7699356862248131,0.3629816513761468
5992,0.643,8,54,8,579289,97155,70873,55383,0.7695079837789888,0.3630767415332573
5993,0.6431,3,9,3,579298,97146,70876,55380,0.769436700038018,0.3630856378584635
5994,0.6432,5,22,5,579320,97124,70881,55375,0.7692624508934229,0.36311713519432914
5995,0.6433,126,361,126,579681,96763,71007,55249,0.7664031808389304,0.3634515696129253
5996,0.6434,0,2,0,579683,96761,71007,55249,0.7663873400076036,0.3634563515558187
5997,0.6435,10,16,10,579699,96745,71017,55239,0.766260613356989,0.3634527318665123
5998,0.6436,2,9,2,579708,96736,71019,55237,0.7661893296160183,0.36346587880741976
5999,0.6437,2,17,2,579725,96719,71021,55235,0.7660546825497402,0.3634981639180278
6000,0.6438,6,22,6,579747,96697,71027,55229,0.7658804334051451,0.3635256638100128
6001,0.6439,1,8,1,579755,96689,71028,55228,0.7658170700798378,0.36354061757407
6002,0.644,25,65,25,579820,96624,71053,55203,0.7653022430617159,0.3635914560651268
6003,0.6441,3,5,3,579825,96619,71056,55200,0.7652626409833988,0.36359085489958437
6004,0.6442,24,75,24,579900,96544,71080,55176,0.7646686098086427,0.36366991827049827
6005,0.6443,6,41,6,579941,96503,71086,55170,0.7643438727664428,0.3637430524879181
6006,0.6444,0,9,0,579950,96494,71086,55170,0.764272589025472,0.3637646376200021
6007,0.6445,3,29,3,579979,96465,71089,55167,0.7640428969712331,0.3638216207660652
6008,0.6446,3,6,3,579985,96459,71092,55164,0.7639953744772525,0.3638234304821828
6009,0.6447,10,31,10,580016,96428,71102,55154,0.7637498415916867,0.36385586679157156
6010,0.6448,7,21,7,580037,96407,71109,55147,0.763583512862755,0.36387690196233685
6011,0.6449,3,8,3,580045,96399,71112,55144,0.7635201495374477,0.3638835182093531
6012,0.645,231,702,231,580747,95697,71343,54913,0.757960017741731,0.36460394396122436
6013,0.6451,2,8,2,580755,95689,71345,54911,0.7578966544164237,0.3646148738379814
6014,0.6452,4,14,4,580769,95675,71349,54907,0.757785768597136,0.3646318949143988
6015,0.6453,10,35,10,580804,95640,71359,54897,0.7575085540489165,0.36467446541381854
6016,0.6454,1,6,1,580810,95634,71360,54896,0.757461031554936,0.36468478044243674
6017,0.6455,8,20,8,580830,95614,71368,54888,0.7573026232416677,0.36469947243226003
6018,0.6456,2,4,2,580834,95610,71370,54886,0.7572709415790141,0.3647007229428025
6019,0.6457,8,39,8,580873,95571,71378,54878,0.7569620453681409,0.36476148063463365
6020,0.6458,26,80,26,580953,95491,71404,54852,0.7563284121150678,0.36484571945484656
6021,0.6459,2,3,2,580956,95488,71406,54850,0.7563046508680775,0.36484455028003565
6022,0.646,26,86,26,581042,95402,71432,54824,0.755623495121024,0.3649434851490421
6023,0.6461,0,3,0,581045,95399,71432,54824,0.7555997338740337,0.36495077318386665
6024,0.6462,6,22,6,581067,95377,71438,54818,0.7554254847294386,0.3649788608142748
6025,0.6463,5,24,5,581091,95353,71443,54813,0.7552353947535166,0.3650160489058775
6026,0.6464,0,2,0,581093,95351,71443,54813,0.7552195539221899,0.36502091047121815
6027,0.6465,6,26,6,581119,95325,71449,54807,0.755013623114941,0.3650587483014947
6028,0.6466,2,8,2,581127,95317,71451,54805,0.7549502597896338,0.36506974327546926
6029,0.6467,103,355,103,581482,94962,71554,54702,0.7521385122291218,0.36549871712636306
6030,0.6468,8,24,8,581506,94938,71562,54694,0.7519484222531998,0.3655234174508127
6031,0.6469,5,5,5,581511,94933,71567,54689,0.7519088201748828,0.36551442969616765
6032,0.647,8,47,8,581558,94886,71575,54681,0.7515365606387023,0.3655953519158638
6033,0.6471,5,18,5,581576,94868,71580,54676,0.7513939931567609,0.36561814582998986
6034,0.6472,0,16,0,581592,94852,71580,54676,0.7512672665061463,0.36565726820394845
6035,0.6473,4,40,4,581632,94812,71584,54672,0.7509504498796097,0.365738139198844
6036,0.6474,0,2,0,581634,94810,71584,54672,0.7509346090482829,0.3657430326059325
6037,0.6475,70,178,70,581812,94632,71654,54602,0.7495247750601952,0.3658817695699371
6038,0.6476,1,10,1,581822,94622,71655,54601,0.749445570903561,0.3659020392298774
6039,0.6477,5,30,5,581852,94592,71660,54596,0.7492079584336586,0.36595436630291983
6040,0.6478,3,20,3,581872,94572,71663,54593,0.7490495501203903,0.36599068146012803
6041,0.6479,3,6,3,581878,94566,71666,54590,0.7490020276264099,0.3659926519885221
6042,0.648,21,47,21,581925,94519,71687,54569,0.7486297680902294,0.366018727194677
6043,0.6481,1,4,1,581929,94515,71688,54568,0.7485980864275757,0.3660242951912693
6044,0.6482,9,20,9,581949,94495,71697,54559,0.7484396781143074,0.3660351282085687
6045,0.6483,56,214,56,582163,94281,71753,54503,0.7467447091623368,0.36632299171953975
6046,0.6484,1,3,1,582166,94278,71754,54502,0.7467209479153466,0.36632611910202983
6047,0.6485,6,32,6,582198,94246,71760,54496,0.7464674946141173,0.3663793683021608
6048,0.6486,1,8,1,582206,94238,71761,54495,0.74640413128881,0.3663948148695985
6049,0.6487,8,26,8,582232,94212,71769,54487,0.7461982004815613,0.36642479102078696
6050,0.6488,4,35,4,582267,94177,71773,54483,0.7459209859333418,0.36649401318444774
6051,0.6489,2,6,2,582273,94171,71775,54481,0.7458734634393613,0.36650028253908457
6052,0.649,11,48,11,582321,94123,71786,54470,0.7454932834875174,0.3665717765978209
6053,0.6491,2,4,2,582325,94119,71788,54468,0.7454616018248638,0.3665731187788972
6054,0.6492,23,76,23,582401,94043,71811,54445,0.7448596502344443,0.3666626259361026
6055,0.6493,3,28,3,582429,94015,71814,54442,0.7446378785958687,0.36671898260102254
6056,0.6494,2,5,2,582434,94010,71816,54440,0.7445982765175516,0.36672280229033344
6057,0.6495,13,20,13,582454,93990,71829,54427,0.7444398682042833,0.3667167507765283
6058,0.6496,1,10,1,582464,93980,71830,54426,0.7443606640476492,0.3667371939139927
6059,0.6497,9,15,9,582479,93965,71839,54417,0.744241857812698,0.3667358574490167
6060,0.6498,3,23,3,582502,93942,71842,54414,0.7440596882524395,0.36677990778937153
6061,0.6499,2,8,2,582510,93934,71844,54412,0.7439963249271322,0.36679115041861593
6062,0.65,776,2071,776,584581,91863,72620,53636,0.7275931440882017,0.36863483597825414
6063,0.6501,2,5,2,584586,91858,72622,53634,0.7275535420098846,0.3686388255024331
6064,0.6502,6,21,6,584607,91837,72628,53628,0.727387213280953,0.36866600213109685
6065,0.6503,9,29,9,584636,91808,72637,53619,0.727157521226714,0.3687004476472732
6066,0.6504,4,6,4,584642,91802,72641,53615,0.7271099987327335,0.36869829524746073
6067,0.6505,5,28,5,584670,91774,72646,53610,0.7268882270941579,0.3687475925824025
6068,0.6506,1,5,1,584675,91769,72647,53609,0.7268486250158408,0.3687559328096411
6069,0.6507,9,36,9,584711,91733,72656,53600,0.726563490051958,0.36880818533987464
6070,0.6508,31,84,31,584795,91649,72687,53569,0.7258981751362311,0.36888677712129353
6071,0.6509,0,5,0,584800,91644,72687,53569,0.7258585730579141,0.3688994786968109
6072,0.651,13,52,13,584852,91592,72700,53556,0.7254467114434165,0.3689751150549784
6073,0.6511,3,4,3,584856,91588,72703,53553,0.7254150297807629,0.3689722407865455
6074,0.6512,4,19,4,584875,91569,72707,53549,0.725264541883158,0.36900315605231604
6075,0.6513,6,24,6,584899,91545,72713,53543,0.7250744519072361,0.3690381010145567
6076,0.6514,2,8,2,584907,91537,72715,53541,0.7250110885819288,0.3690497525469058
6077,0.6515,8,30,8,584937,91507,72723,53533,0.7247734761120264,0.3690912851627137
6078,0.6516,0,5,0,584942,91502,72723,53533,0.7247338740337093,0.3691040093770469
6079,0.6517,62,212,62,585154,91290,72785,53471,0.7230547459130655,0.3693743480633596
6080,0.6518,6,19,6,585173,91271,72791,53465,0.7229042580154607,0.36939669467167807
6081,0.6519,0,12,0,585185,91259,72791,53465,0.7228092130274997,0.3694273237334513
6082,0.652,8,59,8,585244,91200,72799,53457,0.7223419085033582,0.3695431261535909
6083,0.6521,5,6,5,585250,91194,72804,53452,0.7222943860093778,0.36953666191944473
6084,0.6522,8,19,8,585269,91175,72812,53444,0.7221438981117729,0.36955033570969237
6085,0.6523,5,37,5,585306,91138,72817,53439,0.7218508427322265,0.3696231074098923
6086,0.6524,5,8,5,585314,91130,72822,53434,0.7217874794069192,0.3696217592208295
6087,0.6525,69,196,69,585510,90934,72891,53365,0.7202350779368901,0.36982238269149476
6088,0.6526,1,5,1,585515,90929,72892,53364,0.720195475858573,0.3698308303244094
6089,0.6527,3,33,3,585548,90896,72895,53361,0.7199341021416804,0.36990232709677867
6090,0.6528,6,14,6,585562,90882,72901,53355,0.7198232163223925,0.3699120198007446
6091,0.6529,6,7,6,585569,90875,72907,53349,0.7197677734127487,0.36990376081650767
6092,0.653,10,33,10,585602,90842,72917,53339,0.7195063996958561,0.36994472225882746
6093,0.6531,2,5,2,585607,90837,72919,53337,0.719466797617539,0.36994881185234507
6094,0.6532,5,25,5,585632,90812,72924,53332,0.7192687872259537,0.36999111999112
6095,0.6533,123,345,123,585977,90467,73047,53209,0.7165362438220758,0.37034020991675715
6096,0.6534,1,9,1,585986,90458,73048,53208,0.716464960081105,0.3703590271880612
6097,0.6535,7,27,7,586013,90431,73055,53201,0.7162511088581929,0.37039796145705695
6098,0.6536,3,8,3,586021,90423,73058,53198,0.7161877455328856,0.3704054421010855
6099,0.6537,5,32,5,586053,90391,73063,53193,0.7159342922316563,0.3704660686427457
6100,0.6538,11,20,11,586073,90371,73074,53182,0.7157758839183881,0.37046944334148363
6101,0.6539,2,7,2,586080,90364,73076,53180,0.7157204410087441,0.3704787382266065
6102,0.654,35,86,35,586166,90278,73111,53145,0.7150392852616906,0.37054726229405327
6103,0.6541,2,0,2,586166,90278,73113,53143,0.7150392852616906,0.37053848460127875
6104,0.6542,26,80,26,586246,90198,73139,53117,0.7144056520086174,0.37063112723720476
6105,0.6543,11,34,11,586280,90164,73150,53106,0.7141363578760613,0.37067076149926714
6106,0.6544,3,12,3,586292,90152,73153,53103,0.7140413128881004,0.370688632159436
6107,0.6545,3,24,3,586316,90128,73156,53100,0.7138512229121784,0.37073756528053176
6108,0.6546,2,8,2,586324,90120,73158,53098,0.7137878595868711,0.3707494867963524
6109,0.6547,11,37,11,586361,90083,73169,53087,0.7134948042073248,0.3707969546692743
6110,0.6548,1,25,1,586386,90058,73170,53086,0.7132967938157394,0.3708573185044431
6111,0.6549,0,1,0,586387,90057,73170,53086,0.7132888734000761,0.3708599093214478
6112,0.655,231,662,231,587049,89395,73401,52855,0.708045558230896,0.3715641476274165
6113,0.6551,1,10,1,587059,89385,73402,52854,0.7079663540742618,0.37158585198152405
6114,0.6552,4,17,4,587076,89368,73406,52850,0.7078317070079838,0.3716125947489066
6115,0.6553,12,37,12,587113,89331,73418,52838,0.7075386516284374,0.371656268244132
6116,0.6554,1,7,1,587120,89324,73419,52837,0.7074832087187936,0.37167014863429493
6117,0.6555,8,23,8,587143,89301,73427,52829,0.707301039158535,0.3716949271793429
6118,0.6556,2,5,2,587148,89296,73429,52827,0.7072614370802179,0.3716991619934845
6119,0.6557,10,35,10,587183,89261,73439,52817,0.7069842225319984,0.37174650544067345
6120,0.6558,27,58,27,587241,89203,73466,52790,0.7065248384235204,0.37177889050868707
6121,0.6559,0,6,0,587247,89197,73466,52790,0.70647731592954,0.3717946009141682
6122,0.656,27,85,27,587332,89112,73493,52763,0.7058040805981498,0.3718977973568282
6123,0.6561,4,13,4,587345,89099,73497,52759,0.7057011151945254,0.3719141676888156
6124,0.6562,4,20,4,587365,89079,73501,52755,0.7055427068812571,0.37194889800752995
6125,0.6563,8,24,8,587389,89055,73509,52747,0.7053526169053352,0.37197641782203356
6126,0.6564,2,11,2,587400,89044,73511,52745,0.7052654923330376,0.3719964172114903
6127,0.6565,9,28,9,587428,89016,73520,52736,0.7050437206944621,0.3720300242677352
6128,0.6566,0,2,0,587430,89014,73520,52736,0.7050278798631352,0.3720352733686067
6129,0.6567,129,341,129,587771,88673,73649,52607,0.702327018121911,0.37235985277463196
6130,0.6568,5,17,5,587788,88656,73654,52602,0.702192371055633,0.3723824491356242
6131,0.6569,4,5,4,587793,88651,73658,52598,0.7021527689773159,0.3723778575423543
6132,0.657,11,27,11,587820,88624,73669,52587,0.7019389177544038,0.3724001671257905
6133,0.6571,1,17,1,587837,88607,73670,52586,0.7018042706881257,0.37244056008442344
6134,0.6572,3,10,3,587847,88597,73673,52583,0.7017250665314916,0.3724536053265335
6135,0.6573,8,40,8,587887,88557,73681,52575,0.701408249904955,0.3725235949324037
6136,0.6574,2,5,2,587892,88552,73683,52573,0.701368647826638,0.37252790079716563
6137,0.6575,63,202,63,588094,88350,73746,52510,0.6997687238626283,0.37278148516257276
6138,0.6576,2,11,2,588105,88339,73748,52508,0.6996815992903308,0.3728016926168112
6139,0.6577,10,29,10,588134,88310,73758,52498,0.6994519072360917,0.37283392989034714
6140,0.6578,4,23,4,588157,88287,73762,52494,0.6992697376758332,0.37287702175719734
6141,0.6579,2,8,2,588165,88279,73764,52492,0.6992063743505259,0.37288930248417645
6142,0.658,19,60,19,588225,88219,73783,52473,0.6987311494107211,0.3729636368805618
6143,0.6581,0,6,0,588231,88213,73783,52473,0.6986836269167406,0.3729795430959726
6144,0.6582,4,24,4,588255,88189,73787,52469,0.6984935369408186,0.37302535227288885
6145,0.6583,72,190,72,588445,87999,73859,52397,0.6969886579647699,0.3732086384227471
6146,0.6584,3,10,3,588455,87989,73862,52394,0.6969094538081358,0.3732218288539211
6147,0.6585,4,26,4,588481,87963,73866,52390,0.6967035230008871,0.3732731042442983
6148,0.6586,1,9,1,588490,87954,73867,52389,0.6966322392599164,0.37329257604583055
6149,0.6587,8,25,8,588515,87929,73875,52381,0.6964342288683311,0.3733233554272682
6150,0.6588,2,19,2,588534,87910,73877,52379,0.6962837409707261,0.3733649822865656
6151,0.6589,3,12,3,588546,87898,73880,52376,0.6961886959827652,0.3733835208235311
6152,0.659,19,32,19,588578,87866,73899,52357,0.695935242681536,0.373383824336949
6153,0.6591,5,19,5,588597,87847,73904,52352,0.6957847547839311,0.373412078545496
6154,0.6592,22,89,22,588686,87758,73926,52330,0.6950798377898872,0.37355091085603337
6155,0.6593,10,33,10,588719,87725,73936,52320,0.6948184640729945,0.3735942018636867
6156,0.6594,1,6,1,588725,87719,73937,52319,0.6947709415790141,0.3736057355860552
6157,0.6595,6,29,6,588754,87690,73943,52313,0.694541249524775,0.37365627879402585
6158,0.6596,1,10,1,588764,87680,73944,52312,0.6944620453681409,0.3736784959140522
6159,0.6597,7,17,7,588781,87663,73951,52305,0.6943273983018629,0.3736925582990398
6160,0.6598,4,12,4,588793,87651,73955,52301,0.6942323533139019,0.37370669943980794
6161,0.6599,1,9,1,588802,87642,73956,52300,0.6941610695729312,0.3737262580211802
6162,0.66,824,1983,824,590785,85659,74780,51476,0.6784548853123812,0.37536733875378275
6163,0.6601,1,1,1,590786,85658,74781,51475,0.6784469648967177,0.3753655210634931
6164,0.6602,8,20,8,590806,85638,74789,51467,0.6782885565834496,0.3753838299113818
6165,0.6603,5,22,5,590828,85616,74794,51462,0.6781143074388544,0.37542129298647486
6166,0.6604,4,9,4,590837,85607,74798,51458,0.6780430236978837,0.3754277167767118
6167,0.6605,6,20,6,590857,85587,74804,51452,0.6778846153846154,0.3754551623990251
6168,0.6606,2,2,2,590859,85585,74806,51450,0.6778687745532885,0.37545152698215783
6169,0.6607,10,42,10,590901,85543,74816,51440,0.6775361170954252,0.3755210500573064
6170,0.6608,23,70,23,590971,85473,74839,51417,0.6769816879989862,0.3756081525312295
6171,0.6609,0,7,0,590978,85466,74839,51417,0.6769262450893423,0.3756273605926229
6172,0.661,20,47,20,591025,85419,74859,51397,0.6765539855531618,0.3756651268857444
6173,0.6611,3,6,3,591031,85413,74862,51394,0.6765064630591814,0.37566791172966296
6174,0.6612,4,18,4,591049,85395,74866,51390,0.6763638955772399,0.37569908981247946
6175,0.6613,9,20,9,591069,85375,74875,51381,0.6762054872639716,0.3757129486092018
6176,0.6614,2,15,2,591084,85360,74877,51379,0.6760866810290204,0.3757450325071852
6177,0.6615,8,24,8,591108,85336,74885,51371,0.6758965910530985,0.3757744665598689
6178,0.6616,2,10,2,591118,85326,74887,51369,0.6758173868964643,0.37579282343904313
6179,0.6617,54,182,54,591300,85144,74941,51315,0.674375871245723,0.376047017785562
6180,0.6618,6,18,6,591318,85126,74947,51309,0.6742333037637815,0.37606919045699416
6181,0.6619,3,8,3,591326,85118,74950,51306,0.6741699404384742,0.37607752301647807
6182,0.662,14,48,14,591374,85070,74964,51292,0.6737897604866303,0.37614584708349835
6183,0.6621,3,8,3,591382,85062,74967,51289,0.673726397161323,0.37615419028830005
6184,0.6622,5,23,5,591405,85039,74972,51284,0.6735442276010645,0.3761947727089339
6185,0.6623,8,27,8,591432,85012,74980,51276,0.6733303763781523,0.37623268372857477
6186,0.6624,1,4,1,591436,85008,74981,51275,0.6732986947154986,0.3762391494170219
6187,0.6625,68,160,68,591596,84848,75049,51207,0.6720314282093525,0.3763698504281357
6188,0.6626,1,19,1,591615,84829,75050,51206,0.6718809403117476,0.37641783364575293
6189,0.6627,8,43,8,591658,84786,75058,51198,0.6715403624382208,0.3765001764913519
6190,0.6628,5,20,5,591678,84766,75063,51193,0.6713819541249525,0.37653263116086466
6191,0.6629,4,19,4,591697,84747,75067,51189,0.6712314662273476,0.3765669138418079
6192,0.663,7,36,7,591733,84711,75074,51182,0.6709463312634647,0.3766345580714238
6193,0.6631,9,2,9,591735,84709,75083,51173,0.6709304904321379,0.37659881367657233
6194,0.6632,5,22,5,591757,84687,75088,51168,0.6707562412875427,0.3766368554709065
6195,0.6633,101,334,101,592091,84353,75189,51067,0.6681108224559625,0.37710087136316645
6196,0.6634,3,5,3,592096,84348,75192,51064,0.6680712203776454,0.3771009954804596
6197,0.6635,11,23,11,592119,84325,75203,51053,0.6678890508173869,0.37711444991062065
6198,0.6636,4,4,4,592123,84321,75207,51049,0.6678573691547333,0.3771071877077639
6199,0.6637,7,20,7,592143,84301,75214,51042,0.667698960841465,0.37713069756101164
6200,0.6638,2,14,2,592157,84287,75216,51040,0.6675880750221772,0.37716050751143526
6201,0.6639,0,6,0,592163,84281,75216,51040,0.6675405525281967,0.3771772304372566
6202,0.664,33,72,33,592235,84209,75249,51007,0.6669702826004309,0.3772260679209561
6203,0.6641,1,9,1,592244,84200,75250,51006,0.6668989988594601,0.37724657189769684
6204,0.6642,28,83,28,592327,84117,75278,50978,0.6662416043593968,0.377349272734002
6205,0.6643,11,39,11,592366,84078,75289,50967,0.6659327081485237,0.377407530823059
6206,0.6644,2,6,2,592372,84072,75291,50965,0.6658851856545431,0.3774150788302465
6207,0.6645,4,25,4,592397,84047,75295,50961,0.6656871752629578,0.37746652050248874
6208,0.6646,0,4,0,592401,84043,75295,50961,0.6656554936003042,0.37747770436431516
6209,0.6647,3,22,3,592423,84021,75298,50958,0.665481244455709,0.37752539283888603
6210,0.6648,4,17,4,592440,84004,75302,50954,0.665346597389431,0.37755449843655065
6211,0.6649,1,4,1,592444,84000,75303,50953,0.6653149157267774,0.3775610768193371
6212,0.665,241,595,241,593039,83405,75544,50712,0.6606022684070461,0.37811761372532937
6213,0.6651,1,6,1,593045,83399,75545,50711,0.6605547459130655,0.37812989337111325
6214,0.6652,5,17,5,593062,83382,75550,50706,0.6604200988467874,0.3781546447109361
6215,0.6653,4,34,4,593096,83348,75554,50702,0.6601508047142314,0.3782320029839612
6216,0.6654,0,8,0,593104,83340,75554,50702,0.6600874413889241,0.3782545769236508
6217,0.6655,6,9,6,593113,83331,75560,50696,0.6600161576479534,0.3782521432248726
6218,0.6656,0,3,0,593116,83328,75560,50696,0.6599923964009631,0.37826061003999284
6219,0.6657,10,31,10,593147,83297,75570,50686,0.6597468635153972,0.37830172484568936
6220,0.6658,26,66,26,593213,83231,75596,50660,0.6592241160816119,0.3783674780231681
6221,0.6659,0,5,0,593218,83226,75596,50660,0.6591845140032949,0.3783816082338706
6222,0.666,16,71,16,593289,83155,75612,50644,0.6586221644911925,0.37850806059836023
6223,0.6661,3,4,3,593293,83151,75615,50641,0.6585904828285388,0.37850544128198993
6224,0.6662,4,23,4,593316,83128,75619,50637,0.6584083132682803,0.37855193810039994
6225,0.6663,6,21,6,593337,83107,75625,50631,0.6582419845393487,0.3785834990802913
6226,0.6664,3,14,3,593351,83093,75628,50628,0.6581310987200608,0.3786091937691163
6227,0.6665,8,33,8,593384,83060,75636,50620,0.6578697250031682,0.3786654697785757
6228,0.6666,0,4,0,593388,83056,75636,50620,0.6578380433405145,0.37867680062240044
6229,0.6667,134,347,134,593735,82709,75770,50486,0.6550896591053098,0.37903825218664366
6230,0.6668,6,18,6,593753,82691,75776,50480,0.6549470916233684,0.3790615073852415
6231,0.6669,2,10,2,593763,82681,75778,50478,0.6548678874667343,0.37908064794719093
6232,0.667,6,38,6,593801,82643,75784,50472,0.6545669116715245,0.3791608759343425
6233,0.6671,4,7,4,593808,82636,75788,50468,0.6545114687618806,0.37916215891333094
6234,0.6672,3,11,3,593819,82625,75791,50465,0.6544243441895831,0.3791795025922308
6235,0.6673,10,35,10,593854,82590,75801,50455,0.6541471296413636,0.37923259047690633
6236,0.6674,3,10,3,593864,82580,75804,50452,0.6540679254847295,0.37924709844248
6237,0.6675,51,149,51,594013,82431,75855,50401,0.6528877835508807,0.379434172488557
6238,0.6676,3,8,3,594021,82423,75858,50398,0.6528244202255734,0.3794430097650221
6239,0.6677,13,28,13,594049,82395,75871,50385,0.6526026485869978,0.3794622684139178
6240,0.6678,2,16,2,594065,82379,75873,50383,0.6524759219363833,0.3794986517226315
6241,0.6679,2,4,2,594069,82375,75875,50381,0.6524442402737296,0.37950073819639035
6242,0.668,14,51,14,594120,82324,75889,50367,0.6520402990748955,0.3795811321039106
6243,0.6681,0,7,0,594127,82317,75889,50367,0.6519848561652516,0.3796011576376956
6244,0.6682,6,17,6,594144,82300,75895,50361,0.6518502090989735,0.37962174263724835
6245,0.6683,75,179,75,594323,82121,75970,50286,0.6504324546952224,0.3797835461871351
6246,0.6684,0,9,0,594332,82112,75970,50286,0.6503611709542517,0.3798093626791946
6247,0.6685,6,22,6,594354,82090,75976,50280,0.6501869218096565,0.3798443756138098
6248,0.6686,3,10,3,594364,82080,75979,50277,0.6501077176530224,0.37985901765679186
6249,0.6687,7,18,7,594382,82062,75986,50270,0.649965150171081,0.3798778829005834
6250,0.6688,8,11,8,594393,82051,75994,50262,0.6498780255987834,0.37987197025235614
6251,0.6689,0,4,0,594397,82047,75994,50262,0.6498463439361297,0.3798834546402739
6252,0.669,17,29,17,594426,82018,76011,50245,0.6496166518818908,0.3798870432396059
6253,0.6691,2,5,2,594431,82013,76013,50243,0.6495770498035737,0.3798920275828696
6254,0.6692,25,85,25,594516,81928,76038,50218,0.6489038144721835,0.38001906981671785
6255,0.6693,11,33,11,594549,81895,76049,50207,0.6486424407552909,0.38006237604275483
6256,0.6694,3,9,3,594558,81886,76052,50204,0.6485711570143201,0.38007419183889773
6257,0.6695,4,16,4,594574,81870,76056,50200,0.6484444303637055,0.3801014613462558
6258,0.6696,2,3,2,594577,81867,76058,50198,0.6484206691167153,0.3801007079847045
6259,0.6697,6,24,6,594601,81843,76064,50192,0.6482305791407933,0.38014162911349264
6260,0.6698,5,14,5,594615,81829,76069,50187,0.6481196933215055,0.3801584656405284
6261,0.6699,1,4,1,594619,81825,76070,50186,0.6480880116588519,0.38016528925619836
6262,0.67,854,1926,854,596545,79899,76924,49332,0.6328332910911164,0.38173503261601316
6263,0.6701,1,8,1,596553,79891,76925,49331,0.6327699277658092,0.3817538809181099
6264,0.6702,3,17,3,596570,79874,76928,49328,0.6326352806995311,0.38178975557653905
6265,0.6703,5,14,5,596584,79860,76933,49323,0.6325243948802434,0.3818072037342375
6266,0.6704,2,8,2,596592,79852,76935,49321,0.632461031554936,0.381821278440541
6267,0.6705,4,18,4,596610,79834,76939,49317,0.6323184640729945,0.38185534761635603
6268,0.6706,1,9,1,596619,79825,76940,49316,0.6322471803320239,0.3818771730124438
6269,0.6707,4,24,4,596643,79801,76944,49312,0.6320570903561019,0.381929007923292
6270,0.6708,20,80,20,596723,79721,76964,49292,0.6314234571030287,0.3820700239510747
6271,0.6709,2,5,2,596728,79716,76966,49290,0.6313838550247117,0.38207525231384587
6272,0.671,13,25,13,596753,79691,76979,49277,0.6311858446331263,0.3820870293406116
6273,0.6711,1,10,1,596763,79681,76980,49276,0.6311066404764922,0.3821118667462798
6274,0.6712,2,14,2,596777,79667,76982,49274,0.6309957546572044,0.3821437711821686
6275,0.6713,13,23,13,596800,79644,76995,49261,0.6308135850969459,0.3821496450874675
6276,0.6714,2,7,2,596807,79637,76997,49259,0.630758142187302,0.38216081181727907
6277,0.6715,5,18,5,596825,79619,77002,49254,0.6306155747053606,0.3821902182769083
6278,0.6716,1,6,1,596831,79613,77003,49253,0.63056805221138,0.382203218847485
6279,0.6717,61,187,61,597018,79426,77064,49192,0.6290869344823217,0.38246590679376136
6280,0.6718,6,18,6,597036,79408,77070,49186,0.6289443670003801,0.3824906294228347
6281,0.6719,4,8,4,597044,79400,77074,49182,0.6288810036750728,0.3824952170599306
6282,0.672,19,41,19,597085,79359,77093,49163,0.6285562666328729,0.3825259488647858
6283,0.6721,5,8,5,597093,79351,77098,49158,0.6284929033075656,0.38252573749698465
6284,0.6722,2,17,2,597110,79334,77100,49156,0.6283582562412875,0.3825667367110281
6285,0.6723,6,28,6,597138,79306,77106,49150,0.628136484602712,0.3826212866662515
6286,0.6724,4,9,4,597147,79297,77110,49146,0.6280652008617412,0.3826288703938712
6287,0.6725,51,160,51,597307,79137,77161,49095,0.6267979343555949,0.38286075238629985
6288,0.6726,1,8,1,597315,79129,77162,49094,0.6267345710302876,0.3828798265521786
6289,0.6727,9,38,9,597353,79091,77171,49085,0.6264335952350779,0.38295000624141806
6290,0.6728,5,8,5,597361,79083,77176,49080,0.6263702319097706,0.3829498373165422
6291,0.6729,4,4,4,597365,79079,77180,49076,0.6263385502471169,0.382942530529437
6292,0.673,9,46,9,597411,79033,77189,49067,0.6259742111265999,0.38303669008587043
6293,0.6731,1,3,1,597414,79030,77190,49066,0.6259504498796097,0.383040844366725
6294,0.6732,2,18,2,597432,79012,77192,49064,0.6258078823976683,0.383085043255567
6295,0.6733,111,318,111,597750,78694,77303,48953,0.6232891902167026,0.38350294170642474
6296,0.6734,3,8,3,597758,78686,77306,48950,0.6232258268913953,0.38351248863956877
6297,0.6735,8,35,8,597793,78651,77314,48942,0.6229486123431758,0.3835790364675178
6298,0.6736,2,5,2,597798,78646,77316,48940,0.6229090102648587,0.38358440581255
6299,0.6737,6,18,6,597816,78628,77322,48934,0.6227664427829173,0.3836095388908923
6300,0.6738,8,26,8,597842,78602,77330,48926,0.6225605119756685,0.38364908098613637
6301,0.6739,1,8,1,597850,78594,77331,48925,0.6224971486503612,0.38366831609407226
6302,0.674,17,59,17,597909,78535,77348,48908,0.6220298441262198,0.38376372182073554
6303,0.6741,0,8,0,597917,78527,77348,48908,0.6219664808009124,0.3837878133950641
6304,0.6742,34,92,34,598009,78435,77382,48874,0.6212378025598784,0.38390058833232527
6305,0.6743,13,47,13,598056,78388,77395,48861,0.6208655430236979,0.3839794418816651
6306,0.6744,0,4,0,598060,78384,77395,48861,0.6208338613610442,0.383991512436638
6307,0.6745,9,26,9,598086,78358,77404,48852,0.6206279305537955,0.3840264130178445
6308,0.6746,0,11,0,598097,78347,77404,48852,0.6205408059814979,0.38405962311024455
6309,0.6747,8,26,8,598123,78321,77412,48844,0.6203348751742491,0.3840993984193764
6310,0.6748,3,17,3,598140,78304,77415,48841,0.6202002281079712,0.3841362224232176
6311,0.6749,4,4,4,598144,78300,77419,48837,0.6201685464453175,0.38412893178225066
6312,0.675,208,560,208,598704,77740,77627,48629,0.6157331136738056,0.3848174789703171
6313,0.6751,1,5,1,598709,77735,77628,48628,0.6156935115954886,0.3848278372624898
6314,0.6752,3,23,3,598732,77712,77631,48625,0.6155113420352301,0.3848832883478316
6315,0.6753,3,33,3,598765,77679,77634,48622,0.6152499683183373,0.38496924014853406
6316,0.6754,3,7,3,598772,77672,77637,48619,0.6151945254086935,0.384975968200426
6317,0.6755,8,23,8,598795,77649,77645,48611,0.6150123558484349,0.3850071281482655
6318,0.6756,3,6,3,598801,77643,77648,48608,0.6149648333544544,0.38501081179555013
6319,0.6757,13,36,13,598837,77607,77661,48595,0.6146796983905716,0.38505728910793807
6320,0.6758,25,73,25,598910,77534,77686,48570,0.6141015080471424,0.3851582820529087
6321,0.6759,2,2,2,598912,77532,77688,48568,0.6140856672158155,0.3851546391752577
6322,0.676,33,63,33,598975,77469,77721,48535,0.6135866810290204,0.38518618456556936
6323,0.6761,4,5,4,598980,77464,77725,48531,0.6135470789507034,0.3851819516647486
6324,0.6762,4,14,4,598994,77450,77729,48527,0.6134361931314155,0.38520523587639016
6325,0.6763,5,27,5,599021,77423,77734,48522,0.6132223419085033,0.38526340863075154
6326,0.6764,1,9,1,599030,77414,77735,48521,0.6131510581675327,0.3852860602691865
6327,0.6765,7,25,7,599055,77389,77742,48514,0.6129530477759473,0.38532838772705974
6328,0.6766,1,3,1,599058,77386,77743,48513,0.6129292865289571,0.38533268731284603
6329,0.6767,115,307,115,599365,77079,77858,48398,0.6104977189202889,0.3857121225403859
6330,0.6768,11,20,11,599385,77059,77869,48387,0.6103393106070206,0.38571975192513114
6331,0.6769,2,5,2,599390,77054,77871,48385,0.6102997085287036,0.38572533263179715
6332,0.677,10,36,10,599426,77018,77881,48375,0.6100145735648207,0.38578708540349144
6333,0.6771,6,8,6,599434,77010,77887,48369,0.6099512102395134,0.38578230804201663
6334,0.6772,3,9,3,599443,77001,77890,48366,0.6098799264985426,0.3857953049845653
6335,0.6773,10,13,10,599456,76988,77900,48356,0.6097769610949183,0.3857863160582078
6336,0.6774,2,8,2,599464,76980,77902,48354,0.609713597769611,0.3858011393556417
6337,0.6775,59,160,59,599624,76820,77961,48295,0.6084463312634647,0.3860048755145266
6338,0.6776,1,11,1,599635,76809,77962,48294,0.6083592066911672,0.38603390805975873
6339,0.6777,9,22,9,599657,76787,77971,48285,0.6081849575465721,0.3860576308046565
6340,0.6778,7,20,7,599677,76767,77978,48278,0.6080265492333038,0.3860850093966172
6341,0.6779,4,9,4,599686,76758,77982,48274,0.607955265492333,0.38609316015100137
6342,0.678,16,45,16,599731,76713,77998,48258,0.6075988467874794,0.3861535876323307
6343,0.6781,3,8,3,599739,76705,78001,48255,0.6075354834621721,0.3861635723431498
6344,0.6782,9,17,9,599756,76688,78010,48246,0.607400836395894,0.38617189876254665
6345,0.6783,70,157,70,599913,76531,78080,48176,0.6061573311367381,0.3863135188882741
6346,0.6784,2,6,2,599919,76525,78082,48174,0.6061098086427575,0.38632226401174025
6347,0.6785,1,19,1,599938,76506,78083,48173,0.6059593207451527,0.38637621411785467
6348,0.6786,1,12,1,599950,76494,78084,48172,0.6058642757571917,0.386408483467826
6349,0.6787,8,28,8,599978,76466,78092,48164,0.6056425041186162,0.3864559094920966
6350,0.6788,5,18,5,599996,76448,78097,48159,0.6054999366366747,0.38648711549110404
6351,0.6789,0,4,0,600000,76444,78097,48159,0.605468254974021,0.3864995224834073
6352,0.679,7,44,7,600044,76400,78104,48152,0.6051197566848309,0.3866015800629456
6353,0.6791,0,8,0,600052,76392,78104,48152,0.6050563933595235,0.38662641315519014
6354,0.6792,20,63,20,600115,76329,78124,48132,0.6045574071727284,0.3867235519560344
6355,0.6793,11,32,11,600147,76297,78135,48121,0.6043039538714992,0.3867687955119034
6356,0.6794,2,6,2,600153,76291,78137,48119,0.6042564313775187,0.3867775902258661
6357,0.6795,6,19,6,600172,76272,78143,48113,0.6041059434799139,0.38680709088716486
6358,0.6796,4,5,4,600177,76267,78147,48109,0.6040663414015968,0.3868029201775262
6359,0.6797,9,28,9,600205,76239,78156,48100,0.6038445697630211,0.38684563974296077
6360,0.6798,7,22,7,600227,76217,78163,48093,0.6036703206184261,0.38687957525540984
6361,0.6799,0,2,0,600229,76215,78163,48093,0.6036544797870992,0.3868857997876243
6362,0.68,798,1878,798,602107,74337,78961,47295,0.5887799391712077,0.38883681925809
6363,0.6801,1,7,1,602114,74330,78962,47294,0.5887244962615638,0.3888541735183845
6364,0.6802,5,16,5,602130,74314,78967,47289,0.5885977696109492,0.3888802085474865
6365,0.6803,4,15,4,602145,74299,78971,47285,0.5884789633759979,0.3889080800105277
6366,0.6804,5,13,5,602158,74286,78976,47280,0.5883759979723736,0.3889245348205913
6367,0.6805,3,15,3,602173,74271,78979,47277,0.5882571917374224,0.38895744890907297
6368,0.6806,5,2,5,602175,74269,78984,47272,0.5882413509060955,0.38893871203955865
6369,0.6807,8,39,8,602214,74230,78992,47264,0.5879324546952224,0.38902332625479447
6370,0.6808,24,56,24,602270,74174,79016,47240,0.5874889114180712,0.38908198395572174
6371,0.6809,2,3,2,602273,74171,79018,47238,0.587465150171081,0.38908153431788417
6372,0.681,19,42,19,602315,74129,79037,47219,0.5871324927132175,0.38912054586808187
6373,0.6811,2,4,2,602319,74125,79039,47217,0.5871008110505639,0.3891233043793575
6374,0.6812,5,14,5,602333,74111,79044,47212,0.5869899252312761,0.38914303141201584
6375,0.6813,5,28,5,602361,74083,79049,47207,0.5867681535927005,0.38920768406298956
6376,0.6814,4,11,4,602372,74072,79053,47203,0.586681029020403,0.3892228406514121
6377,0.6815,7,20,7,602392,74052,79060,47196,0.5865226207071347,0.3892517814726841
6378,0.6816,1,8,1,602400,74044,79061,47195,0.5864592573818274,0.38927242883890495
6379,0.6817,60,160,60,602560,73884,79121,47135,0.5851919908756812,0.38948429585437
6380,0.6818,4,13,4,602573,73871,79125,47131,0.5850890254720568,0.38950595857919706
6381,0.6819,1,4,1,602577,73867,79126,47130,0.5850573438094031,0.3895137895980892
6382,0.682,10,42,10,602619,73825,79136,47120,0.5847246863515397,0.38959857786597213
6383,0.6821,5,18,5,602637,73807,79141,47115,0.5845821188695983,0.3896313325945651
6384,0.6822,6,4,6,602641,73803,79147,47109,0.5845504372069447,0.38961393410083367
6385,0.6823,8,31,8,602672,73772,79155,47101,0.5843049043213788,0.3896734589196926
6386,0.6824,2,4,2,602676,73768,79157,47099,0.5842732226587252,0.3896762557190962
6387,0.6825,48,162,48,602838,73606,79205,47051,0.5829901153212521,0.3899566539860928
6388,0.6826,1,4,1,602842,73602,79206,47050,0.5829584336585985,0.38996452607499255
6389,0.6827,12,29,12,602871,73573,79218,47038,0.5827287416043594,0.38999759557585956
6390,0.6828,4,18,4,602889,73555,79222,47034,0.582586174122418,0.3900355753841561
6391,0.6829,8,8,8,602897,73547,79230,47026,0.5825228107971107,0.39002098313884537
6392,0.683,10,31,10,602928,73516,79240,47016,0.5822772779115448,0.3900706866226396
6393,0.6831,0,7,0,602935,73509,79240,47016,0.582221835001901,0.39009334163036713
6394,0.6832,5,19,5,602954,73490,79245,47011,0.5820713471042961,0.3901295424934233
6395,0.6833,111,275,111,603229,73215,79356,46900,0.5798932327968572,0.3904591433209841
6396,0.6834,0,5,0,603234,73210,79356,46900,0.5798536307185401,0.39047539755224375
6397,0.6835,7,24,7,603258,73186,79363,46893,0.5796635407426182,0.3905179090432132
6398,0.6836,2,7,2,603265,73179,79365,46891,0.5796080978329743,0.39053052386108106
6399,0.6837,2,18,2,603283,73161,79367,46889,0.5794655303510329,0.3905789254477301
6400,0.6838,6,13,6,603296,73148,79373,46883,0.5793625649474085,0.3905907640526197
6401,0.6839,1,4,1,603300,73144,79374,46882,0.5793308832847548,0.39059870361421695
6402,0.684,29,50,29,603350,73094,79403,46853,0.5789348625015841,0.39061418793300373
6403,0.6841,0,3,0,603353,73091,79403,46853,0.5789111012545939,0.3906239578469953
6404,0.6842,26,67,26,603420,73024,79429,46827,0.5783804334051451,0.3907101317469191
6405,0.6843,8,27,8,603447,72997,79437,46819,0.5781665821822329,0.39075749482539895
6406,0.6844,2,5,2,603452,72992,79439,46817,0.5781269801039158,0.3907636321144488
6407,0.6845,2,21,2,603473,72971,79441,46815,0.5779606513749842,0.3908219658390797
6408,0.6846,2,11,2,603484,72960,79443,46813,0.5778735268026866,0.3908476868743373
6409,0.6847,2,26,2,603510,72934,79445,46811,0.5776675959954378,0.3909223767171907
6410,0.6848,3,7,3,603517,72927,79448,46808,0.577612153085794,0.3909299703511922
6411,0.6849,2,8,2,603525,72919,79450,46806,0.5775487897604866,0.390945917728127
6412,0.685,221,557,221,604082,72362,79671,46585,0.573137118235965,0.3916450183695259
6413,0.6851,1,3,1,604085,72359,79672,46584,0.5731133569889748,0.3916497818282707
6414,0.6852,4,15,4,604100,72344,79676,46580,0.5729945507540236,0.3916787191819986
6415,0.6853,6,28,6,604128,72316,79682,46574,0.572772779115448,0.3917402641096812
6416,0.6854,1,12,1,604140,72304,79683,46573,0.572677734127487,0.3917746914878404
6417,0.6855,4,22,4,604162,72282,79687,46569,0.5725034849828919,0.39182674104551074
6418,0.6856,0,5,0,604167,72277,79687,46569,0.5724638829045748,0.39184322568702357
6419,0.6857,14,22,14,604189,72255,79701,46555,0.5722896337599798,0.39184412086524706
6420,0.6858,22,83,22,604272,72172,79723,46533,0.5716322392599164,0.3920053915167853
6421,0.6859,0,7,0,604279,72165,79723,46533,0.5715767963502725,0.39202850932618916
6422,0.686,26,62,26,604341,72103,79749,46507,0.5710857305791408,0.39210016018885424
6423,0.6861,1,3,1,604344,72100,79750,46506,0.5710619693321506,0.3921049525319124
6424,0.6862,6,17,6,604361,72083,79756,46500,0.5709273222658725,0.39213040655068604
6425,0.6863,6,23,6,604384,72060,79762,46494,0.570745152705614,0.392175717394605
6426,0.6864,1,8,1,604392,72052,79763,46493,0.5706817893803067,0.39219705597030663
6427,0.6865,10,30,10,604422,72022,79773,46483,0.5704441769104043,0.39224505295135226
6428,0.6866,1,4,1,604426,72018,79774,46482,0.5704124952477506,0.392253164556962
6429,0.6867,120,288,120,604714,71730,79894,46362,0.5681314155366873,0.3925922162381872
6430,0.6868,6,22,6,604736,71708,79900,46356,0.5679571663920923,0.3926345033202331
6431,0.6869,3,4,3,604740,71704,79903,46353,0.5679254847294386,0.3926323724980306
6432,0.687,11,44,11,604784,71660,79914,46342,0.5675769864402483,0.392722157251572
6433,0.6871,2,9,2,604793,71651,79916,46340,0.5675057026992777,0.39274181929130186
6434,0.6872,4,17,4,604810,71634,79920,46336,0.5673710556329996,0.3927778248707298
6435,0.6873,11,29,11,604839,71605,79931,46325,0.5671413635787607,0.39281777325532097
6436,0.6874,2,1,2,604840,71604,79933,46323,0.5671334431630972,0.3928108066854919
6437,0.6875,49,174,49,605014,71430,79982,46274,0.5657552908376632,0.3931387208591042
6438,0.6876,5,2,5,605016,71428,79987,46269,0.5657394500063363,0.3931196207210039
6439,0.6877,11,28,11,605044,71400,79998,46258,0.5655176783677608,0.39315643645141
6440,0.6878,4,11,4,605055,71389,80002,46254,0.5654305537954631,0.39317256445347365
6441,0.6879,3,7,3,605062,71382,80005,46251,0.5653751108858193,0.3931804850679656
6442,0.688,23,52,23,605114,71330,80028,46228,0.5649632492713218,0.39323567940931287
6443,0.6881,3,3,3,605117,71327,80031,46225,0.5649394880243315,0.3932302300258609
6444,0.6882,3,23,3,605140,71304,80034,46222,0.564757318464073,0.3932916971563739
6445,0.6883,58,167,58,605307,71137,80092,46164,0.5634346090482829,0.39355163212589833
6446,0.6884,3,6,3,605313,71131,80095,46161,0.5633870865543024,0.3935562527708625
6447,0.6885,4,22,4,605335,71109,80099,46157,0.5632128374097073,0.39360940084935103
6448,0.6886,3,14,3,605349,71095,80102,46154,0.5631019515904194,0.3936408839307798
6449,0.6887,6,15,6,605364,71080,80108,46148,0.5629831453554682,0.39366021769543114
6450,0.6888,7,18,7,605382,71062,80115,46141,0.5628405778735268,0.3936844620018259
6451,0.6889,1,8,1,605390,71054,80116,46140,0.5627772145482195,0.3937061624315238
6452,0.689,13,33,13,605423,71021,80129,46127,0.5625158408313268,0.39374978659473486
6453,0.6891,0,5,0,605428,71016,80129,46127,0.5624762387530098,0.39376659296756955
6454,0.6892,18,62,18,605490,70954,80147,46109,0.5619851729818781,0.3938819268257263
6455,0.6893,11,31,11,605521,70923,80158,46098,0.5617396400963123,0.3939292947419694
6456,0.6894,3,8,3,605529,70915,80161,46095,0.561676276771005,0.39394068883001454
6457,0.6895,5,18,5,605547,70897,80166,46090,0.5615337092890635,0.39397539897595457
6458,0.6896,0,8,0,605555,70889,80166,46090,0.5614703459637562,0.3940023423007548
6459,0.6897,6,13,6,605568,70876,80172,46084,0.5613673805601318,0.39401504787961694
6460,0.6898,1,28,1,605596,70848,80173,46083,0.5611456089215562,0.3941042153064628
6461,0.6899,4,10,4,605606,70838,80177,46079,0.5610664047649221,0.3941171942489116
6462,0.69,842,1880,842,607486,68958,81019,45237,0.5461760233177038,0.396138184684093
6463,0.6901,1,11,1,607497,68947,81020,45236,0.5460888987454061,0.39617105873904174
6464,0.6902,9,23,9,607520,68924,81029,45227,0.5459067291851476,0.3962032746099465
6465,0.6903,8,18,8,607538,68906,81037,45219,0.5457641617032062,0.396223439211391
6466,0.6904,4,7,4,607545,68899,81041,45215,0.5457087187935623,0.39622658043710673
6467,0.6905,8,14,8,607559,68885,81049,45207,0.5455978329742744,0.39623286470567615
6468,0.6906,4,10,4,607569,68875,81053,45203,0.5455186288176403,0.3962464278826768
6469,0.6907,9,27,9,607596,68848,81062,45194,0.5453047775947282,0.3962925939566125
6470,0.6908,25,57,25,607653,68791,81087,45169,0.5448533139019136,0.3963583713583714
6471,0.6909,0,9,0,607662,68782,81087,45169,0.5447820301609428,0.3963896762643592
6472,0.691,12,40,12,607702,68742,81099,45157,0.5444652135344062,0.39646528942308534
6473,0.6911,1,2,1,607704,68740,81100,45156,0.5444493727030795,0.3964669523073681
6474,0.6912,4,15,4,607719,68725,81104,45152,0.5443305664681283,0.39649797588626323
6475,0.6913,3,15,3,607734,68710,81107,45149,0.5442117602331771,0.3965343099798874
6476,0.6914,2,4,2,607738,68706,81109,45147,0.5441800785705234,0.3965376406418803
6477,0.6915,8,17,8,607755,68689,81117,45139,0.5440454315042453,0.3965544505745511
6478,0.6916,0,1,0,607756,68688,81117,45139,0.5440375110885819,0.3965579344092351
6479,0.6917,63,150,63,607906,68538,81180,45076,0.5428494487390698,0.39674687978594186
6480,0.6918,5,19,5,607925,68519,81185,45071,0.542698960841465,0.3967866889690994
6481,0.6919,0,3,0,607928,68516,81185,45071,0.5426751995944747,0.39679716869007897
6482,0.692,17,38,17,607966,68478,81202,45054,0.542374223799265,0.3968396575414861
6483,0.6921,4,11,4,607977,68467,81206,45050,0.5422870992269674,0.3968568584441097
6484,0.6922,4,12,4,607989,68455,81210,45046,0.5421920542390065,0.3968775605501273
6485,0.6923,3,25,3,608014,68430,81213,45043,0.5419940438474211,0.3969490539599729
6486,0.6924,0,6,0,608020,68424,81213,45043,0.5419465213534407,0.3969700441538068
6487,0.6925,47,133,47,608153,68291,81260,44996,0.5408931060702066,0.3971859083566517
6488,0.6926,2,7,2,608160,68284,81262,44994,0.5408376631605627,0.39719980931866733
6489,0.6927,15,26,15,608186,68258,81277,44979,0.5406317323533139,0.397211158896827
6490,0.6928,3,12,3,608198,68246,81280,44976,0.540536687365353,0.39723728603981556
6491,0.6929,4,10,4,608208,68236,81284,44972,0.5404574832087188,0.397251077662356
6492,0.693,14,34,14,608242,68202,81298,44958,0.5401881890761627,0.39729586426299046
6493,0.6931,2,6,2,608248,68196,81300,44956,0.5401406665821822,0.397306278280543
6494,0.6932,2,17,2,608265,68179,81302,44954,0.5400060195159042,0.3973553251482768
6495,0.6933,125,248,125,608513,67931,81427,44829,0.5380417564313775,0.39756119191202555
6496,0.6934,2,6,2,608519,67925,81429,44827,0.537994233937397,0.3975716617000142
6497,0.6935,5,22,5,608541,67903,81434,44822,0.5378199847928019,0.3976225327123531
6498,0.6936,2,2,2,608543,67901,81436,44820,0.5378041439614751,0.39761889976135767
6499,0.6937,6,20,6,608563,67881,81442,44814,0.5376457356482068,0.39765739385065885
6500,0.6938,6,18,6,608581,67863,81448,44808,0.5375031681662653,0.39768884628697715
6501,0.6939,0,3,0,608584,67860,81448,44808,0.5374794069192751,0.39769943550963893
6502,0.694,24,67,24,608651,67793,81472,44784,0.5369487390698264,0.39780772271423115
6503,0.6941,0,3,0,608654,67790,81472,44784,0.5369249778228361,0.3978183239469149
6504,0.6942,18,57,18,608711,67733,81490,44766,0.5364735141300215,0.3979235370981075
6505,0.6943,7,30,7,608741,67703,81497,44759,0.5362359016601191,0.39799221070228163
6506,0.6944,4,4,4,608745,67699,81501,44755,0.5362042199974655,0.39798495384779553
6507,0.6945,7,24,7,608769,67675,81508,44748,0.5360141300215435,0.39803243108616565
6508,0.6946,1,11,1,608780,67664,81509,44747,0.535927005449246,0.3980660255668929
6509,0.6947,4,20,4,608800,67644,81513,44743,0.5357685971359777,0.3981154403979108
6510,0.6948,4,24,4,608824,67620,81517,44739,0.5355785071600557,0.3981790510773503
6511,0.6949,1,6,1,608830,67614,81518,44738,0.5355309846660753,0.39819495870122473
6512,0.695,211,522,211,609352,67092,81729,44527,0.5313965276897732,0.39891953878819914
6513,0.6951,2,7,2,609359,67085,81731,44525,0.5313410847801293,0.39893378729504525
6514,0.6952,4,17,4,609376,67068,81735,44521,0.5312064377138512,0.39897301705365223
6515,0.6953,12,21,12,609397,67047,81747,44509,0.5310401089849195,0.3989834701853777
6516,0.6954,0,6,0,609403,67041,81747,44509,0.5309925864909391,0.3990049305244285
6517,0.6955,4,22,4,609425,67019,81751,44505,0.530818337346344,0.3990620852910584
6518,0.6956,2,3,2,609428,67016,81753,44503,0.5307945760993537,0.39906204323926864
6519,0.6957,7,21,7,609449,66995,81760,44496,0.530628247370422,0.39909947888170344
6520,0.6958,29,54,29,609503,66941,81789,44467,0.5302005449245977,0.399136507252621
6521,0.6959,1,1,1,609504,66940,81790,44466,0.5301926245089342,0.39913469651544803
6522,0.696,17,56,17,609560,66884,81807,44449,0.529749081231783,0.3992437103105099
6523,0.6961,0,5,0,609565,66879,81807,44449,0.529709479153466,0.3992616412762288
6524,0.6962,6,23,6,609588,66856,81813,44443,0.5295273095932075,0.3993117638074017
6525,0.6963,10,15,10,609603,66841,81823,44433,0.5294085033582563,0.3993116091809407
6526,0.6964,2,9,2,609612,66832,81825,44431,0.5293372196172855,0.39933311163639307
6527,0.6965,3,10,3,609622,66822,81828,44428,0.5292580154606513,0.399352808988764
6528,0.6966,2,8,2,609630,66814,81830,44426,0.5291946521353441,0.39937072995325423
6529,0.6967,108,277,108,609907,66537,81938,44318,0.5270006969965784,0.39978350096973525
6530,0.6968,5,10,5,609917,66527,81943,44313,0.5269214928399443,0.3997924936845904
6531,0.6969,1,9,1,609926,66518,81944,44312,0.5268502090989735,0.39981954344491566
6532,0.697,7,27,7,609953,66491,81951,44305,0.5266363578760613,0.39987905700566806
6533,0.6971,4,10,4,609963,66481,81955,44301,0.5265571537194272,0.39989348450109224
6534,0.6972,4,13,4,609976,66468,81959,44297,0.5264541883158028,0.39991874689658286
6535,0.6973,9,27,9,610003,66441,81968,44288,0.5262403370928906,0.39996748819189193
6536,0.6974,4,5,4,610008,66436,81972,44284,0.5262007350145735,0.39996387283236995
6537,0.6975,53,148,53,610156,66288,82025,44231,0.5250285134963882,0.4002117283001113
6538,0.6976,5,12,5,610168,66276,82030,44226,0.5249334685084274,0.40022805017103763
6539,0.6977,7,23,7,610191,66253,82037,44219,0.5247512989481689,0.4002733724382649
6540,0.6978,7,14,7,610205,66239,82044,44212,0.524640413128881,0.40028609971842716
6541,0.6979,2,9,2,610214,66230,82046,44210,0.5245691293879102,0.40030785947120606
6542,0.698,22,44,22,610258,66186,82068,44188,0.5242206310987201,0.40034790802181675
6543,0.6981,2,7,2,610265,66179,82070,44186,0.5241651881890762,0.40036243374258146
6544,0.6982,6,17,6,610282,66162,82076,44180,0.5240305411227981,0.4003915100324446
6545,0.6983,51,135,51,610417,66027,82127,44129,0.5229612850082372,0.4006045971168162
6546,0.6984,0,4,0,610421,66023,82127,44129,0.5229296033455836,0.400619144454935
6547,0.6985,8,19,8,610440,66004,82135,44121,0.5227791154479787,0.40064472190692396
6548,0.6986,4,9,4,610449,65995,82139,44117,0.522707831707008,0.40065569601859924
6549,0.6987,7,13,7,610462,65982,82146,44110,0.5226048663033837,0.4006648984485703
6550,0.6988,7,11,7,610473,65971,82153,44103,0.522517741731086,0.40066682413649
6551,0.6989,2,6,2,610479,65965,82155,44101,0.5224702192371056,0.40067777515308994
6552,0.699,9,39,9,610518,65926,82164,44092,0.5221613230262324,0.4007707829627879
6553,0.6991,1,2,1,610520,65924,82165,44091,0.5221454821949056,0.40077262191519336
6554,0.6992,19,61,19,610581,65863,82184,44072,0.5216623368394373,0.4008914358484559
6555,0.6993,9,41,9,610622,65822,82193,44063,0.5213375997972374,0.4009919461254948
6556,0.6994,3,12,3,610634,65810,82196,44060,0.5212425548092764,0.4010193865477382
6557,0.6995,8,27,8,610661,65783,82204,44052,0.5210287035863642,0.4010743387808986
6558,0.6996,3,12,3,610673,65771,82207,44049,0.5209336585984032,0.4011018029502823
6559,0.6997,8,22,8,610695,65749,82215,44041,0.5207594094538082,0.40113853720739595
6560,0.6998,10,15,10,610710,65734,82225,44031,0.520640603218857,0.40113879651983786
6561,0.6999,0,2,0,610712,65732,82225,44031,0.5206247623875301,0.4011461057004637
6562,0.7,805,1797,805,612509,63935,83030,43226,0.5063917754403751,0.40337436194137793
6563,0.7001,0,9,0,612518,63926,83030,43226,0.5063204916994044,0.4034082424966403
6564,0.7002,10,16,10,612534,63910,83040,43216,0.5061937650487898,0.4034128036144353
6565,0.7003,2,17,2,612551,63893,83042,43214,0.5060591179825117,0.40346569318531933
6566,0.7004,2,3,2,612554,63890,83044,43212,0.5060353567355215,0.4034658549793655
6567,0.7005,4,24,4,612578,63866,83048,43208,0.5058452667595995,0.40353400452023835
6568,0.7006,4,9,4,612587,63857,83052,43204,0.5057739830186289,0.40354564220397715
6569,0.7007,8,30,8,612617,63827,83060,43196,0.5055363705487264,0.4036141763919905
6570,0.7008,22,60,22,612677,63767,83082,43174,0.5050611456089216,0.40371793792839045
6571,0.7009,1,2,1,612679,63765,83083,43173,0.5050453047775947,0.4037199124726477
6572,0.701,6,46,6,612725,63719,83089,43167,0.5046809656570777,0.4038601874894748
6573,0.7011,3,7,3,612732,63712,83092,43164,0.5046255227474338,0.4038699053108275
6574,0.7012,8,11,8,612743,63701,83100,43156,0.5045383981751362,0.4038668500893718
6575,0.7013,5,19,5,612762,63682,83105,43151,0.5043879102775314,0.40391077663268843
6576,0.7014,3,10,3,612772,63672,83108,43148,0.5043087061208972,0.4039318479685452
6577,0.7015,4,27,4,612799,63645,83112,43144,0.504094854897985,0.4040116491398927
6578,0.7016,1,8,1,612807,63637,83113,43143,0.5040314915726777,0.4040363363925829
6579,0.7017,55,161,55,612968,63476,83168,43088,0.5027563046508681,0.4043391764573402
6580,0.7018,8,23,8,612991,63453,83176,43080,0.5025741350906096,0.4043817408690265
6581,0.7019,2,2,2,612993,63451,83178,43078,0.5025582942592828,0.4043781505505543
6582,0.702,18,37,18,613030,63414,83196,43060,0.5022652388797364,0.4044179799763323
6583,0.7021,3,5,3,613035,63409,83199,43057,0.5022256368014193,0.4044201904833468
6584,0.7022,1,9,1,613044,63400,83200,43056,0.5021543530604486,0.40444878635304726
6585,0.7023,7,27,7,613071,63373,83207,43049,0.5019405018375365,0.40451222491590083
6586,0.7024,0,7,0,613078,63366,83207,43049,0.5018850589278926,0.4045388338110229
6587,0.7025,75,137,75,613215,63229,83282,42974,0.5007999619820048,0.40464017024001203
6588,0.7026,0,5,0,613220,63224,83282,42974,0.5007603599036877,0.4046592214542647
6589,0.7027,7,20,7,613240,63204,83289,42967,0.5006019515904194,0.4046961976434243
6590,0.7028,2,11,2,613251,63193,83291,42965,0.5005148270181219,0.4047269164829782
6591,0.7029,7,7,7,613258,63186,83298,42958,0.500459384108478,0.4047143503165511
6592,0.703,11,28,11,613286,63158,83309,42947,0.5002376124699024,0.40475943640733236
6593,0.7031,0,5,0,613291,63153,83309,42947,0.5001980103915854,0.4047785108388313
6594,0.7032,7,23,7,613314,63130,83316,42940,0.5000158408313268,0.404827001037051
6595,0.7033,111,265,111,613579,62865,83427,42829,0.4979169306805221,0.40521694703578254
6596,0.7034,0,6,0,613585,62859,83427,42829,0.49786940818654163,0.4052399515555219
6597,0.7035,9,19,9,613604,62840,83436,42820,0.4977189202889368,0.4052621616505773
6598,0.7036,0,11,0,613615,62829,83436,42820,0.49763179571663924,0.4053043568798569
6599,0.7037,3,19,3,613634,62810,83439,42817,0.4974813078190343,0.4053603718746154
6600,0.7038,9,20,9,613654,62790,83448,42808,0.4973228995057661,0.4053864656527586
6601,0.7039,3,9,3,613663,62781,83451,42805,0.4972516157647953,0.4054041255469475
6602,0.704,22,58,22,613721,62723,83473,42783,0.4967922316563173,0.40550300456846056
6603,0.7041,1,4,1,613725,62719,83474,42782,0.49676054999366365,0.4055127439550336
6604,0.7042,24,57,24,613782,62662,83498,42758,0.4963090863008491,0.405596660975147
6605,0.7043,9,26,9,613808,62636,83507,42749,0.4961031554936003,0.40564596479574894
6606,0.7044,2,7,2,613815,62629,83509,42747,0.4960477125839564,0.40566163073185546
6607,0.7045,3,14,3,613829,62615,83512,42744,0.4959368267646686,0.4056986114143073
6608,0.7046,6,15,6,613844,62600,83518,42738,0.4958180205297174,0.40572253128025976
6609,0.7047,8,24,8,613868,62576,83526,42730,0.49562793055379545,0.40576985167037016
6610,0.7048,5,12,5,613880,62564,83531,42725,0.49553288556583447,0.4057878790756869
6611,0.7049,0,6,0,613886,62558,83531,42725,0.49548536307185403,0.4058110046256281
6612,0.705,226,499,226,614385,62059,83757,42499,0.4915330756558104,0.40646339830524686
6613,0.7051,1,8,1,614393,62051,83758,42498,0.49146971233050313,0.40648882342251
6614,0.7052,8,24,8,614417,62027,83766,42490,0.49127962235458117,0.4065367356506597
6615,0.7053,6,21,6,614438,62006,83772,42484,0.4911132936256495,0.4065843621399177
6616,0.7054,3,11,3,614449,61995,83775,42481,0.49102616905335195,0.4066101305563
6617,0.7055,4,16,4,614465,61979,83779,42477,0.4908994424027373,0.40664968982155164
6618,0.7056,0,2,0,614467,61977,83779,42477,0.4908836015714105,0.40665747601815155
6619,0.7057,12,38,12,614505,61939,83791,42465,0.4905826257762007,0.4067372897590131
6620,0.7058,27,58,27,614563,61881,83818,42438,0.4901232416677227,0.4068098812296897
6621,0.7059,2,4,2,614567,61877,83820,42436,0.4900915600050691,0.40681410754172537
6622,0.706,21,58,21,614625,61819,83841,42415,0.489632175896591,0.4069209662873918
6623,0.7061,0,3,0,614628,61816,83841,42415,0.4896084146496008,0.40693267837783387
6624,0.7062,5,20,5,614648,61796,83846,42410,0.4894500063363325,0.40698232347465596
6625,0.7063,4,10,4,614658,61786,83850,42406,0.4893708021796984,0.4069986179361179
6626,0.7064,1,6,1,614664,61780,83851,42405,0.4893232796857179,0.40701636511973893
6627,0.7065,3,18,3,614682,61762,83854,42402,0.48918071220377646,0.40706962098229715
6628,0.7066,2,4,2,614686,61758,83856,42400,0.4891490305411228,0.407073868545863
6629,0.7067,119,296,119,614982,61462,83975,42281,0.48680458750475225,0.4075552085441909
6630,0.7068,3,16,3,614998,61446,83978,42278,0.4866778608541376,0.4076009409586981
6631,0.7069,0,2,0,615000,61444,83978,42278,0.4866620200228108,0.40760880044734965
6632,0.707,5,27,5,615027,61417,83983,42273,0.4864481687998986,0.40768637284212556
6633,0.7071,1,14,1,615041,61403,83984,42272,0.4863372829806108,0.40773571256329877
6634,0.7072,4,17,4,615058,61386,83988,42268,0.48620263591433277,0.4077797287128331
6635,0.7073,9,21,9,615079,61365,83997,42259,0.4860363071854011,0.40781093183046396
6636,0.7074,1,3,1,615082,61362,83998,42258,0.48601254593841087,0.40781702374059065
6637,0.7075,61,145,61,615227,61217,84059,42197,0.48486408566721584,0.4080395304310828
6638,0.7076,2,8,2,615235,61209,84061,42195,0.4848007223419085,0.40805964952999885
6639,0.7077,3,26,3,615261,61183,84064,42192,0.48459479153465973,0.40814510278113664
6640,0.7078,5,22,5,615283,61161,84069,42187,0.48442054239006466,0.4082033517823277
6641,0.7079,1,2,1,615285,61159,84070,42186,0.4844047015587378,0.4082055251826407
6642,0.708,22,48,22,615333,61111,84092,42164,0.4840245216068939,0.4082691842168966
6643,0.7081,0,5,0,615338,61106,84092,42164,0.48398491952857686,0.4082889512927278
6644,0.7082,5,12,5,615350,61094,84097,42159,0.4838898745406159,0.40830774892739197
6645,0.7083,67,140,67,615490,60954,84164,42092,0.48278101634773796,0.40847776721076023
6646,0.7084,4,8,4,615498,60946,84168,42088,0.48271765302243064,0.4084865190131413
6647,0.7085,9,28,9,615526,60918,84177,42079,0.482495881383855,0.4085458799770867
6648,0.7086,4,6,4,615532,60912,84181,42075,0.48244835888987453,0.4085467097789041
6649,0.7087,6,20,6,615552,60892,84187,42069,0.4822899505766063,0.40859160264566197
6650,0.7088,6,14,6,615566,60878,84193,42063,0.4821790647573185,0.4086127004789151
6651,0.7089,0,5,0,615571,60873,84193,42063,0.4821394626790014,0.40863254837957563
6652,0.709,16,39,16,615610,60834,84209,42047,0.4818305664681283,0.408695483130996
6653,0.7091,2,7,2,615617,60827,84211,42045,0.48177512355848434,0.40871179718485107
6654,0.7092,29,60,29,615677,60767,84240,42016,0.4812998986186795,0.40878355370051467
6655,0.7093,9,25,9,615702,60742,84249,42007,0.48110188822709415,0.408831229501017
6656,0.7094,2,2,2,615704,60740,84251,42005,0.4810860473957673,0.40882768017908416
6657,0.7095,7,15,7,615719,60725,84258,41998,0.48096724116081613,0.40884709364017796
6658,0.7096,4,8,4,615727,60717,84262,41994,0.4809038778355088,0.4088559161141455
6659,0.7097,7,19,7,615746,60698,84269,41987,0.48075338993790395,0.4088912694161757
6660,0.7098,8,13,8,615759,60685,84277,41979,0.4806504245342796,0.4088969843372555
6661,0.7099,1,7,1,615766,60678,84278,41978,0.48059498162463565,0.408919108478803
6662,0.71,882,1745,882,617511,58933,85160,41096,0.4667738562919782,0.410840856151716
6663,0.7101,0,11,0,617522,58922,85160,41096,0.46668673171968067,0.4108860405127077
6664,0.7102,1,16,1,617538,58906,85161,41095,0.46656000506906603,0.4109458905410946
6665,0.7103,7,17,7,617555,58889,85168,41088,0.466425358002788,0.4109745241405523
6666,0.7104,1,7,1,617562,58882,85169,41087,0.46636991509314407,0.410997409196851
6667,0.7105,1,16,1,617578,58866,85170,41086,0.4662431884425295,0.41105730750760366
6668,0.7106,2,4,2,617582,58862,85172,41084,0.46621150677987583,0.41106197346567147
6669,0.7107,13,34,13,617616,58828,85185,41071,0.4659422126473197,0.41112523648885374
6670,0.7108,21,56,21,617672,58772,85206,41050,0.46549866937016854,0.41123199294744645
6671,0.7109,1,2,1,617674,58770,85207,41049,0.4654828285388417,0.4112343341448021
6672,0.711,15,38,15,617712,58732,85222,41034,0.465181852743632,0.41130244772768276
6673,0.7111,2,5,2,617717,58727,85224,41032,0.4651422506653149,0.41131126013693
6674,0.7112,7,21,7,617738,58706,85231,41025,0.4649759219363832,0.41135654911712505
6675,0.7113,10,21,10,617759,58685,85241,41015,0.4648095932074515,0.41138415245737214
6676,0.7114,2,7,2,617766,58678,85243,41013,0.46475415029780764,0.41140122980008226
6677,0.7115,10,23,10,617789,58655,85253,41003,0.46457198073754913,0.4114371149330711
6678,0.7116,1,4,1,617793,58651,85254,41002,0.46454029907489547,0.4114477236008951
6679,0.7117,67,150,67,617943,58501,85321,40935,0.46335223672538334,0.41167182911621547
6680,0.7118,3,14,3,617957,58487,85324,40932,0.46324135090609553,0.4117120469930295
6681,0.7119,5,13,5,617970,58474,85329,40927,0.46313838550247116,0.4117363004396334
6682,0.712,16,36,16,618006,58438,85345,40911,0.4628532505385883,0.41179075783349606
6683,0.7121,3,11,3,618017,58427,85348,40908,0.4627661259662907,0.4118185936477576
6684,0.7122,3,9,3,618026,58418,85351,40905,0.46269484222532,0.41183814423648096
6685,0.7123,6,28,6,618054,58390,85357,40899,0.4624730705867444,0.41191874225745045
6686,0.7124,4,11,4,618065,58379,85361,40895,0.4623859460144468,0.4119406894050809
6687,0.7125,68,132,68,618197,58247,85429,40827,0.46134045114687616,0.41208591557825464
6688,0.7126,1,2,1,618199,58245,85430,40826,0.46132461031554933,0.41208830030987875
6689,0.7127,9,28,9,618227,58217,85439,40817,0.46110283867697377,0.41215138235353516
6690,0.7128,3,10,3,618237,58207,85442,40814,0.4610236345203396,0.4121751951606225
6691,0.7129,2,6,2,618243,58201,85444,40812,0.46097611202635913,0.41218829850625677
6692,0.713,8,34,8,618277,58167,85452,40804,0.4607068178938031,0.41228238574936094
6693,0.7131,2,7,2,618284,58160,85454,40802,0.46065137498415915,0.4122996705806269
6694,0.7132,7,17,7,618301,58143,85461,40795,0.4605167279178811,0.4123289332713416
6695,0.7133,105,271,105,618572,57872,85566,40690,0.4583702952730959,0.41283659016659563
6696,0.7134,2,5,2,618577,57867,85568,40688,0.45833069319477887,0.4128456191974025
6697,0.7135,8,17,8,618594,57850,85576,40680,0.45819604612850084,0.4128691769004364
6698,0.7136,0,8,0,618602,57842,85576,40680,0.4581326828031935,0.4129027019345933
6699,0.7137,4,20,4,618622,57822,85580,40676,0.4579742744899252,0.41296269975024874
6700,0.7138,5,25,5,618647,57797,85585,40671,0.4577762640983399,0.41303773814843403
6701,0.7139,2,6,2,618653,57791,85587,40669,0.4577287416043594,0.4130509851716433
6702,0.714,19,57,19,618710,57734,85606,40650,0.4572772779115448,0.41317693933973004
6703,0.7141,1,1,1,618711,57733,85607,40649,0.4572693574958814,0.41317517432050577
6704,0.7142,32,67,32,618778,57666,85639,40617,0.45673868964643266,0.4132657733280425
6705,0.7143,6,25,6,618803,57641,85645,40611,0.4565406792548473,0.4133350975043765
6706,0.7144,4,4,4,618807,57637,85649,40607,0.45650899759219365,0.413328040389235
6707,0.7145,2,13,2,618820,57624,85651,40605,0.45640603218856923,0.4133707968115322
6708,0.7146,0,2,0,618822,57622,85651,40605,0.4563901913572424,0.41337921345454914
6709,0.7147,7,17,7,618839,57605,85658,40598,0.4562555442909644,0.4134089589931061
6710,0.7148,6,22,6,618861,57583,85664,40592,0.4560812951463693,0.41346574993633817
6711,0.7149,2,0,2,618861,57583,85666,40590,0.4560812951463693,0.41345380094323286
6712,0.715,230,439,230,619300,57144,85896,40360,0.4526042326701305,0.4139317361339022
6713,0.7151,1,7,1,619307,57137,85897,40359,0.4525487897604866,0.4139554443259211
6714,0.7152,5,11,5,619318,57126,85902,40354,0.4524616651881891,0.4139720968403775
6715,0.7153,8,22,8,619340,57104,85910,40346,0.45228741604359396,0.4140174448435095
6716,0.7154,1,7,1,619347,57097,85911,40345,0.4522319731339501,0.4140411732107305
6717,0.7155,3,20,3,619367,57077,85914,40342,0.4520735648206818,0.41410813085743026
6718,0.7156,1,7,1,619374,57070,85915,40341,0.4520181219110379,0.41413187422365033
6719,0.7157,9,29,9,619403,57041,85924,40332,0.4517884298567989,0.41420106189600814
6720,0.7158,23,50,23,619453,56991,85947,40309,0.4513924090736282,0.4142754367934224
6721,0.7159,1,6,1,619459,56985,85948,40308,0.4513448865796477,0.414294964694274
6722,0.716,31,56,31,619515,56929,85979,40277,0.45090134330249654,0.4143468510174269
6723,0.7161,6,17,6,619532,56912,85985,40271,0.45076669623621846,0.41438317401191566
6724,0.7162,4,13,4,619545,56899,85989,40267,0.4506637308325941,0.4144145071321244
6725,0.7163,3,22,3,619567,56877,85992,40264,0.45048948168799896,0.41449027702000185
6726,0.7164,1,4,1,619571,56873,85993,40263,0.45045780002534536,0.41450131774007576
6727,0.7165,8,23,8,619594,56850,86001,40255,0.4502756304650868,0.4145512589465012
6728,0.7166,2,7,2,619601,56843,86003,40253,0.4502201875554429,0.41456908626513966
6729,0.7167,116,261,116,619862,56582,86119,40137,0.44815295906729186,0.4149856801662548
6730,0.7168,7,24,7,619886,56558,86126,40130,0.4479628690913699,0.41504633460201884
6731,0.7169,1,1,1,619887,56557,86127,40129,0.4479549486757065,0.4150445772914383
6732,0.717,8,32,8,619919,56525,86135,40121,0.44770149537447723,0.4151335802826811
6733,0.7171,4,7,4,619926,56518,86139,40117,0.44764605246483335,0.4151394422310757
6734,0.7172,2,11,2,619937,56507,86141,40115,0.4475589278925358,0.4151745979176585
6735,0.7173,7,23,7,619960,56484,86148,40108,0.4473767583322773,0.4152310750372702
6736,0.7174,0,5,0,619965,56479,86148,40108,0.4473371562539602,0.41525257022166545
6737,0.7175,65,126,65,620091,56353,86213,40043,0.44633918388037,0.41540105398564253
6738,0.7176,1,8,1,620099,56345,86214,40042,0.4462758205550627,0.41542946662931723
6739,0.7177,3,20,3,620119,56325,86217,40039,0.44611741224179446,0.41549748868872194
6740,0.7178,1,7,1,620126,56318,86218,40038,0.44606196933215053,0.4155216073726597
6741,0.7179,2,6,2,620132,56312,86220,40036,0.44601444683817004,0.415535351019222
6742,0.718,19,37,19,620169,56275,86239,40017,0.4457213914586238,0.4155796950940888
6743,0.7181,1,2,1,620171,56273,86240,40016,0.44570555062729694,0.41558225757874734
6744,0.7182,2,11,2,620182,56262,86242,40014,0.44561842605499935,0.41561759940172005
6745,0.7183,44,124,44,620306,56138,86286,39970,0.444636294512736,0.4158862945852583
6746,0.7184,0,3,0,620309,56135,86286,39970,0.4446125332657458,0.415899276832631
6747,0.7185,2,24,2,620333,56111,86288,39968,0.44442244328982383,0.41599100740016026
6748,0.7186,4,2,4,620335,56109,86292,39964,0.444406602458497,0.41597535207602554
6749,0.7187,3,13,3,620348,56096,86295,39961,0.44430363705487264,0.41601340870524794
6750,0.7188,6,25,6,620373,56071,86301,39955,0.4441056266632873,0.41608522691770977
6751,0.7189,0,2,0,620375,56069,86301,39955,0.44408978583196046,0.4160938931933683
6752,0.719,14,32,14,620407,56037,86315,39941,0.44383633253073124,0.4161474504573965
6753,0.7191,0,2,0,620409,56035,86315,39941,0.4438204916994044,0.4161561223639243
6754,0.7192,16,45,16,620454,55990,86331,39925,0.44346407299455076,0.416253974873586
6755,0.7193,5,28,5,620482,55962,86336,39920,0.44324230135597514,0.41634509084082516
6756,0.7194,1,4,1,620486,55958,86337,39919,0.4432106196933215,0.41635637326991876
6757,0.7195,5,3,5,620489,55955,86342,39914,0.44318685844633127,0.4163389625426363
6758,0.7196,0,6,0,620495,55949,86342,39914,0.4431393359523508,0.4163650209152645
6759,0.7197,5,16,5,620511,55933,86347,39909,0.44301260930173614,0.4164040817178273
6760,0.7198,4,15,4,620526,55918,86351,39905,0.44289380306678494,0.4164449036243908
6761,0.7199,0,4,0,620530,55914,86351,39905,0.4428621214041313,0.4164622882726808
6762,0.72,838,1702,838,622232,54212,87189,39067,0.42938157394500065,0.41881881238006413
6763,0.7201,2,7,2,622239,54205,87191,39065,0.4293261310353567,0.41883778278117295
6764,0.7202,6,18,6,622257,54187,87197,39059,0.4291835635534153,0.41888123887351736
6765,0.7203,4,18,4,622275,54169,87201,39055,0.42904099607147383,0.41893718355788206
6766,0.7204,1,2,1,622277,54167,87202,39054,0.429025155240147,0.41893993842589117
6767,0.7205,11,14,11,622291,54153,87213,39043,0.4289142694208592,0.41893428902528007
6768,0.7206,2,4,2,622295,54149,87215,39041,0.42888258775820554,0.41893980040776907
6769,0.7207,9,21,9,622316,54128,87224,39032,0.42871625902927385,0.41897810218978104
6770,0.7208,14,57,14,622373,54071,87238,39018,0.4282647953364593,0.41914726766857524
6771,0.7209,0,1,0,622374,54070,87238,39018,0.42825687492079584,0.419151770367824
6772,0.721,14,38,14,622412,54032,87252,39004,0.4279558991255861,0.4192355647276323
6773,0.7211,0,7,0,622419,54025,87252,39004,0.4279004562159422,0.4192671102559417
6774,0.7212,5,15,5,622434,54010,87257,38999,0.427781649980991,0.41930350826264123
6775,0.7213,3,28,3,622462,53982,87260,38996,0.42755987834241543,0.41941104347264946
6776,0.7214,1,4,1,622466,53978,87261,38995,0.4275281966797618,0.41942284319103396
6777,0.7215,8,19,8,622485,53959,87269,38987,0.42737770878215686,0.4194586103759172
6778,0.7216,0,2,0,622487,53957,87269,38987,0.42736186795083003,0.41946763642623514
6779,0.7217,70,130,70,622617,53827,87339,38917,0.42633221391458626,0.4196174415595618
6780,0.7218,2,16,2,622633,53811,87341,38915,0.4262054872639716,0.41967732890451437
6781,0.7219,3,7,3,622640,53804,87344,38912,0.42615004435432774,0.4196902368523232
6782,0.722,11,35,11,622675,53769,87355,38901,0.42587282980610824,0.41977986403366785
6783,0.7221,1,11,1,622686,53758,87356,38900,0.42578570523381065,0.41982343672429795
6784,0.7222,5,23,5,622709,53735,87361,38895,0.42560353567355214,0.4198963618698046
6785,0.7223,6,26,6,622735,53709,87367,38889,0.4253976048663034,0.4199766733622756
6786,0.7224,2,8,2,622743,53701,87369,38887,0.4253342415409961,0.4200004320214283
6787,0.7225,63,153,63,622896,53548,87432,38824,0.42412241794449373,0.4203005239683021
6788,0.7226,1,5,1,622901,53543,87433,38823,0.42408281586617663,0.42031699976181713
6789,0.7227,7,21,7,622922,53522,87440,38816,0.42391648713724495,0.4203686456280188
6790,0.7228,3,11,3,622933,53511,87443,38813,0.4238293625649474,0.4203998960183701
6791,0.7229,2,6,2,622939,53505,87445,38811,0.4237818400709669,0.42041466268035876
6792,0.723,12,23,12,622962,53482,87457,38799,0.4235996705107084,0.42044407841267434
6793,0.7231,2,1,2,622963,53481,87459,38797,0.42359175009504496,0.42043607360367585
6794,0.7232,4,11,4,622974,53470,87463,38793,0.4235046255227474,0.4204610732362919
6795,0.7233,145,238,145,623212,53232,87608,38648,0.4216195665948549,0.4206356116673923
6796,0.7234,3,4,3,623216,53228,87611,38645,0.42158788493220123,0.420635007020561
6797,0.7235,16,13,16,623229,53215,87627,38629,0.42148491952857686,0.42059361526065936
6798,0.7236,3,5,3,623234,53210,87630,38626,0.4214453174502598,0.42059758700291827
6799,0.7237,7,19,7,623253,53191,87637,38619,0.4212948295526549,0.42064045310968307
6800,0.7238,5,10,5,623263,53181,87642,38614,0.4212156253960208,0.420654719755978
6801,0.7239,1,6,1,623269,53175,87643,38613,0.4211681029020403,0.4206759053471042
6802,0.724,24,48,24,623317,53127,87667,38589,0.4207879229501964,0.4207444720659427
6803,0.7241,2,12,2,623329,53115,87669,38587,0.4206928779622355,0.4207868966870952
6804,0.7242,14,74,14,623403,53041,87683,38573,0.42010676720314283,0.42103826926015675
6805,0.7243,11,32,11,623435,53009,87694,38562,0.41985331390191355,0.4211158554564218
6806,0.7244,6,1,6,623436,53008,87700,38556,0.41984539348625016,0.4210825215150059
6807,0.7245,2,10,2,623446,52998,87702,38554,0.419766189329616,0.4211158685774205
6808,0.7246,3,5,3,623451,52993,87705,38551,0.41972658725129897,0.42111989862798216
6809,0.7247,4,24,4,623475,52969,87709,38547,0.419536497275377,0.42120503518510427
6810,0.7248,6,15,6,623490,52954,87715,38541,0.4194176910404258,0.4212361331220285
6811,0.7249,2,8,2,623498,52946,87717,38539,0.4193543277151185,0.4212603158987812
6812,0.725,220,464,220,623962,52482,87937,38319,0.4156792548472944,0.4220107708064889
6813,0.7251,1,4,1,623966,52478,87938,38318,0.41564757318464074,0.4220229966077801
6814,0.7252,6,18,6,623984,52460,87944,38312,0.41550500570269927,0.42206847926673424
6815,0.7253,6,12,6,623996,52448,87950,38306,0.4154099607147383,0.42208607885051896
6816,0.7254,0,6,0,624002,52442,87950,38306,0.4153624382207578,0.4221139859831622
6817,0.7255,8,22,8,624024,52420,87958,38298,0.41518818907616273,0.4221653916532551
6818,0.7256,0,2,0,624026,52418,87958,38298,0.4151723482448359,0.4221746990608051
6819,0.7257,8,14,8,624040,52404,87966,38290,0.4150614624255481,0.42218889893487993
6820,0.7258,22,53,22,624093,52351,87988,38268,0.4146416803953871,0.42229554508436423
6821,0.7259,1,3,1,624096,52348,87989,38267,0.4146179191483969,0.4223031506924902
6822,0.726,20,47,20,624143,52301,88009,38247,0.41424565961221643,0.42239475195476434
6823,0.7261,1,2,1,624145,52299,88010,38246,0.4142298187808896,0.42239770279971284
6824,0.7262,3,20,3,624165,52279,88013,38243,0.41407141046762136,0.4224718852875544
6825,0.7263,3,22,3,624187,52257,88016,38240,0.41389716132302623,0.4225554438268672
6826,0.7264,0,3,0,624190,52254,88016,38240,0.413873400076036,0.4225694521183725
6827,0.7265,3,8,3,624198,52246,88019,38237,0.4138100367507287,0.42258766840179923
6828,0.7266,0,8,0,624206,52238,88019,38237,0.4137466734254214,0.42262503453992817
6829,0.7267,120,267,120,624473,51971,88139,38117,0.41163192244328983,0.42310851611757394
6830,0.7268,3,14,3,624487,51957,88142,38114,0.411521036624002,0.42315506655860374
6831,0.7269,1,6,1,624493,51951,88143,38113,0.41147351413002153,0.4231768520163439
6832,0.727,7,26,7,624519,51925,88150,38106,0.4112675833227728,0.42325421243793804
6833,0.7271,0,5,0,624524,51920,88150,38106,0.4112279812444557,0.42327771976984424
6834,0.7272,5,13,5,624537,51907,88155,38101,0.41112501584083133,0.42330681717180696
6835,0.7273,9,39,9,624576,51868,88164,38092,0.4108161196299582,0.4234326367274344
6836,0.7274,0,4,0,624580,51864,88164,38092,0.4107844379673045,0.4234514651607453
6837,0.7275,54,119,54,624699,51745,88218,38038,0.4098419085033583,0.42366595012418834
6838,0.7276,3,4,3,624703,51741,88221,38035,0.4098102268407046,0.4236655676350027
6839,0.7277,4,32,4,624735,51709,88225,38031,0.40955677353947534,0.4237909516380655
6840,0.7278,3,9,3,624744,51700,88228,38028,0.40948548979850463,0.4238141940085592
6841,0.7279,2,4,2,624748,51696,88230,38026,0.40945380813585097,0.42382024475602414
6842,0.728,14,38,14,624786,51658,88244,38012,0.40915283234064126,0.4239098918255827
6843,0.7281,2,3,2,624789,51655,88246,38010,0.409129071093651,0.42391122511570845
6844,0.7282,6,12,6,624801,51643,88252,38004,0.40903402610569,0.42392941202717327
6845,0.7283,55,116,55,624917,51527,88307,37949,0.408115257888734,0.42412490500245875
6846,0.7284,3,2,3,624919,51525,88310,37946,0.40809941705740715,0.4241150763934683
6847,0.7285,5,10,5,624929,51515,88315,37941,0.408020212900773,0.42413029869433017
6848,0.7286,0,10,0,624939,51505,88315,37941,0.4079410087441389,0.4241777161639425
6849,0.7287,5,27,5,624966,51478,88320,37936,0.40772715752122674,0.42427360368622363
6850,0.7288,6,7,6,624973,51471,88326,37930,0.4076717146115828,0.42426818491963175
6851,0.7289,2,4,2,624977,51467,88328,37928,0.40764003294892914,0.4242742882711561
6852,0.729,13,32,13,625009,51435,88341,37915,0.4073865796476999,0.4243424734191382
6853,0.7291,5,1,5,625010,51434,88346,37910,0.4073786592320365,0.42431500716332377
6854,0.7292,26,61,26,625071,51373,88372,37884,0.40689551387656825,0.42443729903536975
6855,0.7293,7,13,7,625084,51360,88379,37877,0.4067925484729439,0.42445398209262974
6856,0.7294,0,4,0,625088,51356,88379,37877,0.4067608668102902,0.42447300886443357
6857,0.7295,4,15,4,625103,51341,88383,37873,0.40664206057533897,0.42451857331808907
6858,0.7296,1,8,1,625111,51333,88384,37872,0.4065786972500317,0.4245501933748108
6859,0.7297,1,18,1,625129,51315,88385,37871,0.40643612976809024,0.4246294261431166
6860,0.7298,2,20,2,625149,51295,88387,37869,0.40627772145482194,0.42471176708088465
6861,0.7299,0,3,0,625152,51292,88387,37869,0.4062539602078317,0.42472605735691615
6862,0.73,911,1605,911,626757,49687,89298,36958,0.3935416930680522,0.4265450978129148
6863,0.7301,0,3,0,626760,49684,89298,36958,0.393517931821062,0.42655986703908033
6864,0.7302,1,15,1,626775,49669,89299,36957,0.39339912558611073,0.42662710964375594
6865,0.7303,2,17,2,626792,49652,89301,36955,0.3932644785198327,0.42669761104760584
6866,0.7304,2,8,2,626800,49644,89303,36953,0.3932011151945254,0.42672378950771966
6867,0.7305,3,16,3,626816,49628,89306,36950,0.3930743885439108,0.4267827854651297
6868,0.7306,2,3,2,626819,49625,89308,36948,0.39305062729692053,0.42678433229759855
6869,0.7307,9,35,9,626854,49590,89317,36939,0.39277341274870103,0.42689734077592484
6870,0.7308,27,39,27,626893,49551,89344,36912,0.3924645165378279,0.42691093300024285
6871,0.7309,3,1,3,626894,49550,89347,36909,0.3924565961221645,0.42689598538035367
6872,0.731,11,16,11,626910,49534,89358,36898,0.39232986947154985,0.4269020733061829
6873,0.7311,2,5,2,626915,49529,89360,36896,0.3922902673932328,0.42691350882267864
6874,0.7312,12,15,12,626930,49514,89372,36884,0.3921714611582816,0.4269080302784787
6875,0.7313,5,18,5,626948,49496,89377,36879,0.39202889367634014,0.42696382054992765
6876,0.7314,1,1,1,626949,49495,89378,36878,0.3920209732606767,0.4269621293691316
6877,0.7315,8,18,8,626967,49477,89386,36870,0.3918784057787353,0.4269980427808725
6878,0.7316,0,1,0,626968,49476,89386,36870,0.39187048536307184,0.42700298797859776
6879,0.7317,72,123,72,627091,49353,89458,36798,0.39089627423647194,0.42713375352578614
6880,0.7318,5,19,5,627110,49334,89463,36793,0.3907457863388671,0.4271947240702683
6881,0.7319,1,10,1,627120,49324,89464,36792,0.39066658218223294,0.427237679409169
6882,0.732,18,33,18,627153,49291,89482,36774,0.39040520846534027,0.42728170568756174
6883,0.7321,5,10,5,627163,49281,89487,36769,0.3903260043087061,0.4272980825101685
6884,0.7322,3,11,3,627174,49270,89490,36766,0.3902388797364086,0.42733274443256314
6885,0.7323,10,23,10,627197,49247,89500,36756,0.39005671017615007,0.42738044021720173
6886,0.7324,2,3,2,627200,49244,89502,36754,0.3900329489291598,0.4273820321402823
6887,0.7325,63,120,63,627320,49124,89565,36691,0.3890824990495501,0.4275592845073705
6888,0.7326,0,11,0,627331,49113,89565,36691,0.3889953744772526,0.4276140972448837
6889,0.7327,4,23,4,627354,49090,89569,36687,0.38881320491699406,0.42770206465602667
6890,0.7328,2,9,2,627363,49081,89571,36685,0.3887419211760233,0.42773360072756106
6891,0.7329,6,11,6,627374,49070,89577,36679,0.38865479660372576,0.42774842855310263
6892,0.733,8,28,8,627402,49042,89585,36671,0.3884330249651502,0.42783475085459616
6893,0.7331,2,12,2,627414,49030,89587,36669,0.3883379799771892,0.4278813054994807
6894,0.7332,6,11,6,627425,49019,89593,36663,0.3882508554048916,0.427896174225625
6895,0.7333,123,228,123,627653,48791,89716,36540,0.38644500063363324,0.42821483399936716
6896,0.7334,2,4,2,627657,48787,89718,36538,0.3864133189709796,0.42822150600644593
6897,0.7335,8,16,8,627673,48771,89726,36530,0.386286592320365,0.4282482034208274
6898,0.7336,2,5,2,627678,48766,89728,36528,0.3862469902420479,0.4282599010481394
6899,0.7337,6,12,6,627690,48754,89734,36522,0.3861519452540869,0.42827993808339976
6900,0.7338,4,18,4,627708,48736,89738,36518,0.3860093777721455,0.4283435381331081
6901,0.7339,0,6,0,627714,48730,89738,36518,0.385961855278165,0.4283736861861862
6902,0.734,23,54,23,627768,48676,89761,36495,0.38553415283234066,0.4284909182703033
6903,0.7341,2,1,2,627769,48675,89763,36493,0.3855262324166772,0.42848252864925795
6904,0.7342,15,51,15,627820,48624,89778,36478,0.38512229121784314,0.42863857488660667
6905,0.7343,12,24,12,627844,48600,89790,36466,0.3849322012419212,0.42867890814191334
6906,0.7344,1,8,1,627852,48592,89791,36465,0.38486883791661386,0.4287125104341794
6907,0.7345,0,11,0,627863,48581,89791,36465,0.3847817133443163,0.428767960868236
6908,0.7346,4,2,4,627865,48579,89795,36461,0.3847658725129895,0.42875117591721545
6909,0.7347,9,16,9,627881,48563,89804,36452,0.38463914586237485,0.4287713932835382
6910,0.7348,3,14,3,627895,48549,89807,36449,0.38452826004308704,0.42882185463187367
6911,0.7349,1,3,1,627898,48546,89808,36448,0.3845044987960968,0.42883027037202626
6912,0.735,228,414,228,628312,48132,90036,36220,0.3812254467114434,0.4293911229135053
6913,0.7351,6,7,6,628319,48125,90042,36214,0.3811700038017995,0.4293861677278602
6914,0.7352,5,13,5,628332,48112,90047,36209,0.38106703839817513,0.4294185315639046
6915,0.7353,4,8,4,628340,48104,90051,36205,0.3810036750728678,0.42943220771210666
6916,0.7354,1,8,1,628348,48096,90052,36204,0.3809403117475605,0.4294661921708185
6917,0.7355,7,25,7,628373,48071,90059,36197,0.38074230135597514,0.42954620971187163
6918,0.7356,3,3,3,628376,48068,90062,36194,0.3807185401089849,0.4295411929458119
6919,0.7357,10,31,10,628407,48037,90072,36184,0.3804730072234191,0.4296315645741561
6920,0.7358,25,40,25,628447,47997,90097,36159,0.38015619059688255,0.42966633395123344
6921,0.7359,3,5,3,628452,47992,90100,36156,0.38011658851856545,0.4296715311118505
6922,0.736,30,67,30,628519,47925,90130,36126,0.3795859206691167,0.42981047221329904
6923,0.7361,0,2,0,628521,47923,90130,36126,0.3795700798377899,0.42982069982986115
6924,0.7362,7,14,7,628535,47909,90137,36119,0.3794591940185021,0.4298448136335507
6925,0.7363,5,12,5,628547,47897,90142,36114,0.3793641490305411,0.4298722786301794
6926,0.7364,3,7,3,628554,47890,90145,36111,0.37930870612089723,0.4298877394316734
6927,0.7365,5,10,5,628564,47880,90150,36106,0.3792295019642631,0.42990498416402734
6928,0.7366,1,1,1,628565,47879,90151,36105,0.3792215815485997,0.4299033149171271
6929,0.7367,114,206,114,628771,47673,90265,35991,0.3775899759219364,0.4301850258175559
6930,0.7368,2,19,2,628790,47654,90267,35989,0.3774394880243315,0.4302691199502648
6931,0.7369,0,4,0,628794,47650,90267,35989,0.37740780636167787,0.4302896973899736
6932,0.737,12,28,12,628822,47622,90279,35977,0.37718603472310225,0.43035203770380026
6933,0.7371,6,7,6,628829,47615,90285,35971,0.37713059181345837,0.43034718732802146
6934,0.7372,7,10,7,628839,47605,90292,35964,0.3770513876568242,0.4303509674640118
6935,0.7373,4,21,4,628860,47584,90296,35960,0.37688505892789254,0.4304318682370966
6936,0.7374,2,0,2,628860,47584,90298,35958,0.37688505892789254,0.430418232745206
6937,0.7375,54,101,54,628961,47483,90352,35904,0.3760850969458877,0.430570712461175
6938,0.7376,1,3,1,628964,47480,90353,35903,0.3760613356988975,0.43057937469268315
6939,0.7377,3,23,3,628987,47457,90356,35900,0.375879166138639,0.4306776875367396
6940,0.7378,3,15,3,629002,47442,90359,35897,0.3757603599036877,0.4307347100397173
6941,0.7379,2,7,2,629009,47435,90361,35895,0.37570491699404385,0.4307572302892116
6942,0.738,15,38,15,629047,47397,90376,35880,0.37540394119883413,0.4308512554486833
6943,0.7381,3,4,3,629051,47393,90379,35877,0.3753722595361805,0.43085144709979584
6944,0.7382,2,12,2,629063,47381,90381,35875,0.3752772145482195,0.430899875084078
6945,0.7383,52,114,52,629177,47267,90433,35823,0.3743742871625903,0.43113491394873027
6946,0.7384,2,1,2,629178,47266,90435,35821,0.37436636674692686,0.4311264096669756
6947,0.7385,1,21,1,629199,47245,90436,35820,0.3742000380179952,0.4312285559501595
6948,0.7386,2,7,2,629206,47238,90438,35818,0.3741445951083513,0.43125120400693506
6949,0.7387,4,11,4,629217,47227,90442,35814,0.3740574705360537,0.4312809335147698
6950,0.7388,7,7,7,629224,47220,90449,35807,0.3740020276264098,0.4312693461163236
6951,0.7389,3,4,3,629228,47216,90452,35804,0.37397034596375617,0.4312695735967237
6952,0.739,10,21,10,629249,47195,90462,35794,0.3738040172348245,0.43131017363747004
6953,0.7391,2,6,2,629255,47189,90464,35792,0.373756494740844,0.4313276533182295
6954,0.7392,22,53,22,629308,47136,90486,35770,0.3733367127106831,0.4314524883603117
6955,0.7393,7,23,7,629331,47113,90493,35763,0.3731545431504245,0.43152420483614073
6956,0.7394,0,7,0,629338,47106,90493,35763,0.37309910024078063,0.43156065597509324
6957,0.7395,4,8,4,629346,47098,90497,35759,0.3730357369154733,0.4315748820256587
6958,0.7396,0,2,0,629348,47096,90497,35759,0.3730198960841465,0.43158529961981773
6959,0.7397,3,16,3,629364,47080,90500,35756,0.37289316943353185,0.4316480757158723
6960,0.7398,5,11,5,629375,47069,90505,35751,0.3728060448612343,0.43167109393866215
6961,0.7399,0,4,0,629379,47065,90505,35751,0.37277436319858065,0.4316919435857805
6962,0.74,886,1509,886,630888,45556,91391,34865,0.3608224559624889,0.43353104288680816
6963,0.7401,3,9,3,630897,45547,91394,34862,0.3607511722215182,0.43355843251377335
6964,0.7402,4,17,4,630914,45530,91398,34858,0.3606165251552401,0.43362193362193363
6965,0.7403,3,18,3,630932,45512,91401,34855,0.3604739576732987,0.4336979108340488
6966,0.7404,1,5,1,630937,45507,91402,34854,0.3604343555949816,0.4337178482099526
6967,0.7405,4,19,4,630956,45488,91406,34850,0.36028386769737675,0.433792227837387
6968,0.7406,0,4,0,630960,45484,91406,34850,0.3602521860347231,0.433813827271143
6969,0.7407,6,21,6,630981,45463,91412,34844,0.3600858573057914,0.4338849664412816
6970,0.7408,14,58,14,631039,45405,91426,34830,0.3596264731973134,0.43409983174425126
6971,0.7409,2,2,2,631041,45403,91428,34828,0.35961063236598656,0.4340965462227817
6972,0.741,7,33,7,631074,45370,91435,34821,0.3593492586490939,0.43422578593607764
6973,0.7411,1,8,1,631082,45362,91436,34820,0.3592858953237866,0.43426205382754235
6974,0.7412,4,16,4,631098,45346,91440,34816,0.359159168673172,0.43432050098550434
6975,0.7413,5,20,5,631118,45326,91445,34811,0.3590007603599037,0.4343936009583588
6976,0.7414,1,11,1,631129,45315,91446,34810,0.35891363578760616,0.43444617784711387
6977,0.7415,3,26,3,631155,45289,91449,34807,0.35870770498035737,0.4345660207750699
6978,0.7416,2,5,2,631160,45284,91451,34805,0.3586681029020403,0.43457903082820365
6979,0.7417,50,102,50,631262,45182,91501,34755,0.35786022050437205,0.43477988916271565
6980,0.7418,4,10,4,631272,45172,91505,34751,0.35778101634773796,0.43480600077574666
6981,0.7419,1,7,1,631279,45165,91506,34750,0.357725573438094,0.4348370143277232
6982,0.742,9,30,9,631309,45135,91515,34741,0.35748796096819163,0.434936651810306
6983,0.7421,3,9,3,631318,45126,91518,34738,0.35741667722722087,0.4349644395472303
6984,0.7422,4,14,4,631332,45112,91522,34734,0.3573057914079331,0.43501239886782056
6985,0.7423,6,26,6,631358,45086,91528,34728,0.3570998606006843,0.43511163455032953
6986,0.7424,0,6,0,631364,45080,91528,34728,0.35705233810670384,0.43514434643143546
6987,0.7425,63,108,63,631472,44972,91591,34665,0.35619693321505513,0.4352876175646998
6988,0.7426,1,2,1,631474,44970,91592,34664,0.3561810923837283,0.43529145842228195
6989,0.7427,8,15,8,631489,44955,91600,34656,0.3560622861487771,0.43531672758789614
6990,0.7428,5,9,5,631498,44946,91605,34651,0.35599100240780635,0.43533047727929447
6991,0.7429,4,8,4,631506,44938,91609,34647,0.355927639082499,0.43534585663127473
6992,0.743,11,10,11,631516,44928,91620,34636,0.35584843492586493,0.435322507666784
6993,0.7431,4,5,4,631521,44923,91624,34632,0.35580883284754783,0.4353214757086292
6994,0.7432,5,6,5,631527,44917,91629,34627,0.35576131035356734,0.43531881725837274
6995,0.7433,132,215,132,631742,44702,91761,34495,0.3540584209859333,0.43555942775610185
6996,0.7434,2,8,2,631750,44694,91763,34493,0.35399505766062606,0.43558917499084443
6997,0.7435,4,16,4,631766,44678,91767,34489,0.3538683310100114,0.4356486920055073
6998,0.7436,1,10,1,631776,44668,91768,34488,0.35378912685337727,0.4356965991207236
6999,0.7437,5,18,5,631794,44650,91773,34483,0.3536465593714358,0.43576004953685565
7000,0.7438,11,15,11,631809,44635,91784,34472,0.3535277531364846,0.4357642180843667
7001,0.7439,1,8,1,631817,44627,91785,34471,0.3534643898111773,0.43580115805709374
7002,0.744,19,53,19,631870,44574,91804,34452,0.3530446077810164,0.4359577860450991
7003,0.7441,0,2,0,631872,44572,91804,34452,0.35302876694968954,0.43596881959910916
7004,0.7442,22,48,22,631920,44524,91826,34430,0.3526485869978456,0.43607670289029055
7005,0.7443,13,24,13,631944,44500,91839,34417,0.3524584970219237,0.43611642611858026
7006,0.7444,1,9,1,631953,44491,91840,34416,0.35238721328095296,0.4361590226469135
7007,0.7445,5,14,5,631967,44477,91845,34411,0.3522763274616652,0.4362006895852348
7008,0.7446,1,4,1,631971,44473,91846,34410,0.35224464579901155,0.4362156611690732
7009,0.7447,4,25,4,631996,44448,91850,34406,0.3520466354074262,0.436325360793365
7010,0.7448,6,18,6,632014,44430,91856,34400,0.35190406792548473,0.43638208803754913
7011,0.7449,0,3,0,632017,44427,91856,34400,0.3518803066784945,0.4363986958783158
7012,0.745,199,378,199,632395,44049,92055,34201,0.348886389557724,0.437073482428115
7013,0.7451,3,2,3,632397,44047,92058,34198,0.34887054872639717,0.43706307112275544
7014,0.7452,4,15,4,632412,44032,92062,34194,0.34875174249144597,0.4371180937284279
7015,0.7453,9,17,9,632429,44015,92071,34185,0.3486170954251679,0.43714833759590793
7016,0.7454,3,2,3,632431,44013,92074,34182,0.34860125459384106,0.43713792441971994
7017,0.7455,4,18,4,632449,43995,92078,34178,0.34845868711189965,0.437209778312205
7018,0.7456,1,2,1,632451,43993,92079,34177,0.3484428462805728,0.43721376487143404
7019,0.7457,12,27,12,632478,43966,92091,34165,0.34822899505766064,0.43727841701757303
7020,0.7458,20,37,20,632515,43929,92111,34145,0.3479359396781143,0.4373414965289341
7021,0.7459,1,2,1,632517,43927,92112,34144,0.3479200988467875,0.43734549320490324
7022,0.746,24,46,24,632563,43881,92136,34120,0.34755575972627045,0.4374302893552647
7023,0.7461,2,2,2,632565,43879,92138,34118,0.3475399188949436,0.4374270805287383
7024,0.7462,2,17,2,632582,43862,92140,34116,0.3474052718286656,0.43750801508117676
7025,0.7463,2,16,2,632598,43846,92142,34114,0.34727854517805096,0.43758337609030273
7026,0.7464,0,3,0,632601,43843,92142,34114,0.3472547839310607,0.43760021550341854
7027,0.7465,10,25,10,632626,43818,92152,34104,0.34705677353947534,0.43766843766843766
7028,0.7466,0,1,0,632627,43817,92152,34104,0.34704885312381195,0.43767405449108715
7029,0.7467,96,193,96,632820,43624,92248,34008,0.345520212900773,0.43806677658697446
7030,0.7468,3,11,3,632831,43613,92251,34005,0.34543308832847547,0.4381071400963694
7031,0.7469,3,4,3,632835,43609,92254,34002,0.3454014066658218,0.43810800015461726
7032,0.747,6,11,6,632846,43598,92260,33996,0.34531428209352427,0.4381266592777792
7033,0.7471,2,13,2,632859,43585,92262,33994,0.3452113166898999,0.4381855914616069
7034,0.7472,3,7,3,632866,43578,92265,33991,0.345155873780256,0.4382034059998195
7035,0.7473,8,22,8,632888,43556,92273,33983,0.3449816246356609,0.4382697739202208
7036,0.7474,1,8,1,632896,43548,92274,33982,0.3449182613103536,0.4383077518379982
7037,0.7475,59,90,59,632986,43458,92333,33923,0.3442054239006463,0.43838926868352696
7038,0.7476,4,3,4,632989,43455,92337,33919,0.3441816626536561,0.4383772326621346
7039,0.7477,4,19,4,633008,43436,92341,33915,0.3440311747560512,0.43845586999521663
7040,0.7478,2,19,2,633027,43417,92343,33913,0.3438806868584463,0.43854907539118065
7041,0.7479,0,4,0,633031,43413,92343,33913,0.3438490051957927,0.4385717611152782
7042,0.748,19,41,19,633072,43372,92362,33894,0.3435242681535927,0.4386664250770067
7043,0.7481,1,8,1,633080,43364,92363,33893,0.3434609048282854,0.43870458340344565
7044,0.7482,5,13,5,633093,43351,92368,33888,0.34335793942466103,0.43874208625176403
7045,0.7483,57,116,57,633209,43235,92425,33831,0.342439171207705,0.4389873614823658
7046,0.7484,2,4,2,633213,43231,92427,33829,0.34240748954505135,0.43899558785362053
7047,0.7485,7,22,7,633235,43209,92434,33822,0.3422332404004562,0.4390699848113097
7048,0.7486,5,9,5,633244,43200,92439,33817,0.3421619566594855,0.43908487736473767
7049,0.7487,7,10,7,633254,43190,92446,33810,0.34208275250285136,0.4390909090909091
7050,0.7488,3,17,3,633271,43173,92449,33807,0.34194810543657334,0.439166017147311
7051,0.7489,2,6,2,633277,43167,92451,33805,0.34190058294259285,0.43918567790885
7052,0.749,11,30,11,633307,43137,92462,33794,0.3416629704726904,0.4392767544942871
7053,0.7491,2,3,2,633310,43134,92464,33792,0.3416392092257002,0.4392793073863193
7054,0.7492,16,39,16,633349,43095,92480,33776,0.341330313014827,0.43938546395910033
7055,0.7493,8,18,8,633367,43077,92488,33768,0.34118774553288556,0.4394300214717939
7056,0.7494,2,4,2,633371,43073,92490,33766,0.3411560638702319,0.4394383060685329
7057,0.7495,4,13,4,633384,43060,92494,33762,0.34105309846660753,0.4394834812944209
7058,0.7496,4,3,4,633387,43057,92498,33758,0.3410293372196173,0.4394714573976437
7059,0.7497,3,15,3,633402,43042,92501,33755,0.34091053098466606,0.4395353985181713
7060,0.7498,3,12,3,633414,43030,92504,33752,0.3408154859967051,0.43958219374332524
7061,0.7499,1,2,1,633416,43028,92505,33751,0.3407996451653783,0.4395863452246057
7062,0.75,903,1438,903,634854,41590,93408,32848,0.32941008744138894,0.4412799914022408
7063,0.7501,0,4,0,634858,41586,93408,32848,0.3293784057787353,0.4413037052959669
7064,0.7502,3,20,3,634878,41566,93411,32845,0.329219997465467,0.4413997930413514
7065,0.7503,4,10,4,634888,41556,93415,32841,0.32914079330883284,0.44142908988265656
7066,0.7504,2,7,2,634895,41549,93417,32839,0.32908535039918896,0.44145561112007314
7067,0.7505,7,20,7,634915,41529,93424,32832,0.32892694208592066,0.44152176544156213
7068,0.7507,8,16,8,634931,41513,93432,32824,0.328800215435306,0.4415566945128267
7069,0.7508,28,55,28,634986,41458,93460,32796,0.3283645925738183,0.44167317585584615
7070,0.7509,1,1,1,634987,41457,93461,32795,0.32835667215815484,0.44167160480525774
7071,0.751,7,27,7,635014,41430,93468,32788,0.32814282093524266,0.4417796221940769
7072,0.7511,4,3,4,635017,41427,93472,32784,0.32811905968825245,0.4417673929740874
7073,0.7512,4,11,4,635028,41416,93476,32780,0.3280319351159549,0.44180279260337485
7074,0.7513,10,23,10,635051,41393,93486,32770,0.32784976555569634,0.4418645416177878
7075,0.7514,0,2,0,635053,41391,93486,32770,0.3278339247243695,0.4418764579765645
7076,0.7515,7,23,7,635076,41368,93493,32763,0.327651755164111,0.44196085308440464
7077,0.7516,0,3,0,635079,41365,93493,32763,0.3276279939171208,0.44197873947766025
7078,0.7517,54,122,54,635201,41243,93547,32709,0.32666170320618426,0.44230041107745566
7079,0.7518,4,15,4,635216,41228,93551,32705,0.32654289697123307,0.44235997457157156
7080,0.7519,1,4,1,635220,41224,93552,32704,0.3265112153085794,0.44237636619413484
7081,0.752,13,31,13,635251,41193,93565,32691,0.32626568242301357,0.4424638622705863
7082,0.7521,3,8,3,635259,41185,93568,32688,0.32620231909770625,0.44248913676173973
7083,0.7522,4,15,4,635274,41170,93572,32684,0.32608351286275505,0.44254881252200284
7084,0.7523,2,29,2,635303,41141,93574,32682,0.32585382080851605,0.4427075572653509
7085,0.7524,4,6,4,635309,41135,93578,32678,0.32580629831453556,0.44271334317803096
7086,0.7525,58,101,58,635410,41034,93636,32620,0.32500633633253073,0.44288158144839385
7087,0.7526,2,7,2,635417,41027,93638,32618,0.32495089342288686,0.4429085477629167
7088,0.7527,2,18,2,635435,41009,93640,32616,0.3248083259409454,0.44300169779286924
7089,0.7528,6,15,6,635450,40994,93646,32610,0.3246895197059942,0.44304657355578503
7090,0.7529,2,6,2,635456,40988,93648,32608,0.3246419972120137,0.4430675580194576
7091,0.753,7,16,7,635472,40972,93655,32601,0.32451527056139906,0.4431109238443451
7092,0.7531,0,2,0,635474,40970,93655,32601,0.32449942973007223,0.4431229696483669
7093,0.7532,9,16,9,635490,40954,93664,32592,0.3243727030794576,0.44315122508362115
7094,0.7533,114,198,114,635688,40756,93778,32478,0.32280446077810165,0.4434825354343611
7095,0.7534,1,4,1,635692,40752,93779,32477,0.322772779115448,0.4434991601687856
7096,0.7535,6,16,6,635708,40736,93785,32471,0.32264605246483335,0.4435504801453413
7097,0.7536,0,4,0,635712,40732,93785,32471,0.3226143708021797,0.44357471688318784
7098,0.7537,2,12,2,635724,40720,93787,32469,0.3225193258142187,0.4436322398174589
7099,0.7538,3,10,3,635734,40710,93790,32466,0.32244012165758457,0.44367005575598556
7100,0.7539,1,8,1,635742,40702,93791,32465,0.3223767583322773,0.44371096259242554
7101,0.754,24,34,24,635776,40668,93815,32441,0.3221074641997212,0.44373469750646294
7102,0.7541,0,5,0,635781,40663,93815,32441,0.32206786212140415,0.44376504705624864
7103,0.7542,21,40,21,635821,40623,93836,32420,0.32175104549486755,0.4438481442438016
7104,0.7543,7,27,7,635848,40596,93843,32413,0.3215371942719554,0.443958963963347
7105,0.7544,0,5,0,635853,40591,93843,32413,0.3214975921936383,0.44398937044545506
7106,0.7545,4,14,4,635867,40577,93847,32409,0.3213867063743505,0.4440440632450059
7107,0.7546,0,5,0,635872,40572,93847,32409,0.32134710429603347,0.44407448513996794
7108,0.7547,2,14,2,635886,40558,93849,32407,0.32123621847674566,0.4441444528198451
7109,0.7548,8,12,8,635898,40546,93857,32399,0.3211411734887847,0.4441565563095483
7110,0.7549,3,4,3,635902,40542,93860,32396,0.321109491826131,0.44415805204420195
7111,0.755,199,337,199,636239,40205,94059,32197,0.3184403117475605,0.44469766028562746
7112,0.7551,2,2,2,636241,40203,94061,32195,0.31842447091623366,0.44469460482333767
7113,0.7552,2,12,2,636253,40191,94063,32193,0.31832942592827274,0.4447529840848806
7114,0.7553,7,18,7,636271,40173,94070,32186,0.31818685844633127,0.4448099061623295
7115,0.7554,5,2,5,636273,40171,94075,32181,0.31817101761500444,0.44478383458646614
7116,0.7555,3,14,3,636287,40157,94078,32178,0.3180601317957166,0.44484689292873436
7117,0.7556,1,3,1,636290,40154,94079,32177,0.3180363705487264,0.4448576682197122
7118,0.7557,3,20,3,636310,40134,94082,32174,0.3178779622354581,0.4449576810311445
7119,0.7558,18,38,18,636348,40096,94100,32156,0.3175769864402484,0.44505342412666776
7120,0.7559,1,5,1,636353,40091,94101,32155,0.3175373843619313,0.4450765440301193
7121,0.756,26,49,26,636402,40042,94127,32129,0.31714928399442405,0.4451788114339555
7122,0.7561,1,7,1,636409,40035,94128,32128,0.3170938410847801,0.4452143065005612
7123,0.7562,4,15,4,636424,40020,94132,32124,0.3169750348498289,0.4452761144377911
7124,0.7563,4,13,4,636437,40007,94136,32120,0.31687206944620455,0.4453256062223578
7125,0.7564,3,3,3,636440,40004,94139,32117,0.3168483081992143,0.4453210576669763
7126,0.7565,9,16,9,636456,39988,94148,32108,0.3167215815485997,0.44535064358632936
7127,0.7566,0,1,0,636457,39987,94148,32108,0.31671366113293625,0.44535682086136347
7128,0.7567,114,215,114,636672,39772,94262,31994,0.31501077176530223,0.4458099935902795
7129,0.7568,5,14,5,636686,39758,94267,31989,0.3148998859460144,0.44585836341589197
7130,0.7569,0,2,0,636688,39756,94267,31989,0.3148840451146876,0.44587079238971355
7131,0.757,2,12,2,636700,39744,94269,31987,0.31478900012672667,0.445929932665096
7132,0.7571,2,4,2,636704,39740,94271,31985,0.314757318464073,0.4459393516904845
7133,0.7572,2,8,2,636712,39732,94273,31983,0.3146939551387657,0.44597364568081993
7134,0.7573,7,45,7,636757,39687,94280,31976,0.31433753643391205,0.4461995730014094
7135,0.7574,1,2,1,636759,39685,94281,31975,0.3143216956025852,0.44620429807423945
7136,0.7575,66,103,66,636862,39582,94347,31909,0.31350589278925356,0.4463359024212838
7137,0.7576,3,4,3,636866,39578,94350,31906,0.3134742111265999,0.4463376419898159
7138,0.7577,10,22,10,636888,39556,94360,31896,0.3132999619820048,0.4463975815932374
7139,0.7578,2,10,2,636898,39546,94362,31894,0.3132207578253707,0.446444568868981
7140,0.7579,4,3,4,636901,39543,94366,31890,0.31319699657838046,0.44643232119608584
7141,0.758,16,39,16,636940,39504,94382,31874,0.3128881003675073,0.4465521589285214
7142,0.7581,0,1,0,636941,39503,94382,31874,0.31288017995184386,0.4465584151757569
7143,0.7582,6,15,6,636956,39488,94388,31868,0.31276137371689267,0.44660575144346654
7144,0.7583,49,108,49,637064,39380,94437,31819,0.31190596882524396,0.44690234413404684
7145,0.7584,0,1,0,637065,39379,94437,31819,0.3118980484095805,0.44690862102868056
7146,0.7585,4,18,4,637083,39361,94441,31815,0.3117554809276391,0.44699055861526354
7147,0.7586,3,3,3,637086,39358,94444,31812,0.31173171968064883,0.44698608964451314
7148,0.7587,5,18,5,637104,39340,94449,31807,0.31158915219870736,0.4470603117489142
7149,0.7588,4,13,4,637117,39327,94453,31803,0.311486186795083,0.44711092366090255
7150,0.7589,1,3,1,637120,39324,94454,31802,0.3114624255480928,0.44712200882940134
7151,0.759,13,25,13,637145,39299,94467,31789,0.31126441515650743,0.4471781453972541
7152,0.7591,1,3,1,637148,39296,94468,31788,0.31124065390951716,0.4471892408980924
7153,0.7592,17,46,17,637194,39250,94485,31771,0.31087631478900013,0.44734655946832624
7154,0.7593,5,20,5,637214,39230,94490,31766,0.31071790647573183,0.44743365823426673
7155,0.7594,2,3,2,637217,39227,94492,31764,0.3106941452287416,0.4474369990562184
7156,0.7595,2,12,2,637229,39215,94494,31762,0.31059910024078063,0.4474970765177452
7157,0.7596,1,7,1,637236,39208,94495,31761,0.31054365733113676,0.4475334300891939
7158,0.7597,9,15,9,637251,39193,94504,31752,0.3104248510961855,0.4475579674395659
7159,0.7598,1,14,1,637265,39179,94505,31751,0.31031396527689775,0.4476385168475962
7160,0.7599,2,3,2,637268,39176,94507,31749,0.3102902040299075,0.44764187522030313
7161,0.76,996,1427,996,638695,37749,95503,30753,0.2989877708782157,0.44893579749496365
7162,0.7601,1,3,1,638698,37746,95504,30752,0.29896400963122544,0.44894741452305176
7163,0.7602,4,13,4,638711,37733,95508,30748,0.29886104422760107,0.4490004526803055
7164,0.7603,4,20,4,638731,37713,95512,30744,0.29870263591433277,0.44909943468162494
7165,0.7604,0,2,0,638733,37711,95512,30744,0.29868679508300594,0.44911255569352126
7166,0.7605,9,12,9,638745,37699,95521,30735,0.29859175009504496,0.4491188590466727
7167,0.7606,3,4,3,638749,37695,95524,30732,0.29856006843239136,0.4491209610241571
7168,0.7607,8,27,8,638776,37668,95532,30724,0.2983462172094792,0.4492338285179553
7169,0.7608,18,38,18,638814,37630,95550,30706,0.2980452414142694,0.449338562397565
7170,0.7609,1,2,1,638816,37628,95551,30705,0.2980294005829426,0.44934365533490406
7171,0.761,13,24,13,638840,37604,95564,30692,0.2978393106070207,0.4493967435867401
7172,0.7611,2,6,2,638846,37598,95566,30690,0.2977917881130402,0.4494201030927835
7173,0.7612,0,13,0,638859,37585,95566,30690,0.29768882270941577,0.44950567557671184
7174,0.7613,10,15,10,638874,37570,95576,30680,0.29757001647446457,0.44952380952380955
7175,0.7614,1,4,1,638878,37566,95577,30679,0.2975383348118109,0.4495420909956773
7176,0.7615,2,15,2,638893,37551,95579,30677,0.2974195285768597,0.4496247874772821
7177,0.7616,0,1,0,638894,37550,95579,30677,0.2974116081611963,0.4496313776071057
7178,0.7617,45,85,45,638979,37465,95624,30632,0.2967383728298061,0.4498289205104483
7179,0.7618,9,22,9,639001,37443,95633,30623,0.296564123685211,0.4499015661269944
7180,0.7619,1,2,1,639003,37441,95634,30622,0.2965482828538842,0.44990670408298195
7181,0.762,18,31,18,639034,37410,95652,30604,0.29630274996831835,0.44996618343282263
7182,0.7621,3,9,3,639043,37401,95655,30601,0.2962314662273476,0.45000147054498396
7183,0.7622,2,12,2,639055,37389,95657,30599,0.29613642123938666,0.4500647173030535
7184,0.7623,4,14,4,639069,37375,95661,30595,0.29602553542009885,0.45012505517139917
7185,0.7624,1,3,1,639072,37372,95662,30594,0.2960017741731086,0.45013683312244357
7186,0.7625,60,93,60,639165,37279,95722,30534,0.2952651755164111,0.4502676477961453
7187,0.7626,2,2,2,639167,37277,95724,30532,0.2952493346850843,0.45026471412349395
7188,0.7627,8,19,8,639186,37258,95732,30524,0.2950988467874794,0.4503260452627541
7189,0.7628,6,8,6,639194,37250,95738,30518,0.2950354834621721,0.4503305394876638
7190,0.7629,5,12,5,639206,37238,95743,30513,0.29494043847421114,0.4503697362400555
7191,0.763,11,22,11,639228,37216,95754,30502,0.294766189329616,0.45042676983962904
7192,0.7631,0,2,0,639230,37214,95754,30502,0.2947503484982892,0.4504400732470908
7193,0.7632,7,13,7,639243,37201,95761,30495,0.2946473830946648,0.4504697471047034
7194,0.7633,104,209,104,639452,36992,95865,30391,0.2929920162210113,0.45101880296217145
7195,0.7634,3,2,3,639454,36990,95868,30388,0.29297617538968446,0.4510077473359257
7196,0.7635,6,13,6,639467,36977,95874,30382,0.2928732099860601,0.4510458884484627
7197,0.7636,1,5,1,639472,36972,95875,30381,0.292833607907743,0.4510712217718587
7198,0.7637,2,17,2,639489,36955,95877,30379,0.29269896084146496,0.4511688003089078
7199,0.7638,0,11,0,639500,36944,95877,30379,0.2926118362691674,0.4512425174160391
7200,0.7639,4,3,4,639503,36941,95881,30375,0.29258807502217715,0.45123001960900827
7201,0.764,23,42,23,639545,36899,95904,30352,0.2922554175643138,0.4513241438789014
7202,0.7641,2,5,2,639550,36894,95906,30350,0.29221581548599673,0.45134138361786924
7203,0.7642,15,42,15,639592,36852,95921,30335,0.2918831580281333,0.4515010344263027
7204,0.7643,10,18,10,639610,36834,95931,30325,0.2917405905461919,0.45154037433553207
7205,0.7644,2,2,2,639612,36832,95933,30323,0.29172474971486506,0.45153748790112425
7206,0.7645,8,7,8,639619,36825,95941,30315,0.29166930680522113,0.45151921358355673
7207,0.7646,0,4,0,639623,36821,95941,30315,0.29163762514256747,0.4515461153479504
7208,0.7647,3,17,3,639640,36804,95944,30312,0.29150297807628944,0.4516359735383515
7209,0.7648,6,15,6,639655,36789,95950,30306,0.29138417184133825,0.45168790520903196
7210,0.7649,0,1,0,639656,36788,95950,30306,0.2913762514256748,0.4516946373744299
7211,0.765,221,331,221,639987,36457,96171,30085,0.28875459384108476,0.452120465270055
7212,0.7651,0,5,0,639992,36452,96171,30085,0.2887149917627677,0.45215444038655184
7213,0.7652,7,10,7,640002,36442,96178,30078,0.28863578760613356,0.4521647624774504
7214,0.7653,3,14,3,640016,36428,96181,30075,0.28852490178684576,0.45223523750808237
7215,0.7654,3,5,3,640021,36423,96184,30072,0.2884852997085287,0.4522445296638845
7216,0.7655,4,5,4,640026,36418,96188,30068,0.2884456976302116,0.4522455855368047
7217,0.7656,1,6,1,640032,36412,96189,30067,0.28839817513623117,0.4522781630289264
7218,0.7657,5,14,5,640046,36398,96194,30062,0.28828728931694336,0.4523322299127295
7219,0.7658,20,48,20,640094,36350,96214,30042,0.2879071093650995,0.45249427641884565
7220,0.7659,0,3,0,640097,36347,96214,30042,0.28788334811810923,0.45251472382473
7221,0.766,23,44,23,640141,36303,96237,30019,0.287534849828919,0.4526250716202768
7222,0.7661,1,4,1,640145,36299,96238,30018,0.28750316816626537,0.4526441184010133
7223,0.7662,5,10,5,640155,36289,96243,30013,0.2874239640096312,0.45267111097704443
7224,0.7663,4,22,4,640177,36267,96247,30009,0.28724971486503614,0.45278833967046894
7225,0.7664,2,6,2,640183,36261,96249,30007,0.28720219237105565,0.4528128206675922
7226,0.7665,5,17,5,640200,36244,96254,30002,0.28706754530477757,0.45288772152280893
7227,0.7666,1,4,1,640204,36240,96255,30001,0.2870358636421239,0.4529068099817334
7228,0.7667,114,207,114,640411,36033,96369,29887,0.2853963375997972,0.45338288834951457
7229,0.7668,5,12,5,640423,36021,96374,29882,0.2853012926118363,0.45342397159461634
7230,0.7669,1,4,1,640427,36017,96375,29881,0.28526961094918263,0.4534432000971198
7231,0.767,6,17,6,640444,36000,96381,29875,0.2851349638829046,0.45351043643263755
7232,0.7671,1,7,1,640451,35993,96382,29874,0.28507952097326067,0.45355033628372327
7233,0.7672,4,8,4,640459,35985,96386,29870,0.28501615764795335,0.45357224204692126
7234,0.7673,8,24,8,640483,35961,96394,29862,0.28482606767203145,0.45367120915181625
7235,0.7674,3,10,3,640493,35951,96397,29859,0.2847468635153973,0.4537152408448564
7236,0.7675,53,88,53,640581,35863,96450,29806,0.28404986693701684,0.45388234935814464
7237,0.7676,3,3,3,640584,35860,96453,29803,0.2840261056900266,0.4538781353273533
7238,0.7677,9,22,9,640606,35838,96462,29794,0.2838518565454315,0.4539553876157972
7239,0.7678,4,17,4,640623,35821,96466,29790,0.28371720947915346,0.4540397189495664
7240,0.7679,2,1,2,640624,35820,96468,29788,0.2837092890634901,0.45402999634190955
7241,0.768,16,34,16,640658,35786,96484,29772,0.28343999493093397,0.4541322187986211
7242,0.7681,0,7,0,640665,35779,96484,29772,0.2833845520212901,0.45418071425302436
7243,0.7682,5,13,5,640678,35766,96489,29767,0.28328158661766567,0.45422916698457266
7244,0.7683,48,81,48,640759,35685,96537,29719,0.28264003294892914,0.4543911687358571
7245,0.7684,0,1,0,640760,35684,96537,29719,0.28263211253326576,0.4543981162943596
7246,0.7685,7,15,7,640775,35669,96544,29712,0.28251330629831456,0.4544439516067359
7247,0.7686,2,4,2,640779,35665,96546,29710,0.2824816246356609,0.45445506692160614
7248,0.7687,2,10,2,640789,35655,96548,29708,0.28240242047902675,0.4545079020240809
7249,0.7688,4,5,4,640794,35650,96552,29704,0.28236281840070965,0.45450928787832423
7250,0.7689,2,6,2,640800,35644,96554,29702,0.28231529590672916,0.45453432497781043
7251,0.769,11,27,11,640827,35617,96565,29691,0.282101444683817,0.4546303668769523
7252,0.7691,1,5,1,640832,35612,96566,29690,0.28206184260549994,0.4546568252120915
7253,0.7692,14,46,14,640878,35566,96580,29676,0.2816975034849829,0.45486036602188773
7254,0.7693,6,15,6,640893,35551,96586,29670,0.2815786972500317,0.45491482804618144
7255,0.7694,1,2,1,640895,35549,96587,29669,0.2815628564187049,0.45492042074273975
7256,0.7695,6,22,6,640917,35527,96593,29663,0.28138860727410975,0.45502377665286087
7257,0.7696,3,3,3,640920,35524,96596,29660,0.28136484602711953,0.45501963672066764
7258,0.7697,6,6,6,640926,35518,96602,29654,0.28131732353313904,0.455011354569447
7259,0.7698,5,9,5,640935,35509,96607,29649,0.2812460397921683,0.45503238282329106
7260,0.7699,0,1,0,640936,35508,96607,29649,0.2812381193765049,0.4550393664533358
7261,0.77,908,1423,908,642359,34085,97515,28741,0.2699673678874667,0.45746983732849456
7262,0.7701,1,3,1,642362,34082,97516,28740,0.2699436066404765,0.4574830473401038
7263,0.7702,3,18,3,642380,34064,97519,28737,0.26980103915853504,0.45758825496409294
7264,0.7703,9,17,9,642397,34047,97528,28728,0.269666392092257,0.45763440860215054
7265,0.7704,3,4,3,642401,34043,97531,28725,0.26963471042960335,0.4576376497578384
7266,0.7705,1,11,1,642412,34032,97532,28724,0.2695475858573058,0.45770922302249983
7267,0.7706,2,0,2,642412,34032,97534,28722,0.2695475858573058,0.45769193995601876
7268,0.7707,10,24,10,642436,34008,97544,28712,0.26935749588138386,0.45778061224489797
7269,0.7708,24,32,24,642468,33976,97568,28688,0.2691040425801546,0.45780671517936933
7270,0.7709,1,2,1,642470,33974,97569,28687,0.2690882017488278,0.4578126745503583
7271,0.771,12,36,12,642506,33938,97581,28675,0.26880306678494487,0.45797198664814015
7272,0.7711,2,4,2,642510,33934,97583,28673,0.2687713851222912,0.45798393150925615
7273,0.7712,2,8,2,642518,33926,97585,28671,0.2687080217969839,0.4580251449749988
7274,0.7713,4,9,4,642527,33917,97589,28667,0.2686367380560132,0.4580563722357152
7275,0.7714,2,9,2,642536,33908,97591,28665,0.2685654543150425,0.4581049334377447
7276,0.7715,5,11,5,642547,33897,97596,28660,0.2684783297427449,0.45814217433700466
7277,0.7716,1,1,1,642548,33896,97597,28659,0.2684704093270815,0.4581408360642634
7278,0.7717,34,87,34,642635,33809,97631,28625,0.2677813331643645,0.45848415927219144
7279,0.7718,4,12,4,642647,33797,97635,28621,0.2676862881764035,0.45853760133294885
7280,0.7719,2,7,2,642654,33790,97637,28619,0.2676308452667596,0.4585716803666138
7281,0.772,13,21,13,642675,33769,97650,28606,0.2674645165378279,0.4586132264529058
7282,0.7721,2,5,2,642680,33764,97652,28604,0.26742491445951083,0.4586326321190354
7283,0.7722,4,9,4,642689,33755,97656,28600,0.2673536307185401,0.45866410071365565
7284,0.7723,6,21,6,642710,33734,97662,28594,0.26718730198960844,0.45876652547811575
7285,0.7724,0,3,0,642713,33731,97662,28594,0.26716354074261817,0.4587886081026875
7286,0.7725,50,96,50,642809,33635,97712,28544,0.26640318083893044,0.4590617411023014
7287,0.7726,0,4,0,642813,33631,97712,28544,0.2663714991762768,0.4590912746280659
7288,0.7727,3,22,3,642835,33609,97715,28541,0.26619725003168165,0.45922767497988737
7289,0.7728,6,7,6,642842,33602,97721,28535,0.2661418071220378,0.4592271915283969
7290,0.7729,4,1,4,642843,33601,97725,28531,0.26613388670637433,0.45919976823536984
7291,0.773,11,26,11,642869,33575,97736,28520,0.2659279558991256,0.4592962396328207
7292,0.7731,0,4,0,642873,33571,97736,28520,0.26589627423647194,0.45932582821987084
7293,0.7732,7,8,7,642881,33563,97743,28513,0.2658329109111646,0.4593240543849475
7294,0.7733,128,201,128,643082,33362,97871,28385,0.2642409073628184,0.4596984468881079
7295,0.7735,7,26,7,643108,33336,97878,28378,0.2640349765555696,0.45983083255015067
7296,0.7736,2,2,2,643110,33334,97880,28376,0.2640191357242428,0.45982822881218605
7297,0.7737,4,9,4,643119,33325,97884,28372,0.2639478519832721,0.45986028494092096
7298,0.7738,3,7,3,643126,33318,97887,28369,0.2638924090736282,0.4598861996855091
7299,0.7739,1,6,1,643132,33312,97888,28368,0.2638448865796477,0.4599221789883268
7300,0.774,28,46,28,643178,33266,97916,28340,0.26348054745913063,0.4600201279096192
7301,0.7741,2,1,2,643179,33265,97918,28338,0.26347262704346724,0.4600100644449134
7302,0.7742,16,27,16,643206,33238,97934,28322,0.26325877582055507,0.46007147498375567
7303,0.7743,8,16,8,643222,33222,97942,28314,0.26313204916994043,0.46012090483619345
7304,0.7744,1,4,1,643226,33218,97943,28313,0.26310036750728677,0.4601420422226195
7305,0.7745,3,12,3,643238,33206,97946,28310,0.2630053225193258,0.4602054749983744
7306,0.7746,3,2,3,643240,33204,97949,28307,0.26298948168799896,0.46019411162231144
7307,0.7747,4,12,4,643252,33192,97953,28303,0.26289443670003804,0.46024880071550534
7308,0.7748,1,14,1,643266,33178,97954,28302,0.2627835508807502,0.4603448275862069
7309,0.7749,2,2,2,643268,33176,97956,28300,0.2627677100494234,0.4603422473810918
7310,0.775,192,347,192,643615,32829,98148,28108,0.2600193258142187,0.4612632719037695
7311,0.7751,0,2,0,643617,32827,98148,28108,0.2600034849828919,0.46127841142200704
7312,0.7752,4,4,4,643621,32823,98152,28104,0.2599718033202382,0.4612733270963612
7313,0.7753,11,10,11,643631,32813,98163,28093,0.25989259916360413,0.4612517650149411
7314,0.7754,3,10,3,643641,32803,98166,28090,0.25981339500697,0.46130097055490776
7315,0.7755,4,10,4,643651,32793,98170,28086,0.25973419085033583,0.46134134923372594
7316,0.7756,2,2,2,643653,32791,98172,28084,0.259718350019009,0.4613388090349076
7317,0.7757,9,18,9,643671,32773,98181,28075,0.25957578253706753,0.46139560872995006
7318,0.7758,24,42,24,643713,32731,98205,28051,0.25924312507920416,0.461501760389589
7319,0.7759,0,6,0,643719,32725,98205,28051,0.25919560258522367,0.4615473213110438
7320,0.776,29,43,29,643762,32682,98234,28022,0.25885502471169686,0.4616170268845546
7321,0.7761,2,14,2,643776,32668,98236,28020,0.25874413889240905,0.46170577379383076
7322,0.7762,3,9,3,643785,32659,98239,28017,0.25867285515143834,0.46174764321972445
7323,0.7763,6,17,6,643802,32642,98245,28011,0.2585382080851603,0.46182381745338236
7324,0.7764,2,5,2,643807,32637,98247,28009,0.2584986060068432,0.461844144708637
7325,0.7765,2,17,2,643824,32620,98249,28007,0.2583639589405652,0.4619558942385406
7326,0.7766,0,3,0,643827,32617,98249,28007,0.25834019769357497,0.46197875428873053
7327,0.7767,91,177,91,644004,32440,98340,27916,0.25693828412115066,0.4625223672874279
7328,0.7768,8,22,8,644026,32418,98348,27908,0.2567640349765556,0.4626197659384014
7329,0.7769,1,11,1,644037,32407,98349,27907,0.256676910404258,0.46269522830520277
7330,0.777,6,13,6,644050,32394,98355,27901,0.25657394500063363,0.46274152085579234
7331,0.7771,5,4,5,644054,32390,98360,27896,0.25654226333797997,0.46272766479779714
7332,0.7772,0,8,0,644062,32382,98360,27896,0.25647890001267265,0.46278907727529117
7333,0.7773,5,18,5,644080,32364,98365,27891,0.25633633253073124,0.46288274831964155
7334,0.7774,0,3,0,644083,32361,98365,27891,0.25631257128374096,0.4629057956582354
7335,0.7775,41,82,41,644165,32279,98406,27850,0.255663097199341,0.4631708493405844
7336,0.7776,4,3,4,644168,32276,98410,27846,0.2556393359523508,0.46315824490203256
7337,0.7777,2,20,2,644188,32256,98412,27844,0.2554809276390825,0.4632945091514143
7338,0.7778,3,13,3,644201,32243,98415,27841,0.2553779622354581,0.4633679515345183
7339,0.7779,3,1,3,644202,32242,98418,27838,0.2553700418197947,0.46334886817576565
7340,0.778,13,31,13,644233,32211,98431,27825,0.2551245089342289,0.4634719168498901
7341,0.7781,1,0,1,644233,32211,98432,27824,0.2551245089342289,0.4634629799283751
7342,0.7782,4,12,4,644245,32199,98436,27820,0.2550294639462679,0.46351988536963296
7343,0.7783,53,80,53,644325,32119,98489,27767,0.25439583069319477,0.4636642954947734
7344,0.7784,0,1,0,644326,32118,98489,27767,0.2543879102775314,0.4636720380729732
7345,0.7785,6,16,6,644342,32102,98495,27761,0.25426118362691674,0.4637422113826571
7346,0.7786,0,7,0,644349,32095,98495,27761,0.25420574071727287,0.4637964448008554
7347,0.7787,5,18,5,644367,32077,98500,27756,0.2540631732353314,0.46389116373907374
7348,0.7788,1,17,1,644384,32060,98501,27755,0.25392852616905337,0.46401404330017554
7349,0.7789,4,12,4,644396,32048,98505,27751,0.2538334811810924,0.4640713055402264
7350,0.779,11,26,11,644422,32022,98516,27740,0.2536275503738436,0.464174559084368
7351,0.7791,2,2,2,644424,32020,98518,27738,0.25361170954251677,0.4641721610495666
7352,0.7792,15,41,15,644465,31979,98533,27723,0.25328697250031684,0.4643563029714247
7353,0.7793,8,24,8,644489,31955,98541,27715,0.2530968825243949,0.46447125858890564
7354,0.7794,1,5,1,644494,31950,98542,27714,0.25305728044607784,0.4645012067578439
7355,0.7795,3,12,3,644506,31938,98545,27711,0.25296223545811686,0.4645677211688377
7356,0.7796,3,8,3,644514,31930,98548,27708,0.25289887213280954,0.46460310540259564
7357,0.7797,7,18,7,644532,31912,98555,27701,0.25275630465086807,0.46468052270477916
7358,0.7798,4,8,4,644540,31904,98559,27697,0.25269294132556075,0.46470696800389255
7359,0.78,993,1365,993,645905,30539,99552,26704,0.24188157394500062,0.46650245444857885
7360,0.7801,1,5,1,645910,30534,99553,26703,0.24184197186668357,0.46653388542376434
7361,0.7802,4,15,4,645925,30519,99557,26699,0.24172316563173235,0.4666188961515607
7362,0.7803,3,8,3,645933,30511,99560,26696,0.24165980230642503,0.4666561784397014
7363,0.7804,0,3,0,645936,30508,99560,26696,0.2416360410594348,0.46668065170267814
7364,0.7805,4,13,4,645949,30495,99564,26692,0.24153307565581042,0.4667494360606432
7365,0.7806,1,1,1,645950,30494,99565,26691,0.241525155240147,0.46674827314855294
7366,0.7807,8,26,8,645976,30468,99573,26683,0.24131922443289824,0.4668859687494532
7367,0.7808,20,39,20,646015,30429,99593,26663,0.2410103282220251,0.4670181461500736
7368,0.7809,1,1,1,646016,30428,99594,26662,0.24100240780636167,0.46701699071641267
7369,0.781,15,25,15,646041,30403,99609,26647,0.24080439741477633,0.4670815074496056
7370,0.7811,3,2,3,646043,30401,99612,26644,0.2407885565834495,0.4670698571303357
7371,0.7812,1,14,1,646057,30387,99613,26643,0.24067767076416172,0.4671751709626512
7372,0.7813,7,20,7,646077,30367,99620,26636,0.24051926245089342,0.46727365226391593
7373,0.7814,1,6,1,646083,30361,99621,26635,0.24047173995691293,0.4673134956839076
7374,0.7815,4,8,4,646091,30353,99625,26631,0.24040837663160564,0.4673417099536712
7375,0.7816,1,3,1,646094,30350,99626,26630,0.2403846153846154,0.46735696735696736
7376,0.7817,55,90,55,646184,30260,99681,26575,0.23967177797490813,0.4675815958476291
7377,0.7818,3,8,3,646192,30252,99684,26572,0.2396084146496008,0.4676193157820639
7378,0.7819,3,7,3,646199,30245,99687,26569,0.2395529717399569,0.467648818953075
7379,0.782,9,16,9,646215,30229,99696,26560,0.2394262450893423,0.46769620877282575
7380,0.7821,1,3,1,646218,30226,99697,26559,0.23940248384235205,0.4677115435414282
7381,0.7822,4,5,4,646223,30221,99701,26555,0.23936288176403497,0.46771523178807944
7382,0.7823,5,21,5,646244,30200,99706,26550,0.2391965530351033,0.46784140969162996
7383,0.7824,2,2,2,646246,30198,99708,26548,0.23918071220377646,0.4678391428470729
7384,0.7825,56,88,56,646334,30110,99764,26492,0.23848371562539603,0.4680399985866224
7385,0.7826,1,3,1,646337,30107,99765,26491,0.23845995437840578,0.46805540831831516
7386,0.7827,11,19,11,646356,30088,99776,26480,0.23830946648080092,0.4681091783340404
7387,0.7828,1,8,1,646364,30080,99777,26479,0.2382461031554936,0.4681659859615623
7388,0.7829,2,4,2,646368,30076,99779,26477,0.23821442149283995,0.4681802910544091
7389,0.783,7,16,7,646384,30060,99786,26470,0.23808769484222533,0.4682469485229082
7390,0.7831,0,5,0,646389,30055,99786,26470,0.23804809276390826,0.46828836797877044
7391,0.7832,6,15,6,646404,30040,99792,26464,0.23792928652895703,0.4683562225683138
7392,0.7833,107,183,107,646587,29857,99899,26357,0.23647985046255227,0.4688689650265059
7393,0.7834,0,1,0,646588,29856,99899,26357,0.23647193004688885,0.4688773059612545
7394,0.7835,6,9,6,646597,29847,99905,26351,0.23640064630591814,0.46889569023808675
7395,0.7836,3,4,3,646601,29843,99908,26348,0.23636896464326448,0.46890071363741526
7396,0.7837,4,8,4,646609,29835,99912,26344,0.23630560131795716,0.46892967122946294
7397,0.7838,4,13,4,646622,29822,99916,26340,0.2362026359143328,0.4690003917239415
7398,0.7839,0,2,0,646624,29820,99916,26340,0.23618679508300597,0.469017094017094
7399,0.784,31,39,31,646663,29781,99947,26309,0.2358778988721328,0.46904974148689604
7400,0.7841,0,2,0,646665,29779,99947,26309,0.23586205804080598,0.4690664669804593
7401,0.7842,19,38,19,646703,29741,99966,26290,0.23556108224559624,0.46920454748264356
7402,0.7843,8,15,8,646718,29726,99974,26282,0.23544227601064505,0.46925439222968146
7403,0.7844,0,2,0,646720,29724,99974,26282,0.23542643517931822,0.46927114951969434
7404,0.7845,5,6,5,646726,29718,99979,26277,0.23537891268533773,0.4692740423252076
7405,0.7846,0,6,0,646732,29712,99979,26277,0.23533139019135724,0.46932433156512887
7406,0.7847,9,18,9,646750,29694,99988,26268,0.2351888227094158,0.4693899431757264
7407,0.7848,5,10,5,646760,29684,99993,26263,0.23510961855278165,0.469426421434572
7408,0.7849,1,6,1,646766,29678,99994,26262,0.23506209605880116,0.4694672863782624
7409,0.785,196,312,196,647078,29366,100190,26066,0.232590926371816,0.4702337999711358
7410,0.7851,2,7,2,647085,29359,100192,26064,0.2325354834621721,0.47027407394042187
7411,0.7852,2,15,2,647100,29344,100194,26062,0.2324166772272209,0.47038226906833197
7412,0.7853,4,16,4,647116,29328,100198,26058,0.23228995057660626,0.47047990466904993
7413,0.7854,5,6,5,647122,29322,100203,26053,0.23224242808262577,0.4704830699774266
7414,0.7855,2,9,2,647131,29313,100205,26051,0.23217114434165506,0.4705404233798136
7415,0.7856,1,2,1,647133,29311,100206,26050,0.23215530351032823,0.47054785860082005
7416,0.7857,7,14,7,647147,29297,100213,26043,0.23204441769104042,0.47059992771955184
7417,0.7858,16,51,16,647198,29246,100229,26027,0.23164047649220632,0.4708809002587158
7418,0.7859,0,4,0,647202,29242,100229,26027,0.23160879482955266,0.4709149794640757
7419,0.786,19,25,19,647227,29217,100248,26008,0.2314107844379673,0.4709461294703486
7420,0.7861,2,6,2,647233,29211,100250,26006,0.23136326194398682,0.4709781407899741
7421,0.7862,5,8,5,647241,29203,100255,26001,0.2312998986186795,0.4709984783711325
7422,0.7863,9,11,9,647252,29192,100264,25992,0.23121277404638196,0.4710060887213685
7423,0.7864,0,4,0,647256,29188,100264,25992,0.2311810923837283,0.4710402319681044
7424,0.7865,8,12,8,647268,29176,100272,25984,0.23108604739576732,0.47106598984771575
7425,0.7866,3,4,3,647272,29172,100275,25981,0.23105436573311366,0.47107138324297865
7426,0.7867,94,192,94,647464,28980,100369,25887,0.2295336459257382,0.4718136584832413
7427,0.7868,4,11,4,647475,28969,100373,25883,0.22944652135344062,0.47186975862320424
7428,0.7869,2,1,2,647476,28968,100375,25881,0.2294386009377772,0.4718591040857627
7429,0.787,11,13,11,647489,28955,100386,25870,0.22933563553415284,0.4718650250797994
7430,0.7871,2,10,2,647499,28945,100388,25868,0.2292564313775187,0.47193184098662727
7431,0.7872,3,15,3,647514,28930,100391,25865,0.22913762514256747,0.4720321197189525
7432,0.7873,2,18,2,647532,28912,100393,25863,0.22899505766062603,0.4721679598356915
7433,0.7874,1,1,1,647533,28911,100394,25862,0.2289871372449626,0.472166943567086
7434,0.7875,38,97,38,647630,28814,100432,25824,0.22821885692561145,0.47263809070610197
7435,0.7876,1,6,1,647636,28808,100433,25823,0.22817133443163098,0.47268034632351597
7436,0.7877,10,11,10,647647,28797,100443,25813,0.22808420985933342,0.4726789965207837
7437,0.7878,2,4,2,647651,28793,100445,25811,0.22805252819667976,0.472694308109296
7438,0.7879,3,5,3,647656,28788,100448,25808,0.22801292611836269,0.4727086233423694
7439,0.788,8,27,8,647683,28761,100456,25800,0.2277990748954505,0.4728652334084786
7440,0.7881,0,3,0,647686,28758,100456,25800,0.22777531364846026,0.4728912350159463
7441,0.7882,6,9,6,647695,28749,100462,25794,0.22770402990748956,0.47291128100764535
7442,0.7883,52,59,52,647754,28690,100514,25742,0.22723672538334813,0.4729203409758965
7443,0.7884,0,3,0,647757,28687,100514,25742,0.2272129641363579,0.4729464072461372
7444,0.7885,5,14,5,647771,28673,100519,25737,0.22710207831707008,0.47301966550266494
7445,0.7886,5,5,5,647776,28668,100524,25732,0.227062476238753,0.47301470588235295
7446,0.7887,7,16,7,647792,28652,100531,25725,0.2269357495881384,0.47308604740975047
7447,0.7888,1,15,1,647807,28637,100532,25724,0.22681694335318717,0.47320689464873716
7448,0.7889,1,6,1,647813,28631,100533,25723,0.22676942085920668,0.4732494388637451
7449,0.789,15,14,15,647827,28617,100548,25708,0.2266585350399189,0.47322595490105845
7450,0.7891,1,3,1,647830,28614,100549,25707,0.22663477379292865,0.4732423924449108
7451,0.7892,17,34,17,647864,28580,100566,25690,0.22636547966037257,0.47337387138382164
7452,0.7893,9,15,9,647879,28565,100575,25681,0.22624667342542137,0.4734173948309553
7453,0.7894,2,3,2,647882,28562,100577,25679,0.22622291217843113,0.4734241625338766
7454,0.7895,7,2,7,647884,28560,100584,25672,0.2262070713471043,0.4733736539312583
7455,0.7896,1,2,1,647886,28558,100585,25671,0.22619123051577747,0.47338140109535487
7456,0.7897,3,12,3,647898,28546,100588,25668,0.2260961855278165,0.4734570406168149
7457,0.7898,5,9,5,647907,28537,100593,25663,0.22602490178684578,0.47348708487084873
7458,0.7899,0,9,0,647916,28528,100593,25663,0.22595361804587505,0.4735657212452252
7459,0.79,925,1264,925,649180,27264,101518,24738,0.21594221264731972,0.4757124725972078
7460,0.7901,1,7,1,649187,27257,101519,24737,0.21588676973767584,0.4757664345886064
7461,0.7902,6,9,6,649196,27248,101525,24731,0.2158154859967051,0.4757882991207988
7462,0.7903,3,11,3,649207,27237,101528,24728,0.21572836142440754,0.47585875108245934
7463,0.7904,2,2,2,649209,27235,101530,24726,0.21571252059308071,0.47585689266950215
7464,0.7905,5,11,5,649220,27224,101535,24721,0.21562539602078318,0.47590720954856097
7465,0.7906,1,4,1,649224,27220,101536,24720,0.21559371435812952,0.47593376973430884
7466,0.7907,8,19,8,649243,27201,101544,24712,0.21544322646052466,0.4760271993527633
7467,0.7908,13,34,13,649277,27167,101557,24699,0.21517393232796858,0.47620792041028803
7468,0.7909,1,4,1,649281,27163,101558,24698,0.21514225066531492,0.4762345500472417
7469,0.791,6,24,6,649305,27139,101564,24692,0.214952160689393,0.4763944357623816
7470,0.7911,1,6,1,649311,27133,101565,24691,0.2149046381954125,0.4764394874961408
7471,0.7912,4,4,4,649315,27129,101569,24687,0.21487295653275884,0.4764358499305234
7472,0.7913,9,17,9,649332,27112,101578,24678,0.21473830946648081,0.47650125506854607
7473,0.7914,2,4,2,649336,27108,101580,24676,0.21470662780382715,0.4765178433492971
7474,0.7915,5,9,5,649345,27099,101585,24671,0.21463534406285642,0.47655012555534093
7475,0.7916,0,1,0,649346,27098,101585,24671,0.214627423647193,0.4765593308736889
7476,0.7917,47,93,47,649439,27005,101632,24624,0.2138908249904955,0.47694125394642545
7477,0.7918,2,8,2,649447,26997,101634,24622,0.21382746166518818,0.4769949049768496
7478,0.7919,2,6,2,649453,26991,101636,24620,0.21377993917120772,0.4770300904845866
7479,0.792,11,29,11,649482,26962,101647,24609,0.2135502471169687,0.47718679102596423
7480,0.7921,0,3,0,649485,26959,101647,24609,0.21352648586997847,0.47721455165994414
7481,0.7922,4,8,4,649493,26951,101651,24605,0.21346312254467115,0.4772480409651641
7482,0.7923,2,14,2,649507,26937,101653,24603,0.21335223672538334,0.47735739231664726
7483,0.7924,1,3,1,649510,26934,101654,24602,0.2133284754783931,0.47737503880782367
7484,0.7925,44,84,44,649594,26850,101698,24558,0.21266316056266632,0.4777077497665733
7485,0.7926,1,3,1,649597,26847,101699,24557,0.21263939931567608,0.47772546883511013
7486,0.7927,8,17,8,649614,26830,101707,24549,0.21250475224939805,0.4778022149127075
7487,0.7928,5,6,5,649620,26824,101712,24544,0.21245722975541756,0.4778071951409438
7488,0.7929,3,8,3,649628,26816,101715,24541,0.21239386643011024,0.4778511205872617
7489,0.793,12,13,12,649641,26803,101727,24529,0.21229090102648587,0.4778500740278968
7490,0.7931,1,2,1,649643,26801,101728,24528,0.21227506019515904,0.4778585205244599
7491,0.7932,3,7,3,649650,26794,101731,24525,0.21221961728551514,0.47789317796527603
7492,0.7933,105,162,105,649812,26632,101836,24420,0.21093650994804208,0.47833581446368406
7493,0.7934,2,4,2,649816,26628,101838,24418,0.21090482828538842,0.47835285820632373
7494,0.7935,7,13,7,649829,26615,101845,24411,0.21080186288176403,0.47840316701289537
7495,0.7937,4,9,4,649838,26606,101849,24407,0.21073057914079332,0.4784466704565503
7496,0.7938,5,7,5,649845,26599,101854,24402,0.21067513623114942,0.478461206643007
7497,0.7939,2,11,2,649856,26588,101856,24400,0.21058801165885185,0.47854397113046204
7498,0.794,17,48,17,649904,26540,101873,24383,0.210207831707008,0.47882096498635196
7499,0.7941,1,2,1,649906,26538,101874,24382,0.21019199087568116,0.4788295365278869
7500,0.7942,13,43,13,649949,26495,101887,24369,0.20985141300215435,0.47910113243158226
7501,0.7943,4,14,4,649963,26481,101891,24365,0.20974052718286657,0.4791920701726783
7502,0.7944,1,1,1,649964,26480,101892,24364,0.20973260676720315,0.47919125167178034
7503,0.7945,6,9,6,649973,26471,101898,24358,0.20966132302623242,0.4792146215742981
7504,0.7946,1,3,1,649976,26468,101899,24357,0.20963756177924217,0.4792326610919823
7505,0.7947,4,14,4,649990,26454,101903,24353,0.2095266759599544,0.4793237152360895
7506,0.7948,10,13,10,650003,26441,101913,24343,0.20942371055633,0.47934388783868936
7507,0.7949,1,6,1,650009,26435,101914,24342,0.2093761880623495,0.4793902751245643
7508,0.795,221,284,221,650293,26151,102135,24121,0.20712679001393994,0.4798098345003183
7509,0.7951,2,1,2,650294,26150,102137,24119,0.20711886959827652,0.4797986830850027
7510,0.7952,7,9,7,650303,26141,102144,24112,0.2070475858573058,0.479812150518377
7511,0.7953,5,14,5,650317,26127,102149,24107,0.206936700038018,0.4798940956324402
7512,0.7954,5,6,5,650323,26121,102154,24102,0.20688917754403752,0.4798996475718296
7513,0.7955,3,9,3,650332,26112,102157,24099,0.20681789380306678,0.47995459162334947
7514,0.7956,1,6,1,650338,26106,102158,24098,0.2067703713090863,0.480001593498526
7515,0.7957,4,14,4,650352,26092,102162,24094,0.2066594854897985,0.48009405013350337
7516,0.7958,23,29,23,650381,26063,102185,24071,0.2064297934355595,0.4801332429090039
7517,0.7959,0,6,0,650387,26057,102185,24071,0.20638227094157902,0.4801907117778487
7518,0.796,32,41,32,650428,26016,102217,24039,0.20605753389937903,0.48025172310458497
7519,0.7961,3,6,3,650434,26010,102220,24036,0.20601001140539857,0.48027814410742115
7520,0.7962,6,5,6,650439,26005,102226,24030,0.2059704093270815,0.48026381532926954
7521,0.7963,2,16,2,650455,25989,102228,24028,0.20584368267646685,0.4803966651338545
7522,0.7964,2,10,2,650465,25979,102230,24026,0.20576447851983273,0.48047195280471955
7523,0.7965,2,5,2,650470,25974,102232,24024,0.20572487644151566,0.48049921996879874
7524,0.7966,0,3,0,650473,25971,102232,24024,0.2057011151945254,0.48052805280528055
7525,0.7967,115,129,115,650602,25842,102347,23909,0.204679381573945,0.4805732548089486
7526,0.7968,7,15,7,650617,25827,102354,23902,0.2045605753389938,0.48064509642261055
7527,0.7969,4,7,4,650624,25820,102358,23898,0.2045051324293499,0.4806709843517438
7528,0.797,3,6,3,650630,25814,102361,23895,0.2044576099353694,0.4806976603834316
7529,0.7971,2,4,2,650634,25810,102363,23893,0.20442592827271575,0.48071544977164354
7530,0.7972,2,11,2,650645,25799,102365,23891,0.2043388037004182,0.48080096598913263
7531,0.7973,5,10,5,650655,25789,102370,23886,0.20425959954378406,0.48084549572219426
7532,0.7974,1,3,1,650658,25786,102371,23885,0.20423583829679381,0.4808640856837994
7533,0.7975,39,83,39,650741,25703,102410,23846,0.20357844379673046,0.48126097398534784
7534,0.7976,3,5,3,650746,25698,102413,23843,0.20353884171841338,0.4812781332633576
7535,0.7977,6,13,6,650759,25685,102419,23837,0.203435876314789,0.48134162594402485
7536,0.7978,1,6,1,650765,25679,102420,23836,0.20338835382080853,0.48138947793597897
7537,0.7979,0,4,0,650769,25675,102420,23836,0.20335667215815487,0.4814283694532528
7538,0.798,16,32,16,650801,25643,102436,23820,0.20310321885692562,0.48157208418413766
7539,0.7981,1,3,1,650804,25640,102437,23819,0.20307945760993537,0.4815908125922481
7540,0.7982,4,15,4,650819,25625,102441,23815,0.20296065137498415,0.48169498381877024
7541,0.7983,46,73,46,650892,25552,102487,23769,0.20238246103155494,0.481924535187851
7542,0.7984,0,2,0,650894,25550,102487,23769,0.2023666202002281,0.48194407834708736
7543,0.7985,5,7,5,650901,25543,102492,23764,0.2023111772905842,0.4819599651165149
7544,0.7986,2,4,2,650905,25539,102494,23762,0.20227949562793054,0.4819780531835054
7545,0.7987,8,17,8,650922,25522,102502,23754,0.20214484856165252,0.48206023216170146
7546,0.7988,3,14,3,650936,25508,102505,23751,0.2020339627423647,0.48216569560892425
7547,0.7989,4,5,4,650941,25503,102509,23747,0.20199436066404766,0.4821725888324873
7548,0.799,13,23,13,650964,25480,102522,23734,0.20181219110378912,0.4822611452025846
7549,0.7991,1,0,1,650964,25480,102523,23733,0.20181219110378912,0.48225062483490133
7550,0.7992,21,39,21,651003,25441,102544,23712,0.201503294892916,0.4824120603015075
7551,0.7993,8,20,8,651023,25421,102552,23704,0.2013448865796477,0.48252417302798983
7552,0.7994,1,1,1,651024,25420,102553,23703,0.20133696616398428,0.4825234615149726
7553,0.7995,6,11,6,651035,25409,102559,23697,0.20124984159168674,0.4825683215900297
7554,0.7996,0,4,0,651039,25405,102559,23697,0.20121815992903308,0.4826076330903018
7555,0.7997,4,8,4,651047,25397,102563,23693,0.20115479660372576,0.48264412303931553
7556,0.7998,1,8,1,651055,25389,102564,23692,0.20109143327841844,0.4827122511766264
7557,0.7999,1,2,1,651057,25387,102565,23691,0.2010755924470916,0.48272138228941686
7558,0.8,936,1214,936,652271,24173,103501,22755,0.191460207831707,0.48489174906239346
7559,0.8001,1,2,1,652273,24171,103502,22754,0.19144436700038017,0.48490143846563666
7560,0.8002,2,5,2,652278,24166,103504,22752,0.1914047649220631,0.4849311564857837
7561,0.8003,2,5,2,652283,24161,103506,22750,0.19136516284374605,0.4849608833749014
7562,0.8004,1,2,1,652285,24159,103507,22749,0.19134932201241922,0.4849705807111793
7563,0.8005,4,7,4,652292,24152,103511,22745,0.19129387910277532,0.48499904045034864
7564,0.8006,2,5,2,652297,24147,103513,22743,0.19125427702445824,0.48502879078694816
7565,0.8007,12,16,12,652313,24131,103525,22731,0.19112755037384363,0.48506252400665784
7566,0.8008,21,33,21,652346,24098,103546,22710,0.19086617665695096,0.4851734746197231
7567,0.8009,0,5,0,652351,24093,103546,22710,0.1908265745786339,0.4852253060701237
7568,0.801,9,17,9,652368,24076,103555,22701,0.19069192751235584,0.48530260598157215
7569,0.8011,2,4,2,652372,24072,103557,22699,0.1906602458497022,0.4853221013020889
7570,0.8012,3,3,3,652375,24069,103560,22696,0.19063648460271196,0.4853202181118358
7571,0.8013,2,6,2,652381,24063,103562,22694,0.19058896210873147,0.485360480783626
7572,0.8014,5,1,5,652382,24062,103567,22689,0.19058104169306805,0.48531582212145197
7573,0.8015,6,10,6,652392,24052,103573,22683,0.1905018375364339,0.4853535893869691
7574,0.8016,0,1,0,652393,24051,103573,22683,0.1904939171207705,0.4853639748363076
7575,0.8017,47,70,47,652463,23981,103620,22636,0.18993948802433153,0.48557393225647294
7576,0.8018,6,12,6,652475,23969,103626,22630,0.18984444303637055,0.4856327388999764
7577,0.8019,3,8,3,652483,23961,103629,22627,0.18978107971106323,0.4856830085000429
7578,0.802,12,23,12,652506,23938,103641,22615,0.1895989101508047,0.4857903894485855
7579,0.8021,0,3,0,652509,23935,103641,22615,0.18957514890381447,0.4858216970998926
7580,0.8022,2,6,2,652515,23929,103643,22613,0.18952762640983398,0.4858622319625285
7581,0.8023,3,14,3,652529,23915,103646,22610,0.1894167405905462,0.4859752821063944
7582,0.8024,1,2,1,652531,23913,103647,22609,0.18940089975921937,0.4859851253170543
7583,0.8025,48,92,48,652623,23821,103695,22561,0.18867222151818527,0.4864171445819499
7584,0.8026,2,1,2,652624,23820,103697,22559,0.18866430110252186,0.48640548524116517
7585,0.8027,6,15,6,652639,23805,103703,22553,0.18854549486757066,0.486496397601277
7586,0.8028,4,7,4,652646,23798,103707,22549,0.18849005195792676,0.4865255572097439
7587,0.8029,1,7,1,652653,23791,103708,22548,0.18843460904828285,0.4865879712553141
7588,0.803,5,14,5,652667,23777,103713,22543,0.18832372322899507,0.4866796200345423
7589,0.8031,2,0,2,652667,23777,103715,22541,0.18832372322899507,0.486657454985103
7590,0.8032,2,4,2,652671,23773,103717,22539,0.1882920415663414,0.4866773190533771
7591,0.8033,116,149,116,652820,23624,103833,22423,0.18711189963249272,0.48695897669772187
7592,0.8034,2,4,2,652824,23620,103835,22421,0.18708021796983906,0.48697899698095176
7593,0.8035,1,9,1,652833,23611,103836,22420,0.18700893422886833,0.4870630661945211
7594,0.8036,1,4,1,652837,23607,103837,22419,0.18697725256621467,0.4870942510754791
7595,0.8037,9,10,9,652847,23597,103846,22410,0.18689804840958055,0.4870997891625187
7596,0.8038,1,14,1,652861,23583,103847,22409,0.18678716259029274,0.4872369107670899
7597,0.8039,1,0,1,652861,23583,103848,22408,0.18678716259029274,0.4872257615620447
7598,0.804,20,43,20,652904,23540,103868,22388,0.18644658471676592,0.48745863090054
7599,0.8041,0,1,0,652905,23539,103868,22388,0.18643866430110254,0.48746924467089076
7600,0.8042,13,29,13,652934,23510,103881,22375,0.1862089722468635,0.4876321237877302
7601,0.8043,4,12,4,652946,23498,103885,22371,0.18611392725890255,0.48771501449780896
7602,0.8044,2,4,2,652950,23494,103887,22369,0.1860822455962489,0.48773521139044546
7603,0.8045,3,6,3,652956,23488,103890,22366,0.1860347231022684,0.4877655166397697
7604,0.8046,0,2,0,652958,23486,103890,22366,0.18601888227094157,0.4877867922882317
7605,0.8047,9,13,9,652971,23473,103899,22357,0.1859159168673172,0.48782456905956795
7606,0.8048,1,12,1,652983,23461,103900,22356,0.18582087187935623,0.4879411572123884
7607,0.8049,2,5,2,652988,23456,103902,22354,0.18578126980103915,0.48797205850251035
7608,0.805,215,264,215,653252,23192,104117,22139,0.18369028006589785,0.4883854316030972
7609,0.8051,0,1,0,653253,23191,104117,22139,0.18368235965023444,0.4883962056033532
7610,0.8052,3,8,3,653261,23183,104120,22136,0.18361899632492712,0.48844855358679584
7611,0.8053,9,5,9,653266,23178,104129,22127,0.18357939424661007,0.48840083875951884
7612,0.8054,1,3,1,653269,23175,104130,22126,0.18355563299961983,0.48842188914152007
7613,0.8055,2,9,2,653278,23166,104132,22124,0.1834843492586491,0.4884963568116582
7614,0.8056,2,7,2,653285,23159,104134,22122,0.1834289063490052,0.4885492811554515
7615,0.8057,4,20,4,653305,23139,104138,22118,0.18327049803573692,0.4887199770201295
7616,0.8058,12,27,12,653332,23112,104150,22106,0.18305664681282474,0.48887611128311736
7617,0.8059,0,2,0,653334,23110,104150,22106,0.1830408059814979,0.48889773531493275
7618,0.806,13,29,13,653363,23081,104163,22093,0.1828111139272589,0.48906450613184577
7619,0.8061,3,2,3,653365,23079,104166,22090,0.18279527309593208,0.48905222608426135
7620,0.8062,6,4,6,653369,23075,104172,22084,0.18276359143327842,0.4890276578312186
7621,0.8063,7,13,7,653382,23062,104179,22077,0.18266062602965405,0.4890892576264428
7622,0.8064,5,2,5,653384,23060,104184,22072,0.18264478519832722,0.48905432952229017
7623,0.8065,4,6,4,653390,23054,104188,22068,0.18259726270434673,0.48907406586587476
7624,0.8066,0,3,0,653393,23051,104188,22068,0.18257350145735649,0.4891065848090605
7625,0.8067,86,152,86,653545,22899,104274,21982,0.18136959827651755,0.48978409571979237
7626,0.8068,3,16,3,653561,22883,104277,21979,0.18124287162590294,0.489924657839597
7627,0.8069,2,3,2,653564,22880,104279,21977,0.1812191103789127,0.48993468132064116
7628,0.807,7,12,7,653576,22868,104286,21970,0.18112406539095172,0.48998617244301707
7629,0.8071,3,3,3,653579,22865,104289,21967,0.18110030414396147,0.48998483226266953
7630,0.8072,4,8,4,653587,22857,104293,21963,0.18103694081865415,0.4900267737617135
7631,0.8073,5,16,5,653603,22841,104298,21958,0.18091021416803954,0.4901448693051184
7632,0.8074,5,11,5,653614,22830,104303,21953,0.18082308959574198,0.49020833798539626
7633,0.8075,50,72,50,653686,22758,104353,21903,0.18025281966797618,0.4904278901054611
7634,0.8076,2,4,2,653690,22754,104355,21901,0.18022113800532252,0.4904489978725787
7635,0.8077,2,16,2,653706,22738,104357,21899,0.18009441135470788,0.4906019669780675
7636,0.8078,3,6,3,653712,22732,104360,21896,0.18004688886072742,0.4906336828896657
7637,0.8079,1,2,1,653714,22730,104361,21895,0.1800310480294006,0.49064425770308123
7638,0.808,16,22,16,653736,22708,104377,21879,0.17985679888480546,0.4907035683046628
7639,0.8082,6,13,6,653749,22695,104383,21873,0.1797538334811811,0.4907781367797523
7640,0.8083,41,65,41,653814,22630,104424,21832,0.17923900646305918,0.4910260447123386
7641,0.8084,0,1,0,653815,22629,104424,21832,0.17923108604739577,0.49103708868446505
7642,0.8085,1,3,1,653818,22626,104425,21831,0.17920732480040552,0.49105877589580943
7643,0.8086,1,3,1,653821,22623,104426,21830,0.17918356355341528,0.49108046701010055
7644,0.8087,3,7,3,653828,22616,104429,21827,0.17912812064377137,0.49112346151249914
7645,0.8088,3,5,3,653833,22611,104432,21824,0.17908851856545432,0.49114436817823787
7646,0.8089,0,4,0,653837,22607,104432,21824,0.17905683690280066,0.4911885845468254
7647,0.809,4,19,4,653856,22588,104436,21820,0.17890634900519578,0.49135290938569626
7648,0.8091,2,6,2,653862,22582,104438,21818,0.17885882651121532,0.4913963963963964
7649,0.8092,20,33,20,653895,22549,104458,21798,0.17859745279432265,0.4915326854127675
7650,0.8093,8,13,8,653908,22536,104466,21790,0.17849448739069826,0.4915850742228038
7651,0.8094,3,3,3,653911,22533,104469,21787,0.17847072614370801,0.49158393501805053
7652,0.8095,6,9,6,653920,22524,104475,21781,0.1783994424027373,0.491614941880149
7653,0.8096,2,2,2,653922,22522,104477,21779,0.17838360157141048,0.4916141847813819
7654,0.8097,2,5,2,653927,22517,104479,21777,0.1783439994930934,0.49164672416128596
7655,0.8098,4,9,4,653936,22508,104483,21773,0.17827271575212267,0.491700729432488
7656,0.8099,2,2,2,653938,22506,104485,21771,0.17825687492079584,0.4916999796734196
7657,0.81,966,1172,966,655110,21334,105451,20805,0.16897414776327463,0.493723154322599
7658,0.8101,1,5,1,655115,21329,105452,20804,0.16893454568495755,0.4937697291908955
7659,0.8102,2,3,2,655118,21326,105454,20802,0.1689107844379673,0.4937808583364983
7660,0.8103,5,9,5,655127,21317,105459,20797,0.16883950069699658,0.4938262810466828
7661,0.8104,0,2,0,655129,21315,105459,20797,0.16882365986566975,0.49384973404255317
7662,0.8105,2,3,2,655132,21312,105461,20795,0.1687998986186795,0.49386087823877267
7663,0.8106,0,2,0,655134,21310,105461,20795,0.16878405778735267,0.49388433677710486
7664,0.8107,4,12,4,655146,21298,105465,20791,0.16868901279939172,0.4939770486350353
7665,0.8108,10,26,10,655172,21272,105475,20781,0.16848308199214296,0.49416212874230137
7666,0.8109,2,5,2,655177,21267,105477,20779,0.16844347991382588,0.4941968320410978
7667,0.811,11,23,11,655200,21244,105488,20768,0.16826131035356737,0.49433495191849947
7668,0.8111,3,2,3,655202,21242,105491,20765,0.16824546952224054,0.4943223748422882
7669,0.8112,1,6,1,655208,21236,105492,20764,0.16819794702826005,0.49438095238095237
7670,0.8113,8,10,8,655218,21226,105500,20756,0.1681187428716259,0.49440236291744083
7671,0.8114,2,6,2,655224,21220,105502,20754,0.1680712203776454,0.4944489445847429
7672,0.8115,6,15,6,655239,21205,105508,20748,0.1679524141426942,0.4945534288370319
7673,0.8116,0,4,0,655243,21201,105508,20748,0.16792073248004055,0.4946005864263749
7674,0.8117,57,64,57,655307,21137,105565,20691,0.16741382587758205,0.49466864301424884
7675,0.8118,1,9,1,655316,21128,105566,20690,0.16734254213661132,0.4947630207087857
7676,0.8119,0,2,0,655318,21126,105566,20690,0.16732670130528451,0.49478668452267077
7677,0.812,16,24,16,655342,21102,105582,20674,0.16713661132936256,0.4948774415932593
7678,0.8121,3,2,3,655344,21100,105585,20671,0.16712077049803573,0.49486485839458
7679,0.8122,7,11,7,655355,21089,105592,20664,0.1670336459257382,0.4949105453500347
7680,0.8123,4,5,4,655360,21084,105596,20660,0.16699404384742111,0.49492142583365273
7681,0.8124,2,5,2,655365,21079,105598,20658,0.16695444176910404,0.4949565134053717
7682,0.8125,39,68,39,655433,21011,105637,20619,0.16641585350399188,0.49529185683401394
7683,0.8126,0,1,0,655434,21010,105637,20619,0.16640793308832846,0.4953037545941531
7684,0.8127,7,17,7,655451,20993,105644,20612,0.16627328602205044,0.49542122341064776
7685,0.8128,1,5,1,655456,20988,105645,20611,0.16623368394373336,0.49546864107310273
7686,0.8129,2,3,2,655459,20985,105647,20609,0.16620992269674312,0.4954801173246141
7687,0.813,6,7,6,655466,20978,105653,20603,0.16615447978709924,0.49549072893869794
7688,0.8131,1,2,1,655468,20976,105654,20602,0.1661386389557724,0.49550242916927223
7689,0.8132,2,4,2,655472,20972,105656,20600,0.16610695729311875,0.4955258346964303
7690,0.8133,107,127,107,655599,20845,105763,20493,0.16510106450386516,0.49574241617881853
7691,0.8134,0,5,0,655604,20840,105763,20493,0.1650614624255481,0.4958023855031089
7692,0.8135,11,15,11,655619,20825,105774,20482,0.1649426561905969,0.4958481613285884
7693,0.8136,0,5,0,655624,20820,105774,20482,0.16490305411227982,0.4959081884654496
7694,0.8137,5,8,5,655632,20812,105779,20477,0.1648396907869725,0.4959432294315677
7695,0.8138,4,14,4,655646,20798,105783,20473,0.16472880496768472,0.49606261054978074
7696,0.8139,1,6,1,655652,20792,105784,20472,0.16468128247370423,0.4961225281116712
7697,0.814,17,37,17,655689,20755,105801,20455,0.1643882270941579,0.4963601067702014
7698,0.8141,1,0,1,655689,20755,105802,20454,0.1643882270941579,0.49634788517071515
7699,0.8142,25,36,25,655725,20719,105827,20429,0.164103092130275,0.49647613492757847
7700,0.8143,9,22,9,655747,20697,105836,20420,0.1639288429856799,0.4966315635868376
7701,0.8144,1,2,1,655749,20695,105837,20419,0.16391300215435306,0.49664347910687356
7702,0.8145,5,8,5,655757,20687,105842,20414,0.16384963882904574,0.4966789129218267
7703,0.8146,2,3,2,655760,20684,105844,20412,0.1638258775820555,0.496690675491532
7704,0.8147,7,8,7,655768,20676,105851,20405,0.1637625142567482,0.49670163822691754
7705,0.8148,3,12,3,655780,20664,105854,20402,0.16366746926878722,0.49681001314956413
7706,0.8149,1,2,1,655782,20662,105855,20401,0.1636516284374604,0.49682195650585687
7707,0.815,181,266,181,656048,20396,106036,20220,0.16154479787099227,0.4978333661611188
7708,0.8151,3,3,3,656051,20393,106039,20217,0.16152103662400202,0.4978330460477715
7709,0.8152,5,9,5,656060,20384,106044,20212,0.1614497528830313,0.497881564686176
7710,0.8153,2,13,2,656073,20371,106046,20210,0.16134678747940692,0.49801631305290656
7711,0.8154,2,6,2,656079,20365,106048,20208,0.16129926498542643,0.4980652157838957
7712,0.8155,5,14,5,656093,20351,106053,20203,0.16118837916613865,0.4981752724762046
7713,0.8156,0,4,0,656097,20347,106053,20203,0.161156697503485,0.4982244143033292
7714,0.8157,5,9,5,656106,20338,106058,20198,0.16108541376251426,0.49827313992500494
7715,0.8158,17,21,17,656127,20317,106075,20181,0.16091908503358257,0.49832090473603635
7716,0.8159,0,3,0,656130,20314,106075,20181,0.16089532378659233,0.49835782195332756
7717,0.816,29,34,29,656164,20280,106104,20152,0.16062602965403625,0.49841709537000395
7718,0.8161,5,3,5,656167,20277,106109,20147,0.160602268407046,0.4983920443301009
7719,0.8162,4,15,4,656182,20262,106113,20143,0.1604834621720948,0.4985274099740131
7720,0.8163,8,14,8,656196,20248,106121,20135,0.160372576352807,0.49860089641680905
7721,0.8164,0,3,0,656199,20245,106121,20135,0.16034881510581675,0.49863793957404656
7722,0.8165,5,10,5,656209,20235,106126,20130,0.1602696109491826,0.49869936826458566
7723,0.8166,2,2,2,656211,20233,106128,20128,0.1602537701178558,0.49869923936473326
7724,0.8167,90,148,90,656359,20085,106218,20038,0.1590815485996705,0.49941430102435014
7725,0.8168,0,5,0,656364,20080,106218,20038,0.15904194652135345,0.49947654419462584
7726,0.8169,0,3,0,656367,20077,106218,20038,0.1590181852743632,0.4995138975445594
7727,0.817,8,8,8,656375,20069,106226,20030,0.15895482194905589,0.4995137035836305
7728,0.8171,4,5,4,656380,20064,106230,20026,0.1589152198707388,0.4995260663507109
7729,0.8172,5,3,5,656383,20061,106235,20021,0.15889145862374857,0.49950102290304876
7730,0.8173,5,8,5,656391,20053,106240,20016,0.15882809529844127,0.49953829643864334
7731,0.8174,1,1,1,656392,20052,106241,20015,0.15882017488277786,0.4995382733920683
7732,0.8175,41,48,41,656440,20004,106282,19974,0.15843999493093397,0.4996247936365001
7733,0.8176,1,6,1,656446,19998,106283,19973,0.15839247243695348,0.499687273273123
7734,0.8177,7,10,7,656456,19988,106290,19966,0.15831326828031936,0.49972468338589376
7735,0.8178,2,3,2,656459,19985,106292,19964,0.1582895070333291,0.4997371648852287
7736,0.8179,0,14,0,656473,19971,106292,19964,0.1581786212140413,0.4999123575810692
7737,0.818,18,25,18,656498,19946,106310,19946,0.15798061082245596,0.5
7738,0.8181,1,3,1,656501,19943,106311,19945,0.1579568495754657,0.5000250701965503
7739,0.8182,3,7,3,656508,19936,106314,19942,0.1579014066658218,0.500075229449822
7740,0.8183,33,56,33,656564,19880,106347,19909,0.15745786338867063,0.500364422327779
7741,0.8184,0,4,0,656568,19876,106347,19909,0.157426181726017,0.5004147291692849
7742,0.8185,3,16,3,656584,19860,106350,19906,0.15729945507540236,0.5005783835437309
7743,0.8186,0,5,0,656589,19855,106350,19906,0.15725985299708528,0.5006413319584517
7744,0.8187,4,8,4,656597,19847,106354,19902,0.15719648967177796,0.5006918413041838
7745,0.8188,3,17,3,656614,19830,106357,19899,0.15706184260549994,0.500868383296836
7746,0.8189,2,1,2,656615,19829,106359,19897,0.15705392218983652,0.5008558626592157
7747,0.819,12,27,12,656642,19802,106371,19885,0.15684007096692434,0.5010456824652909
7748,0.8191,1,4,1,656646,19798,106372,19884,0.15680838930427068,0.5010836147371605
7749,0.8192,18,23,18,656669,19775,106390,19866,0.15662621974401217,0.5011478015186297
7750,0.8193,9,19,9,656688,19756,106399,19857,0.1564757318464073,0.5012748340191351
7751,0.8194,0,7,0,656695,19749,106399,19857,0.1564202889367634,0.5013634297833661
7752,0.8195,4,6,4,656701,19743,106403,19853,0.15637276644278292,0.5013890291948682
7753,0.8196,2,3,2,656704,19740,106405,19851,0.15634900519579267,0.5014018337500947
7754,0.8197,5,9,5,656713,19731,106410,19846,0.15627772145482194,0.5014528640371934
7755,0.8198,2,12,2,656725,19719,106412,19844,0.156182676466861,0.5015797588656068
7756,0.8199,0,5,0,656730,19714,106412,19844,0.1561430743885439,0.5016431568835634
7757,0.82,918,1058,918,657788,18656,107330,18926,0.14776327461665187,0.503592145175882
7758,0.8201,2,1,2,657789,18655,107332,18924,0.14775535420098848,0.5035791266398787
7759,0.8202,1,9,1,657798,18646,107333,18923,0.14768407046001775,0.5036865500811839
7760,0.8203,10,9,10,657807,18637,107343,18913,0.147612786719047,0.5036750998668442
7761,0.8204,2,1,2,657808,18636,107345,18911,0.1476048663033836,0.5036620768636642
7762,0.8205,5,9,5,657817,18627,107350,18906,0.14753358256241286,0.5037167292782352
7763,0.8206,2,2,2,657819,18625,107352,18904,0.14751774173108606,0.5037171254230062
7764,0.8207,9,24,9,657843,18601,107361,18895,0.1473276517551641,0.503920418177939
7765,0.8208,12,17,12,657860,18584,107373,18883,0.14719300468888608,0.5039901780233272
7766,0.8209,1,1,1,657861,18583,107374,18882,0.14718508427322266,0.5039903910316296
7767,0.821,6,20,6,657881,18563,107380,18876,0.1470266759599544,0.5041801330163733
7768,0.8211,1,7,1,657888,18556,107381,18875,0.14697123305031048,0.504261173893297
7769,0.8212,2,7,2,657895,18549,107383,18873,0.14691579014066658,0.5043290043290043
7770,0.8213,5,7,5,657902,18542,107388,18868,0.14686034723102268,0.5043571237636996
7771,0.8214,0,1,0,657903,18541,107388,18868,0.14685242681535926,0.5043706060039028
7772,0.8215,3,9,3,657912,18532,107391,18865,0.14678114307438855,0.5044522287884055
7773,0.8216,1,5,1,657917,18527,107392,18864,0.14674154099607148,0.504506432029098
7774,0.8217,47,53,47,657970,18474,107439,18817,0.14632175896591054,0.5045989648976965
7775,0.8218,2,4,2,657974,18470,107441,18815,0.14629007730325688,0.5046265254123642
7776,0.8219,0,2,0,657976,18468,107441,18815,0.14627423647193005,0.5046535954724674
7777,0.822,9,17,9,657993,18451,107450,18806,0.146139589405652,0.5047642053842231
7778,0.8221,2,3,2,657996,18448,107452,18804,0.14611582815866175,0.5047782669386879
7779,0.8222,1,7,1,658003,18441,107453,18803,0.14606038524901788,0.5048598431962196
7780,0.8223,5,12,5,658015,18429,107458,18798,0.1459653402610569,0.5049560802643243
7781,0.8224,0,1,0,658016,18428,107458,18798,0.14595741984539348,0.5049696448718638
7782,0.8225,46,74,46,658090,18354,107504,18752,0.14537130908630086,0.5053630140678057
7783,0.8226,2,1,2,658091,18353,107506,18750,0.14536338867063744,0.5053499717004016
7784,0.8227,7,8,7,658099,18345,107513,18743,0.14530002534533012,0.5053656169111302
7785,0.8228,1,5,1,658104,18340,107514,18742,0.14526042326701305,0.5054204196105927
7786,0.8229,2,3,2,658107,18337,107516,18740,0.1452366620200228,0.5054346360277261
7787,0.823,9,18,9,658125,18319,107525,18731,0.14509409453808136,0.5055600539811066
7788,0.8231,2,2,2,658127,18317,107527,18729,0.14507825370675453,0.5055606543216542
7789,0.8232,5,11,5,658138,18306,107532,18724,0.14499112913445697,0.505644072373751
7790,0.8233,103,122,103,658260,18184,107635,18621,0.14402483842352046,0.5059366933840511
7791,0.8234,0,1,0,658261,18183,107635,18621,0.14401691800785704,0.5059504401695468
7792,0.8235,8,9,8,658270,18174,107643,18613,0.14394563426688634,0.5059667817435507
7793,0.8236,0,8,0,658278,18166,107643,18613,0.14388227094157902,0.5060768373256478
7794,0.8237,3,4,3,658282,18162,107646,18610,0.14385058927892536,0.5060915914282607
7795,0.8238,3,5,3,658287,18157,107649,18607,0.14381098720060828,0.5061201175062561
7796,0.8239,0,1,0,658288,18156,107649,18607,0.14380306678494487,0.506133884612246
7797,0.824,19,21,19,658309,18135,107668,18588,0.14363673805601318,0.5061677967486317
7798,0.8241,0,3,0,658312,18132,107668,18588,0.14361297680902294,0.5062091503267974
7799,0.8242,14,20,14,658332,18112,107682,18574,0.14345456849575466,0.5062966799323992
7800,0.8243,3,5,3,658337,18107,107685,18571,0.1434149664174376,0.5063253176290965
7801,0.8244,0,1,0,658338,18106,107685,18571,0.14340704600177417,0.5063391226109005
7802,0.8245,5,6,5,658344,18100,107690,18566,0.14335952350779368,0.5063546609938363
7803,0.8246,0,4,0,658348,18096,107690,18566,0.14332784184514002,0.5064099067154001
7804,0.8247,5,17,5,658365,18079,107695,18561,0.143193194778862,0.5065775109170305
7805,0.8248,10,9,10,658374,18070,107705,18551,0.14312191103789126,0.5065672701455449
7806,0.825,190,250,190,658624,17820,107895,18361,0.14114180712203778,0.5074762997153202
7807,0.8252,3,8,3,658632,17812,107898,18358,0.14107844379673046,0.5075476914570086
7808,0.8253,4,6,4,658638,17806,107902,18354,0.14103092130274997,0.5075774336283185
7809,0.8254,1,1,1,658639,17805,107903,18353,0.14102300088708655,0.5075778527573428
7810,0.8255,2,11,2,658650,17794,107905,18351,0.140935876314789,0.5077050767741043
7811,0.8256,1,1,1,658651,17793,107906,18350,0.14092795589912557,0.5077055031403038
7812,0.8257,2,11,2,658662,17782,107908,18348,0.14084083132682804,0.507832825906449
7813,0.8258,11,16,11,658678,17766,107919,18337,0.1407141046762134,0.5079079300889123
7814,0.8259,0,3,0,658681,17763,107919,18337,0.14069034342922315,0.5079501385041552
7815,0.826,20,38,20,658719,17725,107939,18317,0.14038936763401344,0.5082126408079463
7816,0.8261,0,2,0,658721,17723,107939,18317,0.1403735268026866,0.5082408435072142
7817,0.8262,2,10,2,658731,17713,107941,18315,0.14029432264605246,0.5083546130787165
7818,0.8263,8,8,8,658739,17705,107949,18307,0.14023095932074514,0.5083583250027769
7819,0.8264,0,3,0,658742,17702,107949,18307,0.14020719807375492,0.5084006776083757
7820,0.8265,6,5,6,658747,17697,107955,18301,0.14016759599543785,0.5083893549641647
7821,0.8266,0,4,0,658751,17693,107955,18301,0.1401359143327842,0.5084458520864589
7822,0.8267,101,129,101,658880,17564,108056,18200,0.13911418071220377,0.5088916228609776
7823,0.8268,2,4,2,658884,17560,108058,18198,0.1390824990495501,0.5089210805973489
7824,0.8269,2,9,2,658893,17551,108060,18196,0.1390112153085794,0.5090217360897418
7825,0.827,9,12,9,658905,17539,108069,18187,0.13891617032061843,0.509069025359682
7826,0.8271,2,1,2,658906,17538,108071,18185,0.138908249904955,0.5090557903871455
7827,0.8272,1,14,1,658920,17524,108072,18184,0.1387973640856672,0.5092416265262686
7828,0.8273,5,8,5,658928,17516,108077,18179,0.1387340007603599,0.5092870149880936
7829,0.8274,1,5,1,658933,17511,108078,18178,0.13869439868204284,0.5093446159881196
7830,0.8275,44,75,44,659008,17436,108122,18134,0.13810036750728677,0.5098116390216475
7831,0.8276,0,4,0,659012,17432,108122,18134,0.13806868584463314,0.5098689759883034
7832,0.8277,5,8,5,659020,17424,108127,18129,0.13800532251932582,0.509914775124462
7833,0.8278,0,7,0,659027,17417,108127,18129,0.1379498796096819,0.5100151915827379
7834,0.8279,1,2,1,659029,17415,108128,18128,0.13793403877835508,0.5100301043806094
7835,0.828,15,15,15,659044,17400,108143,18113,0.1378152325434039,0.5100385774223524
7836,0.8281,0,2,0,659046,17398,108143,18113,0.13779939171207706,0.5100673030891837
7837,0.8282,5,11,5,659057,17387,108148,18108,0.1377122671397795,0.5101563600507114
7838,0.8283,37,49,37,659106,17338,108185,18071,0.13732416677227222,0.5103504758677172
7839,0.8284,1,4,1,659110,17334,108186,18070,0.13729248510961856,0.5103943057281664
7840,0.8285,5,12,5,659122,17322,108191,18065,0.13719744012165758,0.5104982055557126
7841,0.8286,2,3,2,659125,17319,108193,18063,0.13717367887466733,0.510513820586739
7842,0.8287,6,11,6,659136,17308,108199,18057,0.1370865543023698,0.5105895659550403
7843,0.8288,4,11,4,659147,17297,108203,18053,0.13699942973007223,0.5106930693069307
7844,0.8289,0,4,0,659151,17293,108203,18053,0.13696774806741857,0.5107508628982063
7845,0.829,9,18,9,659169,17275,108212,18044,0.13682518058547713,0.5108864916900252
7846,0.8292,12,28,12,659197,17247,108224,18032,0.13660340894690154,0.5111255987981519
7847,0.8293,6,11,6,659208,17236,108230,18026,0.13651628437460397,0.5112018603595939
7848,0.8294,2,0,2,659208,17236,108232,18024,0.13651628437460397,0.5111741349971639
7849,0.8295,11,8,11,659216,17228,108243,18013,0.13645292104929665,0.511137595414432
7850,0.8296,2,3,2,659219,17225,108245,18011,0.13642915980230644,0.5111533658758088
7851,0.8297,3,7,3,659226,17218,108248,18008,0.13637371689266253,0.5112133083517856
7852,0.8298,2,9,2,659235,17209,108250,18006,0.1363024331516918,0.5113162004827488
7853,0.8299,4,2,4,659237,17207,108254,18002,0.13628659232036497,0.5112897270584226
7854,0.83,1013,991,1013,660228,16216,109267,16989,0.12843746039792167,0.5116398132811324
7855,0.8301,0,3,0,660231,16213,109267,16989,0.12841369915093145,0.5116860430094573
7856,0.8302,4,9,4,660240,16204,109271,16985,0.12834241540996072,0.5117659465485552
7857,0.8303,2,3,2,660243,16201,109273,16983,0.12831865416297047,0.5117827868852459
7858,0.8304,1,2,1,660245,16199,109274,16982,0.12830281333164364,0.5117989210692866
7859,0.8305,5,13,5,660258,16186,109279,16977,0.12819984792801925,0.5119259415613786
7860,0.8306,0,4,0,660262,16182,109279,16977,0.12816816626536562,0.5119876956482403
7861,0.8307,6,13,6,660275,16169,109285,16971,0.12806520086174122,0.5121001810500905
7862,0.8308,14,16,14,660291,16153,109299,16957,0.1279384742111266,0.512141347025068
7863,0.8309,1,0,1,660291,16153,109300,16956,0.1279384742111266,0.5121266120994291
7864,0.831,6,20,6,660311,16133,109306,16950,0.1277800658978583,0.5123477314632893
7865,0.8312,0,4,0,660315,16129,109306,16950,0.12774838423520465,0.5124096859034433
7866,0.8313,3,11,3,660326,16118,109309,16947,0.12766125966290712,0.512535914108574
7867,0.8314,1,2,1,660328,16116,109310,16946,0.1276454188315803,0.5125521747020749
7868,0.8315,4,17,4,660345,16099,109314,16942,0.12751077176530223,0.512756877818468
7869,0.8316,1,3,1,660348,16096,109315,16941,0.127487010518312,0.5127886914671429
7870,0.8317,31,63,31,660411,16033,109346,16910,0.12698802433151693,0.5133108702911089
7871,0.8318,2,14,2,660425,16019,109348,16908,0.12687713851222912,0.5134995596319131
7872,0.8319,1,1,1,660426,16018,109349,16907,0.1268692180965657,0.5135003796507214
7873,0.832,11,14,11,660440,16004,109360,16896,0.12675833227727792,0.5135562310030395
7874,0.8321,0,5,0,660445,15999,109360,16896,0.12671873019896085,0.5136342909256726
7875,0.8322,5,4,5,660449,15995,109365,16891,0.1266870485363072,0.5136228182205194
7876,0.8323,1,13,1,660462,15982,109366,16890,0.1265840831326828,0.5138111462642979
7877,0.8324,0,3,0,660465,15979,109366,16890,0.12656032188569255,0.5138580425324774
7878,0.8325,40,58,40,660523,15921,109406,16850,0.12610093777721454,0.5141741173598608
7879,0.8326,0,6,0,660529,15915,109406,16850,0.12605341528323408,0.5142682740729437
7880,0.8327,8,9,8,660538,15906,109414,16842,0.12598213154226334,0.5142909490655918
7881,0.8328,3,3,3,660541,15903,109417,16839,0.1259583702952731,0.5142935678944475
7882,0.8329,1,7,1,660548,15896,109418,16838,0.1259029273856292,0.514388708987597
7883,0.833,5,12,5,660560,15884,109423,16833,0.12580788239766824,0.5145031634929853
7884,0.8331,1,1,1,660561,15883,109424,16832,0.12579996198200483,0.5145040501299099
7885,0.8332,3,3,3,660564,15880,109427,16829,0.12577620073501458,0.5145067106912471
7886,0.8333,84,112,84,660676,15768,109511,16745,0.1248891141807122,0.5150247593270384
7887,0.8334,1,3,1,660679,15765,109512,16744,0.12486535293372196,0.5150573687286597
7888,0.8335,5,14,5,660693,15751,109517,16739,0.12475446711443416,0.5152046783625731
7889,0.8336,2,1,2,660694,15750,109519,16737,0.12474654669877075,0.5151906916612798
7890,0.8337,2,17,2,660711,15733,109521,16735,0.12461189963249271,0.5154305777996797
7891,0.8338,4,2,4,660713,15731,109525,16731,0.12459605880116588,0.5154026246072331
7892,0.8339,0,1,0,660714,15730,109525,16731,0.12458813838550246,0.5154185022026432
7893,0.834,11,29,11,660743,15701,109536,16720,0.12435844633126346,0.5157151229141606
7894,0.8341,0,1,0,660744,15700,109536,16720,0.12435052591560006,0.5157310302282542
7895,0.8342,12,23,12,660767,15677,109548,16708,0.12416835635534153,0.5159178632082755
7896,0.8343,8,12,8,660779,15665,109556,16700,0.12407331136738056,0.5159894948246563
7897,0.8344,0,4,0,660783,15661,109556,16700,0.1240416297047269,0.5160532740026575
7898,0.8345,4,5,4,660788,15656,109560,16696,0.12400202762640983,0.5160731948565777
7899,0.8346,2,1,2,660789,15655,109562,16694,0.12399410721074643,0.516059229033355
7900,0.8347,8,10,8,660799,15645,109570,16686,0.12391490305411228,0.5160990999350469
7901,0.8348,5,10,5,660809,15635,109575,16681,0.12383569889747814,0.5161839336551554
7902,0.8349,0,1,0,660810,15634,109575,16681,0.12382777848181473,0.5161999071638558
7903,0.835,188,210,188,661020,15424,109763,16493,0.12216449119249778,0.5167465613936146
7904,0.8351,1,6,1,661026,15418,109764,16492,0.12211696869851729,0.5168285803823253
7905,0.8352,3,3,3,661029,15415,109767,16489,0.12209320745152706,0.5168317452357071
7906,0.8353,1,7,1,661036,15408,109768,16488,0.12203776454188316,0.5169300225733634
7907,0.8354,1,0,1,661036,15408,109769,16487,0.12203776454188316,0.5169148769399592
7908,0.8355,5,6,5,661042,15402,109774,16482,0.12199024204790268,0.5169363944298081
7909,0.8356,3,4,3,661046,15398,109777,16479,0.12195856038524902,0.5169557988518367
7910,0.8357,3,8,3,661054,15390,109780,16476,0.1218951970599417,0.5170401054415364
7911,0.8358,13,17,13,661071,15373,109793,16463,0.12176054999366366,0.5171189847970851
7912,0.8359,3,3,3,661074,15370,109796,16460,0.12173678874667343,0.5171222117499215
7913,0.836,12,17,12,661091,15353,109808,16448,0.12160214168039539,0.5172164397345995
7914,0.8361,0,5,0,661096,15348,109808,16448,0.12156253960207831,0.5172977733048182
7915,0.8362,3,3,3,661099,15345,109811,16445,0.12153877835508807,0.5173010380622838
7916,0.8363,5,2,5,661101,15343,109816,16440,0.12152293752376124,0.5172576534625428
7917,0.8364,1,2,1,661103,15341,109817,16439,0.12150709669243442,0.5172750157331655
7918,0.8365,1,4,1,661107,15337,109818,16438,0.12147541502978076,0.5173249409913454
7919,0.8367,84,102,84,661209,15235,109902,16354,0.12066753263211254,0.5177118617240178
7920,0.8368,1,7,1,661216,15228,109903,16353,0.12061208972246863,0.5178113422627529
7921,0.8369,2,4,2,661220,15224,109905,16351,0.12058040805981497,0.51784639746635
7922,0.837,4,11,4,661231,15213,109909,16347,0.12049328348751742,0.5179657794676806
7923,0.8371,1,4,1,661235,15209,109910,16346,0.12046160182486376,0.5180161622563777
7924,0.8372,2,7,2,661242,15202,109912,16344,0.12040615891521987,0.5181005515754771
7925,0.8373,10,14,10,661256,15188,109922,16334,0.12029527309593208,0.5181777805976778
7926,0.8374,2,0,2,661256,15188,109924,16332,0.12029527309593208,0.5181472081218275
7927,0.8375,39,59,39,661315,15129,109963,16293,0.11982796857179065,0.5185220546114188
7928,0.8376,1,2,1,661317,15127,109964,16292,0.11981212774046382,0.5185397371017537
7929,0.8377,3,11,3,661328,15116,109967,16289,0.11972500316816627,0.5186753701639866
7930,0.8378,2,4,2,661332,15112,109969,16287,0.11969332150551261,0.5187107869677379
7931,0.8379,2,1,2,661333,15111,109971,16285,0.1196854010898492,0.5186966492546822
7932,0.838,19,23,19,661356,15088,109990,16266,0.11950323152959068,0.5187854819161829
7933,0.8382,2,6,2,661362,15082,109992,16264,0.11945570903561019,0.5188540802654246
7934,0.8383,32,61,32,661423,15021,110024,16232,0.11897256368014193,0.5193741400825521
7935,0.8384,2,3,2,661426,15018,110026,16230,0.11894880243315169,0.5193932411674347
7936,0.8385,4,8,4,661434,15010,110030,16226,0.11888543910784438,0.5194647201946472
7937,0.8386,1,3,1,661437,15007,110031,16225,0.11886167786085414,0.5194992315573771
7938,0.8387,0,7,0,661444,15000,110031,16225,0.11880623495121025,0.5196156925540433
7939,0.8388,3,2,3,661446,14998,110034,16222,0.11879039411988342,0.5196028187059577
7940,0.8389,1,2,1,661448,14996,110035,16221,0.11877455328855659,0.5196207194797706
7941,0.839,5,15,5,661463,14981,110040,16216,0.11865574705360538,0.5197935698945412
7942,0.8391,2,3,2,661466,14978,110042,16214,0.11863198580661513,0.5198127725057707
7943,0.8392,8,25,8,661491,14953,110050,16206,0.11843397541502979,0.520106550274399
7944,0.8393,5,10,5,661501,14943,110055,16201,0.11835477125839564,0.5201965065502183
7945,0.8394,0,1,0,661502,14942,110055,16201,0.11834685084273222,0.5202132100311466
7946,0.8395,1,3,1,661505,14939,110056,16200,0.11832308959574199,0.520247920614021
7947,0.8396,2,7,2,661512,14932,110058,16198,0.11826764668609809,0.5203340828782524
7948,0.8397,4,9,4,661521,14923,110062,16194,0.11819636294512736,0.5204229199472957
7949,0.8398,2,7,2,661528,14916,110064,16192,0.11814092003548346,0.5205091937765205
7950,0.8399,2,2,2,661530,14914,110066,16190,0.11812507920415663,0.5205118312757202
7951,0.84,897,882,897,662412,14032,110963,15293,0.11113927258902548,0.5215004262574595
7952,0.8401,0,2,0,662414,14030,110963,15293,0.11112343175769865,0.5215359956348259
7953,0.8403,6,3,6,662417,14027,110969,15287,0.1110996705107084,0.5214914375383776
7954,0.8404,3,5,3,662422,14022,110972,15284,0.11106006843239133,0.5215314270115334
7955,0.8405,4,9,4,662431,14013,110976,15280,0.11098878469142061,0.5216263271088656
7956,0.8406,0,2,0,662433,14011,110976,15280,0.11097294386009378,0.5216619439418251
7957,0.8407,7,11,7,662444,14000,110983,15273,0.11088581928779623,0.5217435862398797
7958,0.8408,19,25,19,662469,13975,111002,15254,0.11068780889621087,0.5218789558315372
7959,0.8409,1,2,1,662471,13973,111003,15253,0.11067196806488405,0.5218983097242181
7960,0.841,8,15,8,662486,13958,111011,15245,0.11055316182993284,0.5220354073211656
7961,0.8411,1,1,1,662487,13957,111012,15244,0.11054524141426943,0.522036916543954
7962,0.8412,2,7,2,662494,13950,111014,15242,0.11048979850462552,0.5221293505069882
7963,0.8413,4,9,4,662503,13941,111018,15238,0.1104185147636548,0.5222248877617465
7964,0.8414,0,2,0,662505,13939,111018,15238,0.11040267393232797,0.5222606847859615
7965,0.8415,0,4,0,662509,13935,111018,15238,0.11037099226967431,0.5223322935591129
7966,0.8416,1,0,1,662509,13935,111019,15237,0.11037099226967431,0.5223159193747429
7967,0.8417,34,62,34,662571,13873,111053,15203,0.10987992649854264,0.522871096436924
7968,0.8418,3,8,3,662579,13865,111056,15200,0.10981656317323533,0.5229657663856873
7969,0.8419,1,6,1,662585,13859,111057,15199,0.10976904067925485,0.5230573336086448
7970,0.842,17,20,17,662605,13839,111074,15182,0.10961063236598657,0.5231384170083733
7971,0.8421,0,4,0,662609,13835,111074,15182,0.10957895070333291,0.5232105317572457
7972,0.8422,5,5,5,662614,13830,111079,15177,0.10953934862501584,0.5232185334574413
7973,0.8423,2,8,2,662622,13822,111081,15175,0.10947598529970853,0.5233299996551367
7974,0.8424,1,4,1,662626,13818,111082,15174,0.10944430363705487,0.523385761589404
7975,0.8425,46,59,46,662685,13759,111128,15128,0.10897699911291345,0.5236957801086994
7976,0.8426,1,2,1,662687,13757,111129,15127,0.10896115828158662,0.5237155518626229
7977,0.8427,3,5,3,662692,13752,111132,15124,0.10892155620326954,0.5237567530128827
7978,0.8428,2,2,2,662694,13750,111134,15122,0.10890571537194271,0.5237600443336105
7979,0.8429,1,2,1,662696,13748,111135,15121,0.1088898745406159,0.5237798330388999
7980,0.843,7,12,7,662708,13736,111142,15114,0.10879482955265492,0.5238821490467938
7981,0.8431,1,1,1,662709,13735,111143,15113,0.1087869091369915,0.5238838047698281
7982,0.8432,3,10,3,662719,13725,111146,15110,0.10870770498035737,0.5240159528350963
7983,0.8433,79,124,79,662843,13601,111225,15031,0.10772557343809402,0.524972059234423
7984,0.8434,1,1,1,662844,13600,111226,15030,0.10771765302243062,0.5249738037024101
7985,0.8435,3,8,3,662852,13592,111229,15027,0.1076542896971233,0.5250707571892799
7986,0.8436,3,2,3,662854,13590,111232,15024,0.10763844886579647,0.52505766408052
7987,0.8437,3,9,3,662863,13581,111235,15021,0.10756716512482575,0.525173064820642
7988,0.8438,3,6,3,662869,13575,111238,15018,0.10751964263084526,0.5252334487461966
7989,0.8439,0,1,0,662870,13574,111238,15018,0.10751172221518185,0.5252518186905428
7990,0.844,14,17,14,662887,13557,111252,15004,0.10737707514890381,0.5253317460873219
7991,0.8441,1,1,1,662888,13556,111253,15003,0.10736915473324041,0.5253335200812354
7992,0.8442,8,22,8,662910,13534,111261,14995,0.10719490558864529,0.5256055242034421
7993,0.8443,6,11,6,662921,13523,111267,14989,0.10710778101634774,0.5257084736251403
7994,0.8444,0,1,0,662922,13522,111267,14989,0.10709986060068433,0.5257269124197678
7995,0.8445,5,17,5,662939,13505,111272,14984,0.10696521353440629,0.5259573870616729
7996,0.8446,1,0,1,662939,13505,111273,14983,0.10696521353440629,0.5259407469811851
7997,0.8447,3,16,3,662955,13489,111276,14980,0.10683848688379166,0.5261863781657241
7998,0.8448,1,8,1,662963,13481,111277,14979,0.10677512355848436,0.526317638791286
7999,0.8449,1,0,1,662963,13481,111278,14978,0.10677512355848436,0.5263009944130153
8000,0.845,166,170,166,663133,13311,111444,14812,0.10542865289570397,0.5266863421398855
8001,0.8451,1,3,1,663136,13308,111445,14811,0.10540489164871372,0.526725701482983
8002,0.8452,4,13,4,663149,13295,111449,14807,0.10530192624508934,0.5269019998576614
8003,0.8453,1,8,1,663157,13287,111450,14806,0.10523856291978204,0.5270352044993415
8004,0.8454,1,1,1,663158,13286,111451,14805,0.10523064250411862,0.5270371293296785
8005,0.8455,3,2,3,663160,13284,111454,14802,0.10521480167279179,0.5270241401409955
8006,0.8456,2,2,2,663162,13282,111456,14800,0.10519896084146496,0.5270279894594402
8007,0.8457,5,9,5,663171,13273,111461,14795,0.10512767710049424,0.5271127262362834
8008,0.8458,9,14,9,663185,13259,111470,14786,0.10501679128120643,0.5272241041183812
8009,0.8459,0,1,0,663186,13258,111470,14786,0.10500887086554303,0.5272429040079875
8010,0.846,7,21,7,663207,13237,111477,14779,0.10484254213661133,0.5275199885779555
8011,0.8462,3,6,3,663213,13231,111480,14776,0.10479501964263084,0.5275823901167566
8012,0.8463,2,3,2,663216,13228,111482,14774,0.10477125839564061,0.52760517105921
8013,0.8464,0,2,0,663218,13226,111482,14774,0.10475541756431378,0.5276428571428572
8014,0.8465,4,10,4,663228,13216,111486,14770,0.10467621340767963,0.5277638819409705
8015,0.8466,1,0,1,663228,13216,111487,14769,0.10467621340767963,0.5277470073253528
8016,0.8467,84,100,84,663328,13116,111571,14685,0.10388417184133823,0.5282184094097334
8017,0.8468,1,8,1,663336,13108,111572,14684,0.10382080851603093,0.5283534830166955
8018,0.8469,5,1,5,663337,13107,111577,14679,0.10381288810036751,0.5282876268624487
8019,0.847,12,3,12,663340,13104,111589,14667,0.10378912685337727,0.5281408663713946
8020,0.8471,5,6,5,663346,13098,111594,14662,0.10374160435939678,0.5281700288184438
8021,0.8472,2,10,2,663356,13088,111596,14660,0.10366240020276264,0.5283263658642064
8022,0.8473,3,10,3,663366,13078,111599,14657,0.1035831960461285,0.52846583738958
8023,0.8474,1,2,1,663368,13076,111600,14656,0.10356735521480168,0.5284869464878119
8024,0.8475,38,50,38,663418,13026,111638,14618,0.10317133443163097,0.5287946751555491
8025,0.8477,7,5,7,663423,13021,111645,14611,0.1031317323533139,0.5287709901563404
8026,0.8478,2,5,2,663428,13016,111647,14609,0.10309213027499683,0.5288325791855204
8027,0.8479,1,1,1,663429,13015,111648,14608,0.10308420985933342,0.5288346667632046
8028,0.848,13,13,13,663442,13002,111661,14595,0.10298124445570904,0.5288618328079139
8029,0.8482,4,6,4,663448,12996,111665,14591,0.10293372196172855,0.5289085438793635
8030,0.8483,34,54,34,663502,12942,111699,14557,0.1025060195159042,0.5293647041710607
8031,0.8484,1,1,1,663503,12941,111700,14556,0.10249809910024078,0.5293668400189111
8032,0.8485,1,9,1,663512,12932,111701,14555,0.10242681535927005,0.5295230472587041
8033,0.8486,1,0,1,663512,12932,111702,14554,0.10242681535927005,0.5295059302917849
8034,0.8487,5,11,5,663523,12921,111707,14549,0.1023396907869725,0.529632326174008
8035,0.8488,3,10,3,663533,12911,111710,14546,0.10226048663033836,0.5297738281676804
8036,0.8489,3,3,3,663536,12908,111713,14543,0.10223672538334812,0.5297803358711887
8037,0.849,3,16,3,663552,12892,111716,14540,0.10210999873273349,0.5300379119276757
8038,0.8491,0,2,0,663554,12890,111716,14540,0.10209415790140666,0.5300765585125775
8039,0.8492,7,24,7,663578,12866,111723,14533,0.10190406792548473,0.5304208182780393
8040,0.8493,7,18,7,663596,12848,111730,14526,0.10176150044354328,0.5306495214437057
8041,0.8494,3,9,3,663605,12839,111733,14523,0.10169021670257256,0.5307726043417879
8042,0.8495,0,7,0,663612,12832,111733,14523,0.10163477379292865,0.5309084262474868
8043,0.8496,0,5,0,663617,12827,111733,14523,0.10159517171461158,0.5310054844606947
8044,0.8497,3,2,3,663619,12825,111736,14520,0.10157933088328476,0.5309928688974218
8045,0.8498,1,5,1,663624,12820,111737,14519,0.10153972880496769,0.5310728263652658
8046,0.8499,1,4,1,663628,12816,111738,14518,0.10150804714231403,0.5311333869905612
8047,0.85,895,859,895,664487,11957,112633,13623,0.09470441008744139,0.5325645035183737
8048,0.8501,1,2,1,664489,11955,112634,13622,0.09468856925611456,0.5325878719161747
8049,0.8502,3,4,3,664493,11951,112637,13619,0.0946568875934609,0.532616347281971
8050,0.8503,2,2,2,664495,11949,112639,13617,0.09464104676213407,0.5326214503637644
8051,0.8504,3,1,3,664496,11948,112642,13614,0.09463312634647067,0.5325874344730459
8052,0.8505,2,9,2,664505,11939,112644,13612,0.09456184260549994,0.5327384446792689
8053,0.8506,3,7,3,664512,11932,112647,13609,0.09450639969585604,0.532829568145335
8054,0.8507,3,10,3,664522,11922,112650,13606,0.0944271955392219,0.5329833907865873
8055,0.8508,6,14,6,664536,11908,112656,13600,0.0943163097199341,0.5331660655480633
8056,0.8509,0,2,0,664538,11906,112656,13600,0.09430046888860727,0.533207872657414
8057,0.851,16,11,16,664549,11895,112672,13584,0.09421334431630972,0.5331449428941482
8058,0.8512,3,4,3,664553,11891,112675,13581,0.09418166265365606,0.5331736809045227
8059,0.8513,3,12,3,664565,11879,112678,13578,0.0940866176656951,0.5333699964646266
8060,0.8514,2,3,2,664568,11876,112680,13576,0.09406285641870485,0.5333961967625334
8061,0.8515,7,7,7,664575,11869,112687,13569,0.09400741350906096,0.5334145766176587
8062,0.8516,0,1,0,664576,11868,112687,13569,0.09399949309339754,0.5334355466446515
8063,0.8517,32,50,32,664626,11818,112719,13537,0.09360347231022684,0.5338986393216328
8064,0.8518,2,1,2,664627,11817,112721,13535,0.09359555189456342,0.5338829283685705
8065,0.8519,0,3,0,664630,11814,112721,13535,0.09357179064757319,0.5339461122726735
8066,0.852,9,10,9,664640,11804,112730,13526,0.09349258649093904,0.533991314646664
8067,0.8521,1,2,1,664642,11802,112731,13525,0.09347674565961221,0.534015082718048
8068,0.8522,4,1,4,664643,11801,112735,13521,0.0934688252439488,0.5339625621988785
8069,0.8523,2,10,2,664653,11791,112737,13519,0.09338962108731466,0.5341367048597392
8070,0.8524,4,6,4,664659,11785,112741,13515,0.09334209859333417,0.5341897233201581
8071,0.8525,42,43,42,664702,11742,112783,13473,0.09300152071980737,0.5343248066627008
8072,0.8526,0,1,0,664703,11741,112783,13473,0.09299360030414396,0.5343459982549378
8073,0.8527,6,11,6,664714,11730,112789,13467,0.0929064757318464,0.5344683890939398
8074,0.8528,4,6,4,664720,11724,112793,13463,0.09285895323786593,0.5345217771072378
8075,0.8529,2,5,2,664725,11719,112795,13461,0.09281935115954885,0.5345909451945989
8076,0.853,5,6,5,664731,11713,112800,13456,0.09277182866556836,0.5346259287218403
8077,0.8531,1,3,1,664734,11710,112801,13455,0.09274806741857812,0.5346711702761773
8078,0.8532,1,5,1,664739,11705,112802,13454,0.09270846534026106,0.5347589331849437
8079,0.8533,74,87,74,664826,11618,112876,13380,0.09201938917754404,0.5352428194255541
8080,0.8534,2,2,2,664828,11616,112878,13378,0.09200354834621721,0.5352484596303113
8081,0.8535,4,8,4,664836,11608,112882,13374,0.09194018502090989,0.5353454487230807
8082,0.8536,5,5,5,664841,11603,112887,13369,0.09190058294259283,0.5353596027550857
8083,0.8537,4,8,4,664849,11595,112891,13365,0.09183721961728551,0.5354567307692307
8084,0.8538,6,2,6,664851,11593,112897,13359,0.09182137878595868,0.5353879448541199
8085,0.8539,0,1,0,664852,11592,112897,13359,0.09181345837029527,0.5354094024287603
8086,0.854,13,26,13,664878,11566,112910,13346,0.0916075275630465,0.5357257546563905
8087,0.8541,2,4,2,664882,11562,112912,13344,0.09157584590039285,0.5357745121657432
8088,0.8542,10,12,10,664894,11550,112922,13334,0.09148080091243188,0.5358463269570809
8089,0.8543,5,9,5,664903,11541,112927,13329,0.09140951717146116,0.5359469240048251
8090,0.8545,3,6,3,664909,11535,112930,13326,0.09136199467748067,0.5360202727163026
8091,0.8546,0,1,0,664910,11534,112930,13326,0.09135407426181726,0.5360418342719228
8092,0.8547,2,7,2,664917,11527,112932,13324,0.09129863135217337,0.5361554867007364
8093,0.8548,1,5,1,664922,11522,112933,13323,0.09125902927385629,0.536244717246931
8094,0.8549,1,2,1,664924,11520,112934,13322,0.09124318844252946,0.536269221479752
8095,0.855,132,176,132,665100,11344,113066,13190,0.0898491952857686,0.5376212602918399
8096,0.8551,1,4,1,665104,11340,113067,13189,0.08981751362311494,0.5376900811284602
8097,0.8552,5,9,5,665113,11331,113072,13184,0.08974622988214422,0.5377931878441771
8098,0.8553,0,4,0,665117,11327,113072,13184,0.08971454821949056,0.5378809514095713
8099,0.8554,0,2,0,665119,11325,113072,13184,0.08969870738816373,0.537924843934881
8100,0.8555,3,4,3,665123,11321,113075,13181,0.08966702572551008,0.5379560852175332
8101,0.8556,0,1,0,665124,11320,113075,13181,0.08965910530984667,0.5379780417125831
8102,0.8557,7,10,7,665134,11310,113082,13174,0.08957990115321252,0.5380656755432119
8103,0.8558,8,28,8,665162,11282,113090,13166,0.08935812951463692,0.5385307591623036
8104,0.8559,0,3,0,665165,11279,113090,13166,0.08933436826764668,0.5385968500715893
8105,0.856,19,14,19,665179,11265,113109,13147,0.08922348244835888,0.538546616418155
8106,0.8562,2,8,2,665187,11257,113111,13145,0.08916011912305158,0.5386853536595361
8107,0.8563,3,6,3,665193,11251,113114,13142,0.08911259662907109,0.5387611199934408
8108,0.8564,0,2,0,665195,11249,113114,13142,0.08909675579774426,0.5388052970357919
8109,0.8565,2,6,2,665201,11243,113116,13140,0.08904923330376378,0.5389000533158348
8110,0.8566,0,2,0,665203,11241,113116,13140,0.08903339247243695,0.5389442598744925
8111,0.8567,81,106,81,665309,11135,113197,13059,0.08819382841211507,0.539761924444077
8112,0.8568,1,3,1,665312,11132,113198,13058,0.08817006716512482,0.5398098387763539
8113,0.8569,1,1,1,665313,11131,113199,13057,0.0881621467494614,0.5398131304779229
8114,0.857,1,6,1,665319,11125,113200,13056,0.08811462425548093,0.5399280426781358
8115,0.8571,5,6,5,665325,11119,113205,13051,0.08806710176150044,0.5399669011170873
8116,0.8572,2,6,2,665331,11113,113207,13049,0.08801957926751997,0.5400629086996109
8117,0.8573,3,7,3,665338,11106,113210,13046,0.08796413635787606,0.5401623053991388
8118,0.8574,2,2,2,665340,11104,113212,13044,0.08794829552654923,0.5401689580917675
8119,0.8575,36,44,36,665384,11060,113248,13008,0.08759979723735901,0.5404686720957288
8120,0.8576,0,1,0,665385,11059,113248,13008,0.0875918768216956,0.5404911289317322
8121,0.8577,2,9,2,665394,11050,113250,13006,0.08752059308072488,0.5406551380113069
8122,0.8578,1,5,1,665399,11045,113251,13005,0.0874809910024078,0.5407484407484408
8123,0.858,12,21,12,665420,11024,113263,12993,0.08731466227347612,0.5409917974767873
8124,0.8581,0,2,0,665422,11022,113263,12993,0.08729882144214929,0.5410368519675203
8125,0.8582,2,7,2,665429,11015,113265,12991,0.08724337853250538,0.5411563775722736
8126,0.8583,26,39,26,665468,10976,113291,12965,0.08693448232163224,0.5415396182281442
8127,0.8584,2,0,2,665468,10976,113293,12963,0.08693448232163224,0.541501315844438
8128,0.8585,8,10,8,665478,10966,113301,12955,0.08685527816499809,0.5415743488984575
8129,0.8586,1,8,1,665486,10958,113302,12954,0.08679191483969079,0.5417363666778187
8130,0.8587,4,9,4,665495,10949,113306,12950,0.08672063109872007,0.5418636763044479
8131,0.8588,4,4,4,665499,10945,113310,12946,0.0866889494360664,0.5418776945293207
8132,0.8589,1,6,1,665505,10939,113311,12945,0.08664142694208592,0.5419946407636912
8133,0.859,6,11,6,665516,10928,113317,12939,0.08655430236978837,0.5421292998701136
8134,0.8591,1,3,1,665519,10925,113318,12938,0.08653054112279812,0.5421782676109458
8135,0.8592,12,14,12,665533,10911,113330,12926,0.08641965530351033,0.5422662247766078
8136,0.8593,2,6,2,665539,10905,113332,12924,0.08637213280952985,0.5423643459650006
8137,0.8594,0,1,0,665540,10904,113332,12924,0.08636421239386644,0.5423871076044989
8138,0.8595,0,6,0,665546,10898,113332,12924,0.08631668989988595,0.5425237175719922
8139,0.8596,0,1,0,665547,10897,113332,12924,0.08630876948422253,0.5425464925905713
8140,0.8597,1,5,1,665552,10892,113333,12923,0.08626916740590546,0.5426411925257191
8141,0.8598,5,4,5,665556,10888,113338,12918,0.08623748574325181,0.5426363101739058
8142,0.8599,2,2,2,665558,10886,113340,12916,0.08622164491192498,0.5426434753382069
8143,0.86,896,776,896,666334,10110,114236,12020,0.0800754023571157,0.543154089471306
8144,0.8601,1,3,1,666337,10107,114237,12019,0.08005164111012546,0.5432070866853476
8145,0.8602,1,2,1,666339,10105,114238,12018,0.08003580027879863,0.5432355467160873
8146,0.8603,1,8,1,666347,10097,114239,12017,0.07997243695349132,0.5434114135841548
8147,0.8604,1,3,1,666350,10094,114240,12016,0.07994867570650108,0.5434644957033017
8148,0.8605,2,3,2,666353,10091,114242,12014,0.07992491445951083,0.5434969463922189
8149,0.8606,0,3,0,666356,10088,114242,12014,0.07990115321252059,0.5435707175821193
8150,0.8607,4,7,4,666363,10081,114246,12010,0.0798457103028767,0.5436603141550858
8151,0.8608,11,12,11,666375,10069,114257,11999,0.07975066531491573,0.5437284756208084
8152,0.8609,4,3,4,666378,10066,114261,11995,0.07972690406792549,0.5437196863242827
8153,0.861,10,13,10,666391,10053,114271,11985,0.0796239386643011,0.5438333787095018
8154,0.8611,0,3,0,666394,10050,114271,11985,0.07960017741731086,0.5439074200136147
8155,0.8612,1,8,1,666402,10042,114272,11984,0.07953681409200355,0.5440842640515754
8156,0.8613,5,9,5,666411,10033,114277,11979,0.07946553035103282,0.5442031619116845
8157,0.8615,2,7,2,666418,10026,114279,11977,0.07941008744138893,0.5443348634277144
8158,0.8616,1,0,1,666418,10026,114280,11976,0.07941008744138893,0.5443141532587946
8159,0.8617,24,47,24,666465,9979,114304,11952,0.07903782790520847,0.5449819889653914
8160,0.8618,2,10,2,666475,9969,114306,11950,0.07895862374857432,0.5451891053423971
8161,0.862,8,16,8,666491,9953,114314,11942,0.07883189709795971,0.5454213290705641
8162,0.8621,1,0,1,666491,9953,114315,11941,0.07883189709795971,0.5454005663652142
8163,0.8622,3,5,3,666496,9948,114318,11938,0.07879229501964263,0.545462852965366
8164,0.8623,6,5,6,666501,9943,114324,11932,0.07875269294132556,0.5454628571428571
8165,0.8625,35,41,35,666542,9902,114359,11897,0.07842795589912559,0.5457589797697142
8166,0.8626,1,2,1,666544,9900,114360,11896,0.07841211506779876,0.5457882180216553
8167,0.8627,6,9,6,666553,9891,114366,11890,0.07834083132682804,0.5458886185207291
8168,0.8628,2,2,2,666555,9889,114368,11888,0.0783249904955012,0.5458970473435276
8169,0.8629,3,5,3,666560,9884,114371,11885,0.07828538841718413,0.5459598511645
8170,0.863,6,14,6,666574,9870,114377,11879,0.07817450259789634,0.5461860315416801
8171,0.8631,0,1,0,666575,9869,114377,11879,0.07816658218223292,0.5462111458524922
8172,0.8632,4,8,4,666583,9861,114381,11875,0.07810321885692562,0.5463286713286714
8173,0.8633,75,77,75,666660,9784,114456,11800,0.07749334685084273,0.5467012601927353
8174,0.8634,1,2,1,666662,9782,114457,11799,0.0774775060195159,0.5467309207172977
8175,0.8635,2,1,2,666663,9781,114459,11797,0.07746958560385249,0.5467142459912874
8176,0.8636,3,3,3,666666,9778,114462,11794,0.07744582435686224,0.546727239013536
8177,0.8637,5,6,5,666672,9772,114467,11789,0.07739830186288177,0.5467742683549001
8178,0.8638,2,2,2,666674,9770,114469,11787,0.07738246103155494,0.5467829475344436
8179,0.8639,2,2,2,666676,9768,114471,11785,0.07736662020022811,0.5467916299355078
8180,0.864,10,20,10,666696,9748,114481,11775,0.07720821188695982,0.5470891604330251
8181,0.8641,2,1,2,666697,9747,114483,11773,0.07720029147129641,0.5470724907063197
8182,0.8642,13,14,13,666711,9733,114496,11760,0.07708940565200861,0.5471548876378356
8183,0.8643,3,11,3,666722,9722,114499,11757,0.07700228107971106,0.5473718515759579
8184,0.8645,2,5,2,666727,9717,114501,11755,0.07696267900139399,0.5474571535022354
8185,0.8646,1,3,1,666730,9714,114502,11754,0.07693891775440376,0.5475125768585802
8186,0.8647,2,8,2,666738,9706,114504,11752,0.07687555442909644,0.5476745269829434
8187,0.8648,3,2,3,666740,9704,114507,11749,0.07685971359776961,0.5476623316086329
8188,0.8649,0,3,0,666743,9701,114507,11749,0.07683595235077936,0.5477389277389277
8189,0.865,149,148,149,666891,9553,114656,11600,0.07566373083259409,0.5483855717865078
8190,0.8651,0,5,0,666896,9548,114656,11600,0.07562412875427703,0.5485152260261018
8191,0.8652,1,3,1,666899,9545,114657,11599,0.07560036750728678,0.5485716988270904
8192,0.8653,7,4,7,666903,9541,114664,11592,0.07556868584463312,0.5485260019874131
8193,0.8654,0,1,0,666904,9540,114664,11592,0.07556076542896971,0.5485519591141397
8194,0.8655,2,5,2,666909,9535,114666,11590,0.07552116335065265,0.5486390532544378
8195,0.8656,1,7,1,666916,9528,114667,11589,0.07546572044100874,0.5487995453899701
8196,0.8657,1,6,1,666922,9522,114668,11588,0.07541819794702825,0.5489341544291805
8197,0.8658,8,14,8,666936,9508,114676,11580,0.07530731212774046,0.5491274658573596
8198,0.8659,2,1,2,666937,9507,114678,11578,0.07529939171207704,0.5491107422338155
8199,0.866,11,10,11,666947,9497,114689,11567,0.07522018755544291,0.5491359665780479
8200,0.8662,5,8,5,666955,9489,114694,11562,0.0751568242301356,0.5492375659113581
8201,0.8663,2,2,2,666957,9487,114696,11560,0.07514098339880877,0.5492469235520502
8202,0.8664,0,2,0,666959,9485,114696,11560,0.07512514256748194,0.5492991209313376
8203,0.8665,7,8,7,666967,9477,114703,11553,0.07506177924217462,0.549358059914408
8204,0.8666,1,0,1,666967,9477,114704,11552,0.07506177924217462,0.5493366303675876
8205,0.8667,79,85,79,667052,9392,114783,11473,0.07438854391078444,0.5498682003354901
8206,0.8668,4,3,4,667055,9389,114787,11469,0.07436478266379419,0.5498609646178925
8207,0.8669,1,0,1,667055,9389,114788,11468,0.07436478266379419,0.5498393824615238
8208,0.867,4,3,4,667058,9386,114792,11464,0.07434102141680396,0.5498321342925659
8209,0.8671,0,3,0,667061,9383,114792,11464,0.07431726016981371,0.5499112582146112
8210,0.8672,2,1,2,667062,9382,114794,11462,0.0743093397541503,0.5498944540395317
8211,0.8673,5,3,5,667065,9379,114799,11457,0.07428557850716005,0.5498656172009982
8212,0.8674,1,1,1,667066,9378,114800,11456,0.07427765809149664,0.5498704041470673
8213,0.8675,35,56,35,667122,9322,114835,11421,0.07383411481434546,0.550595381574507
8214,0.8677,6,5,6,667127,9317,114841,11415,0.07379451273602838,0.5505981092031642
8215,0.8678,1,2,1,667129,9315,114842,11414,0.07377867190470155,0.5506295528004245
8216,0.8679,1,1,1,667130,9314,114843,11413,0.07377075148903814,0.5506344381724321
8217,0.868,11,13,11,667143,9301,114854,11402,0.07366778608541376,0.5507414384388736
8218,0.8681,0,3,0,667146,9298,114854,11402,0.07364402483842351,0.5508212560386473
8219,0.8682,4,9,4,667155,9289,114858,11398,0.07357274109745279,0.5509740416686808
8220,0.8683,22,38,22,667193,9251,114880,11376,0.07327176530224307,0.551510156590876
8221,0.8684,0,3,0,667196,9248,114880,11376,0.07324800405525282,0.5515903801396431
8222,0.8685,7,4,7,667200,9244,114887,11369,0.07321632239259916,0.5515451414156115
8223,0.8686,1,1,1,667201,9243,114888,11368,0.07320840197693575,0.5515501431274562
8224,0.8687,7,7,7,667208,9236,114895,11361,0.07315295906729186,0.5515851823081032
8225,0.8688,5,3,5,667211,9233,114900,11356,0.07312919782030161,0.5515566564670455
8226,0.8689,0,1,0,667212,9232,114900,11356,0.0731212774046382,0.5515834466679619
8227,0.869,4,12,4,667224,9220,114904,11352,0.07302623241667723,0.5518180050554151
8228,0.8691,3,1,3,667225,9219,114907,11349,0.07301831200101382,0.551779463243874
8229,0.8692,4,16,4,667241,9203,114911,11345,0.07289158535039919,0.5521218610083707
8230,0.8693,4,4,4,667245,9199,114915,11341,0.07285990368774553,0.5521421616358325
8231,0.8694,3,1,3,667246,9198,114918,11338,0.07285198327208212,0.5521036229061161
8232,0.8695,0,5,0,667251,9193,114918,11338,0.07281238119376506,0.552238079002484
8233,0.8696,0,4,0,667255,9189,114918,11338,0.0727806995311114,0.5523456910410679
8234,0.8697,0,6,0,667261,9183,114918,11338,0.0727331770371309,0.5525071877588812
8235,0.8698,5,7,5,667268,9176,114923,11333,0.07267773412748701,0.552586669267151
8236,0.8699,1,0,1,667268,9176,114924,11332,0.07267773412748701,0.552564852740394
8237,0.87,802,732,802,668000,8444,115726,10530,0.06687998986186795,0.5549699588911141
8238,0.8701,0,3,0,668003,8441,115726,10530,0.06685622861487771,0.5550577196774024
8239,0.8702,3,2,3,668005,8439,115729,10527,0.06684038778355088,0.555045871559633
8240,0.8703,5,1,5,668006,8438,115734,10522,0.06683246736788746,0.554957805907173
8241,0.8704,1,1,1,668007,8437,115735,10521,0.06682454695222405,0.5549636037556704
8242,0.8705,3,6,3,668013,8431,115738,10518,0.06677702445824357,0.5550688690696078
8243,0.8706,2,4,2,668017,8427,115740,10516,0.06674534279558991,0.5551391015150715
8244,0.8707,3,7,3,668024,8420,115743,10513,0.06668989988594601,0.5552738604552897
8245,0.8708,7,10,7,668034,8410,115750,10506,0.06661069572931187,0.5554028335800381
8246,0.8709,1,2,1,668036,8408,115751,10505,0.06659485489798504,0.5554380584782953
8247,0.871,5,9,5,668045,8399,115756,10500,0.06652357115701432,0.55558495158474
8248,0.8711,0,8,0,668053,8391,115756,10500,0.066460207831707,0.5558202318564396
8249,0.8712,2,2,2,668055,8389,115758,10498,0.06644436700038019,0.5558320537936147
8250,0.8713,2,4,2,668059,8385,115760,10496,0.06641268533772653,0.5559027593877442
8251,0.8714,2,4,2,668063,8381,115762,10494,0.06638100367507287,0.5559735099337748
8252,0.8715,3,6,3,668069,8375,115765,10491,0.06633348118109238,0.5560797201314535
8253,0.8716,0,2,0,668071,8373,115765,10491,0.06631764034976556,0.5561386768447837
8254,0.8717,27,45,27,668116,8328,115792,10464,0.06596122164491193,0.5568326947637292
8255,0.8718,1,3,1,668119,8325,115793,10463,0.06593746039792169,0.5568980200127741
8256,0.8719,0,6,0,668125,8319,115793,10463,0.0658899379039412,0.5570759237567884
8257,0.872,11,14,11,668139,8305,115804,10452,0.0657790520846534,0.5572319667324199
8258,0.8721,1,5,1,668144,8300,115805,10451,0.06573945000633634,0.5573569409631486
8259,0.8722,0,6,0,668150,8294,115805,10451,0.06569192751235585,0.5575353427580688
8260,0.8723,4,6,4,668156,8288,115809,10447,0.06564440501837536,0.5576194288764345
8261,0.8724,2,2,2,668158,8286,115811,10445,0.06562856418704853,0.5576317334899364
8262,0.8725,28,43,28,668201,8243,115839,10417,0.06528798631352173,0.5582529474812433
8263,0.8726,0,4,0,668205,8239,115839,10417,0.06525630465086808,0.558372641509434
8264,0.8727,0,4,0,668209,8235,115839,10417,0.06522462298821442,0.5584923868754021
8265,0.8728,0,1,0,668210,8234,115839,10417,0.06521670257255101,0.5585223312422927
8266,0.8729,2,4,2,668214,8230,115841,10415,0.06518502090989735,0.5585947975328507
8267,0.873,6,4,6,668218,8226,115847,10409,0.06515333924724369,0.5585725784813523
8268,0.8731,1,0,1,668218,8226,115848,10408,0.06515333924724369,0.5585488891274015
8269,0.8732,5,4,5,668222,8222,115853,10403,0.06512165758459004,0.5585503355704698
8270,0.8733,60,63,60,668285,8159,115913,10343,0.06462267139779496,0.5590206464166037
8271,0.8734,1,1,1,668286,8158,115914,10342,0.06461475098213154,0.559027027027027
8272,0.8735,3,1,3,668287,8157,115917,10339,0.06460683056646813,0.5589857266435986
8273,0.8737,4,3,4,668290,8154,115921,10335,0.06458306931947788,0.5589810157390881
8274,0.8738,3,5,3,668295,8149,115924,10332,0.06454346724116082,0.5590606568908609
8275,0.8739,1,1,1,668296,8148,115925,10331,0.0645355468254974,0.5590670490827425
8276,0.874,16,6,16,668302,8142,115941,10315,0.06448802433151692,0.5588665546946958
8277,0.8741,1,1,1,668303,8141,115942,10314,0.0644801039158535,0.5588729341641832
8278,0.8742,10,11,10,668314,8130,115952,10304,0.06439297934355595,0.5589671259628947
8279,0.8743,3,7,3,668321,8123,115955,10301,0.06433753643391205,0.5591076856274425
8280,0.8744,0,2,0,668323,8121,115955,10301,0.06432169560258523,0.5591683856258821
8281,0.8745,1,5,1,668328,8116,115956,10300,0.06428209352426816,0.5592962641181581
8282,0.8746,0,2,0,668330,8114,115956,10300,0.06426625269294133,0.5593570109699142
8283,0.8747,0,5,0,668335,8109,115956,10300,0.06422665061462425,0.5595089358465968
8284,0.8748,4,3,4,668338,8106,115960,10296,0.06420288936763402,0.5595044016954679
8285,0.8749,1,1,1,668339,8105,115961,10295,0.0641949689519706,0.5595108695652173
8286,0.875,150,130,150,668469,7975,116111,10145,0.06316531491572677,0.559878587196468
8287,0.8751,1,1,1,668470,7974,116112,10144,0.06315739450006336,0.5598851970416161
8288,0.8752,5,10,5,668480,7964,116117,10139,0.06307819034342922,0.5600729160912556
8289,0.8753,2,2,2,668482,7962,116119,10137,0.06306234951210239,0.5600861926073264
8290,0.8754,2,3,2,668485,7959,116121,10135,0.06303858826511215,0.5601304299767879
8291,0.8755,3,4,3,668489,7955,116124,10132,0.0630069066024585,0.560181345717919
8292,0.8756,2,2,2,668491,7953,116126,10130,0.06299106577113167,0.5601946579660455
8293,0.8757,5,5,5,668496,7948,116131,10125,0.0629514636928146,0.5602279643667349
8294,0.8758,7,13,7,668509,7935,116138,10118,0.06284849828919022,0.5604608652301557
8295,0.8759,0,2,0,668511,7933,116138,10118,0.06283265745786339,0.560522962716747
8296,0.876,8,19,8,668530,7914,116146,10110,0.06268216956025852,0.560918774966711
8297,0.8761,3,1,3,668531,7913,116149,10107,0.06267424914459511,0.5608768035516093
8298,0.8762,3,2,3,668533,7911,116152,10104,0.06265840831326829,0.5608659450457951
8299,0.8763,2,2,2,668535,7909,116154,10102,0.06264256748194146,0.5608794625506635
8300,0.8764,0,4,0,668539,7905,116154,10102,0.0626108858192878,0.5610040539790082
8301,0.8765,6,11,6,668550,7894,116160,10096,0.06252376124699024,0.5612006670372429
8302,0.8766,1,5,1,668555,7889,116161,10095,0.06248415916867317,0.5613322953736655
8303,0.8767,61,64,61,668619,7825,116222,10034,0.061977252566214676,0.5618455680609217
8304,0.8768,1,2,1,668621,7823,116223,10033,0.061961411734887846,0.5618839605734767
8305,0.8769,2,2,2,668623,7821,116225,10031,0.061945570903561016,0.5618978265740533
8306,0.877,5,2,5,668625,7819,116230,10026,0.06192973007223419,0.5618380498739143
8307,0.8771,0,4,0,668629,7815,116230,10026,0.06189804840958053,0.5619640154699849
8308,0.8772,1,1,1,668630,7814,116231,10025,0.06189012799391712,0.5619709624978979
8309,0.8773,2,9,2,668639,7805,116233,10023,0.0618188442529464,0.5622055194076733
8310,0.8774,1,2,1,668641,7803,116234,10022,0.06180300342161957,0.5622440392706872
8311,0.8775,26,40,26,668681,7763,116260,9996,0.061486186795083005,0.5628695309420575
8312,0.8776,1,2,1,668683,7761,116261,9995,0.061470345963756175,0.5629083126830368
8313,0.8777,3,8,3,668691,7753,116264,9992,0.06140698263844887,0.5630881938574246
8314,0.8778,1,1,1,668692,7752,116265,9991,0.061399062222785454,0.5630953051907794
8315,0.8779,1,2,1,668694,7750,116266,9990,0.061383221391458624,0.5631341600901917
8316,0.878,10,17,10,668711,7733,116276,9980,0.061248574325180584,0.5634279907412635
8317,0.8781,2,3,2,668714,7730,116278,9978,0.061224813078190346,0.5634741359837362
8318,0.8782,4,5,4,668719,7725,116282,9974,0.06118521099987327,0.5635346629753093
8319,0.8783,37,39,37,668758,7686,116319,9937,0.06087631478900013,0.5638654031663167
8320,0.8784,2,0,2,668758,7686,116321,9935,0.06087631478900013,0.5638159014811872
8321,0.8785,7,7,7,668765,7679,116328,9928,0.060820871879356225,0.5638666439484296
8322,0.8786,0,6,0,668771,7673,116328,9928,0.06077334938537574,0.5640588602920289
8323,0.8787,5,4,5,668775,7669,116333,9923,0.06074166772272209,0.5640632105502501
8324,0.8788,2,6,2,668781,7663,116335,9921,0.06069414522874161,0.5642060964513194
8325,0.8789,0,3,0,668784,7660,116335,9921,0.06067038398175136,0.5643023718787328
8326,0.879,1,7,1,668791,7653,116336,9920,0.060614941072107464,0.56450236157742
8327,0.8791,3,2,3,668793,7651,116339,9917,0.060599100240780635,0.5644922586520947
8328,0.8792,11,10,11,668803,7641,116350,9906,0.0605198960841465,0.5645409471704564
8329,0.8793,3,4,3,668807,7637,116353,9903,0.06048821442149284,0.5645952109464082
8330,0.8795,2,3,2,668810,7634,116355,9901,0.0604644531745026,0.5646421442828629
8331,0.8796,2,2,2,668812,7632,116357,9899,0.06044861234317577,0.5646568935029377
8332,0.8797,0,4,0,668816,7628,116357,9899,0.06041693068052211,0.564785759114509
8333,0.8798,2,3,2,668819,7625,116359,9897,0.060393169433531874,0.5648327816459309
8334,0.88,772,621,772,669440,7004,117131,9125,0.05547459130655177,0.565751131502263
8335,0.8802,1,3,1,669443,7001,117132,9124,0.05545083005956153,0.5658294573643411
8336,0.8803,1,5,1,669448,6996,117133,9123,0.055411227981244454,0.5659780383398474
8337,0.8804,1,4,1,669452,6992,117134,9122,0.0553795463185908,0.5660915973687477
8338,0.8805,1,3,1,669455,6989,117135,9121,0.055355785071600556,0.5661700806952203
8339,0.8806,1,4,1,669459,6985,117136,9120,0.055324103408946904,0.5662837628065818
8340,0.8807,4,2,4,669461,6983,117140,9116,0.055308262577620074,0.5662463507050127
8341,0.8808,10,11,10,669472,6972,117150,9106,0.055221138005322516,0.5663639756188581
8342,0.881,9,5,9,669477,6967,117159,9097,0.05518153592700545,0.5662973107569721
8343,0.8811,1,6,1,669483,6961,117160,9096,0.055134013433024966,0.5664819082020303
8344,0.8812,1,2,1,669485,6959,117161,9095,0.055118172601698136,0.566525476516756
8345,0.8813,4,5,4,669490,6954,117165,9091,0.05507857052338107,0.5665939545029605
8346,0.8814,0,1,0,669491,6953,117165,9091,0.05507065010771765,0.5666292695088506
8347,0.8815,0,4,0,669495,6949,117165,9091,0.055038968445064,0.5667705735660847
8348,0.8816,1,0,1,669495,6949,117166,9090,0.055038968445064,0.5667435625662448
8349,0.8817,26,20,26,669515,6929,117192,9064,0.054880560131795715,0.5667479522291002
8350,0.8818,3,2,3,669517,6927,117195,9061,0.054864719300468885,0.5667375531648736
8351,0.8819,2,2,2,669519,6925,117197,9059,0.05484887846914206,0.5667542542542543
8352,0.882,10,18,10,669537,6907,117207,9049,0.05470631098720061,0.5671220857357734
8353,0.8822,0,2,0,669539,6905,117207,9049,0.05469047015587378,0.5671931803936316
8354,0.8823,2,3,2,669542,6902,117209,9047,0.05466670890888354,0.5672455953351307
8355,0.8824,0,5,0,669547,6897,117209,9047,0.05462710683056647,0.5674234821876568
8356,0.8825,32,31,32,669578,6866,117241,9015,0.054381573945000636,0.5676594672879541
8357,0.8826,0,4,0,669582,6862,117241,9015,0.054349892282346976,0.5678024815771241
8358,0.8827,6,9,6,669591,6853,117247,9009,0.05427860854137625,0.5679611650485437
8359,0.8828,3,3,3,669594,6850,117250,9006,0.05425484729438601,0.567986881937437
8360,0.8829,0,5,0,669599,6845,117250,9006,0.05421524521606894,0.5681660463062267
8361,0.883,3,5,3,669604,6840,117253,9003,0.05417564313775187,0.5682635864419617
8362,0.8831,1,4,1,669608,6836,117254,9002,0.054143961475098215,0.568379845940144
8363,0.8832,3,2,3,669610,6834,117257,8999,0.054128120643771385,0.5683698604181141
8364,0.8833,49,74,49,669684,6760,117306,8950,0.05354200988467875,0.5697008274984087
8365,0.8834,1,2,1,669686,6758,117307,8949,0.05352616905335192,0.569745973132998
8366,0.8835,1,3,1,669689,6755,117308,8948,0.05350240780636168,0.569827421511813
8367,0.8836,0,1,0,669690,6754,117308,8948,0.053494487390698266,0.5698637116290919
8368,0.8837,0,3,0,669693,6751,117308,8948,0.05347072614370802,0.5699726097203643
8369,0.8838,3,7,3,669700,6744,117311,8945,0.05341528323406412,0.5701446873605711
8370,0.8839,1,0,1,669700,6744,117312,8944,0.05341528323406412,0.5701172870984191
8371,0.884,13,13,13,669713,6731,117325,8931,0.05331231783043974,0.57023368663006
8372,0.8842,10,18,10,669731,6713,117335,8921,0.05316975034849829,0.5706153255724703
8373,0.8843,5,6,5,669737,6707,117340,8916,0.053122227854517805,0.5706970492223005
8374,0.8844,2,4,2,669741,6703,117342,8914,0.05309054619186415,0.5707882435807133
8375,0.8845,1,1,1,669742,6702,117343,8913,0.05308262577620074,0.5707973102785783
8376,0.8846,2,2,2,669744,6700,117345,8911,0.05306678494487391,0.5708154506437768
8377,0.8847,6,5,6,669749,6695,117351,8905,0.05302718286655684,0.5708333333333333
8378,0.8848,2,1,2,669750,6694,117353,8903,0.053019262450893424,0.57081490030134
8379,0.8849,1,0,1,669750,6694,117354,8902,0.053019262450893424,0.570787381379841
8380,0.885,138,112,138,669862,6582,117492,8764,0.052132175896591054,0.57109344454581
8381,0.8851,0,3,0,669865,6579,117492,8764,0.05210841464960081,0.5712051098220687
8382,0.8852,1,3,1,669868,6576,117493,8763,0.05208465340261057,0.5712888715040094
8383,0.8853,6,5,6,669873,6571,117499,8757,0.0520450513242935,0.5713074112734864
8384,0.8854,1,3,1,669876,6568,117500,8756,0.05202129007730326,0.5713912816496998
8385,0.8855,3,2,3,669878,6566,117503,8753,0.05200544924597643,0.5713819439911222
8386,0.8856,1,0,1,669878,6566,117504,8752,0.05200544924597643,0.5713539626583105
8387,0.8857,5,5,5,669883,6561,117509,8747,0.05196584716765936,0.5714005748628168
8388,0.8858,8,8,8,669891,6553,117517,8739,0.05190248384235205,0.5714752811927806
8389,0.8859,0,2,0,669893,6551,117517,8739,0.05188664301102522,0.5715500327011118
8390,0.886,14,13,14,669906,6538,117531,8725,0.05178367760740084,0.5716438445914958
8391,0.8861,0,2,0,669908,6536,117531,8725,0.05176783677607401,0.5717187602385165
8392,0.8862,3,1,3,669909,6535,117534,8722,0.05175991636041059,0.5716720194009307
8393,0.8863,0,5,0,669914,6530,117534,8722,0.051720314282093525,0.5718594282717021
8394,0.8864,2,3,2,669917,6527,117536,8720,0.05169655303510328,0.57191578671214
8395,0.8865,2,2,2,669919,6525,117538,8718,0.05168071220377645,0.571934658531785
8396,0.8867,56,53,56,669972,6472,117594,8662,0.051260930173615514,0.5723536408087749
8397,0.8868,3,2,3,669974,6470,117597,8659,0.051245089342288684,0.5723445039328442
8398,0.8869,2,1,2,669975,6469,117599,8657,0.05123716892662527,0.5723257966415444
8399,0.887,7,6,7,669981,6463,117606,8650,0.051189646432644786,0.5723549262224575
8400,0.8871,5,3,5,669984,6460,117611,8645,0.05116588518565454,0.5723270440251572
8401,0.8872,1,3,1,669987,6457,117612,8644,0.051142123938664304,0.5724124230183432
8402,0.8873,3,6,3,669993,6451,117615,8641,0.051094601444683814,0.5725549960243838
8403,0.8874,0,2,0,669995,6449,117615,8641,0.05107876061335699,0.5726308813783962
8404,0.8875,26,40,26,670035,6409,117641,8615,0.05076194398682043,0.573415867944622
8405,0.8876,3,0,3,670035,6409,117644,8612,0.05076194398682043,0.5733306703947807
8406,0.8877,3,6,3,670041,6403,117647,8609,0.050714421492839945,0.573474553690381
8407,0.8878,0,2,0,670043,6401,117647,8609,0.050698580661513115,0.5735509660226515
8408,0.8879,1,3,1,670046,6398,117648,8608,0.05067481941452288,0.5736372117819539
8409,0.888,6,6,6,670052,6392,117654,8602,0.05062729692054239,0.5736961451247166
8410,0.8881,1,1,1,670053,6391,117655,8601,0.05061937650487897,0.5737059765208111
8411,0.8882,1,3,1,670056,6388,117656,8600,0.050595615257888735,0.573792367227115
8412,0.8883,16,32,16,670088,6356,117672,8584,0.050342161956659484,0.5745649263721553
8413,0.8884,0,3,0,670091,6353,117672,8584,0.050318400709669246,0.5746803240275825
8414,0.8885,4,8,4,670099,6345,117676,8580,0.050255037384361934,0.5748743718592965
8415,0.8886,0,3,0,670102,6342,117676,8580,0.05023127613737169,0.5749899477281866
8416,0.8887,1,9,1,670111,6333,117677,8579,0.05015999239640096,0.5753084763948498
8417,0.8888,5,4,5,670115,6329,117682,8574,0.05012831073374731,0.575320405287526
8418,0.8889,1,2,1,670117,6327,117683,8573,0.05011246990242048,0.5753691275167785
8419,0.889,7,8,7,670125,6319,117690,8566,0.050049106577113166,0.575478669801814
8420,0.8892,7,8,7,670133,6311,117697,8559,0.04998574325180585,0.5755884330867519
8421,0.8893,9,4,9,670137,6307,117706,8550,0.0499540615891522,0.5754863027529111
8422,0.8894,2,3,2,670140,6304,117708,8548,0.049930300342161955,0.5755453810934554
8423,0.8895,1,5,1,670145,6299,117709,8547,0.04989069826384489,0.5757106291256904
8424,0.8896,1,5,1,670150,6294,117710,8546,0.04985109618552782,0.5758760107816712
8425,0.8897,2,5,2,670155,6289,117712,8544,0.049811494107210745,0.5760129441111036
8426,0.8898,0,4,0,670159,6285,117712,8544,0.04977981244455709,0.5761683188347158
8427,0.8899,2,2,2,670161,6283,117714,8542,0.04976397161323026,0.5761888701517707
8428,0.89,752,559,752,670720,5724,118466,7790,0.04533645925738183,0.5764392481870653
8429,0.8901,2,2,2,670722,5722,118468,7788,0.045320618426055,0.576461880088823
8430,0.8902,1,3,1,670725,5719,118469,7787,0.04529685717906476,0.5765585665630091
8431,0.8903,1,5,1,670730,5714,118470,7786,0.045257255100747684,0.5767407407407408
8432,0.8904,1,4,1,670734,5710,118471,7785,0.04522557343809403,0.5768803260466839
8433,0.8905,3,7,3,670741,5703,118474,7782,0.045170130528450134,0.5770856507230255
8434,0.8906,3,3,3,670744,5700,118477,7779,0.04514636928145989,0.5771199643890497
8435,0.8907,2,6,2,670750,5694,118479,7777,0.045098846787479406,0.5773142305693713
8436,0.8908,4,11,4,670761,5683,118483,7773,0.045011722215181856,0.5776605231866825
8437,0.891,2,6,2,670767,5677,118485,7771,0.044964199721201366,0.5778554431885782
8438,0.8912,1,4,1,670771,5673,118486,7770,0.04493251805854771,0.5779959830395001
8439,0.8913,5,5,5,670776,5668,118491,7765,0.044892915980230645,0.5780540460061043
8440,0.8914,2,1,2,670777,5667,118493,7763,0.04488499556456723,0.5780342516753537
8441,0.8915,2,6,2,670783,5661,118495,7761,0.04483747307058675,0.5782297720160929
8442,0.8917,15,25,15,670808,5636,118510,7746,0.044639462679001395,0.578837244059184
8443,0.8918,4,1,4,670809,5635,118514,7742,0.04463154226333798,0.5787545787545788
8444,0.8919,0,2,0,670811,5633,118514,7742,0.04461570143201115,0.5788411214953271
8445,0.892,3,6,3,670817,5627,118517,7739,0.04456817893803067,0.5790064342361215
8446,0.8921,2,2,2,670819,5625,118519,7737,0.04455233810670384,0.5790300853165694
8447,0.8922,0,1,0,670820,5624,118519,7737,0.04454441769104043,0.5790734226480054
8448,0.8923,2,1,2,670821,5623,118521,7735,0.044536497275377014,0.5790537505614612
8449,0.8924,1,0,1,670821,5623,118522,7734,0.044536497275377014,0.5790222355319308
8450,0.8925,25,19,25,670840,5604,118547,7709,0.044386009377772144,0.579058063546909
8451,0.8926,2,3,2,670843,5601,118549,7707,0.044362248130781906,0.5791253381424707
8452,0.8927,2,7,2,670850,5594,118551,7705,0.04430680522113801,0.5793668696894503
8453,0.8928,1,0,1,670850,5594,118552,7704,0.04430680522113801,0.5793352383817115
8454,0.8929,1,2,1,670852,5592,118553,7703,0.04429096438981118,0.5793907484016547
8455,0.893,2,4,2,670856,5588,118555,7701,0.04425928272715752,0.57950184363007
8456,0.8931,2,2,2,670858,5586,118557,7699,0.044243441895830696,0.5795257809559654
8457,0.8932,3,2,3,670860,5584,118560,7696,0.044227601064503866,0.5795180722891566
8458,0.8933,51,47,51,670907,5537,118611,7645,0.043855341528323405,0.5799575178273403
8459,0.8934,0,1,0,670908,5536,118611,7645,0.04384742111265999,0.5800015173355587
8460,0.8935,2,3,2,670911,5533,118613,7643,0.04382365986566975,0.5800698239222829
8461,0.8936,0,1,0,670912,5532,118613,7643,0.04381573945000634,0.5801138519924098
8462,0.8937,2,3,2,670915,5529,118615,7641,0.04379197820301609,0.5801822323462414
8463,0.8938,0,3,0,670918,5526,118615,7641,0.043768216956025854,0.5803144224196856
8464,0.8939,0,1,0,670919,5525,118615,7641,0.04376029654036244,0.5803584991645147
8465,0.894,4,6,4,670925,5519,118619,7637,0.04371277404638196,0.5804955913651566
8466,0.8941,0,3,0,670928,5516,118619,7637,0.04368901279939171,0.5806279936136243
8467,0.8942,7,12,7,670940,5504,118626,7630,0.043593967811430746,0.5809349779199026
8468,0.8943,4,6,4,670946,5498,118630,7626,0.04354644531745026,0.5810728436452302
8469,0.8944,1,0,1,670946,5498,118631,7625,0.04354644531745026,0.5810409205212222
8470,0.8945,3,1,3,670947,5497,118634,7622,0.04353852490178685,0.5809894046802347
8471,0.8946,1,4,1,670951,5493,118635,7621,0.04350684323913319,0.5811346652432515
8472,0.8947,5,5,5,670956,5488,118640,7616,0.04346724116081612,0.5811965811965812
8473,0.8948,0,4,0,670960,5484,118640,7616,0.04343555949816246,0.5813740458015267
8474,0.8949,0,1,0,670961,5483,118640,7616,0.043427639082499046,0.5814184288877013
8475,0.895,105,104,105,671065,5379,118745,7511,0.04260391585350399,0.582699767261443
8476,0.8951,1,2,1,671067,5377,118746,7510,0.042588075022177166,0.5827578179560797
8477,0.8952,2,3,2,671070,5374,118748,7508,0.04256431377518692,0.5828287532991772
8478,0.8953,6,2,6,671072,5372,118754,7502,0.04254847294386009,0.5827248718347056
8479,0.8954,0,1,0,671073,5371,118754,7502,0.04254055252819668,0.5827701390507263
8480,0.8955,1,5,1,671078,5366,118755,7501,0.04250095044987961,0.5829641719126447
8481,0.8956,2,3,2,671081,5363,118757,7499,0.04247718920288937,0.5830352977763956
8482,0.8957,1,3,1,671084,5360,118758,7498,0.042453427955899126,0.5831389018509877
8483,0.8958,6,8,6,671092,5352,118764,7492,0.04239006463059181,0.5833073808782311
8484,0.8959,2,1,2,671093,5351,118766,7490,0.0423821442149284,0.5832879059263297
8485,0.896,9,12,9,671105,5339,118775,7481,0.04228709922696743,0.5835413416536661
8486,0.8961,0,4,0,671109,5335,118775,7481,0.04225541756431377,0.583723470661673
8487,0.8962,0,4,0,671113,5331,118775,7481,0.04222373590166012,0.5839057133936935
8488,0.8963,1,4,1,671117,5327,118776,7480,0.04219205423900646,0.584055594596705
8489,0.8964,1,1,1,671118,5326,118777,7479,0.04218413382334305,0.5840687231550176
8490,0.8965,4,8,4,671126,5318,118781,7475,0.04212077049803574,0.5843039162041742
8491,0.8966,2,1,2,671127,5317,118783,7473,0.042112850082372325,0.5842845973416732
8492,0.8967,54,48,54,671175,5269,118837,7419,0.04173267013052845,0.5847257250945775
8493,0.8968,2,6,2,671181,5263,118839,7417,0.041685147636547966,0.5849369085173501
8494,0.8969,0,3,0,671184,5260,118839,7417,0.04166138638955772,0.5850753332807447
8495,0.897,7,3,7,671187,5257,118846,7410,0.04163762514256748,0.5849846056682719
8496,0.8971,4,0,4,671187,5257,118850,7406,0.04163762514256748,0.5848535102266446
8497,0.8972,3,1,3,671188,5256,118853,7403,0.04162970472690407,0.5848013271190458
8498,0.8973,5,4,5,671192,5252,118858,7398,0.04159802306425041,0.5848221343873518
8499,0.8975,25,27,25,671219,5225,118883,7373,0.04138417184133823,0.5852516272424194
8500,0.8977,1,0,1,671219,5225,118884,7372,0.04138417184133823,0.5852187028657617
8501,0.8978,1,0,1,671219,5225,118885,7371,0.04138417184133823,0.5851857732613528
8502,0.8979,3,1,3,671220,5224,118888,7368,0.04137625142567482,0.5851334180432021
8503,0.898,4,4,4,671224,5220,118892,7364,0.041344569763021165,0.5851875397329943
8504,0.8981,0,1,0,671225,5219,118892,7364,0.04133664934735775,0.5852340459349916
8505,0.8982,5,3,5,671228,5216,118897,7359,0.041312888100367505,0.5852087475149106
8506,0.8983,17,27,17,671255,5189,118914,7342,0.04109903687745533,0.58590695076211
8507,0.8984,1,0,1,671255,5189,118915,7341,0.04109903687745533,0.5858739026336792
8508,0.8985,3,6,3,671261,5183,118918,7338,0.041051514383474846,0.5860554268828368
8509,0.8986,1,2,1,671263,5181,118919,7337,0.041035673552148016,0.5861159929701231
8510,0.8987,2,6,2,671269,5175,118921,7335,0.040988151058167534,0.5863309352517986
8511,0.8988,3,1,3,671270,5174,118924,7332,0.04098023064250412,0.5862785862785863
8512,0.8989,1,1,1,671271,5173,118925,7331,0.040972310226840704,0.5862923864363404
8513,0.899,10,12,10,671283,5161,118935,7321,0.04087726523887974,0.5865245954174011
8514,0.8991,3,0,3,671283,5161,118938,7318,0.04087726523887974,0.5864251943264684
8515,0.8992,4,17,4,671300,5144,118942,7314,0.0407426181726017,0.5870926312409697
8516,0.8993,3,11,3,671311,5133,118945,7311,0.04065549360030414,0.5875120540019286
8517,0.8994,0,1,0,671312,5132,118945,7311,0.04064757318464073,0.5875592702724424
8518,0.8995,1,0,1,671312,5132,118946,7310,0.04064757318464073,0.587526121202379
8519,0.8996,2,2,2,671314,5130,118948,7308,0.0406317323533139,0.5875542691751086
8520,0.8997,0,5,0,671319,5125,118948,7308,0.040592130274996835,0.5877905573875976
8521,0.8998,0,1,0,671320,5124,118948,7308,0.04058420985933342,0.5878378378378378
8522,0.8999,0,1,0,671321,5123,118948,7308,0.040576289443670005,0.58788512589494
8523,0.9,751,493,751,671814,4630,119699,6557,0.036671524521606894,0.5861267542683471
8524,0.9001,2,0,2,671814,4630,119701,6555,0.036671524521606894,0.5860527492177022
8525,0.9002,2,4,2,671818,4626,119703,6553,0.03663984285895324,0.5861883889435549
8526,0.9003,3,2,3,671820,4624,119706,6550,0.03662400202762641,0.586182208698765
8527,0.9004,2,4,2,671824,4620,119708,6548,0.03659232036497275,0.5863180515759312
8528,0.9005,1,7,1,671831,4613,119709,6547,0.03653687745532885,0.5866487455197132
8529,0.9006,1,0,1,671831,4613,119710,6546,0.03653687745532885,0.5866117035576665
8530,0.9007,7,4,7,671835,4609,119717,6539,0.0365051957926752,0.586562612127736
8531,0.9008,4,10,4,671845,4599,119721,6535,0.03642599163604106,0.5869409017424106
8532,0.9009,1,1,1,671846,4598,119722,6534,0.03641807122037764,0.5869565217391305
8533,0.901,7,9,7,671855,4589,119729,6527,0.03634678747940692,0.5871716444764303
8534,0.9011,3,0,3,671855,4589,119732,6524,0.03634678747940692,0.5870601997660397
8535,0.9012,2,3,2,671858,4586,119734,6522,0.03632302623241668,0.587144400432121
8536,0.9013,3,5,3,671863,4581,119737,6519,0.03628342415409961,0.5872972972972973
8537,0.9014,1,1,1,671864,4580,119738,6518,0.036275503738436195,0.5873130293746621
8538,0.9015,4,4,4,671868,4576,119742,6514,0.036243822075782535,0.587376014427412
8539,0.9016,1,1,1,671869,4575,119743,6513,0.03623590166011912,0.5873917748917749
8540,0.9017,20,14,20,671883,4561,119763,6493,0.036125015840831325,0.5873891803871901
8541,0.9018,0,4,0,671887,4557,119763,6493,0.03609333417817767,0.5876018099547511
8542,0.9019,1,4,1,671891,4553,119764,6492,0.03606165251552401,0.5877772747849705
8543,0.902,2,7,2,671898,4546,119766,6490,0.036006209605880114,0.5880753896339254
8544,0.9021,3,5,3,671903,4541,119769,6487,0.035966607527563046,0.5882299601015597
8545,0.9022,3,3,3,671906,4538,119772,6484,0.0359428462805728,0.5882779894755943
8546,0.9023,2,2,2,671908,4536,119774,6482,0.03592700544924598,0.5883100381194409
8547,0.9024,1,0,1,671908,4536,119775,6481,0.03592700544924598,0.5882726695107561
8548,0.9025,26,23,26,671931,4513,119801,6455,0.035744835888987456,0.5885302698760029
8549,0.9026,1,0,1,671931,4513,119802,6454,0.035744835888987456,0.5884927509802134
8550,0.9027,3,3,3,671934,4510,119805,6451,0.03572107464199721,0.5885411914971261
8551,0.9028,2,5,2,671939,4505,119807,6449,0.03568147256368014,0.58873470878218
8552,0.9029,1,0,1,671939,4505,119808,6448,0.03568147256368014,0.5886971605952707
8553,0.903,3,4,3,671943,4501,119811,6445,0.03564979090102648,0.588799561483647
8554,0.9031,2,1,2,671944,4500,119813,6443,0.035641870485363075,0.5887782143836242
8555,0.9032,0,3,0,671947,4497,119813,6443,0.03561810923837283,0.5889396709323583
8556,0.9033,45,44,45,671991,4453,119858,6398,0.035269610949182614,0.5896230762141738
8557,0.9035,1,6,1,671997,4447,119859,6397,0.03522208845520213,0.5899114717816304
8558,0.9036,1,4,1,672001,4443,119860,6396,0.03519040679254847,0.5900913368391918
8559,0.9037,3,6,3,672007,4437,119863,6393,0.03514288429856799,0.5903047091412742
8560,0.9038,0,4,0,672011,4433,119863,6393,0.035111202635914336,0.5905228154443007
8561,0.9039,0,3,0,672014,4430,119863,6393,0.03508744138892409,0.5906865009701562
8562,0.904,8,6,8,672020,4424,119871,6385,0.03503991889494361,0.5907114441668979
8563,0.9042,9,7,9,672027,4417,119880,6376,0.03498447598529971,0.5907532660057445
8564,0.9043,4,6,4,672033,4411,119884,6372,0.03493695349131922,0.5909301678568116
8565,0.9044,0,1,0,672034,4410,119884,6372,0.03492903307565581,0.5909849749582637
8566,0.9045,1,9,1,672043,4401,119885,6371,0.034857749334685086,0.5914407723728184
8567,0.9047,2,1,2,672044,4400,119887,6369,0.03484982891902167,0.5914198161389173
8568,0.9048,4,1,4,672045,4399,119891,6365,0.034841908503358256,0.59132292827945
8569,0.905,99,85,99,672130,4314,119990,6266,0.03416867317196806,0.592249527410208
8570,0.9051,1,1,1,672131,4313,119991,6265,0.03416075275630465,0.5922669691813197
8571,0.9052,0,3,0,672134,4310,119991,6265,0.03413699150931441,0.592434988179669
8572,0.9053,0,1,0,672135,4309,119991,6265,0.034129071093650994,0.5924910156988841
8573,0.9054,2,2,2,672137,4307,119993,6263,0.034113230262324164,0.5925260170293283
8574,0.9055,1,3,1,672140,4304,119994,6262,0.034089469015333926,0.5926556880560288
8575,0.9056,3,0,3,672140,4304,119997,6259,0.034089469015333926,0.5925399981065985
8576,0.9057,4,6,4,672146,4298,120001,6255,0.03404194652135344,0.5927224485928172
8577,0.9058,7,11,7,672157,4287,120008,6248,0.033954821949055886,0.5930707166587565
8578,0.9059,0,1,0,672158,4286,120008,6248,0.03394690153339247,0.5931270172773875
8579,0.906,16,7,16,672165,4279,120024,6232,0.03389145862374857,0.5929026733897821
8580,0.9062,0,1,0,672166,4278,120024,6232,0.03388353820808516,0.5929590865842055
8581,0.9063,2,3,2,672169,4275,120026,6230,0.03385977696109492,0.5930509281294621
8582,0.9064,1,3,1,672172,4272,120027,6229,0.033836015714104675,0.5931816017522141
8583,0.9065,2,3,2,672175,4269,120029,6227,0.03381225446711444,0.5932736280487805
8584,0.9066,0,1,0,672176,4268,120029,6227,0.03380433405145102,0.5933301572177228
8585,0.9067,34,36,34,672212,4232,120063,6193,0.03351919908756812,0.594052757793765
8586,0.9068,3,4,3,672216,4228,120066,6190,0.03348751742491446,0.5941639470147821
8587,0.9069,1,2,1,672218,4226,120067,6189,0.03347167659358763,0.5942390782525204
8588,0.907,2,2,2,672220,4224,120069,6187,0.033455835762260806,0.594275285755451
8589,0.9071,2,2,2,672222,4222,120071,6185,0.033439994930933976,0.5943115210915729
8590,0.9073,2,7,2,672229,4215,120073,6183,0.03338455202129008,0.5946335833814195
8591,0.9074,3,4,3,672233,4211,120076,6180,0.03335287035863642,0.5947454527956886
8592,0.9075,18,19,18,672252,4192,120094,6162,0.033202382461031556,0.595132316013135
8593,0.9077,1,1,1,672253,4191,120095,6161,0.03319446204536814,0.5951506955177743
8594,0.9078,1,4,1,672257,4187,120096,6160,0.03316278038271449,0.5953416449212332
8595,0.9079,1,3,1,672260,4184,120097,6159,0.03313901913572424,0.595475200618776
8596,0.908,4,5,4,672265,4179,120101,6155,0.033099417057407175,0.5956067350493517
8597,0.9081,1,0,1,672265,4179,120102,6154,0.033099417057407175,0.595567598954805
8598,0.9082,0,3,0,672268,4176,120102,6154,0.03307565581041693,0.5957405614714424
8599,0.9083,20,21,20,672289,4155,120122,6134,0.03290932708148524,0.5961706677033726
8600,0.9084,0,1,0,672290,4154,120122,6134,0.03290140666582182,0.5962286158631416
8601,0.9085,1,2,1,672292,4152,120123,6133,0.03288556583449499,0.5963052989790958
8602,0.9086,1,3,1,672295,4149,120124,6132,0.032861804587504755,0.596440035016049
8603,0.9087,0,3,0,672298,4146,120124,6132,0.03283804334051451,0.5966141272621133
8604,0.9088,1,7,1,672305,4139,120125,6131,0.03278260043087061,0.596981499513145
8605,0.9089,2,1,2,672306,4138,120127,6129,0.0327746800152072,0.5969611376254018
8606,0.909,2,5,2,672311,4133,120129,6127,0.03273507793689013,0.5971734892787525
8607,0.9091,0,2,0,672313,4131,120129,6127,0.0327192371055633,0.5972899200623903
8608,0.9092,8,2,8,672315,4129,120137,6119,0.03270339627423647,0.5970921155347385
8609,0.9093,2,3,2,672318,4126,120139,6117,0.03267963502724623,0.5971883237332812
8610,0.9094,0,3,0,672321,4123,120139,6117,0.03265587378025599,0.59736328125
8611,0.9095,1,1,1,672322,4122,120140,6116,0.03264795336459257,0.5973823012307091
8612,0.9096,0,2,0,672324,4120,120140,6116,0.03263211253326575,0.5974990230558812
8613,0.9097,2,5,2,672329,4115,120142,6114,0.032592510454948674,0.5977123863525271
8614,0.9098,2,0,2,672329,4115,120144,6112,0.032592510454948674,0.5976337146768358
8615,0.9099,2,3,2,672332,4112,120146,6110,0.032568749207958436,0.5977303854431618
8616,0.91,692,455,692,672787,3657,120838,5418,0.028964960081105058,0.5970247933884297
8617,0.9101,2,1,2,672788,3656,120840,5416,0.028957039665441643,0.5970017636684304
8618,0.9102,0,4,0,672792,3652,120840,5416,0.028925358002787987,0.5972651080723423
8619,0.9103,3,2,3,672794,3650,120843,5413,0.028909517171461157,0.5972635992496965
8620,0.9104,0,1,0,672795,3649,120843,5413,0.028901596755797745,0.597329507834915
8621,0.9105,1,1,1,672796,3648,120844,5412,0.02889367634013433,0.5973509933774834
8622,0.9107,4,5,4,672801,3643,120848,5408,0.02885407426181726,0.5975030383383052
8623,0.9108,3,4,3,672805,3639,120851,5405,0.028822392599163603,0.5976337903582486
8624,0.911,3,6,3,672811,3633,120854,5402,0.02877487010518312,0.5978970669618152
8625,0.9112,3,4,3,672815,3629,120857,5399,0.028743188442529464,0.5980283562250776
8626,0.9113,2,2,2,672817,3627,120859,5397,0.028727347611202637,0.5980718085106383
8627,0.9114,0,2,0,672819,3625,120859,5397,0.028711506779875808,0.5982043892706717
8628,0.9115,3,1,3,672820,3624,120862,5394,0.028703586364212393,0.5981370592149036
8629,0.9116,4,5,4,672825,3619,120866,5390,0.028663984285895325,0.5982905982905983
8630,0.9117,12,18,12,672843,3601,120878,5378,0.028521416803953873,0.5989531128187994
8631,0.9118,0,3,0,672846,3598,120878,5378,0.028497655556963628,0.5991532976827094
8632,0.9119,1,1,1,672847,3597,120879,5377,0.028489735141300217,0.5991753955872521
8633,0.912,3,7,3,672854,3590,120882,5374,0.02843429223165632,0.5995091477019188
8634,0.9121,3,0,3,672854,3590,120885,5371,0.02843429223165632,0.5993750697466801
8635,0.9122,1,5,1,672859,3585,120886,5370,0.028394690153339248,0.5996649916247906
8636,0.9123,3,4,3,672863,3581,120889,5367,0.02836300849068559,0.5997988377291015
8637,0.9124,1,0,1,672863,3581,120890,5366,0.02836300849068559,0.5997541075220745
8638,0.9125,17,20,17,672883,3561,120907,5349,0.02820460017741731,0.6003367003367004
8639,0.9127,2,6,2,672889,3555,120909,5347,0.028157077683436827,0.6006515389800045
8640,0.9128,0,5,0,672894,3550,120909,5347,0.028117475605119756,0.6009890974485782
8641,0.9129,4,4,4,672898,3546,120913,5343,0.0280857939424661,0.6010799865001687
8642,0.913,1,3,1,672901,3543,120914,5342,0.028062032695475858,0.6012380416432189
8643,0.9132,1,1,1,672902,3542,120915,5341,0.028054112279812443,0.6012608353033885
8644,0.9133,38,28,38,672930,3514,120953,5303,0.027832340641236852,0.6014517409549733
8645,0.9134,1,0,1,672930,3514,120954,5302,0.027832340641236852,0.6014065335753176
8646,0.9135,1,1,1,672931,3513,120955,5301,0.027824420225573437,0.60142954390742
8647,0.9136,0,1,0,672932,3512,120955,5301,0.027816499809910022,0.6014977873595825
8648,0.9137,1,1,1,672933,3511,120956,5300,0.02780857939424661,0.6015208262399273
8649,0.9138,3,2,3,672935,3509,120959,5297,0.02779273856291978,0.6015216897569838
8650,0.9139,2,3,2,672938,3506,120961,5295,0.02776897731592954,0.6016361777070788
8651,0.914,11,8,11,672946,3498,120972,5284,0.027705613990622227,0.6016852653154179
8652,0.9141,1,1,1,672947,3497,120973,5283,0.027697693574958812,0.6017084282460137
8653,0.9142,7,9,7,672956,3488,120980,5276,0.027626409833988088,0.6020082154267458
8654,0.9143,4,8,4,672964,3480,120984,5272,0.027563046508680775,0.6023765996343693
8655,0.9145,0,2,0,672966,3478,120984,5272,0.02754720567735395,0.6025142857142857
8656,0.9147,1,5,1,672971,3473,120985,5271,0.027507603599036878,0.6028133577310155
8657,0.9148,4,4,4,672975,3469,120989,5267,0.02747592193638322,0.6029075091575091
8658,0.915,88,65,88,673040,3404,121077,5179,0.02696109491826131,0.6034020738669463
8659,0.9152,1,5,1,673045,3399,121078,5178,0.02692149283994424,0.6037075900664568
8660,0.9153,1,0,1,673045,3399,121079,5177,0.02692149283994424,0.6036613805970149
8661,0.9154,0,1,0,673046,3398,121079,5177,0.026913572424280826,0.603731778425656
8662,0.9155,2,2,2,673048,3396,121081,5175,0.026897731592954,0.6037801890094505
8663,0.9156,1,1,1,673049,3395,121082,5174,0.026889811177290585,0.6038044112498542
8664,0.9157,3,7,3,673056,3388,121085,5171,0.026834368267646687,0.6041593644117303
8665,0.9158,13,2,13,673058,3386,121098,5158,0.026818527436319857,0.6036985018726592
8666,0.9159,2,0,2,673058,3386,121100,5156,0.026818527436319857,0.6036057129477874
8667,0.916,7,6,7,673064,3380,121107,5149,0.026771004942339374,0.6037050064485872
8668,0.9161,1,1,1,673065,3379,121108,5148,0.02676308452667596,0.6037293303623783
8669,0.9162,5,2,5,673067,3377,121113,5143,0.026747243695349133,0.6036384976525822
8670,0.9164,2,1,2,673068,3376,121115,5141,0.026739323279685718,0.6036162968181285
8671,0.9165,0,2,0,673070,3374,121115,5141,0.02672348244835889,0.6037580739870816
8672,0.9166,1,0,1,673070,3374,121116,5140,0.02672348244835889,0.603711533944092
8673,0.9167,43,40,43,673110,3334,121159,5097,0.026406665821822328,0.6045546198552959
8674,0.9168,4,3,4,673113,3331,121163,5093,0.026382904574832087,0.6045821462488129
8675,0.9169,1,0,1,673113,3331,121164,5092,0.026382904574832087,0.6045352012347145
8676,0.917,1,2,1,673115,3329,121165,5091,0.02636706374350526,0.6046318289786223
8677,0.9171,1,3,1,673118,3326,121166,5090,0.026343302496515016,0.6048003802281369
8678,0.9172,3,5,3,673123,3321,121169,5087,0.026303700418197948,0.6050190294957184
8679,0.9173,3,3,3,673126,3318,121172,5084,0.026279939171207706,0.6050940252320876
8680,0.9174,0,1,0,673127,3317,121172,5084,0.02627201875554429,0.6051660516605166
8681,0.9175,13,15,13,673142,3302,121185,5071,0.02615321252059308,0.605637167084677
8682,0.9177,1,1,1,673143,3301,121186,5070,0.026145292104929666,0.605662405925218
8683,0.918,12,9,12,673152,3292,121198,5058,0.026074008363958942,0.605748502994012
8684,0.9181,0,1,0,673153,3291,121198,5058,0.026066087948295527,0.6058210564139418
8685,0.9182,1,1,1,673154,3290,121199,5057,0.026058167532632112,0.6058464118845094
8686,0.9183,12,15,12,673169,3275,121211,5045,0.025939361297680902,0.6063701923076923
8687,0.9184,0,1,0,673170,3274,121211,5045,0.025931440882017487,0.6064430821012141
8688,0.9185,2,1,2,673171,3273,121213,5043,0.025923520466354075,0.6064213564213564
8689,0.9186,1,5,1,673176,3268,121214,5042,0.025883918388037004,0.6067388688327316
8690,0.9187,3,2,3,673178,3266,121217,5039,0.025868077556710178,0.606742925948224
8691,0.9188,2,2,2,673180,3264,121219,5037,0.025852236725383348,0.6067943621250452
8692,0.9189,0,2,0,673182,3262,121219,5037,0.02583639589405652,0.60694059525244
8693,0.919,4,4,4,673186,3258,121223,5033,0.025804714231402865,0.6070437824146665
8694,0.9191,1,0,1,673186,3258,121224,5032,0.025804714231402865,0.6069963811821472
8695,0.9192,3,1,3,673187,3257,121227,5029,0.02579679381573945,0.6069273473328506
8696,0.9193,2,3,2,673190,3254,121229,5027,0.02577303256874921,0.6070522883709697
8697,0.9196,2,1,2,673191,3253,121231,5025,0.025765112153085794,0.6070306837400338
8698,0.9197,0,1,0,673192,3252,121231,5025,0.02575719173742238,0.6071040231968104
8699,0.9198,2,2,2,673194,3250,121233,5023,0.025741350906095552,0.607155808050284
8700,0.9199,0,1,0,673195,3249,121233,5023,0.025733430490432137,0.6072292069632496
8701,0.92,613,373,613,673568,2876,121846,4410,0.02277911544797871,0.6052703815536645
8702,0.9202,2,2,2,673570,2874,121848,4408,0.022763274616651882,0.6053282065366657
8703,0.9203,1,2,1,673572,2872,121849,4407,0.022747433785325052,0.6054403077345789
8704,0.9204,0,2,0,673574,2870,121849,4407,0.022731592953998226,0.6056067060601896
8705,0.9205,3,7,3,673581,2863,121852,4404,0.02267615004435433,0.6060272464565846
8706,0.9206,0,1,0,673582,2862,121852,4404,0.022668229628690913,0.6061106523534269
8707,0.9207,1,4,1,673586,2858,121853,4403,0.022636547966037257,0.6063903043657899
8708,0.9208,4,3,4,673589,2855,121857,4399,0.022612786719047016,0.6064240419079129
8709,0.9209,0,2,0,673591,2853,121857,4399,0.02259694588772019,0.6065912851627138
8710,0.921,5,5,5,673596,2848,121862,4394,0.022557343809403118,0.6067384700359016
8711,0.9212,2,4,2,673600,2844,121864,4392,0.02252566214674946,0.6069651741293532
8712,0.9213,2,2,2,673602,2842,121866,4390,0.022509821315422632,0.6070243362831859
8713,0.9214,3,0,3,673602,2842,121869,4387,0.022509821315422632,0.6068612532853783
8714,0.9215,1,1,1,673603,2841,121870,4386,0.02250190089975922,0.6068908260689082
8715,0.9217,20,12,20,673615,2829,121890,4366,0.02240685591179825,0.6068102849200834
8716,0.9218,0,1,0,673616,2828,121890,4366,0.022398935496134836,0.6068946344175702
8717,0.9219,0,1,0,673617,2827,121890,4366,0.02239101508047142,0.6069790073682747
8718,0.922,7,5,7,673622,2822,121897,4359,0.022351413002154354,0.6070185210973402
8719,0.9221,1,0,1,673622,2822,121898,4358,0.022351413002154354,0.6069637883008356
8720,0.9222,0,3,0,673625,2819,121898,4358,0.022327651755164112,0.607217500348335
8721,0.9223,0,5,0,673630,2814,121898,4358,0.02228804967684704,0.6076408254322365
8722,0.9224,3,2,3,673632,2812,121901,4355,0.022272208845520215,0.6076461559927445
8723,0.9225,17,11,17,673643,2801,121918,4338,0.022185084273222657,0.6076481299901947
8724,0.9226,1,0,1,673643,2801,121919,4337,0.022185084273222657,0.6075931633510787
8725,0.9227,3,1,3,673644,2800,121922,4334,0.022177163857559246,0.6075133165124754
8726,0.9228,3,2,3,673646,2798,121925,4331,0.022161323026232416,0.6075185860569505
8727,0.9229,2,5,2,673651,2793,121927,4329,0.022121720947915348,0.6078348778433025
8728,0.923,2,4,2,673655,2789,121929,4327,0.02209003928526169,0.6080663293985386
8729,0.9231,0,2,0,673657,2787,121929,4327,0.02207419845393486,0.6082372786055665
8730,0.9232,3,2,3,673659,2785,121932,4324,0.022058357622608035,0.6082430721620481
8731,0.9233,31,36,31,673695,2749,121963,4293,0.02177322265872513,0.6096279466060778
8732,0.9234,0,2,0,673697,2747,121963,4293,0.021757381827398302,0.6098011363636363
8733,0.9235,1,1,1,673698,2746,121964,4292,0.021749461411734887,0.6098323387325945
8734,0.9238,3,2,3,673700,2744,121967,4289,0.02173362058040806,0.6098393288781458
8735,0.9239,0,1,0,673701,2743,121967,4289,0.021725700164744646,0.6099260523321957
8736,0.924,8,4,8,673705,2739,121975,4281,0.02169401850209099,0.6098290598290599
8737,0.9242,6,7,6,673712,2732,121981,4275,0.02163857559244709,0.6101041815327529
8738,0.9243,3,4,3,673716,2728,121984,4272,0.021606893929793435,0.6102857142857143
8739,0.9244,2,1,2,673717,2727,121986,4270,0.02159897351413002,0.6102615406602829
8740,0.9245,1,4,1,673721,2723,121987,4269,0.021567291851476364,0.6105549199084668
8741,0.9247,1,3,1,673724,2720,121988,4268,0.021543530604486123,0.6107613050944476
8742,0.9248,2,3,2,673727,2717,121990,4266,0.02151976935749588,0.6109122153802091
8743,0.9249,1,0,1,673727,2717,121991,4265,0.02151976935749588,0.6108564881122888
8744,0.925,86,55,86,673782,2662,122077,4179,0.02108414649600811,0.6108756029820201
8745,0.9252,0,4,0,673786,2658,122077,4179,0.021052464833354455,0.6112329969284774
8746,0.9253,2,2,2,673788,2656,122079,4177,0.021036624002027625,0.6112981121030294
8747,0.9254,1,4,1,673792,2652,122080,4176,0.021004942339373972,0.6115992970123023
8748,0.9255,0,3,0,673795,2649,122080,4176,0.020981181092383727,0.6118681318681318
8749,0.9257,2,1,2,673796,2648,122082,4174,0.020973260676720316,0.6118440340076224
8750,0.9258,6,8,6,673804,2640,122088,4168,0.020909897351413003,0.6122209165687427
8751,0.9259,0,1,0,673805,2639,122088,4168,0.020901976935749588,0.6123108564712796
8752,0.926,11,8,11,673813,2631,122099,4157,0.020838613610442275,0.612404242781379
8753,0.9261,1,1,1,673814,2630,122100,4156,0.02083069319477886,0.6124373710580607
8754,0.9262,1,1,1,673815,2629,122101,4155,0.02082277277911545,0.6124705188679245
8755,0.9263,1,2,1,673817,2627,122102,4154,0.02080693194778862,0.6125940126824952
8756,0.9265,7,1,7,673818,2626,122109,4147,0.020799011532125204,0.6122840690978887
8757,0.9266,1,3,1,673821,2623,122110,4146,0.020775250285134963,0.6124981533461368
8758,0.9267,33,44,33,673865,2579,122143,4113,0.020426751995944747,0.6146144650328751
8759,0.9268,0,4,0,673869,2575,122143,4113,0.02039507033329109,0.614982057416268
8760,0.9269,1,0,1,673869,2575,122144,4112,0.02039507033329109,0.6149244803349783
8761,0.927,3,1,3,673870,2574,122147,4109,0.020387149917627675,0.6148436330989077
8762,0.9271,2,4,2,673874,2570,122149,4107,0.020355468254974023,0.6150966002695821
8763,0.9272,0,3,0,673877,2567,122149,4107,0.020331707007983778,0.6153730896014384
8764,0.9273,2,4,2,673881,2563,122151,4105,0.02030002534533012,0.615626874625075
8765,0.9274,1,1,1,673882,2562,122152,4104,0.02029210492966671,0.6156615661566157
8766,0.9275,15,22,15,673904,2540,122167,4089,0.020117855785071602,0.6168351184190677
8767,0.9276,0,2,0,673906,2538,122167,4089,0.020102014953744772,0.6170212765957447
8768,0.9277,0,1,0,673907,2537,122167,4089,0.020094094538081357,0.6171143978267432
8769,0.9278,2,2,2,673909,2535,122169,4087,0.02007825370675453,0.6171851404409544
8770,0.9279,0,1,0,673910,2534,122169,4087,0.020070333291091116,0.6172783567436944
8771,0.928,3,11,3,673921,2523,122172,4084,0.01998320871879356,0.6181322839412744
8772,0.9281,0,2,0,673923,2521,122172,4084,0.019967367887466735,0.6183194549583648
8773,0.9282,1,4,1,673927,2517,122173,4083,0.01993568622481308,0.6186363636363637
8774,0.9283,9,7,9,673934,2510,122182,4074,0.01988024331516918,0.6187727825030377
8775,0.9284,0,1,0,673935,2509,122182,4074,0.019872322899505766,0.6188667780647121
8776,0.9285,2,2,2,673937,2507,122184,4072,0.019856482068178936,0.618939048487612
8777,0.9286,0,2,0,673939,2505,122184,4072,0.01984064123685211,0.6191272616694542
8778,0.9287,3,2,3,673941,2503,122187,4069,0.019824800405525284,0.6191418137553256
8779,0.9288,0,1,0,673942,2502,122187,4069,0.01981687998986187,0.6192360371328565
8780,0.9289,2,2,2,673944,2500,122189,4067,0.01980103915853504,0.6193086645347952
8781,0.929,5,1,5,673945,2499,122194,4062,0.019793118742871627,0.6191129401005944
8782,0.9292,3,5,3,673950,2494,122197,4059,0.019753516664554556,0.6194109568136731
8783,0.9293,1,1,1,673951,2493,122198,4058,0.01974559624889114,0.619447412608762
8784,0.9294,0,1,0,673952,2492,122198,4058,0.019737675833227726,0.6195419847328244
8785,0.9295,2,3,2,673955,2489,122200,4056,0.019713914586237485,0.6197097020626432
8786,0.9296,2,3,2,673958,2486,122202,4054,0.019690153339247243,0.6198776758409786
8787,0.9297,3,5,3,673963,2481,122205,4051,0.019650551260930172,0.6201775872627067
8788,0.9298,1,5,1,673968,2476,122206,4050,0.019610949182613104,0.6205945448973338
8789,0.9299,0,1,0,673969,2475,122206,4050,0.01960302876694969,0.6206896551724138
8790,0.93,562,344,562,674313,2131,122768,3488,0.016878405778735266,0.6207510233137569
8791,0.9301,1,0,1,674313,2131,122769,3487,0.016878405778735266,0.620683517265931
8792,0.9303,1,2,1,674315,2129,122770,3486,0.01686256494740844,0.6208370436331255
8793,0.9304,1,2,1,674317,2127,122771,3485,0.016846724116081613,0.6209907341411262
8794,0.9305,0,3,0,674320,2124,122771,3485,0.01682296286909137,0.6213228739525762
8795,0.9307,5,0,5,674320,2124,122776,3480,0.01682296286909137,0.6209850107066381
8796,0.9308,1,3,1,674323,2121,122777,3479,0.016799201622101127,0.62125
8797,0.9309,0,1,0,674324,2120,122777,3479,0.016791281206437712,0.621360957313806
8798,0.931,1,3,1,674327,2117,122778,3478,0.01676751995944747,0.6216264521894549
8799,0.9311,2,0,2,674327,2117,122780,3476,0.01676751995944747,0.6214911496513499
8800,0.9312,0,1,0,674328,2116,122780,3476,0.01675959954378406,0.6216022889842633
8801,0.9313,0,2,0,674330,2114,122780,3476,0.01674375871245723,0.621824686940966
8802,0.9314,3,0,3,674330,2114,122783,3473,0.01674375871245723,0.6216216216216216
8803,0.9315,1,0,1,674330,2114,122784,3472,0.01674375871245723,0.6215538847117794
8804,0.9316,3,2,3,674332,2112,122787,3469,0.016727917881130403,0.6215731947679627
8805,0.9317,11,11,11,674343,2101,122798,3458,0.01664079330883285,0.622054326317683
8806,0.9318,2,3,2,674346,2098,122800,3456,0.016617032061842604,0.6222542311847318
8807,0.9319,1,0,1,674346,2098,122801,3455,0.016617032061842604,0.6221862056546011
8808,0.932,3,4,3,674350,2094,122804,3452,0.016585350399188948,0.6224305805986297
8809,0.9321,1,1,1,674351,2093,122805,3451,0.016577429983525536,0.6224747474747475
8810,0.9322,0,2,0,674353,2091,122805,3451,0.016561589152198707,0.6226993865030674
8811,0.9323,1,0,1,674353,2091,122806,3450,0.016561589152198707,0.6226312939902545
8812,0.9324,0,1,0,674354,2090,122806,3450,0.01655366873653529,0.6227436823104693
8813,0.9325,8,15,8,674369,2075,122814,3442,0.016434862501584085,0.623889795178539
8814,0.9326,2,0,2,674369,2075,122816,3440,0.016434862501584085,0.6237533998186764
8815,0.9327,4,5,4,674374,2070,122820,3436,0.016395260423267013,0.6240464947330185
8816,0.9328,2,1,2,674375,2069,122822,3434,0.0163873400076036,0.6240232600399782
8817,0.933,1,1,1,674376,2068,122823,3433,0.016379419591940184,0.6240683512088712
8818,0.9331,0,1,0,674377,2067,122823,3433,0.016371499176276772,0.6241818181818182
8819,0.9332,0,1,0,674378,2066,122823,3433,0.016363578760613357,0.624295326422986
8820,0.9333,21,24,21,674402,2042,122844,3412,0.01617348878469142,0.6255958929226256
8821,0.9335,1,0,1,674402,2042,122845,3411,0.01617348878469142,0.6255272327159361
8822,0.9336,1,1,1,674403,2041,122846,3410,0.016165568369028008,0.6255732893047148
8823,0.9337,2,4,2,674407,2037,122848,3408,0.01613388670637435,0.6258953168044077
8824,0.9338,1,0,1,674407,2037,122849,3407,0.01613388670637435,0.6258265980896399
8825,0.9339,0,3,0,674410,2034,122849,3407,0.01611012545938411,0.6261716596213931
8826,0.934,3,7,3,674417,2027,122852,3404,0.01605468254974021,0.6267722334744983
8827,0.9342,0,4,0,674421,2023,122852,3404,0.016023000887086553,0.6272341993735029
8828,0.9343,4,5,4,674426,2018,122856,3400,0.015983398808769485,0.6275378368401624
8829,0.9344,0,1,0,674427,2017,122856,3400,0.01597547839310607,0.6276536828502861
8830,0.9345,0,1,0,674428,2016,122856,3400,0.015967557977442655,0.6277695716395865
8831,0.9346,1,1,1,674429,2015,122857,3399,0.015959637561779243,0.6278167713335796
8832,0.9347,0,3,0,674432,2012,122857,3399,0.015935876314789,0.6281648493808908
8833,0.9348,0,2,0,674434,2010,122857,3399,0.015920035483462172,0.6283971159179146
8834,0.935,63,56,63,674490,1954,122920,3336,0.015476492206310987,0.6306238185255199
8835,0.9351,2,2,2,674492,1952,122922,3334,0.015460651374984159,0.6307226636398032
8836,0.9353,0,1,0,674493,1951,122922,3334,0.015452730959320746,0.6308420056764428
8837,0.9355,2,0,2,674493,1951,122924,3332,0.015452730959320746,0.6307022525080447
8838,0.9356,1,2,1,674495,1949,122925,3331,0.015436890127993918,0.6308712121212121
8839,0.9357,3,2,3,674497,1947,122928,3328,0.01542104929666709,0.6309004739336493
8840,0.9358,2,6,2,674503,1941,122930,3326,0.015373526802686605,0.6314790203151699
8841,0.936,3,3,3,674506,1938,122933,3323,0.015349765555696364,0.6316289678768295
8842,0.9361,0,1,0,674507,1937,122933,3323,0.015341845140032949,0.6317490494296578
8843,0.9362,1,1,1,674508,1936,122934,3322,0.015333924724369535,0.6317991631799164
8844,0.9364,3,3,3,674511,1933,122937,3319,0.015310163477379292,0.6319497334348819
8845,0.9365,1,0,1,674511,1933,122938,3318,0.015310163477379292,0.6318796419729575
8846,0.9366,1,1,1,674512,1932,122939,3317,0.015302243061715879,0.6319298914078872
8847,0.9367,38,20,38,674532,1912,122977,3279,0.0151438347484476,0.6316701984203429
8848,0.9368,1,1,1,674533,1911,122978,3278,0.015135914332784184,0.6317209481595684
8849,0.9369,0,1,0,674534,1910,122978,3278,0.015127993917120771,0.6318427139552815
8850,0.937,1,6,1,674540,1904,122979,3277,0.015080471423140287,0.6325033777263077
8851,0.9371,1,1,1,674541,1903,122980,3276,0.015072551007476872,0.6325545472098861
8852,0.9372,1,0,1,674541,1903,122981,3275,0.015072551007476872,0.6324835843955195
8853,0.9373,0,3,0,674544,1900,122981,3275,0.01504878976048663,0.6328502415458938
8854,0.9374,1,0,1,674544,1900,122982,3274,0.01504878976048663,0.6327792810204871
8855,0.9375,20,11,20,674555,1889,123002,3254,0.014961665188189076,0.6327046470931363
8856,0.9377,3,1,3,674556,1888,123005,3251,0.014953744772525663,0.6326133489005643
8857,0.9378,1,2,1,674558,1886,123006,3250,0.014937903941198835,0.6327881619937694
8858,0.9379,1,1,1,674559,1885,123007,3249,0.01492998352553542,0.6328398909232568
8859,0.938,6,3,6,674562,1882,123013,3243,0.014906222278545178,0.6327804878048781
8860,0.9382,1,1,1,674563,1881,123014,3242,0.014898301862881764,0.6328323248096819
8861,0.9383,14,13,14,674576,1868,123028,3228,0.014795336459257381,0.6334379905808477
8862,0.9384,1,2,1,674578,1866,123029,3227,0.014779495627930553,0.6336147653642255
8863,0.9385,1,1,1,674579,1865,123030,3226,0.01477157521226714,0.6336672559418581
8864,0.9386,1,0,1,674579,1865,123031,3225,0.01477157521226714,0.6335952848722987
8865,0.9387,0,1,0,674580,1864,123031,3225,0.014763654796603725,0.6337197877775594
8866,0.9388,2,6,2,674586,1858,123033,3223,0.014716132302623242,0.6343239519779571
8867,0.9389,5,1,5,674587,1857,123038,3218,0.014708211886959827,0.6340886699507389
8868,0.939,1,1,1,674588,1856,123039,3217,0.014700291471296414,0.6341415336093041
8869,0.9391,1,0,1,674588,1856,123040,3216,0.014700291471296414,0.6340694006309149
8870,0.9392,2,3,2,674591,1853,123042,3214,0.014676530224306171,0.6343003749753305
8871,0.9397,1,1,1,674592,1852,123043,3213,0.014668609808642758,0.6343534057255676
8872,0.9398,1,2,1,674594,1850,123044,3212,0.01465276897731593,0.6345318056104307
8873,0.9399,1,2,1,674596,1848,123045,3211,0.014636928145989101,0.634710417078474
8874,0.94,516,296,516,674892,1552,123561,2695,0.012292485109618553,0.6345655757004944
8875,0.9403,0,3,0,674895,1549,123561,2695,0.012268723862628311,0.6350141376060321
8876,0.9406,0,1,0,674896,1548,123561,2695,0.012260803446964896,0.6351637991986802
8877,0.9407,2,1,2,674897,1547,123563,2693,0.012252883031301483,0.6351415094339623
8878,0.9408,4,0,4,674897,1547,123567,2689,0.012252883031301483,0.6347969782813976
8879,0.941,3,3,3,674900,1544,123570,2686,0.01222912178431124,0.6349881796690308
8880,0.9411,0,1,0,674901,1543,123570,2686,0.012221201368647827,0.6351383305746039
8881,0.9413,1,2,1,674903,1541,123571,2685,0.012205360537320999,0.6353525792711784
8882,0.9414,2,0,2,674903,1541,123573,2683,0.012205360537320999,0.6351799242424242
8883,0.9415,3,0,3,674903,1541,123576,2680,0.012205360537320999,0.6349206349206349
8884,0.9417,5,6,5,674909,1535,123581,2675,0.012157838043340514,0.6353919239904988
8885,0.9418,2,0,2,674909,1535,123583,2673,0.012157838043340514,0.6352186311787072
8886,0.9419,1,4,1,674913,1531,123584,2672,0.012126156380686858,0.635736378777064
8887,0.942,4,7,4,674920,1524,123588,2668,0.01207071347104296,0.6364503816793893
8888,0.9421,0,1,0,674921,1523,123588,2668,0.012062793055379547,0.6366022429014555
8889,0.9424,0,1,0,674922,1522,123588,2668,0.012054872639716132,0.6367541766109786
8890,0.9425,12,9,12,674931,1513,123600,2656,0.011983588898745406,0.637083233389302
8891,0.9427,0,3,0,674934,1510,123600,2656,0.011959827651755165,0.6375420067210754
8892,0.9429,0,2,0,674936,1508,123600,2656,0.011943986820428337,0.6378482228626321
8893,0.943,1,3,1,674939,1505,123601,2655,0.011920225573438093,0.6382211538461539
8894,0.9433,27,22,27,674961,1483,123628,2628,0.011745976428842985,0.6392605205546096
8895,0.9435,1,0,1,674961,1483,123629,2627,0.011745976428842985,0.6391727493917275
8896,0.9436,0,2,0,674963,1481,123629,2627,0.011730135597516157,0.6394839337877313
8897,0.9437,1,0,1,674963,1481,123630,2626,0.011730135597516157,0.6393961529096664
8898,0.9438,1,2,1,674965,1479,123631,2625,0.011714294766189329,0.6396198830409356
8899,0.9439,0,2,0,674967,1477,123631,2625,0.011698453934862501,0.6399317406143344
8900,0.944,9,2,9,674969,1475,123640,2616,0.011682613103535673,0.6394524566120753
8901,0.9442,6,8,6,674977,1467,123646,2610,0.011619249778228362,0.6401766004415012
8902,0.9443,0,1,0,674978,1466,123646,2610,0.011611329362564947,0.6403336604514229
8903,0.9444,1,0,1,674978,1466,123647,2609,0.011611329362564947,0.6402453987730061
8904,0.9447,2,2,2,674980,1464,123649,2607,0.011595488531238119,0.6403831982313928
8905,0.945,59,33,59,675013,1431,123708,2548,0.011334114814345457,0.640361899974868
8906,0.9452,0,1,0,675014,1430,123708,2548,0.011326194398682043,0.6405228758169934
8907,0.9453,1,1,1,675015,1429,123709,2547,0.011318273983018629,0.6405935613682092
8908,0.9455,1,1,1,675016,1428,123710,2546,0.011310353567355215,0.6406643180674384
8909,0.9456,0,1,0,675017,1427,123710,2546,0.0113024331516918,0.6408255726151523
8910,0.9457,4,2,4,675019,1425,123714,2542,0.011286592320364972,0.6407864885303756
8911,0.9458,5,1,5,675020,1424,123719,2537,0.011278671904701559,0.6404948245392578
8912,0.9459,1,0,1,675020,1424,123720,2536,0.011278671904701559,0.6404040404040404
8913,0.946,3,2,3,675022,1422,123723,2533,0.01126283107337473,0.6404551201011378
8914,0.9461,0,1,0,675023,1421,123723,2533,0.011254910657711316,0.6406170966110268
8915,0.9462,0,1,0,675024,1420,123723,2533,0.011246990242047903,0.6407791550720972
8916,0.9463,1,1,1,675025,1419,123724,2532,0.01123906982638449,0.6408504176157934
8917,0.9464,0,1,0,675026,1418,123724,2532,0.011231149410721075,0.6410126582278481
8918,0.9465,5,0,5,675026,1418,123729,2527,0.011231149410721075,0.6405576679340937
8919,0.9466,0,1,0,675027,1417,123729,2527,0.011223228995057661,0.6407200811359026
8920,0.9467,25,19,25,675046,1398,123754,2502,0.011072741097452795,0.6415384615384615
8921,0.9468,2,2,2,675048,1396,123756,2500,0.011056900266125966,0.6416837782340863
8922,0.9469,2,2,2,675050,1394,123758,2498,0.011041059434799138,0.6418293936279548
8923,0.947,1,1,1,675051,1393,123759,2497,0.011033139019135725,0.6419023136246786
8924,0.9471,1,2,1,675053,1391,123760,2496,0.011017298187808897,0.6421404682274248
8925,0.9472,0,2,0,675055,1389,123760,2496,0.011001457356482069,0.6424710424710425
8926,0.9473,0,2,0,675057,1387,123760,2496,0.01098561652515524,0.6428019572495494
8927,0.9474,0,1,0,675058,1386,123760,2496,0.010977696109491826,0.642967542503864
8928,0.9475,5,10,5,675068,1376,123765,2491,0.010898491952857687,0.6441686061546419
8929,0.9476,0,3,0,675071,1373,123765,2491,0.010874730705867443,0.6446687370600414
8930,0.9477,2,3,2,675074,1370,123767,2489,0.010850969458877202,0.644985747603006
8931,0.9478,2,1,2,675075,1369,123769,2487,0.010843049043213787,0.6449688796680498
8932,0.948,4,1,4,675076,1368,123773,2483,0.010835128627550374,0.6447675928330304
8933,0.9481,1,1,1,675077,1367,123774,2482,0.010827208211886959,0.6448428163159262
8934,0.9483,5,6,5,675083,1361,123779,2477,0.010779685717906476,0.6453882230328296
8935,0.9484,1,2,1,675085,1359,123780,2476,0.010763844886579648,0.645632333767927
8936,0.9485,2,4,2,675089,1355,123782,2474,0.010732163223925992,0.6461217027944633
8937,0.9486,1,0,1,675089,1355,123783,2473,0.010732163223925992,0.6460292580982236
8938,0.9487,0,3,0,675092,1352,123783,2473,0.01070840197693575,0.6465359477124183
8939,0.949,1,1,1,675093,1351,123784,2472,0.010700481561272335,0.6466126078995553
8940,0.9491,0,1,0,675094,1350,123784,2472,0.010692561145608922,0.6467817896389325
8941,0.9492,3,3,3,675097,1347,123787,2469,0.010668799898618679,0.6470125786163522
8942,0.9493,2,4,2,675101,1343,123789,2467,0.010637118235965023,0.64750656167979
8943,0.9494,1,0,1,675101,1343,123790,2466,0.010637118235965023,0.6474140194276713
8944,0.9495,1,0,1,675101,1343,123791,2465,0.010637118235965023,0.6473214285714286
8945,0.9496,1,0,1,675101,1343,123792,2464,0.010637118235965023,0.6472287890727607
8946,0.9498,1,0,1,675101,1343,123793,2463,0.010637118235965023,0.6471361008933263
8947,0.9499,1,0,1,675101,1343,123794,2462,0.010637118235965023,0.6470433639947437
8948,0.95,465,263,465,675364,1080,124259,1997,0.008554048916487138,0.6490087747806305
8949,0.9501,0,1,0,675365,1079,124259,1997,0.008546128500823723,0.6492197659297789
8950,0.9502,1,1,1,675366,1078,124260,1996,0.00853820808516031,0.649316851008458
8951,0.9503,0,1,0,675367,1077,124260,1996,0.008530287669496895,0.6495281483891963
8952,0.9505,1,0,1,675367,1077,124261,1995,0.008530287669496895,0.6494140625
8953,0.9507,1,2,1,675369,1075,124262,1994,0.008514446838170067,0.649723036819811
8954,0.9508,6,4,6,675373,1071,124268,1988,0.008482765175516412,0.6498855835240275
8955,0.9509,0,1,0,675374,1070,124268,1988,0.008474844759852997,0.6500981033355134
8956,0.951,0,5,0,675379,1065,124268,1988,0.008435242681535927,0.6511627906976745
8957,0.9513,1,2,1,675381,1063,124269,1987,0.0084194018502091,0.6514754098360656
8958,0.9515,1,0,1,675381,1063,124270,1986,0.0084194018502091,0.651361102000656
8959,0.9517,10,2,10,675383,1061,124280,1976,0.008403561018882271,0.6506420810009879
8960,0.9518,0,1,0,675384,1060,124280,1976,0.008395640603218856,0.6508563899868248
8961,0.952,2,4,2,675388,1056,124282,1974,0.008363958940565202,0.6514851485148515
8962,0.9521,0,4,0,675392,1052,124282,1974,0.008332277277911545,0.6523463317911434
8963,0.9522,1,2,1,675394,1050,124283,1973,0.008316436446584717,0.6526629176314919
8964,0.9525,2,9,2,675403,1041,124285,1971,0.008245152705613991,0.6543824701195219
8965,0.9526,0,1,0,675404,1040,124285,1971,0.008237232289950576,0.6545998007306543
8966,0.9527,2,2,2,675406,1038,124287,1969,0.008221391458623748,0.6548054539408048
8967,0.9529,1,2,1,675408,1036,124288,1968,0.00820555062729692,0.6551264980026631
8968,0.953,1,0,1,675408,1036,124289,1967,0.00820555062729692,0.655011655011655
8969,0.9531,1,0,1,675408,1036,124290,1966,0.00820555062729692,0.6548967355096602
8970,0.9533,32,13,32,675421,1023,124322,1934,0.008102585223672538,0.654041258031789
8971,0.9534,0,1,0,675422,1022,124322,1934,0.008094664808009125,0.6542625169147497
8972,0.9535,1,1,1,675423,1021,124323,1933,0.00808674439234571,0.6543669600541638
8973,0.9537,1,0,1,675423,1021,124324,1932,0.00808674439234571,0.6542499153403318
8974,0.9538,1,1,1,675424,1020,124325,1931,0.008078823976682296,0.6543544561165706
8975,0.954,3,2,3,675426,1018,124328,1928,0.008062983145355468,0.6544467073998642
8976,0.9542,0,2,0,675428,1016,124328,1928,0.00804714231402864,0.654891304347826
8977,0.9543,0,1,0,675429,1015,124328,1928,0.008039221898365227,0.655113829425756
8978,0.9545,2,0,2,675429,1015,124330,1926,0.008039221898365227,0.6548792927575654
8979,0.9548,1,0,1,675429,1015,124331,1925,0.008039221898365227,0.6547619047619048
8980,0.9549,2,6,2,675435,1009,124333,1923,0.007991699404384742,0.6558663028649386
8981,0.955,39,22,39,675457,987,124372,1884,0.007817450259789634,0.6562173458725182
8982,0.9552,1,1,1,675458,986,124373,1883,0.007809529844126219,0.6563262460787731
8983,0.9555,0,2,0,675460,984,124373,1883,0.007793689012799392,0.6567840948726892
8984,0.9557,1,1,1,675461,983,124374,1882,0.007785768597135978,0.6568935427574171
8985,0.9558,1,0,1,675461,983,124375,1881,0.007785768597135978,0.6567737430167597
8986,0.956,3,0,3,675461,983,124378,1878,0.007785768597135978,0.6564138413142258
8987,0.9561,2,0,2,675461,983,124380,1876,0.007785768597135978,0.6561734872332984
8988,0.9562,0,1,0,675462,982,124380,1876,0.007777848181472564,0.6564030790762772
8989,0.9563,2,0,2,675462,982,124382,1874,0.007777848181472564,0.6561624649859944
8990,0.9564,1,0,1,675462,982,124383,1873,0.007777848181472564,0.6560420315236427
8991,0.9565,0,1,0,675463,981,124383,1873,0.00776992776580915,0.6562718990889979
8992,0.9567,22,8,22,675471,973,124405,1851,0.007706564440501837,0.6554532577903682
8993,0.9568,1,1,1,675472,972,124406,1850,0.007698644024838423,0.6555634301913537
8994,0.957,1,2,1,675474,970,124407,1849,0.007682803193511596,0.6559063497694217
8995,0.9571,0,2,0,675476,968,124407,1849,0.007666962362184768,0.6563720269790557
8996,0.9572,0,1,0,675477,967,124407,1849,0.007659041946521354,0.6566051136363636
8997,0.9573,1,0,1,675477,967,124408,1848,0.007659041946521354,0.6564831261101244
8998,0.9575,1,5,1,675482,962,124409,1847,0.007619439868204283,0.6575293698825204
8999,0.9576,1,0,1,675482,962,124410,1846,0.007619439868204283,0.6574074074074074
9000,0.9577,1,0,1,675482,962,124411,1845,0.007619439868204283,0.6572853580334878
9001,0.9578,1,1,1,675483,961,124412,1844,0.007611519452540869,0.6573975044563279
9002,0.958,7,0,7,675483,961,124419,1837,0.007611519452540869,0.6565403859899929
9003,0.9582,2,2,2,675485,959,124421,1835,0.007595678621214041,0.6567644953471725
9004,0.9583,5,2,5,675487,957,124426,1830,0.007579837789887214,0.6566200215285253
9005,0.9584,1,2,1,675489,955,124427,1829,0.0075639969585603855,0.6569683908045977
9006,0.9586,2,4,2,675493,951,124429,1827,0.007532315295906729,0.6576673866090713
9007,0.9587,0,1,0,675494,950,124429,1827,0.007524394880243315,0.6579042131796903
9008,0.9589,1,2,1,675496,948,124430,1826,0.007508554048916487,0.6582552271088681
9009,0.959,1,2,1,675498,946,124431,1825,0.007492713217589659,0.6586070010826417
9010,0.9592,1,2,1,675500,944,124432,1824,0.0074768723862628315,0.6589595375722543
9011,0.9594,2,0,2,675500,944,124434,1822,0.0074768723862628315,0.6587129428778019
9012,0.9596,0,1,0,675501,943,124434,1822,0.007468951970599417,0.6589511754068716
9013,0.96,406,239,406,675740,704,124840,1416,0.005575972627043467,0.6679245283018868
9014,0.9604,1,2,1,675742,702,124841,1415,0.0055601317957166396,0.6683986773736419
9015,0.9608,1,2,1,675744,700,124842,1414,0.005544290964389811,0.6688741721854304
9016,0.961,1,0,1,675744,700,124843,1413,0.005544290964389811,0.6687174633222905
9017,0.9613,0,1,0,675745,699,124843,1413,0.005536370548726397,0.6690340909090909
9018,0.9614,0,1,0,675746,698,124843,1413,0.005528450133062983,0.6693510184746566
9019,0.9616,1,0,1,675746,698,124844,1412,0.005528450133062983,0.6691943127962086
9020,0.9617,7,8,7,675754,690,124851,1405,0.005465086807755671,0.6706443914081146
9021,0.9618,0,1,0,675755,689,124851,1405,0.005457166392092257,0.6709646609360076
9022,0.962,4,0,4,675755,689,124855,1401,0.005457166392092257,0.6703349282296651
9023,0.9621,0,1,0,675756,688,124855,1401,0.005449245976428843,0.6706558161799904
9024,0.9622,1,3,1,675759,685,124856,1400,0.005425484729438601,0.6714628297362111
9025,0.9623,1,1,1,675760,684,124857,1399,0.005417564313775187,0.671627460393663
9026,0.9624,1,0,1,675760,684,124858,1398,0.005417564313775187,0.6714697406340058
9027,0.9625,9,8,9,675768,676,124867,1389,0.005354200988467875,0.672639225181598
9028,0.9629,0,2,0,675770,674,124867,1389,0.005338360157141047,0.6732913233155599
9029,0.963,1,1,1,675771,673,124868,1388,0.005330439741477633,0.6734594856865599
9030,0.9632,0,1,0,675772,672,124868,1388,0.005322519325814219,0.6737864077669903
9031,0.9633,14,8,14,675780,664,124882,1374,0.005259156000506906,0.6741903827281649
9032,0.9635,1,2,1,675782,662,124883,1373,0.005243315169180079,0.6746928746928746
9033,0.964,3,2,3,675784,660,124886,1370,0.005227474337853251,0.6748768472906403
9034,0.9642,1,3,1,675787,657,124887,1369,0.0052037130908630085,0.675715695952616
9035,0.9643,0,1,0,675788,656,124887,1369,0.0051957926751995944,0.6760493827160494
9036,0.9644,1,0,1,675788,656,124888,1368,0.0051957926751995944,0.6758893280632411
9037,0.9645,1,0,1,675788,656,124889,1367,0.0051957926751995944,0.675729115175482
9038,0.9647,1,1,1,675789,655,124890,1366,0.00518787225953618,0.6759030183077684
9039,0.9648,1,1,1,675790,654,124891,1365,0.005179951843872766,0.6760772659732541
9040,0.965,31,28,31,675818,626,124922,1334,0.004958180205297174,0.6806122448979591
9041,0.9651,0,2,0,675820,624,124922,1334,0.004942339373970346,0.6813074565883555
9042,0.9655,0,1,0,675821,623,124922,1334,0.0049344189583069315,0.6816555952989269
9043,0.9656,0,1,0,675822,622,124922,1334,0.004926498542643518,0.6820040899795501
9044,0.9657,3,1,3,675823,621,124925,1331,0.004918578126980104,0.6818647540983607
9045,0.9658,0,1,0,675824,620,124925,1331,0.00491065771131669,0.6822142491030241
9046,0.9659,1,0,1,675824,620,124926,1330,0.00491065771131669,0.6820512820512821
9047,0.966,3,0,3,675824,620,124929,1327,0.00491065771131669,0.6815613764766307
9048,0.9661,0,1,0,675825,619,124929,1327,0.004902737295653276,0.6819116135662898
9049,0.9662,1,1,1,675826,618,124930,1326,0.004894816879989862,0.6820987654320988
9050,0.9663,1,1,1,675827,617,124931,1325,0.004886896464326448,0.6822863027806385
9051,0.9667,10,15,10,675842,602,124941,1315,0.0047680902293752376,0.6859676577986437
9052,0.9669,1,0,1,675842,602,124942,1314,0.0047680902293752376,0.68580375782881
9053,0.967,0,2,0,675844,600,124942,1314,0.004752249398048409,0.6865203761755486
9054,0.9673,0,1,0,675845,599,124942,1314,0.004744328982384995,0.6868792472556194
9055,0.9674,0,1,0,675846,598,124942,1314,0.004736408566721581,0.6872384937238494
9056,0.9675,7,3,7,675849,595,124949,1307,0.00471264731973134,0.6871713985278654
9057,0.968,1,3,1,675852,592,124950,1306,0.004688886072741098,0.6880927291886196
9058,0.9683,3,4,3,675856,588,124953,1303,0.004657204410087441,0.6890534108937071
9059,0.9684,0,4,0,675860,584,124953,1303,0.004625522747433785,0.6905140434552199
9060,0.9685,1,0,1,675860,584,124954,1302,0.004625522747433785,0.6903499469777307
9061,0.9686,0,1,0,675861,583,124954,1302,0.004617602331770371,0.6907161803713527
9062,0.9687,1,1,1,675862,582,124955,1301,0.004609681916106958,0.6909187466808284
9063,0.969,1,2,1,675864,580,124956,1300,0.0045938410847801295,0.6914893617021277
9064,0.9692,0,1,0,675865,579,124956,1300,0.0045859206691167154,0.6918573709419904
9065,0.9695,1,0,1,675865,579,124957,1299,0.0045859206691167154,0.6916932907348243
9066,0.9698,0,1,0,675866,578,124957,1299,0.004578000253453301,0.6920618007458711
9067,0.97,348,171,348,676037,407,125305,951,0.0032236091750095044,0.7002945508100147
9068,0.9702,1,0,1,676037,407,125306,950,0.0032236091750095044,0.7000736919675755
9069,0.9703,1,0,1,676037,407,125307,949,0.0032236091750095044,0.6998525073746312
9070,0.9704,1,0,1,676037,407,125308,948,0.0032236091750095044,0.6996309963099631
9071,0.9705,0,1,0,676038,406,125308,948,0.0032156887593460903,0.7001477104874446
9072,0.9708,0,4,0,676042,402,125308,948,0.0031840070966924344,0.7022222222222222
9073,0.9709,1,1,1,676043,401,125309,947,0.0031760866810290203,0.7025222551928784
9074,0.971,3,0,3,676043,401,125312,944,0.0031760866810290203,0.7018587360594796
9075,0.9714,0,1,0,676044,400,125312,944,0.0031681662653656063,0.7023809523809523
9076,0.9715,0,1,0,676045,399,125312,944,0.003160245849702192,0.702903946388682
9077,0.9716,0,1,0,676046,398,125312,944,0.0031523254340387785,0.7034277198211625
9078,0.9717,0,1,0,676047,397,125312,944,0.0031444050183753645,0.7039522744220731
9079,0.9718,0,1,0,676048,396,125312,944,0.0031364846027119504,0.7044776119402985
9080,0.972,1,2,1,676050,394,125313,943,0.003120643771385122,0.7053103964098728
9081,0.9722,0,1,0,676051,393,125313,943,0.003112723355721708,0.7058383233532934
9082,0.9723,0,1,0,676052,392,125313,943,0.003104802940058294,0.7063670411985019
9083,0.9724,1,0,1,676052,392,125314,942,0.003104802940058294,0.7061469265367316
9084,0.9725,6,5,6,676057,387,125320,936,0.003065200861741224,0.7074829931972789
9085,0.9726,2,0,2,676057,387,125322,934,0.003065200861741224,0.7070401211203634
9086,0.9729,6,0,6,676057,387,125328,928,0.003065200861741224,0.7057034220532319
9087,0.973,0,1,0,676058,386,125328,928,0.00305728044607781,0.7062404870624048
9088,0.9733,13,9,13,676067,377,125341,915,0.002985996705107084,0.708204334365325
9089,0.974,5,2,5,676069,375,125346,910,0.002970155873780256,0.708171206225681
9090,0.9742,1,0,1,676069,375,125347,909,0.002970155873780256,0.7079439252336449
9091,0.9743,2,0,2,676069,375,125349,907,0.002970155873780256,0.7074882995319812
9092,0.9744,1,0,1,676069,375,125350,906,0.002970155873780256,0.7072599531615925
9093,0.9747,1,0,1,676069,375,125351,905,0.002970155873780256,0.70703125
9094,0.9748,1,0,1,676069,375,125352,904,0.002970155873780256,0.7068021892103206
9095,0.975,20,12,20,676081,363,125372,884,0.002875110885819288,0.7089013632718525
9096,0.9754,2,0,2,676081,363,125374,882,0.002875110885819288,0.708433734939759
9097,0.9755,0,1,0,676082,362,125374,882,0.002867190470155874,0.7090032154340836
9098,0.9757,1,0,1,676082,362,125375,881,0.002867190470155874,0.7087691069991955
9099,0.9758,1,0,1,676082,362,125376,880,0.002867190470155874,0.7085346215780999
9100,0.976,1,1,1,676083,361,125377,879,0.0028592700544924597,0.7088709677419355
9101,0.9767,8,7,8,676090,354,125385,871,0.0028038271448485616,0.7110204081632653
9102,0.9768,0,1,0,676091,353,125385,871,0.0027959067291851475,0.7116013071895425
9103,0.9771,0,2,0,676093,351,125385,871,0.0027800658978583198,0.7127659574468085
9104,0.9772,1,1,1,676094,350,125386,870,0.0027721454821949057,0.7131147540983607
9105,0.9775,6,3,6,676097,347,125392,864,0.0027483842352046635,0.7134599504541701
9106,0.9777,1,0,1,676097,347,125393,863,0.0027483842352046635,0.7132231404958678
9107,0.978,5,3,5,676100,344,125398,858,0.0027246229882144216,0.7138103161397671
9108,0.9783,2,1,2,676101,343,125400,856,0.0027167025725510076,0.7139282735613011
9109,0.9784,2,1,2,676102,342,125402,854,0.0027087821568875935,0.7140468227424749
9110,0.9786,0,1,0,676103,341,125402,854,0.0027008617412241794,0.7146443514644352
9111,0.9792,3,0,3,676103,341,125405,851,0.0027008617412241794,0.7139261744966443
9112,0.9794,0,1,0,676104,340,125405,851,0.0026929413255607653,0.7145256087321579
9113,0.9797,0,1,0,676105,339,125405,851,0.0026850209098973512,0.7151260504201681
9114,0.9799,1,0,1,676105,339,125406,850,0.0026850209098973512,0.7148864592094197
9115,0.98,329,138,329,676243,201,125735,521,0.0015920035483462172,0.721606648199446
9116,0.9802,2,1,2,676244,200,125737,519,0.0015840831326828031,0.721835883171071
9117,0.9813,1,0,1,676244,200,125738,518,0.0015840831326828031,0.7214484679665738
9118,0.9815,1,0,1,676244,200,125739,517,0.0015840831326828031,0.7210599721059973
9119,0.9817,1,1,1,676245,199,125740,516,0.0015761627170193893,0.7216783216783217
9120,0.982,2,0,2,676245,199,125742,514,0.0015761627170193893,0.7208976157082749
9121,0.9825,1,0,1,676245,199,125743,513,0.0015761627170193893,0.7205056179775281
9122,0.9829,4,0,4,676245,199,125747,509,0.0015761627170193893,0.7189265536723164
9123,0.983,1,0,1,676245,199,125748,508,0.0015761627170193893,0.7185289957567186
9124,0.9833,14,9,14,676254,190,125762,494,0.001504878976048663,0.7222222222222222
9125,0.9836,1,0,1,676254,190,125763,493,0.001504878976048663,0.7218155197657394
9126,0.984,1,0,1,676254,190,125764,492,0.001504878976048663,0.7214076246334311
9127,0.9843,1,0,1,676254,190,125765,491,0.001504878976048663,0.7209985315712188
9128,0.985,15,9,15,676263,181,125780,476,0.001433595235077937,0.7245053272450532
9129,0.9858,1,0,1,676263,181,125781,475,0.001433595235077937,0.7240853658536586
9130,0.986,4,1,4,676264,180,125785,471,0.0014256748194145228,0.7235023041474654
9131,0.9867,7,3,7,676267,177,125792,464,0.0014019135724242808,0.7238689547581904
9132,0.9869,3,0,3,676267,177,125795,461,0.0014019135724242808,0.7225705329153606
9133,0.9871,1,1,1,676268,176,125796,460,0.0013939931567608667,0.7232704402515723
9134,0.9873,0,2,0,676270,174,125796,460,0.0013781523254340388,0.7255520504731862
9135,0.9875,5,2,5,676272,172,125801,455,0.0013623114941072108,0.7256778309409888
9136,0.988,3,1,3,676273,171,125804,452,0.0013543910784437967,0.7255216693418941
9137,0.99,245,97,245,676370,74,126049,207,0.0005861107590926372,0.7366548042704626
9138,0.9907,0,1,0,676371,73,126049,207,0.0005781903434292231,0.7392857142857143
9139,0.9908,2,0,2,676371,73,126051,205,0.0005781903434292231,0.737410071942446
9140,0.9917,3,0,3,676371,73,126054,202,0.0005781903434292231,0.7345454545454545
9141,0.9918,1,0,1,676371,73,126055,201,0.0005781903434292231,0.7335766423357665
9142,0.9933,0,1,0,676372,72,126055,201,0.0005702699277658091,0.7362637362637363
9143,0.994,0,1,0,676373,71,126055,201,0.0005623495121023952,0.7389705882352942
9144,0.9943,0,1,0,676374,70,126055,201,0.0005544290964389811,0.7416974169741697
9145,0.995,7,5,7,676379,65,126062,194,0.000514827018121911,0.749034749034749
9146,0.9958,0,1,0,676380,64,126062,194,0.000506906602458497,0.751937984496124
9147,0.9967,4,1,4,676381,63,126066,190,0.000498986186795083,0.7509881422924901
9148,0.9975,1,0,1,676381,63,126067,189,0.000498986186795083,0.75
9149,0.998,0,1,0,676382,62,126067,189,0.000491065771131669,0.7529880478087649
9150,1.0,189,62,189,676444,0,126256,0,0.0,
