,y_proba,y_test,Neg,Pos,TN,FP,FN,TP,FP/P,Prec
0,0.0,2,312,2,312,605298,2,107954,5.606895401830375,0.15135464043563845
1,0.0058,0,2,0,314,605296,2,107954,5.6068768757642005,0.15135506484402383
2,0.0065,0,16,0,330,605280,2,107954,5.606728667234799,0.15135846019679375
3,0.0074,0,22,0,352,605258,2,107954,5.606524880506873,0.15136312905559637
4,0.0079,0,3,0,355,605255,2,107954,5.60649709140761,0.1513637657404772
5,0.0085,0,31,0,386,605224,2,107954,5.606209937381896,0.15137034513122952
6,0.0088,1,1,1,387,605223,3,107953,5.606200674348809,0.15136936744926918
7,0.0089,0,1,0,388,605222,3,107953,5.606191411315721,0.15136957969642795
8,0.0092,0,5,0,393,605217,3,107953,5.606145096150284,0.15137064094115008
9,0.0094,0,3,0,396,605214,3,107953,5.60611730705102,0.1513712776951261
10,0.0096,0,5,0,401,605209,3,107953,5.606070991885583,0.15137233896365762
11,0.01,5,377,5,778,604832,8,107948,5.602578828411575,0.15144644911473387
12,0.0127,0,1,0,779,604831,8,107948,5.602569565378488,0.15144666158795364
13,0.0133,0,1,0,780,604830,8,107948,5.6025603023454,0.15144687406176957
14,0.0136,0,1,0,781,604829,8,107948,5.602551039312313,0.15144708653618172
15,0.0143,0,1,0,782,604828,8,107948,5.6025417762792245,0.15144729901119006
16,0.0148,0,1,0,783,604827,8,107948,5.602532513246137,0.15144751148679458
17,0.015,0,2,0,785,604825,8,107948,5.602513987179962,0.15144793643979218
18,0.0153,0,2,0,787,604823,8,107948,5.602495461113787,0.15144836139517462
19,0.0158,0,9,0,796,604814,8,107948,5.602412093815999,0.15145027372390785
20,0.0159,0,9,0,805,604805,8,107948,5.602328726518211,0.1514521861009354
21,0.0165,0,8,0,813,604797,8,107948,5.60225462225351,0.1514538860321714
22,0.0168,0,1,0,814,604796,8,107948,5.602245359220423,0.15145409852625907
23,0.017,0,1,0,815,604795,8,107948,5.602236096187336,0.15145431102094303
24,0.0174,0,37,0,852,604758,8,107948,5.601893363963096,0.15146217374345103
25,0.0177,0,2,0,854,604756,8,107948,5.601874837896921,0.15146259877873564
26,0.0179,0,9,0,863,604747,8,107948,5.601791470599133,0.1514645114670371
27,0.0181,0,2,0,865,604745,8,107948,5.601772944532958,0.15146493651544213
28,0.0184,0,1,0,866,604744,8,107948,5.60176368149987,0.15146514904053926
29,0.0185,3,71,3,937,604673,11,107945,5.601106006150654,0.15147666772380153
30,0.0189,0,7,0,944,604666,11,107945,5.6010411649190415,0.15147815568381628
31,0.0192,0,26,0,970,604640,11,107945,5.600800326058764,0.1514836826483858
32,0.0194,0,15,0,985,604625,11,107945,5.600661380562451,0.15148687146525955
33,0.0196,0,2,0,987,604623,11,107945,5.600642854496276,0.1514872966509863
34,0.02,8,514,8,1501,604109,19,107937,5.595881655489273,0.151587116562694
35,0.0201,0,2,0,1503,604107,19,107937,5.5958631294230985,0.15158754234288893
36,0.0213,0,4,0,1507,604103,19,107937,5.595826077290748,0.15158839391045448
37,0.0224,0,1,0,1508,604102,19,107937,5.5958168142576605,0.15158860680384081
38,0.0228,1,0,1,1508,604102,20,107936,5.5958168142576605,0.15158741527839806
39,0.0237,0,1,0,1509,604101,20,107936,5.595807551224573,0.15158762817100796
40,0.0241,0,1,0,1510,604100,20,107936,5.595798288191485,0.15158784106421586
41,0.0243,0,4,0,1514,604096,20,107936,5.595761236059135,0.15158869264302727
42,0.0244,0,2,0,1516,604094,20,107936,5.59574270999296,0.15158911843602096
43,0.0245,0,1,0,1517,604093,20,107936,5.595733446959873,0.1515893313334148
44,0.0247,0,3,0,1520,604090,20,107936,5.59570565786061,0.15158997002918434
45,0.0248,0,2,0,1522,604088,20,107936,5.595687131794435,0.15159039582935407
46,0.0249,0,3,0,1525,604085,20,107936,5.595659342695172,0.1515910345340938
47,0.025,0,12,0,1537,604073,20,107936,5.595548186298122,0.15159358940687548
48,0.0253,0,4,0,1541,604069,20,107936,5.595511134165771,0.15159444105027353
49,0.0255,0,1,0,1542,604068,20,107936,5.595501871132684,0.15159465396261818
50,0.0257,0,3,0,1545,604065,20,107936,5.595474082033421,0.1515952927032406
51,0.0258,0,6,0,1551,604059,20,107936,5.595418503834896,0.15159657020063344
52,0.0259,0,8,0,1559,604051,20,107936,5.5953443995701955,0.15159827356398362
53,0.0262,0,7,0,1566,604044,20,107936,5.595279558338582,0.15159976403831568
54,0.0263,0,2,0,1568,604042,20,107936,5.595261032272408,0.15160018989350796
55,0.0265,0,24,0,1592,604018,20,107936,5.595038719478306,0.15160530034243785
56,0.0268,0,2,0,1594,604016,20,107936,5.595020193412131,0.15160572622873453
57,0.0269,0,7,0,1601,604009,20,107936,5.594955352180518,0.1516072168496162
58,0.027,1,12,1,1613,603997,21,107935,5.594844195783467,0.15160858059477592
59,0.0273,0,1,0,1614,603996,21,107935,5.59483493275038,0.15160879354881301
60,0.0274,1,41,1,1655,603955,22,107934,5.59445514839379,0.15161633344524217
61,0.0277,0,4,0,1659,603951,22,107934,5.59441809626144,0.15161718535999494
62,0.0278,0,3,0,1662,603948,22,107934,5.594390307162177,0.15161782430234225
63,0.0279,0,13,0,1675,603935,22,107934,5.594269887732039,0.15162059311474443
64,0.028,0,1,0,1676,603934,22,107934,5.5942606246989515,0.15162080610450251
65,0.0281,0,7,0,1683,603927,22,107934,5.594195783467338,0.15162229704956445
66,0.0282,0,1,0,1684,603926,22,107934,5.594186520434251,0.1516225100441098
67,0.0285,2,81,2,1765,603845,24,107932,5.593436214754159,0.15163738080887693
68,0.0286,0,2,0,1767,603843,24,107932,5.593417688687984,0.15163780689122264
69,0.0288,0,2,0,1769,603841,24,107932,5.593399162621809,0.15163823297596285
70,0.0289,1,11,1,1780,603830,25,107931,5.593297269257846,0.15163938456869652
71,0.0292,0,24,0,1804,603806,25,107931,5.593074956463744,0.1516444978973975
72,0.0294,0,9,0,1813,603797,25,107931,5.5929915891659565,0.15164641548456714
73,0.0296,0,5,0,1818,603792,25,107931,5.5929452740005186,0.15164748083172808
74,0.0298,0,1,0,1819,603791,25,107931,5.592936010967431,0.1516476939029565
75,0.03,15,705,15,2524,603086,40,107916,5.586405572640706,0.1517801637688783
76,0.0313,0,2,0,2526,603084,40,107916,5.58638704657453,0.15178059071729957
77,0.0319,0,3,0,2529,603081,40,107916,5.586359257475268,0.1517812311444352
78,0.0324,0,3,0,2532,603078,40,107916,5.586331468376005,0.15178187157697534
79,0.0327,0,1,0,2533,603077,40,107916,5.586322205342918,0.1517820850556897
80,0.0329,0,1,0,2534,603076,40,107916,5.58631294230983,0.1517822985350046
81,0.0331,1,0,1,2534,603076,41,107915,5.58631294230983,0.1517811055273555
82,0.0332,0,3,0,2537,603073,41,107915,5.586285153210567,0.15178174596477015
83,0.0333,0,5,0,2542,603068,41,107915,5.586238838045129,0.15178281337247163
84,0.0337,0,1,0,2543,603067,41,107915,5.586229575012042,0.15178302685581352
85,0.0338,0,1,0,2544,603066,41,107915,5.586220311978955,0.1517832403397559
86,0.0339,0,1,0,2545,603065,41,107915,5.5862110489458665,0.15178345382429886
87,0.0341,0,4,0,2549,603061,41,107915,5.586173996813517,0.151784307768476
88,0.0343,0,7,0,2556,603054,41,107915,5.586109155581903,0.1517858021939072
89,0.0344,0,1,0,2557,603053,41,107915,5.586099892548816,0.15178601568565675
90,0.0347,0,3,0,2560,603050,41,107915,5.5860721034495535,0.15178665616450882
91,0.0348,0,2,0,2562,603048,41,107915,5.586053577383378,0.15178708315341305
92,0.035,0,3,0,2565,603045,41,107915,5.586025788284116,0.15178772364127377
93,0.0353,0,4,0,2569,603041,41,107915,5.585988736151766,0.15178857763349632
94,0.0354,0,1,0,2570,603040,41,107915,5.585979473118678,0.15178879113305344
95,0.0355,0,1,0,2571,603039,41,107915,5.58597021008559,0.15178900463321116
96,0.0357,0,3,0,2574,603036,41,107915,5.585942420986328,0.15178964513728793
97,0.0358,0,3,0,2577,603033,41,107915,5.585914631887065,0.15179028564677022
98,0.0359,0,18,0,2595,603015,41,107915,5.585747897291489,0.15179412881718313
99,0.036,0,1,0,2596,603014,41,107915,5.5857386342584014,0.15179434233235667
100,0.0361,0,2,0,2598,603012,41,107915,5.585720108192226,0.15179476936450578
101,0.0362,0,7,0,2605,603005,41,107915,5.585655266960614,0.15179626399594892
102,0.0363,0,1,0,2606,603004,41,107915,5.585646003927526,0.15179647751712924
103,0.0364,0,1,0,2607,603003,41,107915,5.585636740894438,0.15179669103891025
104,0.0365,0,29,0,2636,602974,41,107915,5.5853681129348995,0.15180288343187193
105,0.0366,0,3,0,2639,602971,41,107915,5.585340323835637,0.15180352405308306
106,0.0369,0,6,0,2645,602965,41,107915,5.585284745637112,0.1518048053117263
107,0.037,0,21,0,2666,602944,41,107915,5.585090221942273,0.15180928988730535
108,0.0371,0,2,0,2668,602942,41,107915,5.585071695876097,0.1518097170035605
109,0.0373,0,2,0,2670,602940,41,107915,5.585053169809923,0.15181014412221902
110,0.0374,0,75,0,2745,602865,41,107915,5.584358442328356,0.15182616280705705
111,0.0377,1,29,1,2774,602836,42,107914,5.584089814368817,0.15183116426310236
112,0.0378,0,1,0,2775,602835,42,107914,5.584080551335729,0.1518313778844571
113,0.0379,0,23,0,2798,602812,42,107914,5.583867501574716,0.15183629134152965
114,0.038,0,1,0,2799,602811,42,107914,5.583858238541628,0.1518365049773119
115,0.0381,0,7,0,2806,602804,42,107914,5.583793397310015,0.15183800044462079
116,0.0384,0,4,0,2810,602800,42,107914,5.583756345177665,0.151838855010595
117,0.0385,3,156,3,2966,602644,45,107911,5.582311312016007,0.15186860974871755
118,0.0388,0,2,0,2968,602642,45,107911,5.582292785949831,0.15186903721467646
119,0.0389,0,10,0,2978,602632,45,107911,5.582200155618956,0.15187117458056726
120,0.039,0,1,0,2979,602631,45,107911,5.582190892585868,0.15187138832046523
121,0.0392,1,56,1,3035,602575,46,107910,5.581672162732965,0.15188216499996482
122,0.0393,0,1,0,3036,602574,46,107910,5.581662899699878,0.15188237877278024
123,0.0394,0,22,0,3058,602552,46,107910,5.5814591129719515,0.15188708192697145
124,0.0396,0,4,0,3062,602548,46,107910,5.581422060839602,0.15188793707720935
125,0.0397,0,4,0,3066,602544,46,107910,5.581385008707251,0.15188879223707658
126,0.0398,0,3,0,3069,602541,46,107910,5.581357219607988,0.15188943361329635
127,0.04,11,793,11,3862,601748,57,107899,5.574011634369558,0.15204601724519373
128,0.0403,0,3,0,3865,601745,57,107899,5.573983845270296,0.15204666001544437
129,0.0407,0,1,0,3866,601744,57,107899,5.5739745822372075,0.15204687427340227
130,0.0408,0,2,0,3868,601742,57,107899,5.573956056171033,0.1520473027911296
131,0.0409,0,3,0,3871,601739,57,107899,5.57392826707177,0.15204794557224952
132,0.0411,0,3,0,3874,601736,57,107899,5.573900477972507,0.15204858835880417
133,0.0418,0,1,0,3875,601735,57,107899,5.57389121493942,0.1520488026221968
134,0.0423,0,7,0,3882,601728,57,107899,5.573826373707807,0.15205030248285367
135,0.0424,0,3,0,3885,601725,57,107899,5.573798584608544,0.15205094528933633
136,0.0428,0,1,0,3886,601724,57,107899,5.573789321575457,0.15205115955937168
137,0.0431,0,1,0,3887,601723,57,107899,5.573780058542369,0.1520513738300109
138,0.0432,0,4,0,3891,601719,57,107899,5.573743006410019,0.15205223091860692
139,0.0435,0,1,0,3892,601718,57,107899,5.573733743376931,0.15205244519226568
140,0.0436,0,1,0,3893,601717,57,107899,5.573724480343844,0.15205265946652838
141,0.0437,0,1,0,3894,601716,57,107899,5.573715217310756,0.15205287374139498
142,0.0438,0,3,0,3897,601713,57,107899,5.573687428211493,0.15205351656961832
143,0.0439,0,6,0,3903,601707,57,107899,5.573631850012968,0.1520548022423711
144,0.0441,0,1,0,3904,601706,57,107899,5.573622586979881,0.15205501652327705
145,0.0442,0,6,0,3910,601700,57,107899,5.573567008781356,0.15205630222139546
146,0.0443,0,8,0,3918,601692,57,107899,5.573492904516655,0.15205801651937526
147,0.0444,0,1,0,3919,601691,57,107899,5.573483641483567,0.1520582308093406
148,0.0447,0,6,0,3925,601685,57,107899,5.573428063285042,0.1520595165618165
149,0.0448,0,9,0,3934,601676,57,107899,5.573344695987254,0.1520614452313004
150,0.045,2,20,2,3954,601656,59,107897,5.573159435325503,0.1520633412866974
151,0.0451,0,5,0,3959,601651,59,107897,5.573113120160065,0.15206441283746835
152,0.0453,0,14,0,3973,601637,59,107897,5.5729834376968395,0.15206741325997064
153,0.0455,0,1,0,3974,601636,59,107897,5.572974174663752,0.15206762758039444
154,0.0457,0,2,0,3976,601634,59,107897,5.572955648597577,0.1520680562230544
155,0.0458,1,14,1,3990,601620,60,107896,5.572825966134351,0.15206986170854497
156,0.0459,0,24,0,4014,601596,60,107896,5.572603653340249,0.15207500577878258
157,0.046,0,2,0,4016,601594,60,107896,5.572585127274075,0.15207543446701152
158,0.0461,0,3,0,4019,601591,60,107896,5.572557338174812,0.1520760775038866
159,0.0462,1,6,1,4025,601585,61,107895,5.572501759976286,0.15207616846140837
160,0.0463,0,1,0,4026,601584,61,107895,5.572492496943199,0.15207638281048488
161,0.0464,0,7,0,4033,601577,61,107895,5.572427655711587,0.15207788327093952
162,0.0465,0,26,0,4059,601551,61,107895,5.57218681685131,0.15208345666900652
163,0.0466,1,7,1,4066,601544,62,107894,5.572121975619697,0.15208376207646052
164,0.0467,0,1,0,4067,601543,62,107894,5.572112712586609,0.15208397644893062
165,0.0468,0,7,0,4074,601536,62,107894,5.572047871354997,0.15208547707314324
166,0.0469,0,2,0,4076,601534,62,107894,5.572029345288821,0.1520859058283575
167,0.047,0,19,0,4095,601515,62,107894,5.5718533476601575,0.15208997912346756
168,0.0471,0,3,0,4098,601512,62,107894,5.571825558560895,0.15209062229527237
169,0.0473,0,1,0,4099,601511,62,107894,5.571816295527808,0.15209083668708284
170,0.0474,5,92,5,4191,601419,67,107889,5.570964096483753,0.15210458644199698
171,0.0477,0,20,0,4211,601399,67,107889,5.570778835822002,0.15210887537925355
172,0.0478,0,1,0,4212,601398,67,107889,5.570769572788914,0.15210908983246557
173,0.0479,1,30,1,4242,601368,68,107888,5.5704916817962875,0.1521143282538322
174,0.0481,0,4,0,4246,601364,68,107888,5.570454629663937,0.15211518613976416
175,0.0484,0,4,0,4250,601360,68,107888,5.570417577531587,0.15211604403537268
176,0.0485,7,153,7,4403,601207,75,107881,5.569000333469191,0.15214049596100906
177,0.0486,0,2,0,4405,601205,75,107881,5.568981807403016,0.15214092507819926
178,0.0488,0,4,0,4409,601201,75,107881,5.568944755270666,0.1521417833198417
179,0.0489,1,18,1,4427,601183,76,107880,5.56877802067509,0.1521444497879596
180,0.049,0,1,0,4428,601182,76,107880,5.568768757642002,0.1521446643593931
181,0.0492,4,55,4,4483,601127,80,107876,5.568259290822187,0.1521516834202394
182,0.0494,1,25,1,4508,601102,81,107875,5.568027714994998,0.15215585272864987
183,0.0496,0,9,0,4517,601093,81,107875,5.56794434769721,0.1521577842723508
184,0.0497,0,2,0,4519,601091,81,107875,5.567925821631035,0.1521582135109441
185,0.05,24,984,24,5503,600107,105,107851,5.558810997072881,0.1523409580794341
186,0.0503,0,1,0,5504,600106,105,107851,5.558801734039794,0.15234117326334792
187,0.0504,1,0,1,5504,600106,106,107850,5.558801734039794,0.15233997593070756
188,0.0506,0,1,0,5505,600105,106,107850,5.558792471006706,0.15234019111384198
189,0.0509,0,2,0,5507,600103,106,107850,5.558773944940532,0.15234062148193453
190,0.0511,0,2,0,5509,600101,106,107850,5.558755418874356,0.15234105185245872
191,0.0512,0,3,0,5512,600098,106,107850,5.558727629775094,0.15234169741280432
192,0.0514,0,3,0,5515,600095,106,107850,5.558699840675831,0.15234234297862123
193,0.0517,0,1,0,5516,600094,106,107850,5.558690577642744,0.1523425581684427
194,0.052,0,3,0,5519,600091,106,107850,5.55866278854348,0.15234320374155474
195,0.0521,0,1,0,5520,600090,106,107850,5.558653525510393,0.15234341893380796
196,0.0522,0,1,0,5521,600089,106,107850,5.558644262477306,0.1523436341266691
197,0.0528,0,1,0,5522,600088,106,107850,5.558634999444218,0.1523438493201382
198,0.0529,0,3,0,5525,600085,106,107850,5.558607210344955,0.1523444949041932
199,0.053,0,4,0,5529,600081,106,107850,5.558570158212605,0.1523453556914445
200,0.0531,0,4,0,5533,600077,106,107850,5.5585331060802545,0.15234621648842325
201,0.0532,0,5,0,5538,600072,106,107850,5.5584867909148175,0.1523472924983261
202,0.0533,0,1,0,5539,600071,106,107850,5.558477527881729,0.1523475077021306
203,0.0535,0,6,0,5545,600065,106,107850,5.558421949683204,0.15234879893772557
204,0.0536,0,1,0,5546,600064,106,107850,5.558412686650117,0.15234901414578608
205,0.0537,0,4,0,5550,600060,106,107850,5.558375634517766,0.15234987498410815
206,0.0538,0,2,0,5552,600058,106,107850,5.558357108451592,0.1523503054069173
207,0.0539,0,10,0,5562,600048,106,107850,5.558264478120716,0.15235245755744473
208,0.0541,0,1,0,5563,600047,106,107850,5.5582552150876285,0.1523526727758417
209,0.0542,0,2,0,5565,600045,106,107850,5.558236689021453,0.15235310321445977
210,0.0543,0,15,0,5580,600030,106,107850,5.55809774352514,0.152356331581624
211,0.0544,0,3,0,5583,600027,106,107850,5.558069954425878,0.15235697727147512
212,0.0546,0,1,0,5584,600026,106,107850,5.5580606913927895,0.1523571925026417
213,0.0547,0,11,0,5595,600015,106,107850,5.557958798028826,0.15235956008560955
214,0.0548,0,2,0,5597,600013,106,107850,5.557940271962652,0.1523599905631457
215,0.055,0,17,0,5614,599996,106,107850,5.557782800400163,0.1523636497204194
216,0.0551,0,1,0,5615,599995,106,107850,5.557773537367075,0.15236386497043844
217,0.0552,0,1,0,5616,599994,106,107850,5.557764274333988,0.15236408022106565
218,0.0553,0,17,0,5633,599977,106,107850,5.5576068027715,0.1523677395747831
219,0.0554,0,1,0,5634,599976,106,107850,5.557597539738412,0.1523679548363581
220,0.0555,0,8,0,5642,599968,106,107850,5.557523435473711,0.1523696769508546
221,0.0557,0,3,0,5645,599965,106,107850,5.5574956463744485,0.15237032275382692
222,0.0558,0,11,0,5656,599954,106,107850,5.557393753010485,0.15237269074489548
223,0.0559,2,28,2,5684,599926,108,107848,5.557134388084034,0.15237632351569852
224,0.056,0,3,0,5687,599923,108,107848,5.557106598984771,0.152376969386991
225,0.0561,0,1,0,5688,599922,108,107848,5.557097335951684,0.15237718467863853
226,0.0562,0,1,0,5689,599921,108,107848,5.557088072918597,0.15237739997089444
227,0.0563,0,12,0,5701,599909,108,107848,5.5569769165215455,0.15237998352541904
228,0.0564,0,9,0,5710,599900,108,107848,5.556893549223758,0.15238192124880606
229,0.0565,2,36,2,5746,599864,110,107846,5.556560080032606,0.15238727727458987
230,0.0566,0,17,0,5763,599847,110,107846,5.556402608470117,0.15239093787843033
231,0.0568,1,6,1,5769,599841,111,107845,5.556347030271592,0.152391032180939
232,0.0569,0,9,0,5778,599832,111,107845,5.556263662973804,0.15239297023924755
233,0.057,0,37,0,5815,599795,111,107845,5.555920930749565,0.15240093833022442
234,0.0571,0,7,0,5822,599788,111,107845,5.555856089517952,0.1524024459006293
235,0.0573,0,3,0,5825,599785,111,107845,5.555828300418689,0.15240309201136187
236,0.0574,6,101,6,5926,599684,117,107839,5.554892734076846,0.15241765992059622
237,0.0576,0,1,0,5927,599683,117,107839,5.554883471043759,0.15241787534521894
238,0.0577,3,30,3,5957,599653,120,107836,5.554605580051132,0.15242074435079556
239,0.0578,0,1,0,5958,599652,120,107836,5.554596317018045,0.1524209597901307
240,0.0579,0,36,0,5994,599616,120,107836,5.554262847826893,0.15242871601182836
241,0.058,0,4,0,5998,599612,120,107836,5.554225795694542,0.1524295778629666
242,0.0581,0,13,0,6011,599599,120,107836,5.554105376264404,0.15243237894647566
243,0.0582,0,4,0,6015,599595,120,107836,5.554068324132054,0.1524332408390359
244,0.0584,2,5,2,6020,599590,122,107834,5.554022008966616,0.15243192201565114
245,0.0585,7,218,7,6238,599372,129,107827,5.552002667753529,0.15247052102732045
246,0.0587,0,1,0,6239,599371,129,107827,5.551993404720442,0.15247073662538638
247,0.0588,0,4,0,6243,599367,129,107827,5.551956352588092,0.15247159902374738
248,0.0589,0,17,0,6260,599350,129,107827,5.551798881025603,0.15247526432562145
249,0.059,0,6,0,6266,599344,129,107827,5.551743302827077,0.15247655800365117
250,0.0591,0,3,0,6269,599341,129,107827,5.551715513727815,0.15247720485089822
251,0.0592,1,97,1,6366,599244,130,107826,5.5508169995183225,0.15249692392549535
252,0.0594,1,28,1,6394,599216,131,107825,5.550557634591871,0.1525017643955584
253,0.0595,1,4,1,6398,599212,132,107824,5.55052058245952,0.1525014284986903
254,0.0596,0,8,0,6406,599204,132,107824,5.55044647819482,0.15250315404764733
255,0.0597,0,4,0,6410,599200,132,107824,5.55040942606247,0.15250401683676934
256,0.0598,0,1,0,6411,599199,132,107824,5.550400163029383,0.1525042325355752
257,0.0599,0,6,0,6417,599193,132,107824,5.550344584830857,0.15250552674122406
258,0.06,29,1149,29,7566,598044,161,107795,5.539701359813257,0.1527189628229667
259,0.0602,0,4,0,7570,598040,161,107795,5.539664307680907,0.15271982828848102
260,0.0605,0,1,0,7571,598039,161,107795,5.539655044647819,0.1527200446563923
261,0.0607,0,1,0,7572,598038,161,107795,5.539645781614732,0.15272026102491665
262,0.0608,0,2,0,7574,598036,161,107795,5.539627255548557,0.15272069376380465
263,0.0609,0,2,0,7576,598034,161,107795,5.5396087294823815,0.15272112650514502
264,0.061,0,2,0,7578,598032,161,107795,5.539590203416207,0.15272155924893777
265,0.0611,0,6,0,7584,598026,161,107795,5.539534625217681,0.15272285749503062
266,0.0613,0,3,0,7587,598023,161,107795,5.539506836118418,0.15272350662635412
267,0.0614,1,0,1,7587,598023,162,107794,5.539506836118418,0.15272230620684965
268,0.0616,0,2,0,7589,598021,162,107794,5.539488310052244,0.15272273896134256
269,0.0617,0,2,0,7591,598019,162,107794,5.5394697839860685,0.15272317171828798
270,0.0622,0,1,0,7592,598018,162,107794,5.539460520952981,0.1527233880976804
271,0.0623,0,5,0,7597,598013,162,107794,5.539414205787543,0.15272447000383957
272,0.0624,0,5,0,7602,598008,162,107794,5.539367890622105,0.1527255519253275
273,0.0625,2,4,2,7606,598004,164,107792,5.5393308384897555,0.15272401657136056
274,0.0627,0,1,0,7607,598003,164,107792,5.539321575456667,0.15272423295716178
275,0.0628,0,3,0,7610,598000,164,107792,5.539293786357405,0.15272488211824448
276,0.0629,0,3,0,7613,597997,164,107792,5.539265997258142,0.15272553128484576
277,0.063,0,3,0,7616,597994,164,107792,5.53923820815888,0.1527261804569657
278,0.0631,0,1,0,7617,597993,164,107792,5.539228945125792,0.15272639684889874
279,0.0632,0,14,0,7631,597979,164,107792,5.539099262662567,0.15272942640034798
280,0.0633,0,4,0,7635,597975,164,107792,5.539062210530216,0.1527302920085524
281,0.0634,0,2,0,7637,597973,164,107792,5.5390436844640405,0.15273072481633404
282,0.0635,0,3,0,7640,597970,164,107792,5.539015895364778,0.1527313740326059
283,0.0636,1,0,1,7640,597970,165,107791,5.539015895364778,0.1527301735289992
284,0.0637,0,4,0,7644,597966,165,107791,5.538978843232428,0.15273103915370304
285,0.0638,1,4,1,7648,597962,166,107790,5.538941791100078,0.1527307042700552
286,0.0639,1,11,1,7659,597951,167,107789,5.538839897736115,0.15273188426332643
287,0.064,0,1,0,7660,597950,167,107789,5.538830634703027,0.15273210067744591
288,0.0641,0,2,0,7662,597948,167,107789,5.5388121086368525,0.15273253350752475
289,0.0642,0,3,0,7665,597945,167,107789,5.538784319537589,0.15273318275724282
290,0.0643,2,25,2,7690,597920,169,107787,5.538552743710401,0.1527361922157496
291,0.0644,0,6,0,7696,597914,169,107787,5.538497165511875,0.15273749080701318
292,0.0645,0,1,0,7697,597913,169,107787,5.538487902478788,0.15273770724103727
293,0.0646,0,7,0,7704,597906,169,107787,5.538423061247175,0.152739222296381
294,0.0647,1,7,1,7711,597899,170,107786,5.538358220015562,0.15273953676215307
295,0.0648,0,8,0,7719,597891,170,107786,5.538284115750861,0.15274126831397367
296,0.0649,0,3,0,7722,597888,170,107786,5.538256326651599,0.15274191765602813
297,0.065,2,15,2,7737,597873,172,107784,5.538117381155286,0.15274276312712834
298,0.0651,0,1,0,7738,597872,172,107784,5.538108118122198,0.15274297958211933
299,0.0652,0,2,0,7740,597870,172,107784,5.538089592056023,0.1527434124939418
300,0.0653,1,14,1,7754,597856,173,107783,5.537959909592797,0.15274524225560096
301,0.0654,0,2,0,7756,597854,173,107783,5.537941383526622,0.15274567518426613
302,0.0655,0,4,0,7760,597850,173,107783,5.537904331394272,0.15274654104895888
303,0.0657,1,8,1,7768,597842,174,107782,5.537830227129572,0.15274707209505345
304,0.0658,0,13,0,7781,597829,174,107782,5.537709807699433,0.15274988626877983
305,0.0659,1,41,1,7822,597788,175,107781,5.537330023342843,0.15275756162756585
306,0.066,0,8,0,7830,597780,175,107781,5.5372559190781425,0.15275929366844257
307,0.0661,0,3,0,7833,597777,175,107781,5.53722812997888,0.1527599431938976
308,0.0662,1,4,1,7837,597773,176,107780,5.53719107784653,0.1527596084206289
309,0.0663,0,1,0,7838,597772,176,107780,5.537181814813443,0.15275982493140122
310,0.0664,0,23,0,7861,597749,176,107780,5.536968765052428,0.15276480484856045
311,0.0665,2,41,2,7902,597708,178,107778,5.536588980695839,0.15277128107432322
312,0.0666,1,19,1,7921,597689,179,107777,5.5364129830671756,0.15277419464580858
313,0.0667,0,3,0,7924,597686,179,107777,5.536385193967913,0.15277484432209767
314,0.0668,0,7,0,7931,597679,179,107777,5.5363203527363,0.1527763602549273
315,0.0669,2,12,2,7943,597667,181,107775,5.536209196339249,0.15277655710887642
316,0.067,2,40,2,7983,597627,183,107773,5.535838675015747,0.15278281825914375
317,0.0671,0,7,0,7990,597620,183,107773,5.535773833784134,0.15278433440649397
318,0.0672,0,1,0,7991,597619,183,107773,5.535764570751047,0.152784551001429
319,0.0673,0,5,0,7996,597614,183,107773,5.535718255585609,0.15278563398531586
320,0.0674,2,113,2,8109,597501,185,107771,5.5346715328467155,0.15280771106750304
321,0.0675,1,4,1,8113,597497,186,107770,5.534634480714365,0.15280737649712803
322,0.0676,0,1,0,8114,597496,186,107770,5.534625217681278,0.15280759316343054
323,0.0677,0,26,0,8140,597470,186,107770,5.534384378821001,0.15281322670296638
324,0.0678,1,7,1,8147,597463,187,107769,5.534319537589388,0.15281354221022303
325,0.0679,2,48,2,8195,597415,189,107767,5.533874912001186,0.15282154110570037
326,0.068,0,1,0,8196,597414,189,107767,5.533865648968098,0.15282175781820553
327,0.0681,1,8,1,8204,597406,190,107766,5.533791544703398,0.15282229016466906
328,0.0684,1,9,1,8213,597397,191,107765,5.53370817740561,0.15282303924488275
329,0.0685,13,254,13,8467,597143,204,107752,5.531355367001371,0.15286248306485364
330,0.0686,2,9,2,8476,597134,206,107750,5.531271999703583,0.15286203119945976
331,0.0687,0,3,0,8479,597131,206,107750,5.531244210604321,0.1528626817860036
332,0.0688,0,5,0,8484,597126,206,107750,5.531197895438883,0.15286376610921637
333,0.0689,1,26,1,8510,597100,207,107749,5.530957056578606,0.1528682029768078
334,0.0692,4,111,4,8621,596989,211,107745,5.529928859905888,0.15288747243640863
335,0.0694,0,38,0,8659,596951,211,107745,5.52957686464856,0.15289571673459193
336,0.0696,0,6,0,8665,596945,211,107745,5.529521286450035,0.1528970185471626
337,0.0697,1,4,1,8669,596941,212,107744,5.529484234317685,0.1528966843341351
338,0.0698,0,1,0,8670,596940,212,107744,5.529474971284597,0.15289690130611736
339,0.07,31,1344,31,10014,595596,243,107713,5.517025454814925,0.15315174411247404
340,0.0704,0,8,0,10022,595588,243,107713,5.516951350550224,0.15315348620292024
341,0.0705,0,7,0,10029,595581,243,107713,5.516886509318612,0.15315501056457187
342,0.0706,0,4,0,10033,595577,243,107713,5.516849457186261,0.1531558816419969
343,0.0707,0,1,0,10034,595576,243,107713,5.516840194153174,0.15315609941290137
344,0.0709,0,3,0,10037,595573,243,107713,5.516812405053911,0.1531567527293306
345,0.0711,0,2,0,10039,595571,243,107713,5.516793878987736,0.15315718827671324
346,0.0712,0,1,0,10040,595570,243,107713,5.5167846159546485,0.15315740605133354
347,0.0713,0,2,0,10042,595568,243,107713,5.516766089888473,0.15315784160243204
348,0.0716,0,2,0,10044,595566,243,107713,5.516747563822298,0.1531582771560078
349,0.0717,0,5,0,10049,595561,243,107713,5.51670124865686,0.15315936605078534
350,0.0718,0,4,0,10053,595557,243,107713,5.51666419652451,0.15316023717775534
351,0.0721,0,5,0,10058,595552,243,107713,5.516617881359072,0.15316132610040312
352,0.0722,0,4,0,10062,595548,243,107713,5.516580829226722,0.15316219724966976
353,0.0723,1,4,1,10066,595544,244,107712,5.5165437770943715,0.15316186424289305
354,0.0724,0,4,0,10070,595540,244,107712,5.516506724962022,0.15316273540636927
355,0.0725,0,2,0,10072,595538,244,107712,5.516488198895846,0.15316317099182367
356,0.0726,0,2,0,10074,595536,244,107712,5.516469672829671,0.15316360657975564
357,0.0727,0,2,0,10076,595534,244,107712,5.5164511467634965,0.15316404217016522
358,0.0728,1,4,1,10080,595530,245,107711,5.516414094631146,0.1531637091694028
359,0.0729,0,5,0,10085,595525,245,107711,5.516367779465709,0.15316479816164133
360,0.073,0,3,0,10088,595522,245,107711,5.516339990366445,0.1531654515644175
361,0.0731,0,13,0,10101,595509,245,107711,5.5162195709363075,0.15316828304086916
362,0.0732,0,18,0,10119,595491,245,107711,5.516052836340731,0.15317220371955712
363,0.0733,0,7,0,10126,595484,245,107711,5.515987995109119,0.15317372848214222
364,0.0734,0,2,0,10128,595482,245,107711,5.515969469042943,0.15317416413417084
365,0.0735,0,10,0,10138,595472,245,107711,5.515876838712068,0.15317634243148653
366,0.0737,1,5,1,10143,595467,246,107710,5.51583052354663,0.153176227322566
367,0.0738,1,5,1,10148,595462,247,107709,5.515784208381192,0.1531761122116811
368,0.0739,0,13,0,10161,595449,247,107709,5.515663788951054,0.1531789441348886
369,0.074,0,8,0,10169,595441,247,107709,5.515589684686354,0.1531806869089099
370,0.0742,1,4,1,10173,595437,248,107708,5.515552632554003,0.15318035398104232
371,0.0743,1,30,1,10203,595407,249,107707,5.5152747415613765,0.1531856853938337
372,0.0744,0,5,0,10208,595402,249,107707,5.5152284263959395,0.15318677473905185
373,0.0745,0,4,0,10212,595398,249,107707,5.515191374263589,0.15318764622638156
374,0.0746,1,4,1,10216,595394,250,107706,5.515154322131239,0.15318731332669605
375,0.0747,1,28,1,10244,595366,251,107705,5.514894957204787,0.1531922096061422
376,0.0748,2,10,2,10254,595356,253,107703,5.5148023268739115,0.15319197962048706
377,0.0749,1,5,1,10259,595351,254,107702,5.5147560117084735,0.15319186462471535
378,0.075,0,35,0,10294,595316,254,107702,5.51443180555041,0.15319949133592597
379,0.0751,1,3,1,10297,595313,255,107701,5.514404016451147,0.15319894056163888
380,0.0753,3,18,3,10315,595295,258,107698,5.5142372818555705,0.15319924949466068
381,0.0754,1,6,1,10321,595289,259,107697,5.514181703657045,0.15319935247643623
382,0.0755,0,10,0,10331,595279,259,107697,5.51408907332617,0.15320153177348872
383,0.0756,1,2,1,10333,595277,260,107696,5.514070547259995,0.15320076304495336
384,0.0757,1,15,1,10348,595262,261,107695,5.513931601763682,0.15320282748446917
385,0.0758,1,23,1,10371,595239,262,107694,5.5137185520026675,0.15320663562530143
386,0.0759,2,44,2,10415,595195,264,107692,5.513310978546816,0.15321381673014298
387,0.076,0,4,0,10419,595191,264,107692,5.513273926414465,0.15321468864661686
388,0.0761,0,1,0,10420,595190,264,107692,5.513264663381378,0.15321490662728596
389,0.0762,1,20,1,10440,595170,265,107691,5.513079402719627,0.15321806160819848
390,0.0763,0,7,0,10447,595163,265,107691,5.5130145614880135,0.15321958756726148
391,0.0764,0,11,0,10458,595152,265,107691,5.51291266812405,0.15322198556434366
392,0.0765,3,63,3,10521,595089,268,107688,5.512329097039535,0.1532321063438331
393,0.0766,1,26,1,10547,595063,269,107687,5.512088258179258,0.15323657061543935
394,0.0768,0,8,0,10555,595055,269,107687,5.512014153914558,0.1532383150573041
395,0.0769,0,13,0,10568,595042,269,107687,5.51189373448442,0.1532411498600456
396,0.077,2,52,2,10620,594990,271,107685,5.5114120567638665,0.15325008005123278
397,0.0771,0,10,0,10630,594980,271,107685,5.511319426432991,0.15325226103477474
398,0.0772,0,2,0,10632,594978,271,107685,5.511300900366816,0.15325269723893245
399,0.0773,1,3,1,10635,594975,272,107684,5.5112731112675535,0.15325214648926436
400,0.0774,1,182,1,10817,594793,273,107683,5.509587239245619,0.15329064622848326
401,0.0775,0,3,0,10820,594790,273,107683,5.509559450146356,0.15329130087562085
402,0.0776,0,2,0,10822,594788,273,107683,5.509540924080181,0.1532917373101523
403,0.0777,1,52,1,10874,594736,274,107682,5.509059246359628,0.15330188007710507
404,0.0778,0,1,0,10875,594735,274,107682,5.50904998332654,0.15330209832620795
405,0.0779,2,48,2,10923,594687,276,107680,5.508605357738338,0.15331016405953013
406,0.078,0,2,0,10925,594685,276,107680,5.5085868316721625,0.15331060061364105
407,0.0781,0,14,0,10939,594671,276,107680,5.508457149208937,0.15331365656203239
408,0.0782,0,6,0,10945,594665,276,107680,5.5084015710104115,0.1533149662914949
409,0.0783,0,2,0,10947,594663,276,107680,5.508383044944236,0.15331540287295523
410,0.0784,0,12,0,10959,594651,276,107680,5.508271888547186,0.15331802241393302
411,0.0785,9,355,9,11314,594296,285,107671,5.504983511801104,0.1533847032695269
412,0.0786,0,9,0,11323,594287,285,107671,5.504900144503316,0.15338666985774077
413,0.0787,0,4,0,11327,594283,285,107671,5.504863092370966,0.15338754391313392
414,0.0788,1,8,1,11335,594275,286,107670,5.504788988106266,0.1533880859611508
415,0.0789,0,17,0,11352,594258,286,107670,5.504631516543777,0.15339180086846513
416,0.079,0,1,0,11353,594257,286,107670,5.504622253510689,0.15339201939802857
417,0.0791,0,7,0,11360,594250,286,107670,5.504557412279077,0.1533935491224071
418,0.0792,3,146,3,11506,594104,289,107667,5.503205009448294,0.15342184273787318
419,0.0793,0,4,0,11510,594100,289,107667,5.503167957315943,0.15342271722665785
420,0.0794,0,45,0,11555,594055,289,107667,5.5027511208270035,0.15343255591245536
421,0.0795,0,1,0,11556,594054,289,107667,5.502741857793916,0.1534327745642499
422,0.0796,1,13,1,11569,594041,290,107666,5.502621438363778,0.1534344106585797
423,0.0797,0,2,0,11571,594039,290,107666,5.502602912297602,0.1534348479774264
424,0.0798,0,1,0,11572,594038,290,107666,5.502593649264515,0.15343506663778458
425,0.0799,0,1,0,11573,594037,290,107666,5.502584386231428,0.153435285298766
426,0.08,33,1456,33,13029,592581,323,107633,5.489097410055948,0.15371443587246184
427,0.0801,0,1,0,13030,592580,323,107633,5.489088147022861,0.1537146553977147
428,0.0802,0,1,0,13031,592579,323,107633,5.489078883989774,0.15371487492359456
429,0.0803,0,1,0,13032,592578,323,107633,5.489069620956686,0.15371509445010148
430,0.0804,0,1,0,13033,592577,323,107633,5.489060357923599,0.1537153139772354
431,0.0806,0,3,0,13036,592574,323,107633,5.489032568824336,0.1537159725623994
432,0.0807,0,7,0,13043,592567,323,107633,5.488967727592723,0.153717509283062
433,0.0808,0,2,0,13045,592565,323,107633,5.488949201526548,0.15371794835175193
434,0.0809,0,1,0,13046,592564,323,107633,5.48893993849346,0.15371816788703752
435,0.081,0,2,0,13048,592562,323,107633,5.488921412427286,0.15371860695948986
436,0.0811,0,9,0,13057,592553,323,107633,5.488838045129497,0.1537205828165659
437,0.0813,0,4,0,13061,592549,323,107633,5.488800992997147,0.15372146099157077
438,0.0814,0,1,0,13062,592548,323,107633,5.48879172996406,0.15372168053688975
439,0.0815,0,3,0,13065,592545,323,107633,5.488763940864796,0.15372233917660938
440,0.0817,0,6,0,13071,592539,323,107633,5.488708362666271,0.15372365647298092
441,0.0818,0,4,0,13075,592535,323,107633,5.488671310533921,0.15372453468310462
442,0.082,0,7,0,13082,592528,323,107633,5.488606469302308,0.15372607157496632
443,0.0821,0,4,0,13086,592524,323,107633,5.488569417169958,0.15372694981268487
444,0.0822,0,2,0,13088,592522,323,107633,5.488550891103783,0.15372738893530719
445,0.0823,1,6,1,13094,592516,324,107632,5.488495312905258,0.15372749761479002
446,0.0824,0,12,0,13106,592504,324,107632,5.488384156508207,0.1537301324314133
447,0.0825,0,6,0,13112,592498,324,107632,5.488328578309682,0.1537314498735949
448,0.0826,0,2,0,13114,592496,324,107632,5.488310052243507,0.15373188902600668
449,0.0827,0,3,0,13117,592493,324,107632,5.488282263144244,0.15373254775932868
450,0.0828,1,8,1,13125,592485,325,107631,5.4882081588795435,0.15373309565843374
451,0.0829,0,9,0,13134,592476,325,107631,5.488124791581756,0.15373507192472008
452,0.083,1,6,1,13140,592470,326,107630,5.4880692133832305,0.15373518068847308
453,0.0831,0,2,0,13142,592468,326,107630,5.488050687317055,0.153735619870361
454,0.0832,0,12,0,13154,592456,326,107630,5.487939530920005,0.15373825501438396
455,0.0833,0,8,0,13162,592448,326,107630,5.487865426655304,0.15374001182725353
456,0.0834,0,4,0,13166,592444,326,107630,5.4878283745229535,0.15374089024874513
457,0.0835,0,12,0,13178,592432,326,107630,5.487717218125903,0.1537435255734492
458,0.0836,0,2,0,13180,592430,326,107630,5.487698692059728,0.15374396480301689
459,0.0837,0,6,0,13186,592424,326,107630,5.4876431138612025,0.15374528250677805
460,0.0838,0,2,0,13188,592422,326,107630,5.487624587795028,0.15374572174638457
461,0.0839,0,14,0,13202,592408,326,107630,5.487494905331802,0.1537487964939046
462,0.084,0,2,0,13204,592406,326,107630,5.487476379265627,0.1537492357535898
463,0.0842,1,25,1,13229,592381,327,107629,5.487244803438438,0.15375351780688848
464,0.0843,1,22,1,13251,592359,328,107628,5.487041016710512,0.15375714120405093
465,0.0844,0,8,0,13259,592351,328,107628,5.486966912445811,0.15375889848124016
466,0.0845,1,3,1,13262,592348,329,107627,5.4869391233465485,0.15375834851244688
467,0.0847,2,23,2,13285,592325,331,107625,5.486726073585535,0.15376098292735196
468,0.0848,0,7,0,13292,592318,331,107625,5.486661232353922,0.1537625206623968
469,0.0849,0,9,0,13301,592309,331,107625,5.486577865056134,0.15376449779550644
470,0.085,1,46,1,13347,592263,332,107624,5.486151765534107,0.15377339484802546
471,0.0851,0,1,0,13348,592262,332,107624,5.486142502501019,0.1537736145600855
472,0.0852,0,4,0,13352,592258,332,107624,5.486105450368669,0.15377449341460417
473,0.0853,0,20,0,13372,592238,332,107624,5.485920189706918,0.15377888783788804
474,0.0854,0,7,0,13379,592231,332,107624,5.4858553484753045,0.1537804259453744
475,0.0855,1,12,1,13391,592219,333,107623,5.485744192078254,0.15378185361838814
476,0.0856,0,5,0,13396,592214,333,107623,5.485697876912816,0.1537829523160393
477,0.0857,0,21,0,13417,592193,333,107623,5.485503353217978,0.15378756701761606
478,0.0858,0,20,0,13437,592173,333,107623,5.485318092556227,0.15379196222899244
479,0.0859,1,62,1,13499,592111,334,107622,5.484743784504798,0.15380437967053148
480,0.086,0,1,0,13500,592110,334,107622,5.484734521471711,0.15380459947522765
481,0.0861,0,4,0,13504,592106,334,107622,5.484697469339361,0.15380547870029498
482,0.0862,1,10,1,13514,592096,335,107621,5.484604839008485,0.15380646747184934
483,0.0863,0,6,0,13520,592090,335,107621,5.48454926080996,0.15380778635751047
484,0.0864,2,15,2,13535,592075,337,107619,5.484410315313646,0.1538086649306697
485,0.0865,2,68,2,13603,592007,339,107617,5.4837804290636925,0.15382119538494962
486,0.0866,1,28,1,13631,591979,340,107616,5.483521064137241,0.1538261422680265
487,0.0867,0,2,0,13633,591977,340,107616,5.483502538071066,0.15382658202697855
488,0.0868,0,17,0,13650,591960,340,107616,5.483345066508577,0.15383032007959108
489,0.0869,1,13,1,13663,591947,341,107615,5.48322464707844,0.15383196914640876
490,0.087,3,66,3,13729,591881,344,107612,5.482613286894661,0.15384285475337137
491,0.0871,0,14,0,13743,591867,344,107612,5.482483604431435,0.15384593390223295
492,0.0872,0,4,0,13747,591863,344,107612,5.482446552299085,0.15384681368168984
493,0.0873,0,10,0,13757,591853,344,107612,5.482353921968209,0.15384901317435468
494,0.0874,5,190,5,13947,591663,349,107607,5.480593945681574,0.15388476554120725
495,0.0875,0,1,0,13948,591662,349,107607,5.4805846826484865,0.15388498560639755
496,0.0876,0,2,0,13950,591660,349,107607,5.480566156582311,0.15388542573866634
497,0.0877,3,59,3,14009,591601,352,107604,5.4800196376301455,0.1538947805007115
498,0.0878,0,3,0,14012,591598,352,107604,5.479991848530883,0.15389544080251485
499,0.0879,1,57,1,14069,591541,353,107603,5.479463855644893,0.15390677743068668
500,0.088,0,2,0,14071,591539,353,107603,5.479445329578717,0.15390721770398574
501,0.0881,0,18,0,14089,591521,353,107603,5.479278594983141,0.1539111802770324
502,0.0883,0,3,0,14092,591518,353,107603,5.479250805883878,0.1539118407257113
503,0.0884,0,15,0,14107,591503,353,107603,5.479111860387565,0.15391514305412912
504,0.0885,12,346,12,14453,591157,365,107591,5.475906850939271,0.1539768271250866
505,0.0886,0,9,0,14462,591148,365,107591,5.475823483641483,0.15397881039987749
506,0.0887,0,1,0,14463,591147,365,107591,5.475814220608396,0.1539790307668969
507,0.0888,1,7,1,14470,591140,366,107590,5.475749379376783,0.1539793625577834
508,0.0889,0,22,0,14492,591118,366,107590,5.4755455926488565,0.1539842108577546
509,0.089,0,2,0,14494,591116,366,107590,5.475527066582682,0.153984651627437
510,0.0891,0,2,0,14496,591114,366,107590,5.475508540516507,0.15398509239964275
511,0.0892,5,137,5,14633,590977,371,107585,5.474239504983512,0.1540092361164793
512,0.0893,0,3,0,14636,590974,371,107585,5.474211715884249,0.1540098975176041
513,0.0894,2,57,2,14693,590917,373,107583,5.473683722998259,0.15402004294917682
514,0.0895,2,2,2,14695,590915,375,107581,5.4736651969320835,0.1540180616639179
515,0.0896,1,11,1,14706,590904,376,107580,5.47356330356812,0.15401927603209237
516,0.0897,0,9,0,14715,590895,376,107580,5.473479936270333,0.15402126060345753
517,0.0898,0,2,0,14717,590893,376,107580,5.473461410204157,0.15402170162626186
518,0.09,30,1506,30,16223,589387,406,107550,5.459511282374301,0.15431810909737895
519,0.0901,1,6,1,16229,589381,407,107549,5.459455704175776,0.15431822421190078
520,0.0902,0,2,0,16231,589379,407,107549,5.4594371781096,0.1543186670646035
521,0.0903,0,3,0,16234,589376,407,107549,5.459409389010338,0.15431933134842343
522,0.0905,0,3,0,16237,589373,407,107549,5.459381599911075,0.15431999563796236
523,0.0906,0,3,0,16240,589370,407,107549,5.4593538108118125,0.15432065993322036
524,0.0907,0,5,0,16245,589365,407,107549,5.4593074956463745,0.15432176710469298
525,0.0908,0,2,0,16247,589363,407,107549,5.459288969580199,0.15432220997773033
526,0.0909,0,3,0,16250,589360,407,107549,5.459261180480937,0.15432287429205246
527,0.0911,0,4,0,16254,589356,407,107549,5.459224128348587,0.15432376005337886
528,0.0912,0,9,0,16263,589347,407,107549,5.459140761050798,0.15432575305354027
529,0.0913,0,6,0,16269,589341,407,107549,5.459085182852273,0.15432708174891302
530,0.0914,0,4,0,16273,589337,407,107549,5.459048130719923,0.15432796755853898
531,0.0915,1,4,1,16277,589333,408,107548,5.459011078587572,0.15432763986964776
532,0.0916,0,6,0,16283,589327,408,107548,5.458955500389047,0.15432896860986547
533,0.0917,0,5,0,16288,589322,408,107548,5.45890918522361,0.15433007591085857
534,0.0918,0,4,0,16292,589318,408,107548,5.458872133091259,0.15433096176309363
535,0.0919,0,3,0,16295,589315,408,107548,5.458844343991997,0.15433162615894372
536,0.092,0,14,0,16309,589301,408,107548,5.458714661528771,0.15433472674854953
537,0.0921,1,1,1,16310,589300,409,107547,5.458705398495684,0.1543337346648547
538,0.0922,0,6,0,16316,589294,409,107547,5.4586498202971585,0.15433506352238172
539,0.0923,1,6,1,16322,589288,410,107546,5.458594242098632,0.15433517882307696
540,0.0924,1,12,1,16334,589276,411,107545,5.458483085701582,0.15433662303518408
541,0.0925,0,12,0,16346,589264,411,107545,5.458371929304532,0.15433928092203172
542,0.0927,0,7,0,16353,589257,411,107545,5.458307088072918,0.15434083139830254
543,0.0928,0,8,0,16361,589249,411,107545,5.458232983808218,0.154342603409329
544,0.0929,0,3,0,16364,589246,411,107545,5.458205194708955,0.15434326792395425
545,0.093,0,4,0,16368,589242,411,107545,5.458168142576605,0.1543441539523556
546,0.0931,2,13,2,16381,589229,413,107543,5.458047723146467,0.15434460627005678
547,0.0932,0,18,0,16399,589211,413,107543,5.457880988550891,0.1543485936212781
548,0.0933,0,3,0,16402,589208,413,107543,5.457853199451629,0.1543492581998447
549,0.0934,1,6,1,16408,589202,414,107542,5.457797621253103,0.1543493736580437
550,0.0935,0,18,0,16426,589184,414,107542,5.457630886657527,0.1543533612926746
551,0.0936,0,2,0,16428,589182,414,107542,5.4576123605913525,0.15435380437590782
552,0.0937,0,11,0,16439,589171,414,107542,5.457510467227389,0.15435624137916187
553,0.0938,1,15,1,16454,589156,415,107541,5.457371521731075,0.1543583509043386
554,0.0939,0,25,0,16479,589131,415,107541,5.4571399459038865,0.15436389003720546
555,0.094,0,8,0,16487,589123,415,107541,5.457065841639186,0.15436566264368476
556,0.0941,0,2,0,16489,589121,415,107541,5.4570473155730115,0.15436610580166565
557,0.0942,0,11,0,16500,589110,415,107541,5.456945422209048,0.15436854321604362
558,0.0943,0,34,0,16534,589076,415,107541,5.456630479084072,0.15437607752897217
559,0.0944,0,6,0,16540,589070,415,107541,5.4565749008855455,0.1543774071899525
560,0.0945,0,4,0,16544,589066,415,107541,5.456537848753196,0.15437829364333117
561,0.0946,0,3,0,16547,589063,415,107541,5.456510059653933,0.154378958490046
562,0.0947,0,23,0,16570,589040,415,107541,5.4562970098929195,0.1543840558384452
563,0.0948,0,8,0,16578,589032,415,107541,5.456222905628219,0.1543858289080972
564,0.0949,0,3,0,16581,589029,415,107541,5.456195116528956,0.1543864938197166
565,0.095,2,37,2,16618,588992,417,107539,5.455852384304717,0.1543922668194237
566,0.0951,0,5,0,16623,588987,417,107539,5.455806069139279,0.15439337512167528
567,0.0952,0,3,0,16626,588984,417,107539,5.4557782800400165,0.15439404011066396
568,0.0953,1,15,1,16641,588969,418,107538,5.455639334543703,0.1543961510796015
569,0.0954,1,3,1,16644,588966,419,107537,5.45561154544444,0.1543956020289934
570,0.0955,0,16,0,16660,588950,419,107537,5.45546333691504,0.15439914887140752
571,0.0956,0,9,0,16669,588941,419,107537,5.455379969617251,0.1544011440418793
572,0.0957,0,21,0,16690,588920,419,107537,5.455185445922413,0.15440579964017878
573,0.0958,2,25,2,16715,588895,421,107535,5.454953870095224,0.15440891403299686
574,0.0959,3,51,3,16766,588844,424,107532,5.454481455407759,0.15441657954897928
575,0.096,0,4,0,16770,588840,424,107532,5.454444403275408,0.1544174665265117
576,0.0961,2,3,2,16773,588837,426,107530,5.454416614176146,0.1544157032139662
577,0.0962,0,17,0,16790,588820,426,107530,5.454259142613657,0.1544194729661808
578,0.0963,0,12,0,16802,588808,426,107530,5.454147986216607,0.15442213407856528
579,0.0964,0,22,0,16824,588786,426,107530,5.453944199488681,0.15442701302282297
580,0.0965,5,71,5,16895,588715,431,107525,5.453286524139465,0.154436688498219
581,0.0966,3,45,3,16940,588670,434,107522,5.452869687650525,0.15444302721088435
582,0.0967,0,15,0,16955,588655,434,107522,5.452730742154211,0.15444635487814162
583,0.0968,0,12,0,16967,588643,434,107522,5.45261958575716,0.1544490171151954
584,0.0969,0,18,0,16985,588625,434,107522,5.452452851161584,0.1544530106428671
585,0.097,0,72,0,17057,588553,434,107522,5.451785912779281,0.1544689868189491
586,0.0971,1,8,1,17065,588545,435,107521,5.45171180851458,0.15446954742797378
587,0.0972,0,6,0,17071,588539,435,107521,5.451656230316055,0.1544708789472172
588,0.0973,0,7,0,17078,588532,435,107521,5.451591389084442,0.1544724324153477
589,0.0974,3,207,3,17285,588325,438,107518,5.449673941235318,0.15451473967547277
590,0.0975,0,3,0,17288,588322,438,107518,5.449646152136055,0.1545154058404231
591,0.0976,0,2,0,17290,588320,438,107518,5.44962762606988,0.15451584995358114
592,0.0977,3,69,3,17359,588251,441,107515,5.448988476786839,0.15452752793324193
593,0.0978,0,2,0,17361,588249,441,107515,5.448969950720664,0.15452797212848035
594,0.0979,2,69,2,17430,588180,443,107513,5.448330801437622,0.15454086788281612
595,0.098,0,2,0,17432,588178,443,107513,5.448312275371448,0.1545413121630149
596,0.0981,1,21,1,17453,588157,444,107512,5.448117751676609,0.15454476194857036
597,0.0982,2,1,2,17454,588156,446,107510,5.448108488643522,0.15454255346674986
598,0.0983,0,2,0,17456,588154,446,107510,5.448089962577346,0.15454299776903793
599,0.0984,1,20,1,17476,588134,447,107509,5.447904701915595,0.15454622557834982
600,0.0985,14,439,14,17915,587695,461,107495,5.443838230390159,0.1546267926753837
601,0.0986,0,6,0,17921,587689,461,107495,5.443782652191634,0.15462812722962554
602,0.0987,0,1,0,17922,587688,461,107495,5.4437733891585465,0.1546283496575722
603,0.0988,1,8,1,17930,587680,462,107494,5.443699284893846,0.15462891304910714
604,0.0989,3,47,3,17977,587633,465,107491,5.443263922338731,0.15463571967015957
605,0.099,0,1,0,17978,587632,465,107491,5.4432546593056435,0.15463594212822768
606,0.0991,0,1,0,17979,587631,465,107491,5.443245396272555,0.15463616458693583
607,0.0992,7,178,7,18157,587453,472,107484,5.441596576382971,0.15466725760752414
608,0.0993,0,5,0,18162,587448,472,107484,5.441550261217533,0.15466837043048817
609,0.0994,0,67,0,18229,587381,472,107484,5.440929638000667,0.1546832838033287
610,0.0995,0,9,0,18238,587372,472,107484,5.440846270702879,0.1546852873113278
611,0.0996,2,31,2,18269,587341,474,107482,5.440559116677165,0.15468975552047068
612,0.0997,0,10,0,18279,587331,474,107482,5.440466486346289,0.15469198187138122
613,0.0998,0,3,0,18282,587328,474,107482,5.440438697247027,0.15469264978915098
614,0.0999,1,4,1,18286,587324,475,107481,5.440401645114676,0.15469232374551134
615,0.1,47,1840,47,20126,585484,522,107434,5.423357664233577,0.15504576299071463
616,0.1001,0,3,0,20129,585481,522,107434,5.423329875134314,0.15504643426682926
617,0.1002,0,5,0,20134,585476,522,107434,5.423283559968876,0.1550475530732707
618,0.1003,0,5,0,20139,585471,522,107434,5.423237244803438,0.15504867189585875
619,0.1004,0,2,0,20141,585469,522,107434,5.423218718737263,0.15504911942941507
620,0.1007,0,1,0,20142,585468,522,107434,5.423209455704176,0.15504934319716207
621,0.1008,0,1,0,20143,585467,522,107434,5.423200192671088,0.15504956696555497
622,0.1009,0,9,0,20152,585458,522,107434,5.423116825373301,0.15505158091015628
623,0.101,0,2,0,20154,585456,522,107434,5.423098299307125,0.155052028460506
624,0.1011,0,2,0,20156,585454,522,107434,5.42307977324095,0.1550524760134394
625,0.1013,0,10,0,20166,585444,522,107434,5.422987142910075,0.15505471381686242
626,0.1014,0,2,0,20168,585442,522,107434,5.4229686168438995,0.15505516138529837
627,0.1015,0,4,0,20172,585438,522,107434,5.422931564711549,0.15505605652992183
628,0.1016,0,9,0,20181,585429,522,107434,5.422848197413761,0.15505807064311414
629,0.1017,1,7,1,20188,585422,523,107433,5.422783356182149,0.15505841770644652
630,0.1018,0,7,0,20195,585415,523,107433,5.422718514950535,0.1550599842967
631,0.1019,0,2,0,20197,585413,523,107433,5.42269998888436,0.1550604318997295
632,0.102,0,5,0,20202,585408,523,107433,5.422653673718923,0.15506155091860904
633,0.1021,2,5,2,20207,585403,525,107431,5.422607358553485,0.1550602308778149
634,0.1022,1,6,1,20213,585397,526,107430,5.42255178035496,0.15506035417210934
635,0.1023,1,10,1,20223,585387,527,107429,5.422459150024084,0.15506137271656545
636,0.1024,0,14,0,20237,585373,527,107429,5.422329467560858,0.15506450616482054
637,0.1025,1,0,1,20237,585373,528,107428,5.422329467560858,0.15506328657146856
638,0.1026,0,3,0,20240,585370,528,107428,5.422301678461595,0.15506395803683037
639,0.1027,0,11,0,20251,585359,528,107428,5.422199785097632,0.15506642012624372
640,0.1028,0,15,0,20266,585344,528,107428,5.422060839601319,0.15506977764690258
641,0.1029,0,6,0,20272,585338,528,107428,5.422005261402794,0.1550711206958771
642,0.103,0,11,0,20283,585327,528,107428,5.421903368038831,0.15507358301275342
643,0.1031,1,8,1,20291,585319,529,107427,5.42182926377413,0.1550741541632864
644,0.1032,0,16,0,20307,585303,529,107427,5.421681055244729,0.15507773591442553
645,0.1033,0,7,0,20314,585296,529,107427,5.421616214013117,0.15507930298257744
646,0.1034,0,7,0,20321,585289,529,107427,5.4215513727815035,0.1550808700824003
647,0.1035,1,23,1,20344,585266,530,107426,5.42133832302049,0.1550847995934701
648,0.1036,0,1,0,20345,585265,530,107426,5.421329059987403,0.1550850234808883
649,0.1037,0,4,0,20349,585261,530,107426,5.421292007855052,0.15508591903702537
650,0.1038,0,4,0,20353,585257,530,107426,5.421254955722702,0.1550868146035055
651,0.1039,2,24,2,20377,585233,532,107424,5.4210326429286,0.15508974860573127
652,0.104,1,8,1,20385,585225,533,107423,5.4209585386639,0.1550903200471235
653,0.1041,0,3,0,20388,585222,533,107423,5.420930749564637,0.15509099177789487
654,0.1042,2,20,2,20408,585202,535,107421,5.420745488902886,0.15509303040759548
655,0.1043,0,34,0,20442,585168,535,107421,5.42043054577791,0.15510064410494537
656,0.1044,0,11,0,20453,585157,535,107421,5.4203286524139465,0.1551031075200194
657,0.1045,0,4,0,20457,585153,535,107421,5.420291600281597,0.1551040033267203
658,0.1046,0,3,0,20460,585150,535,107421,5.420263811182333,0.15510467518853663
659,0.1047,2,22,2,20482,585128,537,107419,5.420060024454408,0.15510716240197417
660,0.1048,0,16,0,20498,585112,537,107419,5.419911815925007,0.15511074594494687
661,0.1049,0,12,0,20510,585100,537,107419,5.419800659527956,0.15511343371084405
662,0.105,2,59,2,20569,585041,539,107417,5.419254140575791,0.15512420969936083
663,0.1051,1,3,1,20572,585038,540,107416,5.419226351476527,0.15512366164395036
664,0.1052,0,1,0,20573,585037,540,107416,5.41921708844344,0.1551238856644422
665,0.1053,3,36,3,20609,585001,543,107413,5.418883619252288,0.15512829030031167
666,0.1054,0,12,0,20621,584989,543,107413,5.418772462855237,0.15513097882444013
667,0.1055,0,28,0,20649,584961,543,107413,5.418513097928786,0.15513725240982476
668,0.1056,2,7,2,20656,584954,545,107411,5.418448256697173,0.1551363803774021
669,0.1057,1,21,1,20677,584933,546,107410,5.418253733002334,0.1551398656446299
670,0.1058,0,29,0,20706,584904,546,107410,5.417985105042796,0.15514636422201486
671,0.1059,6,113,6,20819,584791,552,107404,5.4169383823039015,0.15516436842219317
672,0.106,0,15,0,20834,584776,552,107404,5.4167994368075885,0.1551677309370395
673,0.1061,0,8,0,20842,584768,552,107404,5.416725332542888,0.15516952433788134
674,0.1062,1,19,1,20861,584749,553,107403,5.416549334914224,0.15517256325200246
675,0.1063,0,8,0,20869,584741,553,107403,5.416475230649524,0.15517435678124783
676,0.1064,2,28,2,20897,584713,555,107401,5.416215865723072,0.15517819318782744
677,0.1065,2,64,2,20961,584649,557,107399,5.4156230316054685,0.15519010242064135
678,0.1066,3,39,3,21000,584610,560,107396,5.415261773315054,0.15519518616890604
679,0.1067,0,9,0,21009,584601,560,107396,5.415178406017266,0.15519720461215872
680,0.1068,0,10,0,21019,584591,560,107396,5.415085775686391,0.1551994473884625
681,0.1069,2,16,2,21035,584575,562,107394,5.41493756715699,0.15520059424627403
682,0.107,4,96,4,21131,584479,566,107390,5.414048315980585,0.15521724488306313
683,0.1071,0,10,0,21141,584469,566,107390,5.413955685649709,0.15521948836395855
684,0.1072,0,3,0,21144,584466,566,107390,5.4139278965504465,0.15522016142087372
685,0.1073,0,4,0,21148,584462,566,107390,5.413890844418097,0.1552210588391737
686,0.1074,12,252,12,21400,584210,578,107378,5.411556560080032,0.1552629600282249
687,0.1075,0,1,0,21401,584209,578,107378,5.411547297046945,0.15526318453065197
688,0.1076,0,3,0,21404,584206,578,107378,5.411519507947682,0.1552638580418286
689,0.1077,2,71,2,21475,584135,580,107376,5.410861832598466,0.15527735639780132
690,0.1078,0,3,0,21478,584132,580,107376,5.410834043499204,0.15527803004448248
691,0.1079,3,61,3,21539,584071,583,107373,5.410268998480863,0.15528806382006352
692,0.108,0,2,0,21541,584069,583,107373,5.410250472414687,0.15528851299168983
693,0.1081,3,42,3,21583,584027,586,107370,5.40986142502501,0.15529428099919437
694,0.1082,0,11,0,21594,584016,586,107370,5.409759531661047,0.1552967517421527
695,0.1083,0,6,0,21600,584010,586,107370,5.409703953462522,0.1552980994532674
696,0.1084,0,22,0,21622,583988,586,107370,5.409500166734595,0.1553030412608229
697,0.1085,11,484,11,22106,583504,597,107359,5.405016858720219,0.15539839302437675
698,0.1086,0,16,0,22122,583488,597,107359,5.404868650190818,0.1554019920474432
699,0.1087,0,2,0,22124,583486,597,107359,5.404850124124644,0.1554024419370481
700,0.1088,4,8,4,22132,583478,601,107355,5.404776019859943,0.1553993512180223
701,0.1089,0,50,0,22182,583428,601,107355,5.404312868205565,0.15541059927647322
702,0.109,0,1,0,22183,583427,601,107355,5.404303605172478,0.15541082425425098
703,0.1091,0,2,0,22185,583425,601,107355,5.404285079106303,0.15541127421176062
704,0.1092,7,212,7,22397,583213,608,107348,5.402321316091741,0.15545042364106865
705,0.1093,2,11,2,22408,583202,610,107346,5.402219422727778,0.15545045384245557
706,0.1094,2,64,2,22472,583138,612,107344,5.401626588610174,0.15546241610932654
707,0.1095,0,5,0,22477,583133,612,107344,5.401580273444737,0.1554635418703302
708,0.1096,2,24,2,22501,583109,614,107342,5.4013579606506354,0.15546649943297933
709,0.1097,0,19,0,22520,583090,614,107342,5.401181963021972,0.15547077771598072
710,0.1098,0,3,0,22523,583087,614,107342,5.401154173922709,0.15547145325587425
711,0.1099,0,3,0,22526,583084,614,107342,5.4011263848234465,0.1554721288016384
712,0.11,74,1966,74,24492,581118,688,107268,5.382915261773315,0.1558253654199824
713,0.1101,0,1,0,24493,581117,688,107268,5.3829059987402275,0.15582559178366756
714,0.1102,0,13,0,24506,581104,688,107268,5.382785579310089,0.1558285345714236
715,0.1103,0,6,0,24512,581098,688,107268,5.382730001111564,0.1558298928186459
716,0.1104,0,3,0,24515,581095,688,107268,5.382702212012301,0.15583057195113625
717,0.1105,0,8,0,24523,581087,688,107268,5.382628107747601,0.15583238300005084
718,0.1106,0,5,0,24528,581082,688,107268,5.3825817925821635,0.15583351492699934
719,0.1107,1,7,1,24535,581075,689,107267,5.38251695135055,0.15583387327810885
720,0.1108,0,3,0,24538,581072,689,107267,5.382489162251288,0.1558345524516263
721,0.1109,0,10,0,24548,581062,689,107267,5.382396531920412,0.15583681640610814
722,0.111,0,4,0,24552,581058,689,107267,5.382359479788062,0.15583772200631968
723,0.1111,0,6,0,24558,581052,689,107267,5.382303901589537,0.15583908042637207
724,0.1112,1,7,1,24565,581045,690,107266,5.382239060357923,0.15583943885830678
725,0.1113,0,10,0,24575,581035,690,107266,5.382146430027048,0.1558417029758783
726,0.1114,0,3,0,24578,581032,690,107266,5.382118640927786,0.15584238222397856
727,0.1115,0,5,0,24583,581027,690,107266,5.382072325762348,0.1558435143173038
728,0.1116,0,10,0,24593,581017,690,107266,5.381979695431472,0.15584577855329856
729,0.1117,0,7,0,24600,581010,690,107266,5.381914854199859,0.15584736355764256
730,0.1118,0,10,0,24610,581000,690,107266,5.3818222238689835,0.15584962790549003
731,0.1119,0,5,0,24615,580995,690,107266,5.3817759087035455,0.1558507601040884
732,0.112,0,6,0,24621,580989,690,107266,5.38172033050502,0.15585211876412086
733,0.1121,0,10,0,24631,580979,690,107266,5.381627700174145,0.15585438325015075
734,0.1122,0,9,0,24640,580970,690,107266,5.3815443328763575,0.15585642134384137
735,0.1123,0,11,0,24651,580959,690,107266,5.381442439512394,0.1558589124196302
736,0.1124,1,25,1,24676,580934,691,107265,5.381210863685205,0.15586334766542817
737,0.1125,0,3,0,24679,580931,691,107265,5.381183074585943,0.1558640271085563
738,0.1126,0,4,0,24683,580927,691,107265,5.381146022453592,0.1558649330419418
739,0.1127,0,7,0,24690,580920,691,107265,5.38108118122198,0.1558665184507073
740,0.1128,2,14,2,24704,580906,693,107263,5.380951498758754,0.15586723610043463
741,0.1129,0,1,0,24705,580905,693,107263,5.380942235725666,0.15586746259634277
742,0.113,2,10,2,24715,580895,695,107261,5.380849605394791,0.15586727428083166
743,0.1131,0,9,0,24724,580886,695,107261,5.380766238097002,0.15586931280671135
744,0.1132,0,34,0,24758,580852,695,107261,5.380451294972025,0.15587701438571863
745,0.1133,0,6,0,24764,580846,695,107261,5.3803957167735,0.15587837356690165
746,0.1134,0,6,0,24770,580840,695,107261,5.380340138574975,0.15587973277178785
747,0.1135,2,22,2,24792,580818,697,107259,5.380136351847049,0.15588226317694096
748,0.1136,0,2,0,24794,580816,697,107259,5.380117825780873,0.15588271627366204
749,0.1137,1,3,1,24797,580813,698,107258,5.380090036681611,0.15588216913661526
750,0.1138,0,7,0,24804,580806,698,107258,5.380025195449998,0.15588375499953494
751,0.1139,0,26,0,24830,580780,698,107258,5.379784356589722,0.15588964563003788
752,0.114,0,4,0,24834,580776,698,107258,5.379747304457371,0.15589055192039927
753,0.1141,0,4,0,24838,580772,698,107258,5.3797102523250215,0.1558914582212985
754,0.1142,0,15,0,24853,580757,698,107258,5.379571306828708,0.15589485694352595
755,0.1143,2,41,2,24894,580716,700,107256,5.3791915224721185,0.15590169367357973
756,0.1144,0,11,0,24905,580705,700,107256,5.379089629108155,0.1559041864291726
757,0.1145,0,6,0,24911,580699,700,107256,5.37903405090963,0.15590554614764046
758,0.1146,0,11,0,24922,580688,700,107256,5.378932157545667,0.15590803902643238
759,0.1147,0,34,0,24956,580654,700,107256,5.37861721442069,0.15591574479219666
760,0.1148,0,6,0,24962,580648,700,107256,5.378561636222164,0.15591710471228543
761,0.1149,0,12,0,24974,580636,700,107256,5.378450479825114,0.15591982462363277
762,0.115,2,64,2,25038,580572,702,107254,5.37785764570751,0.15593187812033857
763,0.1151,0,3,0,25041,580569,702,107254,5.377829856608248,0.15593255823082391
764,0.1152,0,5,0,25046,580564,702,107254,5.37778354144281,0.15593369176148342
765,0.1153,1,36,1,25082,580528,703,107253,5.3774500722516585,0.1559406264494076
766,0.1154,2,11,2,25093,580517,705,107251,5.377348178887695,0.1559406660385479
767,0.1155,1,26,1,25119,580491,706,107250,5.377107340027418,0.1559453340719835
768,0.1156,0,6,0,25125,580485,706,107250,5.377051761828893,0.1559466945843966
769,0.1157,0,16,0,25141,580469,706,107250,5.376903553299492,0.15595032273355833
770,0.1158,1,33,1,25174,580436,707,107249,5.376597873207603,0.15595657895693524
771,0.1159,4,91,4,25265,580345,711,107245,5.3757549371966356,0.15597230907953868
772,0.116,2,22,2,25287,580323,713,107243,5.375551150468709,0.15597484459673688
773,0.1161,0,8,0,25295,580315,713,107243,5.375477046204009,0.15597665942364136
774,0.1162,0,30,0,25325,580285,713,107243,5.375199155211383,0.15598346540068186
775,0.1163,0,12,0,25337,580273,713,107243,5.375087998814331,0.15598618795780753
776,0.1164,0,29,0,25366,580244,713,107243,5.374819370854793,0.15599276786324687
777,0.1165,10,108,10,25474,580136,723,107233,5.3738189632813365,0.15600499877067484
778,0.1166,2,60,2,25534,580076,725,107231,5.373263181296084,0.15601616162791881
779,0.1167,1,6,1,25540,580070,726,107230,5.373207603097558,0.15601629564964353
780,0.1168,0,13,0,25553,580057,726,107230,5.37308718366742,0.1560192466902473
781,0.1169,0,27,0,25580,580030,726,107230,5.3728370817740565,0.15602537613130402
782,0.117,1,107,1,25687,579923,727,107229,5.3718459372336875,0.15604844343027452
783,0.1171,0,22,0,25709,579901,727,107229,5.371642150505761,0.15605343966934931
784,0.1172,0,8,0,25717,579893,727,107229,5.3715680462410615,0.1560552565628811
785,0.1173,0,12,0,25729,579881,727,107229,5.37145688984401,0.15605798198250645
786,0.1174,9,255,9,25984,579626,736,107220,5.369094816406684,0.15610486193411624
787,0.1175,0,5,0,25989,579621,736,107220,5.369048501241246,0.15610599833149158
788,0.1176,0,4,0,25993,579617,736,107220,5.369011449108896,0.1561069074613045
789,0.1177,2,82,2,26075,579535,738,107218,5.368251880395717,0.15612308937856842
790,0.1178,0,3,0,26078,579532,738,107218,5.3682240912964545,0.1561237713869676
791,0.1179,1,76,1,26154,579456,739,107217,5.3675201007818,0.15613982201135038
792,0.118,0,4,0,26158,579452,739,107217,5.36748304864945,0.15614073156062092
793,0.1181,0,27,0,26185,579425,739,107217,5.3672329467560855,0.15614687129537663
794,0.1183,0,4,0,26189,579421,739,107217,5.367195894623736,0.15614778092677656
795,0.1184,1,23,1,26212,579398,740,107216,5.366982844862722,0.15615178251535797
796,0.1185,25,531,25,26743,578867,765,107191,5.362064174293231,0.15624189208492575
797,0.1186,0,19,0,26762,578848,765,107191,5.361888176664567,0.15624621923826487
798,0.1188,0,11,0,26773,578837,765,107191,5.361786283300604,0.15624872454185543
799,0.1189,5,50,5,26823,578787,770,107186,5.361323131646226,0.15625396334841168
800,0.119,0,6,0,26829,578781,770,107186,5.361267553447701,0.15625533006689826
801,0.1191,0,7,0,26836,578774,770,107186,5.361202712216088,0.15625692460201762
802,0.1192,7,210,7,27046,578564,777,107179,5.359257475267702,0.15629616343148964
803,0.1193,0,11,0,27057,578553,777,107179,5.359155581903739,0.15629867061767572
804,0.1194,7,86,7,27143,578467,784,107172,5.358358961058209,0.15630966149825198
805,0.1195,0,2,0,27145,578465,784,107172,5.358340434992034,0.15631011745282125
806,0.1196,0,30,0,27175,578435,784,107172,5.358062543999407,0.15631695709057813
807,0.1197,1,10,1,27185,578425,785,107171,5.357969913668532,0.15631800652279185
808,0.1198,0,4,0,27189,578421,785,107171,5.357932861536181,0.15631891854047306
809,0.1199,0,2,0,27191,578419,785,107171,5.3579143354700065,0.15631937455330444
810,0.12,65,2119,65,29310,576300,850,107106,5.338285968357479,0.15672382156434098
811,0.1201,0,3,0,29313,576297,850,107106,5.338258179258216,0.15672450955000197
812,0.1202,0,8,0,29321,576289,850,107106,5.338184074993515,0.15672634420796172
813,0.1203,1,1,1,29322,576288,851,107105,5.338174811960428,0.156725339592299
814,0.1205,0,7,0,29329,576281,851,107105,5.338109970728816,0.15672694494765768
815,0.1206,0,5,0,29334,576276,851,107105,5.338063655563378,0.15672809165019222
816,0.1207,0,6,0,29340,576270,851,107105,5.338008077364853,0.1567294677153832
817,0.1208,0,5,0,29345,576265,851,107105,5.337961762199415,0.15673061445483413
818,0.1209,1,8,1,29353,576257,852,107104,5.337887657934714,0.1567312152727475
819,0.121,2,5,2,29358,576252,854,107102,5.337841342769276,0.15672989402271736
820,0.1211,0,6,0,29364,576246,854,107102,5.337785764570751,0.15673127015810392
821,0.1212,0,1,0,29365,576245,854,107102,5.337776501537664,0.15673149951635112
822,0.1213,2,8,2,29373,576237,856,107100,5.337702397272963,0.15673086632218072
823,0.1214,0,3,0,29376,576234,856,107100,5.3376746081737005,0.1567315544082396
824,0.1215,0,3,0,29379,576231,856,107100,5.337646819074438,0.15673224250034024
825,0.1216,0,11,0,29390,576220,856,107100,5.337544925710475,0.1567347655564011
826,0.1217,0,19,0,29409,576201,856,107100,5.337368928081811,0.15673912375366053
827,0.1218,1,25,1,29434,576176,857,107099,5.337137352254622,0.15674362445574622
828,0.1219,0,7,0,29441,576169,857,107099,5.33707251102301,0.15674523027567513
829,0.122,0,6,0,29447,576163,857,107099,5.337016932824484,0.1567466067189453
830,0.1221,0,4,0,29451,576159,857,107099,5.336979880692134,0.15674752436122227
831,0.1222,0,6,0,29457,576153,857,107099,5.336924302493609,0.1567489008447835
832,0.1223,0,2,0,29459,576151,857,107099,5.336905776427433,0.15674935967800951
833,0.1224,5,29,5,29488,576122,862,107094,5.3366371484678945,0.15674984192407673
834,0.1225,0,2,0,29490,576120,862,107094,5.336618622401719,0.15675030078423452
835,0.1226,0,7,0,29497,576113,862,107094,5.336553781170107,0.15675190681594303
836,0.1227,3,20,3,29517,576093,865,107091,5.336368520508355,0.15675279280545212
837,0.1228,0,19,0,29536,576074,865,107091,5.336192522879692,0.1567571523716818
838,0.1229,0,11,0,29547,576063,865,107091,5.336090629515729,0.156759676441915
839,0.123,0,11,0,29558,576052,865,107091,5.335988736151766,0.1567622005934336
840,0.1231,0,4,0,29562,576048,865,107091,5.335951684019415,0.15676311848686725
841,0.1232,1,20,1,29582,576028,866,107090,5.335766423357664,0.15676647372781863
842,0.1233,0,3,0,29585,576025,866,107090,5.3357386342584014,0.15676716219084635
843,0.1234,0,8,0,29593,576017,866,107090,5.335664529993701,0.15676899812181694
844,0.1235,1,27,1,29620,575990,867,107089,5.3354144281003375,0.15677396025935506
845,0.1236,1,6,1,29626,575984,868,107088,5.335358849901811,0.15677410287641713
846,0.1237,2,17,2,29643,575967,870,107086,5.335201378339323,0.15677553571977576
847,0.1238,1,5,1,29648,575962,871,107085,5.335155063173886,0.15677544883441402
848,0.1239,2,31,2,29679,575931,873,107083,5.334867909148172,0.15678009528355202
849,0.124,0,10,0,29689,575921,873,107083,5.334775278817296,0.15678239073270434
850,0.1241,0,3,0,29692,575918,873,107083,5.334747489718033,0.15678307938055727
851,0.1242,0,20,0,29712,575898,873,107083,5.334562229056282,0.15678767052084905
852,0.1243,2,31,2,29743,575867,875,107081,5.334275075030568,0.15679231800957028
853,0.1244,1,9,1,29752,575858,876,107080,5.33419170773278,0.1567931495977673
854,0.1245,0,8,0,29760,575850,876,107080,5.33411760346808,0.15679498630899213
855,0.1246,1,12,1,29772,575838,877,107079,5.334006447071029,0.15679650674972215
856,0.1247,1,36,1,29808,575802,878,107078,5.333672977879877,0.15680353795688848
857,0.1248,1,20,1,29828,575782,879,107077,5.333487717218126,0.15680689571346354
858,0.1249,1,15,1,29843,575767,880,107076,5.333348771721813,0.15680910546055243
859,0.125,3,72,3,29915,575695,883,107073,5.3326818333395085,0.1568219365875378
860,0.1251,0,4,0,29919,575691,883,107073,5.332644781207159,0.15682285533507917
861,0.1252,1,11,1,29930,575680,884,107072,5.3325428878431955,0.1568241469816273
862,0.1253,2,35,2,29965,575645,886,107070,5.332218681685131,0.15682971664603823
863,0.1254,0,10,0,29975,575635,886,107070,5.332126051354256,0.15683201382734857
864,0.1255,1,14,1,29989,575621,887,107069,5.33199636889103,0.15683399493181385
865,0.1256,0,5,0,29994,575616,887,107069,5.331950053725592,0.15683514358745249
866,0.1257,0,20,0,30014,575596,887,107069,5.331764793063841,0.15683973837826753
867,0.1258,3,42,3,30056,575554,890,107066,5.331375745674164,0.15684568281034836
868,0.1259,3,121,3,30177,575433,893,107063,5.33025491867057,0.15686978385221306
869,0.126,1,12,1,30189,575421,894,107062,5.330143762273519,0.15687130668456212
870,0.1261,0,7,0,30196,575414,894,107062,5.330078921041906,0.1568729156776209
871,0.1262,3,37,3,30233,575377,897,107059,5.329736188817667,0.15687771454026458
872,0.1263,0,11,0,30244,575366,897,107059,5.329634295453704,0.15688024325017402
873,0.1264,2,48,2,30292,575318,899,107057,5.3291896698655,0.15688880747389633
874,0.1265,6,123,6,30415,575195,905,107051,5.328050316795731,0.15690967774087353
875,0.1266,1,58,1,30473,575137,906,107050,5.327513060876654,0.15692178244381672
876,0.1267,0,6,0,30479,575131,906,107050,5.3274574826781285,0.1569231626210639
877,0.1268,0,15,0,30494,575116,906,107050,5.327318537181815,0.15692661317040135
878,0.1269,0,25,0,30519,575091,906,107050,5.327086961354626,0.1569323644231911
879,0.127,2,128,2,30647,574963,908,107048,5.325901293119419,0.15695934523050215
880,0.1271,2,34,2,30681,574929,910,107046,5.325586349994442,0.15696469811943253
881,0.1273,0,14,0,30695,574915,910,107046,5.325456667531216,0.15696792045292912
882,0.1274,10,269,10,30964,574646,920,107036,5.322964911630664,0.15701749496099354
883,0.1275,0,8,0,30972,574638,920,107036,5.3228908073659635,0.1570193376892767
884,0.1276,1,8,1,30980,574630,921,107035,5.322816703101264,0.15701994381404355
885,0.1277,6,114,6,31094,574516,927,107029,5.3217607173292825,0.15703878687394082
886,0.1278,2,5,2,31099,574511,929,107027,5.3217144021638445,0.15703746526239182
887,0.1279,3,86,3,31185,574425,932,107024,5.320917781318315,0.15705357260778136
888,0.128,0,5,0,31190,574420,932,107024,5.3208714661528775,0.1570547249663949
889,0.1281,1,39,1,31229,574381,933,107023,5.320510207862463,0.15706247688595898
890,0.1282,1,11,1,31240,574370,934,107022,5.3204083144985,0.15706377533049992
891,0.1283,0,2,0,31242,574368,934,107022,5.320389788432324,0.1570642363404218
892,0.1284,0,19,0,31261,574349,934,107022,5.320213790803661,0.15706861606965955
893,0.1285,18,646,18,31907,573703,952,107004,5.3142298714291005,0.1571953865613252
894,0.1286,0,24,0,31931,573679,952,107004,5.314007558635,0.15720092906683433
895,0.1287,2,7,2,31938,573672,954,107002,5.313942717403386,0.15720006934303352
896,0.1288,1,23,1,31961,573649,955,107001,5.313729667642373,0.15720414309850878
897,0.1289,1,52,1,32013,573597,956,107000,5.31324798992182,0.15721491572839727
898,0.129,0,7,0,32020,573590,956,107000,5.313183148690207,0.1572165327142626
899,0.1291,0,5,0,32025,573585,956,107000,5.313136833524769,0.1572176877245311
900,0.1292,4,219,4,32244,573366,960,106996,5.311108229278595,0.15726333922235516
901,0.1293,1,11,1,32255,573355,961,106995,5.311006335914632,0.1572646431983538
902,0.1294,6,74,6,32329,573281,967,106989,5.3103208714661525,0.1572743175503844
903,0.1295,0,4,0,32333,573277,967,106989,5.310283819333803,0.15727524233167614
904,0.1296,1,31,1,32364,573246,968,106988,5.309996665308089,0.1572811708911933
905,0.1297,1,13,1,32377,573233,969,106987,5.30987624587795,0.15728293787304107
906,0.1298,1,4,1,32381,573229,970,106986,5.3098391937456,0.15728262387627442
907,0.1299,0,5,0,32386,573224,970,106986,5.309792878580162,0.15728378000911483
908,0.13,85,2264,85,34650,570960,1055,106901,5.28882137166994,0.1577034229731464
909,0.1301,0,3,0,34653,570957,1055,106901,5.288793582570677,0.15770412092208103
910,0.1302,1,10,1,34663,570947,1056,106900,5.288700952239801,0.1577052048618641
911,0.1303,0,4,0,34667,570943,1056,106900,5.288663900107451,0.15770613549155188
912,0.1304,0,2,0,34669,570941,1056,106900,5.288645374041276,0.15770660081051455
913,0.1305,0,8,0,34677,570933,1056,106900,5.288571269776575,0.1577084621138245
914,0.1306,0,13,0,34690,570920,1056,106900,5.288450850346438,0.15771148682541086
915,0.1307,0,3,0,34693,570917,1056,106900,5.288423061247175,0.15771218485225363
916,0.1308,0,2,0,34695,570915,1056,106900,5.288404535181,0.15771265020691486
917,0.1309,1,10,1,34705,570905,1057,106899,5.288311904850124,0.15771373435388403
918,0.131,0,2,0,34707,570903,1057,106899,5.2882933787839494,0.15771419972204273
919,0.1311,0,7,0,34714,570896,1057,106899,5.288228537552336,0.15771582853222582
920,0.1312,0,11,0,34725,570885,1057,106899,5.288126644188373,0.15771838815905953
921,0.1313,0,17,0,34742,570868,1057,106899,5.287969172625885,0.15772234410940633
922,0.1314,1,10,1,34752,570858,1058,106898,5.287876542295009,0.1577234284904892
923,0.1315,0,6,0,34758,570852,1058,106898,5.2878209640964835,0.15772482478790115
924,0.1316,1,10,1,34768,570842,1059,106897,5.2877283337656085,0.15772590923644647
925,0.1317,0,16,0,34784,570826,1059,106897,5.287580125236207,0.15772963290311823
926,0.1318,0,5,0,34789,570821,1059,106897,5.287533810070769,0.1577307965850103
927,0.1319,2,5,2,34794,570816,1061,106895,5.287487494905331,0.15772947465807696
928,0.132,0,10,0,34804,570806,1061,106895,5.287394864574456,0.15773180207790752
929,0.1321,0,9,0,34813,570797,1061,106895,5.287311497276669,0.1577338968144821
930,0.1322,1,6,1,34819,570791,1062,106894,5.2872559190781425,0.15773405048068057
931,0.1323,1,10,1,34829,570781,1063,106893,5.2871632887472675,0.1577351351829936
932,0.1324,5,29,5,34858,570752,1068,106888,5.286894660787729,0.15773567085768256
933,0.1325,0,3,0,34861,570749,1068,106888,5.286866871688465,0.15773636917700776
934,0.1326,0,2,0,34863,570747,1068,106888,5.286848345622291,0.15773683472665964
935,0.1327,1,10,1,34873,570737,1069,106887,5.286755715291415,0.15773791955420705
936,0.1328,1,14,1,34887,570723,1070,106886,5.286626032828189,0.15773993556756183
937,0.1329,1,14,1,34901,570709,1071,106885,5.286496350364963,0.15774195167017419
938,0.133,0,13,0,34914,570696,1071,106885,5.286375930934826,0.15774497809118024
939,0.1331,0,14,0,34928,570682,1071,106885,5.2862462484716,0.15774823744367716
940,0.1332,0,32,0,34960,570650,1071,106885,5.285949831412798,0.15775568789804217
941,0.1333,1,3,1,34963,570647,1072,106884,5.285922042313535,0.15775514330709592
942,0.1334,1,8,1,34971,570639,1073,106883,5.285847938048835,0.15775576291249582
943,0.1335,2,47,2,35018,570592,1075,106881,5.285412575493719,0.15776422086193842
944,0.1336,1,9,1,35027,570583,1076,106880,5.2853292081959315,0.1577650735169301
945,0.1337,0,9,0,35036,570574,1076,106880,5.285245840898144,0.15776716943143004
946,0.1338,1,19,1,35055,570555,1077,106879,5.28506984326948,0.15777035106002946
947,0.1339,2,37,2,35092,570518,1079,106877,5.284727111045241,0.1577764819639944
948,0.134,0,1,0,35093,570517,1079,106877,5.2847178480121535,0.1577767148808522
949,0.1341,0,4,0,35097,570513,1079,106877,5.284680795879803,0.15777764655516024
950,0.1342,0,24,0,35121,570489,1079,106877,5.284458483085702,0.15778323683208192
951,0.1343,2,46,2,35167,570443,1081,106875,5.284032383563674,0.15779146575168532
952,0.1344,0,14,0,35181,570429,1081,106875,5.283902701100448,0.15779472733071118
953,0.1345,0,14,0,35195,570415,1081,106875,5.2837730186372225,0.1577979890445747
954,0.1346,0,14,0,35209,570401,1081,106875,5.283643336173997,0.15780125089328428
955,0.1347,1,28,1,35237,570373,1082,106874,5.283383971247545,0.157806531442738
956,0.1348,0,14,0,35251,570359,1082,106874,5.2832542887843195,0.15780979367514578
957,0.1349,1,17,1,35268,570342,1083,106873,5.283096817221831,0.1578125115362182
958,0.135,4,78,4,35346,570264,1087,106869,5.282374300641002,0.15782571518446153
959,0.1351,0,6,0,35352,570258,1087,106869,5.282318722442477,0.15782711367291513
960,0.1352,0,2,0,35354,570256,1087,106869,5.282300196376301,0.15782757984124055
961,0.1353,1,45,1,35399,570211,1088,106868,5.281883359887361,0.15783682554029885
962,0.1354,1,6,1,35405,570205,1089,106867,5.281827781688836,0.1578369804097644
963,0.1355,1,36,1,35441,570169,1090,106866,5.281494312497684,0.15784412918091384
964,0.1356,1,4,1,35445,570165,1091,106865,5.281457260365334,0.15784381785149845
965,0.1357,3,26,3,35471,570139,1094,106862,5.281216421505057,0.15784614793774307
966,0.1358,2,43,2,35514,570096,1096,106860,5.280818111082293,0.15785368620707993
967,0.1359,3,136,3,35650,569960,1099,106857,5.279558338582385,0.15788167259392125
968,0.136,2,16,2,35666,569944,1101,106855,5.279410130052985,0.15788291649367095
969,0.1361,0,2,0,35668,569942,1101,106855,5.279391603986809,0.15788338305282085
970,0.1362,1,32,1,35700,569910,1102,106854,5.279095186928008,0.15788960405695338
971,0.1363,0,20,0,35720,569890,1102,106854,5.278909926266256,0.15789427021148322
972,0.1364,2,34,2,35754,569856,1104,106852,5.2785949831412795,0.15789971450019802
973,0.1365,2,124,2,35878,569732,1106,106850,5.277446367038423,0.15792616416044175
974,0.1366,1,57,1,35935,569675,1107,106849,5.276918374152433,0.15793822539924673
975,0.1367,0,9,0,35944,569666,1107,106849,5.276835006854644,0.15794032652638892
976,0.1368,1,26,1,35970,569640,1108,106848,5.276594167994368,0.15794515202043496
977,0.1369,0,23,0,35993,569617,1108,106848,5.276381118233354,0.157950522199966
978,0.137,6,127,6,36120,569490,1114,106842,5.2752047130312345,0.15797271162683416
979,0.1371,1,16,1,36136,569474,1115,106841,5.275056504501834,0.15797520386210567
980,0.1372,0,2,0,36138,569472,1115,106841,5.275037978435659,0.15797567102805948
981,0.1373,0,14,0,36152,569458,1115,106841,5.274908295972433,0.15797894126710227
982,0.1374,17,339,17,36491,569119,1132,106824,5.271768127755752,0.15803699424359746
983,0.1375,0,6,0,36497,569113,1132,106824,5.271712549557227,0.1580383970695494
984,0.1376,0,5,0,36502,569108,1132,106824,5.271666234391789,0.15803956611020042
985,0.1377,5,115,5,36617,568993,1137,106819,5.270600985586721,0.158060229768042
986,0.1378,1,16,1,36633,568977,1138,106818,5.2704527770573195,0.15806272612256675
987,0.1379,0,100,0,36733,568877,1138,106818,5.269526473748564,0.15808611873700412
988,0.138,0,8,0,36741,568869,1138,106818,5.269452369483864,0.15808799044528013
989,0.1381,2,39,2,36780,568830,1140,106816,5.2690911111934495,0.1580946235158648
990,0.1382,0,9,0,36789,568821,1140,106816,5.269007743895661,0.1580967294567941
991,0.1383,0,8,0,36797,568813,1140,106816,5.268933639630961,0.15809860145138827
992,0.1384,1,38,1,36835,568775,1141,106815,5.268581644373634,0.1581062478722302
993,0.1385,22,701,22,37536,568074,1163,106793,5.262088258179258,0.15824303158992808
994,0.1386,0,21,0,37557,568053,1163,106793,5.26189373448442,0.15824795582992268
995,0.1387,0,1,0,37558,568052,1163,106793,5.261884471451332,0.15824819032518578
996,0.1388,1,15,1,37573,568037,1164,106792,5.2617455259550185,0.1582504604870271
997,0.1389,1,67,1,37640,567970,1165,106791,5.261124902738152,0.15826492639616102
998,0.139,2,13,2,37653,567957,1167,106789,5.261004483308015,0.15826548064012236
999,0.1391,0,5,0,37658,567952,1167,106789,5.260958168142577,0.15826665342701865
1000,0.1392,7,308,7,37966,567644,1174,106782,5.25810515395161,0.15833019486200117
1001,0.1393,2,11,2,37977,567633,1176,106780,5.258003260587647,0.1583302812964756
1002,0.1394,1,117,1,38094,567516,1177,106779,5.256919485716403,0.1583565056837141
1003,0.1395,0,4,0,38098,567512,1177,106779,5.256882433584053,0.15835744507935
1004,0.1396,0,39,0,38137,567473,1177,106779,5.2565211752936385,0.15836660477091652
1005,0.1397,0,21,0,38158,567452,1177,106779,5.256326651598799,0.15837153735144185
1006,0.1398,0,3,0,38161,567449,1177,106779,5.256298862499537,0.1583722420308857
1007,0.1399,1,2,1,38163,567447,1178,106778,5.2562803364333615,0.15837146353220363
1008,0.14,71,2456,71,40619,564991,1249,106707,5.233530327170329,0.15886157171824242
1009,0.1401,0,4,0,40623,564987,1249,106707,5.233493275037978,0.15886251775361995
1010,0.1402,0,8,0,40631,564979,1249,106707,5.233419170773278,0.1588644098581778
1011,0.1403,3,7,3,40638,564972,1252,106704,5.233354329541665,0.15886230861308132
1012,0.1404,1,6,1,40644,564966,1253,106703,5.23329875134314,0.15886247541571816
1013,0.1405,1,3,1,40647,564963,1254,106702,5.2332709622438776,0.15886193265988252
1014,0.1406,0,10,0,40657,564953,1254,106702,5.233178331913002,0.15886429789103038
1015,0.1407,0,7,0,40664,564946,1254,106702,5.233113490681388,0.1588659535947401
1016,0.1409,1,12,1,40676,564934,1255,106701,5.233002334284338,0.1588675396606788
1017,0.141,0,4,0,40680,564930,1255,106701,5.232965282151988,0.15886848582033886
1018,0.1411,0,7,0,40687,564923,1255,106701,5.232900440920375,0.15887014162686264
1019,0.1412,0,7,0,40694,564916,1255,106701,5.232835599688762,0.1588717974679021
1020,0.1413,1,13,1,40707,564903,1256,106700,5.232715180258624,0.15887362027864677
1021,0.1414,1,4,1,40711,564899,1257,106699,5.232678128126274,0.1588733140956346
1022,0.1415,0,8,0,40719,564891,1257,106699,5.232604023861573,0.15887520659926443
1023,0.1416,0,8,0,40727,564883,1257,106699,5.232529919596873,0.15887709914798193
1024,0.1417,2,10,2,40737,564873,1259,106697,5.232437289265997,0.15887695995949788
1025,0.1418,1,12,1,40749,564861,1260,106696,5.2323261328689465,0.15887854642271618
1026,0.1419,0,8,0,40757,564853,1260,106696,5.232252028604246,0.15888043910422026
1027,0.142,0,16,0,40773,564837,1260,106696,5.232103820074845,0.15888422460251395
1028,0.1421,1,7,1,40780,564830,1261,106695,5.232038978843232,0.15888462827147165
1029,0.1422,0,5,0,40785,564825,1261,106695,5.2319926636777945,0.15888581129378126
1030,0.1423,0,11,0,40796,564814,1261,106695,5.231890770313831,0.15888841400487558
1031,0.1424,1,35,1,40831,564779,1262,106694,5.231566564155767,0.1588954433015177
1032,0.1425,0,10,0,40841,564769,1262,106694,5.2314739338248915,0.1588978097080554
1033,0.1426,0,6,0,40847,564763,1262,106694,5.231418355626366,0.15889922958581115
1034,0.1427,0,9,0,40856,564754,1262,106694,5.2313349883285785,0.15890135945002443
1035,0.1428,1,20,1,40876,564734,1263,106693,5.2311497276668275,0.15890483999005103
1036,0.1429,1,12,1,40888,564722,1264,106692,5.231038571269776,0.15890642733097612
1037,0.143,0,14,0,40902,564708,1264,106692,5.2309088888065505,0.15890974084003576
1038,0.1431,0,19,0,40921,564689,1264,106692,5.230732891177888,0.15891423796622187
1039,0.1432,4,37,4,40958,564652,1268,106688,5.2303901589536475,0.15891798492567105
1040,0.1433,0,9,0,40967,564643,1268,106688,5.23030679165586,0.15892011541251633
1041,0.1434,1,13,1,40980,564630,1269,106687,5.230186372225722,0.15892194000747784
1042,0.1435,1,32,1,41012,564598,1270,106686,5.22988995516692,0.1589282628514906
1043,0.1436,0,3,0,41015,564595,1270,106686,5.229862166067657,0.15892897311260112
1044,0.1437,2,11,2,41026,564584,1272,106684,5.229760272703694,0.1589290715481745
1045,0.1438,3,19,3,41045,564565,1275,106681,5.22958427507503,0.15892981112736612
1046,0.1439,0,46,0,41091,564519,1275,106681,5.229158175553003,0.15894070321811682
1047,0.144,0,12,0,41103,564507,1275,106681,5.229047019155953,0.1589435448786331
1048,0.1441,0,4,0,41107,564503,1275,106681,5.229009967023602,0.1589444921213855
1049,0.1442,1,26,1,41133,564477,1276,106680,5.228769128163326,0.15894939634094557
1050,0.1443,1,66,1,41199,564411,1277,106679,5.228157767979547,0.15896377535054912
1051,0.1444,0,21,0,41220,564390,1277,106679,5.227963244284709,0.15896874986029752
1052,0.1445,0,12,0,41232,564378,1277,106679,5.2278520878876575,0.15897159257708363
1053,0.1446,1,17,1,41249,564361,1278,106678,5.227694616325169,0.15897436661654538
1054,0.1447,1,33,1,41282,564328,1279,106677,5.227388936233281,0.15898093158769308
1055,0.1448,1,19,1,41301,564309,1280,106676,5.227212938604617,0.15898417997421702
1056,0.1449,0,15,0,41316,564294,1280,106676,5.227073993108303,0.1589877341758946
1057,0.145,7,101,7,41417,564193,1287,106669,5.22613842676646,0.15900289478312976
1058,0.1451,1,8,1,41425,564185,1288,106668,5.22606432250176,0.1590035372876025
1059,0.1452,0,8,0,41433,564177,1288,106668,5.22599021823706,0.15900543344587795
1060,0.1453,0,47,0,41480,564130,1288,106668,5.225554855681945,0.15901657428913027
1061,0.1454,1,9,1,41489,564121,1289,106667,5.225471488384157,0.15901745409876145
1062,0.1455,2,37,2,41526,564084,1291,106665,5.225128756159917,0.15902371826122738
1063,0.1456,0,15,0,41541,564069,1291,106665,5.224989810663604,0.15902727459767957
1064,0.1457,1,27,1,41568,564042,1292,106664,5.224739708770239,0.1590324225517589
1065,0.1458,3,28,3,41596,564014,1295,106661,5.224480343843788,0.15903530025720355
1066,0.1459,5,148,5,41744,563866,1300,106656,5.22310941494683,0.15906413212392734
1067,0.146,2,19,2,41763,563847,1302,106654,5.222933417318167,0.1590661311467097
1068,0.1461,0,2,0,41765,563845,1302,106654,5.222914891251992,0.1590666056176072
1069,0.1462,2,32,2,41797,563813,1304,106652,5.22261847419319,0.15907168905162836
1070,0.1463,3,23,3,41820,563790,1307,106649,5.222405424432176,0.15907338326081866
1071,0.1464,4,41,4,41861,563749,1311,106645,5.222025640075587,0.159078094374353
1072,0.1465,3,155,3,42016,563594,1314,106642,5.220589869947015,0.15911111906850722
1073,0.1466,2,58,2,42074,563536,1316,106640,5.220052614027938,0.15912237979277086
1074,0.1467,1,11,1,42085,563525,1317,106639,5.219950720663975,0.15912373687634668
1075,0.1468,3,30,3,42115,563495,1320,106636,5.219672829671348,0.15912709604540007
1076,0.1469,1,35,1,42150,563460,1321,106635,5.219348623513283,0.15913415262015088
1077,0.147,6,135,6,42285,563325,1327,106629,5.218098114046463,0.15915868850697212
1078,0.1471,1,25,1,42310,563300,1328,106628,5.217866538219274,0.1591633727803585
1079,0.1472,0,2,0,42312,563298,1328,106628,5.217848012153099,0.15916384794738522
1080,0.1473,1,8,1,42320,563290,1329,106627,5.217773907888399,0.1591644935118828
1081,0.1474,18,355,18,42675,562935,1347,106609,5.2144855311423175,0.15922627937820366
1082,0.1475,2,8,2,42683,562927,1349,106607,5.214411426877617,0.15922567039164554
1083,0.1476,1,4,1,42687,562923,1350,106606,5.214374374745266,0.15922536589154465
1084,0.1477,2,119,2,42806,562804,1352,106604,5.213272073807848,0.15925115923323294
1085,0.1478,0,10,0,42816,562794,1352,106604,5.213179443476972,0.15925353825377428
1086,0.1479,5,114,5,42930,562680,1357,106599,5.212123457704991,0.1592743833289256
1087,0.148,0,8,0,42938,562672,1357,106599,5.212049353440291,0.15927628718411527
1088,0.1481,2,46,2,42984,562626,1359,106597,5.211623253918263,0.15928472273068917
1089,0.1482,0,18,0,43002,562608,1359,106597,5.211456519322687,0.15928900710544602
1090,0.1483,0,4,0,43006,562604,1359,106597,5.211419467190336,0.15928995922002506
1091,0.1484,0,27,0,43033,562577,1359,106597,5.211169365296973,0.15929638629115894
1092,0.1485,27,697,27,43730,561880,1386,106570,5.204713031234948,0.15942852868576557
1093,0.1486,4,13,4,43743,561867,1390,106566,5.204592611804809,0.15942659922535243
1094,0.1487,0,6,0,43749,561861,1390,106566,5.204537033606284,0.15942803028602973
1095,0.1488,1,32,1,43781,561829,1391,106565,5.204240616547482,0.1594344054554649
1096,0.1489,1,62,1,43843,561767,1392,106564,5.203666308496054,0.15944793822222822
1097,0.149,0,10,0,43853,561757,1392,106564,5.203573678165179,0.15945032402094203
1098,0.1491,1,7,1,43860,561750,1393,106563,5.203508836933565,0.15945073640644428
1099,0.1492,12,321,12,44181,561429,1405,106551,5.20053540331246,0.15951226084613312
1100,0.1493,0,10,0,44191,561419,1405,106551,5.200442772981585,0.15951464886147582
1101,0.1494,2,100,2,44291,561319,1407,106549,5.1995164696728295,0.15953601609898962
1102,0.1495,0,3,0,44294,561316,1407,106549,5.199488680573567,0.15953673272293054
1103,0.1496,1,51,1,44345,561265,1408,106548,5.199016265886102,0.15954765780240876
1104,0.1497,0,15,0,44360,561250,1408,106548,5.198877320389788,0.15955124154310135
1105,0.1498,0,13,0,44373,561237,1408,106548,5.19875690095965,0.15955434758193132
1106,0.1499,0,9,0,44382,561228,1408,106548,5.198673533661863,0.15955649798734906
1107,0.15,70,2653,70,47035,558575,1478,106478,5.174098706880581,0.1601045330221802
1108,0.1501,0,2,0,47037,558573,1478,106478,5.174080180814406,0.16010501450264716
1109,0.1502,0,8,0,47045,558565,1478,106478,5.174006076549706,0.16010694045347443
1110,0.1503,0,10,0,47055,558555,1478,106478,5.17391344621883,0.16010934795716905
1111,0.1504,0,5,0,47060,558550,1478,106478,5.173867131053392,0.1601105517361675
1112,0.1505,1,10,1,47070,558540,1479,106477,5.173774500722517,0.1601116963927238
1113,0.1506,0,7,0,47077,558533,1479,106477,5.173709659490903,0.16011338175365783
1114,0.1507,0,6,0,47083,558527,1479,106477,5.173654081292378,0.1601148263769842
1115,0.1508,3,10,3,47093,558517,1482,106474,5.173561450961503,0.16011344514437037
1116,0.1509,2,22,2,47115,558495,1484,106472,5.173357664233577,0.16011621629344014
1117,0.151,0,7,0,47122,558488,1484,106472,5.1732928230019635,0.16011790182868144
1118,0.1511,0,7,0,47129,558481,1484,106472,5.173227981770351,0.16011958739941018
1119,0.1512,0,4,0,47133,558477,1484,106472,5.173190929638,0.16012055059861735
1120,0.1513,1,9,1,47142,558468,1485,106471,5.1731075623402125,0.1601214547499846
1121,0.1514,0,10,0,47152,558458,1485,106471,5.1730149320093375,0.16012386284851465
1122,0.1515,1,4,1,47156,558454,1486,106470,5.172977879876987,0.16012356299366545
1123,0.1516,0,15,0,47171,558439,1486,106470,5.172838934380674,0.16012717529767231
1124,0.1517,0,13,0,47184,558426,1486,106470,5.172718514950535,0.16013030609298295
1125,0.1518,0,9,0,47193,558417,1486,106470,5.1726351476527475,0.16013247363837765
1126,0.1519,1,5,1,47198,558412,1487,106469,5.1725888324873095,0.16013241467270084
1127,0.152,0,11,0,47209,558401,1487,106469,5.172486939123346,0.16013506399747318
1128,0.1521,0,12,0,47221,558389,1487,106469,5.172375782726296,0.16013795426993432
1129,0.1522,0,13,0,47234,558376,1487,106469,5.172255363296157,0.16014108551617295
1130,0.1523,2,11,2,47245,558365,1489,106467,5.172153469932194,0.16014120860608394
1131,0.1524,1,25,1,47270,558340,1490,106466,5.171921894105005,0.16014596739499945
1132,0.1525,0,10,0,47280,558330,1490,106466,5.17182926377413,0.16014837634402132
1133,0.1526,1,8,1,47288,558322,1491,106465,5.17175515950943,0.16014904021889717
1134,0.1527,1,10,1,47298,558312,1492,106464,5.171662529178554,0.1601501859272898
1135,0.1528,0,20,0,47318,558292,1492,106464,5.171477268516803,0.16015500424215803
1136,0.1529,1,13,1,47331,558279,1493,106463,5.171356849086665,0.1601568728920393
1137,0.153,1,10,1,47341,558269,1494,106462,5.171264218755789,0.16015801880760788
1138,0.1531,1,15,1,47356,558254,1495,106461,5.171125273259476,0.16016036948165754
1139,0.1532,1,51,1,47407,558203,1496,106460,5.17065285857201,0.16017139512805736
1140,0.1533,0,17,0,47424,558186,1496,106460,5.170495387009522,0.1601754919159974
1141,0.1534,1,27,1,47451,558159,1497,106459,5.170245285116159,0.16018073539988384
1142,0.1535,3,47,3,47498,558112,1500,106456,5.169809922561043,0.1601882726824042
1143,0.1536,1,5,1,47503,558107,1501,106455,5.1697636073956055,0.1601882141922048
1144,0.1537,0,10,0,47513,558097,1501,106455,5.16967097706473,0.16019062466142606
1145,0.1538,2,18,2,47531,558079,1503,106453,5.169504242469154,0.16019243618065043
1146,0.1539,4,58,4,47589,558021,1507,106449,5.168966986550076,0.16020136349270847
1147,0.154,2,10,2,47599,558011,1509,106447,5.1688743562192005,0.16020124673041788
1148,0.1541,0,6,0,47605,558005,1509,106447,5.168818778020675,0.16020269334729972
1149,0.1542,1,21,1,47626,557984,1510,106446,5.168624254325836,0.16020649278328794
1150,0.1543,2,60,2,47686,557924,1512,106444,5.168068472340583,0.16021843315752715
1151,0.1544,0,18,0,47704,557906,1512,106444,5.167901737745007,0.16022277414013697
1152,0.1545,0,8,0,47712,557898,1512,106444,5.167827633480306,0.16022470354124832
1153,0.1546,2,20,2,47732,557878,1514,106442,5.167642372818555,0.16022699903660886
1154,0.1547,3,42,3,47774,557836,1517,106439,5.167253325428878,0.1602333370968349
1155,0.1548,0,13,0,47787,557823,1517,106439,5.1671329059987405,0.16023647295795937
1156,0.1549,1,19,1,47806,557804,1518,106438,5.166956908370077,0.1602397921239548
1157,0.155,4,102,4,47908,557702,1522,106434,5.166012078995146,0.16025934447161425
1158,0.1551,0,15,0,47923,557687,1522,106434,5.165873133498833,0.16026296412852478
1159,0.1552,0,2,0,47925,557685,1522,106434,5.1658546074326575,0.1602634467618002
1160,0.1553,2,38,2,47963,557647,1524,106432,5.165502612175331,0.16027008834792247
1161,0.1554,0,11,0,47974,557636,1524,106432,5.165400718811368,0.16027274315280965
1162,0.1555,4,30,4,48004,557606,1528,106428,5.165122827818741,0.1602749256815163
1163,0.1556,4,14,4,48018,557592,1532,106424,5.164993145355515,0.16027324642779692
1164,0.1557,3,40,3,48058,557552,1535,106421,5.164622624032013,0.16027910773480247
1165,0.1558,3,53,3,48111,557499,1538,106418,5.164131683278373,0.16028810830269447
1166,0.1559,4,158,4,48269,557341,1542,106414,5.162668124050539,0.1603212028534625
1167,0.156,1,23,1,48292,557318,1543,106413,5.162455074289525,0.16032549330978965
1168,0.1561,5,10,5,48302,557308,1548,106408,5.16236244395865,0.16032158332780888
1169,0.1562,2,41,2,48343,557267,1550,106406,5.16198265960206,0.16032895718222678
1170,0.1563,1,23,1,48366,557244,1551,106405,5.161769609841047,0.16033324844910488
1171,0.1564,3,39,3,48405,557205,1554,106402,5.161408351550632,0.1603388752680427
1172,0.1565,2,133,2,48538,557072,1556,106400,5.160176368149987,0.16036848578387633
1173,0.1566,8,69,8,48607,557003,1564,106392,5.159537218866946,0.16037504051130924
1174,0.1567,0,3,0,48610,557000,1564,106392,5.159509429767684,0.1603757657614201
1175,0.1568,2,25,2,48635,556975,1566,106390,5.159277853940495,0.16037927837615792
1176,0.1569,1,21,1,48656,556954,1567,106389,5.159083330245656,0.16038308989466987
1177,0.157,7,173,7,48829,556781,1574,106382,5.1574808255215085,0.16041606663821714
1178,0.1571,3,31,3,48860,556750,1577,106379,5.157193671495794,0.1604197674962187
1179,0.1572,0,17,0,48877,556733,1577,106379,5.157036199933306,0.160423880128847
1180,0.1573,1,20,1,48897,556713,1578,106378,5.156850939271555,0.1604274526422467
1181,0.1574,21,339,21,49236,556374,1599,106357,5.153710771054874,0.16048291086428731
1182,0.1575,0,5,0,49241,556369,1599,106357,5.1536644558894364,0.16048412164303197
1183,0.1576,0,4,0,49245,556365,1599,106357,5.153627403757087,0.16048509027918192
1184,0.1577,7,128,7,49373,556237,1606,106350,5.1524417355218795,0.1605072239570049
1185,0.1578,0,13,0,49386,556224,1606,106350,5.152321316091741,0.1605103731809579
1186,0.1579,7,112,7,49498,556112,1613,106343,5.151283856385935,0.1605286396811859
1187,0.158,1,6,1,49504,556106,1614,106342,5.15122827818741,0.1605288264135449
1188,0.1581,1,35,1,49539,556071,1615,106341,5.150904072029345,0.16053604101374974
1189,0.1582,1,18,1,49557,556053,1616,106340,5.150737337433769,0.1605391361321753
1190,0.1583,0,9,0,49566,556044,1616,106340,5.1506539701359815,0.16054131742312616
1191,0.1584,5,28,5,49594,556016,1621,106335,5.15039460520953,0.1605417671295129
1192,0.1585,25,801,25,50395,555215,1646,106310,5.142974915706399,0.16070443293904235
1193,0.1586,0,21,0,50416,555194,1646,106310,5.14278039201156,0.16070953463622292
1194,0.1587,0,8,0,50424,555186,1646,106310,5.14270628774686,0.16071147822511397
1195,0.1588,3,24,3,50448,555162,1649,106307,5.142483974952759,0.16071350282477334
1196,0.1589,6,67,6,50515,555095,1655,106301,5.141863351735893,0.1607221694718444
1197,0.159,0,8,0,50523,555087,1655,106301,5.141789247471192,0.16072411353093796
1198,0.1591,0,7,0,50530,555080,1655,106301,5.141724406239579,0.16072581462122437
1199,0.1592,19,330,19,50860,554750,1674,106282,5.138667605320686,0.16078192886274795
1200,0.1593,0,15,0,50875,554735,1674,106282,5.138528659824373,0.16078557737546842
1201,0.1594,2,111,2,50986,554624,1676,106280,5.137500463151654,0.16081004200307458
1202,0.1595,0,5,0,50991,554619,1676,106280,5.137454147986217,0.16081125860381087
1203,0.1596,0,47,0,51038,554572,1676,106280,5.137018785431102,0.16082269555059225
1204,0.1597,1,22,1,51060,554550,1677,106279,5.1368149987031755,0.16082677969641163
1205,0.1598,1,9,1,51069,554541,1678,106278,5.136731631405388,0.16082770017205922
1206,0.1599,0,4,0,51073,554537,1678,106278,5.136694579273037,0.16082867368325476
1207,0.16,91,2678,91,53751,551859,1769,106187,5.111888176664567,0.16136713846752354
1208,0.1601,0,9,0,53760,551850,1769,106187,5.111804809366779,0.16136934549273066
1209,0.1602,1,6,1,53766,551844,1770,106186,5.111749231168254,0.16136954242207802
1210,0.1603,1,7,1,53773,551837,1771,106185,5.111684389936641,0.16136998459018087
1211,0.1604,0,6,0,53779,551831,1771,106185,5.1116288117381155,0.16137145601322764
1212,0.1605,0,6,0,53785,551825,1771,106185,5.11157323353959,0.16137292746310847
1213,0.1606,0,6,0,53791,551819,1771,106185,5.111517655341065,0.16137439893982408
1214,0.1607,0,17,0,53808,551802,1771,106185,5.111360183778577,0.16137856826958588
1215,0.1608,2,11,2,53819,551791,1773,106183,5.1112582904146135,0.16137871709216473
1216,0.1609,1,10,1,53829,551781,1774,106182,5.111165660083738,0.16137989522207175
1217,0.161,0,6,0,53835,551775,1774,106182,5.111110081885212,0.16138136686743967
1218,0.1611,0,8,0,53843,551767,1774,106182,5.111035977620512,0.1613833291030156
1219,0.1612,0,8,0,53851,551759,1774,106182,5.110961873355811,0.16138529138630972
1220,0.1613,0,16,0,53867,551743,1774,106182,5.110813664826411,0.16138921609605958
1221,0.1614,0,13,0,53880,551730,1774,106182,5.110693245396273,0.16139240506329114
1222,0.1615,2,7,2,53887,551723,1776,106180,5.110628404164659,0.1613915729218441
1223,0.1616,1,18,1,53905,551705,1777,106179,5.110461669569084,0.16139471396173186
1224,0.1617,2,35,2,53940,551670,1779,106177,5.11013746341102,0.16140075123850986
1225,0.1618,0,10,0,53950,551660,1779,106177,5.110044833080144,0.16140320474524844
1226,0.1619,0,12,0,53962,551648,1779,106177,5.109933676683093,0.16140614905179948
1227,0.162,1,20,1,53982,551628,1780,106176,5.109748416021342,0.1614097816370834
1228,0.1621,0,20,0,54002,551608,1780,106176,5.109563155359591,0.16141468932050643
1229,0.1622,0,15,0,54017,551593,1780,106176,5.109424209863278,0.16141837027892772
1230,0.1623,1,7,1,54024,551586,1781,106175,5.109359368631665,0.16141881321635063
1231,0.1624,3,39,3,54063,551547,1784,106172,5.1089981103412505,0.16142455972839465
1232,0.1625,0,8,0,54071,551539,1784,106172,5.10892400607655,0.16142652319939912
1233,0.1626,0,8,0,54079,551531,1784,106172,5.108849901811849,0.16142848671816915
1234,0.1627,0,16,0,54095,551515,1784,106172,5.108701693282448,0.16143241389901275
1235,0.1628,2,23,2,54118,551492,1786,106170,5.108488643521435,0.16143550942581447
1236,0.1629,0,9,0,54127,551483,1786,106170,5.108405276223647,0.16143771867535006
1237,0.163,0,12,0,54139,551471,1786,106170,5.108294119826596,0.16144066443545946
1238,0.1631,2,19,2,54158,551452,1788,106168,5.108118122197933,0.16144277850430339
1239,0.1632,0,33,0,54191,551419,1788,106168,5.107812442106043,0.16145088026375218
1240,0.1633,0,13,0,54204,551406,1788,106168,5.107692022675905,0.16145407208922494
1241,0.1634,1,15,1,54219,551391,1789,106167,5.107553077179592,0.16145647988466416
1242,0.1635,1,39,1,54258,551352,1790,106166,5.107191818889177,0.16146478119230195
1243,0.1636,2,11,2,54269,551341,1792,106164,5.107089925525214,0.1614649318256135
1244,0.1637,0,17,0,54286,551324,1792,106164,5.106932453962726,0.1614691066605018
1245,0.1638,2,21,2,54307,551303,1794,106162,5.106737930267887,0.16147171332314267
1246,0.1639,0,71,0,54378,551232,1794,106162,5.106080254918671,0.16148915262384506
1247,0.164,3,16,3,54394,551216,1797,106159,5.1059320463892695,0.16148925651264498
1248,0.1641,0,2,0,54396,551214,1797,106159,5.105913520323095,0.1614897478296188
1249,0.1642,1,32,1,54428,551182,1798,106158,5.105617103264293,0.16149633370858307
1250,0.1643,5,76,5,54504,551106,1803,106153,5.104913112749639,0.16150862901839305
1251,0.1644,1,31,1,54535,551075,1804,106152,5.104625958723925,0.1615149712352049
1252,0.1645,0,20,0,54555,551055,1804,106152,5.104440698062174,0.16151988642847687
1253,0.1646,0,26,0,54581,551029,1804,106152,5.104199859201897,0.1615262766269871
1254,0.1647,4,47,4,54628,550982,1808,106148,5.103764496646782,0.16153272564028426
1255,0.1648,1,20,1,54648,550962,1809,106147,5.103579235985031,0.1615363661127758
1256,0.1649,1,14,1,54662,550948,1810,106146,5.103449553521805,0.1615385317777974
1257,0.165,3,116,3,54778,550832,1813,106143,5.102375041683649,0.16156322538909396
1258,0.1651,2,14,2,54792,550818,1815,106141,5.102245359220423,0.1615641158732889
1259,0.1652,0,8,0,54800,550810,1815,106141,5.1021712549557225,0.16156608331519398
1260,0.1653,2,66,2,54866,550744,1817,106139,5.1015598947719445,0.1615797638239991
1261,0.1654,0,21,0,54887,550723,1817,106139,5.101365371077105,0.16158492955902456
1262,0.1655,1,47,1,54934,550676,1818,106138,5.10093000852199,0.16159521569272275
1263,0.1656,0,14,0,54948,550662,1818,106138,5.100800326058764,0.16159866017052374
1264,0.1657,3,49,3,54997,550613,1821,106135,5.100346437437475,0.16160688726878497
1265,0.1658,3,54,3,55051,550559,1824,106132,5.099846233650746,0.16161634619630846
1266,0.1659,7,164,7,55215,550395,1831,106125,5.098327096224388,0.1616477791994151
1267,0.166,1,22,1,55237,550373,1832,106124,5.0981233094964615,0.16165191920145866
1268,0.1661,3,16,3,55253,550357,1835,106121,5.09797510096706,0.1616520279430537
1269,0.1662,1,57,1,55310,550300,1836,106120,5.09744710808107,0.16166478778830626
1270,0.1663,1,19,1,55329,550281,1837,106119,5.097271110452406,0.16166819012797076
1271,0.1664,1,46,1,55375,550235,1838,106118,5.096845010930379,0.16167824326239083
1272,0.1665,9,133,9,55508,550102,1847,106109,5.095613027529734,0.16169951433304228
1273,0.1666,3,83,3,55591,550019,1850,106106,5.094844195783467,0.16171613640693466
1274,0.1667,0,8,0,55599,550011,1850,106106,5.094770091518767,0.16171810820326252
1275,0.1668,1,24,1,55623,549987,1851,106105,5.094547778724666,0.16172274620022803
1276,0.1669,0,26,0,55649,549961,1851,106105,5.094306939864389,0.16172915529839985
1277,0.167,4,181,4,55830,549780,1855,106101,5.092630330875542,0.1617686745004048
1278,0.1671,1,32,1,55862,549748,1856,106100,5.0923339138167405,0.16177528939632355
1279,0.1672,0,5,0,55867,549743,1856,106100,5.0922875986513025,0.16177652273486184
1280,0.1673,1,16,1,55883,549727,1857,106099,5.092139390121901,0.1617791914318737
1281,0.1674,12,420,12,56303,549307,1869,106087,5.088248916225129,0.16186751785948605
1282,0.1675,0,9,0,56312,549298,1869,106087,5.088165548927341,0.1618697406867719
1283,0.1676,1,11,1,56323,549287,1870,106086,5.088063655563378,0.16187117870281503
1284,0.1677,10,134,10,56457,549153,1880,106076,5.0868224091296455,0.1618914913717189
1285,0.1678,0,8,0,56465,549145,1880,106076,5.086748304864945,0.1618934680054516
1286,0.1679,8,127,8,56592,549018,1888,106068,5.085571899662826,0.16191461884393804
1287,0.168,0,3,0,56595,549015,1888,106068,5.085544110563563,0.16191536034365112
1288,0.1681,3,42,3,56637,548973,1891,106065,5.085155063173886,0.16192190376741503
1289,0.1682,0,9,0,56646,548964,1891,106065,5.085071695876097,0.16192412855003366
1290,0.1683,0,4,0,56650,548960,1891,106065,5.0850346437437475,0.16192511736193274
1291,0.1684,2,58,2,56708,548902,1893,106063,5.084497387824669,0.16193689739146366
1292,0.1685,27,794,27,57502,548108,1920,106036,5.077142539553151,0.16209886508169455
1293,0.1686,3,19,3,57521,548089,1923,106033,5.076966541924488,0.16209973063128896
1294,0.1687,0,3,0,57524,548086,1923,106033,5.076938752825225,0.16210047407276046
1295,0.1688,0,18,0,57542,548068,1923,106033,5.076772018229649,0.16210493486479916
1296,0.1689,3,85,3,57627,547983,1926,106030,5.075984660417207,0.16212215965126076
1297,0.169,1,7,1,57634,547976,1927,106029,5.075919819185594,0.16212261374148515
1298,0.1691,0,6,0,57640,547970,1927,106029,5.075864240987069,0.16212410110718825
1299,0.1692,18,308,18,57948,547662,1945,106011,5.073011226796102,0.1621774189847217
1300,0.1693,0,18,0,57966,547644,1945,106011,5.0728444922005265,0.16218188493930286
1301,0.1694,4,120,4,58086,547524,1949,106007,5.07173292823002,0.1622065364917655
1302,0.1695,0,7,0,58093,547517,1949,106007,5.0716680869984065,0.16220827391189918
1303,0.1696,6,63,6,58156,547454,1955,106001,5.071084515913891,0.1622162199386339
1304,0.1697,2,6,2,58162,547448,1957,105999,5.071028937715366,0.16221514522218328
1305,0.1698,0,14,0,58176,547434,1957,105999,5.07089925525214,0.16221862073081708
1306,0.1699,0,7,0,58183,547427,1957,105999,5.070834414020527,0.16222035854098246
1307,0.17,128,2753,128,60936,544674,2085,105871,5.04533328393049,0.16274200862353871
1308,0.1701,0,7,0,60943,544667,2085,105871,5.045268442698878,0.1627437597803664
1309,0.1702,2,8,2,60951,544659,2087,105869,5.045194338434177,0.16274318707265484
1310,0.1703,1,11,1,60962,544648,2088,105868,5.045092445070214,0.16274465193784626
1311,0.1704,0,12,0,60974,544636,2088,105868,5.0449812886731635,0.1627476541266464
1312,0.1705,1,11,1,60985,544625,2089,105867,5.0448793953092,0.1627491191282906
1313,0.1706,2,13,2,60998,544612,2091,105865,5.044758975879062,0.1627497974563282
1314,0.1707,0,26,0,61024,544586,2091,105865,5.044518137018786,0.1627563029344255
1315,0.1708,0,15,0,61039,544571,2091,105865,5.044379191522472,0.16276005633144536
1316,0.1709,0,12,0,61051,544559,2091,105865,5.044268035125421,0.16276305917370823
1317,0.171,0,7,0,61058,544552,2091,105865,5.044203193893809,0.16276481088286437
1318,0.1711,0,9,0,61067,544543,2091,105865,5.04411982659602,0.16276706313575479
1319,0.1712,0,11,0,61078,544532,2091,105865,5.044017933232057,0.16276981597393592
1320,0.1713,2,18,2,61096,544514,2093,105863,5.043851198636482,0.1627717462333385
1321,0.1714,2,15,2,61111,544499,2095,105861,5.043712253140169,0.16277292576419214
1322,0.1715,0,11,0,61122,544488,2095,105861,5.043610359776205,0.16277567890471117
1323,0.1716,1,7,1,61129,544481,2096,105860,5.043545518544592,0.16277614359236153
1324,0.1717,1,15,1,61144,544466,2097,105859,5.043406573048279,0.1627786106946527
1325,0.1718,2,10,2,61154,544456,2099,105857,5.043313942717403,0.16277853894970576
1326,0.1719,1,12,1,61166,544444,2100,105856,5.043202786320353,0.16278025526679993
1327,0.172,0,12,0,61178,544432,2100,105856,5.043091629923302,0.1627832591098098
1328,0.1721,0,16,0,61194,544416,2100,105856,5.042943421393901,0.16278726440627922
1329,0.1722,1,16,1,61210,544400,2101,105855,5.0427952128645,0.1627899823915233
1330,0.1723,1,14,1,61224,544386,2102,105854,5.042665530401274,0.1627921998031496
1331,0.1724,2,45,2,61269,544341,2104,105852,5.0422486939123345,0.16280089142762225
1332,0.1725,0,11,0,61280,544330,2104,105852,5.042146800548371,0.1628036457484212
1333,0.1726,0,13,0,61293,544317,2104,105852,5.042026381118234,0.16280690097497727
1334,0.1727,1,29,1,61322,544288,2105,105851,5.041757753158694,0.16281287540049127
1335,0.1728,2,31,2,61353,544257,2107,105849,5.04147059913298,0.1628180635157959
1336,0.1729,1,14,1,61367,544243,2108,105848,5.041340916669754,0.16282028208358523
1337,0.173,1,16,1,61383,544227,2109,105847,5.041192708140353,0.1628230016890385
1338,0.1731,0,16,0,61399,544211,2109,105847,5.041044499610953,0.16282700928224866
1339,0.1732,1,37,1,61436,544174,2110,105846,5.040701767386713,0.16283498969262483
1340,0.1733,2,14,2,61450,544160,2112,105844,5.040572084923487,0.16283592100971686
1341,0.1734,0,20,0,61470,544140,2112,105844,5.040386824261736,0.16284093146908232
1342,0.1735,3,61,3,61531,544079,2115,105841,5.039821779243395,0.16285235105859183
1343,0.1736,0,13,0,61544,544066,2115,105841,5.039701359813257,0.16285560857168796
1344,0.1737,1,17,1,61561,544049,2116,105840,5.039543888250769,0.16285858046527946
1345,0.1738,1,22,1,61583,544027,2117,105839,5.039340101522843,0.16286280556299298
1346,0.1739,2,61,2,61644,543966,2119,105837,5.038775056504502,0.16287551765688985
1347,0.174,1,7,1,61651,543959,2120,105836,5.038710215272889,0.16287598396417333
1348,0.1741,2,11,2,61662,543948,2122,105834,5.038608321908926,0.1628761646213653
1349,0.1742,1,32,1,61694,543916,2123,105833,5.038311904850124,0.16288289785748036
1350,0.1743,4,69,4,61763,543847,2127,105829,5.037672755567083,0.1628950430676214
1351,0.1744,1,18,1,61781,543829,2128,105828,5.037506020971507,0.16289826785519126
1352,0.1745,0,24,0,61805,543805,2128,105828,5.037283708177406,0.16290428595837958
1353,0.1746,2,16,2,61821,543789,2130,105826,5.037135499648005,0.16290572108094795
1354,0.1747,0,53,0,61874,543736,2130,105826,5.0366445588943645,0.16291901311960982
1355,0.1748,0,23,0,61897,543713,2130,105826,5.036431509133351,0.16292478203772215
1356,0.1749,3,22,3,61919,543691,2133,105823,5.036227722405425,0.16292643422620606
1357,0.175,3,133,3,62052,543558,2136,105820,5.0349957390047795,0.16295593629596322
1358,0.1751,1,10,1,62062,543548,2137,105819,5.0349031086739044,0.16295715673879332
1359,0.1752,0,7,0,62069,543541,2137,105819,5.034838267442291,0.16295891339164717
1360,0.1753,4,81,4,62150,543460,2141,105815,5.034087961762199,0.16297408648107506
1361,0.1754,0,18,0,62168,543442,2141,105815,5.033921227166624,0.16297860477438056
1362,0.1755,3,52,3,62220,543390,2144,105812,5.03343954944607,0.16298779116515352
1363,0.1756,0,24,0,62244,543366,2144,105812,5.03321723665197,0.16299381679600972
1364,0.1757,2,46,2,62290,543320,2146,105810,5.032791137129942,0.16300278834748047
1365,0.1758,2,68,2,62358,543252,2148,105808,5.032161250879988,0.16301728653745418
1366,0.1759,11,205,11,62563,543047,2159,105797,5.03026232909704,0.16305460172244793
1367,0.176,0,28,0,62591,543019,2159,105797,5.030002964170588,0.16306163843061824
1368,0.1761,0,11,0,62602,543008,2159,105797,5.029901070806625,0.1630644030178559
1369,0.1762,2,62,2,62664,542946,2161,105795,5.029326762755197,0.16307740685419914
1370,0.1763,2,24,2,62688,542922,2163,105793,5.029104449961095,0.1630808598537108
1371,0.1764,4,56,4,62744,542866,2167,105789,5.028585720108192,0.16308977807925631
1372,0.1765,4,188,4,62932,542678,2171,105785,5.026844269887732,0.16313189804198544
1373,0.1766,4,72,4,63004,542606,2175,105781,5.026177331505428,0.16314485022062442
1374,0.1767,1,11,1,63015,542595,2176,105780,5.026075438141465,0.16314632735685367
1375,0.1768,1,43,1,63058,542552,2177,105779,5.0256771277187005,0.16315585711619526
1376,0.1769,0,39,0,63097,542513,2177,105779,5.025315869428286,0.16316567225879697
1377,0.177,10,203,10,63300,542310,2187,105769,5.023435473711512,0.16320386866415976
1378,0.1771,4,21,4,63321,542289,2191,105765,5.023240950016674,0.16320399225990426
1379,0.1772,0,5,0,63326,542284,2191,105765,5.023194634851236,0.1632052514547511
1380,0.1773,4,16,4,63342,542268,2195,105761,5.023046426321835,0.16320411586518505
1381,0.1774,15,444,15,63786,541824,2210,105746,5.018933639630961,0.16329663202433714
1382,0.1775,0,14,0,63800,541810,2210,105746,5.018803957167735,0.16330016245699214
1383,0.1776,1,4,1,63804,541806,2211,105745,5.018766905035385,0.16329987908288304
1384,0.1777,9,171,9,63975,541635,2220,105736,5.017182926377413,0.16333138185059262
1385,0.1778,0,8,0,63983,541627,2220,105736,5.0171088221127125,0.16333340027156326
1386,0.1779,3,143,3,64126,541484,2223,105733,5.015784208381192,0.16336560998861277
1387,0.178,0,7,0,64133,541477,2223,105733,5.01571936714958,0.16336737689467098
1388,0.1781,5,47,5,64180,541430,2228,105728,5.015284004594465,0.16337277759063473
1389,0.1782,1,17,1,64197,541413,2229,105727,5.015126533031976,0.16337577649349444
1390,0.1783,1,8,1,64205,541405,2230,105726,5.015052428767276,0.16337650336639722
1391,0.1784,0,38,0,64243,541367,2230,105726,5.014700433509948,0.1633860975161221
1392,0.1785,37,875,37,65118,540492,2267,105689,5.006595279558338,0.16355943613321963
1393,0.1786,0,24,0,65142,540468,2267,105689,5.006372966764237,0.16356551116833834
1394,0.1787,1,7,1,65149,540461,2268,105688,5.006308125532624,0.16356598864967678
1395,0.1788,0,30,0,65179,540431,2268,105688,5.006030234539998,0.16357358319442702
1396,0.1789,1,76,1,65255,540355,2269,105687,5.005326244025344,0.16359153120075784
1397,0.179,1,6,1,65261,540349,2270,105686,5.005270665826818,0.16359175586462033
1398,0.1791,0,8,0,65269,540341,2270,105686,5.005196561562118,0.16359378168404726
1399,0.1792,19,364,19,65633,539977,2289,105667,5.001824817518248,0.16366139854161116
1400,0.1793,1,12,1,65645,539965,2290,105666,5.001713661121197,0.16366314504724835
1401,0.1794,6,130,6,65775,539835,2296,105660,5.000509466819816,0.1636883322101643
1402,0.1795,2,9,2,65784,539826,2298,105658,5.000426099522027,0.16368802325076998
1403,0.1796,2,41,2,65825,539785,2300,105656,5.000046315165438,0.16369582967304525
1404,0.1797,0,24,0,65849,539761,2300,105656,4.999824002371336,0.163701916745298
1405,0.1798,1,9,1,65858,539752,2301,105655,4.9997406350735485,0.16370290374910715
1406,0.1799,1,4,1,65862,539748,2302,105654,4.999703582941199,0.16370262255152604
1407,0.18,118,2945,118,68807,536803,2420,105536,4.972423950498351,0.16429953653756038
1408,0.1801,0,4,0,68811,536799,2420,105536,4.972386898366001,0.16430055967680415
1409,0.1802,2,17,2,68828,536782,2422,105534,4.972229426803513,0.16430230603005375
1410,0.1803,0,8,0,68836,536774,2422,105534,4.972155322538812,0.16430435242905272
1411,0.1804,0,5,0,68841,536769,2422,105534,4.9721090073733745,0.16430563145431362
1412,0.1805,1,10,1,68851,536759,2423,105533,4.9720163770424985,0.16430688845571795
1413,0.1806,0,10,0,68861,536749,2423,105533,4.9719237467116235,0.16430944662936217
1414,0.1807,0,10,0,68871,536739,2423,105533,4.971831116380748,0.16431200488266653
1415,0.1808,0,6,0,68877,536733,2423,105533,4.971775538182222,0.16431353987288755
1416,0.1809,0,20,0,68897,536713,2423,105533,4.9715902775204714,0.16431865671409399
1417,0.181,1,5,1,68902,536708,2424,105532,4.9715439623550335,0.16431863477827605
1418,0.1811,1,13,1,68915,536695,2425,105531,4.971423542924895,0.16432065970546195
1419,0.1812,1,10,1,68925,536685,2426,105530,4.97133091259402,0.16432191711498487
1420,0.1813,1,20,1,68945,536665,2427,105529,4.971145651932269,0.1643257333453754
1421,0.1814,1,9,1,68954,536656,2428,105528,4.97106228463448,0.16432673501675532
1422,0.1815,0,11,0,68965,536645,2428,105528,4.970960391270518,0.16432954982535858
1423,0.1816,1,18,1,68983,536627,2429,105527,4.9707936566749416,0.16433285473577988
1424,0.1817,0,19,0,69002,536608,2429,105527,4.970617659046278,0.16433771714670592
1425,0.1818,0,23,0,69025,536585,2429,105527,4.970404609285264,0.1643436036080933
1426,0.1819,2,14,2,69039,536571,2431,105525,4.9702749268220385,0.16434458398744112
1427,0.182,2,21,2,69060,536550,2433,105523,4.9700804031272,0.16434735614174711
1428,0.1821,0,19,0,69079,536531,2433,105523,4.969904405498537,0.16435221959523655
1429,0.1822,0,11,0,69090,536520,2433,105523,4.9698025121345735,0.16435503541040086
1430,0.1823,1,8,1,69098,536512,2434,105522,4.969728407869873,0.16435578178102717
1431,0.1824,1,50,1,69148,536462,2435,105521,4.969265256215495,0.1643672807535402
1432,0.1825,1,13,1,69161,536449,2436,105520,4.969144836785357,0.16436930755223383
1433,0.1826,0,10,0,69171,536439,2436,105520,4.9690522064544815,0.16437186798533862
1434,0.1827,0,19,0,69190,536420,2436,105520,4.968876208825818,0.16437673302800884
1435,0.1828,7,21,7,69211,536399,2443,105513,4.96868168513098,0.16437299816797318
1436,0.1829,1,14,1,69225,536385,2444,105512,4.968552002667754,0.16437528139249755
1437,0.183,1,22,1,69247,536363,2445,105511,4.968348215939828,0.16437961344438318
1438,0.1831,2,23,2,69270,536340,2447,105509,4.968135166178814,0.1643829000278882
1439,0.1832,3,52,3,69322,536288,2450,105506,4.967653488458261,0.16439231279818758
1440,0.1833,2,25,2,69347,536263,2452,105504,4.967421912631072,0.16439611260784678
1441,0.1834,1,5,1,69352,536258,2453,105503,4.967375597465634,0.16439609137981273
1442,0.1835,3,49,3,69401,536209,2456,105500,4.966921708844344,0.16440473797313113
1443,0.1836,2,10,2,69411,536199,2458,105498,4.966829078513468,0.16440469567412658
1444,0.1837,1,24,1,69435,536175,2459,105497,4.9666067657193675,0.1644095425700358
1445,0.1838,1,33,1,69468,536142,2460,105496,4.966301085627478,0.16441669601862732
1446,0.1839,2,65,2,69533,536077,2462,105494,4.965698988476787,0.16443074889606918
1447,0.184,1,22,1,69555,536055,2463,105493,4.965495201748861,0.1644350851378229
1448,0.1841,1,12,1,69567,536043,2464,105492,4.96538404535181,0.16443685847225795
1449,0.1842,2,37,2,69604,536006,2466,105490,4.96504131312757,0.16444373776297905
1450,0.1843,5,82,5,69686,535924,2471,105485,4.964281744414391,0.16445824738973105
1451,0.1844,1,24,1,69710,535900,2472,105484,4.9640594316202895,0.16446309854938695
1452,0.1845,2,27,2,69737,535873,2474,105482,4.963809329726926,0.1644674166413297
1453,0.1846,0,26,0,69763,535847,2474,105482,4.963568490866649,0.16447408428435328
1454,0.1847,5,54,5,69817,535793,2479,105477,4.963068287079921,0.1644814196828169
1455,0.1848,1,25,1,69842,535768,2480,105476,4.9628367112527325,0.1644865293086563
1456,0.1849,0,37,0,69879,535731,2480,105476,4.962493979028493,0.16449602078579928
1457,0.185,9,114,9,69993,535617,2489,105467,4.961437993256512,0.16451354268707377
1458,0.1851,1,13,1,70006,535604,2490,105466,4.961317573826373,0.16451557552217386
1459,0.1852,0,16,0,70022,535588,2490,105466,4.961169365296973,0.16451968164928382
1460,0.1853,5,69,5,70091,535519,2495,105461,4.9605302160139315,0.1645308745982714
1461,0.1854,1,31,1,70122,535488,2496,105460,4.960243061988217,0.1645375287854865
1462,0.1855,5,62,5,70184,535426,2501,105455,4.959668753936789,0.16454692836891716
1463,0.1856,0,20,0,70204,535406,2501,105455,4.959483493275038,0.1645520635520027
1464,0.1857,3,45,3,70249,535361,2504,105452,4.959066656786098,0.1645597077462536
1465,0.1858,3,89,3,70338,535272,2507,105449,4.958242246841306,0.1645786543596979
1466,0.1859,6,190,6,70528,535082,2513,105443,4.9564822705546705,0.16461964794504508
1467,0.186,0,25,0,70553,535057,2513,105443,4.956250694727482,0.16462607338017174
1468,0.1861,0,14,0,70567,535043,2513,105443,4.956121012264256,0.16462967184294428
1469,0.1862,5,53,5,70620,534990,2518,105438,4.955630071510615,0.1646367741572823
1470,0.1863,0,22,0,70642,534968,2518,105438,4.955426284782689,0.16464242995849507
1471,0.1864,4,67,4,70709,534901,2522,105434,4.954805661565823,0.16465443869224702
1472,0.1865,10,177,10,70886,534724,2532,105424,4.953166104709326,0.16468691615064016
1473,0.1866,2,89,2,70975,534635,2534,105422,4.952341694764534,0.1647072057644866
1474,0.1867,0,14,0,70989,534621,2534,105422,4.952212012301308,0.1647108084925544
1475,0.1868,1,37,1,71026,534584,2535,105421,4.9518692800770685,0.16471902563261223
1476,0.1869,2,48,2,71074,534536,2537,105419,4.951424654488866,0.16472876999164004
1477,0.187,6,206,6,71280,534330,2543,105413,4.9495164696728295,0.16477397955116352
1478,0.1871,3,44,3,71324,534286,2546,105410,4.949108896216977,0.1647813961631775
1479,0.1872,0,10,0,71334,534276,2546,105410,4.949016265886102,0.1647839721363294
1480,0.1873,2,31,2,71365,534245,2548,105408,4.948729111860388,0.16478934672392687
1481,0.1874,19,430,19,71795,533815,2567,105389,4.944746007632739,0.16487537624920995
1482,0.1875,1,19,1,71814,533796,2568,105388,4.9445700100040755,0.16487897068762672
1483,0.1876,0,5,0,71819,533791,2568,105388,4.944523694838638,0.16488026045912021
1484,0.1877,9,172,9,71991,533619,2577,105379,4.942930453147579,0.16491287922653905
1485,0.1878,0,7,0,71998,533612,2577,105379,4.942865611915966,0.1649146858093463
1486,0.1879,9,143,9,72141,533469,2586,105370,4.941540998184445,0.16493983617155497
1487,0.188,1,6,1,72147,533463,2587,105369,4.94148541998592,0.16494007814261027
1488,0.1881,2,57,2,72204,533406,2589,105367,4.94095742709993,0.16495218176096985
1489,0.1882,0,13,0,72217,533393,2589,105367,4.940837007669791,0.16495553885653452
1490,0.1883,0,6,0,72223,533387,2589,105367,4.940781429471266,0.1649570883313451
1491,0.1884,2,51,2,72274,533336,2591,105365,4.940309014783801,0.16496764526750388
1492,0.1885,48,953,48,73227,532383,2639,105317,4.931481344251361,0.16515132507448643
1493,0.1886,1,24,1,73251,532359,2640,105316,4.931259031457261,0.1651562316226918
1494,0.1887,1,7,1,73258,532352,2641,105315,4.931194190225647,0.16515673541205678
1495,0.1888,2,25,2,73283,532327,2643,105313,4.930962614398458,0.16516059218367732
1496,0.1889,4,120,4,73403,532207,2647,105309,4.929851050427952,0.16518644237948538
1497,0.189,2,16,2,73419,532191,2649,105307,4.929702841898552,0.16518796921715834
1498,0.1891,1,8,1,73427,532183,2650,105306,4.929628737633851,0.1651887326683284
1499,0.1892,8,418,8,73845,531765,2658,105298,4.925756789803253,0.16528663570164961
1500,0.1893,1,13,1,73858,531752,2659,105297,4.925636370373115,0.16528869835758317
1501,0.1894,7,151,7,74009,531601,2666,105290,4.9242376523768945,0.16531871230712947
1502,0.1895,1,4,1,74013,531597,2667,105289,4.924200600244544,0.1653184400347943
1503,0.1896,4,48,4,74061,531549,2671,105285,4.923755974656341,0.1653256578637447
1504,0.1897,1,37,1,74098,531512,2672,105284,4.923413242432102,0.1653339531027205
1505,0.1898,0,13,0,74111,531499,2672,105284,4.9232928230019635,0.16533732841486032
1506,0.1899,0,9,0,74120,531490,2672,105284,4.923209455704176,0.16533966525015154
1507,0.19,124,3070,124,77190,528420,2796,105160,4.8947719441253845,0.1659774614097667
1508,0.1901,0,14,0,77204,528406,2796,105160,4.894642261662159,0.16598112903785872
1509,0.1902,1,13,1,77217,528393,2797,105159,4.89452184223202,0.16598321842563832
1510,0.1903,0,10,0,77227,528383,2797,105159,4.894429211901145,0.1659858383501015
1511,0.1904,2,13,2,77240,528370,2799,105157,4.894308792471007,0.16598661146249488
1512,0.1905,1,11,1,77251,528359,2800,105156,4.8942068991070435,0.16598817707552307
1513,0.1906,1,15,1,77266,528344,2801,105155,4.8940679536107305,0.16599079082997764
1514,0.1907,2,13,2,77279,528331,2803,105153,4.893947534180592,0.1659915641121165
1515,0.1908,0,11,0,77290,528320,2803,105153,4.893845640816629,0.16599444648785347
1516,0.1909,1,24,1,77314,528296,2804,105152,4.893623328022528,0.16599941905255047
1517,0.191,1,7,1,77321,528289,2805,105151,4.893558486790915,0.1659999368527406
1518,0.1911,1,6,1,77327,528283,2806,105150,4.89350290859239,0.16600019260126958
1519,0.1912,0,7,0,77334,528276,2806,105150,4.893438067360776,0.16600202707182843
1520,0.1913,2,27,2,77361,528249,2808,105148,4.893187965467413,0.166006469875923
1521,0.1914,0,8,0,77369,528241,2808,105148,4.893113861202712,0.16600856661546065
1522,0.1915,1,10,1,77379,528231,2809,105147,4.893021230871836,0.16600987088279037
1523,0.1916,1,25,1,77404,528206,2810,105146,4.8927896550446475,0.16601510692316437
1524,0.1917,0,37,0,77441,528169,2810,105146,4.892446922820408,0.16602480598122576
1525,0.1918,1,12,1,77453,528157,2811,105145,4.892335766423358,0.1660266350019422
1526,0.1919,1,11,1,77464,528146,2812,105144,4.892233873059395,0.1660282019296057
1527,0.192,2,24,2,77488,528122,2814,105142,4.892011560265293,0.16603186032997297
1528,0.1921,0,14,0,77502,528108,2814,105142,4.891881877802067,0.16603553099091986
1529,0.1922,1,18,1,77520,528090,2815,105141,4.891715143206492,0.16603893365928074
1530,0.1923,0,8,0,77528,528082,2815,105141,4.891641038941791,0.1660410313586209
1531,0.1924,1,57,1,77585,528025,2816,105140,4.891113046055801,0.16605466189697787
1532,0.1925,0,5,0,77590,528020,2816,105140,4.891066730890363,0.16605597321372165
1533,0.1926,1,7,1,77597,528013,2817,105139,4.8910018896587495,0.16605649196401495
1534,0.1927,4,33,4,77630,527980,2821,105135,4.890696209566861,0.16605987853707463
1535,0.1928,0,37,0,77667,527943,2821,105135,4.890353477342621,0.16606958384274922
1536,0.1929,3,23,3,77690,527920,2824,105132,4.890140427581607,0.16607166551878835
1537,0.193,0,14,0,77704,527906,2824,105132,4.890010745118381,0.1660753382893286
1538,0.1931,1,17,1,77721,527889,2825,105131,4.889853273555893,0.16607848093267194
1539,0.1932,2,43,2,77764,527846,2827,105129,4.8894549631331286,0.16608712824361152
1540,0.1933,0,18,0,77782,527828,2827,105129,4.889288228537552,0.1660918514211866
1541,0.1934,2,8,2,77790,527820,2829,105127,4.8892141242728515,0.16609131570257857
1542,0.1935,4,63,4,77853,527757,2833,105123,4.888630553188336,0.16610257868790293
1543,0.1936,1,16,1,77869,527741,2834,105122,4.888482344658935,0.166105460423504
1544,0.1937,2,26,2,77895,527715,2836,105120,4.888241505798659,0.16610964943468676
1545,0.1938,0,26,0,77921,527689,2836,105120,4.888000666938383,0.16611647432321602
1546,0.1939,3,75,3,77996,527614,2839,105117,4.887305939456816,0.16613221100278
1547,0.194,0,13,0,78009,527601,2839,105117,4.887185520026677,0.1661356244013921
1548,0.1941,0,10,0,78019,527591,2839,105117,4.887092889695802,0.16613825018808046
1549,0.1942,0,36,0,78055,527555,2839,105117,4.88675942050465,0.1661477037074503
1550,0.1943,4,82,4,78137,527473,2843,105113,4.88599985179147,0.16616396821934093
1551,0.1944,2,19,2,78156,527454,2845,105111,4.885823854162807,0.16616632282848404
1552,0.1945,1,18,1,78174,527436,2846,105110,4.885657119567231,0.16616973311031924
1553,0.1946,5,29,5,78203,527407,2851,105105,4.885388491607692,0.1661707603966407
1554,0.1947,7,57,7,78260,527350,2858,105098,4.884860498721701,0.16617650779194496
1555,0.1948,3,26,3,78286,527324,2861,105095,4.884619659861425,0.16617938423734896
1556,0.1949,1,26,1,78312,527298,2862,105094,4.884378821001149,0.16618489797467392
1557,0.195,6,127,6,78439,527171,2868,105088,4.883202415799029,0.16621036632139677
1558,0.1951,1,25,1,78464,527146,2869,105087,4.882970839971841,0.1662156198743185
1559,0.1952,0,7,0,78471,527139,2869,105087,4.8829059987402275,0.16621746021201278
1560,0.1953,4,73,4,78544,527066,2873,105083,4.882229797324836,0.1662313789945092
1561,0.1954,1,23,1,78567,527043,2874,105082,4.8820167475638225,0.16623610836464306
1562,0.1955,3,59,3,78626,526984,2877,105079,4.881470228611657,0.1662476683495158
1563,0.1956,3,17,3,78643,526967,2880,105076,4.881312757049169,0.16624818248125522
1564,0.1957,4,34,4,78677,526933,2884,105072,4.880997813924191,0.16625184927334435
1565,0.1958,2,57,2,78734,526876,2886,105070,4.880469821038201,0.16626420611887724
1566,0.1959,12,208,12,78942,526668,2898,105058,4.87854311015599,0.16630311242532364
1567,0.196,2,26,2,78968,526642,2900,105056,4.878302271295713,0.1663073177372732
1568,0.1961,0,16,0,78984,526626,2900,105056,4.8781540627663125,0.16631153016866082
1569,0.1962,10,49,10,79033,526577,2910,105046,4.877700174145022,0.16631123312482288
1570,0.1963,2,27,2,79060,526550,2912,105044,4.8774500722516585,0.16631570280908306
1571,0.1964,3,60,3,79120,526490,2915,105041,4.876894290266405,0.16632754369935918
1572,0.1965,4,170,4,79290,526320,2919,105037,4.87531957464152,0.16636704748660425
1573,0.1966,2,100,2,79390,526220,2921,105035,4.874393271332766,0.16639076126129693
1574,0.1967,0,16,0,79406,526204,2921,105035,4.8742450628033644,0.16639497876398637
1575,0.1968,4,46,4,79452,526158,2925,105031,4.8738189632813365,0.16640182259196531
1576,0.1969,3,56,3,79508,526102,2928,105028,4.873300233428433,0.16641262497425252
1577,0.197,21,220,21,79728,525882,2949,105007,4.871262366149172,0.16644290834045292
1578,0.1971,2,31,2,79759,525851,2951,105005,4.870975212123458,0.16644844465297945
1579,0.1972,2,13,2,79772,525838,2953,105003,4.8708547926933194,0.16644923205688913
1580,0.1973,0,24,0,79796,525814,2953,105003,4.870632479899218,0.16645556476759504
1581,0.1974,25,491,25,80287,525323,2978,104978,4.866084330653229,0.16655217110555115
1582,0.1975,1,19,1,80306,525304,2979,104977,4.865908333024565,0.16655586952486273
1583,0.1976,0,12,0,80318,525292,2979,104977,4.865797176627515,0.16655904066358967
1584,0.1977,8,162,8,80480,525130,2987,104969,4.864296565267331,0.16659128168748086
1585,0.1978,2,13,2,80493,525117,2989,104967,4.864176145837193,0.16659207343782734
1586,0.1979,12,159,12,80652,524958,3001,104955,4.862703323576272,0.1666182472817675
1587,0.198,0,11,0,80663,524947,3001,104955,4.862601430212309,0.1666211569418735
1588,0.1981,3,50,3,80713,524897,3004,104952,4.862138278557931,0.16663041459143382
1589,0.1982,1,17,1,80730,524880,3005,104951,4.861980806995443,0.16663358901038533
1590,0.1983,0,9,0,80739,524871,3005,104951,4.861897439697654,0.16663597016299844
1591,0.1984,1,47,1,80786,524824,3006,104950,4.86146207714254,0.16664708292181005
1592,0.1985,52,953,52,81739,523871,3058,104898,4.8526344066101,0.16683074388209343
1593,0.1986,4,26,4,81765,523845,3062,104894,4.852393567749824,0.16683234219604637
1594,0.1987,0,7,0,81772,523838,3062,104894,4.852328726518211,0.16683419962718615
1595,0.1988,1,31,1,81803,523807,3063,104893,4.852041572492497,0.166841100683951
1596,0.1989,3,96,3,81899,523711,3066,104890,4.851152321316092,0.16686260441838305
1597,0.199,1,14,1,81913,523697,3067,104889,4.851022638852866,0.1668649954023793
1598,0.1991,0,7,0,81920,523690,3067,104889,4.850957797621253,0.16686685364926285
1599,0.1992,19,428,19,82348,523262,3086,104870,4.84699321945978,0.1669553533333758
1600,0.1993,0,20,0,82368,523242,3086,104870,4.846807958798029,0.1669606694347505
1601,0.1994,13,148,13,82516,523094,3099,104857,4.8454370299010705,0.16698277413365056
1602,0.1995,1,14,1,82530,523080,3100,104856,4.845307347437845,0.1669851704632319
1603,0.1996,2,47,2,82577,523033,3102,104854,4.84487198488273,0.16699501661923244
1604,0.1997,5,47,5,82624,522986,3107,104849,4.844436622327615,0.16700088399022037
1605,0.1998,1,9,1,82633,522977,3108,104848,4.844353255029827,0.1670019511806634
1606,0.1999,0,5,0,82638,522972,3108,104848,4.844306939864389,0.16700328119524704
1607,0.2,144,3177,144,85815,519795,3252,104704,4.814878283745229,0.16766079689479085
1608,0.2001,0,15,0,85830,519780,3252,104704,4.814739338248916,0.16766482407875943
1609,0.2002,2,12,2,85842,519768,3254,104702,4.814628181851866,0.1676653802424456
1610,0.2003,2,12,2,85854,519756,3256,104700,4.814517025454815,0.1676659364310696
1611,0.2004,2,10,2,85864,519746,3258,104698,4.81442439512394,0.1676659556341321
1612,0.2005,0,10,0,85874,519736,3258,104698,4.814331764793064,0.16766864072103696
1613,0.2006,0,11,0,85885,519725,3258,104698,4.8142298714291005,0.16767159441596483
1614,0.2007,0,16,0,85901,519709,3258,104698,4.8140816628997,0.16767589088527193
1615,0.2008,1,15,1,85916,519694,3259,104697,4.813942717403386,0.16767858601421226
1616,0.2009,3,21,3,85937,519673,3262,104694,4.813748193708548,0.16768022653343306
1617,0.201,2,12,2,85949,519661,3264,104692,4.813637037311497,0.16768078314671347
1618,0.2011,3,16,3,85965,519645,3267,104689,4.813488828782097,0.16768108095987083
1619,0.2012,0,11,0,85976,519634,3267,104689,4.813386935418134,0.16768403534708798
1620,0.2013,1,32,1,86008,519602,3268,104688,4.813090518359331,0.1676912973137484
1621,0.2014,0,19,0,86027,519583,3268,104688,4.812914520730668,0.1676964010822223
1622,0.2015,0,7,0,86034,519576,3268,104688,4.812849679499055,0.16769828149629004
1623,0.2016,1,21,1,86055,519555,3269,104687,4.812655155804216,0.1677025897007891
1624,0.2017,2,32,2,86087,519523,3271,104685,4.812358738745415,0.16770852023684413
1625,0.2018,1,24,1,86111,519499,3272,104684,4.812136425951313,0.1677136352640171
1626,0.2019,1,11,1,86122,519488,3273,104683,4.812034532587351,0.1677152575175713
1627,0.202,1,21,1,86143,519467,3274,104682,4.811840008892512,0.16771956696237597
1628,0.2021,1,19,1,86162,519448,3275,104681,4.811664011263848,0.16772333924557262
1629,0.2022,1,16,1,86178,519432,3276,104680,4.811515802734448,0.167726305534904
1630,0.2023,1,16,1,86194,519416,3277,104679,4.811367594205047,0.16772927198583548
1631,0.2024,3,45,3,86239,519371,3280,104676,4.810950757716107,0.16773736593557856
1632,0.2025,0,17,0,86256,519354,3280,104676,4.8107932861536185,0.16774193548387098
1633,0.2026,1,20,1,86276,519334,3281,104675,4.8106080254918675,0.16774597802275287
1634,0.2027,1,28,1,86304,519306,3282,104674,4.810348660565415,0.16775217154395974
1635,0.2028,0,34,0,86338,519272,3282,104674,4.810033717440438,0.16776131267769967
1636,0.2029,1,28,1,86366,519244,3283,104673,4.809774352513987,0.1677675075370602
1637,0.203,3,17,3,86383,519227,3286,104670,4.8096168809514985,0.16776807710247044
1638,0.2031,0,30,0,86413,519197,3286,104670,4.8093389899588725,0.16777614459492168
1639,0.2032,5,55,5,86468,519142,3291,104665,4.808829523139057,0.16778426660810156
1640,0.2033,1,14,1,86482,519128,3292,104664,4.808699840675831,0.16778669813014593
1641,0.2034,1,20,1,86502,519108,3293,104663,4.80851458001408,0.16779074371844796
1642,0.2035,4,64,4,86566,519044,3297,104659,4.8079217458964765,0.16780262400533588
1643,0.2036,0,16,0,86582,519028,3297,104659,4.807773537367075,0.16780692879601466
1644,0.2037,2,21,2,86603,519007,3299,104657,4.807579013672237,0.16780991046460914
1645,0.2038,5,28,5,86631,518979,3304,104652,4.807319648745786,0.16781077271655834
1646,0.2039,7,70,7,86701,518909,3311,104645,4.806671236429657,0.16782026897429894
1647,0.204,1,12,1,86713,518897,3312,104644,4.806560080032606,0.16782216405978115
1648,0.2041,1,5,1,86718,518892,3313,104643,4.8065137648671685,0.1678221751786187
1649,0.2042,4,44,4,86762,518848,3317,104639,4.806106191411316,0.16782867966773968
1650,0.2043,7,98,7,86860,518750,3324,104632,4.805198414168736,0.16784571899734033
1651,0.2044,3,28,3,86888,518722,3327,104629,4.804939049242284,0.16784925347035617
1652,0.2045,5,19,5,86907,518703,3332,104624,4.80476305161362,0.16784769470919758
1653,0.2046,0,26,0,86933,518677,3332,104624,4.804522212753344,0.16785469620616683
1654,0.2047,4,64,4,86997,518613,3336,104620,4.803929378635741,0.16786659243011842
1655,0.2048,2,29,2,87026,518584,3338,104618,4.803660750676201,0.16787173340265274
1656,0.2049,3,40,3,87066,518544,3341,104615,4.803290229352699,0.16787850291819584
1657,0.205,4,151,4,87217,518393,3345,104611,4.801891511356478,0.1679138496703071
1658,0.2051,0,13,0,87230,518380,3345,104611,4.801771091926341,0.16791735354122292
1659,0.2052,1,16,1,87246,518364,3346,104610,4.80162288339694,0.1679203305434898
1660,0.2053,6,60,6,87306,518304,3352,104604,4.801067101411686,0.16792849024253984
1661,0.2054,1,16,1,87322,518288,3353,104603,4.800918892882286,0.16793146794543506
1662,0.2055,4,70,4,87392,518218,3357,104599,4.800270480566157,0.1679449982900274
1663,0.2056,0,17,0,87409,518201,3357,104599,4.8001130090036686,0.16794958253050737
1664,0.2057,2,55,2,87464,518146,3359,104597,4.799603542183853,0.1679617434479392
1665,0.2058,2,66,2,87530,518080,3361,104595,4.798992182000074,0.16797687397117275
1666,0.2059,12,221,12,87751,517859,3373,104583,4.796945051687724,0.16802047419679264
1667,0.206,3,36,3,87787,517823,3376,104580,4.796611582496572,0.16802618239307973
1668,0.2061,1,19,1,87806,517804,3377,104579,4.796435584867909,0.16802997511178808
1669,0.2062,4,69,4,87875,517735,3381,104575,4.795796435584868,0.16804325818322058
1670,0.2063,0,28,0,87903,517707,3381,104575,4.795537070658416,0.1680508194034216
1671,0.2064,1,74,1,87977,517633,3382,104574,4.794851606209938,0.16806946884236276
1672,0.2065,10,184,10,88161,517449,3392,104564,4.793147208121828,0.1681058112933331
1673,0.2066,7,114,7,88275,517335,3399,104557,4.792091222349846,0.16812726325471303
1674,0.2067,1,12,1,88287,517323,3400,104556,4.791980065952796,0.16812916982242526
1675,0.2068,2,41,2,88328,517282,3402,104554,4.791600281596206,0.1681375796833892
1676,0.2069,4,55,4,88383,517227,3406,104550,4.79109081477639,0.16814710097028357
1677,0.207,13,241,13,88624,516986,3419,104537,4.7888584238022895,0.1681949018781284
1678,0.2071,4,50,4,88674,516936,3423,104533,4.788395272147912,0.16820308012145416
1679,0.2072,2,9,2,88683,516927,3425,104531,4.788311904850124,0.16820283912991707
1680,0.2073,1,24,1,88707,516903,3426,104530,4.788089592056023,0.16820799667864436
1681,0.2074,21,523,21,89230,516380,3447,104509,4.783245025751232,0.1683215518393787
1682,0.2075,0,17,0,89247,516363,3447,104509,4.783087554188744,0.16832616062570063
1683,0.2076,0,5,0,89252,516358,3447,104509,4.783041239023306,0.16832751619912156
1684,0.2077,5,199,5,89451,516159,3452,104504,4.781197895438883,0.1683747863172124
1685,0.2078,1,11,1,89462,516148,3453,104503,4.78109600207492,0.16837643055436952
1686,0.2079,6,135,6,89597,516013,3459,104497,4.7798454926081,0.16840502167571836
1687,0.208,0,5,0,89602,516008,3459,104497,4.779799177442662,0.16840637867543373
1688,0.2081,2,58,2,89660,515950,3461,104495,4.779261921523584,0.16841944088517113
1689,0.2082,1,19,1,89679,515931,3462,104494,4.77908592389492,0.16842325825039287
1690,0.2083,0,3,0,89682,515928,3462,104494,4.779058134795657,0.16842407264732714
1691,0.2084,1,52,1,89734,515876,3463,104493,4.778576457075105,0.1684368496813993
1692,0.2085,41,1048,41,90782,514828,3504,104452,4.768868798399348,0.16866683890970158
1693,0.2086,3,30,3,90812,514798,3507,104449,4.768590907406721,0.16867098266119981
1694,0.2087,1,5,1,90817,514793,3508,104448,4.768544592241284,0.1686710020815805
1695,0.2088,1,27,1,90844,514766,3509,104447,4.76829449034792,0.16867701420997297
1696,0.2089,5,86,5,90930,514680,3514,104442,4.76749786950239,0.1686937307994224
1697,0.209,0,14,0,90944,514666,3514,104442,4.767368187039164,0.1686975455009465
1698,0.2091,0,9,0,90953,514657,3514,104442,4.767284819741376,0.1686999979001743
1699,0.2092,23,418,23,91371,514239,3537,104419,4.763412871910779,0.16878307562498182
1700,0.2093,1,18,1,91389,514221,3538,104418,4.763246137315202,0.1687866429371572
1701,0.2094,7,154,7,91543,514067,3545,104411,4.761819630219719,0.16881926277086653
1702,0.2095,1,11,1,91554,514056,3546,104410,4.761717736855756,0.168820921441114
1703,0.2096,2,58,2,91612,513998,3548,104408,4.761180480936678,0.1688340669398421
1704,0.2097,2,33,2,91645,513965,3550,104406,4.760874800844789,0.16884038869869383
1705,0.2098,1,10,1,91655,513955,3551,104405,4.760782170513913,0.168841775017789
1706,0.2099,1,7,1,91662,513948,3552,104404,4.760717329282301,0.16884234222578726
1707,0.21,151,3184,151,94846,510764,3703,104253,4.731223831931528,0.1695123874624604
1708,0.2101,0,12,0,94858,510752,3703,104253,4.731112675534477,0.16951569499434965
1709,0.2102,1,22,1,94880,510730,3704,104252,4.7309088888065505,0.16952040872740992
1710,0.2103,0,20,0,94900,510710,3704,104252,4.7307236281447995,0.1695259219268833
1711,0.2104,3,11,3,94911,510699,3707,104249,4.730621734780836,0.16952490291862077
1712,0.2105,0,21,0,94932,510678,3707,104249,4.730427211085998,0.16953069226103262
1713,0.2106,1,24,1,94956,510654,3708,104248,4.7302048982918965,0.16953595857551285
1714,0.2107,0,8,0,94964,510646,3708,104248,4.730130794027196,0.16953816430148935
1715,0.2108,0,16,0,94980,510630,3708,104248,4.729982585497796,0.16954257592563077
1716,0.2109,0,23,0,95003,510607,3708,104248,4.729769535736781,0.1695489180375861
1717,0.211,0,10,0,95013,510597,3708,104248,4.729676905405906,0.16955167562556417
1718,0.2111,1,15,1,95028,510582,3709,104247,4.729537959909592,0.16955446148441275
1719,0.2112,0,17,0,95045,510565,3709,104247,4.729380488347104,0.16955914978887854
1720,0.2113,3,22,3,95067,510543,3712,104244,4.729176701619179,0.16956116508644456
1721,0.2114,1,15,1,95082,510528,3713,104243,4.729037756122865,0.16956395145509467
1722,0.2115,1,6,1,95088,510522,3714,104242,4.7289821779243395,0.1695642555517239
1723,0.2116,0,16,0,95104,510506,3714,104242,4.728833969394938,0.16956866878786103
1724,0.2117,4,24,4,95128,510482,3718,104238,4.728611656600838,0.1695698854763144
1725,0.2118,1,20,1,95148,510462,3719,104237,4.728426395939087,0.1695740516903395
1726,0.2119,0,10,0,95158,510452,3719,104237,4.728333765608211,0.16957681038704125
1727,0.212,1,28,1,95186,510424,3720,104236,4.728074400681759,0.16958318419939478
1728,0.2121,0,21,0,95207,510403,3720,104236,4.727879876986921,0.16958897824576702
1729,0.2122,3,14,3,95221,510389,3723,104233,4.727750194523695,0.1695887879054118
1730,0.2123,0,21,0,95242,510368,3723,104233,4.727555670828856,0.16959458250149284
1731,0.2124,5,53,5,95295,510315,3728,104228,4.727064730075216,0.16960245255417442
1732,0.2125,0,11,0,95306,510304,3728,104228,4.726962836711253,0.169605488404184
1733,0.2126,0,17,0,95323,510287,3728,104228,4.726805365148764,0.1696101803861582
1734,0.2127,1,32,1,95355,510255,3729,104227,4.726508948089963,0.16961766170530626
1735,0.2128,1,42,1,95397,510213,3730,104226,4.726119900700286,0.16962790447871962
1736,0.2129,0,16,0,95413,510197,3730,104226,4.7259716921708845,0.16963232170670695
1737,0.213,2,22,2,95435,510175,3732,104224,4.725767905442958,0.16963569276642704
1738,0.2131,0,19,0,95454,510156,3732,104224,4.7255919078142945,0.16964093883264428
1739,0.2132,1,52,1,95506,510104,3733,104223,4.725110230093742,0.16965394651382731
1740,0.2133,1,26,1,95532,510078,3734,104222,4.724869391233465,0.16965977535406154
1741,0.2134,0,21,0,95553,510057,3734,104222,4.724674867538627,0.16966557541442895
1742,0.2135,1,62,1,95615,509995,3735,104221,4.724100559487199,0.16968134988342862
1743,0.2136,0,10,0,95625,509985,3735,104221,4.724007929156323,0.16968411249645884
1744,0.2137,3,22,3,95647,509963,3738,104218,4.7238041424283965,0.16968613486903697
1745,0.2138,3,34,3,95681,509929,3741,104215,4.72348919930342,0.16969147300958734
1746,0.2139,4,67,4,95748,509862,3745,104211,4.722868576086554,0.16970457909727346
1747,0.214,1,21,1,95769,509841,3746,104210,4.7226740523917154,0.16970903068311916
1748,0.2141,1,7,1,95776,509834,3747,104209,4.722609211160102,0.16970961317041314
1749,0.2142,3,43,3,95819,509791,3750,104206,4.722210900737338,0.16971744161616426
1750,0.2143,10,101,10,95920,509690,3760,104196,4.721275334395495,0.16973183946204995
1751,0.2144,2,27,2,95947,509663,3762,104194,4.7210252325021305,0.16973659989215728
1752,0.2145,2,7,2,95954,509656,3764,104192,4.720960391270518,0.16973583036842996
1753,0.2146,4,41,4,95995,509615,3768,104188,4.720580606913928,0.16974175753458356
1754,0.2147,4,50,4,96045,509565,3772,104184,4.72011745525955,0.16975017474570223
1755,0.2148,2,30,2,96075,509535,3774,104182,4.719839564266923,0.16975576690885213
1756,0.2149,1,32,1,96107,509503,3775,104181,4.719543147208122,0.16976326578499684
1757,0.215,9,144,9,96251,509359,3784,104172,4.718209270443514,0.16979093150957328
1758,0.2151,2,15,2,96266,509344,3786,104170,4.718070324947201,0.1697923763760892
1759,0.2152,0,12,0,96278,509332,3786,104170,4.71795916855015,0.16979569748753875
1760,0.2153,2,81,2,96359,509251,3788,104168,4.717208862870058,0.16981541165174213
1761,0.2154,1,26,1,96385,509225,3789,104167,4.716968024009781,0.16982125622766517
1762,0.2155,2,75,2,96460,509150,3791,104165,4.7162732965282155,0.16983931584911505
1763,0.2156,1,27,1,96487,509123,3792,104164,4.716023194634851,0.169845439410912
1764,0.2157,3,63,3,96550,509060,3795,104161,4.715439623550336,0.16985882740480185
1765,0.2158,5,57,5,96607,509003,3800,104156,4.714911630664345,0.16986784830688287
1766,0.2159,10,226,10,96833,508777,3810,104146,4.712818185186557,0.1699169389955998
1767,0.216,0,43,0,96876,508734,3810,104146,4.712419874763793,0.16992886046208067
1768,0.2161,1,13,1,96889,508721,3811,104145,4.712299455333654,0.16993111055271462
1769,0.2162,2,54,2,96943,508667,3813,104143,4.7117992515469265,0.1699433755976567
1770,0.2163,3,34,3,96977,508633,3816,104140,4.71148430842195,0.16994874121412007
1771,0.2164,1,55,1,97032,508578,3817,104139,4.710974841602134,0.1699626418069027
1772,0.2165,10,191,10,97223,508387,3827,104129,4.709205602282411,0.17000208974132922
1773,0.2166,5,120,5,97343,508267,3832,104124,4.708094038311905,0.1700286255023343
1774,0.2167,0,20,0,97363,508247,3832,104124,4.707908777650154,0.1700341786270088
1775,0.2168,5,47,5,97410,508200,3837,104119,4.707473415095039,0.170040452770533
1776,0.2169,4,60,4,97470,508140,3841,104115,4.706917633109786,0.17005169414704657
1777,0.217,15,256,15,97726,507884,3856,104100,4.704546296639371,0.17010248633951214
1778,0.2171,2,39,2,97765,507845,3858,104098,4.704185038348957,0.17011061487752943
1779,0.2172,1,23,1,97788,507822,3859,104097,4.703971988587943,0.17011565256185868
1780,0.2173,4,17,4,97805,507805,3863,104093,4.703814517025455,0.17011495379948946
1781,0.2174,31,499,31,98304,507306,3894,104062,4.699192263514766,0.17021172190889938
1782,0.2175,1,19,1,98323,507287,3895,104061,4.699016265886102,0.17021565458625856
1783,0.2176,0,11,0,98334,507276,3895,104061,4.698914372522139,0.17021871733593746
1784,0.2177,10,228,10,98562,507048,3905,104051,4.696802400978176,0.17026864714227974
1785,0.2178,1,19,1,98581,507029,3906,104050,4.696626403349513,0.17027258341392848
1786,0.2179,12,186,12,98767,506843,3918,104038,4.6949034791952275,0.1703081287517536
1787,0.218,0,11,0,98778,506832,3918,104038,4.694801585831264,0.1703111955080459
1788,0.2181,3,75,3,98853,506757,3921,104035,4.694106858349698,0.1703280331111082
1789,0.2182,0,17,0,98870,506740,3921,104035,4.693949386787209,0.17033277393475502
1790,0.2183,4,14,4,98884,506726,3925,104031,4.6938197043239835,0.17033124466850155
1791,0.2184,5,38,5,98922,506688,3930,104026,4.693467709066657,0.1703350504491464
1792,0.2185,60,1081,60,100003,505607,3990,103966,4.68345437029901,0.17055545439184477
1793,0.2186,1,40,1,100043,505567,3991,103965,4.6830838489755084,0.1705652861539673
1794,0.2187,0,7,0,100050,505560,3991,103965,4.683019007743896,0.17056724498584963
1795,0.2188,1,33,1,100083,505527,3992,103964,4.6827133276520065,0.17057511923884028
1796,0.2189,5,104,5,100187,505423,3997,103959,4.681749972210901,0.17059742493214436
1797,0.219,1,14,1,100201,505409,3998,103958,4.681620289747675,0.1705999832613187
1798,0.2191,4,13,4,100214,505396,4002,103954,4.681499870317537,0.1705981783868056
1799,0.2192,27,505,27,100719,504891,4029,103927,4.676822038608322,0.17070290300221083
1800,0.2193,1,16,1,100735,504875,4030,103926,4.676673830078921,0.17070602709259675
1801,0.2194,13,174,13,100909,504701,4043,103913,4.675062062321687,0.17073711745046943
1802,0.2195,2,5,2,100914,504696,4045,103911,4.675015747156249,0.1707357950204319
1803,0.2196,5,72,5,100986,504624,4050,103906,4.674348808773945,0.1707491824560827
1804,0.2197,0,42,0,101028,504582,4050,103906,4.673959761384268,0.17076096817028438
1805,0.2198,0,14,0,101042,504568,4050,103906,4.673830078921042,0.17076489710324516
1806,0.2199,0,8,0,101050,504560,4050,103906,4.673755974656341,0.1707671422889693
1807,0.22,168,3354,168,104404,501206,4218,103738,4.642687761680684,0.1714836414610278
1808,0.2201,2,13,2,104417,501193,4220,103736,4.642567342250547,0.1714845874474525
1809,0.2202,0,7,0,104424,501186,4220,103736,4.642502501018933,0.1714865718224829
1810,0.2203,0,29,0,104453,501157,4220,103736,4.642233873059395,0.1714947932940206
1811,0.2204,0,17,0,104470,501140,4220,103736,4.642076401496906,0.17149961314385098
1812,0.2205,1,11,1,104481,501129,4221,103735,4.641974508132943,0.1715013622897048
1813,0.2206,1,7,1,104488,501122,4222,103734,4.64190966690133,0.1715019773301414
1814,0.2207,1,10,1,104498,501112,4223,103733,4.641817036570455,0.17150344303085915
1815,0.2208,0,13,0,104511,501099,4223,103733,4.641696617140316,0.1715071292524205
1816,0.2209,2,31,2,104542,501068,4225,103731,4.641409463114602,0.17151318041200464
1817,0.221,0,9,0,104551,501059,4225,103731,4.641326095816814,0.17151573273367615
1818,0.2211,2,15,2,104566,501044,4227,103729,4.641187150320501,0.17151724696704385
1819,0.2212,0,14,0,104580,501030,4227,103729,4.641057467857276,0.1715212175428559
1820,0.2213,2,23,2,104603,501007,4229,103727,4.640844418096261,0.17152500107485275
1821,0.2214,3,27,3,104630,500980,4232,103724,4.640594316202898,0.17152854950521246
1822,0.2215,0,23,0,104653,500957,4232,103724,4.640381266441883,0.1715350738653935
1823,0.2216,1,17,1,104670,500940,4233,103723,4.640223794879395,0.17153852641884818
1824,0.2217,0,40,0,104710,500900,4233,103723,4.639853273555893,0.1715498748807108
1825,0.2218,1,19,1,104729,500881,4234,103722,4.639677275927229,0.1715538956968457
1826,0.2219,3,20,3,104749,500861,4237,103719,4.639492015265478,0.17155545998875252
1827,0.222,2,25,2,104774,500836,4239,103717,4.6392604394382895,0.1715598136143564
1828,0.2221,0,23,0,104797,500813,4239,103717,4.639047389677276,0.17156634079367442
1829,0.2222,2,26,2,104823,500787,4241,103715,4.638806550817,0.17157097908691782
1830,0.2223,0,17,0,104840,500770,4241,103715,4.638649079254511,0.17157580419696106
1831,0.2224,1,58,1,104898,500712,4242,103714,4.638111823335433,0.17159089781048467
1832,0.2225,1,22,1,104920,500690,4243,103713,4.637908036607507,0.17159577301899562
1833,0.2226,0,8,0,104928,500682,4243,103713,4.637833932342806,0.17159804432531706
1834,0.2227,4,19,4,104947,500663,4247,103709,4.6376579347141424,0.17159795622563587
1835,0.2228,2,52,2,104999,500611,4249,103707,4.63717625699359,0.17160998017600004
1836,0.2229,3,20,3,105019,500591,4252,103704,4.636990996331839,0.1716115473402891
1837,0.223,3,24,3,105043,500567,4255,103701,4.6367686835377375,0.17161425063051494
1838,0.2231,2,27,2,105070,500540,4257,103699,4.636518581644373,0.17161917717989073
1839,0.2232,2,49,2,105119,500491,4259,103697,4.6360646930230835,0.17163035346613967
1840,0.2233,0,13,0,105132,500478,4259,103697,4.635944273592945,0.17163404642694582
1841,0.2234,1,14,1,105146,500464,4260,103696,4.635814591129719,0.17163665254237287
1842,0.2235,3,73,3,105219,500391,4263,103693,4.635138389714328,0.1716532800074162
1843,0.2236,0,14,0,105233,500377,4263,103693,4.635008707251102,0.17165725826477063
1844,0.2237,0,30,0,105263,500347,4263,103693,4.634730816258475,0.17166578372293226
1845,0.2238,1,21,1,105284,500326,4264,103692,4.634536292563637,0.17167038068401935
1846,0.2239,5,68,5,105352,500258,4269,103687,4.633906406313684,0.17168285191532343
1847,0.224,1,16,1,105368,500242,4270,103686,4.6337581977842826,0.17168602879813488
1848,0.2241,1,18,1,105386,500224,4271,103685,4.633591463188706,0.1716897744527735
1849,0.2242,5,47,5,105433,500177,4276,103680,4.633156100633592,0.17169627908594254
1850,0.2243,9,104,9,105537,500073,4285,103671,4.632192745192486,0.17171350771187788
1851,0.2244,1,34,1,105571,500039,4286,103670,4.631877802067509,0.17172180636697482
1852,0.2245,0,19,0,105590,500020,4286,103670,4.631701804438846,0.17172721098577085
1853,0.2246,2,35,2,105625,499985,4288,103668,4.631377598280781,0.17173442358441024
1854,0.2247,5,60,5,105685,499925,4293,103663,4.630821816295528,0.171744633756801
1855,0.2248,2,35,2,105720,499890,4295,103661,4.630497610137463,0.1717518486424511
1856,0.2249,4,31,4,105751,499859,4299,103657,4.630210456111749,0.1717551813042239
1857,0.225,14,179,14,105930,499680,4313,103643,4.628552373189077,0.17178692010747146
1858,0.2251,1,21,1,105951,499659,4314,103642,4.628357849494239,0.1717915269492343
1859,0.2252,1,19,1,105970,499640,4315,103641,4.628181851865575,0.17179556458764655
1860,0.2253,5,91,5,106061,499549,4320,103636,4.627338915854607,0.17181461740593681
1861,0.2254,0,28,0,106089,499521,4320,103636,4.627079550928156,0.17182259345410897
1862,0.2255,4,65,4,106154,499456,4324,103632,4.626477453777465,0.17183561934576713
1863,0.2256,2,28,2,106182,499428,4326,103630,4.626218088851013,0.17184085112874714
1864,0.2257,6,47,6,106229,499381,4332,103624,4.625782726295898,0.1718460045936601
1865,0.2258,2,71,2,106300,499310,4334,103622,4.625125050946682,0.17186349372731916
1866,0.2259,11,238,11,106538,499072,4345,103611,4.622920449071844,0.17191624784505288
1867,0.226,5,35,5,106573,499037,4350,103606,4.6225962429137795,0.17191936187759585
1868,0.2261,2,26,2,106599,499011,4352,103604,4.622355404053503,0.17192403109779877
1869,0.2262,4,86,4,106685,498925,4356,103600,4.621558783207973,0.17194307290153935
1870,0.2263,4,39,4,106724,498886,4360,103596,4.621197524917559,0.17194870552149275
1871,0.2264,5,76,5,106800,498810,4365,103591,4.620493534402905,0.1719635259569622
1872,0.2265,12,173,12,106973,498637,4377,103579,4.618891029678758,0.17199642653134423
1873,0.2266,9,107,9,107080,498530,4386,103570,4.61789988513839,0.17201461551237335
1874,0.2267,1,8,1,107088,498522,4387,103569,4.617825780873689,0.17201552589226546
1875,0.2268,7,43,7,107131,498479,4394,103562,4.617427470450925,0.17201818480801143
1876,0.2269,3,67,3,107198,498412,4397,103559,4.616806847234058,0.17203320425734794
1877,0.227,21,251,21,107449,498161,4418,103538,4.614481825929082,0.17207607125822047
1878,0.2271,5,60,5,107509,498101,4423,103533,4.613926043943829,0.17208635150274088
1879,0.2272,1,13,1,107522,498088,4424,103532,4.613805624513691,0.17208869385991157
1880,0.2273,1,25,1,107547,498063,4425,103531,4.613574048686502,0.17209446902728417
1881,0.2274,24,494,24,108041,497569,4449,103507,4.6089981103412505,0.1722028495564621
1882,0.2275,1,16,1,108057,497553,4450,103506,4.608849901811849,0.17220605631061178
1883,0.2276,2,14,2,108071,497539,4452,103504,4.608720219348624,0.1722073129543144
1884,0.2277,14,214,14,108285,497325,4466,103490,4.606737930267887,0.17224936128425555
1885,0.2278,0,21,0,108306,497304,4466,103490,4.606543406573048,0.17225538204442786
1886,0.2279,14,195,14,108501,497109,4480,103476,4.604737115120975,0.17229201528509702
1887,0.228,2,11,2,108512,497098,4482,103474,4.604635221757012,0.1722924145647816
1888,0.2281,7,76,7,108588,497022,4489,103467,4.603931231242358,0.17230457177400418
1889,0.2282,1,26,1,108614,496996,4490,103466,4.603690392382082,0.1723106541296535
1890,0.2283,1,5,1,108619,496991,4491,103465,4.603644077216644,0.1723107105266664
1891,0.2284,6,62,6,108681,496929,4497,103459,4.603069769165216,0.17232023291604762
1892,0.2285,60,1076,60,109757,495853,4557,103399,4.593102745563007,0.1725467749794744
1893,0.2286,5,33,5,109790,495820,4562,103394,4.592797065471117,0.17254937301197903
1894,0.2287,0,1,0,109791,495819,4562,103394,4.59278780243803,0.1725496609719749
1895,0.2288,2,48,2,109839,495771,4564,103392,4.592343176849828,0.17256072220747942
1896,0.2289,6,95,6,109934,495676,4570,103386,4.59146318870651,0.17257979975361482
1897,0.229,1,15,1,109949,495661,4571,103385,4.591324243210197,0.17258273988975806
1898,0.2291,1,10,1,109959,495651,4572,103384,4.591231612879321,0.17258423965210715
1899,0.2292,25,431,25,110390,495220,4597,103359,4.587239245618585,0.1726739494703289
1900,0.2293,1,19,1,110409,495201,4598,103358,4.587063247989922,0.17267804844635198
1901,0.2294,8,158,8,110567,495043,4606,103350,4.5855996887620885,0.17271258186509536
1902,0.2295,1,9,1,110576,495034,4607,103349,4.585516321464301,0.17271379701629225
1903,0.2296,2,63,2,110639,494971,4609,103347,4.584932750379784,0.1727292175732637
1904,0.2297,2,33,2,110672,494938,4611,103345,4.584627070287895,0.17273597946122488
1905,0.2298,0,11,0,110683,494927,4611,103345,4.584525176923932,0.1727391554343175
1906,0.2299,0,9,0,110692,494918,4611,103345,4.584441809626144,0.17274175404462586
1907,0.23,164,3416,164,114108,491502,4775,103181,4.552799288599059,0.17350588464778713
1908,0.2301,2,15,2,114123,491487,4777,103179,4.552660343102746,0.1735074815106295
1909,0.2302,0,16,0,114139,491471,4777,103179,4.552512134573345,0.17351215000420414
1910,0.2303,2,13,2,114152,491458,4779,103177,4.552391715143206,0.17351316353729598
1911,0.2304,2,7,2,114159,491451,4781,103175,4.552326873911594,0.17351242629821098
1912,0.2305,0,18,0,114177,491433,4781,103175,4.552160139316018,0.173517678874149
1913,0.2306,0,15,0,114192,491418,4781,103175,4.552021193819704,0.17352205626369635
1914,0.2307,1,19,1,114211,491399,4782,103174,4.55184519619104,0.1735262112473994
1915,0.2308,0,12,0,114223,491387,4782,103174,4.55173403979399,0.17352971351972296
1916,0.2309,4,18,4,114241,491369,4786,103170,4.5515673051984145,0.17352940681771928
1917,0.231,0,8,0,114249,491361,4786,103170,4.551493200933714,0.17353174182675082
1918,0.2311,4,15,4,114264,491346,4790,103166,4.5513542554374,0.1735305595177221
1919,0.2312,1,22,1,114286,491324,4791,103165,4.551150468709475,0.17353559107065059
1920,0.2313,1,33,1,114319,491291,4792,103164,4.550844788617585,0.17354383426836345
1921,0.2314,0,12,0,114331,491279,4792,103164,4.550733632220535,0.17354733759166144
1922,0.2315,3,11,3,114342,491268,4795,103161,4.550631738856572,0.1735463781208521
1923,0.2316,2,13,2,114355,491255,4797,103159,4.550511319426433,0.1735473928945146
1924,0.2317,1,27,1,114382,491228,4798,103158,4.550261217533069,0.17355388585868442
1925,0.2318,2,19,2,114401,491209,4800,103156,4.550085219904405,0.17355665289847147
1926,0.2319,1,18,1,114419,491191,4801,103155,4.5499184853088295,0.17356051862046687
1927,0.232,1,37,1,114456,491154,4802,103154,4.54957575308459,0.17356993343518848
1928,0.2321,1,31,1,114487,491123,4803,103153,4.549288599058876,0.17357759694148847
1929,0.2322,1,18,1,114505,491105,4804,103152,4.5491218644633,0.17358146391207843
1930,0.2323,1,10,1,114515,491095,4805,103151,4.5490292341324245,0.1735829942481733
1931,0.2324,1,62,1,114577,491033,4806,103150,4.548454926080996,0.17359971591243775
1932,0.2325,1,14,1,114591,491019,4807,103149,4.548325243617771,0.17360241547845054
1933,0.2326,0,18,0,114609,491001,4807,103149,4.548158509022194,0.1736076748295885
1934,0.2327,1,27,1,114636,490974,4808,103148,4.54790840712883,0.1736141735199168
1935,0.2328,1,42,1,114678,490932,4809,103147,4.5475193597391526,0.17362505660021646
1936,0.2329,0,24,0,114702,490908,4809,103147,4.547297046945052,0.17363207110452736
1937,0.233,1,26,1,114728,490882,4810,103146,4.547056208084776,0.17363827967705225
1938,0.2331,4,45,4,114773,490837,4814,103142,4.546639371595836,0.17364586963512177
1939,0.2332,7,48,7,114821,490789,4821,103135,4.546194746007632,0.17365016399404637
1940,0.2333,0,19,0,114840,490770,4821,103135,4.54601874837897,0.17365571934905413
1941,0.2334,1,16,1,114856,490754,4822,103134,4.5458705398495685,0.1736590064119834
1942,0.2335,4,76,4,114932,490678,4826,103130,4.5451665493349145,0.17367566620860614
1943,0.2336,2,19,2,114951,490659,4828,103128,4.544990551706251,0.17367844024877607
1944,0.2337,3,44,3,114995,490615,4831,103125,4.544582978250398,0.1736871357833395
1945,0.2338,3,45,3,115040,490570,4834,103122,4.544166141761458,0.1736961252636047
1946,0.2339,7,85,7,115125,490485,4841,103115,4.5433787839490165,0.17371125336927223
1947,0.234,2,21,2,115146,490464,4843,103113,4.543184260254177,0.17371461495307264
1948,0.2341,3,13,3,115159,490451,4846,103110,4.54306384082404,0.1737142433549374
1949,0.2342,3,55,3,115214,490396,4849,103107,4.542554374004224,0.17372616482140782
1950,0.2343,9,123,9,115337,490273,4858,103098,4.541415020934455,0.17374964398327522
1951,0.2344,3,42,3,115379,490231,4861,103095,4.5410259735447775,0.17375776554541686
1952,0.2345,1,26,1,115405,490205,4862,103094,4.540785134684501,0.1737639874666905
1953,0.2346,1,36,1,115441,490169,4863,103093,4.540451665493349,0.17377313901783698
1954,0.2347,6,76,6,115517,490093,4869,103087,4.539747674978695,0.17378704609056272
1955,0.2348,2,28,2,115545,490065,4871,103085,4.539488310052244,0.17379246396358425
1956,0.2349,2,27,2,115572,490038,4873,103083,4.53923820815888,0.17379758936203574
1957,0.235,13,166,13,115738,489872,4886,103070,4.537700544666346,0.17382813158791247
1958,0.2351,1,16,1,115754,489856,4887,103069,4.537552336136945,0.173831428932833
1959,0.2352,1,13,1,115767,489843,4888,103068,4.537431916706806,0.17383384690113693
1960,0.2353,3,70,3,115837,489773,4891,103065,4.5367835043906775,0.17385019178932526
1961,0.2354,1,29,1,115866,489744,4892,103064,4.536514876431139,0.1738573028704066
1962,0.2355,9,85,9,115951,489659,4901,103055,4.535727518618697,0.17386969094706722
1963,0.2356,2,31,2,115982,489628,4903,103053,4.535440364592982,0.17387599737464168
1964,0.2357,4,81,4,116063,489547,4907,103049,4.53469005891289,0.17389418760842126
1965,0.2358,4,76,4,116139,489471,4911,103045,4.533986068398236,0.17391091548582654
1966,0.2359,15,226,15,116365,489245,4926,103030,4.5318926229204495,0.17395635473386517
1967,0.236,4,41,4,116406,489204,4930,103026,4.5315128385638594,0.17396281849956943
1968,0.2361,2,18,2,116424,489186,4932,103024,4.531346103968283,0.17396531635737322
1969,0.2362,5,90,5,116514,489096,4937,103019,4.530512430990403,0.17398478336134027
1970,0.2363,3,33,3,116547,489063,4940,103016,4.530206750898514,0.17399029521398326
1971,0.2364,8,96,8,116643,488967,4948,103008,4.529317499722109,0.17400734828328898
1972,0.2365,12,225,12,116868,488742,4960,102996,4.5272333172774095,0.17405676160733297
1973,0.2366,6,117,6,116985,488625,4966,102990,4.5261495424061655,0.174082807231054
1974,0.2367,2,12,2,116997,488613,4968,102988,4.526038386009115,0.17408354617385705
1975,0.2368,2,48,2,117045,488565,4970,102986,4.525593760420913,0.17409487939332366
1976,0.2369,5,70,5,117115,488495,4975,102981,4.524945348104783,0.17410850144384557
1977,0.237,18,287,18,117402,488208,4993,102963,4.5222868576086555,0.1741678803594899
1978,0.2371,4,43,4,117445,488165,4997,102959,4.521888547185891,0.17417496159858167
1979,0.2372,0,21,0,117466,488144,4997,102959,4.521694023491052,0.17418114947817892
1980,0.2373,1,29,1,117495,488115,4998,102958,4.521425395531513,0.17418829823050622
1981,0.2374,34,520,34,118015,487595,5032,102924,4.516608618325985,0.1742941378685529
1982,0.2375,1,18,1,118033,487577,5033,102923,4.516441883730408,0.17429805249788316
1983,0.2376,0,20,0,118053,487557,5033,102923,4.516256623068657,0.17430395610350902
1984,0.2377,19,240,19,118293,487317,5052,102904,4.514033495127644,0.17434825260368575
1985,0.2378,1,22,1,118315,487295,5053,102903,4.513829708399719,0.1743533526037025
1986,0.2379,8,199,8,118514,487096,5061,102895,4.511986364815295,0.17440096543845585
1987,0.238,1,5,1,118519,487091,5062,102894,4.511940049649858,0.17440104409434137
1988,0.2381,4,75,4,118594,487016,5066,102890,4.511245322168291,0.17441761907829384
1989,0.2382,2,24,2,118618,486992,5068,102888,4.511023009374189,0.1744219163219638
1990,0.2383,0,8,0,118626,486984,5068,102888,4.510948905109489,0.17442428187810236
1991,0.2384,7,73,7,118699,486911,5075,102881,4.510272703694097,0.1744360723780587
1992,0.2385,57,1098,57,119797,485813,5132,102824,4.500101893363963,0.17468150999682316
1993,0.2386,4,40,4,119837,485773,5136,102820,4.499731372040461,0.17468777236562447
1994,0.2387,1,11,1,119848,485762,5137,102819,4.499629478676498,0.17468963490156836
1995,0.2388,4,40,4,119888,485722,5141,102815,4.499258957352995,0.17469589847367287
1996,0.2389,5,119,5,120007,485603,5146,102810,4.498156656415577,0.17472421581440248
1997,0.239,0,15,0,120022,485588,5146,102810,4.498017710919264,0.1747286700498642
1998,0.2391,2,24,2,120046,485564,5148,102808,4.497795398125162,0.17473299205264697
1999,0.2392,23,484,23,120530,485080,5171,102785,4.493312090110786,0.17484456465344936
2000,0.2393,1,24,1,120554,485056,5172,102784,4.493089777316684,0.17485029940119762
2001,0.2394,9,193,9,120747,484863,5181,102775,4.491302011930786,0.17489508847283533
2002,0.2395,1,11,1,120758,484852,5182,102774,4.491200118566823,0.17489695826937543
2003,0.2396,3,89,3,120847,484763,5185,102771,4.4903757086220315,0.1749192387163977
2004,0.2397,1,31,1,120878,484732,5186,102770,4.490088554596317,0.17492706407807973
2005,0.2398,1,21,1,120899,484711,5187,102769,4.489894030901478,0.17493191257574725
2006,0.2399,0,15,0,120914,484696,5187,102769,4.489755085405165,0.1749363791885474
2007,0.24,176,3403,176,124317,481293,5363,102593,4.458232983808218,0.17570724422233108
2008,0.2401,2,15,2,124332,481278,5365,102591,4.458094038311905,0.17570893470966947
2009,0.2402,3,18,3,124350,481260,5368,102588,4.457927303716329,0.17571011633164796
2010,0.2403,3,22,3,124372,481238,5371,102585,4.457723516988403,0.1757125019055433
2011,0.2404,0,13,0,124385,481225,5371,102585,4.457603097558264,0.17571641458693754
2012,0.2405,3,18,3,124403,481207,5374,102582,4.457436362962689,0.17571759659740077
2013,0.2406,2,25,2,124428,481182,5376,102580,4.4572047871355,0.17572229778574144
2014,0.2407,3,15,3,124443,481167,5379,102577,4.457065841639186,0.17572257702006358
2015,0.2408,1,9,1,124452,481158,5380,102576,4.456982474341398,0.17572387423038577
2016,0.2409,0,29,0,124481,481129,5380,102576,4.456713846381859,0.17573260465474855
2017,0.241,1,18,1,124499,481111,5381,102575,4.456547111786283,0.17573661180840383
2018,0.2411,1,9,1,124508,481102,5382,102574,4.456463744488495,0.17573790938808517
2019,0.2412,0,24,0,124532,481078,5382,102574,4.456241431694394,0.17574513580010007
2020,0.2413,1,25,1,124557,481053,5383,102573,4.456009855867205,0.17575125165773972
2021,0.2414,3,22,3,124579,481031,5386,102570,4.455806069139279,0.17575363990123388
2022,0.2415,0,16,0,124595,481015,5386,102570,4.455657860609878,0.17575845849362132
2023,0.2416,3,34,3,124629,480981,5389,102567,4.455342917484901,0.17576446153529787
2024,0.2417,4,23,4,124652,480958,5393,102563,4.455129867723888,0.17576573936499287
2025,0.2418,1,27,1,124679,480931,5394,102562,4.4548797658305235,0.17577245999523558
2026,0.2419,1,18,1,124697,480913,5395,102561,4.454713031234948,0.17577646990268633
2027,0.242,3,32,3,124729,480881,5398,102558,4.454416614176146,0.17578187265506762
2028,0.2421,3,20,3,124749,480861,5401,102555,4.454231353514395,0.17578366037270146
2029,0.2422,2,22,2,124771,480839,5403,102553,4.454027566786468,0.17578746366079753
2030,0.2423,0,27,0,124798,480812,5403,102553,4.453777464893105,0.17579559966744662
2031,0.2424,4,62,4,124860,480750,5407,102549,4.453203156841676,0.17580863330813185
2032,0.2425,3,15,3,124875,480735,5410,102546,4.453064211345363,0.17580891542841273
2033,0.2426,1,8,1,124883,480727,5411,102545,4.452990107080662,0.17580991372807198
2034,0.2427,4,50,4,124933,480677,5415,102541,4.4525269554262845,0.1758193334224938
2035,0.2428,4,62,4,124995,480615,5419,102537,4.451952647374856,0.1758323730348177
2036,0.2429,0,30,0,125025,480585,5419,102537,4.451674756382229,0.17584141911984114
2037,0.243,2,20,2,125045,480565,5421,102535,4.4514894957204785,0.1758446235637112
2038,0.2431,2,27,2,125072,480538,5423,102533,4.451239393827115,0.17584993937273505
2039,0.2432,4,59,4,125131,480479,5427,102529,4.4506928748749495,0.1758620807947747
2040,0.2433,1,25,1,125156,480454,5428,102528,4.4504612990477606,0.17586820862393693
2041,0.2434,1,38,1,125194,480416,5429,102527,4.450109303790433,0.17587825910938118
2042,0.2435,4,60,4,125254,480356,5433,102523,4.44955352180518,0.17589070802001788
2043,0.2436,3,17,3,125271,480339,5436,102520,4.449396050242691,0.17589159642383492
2044,0.2437,2,40,2,125311,480299,5438,102518,4.449025528919189,0.17590084022943736
2045,0.2438,2,48,2,125359,480251,5440,102516,4.448580903330987,0.17591250019304455
2046,0.2439,3,79,3,125438,480172,5443,102513,4.44784912371707,0.17593210739936674
2047,0.244,0,21,0,125459,480151,5443,102513,4.447654600022231,0.17593844823088436
2048,0.2441,1,18,1,125477,480133,5444,102512,4.447487865426655,0.17594246925657991
2049,0.2442,1,64,1,125541,480069,5445,102511,4.446895031309052,0.17596038312334786
2050,0.2443,8,127,8,125668,479942,5453,102503,4.445718626106933,0.1759874322897441
2051,0.2444,4,42,4,125710,479900,5457,102499,4.4453295787172555,0.17599446427620927
2052,0.2445,4,27,4,125737,479873,5461,102495,4.445079476823891,0.17599696411890764
2053,0.2446,2,42,2,125779,479831,5463,102493,4.444690429434214,0.17600682781406915
2054,0.2447,6,64,6,125843,479767,5469,102487,4.44409759531661,0.17601768300432458
2055,0.2448,1,40,1,125883,479727,5470,102486,4.4437270739931085,0.1760283607545692
2056,0.2449,1,33,1,125916,479694,5471,102485,4.443421393901219,0.17603692335175264
2057,0.245,9,181,9,126097,479513,5480,102476,4.4417447849123715,0.17607892932684294
2058,0.2451,5,24,5,126121,479489,5485,102471,4.441522472118271,0.17607911196645817
2059,0.2452,2,12,2,126133,479477,5487,102469,4.441411315721219,0.17607991119450947
2060,0.2453,3,99,3,126232,479378,5490,102466,4.440494275445552,0.17610562281298767
2061,0.2454,5,19,5,126251,479359,5495,102461,4.440318277816888,0.17610429342408304
2062,0.2455,7,75,7,126326,479284,5502,102454,4.439623550335321,0.17611708363558853
2063,0.2456,3,33,3,126359,479251,5505,102451,4.439317870243433,0.1761228257767723
2064,0.2457,9,77,9,126436,479174,5514,102442,4.438604616695691,0.17613339385436438
2065,0.2458,4,56,4,126492,479118,5518,102438,4.438085886842788,0.17614468769989478
2066,0.2459,19,269,19,126761,478849,5537,102419,4.435594130942236,0.1761992746891279
2067,0.246,5,40,5,126801,478809,5542,102414,4.435223609618734,0.1762043140068442
2068,0.2461,0,22,0,126823,478787,5542,102414,4.4350198228908075,0.17621098380766723
2069,0.2462,6,71,6,126894,478716,5548,102408,4.434362147541591,0.17622400726867243
2070,0.2463,0,45,0,126939,478671,5548,102408,4.433945311052651,0.17623765443252984
2071,0.2464,1,65,1,127004,478606,5549,102407,4.43334321390196,0.17625595296490784
2072,0.2465,20,212,20,127216,478394,5569,102387,4.431379450887398,0.17629192415041126
2073,0.2466,6,114,6,127330,478280,5575,102381,4.430323465115418,0.17631802376946273
2074,0.2467,2,15,2,127345,478265,5577,102379,4.430184519619104,0.17631974152837196
2075,0.2468,4,53,4,127398,478212,5581,102375,4.429693578865463,0.17633016240460087
2076,0.2469,8,69,8,127467,478143,5589,102367,4.429054429582423,0.1763397702020637
2077,0.247,21,252,21,127719,477891,5610,102346,4.426720145244359,0.17638654549778798
2078,0.2471,4,31,4,127750,477860,5614,102342,4.426432991218644,0.1763902916570436
2079,0.2472,4,19,4,127769,477841,5618,102338,4.426256993589981,0.17639038986243902
2080,0.2473,0,28,0,127797,477813,5618,102338,4.42599762866353,0.17639890304420747
2081,0.2474,38,574,38,128371,477239,5656,102300,4.420680647671274,0.17651961300274874
2082,0.2475,0,15,0,128386,477224,5656,102300,4.42054170217496,0.17652418191481284
2083,0.2476,0,16,0,128402,477208,5656,102300,4.420393493645559,0.1765290556817162
2084,0.2477,12,224,12,128626,476984,5668,102288,4.418318574233947,0.1765802593600243
2085,0.2478,2,21,2,128647,476963,5670,102286,4.418124050539109,0.1765838180126336
2086,0.2479,18,200,18,128847,476763,5688,102268,4.416271443921597,0.1766192138244757
2087,0.248,1,19,1,128866,476744,5689,102267,4.4160954462929345,0.17662358746206894
2088,0.2481,2,69,2,128935,476675,5691,102265,4.415456297009893,0.17664179362282792
2089,0.2482,1,28,1,128963,476647,5692,102264,4.415196932083441,0.17664891494547522
2090,0.2483,0,11,0,128974,476636,5692,102264,4.415095038719478,0.17665227154949042
2091,0.2484,5,53,5,129027,476583,5697,102259,4.414604097965838,0.17666133418100277
2092,0.2485,85,1181,85,130208,475402,5782,102174,4.4036644558894364,0.17690139479479758
2093,0.2486,2,40,2,130248,475362,5784,102172,4.4032939345659345,0.1769107965937936
2094,0.2487,1,17,1,130265,475345,5785,102171,4.403136463003446,0.17691457899001933
2095,0.2488,4,36,4,130301,475309,5789,102167,4.402802993812294,0.17691990662815424
2096,0.2489,7,124,7,130425,475185,5796,102160,4.401654377709437,0.17694792541721155
2097,0.249,0,18,0,130443,475167,5796,102160,4.401487643113861,0.1769534423299101
2098,0.2491,1,20,1,130463,475147,5797,102159,4.40130238245211,0.17695814697924497
2099,0.2492,34,471,34,130934,474676,5831,102125,4.3969394938678725,0.17705413132085415
2100,0.2493,6,28,6,130962,474648,5837,102119,4.396680128941421,0.17705416572029953
2101,0.2494,8,174,8,131136,474474,5845,102111,4.395068361184186,0.17709617836051927
2102,0.2495,2,10,2,131146,474464,5847,102109,4.394975730853311,0.17709639542607788
2103,0.2496,5,68,5,131214,474396,5852,102104,4.3943458446033565,0.17711014744145706
2104,0.2497,3,39,3,131253,474357,5855,102101,4.393984586312943,0.17711784726727706
2105,0.2498,0,15,0,131268,474342,5855,102101,4.393845640816629,0.1771224561665247
2106,0.2499,3,17,3,131285,474325,5858,102098,4.3936881692541405,0.17712339722738335
2107,0.25,199,3377,199,134662,470948,6057,101899,4.36240690651747,0.17788170314237484
2108,0.2501,0,7,0,134669,470941,6057,101899,4.3623420652858576,0.1778838768242441
2109,0.2502,0,20,0,134689,470921,6057,101899,4.362156804624106,0.17789008763660485
2110,0.2503,1,21,1,134710,470900,6058,101898,4.3619622809292675,0.17789517421499376
2111,0.2504,0,12,0,134722,470888,6058,101898,4.361851124532217,0.17789890116029372
2112,0.2505,0,32,0,134754,470856,6058,101898,4.361554707473415,0.17790884044458877
2113,0.2506,1,22,1,134776,470834,6059,101897,4.361350920745489,0.17791423897082576
2114,0.2507,1,21,1,134797,470813,6060,101896,4.36115639705065,0.17791932726742551
2115,0.2508,1,7,1,134804,470806,6061,101895,4.361091555819037,0.1779200664919391
2116,0.2509,2,35,2,134839,470771,6063,101893,4.360767349660973,0.17792806951371135
2117,0.251,1,11,1,134850,470760,6064,101892,4.36066545629701,0.17793005175918358
2118,0.2511,1,13,1,134863,470747,6065,101891,4.3605450368668714,0.1779326555345611
2119,0.2512,1,27,1,134890,470720,6066,101890,4.360294934973508,0.17793960985662144
2120,0.2513,3,31,3,134921,470689,6069,101887,4.360007780947794,0.1779449365673727
2121,0.2514,2,19,2,134940,470670,6071,101885,4.35983178331913,0.1779479700640113
2122,0.2515,0,17,0,134957,470653,6071,101885,4.359674311756642,0.17795325375782917
2123,0.2516,0,27,0,134984,470626,6071,101885,4.359424209863278,0.177961646151777
2124,0.2517,3,29,3,135013,470597,6074,101882,4.359155581903739,0.17796635335095262
2125,0.2518,2,15,2,135028,470582,6076,101880,4.359016636407425,0.17796814461047197
2126,0.2519,4,24,4,135052,470558,6080,101876,4.358794323613324,0.17796986202776216
2127,0.252,1,28,1,135080,470530,6081,101875,4.358534958686873,0.17797713157641878
2128,0.2521,2,27,2,135107,470503,6083,101873,4.358284856793508,0.17798265475841055
2129,0.2522,1,19,1,135126,470484,6084,101872,4.358108859164845,0.17798712689305257
2130,0.2523,0,31,0,135157,470453,6084,101872,4.357821705139131,0.17799676757087318
2131,0.2524,3,72,3,135229,470381,6087,101869,4.3571547667568264,0.17801485364788117
2132,0.2525,2,16,2,135245,470365,6089,101867,4.357006558227426,0.1780169581568315
2133,0.2526,2,15,2,135260,470350,6091,101865,4.356867612731112,0.17801875169298254
2134,0.2527,3,43,3,135303,470307,6094,101862,4.356469302308348,0.17802782045164978
2135,0.2528,4,39,4,135342,470268,6098,101858,4.356108044017933,0.1780342092476133
2136,0.2529,1,22,1,135364,470246,6099,101857,4.355904257290007,0.17803961873998214
2137,0.253,0,27,0,135391,470219,6099,101857,4.3556541553966435,0.1780480215915368
2138,0.2531,1,31,1,135422,470188,6100,101856,4.3553670013709285,0.1780562334365888
2139,0.2532,3,59,3,135481,470129,6103,101853,4.354820482418763,0.17807028892517596
2140,0.2533,1,21,1,135502,470108,6104,101852,4.354625958723925,0.1780753898874047
2141,0.2534,2,36,2,135538,470072,6106,101850,4.354292489532773,0.17808372470371833
2142,0.2535,8,77,8,135615,469995,6114,101842,4.353579235985031,0.1780962057369495
2143,0.2536,1,27,1,135642,469968,6115,101841,4.353329134091667,0.1781031778093734
2144,0.2537,2,30,2,135672,469938,6117,101839,4.35305124309904,0.17810964764235007
2145,0.2538,4,43,4,135715,469895,6121,101835,4.352652932676276,0.17811729312787505
2146,0.2539,11,91,11,135806,469804,6132,101824,4.351809996665308,0.17812983268839175
2147,0.254,2,16,2,135822,469788,6134,101822,4.351661788135908,0.17813194310806318
2148,0.2541,1,9,1,135831,469779,6135,101821,4.351578420838119,0.1781333100069979
2149,0.2542,6,61,6,135892,469718,6141,101815,4.351013375819779,0.17814369423987766
2150,0.2543,1,118,1,136010,469600,6142,101814,4.349920337915447,0.17817904356561093
2151,0.2544,2,30,2,136040,469570,6144,101812,4.349642446922821,0.17818552212005279
2152,0.2545,4,36,4,136076,469534,6148,101808,4.349308977731669,0.17819099593588428
2153,0.2546,2,32,2,136108,469502,6150,101806,4.3490125606728665,0.1781980997990576
2154,0.2547,2,77,2,136185,469425,6152,101804,4.348299307125125,0.1782192430706424
2155,0.2548,5,36,5,136221,469389,6157,101799,4.347965837933973,0.17822328200172272
2156,0.2549,4,39,4,136260,469350,6161,101795,4.3476045796435585,0.1782296964868816
2157,0.255,11,164,11,136424,469186,6172,101784,4.346085442217199,0.17826505770881132
2158,0.2551,2,21,2,136445,469165,6174,101782,4.345890918522361,0.17826873597724482
2159,0.2552,3,22,3,136467,469143,6177,101779,4.345687131794435,0.17827128749636553
2160,0.2553,6,98,6,136565,469045,6183,101773,4.3447793545518545,0.178293256344404
2161,0.2554,2,26,2,136591,469019,6185,101771,4.344538515691578,0.17829849857215438
2162,0.2555,10,95,10,136686,468924,6195,101761,4.343658527548261,0.17831378080727547
2163,0.2556,2,28,2,136714,468896,6197,101759,4.343399162621809,0.17831965022649413
2164,0.2557,5,65,5,136779,468831,6202,101754,4.342797065471117,0.17833276374247484
2165,0.2558,2,73,2,136852,468758,6204,101752,4.342120864055726,0.1783527019684142
2166,0.2559,22,264,22,137116,468494,6226,101730,4.339675423320612,0.17840357473554252
2167,0.256,3,36,3,137152,468458,6229,101727,4.33934195412946,0.17841051588519516
2168,0.2561,0,16,0,137168,468442,6229,101727,4.339193745600059,0.17841552241528388
2169,0.2562,8,86,8,137254,468356,6237,101719,4.33839712475453,0.1784309082138315
2170,0.2563,3,50,3,137304,468306,6240,101716,4.337933973100152,0.17844223556283792
2171,0.2564,3,105,3,137409,468201,6243,101713,4.336961354625958,0.17847078682046766
2172,0.2565,16,177,16,137586,468024,6259,101697,4.335321797769462,0.17850316207406783
2173,0.2566,12,130,12,137716,467894,6271,101685,4.33411760346808,0.17852659595947182
2174,0.2567,1,18,1,137734,467876,6272,101684,4.3339508688725035,0.17853079570194536
2175,0.2568,7,51,7,137785,467825,6279,101677,4.333478454185038,0.17853668643832682
2176,0.2569,1,84,1,137869,467741,6280,101676,4.332700359405684,0.1785615814069478
2177,0.257,13,302,13,138171,467439,6293,101663,4.3299029234132425,0.17863757287797266
2178,0.2571,7,69,7,138240,467370,6300,101656,4.329263774130201,0.1786491302682127
2179,0.2572,4,17,4,138257,467353,6304,101652,4.329106302567713,0.17864869377246245
2180,0.2573,3,24,3,138281,467329,6307,101649,4.328883989773612,0.1786518986674353
2181,0.2574,24,593,24,138874,466736,6331,101625,4.323391011152692,0.17880361249276427
2182,0.2575,2,17,2,138891,466719,6333,101623,4.323233539590204,0.17880607099246582
2183,0.2576,3,11,3,138902,466708,6336,101620,4.323131646226241,0.17880519699891612
2184,0.2577,17,242,17,139144,466466,6353,101603,4.320889992219052,0.1788567938049779
2185,0.2578,2,21,2,139165,466445,6355,101601,4.320695468524214,0.17886051481746196
2186,0.2579,16,193,16,139358,466252,6371,101585,4.318907703138316,0.17889816972124042
2187,0.258,1,7,1,139365,466245,6372,101584,4.3188428619067025,0.1788989290790009
2188,0.2581,4,83,4,139448,466162,6376,101580,4.318074030160436,0.1789192978500798
2189,0.2582,4,15,4,139463,466147,6380,101576,4.317935084664122,0.178918240057211
2190,0.2583,0,7,0,139470,466140,6380,101576,4.31787024343251,0.17892044613856223
2191,0.2584,2,58,2,139528,466082,6382,101574,4.317332987513431,0.1789358343785673
2192,0.2585,79,1167,79,140695,464915,6461,101495,4.306523027900256,0.17918998605250613
2193,0.2586,5,56,5,140751,464859,6466,101490,4.306004298047353,0.17920045766832818
2194,0.2587,1,10,1,140761,464849,6467,101489,4.305911667716477,0.1792021725541991
2195,0.2588,4,40,4,140801,464809,6471,101485,4.305541146392975,0.17920903276390002
2196,0.2589,4,92,4,140893,464717,6475,101481,4.30468894734892,0.17923235334635587
2197,0.259,0,25,0,140918,464692,6475,101481,4.304457371521731,0.17924026755073097
2198,0.2591,0,18,0,140936,464674,6475,101481,4.304290636926155,0.17924596621066669
2199,0.2592,30,492,30,141428,464182,6505,101451,4.2997332246470785,0.17935834719685734
2200,0.2593,2,18,2,141446,464164,6507,101449,4.299566490051502,0.1793611532973959
2201,0.2594,11,179,11,141625,463985,6518,101438,4.29790840712883,0.179401969852659
2202,0.2595,1,9,1,141634,463976,6519,101437,4.297825039831042,0.1794033741707389
2203,0.2596,3,71,3,141705,463905,6522,101434,4.297167364481826,0.17942155060945733
2204,0.2597,4,35,4,141740,463870,6526,101430,4.296843158323761,0.17942685299840794
2205,0.2598,4,26,4,141766,463844,6530,101426,4.296602319463485,0.17942929927291382
2206,0.2599,0,8,0,141774,463836,6530,101426,4.2965282151987845,0.17943183868719284
2207,0.26,214,3507,214,145281,460329,6744,101212,4.264042758160732,0.18023973316285008
2208,0.2601,0,9,0,145290,460320,6744,101212,4.2639593908629445,0.18024262196989663
2209,0.2602,2,28,2,145318,460292,6746,101210,4.263700025936493,0.180248690120427
2210,0.2603,2,20,2,145338,460272,6748,101208,4.263514765274741,0.18025219063902542
2211,0.2604,1,22,1,145360,460250,6749,101207,4.263310978546816,0.18025779356210717
2212,0.2605,1,24,1,145384,460226,6750,101206,4.263088665752714,0.18026403910001568
2213,0.2606,1,19,1,145403,460207,6751,101205,4.26291266812405,0.18026867968621973
2214,0.2607,0,21,0,145424,460186,6751,101205,4.262718144429212,0.180275423011769
2215,0.2608,0,17,0,145441,460169,6751,101205,4.262560672866724,0.18028088226387398
2216,0.2609,3,40,3,145481,460129,6754,101202,4.262190151543221,0.18028934799610213
2217,0.261,0,29,0,145510,460100,6754,101202,4.261921523583682,0.18029866275195883
2218,0.2611,1,20,1,145530,460080,6755,101201,4.261736262921931,0.18030362688207868
2219,0.2612,0,21,0,145551,460059,6755,101201,4.261541739227092,0.1803103730891209
2220,0.2613,2,43,2,145594,460016,6757,101199,4.261143428804328,0.18032126725051897
2221,0.2614,2,24,2,145618,459992,6759,101197,4.260921116010226,0.180326057709613
2222,0.2615,1,10,1,145628,459982,6760,101196,4.260828485679351,0.18032781042735105
2223,0.2616,2,30,2,145658,459952,6762,101194,4.260550594686724,0.1803345296945893
2224,0.2617,1,35,1,145693,459917,6763,101193,4.26022638852866,0.18034431751350002
2225,0.2618,2,26,2,145719,459891,6765,101191,4.259985549668383,0.1803497527990561
2226,0.2619,0,17,0,145736,459874,6765,101191,4.259828078105895,0.18035521730993734
2227,0.262,3,46,3,145782,459828,6768,101188,4.259401978583868,0.18036562237084147
2228,0.2621,0,24,0,145806,459804,6768,101188,4.259179665789766,0.18037333865723576
2229,0.2622,0,28,0,145834,459776,6768,101188,4.2589203008633145,0.1803823418258569
2230,0.2623,2,24,2,145858,459752,6770,101186,4.258697988069214,0.18038713725937625
2231,0.2624,5,66,5,145924,459686,6775,101181,4.258086627885435,0.18040105764824815
2232,0.2625,4,24,4,145948,459662,6779,101177,4.257864315091333,0.18040293203575358
2233,0.2626,2,14,2,145962,459648,6781,101175,4.257734632628107,0.18040451265372498
2234,0.2627,2,48,2,146010,459600,6783,101173,4.257290007039905,0.18041703149046048
2235,0.2628,5,70,5,146080,459530,6788,101168,4.256641594723776,0.18043224694933815
2236,0.2629,4,27,4,146107,459503,6792,101164,4.256391492830413,0.1804350889208746
2237,0.263,1,30,1,146137,459473,6793,101163,4.256113601837786,0.1804432822722765
2238,0.2631,1,43,1,146180,459430,6794,101162,4.255715291415021,0.1804556611582042
2239,0.2632,2,64,2,146244,459366,6796,101160,4.255122457297418,0.18047334111174146
2240,0.2633,1,21,1,146265,459345,6797,101159,4.254927933602579,0.18047864065198463
2241,0.2634,4,26,4,146291,459319,6801,101155,4.2546870947423026,0.180481164157481
2242,0.2635,14,83,14,146374,459236,6815,101141,4.253918262996035,0.18048742186064023
2243,0.2636,0,16,0,146390,459220,6815,101141,4.253770054466634,0.18049257532197993
2244,0.2637,5,42,5,146432,459178,6820,101136,4.253381007076957,0.18049879174891223
2245,0.2638,1,40,1,146472,459138,6821,101135,4.253010485753455,0.1805102155556309
2246,0.2639,7,105,7,146577,459033,6828,101128,4.252037867279262,0.18053381081510494
2247,0.264,4,29,4,146606,459004,6832,101124,4.251769239319723,0.18053730575868374
2248,0.2641,3,15,3,146621,458989,6835,101121,4.25163029382341,0.18053775151309565
2249,0.2642,7,59,7,146680,458930,6842,101114,4.251083774871244,0.18054652848704744
2250,0.2643,12,154,12,146834,458776,6854,101102,4.249657267775761,0.18057862605781974
2251,0.2644,4,52,4,146886,458724,6858,101098,4.2491755900552075,0.18058954453379825
2252,0.2645,4,23,4,146909,458701,6862,101094,4.248962540294194,0.18059110924534874
2253,0.2646,0,43,0,146952,458658,6862,101094,4.2485642298714295,0.1806049822064057
2254,0.2647,3,91,3,147043,458567,6865,101091,4.247721293860462,0.1806299561517927
2255,0.2648,1,41,1,147084,458526,6866,101090,4.247341509503872,0.1806417257548033
2256,0.2649,5,40,5,147124,458486,6871,101085,4.24697098818037,0.1806473173198754
2257,0.265,12,177,12,147301,458309,6883,101073,4.245331431323873,0.18068690090135184
2258,0.2651,2,21,2,147322,458288,6885,101071,4.245136907629034,0.18069075495343778
2259,0.2652,0,18,0,147340,458270,6885,101071,4.244970173033458,0.1806965697132876
2260,0.2653,6,83,6,147423,458187,6891,101065,4.244201341287191,0.1807145973550385
2261,0.2654,3,30,3,147453,458157,6894,101062,4.243923450294565,0.18071989685615117
2262,0.2655,8,92,8,147545,458065,6902,101054,4.24307125125051,0.18073791089195682
2263,0.2656,4,28,4,147573,458037,6906,101050,4.242811886324058,0.18074110111664196
2264,0.2657,6,71,6,147644,457966,6912,101044,4.242154210974841,0.18075526376987888
2265,0.2658,8,74,8,147718,457892,6920,101036,4.241468746526363,0.18076746915524003
2266,0.2659,14,296,14,148014,457596,6934,101022,4.2387268887324465,0.18084272257607167
2267,0.266,0,46,0,148060,457550,6934,101022,4.238300789210419,0.18085761549093043
2268,0.2661,0,14,0,148074,457536,6934,101022,4.238171106747194,0.1808621486040841
2269,0.2662,7,124,7,148198,457412,6941,101015,4.237022490644336,0.1808920413948466
2270,0.2663,1,37,1,148235,457375,6942,101014,4.236679758420097,0.1809025607596138
2271,0.2664,8,104,8,148339,457271,6950,101006,4.2357164029789915,0.18092452313099053
2272,0.2665,15,222,15,148561,457049,6965,100991,4.233660009633555,0.18097448211597736
2273,0.2666,7,142,7,148703,456907,6972,100984,4.232344658935122,0.18101026903104728
2274,0.2667,2,15,2,148718,456892,6974,100982,4.232205713438808,0.18101219988742978
2275,0.2668,3,73,3,148791,456819,6977,100979,4.231529512023417,0.1810314845159
2276,0.2669,2,77,2,148868,456742,6979,100977,4.230816258475675,0.1810535412994716
2277,0.267,26,322,26,149190,456420,7005,100951,4.227833561821483,0.18111993627224954
2278,0.2671,1,56,1,149246,456364,7006,100950,4.22731483196858,0.18113666622406757
2279,0.2672,1,27,1,149273,456337,7007,100949,4.227064730075216,0.18114397275366687
2280,0.2673,4,25,4,149298,456312,7011,100945,4.226833154248027,0.18114622158178362
2281,0.2674,37,593,37,149891,455719,7048,100908,4.221340175627107,0.18128477418450775
2282,0.2675,2,20,2,149911,455699,7050,100906,4.221154914965356,0.18128834631381321
2283,0.2676,1,10,1,149921,455689,7051,100905,4.22106228463448,0.18129013248436024
2284,0.2677,19,269,19,150190,455420,7070,100886,4.218570528733928,0.1813498326460617
2285,0.2678,1,17,1,150207,455403,7071,100885,4.21841305717144,0.181353903014266
2286,0.2679,16,205,16,150412,455198,7087,100869,4.216514135388492,0.18139720573240276
2287,0.268,1,14,1,150426,455184,7088,100868,4.216384452925266,0.18140030069130225
2288,0.2681,8,95,8,150521,455089,7096,100860,4.215504464781948,0.18141951869685888
2289,0.2682,1,15,1,150536,455074,7097,100859,4.215365519285635,0.18142294125371222
2290,0.2683,1,18,1,150554,455056,7098,100858,4.215198784690059,0.18142734307824593
2291,0.2684,3,78,3,150632,454978,7101,100855,4.214476268109229,0.18144838467669247
2292,0.2685,82,1265,82,151897,453713,7183,100773,4.202758531253473,0.18174128832828962
2293,0.2686,1,44,1,151941,453669,7184,100772,4.202350957797622,0.18175423534695306
2294,0.2687,0,14,0,151955,453655,7184,100772,4.202221275334396,0.18175882487685485
2295,0.2688,3,55,3,152010,453600,7187,100769,4.20171180851458,0.18177242955504366
2296,0.2689,14,116,14,152126,453484,7201,100755,4.200637296676423,0.18178980548102894
2297,0.269,1,27,1,152153,453457,7202,100754,4.20038719478306,0.18179718554846439
2298,0.2691,0,19,0,152172,453438,7202,100754,4.200211197154396,0.18180341830989982
2299,0.2692,36,509,36,152681,452929,7238,100718,4.195496313312831,0.18191735889474703
2300,0.2693,1,27,1,152708,452902,7239,100717,4.195246211419467,0.18192475330507082
2301,0.2694,18,206,18,152914,452696,7257,100699,4.193338026603431,0.1819658652499571
2302,0.2695,2,21,2,152935,452675,7259,100697,4.193143502908592,0.18196981415756489
2303,0.2696,6,59,6,152994,452616,7265,100691,4.1925969839564265,0.18198034725748996
2304,0.2697,2,38,2,153032,452578,7267,100689,4.1922449886991,0.18198988914936187
2305,0.2698,1,17,1,153049,452561,7268,100688,4.192087517136612,0.18199400270041158
2306,0.2699,0,13,0,153062,452548,7268,100688,4.191967097706473,0.18199827921538006
2307,0.27,218,3614,218,156676,448934,7486,100470,4.158490496128052,0.1828708928220399
2308,0.2701,1,20,1,156696,448914,7487,100469,4.158305235466301,0.18287606278315857
2309,0.2702,1,25,1,156721,448889,7488,100468,4.158073659639112,0.18288289764215254
2310,0.2703,1,18,1,156739,448871,7489,100467,4.1579069250435365,0.18288740265555997
2311,0.2704,4,19,4,156758,448852,7493,100463,4.157730927414873,0.18288777841493498
2312,0.2705,1,17,1,156775,448835,7494,100462,4.1575734558523845,0.18289195098462216
2313,0.2706,1,20,1,156795,448815,7495,100461,4.1573881951906335,0.18289712275795775
2314,0.2707,2,22,2,156817,448793,7497,100459,4.157184408462707,0.18290147327638315
2315,0.2708,1,22,1,156839,448771,7498,100458,4.156980621734781,0.1829073118862988
2316,0.2709,2,34,2,156873,448737,7500,100456,4.156665678609804,0.18291565988641517
2317,0.271,2,9,2,156882,448728,7502,100454,4.156582311312016,0.18291568186867013
2318,0.2711,3,17,3,156899,448711,7505,100451,4.156424839749527,0.18291688062903114
2319,0.2712,2,15,2,156914,448696,7507,100449,4.156285894253214,0.18291890120095786
2320,0.2713,5,30,5,156944,448666,7512,100444,4.156008003260587,0.182921454717634
2321,0.2714,3,18,3,156962,448648,7515,100441,4.155841268665012,0.18292298698389514
2322,0.2715,1,16,1,156978,448632,7516,100440,4.155693060135611,0.18292682926829268
2323,0.2716,1,36,1,157014,448596,7517,100439,4.1553595909444585,0.18293733550684382
2324,0.2717,6,41,6,157055,448555,7523,100433,4.154979806587869,0.18294206795048343
2325,0.2718,3,26,3,157081,448529,7526,100430,4.154738967727592,0.18294626738973221
2326,0.2719,1,11,1,157092,448518,7527,100429,4.15463707436363,0.18294844493184223
2327,0.272,1,45,1,157137,448473,7528,100428,4.154220237874689,0.18296195488803993
2328,0.2721,2,32,2,157169,448441,7530,100426,4.153923820815888,0.1829696447408935
2329,0.2722,2,28,2,157197,448413,7532,100424,4.1536644558894364,0.18297600198237363
2330,0.2723,3,35,3,157232,448378,7535,100421,4.153340249731372,0.18298320514432423
2331,0.2724,5,66,5,157298,448312,7540,100416,4.152728889547594,0.1829977693866542
2332,0.2725,2,18,2,157316,448294,7542,100414,4.152562154952017,0.1830007945938459
2333,0.2726,2,19,2,157335,448275,7544,100412,4.152386157323354,0.1830041535520251
2334,0.2727,4,46,4,157381,448229,7548,100408,4.151960057801326,0.1830135408293644
2335,0.2728,3,35,3,157416,448194,7551,100405,4.151635851643262,0.18302074921755235
2336,0.2729,1,32,1,157448,448162,7552,100404,4.15133943458446,0.18302993623374397
2337,0.273,2,36,2,157484,448126,7554,100402,4.151005965393308,0.183038969751772
2338,0.2731,2,33,2,157517,448093,7556,100400,4.150700285301419,0.1830470033345913
2339,0.2732,5,51,5,157568,448042,7561,100395,4.1502278706139535,0.1830565771455974
2340,0.2733,2,28,2,157596,448014,7563,100393,4.149968505687502,0.18306294412726315
2341,0.2734,3,24,3,157620,447990,7566,100390,4.149746192893401,0.18306648674276962
2342,0.2735,4,101,4,157721,447889,7570,100386,4.148810626551558,0.18309425014819206
2343,0.2736,1,22,1,157743,447867,7571,100385,4.148606839823632,0.18310010724995074
2344,0.2737,6,32,6,157775,447835,7577,100379,4.14831042276483,0.18310185438533128
2345,0.2738,2,33,2,157808,447802,7579,100377,4.148004742672941,0.18310989658487464
2346,0.2739,7,85,7,157893,447717,7586,100370,4.1472173848604985,0.183127861087747
2347,0.274,0,23,0,157916,447694,7586,100370,4.147004335099485,0.18313554621358089
2348,0.2741,1,16,1,157932,447678,7587,100369,4.146856126570084,0.18313940227754189
2349,0.2742,5,51,5,157983,447627,7592,100364,4.146383711882619,0.18314899332288304
2350,0.2743,9,134,9,158117,447493,7601,100355,4.145142465448886,0.1831803711978505
2351,0.2744,3,37,3,158154,447456,7604,100352,4.144799733224647,0.18318827034289387
2352,0.2745,4,31,4,158185,447425,7608,100348,4.144512579198933,0.1831926728772685
2353,0.2746,2,32,2,158217,447393,7610,100346,4.144216162140131,0.18320039288785353
2354,0.2747,12,86,12,158303,447307,7622,100334,4.143419541294602,0.18321126431366533
2355,0.2748,4,26,4,158329,447281,7626,100330,4.143178702434325,0.1832139967969964
2356,0.2749,1,46,1,158375,447235,7627,100329,4.142752602912298,0.1832278966476978
2357,0.275,17,201,17,158576,447034,7644,100312,4.140890733261699,0.18326981470587161
2358,0.2751,1,24,1,158600,447010,7645,100311,4.140668420467598,0.1832763588460885
2359,0.2752,0,22,0,158622,446988,7645,100311,4.140464633739672,0.1832837260802596
2360,0.2753,5,89,5,158711,446899,7650,100306,4.1396402237948795,0.1833060735921638
2361,0.2754,2,32,2,158743,446867,7652,100304,4.139343806736077,0.18331380866310532
2362,0.2755,8,99,8,158842,446768,7660,100296,4.13842676646041,0.18333503941037976
2363,0.2756,3,26,3,158868,446742,7663,100293,4.138185927600134,0.18333927445227455
2364,0.2757,6,76,6,158944,446666,7669,100287,4.13748193708548,0.18335579108259759
2365,0.2758,4,59,4,159003,446607,7673,100283,4.136935418133314,0.18336959900528443
2366,0.2759,29,306,29,159309,446301,7702,100254,4.134100930008522,0.18342893212942887
2367,0.276,3,63,3,159372,446238,7705,100251,4.133517358924006,0.1834455954282703
2368,0.2761,0,17,0,159389,446221,7705,100251,4.133359887361518,0.183451302171017
2369,0.2762,3,92,3,159481,446129,7708,100248,4.132507688317463,0.18347770861511373
2370,0.2763,2,40,2,159521,446089,7710,100246,4.13213716699396,0.1834881528732371
2371,0.2764,5,102,5,159623,445987,7715,100241,4.13119233761903,0.18351494247823252
2372,0.2765,8,211,8,159834,445776,7723,100233,4.1292378376375565,0.18357389713356373
2373,0.2766,12,121,12,159955,445655,7735,100221,4.128117010633962,0.1835966409953909
2374,0.2767,4,22,4,159977,445633,7739,100217,4.127913223906035,0.18359805807456261
2375,0.2768,2,48,2,160025,445585,7741,100215,4.127468598317833,0.1836112128984976
2376,0.2769,5,72,5,160097,445513,7746,100210,4.12680165993553,0.18362795777344917
2377,0.277,29,313,29,160410,445200,7775,100181,4.123902330579125,0.18368993419279367
2378,0.2771,5,66,5,160476,445134,7780,100176,4.123290970395346,0.18370468174066126
2379,0.2772,1,27,1,160503,445107,7781,100175,4.123040868501982,0.18371228098488487
2380,0.2773,4,33,4,160536,445074,7785,100171,4.122735188410093,0.18371741143889445
2381,0.2774,39,583,39,161119,444491,7824,100132,4.117334840120049,0.18385562122789526
2382,0.2775,1,24,1,161143,444467,7825,100131,4.117112527325948,0.1838622249806279
2383,0.2776,0,16,0,161159,444451,7825,100131,4.116964318796547,0.1838676269138532
2384,0.2777,15,254,15,161413,444197,7840,100116,4.114611508392308,0.18393093679555697
2385,0.2778,7,29,7,161442,444168,7847,100109,4.114342880432769,0.1839302414028151
2386,0.2779,9,197,9,161639,443971,7856,100100,4.11251806291452,0.18398334040961567
2387,0.278,1,14,1,161653,443957,7857,100099,4.112388380451295,0.1839865749114062
2388,0.2781,6,119,6,161772,443838,7863,100093,4.111286079513876,0.18401782579040357
2389,0.2782,0,25,0,161797,443813,7863,100093,4.111054503686687,0.18402628395347725
2390,0.2783,1,17,1,161814,443796,7864,100092,4.110897032124199,0.18403053569852618
2391,0.2784,7,87,7,161901,443709,7871,100085,4.110091148245582,0.18404947461722637
2392,0.2785,85,1199,85,163100,442510,7956,100000,4.098984771573604,0.18432839947650734
2393,0.2786,4,73,4,163173,442437,7960,99996,4.0983085701582125,0.18434719126601812
2394,0.2787,1,21,1,163194,442416,7961,99995,4.098114046463374,0.18435282470303885
2395,0.2788,3,36,3,163230,442380,7964,99992,4.097780577272222,0.18436054958589307
2396,0.2789,10,113,10,163343,442267,7974,99982,4.096733854533328,0.18438392694131295
2397,0.279,1,14,1,163357,442253,7975,99981,4.096604172070102,0.1843871833931476
2398,0.2791,2,14,2,163371,442239,7977,99979,4.0964744896068765,0.1843889358154838
2399,0.2792,28,547,28,163918,441692,8005,99951,4.091407610507985,0.1845329857489158
2400,0.2793,1,25,1,163943,441667,8006,99950,4.091176034680796,0.1845399978213387
2401,0.2794,21,214,21,164157,441453,8027,99929,4.089193745600059,0.18458131227118743
2402,0.2795,5,12,5,164169,441441,8032,99924,4.0890825892030085,0.18457787259981712
2403,0.2796,5,87,5,164256,441354,8037,99919,4.088276705324391,0.1846000077594855
2404,0.2797,2,50,2,164306,441304,8039,99917,4.0878135536700135,0.1846140486049137
2405,0.2798,4,21,4,164327,441283,8043,99913,4.087619029975175,0.18461518562591003
2406,0.2799,0,17,0,164344,441266,8043,99913,4.087461558412687,0.18462098492365742
2407,0.28,225,3572,225,167916,437694,8268,99688,4.054374004223943,0.18550677171918672
2408,0.2801,4,16,4,167932,437678,8272,99684,4.054225795694542,0.18550623229778063
2409,0.2802,2,24,2,167956,437654,8274,99682,4.054003482900441,0.18551148629535338
2410,0.2803,4,25,4,167981,437629,8278,99678,4.053771907073252,0.18551405434881735
2411,0.2804,3,13,3,167994,437616,8281,99675,4.053651487643114,0.18551399520929998
2412,0.2805,4,14,4,168008,437602,8285,99671,4.053521805179888,0.18551276539115125
2413,0.2806,2,23,2,168031,437579,8287,99669,4.0533087554188745,0.18551767526356544
2414,0.2807,4,26,4,168057,437553,8291,99665,4.053067916558598,0.18552058940690744
2415,0.2808,0,18,0,168075,437535,8291,99665,4.052901181963022,0.18552680565897245
2416,0.2809,2,33,2,168108,437502,8293,99663,4.052595501871132,0.18553517075758846
2417,0.281,1,22,1,168130,437480,8294,99662,4.052391715143206,0.1855412535232769
2418,0.2811,0,21,0,168151,437459,8294,99662,4.052197191448368,0.18554850769193534
2419,0.2812,1,21,1,168172,437438,8295,99661,4.052002667753529,0.18555424605147283
2420,0.2813,3,36,3,168208,437402,8298,99658,4.051669198562378,0.18556213458459017
2421,0.2814,1,31,1,168239,437371,8299,99657,4.0513820445366635,0.18557132961409833
2422,0.2815,0,15,0,168254,437356,8299,99657,4.05124309904035,0.18557651304530803
2423,0.2816,3,35,3,168289,437321,8302,99654,4.050918892882286,0.1855840588481773
2424,0.2817,3,47,3,168336,437274,8305,99651,4.0504835303271705,0.18559575359687108
2425,0.2818,3,26,3,168362,437248,8308,99648,4.050242691466894,0.18560019072595066
2426,0.2819,0,25,0,168387,437223,8308,99648,4.050011115639705,0.1856088334069078
2427,0.282,1,35,1,168422,437188,8309,99647,4.049686909481641,0.18561941751189845
2428,0.2821,1,19,1,168441,437169,8310,99646,4.049510911852977,0.18562447025511583
2429,0.2822,1,27,1,168468,437142,8311,99645,4.0492608099596135,0.18563228990269884
2430,0.2823,0,33,0,168501,437109,8311,99645,4.048955129867724,0.18564370270179636
2431,0.2824,3,63,3,168564,437046,8314,99642,4.048371558783208,0.1856609426706019
2432,0.2825,2,22,2,168586,437024,8316,99640,4.048167772055282,0.1856655188348762
2433,0.2826,0,18,0,168604,437006,8316,99640,4.048001037459706,0.185671746365388
2434,0.2827,1,42,1,168646,436964,8317,99639,4.0476119900700285,0.18568476135988804
2435,0.2828,4,48,4,168694,436916,8321,99635,4.047167364481826,0.18569530203093462
2436,0.2829,0,35,0,168729,436881,8321,99635,4.046843158323761,0.18570741599504953
2437,0.283,6,30,6,168759,436851,8327,99629,4.046565267331135,0.18570869370712795
2438,0.2831,3,43,3,168802,436808,8330,99626,4.04616695690837,0.18571902601251972
2439,0.2832,6,55,6,168857,436753,8336,99620,4.045657490088555,0.1857289610028842
2440,0.2833,2,22,2,168879,436731,8338,99618,4.045453703360629,0.18573354289837402
2441,0.2834,5,23,5,168902,436708,8343,99613,4.045240653599615,0.1857339168147434
2442,0.2835,6,105,6,169007,436603,8349,99607,4.044268035125421,0.1857611756587904
2443,0.2836,6,18,6,169025,436585,8355,99601,4.044101300529846,0.18575830029131682
2444,0.2837,6,41,6,169066,436544,8361,99595,4.043721516173256,0.18576339344834084
2445,0.2838,3,44,3,169110,436500,8364,99592,4.043313942717403,0.18577408355282302
2446,0.2839,6,107,6,169217,436393,8370,99586,4.042322798177035,0.18580205567755453
2447,0.284,1,33,1,169250,436360,8371,99585,4.042017118085146,0.18581197697524932
2448,0.2841,1,11,1,169261,436349,8372,99584,4.0419152247211825,0.18581427156006441
2449,0.2842,4,57,4,169318,436292,8376,99580,4.041387231835192,0.18582795891556192
2450,0.2843,6,150,6,169468,436142,8382,99574,4.039997776872059,0.18587087187987666
2451,0.2844,0,30,0,169498,436112,8382,99574,4.039719885879433,0.18588128119831393
2452,0.2845,4,38,4,169536,436074,8386,99570,4.039367890622105,0.18588838855657863
2453,0.2846,3,44,3,169580,436030,8389,99567,4.038960317166253,0.18589909950951927
2454,0.2847,6,84,6,169664,435946,8395,99561,4.038182222386898,0.1859191383119175
2455,0.2848,3,53,3,169717,435893,8398,99558,4.037691281633258,0.1859329798618361
2456,0.2849,5,48,5,169765,435845,8403,99553,4.037246656045055,0.18594204685112758
2457,0.285,26,188,26,169953,435657,8429,99527,4.035505205824595,0.18596781667613382
2458,0.2851,3,33,3,169986,435624,8432,99524,4.035199525732706,0.1859747210117575
2459,0.2852,1,14,1,170000,435610,8433,99523,4.03506984326948,0.18597806526601798
2460,0.2853,11,113,11,170113,435497,8444,99512,4.034023120530587,0.18600060933554388
2461,0.2854,1,37,1,170150,435460,8445,99511,4.0336803883063475,0.18601195204973728
2462,0.2855,7,92,7,170242,435368,8452,99504,4.032828189262292,0.18603329394696302
2463,0.2856,0,39,0,170281,435329,8452,99504,4.032466930971878,0.18604685948698005
2464,0.2857,4,69,4,170350,435260,8456,99500,4.031827781688836,0.18606477672226793
2465,0.2858,11,81,11,170431,435179,8467,99489,4.031077476008744,0.1860762192612986
2466,0.2859,23,282,23,170713,434897,8490,99466,4.028465300678054,0.1861393846505091
2467,0.286,6,44,6,170757,434853,8496,99460,4.028057727222202,0.18614557384903604
2468,0.2861,1,22,1,170779,434831,8497,99459,4.027853940494276,0.18615171536057198
2469,0.2862,8,111,8,170890,434720,8505,99451,4.026825743821557,0.18617820885072384
2470,0.2863,1,38,1,170928,434682,8506,99450,4.0264737485642295,0.18618993057895802
2471,0.2864,6,91,6,171019,434591,8512,99444,4.0256308125532625,0.18621251416105686
2472,0.2865,13,230,13,171249,434361,8525,99431,4.023500314943125,0.18627293027995923
2473,0.2866,13,152,13,171401,434209,8538,99418,4.022092333913816,0.1863061651678045
2474,0.2867,0,15,0,171416,434194,8538,99418,4.021953388417503,0.18631140229230228
2475,0.2868,7,54,7,171470,434140,8545,99411,4.021453184630776,0.1863195833200575
2476,0.2869,3,72,3,171542,434068,8548,99408,4.020786246248472,0.18634015400880263
2477,0.287,31,342,31,171884,433726,8579,99377,4.017618288932528,0.18641238184741035
2478,0.2871,1,50,1,171934,433676,8580,99376,4.01715513727815,0.18642834094985106
2479,0.2872,0,17,0,171951,433659,8580,99376,4.016997665715662,0.18643428667911113
2480,0.2873,3,24,3,171975,433635,8583,99373,4.01677535292156,0.18643810224236784
2481,0.2874,38,605,38,172580,433030,8621,99335,4.01117121790359,0.18659190592920272
2482,0.2875,0,32,0,172612,432998,8621,99335,4.010874800844789,0.18660312248160457
2483,0.2876,0,13,0,172625,432985,8621,99335,4.0107543814146505,0.18660767959122332
2484,0.2877,25,276,25,172901,432709,8646,99310,4.008197784282485,0.1866662656784814
2485,0.2878,3,28,3,172929,432681,8649,99307,4.007938419356034,0.1866715038685083
2486,0.2879,11,213,11,173142,432468,8660,99296,4.005965393308385,0.1867294514107762
2487,0.288,1,21,1,173163,432447,8661,99295,4.005770869613547,0.1867352964407551
2488,0.2881,8,96,8,173259,432351,8669,99287,4.004881618437141,0.18675677810841212
2489,0.2882,2,19,2,173278,432332,8671,99285,4.004705620808478,0.1867603932906585
2490,0.2883,1,17,1,173295,432315,8672,99284,4.004548149245989,0.18676483590074475
2491,0.2884,6,77,6,173372,432238,8678,99278,4.0038348956982475,0.1867827120914516
2492,0.2885,89,1228,89,174600,431010,8767,99189,3.992459891066731,0.18707881380387364
2493,0.2886,3,64,3,174664,430946,8770,99186,3.9918670569491272,0.1870967985331955
2494,0.2887,2,18,2,174682,430928,8772,99184,3.9917003223535517,0.18710008451044308
2495,0.2888,5,53,5,174735,430875,8777,99179,3.9912093815999112,0.18711112452693499
2496,0.2889,8,94,8,174829,430781,8785,99171,3.990338656489681,0.18713204214721332
2497,0.289,2,32,2,174861,430749,8787,99169,3.9900422394308794,0.18714027453304097
2498,0.2891,2,17,2,174878,430732,8789,99167,3.9898847678683906,0.18714321030988923
2499,0.2892,47,558,47,175436,430174,8836,99120,3.984715995405536,0.18726832346484185
2500,0.2893,4,22,4,175458,430152,8840,99116,3.9845122086776095,0.1872699653105799
2501,0.2894,17,226,17,175684,429926,8857,99099,3.982418763199822,0.18732385047965597
2502,0.2895,4,24,4,175708,429902,8861,99095,3.982196450405721,0.18732620411835985
2503,0.2896,5,78,5,175786,429824,8866,99090,3.9814739338248915,0.18734614701066715
2504,0.2897,2,35,2,175821,429789,8868,99088,3.981149727666827,0.18735547206628383
2505,0.2898,2,19,2,175840,429770,8870,99086,3.980973730038164,0.1873591298954725
2506,0.2899,2,15,2,175855,429755,8872,99084,3.9808347845418504,0.18736137085199844
2507,0.29,247,3551,247,179406,426204,9119,98837,3.9479417540479456,0.18824625124514086
2508,0.2901,3,23,3,179429,426181,9122,98834,3.9477287042869316,0.18824985952782303
2509,0.2902,2,24,2,179453,426157,9124,98832,3.9475063914928303,0.18825537296971936
2510,0.2903,3,19,3,179472,426138,9127,98829,3.947330393864167,0.1882575476172788
2511,0.2904,1,12,1,179484,426126,9128,98828,3.9472192374671162,0.1882603047124129
2512,0.2905,2,23,2,179507,426103,9130,98826,3.9470061877061027,0.1882654606622991
2513,0.2906,0,18,0,179525,426085,9130,98826,3.9468394531105266,0.18827191657252373
2514,0.2907,1,22,1,179547,426063,9131,98825,3.9466356663826003,0.18827826126716557
2515,0.2908,0,17,0,179564,426046,9131,98825,3.946478194820112,0.18828435939497515
2516,0.2909,6,28,6,179592,426018,9137,98819,3.9462188298936605,0.1882851247149115
2517,0.291,2,11,2,179603,426007,9139,98817,3.9461169365296973,0.18828597777540662
2518,0.2911,1,13,1,179616,425994,9140,98816,3.9459965170995592,0.18828909510108421
2519,0.2912,4,29,4,179645,425965,9144,98812,3.94572788914002,0.18829331315968498
2520,0.2913,3,39,3,179684,425926,9147,98809,3.9453666308496054,0.18830266706051627
2521,0.2914,0,36,0,179720,425890,9147,98809,3.9450331616584533,0.18831558665063208
2522,0.2915,5,25,5,179745,425865,9152,98804,3.9448015858312644,0.18831682451221626
2523,0.2916,3,29,3,179774,425836,9155,98801,3.9445329578717256,0.1883225925735318
2524,0.2917,6,35,6,179809,425801,9161,98795,3.9442087517136613,0.18832587362465592
2525,0.2918,2,41,2,179850,425760,9163,98793,3.9438289673570712,0.18833749878467954
2526,0.2919,4,14,4,179864,425746,9167,98789,3.9436992848938455,0.18833633599283175
2527,0.292,5,29,5,179893,425717,9172,98784,3.9434306569343067,0.18833901174640277
2528,0.2921,1,36,1,179929,425681,9173,98783,3.9430971877431547,0.18835039201928064
2529,0.2922,2,32,2,179961,425649,9175,98781,3.942800770684353,0.18835878954293234
2530,0.2923,4,29,4,179990,425620,9179,98777,3.9425321427248137,0.1883630150439457
2531,0.2924,4,79,4,180069,425541,9183,98773,3.941800363110897,0.1883852042859813
2532,0.2925,2,18,2,180087,425523,9185,98771,3.941633628515321,0.18838857587536764
2533,0.2926,1,21,1,180108,425502,9186,98770,3.9414391048204824,0.18839457380901517
2534,0.2927,6,33,6,180141,425469,9192,98764,3.941133424728593,0.18839714401802252
2535,0.2928,8,54,8,180195,425415,9200,98756,3.9406332209418653,0.18840416581611727
2536,0.2929,2,43,2,180238,425372,9202,98754,3.9402349105191004,0.18841652579723198
2537,0.293,3,23,3,180261,425349,9205,98751,3.940021860758087,0.18842014882655983
2538,0.2931,2,45,2,180306,425304,9207,98749,3.9396050242691465,0.1884332309899953
2539,0.2932,6,75,6,180381,425229,9213,98743,3.93891029678758,0.1884509095905888
2540,0.2933,2,16,2,180397,425213,9215,98741,3.938762088258179,0.18845356653446677
2541,0.2934,3,45,3,180442,425168,9218,98738,3.938345251769239,0.1884651063358694
2542,0.2935,3,87,3,180529,425081,9221,98735,3.937539367890622,0.18849176046550697
2543,0.2936,4,14,4,180543,425067,9225,98731,3.9374096854273963,0.188490601338684
2544,0.2937,4,33,4,180576,425034,9229,98727,3.937104005335507,0.18849627979173708
2545,0.2938,6,37,6,180613,424997,9235,98721,3.9367612731112676,0.1885002997796524
2546,0.2939,11,98,11,180711,424899,9246,98710,3.9358534958686873,0.18851853195800683
2547,0.294,2,32,2,180743,424867,9248,98708,3.9355570788098855,0.18852695411354628
2548,0.2941,1,18,1,180761,424849,9249,98707,3.9353903442143094,0.1885318857963618
2549,0.2942,6,72,6,180833,424777,9255,98701,3.9347234058320057,0.18854851588796473
2550,0.2943,14,137,14,180970,424640,9269,98687,3.933454370299011,0.18857616748228162
2551,0.2944,5,46,5,181016,424594,9274,98682,3.9330282707769832,0.18858499147677324
2552,0.2945,3,39,3,181055,424555,9277,98679,3.9326670124865686,0.18859439562413757
2553,0.2946,2,51,2,181106,424504,9279,98677,3.9321945977991035,0.18860967810375376
2554,0.2947,11,68,11,181174,424436,9290,98666,3.9315647115491497,0.18861713394328447
2555,0.2948,7,26,7,181200,424410,9297,98659,3.931323872688873,0.18861565109000916
2556,0.2949,7,43,7,181243,424367,9304,98652,3.9309255622661086,0.18862029868895777
2557,0.295,14,193,14,181436,424174,9318,98638,3.9291377968802106,0.1886682019540485
2558,0.2951,1,22,1,181458,424152,9319,98637,3.9289340101522843,0.1886745895571636
2559,0.2952,0,26,0,181484,424126,9319,98637,3.9286931712920077,0.18868397342581628
2560,0.2953,7,108,7,181592,424018,9326,98630,3.927692763718552,0.18871209686060217
2561,0.2954,1,38,1,181630,423980,9327,98629,3.927340768461225,0.18872426613395482
2562,0.2955,8,123,8,181753,423857,9335,98621,3.9262014153914557,0.1887562729913987
2563,0.2956,5,34,5,181787,423823,9340,98616,3.925886472266479,0.18876079312608746
2564,0.2957,4,87,4,181874,423736,9344,98612,3.925080588387862,0.1887860200479374
2565,0.2958,4,75,4,181949,423661,9348,98608,3.924385860906295,0.18880691750802747
2566,0.2959,30,339,30,182288,423322,9378,98578,3.9212456926896144,0.18888292776393945
2567,0.296,3,56,3,182344,423266,9381,98575,3.9207269628367114,0.18889853422785868
2568,0.2961,0,21,0,182365,423245,9381,98575,3.9205324391418728,0.18890613621555324
2569,0.2962,15,113,15,182478,423132,9396,98560,3.919485716402979,0.1889237327771942
2570,0.2963,1,49,1,182527,423083,9397,98559,3.919031827781689,0.18893992431591014
2571,0.2964,12,102,12,182629,422981,9409,98547,3.9180869984067583,0.1889582150910402
2572,0.2965,16,209,16,182838,422772,9425,98531,3.9161510244914597,0.18900907917276516
2573,0.2966,13,155,13,182993,422617,9438,98518,3.9147152543628887,0.18904506509829508
2574,0.2967,4,14,4,183007,422603,9442,98514,3.914585571899663,0.18904391911989055
2575,0.2968,6,58,6,183065,422545,9448,98508,3.9140483159805846,0.18905562390006392
2576,0.2969,5,103,5,183168,422442,9453,98503,3.9130942235725668,0.18908522012880438
2577,0.297,29,322,29,183490,422120,9482,98474,3.910111526918374,0.18915700142529496
2578,0.2971,1,54,1,183544,422066,9483,98473,3.9096113231316463,0.1891750666136447
2579,0.2972,3,27,3,183571,422039,9486,98470,3.9093612212382824,0.18918020629806592
2580,0.2973,2,38,2,183609,422001,9488,98468,3.909009225980955,0.18919090282034087
2581,0.2974,45,596,45,184205,421405,9533,98423,3.9034884582607727,0.18933762706125873
2582,0.2975,4,23,4,184228,421382,9537,98419,3.903275408499759,0.18933976656451218
2583,0.2976,0,17,0,184245,421365,9537,98419,3.903117936937271,0.1893459590906992
2584,0.2977,18,263,18,184508,421102,9555,98401,3.900681759235244,0.18941372812091556
2585,0.2978,5,24,5,184532,421078,9560,98396,3.900459446441143,0.1894146771541983
2586,0.2979,19,219,19,184751,420859,9579,98377,3.8984308421949683,0.189464906131316
2587,0.298,0,20,0,184771,420839,9579,98377,3.8982455815332173,0.18947220424640226
2588,0.2981,7,78,7,184849,420761,9586,98370,3.897523064952388,0.18948974343662775
2589,0.2982,2,18,2,184867,420743,9588,98368,3.897356330356812,0.18949319124426184
2590,0.2983,1,13,1,184880,420730,9589,98367,3.897235910926674,0.18949637543657544
2591,0.2984,10,72,10,184952,420658,9599,98357,3.8965689725443697,0.1895070470024951
2592,0.2985,91,1270,91,186222,419388,9690,98266,3.8848049205231763,0.18982950001352256
2593,0.2986,10,45,10,186267,419343,9700,98256,3.884388084034236,0.18983035129511455
2594,0.2987,1,16,1,186283,419327,9701,98255,3.8842398755048353,0.1898346542190416
2595,0.2988,2,53,2,186336,419274,9703,98253,3.883748934751195,0.1898509642975149
2596,0.2989,12,139,12,186475,419135,9715,98241,3.882461373152025,0.1898831797377536
2597,0.299,5,26,5,186501,419109,9720,98236,3.8822205342917484,0.18988489305975703
2598,0.2991,1,17,1,186518,419092,9721,98235,3.88206306272926,0.18988956694701803
2599,0.2992,44,560,44,187078,418532,9765,98191,3.87687576420023,0.19002637776913356
2600,0.2993,1,34,1,187112,418498,9766,98190,3.8765608210752527,0.19003731458830087
2601,0.2994,23,222,23,187334,418276,9789,98167,3.874504427729816,0.19008293267601653
2602,0.2995,2,22,2,187356,418254,9791,98165,3.8743006410018896,0.19008789374519527
2603,0.2996,10,73,10,187429,418181,9801,98155,3.8736244395864983,0.1900990827678101
2604,0.2997,3,33,3,187462,418148,9804,98152,3.873318759494609,0.19010652721286073
2605,0.2998,2,23,2,187485,418125,9806,98150,3.8731057097335952,0.19011185898987942
2606,0.2999,1,10,1,187495,418115,9807,98149,3.8730130794027198,0.19011397269613997
2607,0.3,287,3460,287,190955,414655,10094,97862,3.840962984919782,0.19094391015322418
2608,0.3001,2,10,2,190965,414645,10096,97860,3.8408703545889065,0.19094447859045277
2609,0.3002,1,39,1,191004,414606,10097,97859,3.840509096298492,0.19095743123920658
2610,0.3003,1,28,1,191032,414578,10098,97858,3.8402497313720403,0.19096628652163392
2611,0.3004,1,16,1,191048,414562,10099,97857,3.8401015228426396,0.19097067048645738
2612,0.3005,1,23,1,191071,414539,10100,97856,3.839888473081626,0.19097766371646874
2613,0.3006,0,20,0,191091,414519,10100,97856,3.8397032124198747,0.19098511832154183
2614,0.3007,2,30,2,191121,414489,10102,97854,3.8394253214272482,0.19099314326535152
2615,0.3008,1,16,1,191137,414473,10103,97853,3.839277112897847,0.19099752891713478
2616,0.3009,4,65,4,191202,414408,10107,97849,3.8386750157471563,0.1910154473242923
2617,0.301,0,18,0,191220,414390,10107,97849,3.8385082811515803,0.19102215957785332
2618,0.3011,1,26,1,191246,414364,10108,97848,3.8382674422913037,0.1910302765261259
2619,0.3012,3,36,3,191282,414328,10111,97845,3.837933973100152,0.19103896534959866
2620,0.3013,6,35,6,191317,414293,10117,97839,3.8376097669420877,0.1910425437191974
2621,0.3014,1,29,1,191346,414264,10118,97838,3.8373411389825485,0.19105178265267467
2622,0.3015,0,24,0,191370,414240,10118,97838,3.8371188261884472,0.1910607368408719
2623,0.3016,5,22,5,191392,414218,10123,97833,3.836915039460521,0.191061046653556
2624,0.3017,3,43,3,191435,414175,10126,97830,3.836516729037756,0.1910723528090546
2625,0.3018,3,42,3,191477,414133,10129,97827,3.8361276816480787,0.191083287756856
2626,0.3019,2,17,2,191494,414116,10131,97825,3.8359702100855904,0.19108647285527045
2627,0.302,0,39,0,191533,414077,10131,97825,3.8356089517951757,0.1911010310567257
2628,0.3021,1,26,1,191559,414051,10132,97824,3.8353681129348995,0.1911091575091575
2629,0.3022,3,18,3,191577,414033,10135,97821,3.8352013783393235,0.19111113716020584
2630,0.3023,4,30,4,191607,414003,10139,97817,3.8349234873466966,0.19111601734984957
2631,0.3024,7,81,7,191688,413922,10146,97810,3.8341731816666047,0.19113520358312555
2632,0.3025,5,23,5,191711,413899,10151,97805,3.833960131905591,0.19113589106202022
2633,0.3026,0,21,0,191732,413878,10151,97805,3.8337656082107525,0.19114373547684796
2634,0.3027,7,42,7,191774,413836,10158,97798,3.8333765608210753,0.19114835996044047
2635,0.3028,10,68,10,191842,413768,10168,97788,3.8327466745711214,0.19115795729108837
2636,0.3029,5,30,5,191872,413738,10173,97783,3.832468783578495,0.19116126219646895
2637,0.303,1,23,1,191895,413715,10174,97782,3.8322557338174814,0.19116827664678385
2638,0.3031,3,30,3,191925,413685,10177,97779,3.8319778428248545,0.19117474543662896
2639,0.3032,6,84,6,192009,413601,10183,97773,3.8311997480455,0.19119665841438946
2640,0.3033,2,21,2,192030,413580,10185,97771,3.8310052243506614,0.19120134701995303
2641,0.3034,2,26,2,192056,413554,10187,97769,3.830764385490385,0.19120790576602265
2642,0.3035,5,99,5,192155,413455,10192,97764,3.8298473452147173,0.1912370236630485
2643,0.3036,2,22,2,192177,413433,10194,97762,3.829643558486791,0.19124208961355255
2644,0.3037,3,30,3,192207,413403,10197,97759,3.829365667494164,0.191248566990504
2645,0.3038,3,52,3,192259,413351,10200,97756,3.8288839897736113,0.19126327755244987
2646,0.3039,10,91,10,192350,413260,10210,97746,3.828041053762644,0.19128151137168645
2647,0.304,4,43,4,192393,413217,10214,97742,3.8276427433398794,0.19129127777375485
2648,0.3041,1,29,1,192422,413188,10215,97741,3.8273741153803402,0.19130055252295328
2649,0.3042,6,60,6,192482,413128,10221,97735,3.826818333395087,0.19131352241207525
2650,0.3043,11,148,11,192630,412980,10232,97724,3.825447404498129,0.19135154610106833
2651,0.3044,8,47,8,192677,412933,10240,97716,3.825012041943014,0.19135648948690784
2652,0.3045,0,26,0,192703,412907,10240,97716,3.8247712030827374,0.19136623301339736
2653,0.3046,6,50,6,192753,412857,10246,97710,3.8243080514283596,0.19137547080011047
2654,0.3047,6,75,6,192828,412782,10252,97704,3.8236133239467933,0.19139408328533986
2655,0.3048,7,38,7,192866,412744,10259,97697,3.823261328689466,0.19139724277634437
2656,0.3049,6,54,6,192920,412690,10265,97691,3.8227611249027382,0.19140798736630085
2657,0.305,16,212,16,193132,412478,10281,97675,3.8207973618881765,0.19146216919237954
2658,0.3051,3,26,3,193158,412452,10284,97672,3.8205565230279004,0.19146717268742502
2659,0.3052,3,21,3,193179,412431,10287,97669,3.8203619993330618,0.191470299941188
2660,0.3053,8,117,8,193296,412314,10295,97661,3.8192782244618178,0.1915015441933428
2661,0.3054,5,24,5,193320,412290,10300,97656,3.8190559116677165,0.19150262969020249
2662,0.3055,6,108,6,193428,412182,10306,97650,3.8180555040942608,0.19153368168337806
2663,0.3056,6,34,6,193462,412148,10312,97644,3.8177405609692836,0.1915369405561484
2664,0.3057,4,82,4,193544,412066,10316,97640,3.8169809922561044,0.19156140991081133
2665,0.3058,8,92,8,193636,411974,10324,97632,3.8161287932120493,0.1915833016094787
2666,0.3059,30,274,30,193910,411700,10354,97602,3.8135907221460594,0.19163875264577795
2667,0.306,4,56,4,193966,411644,10358,97598,3.8130719922931564,0.19165347712875214
2668,0.3061,2,13,2,193979,411631,10360,97596,3.8129515728630183,0.19165519503089978
2669,0.3062,9,109,9,194088,411522,10369,97587,3.811941902256475,0.19168193844540168
2670,0.3063,2,30,2,194118,411492,10371,97585,3.811664011263848,0.19169005867481737
2671,0.3064,6,99,6,194217,411393,10377,97579,3.8107469709881805,0.1917178155183389
2672,0.3065,15,227,15,194444,411166,10392,97564,3.8086442624773054,0.19177952941638984
2673,0.3066,17,128,17,194572,411038,10409,97547,3.8074585942420986,0.19180078059714697
2674,0.3067,1,19,1,194591,411019,10410,97546,3.807282596613435,0.19180635710282853
2675,0.3068,6,50,6,194641,410969,10416,97540,3.8068194449590576,0.19181568074508024
2676,0.3069,7,73,7,194714,410896,10423,97533,3.8061432435436657,0.19183209455007483
2677,0.307,33,307,33,195021,410589,10456,97500,3.803299492385787,0.19189551436854566
2678,0.3071,7,60,7,195081,410529,10463,97493,3.8027437104005335,0.19190704339575845
2679,0.3072,3,30,3,195111,410499,10466,97490,3.802465819407907,0.19191360442844235
2680,0.3073,8,32,8,195143,410467,10474,97482,3.8021694023491053,0.1919129676404521
2681,0.3074,39,631,39,195774,409836,10513,97443,3.7963244284708586,0.19208956018285794
2682,0.3075,2,25,2,195799,409811,10515,97441,3.7960928526436697,0.19209584190895254
2683,0.3076,1,14,1,195813,409797,10516,97440,3.795963170180444,0.192099551097416
2684,0.3077,37,285,37,196098,409512,10553,97403,3.793323205750491,0.1921485850685026
2685,0.3078,3,17,3,196115,409495,10556,97400,3.7931657341880025,0.19215024807899073
2686,0.3079,23,196,23,196311,409299,10579,97377,3.791350179702842,0.19218790706486985
2687,0.308,4,18,4,196329,409281,10583,97373,3.791183445107266,0.19218835734051246
2688,0.3081,8,77,8,196406,409204,10591,97365,3.7904701915595242,0.1922048131646429
2689,0.3082,0,21,0,196427,409183,10591,97365,3.7902756678646856,0.19221278141459447
2690,0.3083,7,29,7,196456,409154,10598,97358,3.7900070399051464,0.1922126228006444
2691,0.3084,8,78,8,196534,409076,10606,97350,3.7892845233243175,0.1922294668915103
2692,0.3085,114,1231,114,197765,407845,10720,97236,3.7778817295935383,0.19251565590469646
2693,0.3086,7,67,7,197832,407778,10727,97229,3.777261106376672,0.1925300045345906
2694,0.3087,3,21,3,197853,407757,10730,97226,3.7770665826818335,0.1925332139893818
2695,0.3088,7,49,7,197902,407708,10737,97219,3.7766126940605433,0.19254070390373262
2696,0.3089,13,123,13,198025,407585,10750,97206,3.775473340990774,0.1925668246858601
2697,0.309,3,30,3,198055,407555,10753,97203,3.7751954499981473,0.1925734708513783
2698,0.3091,1,12,1,198067,407543,10754,97202,3.775084293601097,0.1925764494942991
2699,0.3092,40,534,40,198601,407009,10794,97162,3.770137833932343,0.19271636012384688
2700,0.3093,0,29,0,198630,406980,10794,97162,3.7698692059728036,0.19272744583867243
2701,0.3094,27,233,27,198863,406747,10821,97135,3.7677109192634037,0.19277330803640536
2702,0.3095,2,16,2,198879,406731,10823,97133,3.7675627107340026,0.19277622533064478
2703,0.3096,6,82,6,198961,406649,10829,97127,3.7668031420208234,0.19279798958267166
2704,0.3097,4,49,4,199010,406600,10833,97123,3.7663492533995333,0.1928103342511658
2705,0.3098,3,21,3,199031,406579,10836,97120,3.7661547297046947,0.1928135652443225
2706,0.3099,2,20,2,199051,406559,10838,97118,3.7659694690429433,0.19281801630807044
2707,0.31,269,3396,269,202447,403163,11107,96849,3.7345122086776095,0.19369335135956736
2708,0.3101,0,9,0,202456,403154,11107,96849,3.7344288413798212,0.1936968378189731
2709,0.3102,2,31,2,202487,403123,11109,96847,3.734141687354107,0.19370562233734023
2710,0.3103,1,26,1,202513,403097,11110,96846,3.733900848493831,0.19371408340550822
2711,0.3104,1,12,1,202525,403085,11111,96845,3.73378969209678,0.19371712039685557
2712,0.3105,1,29,1,202554,403056,11112,96844,3.733521064137241,0.1937267453490698
2713,0.3106,1,21,1,202575,403035,11113,96843,3.7333265404424023,0.19373327091810402
2714,0.3107,4,23,4,202598,403012,11117,96839,3.7331134906813888,0.19373573324850807
2715,0.3108,0,13,0,202611,402999,11117,96839,3.7329930712512507,0.1937407720101313
2716,0.3109,6,34,6,202645,402965,11123,96833,3.7326781281262735,0.1937442726861652
2717,0.311,0,21,0,202666,402944,11123,96833,3.732483604431435,0.1937524135764551
2718,0.3111,1,34,1,202700,402910,11124,96832,3.732168661306458,0.19376398221482286
2719,0.3112,0,28,0,202728,402882,11124,96832,3.7319092963800067,0.193774839208027
2720,0.3113,5,26,5,202754,402856,11129,96827,3.73166845751973,0.19377685452576934
2721,0.3114,3,22,3,202776,402834,11132,96824,3.731464670791804,0.19378054589339108
2722,0.3115,1,16,1,202792,402818,11133,96823,3.731316462262403,0.19378513772888933
2723,0.3116,4,45,4,202837,402773,11137,96819,3.7308996257734632,0.19379613764832104
2724,0.3117,1,40,1,202877,402733,11138,96818,3.730529104449961,0.19381004141719263
2725,0.3118,5,28,5,202905,402705,11143,96813,3.7302697395235094,0.19381283557349285
2726,0.3119,2,15,2,202920,402690,11145,96811,3.7301307940271964,0.19381542779694136
2727,0.312,1,42,1,202962,402648,11146,96810,3.729741746637519,0.19383011184123589
2728,0.3121,2,36,2,202998,402612,11148,96808,3.729408277446367,0.193840855392255
2729,0.3122,4,26,4,203024,402586,11152,96804,3.7291674385860905,0.19384449027813933
2730,0.3123,2,37,2,203061,402549,11154,96802,3.728824706361851,0.19385562460073175
2731,0.3124,10,87,10,203148,402462,11164,96792,3.728018822483234,0.19387325890228221
2732,0.3125,1,24,1,203172,402438,11165,96791,3.727796509689133,0.19388096444717753
2733,0.3126,3,26,3,203198,402412,11168,96788,3.727555670828856,0.19388621794871794
2734,0.3127,5,51,5,203249,402361,11173,96783,3.727083256141391,0.1938979532960428
2735,0.3128,10,78,10,203327,402283,11183,96773,3.726360739560562,0.19391210605623416
2736,0.3129,2,44,2,203371,402239,11185,96771,3.725953166104709,0.1939259734273862
2737,0.313,1,25,1,203396,402214,11186,96770,3.7257215902775203,0.19393407403844612
2738,0.3131,4,38,4,203434,402176,11190,96766,3.7253695950201933,0.1939423820804823
2739,0.3132,7,56,7,203490,402120,11197,96759,3.7248508651672902,0.19395284227237466
2740,0.3133,1,27,1,203517,402093,11198,96758,3.7246007632739264,0.19396172404184817
2741,0.3134,2,41,2,203558,402052,11200,96756,3.724220978917337,0.19397443505316675
2742,0.3135,9,89,9,203647,401963,11209,96747,3.7233965689725443,0.19399450582502858
2743,0.3136,3,18,3,203665,401945,11212,96744,3.7232298343769683,0.19399665924052867
2744,0.3137,3,40,3,203705,401905,11215,96741,3.7228593130534664,0.19400737196327655
2745,0.3138,3,43,3,203748,401862,11218,96738,3.7224610026307015,0.19401925391095065
2746,0.3139,13,98,13,203846,401764,11231,96725,3.721553225388121,0.1940363779341169
2747,0.314,4,13,4,203859,401751,11235,96721,3.721432805957983,0.19403497087098173
2748,0.3141,1,18,1,203877,401733,11236,96720,3.721266071362407,0.19404036087655205
2749,0.3142,2,66,2,203943,401667,11238,96718,3.720654711178628,0.19406282291802524
2750,0.3143,10,135,10,204078,401532,11248,96708,3.7194042017118085,0.19409922928709056
2751,0.3144,1,45,1,204123,401487,11249,96707,3.7189873652228687,0.19411514389976595
2752,0.3145,5,36,5,204159,401451,11254,96702,3.7186538960317166,0.19412108328164238
2753,0.3146,4,53,4,204212,401398,11258,96698,3.718162955278076,0.19413526709710577
2754,0.3147,5,84,5,204296,401314,11263,96693,3.7173848604987216,0.1941599214468873
2755,0.3148,7,52,7,204348,401262,11270,96686,3.716903182778169,0.19416886903853414
2756,0.3149,7,60,7,204408,401202,11277,96679,3.7163474007929156,0.1941809388187137
2757,0.315,20,237,20,204645,400965,11297,96659,3.7141520619511654,0.19424103339067247
2758,0.3151,3,26,3,204671,400939,11300,96656,3.713911223090889,0.19424632482239573
2759,0.3152,1,22,1,204693,400917,11301,96655,3.7137074363629625,0.19425329399564284
2760,0.3153,10,121,10,204814,400796,11311,96645,3.7125866093593687,0.19428434728942728
2761,0.3154,2,25,2,204839,400771,11313,96643,3.7123550335321798,0.19429087239201148
2762,0.3155,14,100,14,204939,400671,11327,96629,3.7114287302234246,0.19430725919967826
2763,0.3156,3,58,3,204997,400613,11330,96626,3.710891474304346,0.19432506299787425
2764,0.3157,6,80,6,205077,400533,11336,96620,3.710150431657342,0.19434660959503414
2765,0.3158,4,83,4,205160,400450,11340,96616,3.709381599911075,0.19437257828940221
2766,0.3159,30,294,30,205454,400156,11370,96586,3.7066582681833338,0.19443896429132226
2767,0.316,2,46,2,205500,400110,11372,96584,3.7062321686613067,0.19445372804986572
2768,0.3161,0,28,0,205528,400082,11372,96584,3.705972803734855,0.19446469055663163
2769,0.3162,9,114,9,205642,399968,11381,96575,3.7049168179628738,0.19449473660891403
2770,0.3163,5,50,5,205692,399918,11386,96570,3.704453666308496,0.1945062116304926
2771,0.3164,11,93,11,205785,399825,11397,96559,3.7035922042313536,0.1945248033780299
2772,0.3165,21,218,21,206003,399607,11418,96538,3.7015728630182667,0.19457618236604218
2773,0.3166,12,168,12,206171,399439,11430,96526,3.7000166734595576,0.19462260441765045
2774,0.3167,0,15,0,206186,399424,11430,96526,3.699877727963244,0.19462849077527977
2775,0.3168,9,74,9,206260,399350,11439,96517,3.699192263514765,0.19464291836319014
2776,0.3169,8,81,8,206341,399269,11447,96509,3.698441957834673,0.19466172359402797
2777,0.317,26,301,26,206642,398968,11473,96483,3.6956537848753195,0.1947377238112346
2778,0.3171,5,56,5,206698,398912,11478,96478,3.6951350550224165,0.19475160984275017
2779,0.3172,2,26,2,206724,398886,11480,96476,3.6948942161621403,0.1947585805935861
2780,0.3173,2,35,2,206759,398851,11482,96474,3.694570010004076,0.194769091000858
2781,0.3174,48,624,48,207383,398227,11530,96426,3.688789877357442,0.19493665256250342
2782,0.3175,1,20,1,207403,398207,11531,96425,3.6886046166956907,0.19494290705008976
2783,0.3176,4,21,4,207424,398186,11535,96421,3.688410093000852,0.19494467324562734
2784,0.3177,35,292,35,207716,397894,11570,96386,3.6857052873392866,0.19500283240268673
2785,0.3178,1,30,1,207746,397864,11571,96385,3.6854273963466597,0.19501303998591804
2786,0.3179,15,216,15,207962,397648,11586,96370,3.683426581199748,0.19507386370537105
2787,0.318,1,19,1,207981,397629,11587,96369,3.6832505835710845,0.1950797371649278
2788,0.3181,8,84,8,208065,397545,11595,96361,3.68247248879173,0.19509987730458833
2789,0.3182,3,25,3,208090,397520,11598,96358,3.682240912964541,0.1951048639542559
2790,0.3183,1,18,1,208108,397502,11599,96357,3.682074178368965,0.19511034526048934
2791,0.3184,7,74,7,208182,397428,11606,96350,3.681388713920486,0.19512817500982224
2792,0.3185,117,1266,117,209448,396162,11723,96233,3.6696617140316423,0.19543862143198043
2793,0.3186,7,61,7,209509,396101,11730,96226,3.669096669013302,0.1954513971405184
2794,0.3187,5,26,5,209535,396075,11735,96221,3.668855830153025,0.19545354827177144
2795,0.3188,7,31,7,209566,396044,11742,96214,3.668568676127311,0.19545441618013318
2796,0.3189,14,117,14,209683,395927,11756,96200,3.667484901256067,0.19547799653341516
2797,0.319,2,26,2,209709,395901,11758,96198,3.667244062395791,0.19548505483652678
2798,0.3191,2,22,2,209731,395879,11760,96196,3.6670402756678646,0.19549052481837118
2799,0.3192,45,575,45,210306,395304,11805,96151,3.661714031642521,0.19564558301370422
2800,0.3193,3,36,3,210342,395268,11808,96148,3.661380562451369,0.19565500512803816
2801,0.3194,20,217,20,210559,395051,11828,96128,3.6593704842713697,0.19570869275763011
2802,0.3195,0,14,0,210573,395037,11828,96128,3.659240801808144,0.1957142711716022
2803,0.3196,6,86,6,210659,394951,11834,96122,3.6584441809626145,0.19573871909064436
2804,0.3197,3,53,3,210712,394898,11837,96119,3.657953240208974,0.19575493312858822
2805,0.3198,4,25,4,210737,394873,11841,96115,3.657721664381785,0.1957583484728751
2806,0.3199,1,19,1,210756,394854,11842,96114,3.6575456667531214,0.19576428606345017
2807,0.32,292,3422,292,214178,391432,12134,95822,3.625847567527511,0.19665718495897416
2808,0.3201,1,22,1,214200,391410,12135,95821,3.625643780799585,0.19666441585202912
2809,0.3202,2,23,2,214223,391387,12137,95819,3.625430731038571,0.19667040225284582
2810,0.3203,1,22,1,214245,391365,12138,95818,3.6252269443106453,0.19667763448231979
2811,0.3204,2,28,2,214273,391337,12140,95816,3.6249675793841933,0.19668564085615814
2812,0.3205,4,25,4,214298,391312,12144,95812,3.624736003557005,0.19668913869979718
2813,0.3206,4,31,4,214329,391281,12148,95808,3.6244488495312903,0.19669505983506094
2814,0.3207,1,20,1,214349,391261,12149,95807,3.6242635888695394,0.19670148726666503
2815,0.3208,1,16,1,214365,391245,12150,95806,3.6241153803401387,0.1967062997509501
2816,0.3209,3,39,3,214404,391206,12153,95803,3.623754122049724,0.1967171037906897
2817,0.321,1,17,1,214421,391189,12154,95802,3.6235966504872357,0.1967223213570682
2818,0.3211,3,24,3,214445,391165,12157,95799,3.6233743376931344,0.1967270681200253
2819,0.3212,4,38,4,214483,391127,12161,95795,3.623022342435807,0.19673582216453558
2820,0.3213,1,34,1,214517,391093,12162,95794,3.6227073993108303,0.19674791070618028
2821,0.3214,6,25,6,214542,391068,12168,95788,3.6224758234836414,0.1967481144321935
2822,0.3215,3,24,3,214566,391044,12171,95785,3.62225351068954,0.1967528639419591
2823,0.3216,3,33,3,214599,391011,12174,95782,3.6219478305976507,0.19676125170246903
2824,0.3217,7,57,7,214656,390954,12181,95775,3.6214198377116604,0.19677274212138582
2825,0.3218,2,28,2,214684,390926,12183,95773,3.621160472785209,0.19678076182609786
2826,0.3219,2,21,2,214705,390905,12185,95771,3.6209659490903703,0.19678595205023466
2827,0.322,4,47,4,214752,390858,12189,95767,3.620530586535255,0.19679835602363216
2828,0.3221,1,25,1,214777,390833,12190,95766,3.620299010708066,0.1968068162902102
2829,0.3222,3,36,3,214813,390797,12193,95763,3.6199655415169145,0.19681642551792172
2830,0.3223,3,34,3,214847,390763,12196,95760,3.6196505983919374,0.19682522717322717
2831,0.3224,4,77,4,214924,390686,12200,95756,3.6189373448441957,0.19684977859642053
2832,0.3225,2,26,2,214950,390660,12202,95754,3.6186965059839196,0.19685699835942222
2833,0.3226,2,15,2,214965,390645,12204,95752,3.618557560487606,0.19685976681599598
2834,0.3227,0,36,0,215001,390609,12204,95752,3.618224091296454,0.19687433819734723
2835,0.3228,5,70,5,215071,390539,12209,95747,3.6175756789803253,0.19689442015603986
2836,0.3229,0,37,0,215108,390502,12209,95747,3.617232946756086,0.19690940238437507
2837,0.323,3,26,3,215134,390476,12212,95744,3.6169921078958094,0.1969149767594916
2838,0.3231,5,40,5,215174,390436,12217,95739,3.616621586572307,0.19692291870211343
2839,0.3232,8,69,8,215243,390367,12225,95731,3.615982437289266,0.1969376545470255
2840,0.3233,2,26,2,215269,390341,12227,95729,3.61574159842899,0.19694488448165903
2841,0.3234,3,39,3,215308,390302,12230,95726,3.615380340138575,0.19695573094554222
2842,0.3235,11,104,11,215412,390198,12241,95715,3.614416984697469,0.1969797062437103
2843,0.3236,0,27,0,215439,390171,12241,95715,3.6141668828041054,0.19699065212827702
2844,0.3237,3,42,3,215481,390129,12244,95712,3.613777835414428,0.19700272311311726
2845,0.3238,6,60,6,215541,390069,12250,95706,3.613222053429175,0.19701713756368688
2846,0.3239,11,101,11,215642,389968,12261,95695,3.612286487087332,0.19703992274478394
2847,0.324,3,29,3,215671,389939,12264,95692,3.6120178591277927,0.19704672889498406
2848,0.3241,1,26,1,215697,389913,12265,95691,3.6117770202675166,0.19705562557145329
2849,0.3242,7,93,7,215790,389820,12272,95684,3.610915558190374,0.19708179541260215
2850,0.3243,9,158,9,215948,389662,12281,95675,3.60945199896254,0.19713106563068547
2851,0.3244,7,44,7,215992,389618,12288,95668,3.609044425506688,0.19713735817641556
2852,0.3245,3,32,3,216024,389586,12291,95665,3.6087480084478862,0.19714539485750673
2853,0.3246,1,42,1,216066,389544,12292,95664,3.608358961058209,0.19716080526289756
2854,0.3247,7,93,7,216159,389451,12299,95657,3.607497498981066,0.197187018148536
2855,0.3248,6,39,6,216198,389412,12305,95651,3.6071362406906515,0.197192941947747
2856,0.3249,1,45,1,216243,389367,12306,95650,3.6067194042017117,0.19720958234453637
2857,0.325,16,231,16,216474,389136,12322,95634,3.6045796435584867,0.19727705922396188
2858,0.3251,2,28,2,216502,389108,12324,95632,3.604320278632035,0.19728514255064572
2859,0.3252,1,24,1,216526,389084,12325,95631,3.604097965837934,0.19729325479921192
2860,0.3253,9,96,9,216622,388988,12334,95622,3.6032087146615286,0.19731743051113265
2861,0.3254,9,40,9,216662,388948,12343,95613,3.6028381933380267,0.19731881022203604
2862,0.3255,9,118,9,216780,388830,12352,95604,3.601745155433695,0.19735196125788032
2863,0.3256,2,30,2,216810,388800,12354,95602,3.6014672644410686,0.19736086969087657
2864,0.3257,5,93,5,216903,388707,12359,95597,3.6006058023639262,0.1973904820112987
2865,0.3258,12,70,12,216973,388637,12371,95585,3.5999573900477975,0.19739912684677688
2866,0.3259,27,335,27,217308,388302,12398,95558,3.5968542739634666,0.19749100979622206
2867,0.326,4,41,4,217349,388261,12402,95554,3.596474489606877,0.1975011109618346
2868,0.3261,3,30,3,217379,388231,12405,95551,3.59619659861425,0.19750838187448067
2869,0.3262,9,126,9,217505,388105,12414,95542,3.5950294564452183,0.1975449036177212
2870,0.3263,5,47,5,217552,388058,12419,95537,3.5945940938901035,0.19755580599468564
2871,0.3264,8,96,8,217648,387962,12427,95529,3.593704842713698,0.19758175436564487
2872,0.3265,28,217,28,217865,387745,12455,95501,3.591694764533699,0.19762398447167695
2873,0.3266,11,138,11,218003,387607,12466,95490,3.5904164659676163,0.19766216722521565
2874,0.3267,2,19,2,218022,387588,12468,95488,3.590240468338953,0.19766661974513328
2875,0.3268,6,73,6,218095,387515,12474,95482,3.5895642669235612,0.19768652807367335
2876,0.3269,10,72,10,218167,387443,12484,95472,3.5888973285412575,0.19769938809107193
2877,0.327,36,333,36,218500,387110,12520,95436,3.585812738523102,0.19777596332784853
2878,0.3271,4,65,4,218565,387045,12524,95432,3.585210641372411,0.19779595711298156
2879,0.3272,4,16,4,218581,387029,12528,95428,3.58506243284301,0.1977958657455483
2880,0.3273,3,41,3,218622,386988,12531,95425,3.5846826484864205,0.19780768760377518
2881,0.3274,44,576,44,219198,386412,12575,95381,3.579347141427989,0.19797091281940585
2882,0.3275,3,27,3,219225,386385,12578,95378,3.5790970395346253,0.19797701359382103
2883,0.3276,1,13,1,219238,386372,12579,95377,3.578976620104487,0.19798069118981046
2884,0.3277,19,294,19,219532,386078,12598,95358,3.576253288376746,0.198069940760558
2885,0.3278,3,28,3,219560,386050,12601,95355,3.5759939234502944,0.19807646368442372
2886,0.3279,16,203,16,219763,385847,12617,95339,3.574113527733521,0.19813336215101854
2887,0.328,3,20,3,219783,385827,12620,95336,3.57392826707177,0.19813659820060978
2888,0.3281,4,77,4,219860,385750,12624,95332,3.5732150135240284,0.1981616439609048
2889,0.3282,5,21,5,219881,385729,12629,95327,3.5730204898291897,0.1981619603538881
2890,0.3283,3,17,3,219898,385712,12632,95324,3.5728630182667014,0.19816396278033244
2891,0.3284,5,68,5,219966,385644,12637,95319,3.5722331320167475,0.19818364406409641
2892,0.3285,119,1264,119,221230,384380,12756,95200,3.5605246581940793,0.19850702698194253
2893,0.3286,8,63,8,221293,384317,12764,95192,3.5599410871095634,0.19851973581309215
2894,0.3287,0,20,0,221313,384297,12764,95192,3.559755826447812,0.19852801628400235
2895,0.3288,3,50,3,221363,384247,12767,95189,3.559292674793434,0.19854370552065342
2896,0.3289,10,113,10,221476,384134,12777,95179,3.558245952054541,0.19857379207323816
2897,0.329,5,14,5,221490,384120,12782,95174,3.558116269591315,0.19857123185351788
2898,0.3291,2,23,2,221513,384097,12784,95172,3.557903219830301,0.1985774168577563
2899,0.3292,53,560,53,222073,383537,12837,95119,3.552715921301271,0.19872100213932345
2900,0.3293,1,39,1,222112,383498,12838,95118,3.5523546630108562,0.19873552075150017
2901,0.3294,18,199,18,222311,383299,12856,95100,3.550511319426433,0.19878804094490163
2902,0.3295,4,13,4,222324,383286,12860,95096,3.550390899996295,0.19878674364838142
2903,0.3296,6,91,6,222415,383195,12866,95090,3.5495479639853276,0.19881451435859374
2904,0.3297,6,69,6,222484,383126,12872,95084,3.548908814702286,0.1988331486167165
2905,0.3298,1,23,1,222507,383103,12873,95083,3.5486957649412725,0.19884103675138962
2906,0.3299,1,21,1,222528,383082,12874,95082,3.548501241246434,0.19884809395939468
2907,0.33,314,3514,314,226042,379568,13188,94768,3.5159509429767684,0.1997908655467854
2908,0.3301,1,15,1,226057,379553,13189,94767,3.515811997480455,0.19979549671108113
2909,0.3302,3,14,3,226071,379539,13192,94764,3.515682315017229,0.1997963327240182
2910,0.3303,2,39,2,226110,379500,13194,94762,3.5153210567268145,0.19980938805976445
2911,0.3304,3,25,3,226135,379475,13197,94759,3.5150894808996256,0.19981485933104753
2912,0.3305,2,28,2,226163,379447,13199,94757,3.514830115973174,0.19982328280655584
2913,0.3306,3,21,3,226184,379426,13202,94754,3.5146355922783354,0.19982706988907167
2914,0.3307,5,34,5,226218,379392,13207,94749,3.5143206491533587,0.19983296108119736
2915,0.3308,1,25,1,226243,379367,13208,94748,3.51408907332617,0.19984181053120023
2916,0.3309,3,30,3,226273,379337,13211,94745,3.5138111823335434,0.19984939314295838
2917,0.331,2,9,2,226282,379328,13213,94743,3.513727815035755,0.1998498115261216
2918,0.3311,5,16,5,226298,379312,13218,94738,3.5135796065063545,0.199848117287206
2919,0.3312,1,37,1,226335,379275,13219,94737,3.5132368742821147,0.19986202880939724
2920,0.3313,3,38,3,226373,379237,13222,94734,3.5128848790247877,0.19987298800981496
2921,0.3314,4,26,4,226399,379211,13226,94730,3.5126440401645116,0.1998771999046295
2922,0.3315,2,23,2,226422,379188,13228,94728,3.5124309904034976,0.19988352366242118
2923,0.3316,2,27,2,226449,379161,13230,94726,3.5121808885101338,0.19989153532382192
2924,0.3317,2,41,2,226490,379120,13232,94724,3.511801104153544,0.19990545411570051
2925,0.3318,1,33,1,226523,379087,13233,94723,3.5114954240616547,0.19991768852493616
2926,0.3319,0,16,0,226539,379071,13233,94723,3.511347215532254,0.19992443973541243
2927,0.332,1,50,1,226589,379021,13234,94722,3.510884063877876,0.19994385141310794
2928,0.3321,6,15,6,226604,379006,13240,94716,3.510745118381563,0.19994004922718386
2929,0.3322,2,29,2,226633,378977,13242,94714,3.5104764904220236,0.19994891184337468
2930,0.3323,1,26,1,226659,378951,13243,94713,3.5102356515617474,0.19995819821645724
2931,0.3324,8,94,8,226753,378857,13251,94705,3.5093649264515174,0.19998437374620429
2932,0.3325,1,24,1,226777,378833,13252,94704,3.509142613657416,0.19999281999083493
2933,0.3326,2,7,2,226784,378826,13254,94702,3.5090777724258033,0.1999923974928621
2934,0.3327,4,49,4,226833,378777,13258,94698,3.5086238838045127,0.20000633613179153
2935,0.3328,9,68,9,226901,378709,13267,94689,3.5079939975545593,0.20001985644214804
2936,0.3329,9,42,9,226943,378667,13276,94680,3.507604950164882,0.20002239371961794
2937,0.333,3,22,3,226965,378645,13279,94677,3.5074011634369557,0.20002662035569865
2938,0.3331,5,50,5,227015,378595,13284,94672,3.506938011782578,0.2000393012823628
2939,0.3332,4,78,4,227093,378517,13288,94668,3.506215495201749,0.20006551348838192
2940,0.3333,4,30,4,227123,378487,13292,94664,3.505937604209122,0.20007143596864427
2941,0.3334,2,38,2,227161,378449,13294,94662,3.505585608951795,0.2000841240216355
2942,0.3335,10,92,10,227253,378357,13304,94652,3.50473340990774,0.2001061290588551
2943,0.3336,3,31,3,227284,378326,13307,94649,3.504446255882026,0.2001141709392674
2944,0.3337,5,40,5,227324,378286,13312,94644,3.504075734558524,0.20012263971412259
2945,0.3338,2,40,2,227364,378246,13314,94642,3.5037052132350217,0.20013618446651216
2946,0.3339,10,128,10,227492,378118,13324,94632,3.5025195449998145,0.20017345319936541
2947,0.334,3,51,3,227543,378067,13327,94629,3.5020471303123495,0.20018997410597933
2948,0.3341,1,19,1,227562,378048,13328,94628,3.5018711326836858,0.2001963289864516
2949,0.3342,3,80,3,227642,377968,13331,94625,3.5011300900366815,0.20022514087174376
2950,0.3343,18,159,18,227801,377809,13349,94607,3.4996572677757607,0.2002620571699519
2951,0.3344,6,59,6,227860,377750,13355,94601,3.4991107488235946,0.2002769127195666
2952,0.3345,3,36,3,227896,377714,13358,94598,3.498777279632443,0.20028709835871203
2953,0.3346,4,60,4,227956,377654,13362,94594,3.4982214976471897,0.20030577154376514
2954,0.3347,7,86,7,228042,377568,13369,94587,3.49742487680166,0.20033039997458463
2955,0.3348,8,33,8,228075,377535,13377,94579,3.497119196709771,0.2003308522941493
2956,0.3349,8,53,8,228128,377482,13385,94571,3.4966282559561304,0.20033979235382468
2957,0.335,22,225,22,228353,377257,13407,94549,3.4945440735114306,0.20039804495915695
2958,0.3351,4,29,4,228382,377228,13411,94545,3.4942754455518914,0.20040358392701574
2959,0.3352,0,22,0,228404,377206,13411,94545,3.4940716588239655,0.20041292970232177
2960,0.3353,6,113,6,228517,377093,13417,94539,3.493024936085072,0.20045077518064933
2961,0.3354,1,41,1,228558,377052,13418,94538,3.492645151728482,0.20046650692338683
2962,0.3355,8,108,8,228666,376944,13426,94530,3.491644744155026,0.20049886101884729
2963,0.3356,8,51,8,228717,376893,13434,94522,3.491172329467561,0.20050698429197203
2964,0.3357,16,89,16,228806,376804,13450,94506,3.4903479195227685,0.20051770596847085
2965,0.3358,15,97,15,228903,376707,13465,94491,3.489449405313276,0.20053353367374224
2966,0.3359,26,332,26,229235,376375,13491,94465,3.486374078328208,0.20063078752867217
2967,0.336,8,58,8,229293,376317,13499,94457,3.4858368224091296,0.20064192160144784
2968,0.3361,2,32,2,229325,376285,13501,94455,3.485540405350328,0.2006521646768917
2969,0.3362,9,128,9,229453,376157,13510,94446,3.484354737115121,0.20069145330565252
2970,0.3363,4,41,4,229494,376116,13514,94442,3.483974952758531,0.2007021451128235
2971,0.3364,7,116,7,229610,376000,13521,94435,3.4829004409203748,0.20073974087812343
2972,0.3365,16,198,16,229808,375802,13537,94419,3.4810663603690393,0.20079707201507377
2973,0.3366,19,175,19,229983,375627,13556,94400,3.4794453295787173,0.20083952623998197
2974,0.3367,3,15,3,229998,375612,13559,94397,3.479306384082404,0.20084083496273475
2975,0.3368,5,68,5,230066,375544,13564,94392,3.4786764978324505,0.20086139389193422
2976,0.3369,7,61,7,230127,375483,13571,94385,3.4781114528141095,0.20087556505231258
2977,0.337,30,318,30,230445,375165,13601,94355,3.4751658082922674,0.20096055546089622
2978,0.3371,7,77,7,230522,375088,13608,94348,3.4744525547445257,0.20098160345606217
2979,0.3372,0,17,0,230539,375071,13608,94348,3.474295083182037,0.2009888820009416
2980,0.3373,5,33,5,230572,375038,13613,94343,3.473989403090148,0.20099450126869217
2981,0.3374,51,627,51,231199,374411,13664,94292,3.4681814813442515,0.20117643795751253
2982,0.3375,2,28,2,231227,374383,13666,94290,3.4679221164178,0.20118504799721768
2983,0.3376,0,23,0,231250,374360,13666,94290,3.467709066656786,0.2011949215832711
2984,0.3377,39,295,39,231545,374065,13705,94251,3.4649764718959575,0.20125513542138215
2985,0.3378,2,28,2,231573,374037,13707,94249,3.464717106969506,0.20126375761820767
2986,0.3379,19,228,19,231801,373809,13726,94230,3.4626051354255436,0.20132937639812068
2987,0.338,1,14,1,231815,373795,13727,94229,3.462475452962318,0.2013336922892843
2988,0.3381,6,86,6,231901,373709,13733,94223,3.4616788321167884,0.2013604540830719
2989,0.3382,2,21,2,231922,373688,13735,94221,3.4614843084219498,0.20136607759201042
2990,0.3383,4,29,4,231951,373659,13739,94217,3.4612156804624106,0.20137173097145397
2991,0.3384,8,94,8,232045,373565,13747,94209,3.4603449553521806,0.2013985386105256
2992,0.3385,125,1235,125,233280,372330,13872,94084,3.448905109489051,0.2017177872019279
2993,0.3386,6,51,6,233331,372279,13878,94078,3.448432694801586,0.2017295762688241
2994,0.3387,0,12,0,233343,372267,13878,94078,3.448321538404535,0.2017347671788054
2995,0.3388,4,61,4,233404,372206,13882,94074,3.447756493386194,0.2017543107145921
2996,0.3389,11,122,11,233526,372084,13893,94063,3.4466264033495126,0.2017882770885579
2997,0.339,5,18,5,233544,372066,13898,94058,3.4464596687539366,0.2017875071869288
2998,0.3391,2,22,2,233566,372044,13900,94056,3.4462558820260107,0.20179360652220554
2999,0.3392,46,500,46,234066,371544,13946,94010,3.4416243654822334,0.2019314623008287
3000,0.3393,3,30,3,234096,371514,13949,94007,3.441346474489607,0.20193933248983398
3001,0.3394,18,231,18,234327,371283,13967,93989,3.439206713846382,0.20200871748138724
3002,0.3395,2,13,2,234340,371270,13969,93987,3.4390862944162435,0.20201093159264663
3003,0.3396,9,70,9,234410,371200,13978,93978,3.4384378821001147,0.2020258911642425
3004,0.3397,3,53,3,234463,371147,13981,93975,3.4379469413464743,0.2020437648616922
3005,0.3398,3,25,3,234488,371122,13984,93972,3.437715365519286,0.20204947817000435
3006,0.3399,2,25,2,234513,371097,13986,93970,3.437483789692097,0.20205690792939512
3007,0.34,297,3425,297,237938,367672,14283,93673,3.405757901367224,0.20304327563970564
3008,0.3401,0,11,0,237949,367661,14283,93673,3.4056560080032607,0.20304811698248992
3009,0.3402,4,23,4,237972,367638,14287,93669,3.4054429582422467,0.2030513302421164
3010,0.3403,2,25,2,237997,367613,14289,93667,3.405211382415058,0.20305887963926467
3011,0.3404,2,17,2,238014,367596,14291,93665,3.4050539108525695,0.20306290798485022
3012,0.3405,1,27,1,238041,367569,14292,93664,3.4048038089592056,0.20307306719163634
3013,0.3406,2,22,2,238063,367547,14294,93662,3.4046000222312793,0.20307929810563108
3014,0.3407,5,26,5,238089,367521,14299,93657,3.404359183371003,0.20308210712566516
3015,0.3408,2,16,2,238105,367505,14301,93655,3.404210974841602,0.20308569693815595
3016,0.3409,2,46,2,238151,367459,14303,93653,3.4037848753195745,0.2031025000433734
3017,0.341,2,24,2,238175,367435,14305,93651,3.4035625625254733,0.20310961512602854
3018,0.3411,4,16,4,238191,367419,14309,93647,3.4034143539960726,0.20310975001409776
3019,0.3412,3,29,3,238220,367390,14312,93644,3.4031457260365334,0.20311734058659447
3020,0.3413,2,34,2,238254,367356,14314,93642,3.4028307829115567,0.20312886389962645
3021,0.3414,3,28,3,238282,367328,14317,93639,3.402571417985105,0.20313601624411293
3022,0.3415,2,22,2,238304,367306,14319,93637,3.402367631257179,0.20314225403140954
3023,0.3416,4,28,4,238332,367278,14323,93633,3.4021082663307274,0.20314767926996752
3024,0.3417,7,43,7,238375,367235,14330,93626,3.4017099559079624,0.2031545303247617
3025,0.3418,2,27,2,238402,367208,14332,93624,3.4014598540145986,0.20316297479341713
3026,0.3419,4,25,4,238427,367183,14336,93620,3.4012282781874097,0.20316708007543355
3027,0.342,3,48,3,238475,367135,14339,93617,3.4007836525992072,0.20318305726290933
3028,0.3421,1,26,1,238501,367109,14340,93616,3.4005428137389306,0.2031927939660318
3029,0.3422,4,20,4,238521,367089,14344,93612,3.4003575530771797,0.20319469677730242
3030,0.3423,3,32,3,238553,367057,14347,93609,3.400061136018378,0.20320362258121938
3031,0.3424,7,75,7,238628,366982,14354,93602,3.399366408536811,0.20322460180987617
3032,0.3425,2,31,2,238659,366951,14356,93600,3.399079254511097,0.20323482089931408
3033,0.3426,2,23,2,238682,366928,14358,93598,3.3988662047500835,0.20324151079417882
3034,0.3427,9,68,9,238750,366860,14367,93589,3.3982363185001296,0.20325595234217037
3035,0.3428,7,65,7,238815,366795,14374,93582,3.397634221349439,0.20327253533517095
3036,0.3429,5,35,5,238850,366760,14379,93577,3.3973100151913744,0.2032793366598818
3037,0.343,0,33,0,238883,366727,14379,93577,3.397004335099485,0.20329391011157844
3038,0.3431,2,45,2,238928,366682,14381,93575,3.396587498610545,0.20331032444916644
3039,0.3432,7,70,7,238998,366612,14388,93568,3.3959390862944163,0.2033291320787518
3040,0.3433,3,45,3,239043,366567,14391,93565,3.3955222498054765,0.2033438230768562
3041,0.3434,3,40,3,239083,366527,14394,93562,3.395151728481974,0.20335630714926894
3042,0.3435,17,99,17,239182,366428,14411,93545,3.394234688206306,0.2033706326240888
3043,0.3436,4,19,4,239201,366409,14415,93541,3.394058690577643,0.2033721056636591
3044,0.3437,4,35,4,239236,366374,14419,93537,3.3937344844195785,0.2033806540830726
3045,0.3438,3,50,3,239286,366324,14422,93534,3.3932713327652007,0.20339757055438853
3046,0.3439,7,110,7,239396,366214,14429,93527,3.3922523991255695,0.2034341074648552
3047,0.344,4,37,4,239433,366177,14433,93523,3.3919096669013302,0.20344355014139656
3048,0.3441,0,21,0,239454,366156,14433,93523,3.3917151432064916,0.2034528442674127
3049,0.3442,14,77,14,239531,366079,14447,93509,3.39100188965875,0.2034626665622253
3050,0.3443,13,159,13,239690,365920,14460,93496,3.3895290673978287,0.20351054382085082
3051,0.3444,7,49,7,239739,365871,14467,93489,3.3890751787765385,0.20352011494252872
3052,0.3445,2,38,2,239777,365833,14469,93487,3.3887231835192115,0.2035334842811112
3053,0.3446,5,71,5,239848,365762,14474,93482,3.388065508169995,0.2035562794505753
3054,0.3447,8,85,8,239933,365677,14482,93474,3.387278150357553,0.203580085854109
3055,0.3448,5,53,5,239986,365624,14487,93469,3.386787209603913,0.2035949143201922
3056,0.3449,2,55,2,240041,365569,14489,93467,3.386277742784097,0.20361583840918795
3057,0.345,14,233,14,240274,365336,14503,93453,3.384119456074697,0.2036949447349435
3058,0.3451,3,30,3,240304,365306,14506,93450,3.3838415650820703,0.2037030578346659
3059,0.3452,5,18,5,240322,365288,14511,93445,3.3836748304864943,0.20370237153202408
3060,0.3453,9,94,9,240416,365194,14520,93436,3.3828041053762643,0.2037284957373046
3061,0.3454,3,34,3,240450,365160,14523,93433,3.3824891622512876,0.20373839112241138
3062,0.3455,12,118,12,240568,365042,14535,93421,3.3813961243469564,0.20376998798158194
3063,0.3456,6,49,6,240617,364993,14541,93415,3.380942235725666,0.20378134762046038
3064,0.3457,6,73,6,240690,364920,14547,93409,3.3802660343102744,0.2038033814137879
3065,0.3458,8,72,8,240762,364848,14555,93401,3.3795990959279707,0.20382150315658082
3066,0.3459,42,307,42,241069,364541,14597,93359,3.3767553447700913,0.20388512775715223
3067,0.346,7,66,7,241135,364475,14604,93352,3.376143984586313,0.20390234739322932
3068,0.3461,4,25,4,241160,364450,14608,93348,3.375912408759124,0.20390652645926807
3069,0.3462,12,142,12,241302,364308,14620,93336,3.3745970580606914,0.20394892099535883
3070,0.3463,5,51,5,241353,364257,14625,93331,3.374124643373226,0.20396295357395736
3071,0.3464,10,101,10,241454,364156,14635,93321,3.373189077031383,0.2039905831331411
3072,0.3465,20,225,20,241679,363931,14655,93301,3.3711048945866833,0.20405614655142248
3073,0.3466,14,158,14,241837,363773,14669,93287,3.3696413353588497,0.20410230604297028
3074,0.3467,1,22,1,241859,363751,14670,93286,3.369437548630924,0.20411038931202508
3075,0.3468,12,58,12,241917,363693,14682,93274,3.3689002927118454,0.20411539564126074
3076,0.3469,14,74,14,241991,363619,14696,93260,3.3682148282633664,0.20412406786041817
3077,0.347,35,343,35,242334,363276,14731,93225,3.3650376079143354,0.20421642011737104
3078,0.3471,8,79,8,242413,363197,14739,93217,3.364305828300419,0.20423781917294387
3079,0.3472,4,36,4,242449,363161,14743,93213,3.3639723591092667,0.20424695534802595
3080,0.3473,4,35,4,242484,363126,14747,93209,3.3636481529512023,0.2042556455235737
3081,0.3474,58,577,58,243061,362549,14805,93151,3.3583033828596838,0.20441299100285276
3082,0.3475,1,25,1,243086,362524,14806,93150,3.358071807032495,0.20442245991651928
3083,0.3476,0,20,0,243106,362504,14806,93150,3.3578865463707435,0.20443143262212118
3084,0.3477,28,310,28,243416,362194,14834,93122,3.355015006113602,0.20452169482293617
3085,0.3478,2,30,2,243446,362164,14836,93120,3.354737115120975,0.204531676931322
3086,0.3479,21,228,21,243674,361936,14857,93099,3.3526251435770127,0.2045974485479139
3087,0.348,1,17,1,243691,361919,14858,93098,3.3524676720145243,0.20460334449042564
3088,0.3481,6,108,6,243799,361811,14864,93092,3.3514672644410686,0.20464142905190777
3089,0.3482,3,26,3,243825,361785,14867,93089,3.351226425580792,0.20464788051196595
3090,0.3483,3,13,3,243838,361772,14870,93086,3.351106006150654,0.20464848370260608
3091,0.3484,10,82,10,243920,361690,14880,93076,3.3503464374374747,0.2046678951372794
3092,0.3485,95,1250,95,245170,360440,14975,92981,3.338767646078032,0.20506549101166466
3093,0.3486,6,54,6,245224,360386,14981,92975,3.3382674422913037,0.20507939588980967
3094,0.3487,1,19,1,245243,360367,14982,92974,3.3380914446626404,0.2050862375121597
3095,0.3488,10,58,10,245301,360309,14992,92964,3.337554188743562,0.20509494278282625
3096,0.3489,11,100,11,245401,360209,15003,92953,3.336627885434807,0.20512090598946955
3097,0.349,0,28,0,245429,360181,15003,92953,3.3363685205083553,0.2051335807950849
3098,0.3491,1,23,1,245452,360158,15004,92952,3.3361554707473413,0.20514223919136634
3099,0.3492,55,590,55,246042,359568,15059,92897,3.3306902812256847,0.20531311814173472
3100,0.3493,3,20,3,246062,359548,15062,92894,3.3305050205639333,0.20531692460028025
3101,0.3494,15,212,15,246274,359336,15077,92879,3.328541257549372,0.20538681821699856
3102,0.3495,1,18,1,246292,359318,15078,92878,3.328374522953796,0.2053932365611372
3103,0.3496,10,75,10,246367,359243,15088,92868,3.3276797954722293,0.20540973345041372
3104,0.3497,4,43,4,246410,359200,15092,92864,3.3272814850494647,0.20542224109860552
3105,0.3498,3,22,3,246432,359178,15095,92861,3.3270776983215384,0.2054269653724568
3106,0.3499,3,14,3,246446,359164,15098,92858,3.3269480158583127,0.2054280543867334
3107,0.35,339,3442,339,249888,355722,15437,92519,3.2950646559709513,0.20640459038776016
3108,0.3501,3,21,3,249909,355701,15440,92516,3.2948701322761127,0.20640894923664208
3109,0.3502,0,30,0,249939,355671,15440,92516,3.294592241283486,0.20642276549743746
3110,0.3503,5,37,5,249976,355634,15445,92511,3.2942495090592465,0.20643095426703412
3111,0.3504,2,29,2,250005,355605,15447,92509,3.2939808810997073,0.20644077176789835
3112,0.3505,6,30,6,250035,355575,15453,92503,3.2937029901070805,0.2064439673449712
3113,0.3506,2,23,2,250058,355552,15455,92501,3.293489940346067,0.20645102253528042
3114,0.3507,1,26,1,250084,355526,15456,92500,3.2932491014857903,0.20646123216063353
3115,0.3508,5,14,5,250098,355512,15461,92495,3.2931194190225646,0.20645882765224652
3116,0.3509,5,43,5,250141,355469,15466,92490,3.2927211085998,0.20646978852975384
3117,0.351,2,30,2,250171,355439,15468,92488,3.292443217607173,0.20648007376201927
3118,0.3511,1,15,1,250186,355424,15469,92487,3.29230427211086,0.20648521692925603
3119,0.3512,2,35,2,250221,355389,15471,92485,3.291980065952796,0.2064978096518217
3120,0.3513,2,44,2,250265,355345,15473,92483,3.291572492496943,0.20651455469510616
3121,0.3514,4,34,4,250299,355311,15477,92479,3.2912575493719665,0.20652314701087562
3122,0.3515,3,23,3,250322,355288,15480,92476,3.2910444996109525,0.20652843908844837
3123,0.3516,5,34,5,250356,355254,15485,92471,3.2907295564859758,0.2065352616003127
3124,0.3517,3,36,3,250392,355218,15488,92468,3.2903960872948237,0.20654655271775307
3125,0.3518,6,28,6,250420,355190,15494,92462,3.290136722368372,0.20654883704306023
3126,0.3519,2,17,2,250437,355173,15496,92460,3.289979250805884,0.20655313616288343
3127,0.352,3,51,3,250488,355122,15499,92457,3.2895068361184188,0.20657135388389536
3128,0.3521,3,39,3,250527,355083,15502,92454,3.289145577828004,0.2065840366271392
3129,0.3522,1,31,1,250558,355052,15503,92453,3.28885842380229,0.20659657433995152
3130,0.3523,5,37,5,250595,355015,15508,92448,3.2885156915780502,0.20660479190458206
3131,0.3524,7,82,7,250677,354933,15515,92441,3.287756122864871,0.20663024672868785
3132,0.3525,3,24,3,250701,354909,15518,92438,3.2875338100707694,0.2066360118655093
3133,0.3526,0,18,0,250719,354891,15518,92438,3.287367075475194,0.20664432665890206
3134,0.3527,9,51,9,250770,354840,15527,92429,3.2868946607877283,0.20665192535141044
3135,0.3528,10,75,10,250845,354765,15537,92419,3.2861999333061616,0.20666884325020574
3136,0.3529,3,45,3,250890,354720,15540,92416,3.2857830968172217,0.20668431975953624
3137,0.353,3,35,3,250925,354685,15543,92413,3.2854588906591573,0.20669517644901117
3138,0.3531,8,45,8,250970,354640,15551,92405,3.2850420541702174,0.20670178617365143
3139,0.3532,3,100,3,251070,354540,15554,92402,3.2841157508614622,0.20674270934483668
3140,0.3533,3,34,3,251104,354506,15557,92399,3.283800807736485,0.20675311307772345
3141,0.3534,2,45,2,251149,354461,15559,92397,3.283383971247545,0.20677038343276835
3142,0.3535,10,106,10,251255,354355,15569,92387,3.2824020897402644,0.20680168867041826
3143,0.3536,4,23,4,251278,354332,15573,92383,3.282189039979251,0.2068052337620183
3144,0.3537,10,45,10,251323,354287,15583,92373,3.281772203490311,0.20680831057179958
3145,0.3538,3,57,3,251380,354230,15586,92370,3.2812442106043203,0.2068293775190327
3146,0.3539,13,114,13,251494,354116,15599,92357,3.2801882248323393,0.20685909338302652
3147,0.354,2,32,2,251526,354084,15601,92355,3.2798918077735375,0.206870367508215
3148,0.3541,2,25,2,251551,354059,15603,92353,3.2796602319463486,0.206878399326183
3149,0.3542,5,73,5,251624,353986,15608,92348,3.278984030530957,0.20690335040574995
3150,0.3543,25,162,25,251786,353824,15633,92323,3.2774834191707733,0.20693403743609168
3151,0.3544,2,45,2,251831,353779,15635,92321,3.2770665826818335,0.20695135619816185
3152,0.3545,4,34,4,251865,353745,15639,92317,3.2767516395568563,0.20696001901081015
3153,0.3546,3,42,3,251907,353703,15642,92314,3.276362592167179,0.2069741736301531
3154,0.3547,9,99,9,252006,353604,15651,92305,3.2754455518915115,0.20700411967464213
3155,0.3548,6,44,6,252050,353560,15657,92299,3.275037978435659,0.20701387658430132
3156,0.3549,7,63,7,252113,353497,15664,92292,3.274454407351143,0.20703068043401698
3157,0.355,21,210,21,252323,353287,15685,92271,3.2725091704027567,0.20709088379066248
3158,0.3551,5,39,5,252362,353248,15690,92266,3.272147912112342,0.20710011357667774
3159,0.3552,0,21,0,252383,353227,15690,92266,3.2719533884175034,0.20710987602498804
3160,0.3553,4,94,4,252477,353133,15694,92262,3.2710826633072734,0.20714646549691845
3161,0.3554,4,25,4,252502,353108,15698,92258,3.2708510874800845,0.20715097245860709
3162,0.3555,13,116,13,252618,352992,15711,92245,3.269776575641928,0.20718179306751236
3163,0.3556,3,60,3,252678,352932,15714,92242,3.269220793656675,0.2072043740200461
3164,0.3557,6,74,6,252752,352858,15720,92236,3.268535329208196,0.20722813607912036
3165,0.3558,3,98,3,252850,352760,15723,92233,3.2676275519656155,0.20726842894157885
3166,0.3559,38,322,38,253172,352438,15761,92195,3.264644855311423,0.2073507814309779
3167,0.356,6,54,6,253226,352384,15767,92189,3.2641446515246955,0.20736526959576942
3168,0.3561,3,22,3,253248,352362,15770,92186,3.263940864796769,0.20737018274741986
3169,0.3562,13,130,13,253378,352232,15783,92173,3.262736670495387,0.20740765742959688
3170,0.3563,2,48,2,253426,352184,15785,92171,3.2622920449071846,0.20742649458203463
3171,0.3564,11,100,11,253526,352084,15796,92160,3.261365741598429,0.20745356155626188
3172,0.3565,21,233,21,253759,351851,15817,92139,3.259207454889029,0.20752494425550125
3173,0.3566,13,183,13,253942,351668,15830,92126,3.2575123198340066,0.20758730401943243
3174,0.3567,1,26,1,253968,351642,15831,92125,3.25727148097373,0.2075976807649059
3175,0.3568,2,59,2,254027,351583,15833,92123,3.2567249620215644,0.20762171347694194
3176,0.3569,10,86,10,254113,351497,15843,92113,3.2559283411760345,0.20764410180113163
3177,0.357,28,314,28,254427,351183,15871,92085,3.2530197487865427,0.2077411407996968
3178,0.3571,10,57,10,254484,351126,15881,92075,3.252491755900552,0.20774998251357737
3179,0.3572,1,28,1,254512,351098,15882,92074,3.2522323909741004,0.2077613206610526
3180,0.3573,4,24,4,254536,351074,15886,92070,3.252010078179999,0.20776542162367087
3181,0.3574,70,575,70,255111,350499,15956,92000,3.2466838341546556,0.20791007437304942
3182,0.3575,1,29,1,255140,350470,15957,91999,3.2464152061951164,0.20792191091353293
3183,0.3576,3,22,3,255162,350448,15960,91996,3.2462114194671905,0.2079268788818472
3184,0.3577,34,327,34,255489,350121,15994,91962,3.24318240764756,0.20801976099510724
3185,0.3578,5,29,5,255518,350092,15999,91957,3.242913779688021,0.208024449778192
3186,0.3579,21,198,21,255716,349894,16020,91936,3.2410796991366855,0.20808003078106965
3187,0.358,1,16,1,255732,349878,16021,91935,3.2409314906072844,0.20808577384549573
3188,0.3581,10,113,10,255845,349765,16031,91925,3.2398847678683906,0.20812108039575267
3189,0.3582,3,25,3,255870,349740,16034,91922,3.239653192041202,0.20812748210169768
3190,0.3583,2,17,2,255887,349723,16036,91920,3.2394957204787134,0.20813190744560653
3191,0.3584,5,89,5,255976,349634,16041,91915,3.2386713105339213,0.20816489223166626
3192,0.3585,133,1215,133,257191,348419,16174,91782,3.2274167253325428,0.20850020785959142
3193,0.3586,9,56,9,257247,348363,16183,91773,3.2268979954796397,0.20851055128414853
3194,0.3587,3,27,3,257274,348336,16186,91770,3.226647893586276,0.20851794794890322
3195,0.3588,8,47,8,257321,348289,16194,91762,3.2262125310311607,0.2085258299606182
3196,0.3589,24,126,24,257447,348163,16218,91738,3.225045388862129,0.2085423765801851
3197,0.359,2,31,2,257478,348132,16220,91736,3.2247582348364148,0.20855347513344913
3198,0.3591,4,13,4,257491,348119,16224,91732,3.2246378154062767,0.20855244162227662
3199,0.3592,48,519,48,258010,347600,16272,91684,3.219830301233836,0.2087123592027026
3200,0.3593,1,34,1,258044,347566,16273,91683,3.2195153581088594,0.2087267130943952
3201,0.3594,25,228,25,258272,347338,16298,91658,3.217403386564897,0.2087900573125951
3202,0.3595,2,14,2,258286,347324,16300,91656,3.2172737041016712,0.20879311130347625
3203,0.3596,11,107,11,258393,347217,16311,91645,3.2162825595613027,0.20882418619064763
3204,0.3597,3,50,3,258443,347167,16314,91642,3.215819407906925,0.20884257159720973
3205,0.3598,3,25,3,258468,347142,16317,91639,3.215587832079736,0.20884906137686
3206,0.3599,1,21,1,258489,347121,16318,91638,3.2153933083848973,0.20885725421017004
3207,0.36,333,3406,333,261895,343715,16651,91305,3.183843417688688,0.2098869017516436
3208,0.3601,1,19,1,261914,343696,16652,91304,3.1836674200600243,0.20989425287356323
3209,0.3602,4,24,4,261938,343672,16656,91300,3.183445107265923,0.20989856818369917
3210,0.3603,2,25,2,261963,343647,16658,91298,3.183213531438734,0.20990699973559876
3211,0.3604,0,15,0,261978,343632,16658,91298,3.1830745859424208,0.20991423907295426
3212,0.3605,1,23,1,262001,343609,16659,91297,3.182861536181407,0.20992352370397283
3213,0.3606,5,42,5,262043,343567,16664,91292,3.18247248879173,0.2099347144706675
3214,0.3607,4,28,4,262071,343539,16668,91288,3.1822131238652784,0.2099409650274707
3215,0.3608,1,20,1,262091,343519,16669,91287,3.1820278632035275,0.20994880475430422
3216,0.3609,7,42,7,262133,343477,16676,91280,3.18163881581385,0.20995636642998272
3217,0.361,3,30,3,262163,343447,16679,91277,3.1813609248212233,0.20996540333636973
3218,0.3611,1,22,1,262185,343425,16680,91276,3.1811571380932975,0.20997421215962236
3219,0.3612,5,31,5,262216,343394,16685,91271,3.180869984067583,0.2099800996169464
3220,0.3613,8,50,8,262266,343344,16693,91263,3.1804068324132055,0.20998971484582624
3221,0.3614,0,27,0,262293,343317,16693,91263,3.1801567305198413,0.21000276128675963
3222,0.3615,4,24,4,262317,343293,16697,91259,3.17993441772574,0.21000708775934757
3223,0.3616,3,33,3,262350,343260,16700,91256,3.179628737633851,0.21001758278176177
3224,0.3617,7,45,7,262395,343215,16707,91249,3.1792119011449107,0.21002660749797453
3225,0.3618,3,28,3,262423,343187,16710,91246,3.178952536218459,0.21003468889333912
3226,0.3619,3,25,3,262448,343162,16713,91243,3.1787209603912707,0.21004132088719052
3227,0.362,6,43,6,262491,343119,16719,91237,3.1783226499685058,0.21005120223963752
3228,0.3621,5,25,5,262516,343094,16724,91232,3.178091074141317,0.21005419891970548
3229,0.3622,2,25,2,262541,343069,16726,91230,3.177859498314128,0.2100626526885855
3230,0.3623,5,43,5,262584,343026,16731,91225,3.177461187891363,0.21007435791742562
3231,0.3624,16,84,16,262668,342942,16747,91209,3.1766830931120085,0.21008589177498152
3232,0.3625,2,36,2,262704,342906,16749,91207,3.176349623920857,0.21009967450871087
3233,0.3626,5,35,5,262739,342871,16754,91202,3.1760254177627925,0.21010751647764317
3234,0.3627,2,55,2,262794,342816,16756,91200,3.1755159509429767,0.21013050210130502
3235,0.3628,6,79,6,262873,342737,16762,91194,3.17478417132906,0.2101578361536742
3236,0.3629,6,38,6,262911,342699,16768,91188,3.174432176071733,0.210165319541724
3237,0.363,1,24,1,262935,342675,16769,91187,3.1742098632776314,0.21017512480927114
3238,0.3631,5,51,5,262986,342624,16774,91182,3.1737374485901664,0.2101907304186664
3239,0.3632,7,85,7,263071,342539,16781,91175,3.172950090777724,0.21021917669247475
3240,0.3633,4,38,4,263109,342501,16785,91171,3.172598095520397,0.21023031230976405
3241,0.3634,10,54,10,263163,342447,16795,91161,3.172097891733669,0.21023827973653622
3242,0.3635,10,108,10,263271,342339,16805,91151,3.1710974841602133,0.210272439964013
3243,0.3636,1,40,1,263311,342299,16806,91150,3.1707269628367114,0.21029002258627888
3244,0.3637,7,52,7,263363,342247,16813,91143,3.170245285116158,0.21030249890398947
3245,0.3638,8,49,8,263412,342198,16821,91135,3.169791396494868,0.21031170023976942
3246,0.3639,9,111,9,263523,342087,16830,91126,3.1687631998221497,0.21034918158042348
3247,0.364,4,29,4,263552,342058,16834,91122,3.1684945718626105,0.21035597211320928
3248,0.3641,1,21,1,263573,342037,16835,91121,3.168300048167772,0.2103643474205717
3249,0.3642,9,77,9,263650,341960,16844,91112,3.1675867946200302,0.2103853400820187
3250,0.3643,21,152,21,263802,341808,16865,91091,3.1661788135907223,0.2104209064932005
3251,0.3644,5,41,5,263843,341767,16870,91086,3.1657990292341323,0.21043171700323204
3252,0.3645,4,39,4,263882,341728,16874,91082,3.165437770943718,0.21044338162242093
3253,0.3646,2,59,2,263941,341669,16876,91080,3.164891251991552,0.21046842395938523
3254,0.3647,11,102,11,264043,341567,16887,91069,3.1639464226166214,0.2104979705803493
3255,0.3648,6,30,6,264073,341537,16893,91063,3.163668531623995,0.21050161812297735
3256,0.3649,8,64,8,264137,341473,16901,91055,3.1630756975063914,0.2105181629859801
3257,0.365,22,228,22,264365,341245,16923,91033,3.160963725962429,0.21058901910344732
3258,0.3651,3,33,3,264398,341212,16926,91030,3.16065804587054,0.21059961780669162
3259,0.3652,2,26,2,264424,341186,16928,91028,3.1604172070102634,0.21060863368609067
3260,0.3653,17,112,17,264536,341074,16945,91011,3.1593797473044574,0.21063216728190054
3261,0.3654,2,38,2,264574,341036,16947,91009,3.1590277520471304,0.21064703908157714
3262,0.3655,7,121,7,264695,340915,16954,91002,3.157906925043536,0.21069325819544032
3263,0.3656,5,36,5,264731,340879,16959,90997,3.1575734558523845,0.2107016828904593
3264,0.3657,5,102,5,264833,340777,16964,90992,3.156628626477454,0.21074231823035003
3265,0.3658,10,76,10,264909,340701,16974,90982,3.1559246359627995,0.2107611372233792
3266,0.3659,39,303,39,265212,340398,17013,90943,3.153117936937271,0.21083782900303935
3267,0.366,7,46,7,265258,340352,17020,90936,3.1526918374152433,0.21084750792973606
3268,0.3661,3,37,3,265295,340315,17023,90933,3.1523491051910035,0.21086010833673433
3269,0.3662,15,115,15,265410,340200,17038,90918,3.151283856385935,0.21088889816709114
3270,0.3663,3,63,3,265473,340137,17041,90915,3.150700285301419,0.21091422844575597
3271,0.3664,15,110,15,265583,340027,17056,90900,3.1496813516617883,0.2109406001480529
3272,0.3665,27,230,27,265813,339797,17083,90873,3.1475508540516506,0.21100378480042725
3273,0.3666,17,177,17,265990,339620,17100,90856,3.1459112971951537,0.21105938542450683
3274,0.3667,1,17,1,266007,339603,17101,90855,3.1457538256326654,0.21106588796119483
3275,0.3668,6,63,6,266070,339540,17107,90849,3.145170254548149,0.2110857851850303
3276,0.3669,11,76,11,266146,339464,17118,90838,3.144466264033495,0.21110289982384464
3277,0.367,44,334,44,266480,339130,17162,90794,3.141372410982252,0.21118616313581004
3278,0.3671,13,72,13,266552,339058,17175,90781,3.140705472599948,0.21119768099218544
3279,0.3672,3,24,3,266576,339034,17178,90778,3.140483159805847,0.21120396824658222
3280,0.3673,3,51,3,266627,338983,17181,90775,3.1400107451183814,0.21122352579823994
3281,0.3674,56,596,56,267223,338387,17237,90719,3.134489977398199,0.21141396298350523
3282,0.3675,4,16,4,267239,338371,17241,90715,3.1343417688687985,0.21141449499634107
3283,0.3676,1,19,1,267258,338352,17242,90714,3.1341657712401347,0.21142201899008545
3284,0.3677,34,307,34,267565,338045,17276,90680,3.131322020082256,0.21151087526969503
3285,0.3678,1,29,1,267594,338016,17277,90679,3.1310533921227166,0.21152334410245047
3286,0.3679,28,231,28,267825,337785,17305,90651,3.1289136314794916,0.21158586113211775
3287,0.368,1,24,1,267849,337761,17306,90650,3.1286913186853904,0.21159587405552144
3288,0.3681,10,92,10,267941,337669,17316,90640,3.1278391196413353,0.21162291709957062
3289,0.3682,3,35,3,267976,337634,17319,90637,3.127514913483271,0.21163468925049794
3290,0.3683,2,32,2,268008,337602,17321,90635,3.127218496424469,0.21164682173656177
3291,0.3684,6,90,6,268098,337512,17327,90629,3.1263848234465894,0.2116802642120236
3292,0.3685,120,1271,120,269369,336241,17447,90509,3.114611508392308,0.21208904510837728
3293,0.3686,10,65,10,269434,336176,17457,90499,3.114009411241617,0.21210288861545673
3294,0.3687,0,21,0,269455,336155,17457,90499,3.1138148875467784,0.21211332836443583
3295,0.3688,8,60,8,269515,336095,17465,90491,3.113259105561525,0.2121283867731243
3296,0.3689,14,129,14,269644,335966,17479,90477,3.1120641742932307,0.21216669050728937
3297,0.369,3,17,3,269661,335949,17482,90474,3.1119067027307423,0.21216960623606138
3298,0.3691,0,28,0,269689,335921,17482,90474,3.111647337804291,0.21218353873755555
3299,0.3692,63,520,63,270209,335401,17545,90411,3.1068305605987625,0.21232609696297897
3300,0.3693,4,27,4,270236,335374,17549,90407,3.1065804587053987,0.21233216136934246
3301,0.3694,15,235,15,270471,335139,17564,90392,3.1044036459298234,0.2124216567065619
3302,0.3695,1,21,1,270492,335118,17565,90391,3.104209122234985,0.21243028937108263
3303,0.3696,15,73,15,270565,335045,17580,90376,3.103532920819593,0.21243897221810865
3304,0.3697,7,58,7,270623,334987,17587,90369,3.102995664900515,0.21245497888827242
3305,0.3698,1,31,1,270654,334956,17588,90368,3.102708510874801,0.21246861216390328
3306,0.3699,1,21,1,270675,334935,17589,90367,3.1025139871799623,0.2124772514589633
3307,0.37,361,3228,361,273903,331707,17950,90006,3.072612916373337,0.21342951248835107
3308,0.3701,2,23,2,273926,331684,17952,90004,3.0723998666123236,0.21343742292880044
3309,0.3702,4,29,4,273955,331655,17956,90000,3.0721312386527844,0.21344464076081157
3310,0.3703,1,33,1,273988,331622,17957,89999,3.0718255585608953,0.2134594813825687
3311,0.3704,1,34,1,274022,331588,17958,89998,3.071510615435918,0.21347483075813714
3312,0.3705,0,24,0,274046,331564,17958,89998,3.071288302641817,0.21348698412095968
3313,0.3706,1,24,1,274070,331540,17959,89997,3.0710659898477157,0.21349727307448693
3314,0.3707,1,23,1,274093,331517,17960,89996,3.070852940086702,0.21350705672185674
3315,0.3708,2,21,2,274114,331496,17962,89994,3.0706584163918635,0.2135139623715865
3316,0.3709,5,52,5,274166,331444,17967,89989,3.0701767386713104,0.21353097645414573
3317,0.371,1,23,1,274189,331421,17968,89988,3.069963688910297,0.2135407644355009
3318,0.3711,2,20,2,274209,331401,17970,89986,3.069778428248546,0.21354716685612038
3319,0.3712,2,28,2,274237,331373,17972,89984,3.0695190633220943,0.2135576245321663
3320,0.3713,5,45,5,274282,331328,17977,89979,3.069102226833154,0.21357110135839186
3321,0.3714,3,21,3,274303,331307,17980,89976,3.0689077031383154,0.21357614715049028
3322,0.3715,0,28,0,274331,331279,17980,89976,3.068648338211864,0.2135903431413277
3323,0.3716,3,41,3,274372,331238,17983,89973,3.0682685538552743,0.21360553261904366
3324,0.3717,7,41,7,274413,331197,17990,89966,3.0678887694986847,0.21361325662510713
3325,0.3718,6,33,6,274446,331164,17996,89960,3.0675830894067952,0.21361879161482128
3326,0.3719,3,27,3,274473,331137,17999,89957,3.0673329875134314,0.21362688615843492
3327,0.372,3,43,3,274516,331094,18002,89954,3.0669346770906665,0.2136431000741008
3328,0.3721,1,29,1,274545,331065,18003,89953,3.0666660491311273,0.21365594820173958
3329,0.3722,4,32,4,274577,331033,18007,89949,3.066369632072326,0.21366471725631975
3330,0.3723,5,31,5,274608,331002,18012,89944,3.0660824780466114,0.21367111220916696
3331,0.3724,8,72,8,274680,330930,18020,89936,3.0654155396643077,0.21369271929782876
3332,0.3725,4,25,4,274705,330905,18024,89932,3.0651839638371188,0.21369794005755197
3333,0.3726,2,28,2,274733,330877,18026,89930,3.0649245989106673,0.2137084221507722
3334,0.3727,9,53,9,274786,330824,18035,89921,3.064433658157027,0.21371852309593697
3335,0.3728,10,57,10,274843,330767,18045,89911,3.063905665271036,0.2137287901910725
3336,0.3729,2,42,2,274885,330725,18047,89909,3.063516617881359,0.2137463923505946
3337,0.373,2,42,2,274927,330683,18049,89907,3.0631275704916816,0.2137639981930146
3338,0.3731,7,57,7,274984,330626,18056,89900,3.0625995776056913,0.21377988519140315
3339,0.3732,16,85,16,275069,330541,18072,89884,3.061812219793249,0.21379318546708687
3340,0.3733,6,28,6,275097,330513,18078,89878,3.0615528548667976,0.21379620401007635
3341,0.3734,7,36,7,275133,330477,18085,89871,3.0612193856756456,0.21380142167918012
3342,0.3735,17,100,17,275233,330377,18102,89854,3.0602930823668903,0.2138204939664137
3343,0.3736,1,21,1,275254,330356,18103,89853,3.0600985586720517,0.2138293087487417
3344,0.3737,3,40,3,275294,330316,18106,89850,3.0597280373485494,0.21384405211273638
3345,0.3738,5,60,5,275354,330256,18111,89845,3.059172255363296,0.21386523716915695
3346,0.3739,9,126,9,275480,330130,18120,89836,3.0580051131942643,0.21391255482586685
3347,0.374,3,25,3,275505,330105,18123,89833,3.0577735373670754,0.21391967385661692
3348,0.3741,3,19,3,275524,330086,18126,89830,3.057597539738412,0.21392373712837806
3349,0.3742,14,73,14,275597,330013,18140,89816,3.0569213383230207,0.21393472104118583
3350,0.3743,12,159,12,275756,329854,18152,89804,3.0554485160620994,0.21399329930562505
3351,0.3744,6,37,6,275793,329817,18158,89798,3.0551057838378597,0.21400092942340002
3352,0.3745,2,29,2,275822,329788,18160,89796,3.054837155878321,0.21401197376449055
3353,0.3746,7,68,7,275890,329720,18167,89789,3.054207269628367,0.2140335487438887
3354,0.3747,10,101,10,275991,329619,18177,89779,3.053271703286524,0.2140663522477456
3355,0.3748,4,39,4,276030,329580,18181,89775,3.0529104449961095,0.21407876381586008
3356,0.3749,5,61,5,276091,329519,18186,89770,3.0523453999777685,0.21410053686121028
3357,0.375,21,233,21,276324,329286,18207,89749,3.0501871132683687,0.2141801997446514
3358,0.3751,1,28,1,276352,329258,18208,89748,3.049927748341917,0.21419263685961537
3359,0.3752,0,28,0,276380,329230,18208,89748,3.0496683834154656,0.2142069512003017
3360,0.3753,10,114,10,276494,329116,18218,89738,3.0486123976434842,0.21424649161760423
3361,0.3754,7,31,7,276525,329085,18225,89731,3.04832524361777,0.2142492168398533
3362,0.3755,10,106,10,276631,328979,18235,89721,3.0473433621104893,0.21428469070933842
3363,0.3756,2,43,2,276674,328936,18237,89719,3.046945051687725,0.21430294634006522
3364,0.3757,6,80,6,276754,328856,18243,89713,3.04620400904072,0.21433264288564133
3365,0.3758,9,64,9,276818,328792,18252,89704,3.045611174923117,0.2143485242391803
3366,0.3759,45,277,45,277095,328515,18297,89659,3.0430453147578644,0.21440596498108444
3367,0.376,8,61,8,277156,328454,18305,89651,3.0424802697395235,0.2144222145154925
3368,0.3761,3,30,3,277186,328424,18308,89648,3.042202378746897,0.21443196387225166
3369,0.3762,12,122,12,277308,328302,18320,89636,3.041072288710215,0.21447200302437203
3370,0.3763,6,41,6,277349,328261,18326,89630,3.0406925043536255,0.2144817667765039
3371,0.3764,18,102,18,277451,328159,18344,89612,3.039747674978695,0.21450028843553046
3372,0.3765,15,214,15,277665,327945,18359,89597,3.0377653858979583,0.21458200612153988
3373,0.3766,22,157,22,277822,327788,18381,89575,3.0363110897032124,0.21462132484192417
3374,0.3767,0,19,0,277841,327769,18381,89575,3.0361350920745487,0.21463109569084496
3375,0.3768,10,66,10,277907,327703,18391,89565,3.03552373189077,0.2146462225715847
3376,0.3769,13,113,13,278020,327590,18404,89552,3.034477009151877,0.2146798931778627
3377,0.377,40,343,40,278363,327247,18444,89512,3.0312997888028455,0.2147812044850861
3378,0.3771,9,66,9,278429,327181,18453,89503,3.030688428619067,0.2147982643922013
3379,0.3772,5,18,5,278447,327163,18458,89498,3.030521694023491,0.21479812125444905
3380,0.3773,7,48,7,278495,327115,18465,89491,3.0300770684352885,0.21480967628886766
3381,0.3774,56,621,56,279116,326494,18521,89435,3.0243247248879173,0.21502467969292835
3382,0.3775,2,30,2,279146,326464,18523,89433,3.024046833895291,0.21503641526627987
3383,0.3776,3,18,3,279164,326446,18526,89430,3.023880099299715,0.21504006001788994
3384,0.3777,33,288,33,279452,326158,18559,89397,3.021212345770499,0.2151267581908532
3385,0.3778,1,28,1,279480,326130,18560,89396,3.0209529808440476,0.2151393655270669
3386,0.3779,20,229,20,279709,325901,18580,89376,3.0188317462669976,0.21522020241910822
3387,0.378,1,17,1,279726,325884,18581,89375,3.018674274704509,0.215227123313402
3388,0.3781,7,84,7,279810,325800,18588,89368,3.0178961799251547,0.21525743795282873
3389,0.3782,4,29,4,279839,325771,18592,89364,3.0176275519656155,0.21526491382321414
3390,0.3783,1,7,1,279846,325764,18593,89363,3.0175627107340026,0.2152666533374124
3391,0.3784,7,93,7,279939,325671,18600,89356,3.0167012486568603,0.21530165507304344
3392,0.3785,132,1264,132,281203,324407,18732,89224,3.0049927748341916,0.21570917073430182
3393,0.3786,11,62,11,281265,324345,18743,89213,3.0044184667827634,0.2157206486151882
3394,0.3787,2,15,2,281280,324330,18745,89211,3.00427952128645,0.21572468026144928
3395,0.3788,3,58,3,281338,324272,18748,89208,3.003742265367372,0.21574925026603464
3396,0.3789,18,109,18,281447,324163,18766,89190,3.0027325947608285,0.2157719914939531
3397,0.379,6,27,6,281474,324136,18772,89184,3.0024824928674647,0.21577470240975516
3398,0.3791,2,21,2,281495,324115,18774,89182,3.002287969172626,0.21578187114835096
3399,0.3792,49,568,49,282063,323547,18823,89133,2.9970265663788953,0.21598575167199768
3400,0.3793,4,27,4,282090,323520,18827,89129,2.996776464485531,0.2159922839992342
3401,0.3794,26,213,26,282303,323307,18853,89103,2.994803438437882,0.2160544118716811
3402,0.3795,1,14,1,282317,323293,18854,89102,2.9946737559746563,0.2160598455364396
3403,0.3796,7,83,7,282400,323210,18861,89095,2.9939049242283895,0.2160900304386316
3404,0.3797,4,55,4,282455,323155,18865,89091,2.9933954574085737,0.21611125396001415
3405,0.3798,2,32,2,282487,323123,18867,89089,2.993099040349772,0.21612422733933026
3406,0.3799,1,28,1,282515,323095,18868,89088,2.9928396754233204,0.21613700710606695
3407,0.38,371,3181,371,285696,319914,19239,88717,2.963373967171811,0.2171078552532725
3408,0.3801,1,23,1,285719,319891,19240,88716,2.963160917410797,0.2171181599923643
3409,0.3802,3,28,3,285747,319863,19243,88713,2.9629015524843454,0.21712729088345864
3410,0.3803,3,23,3,285770,319840,19246,88710,2.962688502723332,0.2171337657569453
3411,0.3804,2,24,2,285794,319816,19248,88708,2.9624661899292306,0.21714268929120442
3412,0.3805,2,21,2,285815,319795,19250,88706,2.962271666234392,0.21715001921659924
3413,0.3806,4,27,4,285842,319768,19254,88702,2.9620215643410277,0.21715670673488874
3414,0.3807,3,24,3,285866,319744,19257,88699,2.9617992515469265,0.21716371684665914
3415,0.3808,0,18,0,285884,319726,19257,88699,2.9616325169513504,0.2171732876293077
3416,0.3809,9,48,9,285932,319678,19266,88690,2.961187891363148,0.21718156172863692
3417,0.381,4,30,4,285962,319648,19270,88686,2.9609100003705215,0.21718984948596
3418,0.3811,1,21,1,285983,319627,19271,88685,2.9607154766756825,0.21719910264699543
3419,0.3812,4,36,4,286019,319591,19275,88681,2.960382007484531,0.21721058510012933
3420,0.3813,9,34,9,286053,319557,19284,88672,2.9600670643595537,0.21721141810111483
3421,0.3814,6,31,6,286084,319526,19290,88666,2.9597799103338396,0.21721640796487926
3422,0.3815,3,21,3,286105,319505,19293,88663,2.959585386639001,0.21722183022676936
3423,0.3816,1,51,1,286156,319454,19294,88662,2.959112971951536,0.21724705720922483
3424,0.3817,3,47,3,286203,319407,19297,88659,2.9586776093964207,0.2172663245651439
3425,0.3818,2,39,2,286242,319368,19299,88657,2.958316351106006,0.2172832547025305
3426,0.3819,5,30,5,286272,319338,19304,88652,2.9580384601133796,0.21728963945194735
3427,0.382,7,49,7,286321,319289,19311,88645,2.9575845714920894,0.21730230870680062
3428,0.3821,4,27,4,286348,319262,19315,88641,2.9573344695987256,0.21730901709475048
3429,0.3822,5,39,5,286387,319223,19320,88636,2.956973211308311,0.21732020134409194
3430,0.3823,2,28,2,286415,319195,19322,88634,2.9567138463818594,0.21733128345458513
3431,0.3824,8,93,8,286508,319102,19330,88626,2.9558523843047166,0.21736549856767257
3432,0.3825,1,27,1,286535,319075,19331,88625,2.955602282411353,0.21737797400049055
3433,0.3826,1,22,1,286557,319053,19332,88624,2.9553984956834265,0.2173877849375854
3434,0.3827,6,57,6,286614,318996,19338,88618,2.954870502797436,0.21740666414794388
3435,0.3828,3,52,3,286666,318944,19341,88615,2.954388825076883,0.21742864223339442
3436,0.3829,3,35,3,286701,318909,19344,88612,2.9540646189188187,0.21744155515912064
3437,0.383,7,40,7,286741,318869,19351,88605,2.9536940975953168,0.21744945689786344
3438,0.3831,3,39,3,286780,318830,19354,88602,2.953332839304902,0.21746450941506804
3439,0.3832,12,82,12,286862,318748,19366,88590,2.9525732705917225,0.21748523339339812
3440,0.3833,1,40,1,286902,318708,19367,88589,2.9522027492682206,0.21750467103857873
3441,0.3834,7,37,7,286939,318671,19374,88582,2.951860017043981,0.2175109821167677
3442,0.3835,13,115,13,287054,318556,19387,88569,2.950794768238912,0.2175474362910654
3443,0.3836,4,26,4,287080,318530,19391,88565,2.9505539293786356,0.21755364227023177
3444,0.3837,4,36,4,287116,318494,19395,88561,2.950220460187484,0.2175651938927172
3445,0.3838,5,41,5,287157,318453,19400,88556,2.949840675830894,0.21757749828627868
3446,0.3839,14,123,14,287280,318330,19414,88542,2.9487013227611247,0.21761635108830296
3447,0.384,0,44,0,287324,318286,19414,88542,2.9482937493052725,0.21763988712674645
3448,0.3841,2,21,2,287345,318265,19416,88540,2.948099225610434,0.21764727572178316
3449,0.3842,11,68,11,287413,318197,19427,88529,2.94746933936048,0.21766250497878178
3450,0.3843,20,176,20,287589,318021,19447,88509,2.945839045537071,0.21771824957567706
3451,0.3844,4,46,4,287635,317975,19451,88505,2.9454129460150433,0.21773518992324345
3452,0.3845,3,31,3,287666,317944,19454,88502,2.945125791989329,0.21774602284190273
3453,0.3846,8,52,8,287718,317892,19462,88494,2.944644114268776,0.21775848577460838
3454,0.3847,11,97,11,287815,317795,19473,88483,2.9437456000592834,0.21778929698383864
3455,0.3848,6,27,6,287842,317768,19479,88477,2.9434954981659196,0.2177922189811567
3456,0.3849,8,65,8,287907,317703,19487,88469,2.9428934010152283,0.21781166599371696
3457,0.385,20,235,20,288142,317468,19507,88449,2.940716588239653,0.21789922570377687
3458,0.3851,2,37,2,288179,317431,19509,88447,2.940373856015414,0.2179152356126718
3459,0.3852,4,22,4,288201,317409,19513,88443,2.9401700692874875,0.21791934005499541
3460,0.3853,22,103,22,288304,317306,19535,88421,2.9392159768794692,0.217932254939898
3461,0.3854,2,35,2,288339,317271,19537,88419,2.938891770721405,0.21794720106485246
3462,0.3855,7,108,7,288447,317163,19544,88412,2.937891363147949,0.21799174012204894
3463,0.3856,6,49,6,288496,317114,19550,88406,2.937437474526659,0.21800651015979483
3464,0.3857,8,78,8,288574,317036,19558,88398,2.9367149579458296,0.21803302140422362
3465,0.3858,4,81,4,288655,316955,19562,88394,2.935964652265738,0.21806887398266678
3466,0.3859,43,294,43,288949,316661,19605,88351,2.933241320537997,0.21814415375346904
3467,0.386,4,64,4,289013,316597,19609,88347,2.9326484864203937,0.21817090758228297
3468,0.3861,3,28,3,289041,316569,19612,88344,2.932389121493942,0.21818020167295196
3469,0.3862,12,112,12,289153,316457,19624,88332,2.931351661788136,0.21821739227103504
3470,0.3863,7,53,7,289206,316404,19631,88325,2.9308607210344957,0.21823244689656535
3471,0.3864,11,147,11,289353,316257,19642,88314,2.9294990551706253,0.2182904854772092
3472,0.3865,15,253,15,289606,316004,19657,88299,2.927155507799474,0.2183980826261492
3473,0.3866,16,166,16,289772,315838,19673,88283,2.92561784430694,0.21845684832018133
3474,0.3867,0,25,0,289797,315813,19673,88283,2.925386268479751,0.21847036347798543
3475,0.3868,9,74,9,289871,315739,19682,88274,2.924700804031272,0.2184929692856418
3476,0.3869,12,108,12,289979,315631,19694,88262,2.923700396457816,0.21852817454127701
3477,0.387,54,336,54,290315,315295,19748,88208,2.920588017340398,0.2186055617926013
3478,0.3871,7,67,7,290382,315228,19755,88201,2.919967394123532,0.2186283088226181
3479,0.3872,4,23,4,290405,315205,19759,88197,2.9197543443625182,0.2186330261129097
3480,0.3873,4,44,4,290449,315161,19763,88193,2.9193467709066656,0.21864912706952205
3481,0.3874,55,590,55,291039,314571,19818,88138,2.9138815813850085,0.21886275201199873
3482,0.3875,4,42,4,291081,314529,19822,88134,2.9134925339953313,0.2188778209073096
3483,0.3876,1,16,1,291097,314513,19823,88133,2.9133443254659306,0.2188845785131356
3484,0.3877,42,270,42,291367,314243,19865,88091,2.910843306532291,0.21894992717493425
3485,0.3878,2,34,2,291401,314209,19867,88089,2.9105283634073142,0.2189645486679029
3486,0.3879,25,230,25,291631,313979,19892,88064,2.9083978657971765,0.21904124683180654
3487,0.388,6,25,6,291656,313954,19898,88058,2.9081662899699876,0.2190432126404187
3488,0.3881,12,103,12,291759,313851,19910,88046,2.90721219756197,0.21907603191862593
3489,0.3882,1,19,1,291778,313832,19911,88045,2.907036199933306,0.2190844462360374
3490,0.3883,1,19,1,291797,313813,19912,88044,2.906860202304643,0.21909286139099232
3491,0.3884,10,66,10,291863,313747,19922,88034,2.906248842120864,0.21910941532825096
3492,0.3885,129,1222,129,293085,312525,20051,87905,2.894929415687873,0.21952650900282197
3493,0.3886,7,62,7,293147,312463,20058,87898,2.8943551076364447,0.2195468589597888
3494,0.3887,3,19,3,293166,312444,20061,87895,2.894179110007781,0.2195514301629369
3495,0.3888,6,57,6,293223,312387,20067,87889,2.8936511171217902,0.2195709960127512
3496,0.3889,16,132,16,293355,312255,20083,87873,2.8924283967542332,0.21961222408829176
3497,0.389,3,35,3,293390,312220,20086,87870,2.892104190596169,0.2196255842435452
3498,0.3891,0,16,0,293406,312204,20086,87870,2.8919559820667677,0.21963436764198624
3499,0.3892,62,525,62,293931,311679,20148,87808,2.887092889695802,0.21980189593153218
3500,0.3893,2,30,2,293961,311649,20150,87806,2.8868149987031755,0.21981449725250654
3501,0.3894,26,215,26,294176,311434,20176,87780,2.884823446589351,0.21988206826413903
3502,0.3895,5,16,5,294192,311418,20181,87775,2.8846752380599505,0.21988111013970685
3503,0.3896,6,91,6,294283,311327,20187,87769,2.883832302048983,0.2199195181109307
3504,0.3897,5,48,5,294331,311279,20192,87764,2.88338767646078,0.21993619735216505
3505,0.3898,4,25,4,294356,311254,20196,87760,2.8831561006335913,0.21994215741803547
3506,0.3899,2,17,2,294373,311237,20198,87758,2.882998629071103,0.2199476183912079
3507,0.39,358,3174,358,297547,308063,20556,87400,2.853597762051206,0.2210067692805648
3508,0.3901,4,25,4,297572,308038,20560,87396,2.8533661862240174,0.22101286181764845
3509,0.3902,0,44,0,297616,307994,20560,87396,2.8529586127681648,0.22103745668833305
3510,0.3903,2,33,2,297649,307961,20562,87394,2.8526529326762757,0.22105196595464835
3511,0.3904,0,14,0,297663,307947,20562,87394,2.85252325021305,0.221059793950033
3512,0.3905,3,23,3,297686,307924,20565,87391,2.852310200452036,0.22106674424193365
3513,0.3906,3,23,3,297709,307901,20568,87388,2.8520971506910224,0.22107369544814048
3514,0.3907,1,27,1,297736,307874,20569,87387,2.851847048797658,0.22108682617308564
3515,0.3908,3,26,3,297762,307848,20572,87384,2.851606209937382,0.22109545785766335
3516,0.3909,6,43,6,297805,307805,20578,87378,2.851207899514617,0.22110768934898514
3517,0.391,3,12,3,297817,307793,20581,87375,2.8510967431175662,0.22110849056603774
3518,0.3911,4,22,4,297839,307771,20585,87371,2.8508929563896404,0.22111291636930522
3519,0.3912,4,40,4,297879,307731,20589,87367,2.850522435066138,0.2211274164890736
3520,0.3913,5,36,5,297915,307695,20594,87362,2.850188965874986,0.2211377092419575
3521,0.3914,3,32,3,297947,307663,20597,87359,2.8498925488161846,0.22114970811752258
3522,0.3915,0,15,0,297962,307648,20597,87359,2.849753603319871,0.22115810605887998
3523,0.3916,7,33,7,297995,307615,20604,87352,2.8494479232279817,0.22116278068800685
3524,0.3917,4,43,4,298038,307572,20608,87348,2.8490496128052167,0.22117897295654818
3525,0.3918,2,27,2,298065,307545,20610,87346,2.848799510911853,0.22119015120628224
3526,0.3919,2,19,2,298084,307526,20612,87344,2.8486235132831896,0.22119684959606958
3527,0.392,3,47,3,298131,307479,20615,87341,2.8481881507280744,0.2212172635631427
3528,0.3921,0,38,0,298169,307441,20615,87341,2.8478361554707474,0.22123855697574865
3529,0.3922,4,31,4,298200,307410,20619,87337,2.8475490014450333,0.22124803988377365
3530,0.3923,6,33,6,298233,307377,20625,87331,2.847243321353144,0.22125469967672304
3531,0.3924,12,84,12,298317,307293,20637,87319,2.8464652265737893,0.22127811622555826
3532,0.3925,0,36,0,298353,307257,20637,87319,2.8461317573826372,0.2212983050160172
3533,0.3926,0,19,0,298372,307238,20637,87319,2.845955759753974,0.22130896169628217
3534,0.3927,6,52,6,298424,307186,20643,87313,2.8454740820334212,0.2213262898004811
3535,0.3928,5,65,5,298489,307121,20648,87308,2.84487198488273,0.22135289240902672
3536,0.3929,4,36,4,298525,307085,20652,87304,2.844538515691578,0.22136520034787988
3537,0.393,4,21,4,298546,307064,20656,87300,2.8443439919967393,0.2213690904849327
3538,0.3931,5,47,5,298593,307017,20661,87295,2.8439086294416245,0.221385603278622
3539,0.3932,7,85,7,298678,306932,20668,87288,2.8431212716291823,0.22141951194764345
3540,0.3933,3,33,3,298711,306899,20671,87285,2.842815591537293,0.2214321230694295
3541,0.3934,4,29,4,298740,306870,20675,87281,2.842546963577754,0.22144051391471797
3542,0.3935,11,102,11,298842,306768,20686,87270,2.8416021342028235,0.22147610128972334
3543,0.3936,6,30,6,298872,306738,20692,87264,2.8413242432101966,0.22148110923294806
3544,0.3937,3,39,3,298911,306699,20695,87261,2.840962984919782,0.22149710630520866
3545,0.3938,8,51,8,298962,306648,20703,87253,2.840490570232317,0.22150997331816877
3546,0.3939,7,128,7,299090,306520,20710,87246,2.8393049019971097,0.22156813945338094
3547,0.394,3,28,3,299118,306492,20713,87243,2.839045537070658,0.22157796487485237
3548,0.3941,1,25,1,299143,306467,20714,87242,2.8388139612434697,0.2215900576313978
3549,0.3942,9,79,9,299222,306388,20723,87233,2.8380821816295527,0.22161673284707878
3550,0.3943,14,134,14,299356,306254,20737,87219,2.8368409351958204,0.22166451065257337
3551,0.3944,12,49,12,299405,306205,20749,87207,2.8363870465745302,0.22166837818876903
3552,0.3945,5,40,5,299445,306165,20754,87202,2.8360165252510283,0.22168102560713024
3553,0.3946,10,67,10,299512,306098,20764,87192,2.835395902034162,0.22169900073736937
3554,0.3947,9,98,9,299610,306000,20773,87183,2.834488124791582,0.22173644333554604
3555,0.3948,6,58,6,299668,305942,20779,87177,2.8339508688725035,0.22175727960235958
3556,0.3949,3,60,3,299728,305882,20782,87174,2.83339508688725,0.22178519091427176
3557,0.395,25,247,25,299975,305635,20807,87149,2.8311071177146245,0.22187512729642755
3558,0.3951,8,40,8,300015,305595,20815,87141,2.830736596391122,0.22188187484722563
3559,0.3952,5,29,5,300044,305566,20820,87136,2.8304679684315834,0.221888353000494
3560,0.3953,13,108,13,300152,305458,20833,87123,2.8294675608581272,0.22192362849959626
3561,0.3954,1,34,1,300186,305424,20834,87122,2.8291526177331505,0.2219408680766076
3562,0.3955,12,120,12,300306,305304,20846,87110,2.828041053762644,0.22198494447190978
3563,0.3956,4,53,4,300359,305251,20850,87106,2.8275501130090035,0.22200699872819907
3564,0.3957,5,90,5,300449,305161,20855,87101,2.8267164400311238,0.2220480189261259
3565,0.3958,11,75,11,300524,305086,20866,87090,2.826021712549557,0.2220686630492432
3566,0.3959,41,308,41,300832,304778,20907,87049,2.8231686983585904,0.22216182141608415
3567,0.396,6,55,6,300887,304723,20913,87043,2.822659231538775,0.2221810979002772
3568,0.3961,3,27,3,300914,304696,20916,87040,2.8224091296454112,0.22219045479608715
3569,0.3962,18,136,18,301050,304560,20934,87022,2.8211493571455035,0.22223186969779
3570,0.3963,2,51,2,301101,304509,20936,87020,2.8206769424580385,0.2222568443205995
3571,0.3964,10,113,10,301214,304396,20946,87010,2.8196302197191447,0.22230113999274412
3572,0.3965,22,221,22,301435,304175,20968,86988,2.8175830894067952,0.22238299634679148
3573,0.3966,17,162,17,301597,304013,20985,86971,2.8160824780466114,0.22244132752235385
3574,0.3967,3,29,3,301626,303984,20988,86968,2.8158138500870726,0.2224518610980376
3575,0.3968,7,72,7,301698,303912,20995,86961,2.8151469117047685,0.22247891258797614
3576,0.3969,9,79,9,301777,303833,21004,86952,2.814415132090852,0.22250598154995713
3577,0.397,43,351,43,302128,303482,21047,86909,2.8111638074771204,0.22262039852353155
3578,0.3971,10,87,10,302215,303395,21057,86899,2.8103579235985032,0.22265010479279723
3579,0.3972,3,25,3,302240,303370,21060,86896,2.8101263477713143,0.22265839196855478
3580,0.3973,6,32,6,302272,303338,21066,86890,2.8098299307125125,0.2226646985864674
3581,0.3974,80,550,80,302822,302788,21146,86810,2.804735262514358,0.22281941899085725
3582,0.3975,4,35,4,302857,302753,21150,86806,2.8044110563562934,0.2228314581359948
3583,0.3976,3,21,3,302878,302732,21153,86803,2.8042165326614548,0.22283748572015352
3584,0.3977,31,280,31,303158,302452,21184,86772,2.8016228833969397,0.22293589295624114
3585,0.3978,5,31,5,303189,302421,21189,86767,2.801335729371225,0.22294366732787238
3586,0.3979,20,190,20,303379,302231,21209,86747,2.79957575308459,0.22301261253849833
3587,0.398,3,14,3,303393,302217,21212,86744,2.7994460706213644,0.22301464671265242
3588,0.3981,16,93,16,303486,302124,21228,86728,2.7985846085442216,0.22303601370187115
3589,0.3982,1,29,1,303515,302095,21229,86727,2.7983159805846824,0.22305065042615901
3590,0.3983,2,23,2,303538,302072,21231,86725,2.798102930823669,0.22305984871282444
3591,0.3984,13,70,13,303608,302002,21244,86712,2.79745451850754,0.22307403386551553
3592,0.3985,142,1251,142,304859,300751,21386,86570,2.78586646411501,0.22350969867370993
3593,0.3986,10,54,10,304913,300697,21396,86560,2.785366260328282,0.2235208143429299
3594,0.3987,3,16,3,304929,300681,21399,86557,2.785218051798881,0.22352403431481416
3595,0.3988,2,64,2,304993,300617,21401,86555,2.7846252176812776,0.2235569720950895
3596,0.3989,20,106,20,305099,300511,21421,86535,2.7836433361739967,0.2235780759909675
3597,0.399,3,24,3,305123,300487,21424,86532,2.7834210233798955,0.2235859221381896
3598,0.3991,2,22,2,305145,300465,21426,86530,2.783217236651969,0.22359462008553083
3599,0.3992,73,492,73,305637,299973,21499,86457,2.778659824372893,0.22373262945423492
3600,0.3993,2,31,2,305668,299942,21501,86455,2.7783726703471783,0.22374656117930522
3601,0.3994,20,211,20,305879,299731,21521,86435,2.7764181703657047,0.2238286125655806
3602,0.3995,1,16,1,305895,299715,21522,86434,2.7762699618363036,0.223835876824749
3603,0.3996,9,79,9,305974,299636,21531,86425,2.775538182222387,0.22386358632444095
3604,0.3997,5,38,5,306012,299598,21536,86420,2.77518618696506,0.22387557056924806
3605,0.3998,1,32,1,306044,299566,21537,86419,2.7748897699062582,0.22389212016010984
3606,0.3999,2,12,2,306056,299554,21539,86417,2.7747786135092074,0.22389505947338012
3607,0.4,388,3139,388,309195,296415,21927,86029,2.7457019526473747,0.22494535147629457
3608,0.4001,4,21,4,309216,296394,21931,86025,2.745507428952536,0.2249495971695967
3609,0.4002,6,38,6,309254,296356,21937,86019,2.745155433695209,0.22495979078130107
3610,0.4003,1,18,1,309272,296338,21938,86018,2.744988699099633,0.22496835409932106
3611,0.4004,3,14,3,309286,296324,21941,86015,2.7448590166364073,0.22497051046322766
3612,0.4005,3,14,3,309300,296310,21944,86012,2.7447293341731815,0.22497266701890029
3613,0.4006,1,29,1,309329,296281,21945,86011,2.744460706213643,0.22498770573279064
3614,0.4007,2,27,2,309356,296254,21947,86009,2.7442106043202785,0.22499954220000365
3615,0.4008,4,26,4,309382,296228,21951,86005,2.7439697654600024,0.22500673672864457
3616,0.4009,4,40,4,309422,296188,21955,86001,2.7435992441365,0.225022174892527
3617,0.401,2,20,2,309442,296168,21957,85999,2.743413983474749,0.2250298953075488
3618,0.4011,5,26,5,309468,296142,21962,85994,2.7431731446144725,0.22503506604978332
3619,0.4012,14,39,14,309507,296103,21976,85980,2.742811886324058,0.22502964015671986
3620,0.4013,5,38,5,309545,296065,21981,85975,2.742459891066731,0.22504188043136844
3621,0.4014,3,32,3,309577,296033,21984,85972,2.742163474007929,0.2250546458815984
3622,0.4015,3,29,3,309606,296004,21987,85969,2.7418948460483903,0.22506564600115714
3623,0.4016,3,39,3,309645,295965,21990,85966,2.7415335877579756,0.22508254108726444
3624,0.4017,4,46,4,309691,295919,21994,85962,2.741107488235948,0.22510153686619655
3625,0.4018,6,34,6,309725,295885,22000,85956,2.740792545110971,0.22510940417608377
3626,0.4019,2,26,2,309751,295859,22002,85954,2.7405517062506948,0.22512067425676968
3627,0.402,7,63,7,309814,295796,22009,85947,2.739968135166179,0.22514361756469667
3628,0.4021,2,25,2,309839,295771,22011,85945,2.73973655933899,0.22515430319923713
3629,0.4022,5,29,5,309868,295742,22016,85940,2.7394679313794508,0.2251612598969823
3630,0.4023,1,32,1,309900,295710,22017,85939,2.739171514320649,0.22517810868101318
3631,0.4024,10,71,10,309971,295639,22027,85929,2.738513838971433,0.22519970228111372
3632,0.4025,4,34,4,310005,295605,22031,85925,2.738198895846456,0.22521164783896416
3633,0.4026,1,17,1,310022,295588,22032,85924,2.7380414242839675,0.22521965233072616
3634,0.4027,9,68,9,310090,295520,22041,85915,2.737411538034014,0.22524152214663049
3635,0.4028,6,73,6,310163,295447,22047,85909,2.7367353366186222,0.22527244884045353
3636,0.4029,3,37,3,310200,295410,22050,85906,2.736392604394383,0.22528821240126298
3637,0.403,5,38,5,310238,295372,22055,85901,2.736040609137056,0.22530050646124955
3638,0.4031,7,40,7,310278,295332,22062,85894,2.7356700878135536,0.22530992114913465
3639,0.4032,5,84,5,310362,295248,22067,85889,2.734891993034199,0.22534941503973638
3640,0.4033,5,22,5,310384,295226,22072,85884,2.7346882063062727,0.2253522605022172
3641,0.4034,6,35,6,310419,295191,22078,85878,2.7343640001482084,0.22536076143690512
3642,0.4035,15,123,15,310542,295068,22093,85863,2.733224647078439,0.22540302574481993
3643,0.4036,2,30,2,310572,295038,22095,85861,2.7329467560858127,0.22541671151670128
3644,0.4037,3,41,3,310613,294997,22098,85858,2.732566971729223,0.22543487679037955
3645,0.4038,4,46,4,310659,294951,22102,85854,2.7321408722071956,0.2254539725056131
3646,0.4039,15,101,15,310760,294850,22117,85839,2.7312053058653527,0.22548326849475556
3647,0.404,2,36,2,310796,294814,22119,85837,2.7308718366742006,0.22550052410213028
3648,0.4041,3,27,3,310823,294787,22122,85834,2.730621734780837,0.22551041587300752
3649,0.4042,14,80,14,310903,294707,22136,85820,2.729880692133832,0.22552933168999834
3650,0.4043,12,178,12,311081,294529,22148,85808,2.7282318722442476,0.2256104454733565
3651,0.4044,1,51,1,311132,294478,22149,85807,2.7277594575567825,0.22563866573753896
3652,0.4045,5,48,5,311180,294430,22154,85802,2.7273148319685796,0.22565696732521198
3653,0.4046,14,47,14,311227,294383,22168,85788,2.726879469413465,0.22565634937962128
3654,0.4047,9,86,9,311313,294297,22177,85779,2.726082848567935,0.22568907271177344
3655,0.4048,8,40,8,311353,294257,22185,85771,2.725712327244433,0.22569652762428033
3656,0.4049,7,41,7,311394,294216,22192,85764,2.725332542887843,0.22570661613769147
3657,0.405,30,235,30,311629,293981,22222,85734,2.7231557301122677,0.22578512831992414
3658,0.4051,0,32,0,311661,293949,22222,85734,2.7228593130534664,0.22580415767890583
3659,0.4052,1,24,1,311685,293925,22223,85733,2.7226370002593647,0.22581639264812015
3660,0.4053,19,110,19,311795,293815,22242,85714,2.721618066619734,0.22584308445467935
3661,0.4054,3,33,3,311828,293782,22245,85711,2.7213123865278446,0.22585660341560979
3662,0.4055,19,94,19,311922,293688,22264,85692,2.7204416614176146,0.2258737940850862
3663,0.4056,3,50,3,311972,293638,22267,85689,2.7199785097632367,0.22589744468492884
3664,0.4057,6,97,6,312069,293541,22273,85683,2.719079995553744,0.22594297829251314
3665,0.4058,11,78,11,312147,293463,22284,85672,2.718357478972915,0.22596700383768314
3666,0.4059,42,310,42,312457,293153,22326,85630,2.7154859387157733,0.2260661117315191
3667,0.406,9,48,9,312505,293105,22335,85621,2.7150413131275704,0.22607637183610316
3668,0.4061,1,20,1,312525,293085,22336,85620,2.7148560524658194,0.22608626767536738
3669,0.4062,13,151,13,312676,292934,22349,85607,2.7134573344695987,0.22614987544281862
3670,0.4063,6,51,6,312727,292883,22355,85601,2.7129849197821336,0.2261680810813667
3671,0.4064,15,116,15,312843,292767,22370,85586,2.7119104079439773,0.2262067434380063
3672,0.4065,24,213,24,313056,292554,22394,85562,2.709937381896328,0.22628505537983054
3673,0.4066,21,142,21,313198,292412,22415,85541,2.7086220311978955,0.22632708299709223
3674,0.4067,5,21,5,313219,292391,22420,85536,2.708427507503057,0.22632942340716594
3675,0.4068,6,59,6,313278,292332,22426,85530,2.707880988550891,0.22635247788875304
3676,0.4069,7,76,7,313354,292256,22433,85523,2.707176998036237,0.22638367934691975
3677,0.407,37,319,37,313673,291937,22470,85486,2.704222090481307,0.22649917996518495
3678,0.4071,6,59,6,313732,291878,22476,85480,2.7036755715291414,0.2265222944789828
3679,0.4072,4,32,4,313764,291846,22480,85476,2.7033791544703396,0.22653330577066802
3680,0.4073,8,41,8,313805,291805,22488,85468,2.70299937011375,0.2265415229820316
3681,0.4074,60,565,60,314370,291240,22548,85408,2.697765756419282,0.2267581402264183
3682,0.4075,1,35,1,314405,291205,22549,85407,2.6974415502612175,0.2267771605790575
3683,0.4076,2,22,2,314427,291183,22551,85405,2.697237763533291,0.22678630227197893
3684,0.4077,35,280,35,314707,290903,22586,85370,2.694644114268776,0.22688314069837592
3685,0.4078,1,20,1,314727,290883,22587,85369,2.694458853607025,0.22689314608294442
3686,0.4079,24,204,24,314931,290679,22611,85345,2.692569194857164,0.2269668957300598
3687,0.408,2,14,2,314945,290665,22613,85343,2.692439512393938,0.22697123465458183
3688,0.4081,14,79,14,315024,290586,22627,85329,2.6917077327800216,0.2269901440485216
3689,0.4082,0,17,0,315041,290569,22627,85329,2.6915502612175333,0.2270004096856062
3690,0.4083,2,12,2,315053,290557,22629,85327,2.6914391048204824,0.22700354364644412
3691,0.4084,13,70,13,315123,290487,22642,85314,2.6907906925043537,0.2270190872296774
3692,0.4085,132,1106,132,316229,289381,22774,85182,2.6805457779095185,0.2274170166300462
3693,0.4086,9,74,9,316303,289307,22783,85173,2.6798603134610395,0.22744338816492202
3694,0.4087,1,25,1,316328,289282,22784,85172,2.679628737633851,0.22745651001191067
3695,0.4088,4,42,4,316370,289240,22788,85168,2.6792396902441737,0.22747377192795026
3696,0.4089,15,108,15,316478,289132,22803,85153,2.6782392826707175,0.22750844944360582
3697,0.409,3,31,3,316509,289101,22806,85150,2.6779521286450034,0.22752110214802365
3698,0.4091,2,29,2,316538,289072,22808,85148,2.6776835006854642,0.2275346053123831
3699,0.4092,62,561,62,317099,288511,22870,85086,2.6724869391233463,0.22774808148887704
3700,0.4093,2,20,2,317119,288491,22872,85084,2.6723016784615954,0.2277561399986616
3701,0.4094,26,212,26,317331,288279,22898,85058,2.670337915447034,0.22783169093874972
3702,0.4095,2,13,2,317344,288266,22900,85056,2.6702174960168956,0.2278354878630244
3703,0.4096,8,79,8,317423,288187,22908,85048,2.669485716402979,0.22786716143984354
3704,0.4097,7,40,7,317463,288147,22915,85041,2.6691151950794767,0.22787710215762566
3705,0.4098,4,23,4,317486,288124,22919,85037,2.668902145318463,0.22788287093238574
3706,0.4099,1,13,1,317499,288111,22920,85036,2.668781725888325,0.2278887408983591
3707,0.41,374,3000,374,320499,285111,23294,84662,2.6409926266256623,0.22895668423600424
3708,0.4101,3,33,3,320532,285078,23297,84659,2.6406869465337732,0.22897086307294104
3709,0.4102,1,38,1,320570,285040,23298,84658,2.640334951276446,0.22899231264437458
3710,0.4103,5,25,5,320595,285015,23303,84653,2.640103375449257,0.22899737061363168
3711,0.4104,1,25,1,320620,284990,23304,84652,2.6398717996220684,0.22901077258536637
3712,0.4105,2,31,2,320651,284959,23306,84650,2.639584645596354,0.2290258083542338
3713,0.4106,3,22,3,320673,284937,23309,84647,2.639380858868428,0.22903318325468636
3714,0.4107,6,30,6,320703,284907,23315,84641,2.639102967875801,0.22903925877017328
3715,0.4108,2,16,2,320719,284891,23317,84639,2.6389547593464004,0.22904500311206127
3716,0.4109,6,37,6,320756,284854,23323,84633,2.6386120271221607,0.22905542008243862
3717,0.411,2,26,2,320782,284828,23325,84631,2.6383711882618845,0.22906736606768274
3718,0.4111,2,16,2,320798,284812,23327,84629,2.6382229797324834,0.22907311316285955
3719,0.4112,7,39,7,320837,284773,23334,84622,2.637861721442069,0.22908268926217193
3720,0.4113,7,40,7,320877,284733,23341,84615,2.637491200118567,0.22909288800805744
3721,0.4114,5,29,5,320906,284704,23346,84610,2.6372225721590277,0.22910044027575452
3722,0.4115,5,21,5,320927,284683,23351,84605,2.637028048464189,0.22910303069690865
3723,0.4116,6,44,6,320971,284639,23357,84599,2.636620475008337,0.22911780477632313
3724,0.4117,2,59,2,321030,284580,23359,84597,2.6360739560561712,0.22915024500442877
3725,0.4118,4,37,4,321067,284543,23363,84593,2.6357312238319315,0.22916486064756622
3726,0.4119,1,30,1,321097,284513,23364,84592,2.635453332839305,0.22918139824711126
3727,0.412,6,41,6,321138,284472,23370,84586,2.635073548482715,0.2291943271789258
3728,0.4121,3,28,3,321166,284444,23373,84583,2.6348141835562635,0.22920545109165455
3729,0.4122,1,27,1,321193,284417,23374,84582,2.6345640816628997,0.22922013338789535
3730,0.4123,1,35,1,321228,284382,23375,84581,2.6342398755048353,0.2292397882714527
3731,0.4124,12,76,12,321304,284306,23387,84569,2.6335358849901813,0.2292619451033548
3732,0.4125,5,26,5,321330,284280,23392,84564,2.6332950461299047,0.2292676578716205
3733,0.4126,0,25,0,321355,284255,23392,84564,2.633063470302716,0.2292831985336981
3734,0.4127,3,46,3,321401,284209,23395,84561,2.6326373707806883,0.22930552919163708
3735,0.4128,7,76,7,321477,284133,23402,84554,2.6319333802660343,0.22933816489325634
3736,0.4129,6,48,6,321525,284085,23408,84548,2.631488754677832,0.22935548363819844
3737,0.413,6,40,6,321565,284045,23414,84542,2.6311182333543295,0.22936782903357958
3738,0.4131,2,43,2,321608,284002,23416,84540,2.6307199229315645,0.2293904086915467
3739,0.4132,10,71,10,321679,283931,23426,84530,2.6300622475823485,0.22941369642920145
3740,0.4133,5,46,5,321725,283885,23431,84525,2.629636148060321,0.2294318829564887
3741,0.4134,6,39,6,321764,283846,23437,84519,2.6292748897699063,0.22944362249399372
3742,0.4135,16,109,16,321873,283737,23453,84503,2.628265219163363,0.22947805778839886
3743,0.4136,10,30,10,321903,283707,23463,84493,2.6279873281707364,0.22947582835415534
3744,0.4137,7,39,7,321942,283668,23470,84486,2.6276260698803218,0.22948548705161426
3745,0.4138,3,56,3,321998,283612,23473,84483,2.6271073400274187,0.22951411999619664
3746,0.4139,17,133,17,322131,283479,23490,84466,2.625875356626774,0.2295614833738738
3747,0.414,5,25,5,322156,283454,23495,84461,2.625643780799585,0.22956661185328134
3748,0.4141,3,26,3,322182,283428,23498,84458,2.6254029419393086,0.2295765536062802
3749,0.4142,10,71,10,322253,283357,23508,84448,2.624745266590092,0.22959992387270428
3750,0.4143,16,164,16,322417,283193,23524,84432,2.6232261291637333,0.22966882012920775
3751,0.4144,11,52,11,322469,283141,23535,84421,2.6227444514431806,0.2296782583618546
3752,0.4145,2,38,2,322507,283103,23537,84419,2.6223924561858536,0.2296978140084131
3753,0.4146,6,62,6,322569,283041,23543,84413,2.621818148134425,0.2297239926630272
3754,0.4147,12,87,12,322656,282954,23555,84401,2.621012264255808,0.22975323597065508
3755,0.4148,5,31,5,322687,282923,23560,84396,2.6207251102300937,0.22976214135397297
3756,0.4149,9,59,9,322746,282864,23569,84387,2.620178591277928,0.22978017758971384
3757,0.415,37,198,37,322944,282666,23606,84350,2.618344510726592,0.22982649257798024
3758,0.4151,5,31,5,322975,282635,23611,84345,2.618057356700878,0.22983541337402583
3759,0.4152,3,25,3,323000,282610,23614,84342,2.617825780873689,0.2298447753384639
3760,0.4153,17,108,17,323108,282502,23631,84325,2.6168253733002333,0.2298767538921617
3761,0.4154,4,26,4,323134,282476,23635,84321,2.616584534439957,0.229884650092558
3762,0.4155,11,114,11,323248,282362,23646,84310,2.615528548667976,0.229933019156085
3763,0.4156,3,52,3,323300,282310,23649,84307,2.615046870947423,0.2299593308548158
3764,0.4157,9,80,9,323380,282230,23658,84298,2.614305828300419,0.2299906146324428
3765,0.4158,7,75,7,323455,282155,23665,84291,2.613611100818852,0.2300229774646196
3766,0.4159,40,294,40,323749,281861,23705,84251,2.610887769091111,0.2301235687439909
3767,0.416,3,47,3,323796,281814,23708,84248,2.610452406535996,0.23014680573236226
3768,0.4161,4,28,4,323824,281786,23712,84244,2.6101930416095445,0.23015599814222878
3769,0.4162,10,135,10,323959,281651,23722,84234,2.608942532142725,0.23021987783046585
3770,0.4163,7,33,7,323992,281618,23729,84227,2.6086368520508354,0.2302259153466632
3771,0.4164,20,115,20,324107,281503,23749,84207,2.6075716032457668,0.23025621394000712
3772,0.4165,32,208,32,324315,281295,23781,84175,2.6056448923635553,0.23031986209538402
3773,0.4166,22,152,22,324467,281143,23803,84153,2.6042369113342474,0.23036934431255748
3774,0.4167,2,25,2,324492,281118,23805,84151,2.6040053355070585,0.23038089736605077
3775,0.4168,10,60,10,324552,281058,23815,84141,2.603449553521805,0.2303976735971347
3776,0.4169,16,83,16,324635,280975,23831,84125,2.6026807217755383,0.2304163242947138
3777,0.417,43,322,43,324957,280653,23874,84082,2.5996980251213455,0.23052901421580052
3778,0.4171,4,73,4,325030,280580,23878,84078,2.599021823705954,0.230566722792315
3779,0.4172,5,27,5,325057,280553,23883,84073,2.5987717218125903,0.23057324491396664
3780,0.4173,5,38,5,325095,280515,23888,84068,2.5984197265552633,0.23058672510786296
3781,0.4174,57,589,57,325684,279926,23945,84011,2.592963800066694,0.23083940352313725
3782,0.4175,4,41,4,325725,279885,23949,84007,2.5925840157101043,0.23085695755883615
3783,0.4176,2,14,2,325739,279871,23951,84005,2.5924543332468786,0.2308616121975618
3784,0.4177,51,257,51,325996,279614,24002,83954,2.590073733743377,0.23091691237952736
3785,0.4178,3,26,3,326022,279588,24005,83951,2.5898328948831004,0.23092708072586435
3786,0.4179,26,185,26,326207,279403,24031,83925,2.588119233761903,0.23098962920556632
3787,0.418,2,27,2,326234,279376,24033,83923,2.587869131868539,0.23100256262747765
3788,0.4181,15,82,15,326316,279294,24048,83908,2.5871095631553596,0.2310229569220434
3789,0.4182,3,32,3,326348,279262,24051,83905,2.5868131460965578,0.2310369609573557
3790,0.4183,1,18,1,326366,279244,24052,83904,2.5866464115009817,0.23104629517441924
3791,0.4184,13,85,13,326451,279159,24065,83891,2.58585905368854,0.23107285497865307
3792,0.4185,155,1141,155,327592,278018,24220,83736,2.5752899329356405,0.23147221592573958
3793,0.4186,9,62,9,327654,277956,24229,83727,2.5747156248842122,0.23149277129419962
3794,0.4187,0,20,0,327674,277936,24229,83727,2.574530364222461,0.23150557286755902
3795,0.4188,5,55,5,327729,277881,24234,83722,2.5740208974026455,0.23153015876527572
3796,0.4189,13,120,13,327849,277761,24247,83709,2.572909333432139,0.23157938418125987
3797,0.419,6,44,6,327893,277717,24253,83703,2.5725017599762867,0.23159482043052404
3798,0.4191,2,13,2,327906,277704,24255,83701,2.5723813405461486,0.2315988987424081
3799,0.4192,67,478,67,328384,277226,24322,83634,2.5679536107302976,0.23176301058582274
3800,0.4193,2,30,2,328414,277196,24324,83632,2.5676757197376707,0.23177802166129013
3801,0.4194,23,216,23,328630,276980,24347,83609,2.565674904590759,0.231867860639121
3802,0.4195,5,20,5,328650,276960,24352,83604,2.5654896439290082,0.2318700702233168
3803,0.4196,13,96,13,328746,276864,24365,83591,2.564600392752603,0.23190412118017506
3804,0.4197,6,44,6,328790,276820,24371,83585,2.5641928192967507,0.23191964595385747
3805,0.4198,1,18,1,328808,276802,24372,83584,2.5640260847011747,0.2319290982446599
3806,0.4199,2,25,2,328833,276777,24374,83582,2.5637945088739857,0.23194092557699406
3807,0.42,404,2972,404,331805,273805,24778,83178,2.5362647745377744,0.23300269200494142
3808,0.4201,0,30,0,331835,273775,24778,83178,2.535986883545148,0.23302227464119926
3809,0.4202,8,28,8,331863,273747,24786,83170,2.5357275186186965,0.23302336397537804
3810,0.4203,8,34,8,331897,273713,24794,83162,2.53541257549372,0.23302837127845885
3811,0.4204,1,20,1,331917,273693,24795,83161,2.5352273148319684,0.23303928217142025
3812,0.4205,4,26,4,331943,273667,24799,83157,2.5349864759716922,0.23304766495527207
3813,0.4206,4,23,4,331966,273644,24803,83153,2.5347734262106782,0.23305408958034962
3814,0.4207,2,37,2,332003,273607,24805,83151,2.534430693986439,0.23307396049983461
3815,0.4208,1,16,1,332019,273591,24806,83150,2.5342824854570383,0.23308226416363692
3816,0.4209,4,42,4,332061,273549,24810,83146,2.5338934380673606,0.2331011087904232
3817,0.421,3,19,3,332080,273530,24813,83143,2.5337174404386973,0.2331070756687498
3818,0.4211,2,28,2,332108,273502,24815,83141,2.5334580755122458,0.23312107625833117
3819,0.4212,3,38,3,332146,273464,24818,83138,2.533106080254919,0.23313946640792815
3820,0.4213,7,45,7,332191,273419,24825,83131,2.532689243765979,0.23315383536670872
3821,0.4214,4,15,4,332206,273404,24829,83127,2.5325502982696655,0.2331550412166123
3822,0.4215,3,25,3,332231,273379,24832,83124,2.5323187224424766,0.2331649383034645
3823,0.4216,11,45,11,332276,273334,24843,83113,2.5319018859535367,0.23317070981099575
3824,0.4217,6,54,6,332330,273280,24849,83107,2.5314016821668086,0.23319312994020544
3825,0.4218,3,34,3,332364,273246,24852,83104,2.531086739041832,0.2332089238108601
3826,0.4219,4,30,4,332394,273216,24856,83100,2.530808848049205,0.233219950830162
3827,0.422,2,43,2,332437,273173,24858,83098,2.5304105376264405,0.23324379475174797
3828,0.4221,1,30,1,332467,273143,24859,83097,2.5301326466338137,0.23326128452728498
3829,0.4222,4,44,4,332511,273099,24863,83093,2.5297250731779615,0.23328148863534273
3830,0.4223,2,30,2,332541,273069,24865,83091,2.5294471821853346,0.23329683288409703
3831,0.4224,9,90,9,332631,272979,24874,83082,2.528613509207455,0.23333642269161745
3832,0.4225,0,20,0,332651,272959,24874,83082,2.528428248545704,0.23334952996986302
3833,0.4226,6,14,6,332665,272945,24880,83076,2.528298566082478,0.23334578578229936
3834,0.4227,6,56,6,332721,272889,24886,83070,2.527779836229575,0.2333695734621122
3835,0.4228,10,62,10,332783,272827,24896,83060,2.5272055281781465,0.23338868798242138
3836,0.4229,4,39,4,332822,272788,24900,83056,2.5268442698877323,0.23340564966670788
3837,0.423,3,36,3,332858,272752,24903,83053,2.52651080069658,0.23342280181560124
3838,0.4231,11,57,11,332915,272695,24914,83042,2.5259828078105895,0.23343649943638137
3839,0.4232,11,72,11,332987,272623,24925,83031,2.525315869428286,0.23346004824914102
3840,0.4233,3,37,3,333024,272586,24928,83028,2.524973137204046,0.23347787207477771
3841,0.4234,3,36,3,333060,272550,24931,83025,2.524639668012894,0.2334950432398228
3842,0.4235,8,101,8,333161,272449,24939,83017,2.523704101671051,0.23354413642936314
3843,0.4236,4,26,4,333187,272423,24943,83013,2.523463262810775,0.23355259455992078
3844,0.4237,7,35,7,333222,272388,24950,83006,2.5231390566527105,0.23356049905175663
3845,0.4238,13,59,13,333281,272329,24963,82993,2.5225925377005445,0.2335712396080175
3846,0.4239,19,131,19,333412,272198,24982,82974,2.521379080366075,0.23361638867928777
3847,0.424,4,35,4,333447,272163,24986,82970,2.5210548742080108,0.23363078058079648
3848,0.4241,6,24,6,333471,272139,24992,82964,2.5208325614139095,0.23363362179424
3849,0.4242,10,70,10,333541,272069,25002,82954,2.5201841490977808,0.23365810102444068
3850,0.4243,20,149,20,333690,271920,25022,82934,2.518803957167735,0.23371302000259261
3851,0.4244,5,39,5,333729,271881,25027,82929,2.5184426988773203,0.23372791071277585
3852,0.4245,2,40,2,333769,271841,25029,82927,2.5180721775538184,0.23374994362512966
3853,0.4246,15,65,15,333834,271776,25044,82912,2.517470080403127,0.23376037531577049
3854,0.4247,13,96,13,333930,271680,25057,82899,2.516580829226722,0.23379557164975928
3855,0.4248,7,38,7,333968,271642,25064,82892,2.516228833969395,0.23380550243418122
3856,0.4249,5,50,5,334018,271592,25069,82887,2.5157656823150174,0.2338276738537403
3857,0.425,25,213,25,334231,271379,25094,82862,2.513792656267368,0.2339141996550371
3858,0.4251,4,34,4,334265,271345,25098,82858,2.5134777131423913,0.2339280017391157
3859,0.4252,4,27,4,334292,271318,25102,82854,2.5132276112490275,0.23393718306359623
3860,0.4253,13,149,13,334441,271169,25115,82841,2.5118474193189817,0.2340075139120364
3861,0.4254,6,39,6,334480,271130,25121,82835,2.511486161028567,0.2340203127427853
3862,0.4255,16,102,16,334582,271028,25137,82819,2.5105413316536365,0.23405313595989227
3863,0.4256,7,32,7,334614,270996,25144,82812,2.510244914594835,0.2340591507258174
3864,0.4257,11,95,11,334709,270901,25155,82801,2.5093649264515174,0.23409819565623038
3865,0.4258,10,86,10,334795,270815,25165,82791,2.5085683056059875,0.23413347058590636
3866,0.4259,42,294,42,335089,270521,25207,82749,2.5058449738782467,0.23423726894443345
3867,0.426,5,55,5,335144,270466,25212,82744,2.5053355070584313,0.234262903088814
3868,0.4261,4,21,4,335165,270445,25216,82740,2.5051409833635927,0.2342681597463086
3869,0.4262,13,123,13,335288,270322,25229,82727,2.5040016302938235,0.23432158142354179
3870,0.4263,4,50,4,335338,270272,25233,82723,2.5035384786394457,0.23434609555376137
3871,0.4264,14,101,14,335439,270171,25247,82709,2.502602912297603,0.23438279301745635
3872,0.4265,22,211,22,335650,269960,25269,82687,2.5006484123161288,0.23447526846960276
3873,0.4266,20,145,20,335795,269815,25289,82667,2.4993052725184333,0.23452828796931474
3874,0.4267,3,21,3,335816,269794,25292,82664,2.4991107488235946,0.23453574610308178
3875,0.4268,3,64,3,335880,269730,25295,82661,2.4985179147059915,0.23457182504661014
3876,0.4269,10,77,10,335957,269653,25305,82651,2.49780466115825,0.23460136700122622
3877,0.427,42,315,42,336272,269338,25347,82609,2.49488680573567,0.23472000045461391
3878,0.4271,9,58,9,336330,269280,25356,82600,2.494349549816592,0.2347391156075935
3879,0.4272,6,30,6,336360,269250,25362,82594,2.4940716588239655,0.2347460806493787
3880,0.4273,6,38,6,336398,269212,25368,82588,2.493719663566638,0.23475838544627628
3881,0.4274,81,524,81,336922,268688,25449,82507,2.48886583422876,0.23493216019590257
3882,0.4275,4,35,4,336957,268653,25453,82503,2.4885416280706956,0.23494686122407135
3883,0.4276,3,19,3,336976,268634,25456,82500,2.488365630442032,0.23495303787158178
3884,0.4277,40,301,40,337277,268333,25496,82460,2.485577457482678,0.23506740442369148
3885,0.4278,4,33,4,337310,268300,25500,82456,2.4852717773907886,0.23508079690725175
3886,0.4279,39,196,39,337506,268104,25539,82417,2.483456222905628,0.2351271393154761
3887,0.428,2,27,2,337533,268077,25541,82415,2.4832061210122642,0.23514088766648025
3888,0.4281,10,77,10,337610,268000,25551,82405,2.4824928674645226,0.2351707310112584
3889,0.4282,2,23,2,337633,267977,25553,82403,2.482279817703509,0.23518180261430446
3890,0.4283,3,17,3,337650,267960,25556,82400,2.4821223461410202,0.23518666514442288
3891,0.4284,10,88,10,337738,267872,25566,82390,2.481307199229316,0.235223918095597
3892,0.4285,164,1088,164,338826,266784,25730,82226,2.471229019230057,0.23559783387295494
3893,0.4286,6,66,6,338892,266718,25736,82220,2.4706176590462783,0.2356292521880678
3894,0.4287,4,24,4,338916,266694,25740,82216,2.4703953462521766,0.2356366971425296
3895,0.4288,10,54,10,338970,266640,25750,82206,2.469895142465449,0.23565126158820798
3896,0.4289,14,147,14,339117,266493,25764,82192,2.4685334766015785,0.2357199191247114
3897,0.429,3,33,3,339150,266460,25767,82189,2.468227796509689,0.23573565390980614
3898,0.4291,4,22,4,339172,266438,25771,82185,2.4680240097817627,0.2357417611574681
3899,0.4292,71,467,71,339639,265971,25842,82114,2.4636981733298753,0.235902150336843
3900,0.4293,6,18,6,339657,265953,25848,82108,2.4635314387342993,0.23590117824174497
3901,0.4294,25,202,25,339859,265751,25873,82083,2.461660306050613,0.23598325638091733
3902,0.4295,2,9,2,339868,265742,25875,82081,2.4615769387528252,0.23598496936660313
3903,0.4296,14,66,14,339934,265676,25889,82067,2.4609655785690467,0.23599899926094847
3904,0.4297,5,37,5,339971,265639,25894,82062,2.460622846344807,0.23601312622051707
3905,0.4298,0,30,0,340001,265609,25894,82062,2.4603449553521806,0.23603349143299268
3906,0.4299,2,22,2,340023,265587,25896,82060,2.4601411686242542,0.2360440331715792
3907,0.43,390,2897,390,342920,262690,26286,81670,2.4333061617696097,0.2371645951910791
3908,0.4301,2,19,2,342939,262671,26288,81668,2.4331301641409464,0.23717325077902882
3909,0.4302,5,22,5,342961,262649,26293,81663,2.43292637741302,0.237177327540138
3910,0.4303,6,33,6,342994,262616,26299,81657,2.4326206973211306,0.23718676747813508
3911,0.4304,3,35,3,343029,262581,26302,81654,2.4322964911630662,0.2372042354786701
3912,0.4305,6,22,6,343051,262559,26308,81648,2.4320927044351404,0.23720609981784216
3913,0.4306,3,34,3,343085,262525,26311,81645,2.431777761310163,0.23722288403986402
3914,0.4307,2,33,2,343118,262492,26313,81643,2.431472081218274,0.23724119894808723
3915,0.4308,5,21,5,343139,262471,26318,81638,2.4312775575234356,0.2372445940094563
3916,0.4309,8,49,8,343188,262422,26326,81630,2.4308236689021454,0.23726064664643717
3917,0.431,3,23,3,343211,262399,26329,81627,2.4306106191411314,0.23726985751076954
3918,0.4311,5,30,5,343241,262369,26334,81622,2.430332728148505,0.2372794637068993
3919,0.4312,3,31,3,343272,262338,26337,81619,2.430045574122791,0.23729419665830323
3920,0.4313,5,45,5,343317,262293,26342,81614,2.429628737633851,0.23731415760656224
3921,0.4314,6,33,6,343350,262260,26348,81608,2.4293230575419615,0.23732362418137193
3922,0.4315,1,37,1,343387,262223,26349,81607,2.4289803253177222,0.23734694471104906
3923,0.4316,3,37,3,343424,262186,26352,81604,2.4286375930934825,0.2373658337938858
3924,0.4317,2,42,2,343466,262144,26354,81602,2.428248545703805,0.2373903987246397
3925,0.4318,2,36,2,343502,262108,26356,81600,2.427915076512653,0.23741082546812992
3926,0.4319,4,24,4,343526,262084,26360,81596,2.427692763718552,0.2374185288640596
3927,0.432,4,60,4,343586,262024,26364,81592,2.4271369817332986,0.23745110821382007
3928,0.4321,5,24,5,343610,262000,26369,81587,2.4269146689391974,0.2374565976011898
3929,0.4322,8,28,8,343638,261972,26377,81579,2.426655304012746,0.23745819397993312
3930,0.4323,1,28,1,343666,261944,26378,81578,2.4263959390862944,0.23747532909100436
3931,0.4324,19,79,19,343745,261865,26397,81559,2.425664159472378,0.23748777021990308
3932,0.4325,0,23,0,343768,261842,26397,81559,2.425451109711364,0.23750367645988218
3933,0.4326,7,22,7,343790,261820,26404,81552,2.4252473229834375,0.2375033491373787
3934,0.4327,4,47,4,343837,261773,26408,81548,2.4248119604283227,0.23752697912449283
3935,0.4328,10,58,10,343895,261715,26418,81538,2.4242747045092443,0.23754490128272732
3936,0.4329,2,41,2,343936,261674,26420,81536,2.4238949201526547,0.23756883540689375
3937,0.433,9,24,9,343960,261650,26429,81527,2.4236726073585535,0.2375654545613488
3938,0.4331,7,49,7,344009,261601,26436,81520,2.4232187187372634,0.2375838261138199
3939,0.4332,10,81,10,344090,261520,26446,81510,2.4224684130571714,0.23761770107570768
3940,0.4333,8,32,8,344122,261488,26454,81502,2.4221719959983696,0.237622088107525
3941,0.4334,8,46,8,344168,261442,26462,81494,2.421745896476342,0.23763617701262044
3942,0.4335,11,111,11,344279,261331,26473,81483,2.4207176998036237,0.23768865915627715
3943,0.4336,2,32,2,344311,261299,26475,81481,2.420421282744822,0.2377064006068032
3944,0.4337,7,44,7,344355,261255,26482,81474,2.4200137092889697,0.2377213483539473
3945,0.4338,5,48,5,344403,261207,26487,81469,2.419569083700767,0.23774352449544175
3946,0.4339,17,83,17,344486,261124,26504,81452,2.4188002519545,0.23776329923870906
3947,0.434,6,28,6,344514,261096,26510,81446,2.4185408870280485,0.2377693830245634
3948,0.4341,1,27,1,344541,261069,26511,81445,2.4182907851346847,0.23778590072230624
3949,0.4342,9,75,9,344616,260994,26520,81436,2.417596057653118,0.23781794819379143
3950,0.4343,18,125,18,344741,260869,26538,81418,2.416438178517174,0.23786471586709398
3951,0.4344,9,49,9,344790,260820,26547,81409,2.4159842898958837,0.2378787303238475
3952,0.4345,5,37,5,344827,260783,26552,81404,2.415641557671644,0.23789331564320093
3953,0.4346,9,78,9,344905,260705,26561,81395,2.4149190410908146,0.23792750657702427
3954,0.4347,10,73,10,344978,260632,26571,81385,2.414242839675423,0.23795600803468833
3955,0.4348,0,36,0,345014,260596,26571,81385,2.4139093704842716,0.23798105742716702
3956,0.4349,7,68,7,345082,260528,26578,81378,2.4132794842343177,0.23801278714032512
3957,0.435,18,234,18,345316,260294,26596,81360,2.41111193449183,0.23813565771218836
3958,0.4351,11,21,11,345337,260273,26607,81349,2.4109174107969915,0.23812576473412134
3959,0.4352,3,31,3,345368,260242,26610,81346,2.4106302567712774,0.23814068409897304
3960,0.4353,20,114,20,345482,260128,26630,81326,2.409574270999296,0.2381755668406286
3961,0.4354,4,32,4,345514,260096,26634,81322,2.409277853940494,0.2381889648466103
3962,0.4355,16,105,16,345619,259991,26650,81306,2.408305235466301,0.2382265299724287
3963,0.4356,9,54,9,345673,259937,26659,81297,2.407805031679573,0.23824413745406378
3964,0.4357,2,91,2,345764,259846,26661,81295,2.4069620956686055,0.23830322359376327
3965,0.4358,12,72,12,345836,259774,26673,81283,2.406295157286302,0.2383267313088428
3966,0.4359,49,283,49,346119,259491,26722,81234,2.403673718922524,0.23841514417785603
3967,0.436,5,66,5,346185,259425,26727,81229,2.4030623587387456,0.23845015763795524
3968,0.4361,4,30,4,346215,259395,26731,81225,2.4027844677461188,0.23846221595913333
3969,0.4362,18,102,18,346317,259293,26749,81207,2.401839638371188,0.2384933920704846
3970,0.4363,7,66,7,346383,259227,26756,81200,2.4012282781874097,0.23852397136537348
3971,0.4364,19,90,19,346473,259137,26775,81181,2.40039460520953,0.23854453775586362
3972,0.4365,31,167,31,346640,258970,26806,81150,2.398847678683908,0.2385922615547454
3973,0.4366,20,127,20,346767,258843,26826,81130,2.3976712734817887,0.23863659761216333
3974,0.4367,6,29,6,346796,258814,26832,81124,2.39740264552225,0.23864351734728098
3975,0.4368,7,68,7,346864,258746,26839,81117,2.396772759272296,0.23867558398531172
3976,0.4369,12,108,12,346972,258638,26851,81105,2.3957723516988403,0.23872456533320774
3977,0.437,56,292,56,347264,258346,26907,81049,2.3930675460372743,0.23880434302214235
3978,0.4371,7,106,7,347370,258240,26914,81042,2.3920856645299935,0.23886324650290908
3979,0.4372,1,41,1,347411,258199,26915,81041,2.391705880173404,0.2388898714774201
3980,0.4373,7,30,7,347441,258169,26922,81034,2.3914279891807775,0.23889529278927368
3981,0.4374,64,498,64,347939,257671,26986,80970,2.3868149987031755,0.23910276664668484
3982,0.4375,6,44,6,347983,257627,26992,80964,2.386407425247323,0.23912035464616602
3983,0.4376,1,21,1,348004,257606,26993,80963,2.3862129015524842,0.2391329389282539
3984,0.4377,42,271,42,348275,257335,27035,80921,2.3837026195857574,0.2392300506125538
3985,0.4378,5,24,5,348299,257311,27040,80916,2.3834803067916557,0.23923577952085434
3986,0.4379,26,225,26,348524,257086,27066,80890,2.3813961243469564,0.23933652093639785
3987,0.438,1,13,1,348537,257073,27067,80889,2.381275704916818,0.23934347648552204
3988,0.4381,11,101,11,348638,256972,27078,80878,2.380340138574975,0.23939026195056978
3989,0.4382,5,18,5,348656,256954,27083,80873,2.380173403979399,0.23939175968765078
3990,0.4383,4,17,4,348673,256937,27087,80869,2.3800159324169106,0.23939480056600534
3991,0.4384,12,70,12,348743,256867,27099,80857,2.379367520100782,0.23941739408511092
3992,0.4385,159,1064,159,349807,255803,27258,80698,2.369511652895624,0.23981503769676762
3993,0.4386,11,67,11,349874,255736,27269,80687,2.368891029678758,0.23983794211454032
3994,0.4387,1,12,1,349886,255724,27270,80686,2.3687798732817074,0.23984423768615679
3995,0.4388,12,45,12,349931,255679,27282,80674,2.3683630367927675,0.23984920604246135
3996,0.4389,17,147,17,350078,255532,27299,80657,2.367001370928897,0.23991564268908264
3997,0.439,4,30,4,350108,255502,27303,80653,2.36672347993627,0.2399280094004254
3998,0.4391,0,19,0,350127,255483,27303,80653,2.366547482307607,0.23994157126877216
3999,0.4392,67,496,67,350623,254987,27370,80586,2.36195301789618,0.2401444693107014
4000,0.4393,4,47,4,350670,254940,27374,80582,2.361517655341065,0.24016905001758454
4001,0.4394,26,171,26,350841,254769,27400,80556,2.359933676683093,0.2402326101543279
4002,0.4395,5,24,5,350865,254745,27405,80551,2.3597113638889917,0.24023847585417063
4003,0.4396,7,87,7,350952,254658,27412,80544,2.3589054800103746,0.24028496250022374
4004,0.4397,9,50,9,351002,254608,27421,80535,2.3584423283559968,0.24030040907910952
4005,0.4398,3,26,3,351028,254582,27424,80532,2.3582014894957206,0.24031225195008266
4006,0.4399,3,15,3,351043,254567,27427,80529,2.358062543999407,0.24031620789266359
4007,0.44,391,2779,391,353822,251788,27818,80138,2.3323205750490943,0.2414333315257015
4008,0.4401,3,18,3,353840,251770,27821,80135,2.3321538404535183,0.24143956855124207
4009,0.4402,2,30,2,353870,251740,27823,80133,2.3318759494608914,0.2414568223386657
4010,0.4403,0,12,0,353882,251728,27823,80133,2.331764793063841,0.24146555334914316
4011,0.4404,1,23,1,353905,251705,27824,80132,2.331551743302827,0.2414800037367744
4012,0.4405,3,23,3,353928,251682,27827,80129,2.3313386935418134,0.24148988430160542
4013,0.4406,4,24,4,353952,251658,27831,80125,2.331116380747712,0.2414982081661809
4014,0.4407,4,31,4,353983,251627,27835,80121,2.3308292267219977,0.2415116293089936
4015,0.4408,2,30,2,354013,251597,27837,80119,2.3305513357293712,0.24152889821413498
4016,0.4409,7,41,7,354054,251556,27844,80112,2.3301715513727816,0.24154274756684396
4017,0.441,2,19,2,354073,251537,27846,80110,2.329995553744118,0.24155201162682008
4018,0.4411,5,23,5,354096,251514,27851,80105,2.3297825039831044,0.2415573293448204
4019,0.4412,2,18,2,354114,251496,27853,80103,2.3296157693875283,0.24156586720707843
4020,0.4413,6,35,6,354149,251461,27859,80097,2.329291563229464,0.24157764252408326
4021,0.4414,5,23,5,354172,251438,27864,80092,2.32907851346845,0.2415829638343438
4022,0.4415,1,21,1,354193,251417,27865,80091,2.3288839897736113,0.2415959795842031
4023,0.4416,7,46,7,354239,251371,27872,80084,2.328457890251584,0.2416134920275754
4024,0.4417,7,53,7,354292,251318,27879,80077,2.327966949497944,0.24163611400292703
4025,0.4418,2,23,2,354315,251295,27881,80075,2.32775389973693,0.2416483085372846
4026,0.4419,7,26,7,354341,251269,27888,80068,2.3275130608766537,0.24165124933225085
4027,0.442,7,45,7,354386,251224,27895,80061,2.3270962243877134,0.2416680501682841
4028,0.4421,4,39,4,354425,251185,27899,80057,2.3267349660972987,0.24168734641138503
4029,0.4422,3,30,3,354455,251155,27902,80054,2.3264570751046723,0.24170236919890462
4030,0.4423,1,33,1,354488,251122,27903,80053,2.326151395012783,0.2417241639616517
4031,0.4424,7,74,7,354562,251048,27910,80046,2.325465930564304,0.24176215817864413
4032,0.4425,6,27,6,354589,251021,27916,80040,2.32521582867094,0.24176813336515024
4033,0.4426,4,21,4,354610,251000,27920,80036,2.3250213049761013,0.24177430853441922
4034,0.4427,7,53,7,354663,250947,27927,80029,2.324530364222461,0.24179698830126656
4035,0.4428,6,56,6,354719,250891,27933,80023,2.324011634369558,0.24182415975147623
4036,0.4429,4,38,4,354757,250853,27937,80019,2.323659639112231,0.24184276699146498
4037,0.443,9,28,9,354785,250825,27946,80010,2.3234002741857793,0.2418426103646833
4038,0.4431,2,41,2,354826,250784,27948,80008,2.3230204898291897,0.24186800164453795
4039,0.4432,11,89,11,354915,250695,27959,79997,2.3221960798843972,0.24190787802547387
4040,0.4433,2,39,2,354954,250656,27961,79995,2.3218348215939826,0.24193182539898564
4041,0.4434,5,38,5,354992,250618,27966,79990,2.3214828263366556,0.24194816822339446
4042,0.4435,14,111,14,355103,250507,27980,79976,2.3204546296639372,0.24199731907541386
4043,0.4436,8,28,8,355131,250479,27988,79968,2.3201952647374857,0.24199947344052147
4044,0.4437,4,26,4,355157,250453,27992,79964,2.319954425877209,0.24200933971315036
4045,0.4438,8,39,8,355196,250414,28000,79956,2.3195931675867945,0.24201955383358054
4046,0.4439,19,107,19,355303,250307,28019,79937,2.3186020230464264,0.24205435980668838
4047,0.444,4,25,4,355328,250282,28023,79933,2.3183704472192375,0.2420635040806747
4048,0.4441,4,16,4,355344,250266,28027,79929,2.318222238689837,0.24206605187843547
4049,0.4442,8,76,8,355420,250190,28035,79921,2.3175182481751824,0.24210341370024022
4050,0.4443,19,119,19,355539,250071,28054,79902,2.3164159472377635,0.24214708476148047
4051,0.4444,11,60,11,355599,250011,28065,79891,2.31586016525251,0.24216585531460857
4052,0.4445,2,42,2,355641,249969,28067,79889,2.315471117862833,0.24219209478017814
4053,0.4446,11,57,11,355698,249912,28078,79878,2.3149431249768426,0.24220867824979533
4054,0.4447,10,70,10,355768,249842,28088,79868,2.3142947126607134,0.24223711746686483
4055,0.4448,7,47,7,355815,249795,28095,79861,2.3138593501055986,0.24225556337515472
4056,0.4449,12,56,12,355871,249739,28107,79849,2.3133406202526956,0.24226913601223346
4057,0.445,23,202,23,356073,249537,28130,79826,2.3114694875690094,0.24236480721878292
4058,0.4451,5,34,5,356107,249503,28135,79821,2.3111545444440327,0.24237832651127764
4059,0.4452,6,23,6,356130,249480,28141,79815,2.310941494683019,0.2423814512822849
4060,0.4453,14,105,14,356235,249375,28155,79801,2.309968876208826,0.24242654385495904
4061,0.4454,7,32,7,356267,249343,28162,79794,2.309672459150024,0.24243400164673068
4062,0.4455,19,115,19,356382,249228,28181,79775,2.3086072103449555,0.24247499262924654
4063,0.4456,12,43,12,356425,249185,28193,79763,2.3082088999221906,0.24247905444021547
4064,0.4457,9,64,9,356489,249121,28202,79754,2.307616065804587,0.24250551121246675
4065,0.4458,4,62,4,356551,249059,28206,79750,2.307041757753159,0.24254202287650278
4066,0.4459,47,329,47,356880,248730,28253,79703,2.3039942198673535,0.24267658852794938
4067,0.446,11,54,11,356934,248676,28264,79692,2.3034940160806254,0.24269112702821224
4068,0.4461,2,14,2,356948,248662,28266,79690,2.3033643336173997,0.24269686190429782
4069,0.4462,18,126,18,357074,248536,28284,79672,2.302197191448368,0.24274850095061667
4070,0.4463,6,60,6,357134,248476,28290,79666,2.3016414094631146,0.24277904078112525
4071,0.4464,15,109,15,357243,248367,28305,79651,2.300631738856571,0.24282508886707438
4072,0.4465,28,213,28,357456,248154,28333,79623,2.298658712808922,0.24291820353472024
4073,0.4466,12,151,12,357607,248003,28345,79611,2.2972599948127015,0.24300243579334216
4074,0.4467,3,19,3,357626,247984,28348,79608,2.2970839971840378,0.24300959730396346
4075,0.4468,11,52,11,357678,247932,28359,79597,2.296602319463485,0.24302275523694086
4076,0.4469,11,71,11,357749,247861,28370,79586,2.2959446441142686,0.2430500203086301
4077,0.447,39,320,39,358069,247541,28409,79547,2.2929804735262516,0.24319754928337328
4078,0.4471,13,63,13,358132,247478,28422,79534,2.2923969024417357,0.24321431629420326
4079,0.4472,4,26,4,358158,247452,28426,79530,2.292156063581459,0.24322439767326642
4080,0.4473,7,30,7,358188,247422,28433,79523,2.2918781725888326,0.24323051277737845
4081,0.4474,73,523,73,358711,246899,28506,79450,2.2870336062840417,0.24345102941942523
4082,0.4475,4,32,4,358743,246867,28510,79446,2.28673718922524,0.24346562962554358
4083,0.4476,3,20,3,358763,246847,28513,79443,2.286551928563489,0.2434735971068681
4084,0.4477,40,301,40,359064,246546,28553,79403,2.283763755604135,0.24360559474028146
4085,0.4478,4,29,4,359093,246517,28557,79399,2.283495127644596,0.24361798745689073
4086,0.4479,37,212,37,359305,246305,28594,79362,2.2815313646300344,0.24369064105359156
4087,0.448,2,15,2,359320,246290,28596,79360,2.281392419133721,0.24369722094272991
4088,0.4481,15,109,15,359429,246181,28611,79345,2.280382748527178,0.2437439712956876
4089,0.4482,2,12,2,359441,246169,28613,79343,2.280271592130127,0.24374831035414976
4090,0.4483,1,13,1,359454,246156,28614,79342,2.280151172699989,0.24375572200136406
4091,0.4484,16,76,16,359530,246080,28630,79326,2.2794471821853346,0.24377546818436047
4092,0.4485,128,1060,128,360590,245020,28758,79198,2.2696283671125275,0.24427391446495877
4093,0.4486,8,65,8,360655,244955,28766,79190,2.269026269961836,0.2443042465563251
4094,0.4487,1,25,1,360680,244930,28767,79189,2.2687946941346473,0.24432075873367498
4095,0.4488,6,42,6,360722,244888,28773,79183,2.26840564674497,0.24433843201026936
4096,0.4489,14,118,14,360840,244770,28787,79169,2.267312608840639,0.24439477802919685
4097,0.449,6,38,6,360878,244732,28793,79163,2.266960613583312,0.24440945368097686
4098,0.4491,2,17,2,360895,244715,28795,79161,2.2668031420208234,0.24441761661870592
4099,0.4492,65,463,65,361358,244252,28860,79096,2.262514357701286,0.24461570815344458
4100,0.4493,6,26,6,361384,244226,28866,79090,2.2622735188410092,0.24462136114513355
4101,0.4494,21,195,21,361579,244031,28887,79069,2.2604672273889364,0.24471990095945528
4102,0.4495,2,19,2,361598,244012,28889,79067,2.2602912297602726,0.24472961721436554
4103,0.4496,7,71,7,361669,243941,28896,79060,2.259633554411056,0.24476704406487906
4104,0.4497,12,45,12,361714,243896,28908,79048,2.2592167179221163,0.24477308759413396
4105,0.4498,3,31,3,361745,243865,28911,79045,2.258929563896402,0.24478956984918399
4106,0.4499,5,20,5,361765,243845,28916,79040,2.2587443032346513,0.24479303776886507
4107,0.45,398,2768,398,364533,241077,29314,78642,2.233104227648301,0.24597224437709364
4108,0.4501,2,15,2,364548,241062,29316,78640,2.2329652821519876,0.2459790680070816
4109,0.4502,5,31,5,364579,241031,29321,78635,2.2326781281262735,0.2459911282401006
4110,0.4503,5,19,5,364598,241012,29326,78630,2.2325021304976103,0.24599395573798186
4111,0.4504,5,16,5,364614,240996,29331,78625,2.232353921968209,0.2459944747059799
4112,0.4505,2,32,2,364646,240964,29333,78623,2.2320575049094074,0.24601438731863312
4113,0.4506,3,23,3,364669,240941,29336,78620,2.231844455148394,0.24602501556823267
4114,0.4507,5,25,5,364694,240916,29341,78615,2.231612879321205,0.24603246633346998
4115,0.4508,4,15,4,364709,240901,29345,78611,2.2314739338248915,0.24603457773103984
4116,0.4509,4,47,4,364756,240854,29349,78607,2.2310385712697767,0.24606133456040016
4117,0.451,4,25,4,364781,240829,29353,78603,2.2308069954425878,0.24607115129354604
4118,0.4511,4,18,4,364799,240811,29357,78599,2.2306402608470117,0.2460755768448076
4119,0.4512,2,32,2,364831,240779,29359,78597,2.23034384378821,0.24609551124693152
4120,0.4513,10,43,10,364874,240736,29369,78587,2.229945533365445,0.24610504097731764
4121,0.4514,3,20,3,364894,240716,29372,78584,2.229760272703694,0.24611337300344505
4122,0.4515,2,16,2,364910,240700,29374,78582,2.2296120641742934,0.24612098395775522
4123,0.4516,8,47,8,364957,240653,29382,78574,2.229176701619178,0.2461383278983294
4124,0.4517,6,53,6,365010,240600,29388,78568,2.2286857608655377,0.24616502907559656
4125,0.4518,3,27,3,365037,240573,29391,78565,2.228435658972174,0.2461787690591531
4126,0.4519,2,25,2,365062,240548,29393,78563,2.228204083144985,0.24619333084726006
4127,0.452,5,38,5,365100,240510,29398,78558,2.227852087887658,0.24621083906878785
4128,0.4521,4,29,4,365129,240481,29402,78554,2.227583459928119,0.24622376855203976
4129,0.4522,7,25,7,365154,240456,29409,78547,2.22735188410093,0.24622652451544344
4130,0.4523,5,31,5,365185,240425,29414,78542,2.2270647300752158,0.24623863910686686
4131,0.4524,7,77,7,365262,240348,29421,78535,2.226351476527474,0.24628155154084727
4132,0.4525,2,21,2,365283,240327,29423,78533,2.2261569528326355,0.24629304396914006
4133,0.4526,2,25,2,365308,240302,29425,78531,2.2259253770054466,0.2463076281313415
4134,0.4527,6,58,6,365366,240244,29431,78525,2.2253881210863686,0.24633825748425975
4135,0.4528,12,68,12,365434,240176,29443,78513,2.2247582348364148,0.24636244112598804
4136,0.4529,4,47,4,365481,240129,29447,78509,2.2243228722813,0.24638931954129764
4137,0.453,4,25,4,365506,240104,29451,78505,2.224091296454111,0.24639919148548847
4138,0.4531,6,45,6,365551,240059,29457,78499,2.223674459965171,0.24641980424286944
4139,0.4532,16,67,16,365618,239992,29473,78483,2.223053836748305,0.24643378601146088
4140,0.4533,5,23,5,365641,239969,29478,78478,2.222840786987291,0.2464397529259186
4141,0.4534,9,45,9,365686,239924,29487,78469,2.222423950498351,0.24645328257844865
4142,0.4535,19,105,19,365791,239819,29506,78450,2.221451332024158,0.24648960470545356
4143,0.4536,6,35,6,365826,239784,29512,78444,2.2211271258660936,0.24650250763603454
4144,0.4537,7,46,7,365872,239738,29519,78437,2.220701026344066,0.24652156831932112
4145,0.4538,10,63,10,365935,239675,29529,78427,2.22011745525955,0.24654670514489063
4146,0.4539,12,111,12,366046,239564,29541,78415,2.219089258586832,0.24660433550643282
4147,0.454,4,24,4,366070,239540,29545,78411,2.2188669457927306,0.24661347188717758
4148,0.4541,2,26,2,366096,239514,29547,78409,2.218626106932454,0.24662890070866217
4149,0.4542,9,63,9,366159,239451,29556,78400,2.218042535847938,0.24665645223705446
4150,0.4543,31,127,31,366286,239324,29587,78369,2.2168661306458186,0.24668154476176687
4151,0.4544,12,53,12,366339,239271,29599,78357,2.216375189892178,0.2466942460992104
4152,0.4545,5,40,5,366379,239231,29604,78352,2.2160046685686763,0.24671345758431654
4153,0.4546,8,45,8,366424,239186,29612,78344,2.215587832079736,0.24672944288728624
4154,0.4547,14,88,14,366512,239098,29626,78330,2.2147726851680316,0.24676462063838098
4155,0.4548,4,51,4,366563,239047,29630,78326,2.214300270480566,0.24679478090448778
4156,0.4549,4,46,4,366609,239001,29634,78322,2.2138741709585386,0.24682106245056298
4157,0.455,35,202,35,366811,238799,29669,78287,2.212003038274853,0.24689516408797613
4158,0.4551,1,23,1,366834,238776,29670,78286,2.211789988513839,0.24691069885385192
4159,0.4552,7,18,7,366852,238758,29677,78279,2.211623253918263,0.24690808959206653
4160,0.4553,13,103,13,366955,238655,29690,78266,2.210669161510245,0.24695744365315014
4161,0.4554,5,38,5,366993,238617,29695,78261,2.210317166252918,0.24697517656637571
4162,0.4555,20,93,20,367086,238524,29715,78241,2.209455704175775,0.24700014206114942
4163,0.4556,6,50,6,367136,238474,29721,78235,2.208992552521398,0.24702487141192703
4164,0.4557,13,77,13,367213,238397,29734,78222,2.2082792989736557,0.24705403023823586
4165,0.4558,11,66,11,367279,238331,29745,78211,2.207667938789877,0.24707937651243753
4166,0.4559,25,277,25,367556,238054,29770,78186,2.2051020786246247,0.2472362762458892
4167,0.456,10,52,10,367608,238002,29780,78176,2.204620400904072,0.24725312956625697
4168,0.4561,3,24,3,367632,237978,29783,78173,2.2043980881099707,0.2472647563980503
4169,0.4562,17,127,17,367759,237851,29800,78156,2.2032216829078513,0.24732363523592832
4170,0.4563,4,52,4,367811,237799,29804,78152,2.2027400051872985,0.24735481134732917
4171,0.4564,14,99,14,367910,237700,29818,78138,2.2018229649116305,0.24739898302294214
4172,0.4565,31,176,31,368086,237524,29849,78107,2.200192671088221,0.24746301852479635
4173,0.4566,18,138,18,368224,237386,29867,78089,2.1989143725221387,0.24752833029558602
4174,0.4567,3,20,3,368244,237366,29870,78086,2.1987291118603878,0.2475368677326503
4175,0.4568,11,46,11,368290,237320,29881,78075,2.1983030123383602,0.24754672711996067
4176,0.4569,11,78,11,368368,237242,29892,78064,2.197580495757531,0.2475817142712159
4177,0.457,40,294,40,368662,236948,29932,78024,2.19485716402979,0.24771725740700762
4178,0.4571,7,61,7,368723,236887,29939,78017,2.194292119011449,0.24774852018392907
4179,0.4572,8,41,8,368764,236846,29947,78009,2.1939123346548595,0.2477616680694288
4180,0.4573,5,43,5,368807,236803,29952,78004,2.1935140242320945,0.2477835626272605
4181,0.4574,72,485,72,369292,236318,30024,77932,2.1890214531846306,0.24799363564041368
4182,0.4575,6,26,6,369318,236292,30030,77926,2.1887806143243544,0.24799979631975252
4183,0.4576,7,12,7,369330,236280,30037,77919,2.1886694579273036,0.2479925142982632
4184,0.4577,47,270,47,369600,236010,30084,77872,2.186168438993664,0.24809323248864223
4185,0.4578,5,25,5,369625,235985,30089,77867,2.185936863166475,0.24810101576539262
4186,0.4579,34,207,34,369832,235778,30123,77833,2.1840194153173513,0.2481832588780368
4187,0.458,4,15,4,369847,235763,30127,77829,2.1838804698210383,0.24818554044746038
4188,0.4581,9,85,9,369932,235678,30136,77820,2.183093112008596,0.24823124868420213
4189,0.4582,4,25,4,369957,235653,30140,77816,2.182861536181407,0.2482414529028389
4190,0.4583,3,21,3,369978,235632,30143,77813,2.1826670124865686,0.24825088931072437
4191,0.4584,13,68,13,370046,235564,30156,77800,2.1820371262366147,0.24827357322474822
4192,0.4585,165,959,165,371005,234605,30321,77635,2.1731538775056505,0.24863886753779144
4193,0.4586,7,45,7,371050,234560,30328,77628,2.1727370410167106,0.24865786000743142
4194,0.4587,3,21,3,371071,234539,30331,77625,2.172542517321872,0.2486673671531631
4195,0.4588,6,54,6,371125,234485,30337,77619,2.172042313535144,0.24869594750467794
4196,0.4589,18,101,18,371226,234384,30355,77601,2.171106747193301,0.24873311216885427
4197,0.459,5,30,5,371256,234354,30360,77596,2.1708288562006746,0.2487449911844847
4198,0.4591,2,32,2,371288,234322,30362,77594,2.1705324391418728,0.2487656933276908
4199,0.4592,54,437,54,371725,233885,30416,77540,2.1664844936826113,0.24898450670305852
4200,0.4593,6,30,6,371755,233855,30422,77534,2.166206602689985,0.24899402355253397
4201,0.4594,30,180,30,371935,233675,30452,77504,2.164539256734225,0.2490656503170201
4202,0.4595,2,18,2,371953,233657,30454,77502,2.164372522138649,0.24907523163398776
4203,0.4596,12,75,12,372028,233582,30466,77490,2.1636777946570827,0.24910631622261084
4204,0.4597,8,63,8,372091,233519,30474,77482,2.1630942235725668,0.24913746258050617
4205,0.4598,2,35,2,372126,233484,30476,77480,2.1627700174145024,0.24916067454753604
4206,0.4599,5,21,5,372147,233463,30481,77475,2.1625754937196637,0.24916542847770295
4207,0.46,442,2659,442,374806,230804,30923,77033,2.137945088739857,0.25023957483993153
4208,0.4601,6,18,6,374824,230786,30929,77027,2.137778354144281,0.25023959351944197
4209,0.4602,4,27,4,374851,230759,30933,77023,2.137528252250917,0.2502518015998336
4210,0.4603,7,36,7,374887,230723,30940,77016,2.137194783059765,0.25026402243459556
4211,0.4604,3,21,3,374908,230702,30943,77013,2.1370002593649264,0.2502737923078173
4212,0.4605,4,26,4,374934,230676,30947,77009,2.13675942050465,0.250285194273364
4213,0.4606,5,22,5,374956,230654,30952,77004,2.136555633776724,0.25029090743617916
4214,0.4607,7,23,7,374979,230631,30959,76997,2.13634258401571,0.25029256114527937
4215,0.4608,2,26,2,375005,230605,30961,76995,2.136101745155434,0.25030884265279585
4216,0.4609,5,43,5,375048,230562,30966,76990,2.135703434732669,0.25033165123296225
4217,0.461,2,21,2,375069,230541,30968,76988,2.1355089110378302,0.25034387000900726
4218,0.4611,0,26,0,375095,230515,30968,76988,2.1352680721775537,0.25036503708906904
4219,0.4612,4,22,4,375117,230493,30972,76984,2.135064285449628,0.25037319864575236
4220,0.4613,5,48,5,375165,230445,30977,76979,2.134619659861425,0.2504000988862288
4221,0.4614,3,24,3,375189,230421,30980,76976,2.1343973470673236,0.25041233323682405
4222,0.4615,0,19,0,375208,230402,30980,76976,2.1342213494386604,0.25042781200996816
4223,0.4616,5,48,5,375256,230354,30985,76971,2.1337767238504575,0.25045473033433663
4224,0.4617,5,50,5,375306,230304,30990,76966,2.13331357219608,0.2504832883132099
4225,0.4618,4,24,4,375330,230280,30994,76962,2.1330912594019784,0.2504930966469428
4226,0.4619,2,24,2,375354,230256,30996,76960,2.132868946607877,0.25050778605280977
4227,0.462,7,38,7,375392,230218,31003,76953,2.13251695135055,0.25052169638409877
4228,0.4621,4,35,4,375427,230183,31007,76949,2.132192745192486,0.25054048422176783
4229,0.4622,4,36,4,375463,230147,31011,76945,2.1318592760013337,0.25056009274093755
4230,0.4623,5,34,5,375497,230113,31016,76940,2.131544332876357,0.25057563352255147
4231,0.4624,4,73,4,375570,230040,31020,76936,2.1308681314609657,0.25062545606171166
4232,0.4625,4,17,4,375587,230023,31024,76932,2.1307106598984773,0.2506295711097718
4233,0.4626,4,33,4,375620,229990,31028,76928,2.130404979806588,0.2506467525527991
4234,0.4627,9,60,9,375680,229930,31037,76919,2.1298491978213345,0.25067378417397485
4235,0.4628,8,68,8,375748,229862,31045,76911,2.129219311571381,0.2507098082295378
4236,0.4629,5,33,5,375781,229829,31050,76906,2.1289136314794916,0.2507245668084829
4237,0.463,7,33,7,375814,229796,31057,76899,2.128607951387602,0.25073444301341724
4238,0.4631,10,42,10,375856,229754,31067,76889,2.128218903997925,0.2507443509227342
4239,0.4632,8,67,8,375923,229687,31075,76881,2.127598280781059,0.2507795986534798
4240,0.4633,3,29,3,375952,229658,31078,76878,2.12732965282152,0.25079599133543856
4241,0.4634,3,44,3,375996,229614,31081,76875,2.1269220793656674,0.25082466254906377
4242,0.4635,21,108,21,376104,229506,31102,76854,2.1259216717922116,0.2508617312965139
4243,0.4636,3,23,3,376127,229483,31105,76851,2.125708622031198,0.2508732298732756
4244,0.4637,5,40,5,376167,229443,31110,76846,2.1253381007076957,0.25089376373294503
4245,0.4638,5,54,5,376221,229389,31115,76841,2.1248378969209676,0.2509257747444731
4246,0.4639,20,94,20,376315,229295,31135,76821,2.1239671718107376,0.25095388676188113
4247,0.464,7,41,7,376356,229254,31142,76814,2.123587387454148,0.2509703725969392
4248,0.4641,2,21,2,376377,229233,31144,76812,2.1233928637593094,0.2509826986227516
4249,0.4642,13,59,13,376436,229174,31157,76799,2.1228463448071437,0.2509992711775222
4250,0.4643,19,144,19,376580,229030,31176,76780,2.121512468042536,0.2510709263922043
4251,0.4644,9,52,9,376632,228978,31185,76771,2.121030790321983,0.25109158165684925
4252,0.4645,2,32,2,376664,228946,31187,76769,2.1207343732631814,0.25111296468933486
4253,0.4646,3,56,3,376720,228890,31190,76766,2.1202156434102783,0.2511516214306279
4254,0.4647,8,70,8,376790,228820,31198,76758,2.1195672310941496,0.2511895489858563
4255,0.4648,2,44,2,376834,228776,31200,76756,2.119159657638297,0.25122082138695784
4256,0.4649,8,62,8,376896,228714,31208,76748,2.1185853495868687,0.2512522015831756
4257,0.465,22,180,22,377076,228534,31230,76726,2.116918003631109,0.25134639323855074
4258,0.4651,3,26,3,377102,228508,31233,76723,2.1166771647708327,0.2513604450399861
4259,0.4652,4,26,4,377128,228482,31237,76719,2.116436325910556,0.251372046618458
4260,0.4653,15,86,15,377214,228396,31252,76704,2.1156397050650266,0.2514060963618486
4261,0.4654,3,30,3,377244,228366,31255,76701,2.1153618140723998,0.25142345779779524
4262,0.4655,13,114,13,377358,228252,31268,76688,2.114305828300419,0.2514855381386502
4263,0.4656,7,38,7,377396,228214,31275,76681,2.113953833043092,0.2514996966168681
4264,0.4657,14,63,14,377459,228151,31289,76667,2.113370261958576,0.25151729884718094
4265,0.4658,10,58,10,377517,228093,31299,76657,2.1128330060394975,0.25154060705496306
4266,0.4659,39,262,39,377779,227831,31338,76618,2.1104060913705585,0.2516611977703983
4267,0.466,6,56,6,377835,227775,31344,76612,2.1098873615176554,0.2516927464050699
4268,0.4661,1,29,1,377864,227746,31345,76611,2.1096187335581162,0.2517142697555831
4269,0.4662,25,132,25,377996,227614,31370,76586,2.1083960131905592,0.2517619986850756
4270,0.4663,8,54,8,378050,227560,31378,76578,2.107895809403831,0.25178701773537016
4271,0.4664,13,81,13,378131,227479,31391,76565,2.107145503723739,0.25182210469537303
4272,0.4665,31,163,31,378294,227316,31422,76534,2.105635629330468,0.25188086226756623
4273,0.4666,34,143,34,378437,227173,31456,76500,2.1043110155989475,0.25191571196649026
4274,0.4667,3,23,3,378460,227150,31459,76497,2.104097965837934,0.25192740254308454
4275,0.4668,3,51,3,378511,227099,31462,76494,2.103625551150469,0.2519623311472926
4276,0.4669,11,72,11,378583,227027,31473,76483,2.1029586127681648,0.2519949919277783
4277,0.467,53,297,53,378880,226730,31526,76430,2.1002074919411613,0.2521110964507191
4278,0.4671,10,48,10,378928,226682,31536,76420,2.099762866352959,0.25212634690632196
4279,0.4672,2,23,2,378951,226659,31538,76418,2.099549816591945,0.25214054514199363
4280,0.4673,7,32,7,378983,226627,31545,76411,2.099253399533143,0.25214989539265703
4281,0.4674,69,441,69,379424,226186,31614,76342,2.0951684019415318,0.2523468902052041
4282,0.4675,3,28,3,379452,226158,31617,76339,2.0949090370150802,0.2523628333504134
4283,0.4676,2,26,2,379478,226132,31619,76337,2.0946681981548037,0.2523795827010371
4284,0.4677,27,248,27,379726,225884,31646,76310,2.0923709659490903,0.25251990443225214
4285,0.4678,1,25,1,379751,225859,31647,76309,2.0921393901219014,0.25253832305207696
4286,0.4679,34,195,34,379946,225664,31681,76275,2.0903330986698285,0.25261725050424094
4287,0.468,2,12,2,379958,225652,31683,76273,2.0902219422727777,0.25262233998509565
4288,0.4681,14,82,14,380040,225570,31697,76259,2.0894623735595985,0.2526563053914634
4289,0.4682,6,24,6,380064,225546,31703,76253,2.089240060765497,0.2526615396339948
4290,0.4683,2,22,2,380086,225524,31705,76251,2.089036274037571,0.25267500621323835
4291,0.4684,14,97,14,380183,225427,31719,76237,2.088137759828078,0.25272157101941234
4292,0.4685,157,1071,157,381254,224356,31876,76080,2.0782170513913076,0.25323196953760535
4293,0.4686,10,53,10,381307,224303,31886,76070,2.077726110637667,0.25325179027409256
4294,0.4687,1,24,1,381331,224279,31887,76069,2.077503797843566,0.2532695406661606
4295,0.4688,2,44,2,381375,224235,31889,76067,2.0770962243877134,0.25330167631251205
4296,0.4689,20,88,20,381463,224147,31909,76047,2.0762810774760085,0.2533261824020467
4297,0.469,3,22,3,381485,224125,31912,76044,2.0760772907480827,0.2533372866618472
4298,0.4691,1,13,1,381498,224112,31913,76043,2.075956871317944,0.2533457713514684
4299,0.4692,61,445,61,381943,223667,31974,75982,2.0718348215939826,0.25357001024532033
4300,0.4693,1,28,1,381971,223639,31975,75981,2.071575456667531,0.2535912155396836
4301,0.4694,27,180,27,382151,223459,32002,75954,2.0699081107117716,0.25367636007788574
4302,0.4695,7,16,7,382167,223443,32009,75947,2.0697599021823705,0.2536724673502789
4303,0.4696,11,60,11,382227,223383,32020,75936,2.069204120197117,0.25369588966954987
4304,0.4697,9,31,9,382258,223352,32029,75927,2.068916966171403,0.2536997250057639
4305,0.4698,3,29,3,382287,223323,32032,75924,2.068648338211864,0.2537168292413959
4306,0.4699,6,24,6,382311,223299,32038,75918,2.0684260254177627,0.25372221498110065
4307,0.47,492,2577,492,384888,220722,32530,75426,2.0445551891511355,0.2546902224563394
4308,0.4701,4,20,4,384908,220702,32534,75422,2.0443699284893846,0.2546973565128122
4309,0.4702,5,24,5,384932,220678,32539,75417,2.0441476156952834,0.25470541549164966
4310,0.4703,3,30,3,384962,220648,32542,75414,2.0438697247026565,0.2547236727442225
4311,0.4704,1,24,1,384986,220624,32543,75413,2.0436474119085553,0.2547418059229083
4312,0.4705,3,29,3,385015,220595,32546,75410,2.043378783949016,0.25475921014847724
4313,0.4706,7,33,7,385048,220562,32553,75403,2.043073103857127,0.2547699896947274
4314,0.4707,4,26,4,385074,220536,32557,75399,2.0428322649968504,0.25478230016726644
4315,0.4708,3,27,3,385101,220509,32560,75396,2.0425821631034866,0.254797992598976
4316,0.4709,5,53,5,385154,220456,32565,75391,2.042091222349846,0.25483104442498994
4317,0.471,2,15,2,385169,220441,32567,75389,2.0419522768535328,0.25483892776256634
4318,0.4711,4,15,4,385184,220426,32571,75385,2.0418133313572198,0.254841773970542
4319,0.4712,1,32,1,385216,220394,32572,75384,2.041516914298418,0.25486682579502196
4320,0.4713,2,30,2,385246,220364,32574,75382,2.041239023305791,0.25488764006951914
4321,0.4714,5,35,5,385281,220329,32579,75377,2.0409148171477267,0.2549052099044321
4322,0.4715,3,17,3,385298,220312,32582,75374,2.0407573455852384,0.2549123056215039
4323,0.4716,8,39,8,385337,220273,32590,75366,2.0403960872948237,0.2549257709571471
4324,0.4717,3,34,3,385371,220239,32593,75363,2.040081144169847,0.25494753080155075
4325,0.4718,7,32,7,385403,220207,32600,75356,2.039784727111045,0.25495748791289846
4326,0.4719,7,20,7,385423,220187,32607,75349,2.0395994664492942,0.2549570949055276
4327,0.472,6,46,6,385469,220141,32613,75343,2.0391733669272667,0.2549816572132501
4328,0.4721,7,38,7,385507,220103,32620,75336,2.0388213716699397,0.2549968013701644
4329,0.4722,5,24,5,385531,220079,32625,75331,2.0385990588758385,0.25500490843234824
4330,0.4723,7,42,7,385573,220037,32632,75324,2.038210011486161,0.25502351359861325
4331,0.4724,19,81,19,385654,219956,32651,75305,2.0374597058060693,0.25504553598341806
4332,0.4725,4,27,4,385681,219929,32655,75301,2.037209603912705,0.2550587677404058
4333,0.4726,3,17,3,385698,219912,32658,75298,2.0370521323502166,0.2550658853019884
4334,0.4727,6,56,6,385754,219856,32664,75292,2.0365334024973136,0.2550991367042975
4335,0.4728,6,62,6,385816,219794,32670,75286,2.0359590944458854,0.25513758980615425
4336,0.4729,7,33,7,385849,219761,32677,75279,2.035653414353996,0.2551484544468547
4337,0.473,4,29,4,385878,219732,32681,75275,2.035384786394457,0.25516343679980474
4338,0.4731,3,40,3,385918,219692,32684,75272,2.035014265070955,0.25519046392102085
4339,0.4732,11,76,11,385994,219616,32695,75261,2.034310274556301,0.25522845118473125
4340,0.4733,1,38,1,386032,219578,32696,75260,2.0339582792989734,0.2552588200978164
4341,0.4734,0,42,0,386074,219536,32696,75260,2.033569231909296,0.2552951871802874
4342,0.4735,20,90,20,386164,219446,32716,75240,2.0327355589314164,0.2553226145795864
4343,0.4736,2,16,2,386180,219430,32718,75238,2.0325873504020158,0.25533142383971114
4344,0.4737,3,41,3,386221,219389,32721,75235,2.0322075660454257,0.2553593733029217
4345,0.4738,9,53,9,386274,219336,32730,75226,2.0317166252917858,0.25538256801624104
4346,0.4739,16,110,16,386384,219226,32746,75210,2.0306976916521546,0.25543751443437623
4347,0.474,8,36,8,386420,219190,32754,75202,2.0303642224610026,0.2554485176227615
4348,0.4741,3,34,3,386454,219156,32757,75199,2.030049279336026,0.25547043535866554
4349,0.4742,11,59,11,386513,219097,32768,75188,2.0295027603838602,0.25549382401413595
4350,0.4743,21,120,21,386633,218977,32789,75167,2.0283911964133536,0.2555449031766754
4351,0.4744,8,48,8,386681,218929,32797,75159,2.027946570825151,0.2555663610891978
4352,0.4745,8,42,8,386723,218887,32805,75151,2.027557523435474,0.2555826117712677
4353,0.4746,11,57,11,386780,218830,32816,75140,2.027029530549483,0.25560431336530937
4354,0.4747,17,81,17,386861,218749,32833,75123,2.0262792248693913,0.25563170359884574
4355,0.4748,6,40,6,386901,218709,32839,75117,2.025908703545889,0.2556513038328807
4356,0.4749,11,48,11,386949,218661,32850,75106,2.0254640779576865,0.2556652040562759
4357,0.475,32,189,32,387138,218472,32882,75074,2.0237133647041388,0.25574867312107813
4358,0.4751,7,37,7,387175,218435,32889,75067,2.023370632479899,0.2557631634537414
4359,0.4752,3,23,3,387198,218412,32892,75064,2.0231575827188855,0.255775600049067
4360,0.4753,20,110,20,387308,218302,32912,75044,2.0221386490792543,0.2558207713757815
4361,0.4754,8,32,8,387340,218270,32920,75036,2.021842232020453,0.2558283840085099
4362,0.4755,10,85,10,387425,218185,32930,75026,2.0210548742080108,0.255877166954855
4363,0.4756,4,37,4,387462,218148,32934,75022,2.020712141983771,0.25589930756898727
4364,0.4757,12,70,12,387532,218078,32946,75010,2.0200637296676422,0.2559299596025767
4365,0.4758,12,60,12,387592,218018,32958,74998,2.019507947682389,0.25595189341196384
4366,0.4759,48,263,48,387855,217755,33006,74950,2.017071769980362,0.25605985548589877
4367,0.476,8,58,8,387913,217697,33014,74942,2.0165345140612843,0.25609026821442116
4368,0.4761,2,19,2,387932,217678,33016,74940,2.0163585164326205,0.2561018119186106
4369,0.4762,22,124,22,388056,217554,33038,74918,2.015209900329764,0.2561544352963703
4370,0.4763,3,53,3,388109,217501,33041,74915,2.0147189595761237,0.25619323156051654
4371,0.4764,15,90,15,388199,217411,33056,74900,2.0138852865982435,0.2562339426159125
4372,0.4765,36,150,36,388349,217261,33092,74864,2.0124958316351105,0.25627385537013264
4373,0.4766,26,121,26,388470,217140,33118,74838,2.0113750046315166,0.25631383186404455
4374,0.4767,2,16,2,388486,217124,33120,74836,2.0112267961021155,0.2563227839430059
4375,0.4768,12,55,12,388541,217069,33132,74824,2.0107173292823,0.2563405083369591
4376,0.4769,22,83,22,388624,216986,33154,74802,2.0099484975360333,0.2563573553401785
4377,0.477,53,301,53,388925,216685,33207,74749,2.0071603245766796,0.2564868889697153
4378,0.4771,14,57,14,388982,216628,33221,74735,2.006632331690689,0.25650134025253724
4379,0.4772,0,21,0,389003,216607,33221,74735,2.0064378079958503,0.2565198289295742
4380,0.4773,6,41,6,389044,216566,33227,74729,2.0060580236392602,0.2565406203333391
4381,0.4774,96,486,96,389530,216080,33323,74633,2.001556189558709,0.25672398551148384
4382,0.4775,2,22,2,389552,216058,33325,74631,2.0013524028307828,0.25673830107090395
4383,0.4776,2,21,2,389573,216037,33327,74629,2.001157879135944,0.2567517356691185
4384,0.4777,43,243,43,389816,215794,33370,74586,1.9989069620956685,0.2568565328190647
4385,0.4778,4,31,4,389847,215763,33374,74582,1.9986198080699544,0.2568737191961287
4386,0.4779,27,167,27,390014,215596,33401,74555,1.9970728815443328,0.2569524144324852
4387,0.478,1,22,1,390036,215574,33402,74554,1.9968690948164067,0.25696933767164837
4388,0.4781,16,84,16,390120,215490,33418,74538,1.9960910000370522,0.2570027721461376
4389,0.4782,5,40,5,390160,215450,33423,74533,1.99572047871355,0.25702541183448685
4390,0.4783,1,24,1,390184,215426,33424,74532,1.9954981659194486,0.2570441236316984
4391,0.4784,14,91,14,390275,215335,33438,74518,1.9946552299084812,0.25708893818590806
4392,0.4785,165,1009,165,391284,214326,33603,74353,1.9853088295231391,0.257562898582855
4393,0.4786,9,66,9,391350,214260,33612,74344,1.9846974693393604,0.257598647281396
4394,0.4787,0,14,0,391364,214246,33612,74344,1.9845677868761347,0.2576111438372778
4395,0.4788,13,48,13,391412,214198,33625,74331,1.9841231612879322,0.25762055114043997
4396,0.4789,15,106,15,391518,214092,33640,74316,1.9831412797806514,0.25767662478155945
4397,0.479,9,20,9,391538,214072,33649,74307,1.9829560191189004,0.25767132835608697
4398,0.4791,2,25,2,391563,214047,33651,74305,1.9827244432917115,0.25768851958717126
4399,0.4792,71,445,71,392008,213602,33722,74234,1.97860239356775,0.2579038063341625
4400,0.4793,6,23,6,392031,213579,33728,74228,1.9783893438067361,0.2579089459255682
4401,0.4794,41,155,41,392186,213424,33769,74187,1.9769535736781652,0.2579421510303848
4402,0.4795,4,16,4,392202,213408,33773,74183,1.9768053651487643,0.2579461805132984
4403,0.4796,10,59,10,392261,213349,33783,74173,1.9762588461965986,0.2579733029124728
4404,0.4797,9,37,9,392298,213312,33792,74164,1.9759161139723591,0.2579832751255757
4405,0.4798,6,18,6,392316,213294,33798,74158,1.975749379376783,0.2579839416667826
4406,0.4799,5,29,5,392345,213265,33803,74153,1.975480751417244,0.25799706351028817
4407,0.48,417,2467,417,394812,210798,34220,73736,1.952628848790248,0.259146534333331
4408,0.4801,7,25,7,394837,210773,34227,73729,1.952397272963059,0.25915107802405607
4409,0.4802,5,24,5,394861,210749,34232,73724,1.9521749601689578,0.2591599202736288
4410,0.4803,3,25,3,394886,210724,34235,73721,1.9519433843417688,0.25917488442405384
4411,0.4804,8,23,8,394909,210701,34243,73713,1.951730334580755,0.25917500544980204
4412,0.4805,5,34,5,394943,210667,34248,73708,1.9514153914557784,0.259192967032967
4413,0.4806,3,28,3,394971,210639,34251,73705,1.9511560265293268,0.25921067439439555
4414,0.4807,1,29,1,395000,210610,34252,73704,1.9508873985697877,0.2592345083253023
4415,0.4808,8,20,8,395020,210590,34260,73696,1.9507021379080367,0.259231900269447
4416,0.4809,9,49,9,395069,210541,34269,73687,1.9502482492867466,0.2592531348072674
4417,0.481,2,16,2,395085,210525,34271,73685,1.9501000407573457,0.25926251715280957
4418,0.4811,5,25,5,395110,210500,34276,73680,1.9498684649301568,0.2592722922091632
4419,0.4812,3,25,3,395135,210475,34279,73677,1.9496368891029678,0.2592872828626932
4420,0.4813,9,34,9,395169,210441,34288,73668,1.9493219459779911,0.2592948481040727
4421,0.4814,3,31,3,395200,210410,34291,73665,1.9490347919522768,0.25931532165801285
4422,0.4815,6,18,6,395218,210392,34297,73659,1.948868057356701,0.259316108726954
4423,0.4816,8,34,8,395252,210358,34305,73651,1.948553114231724,0.2593262889556317
4424,0.4817,8,41,8,395293,210317,34313,73643,1.9481733298751343,0.2593428651922806
4425,0.4818,4,22,4,395315,210295,34317,73639,1.9479695431472082,0.25935252558693217
4426,0.4819,3,28,3,395343,210267,34320,73636,1.9477101782207566,0.2593702778765987
4427,0.482,10,55,10,395398,210212,34330,73626,1.947200711400941,0.2593944433092116
4428,0.4821,8,37,8,395435,210175,34338,73618,1.9468579791767016,0.25940738496016463
4429,0.4822,5,16,5,395451,210159,34343,73613,1.9467097706473007,0.2594089621245225
4430,0.4823,7,30,7,395481,210129,34350,73606,1.9464318796546742,0.2594181190195076
4431,0.4824,11,68,11,395549,210061,34361,73595,1.9458019934047204,0.25945158924894945
4432,0.4825,2,27,2,395576,210034,34363,73593,1.9455518915113565,0.2594710658717259
4433,0.4826,3,9,3,395585,210025,34366,73590,1.9454685242135685,0.25947146660084974
4434,0.4827,11,46,11,395631,209979,34377,73579,1.945042424691541,0.2594848320273101
4435,0.4828,11,72,11,395703,209907,34388,73568,1.944375486309237,0.25952200370403034
4436,0.4829,7,46,7,395749,209861,34395,73561,1.9439493867872095,0.2595458362441871
4437,0.483,7,34,7,395783,209827,34402,73554,1.9436344436622328,0.2595586860092949
4438,0.4831,5,36,5,395819,209791,34407,73549,1.9433009744710807,0.2595785981506317
4439,0.4832,18,69,18,395888,209722,34425,73531,1.9426618251880396,0.2595947792256393
4440,0.4833,8,30,8,395918,209692,34433,73523,1.942383934195413,0.2596013629221616
4441,0.4834,8,38,8,395956,209654,34441,73515,1.9420319389380858,0.2596152827463458
4442,0.4835,15,84,15,396040,209570,34456,73500,1.9412538441587313,0.2596530893418589
4443,0.4836,3,23,3,396063,209547,34459,73497,1.9410407943977175,0.2596663416288634
4444,0.4837,4,36,4,396099,209511,34463,73493,1.9407073252065656,0.25968890899068564
4445,0.4838,8,56,8,396155,209455,34471,73485,1.9401885953536626,0.25971937513253696
4446,0.4839,14,117,14,396272,209338,34485,73471,1.9391048204824188,0.259790176408813
4447,0.484,5,28,5,396300,209310,34490,73466,1.9388454555559673,0.25980281211984046
4448,0.4841,2,26,2,396326,209284,34492,73464,1.9386046166956907,0.25982146646483795
4449,0.4842,12,78,12,396404,209206,34504,73452,1.9378821001148616,0.2598617410439471
4450,0.4843,20,139,20,396543,209067,34524,73432,1.9365945385156915,0.2599372033175339
4451,0.4844,12,40,12,396583,209027,34536,73420,1.9362240171921894,0.25994257329693715
4452,0.4845,2,27,2,396610,209000,34538,73418,1.9359739152988253,0.25996218371350266
4453,0.4846,4,64,4,396674,208936,34542,73414,1.935381081181222,0.26001062511067824
4454,0.4847,18,70,18,396744,208866,34560,73396,1.9347326688650932,0.26002791732503844
4455,0.4848,8,49,8,396793,208817,34568,73388,1.934278780243803,0.2600520897928811
4456,0.4849,3,39,3,396832,208778,34571,73385,1.9339175219533884,0.2600801664286246
4457,0.485,35,215,35,397047,208563,34606,73350,1.9319259698395643,0.2601866533292186
4458,0.4851,3,11,3,397058,208552,34609,73347,1.9318240764756012,0.2601889329156897
4459,0.4852,1,19,1,397077,208533,34610,73346,1.9316480788469377,0.26020384633122723
4460,0.4853,19,77,19,397154,208456,34629,73327,1.930934825299196,0.2602250668067272
4461,0.4854,6,33,6,397187,208423,34635,73321,1.9306291452073068,0.2602397921517406
4462,0.4855,15,95,15,397282,208328,34650,73306,1.929749157063989,0.26028817543336386
4463,0.4856,4,56,4,397338,208272,34654,73302,1.929230427211086,0.2603294338255663
4464,0.4857,17,48,17,397386,208224,34671,73285,1.9287858016228834,0.26032915466290596
4465,0.4858,6,69,6,397455,208155,34677,73279,1.928146652339842,0.26037721099796046
4466,0.4859,46,247,46,397702,207908,34723,73233,1.9258586831672162,0.26048495239043756
4467,0.486,11,52,11,397754,207856,34734,73222,1.9253770054466635,0.2605042016806723
4468,0.4861,6,20,6,397774,207836,34740,73216,1.9251917447849123,0.26050695245008043
4469,0.4862,12,107,12,397881,207729,34752,73204,1.924200600244544,0.2605745853993657
4470,0.4863,14,49,14,397930,207680,34766,73190,1.9237467116232538,0.2605831879517214
4471,0.4864,22,107,22,398037,207573,34788,73168,1.9227555670828855,0.26062456142850526
4472,0.4865,28,148,28,398185,207425,34816,73140,1.9213846381859276,0.26068825405877427
4473,0.4866,27,132,27,398317,207293,34843,73113,1.9201619178183704,0.2607397844553968
4474,0.4867,9,36,9,398353,207257,34852,73104,1.9198284486272186,0.26074953363698944
4475,0.4868,9,52,9,398405,207205,34861,73095,1.9193467709066656,0.2607741705315733
4476,0.4869,14,87,14,398492,207118,34875,73081,1.9185408870280485,0.2608182042048687
4477,0.487,44,290,44,398782,206828,34919,73037,1.9158546074326577,0.2609722544798385
4478,0.4871,14,62,14,398844,206766,34933,73023,1.9152802993812295,0.26099310551880167
4479,0.4872,2,25,2,398869,206741,34935,73021,1.9150487235540405,0.26101114518769525
4480,0.4873,5,35,5,398904,206706,34940,73016,1.9147245173959762,0.2610305946618428
4481,0.4874,79,431,79,399335,206275,35019,72937,1.9107321501352403,0.26122444594071886
4482,0.4875,5,23,5,399358,206252,35024,72932,1.9105191003742266,0.26123273540030945
4483,0.4876,0,20,0,399378,206232,35024,72932,1.9103338397124754,0.2612514507601267
4484,0.4877,43,275,43,399653,205957,35067,72889,1.907786505613398,0.26139517870078827
4485,0.4878,5,23,5,399676,205934,35072,72884,1.9075734558523842,0.26140349618747716
4486,0.4879,43,152,43,399828,205782,35115,72841,1.906165474823076,0.26143211436241803
4487,0.488,1,19,1,399847,205763,35116,72840,1.9059894771944126,0.2614472923837862
4488,0.4881,11,69,11,399916,205694,35127,72829,1.9053503279113713,0.261482893692801
4489,0.4882,4,26,4,399942,205668,35131,72825,1.905109489051095,0.261496698301214
4490,0.4883,3,15,3,399957,205653,35134,72822,1.9049705435547817,0.26150282790196605
4491,0.4884,9,80,9,400037,205573,35143,72813,1.9042295009077772,0.26155410114014355
4492,0.4885,145,953,145,400990,204620,35288,72668,1.8954018303753382,0.2620668763163209
4493,0.4886,12,50,12,401040,204570,35300,72656,1.8949386787209603,0.26208220008224337
4494,0.4887,1,21,1,401061,204549,35301,72655,1.8947441550261217,0.2620993925051587
4495,0.4888,8,46,8,401107,204503,35309,72647,1.8943180555040942,0.2621215948042576
4496,0.4889,14,87,14,401194,204416,35323,72633,1.893512171625477,0.2621666203451375
4497,0.489,4,19,4,401213,204397,35327,72629,1.8933361739968135,0.2621739475717081
4498,0.4891,1,17,1,401230,204380,35328,72628,1.8931787024343252,0.2621873736498585
4499,0.4892,84,437,84,401667,203943,35412,72544,1.889130756975064,0.2623776163074575
4500,0.4893,6,28,6,401695,203915,35418,72538,1.8888713920486124,0.2623881817162411
4501,0.4894,26,174,26,401869,203741,35444,72512,1.887259624291378,0.2624840273227802
4502,0.4895,3,25,3,401894,203716,35447,72509,1.887028048464189,0.26249977373517963
4503,0.4896,10,57,10,401951,203659,35457,72499,1.8865000555781986,0.26252724889374923
4504,0.4897,7,43,7,401994,203616,35464,72492,1.8861017451554336,0.26254943717675694
4505,0.4898,5,22,5,402016,203594,35469,72487,1.8858979584275075,0.26255700319833675
4506,0.4899,5,35,5,402051,203559,35474,72482,1.8855737522694431,0.26257693603486437
4507,0.49,427,2436,427,404487,201123,35901,72055,1.863009003668161,0.263765749804157
4508,0.4901,4,22,4,404509,201101,35905,72051,1.862805216940235,0.26377621251171507
4509,0.4902,7,26,7,404535,201075,35912,72044,1.8625643780799586,0.2637824538021888
4510,0.4903,3,27,3,404562,201048,35915,72041,1.8623142761865945,0.26380044600844416
4511,0.4904,5,24,5,404586,201024,35920,72036,1.8620919633924933,0.2638101516150297
4512,0.4905,1,22,1,404608,201002,35921,72035,1.861888176664567,0.2638287118595648
4513,0.4906,8,39,8,404647,200963,35929,72027,1.8615269183741525,0.26384482948093335
4514,0.4907,5,25,5,404672,200938,35934,72022,1.8612953425469636,0.26385550996483004
4515,0.4908,4,21,4,404693,200917,35938,72018,1.861100818852125,0.2638650228076282
4516,0.4909,8,36,8,404729,200881,35946,72010,1.860767349660973,0.26387825175619567
4517,0.491,3,24,3,404753,200857,35949,72007,1.8605450368668717,0.2638933681247801
4518,0.4911,3,17,3,404770,200840,35952,72004,1.8603875653043833,0.26390171673190543
4519,0.4912,3,28,3,404798,200812,35955,72001,1.8601282003779318,0.2639207075909139
4520,0.4913,6,51,6,404849,200761,35961,71995,1.8596557856904665,0.26395386352637523
4521,0.4914,4,21,4,404870,200740,35965,71991,1.859461261995628,0.2639633925003025
4522,0.4915,3,24,3,404894,200716,35968,71988,1.8592389492015267,0.2639785261675663
4523,0.4916,4,35,4,404929,200681,35972,71984,1.858914743043462,0.26400161370179526
4524,0.4917,4,48,4,404977,200633,35976,71980,1.8584701174552596,0.2640372982946521
4525,0.4918,4,38,4,405015,200595,35980,71976,1.8581181221979326,0.26406330827564195
4526,0.4919,6,14,6,405029,200581,35986,71970,1.8579884397347068,0.26406067121382787
4527,0.492,6,40,6,405069,200541,35992,71964,1.8576179184112045,0.264083227830682
4528,0.4921,7,31,7,405100,200510,35999,71957,1.8573307643854904,0.2640943673912804
4529,0.4922,6,32,6,405132,200478,36005,71951,1.8570343473266886,0.26410918074067
4530,0.4923,3,34,3,405166,200444,36008,71948,1.8567194042017119,0.26413404211577435
4531,0.4924,18,79,18,405245,200365,36026,71930,1.855987624587795,0.2641620301511229
4532,0.4925,4,28,4,405273,200337,36030,71926,1.8557282596613436,0.26417838633967894
4533,0.4926,2,20,2,405293,200317,36032,71924,1.8555429989995924,0.2641923883617824
4534,0.4927,7,51,7,405344,200266,36039,71917,1.8550705843121271,0.26422296763574504
4535,0.4928,7,39,7,405383,200227,36046,71910,1.8547093260217125,0.2642419075686143
4536,0.4929,4,38,4,405421,200189,36050,71906,1.8543573307643855,0.264267994634227
4537,0.493,5,28,5,405449,200161,36055,71901,1.854097965837934,0.2642816710896781
4538,0.4931,5,31,5,405480,200130,36060,71896,1.8538108118122198,0.26429826560696407
4539,0.4932,9,63,9,405543,200067,36069,71887,1.853227240727704,0.26433514491421345
4540,0.4933,7,24,7,405567,200043,36076,71880,1.8530049279336025,0.2643395372954844
4541,0.4934,13,48,13,405615,199995,36089,71867,1.8525603023454,0.26435103103780594
4542,0.4935,11,87,11,405702,199908,36100,71856,1.8517544184667827,0.26440588157371836
4543,0.4936,3,20,3,405722,199888,36103,71853,1.8515691578050317,0.26441722080952085
4544,0.4937,6,37,6,405759,199851,36109,71847,1.8512264255807922,0.26443698518207714
4545,0.4938,6,38,6,405797,199813,36115,71841,1.8508744303234652,0.26445772931744055
4546,0.4939,12,85,12,405882,199728,36127,71829,1.850087072511023,0.26450800384449674
4547,0.494,7,31,7,405913,199697,36134,71822,1.849799918485309,0.2645192417473547
4548,0.4941,4,21,4,405934,199676,36138,71818,1.8496053947904703,0.26452886619962135
4549,0.4942,10,55,10,405989,199621,36148,71808,1.8490959279706547,0.2645553717546762
4550,0.4943,17,119,17,406108,199502,36165,71791,1.8479936270332358,0.26462533128388865
4551,0.4944,6,45,6,406153,199457,36171,71785,1.847576790544296,0.2646529667234425
4552,0.4945,10,29,10,406182,199428,36181,71775,1.8473081625847567,0.2646541520558401
4553,0.4946,8,68,8,406250,199360,36189,71767,1.846678276334803,0.26469883117505816
4554,0.4947,10,60,10,406310,199300,36199,71757,1.8461224943495498,0.26473029657968616
4555,0.4948,9,29,9,406339,199271,36208,71748,1.8458538663900108,0.26473420682682763
4556,0.4949,9,58,9,406397,199213,36217,71739,1.8453166104709327,0.26476645309870384
4557,0.495,40,175,40,406572,199038,36257,71699,1.8436955796806107,0.2648289668571344
4558,0.4951,3,17,3,406589,199021,36260,71696,1.8435381081181221,0.2648374501785998
4559,0.4952,4,24,4,406613,198997,36264,71692,1.843315795324021,0.264850067789973
4560,0.4953,11,80,11,406693,198917,36275,71681,1.8425747526770166,0.26489848409818256
4561,0.4954,9,38,9,406731,198879,36284,71672,1.8422227574196894,0.26491123669844135
4562,0.4955,16,84,16,406815,198795,36300,71656,1.841444662640335,0.2649500279163324
4563,0.4956,8,35,8,406850,198760,36308,71648,1.8411204564822705,0.2649625750717434
4564,0.4957,17,76,17,406926,198684,36325,71631,1.8404164659676165,0.2649908440153155
4565,0.4958,19,57,19,406983,198627,36344,71612,1.8398884730816258,0.2649950599284337
4566,0.4959,41,267,41,407250,198360,36385,71571,1.8374152432472488,0.2651455371928382
4567,0.496,5,53,5,407303,198307,36390,71566,1.8369243024936086,0.2651839939527111
4568,0.4961,3,23,3,407326,198284,36393,71563,1.8367112527325948,0.26519842725692705
4569,0.4962,22,109,22,407435,198175,36415,71541,1.8357015821260514,0.2652456658114461
4570,0.4963,4,43,4,407478,198132,36419,71537,1.8353032717032864,0.26527706187956346
4571,0.4964,19,86,19,407564,198046,36438,71518,1.8345066508577568,0.26530990785119674
4572,0.4965,25,184,25,407748,197862,36463,71493,1.8328022527696468,0.265422954836554
4573,0.4966,32,141,32,407889,197721,36495,71461,1.8314961651043018,0.2654746602670312
4574,0.4967,5,21,5,407910,197700,36500,71456,1.8313016414094632,0.26548172806848075
4575,0.4968,13,64,13,407974,197636,36513,71443,1.8307088072918596,0.26550938571943555
4576,0.4969,11,89,11,408063,197547,36524,71432,1.8298843973470673,0.2655672004134152
4577,0.497,42,271,42,408334,197276,36566,71390,1.8273741153803402,0.26572026233315715
4578,0.4971,5,58,5,408392,197218,36571,71385,1.826836859461262,0.26576397136294083
4579,0.4972,6,22,6,408414,197196,36577,71379,1.8266330727333357,0.2657693381736945
4580,0.4973,4,38,4,408452,197158,36581,71375,1.8262810774760088,0.26579601017379617
4581,0.4974,85,451,85,408903,196707,36666,71290,1.8221034495535218,0.2660104404153778
4582,0.4975,4,24,4,408927,196683,36670,71286,1.8218811367594205,0.266023308666301
4583,0.4976,1,19,1,408946,196664,36671,71285,1.821705139130757,0.266039432877152
4584,0.4977,45,244,45,409190,196420,36716,71240,1.8194449590573938,0.2661585593663603
4585,0.4978,7,27,7,409217,196393,36723,71233,1.8191948571640297,0.2661662170342194
4586,0.4979,32,160,32,409377,196233,36755,71201,1.8177127718700212,0.26623765115879056
4587,0.498,4,22,4,409399,196211,36759,71197,1.817508985142095,0.26624857895051757
4588,0.4981,14,69,14,409468,196142,36773,71183,1.8168698358590536,0.2662788740297391
4589,0.4982,4,26,4,409494,196116,36777,71179,1.8166289969987772,0.26629379524495406
4590,0.4983,2,18,2,409512,196098,36779,71177,1.8164622624032014,0.2663062388925264
4591,0.4984,16,77,16,409589,196021,36795,71161,1.8157490088554595,0.266339049786288
4592,0.4985,160,881,160,410470,195140,36955,71001,1.8075882767053244,0.2667796393640965
4593,0.4986,12,58,12,410528,195082,36967,70989,1.8070510207862462,0.2668047250545907
4594,0.4987,3,18,3,410546,195064,36970,70986,1.8068842861906702,0.26681450855102423
4595,0.4988,10,40,10,410586,195024,36980,70976,1.806513764867168,0.2668270676691729
4596,0.4989,13,96,13,410682,194928,36993,70963,1.805624513690763,0.2668875591877875
4597,0.499,4,20,4,410702,194908,36997,70959,1.8054392530290118,0.2668966061978358
4598,0.4991,6,35,6,410737,194873,37003,70953,1.8051150468709474,0.2669152001685313
4599,0.4992,78,359,78,411096,194514,37081,70875,1.8017896179925155,0.2670608050823508
4600,0.4993,1,26,1,411122,194488,37082,70874,1.801548779132239,0.26708420949495404
4601,0.4994,20,180,20,411302,194308,37102,70854,1.7998814331764794,0.26721023374389996
4602,0.4995,2,14,2,411316,194294,37104,70852,1.7997517507132534,0.26721881529421526
4603,0.4996,13,58,13,411374,194236,37117,70839,1.7992144947941755,0.2672413467886447
4604,0.4997,7,38,7,411412,194198,37124,70832,1.7988624995368483,0.2672603101535675
4605,0.4998,2,19,2,411431,194179,37126,70830,1.7986865019081848,0.2672739416397179
4606,0.4999,5,16,5,411447,194163,37131,70825,1.798538293378784,0.2672762540190499
4607,0.5,462,2399,462,413846,191764,37593,70363,1.7763162770017416,0.2684309514090498
4608,0.5001,2,17,2,413863,191747,37595,70361,1.776158805439253,0.2684427793123445
4609,0.5002,6,23,6,413886,191724,37601,70355,1.7759457556782392,0.26844958962755505
4610,0.5003,0,19,0,413905,191705,37601,70355,1.7757697580495757,0.26846905288865147
4611,0.5004,5,21,5,413926,191684,37606,70350,1.775575234354737,0.26847660990558475
4612,0.5005,3,26,3,413952,191658,37609,70347,1.7753343954944607,0.26849487605198374
4613,0.5006,4,29,4,413981,191629,37613,70343,1.7750657675349217,0.2685134289160674
4614,0.5007,2,31,2,414012,191598,37615,70341,1.7747786135092074,0.26853962182034746
4615,0.5008,7,20,7,414032,191578,37622,70334,1.7745933528474565,0.268540578514921
4616,0.5009,6,38,6,414070,191540,37628,70328,1.7742413575901292,0.2685627873585165
4617,0.501,4,21,4,414091,191519,37632,70324,1.7740468338952906,0.2685731526143529
4618,0.5011,6,19,6,414110,191500,37638,70318,1.7738708362666271,0.2685758809554729
4619,0.5012,5,21,5,414131,191479,37643,70313,1.7736763125717885,0.268583455567779
4620,0.5013,3,33,3,414164,191446,37646,70310,1.7733706324798992,0.26860893351059767
4621,0.5014,7,37,7,414201,191409,37653,70303,1.7730279002556597,0.2686273460903589
4622,0.5015,6,28,6,414229,191381,37659,70297,1.7727685353292082,0.26863932008040414
4623,0.5016,8,37,8,414266,191344,37667,70289,1.7724258031049687,0.26865494796145745
4624,0.5017,3,31,3,414297,191313,37670,70286,1.7721386490792546,0.26867839708867386
4625,0.5018,2,40,2,414337,191273,37672,70284,1.7717681277557524,0.26871389410338853
4626,0.5019,5,29,5,414366,191244,37677,70279,1.7714994997962132,0.26872971019757347
4627,0.502,8,52,8,414418,191192,37685,70271,1.7710178220756605,0.26876078068407383
4628,0.5021,4,31,4,414449,191161,37689,70267,1.7707306680499462,0.26878146181740287
4629,0.5022,5,32,5,414481,191129,37694,70262,1.7704342509911446,0.2688003795080932
4630,0.5023,7,32,7,414513,191097,37701,70255,1.7701378339323428,0.26881370718418074
4631,0.5024,15,57,15,414570,191040,37716,70240,1.7696098410463523,0.26883037354562156
4632,0.5025,3,28,3,414598,191012,37719,70237,1.7693504761199006,0.26885078985948274
4633,0.5026,2,11,2,414609,191001,37721,70235,1.7692485827559377,0.26885651288490103
4634,0.5027,7,41,7,414650,190960,37728,70228,1.7688687983993479,0.2688791215522918
4635,0.5028,14,61,14,414711,190899,37742,70214,1.768303753381007,0.2689027355972318
4636,0.5029,9,34,9,414745,190865,37751,70205,1.7679888102560302,0.26891255218906807
4637,0.503,2,36,2,414781,190829,37753,70203,1.7676553410648783,0.2689440375126421
4638,0.5031,7,44,7,414825,190785,37760,70196,1.767247767609026,0.2689697717458359
4639,0.5032,12,46,12,414871,190739,37772,70184,1.7668216680869984,0.26898356986543925
4640,0.5033,6,39,6,414910,190700,37778,70178,1.7664604097965837,0.2690069687746763
4641,0.5034,3,32,3,414942,190668,37781,70175,1.7661639927377821,0.2690315630475037
4642,0.5035,18,95,18,415037,190573,37799,70157,1.7652840045944644,0.2690791239980056
4643,0.5036,2,17,2,415054,190556,37801,70155,1.765126533031976,0.2690910625175002
4644,0.5037,8,25,8,415079,190531,37809,70147,1.7648949572047872,0.2690944383492278
4645,0.5038,8,61,8,415140,190470,37817,70139,1.7643299121864464,0.26913498766351124
4646,0.5039,18,93,18,415233,190377,37835,70121,1.7634684501093039,0.2691805695245261
4647,0.504,3,23,3,415256,190354,37838,70118,1.76325540034829,0.26919592125065267
4648,0.5041,0,20,0,415276,190334,37838,70118,1.763070139686539,0.2692165926927034
4649,0.5042,16,69,16,415345,190265,37854,70102,1.7624309904034978,0.26924303003068745
4650,0.5043,27,109,27,415454,190156,37881,70075,1.7614213197969544,0.2692799858587178
4651,0.5044,6,39,6,415493,190117,37887,70069,1.7610600615065397,0.26930349826662464
4652,0.5045,7,28,7,415521,190089,37894,70062,1.7608006965800882,0.2693128221686636
4653,0.5046,6,48,6,415569,190041,37900,70056,1.7603560709918855,0.26934566719339326
4654,0.5047,8,72,8,415641,189969,37908,70048,1.7596891326095816,0.26939777014579813
4655,0.5048,7,47,7,415688,189922,37915,70041,1.7592537700544666,0.26942680304504874
4656,0.5049,10,49,10,415737,189873,37925,70031,1.7587998814331764,0.26944948904210786
4657,0.505,41,160,41,415897,189713,37966,69990,1.7573177961391677,0.269500159797923
4658,0.5051,5,29,5,415926,189684,37971,69985,1.7570491681796288,0.2695161917672113
4659,0.5052,4,14,4,415940,189670,37975,69981,1.756919485716403,0.2695194703659913
4660,0.5053,19,100,19,416040,189570,37994,69962,1.7559931824076476,0.26956984109859283
4661,0.5054,8,24,8,416064,189546,38002,69954,1.7557708696135463,0.2695722543352601
4662,0.5055,13,101,13,416165,189445,38015,69941,1.7548353032717032,0.2696406128318414
4663,0.5056,5,52,5,416217,189393,38020,69936,1.7543536255511505,0.2696805987760721
4664,0.5057,15,59,15,416276,189334,38035,69921,1.7538071065989849,0.2696997164953424
4665,0.5058,11,74,11,416350,189260,38046,69910,1.7531216421505058,0.2697457267430644
4666,0.5059,45,224,45,416574,189036,38091,69865,1.7510467227388937,0.269852182880715
4667,0.506,6,57,6,416631,188979,38097,69859,1.750518729852903,0.269894683160896
4668,0.5061,3,24,3,416655,188955,38100,69856,1.7502964170588018,0.2699112479763225
4669,0.5062,24,85,24,416740,188870,38124,69832,1.7495090592463596,0.269932199982992
4670,0.5063,6,46,6,416786,188824,38130,69826,1.749082959724332,0.269963270829306
4671,0.5064,20,88,20,416874,188736,38150,69806,1.7482678128126274,0.26999868493320234
4672,0.5065,31,154,31,417028,188582,38181,69775,1.746841305717144,0.27007203211060665
4673,0.5066,25,125,25,417153,188457,38206,69750,1.7456834265811998,0.2701321033124586
4674,0.5067,4,25,4,417178,188432,38210,69746,1.7454518507540109,0.27014695287747215
4675,0.5068,12,47,12,417225,188385,38222,69734,1.7450164881988959,0.27016221200299084
4676,0.5069,15,75,15,417300,188310,38237,69719,1.7443217607173294,0.2701983110425572
4677,0.507,37,257,37,417557,188053,38274,69682,1.7419411612138278,0.27036296971695734
4678,0.5071,4,42,4,417599,188011,38278,69678,1.7415521138241505,0.2703957095568689
4679,0.5072,3,24,3,417623,187987,38281,69675,1.7413298010300493,0.2704124007420574
4680,0.5073,3,38,3,417661,187949,38284,69672,1.7409778057727223,0.2704437914610998
4681,0.5074,84,433,84,418094,187516,38368,69588,1.7369669124458114,0.2706608998693136
4682,0.5075,5,30,5,418124,187486,38373,69583,1.7366890214531847,0.2706783003784976
4683,0.5076,3,17,3,418141,187469,38376,69580,1.7365315498906961,0.2706876898957008
4684,0.5077,33,247,33,418388,187222,38409,69547,1.7342435807180703,0.2708543476821579
4685,0.5078,7,29,7,418417,187193,38416,69540,1.7339749527585313,0.2708650621462765
4686,0.5079,33,170,33,418587,187023,38449,69507,1.732400237133647,0.27095076599228163
4687,0.508,6,29,6,418616,186994,38455,69501,1.732131609174108,0.27096434628355326
4688,0.5081,16,79,16,418695,186915,38471,69485,1.7313998295601911,0.27100234009360374
4689,0.5082,5,31,5,418726,186884,38476,69480,1.731112675534477,0.27102089216894726
4690,0.5083,1,20,1,418746,186864,38477,69479,1.7309274148727258,0.2710391935804762
4691,0.5084,11,63,11,418809,186801,38488,69468,1.73034384378821,0.2710745349613102
4692,0.5085,178,901,178,419710,185900,38666,69290,1.7219978509763236,0.271523178807947
4693,0.5086,7,48,7,419758,185852,38673,69283,1.7215532253881212,0.27155427518764574
4694,0.5087,1,21,1,419779,185831,38674,69282,1.7213587016932825,0.27157377319070375
4695,0.5088,7,44,7,419823,185787,38681,69275,1.7209511282374301,0.2716006304349531
4696,0.5089,13,108,13,419931,185679,38694,69262,1.7199507206639741,0.27167854523203405
4697,0.509,3,24,3,419955,185655,38697,69259,1.719728407869873,0.27169555222545644
4698,0.5091,1,19,1,419974,185636,38698,69258,1.7195524102412094,0.27171294734281703
4699,0.5092,75,382,75,420356,185254,38773,69183,1.7160139316017637,0.27190620860959686
4700,0.5093,5,24,5,420380,185230,38778,69178,1.7157916188076623,0.2719175497625861
4701,0.5094,40,180,40,420560,185050,38818,69138,1.7141242728519026,0.2719955308669174
4702,0.5095,2,17,2,420577,185033,38820,69136,1.7139668012894143,0.2720079946807046
4703,0.5096,9,64,9,420641,184969,38829,69127,1.7133739671718107,0.27205072098734334
4704,0.5097,3,40,3,420681,184929,38832,69124,1.7130034458483085,0.27208495865036036
4705,0.5098,1,21,1,420702,184908,38833,69123,1.71280892215347,0.2721045856608052
4706,0.5099,3,14,3,420716,184894,38836,69120,1.7126792396902442,0.2721109860086452
4707,0.51,440,2317,440,423033,182577,39276,68680,1.6912167920263812,0.27334561823153186
4708,0.5101,2,19,2,423052,182558,39278,68678,1.6910407943977175,0.27336050566001685
4709,0.5102,1,23,1,423075,182535,39279,68677,1.690827744636704,0.2733826409566422
4710,0.5103,1,22,1,423097,182513,39280,68676,1.6906239579087776,0.2734036920406546
4711,0.5104,3,13,3,423110,182500,39283,68673,1.6905035384786395,0.27340916420156625
4712,0.5105,7,30,7,423140,182470,39290,68666,1.690225647486013,0.27342157237512743
4713,0.5106,4,26,4,423166,182444,39294,68662,1.6899848086257363,0.27343830892133203
4714,0.5107,3,17,3,423183,182427,39297,68659,1.689827337063248,0.27344814127430445
4715,0.5108,3,19,3,423202,182408,39300,68656,1.6896513394345845,0.2734601535863366
4716,0.5109,10,41,10,423243,182367,39310,68646,1.6892715550779946,0.2734758757514551
4717,0.511,5,27,5,423270,182340,39315,68641,1.6890214531846308,0.27349082201441544
4718,0.5111,4,29,4,423299,182311,39319,68637,1.6887528252250916,0.273510846868674
4719,0.5112,3,30,3,423329,182281,39322,68634,1.688474934232465,0.2735348624036028
4720,0.5113,4,45,4,423374,182236,39326,68630,1.688058097743525,0.2735723453955498
4721,0.5114,4,22,4,423396,182214,39330,68626,1.687854311015599,0.27358475522245257
4722,0.5115,5,17,5,423413,182197,39335,68621,1.6876968394531104,0.2735888173895015
4723,0.5116,4,43,4,423456,182154,39339,68617,1.6872985290303457,0.2736241431425484
4724,0.5117,9,45,9,423501,182109,39348,68608,1.6868816925414059,0.27364717988808096
4725,0.5118,2,26,2,423527,182083,39350,68606,1.6866408536811293,0.27366976612456073
4726,0.5119,4,21,4,423548,182062,39354,68602,1.6864463299862906,0.27368110299045734
4727,0.512,7,36,7,423584,182026,39361,68595,1.6861128607951388,0.27370012887986245
4728,0.5121,3,26,3,423610,182000,39364,68592,1.6858720219348624,0.2737198314391521
4729,0.5122,3,28,3,423638,181972,39367,68589,1.685612657008411,0.27374172357230375
4730,0.5123,2,45,2,423683,181927,39369,68587,1.6851958205194708,0.27378509783884336
4731,0.5124,13,62,13,423745,181865,39382,68574,1.6846215124680426,0.27381518054296655
4732,0.5125,6,11,6,423756,181854,39388,68568,1.6845196191040794,0.27380980904233654
4733,0.5126,1,8,1,423764,181846,39389,68567,1.684445514839379,0.2738156565354035
4734,0.5127,11,35,11,423799,181811,39400,68556,1.6841213086813147,0.27382202926104476
4735,0.5128,13,63,13,423862,181748,39413,68543,1.6835377375967986,0.27385323483465246
4736,0.5129,6,30,6,423892,181718,39419,68537,1.6832598466041722,0.2738686539729476
4737,0.513,6,24,6,423916,181694,39425,68531,1.6830375338100707,0.2738775102407833
4738,0.5131,9,39,9,423955,181655,39434,68522,1.6826762755196563,0.2738940829892436
4739,0.5132,12,67,12,424022,181588,39446,68510,1.68205565230279,0.27393261841358185
4740,0.5133,5,28,5,424050,181560,39451,68505,1.6817962873763386,0.2739487733189371
4741,0.5134,7,46,7,424096,181514,39458,68498,1.681370187854311,0.27397884901524727
4742,0.5135,18,91,18,424187,181423,39476,68480,1.6805272518433436,0.27402632221301865
4743,0.5136,4,20,4,424207,181403,39480,68476,1.6803419911815924,0.2740366337307257
4744,0.5137,6,33,6,424240,181370,39486,68470,1.6800363110897032,0.27405539545309
4745,0.5138,13,48,13,424288,181322,39499,68457,1.6795916855015005,0.27407027812586326
4746,0.5139,18,82,18,424370,181240,39517,68439,1.6788321167883211,0.274107954613724
4747,0.514,7,26,7,424396,181214,39524,68432,1.6785912779280447,0.27411614846622817
4748,0.5141,4,20,4,424416,181194,39528,68428,1.6784060172662936,0.27412647923660577
4749,0.5142,6,65,6,424481,181129,39534,68422,1.6778039201156028,0.2741804280487756
4750,0.5143,18,111,18,424592,181018,39552,68404,1.6767757234428842,0.2742500661529456
4751,0.5144,10,35,10,424627,180983,39562,68394,1.6764515172848198,0.27425945456076545
4752,0.5145,9,58,9,424685,180925,39571,68385,1.6759142613657416,0.27429705988528336
4753,0.5146,6,47,6,424732,180878,39577,68379,1.6754788988106266,0.2743313126612292
4754,0.5147,13,62,13,424794,180816,39590,68366,1.6749045907591982,0.27436171152009375
4755,0.5148,6,32,6,424826,180784,39596,68360,1.6746081737003964,0.2743794753235077
4756,0.5149,8,43,8,424869,180741,39604,68352,1.6742098632776317,0.27440353602871215
4757,0.515,29,159,29,425028,180582,39633,68323,1.6727370410167106,0.27449428496816053
4758,0.5151,1,23,1,425051,180559,39634,68322,1.6725239912556968,0.27451673691442896
4759,0.5152,4,20,4,425071,180539,39638,68318,1.6723387305939457,0.2745271380752802
4760,0.5153,16,105,16,425176,180434,39654,68302,1.6713661121197525,0.27459635919207515
4761,0.5154,3,30,3,425206,180404,39657,68299,1.6710882211271259,0.274620732359481
4762,0.5155,16,81,16,425287,180323,39673,68283,1.670337915447034,0.27466352380875764
4763,0.5156,7,42,7,425329,180281,39680,68276,1.6699488680573567,0.2746895078392481
4764,0.5157,16,70,16,425399,180211,39696,68260,1.6693004557412279,0.2747201886739298
4765,0.5158,8,57,8,425456,180154,39704,68252,1.6687724628552374,0.2747598689242611
4766,0.5159,49,206,49,425662,179948,39753,68203,1.6668642780392011,0.27484475178419593
4767,0.516,17,48,17,425710,179900,39770,68186,1.6664196524509987,0.27484823811097764
4768,0.5161,4,18,4,425728,179882,39774,68182,1.6662529178554226,0.2748564886480908
4769,0.5162,19,86,19,425814,179796,39793,68163,1.665456297009893,0.27489625300957016
4770,0.5163,9,44,9,425858,179752,39802,68154,1.6650487235540405,0.27491871919195177
4771,0.5164,10,73,10,425931,179679,39812,68144,1.6643725221386492,0.2749704426142852
4772,0.5165,35,154,35,426085,179525,39847,68109,1.6629460150431656,0.2750389688007301
4773,0.5166,16,118,16,426203,179407,39863,68093,1.6618529771388344,0.2751232323232323
4774,0.5167,3,21,3,426224,179386,39866,68090,1.6616584534439958,0.2751377911393428
4775,0.5168,16,46,16,426270,179340,39882,68074,1.6612323539219682,0.27514206956760734
4776,0.5169,12,66,12,426336,179274,39894,68062,1.6606209937381897,0.2751803215059676
4777,0.517,51,264,51,426600,179010,39945,68011,1.6581755530030753,0.27532476995882943
4778,0.5171,13,57,13,426657,178953,39958,67998,1.6576475601170848,0.2753501706816332
4779,0.5172,6,18,6,426675,178935,39964,67992,1.6574808255215088,0.27535263458431036
4780,0.5173,8,37,8,426712,178898,39972,67984,1.6571380932972692,0.27537041987670224
4781,0.5174,95,419,95,427131,178479,40067,67889,1.653256882433584,0.27555932588647875
4782,0.5175,3,23,3,427154,178456,40070,67886,1.6530438326725703,0.2755762314181098
4783,0.5176,3,20,3,427174,178436,40073,67883,1.6528585720108193,0.2755897839793114
4784,0.5177,39,218,39,427392,178218,40112,67844,1.6508392307977324,0.2757191276995229
4785,0.5178,6,32,6,427424,178186,40118,67838,1.6505428137389306,0.27573732643969695
4786,0.5179,23,147,23,427571,178039,40141,67815,1.6491811478750602,0.27583443832518484
4787,0.518,1,15,1,427586,178024,40142,67814,1.649042202378747,0.2758483228792945
4788,0.5181,17,79,17,427665,177945,40159,67797,1.6483104227648302,0.27588690577923186
4789,0.5182,3,25,3,427690,177920,40162,67794,1.6480788469376413,0.2759061347745753
4790,0.5183,3,16,3,427706,177904,40165,67791,1.6479306384082404,0.2759152607908179
4791,0.5184,7,58,7,427764,177846,40172,67784,1.6473933824891622,0.2759597769002158
4792,0.5185,166,814,166,428578,177032,40338,67618,1.639853273555893,0.27638667484161045
4793,0.5186,11,51,11,428629,176981,40349,67607,1.6393808588684278,0.2764117618198767
4794,0.5187,2,14,2,428643,176967,40351,67605,1.639251176405202,0.2764216672390952
4795,0.5188,10,54,10,428697,176913,40361,67595,1.6387509726184741,0.27645312218823104
4796,0.5189,18,92,18,428789,176821,40379,67577,1.6378987735744193,0.2765038993772453
4797,0.519,4,32,4,428821,176789,40383,67573,1.6376023565156175,0.27652826544225373
4798,0.5191,1,28,1,428849,176761,40384,67572,1.637342991589166,0.27655699393860017
4799,0.5192,78,385,78,429234,176376,40462,67494,1.6337767238504577,0.2767622093738467
4800,0.5193,5,22,5,429256,176354,40467,67489,1.6335729371225314,0.27677234942155404
4801,0.5194,26,164,26,429420,176190,40493,67463,1.6320537996961726,0.2768814666759695
4802,0.5195,2,15,2,429435,176175,40495,67461,1.6319148541998592,0.2768925774516081
4803,0.5196,8,58,8,429493,176117,40503,67453,1.631377598280781,0.276934762080716
4804,0.5197,5,36,5,429529,176081,40508,67448,1.6310441290896291,0.27696085476473026
4805,0.5198,3,28,3,429557,176053,40511,67445,1.6307847641631776,0.27698379452808647
4806,0.5199,5,20,5,429577,176033,40516,67440,1.6305995035014265,0.276991699284931
4807,0.52,470,2154,470,431731,173879,40986,66970,1.6106469302308348,0.27805803636303245
4808,0.5201,2,16,2,431747,173863,40988,66968,1.610498721701434,0.27807051417799206
4809,0.5202,6,19,6,431766,173844,40994,66962,1.6103227240727704,0.27807446658305857
4810,0.5203,4,17,4,431783,173827,40998,66958,1.6101652525102819,0.27808210644350767
4811,0.5204,3,23,3,431806,173804,41001,66955,1.6099522027492683,0.2780996764399254
4812,0.5205,6,22,6,431828,173782,41007,66949,1.609748416021342,0.27810709879492046
4813,0.5206,5,31,5,431859,173751,41012,66944,1.609461261995628,0.27812792122811025
4814,0.5207,5,23,5,431882,173728,41017,66939,1.6092482122346141,0.27813950396190584
4815,0.5208,5,23,5,431905,173705,41022,66934,1.6090351624736003,0.2781510893911627
4816,0.5209,6,42,6,431947,173663,41028,66928,1.608646115083923,0.27818164436741194
4817,0.521,3,20,3,431967,173643,41031,66925,1.608460854422172,0.278195770010974
4818,0.5211,1,21,1,431988,173622,41032,66924,1.6082663307273333,0.2782170561971515
4819,0.5212,8,31,8,432019,173591,41040,66916,1.6079791767016192,0.27822890809830897
4820,0.5213,5,39,5,432058,173552,41045,66911,1.6076179184112045,0.27825902529703117
4821,0.5214,9,18,9,432076,173534,41054,66902,1.6074511838156287,0.2782528406727778
4822,0.5215,5,22,5,432098,173512,41059,66897,1.6072473970877024,0.27826329297156094
4823,0.5216,7,33,7,432131,173479,41066,66890,1.6069417169958131,0.2782804770997924
4824,0.5217,4,38,4,432169,173441,41070,66886,1.6065897217384861,0.27831246593183456
4825,0.5218,8,36,8,432205,173405,41078,66878,1.606256252547334,0.27833013571496945
4826,0.5219,4,25,4,432230,173380,41082,66874,1.6060246767201452,0.27834708267084
4827,0.522,6,40,6,432270,173340,41088,66868,1.605654155396643,0.27837540797975086
4828,0.5221,6,22,6,432292,173318,41094,66862,1.605450368668717,0.2783828795070364
4829,0.5222,4,15,4,432307,173303,41098,66858,1.6053114231724035,0.27838824788371136
4830,0.5223,6,24,6,432331,173279,41104,66852,1.6050891103783023,0.2783980410692497
4831,0.5224,21,72,21,432403,173207,41125,66831,1.6044221719959983,0.2784184170839617
4832,0.5225,2,18,2,432421,173189,41127,66829,1.6042554374004223,0.2784332841703539
4833,0.5226,4,19,4,432440,173170,41131,66825,1.6040794397717588,0.2784433009021021
4834,0.5227,8,41,8,432481,173129,41139,66817,1.6036996554151692,0.2784668217015495
4835,0.5228,6,63,6,432544,173066,41145,66811,1.6031160843306533,0.27852190914510355
4836,0.5229,9,30,9,432574,173036,41154,66802,1.6028381933380267,0.27852967419674945
4837,0.523,8,19,8,432593,173017,41162,66794,1.602662195709363,0.27852767387651106
4838,0.5231,3,27,3,432620,172990,41165,66791,1.6024120938159991,0.27855001021765696
4839,0.5232,9,55,9,432675,172935,41174,66782,1.6019026269961836,0.2785868336413354
4840,0.5233,6,23,6,432698,172912,41180,66776,1.6016895772351698,0.2785955074930743
4841,0.5234,2,27,2,432725,172885,41182,66774,1.601439475341806,0.27862087382489287
4842,0.5235,18,104,18,432829,172781,41200,66756,1.6004761199007003,0.27868763489565285
4843,0.5236,2,29,2,432858,172752,41202,66754,1.6002074919411613,0.2787153557739681
4844,0.5237,6,25,6,432883,172727,41208,66748,1.5999759161139724,0.2787263806242823
4845,0.5238,7,35,7,432918,172692,41215,66741,1.599651709955908,0.2787460375136259
4846,0.5239,19,70,19,432988,172622,41234,66722,1.5990032976397792,0.2787703055017047
4847,0.524,6,25,6,433013,172597,41240,66716,1.5987717218125903,0.2787813449332046
4848,0.5241,6,14,6,433027,172583,41246,66710,1.5986420393493646,0.2787795714876741
4849,0.5242,10,57,10,433084,172526,41256,66700,1.598114046463374,0.2788158477757434
4850,0.5243,28,114,28,433198,172412,41284,66672,1.5970580606913929,0.2788643322012347
4851,0.5244,7,30,7,433228,172382,41291,66665,1.5967801696987662,0.27887821223441417
4852,0.5245,7,27,7,433255,172355,41298,66658,1.5965300678054022,0.2788885960177898
4853,0.5246,5,35,5,433290,172320,41303,66653,1.5962058616473378,0.2789143543412854
4854,0.5247,11,56,11,433346,172264,41314,66642,1.5956871317944348,0.27894653127171354
4855,0.5248,4,29,4,433375,172235,41318,66638,1.5954185038348958,0.27896832207909644
4856,0.5249,7,53,7,433428,172182,41325,66631,1.5949275630812554,0.27900909916964317
4857,0.525,33,157,33,433585,172025,41358,66598,1.5934732668865093,0.27909296253923555
4858,0.5251,5,26,5,433611,171999,41363,66593,1.5932324280262329,0.27910826850858367
4859,0.5252,2,22,2,433633,171977,41365,66591,1.5930286412983068,0.27912796351564334
4860,0.5253,14,98,14,433731,171879,41379,66577,1.5921208640557265,0.2792003556211628
4861,0.5254,3,31,3,433762,171848,41382,66574,1.5918337100300122,0.279227588058149
4862,0.5255,18,72,18,433834,171776,41400,66556,1.5911667716477083,0.2792575063356998
4863,0.5256,14,45,14,433879,171731,41414,66542,1.5907499351587684,0.27926789858691503
4864,0.5257,11,64,11,433943,171667,41425,66531,1.5901571010411648,0.2793096499550794
4865,0.5258,10,59,10,434002,171608,41435,66521,1.5896105820889992,0.2793485883701691
4866,0.5259,48,223,48,434225,171385,41483,66473,1.5875449257104746,0.2794650589847724
4867,0.526,6,48,6,434273,171337,41489,66467,1.587100300122272,0.2795032884223983
4868,0.5261,5,24,5,434297,171313,41494,66462,1.5868779873281706,0.27951634949006415
4869,0.5262,14,85,14,434382,171228,41508,66448,1.5860906295157287,0.27957387367677006
4870,0.5263,10,41,10,434423,171187,41518,66438,1.5857108451591388,0.2795917937927407
4871,0.5264,17,63,17,434486,171124,41535,66421,1.585127274074623,0.27961438885263845
4872,0.5265,30,149,30,434635,170975,41565,66391,1.5837470821445774,0.2796988616735337
4873,0.5266,19,109,19,434744,170866,41584,66372,1.582737411538034,0.2797696827658301
4874,0.5267,0,11,0,434755,170855,41584,66372,1.582635518174071,0.27978265543129577
4875,0.5268,11,50,11,434805,170805,41595,66361,1.5821723665196932,0.27980823558182877
4876,0.5269,9,69,9,434874,170736,41604,66352,1.581533217236652,0.2798623295991362
4877,0.527,50,240,50,435114,170496,41654,66302,1.5793100892956389,0.279993918867558
4878,0.5271,16,53,16,435167,170443,41670,66286,1.5788191485419987,0.28000794157031883
4879,0.5272,4,26,4,435193,170417,41674,66282,1.578578309681722,0.28002653158652974
4880,0.5273,3,22,3,435215,170395,41677,66279,1.578374522953796,0.28004343527383657
4881,0.5274,81,368,81,435583,170027,41758,66198,1.574965726777576,0.28023282887078
4882,0.5275,7,29,7,435612,169998,41765,66191,1.5746970988180369,0.2802459047627112
4883,0.5276,4,17,4,435629,169981,41769,66187,1.5745396272555485,0.28025388706344634
4884,0.5277,47,202,47,435831,169779,41816,66140,1.5726684945718625,0.28035045926779956
4885,0.5278,5,23,5,435854,169756,41821,66135,1.5724554448108488,0.28036254032582847
4886,0.5279,27,153,27,436007,169603,41848,66108,1.5710382007484531,0.28046209128975735
4887,0.528,0,28,0,436035,169575,41848,66108,1.5707788358220016,0.28049541120912413
4888,0.5281,10,73,10,436108,169502,41858,66098,1.57010263440661,0.28055178268251274
4889,0.5282,6,16,6,436124,169486,41864,66092,1.5699544258772091,0.28055251339259185
4890,0.5283,6,17,6,436141,169469,41870,66086,1.5697969543147208,0.2805544352698945
4891,0.5284,8,54,8,436195,169415,41878,66078,1.569296750527993,0.28059432764455844
4892,0.5285,186,874,186,437069,168541,42064,65892,1.5612008596094704,0.28106964463194173
4893,0.5286,8,37,8,437106,168504,42072,65884,1.560858127385231,0.2810894755704217
4894,0.5287,3,8,3,437114,168496,42075,65881,1.5607840231205306,0.28108986803312613
4895,0.5288,10,42,10,437156,168454,42085,65871,1.5603949757308533,0.28110957004160886
4896,0.5289,13,85,13,437241,168369,42098,65858,1.5596076179184113,0.2811716838793137
4897,0.529,4,29,4,437270,168340,42102,65854,1.559338989958872,0.2811942235924063
4898,0.5291,3,16,3,437286,168324,42105,65851,1.5591907814294712,0.2812042276075585
4899,0.5292,80,352,80,437638,167972,42185,65771,1.5559301937826522,0.2813816884355895
4900,0.5293,4,36,4,437674,167936,42189,65767,1.5555967245915003,0.28141273325545674
4901,0.5294,28,170,28,437844,167766,42217,65739,1.5540220089666161,0.28153144472281105
4902,0.5295,2,12,2,437856,167754,42219,65737,1.5539108525695653,0.2815397595624671
4903,0.5296,9,54,9,437910,167700,42228,65728,1.5534106487828374,0.28157718868344844
4904,0.5297,3,41,3,437951,167659,42231,65725,1.5530308644262478,0.2816174202173242
4905,0.5298,5,21,5,437972,167638,42236,65720,1.5528363407314092,0.2816273708207989
4906,0.5299,3,15,3,437987,167623,42239,65717,1.5526973952350958,0.281636238964601
4907,0.53,453,2085,453,440072,165538,42692,65264,1.5333839712475452,0.2827705132537846
4908,0.5301,1,19,1,440091,165519,42693,65263,1.5332079736188817,0.28279068558206444
4909,0.5302,1,27,1,440118,165492,42694,65262,1.532957871725518,0.28282066616396684
4910,0.5303,5,20,5,440138,165472,42699,65257,1.5327726110637667,0.2828296399672343
4911,0.5304,1,18,1,440156,165454,42700,65256,1.5326058764681907,0.2828485978067704
4912,0.5305,3,24,3,440180,165430,42703,65253,1.5323835636740895,0.2828686986037116
4913,0.5306,5,24,5,440204,165406,42708,65248,1.5321612508799882,0.2828825860379616
4914,0.5307,1,23,1,440227,165383,42709,65247,1.5319482011189745,0.2829076876382084
4915,0.5308,5,21,5,440248,165362,42714,65242,1.5317536774241358,0.28291790255156024
4916,0.5309,12,40,12,440288,165322,42726,65230,1.5313831561006337,0.28292966445747597
4917,0.531,3,22,3,440310,165300,42729,65227,1.5311793693727074,0.28294733371795927
4918,0.5311,2,24,2,440334,165276,42731,65225,1.5309570565786061,0.28297057279577964
4919,0.5312,7,32,7,440366,165244,42738,65218,1.5306606395198044,0.28298808480356846
4920,0.5313,9,39,9,440405,165205,42747,65209,1.5302993812293897,0.2830079769458453
4921,0.5314,6,18,6,440423,165187,42753,65203,1.5301326466338139,0.28301141542601677
4922,0.5315,4,22,4,440445,165165,42757,65199,1.5299288599058876,0.2830259936448403
4923,0.5316,9,37,9,440482,165128,42766,65190,1.529586127681648,0.2830434442813849
4924,0.5317,13,39,13,440521,165089,42779,65177,1.5292248693912334,0.2830509063430989
4925,0.5318,6,32,6,440553,165057,42785,65171,1.5289284523324318,0.2830715638410619
4926,0.5319,1,36,1,440589,165021,42786,65170,1.5285949831412797,0.28311271943733685
4927,0.532,12,19,12,440608,165002,42798,65158,1.5284189855126162,0.28309871393813
4928,0.5321,5,40,5,440648,164962,42803,65153,1.528048464189114,0.28313234687004324
4929,0.5322,9,32,9,440680,164930,42812,65144,1.5277520471303123,0.28314368420595115
4930,0.5323,5,25,5,440705,164905,42817,65139,1.5275204713031234,0.2831588739545478
4931,0.5324,11,71,11,440776,164834,42828,65128,1.5268627959539072,0.28321200894060755
4932,0.5325,2,24,2,440800,164810,42830,65126,1.526640483159806,0.28323533504975296
4933,0.5326,4,17,4,440817,164793,42834,65122,1.5264830115973174,0.2832438074940739
4934,0.5327,8,36,8,440853,164757,42842,65114,1.5261495424061655,0.28326322154599753
4935,0.5328,11,51,11,440904,164706,42853,65103,1.5256771277187002,0.2832917770844484
4936,0.5329,7,24,7,440928,164682,42860,65096,1.525454814924599,0.28329953259232826
4937,0.533,9,34,9,440962,164648,42869,65087,1.525139871799622,0.2833133828106296
4938,0.5331,7,22,7,440984,164626,42876,65080,1.524936085071696,0.283318676917451
4939,0.5332,9,57,9,441041,164569,42885,65071,1.5244080921857053,0.28336091273297337
4940,0.5333,7,24,7,441065,164545,42892,65064,1.524185779391604,0.28336868328332077
4941,0.5334,6,30,6,441095,164515,42898,65058,1.5239078883989774,0.2833869836609706
4942,0.5335,15,71,15,441166,164444,42913,65043,1.523250213049761,0.2834278194407526
4943,0.5336,2,24,2,441190,164420,42915,65041,1.5230279002556597,0.28345121828981834
4944,0.5337,6,37,6,441227,164383,42921,65035,1.5226851680314202,0.2834781926439948
4945,0.5338,6,50,6,441277,164333,42927,65029,1.5222220163770426,0.28352124589077526
4946,0.5339,20,75,20,441352,164258,42947,65009,1.5215272888954758,0.2835514923647974
4947,0.534,4,31,4,441383,164227,42951,65005,1.5212401348697617,0.28357733649752215
4948,0.5341,5,22,5,441405,164205,42956,65000,1.5210363481418356,0.28358892694312954
4949,0.5342,16,73,16,441478,164132,42972,64984,1.520360146726444,0.28362925330400324
4950,0.5343,25,104,25,441582,164028,42997,64959,1.5193967912853386,0.2836798595553459
4951,0.5344,9,28,9,441610,164000,43006,64950,1.519137426358887,0.2836863944092597
4952,0.5345,2,25,2,441635,163975,43008,64948,1.5189058505316981,0.28371111683841294
4953,0.5346,11,38,11,441673,163937,43019,64937,1.5185538552743711,0.2837237956255407
4954,0.5347,12,60,12,441733,163877,43031,64925,1.5179980732891178,0.28376063146301167
4955,0.5348,6,42,6,441775,163835,43037,64919,1.5176090258994406,0.2837939445867613
4956,0.5349,8,50,8,441825,163785,43045,64911,1.5171458742450628,0.2838309371392591
4957,0.535,38,155,38,441980,163630,43083,64873,1.515710104116492,0.2839043688704306
4958,0.5351,3,21,3,442001,163609,43086,64870,1.5155155804216534,0.28392106057887156
4959,0.5352,1,15,1,442016,163594,43087,64869,1.51537663492534,0.28393656740916473
4960,0.5353,16,93,16,442109,163501,43103,64853,1.5145151728481974,0.28400203193287615
4961,0.5354,6,36,6,442145,163465,43109,64847,1.5141817036570455,0.28402799677634116
4962,0.5355,18,95,18,442240,163370,43127,64829,1.5133017155137278,0.28408976375882455
4963,0.5356,8,43,8,442283,163327,43135,64821,1.5129034050909629,0.2841182039728597
4964,0.5357,12,60,12,442343,163267,43147,64809,1.5123476231057098,0.28415528157280906
4965,0.5358,5,49,5,442392,163218,43152,64804,1.5118937344844197,0.28420064730596173
4966,0.5359,37,226,37,442618,162992,43189,64767,1.5098002890066324,0.284366369715357
4967,0.536,14,50,14,442668,162942,43203,64753,1.5093371373522546,0.28438481301741364
4968,0.5361,4,20,4,442688,162922,43207,64749,1.5091518766905034,0.2843972223076281
4969,0.5362,15,95,15,442783,162827,43222,64734,1.508271888547186,0.28446877979970203
4970,0.5363,5,46,5,442829,162781,43227,64729,1.5078457890251584,0.2845105709639137
4971,0.5364,10,77,10,442906,162704,43237,64719,1.5071325354774168,0.2845754387199184
4972,0.5365,30,132,30,443038,162572,43267,64689,1.5059098151098596,0.2846462877484478
4973,0.5366,23,118,23,443156,162454,43290,64666,1.504816777205528,0.2847217330045791
4974,0.5367,3,18,3,443174,162436,43293,64663,1.5046500426099523,0.28473485132034926
4975,0.5368,10,34,10,443208,162402,43303,64653,1.5043350994849753,0.2847459866552157
4976,0.5369,12,61,12,443269,162341,43315,64641,1.5037700544666346,0.28478469658387007
4977,0.537,39,216,39,443485,162125,43354,64602,1.5017692393197228,0.28493298107415527
4978,0.5371,10,54,10,443539,162071,43364,64592,1.501269035532995,0.2849693156801066
4979,0.5372,3,25,3,443564,162046,43367,64589,1.501037459705806,0.28499128554724557
4980,0.5373,5,26,5,443590,162020,43372,64584,1.5007966208455297,0.28500820815166544
4981,0.5374,97,373,97,443963,161647,43469,64487,1.497341509503872,0.28517162390441064
4982,0.5375,3,24,3,443987,161623,43472,64484,1.4971191967097706,0.2851924089037491
4983,0.5376,3,12,3,443999,161611,43475,64481,1.49700804031272,0.28519806096633227
4984,0.5377,36,190,36,444189,161421,43511,64445,1.4952480640260848,0.2853240416884347
4985,0.5378,4,21,4,444210,161400,43515,64441,1.4950535403312462,0.2853379147276181
4986,0.5379,30,134,30,444344,161266,43545,64411,1.4938122938975138,0.28541233710125535
4987,0.538,6,12,6,444356,161254,43551,64405,1.4937011375004632,0.28540851461718786
4988,0.5381,10,69,10,444425,161185,43561,64395,1.4930619882174219,0.2854641368915684
4989,0.5382,1,19,1,444444,161166,43562,64394,1.4928859905887584,0.2854850150735946
4990,0.5383,2,19,2,444463,161147,43564,64392,1.4927099929600949,0.28550272901804125
4991,0.5384,11,41,11,444504,161106,43575,64381,1.492330208603505,0.2855197860630546
4992,0.5385,180,839,180,445343,160267,43755,64201,1.4845585238430472,0.2860140420906321
4993,0.5386,5,46,5,445389,160221,43760,64196,1.4841324243210197,0.2860567604058516
4994,0.5387,4,16,4,445405,160205,43764,64192,1.4839842157916188,0.2860644304513875
4995,0.5388,6,43,6,445448,160162,43770,64186,1.483585905368854,0.28610016581382497
4996,0.5389,20,88,20,445536,160074,43790,64166,1.4827707584571492,0.286148769175883
4997,0.539,6,23,6,445559,160051,43796,64160,1.4825577086961355,0.286159019851836
4998,0.5391,6,17,6,445576,160034,43802,64154,1.482400237133647,0.2861616143593769
4999,0.5392,58,323,58,445899,159711,43860,64096,1.479408277446367,0.2863896124786088
5000,0.5393,1,26,1,445925,159685,43861,64095,1.4791674385860907,0.28641969791759764
5001,0.5394,30,144,30,446069,159541,43891,64065,1.4778335618214828,0.2865084121177428
5002,0.5395,2,16,2,446085,159525,43893,64063,1.477685353292082,0.2865225325151618
5003,0.5396,11,52,11,446137,159473,43904,64052,1.4772036755715292,0.2865540767251985
5004,0.5397,7,39,7,446176,159434,43911,64045,1.4768424172811145,0.286581736986473
5005,0.5398,2,16,2,446192,159418,43913,64043,1.4766942087517136,0.2865958713153526
5006,0.5399,3,18,3,446210,159400,43916,64040,1.4765274741561376,0.286609380594343
5007,0.54,444,2070,444,448280,157330,44360,63596,1.4573529956649005,0.2878610937599015
5008,0.5401,2,11,2,448291,157319,44362,63594,1.4572511023009374,0.28786898009623696
5009,0.5402,8,22,8,448313,157297,44370,63586,1.4570473155730113,0.2878718597628609
5010,0.5403,6,24,6,448337,157273,44376,63580,1.45682500277891,0.2878837960091101
5011,0.5404,5,15,5,448352,157258,44381,63575,1.4566860572825966,0.2878872269995879
5012,0.5405,5,15,5,448367,157243,44386,63570,1.4565471117862834,0.28789065861158536
5013,0.5406,9,15,9,448382,157228,44395,63561,1.45640816628997,0.28788118973318416
5014,0.5407,1,13,1,448395,157215,44396,63560,1.4562877468598319,0.2878949156380931
5015,0.5408,5,26,5,448421,157189,44401,63555,1.4560469079995553,0.287912695248795
5016,0.5409,5,40,5,448461,157149,44406,63550,1.4556763866760531,0.28794874467034287
5017,0.541,8,29,8,448490,157120,44414,63542,1.4554077587165142,0.28796077258431446
5018,0.5411,5,14,5,448504,157106,44419,63537,1.4552780762532884,0.2879629084086058
5019,0.5412,3,23,3,448527,157083,44422,63534,1.4550650264922746,0.2879832469845932
5020,0.5413,3,35,3,448562,157048,44425,63531,1.4547408203342103,0.2880192584062853
5021,0.5414,4,24,4,448586,157024,44429,63527,1.454518507540109,0.28803768742830455
5022,0.5415,3,18,3,448604,157006,44432,63524,1.454351772944533,0.28805151226590486
5023,0.5416,8,33,8,448637,156973,44440,63516,1.4540460928526437,0.28806879254747403
5024,0.5417,10,37,10,448674,156936,44450,63506,1.4537033606284042,0.2880848477150452
5025,0.5418,3,27,3,448701,156909,44453,63503,1.4534532587350402,0.2881104477070214
5026,0.5419,6,22,6,448723,156887,44459,63497,1.453249472007114,0.2881198272106868
5027,0.542,8,40,8,448763,156847,44467,63489,1.452878950683612,0.28814628567279066
5028,0.5421,5,11,5,448774,156836,44472,63484,1.4527770573196488,0.2881445170660857
5029,0.5422,4,31,4,448805,156805,44476,63480,1.4524899032939345,0.2881721406359943
5030,0.5423,4,26,4,448831,156779,44480,63476,1.452249064433658,0.28819323057365326
5031,0.5424,10,64,10,448895,156715,44490,63466,1.4516562303160547,0.2882446714294149
5032,0.5425,8,28,8,448923,156687,44498,63458,1.4513968653896032,0.2882554679870086
5033,0.5426,5,24,5,448947,156663,44503,63453,1.4511745525955018,0.2882707299787385
5034,0.5427,4,38,4,448985,156625,44507,63449,1.4508225573381748,0.2883075692721539
5035,0.5428,7,60,7,449045,156565,44514,63442,1.4502667753529215,0.2883635520687978
5036,0.5429,6,23,6,449068,156542,44520,63436,1.4500537255919077,0.28837429197465203
5037,0.543,2,27,2,449095,156515,44522,63434,1.4498036236985439,0.2884032207466276
5038,0.5431,11,45,11,449140,156470,44533,63423,1.449386787209604,0.2884266438676993
5039,0.5432,13,48,13,449188,156422,44546,63410,1.4489421616214013,0.28844754175916154
5040,0.5433,5,18,5,449206,156404,44551,63405,1.4487754270258253,0.2884549768207853
5041,0.5434,5,34,5,449240,156370,44556,63400,1.4484604839008486,0.28848341447877324
5042,0.5435,19,86,19,449326,156284,44575,63381,1.447663863055319,0.28853481437643685
5043,0.5436,2,23,2,449349,156261,44577,63379,1.4474508132943051,0.28855855035512656
5044,0.5437,5,36,5,449385,156225,44582,63374,1.447117344103153,0.28858965660135066
5045,0.5438,10,47,10,449432,156178,44592,63364,1.446681981548038,0.2886190341711381
5046,0.5439,16,83,16,449515,156095,44608,63348,1.445913149801771,0.2886763305277453
5047,0.544,4,25,4,449540,156070,44612,63344,1.4456815739745823,0.2886962545689883
5048,0.5441,1,21,1,449561,156049,44613,63343,1.4454870502797437,0.2887206461493582
5049,0.5442,10,49,10,449610,156000,44623,63333,1.4450331616584535,0.288752718469177
5050,0.5443,22,109,22,449719,155891,44645,63311,1.44402349105191,0.2888249194806617
5051,0.5444,5,33,5,449752,155858,44650,63306,1.4437178109600208,0.28885218375280614
5052,0.5445,4,24,4,449776,155834,44654,63302,1.4434954981659194,0.28887083820093457
5053,0.5446,5,39,5,449815,155795,44659,63297,1.443134239875505,0.2889060303434174
5054,0.5447,17,74,17,449889,155721,44676,63280,1.4424487754270259,0.2889484522901722
5055,0.5448,8,25,8,449914,155696,44684,63272,1.442217199599837,0.2889554638120639
5056,0.5449,8,34,8,449948,155662,44692,63264,1.44190225647486,0.2889743566319213
5057,0.545,33,140,33,450088,155522,44725,63231,1.4406054318426025,0.28905203585779393
5058,0.5451,2,26,2,450114,155496,44727,63229,1.440364592982326,0.28907989484512514
5059,0.5452,2,19,2,450133,155477,44729,63227,1.4401885953536626,0.289098507571878
5060,0.5453,16,73,16,450206,155404,44745,63211,1.4395123939382712,0.28914301397433845
5061,0.5454,5,37,5,450243,155367,44750,63206,1.4391696617140317,0.2891756987368065
5062,0.5455,22,85,22,450328,155282,44772,63184,1.4383823039015895,0.28921662867448483
5063,0.5456,7,27,7,450355,155255,44779,63177,1.4381322020082257,0.2892296000585995
5064,0.5457,12,58,12,450413,155197,44791,63165,1.4375949460891475,0.2892673633690844
5065,0.5458,12,42,12,450455,155155,44803,63153,1.4372058986994702,0.2892839474503912
5066,0.5459,50,190,50,450645,154965,44853,63103,1.4354459224128349,0.28937303960232585
5067,0.546,13,42,13,450687,154923,44866,63090,1.4350568750231576,0.2893864127368551
5068,0.5461,3,21,3,450708,154902,44869,63087,1.434862351328319,0.28940451123680555
5069,0.5462,19,92,19,450800,154810,44888,63068,1.4340101522842639,0.2894647463259255
5070,0.5463,11,37,11,450837,154773,44899,63057,1.4336674200600243,0.2894780333287426
5071,0.5464,11,66,11,450903,154707,44910,63046,1.4330560598762458,0.28952988018534764
5072,0.5465,28,127,28,451030,154580,44938,63018,1.4318796546741266,0.28960744124486437
5073,0.5466,18,109,18,451139,154471,44956,63000,1.4308699840675831,0.28969379825356023
5074,0.5467,3,13,3,451152,154458,44959,62997,1.4307495646374448,0.2897013175139684
5075,0.5468,14,45,14,451197,154413,44973,62983,1.430332728148505,0.2897155421442897
5076,0.5469,20,61,20,451258,154352,44993,62963,1.4297676831301642,0.28973149575501
5077,0.547,33,232,33,451490,154120,45026,62930,1.4276186594538516,0.28993319511633264
5078,0.5471,10,44,10,451534,154076,45036,62920,1.4272110859979992,0.28995926192187876
5079,0.5472,2,18,2,451552,154058,45038,62918,1.4270443514024231,0.28997677162451146
5080,0.5473,6,27,6,451579,154031,45044,62912,1.4267942495090593,0.2899932240265876
5081,0.5474,94,368,94,451947,153663,45138,62818,1.4233854533328394,0.2901778909003562
5082,0.5475,8,27,8,451974,153636,45146,62810,1.4231353514394753,0.2901878528593737
5083,0.5476,2,7,2,451981,153629,45148,62808,1.4230705102078625,0.29019067904286233
5084,0.5477,33,178,33,452159,153451,45181,62775,1.421421690318278,0.2903212379639821
5085,0.5478,4,26,4,452185,153425,45185,62771,1.4211808514580013,0.2903430220725638
5086,0.5479,31,110,31,452295,153315,45216,62740,1.4201619178183704,0.2903890213140173
5087,0.548,3,20,3,452315,153295,45219,62737,1.4199766571566195,0.290406050955414
5088,0.5481,13,60,13,452375,153235,45232,62724,1.4194208751713662,0.29044401946665804
5089,0.5482,6,19,6,452394,153216,45238,62718,1.4192448775427027,0.29044985967934644
5090,0.5483,3,11,3,452405,153205,45241,62715,1.4191429841787395,0.2904547980733605
5091,0.5484,9,52,9,452457,153153,45250,62706,1.4186613064581868,0.2904951843564549
5092,0.5485,179,733,179,453190,152420,45429,62527,1.4118715032050095,0.2908949648052776
5093,0.5486,12,40,12,453230,152380,45441,62515,1.4115009818815072,0.2909095139486726
5094,0.5487,3,15,3,453245,152365,45444,62512,1.411362036385194,0.2909199216295834
5095,0.5488,8,47,8,453292,152318,45452,62504,1.410926673830079,0.29095716453622067
5096,0.5489,22,84,22,453376,152234,45474,62482,1.4101485790507244,0.2909983419959388
5097,0.549,8,21,8,453397,152213,45482,62474,1.4099540553558858,0.2910003866093429
5098,0.5491,4,27,4,453424,152186,45486,62470,1.4097039534625218,0.29102377757901016
5099,0.5492,88,341,88,453765,151845,45574,62382,1.4065452591796659,0.29119578764581494
5100,0.5493,4,27,4,453792,151818,45578,62378,1.4062951572863018,0.29121925712898467
5101,0.5494,29,147,29,453939,151671,45607,62349,1.4049334914224314,0.2913232408186151
5102,0.5495,1,11,1,453950,151660,45608,62348,1.4048315980584682,0.29133490336809836
5103,0.5496,14,59,14,454009,151601,45622,62334,1.4042850791063026,0.2913688737233272
5104,0.5497,5,29,5,454038,151572,45627,62329,1.4040164511467634,0.29139181209999016
5105,0.5498,4,27,4,454065,151545,45631,62325,1.4037663492533996,0.29141534577079536
5106,0.5499,3,10,3,454075,151535,45634,62322,1.403673718922524,0.291419032344043
5107,0.55,484,2042,484,456117,149493,46118,61838,1.3847586053577383,0.29261206354013375
5108,0.5501,1,28,1,456145,149465,46119,61837,1.3844992404312868,0.29264749032190895
5109,0.5502,3,20,3,456165,149445,46122,61834,1.3843139797695356,0.29266514892630124
5110,0.5503,7,21,7,456186,149424,46129,61827,1.384119456074697,0.2926708039251885
5111,0.5504,2,20,2,456206,149404,46131,61825,1.383934195412946,0.2926918178848548
5112,0.5505,9,31,9,456237,149373,46140,61816,1.383647041387232,0.2927046389726738
5113,0.5506,6,37,6,456274,149336,46146,61810,1.3833043091629924,0.2927358320782776
5114,0.5507,5,33,5,456307,149303,46151,61805,1.382998629071103,0.2927648407450215
5115,0.5508,4,17,4,456324,149286,46155,61801,1.3828411575086146,0.2927750169361448
5116,0.5509,8,28,8,456352,149258,46163,61793,1.382581792582163,0.29278705147097145
5117,0.551,4,26,4,456378,149232,46167,61789,1.3823409537218867,0.2928097203595851
5118,0.5511,2,27,2,456405,149205,46169,61787,1.3820908518285226,0.29284048684310304
5119,0.5512,3,16,3,456421,149189,46172,61784,1.3819426432991218,0.29285263991126825
5120,0.5513,2,27,2,456448,149162,46174,61782,1.381692541405758,0.2928834192961165
5121,0.5514,4,15,4,456463,149147,46178,61778,1.3815535959094445,0.29289083797558374
5122,0.5515,5,16,5,456479,149131,46183,61773,1.3814053873800438,0.29289629404847706
5123,0.5516,6,35,6,456514,149096,46189,61767,1.3810811812219794,0.29292479002954525
5124,0.5517,8,32,8,456546,149064,46197,61759,1.3807847641631776,0.29294242089335604
5125,0.5518,7,20,7,456566,149044,46204,61752,1.3805995035014265,0.2929467352321676
5126,0.5519,4,20,4,456586,149024,46208,61748,1.3804142428396755,0.2929611143795191
5127,0.552,7,39,7,456625,148985,46215,61741,1.3800529845492608,0.2929918472328996
5128,0.5521,10,17,10,456642,148968,46225,61731,1.3798955129867725,0.2929819315706292
5129,0.5522,5,23,5,456665,148945,46230,61726,1.3796824632257587,0.2929971377171039
5130,0.5523,3,18,3,456683,148927,46233,61723,1.3795157286301827,0.2930121053880845
5131,0.5524,13,54,13,456737,148873,46246,61710,1.3790155248434548,0.2930435980112355
5132,0.5525,2,22,2,456759,148851,46248,61708,1.3788117381155285,0.29306750127042774
5133,0.5526,2,20,2,456779,148831,46250,61706,1.3786264774537775,0.2930886257522431
5134,0.5527,5,41,5,456820,148790,46255,61701,1.3782466930971877,0.2931289223767287
5135,0.5528,4,57,4,456877,148733,46259,61697,1.3777187002111972,0.29319488666064725
5136,0.5529,9,22,9,456899,148711,46268,61688,1.377514913483271,0.29319530986364006
5137,0.553,4,25,4,456924,148686,46272,61684,1.377283337656082,0.29321671340970673
5138,0.5531,6,32,6,456956,148654,46278,61678,1.3769869205972805,0.2932411615921496
5139,0.5532,9,50,9,457006,148604,46287,61669,1.3765237689429026,0.29328063992999576
5140,0.5533,8,37,8,457043,148567,46295,61661,1.376181036718663,0.2933053637003634
5141,0.5534,6,44,6,457087,148523,46301,61655,1.3757734632628107,0.2933465919363587
5142,0.5535,17,65,17,457152,148458,46318,61638,1.3751713661121197,0.29338016906557
5143,0.5536,6,21,6,457173,148437,46324,61632,1.374976842417281,0.2933893149393771
5144,0.5537,6,20,6,457193,148417,46330,61626,1.37479158175553,0.2933970663149926
5145,0.5538,9,48,9,457241,148369,46339,61617,1.3743469561673274,0.2934338479708171
5146,0.5539,9,61,9,457302,148308,46348,61608,1.3737819111489866,0.293488824101069
5147,0.554,6,28,6,457330,148280,46354,61602,1.3735225462225351,0.2935077805624113
5148,0.5541,2,14,2,457344,148266,46356,61600,1.3733928637593094,0.2935206274479906
5149,0.5542,16,43,16,457387,148223,46372,61584,1.3729945533365444,0.2935269080631247
5150,0.5543,14,98,14,457485,148125,46386,61570,1.3720867760939641,0.2936169198121081
5151,0.5544,8,29,8,457514,148096,46394,61562,1.3718181481344252,0.2936305793244236
5152,0.5545,6,27,6,457541,148069,46400,61556,1.371568046241061,0.29364818127608827
5153,0.5546,9,32,9,457573,148037,46409,61547,1.3712716291822595,0.2936626841743645
5154,0.5547,17,48,17,457621,147989,46426,61530,1.3708270035940568,0.2936726502131072
5155,0.5548,6,30,6,457651,147959,46432,61524,1.3705491126014302,0.2936944764014264
5156,0.5549,10,42,10,457693,147917,46442,61514,1.370160065211753,0.29371964990856175
5157,0.555,35,146,35,457839,147771,46477,61479,1.36880766238097,0.29380645161290325
5158,0.5551,4,27,4,457866,147744,46481,61475,1.3685575604876061,0.2938308662215191
5159,0.5552,1,21,1,457887,147723,46482,61474,1.3683630367927675,0.29385698647686154
5160,0.5553,18,69,18,457956,147654,46500,61456,1.3677238875097262,0.2938931662761226
5161,0.5554,5,24,5,457980,147630,46505,61451,1.367501574715625,0.29391001573552833
5162,0.5555,12,89,12,458069,147541,46517,61439,1.3666771647708325,0.2939946406354675
5163,0.5556,6,33,6,458102,147508,46523,61433,1.3663714846789432,0.2940208001301803
5164,0.5557,12,65,12,458167,147443,46535,61421,1.3657693875282522,0.2940717404626934
5165,0.5558,7,67,7,458234,147376,46542,61414,1.3651487643113862,0.29414243977201976
5166,0.5559,43,216,43,458450,147160,46585,61371,1.3631479491644745,0.2943015666735401
5167,0.556,7,45,7,458495,147115,46592,61364,1.3627311126755344,0.2943413964955703
5168,0.5561,1,22,1,458517,147093,46593,61363,1.3625273259476083,0.29436907548835245
5169,0.5562,16,89,16,458606,147004,46609,61347,1.361702916002816,0.29444063143445437
5170,0.5563,5,25,5,458631,146979,46614,61342,1.361471340175627,0.2944590319746929
5171,0.5564,13,73,13,458704,146906,46627,61329,1.3607951387602357,0.2945182125963455
5172,0.5565,28,110,28,458814,146796,46655,61301,1.3597762051206046,0.2945789703840036
5173,0.5566,21,88,21,458902,146708,46676,61280,1.3589610582089,0.29463238263745983
5174,0.5567,8,15,8,458917,146693,46684,61272,1.3588221127125866,0.29462649965138366
5175,0.5568,8,37,8,458954,146656,46692,61264,1.358479380488347,0.29465178914967294
5176,0.5569,11,68,11,459022,146588,46703,61253,1.3578494942383934,0.2947108607060205
5177,0.557,38,234,38,459256,146354,46741,61215,1.3556819444959058,0.2949139804113331
5178,0.5571,8,46,8,459302,146308,46749,61207,1.3552558449738783,0.29495217213213504
5179,0.5572,2,27,2,459329,146281,46751,61205,1.3550057430805142,0.29498375794029474
5180,0.5573,6,32,6,459361,146249,46757,61199,1.3547093260217125,0.2950088696926459
5181,0.5574,94,356,94,459717,145893,46851,61105,1.3514116862425432,0.2951960888511
5182,0.5575,6,25,6,459742,145868,46857,61099,1.3511801104153545,0.2952113138809569
5183,0.5576,2,14,2,459756,145854,46859,61097,1.3510504279521287,0.2952244734260767
5184,0.5577,43,199,43,459955,145655,46902,61054,1.3492070843677053,0.2953620790579994
5185,0.5578,5,18,5,459973,145637,46907,61049,1.3490403497721293,0.2953707556389886
5186,0.5579,33,108,33,460081,145529,46940,61016,1.3480399421986735,0.29541262194679124
5187,0.558,3,14,3,460095,145515,46943,61013,1.3479102597354478,0.29542241245739076
5188,0.5581,20,67,20,460162,145448,46963,60993,1.3472896365185816,0.2954500317281935
5189,0.5582,3,27,3,460189,145421,46966,60990,1.3470395346252177,0.295478438649103
5190,0.5583,4,12,4,460201,145409,46970,60986,1.3469283782281671,0.29548196419486905
5191,0.5584,8,51,8,460252,145358,46978,60978,1.3464559635407019,0.2955276830024814
5192,0.5585,164,735,164,460987,144623,47142,60814,1.3396476342213495,0.2960226249409795
5193,0.5586,10,43,10,461030,144580,47152,60804,1.3392493237985845,0.2960503252444202
5194,0.5587,4,13,4,461043,144567,47156,60800,1.3391289043684464,0.2960553545603724
5195,0.5588,9,44,9,461087,144523,47165,60791,1.338721330912594,0.29608794334531496
5196,0.5589,19,85,19,461172,144438,47184,60772,1.3379339731001518,0.29614541201695826
5197,0.559,2,15,2,461187,144423,47186,60770,1.3377950276038386,0.2961602003966997
5198,0.5591,3,17,3,461204,144406,47189,60767,1.3376375560413503,0.29617444790493874
5199,0.5592,76,332,76,461536,144074,47265,60691,1.3345622290562822,0.2963934266109931
5200,0.5593,1,23,1,461559,144051,47266,60690,1.3343491792952684,0.29642328600524565
5201,0.5594,38,131,38,461690,143920,47304,60652,1.3331357219607989,0.2964824120603015
5202,0.5595,5,15,5,461705,143905,47309,60647,1.3329967764644854,0.29648695686182486
5203,0.5596,12,49,12,461754,143856,47321,60635,1.3325428878431953,0.29651671711713473
5204,0.5597,9,35,9,461789,143821,47330,60626,1.332218681685131,0.29653651068492076
5205,0.5598,2,22,2,461811,143799,47332,60624,1.3320148949572048,0.296561541509517
5206,0.5599,10,25,10,461836,143774,47342,60614,1.331783319130016,0.2965633990253831
5207,0.56,464,1986,464,463822,141788,47806,60150,1.3133869354181333,0.29786370073983104
5208,0.5601,3,13,3,463835,141775,47809,60147,1.313266515987995,0.2978724457959014
5209,0.5602,5,18,5,463853,141757,47814,60142,1.3130997813924192,0.2978816140743639
5210,0.5603,7,13,7,463866,141744,47821,60135,1.312979361962281,0.2978764507452484
5211,0.5604,2,13,2,463879,141731,47823,60133,1.3128589425321426,0.29788867752546266
5212,0.5605,1,19,1,463898,141712,47824,60132,1.3126829449034791,0.29791323992786506
5213,0.5606,1,22,1,463920,141690,47825,60131,1.312479158175553,0.29794223594175034
5214,0.5607,7,33,7,463953,141657,47832,60124,1.3121734780836638,0.2979666073614463
5215,0.5608,5,19,5,463972,141638,47837,60119,1.311997480455,0.2979772696858102
5216,0.5609,9,34,9,464006,141604,47846,60110,1.3116825373300234,0.2979961727991116
5217,0.561,4,20,4,464026,141584,47850,60106,1.3114972766682722,0.29801180028757
5218,0.5611,3,16,3,464042,141568,47853,60103,1.3113490681388713,0.2980250011156785
5219,0.5612,3,36,3,464078,141532,47856,60100,1.3110155989477195,0.29806776702110777
5220,0.5613,10,27,10,464105,141505,47866,60090,1.3107654970543554,0.29807286887075574
5221,0.5614,6,29,6,464134,141476,47872,60084,1.3104968690948164,0.29809486009128794
5222,0.5615,3,9,3,464143,141467,47875,60081,1.3104135017970284,0.2980977236191875
5223,0.5616,7,34,7,464177,141433,47882,60074,1.3100985586720515,0.29812363838477074
5224,0.5617,5,40,5,464217,141393,47887,60069,1.3097280373485494,0.29816541084671055
5225,0.5618,7,27,7,464244,141366,47894,60062,1.3094779354551855,0.298180987747483
5226,0.5619,4,23,4,464267,141343,47898,60058,1.3092648856941718,0.2982011012854951
5227,0.562,10,38,10,464305,141305,47908,60048,1.3089128904368446,0.29822252462093934
5228,0.5621,1,18,1,464323,141287,47909,60047,1.3087461558412687,0.29824570117317495
5229,0.5622,8,27,8,464350,141260,47917,60039,1.3084960539479047,0.2982578154884028
5230,0.5623,5,15,5,464365,141245,47922,60034,1.3083571084515915,0.2982626106051799
5231,0.5624,7,55,7,464420,141190,47929,60027,1.307847641631776,0.29831972447656013
5232,0.5625,1,24,1,464444,141166,47930,60026,1.3076253288376747,0.2983518231341206
5233,0.5626,3,12,3,464456,141154,47933,60023,1.307514172440624,0.2983591563647932
5234,0.5627,10,32,10,464488,141122,47943,60013,1.3072177553818223,0.29837174037338104
5235,0.5628,10,47,10,464535,141075,47953,60003,1.3067823928267073,0.2984065884880494
5236,0.5629,4,23,4,464558,141052,47957,59999,1.3065693430656935,0.2984267673376407
5237,0.563,6,25,6,464583,141027,47963,59993,1.3063377672385046,0.2984429410008954
5238,0.5631,7,30,7,464613,140997,47970,59986,1.306059876245878,0.2984630540891518
5239,0.5632,11,72,11,464685,140925,47981,59975,1.305392937863574,0.2985316077650572
5240,0.5633,6,24,6,464709,140901,47987,59969,1.3051706250694728,0.2985463234928063
5241,0.5634,6,31,6,464740,140870,47993,59963,1.3048834710437585,0.29857144991112017
5242,0.5635,21,81,21,464821,140789,48014,59942,1.3041331653636667,0.2986185492026643
5243,0.5636,9,23,9,464844,140766,48023,59933,1.303920115602653,0.2986213184918709
5244,0.5637,3,29,3,464873,140737,48026,59930,1.3036514876431138,0.29865398894686224
5245,0.5638,9,34,9,464907,140703,48035,59921,1.303336544518137,0.2986731398038121
5246,0.5639,13,81,13,464988,140622,48048,59908,1.3025862388380451,0.2987483169600558
5247,0.564,6,18,6,465006,140604,48054,59902,1.302419504242469,0.2987541519954515
5248,0.5641,2,21,2,465027,140583,48056,59900,1.3022249805476305,0.2987784500431458
5249,0.5642,11,60,11,465087,140523,48067,59889,1.3016691985623772,0.29882941141249025
5250,0.5643,24,109,24,465196,140414,48091,59865,1.300659527955834,0.29890802330748606
5251,0.5644,5,35,5,465231,140379,48096,59860,1.3003353217977696,0.2989427633977397
5252,0.5645,9,19,9,465250,140360,48105,59851,1.3001593241691058,0.2989396187022691
5253,0.5646,16,36,16,465286,140324,48121,59835,1.299825854977954,0.29893734481087536
5254,0.5647,14,52,14,465338,140272,48135,59821,1.2993441772574013,0.29896598081891923
5255,0.5648,7,29,7,465367,140243,48142,59814,1.299075549297862,0.2989847893350395
5256,0.5649,6,43,6,465410,140200,48148,59808,1.2986772388750973,0.29902803887844487
5257,0.565,27,147,27,465557,140053,48175,59781,1.2973155730112267,0.2991532972367065
5258,0.5651,4,27,4,465584,140026,48179,59777,1.2970654711178629,0.29917969199661665
5259,0.5652,3,18,3,465602,140008,48182,59774,1.2968987365222868,0.29919612377491467
5260,0.5653,15,77,15,465679,139931,48197,59759,1.2961854829745452,0.29925885121939005
5261,0.5654,3,22,3,465701,139909,48200,59756,1.295981696246619,0.29928129617108656
5262,0.5655,9,71,9,465772,139838,48209,59747,1.2953240208974026,0.2993561640403838
5263,0.5656,9,34,9,465806,139804,48218,59738,1.295009077772426,0.2993755700554269
5264,0.5657,11,70,11,465876,139734,48229,59727,1.294360665456297,0.2994419961797043
5265,0.5658,15,44,15,465920,139690,48244,59712,1.2939530920004447,0.2994553715609673
5266,0.5659,34,169,34,466089,139521,48278,59678,1.292387639408648,0.2995898573788021
5267,0.566,11,46,11,466135,139475,48289,59667,1.2919615398866204,0.2996203713932772
5268,0.5661,4,13,4,466148,139462,48293,59663,1.2918411204564824,0.29962586315128686
5269,0.5662,16,75,16,466223,139387,48309,59647,1.2911463929749156,0.29968246631228834
5270,0.5663,5,43,5,466266,139344,48314,59642,1.290748082552151,0.2997296292201461
5271,0.5664,15,64,15,466330,139280,48329,59627,1.2901552484345473,0.29977326087065814
5272,0.5665,19,127,19,466457,139153,48348,59608,1.288978843232428,0.29989786728784823
5273,0.5666,20,95,20,466552,139058,48368,59588,1.2880988550891104,0.2999708023317862
5274,0.5667,4,25,4,466577,139033,48372,59584,1.2878672792619215,0.29999446170267396
5275,0.5668,5,20,5,466597,139013,48377,59579,1.2876820186001705,0.3000070496293909
5276,0.5669,13,48,13,466645,138965,48390,59566,1.2872373930119678,0.3000337478781651
5277,0.567,59,197,59,466842,138768,48449,59507,1.2854125754937196,0.3001235657546337
5278,0.5671,13,36,13,466878,138732,48462,59494,1.2850791063025677,0.30013217236891226
5279,0.5672,5,21,5,466899,138711,48467,59489,1.284884582607729,0.300146316851665
5280,0.5673,9,34,9,466933,138677,48476,59480,1.2845696394827522,0.30016602996613795
5281,0.5674,73,343,73,467276,138334,48549,59407,1.2813924191337212,0.30042833807859776
5282,0.5675,8,16,8,467292,138318,48557,59399,1.2812442106043203,0.3004243438854524
5283,0.5676,4,21,4,467313,138297,48561,59395,1.2810496869094816,0.3004421018554114
5284,0.5677,45,168,45,467481,138129,48606,59350,1.2794934973507726,0.30053828508347724
5285,0.5678,4,21,4,467502,138108,48610,59346,1.279298973655934,0.30055607888419583
5286,0.5679,32,130,32,467632,137978,48642,59314,1.2780947793545518,0.30064067473592443
5287,0.568,5,6,5,467638,137972,48647,59309,1.2780392011560264,0.30063209330852947
5288,0.5681,18,67,18,467705,137905,48665,59291,1.2774185779391605,0.3006703989938944
5289,0.5682,2,14,2,467719,137891,48667,59289,1.2772888954759347,0.3006846536159854
5290,0.5683,2,12,2,467731,137879,48669,59287,1.277177739078884,0.3006958603410324
5291,0.5684,7,55,7,467786,137824,48676,59280,1.2766682722590685,0.30075493140677
5292,0.5685,186,715,186,468501,137109,48862,59094,1.2700452036014673,0.30118805522851333
5293,0.5686,9,55,9,468556,137054,48871,59085,1.2695357367816518,0.30124044682597545
5294,0.5687,2,12,2,468568,137042,48873,59083,1.2694245803846012,0.30125175270873167
5295,0.5688,12,26,12,468594,137016,48885,59071,1.2691837415243248,0.3012489354215221
5296,0.5689,17,86,17,468680,136930,48902,59054,1.268387120678795,0.3013205159604866
5297,0.569,5,41,5,468721,136889,48907,59049,1.2680073363222053,0.30136573814165707
5298,0.5691,4,24,4,468745,136865,48911,59045,1.267785023528104,0.30138839262926853
5299,0.5692,69,312,69,469057,136553,48980,58976,1.2648949572047872,0.30162277718394714
5300,0.5693,6,26,6,469083,136527,48986,58970,1.2646541183445108,0.30164145741366877
5301,0.5694,20,168,20,469251,136359,49006,58950,1.2630979287858015,0.3018294087830054
5302,0.5695,5,9,5,469260,136350,49011,58945,1.2630145614880137,0.30182544355974295
5303,0.5696,14,55,14,469315,136295,49025,58931,1.2625050946681982,0.3018604079374673
5304,0.5697,7,41,7,469356,136254,49032,58924,1.2621253103116084,0.30189877957556693
5305,0.5698,4,25,4,469381,136229,49036,58920,1.2618937344844197,0.30192314590389907
5306,0.5699,4,18,4,469399,136211,49040,58916,1.2617269998888436,0.30193668738821383
5307,0.57,480,1861,480,471260,134350,49520,58436,1.2444884953129052,0.3031132966086749
5308,0.5701,5,13,5,471273,134337,49525,58431,1.244368075882767,0.3031156623505976
5309,0.5702,4,21,4,471294,134316,49529,58427,1.2441735521879285,0.3031342253674582
5310,0.5703,6,19,6,471313,134297,49535,58421,1.243997554559265,0.303142415342625
5311,0.5704,2,11,2,471324,134286,49537,58419,1.2438956611953018,0.30315248696193664
5312,0.5705,1,21,1,471345,134265,49538,58418,1.2437011375004632,0.30318191018408475
5313,0.5706,2,24,2,471369,134241,49540,58416,1.243478824706362,0.3032124449150563
5314,0.5707,5,14,5,471383,134227,49545,58411,1.2433491422431362,0.3032163955190565
5315,0.5708,6,11,6,471394,134216,49551,58405,1.243247248879173,0.30321200699819856
5316,0.5709,13,31,13,471425,134185,49564,58392,1.2429600948534587,0.30321377942329564
5317,0.571,6,17,6,471442,134168,49570,58386,1.2428026232909704,0.3032188373131693
5318,0.5711,3,19,3,471461,134149,49573,58383,1.2426266256623069,0.3032379033095797
5319,0.5712,5,33,5,471494,134116,49578,58378,1.2423209455704176,0.30327179028956747
5320,0.5713,3,31,3,471525,134085,49581,58375,1.2420337915447035,0.303309778655305
5321,0.5714,9,15,9,471540,134070,49590,58366,1.24189484604839,0.30330083768109917
5322,0.5715,3,16,3,471556,134054,49593,58363,1.2417466375189892,0.30331519564279663
5323,0.5716,7,32,7,471588,134022,49600,58356,1.2414502204601874,0.30334029878676355
5324,0.5717,10,34,10,471622,133988,49610,58346,1.2411352773352107,0.3033577006665488
5325,0.5718,7,24,7,471646,133964,49617,58339,1.2409129645411094,0.3033702022329345
5326,0.5719,1,22,1,471668,133942,49618,58338,1.2407091778131831,0.30340128978572917
5327,0.572,6,40,6,471708,133902,49624,58332,1.240338656489681,0.3034426792346827
5328,0.5721,9,27,9,471735,133875,49633,58323,1.240088554596317,0.30345268941404174
5329,0.5722,7,23,7,471758,133852,49640,58316,1.2398755048353032,0.3034636359851796
5330,0.5723,1,21,1,471779,133831,49641,58315,1.2396809811404645,0.3034931770632748
5331,0.5724,16,48,16,471827,133783,49657,58299,1.239236355552262,0.30351100051019875
5332,0.5725,6,23,6,471850,133760,49663,58293,1.2390233057912483,0.30352558929045625
5333,0.5726,2,15,2,471865,133745,49665,58291,1.2388843602949349,0.3035420442000458
5334,0.5727,13,52,13,471917,133693,49678,58278,1.2384026825743821,0.30357710279156747
5335,0.5728,10,40,10,471957,133653,49688,58268,1.23803216125088,0.30360408709833736
5336,0.5729,7,38,7,471995,133615,49695,58261,1.237680165993553,0.3036388083970898
5337,0.573,5,19,5,472014,133596,49700,58256,1.2375041683648893,0.30365073077163646
5338,0.5731,10,44,10,472058,133552,49710,58246,1.2370965949090371,0.3036840842970208
5339,0.5732,13,60,13,472118,133492,49723,58233,1.2365408129237838,0.3037319076802712
5340,0.5733,1,24,1,472142,133468,49724,58232,1.2363185001296824,0.3037663015127804
5341,0.5734,6,23,6,472165,133445,49730,58226,1.2361054503686688,0.3037809579957323
5342,0.5735,10,61,10,472226,133384,49740,58216,1.2355404053503278,0.3038413361169102
5343,0.5736,7,18,7,472244,133366,49747,58209,1.235373670754752,0.3038444473443821
5344,0.5737,4,23,4,472267,133343,49751,58205,1.2351606209937382,0.3038663938020757
5345,0.5738,15,47,15,472314,133296,49766,58190,1.2347252584386232,0.30388644600649656
5346,0.5739,16,79,16,472393,133217,49782,58174,1.2339934788247064,0.3039536864324864
5347,0.574,2,20,2,472413,133197,49784,58172,1.2338082181629553,0.30397817828383905
5348,0.5741,2,13,2,472426,133184,49786,58170,1.233687798732817,0.3039915549191551
5349,0.5742,12,51,12,472477,133133,49798,58158,1.233215384045352,0.3040289402010549
5350,0.5743,28,108,28,472585,133025,49826,58130,1.232214976471896,0.3040987680154848
5351,0.5744,5,36,5,472621,132989,49831,58125,1.231881507280744,0.30413784442793307
5352,0.5745,5,25,5,472646,132964,49836,58120,1.2316499314535552,0.3041594272675891
5353,0.5746,13,35,13,472681,132929,49849,58107,1.2313257252954908,0.30416780083335077
5354,0.5747,16,65,16,472746,132864,49865,58091,1.2307236281447997,0.30421303448456444
5355,0.5748,9,33,9,472779,132831,49874,58082,1.2304179480529105,0.3042328180899153
5356,0.5749,2,45,2,472824,132786,49876,58080,1.2300011115639704,0.30429725566627897
5357,0.575,38,121,38,472945,132665,49914,58042,1.2288802845603763,0.3043517018253132
5358,0.5751,8,17,8,472962,132648,49922,58034,1.228722812997888,0.3043496502029557
5359,0.5752,3,20,3,472982,132628,49925,58031,1.228537552336137,0.3043706302875815
5360,0.5753,17,76,17,473058,132552,49942,58014,1.2278335618214828,0.30442996127325966
5361,0.5754,2,23,2,473081,132529,49944,58012,1.227620512060469,0.3044594076865347
5362,0.5755,13,49,13,473130,132480,49957,57999,1.227166623439179,0.3044902587686832
5363,0.5756,5,26,5,473156,132454,49962,57994,1.2269257845789026,0.30451356800806517
5364,0.5757,10,41,10,473197,132413,49972,57984,1.2265460002223127,0.30454261359160073
5365,0.5758,16,41,16,473238,132372,49988,57968,1.2261662158657232,0.3045497530734475
5366,0.5759,36,161,36,473399,132211,50024,57932,1.2246748675386268,0.3046759544132574
5367,0.576,9,31,9,473430,132180,50033,57923,1.2243877135129126,0.30469271921011243
5368,0.5761,6,19,6,473449,132161,50039,57917,1.2242117158842492,0.3047012279169604
5369,0.5762,24,80,24,473529,132081,50063,57893,1.223470673237245,0.30474170149599417
5370,0.5763,10,46,10,473575,132035,50073,57883,1.2230445737152174,0.30477890457987133
5371,0.5764,26,58,26,473633,131977,50099,57857,1.2225073177961392,0.30477680499805093
5372,0.5765,29,113,29,473746,131864,50128,57828,1.2214605950572455,0.30485207599687913
5373,0.5766,28,101,28,473847,131763,50156,57800,1.2205250287154026,0.3049118235098622
5374,0.5767,3,16,3,473863,131747,50159,57797,1.2203768201860017,0.3049265605875153
5375,0.5768,12,47,12,473910,131700,50171,57785,1.2199414576308867,0.30495817610892684
5376,0.5769,15,62,15,473972,131638,50186,57770,1.2193671495794582,0.30500295658050347
5377,0.577,31,201,31,474173,131437,50217,57739,1.21750527992886,0.3052131348585444
5378,0.5771,13,43,13,474216,131394,50230,57726,1.217106969506095,0.30523477157360407
5379,0.5772,5,17,5,474233,131377,50235,57721,1.2169494979436066,0.30524384181747033
5380,0.5773,10,21,10,474254,131356,50245,57711,1.216754974248768,0.30524099922249787
5381,0.5774,81,334,81,474588,131022,50326,57630,1.213661121197525,0.30548311176133836
5382,0.5775,11,29,11,474617,130993,50337,57619,1.2133924932379858,0.30548957648505926
5383,0.5776,6,17,6,474634,130976,50343,57613,1.2132350216754975,0.30549501826723724
5384,0.5777,40,169,40,474803,130807,50383,57573,1.2116695690837007,0.30562161588279013
5385,0.5778,3,17,3,474820,130790,50386,57570,1.2115120975212124,0.30563813973242726
5386,0.5779,23,103,23,474923,130687,50409,57547,1.2105580051131943,0.3057205393287079
5387,0.578,5,21,5,474944,130666,50414,57542,1.2103634814183557,0.30573620674997876
5388,0.5781,12,63,12,475007,130603,50426,57530,1.2097799103338398,0.3057943050926738
5389,0.5782,5,21,5,475028,130582,50431,57525,1.2095853866390012,0.30580999112207413
5390,0.5783,4,16,4,475044,130566,50435,57521,1.2094371781096003,0.30582124229744745
5391,0.5784,8,56,8,475100,130510,50443,57513,1.2089184482566973,0.3058827909351515
5392,0.5785,155,598,155,475698,129912,50598,57358,1.2033791544703398,0.3062850429860629
5393,0.5786,12,34,12,475732,129878,50610,57346,1.203064211345363,0.3062962013417083
5394,0.5787,2,12,2,475744,129866,50612,57344,1.2029530549483123,0.3063084236953154
5395,0.5788,2,29,2,475773,129837,50614,57342,1.2026844269887733,0.3063484685782059
5396,0.5789,14,86,14,475859,129751,50628,57328,1.2018878061432436,0.3064373874138733
5397,0.579,6,16,6,475875,129735,50634,57322,1.2017395976138427,0.3064413521012312
5398,0.5791,5,15,5,475890,129720,50639,57317,1.2016006521175293,0.30644738741532423
5399,0.5792,78,271,78,476161,129449,50717,57239,1.1990903701508022,0.3066024597188893
5400,0.5793,5,20,5,476181,129429,50722,57234,1.198905109489051,0.306616737114479
5401,0.5794,32,111,32,476292,129318,50754,57202,1.1978769128163327,0.30668024876688826
5402,0.5795,4,16,4,476308,129302,50758,57198,1.1977287042869318,0.3066916890080429
5403,0.5796,13,54,13,476362,129248,50771,57185,1.1972285005002037,0.3067321772432992
5404,0.5797,8,29,8,476391,129219,50779,57177,1.1969598725406647,0.3067501448528938
5405,0.5798,3,25,3,476416,129194,50782,57174,1.1967282967134758,0.30678013392857145
5406,0.5799,1,12,1,476428,129182,50783,57173,1.1966171403164252,0.30679616860293524
5407,0.58,456,1727,456,478155,127455,51239,56717,1.180619882174219,0.30795669265686426
5408,0.5801,4,10,4,478165,127445,51243,56713,1.1805272518433436,0.3079583835619414
5409,0.5802,7,19,7,478184,127426,51250,56706,1.1803512542146801,0.3079638520192036
5410,0.5803,4,20,4,478204,127406,51254,56702,1.180165993552929,0.30798227127555566
5411,0.5804,2,13,2,478217,127393,51256,56700,1.1800455741227909,0.30799650176812804
5412,0.5805,2,34,2,478251,127359,51258,56698,1.179730630997814,0.3080458770924225
5413,0.5806,5,23,5,478274,127336,51263,56693,1.1795175812368002,0.30806557662107603
5414,0.5807,2,11,2,478285,127325,51265,56691,1.179415687872837,0.30807647161116425
5415,0.5808,3,11,3,478296,127314,51268,56688,1.179313794508874,0.3080836077868719
5416,0.5809,6,36,6,478332,127278,51274,56682,1.178980325317722,0.30812133072407044
5417,0.581,2,8,2,478340,127270,51276,56680,1.1789062210530217,0.30812720848056535
5418,0.5811,4,10,4,478350,127260,51280,56676,1.178813590722146,0.30812891440501045
5419,0.5812,3,17,3,478367,127243,51283,56673,1.1786561191596576,0.3081461101807347
5420,0.5813,7,32,7,478399,127211,51290,56666,1.1783597021008558,0.30817339852183795
5421,0.5814,5,30,5,478429,127181,51295,56661,1.1780818111082292,0.3082048715745042
5422,0.5815,3,19,3,478448,127162,51298,56658,1.1779058134795657,0.30822543792840823
5423,0.5816,5,28,5,478476,127134,51303,56653,1.1776464485531142,0.30825357615065263
5424,0.5817,2,32,2,478508,127102,51305,56651,1.1773500314943124,0.3082997284398078
5425,0.5818,4,24,4,478532,127078,51309,56647,1.1771277187002112,0.3083249421690026
5426,0.5819,3,20,3,478552,127058,51312,56644,1.1769424580384602,0.30834721451045716
5427,0.582,6,28,6,478580,127030,51318,56638,1.1766830931120087,0.30837162706622817
5428,0.5821,6,22,6,478602,127008,51324,56632,1.1764793063840824,0.3083859725549989
5429,0.5822,4,21,4,478623,126987,51328,56628,1.1762847826892437,0.3084061759660158
5430,0.5823,2,18,2,478641,126969,51330,56626,1.1761180480936677,0.3084288787821019
5431,0.5824,12,48,12,478689,126921,51342,56614,1.1756734225054652,0.3084643256054703
5432,0.5825,4,18,4,478707,126903,51346,56610,1.1755066879098892,0.3084795082637197
5433,0.5826,3,12,3,478719,126891,51349,56607,1.1753955315128386,0.30848837589510514
5434,0.5827,9,29,9,478748,126862,51358,56598,1.1751269035532994,0.3085032159598823
5435,0.5828,12,49,12,478797,126813,51370,56586,1.1746730149320093,0.3085403955310552
5436,0.5829,4,18,4,478815,126795,51374,56582,1.1745062803364335,0.308555598575612
5437,0.583,9,27,9,478842,126768,51383,56573,1.1742561784430694,0.30856709628506446
5438,0.5831,8,23,8,478865,126745,51391,56565,1.1740431286820556,0.3085756368992417
5439,0.5832,9,39,9,478904,126706,51400,56556,1.173681870391641,0.3086073490412633
5440,0.5833,3,9,3,478913,126697,51403,56553,1.173598503093853,0.30861118690313777
5441,0.5834,5,24,5,478937,126673,51408,56548,1.1733761902997517,0.30863274406318053
5442,0.5835,25,62,25,478999,126611,51433,56523,1.1728018822483235,0.30864285168237465
5443,0.5836,1,25,1,479024,126586,51434,56522,1.1725703064211346,0.3086812154575442
5444,0.5837,5,34,5,479058,126552,51439,56517,1.1722553632961576,0.30871966307785587
5445,0.5838,10,31,10,479089,126521,51449,56507,1.1719682092704435,0.30873418274799486
5446,0.5839,14,78,14,479167,126443,51463,56493,1.1712456926896142,0.3088129181790353
5447,0.584,3,19,3,479186,126424,51466,56490,1.1710696950609507,0.30883365953398867
5448,0.5841,3,17,3,479203,126407,51469,56487,1.1709122234984624,0.30885102846457513
5449,0.5842,11,45,11,479248,126362,51480,56476,1.1704953870095225,0.3088854614467452
5450,0.5843,17,82,17,479330,126280,51497,56459,1.1697358182963429,0.30895977322848434
5451,0.5844,6,33,6,479363,126247,51503,56453,1.1694301382044536,0.3089928845101259
5452,0.5845,3,43,3,479406,126204,51506,56450,1.169031827781689,0.309054277486395
5453,0.5846,12,57,12,479463,126147,51518,56438,1.1685038348956982,0.3091053481939918
5454,0.5847,11,56,11,479519,126091,51529,56427,1.1679851050427952,0.3091585487458771
5455,0.5848,4,25,4,479544,126066,51533,56423,1.1677535292156063,0.3091857591416469
5456,0.5849,9,46,9,479590,126020,51542,56414,1.167327429693579,0.309229639211989
5457,0.585,31,119,31,479709,125901,51573,56383,1.16622512875616,0.30931403743608876
5458,0.5851,3,23,3,479732,125878,51576,56380,1.1660120789951463,0.30934170242184156
5459,0.5852,5,24,5,479756,125854,51581,56375,1.1657897662010448,0.3093634931871436
5460,0.5853,20,63,20,479819,125791,51601,56355,1.165206195116529,0.3093946614254499
5461,0.5854,8,17,8,479836,125774,51609,56347,1.1650487235540405,0.3093932056160465
5462,0.5855,17,65,17,479901,125709,51626,56330,1.1644466264033495,0.30943918610847126
5463,0.5856,8,25,8,479926,125684,51634,56322,1.1642150505761606,0.3094513367691175
5464,0.5857,13,50,13,479976,125634,51647,56309,1.163751898921783,0.3094870371489972
5465,0.5858,14,44,14,480020,125590,51661,56295,1.1633443254659306,0.30950875553234186
5466,0.5859,41,149,41,480169,125441,51702,56254,1.161964133535885,0.3096067585789372
5467,0.586,14,37,14,480206,125404,51716,56240,1.1616214013116455,0.309616612714981
5468,0.5861,2,21,2,480227,125383,51718,56238,1.1614268776168069,0.309644809796224
5469,0.5862,13,76,13,480303,125307,51731,56225,1.1607228871021527,0.3097250071612718
5470,0.5863,4,29,4,480332,125278,51735,56221,1.1604542591426137,0.30975928242028883
5471,0.5864,19,57,19,480389,125221,51754,56202,1.159926266256623,0.3097843162112852
5472,0.5865,26,108,26,480497,125113,51780,56176,1.1589258586831672,0.3098698762748981
5473,0.5866,23,54,23,480551,125059,51803,56153,1.1584256548964393,0.3098746219897137
5474,0.5867,5,16,5,480567,125043,51808,56148,1.1582774463670384,0.30988294120568904
5475,0.5868,4,36,4,480603,125007,51812,56144,1.1579439771758864,0.30992928551319066
5476,0.5869,14,48,14,480651,124959,51826,56130,1.157499351587684,0.3099580869075427
5477,0.587,47,181,47,480832,124778,51873,56083,1.1558227425988365,0.31008896334754316
5478,0.5871,6,44,6,480876,124734,51879,56077,1.1554151691429841,0.31014152899989494
5479,0.5872,7,22,7,480898,124712,51886,56070,1.155211382415058,0.31015255943622705
5480,0.5873,4,23,4,480921,124689,51890,56066,1.1549983326540443,0.31017675859588945
5481,0.5874,87,285,87,481206,124404,51977,55979,1.1523583682240912,0.3103341223951259
5482,0.5875,1,10,1,481216,124394,51978,55978,1.1522657378932157,0.31034750404719136
5483,0.5876,5,12,5,481228,124382,51983,55973,1.1521545814961651,0.31034903384990714
5484,0.5877,29,151,29,481379,124231,52012,55944,1.1507558634999444,0.3104981268211461
5485,0.5878,6,27,6,481406,124204,52018,55938,1.1505057616065804,0.31052169954813424
5486,0.5879,37,129,37,481535,124075,52055,55901,1.149310830338286,0.3106025247810819
5487,0.588,3,27,3,481562,124048,52058,55898,1.149060728444922,0.310637635735165
5488,0.5881,20,49,20,481611,123999,52078,55878,1.1486068398236318,0.31064560783201856
5489,0.5882,2,22,2,481633,123977,52080,55876,1.1484030530957057,0.3106759409072965
5490,0.5883,9,13,9,481646,123964,52089,55867,1.1482826336655674,0.3106639011071506
5491,0.5884,9,58,9,481704,123906,52098,55858,1.1477453777464892,0.31072962328386106
5492,0.5885,173,616,173,482320,123290,52271,55685,1.142039349364556,0.3111328397820925
5493,0.5886,11,30,11,482350,123260,52282,55674,1.1417614583719293,0.3111426559513564
5494,0.5887,1,18,1,482368,123242,52283,55673,1.1415947237763533,0.31117010871084033
5495,0.5888,7,34,7,482402,123208,52290,55666,1.1412797806513766,0.31120229882487116
5496,0.5889,22,67,22,482469,123141,52312,55644,1.1406591574345104,0.31123416393992787
5497,0.589,4,17,4,482486,123124,52316,55640,1.1405016858720218,0.3112483497795977
5498,0.5891,3,19,3,482505,123105,52319,55637,1.1403256882433583,0.3112698750153853
5499,0.5892,91,268,91,482773,122837,52410,55546,1.1378431953758938,0.3113861746915345
5500,0.5893,3,24,3,482797,122813,52413,55543,1.1376208825817926,0.31141649285698264
5501,0.5894,28,107,28,482904,122706,52441,55515,1.1366297380414243,0.31149527833420304
5502,0.5895,1,13,1,482917,122693,52442,55514,1.136509318611286,0.3115141380529384
5503,0.5896,17,42,17,482959,122651,52459,55497,1.1361202712216087,0.31152188068347664
5504,0.5897,3,26,3,482985,122625,52462,55494,1.1358794323613324,0.3115557576676267
5505,0.5898,3,23,3,483008,122602,52465,55491,1.1356663826003186,0.3115843969162179
5506,0.5899,3,18,3,483026,122584,52468,55488,1.1354996480047426,0.3116042948919538
5507,0.59,477,1744,477,484770,120840,52945,55011,1.1193449183000481,0.3128273367794326
5508,0.5901,0,12,0,484782,120828,52945,55011,1.1192337619029975,0.3128486854452084
5509,0.5902,6,20,6,484802,120808,52951,55005,1.1190485012412463,0.31286082371610746
5510,0.5903,4,7,4,484809,120801,52955,55001,1.1189836600096335,0.31285764667068633
5511,0.5904,2,13,2,484822,120788,52957,54999,1.1188632405794954,0.3128729655776593
5512,0.5905,7,28,7,484850,120760,52964,54992,1.1186038756530439,0.3128954435795894
5513,0.5906,5,10,5,484860,120750,52969,54987,1.1185112453221684,0.31289369910718856
5514,0.5907,2,15,2,484875,120735,52971,54985,1.118372299825855,0.31291258820851353
5515,0.5908,1,12,1,484887,120723,52972,54984,1.1182611434288043,0.31293004831907667
5516,0.5909,8,39,8,484926,120684,52980,54976,1.1178998851383897,0.3129682340885802
5517,0.591,5,20,5,484946,120664,52985,54971,1.1177146244766387,0.3129843140604094
5518,0.5911,3,17,3,484963,120647,52988,54968,1.1175571529141501,0.3130028756085756
5519,0.5912,4,24,4,484987,120623,52992,54964,1.117334840120049,0.3130300079163036
5520,0.5913,5,32,5,485019,120591,52997,54959,1.1170384230612471,0.31306750213614354
5521,0.5914,2,18,2,485037,120573,52999,54957,1.1168716884656713,0.31309177918304565
5522,0.5915,3,16,3,485053,120557,53002,54954,1.1167234799362704,0.3131085800889973
5523,0.5916,3,39,3,485092,120518,53005,54951,1.1163622216458557,0.3131664282579829
5524,0.5917,13,30,13,485122,120488,53018,54938,1.116084330653229,0.3131690855403418
5525,0.5918,6,20,6,485142,120468,53024,54932,1.115899069991478,0.31318129988597493
5526,0.5919,2,16,2,485158,120452,53026,54930,1.1157508614620772,0.3132020389777742
5527,0.592,10,34,10,485192,120418,53036,54920,1.1154359183371003,0.31322360241362396
5528,0.5921,7,21,7,485213,120397,53043,54913,1.1152413946422617,0.3132337003023216
5529,0.5922,1,16,1,485229,120381,53044,54912,1.1150931861128608,0.31325837312385546
5530,0.5923,4,28,4,485257,120353,53048,54908,1.1148338211864093,0.31329274624702586
5531,0.5924,12,41,12,485298,120312,53060,54896,1.1144540368298195,0.31331902652846905
5532,0.5925,4,14,4,485312,120298,53064,54892,1.1143243543665937,0.3133283863234203
5533,0.5926,3,27,3,485339,120271,53067,54889,1.1140742524732299,0.31336492349851564
5534,0.5927,6,40,6,485379,120231,53073,54883,1.1137037311497278,0.3134129766894709
5535,0.5928,14,34,14,485413,120197,53087,54869,1.1133887880247508,0.3134189391429518
5536,0.5929,5,20,5,485433,120177,53092,54864,1.1132035273629997,0.31343513805337037
5537,0.593,7,17,7,485450,120160,53099,54857,1.1130460558005113,0.3134381231537508
5538,0.5931,8,27,8,485477,120133,53107,54849,1.1127959539071473,0.31345509823867596
5539,0.5932,9,34,9,485511,120099,53116,54840,1.1124810107821705,0.3134806989865039
5540,0.5933,2,21,2,485532,120078,53118,54838,1.112286487087332,0.31351048503281576
5541,0.5934,8,26,8,485558,120052,53126,54830,1.1120456482270555,0.31352569160919935
5542,0.5935,19,67,19,485625,119985,53145,54811,1.1114250250101894,0.31357124876999476
5543,0.5936,6,17,6,485642,119968,53151,54805,1.111267553447701,0.3135781842733145
5544,0.5937,6,34,6,485676,119934,53157,54799,1.110952610322724,0.313615630705133
5545,0.5938,7,29,7,485705,119905,53164,54792,1.110683982363185,0.3136401884405571
5546,0.5939,23,70,23,485775,119835,53187,54769,1.110035570047056,0.31367551717028247
5547,0.594,6,21,6,485796,119814,53193,54763,1.1098410463522175,0.3136896612955888
5548,0.5941,1,12,1,485808,119802,53194,54762,1.1097298899551669,0.313707293600055
5549,0.5942,6,47,6,485855,119755,53200,54756,1.1092945274000519,0.3137681865326541
5550,0.5943,18,81,18,485936,119674,53218,54738,1.10854422171996,0.31384308419145474
5551,0.5944,7,32,7,485968,119642,53225,54731,1.1082478046611584,0.31387313402877737
5552,0.5945,3,20,3,485988,119622,53228,54728,1.1080625439994072,0.31389733295096073
5553,0.5946,6,49,6,486037,119573,53234,54722,1.107608655378117,0.3139619610430592
5554,0.5947,10,61,10,486098,119512,53244,54712,1.1070436103597763,0.31403250987234826
5555,0.5948,5,31,5,486129,119481,53249,54707,1.106756456334062,0.3140687073736423
5556,0.5949,7,34,7,486163,119447,53256,54700,1.1064415132090852,0.3141024536741948
5557,0.595,28,117,28,486280,119330,53284,54672,1.1053577383378412,0.3142032850197124
5558,0.5951,6,28,6,486308,119302,53290,54666,1.1050983734113897,0.31423020325577117
5559,0.5952,4,12,4,486320,119290,53294,54662,1.104987217014339,0.3142361111111111
5560,0.5953,20,64,20,486384,119226,53314,54642,1.1043943828967357,0.31427289668024017
5561,0.5954,8,24,8,486408,119202,53322,54634,1.1041720701026345,0.3142847281345636
5562,0.5955,17,59,17,486467,119143,53339,54617,1.1036255511504687,0.31432435543278087
5563,0.5956,7,38,7,486505,119105,53346,54610,1.1032735558931417,0.3143654836945572
5564,0.5957,8,49,8,486554,119056,53354,54602,1.1028196672718515,0.3144226007439911
5565,0.5958,12,34,12,486588,119022,53366,54590,1.1025047241468746,0.3144367900836348
5566,0.5959,46,152,46,486740,118870,53412,54544,1.1010967431175664,0.3145305454000254
5567,0.596,7,35,7,486775,118835,53419,54537,1.100772536959502,0.3145663659645156
5568,0.5961,3,17,3,486792,118818,53422,54534,1.1006150653970137,0.31458535234667034
5569,0.5962,13,53,13,486845,118765,53435,54521,1.1001241246433733,0.3146301490022275
5570,0.5963,7,31,7,486876,118734,53442,54514,1.099836970617659,0.3146587550794237
5571,0.5964,17,63,17,486939,118671,53459,54497,1.099253399533143,0.31470595029104687
5572,0.5965,30,111,30,487050,118560,53489,54467,1.0982252028604247,0.3147890213666075
5573,0.5966,28,70,28,487120,118490,53517,54439,1.097576790544296,0.3148054982102481
5574,0.5967,3,17,3,487137,118473,53520,54436,1.0974193189818073,0.31482456089619393
5575,0.5968,9,33,9,487170,118440,53529,54427,1.097113638889918,0.3148489879502739
5576,0.5969,13,45,13,487215,118395,53542,54414,1.0966968024009782,0.3148794333628457
5577,0.597,58,166,58,487381,118229,53600,54356,1.095159138908444,0.3149520526117565
5578,0.5971,8,42,8,487423,118187,53608,54348,1.0947700915187668,0.3149969571391312
5579,0.5972,5,24,5,487447,118163,53613,54343,1.0945477787246656,0.31502092680834287
5580,0.5973,2,18,2,487465,118145,53615,54341,1.0943810441290895,0.31504585879433694
5581,0.5974,90,297,90,487762,117848,53705,54251,1.091629923302086,0.3152313493977304
5582,0.5975,9,20,9,487782,117828,53714,54242,1.091444662640335,0.31523217295286804
5583,0.5976,4,14,4,487796,117814,53718,54238,1.0913149801771092,0.31524190361053633
5584,0.5977,49,150,49,487946,117664,53767,54189,1.0899255252139761,0.315321815737869
5585,0.5978,5,20,5,487966,117644,53772,54184,1.089740264552225,0.31533859440836187
5586,0.5979,28,123,28,488089,117521,53800,54156,1.0886009114824557,0.31545285623583824
5587,0.598,1,15,1,488104,117506,53801,54155,1.0884619659861425,0.3154764332026494
5588,0.5981,15,36,15,488140,117470,53816,54140,1.0881284967949905,0.31548278072373404
5589,0.5982,10,17,10,488157,117453,53826,54130,1.087971025232502,0.3154741437088756
5590,0.5983,4,20,4,488177,117433,53830,54126,1.0877857645707512,0.31549496091723545
5591,0.5984,10,36,10,488213,117397,53840,54116,1.087452295379599,0.31552127243998995
5592,0.5985,158,587,158,488800,116810,53998,53958,1.0820148949572048,0.31597254754989224
5593,0.5986,13,35,13,488835,116775,54011,53945,1.0816906887991404,0.31598523898781633
5594,0.5987,0,11,0,488846,116764,54011,53945,1.0815887954351773,0.31600560017339446
5595,0.5988,15,27,15,488873,116737,54026,53930,1.0813386935418132,0.3159954765713348
5596,0.5989,14,52,14,488925,116685,54040,53916,1.0808570158212605,0.3160356621590729
5597,0.599,5,21,5,488946,116664,54045,53911,1.0806624921264218,0.3160545214714935
5598,0.5991,3,16,3,488962,116648,54048,53908,1.080514283597021,0.31607214052862403
5599,0.5992,68,277,68,489239,116371,54116,53840,1.0779484234317684,0.31631328175029816
5600,0.5993,4,25,4,489264,116346,54120,53836,1.0777168476045798,0.31634367912000094
5601,0.5994,28,123,28,489387,116223,54148,53808,1.0765774945348106,0.31645993965806235
5602,0.5995,1,18,1,489405,116205,54149,53807,1.0764107599392345,0.31648942427593346
5603,0.5996,9,59,9,489464,116146,54158,53798,1.075864240987069,0.31656310313985786
5604,0.5997,6,20,6,489484,116126,54164,53792,1.0756789803253177,0.31657623088784004
5605,0.5998,5,13,5,489497,116113,54169,53787,1.0755585608951794,0.31658034137728075
5606,0.5999,1,9,1,489506,116104,54170,53786,1.0754751935973916,0.31659308964624167
5607,0.6,466,1537,466,491043,114567,54636,53320,1.0612379117418207,0.3175945725398631
5608,0.6001,4,20,4,491063,114547,54640,53316,1.0610526510800697,0.3176161512662111
5609,0.6002,0,20,0,491083,114527,54640,53316,1.0608673904183186,0.3176539980815405
5610,0.6003,6,20,6,491103,114507,54646,53310,1.0606821297565674,0.31766745919662487
5611,0.6004,2,22,2,491125,114485,54648,53308,1.0604783430286413,0.3177009767987938
5612,0.6005,4,23,4,491148,114462,54652,53304,1.0602652932676275,0.31772826436822715
5613,0.6006,7,28,7,491176,114434,54659,53297,1.060005928341176,0.31775283042490654
5614,0.6007,8,13,8,491189,114421,54667,53289,1.0598855089110377,0.3177449168207024
5615,0.6008,5,22,5,491211,114399,54672,53284,1.0596817221831116,0.31776626133835867
5616,0.6009,12,23,12,491234,114376,54684,53272,1.0594686724220979,0.3177610230960107
5617,0.601,2,12,2,491246,114364,54686,53270,1.0593575160250472,0.317775630242075
5618,0.6011,1,11,1,491257,114353,54687,53269,1.059255622661084,0.3177924138836191
5619,0.6012,2,15,2,491272,114338,54689,53267,1.0591166771647709,0.31781271441782766
5620,0.6013,12,30,12,491302,114308,54701,53255,1.0588387861721442,0.31782075995297293
5621,0.6014,2,16,2,491318,114292,54703,53253,1.0586905776427433,0.31784296756095376
5622,0.6015,5,13,5,491331,114279,54708,53248,1.058570158212605,0.31784727237997457
5623,0.6016,7,21,7,491352,114258,54715,53241,1.0583756345177664,0.3178586140812781
5624,0.6017,3,21,3,491373,114237,54718,53238,1.0581811108229278,0.31788625167935514
5625,0.6018,2,15,2,491388,114222,54720,53236,1.0580421653266145,0.3179065795602479
5626,0.6019,4,10,4,491398,114212,54724,53232,1.057949534995739,0.31790927115931294
5627,0.602,6,27,6,491425,114185,54730,53226,1.057699433102375,0.3179360973890605
5628,0.6021,3,19,3,491444,114166,54733,53223,1.0575234354737115,0.3179599615267431
5629,0.6022,3,11,3,491455,114155,54736,53220,1.0574215421097484,0.3179686333084391
5630,0.6023,5,31,5,491486,114124,54741,53215,1.0571343880840343,0.31800715912010946
5631,0.6024,5,39,5,491525,114085,54746,53210,1.0567731297936196,0.31806091036791295
5632,0.6025,3,18,3,491543,114067,54749,53207,1.0566063951980436,0.31808290589093347
5633,0.6026,4,25,4,491568,114042,54753,53203,1.0563748193708549,0.31811414392059556
5634,0.6027,11,28,11,491596,114014,54764,53192,1.0561154544444034,0.318122555410691
5635,0.6028,10,26,10,491622,113988,54774,53182,1.0558746155841268,0.31813124364419454
5636,0.6029,2,18,2,491640,113970,54776,53180,1.055707880988551,0.31815734370326054
5637,0.603,2,18,2,491658,113952,54778,53178,1.055541146392975,0.318183450008975
5638,0.6031,5,36,5,491694,113916,54783,53173,1.055207677201823,0.31823160112275495
5639,0.6032,14,40,14,491734,113876,54797,53159,1.0548371558783207,0.31825066602807794
5640,0.6033,5,26,5,491760,113850,54802,53154,1.0545963170180443,0.31827980168139686
5641,0.6034,4,42,4,491802,113808,54806,53150,1.054207269628367,0.3183435354999461
5642,0.6035,14,62,14,491864,113746,54820,53136,1.0536329615769386,0.31840462122937163
5643,0.6036,7,16,7,491880,113730,54827,53129,1.053484753047538,0.3184065588311089
5644,0.6037,5,18,5,491898,113712,54832,53124,1.053318018451962,0.31842048478745594
5645,0.6038,7,25,7,491923,113687,54839,53117,1.053086442624773,0.31843960576484975
5646,0.6039,12,48,12,491971,113639,54851,53105,1.0526418170365706,0.318482224247949
5647,0.604,1,21,1,491992,113618,54852,53104,1.052447293341732,0.3185182519403558
5648,0.6041,4,15,4,492007,113603,54856,53100,1.0523083478454185,0.3185305603378463
5649,0.6042,11,58,11,492065,113545,54867,53089,1.0517710919263403,0.31859644490320105
5650,0.6043,23,67,23,492132,113478,54890,53066,1.0511504687094742,0.31863051205687387
5651,0.6044,6,24,6,492156,113454,54896,53060,1.050928155915373,0.3186518851267761
5652,0.6045,3,30,3,492186,113424,54899,53057,1.0506502649227463,0.3186970284897376
5653,0.6046,10,36,10,492222,113388,54909,53047,1.0503167957315944,0.3187250277886262
5654,0.6047,12,45,12,492267,113343,54921,53035,1.0498999592426543,0.31876209595018573
5655,0.6048,1,31,1,492298,113312,54922,53034,1.0496128052169402,0.31881740468661707
5656,0.6049,7,28,7,492326,113284,54929,53027,1.0493534402904887,0.3188424097023047
5657,0.605,35,114,35,492440,113170,54964,52992,1.0482974545185075,0.31891768274334686
5658,0.6051,5,22,5,492462,113148,54969,52987,1.0480936677905814,0.3189394167393987
5659,0.6052,3,17,3,492479,113131,54972,52984,1.0479361962280929,0.31895975679499144
5660,0.6053,12,63,12,492542,113068,54984,52972,1.047352625143577,0.3190315586605637
5661,0.6054,6,17,6,492559,113051,54990,52966,1.0471951535810886,0.319039616424824
5662,0.6055,16,71,16,492630,112980,55006,52950,1.0465374782318722,0.3191104682697523
5663,0.6056,7,21,7,492651,112959,55013,52943,1.0463429545370335,0.31912213234319053
5664,0.6057,12,46,12,492697,112913,55025,52931,1.0459168550150062,0.3191613805745158
5665,0.6058,9,38,9,492735,112875,55034,52922,1.045564859757679,0.3191975729355778
5666,0.6059,47,162,47,492897,112713,55081,52875,1.0440642483974953,0.31931661714617
5667,0.606,5,24,5,492921,112689,55086,52870,1.0438419356033939,0.31934234925313637
5668,0.6061,4,11,4,492932,112678,55090,52866,1.043740042239431,0.31934712221524186
5669,0.6062,13,56,13,492988,112622,55103,52853,1.043221312386528,0.31940172231454905
5670,0.6063,3,23,3,493011,112599,55106,52850,1.0430082626255142,0.3194337832202068
5671,0.6064,9,51,9,493062,112548,55115,52841,1.0425358479380489,0.31949525059103084
5672,0.6065,30,100,30,493162,112448,55145,52811,1.0416095446292934,0.31956504638174016
5673,0.6066,14,64,14,493226,112384,55159,52797,1.0410167105116899,0.3196311924494948
5674,0.6067,4,14,4,493240,112370,55163,52793,1.0408870280484641,0.3196418083953428
5675,0.6068,14,37,14,493277,112333,55177,52779,1.0405442958242246,0.31965574882504
5676,0.6069,11,42,11,493319,112291,55188,52768,1.0401552484345473,0.3196917465875838
5677,0.607,43,146,43,493465,112145,55231,52725,1.0388028456037646,0.31979741614605445
5678,0.6071,9,48,9,493513,112097,55240,52716,1.0383582200155619,0.3198534096218138
5679,0.6072,4,15,4,493528,112082,55244,52712,1.0382192745192487,0.3198660145393643
5680,0.6073,7,18,7,493546,112064,55251,52705,1.0380525399236726,0.3198720633128805
5681,0.6074,68,260,68,493806,111804,55319,52637,1.0356441513209085,0.32009656959030897
5682,0.6075,5,14,5,493820,111790,55324,52632,1.0355144688576827,0.3201031492136089
5683,0.6076,4,24,4,493844,111766,55328,52628,1.0352921560635815,0.320133338199691
5684,0.6077,37,161,37,494005,111605,55365,52591,1.0338008077364853,0.32029403883164026
5685,0.6078,5,16,5,494021,111589,55370,52586,1.0336525992070844,0.3203045530683722
5686,0.6079,48,98,48,494119,111491,55418,52538,1.0327448219645041,0.32029702064878773
5687,0.608,3,13,3,494132,111478,55421,52535,1.0326244025343658,0.320309975428777
5688,0.6081,16,58,16,494190,111420,55437,52519,1.0320871466152877,0.3203569620407591
5689,0.6082,1,22,1,494212,111398,55438,52518,1.0318833598873616,0.3203958124893238
5690,0.6083,3,12,3,494224,111386,55441,52515,1.031772203490311,0.3204068309528313
5691,0.6084,14,49,14,494273,111337,55455,52501,1.0313183148690208,0.32044458550519417
5692,0.6085,168,592,168,494865,110745,55623,52333,1.0258345992811886,0.32090778645801393
5693,0.6086,11,35,11,494900,110710,55634,52322,1.0255103931231242,0.3209308601992247
5694,0.6087,7,20,7,494920,110690,55641,52315,1.0253251324613732,0.3209410754271341
5695,0.6088,7,40,7,494960,110650,55648,52308,1.024954611137871,0.32099068471630726
5696,0.6089,20,54,20,495014,110596,55668,52288,1.024454407351143,0.32101372756071805
5697,0.609,4,17,4,495031,110579,55672,52284,1.0242969357886547,0.3210305594272487
5698,0.6091,3,8,3,495039,110571,55675,52281,1.024222831523954,0.32103382212069853
5699,0.6092,63,243,63,495282,110328,55738,52218,1.0219719144836785,0.32125059983020193
5700,0.6093,4,24,4,495306,110304,55742,52214,1.0217496016895773,0.32128133499058564
5701,0.6094,31,105,31,495411,110199,55773,52183,1.0207769832153841,0.32135951029054943
5702,0.6095,1,17,1,495428,110182,55774,52182,1.0206195116528956,0.32138897785223325
5703,0.6096,14,39,14,495467,110143,55788,52168,1.020258253362481,0.32140766799539155
5704,0.6097,8,24,8,495491,110119,55796,52160,1.0200359405683797,0.32142174896320536
5705,0.6098,1,21,1,495512,110098,55797,52159,1.019841416873541,0.32145916663071544
5706,0.6099,4,12,4,495524,110086,55801,52155,1.0197302604764904,0.3214662138423703
5707,0.61,473,1594,473,497118,108492,56274,51682,1.004964985734929,0.3226616055040144
5708,0.6101,3,13,3,497131,108479,56277,51679,1.004844566304791,0.3226751083305236
5709,0.6102,4,18,4,497149,108461,56281,51675,1.0046778317092149,0.32269445970924715
5710,0.6103,2,15,2,497164,108446,56283,51673,1.0045388862129017,0.3227162298040832
5711,0.6104,3,9,3,497173,108437,56286,51670,1.0044555189151136,0.3227216798765825
5712,0.6105,3,24,3,497197,108413,56289,51667,1.0042332061210122,0.32275737131434284
5713,0.6106,1,18,1,497215,108395,56290,51666,1.0040664715254364,0.32278943652732395
5714,0.6107,5,19,5,497234,108376,56295,51661,1.0038904738967727,0.32280660097352487
5715,0.6108,3,9,3,497243,108367,56298,51658,1.0038071065989849,0.3228120606155288
5716,0.6109,4,23,4,497266,108344,56302,51654,1.003594056837971,0.322841535519194
5717,0.611,3,9,3,497275,108335,56305,51651,1.003510689540183,0.3228469991124223
5718,0.6111,1,20,1,497295,108315,56306,51650,1.003325428878432,0.3228831306848373
5719,0.6112,2,23,2,497318,108292,56308,51648,1.0031123791174181,0.32292109541077907
5720,0.6113,5,27,5,497345,108265,56313,51643,1.0028622772240543,0.3229544488080646
5721,0.6114,9,22,9,497367,108243,56322,51634,1.002658490496128,0.32296077609662427
5722,0.6115,7,15,7,497382,108228,56329,51627,1.0025195449998148,0.3229614337993807
5723,0.6116,5,26,5,497408,108202,56334,51622,1.0022787061395384,0.3229927920712784
5724,0.6117,7,23,7,497431,108179,56341,51615,1.0020656563785246,0.3230096248920485
5725,0.6118,3,17,3,497448,108162,56344,51612,1.0019081848160363,0.3230312816853806
5726,0.6119,2,10,2,497458,108152,56346,51610,1.0018155544851606,0.3230430265019216
5727,0.612,7,45,7,497503,108107,56353,51603,1.0013987179962207,0.32310437668273745
5728,0.6121,5,14,5,497517,108093,56358,51598,1.001269035532995,0.32311150910195313
5729,0.6122,3,12,3,497529,108081,56361,51595,1.0011578791359443,0.32312307422530623
5730,0.6123,4,23,4,497552,108058,56365,51591,1.0009448293749306,0.32315266616139154
5731,0.6124,19,58,19,497610,108000,56384,51572,1.0004075734558524,0.3231895319980949
5732,0.6125,7,11,7,497621,107989,56391,51565,1.0003056800918892,0.32318212015994585
5733,0.6126,0,18,0,497639,107971,56391,51565,1.0001389454963132,0.32321858389329056
5734,0.6127,2,30,2,497669,107941,56393,51563,0.9998610545036867,0.3232708897582506
5735,0.6128,7,38,7,497707,107903,56400,51556,0.9995090592463596,0.32331821973046365
5736,0.6129,5,23,5,497730,107880,56405,51551,0.9992960094853459,0.32334364082267564
5737,0.613,7,23,7,497753,107857,56412,51544,0.9990829597243321,0.3233605811757768
5738,0.6131,3,40,3,497793,107817,56415,51541,0.99871243840083,0.32342900889820403
5739,0.6132,3,35,3,497828,107782,56418,51538,0.9983882322427655,0.32348732111473766
5740,0.6133,2,23,2,497851,107759,56420,51536,0.9981751824817519,0.3235255343858878
5741,0.6134,5,30,5,497881,107729,56425,51531,0.9978972914891252,0.3235652392314454
5742,0.6135,13,53,13,497934,107676,56438,51518,0.9974063507354848,0.3236177242860912
5743,0.6136,3,17,3,497951,107659,56441,51515,0.9972488791729964,0.3236395391207107
5744,0.6137,8,39,8,497990,107620,56449,51507,0.9968876208825818,0.3236848554927825
5745,0.6138,10,35,10,498025,107585,56459,51497,0.9965634147245174,0.3237135565305943
5746,0.6139,19,40,19,498065,107545,56478,51478,0.9961928934010152,0.3237141797098533
5747,0.614,1,26,1,498091,107519,56479,51477,0.9959520545407389,0.3237628619587914
5748,0.6141,4,14,4,498105,107505,56483,51473,0.995822372077513,0.3237743587163004
5749,0.6142,13,44,13,498149,107461,56496,51460,0.9954147986216607,0.32380868481824304
5750,0.6143,12,65,12,498214,107396,56508,51448,0.9948127014709697,0.32389010601596535
5751,0.6144,6,29,6,498243,107367,56514,51442,0.9945440735114306,0.32392370709468604
5752,0.6145,11,24,11,498267,107343,56525,51431,0.9943217607173293,0.32392583168528855
5753,0.6146,5,30,5,498297,107313,56530,51426,0.9940438697247027,0.3239657551074405
5754,0.6147,16,61,16,498358,107252,56546,51410,0.9934788247063618,0.324022135104814
5755,0.6148,9,23,9,498381,107229,56555,51401,0.9932657749453481,0.3240307634117128
5756,0.6149,9,22,9,498403,107207,56564,51392,0.9930619882174219,0.32403735206401046
5757,0.615,24,97,24,498500,107110,56588,51368,0.9921634740079291,0.3241333181892755
5758,0.6151,5,16,5,498516,107094,56593,51363,0.9920152654785283,0.3241447206497662
5759,0.6152,2,17,2,498533,107077,56595,51361,0.9918577939160399,0.32417096908569915
5760,0.6153,11,52,11,498585,107025,56606,51350,0.991376116195487,0.32423046566692976
5761,0.6154,5,22,5,498607,107003,56611,51345,0.9911723294675608,0.32425417435016546
5762,0.6155,15,60,15,498667,106943,56626,51330,0.9906165474823077,0.32431305402690286
5763,0.6156,7,30,7,498697,106913,56633,51323,0.990338656489681,0.3243446497636442
5764,0.6157,7,36,7,498733,106877,56640,51316,0.990005187298529,0.3243885633371894
5765,0.6158,6,52,6,498785,106825,56646,51310,0.9895235095779762,0.3244695987605527
5766,0.6159,46,156,46,498941,106669,56692,51264,0.9880784764163177,0.3245933402138882
5767,0.616,8,37,8,498978,106632,56700,51256,0.9877357441920782,0.3246351844345359
5768,0.6161,3,23,3,499001,106609,56703,51253,0.9875226944310646,0.32466964817372135
5769,0.6162,21,60,21,499061,106549,56724,51232,0.9869669124458113,0.32470322789182476
5770,0.6163,4,32,4,499093,106517,56728,51228,0.9866704953870096,0.3247519731211766
5771,0.6164,14,67,14,499160,106450,56742,51214,0.9860498721701434,0.3248300182666937
5772,0.6165,28,107,28,499267,106343,56770,51186,0.9850587276297751,0.3249306476902665
5773,0.6166,14,82,14,499349,106261,56784,51172,0.9842991589165957,0.3250398582254038
5774,0.6167,3,17,3,499366,106244,56787,51169,0.9841416873541072,0.32506209779370193
5775,0.6168,7,34,7,499400,106210,56794,51162,0.9838267442291304,0.3251023053656305
5776,0.6169,12,45,12,499445,106165,56806,51150,0.9834099077401904,0.3251438197247561
5777,0.617,45,170,45,499615,105995,56851,51105,0.9818351921153062,0.3253023551877785
5778,0.6171,14,39,14,499654,105956,56865,51091,0.9814739338248917,0.3253229924799582
5779,0.6172,3,12,3,499666,105944,56868,51088,0.981362777427841,0.3253349635743033
5780,0.6173,3,26,3,499692,105918,56871,51085,0.9811219385675646,0.3253759482302886
5781,0.6174,83,252,83,499944,105666,56954,51002,0.9787876542295009,0.3255419102816146
5782,0.6175,5,20,5,499964,105646,56959,50997,0.9786023935677498,0.325561946591932
5783,0.6176,4,7,4,499971,105639,56963,50993,0.9785375523361369,0.3255592726901272
5784,0.6177,40,124,40,500095,105515,57003,50953,0.9773889362332803,0.3256448602909221
5785,0.6178,7,17,7,500112,105498,57010,50946,0.9772314646707918,0.3256500728695252
5786,0.6179,27,91,27,500203,105407,57037,50919,0.9763885286598244,0.32572316825096276
5787,0.618,2,10,2,500213,105397,57039,50917,0.9762958983289488,0.32573537878884806
5788,0.6181,13,48,13,500261,105349,57052,50904,0.9758512727407462,0.3257793450365753
5789,0.6182,6,20,6,500281,105329,57058,50898,0.9756660120789952,0.3257951570471173
5790,0.6183,3,18,3,500299,105311,57061,50895,0.9754992774834191,0.32581975084183706
5791,0.6184,11,48,11,500347,105263,57072,50884,0.9750546518952166,0.3258724150960313
5792,0.6185,157,535,157,500882,104728,57229,50727,0.970098929193375,0.3263130809559036
5793,0.6186,10,34,10,500916,104694,57239,50717,0.9697839860683982,0.32634112128485115
5794,0.6187,1,14,1,500930,104680,57240,50716,0.9696543036051725,0.3263661870318412
5795,0.6188,5,25,5,500955,104655,57245,50711,0.9694227277779837,0.3263970238018614
5796,0.6189,15,65,15,501020,104590,57260,50696,0.9688206306272926,0.3264685805545896
5797,0.619,6,23,6,501043,104567,57266,50690,0.9686075808662788,0.326490915063411
5798,0.6191,5,16,5,501059,104551,57271,50685,0.968459372336878,0.32650287304491227
5799,0.6192,89,241,89,501300,104310,57360,50596,0.9662269813627774,0.32662388803532466
5800,0.6193,7,21,7,501321,104289,57367,50589,0.9660324576679388,0.32663774067330414
5801,0.6194,19,93,19,501414,104196,57386,50570,0.9651709955907962,0.3267513536564879
5802,0.6195,2,17,2,501431,104179,57388,50568,0.9650135240283079,0.32677854821095076
5803,0.6196,8,43,8,501474,104136,57396,50560,0.964615213605543,0.3268345658581993
5804,0.6197,10,29,10,501503,104107,57406,50550,0.964346585646004,0.32685232482202553
5805,0.6198,4,14,4,501517,104093,57410,50546,0.9642169031827782,0.32686450377977094
5806,0.6199,3,17,3,501534,104076,57413,50543,0.9640594316202897,0.32688738124033917
5807,0.62,475,1545,475,503079,102531,57888,50068,0.9497480455000186,0.328101756892247
5808,0.6201,1,15,1,503094,102516,57889,50067,0.9496091000037052,0.32812960814769665
5809,0.6202,4,26,4,503120,102490,57893,50063,0.9493682611434288,0.328167915413004
5810,0.6203,2,13,2,503133,102477,57895,50061,0.9492478417132906,0.3281870746961413
5811,0.6204,2,22,2,503155,102455,57897,50059,0.9490440549853644,0.3282256055181819
5812,0.6205,2,16,2,503171,102439,57899,50057,0.9488958464559636,0.3282512328192215
5813,0.6206,4,17,4,503188,102422,57903,50053,0.9487383748934751,0.3282702082308575
5814,0.6207,2,16,2,503204,102406,57905,50051,0.9485901663640742,0.32829584735368006
5815,0.6208,4,16,4,503220,102390,57909,50047,0.9484419578346733,0.3283126799923903
5816,0.6209,8,16,8,503236,102374,57917,50039,0.9482937493052725,0.32831188940575934
5817,0.621,4,16,4,503252,102358,57921,50035,0.9481455407758717,0.32832872900986265
5818,0.6211,0,11,0,503263,102347,57921,50035,0.9480436474119086,0.32835243007704323
5819,0.6212,4,18,4,503281,102329,57925,50031,0.9478769128163326,0.3283735888684694
5820,0.6213,4,21,4,503302,102308,57929,50027,0.9476823891214939,0.3284012209932058
5821,0.6214,4,16,4,503318,102292,57933,50023,0.947534180592093,0.32841808095066144
5822,0.6215,0,11,0,503329,102281,57933,50023,0.94743228722813,0.3284418006093077
5823,0.6216,6,20,6,503349,102261,57939,50017,0.9472470265663789,0.3284584772586979
5824,0.6217,5,21,5,503370,102240,57944,50012,0.9470525028715403,0.328481727662034
5825,0.6218,4,18,4,503388,102222,57948,50008,0.9468857682759643,0.3285029232083032
5826,0.6219,5,25,5,503413,102197,57953,50003,0.9466541924487755,0.3285348226018397
5827,0.622,7,21,7,503434,102176,57960,49996,0.9464596687539368,0.32854927319086297
5828,0.6221,8,24,8,503458,102152,57968,49988,0.9462373559598355,0.32856579466281055
5829,0.6222,5,22,5,503480,102130,57973,49983,0.9460335692319093,0.3285912446667938
5830,0.6223,3,27,3,503507,102103,57976,49980,0.9457834673385453,0.3286363367371764
5831,0.6224,8,40,8,503547,102063,57984,49972,0.9454129460150432,0.32868747327917913
5832,0.6225,5,17,5,503564,102046,57989,49967,0.9452554744525548,0.3287021504739726
5833,0.6226,1,16,1,503580,102030,57990,49966,0.9451072659231539,0.328732335061449
5834,0.6227,9,31,9,503611,101999,57999,49957,0.9448201118974398,0.3287596409486957
5835,0.6228,13,38,13,503649,101961,58012,49944,0.9444681166401127,0.32878443764194726
5836,0.6229,7,28,7,503677,101933,58019,49937,0.9442087517136611,0.3288141173371963
5837,0.623,6,20,6,503697,101913,58025,49931,0.9440234910519101,0.32883090540291354
5838,0.6231,3,29,3,503726,101884,58028,49928,0.943754863092371,0.32888045740784655
5839,0.6232,9,33,9,503759,101851,58037,49919,0.9434491830004816,0.3289121697305133
5840,0.6233,3,20,3,503779,101831,58040,49916,0.9432639223387306,0.3289422525651248
5841,0.6234,6,26,6,503805,101805,58046,49910,0.9430230834784542,0.328972085818805
5842,0.6235,17,61,17,503866,101744,58063,49893,0.9424580384601133,0.3290291947216049
5843,0.6236,1,16,1,503882,101728,58064,49892,0.9423098299307126,0.32905949083234404
5844,0.6237,7,28,7,503910,101700,58071,49885,0.942050465004261,0.32908928983738495
5845,0.6238,10,29,10,503939,101671,58081,49875,0.941781837044722,0.3291079936125005
5846,0.6239,16,48,16,503987,101623,58097,49859,0.9413372114565193,0.32914141614185183
5847,0.624,7,17,7,504004,101606,58104,49852,0.9411797398940309,0.32914735438207293
5848,0.6241,2,14,2,504018,101592,58106,49850,0.9410500574308052,0.32916892275590653
5849,0.6242,13,34,13,504052,101558,58119,49837,0.9407351143058283,0.3291852438984114
5850,0.6243,16,78,16,504130,101480,58135,49821,0.9400125977249991,0.32928401001976193
5851,0.6244,4,40,4,504170,101440,58139,49817,0.9396420764014969,0.32935335224154916
5852,0.6245,5,21,5,504191,101419,58144,49812,0.9394475527066583,0.32937691346350945
5853,0.6246,10,49,10,504240,101370,58154,49802,0.9389936640853681,0.32943931415870664
5854,0.6247,9,55,9,504295,101315,58163,49793,0.9384841972655527,0.3295192842205575
5855,0.6248,7,28,7,504323,101287,58170,49786,0.9382248323391011,0.32954929074023814
5856,0.6249,15,36,15,504359,101251,58185,49771,0.9378913631479492,0.32956125597595054
5857,0.625,34,106,34,504465,101145,58219,49737,0.9369094816406685,0.3296417067642263
5858,0.6251,6,17,6,504482,101128,58225,49731,0.93675201007818,0.32965219178172994
5859,0.6252,0,15,0,504497,101113,58225,49731,0.9366130645818667,0.3296849725544271
5860,0.6253,6,58,6,504555,101055,58231,49725,0.9360758086627885,0.3297851173895742
5861,0.6254,7,19,7,504574,101036,58238,49718,0.935899811034125,0.32979556098013985
5862,0.6255,14,51,14,504625,100985,58252,49704,0.9354273963466597,0.32984491236918423
5863,0.6256,10,28,10,504653,100957,58262,49694,0.9351680314202082,0.3298617334103325
5864,0.6257,8,39,8,504692,100918,58270,49686,0.9348067731297937,0.3299115561339672
5865,0.6258,12,51,12,504743,100867,58282,49674,0.9343343584423284,0.32996990852990216
5866,0.6259,37,122,37,504865,100745,58319,49637,0.9332042684056467,0.3300727480682529
5867,0.626,7,28,7,504893,100717,58326,49630,0.9329449034791952,0.3301030283278017
5868,0.6261,4,18,4,504911,100699,58330,49626,0.9327781688836193,0.3301247297522036
5869,0.6262,5,53,5,504964,100646,58335,49621,0.9322872281299789,0.3302188770654901
5870,0.6263,7,27,7,504991,100619,58342,49614,0.9320371262366149,0.33024701630134523
5871,0.6264,20,68,20,505059,100551,58362,49594,0.9314072399866612,0.33030736954277534
5872,0.6265,23,103,23,505162,100448,58385,49571,0.9304531475786432,0.3304314786793673
5873,0.6266,16,79,16,505241,100369,58401,49555,0.9297213679647264,0.3305341372962301
5874,0.6267,5,15,5,505256,100354,58406,49550,0.929582422468413,0.3305448820578504
5875,0.6268,5,32,5,505288,100322,58411,49545,0.9292860054096114,0.3305931259049691
5876,0.6269,17,37,17,505325,100285,58428,49528,0.9289432731853718,0.3305988131871066
5877,0.627,46,133,46,505458,100152,58474,49482,0.9277112897847271,0.33068687597738483
5878,0.6271,10,44,10,505502,100108,58484,49472,0.9273037163288748,0.3307394036635914
5879,0.6272,4,26,4,505528,100082,58488,49468,0.9270628774685983,0.33077900367769975
5880,0.6273,7,23,7,505551,100059,58495,49461,0.9268498277075846,0.33079855537720704
5881,0.6274,68,270,68,505821,99789,58563,49393,0.924348808773945,0.3310922229223365
5882,0.6275,3,20,3,505841,99769,58566,49390,0.9241635481121938,0.3311231638721096
5883,0.6276,4,19,4,505860,99750,58570,49386,0.9239875504835303,0.3311474090762794
5884,0.6277,45,138,45,505998,99612,58615,49341,0.9227092519174479,0.33125213993675856
5885,0.6278,5,24,5,506022,99588,58620,49336,0.9224869391233466,0.33128307055948003
5886,0.6279,33,113,33,506135,99475,58653,49303,0.921440216384453,0.3313863608866902
5887,0.628,4,18,4,506153,99457,58657,49299,0.9212734817888769,0.33140848100244696
5888,0.6281,8,50,8,506203,99407,58665,49291,0.9208103301344992,0.3314839473294866
5889,0.6282,3,17,3,506220,99390,58668,49288,0.9206528585720108,0.33150836034921105
5890,0.6283,3,14,3,506234,99376,58671,49285,0.9205231761087851,0.3315260895594675
5891,0.6284,6,37,6,506271,99339,58677,49279,0.9201804438845456,0.3315816388324429
5892,0.6285,145,489,145,506760,98850,58822,49134,0.9156508207047316,0.3320223807979241
5893,0.6286,12,36,12,506796,98814,58834,49122,0.9153173515135796,0.3320489941596366
5894,0.6287,4,18,4,506814,98796,58838,49118,0.9151506169180036,0.3320713387508958
5895,0.6288,5,19,5,506833,98777,58843,49113,0.9149746192893401,0.33209141929812697
5896,0.6289,14,55,14,506888,98722,58857,49099,0.9144651524695246,0.3321517240446215
5897,0.629,3,20,3,506908,98702,58860,49096,0.9142798918077736,0.33218311479181045
5898,0.6291,1,15,1,506923,98687,58861,49095,0.9141409463114603,0.33221231273091445
5899,0.6292,86,228,86,507151,98459,58947,49009,0.9120289747674979,0.33233650690319255
5900,0.6293,3,15,3,507166,98444,58950,49006,0.9118900292711846,0.3323567310952865
5901,0.6294,26,107,26,507273,98337,58976,48980,0.9108988847308163,0.3324802975895518
5902,0.6295,5,6,5,507279,98331,58981,48975,0.910843306532291,0.33247118243656065
5903,0.6296,13,47,13,507326,98284,58994,48962,0.9104079439771758,0.3325183706178776
5904,0.6297,7,31,7,507357,98253,59001,48955,0.9101207899514617,0.3325566545296451
5905,0.6298,3,17,3,507374,98236,59004,48952,0.9099633183889733,0.33258146044514497
5906,0.6299,1,12,1,507386,98224,59005,48951,0.9098521619919226,0.3326040428061831
5907,0.63,526,1488,526,508874,96736,59531,48425,0.896068768757642,0.3335951116346677
5908,0.6301,3,22,3,508896,96714,59534,48422,0.8958649820297158,0.33363190386947417
5909,0.6302,3,21,3,508917,96693,59537,48419,0.8956704583348771,0.3336664093941232
5910,0.6303,7,23,7,508940,96670,59544,48412,0.8954574085738635,0.3336871562288912
5911,0.6304,5,13,5,508953,96657,59549,48407,0.8953369891437252,0.3336940936414272
5912,0.6305,4,19,4,508972,96638,59553,48403,0.8951609915150617,0.33371943105742513
5913,0.6306,6,18,6,508990,96620,59559,48397,0.8949942569194858,0.3337332864422792
5914,0.6307,3,23,3,509013,96597,59562,48394,0.894781207158472,0.333772441048065
5915,0.6308,7,20,7,509033,96577,59569,48387,0.8945959464967209,0.3337863193620485
5916,0.6309,5,36,5,509069,96541,59574,48382,0.894262477305569,0.3338462493876058
5917,0.631,3,19,3,509088,96522,59577,48379,0.8940864796769054,0.3338762327382144
5918,0.6311,2,14,2,509102,96508,59579,48377,0.8939567972136796,0.33389929944438695
5919,0.6312,3,24,3,509126,96484,59582,48374,0.8937344844195784,0.33394082480774273
5920,0.6313,1,16,1,509142,96468,59583,48373,0.8935862758901775,0.3339731153471738
5921,0.6314,6,14,6,509156,96454,59589,48367,0.8934565934269517,0.3339778070859889
5922,0.6315,3,23,3,509179,96431,59592,48364,0.893243543665938,0.3340170586000898
5923,0.6316,6,22,6,509201,96409,59598,48358,0.8930397569380117,0.3340402163476483
5924,0.6317,2,25,2,509226,96384,59600,48356,0.8928081811108229,0.33408871079176455
5925,0.6318,7,15,7,509241,96369,59607,48349,0.8926692356145096,0.33409112895424203
5926,0.6319,4,16,4,509257,96353,59611,48345,0.8925210270851087,0.3341096628840758
5927,0.632,10,17,10,509274,96336,59621,48335,0.8923635555226204,0.3341028955353872
5928,0.6321,3,16,3,509290,96320,59624,48332,0.8922153469932195,0.3341260404280618
5929,0.6322,4,13,4,509303,96307,59628,48328,0.8920949275630813,0.33413765686037267
5930,0.6323,4,19,4,509322,96288,59632,48324,0.8919189299344177,0.3341631399883827
5931,0.6324,10,42,10,509364,96246,59642,48314,0.8915298825447404,0.3342141671278362
5932,0.6325,6,22,6,509386,96224,59648,48308,0.8913260958168142,0.33423740071402874
5933,0.6326,4,16,4,509402,96208,59652,48304,0.8911778872874134,0.33425597874224977
5934,0.6327,8,22,8,509424,96186,59660,48296,0.8909741005594872,0.33427001287357594
5935,0.6328,9,29,9,509453,96157,59669,48287,0.8907054725999481,0.3342956439865969
5936,0.6329,8,23,8,509476,96134,59677,48279,0.8904924228389344,0.3343120079217245
5937,0.633,6,14,6,509490,96120,59683,48273,0.8903627403757086,0.33431676050778086
5938,0.6331,7,30,7,509520,96090,59690,48266,0.890084849383082,0.33435395826983294
5939,0.6332,5,31,5,509551,96059,59695,48261,0.8897976953573679,0.3344027161862528
5940,0.6333,0,24,0,509575,96035,59695,48261,0.8895753825632665,0.33445833564339966
5941,0.6334,7,11,7,509586,96024,59702,48254,0.8894734891993035,0.3344515449340856
5942,0.6335,11,49,11,509635,95975,59713,48243,0.8890196005780132,0.3345144156762679
5943,0.6336,5,10,5,509645,95965,59718,48238,0.8889269702471377,0.3345145385324855
5944,0.6337,7,24,7,509669,95941,59725,48231,0.8887046574530364,0.33453791304830344
5945,0.6338,11,28,11,509697,95913,59736,48220,0.8884452925265849,0.3345521150603956
5946,0.6339,18,43,18,509740,95870,59754,48202,0.88804698210382,0.3345688266977622
5947,0.634,4,14,4,509754,95856,59758,48198,0.8879172996405943,0.3345828647590487
5948,0.6341,2,13,2,509767,95843,59760,48196,0.8877968802104561,0.33460382257583016
5949,0.6342,12,46,12,509813,95797,59772,48184,0.8873707806884287,0.33465526701439774
5950,0.6343,26,70,26,509883,95727,59798,48158,0.8867223683722998,0.33469784897661325
5951,0.6344,8,18,8,509901,95709,59806,48150,0.8865556337767239,0.3347027297562196
5952,0.6345,5,14,5,509915,95695,59811,48145,0.8864259513134981,0.3347121802002225
5953,0.6346,12,31,12,509946,95664,59823,48133,0.8861387972877839,0.3347288190991467
5954,0.6347,10,34,10,509980,95630,59833,48123,0.8858238541628071,0.334761709320849
5955,0.6348,10,20,10,510000,95610,59843,48113,0.885638593501056,0.3347620074727079
5956,0.6349,7,35,7,510035,95575,59850,48106,0.8853143873429916,0.33481114413179197
5957,0.635,21,87,21,510122,95488,59871,48085,0.8845085034643744,0.33491673225467183
5958,0.6351,6,17,6,510139,95471,59877,48079,0.8843510319018859,0.33492859630790667
5959,0.6352,4,8,4,510147,95463,59881,48075,0.8842769276371856,0.33492872967437193
5960,0.6353,14,49,14,510196,95414,59895,48061,0.8838230390158953,0.33497821920195153
5961,0.6354,5,20,5,510216,95394,59900,48056,0.8836377783541443,0.3350017427675148
5962,0.6355,14,52,14,510268,95342,59914,48042,0.8831561006335915,0.335058304971266
5963,0.6356,10,41,10,510309,95301,59924,48032,0.8827763162770017,0.335107756064549
5964,0.6357,10,40,10,510349,95261,59934,48022,0.8824057949534996,0.33515490323346103
5965,0.6358,6,35,6,510384,95226,59940,48016,0.8820815887954352,0.335208947096522
5966,0.6359,42,122,42,510506,95104,59982,47974,0.8809514987587536,0.33529962677700276
5967,0.636,9,24,9,510530,95080,59991,47965,0.8807291859646522,0.33531406200845887
5968,0.6361,1,14,1,510544,95066,59992,47964,0.8805995035014265,0.3353422358945676
5969,0.6362,13,53,13,510597,95013,60005,47951,0.8801085627477861,0.33540611622506367
5970,0.6363,12,35,12,510632,94978,60017,47939,0.8797843565897218,0.33543245380185704
5971,0.6364,12,42,12,510674,94936,60029,47927,0.8793953092000445,0.3354752455149339
5972,0.6365,27,96,27,510770,94840,60056,47900,0.8785060580236392,0.3355751716407454
5973,0.6366,24,73,24,510843,94767,60080,47876,0.8778298566082477,0.33563511704044363
5974,0.6367,2,15,2,510858,94752,60082,47874,0.8776909111119345,0.3356610996592487
5975,0.6368,5,38,5,510896,94714,60087,47869,0.8773389158546074,0.3357272606131166
5976,0.6369,16,39,16,510935,94675,60103,47853,0.8769776575641928,0.3357445554557701
5977,0.637,31,131,31,511066,94544,60134,47822,0.8757642002297232,0.3359088546422601
5978,0.6371,11,32,11,511098,94512,60145,47811,0.8754677831709214,0.33593305368773846
5979,0.6372,7,21,7,511119,94491,60152,47804,0.8752732594760828,0.33594996310481745
5980,0.6373,5,29,5,511148,94462,60157,47799,0.8750046315165437,0.3359951075839478
5981,0.6374,82,248,82,511396,94214,60239,47717,0.8727073993108303,0.3361985753640854
5982,0.6375,3,18,3,511414,94196,60242,47714,0.8725406647152544,0.336227186244803
5983,0.6376,2,8,2,511422,94188,60244,47712,0.8724665604505539,0.33623678646934463
5984,0.6377,33,125,33,511547,94063,60277,47679,0.8713086813146097,0.3363787726996938
5985,0.6378,6,14,6,511561,94049,60283,47673,0.871178998851384,0.3363839065212176
5986,0.6379,25,86,25,511647,93963,60308,47648,0.8703823780058543,0.33647103685448165
5987,0.638,7,16,7,511663,93947,60315,47641,0.8702341694764534,0.336476255049863
5988,0.6381,13,47,13,511710,93900,60328,47628,0.8697988069213384,0.33652704765134817
5989,0.6382,1,18,1,511728,93882,60329,47627,0.8696320723257623,0.33656516546650744
5990,0.6383,0,12,0,511740,93870,60329,47627,0.8695209159287117,0.33659370870053784
5991,0.6384,11,42,11,511782,93828,60340,47616,0.8691318685390345,0.33664206329006535
5992,0.6385,185,521,185,512303,93307,60525,47431,0.8643058283004187,0.3370162997911012
5993,0.6386,6,28,6,512331,93279,60531,47425,0.8640464633739672,0.33705509438253356
5994,0.6387,0,13,0,512344,93266,60531,47425,0.863926043943829,0.3370862386364444
5995,0.6388,6,28,6,512372,93238,60537,47419,0.8636666790173775,0.3371250630967531
5996,0.6389,21,63,21,512435,93175,60558,47398,0.8630831079328616,0.33717712505246383
5997,0.639,7,11,7,512446,93164,60565,47391,0.8629812145688984,0.3371705026502081
5998,0.6391,3,22,3,512468,93142,60568,47388,0.8627774278409722,0.3372091368391091
5999,0.6392,62,199,62,512667,92943,60630,47326,0.8609340842565489,0.33739457756168506
6000,0.6393,6,23,6,512690,92920,60636,47320,0.8607210344955352,0.3374215630347975
6001,0.6394,26,87,26,512777,92833,60662,47294,0.859915150616918,0.33750811763614436
6002,0.6395,4,11,4,512788,92822,60666,47290,0.8598132572529549,0.3375157017243348
6003,0.6396,11,45,11,512833,92777,60677,47279,0.859396420764015,0.33757211401153825
6004,0.6397,4,31,4,512864,92746,60681,47275,0.8591092667383008,0.3376279272394855
6005,0.6398,4,21,4,512885,92725,60685,47271,0.8589147430434622,0.3376596474184977
6006,0.6399,1,22,1,512907,92703,60686,47270,0.858710956315536,0.33770798654026135
6007,0.64,512,1467,512,514374,91236,61198,46758,0.845122086776094,0.3388408191660507
6008,0.6401,4,17,4,514391,91219,61202,46754,0.8449646152136056,0.3388634008103035
6009,0.6402,7,16,7,514407,91203,61209,46747,0.8448164066842047,0.33886915549111996
6010,0.6403,4,9,4,514416,91194,61213,46743,0.8447330393864166,0.33887209378194394
6011,0.6404,2,13,2,514429,91181,61215,46741,0.8446126199562785,0.3388944475863169
6012,0.6405,5,18,5,514447,91163,61220,46736,0.8444458853607025,0.3389147129420808
6013,0.6406,4,8,4,514455,91155,61224,46732,0.8443717810960021,0.3389151986771777
6014,0.6407,5,23,5,514478,91132,61229,46727,0.8441587313349883,0.33894776547051697
6015,0.6408,2,13,2,514491,91119,61231,46725,0.8440383119048501,0.33897014015843996
6016,0.6409,6,20,6,514511,91099,61237,46719,0.8438530512430991,0.3389905527579852
6017,0.641,4,16,4,514527,91083,61241,46715,0.8437048427136982,0.3390107258450776
6018,0.6411,8,15,8,514542,91068,61249,46707,0.8435658972173848,0.33900925421883504
6019,0.6412,8,17,8,514559,91051,61257,46699,0.8434084256548965,0.3390127041742287
6020,0.6413,9,21,9,514580,91030,61266,46690,0.8432139019600579,0.33902120243973277
6021,0.6414,2,13,2,514593,91017,61268,46688,0.8430934825299196,0.33904360771213826
6022,0.6415,3,12,3,514605,91005,61271,46685,0.8429823261328689,0.3390587551746677
6023,0.6416,6,24,6,514629,90981,61277,46679,0.8427600133387676,0.33908906000290573
6024,0.6417,6,29,6,514658,90952,61283,46673,0.8424913853792286,0.33913169845594915
6025,0.6418,1,15,1,514673,90937,61284,46672,0.8423524398829153,0.3391638628287394
6026,0.6419,6,12,6,514685,90925,61290,46666,0.8422412834858646,0.33916462559324373
6027,0.642,7,17,7,514702,90908,61297,46659,0.8420838119233762,0.33917291210828177
6028,0.6421,2,12,2,514714,90896,61299,46657,0.8419726555263255,0.33919289292127397
6029,0.6422,4,29,4,514743,90867,61303,46653,0.8417040275667864,0.3392452006980803
6030,0.6423,4,19,4,514762,90848,61307,46649,0.8415280299381229,0.33927285686233155
6031,0.6424,11,34,11,514796,90814,61318,46638,0.8412130868131461,0.33930390245322
6032,0.6425,3,14,3,514810,90800,61321,46635,0.8410834043499203,0.33932404409357153
6033,0.6426,4,13,4,514823,90787,61325,46631,0.8409629849197822,0.33933691365032237
6034,0.6427,8,21,8,514844,90766,61333,46623,0.8407684612249435,0.3393503118881424
6035,0.6428,15,36,15,514880,90730,61348,46608,0.8404349920337916,0.33936710888464955
6036,0.6429,4,18,4,514898,90712,61352,46604,0.8402682574382155,0.33939235049083866
6037,0.643,3,14,3,514912,90698,61355,46601,0.8401385749749898,0.33941252303367103
6038,0.6431,3,24,3,514936,90674,61358,46598,0.8399162621808886,0.33945742758902037
6039,0.6432,8,37,8,514973,90637,61366,46590,0.839573529956649,0.33951044619499077
6040,0.6433,4,18,4,514991,90619,61370,46586,0.839406795361073,0.33953573120513103
6041,0.6434,7,14,7,515005,90605,61377,46579,0.8392771128978472,0.33953668066246795
6042,0.6435,16,45,16,515050,90560,61393,46563,0.8388602764089074,0.3395710420571312
6043,0.6436,3,17,3,515067,90543,61396,46560,0.8387028048464189,0.3395986958709875
6044,0.6437,3,30,3,515097,90513,61399,46557,0.8384249138537923,0.3396585686145765
6045,0.6438,9,24,9,515121,90489,61408,46548,0.838202601059691,0.3396746863985639
6046,0.6439,13,57,13,515178,90432,61421,46535,0.8376746081737004,0.33975337125000915
6047,0.644,6,14,6,515192,90418,61427,46529,0.8375449257104747,0.33975917690785484
6048,0.6441,7,24,7,515216,90394,61434,46522,0.8373226129163733,0.33978497765053023
6049,0.6442,9,27,9,515243,90367,61443,46513,0.8370725110230094,0.3398085914669784
6050,0.6443,20,62,20,515305,90305,61463,46493,0.8364982029715811,0.339866079913449
6051,0.6444,4,24,4,515329,90281,61467,46489,0.8362758901774797,0.33990641222490314
6052,0.6445,8,24,8,515353,90257,61475,46481,0.8360535773833784,0.33992745250040224
6053,0.6446,4,33,4,515386,90224,61479,46477,0.8357478972914891,0.33999019758450927
6054,0.6447,17,39,17,515425,90185,61496,46460,0.8353866390010745,0.3400051227633649
6055,0.6448,5,30,5,515455,90155,61501,46455,0.8351087480084479,0.34005563282336576
6056,0.6449,4,31,4,515486,90124,61505,46451,0.8348215939827337,0.3401134907559949
6057,0.645,29,85,29,515571,90039,61534,46422,0.8340342361702916,0.3401851078330072
6058,0.6451,8,13,8,515584,90026,61542,46414,0.8339138167401534,0.34017883318674874
6059,0.6452,1,14,1,515598,90012,61543,46413,0.8337841342769277,0.34020890599230347
6060,0.6453,12,39,12,515637,89973,61555,46401,0.833422875986513,0.3402481411412733
6061,0.6454,0,37,0,515674,89936,61555,46401,0.8330801437622736,0.3403404798403955
6062,0.6455,20,59,20,515733,89877,61575,46381,0.8325336248101078,0.34039102291241613
6063,0.6456,6,19,6,515752,89858,61581,46375,0.8323576271814442,0.3404094455822011
6064,0.6457,11,36,11,515788,89822,61592,46364,0.8320241579902924,0.3404461545239599
6065,0.6458,12,42,12,515830,89780,61604,46352,0.831635110600615,0.3404930508623983
6066,0.6459,28,113,28,515943,89667,61632,46324,0.8305883878617214,0.34064018942430013
6067,0.646,10,18,10,515961,89649,61642,46314,0.8304216532661455,0.3406367908916396
6068,0.6461,6,9,6,515970,89640,61648,46308,0.8303382859683575,0.34063024097449024
6069,0.6462,21,57,21,516027,89583,61669,46287,0.8298102930823669,0.3406712298520645
6070,0.6463,8,28,8,516055,89555,61677,46279,0.8295509281559154,0.3407026223184181
6071,0.6464,9,35,9,516090,89520,61686,46270,0.829226721997851,0.3407467412917004
6072,0.6465,42,86,42,516176,89434,61728,46228,0.8284301011523213,0.34075865017469886
6073,0.6466,12,79,12,516255,89355,61740,46216,0.8276983215384045,0.34089886480146936
6074,0.6467,4,20,4,516275,89335,61744,46212,0.8275130608766534,0.3409297144164017
6075,0.6468,5,29,5,516304,89306,61749,46207,0.8272444329171144,0.34097835632005785
6076,0.6469,13,35,13,516339,89271,61762,46194,0.82692022675905,0.34100321116155463
6077,0.647,36,147,36,516486,89124,61798,46158,0.8255585608951795,0.34119838559453586
6078,0.6471,5,40,5,516526,89084,61803,46153,0.8251880395716773,0.3412749469449929
6079,0.6472,10,14,10,516540,89070,61813,46143,0.8250583571084515,0.3412615650861973
6080,0.6473,3,22,3,516562,89048,61816,46140,0.8248545703805255,0.3413024824688582
6081,0.6474,80,251,80,516813,88797,61896,46060,0.8225295490755493,0.34154697197772454
6082,0.6475,4,13,4,516826,88784,61900,46056,0.8224091296454111,0.3415603678433699
6083,0.6476,5,11,5,516837,88773,61905,46051,0.822307236281448,0.3415638165311814
6084,0.6477,36,114,36,516951,88659,61941,46015,0.8212512505094668,0.34167693838454344
6085,0.6478,4,16,4,516967,88643,61945,46011,0.821103041980066,0.34169798149330877
6086,0.6479,33,82,33,517049,88561,61978,45978,0.8203434732668865,0.3417447728911319
6087,0.648,1,19,1,517068,88542,61979,45977,0.820167475638223,0.341788148886031
6088,0.6481,7,39,7,517107,88503,61986,45970,0.8198062173478083,0.34185301138518515
6089,0.6482,3,14,3,517121,88489,61989,45967,0.8196765348845826,0.34187392158029395
6090,0.6483,2,8,2,517129,88481,61991,45965,0.8196024306198821,0.34188447406393646
6091,0.6484,21,28,21,517157,88453,62012,45944,0.8193430656934306,0.3418528687396296
6092,0.6485,152,514,152,517671,87939,62164,45792,0.8145818666864278,0.3424187361195235
6093,0.6486,11,36,11,517707,87903,62175,45781,0.8142483974952759,0.3424568385147063
6094,0.6487,0,13,0,517720,87890,62175,45781,0.8141279780651377,0.34249014371105174
6095,0.6488,8,21,8,517741,87869,62183,45773,0.813933454370299,0.3425046018467248
6096,0.6489,21,67,21,517808,87802,62204,45752,0.8133128311534329,0.34257304161612534
6097,0.649,4,13,4,517821,87789,62208,45748,0.8131924117232947,0.34258669881755616
6098,0.6491,3,11,3,517832,87778,62211,45745,0.8130905183593315,0.34260015128479737
6099,0.6492,74,220,74,518052,87558,62285,45671,0.8110526510800696,0.34280074158028656
6100,0.6493,8,17,8,518069,87541,62293,45663,0.8108951795175813,0.3428050208702441
6101,0.6494,32,85,32,518154,87456,62325,45631,0.8101078217051392,0.34286594483307914
6102,0.6495,5,14,5,518168,87442,62330,45626,0.8099781392419134,0.34287732587849823
6103,0.6496,16,29,16,518197,87413,62346,45610,0.8097095112823743,0.3428730369936026
6104,0.6497,3,17,3,518214,87396,62349,45607,0.8095520397198859,0.34290203980361345
6105,0.6498,7,11,7,518225,87385,62356,45600,0.8094501463559228,0.342895815317517
6106,0.6499,2,20,2,518245,87365,62358,45598,0.8092648856941717,0.342937508931056
6107,0.65,491,1345,491,519590,86020,62849,45107,0.7968061061914113,0.34399475317821654
6108,0.6501,1,5,1,519595,86015,62850,45106,0.7967597910259735,0.34400286758032655
6109,0.6502,0,25,0,519620,85990,62850,45106,0.7965282151987847,0.34406846890828097
6110,0.6503,4,19,4,519639,85971,62854,45102,0.7963522175701212,0.3440983268865441
6111,0.6504,3,12,3,519651,85959,62857,45099,0.7962410611730705,0.34411481939294053
6112,0.6505,5,11,5,519662,85948,62862,45094,0.7961391678091074,0.34411867950733355
6113,0.6506,1,14,1,519676,85934,62863,45093,0.7960094853458817,0.34415044227525626
6114,0.6507,5,10,5,519686,85924,62868,45088,0.7959168550150061,0.3441516807620676
6115,0.6508,7,13,7,519699,85911,62875,45081,0.7957964355848679,0.3441507878343716
6116,0.6509,5,15,5,519714,85896,62880,45076,0.7956574900885546,0.3441651650734508
6117,0.651,5,11,5,519725,85885,62885,45071,0.7955555967245915,0.34416903387397296
6118,0.6511,2,13,2,519738,85872,62887,45069,0.7954351772944533,0.3441931862441863
6119,0.6512,4,13,4,519751,85859,62891,45065,0.795314757864315,0.344207326387828
6120,0.6513,3,24,3,519775,85835,62894,45062,0.7950924450702138,0.34425540692300055
6121,0.6514,4,11,4,519786,85824,62898,45058,0.7949905517062507,0.3442642991396831
6122,0.6515,3,12,3,519798,85812,62901,45055,0.7948793953092,0.3442808347406145
6123,0.6516,5,31,5,519829,85781,62906,45050,0.7945922412834858,0.34433735123938514
6124,0.6517,8,22,8,519851,85759,62914,45042,0.7943884545555596,0.34435516548038625
6125,0.6518,3,11,3,519862,85748,62917,45039,0.7942865611915966,0.3443690886708924
6126,0.6519,3,18,3,519880,85730,62920,45036,0.7941198265960207,0.34440144991817445
6127,0.652,3,29,3,519909,85701,62923,45033,0.7938511986364816,0.34446280233145166
6128,0.6521,7,12,7,519921,85689,62930,45026,0.7937400422394308,0.3444593198944268
6129,0.6522,5,17,5,519938,85672,62935,45021,0.7935825706769425,0.34447904631464576
6130,0.6523,3,30,3,519968,85642,62938,45018,0.7933046796843158,0.3445430889331088
6131,0.6524,13,38,13,520006,85604,62951,45005,0.7929526844269887,0.3445780918619697
6132,0.6525,2,7,2,520013,85597,62953,45003,0.7928878431953759,0.3445865237366003
6133,0.6526,3,17,3,520030,85580,62956,45000,0.7927303716328875,0.34461632715576657
6134,0.6527,3,25,3,520055,85555,62959,44997,0.7924987958056986,0.3446672590232245
6135,0.6528,8,31,8,520086,85524,62967,44989,0.7922116417799845,0.3447089561959345
6136,0.6529,3,12,3,520098,85512,62970,44986,0.7921004853829338,0.3447255896642094
6137,0.653,6,19,6,520117,85493,62976,44980,0.7919244877542703,0.34474565618940317
6138,0.6531,12,16,12,520133,85477,62988,44968,0.7917762792248694,0.3447276629997317
6139,0.6532,12,35,12,520168,85442,63000,44956,0.791452073066805,0.3447598889553521
6140,0.6533,7,25,7,520193,85417,63007,44949,0.7912204972396162,0.34479081969225106
6141,0.6534,6,21,6,520214,85396,63013,44943,0.7910259735447775,0.34481621003690377
6142,0.6535,9,47,9,520261,85349,63022,44934,0.7905906109896624,0.34489534321438714
6143,0.6536,4,9,4,520270,85340,63026,44930,0.7905072436918744,0.34489905580716973
6144,0.6537,9,21,9,520291,85319,63035,44921,0.7903127199970358,0.344909398034398
6145,0.6538,10,34,10,520325,85285,63045,44911,0.789997776872059,0.34494915358382744
6146,0.6539,13,43,13,520368,85242,63058,44898,0.7895994664492941,0.3449976947902259
6147,0.654,4,16,4,520384,85226,63062,44894,0.7894512579198932,0.34501998155548724
6148,0.6541,4,31,4,520415,85195,63066,44890,0.7891641038941791,0.34508206172886957
6149,0.6542,14,44,14,520459,85151,63080,44876,0.7887565304383267,0.3451283195028725
6150,0.6543,20,79,20,520538,85072,63100,44856,0.7880247508244099,0.3452373622313897
6151,0.6544,6,19,6,520557,85053,63106,44850,0.7878487531957464,0.3452576152975682
6152,0.6545,4,25,4,520582,85028,63110,44846,0.7876171773685575,0.3453039099434837
6153,0.6546,6,31,6,520613,84997,63116,44840,0.7873300233428434,0.345356100341197
6154,0.6547,6,22,6,520635,84975,63122,44834,0.7871262366149172,0.34538437242410003
6155,0.6548,2,24,2,520659,84951,63124,44832,0.7869039238208159,0.3454381544578258
6156,0.6549,5,22,5,520681,84929,63129,44827,0.7867001370928897,0.3454715003545115
6157,0.655,29,75,29,520756,84854,63158,44798,0.7860054096113231,0.34552494369543085
6158,0.6551,1,24,1,520780,84830,63159,44797,0.7857830968172218,0.34558386755845616
6159,0.6552,3,14,3,520794,84816,63162,44794,0.785653414353996,0.3456060489159787
6160,0.6553,13,49,13,520843,84767,63175,44781,0.7851995257327059,0.34567110260289624
6161,0.6554,5,21,5,520864,84746,63180,44776,0.7850050020378673,0.3457018884822656
6162,0.6555,11,48,11,520912,84698,63191,44765,0.7845603764496647,0.34577446838092735
6163,0.6556,5,22,5,520934,84676,63196,44760,0.7843565897217385,0.3458079668716586
6164,0.6557,11,26,11,520960,84650,63207,44749,0.7841157508614621,0.3458218378812819
6165,0.6558,9,36,9,520996,84614,63216,44740,0.7837822816703102,0.34587256675479694
6166,0.6559,46,112,46,521108,84502,63262,44694,0.782744821964504,0.3459395027709836
6167,0.656,6,36,6,521144,84466,63268,44688,0.782411352773352,0.3460055437694535
6168,0.6561,3,8,3,521152,84458,63271,44685,0.7823372485086517,0.34601178538519317
6169,0.6562,15,46,15,521198,84412,63286,44670,0.7819111489866242,0.3460590942191785
6170,0.6563,6,26,6,521224,84386,63292,44664,0.7816703101263478,0.3460984114684231
6171,0.6564,10,41,10,521265,84345,63302,44654,0.7812905257697581,0.34615772215288493
6172,0.6565,26,80,26,521345,84265,63328,44628,0.7805494831227537,0.3462406802541643
6173,0.6566,12,75,12,521420,84190,63340,44616,0.7798547556411871,0.34638137974939054
6174,0.6567,2,13,2,521433,84177,63342,44614,0.7797343362110489,0.34640619297932307
6175,0.6568,13,25,13,521458,84152,63355,44601,0.7795027603838601,0.3464074623503918
6176,0.6569,10,36,10,521494,84116,63365,44591,0.7791692911927082,0.3464535728437459
6177,0.657,40,117,40,521611,83999,63405,44551,0.7780855163214643,0.34656553870089457
6178,0.6571,7,40,7,521651,83959,63412,44544,0.7777149949979622,0.3466378216850968
6179,0.6572,2,12,2,521663,83947,63414,44542,0.7776038386009115,0.3466600253718217
6180,0.6573,8,17,8,521680,83930,63422,44534,0.7774463670384231,0.34666521360069746
6181,0.6574,79,199,79,521879,83731,63501,44455,0.7756030234539998,0.34680074267080646
6182,0.6575,6,18,6,521897,83713,63507,44449,0.7754362888584238,0.3468188698678235
6183,0.6576,3,23,3,521920,83690,63510,44446,0.7752232390974101,0.346865830055566
6184,0.6577,44,110,44,522030,83580,63554,44402,0.7742043054577791,0.34693941335500306
6185,0.6578,8,15,8,522045,83565,63562,44394,0.7740653599614657,0.3469392539797904
6186,0.6579,29,93,29,522138,83472,63591,44365,0.7732038978843232,0.3470435007079328
6187,0.658,9,8,9,522146,83464,63600,44356,0.7731297936196229,0.34701924581442656
6188,0.6581,10,35,10,522181,83429,63610,44346,0.7728055874615584,0.3470631970260223
6189,0.6582,2,14,2,522195,83415,63612,44344,0.7726759049983326,0.34709100728715786
6190,0.6583,4,10,4,522205,83405,63616,44340,0.7725832746674571,0.34709773376648795
6191,0.6584,4,58,4,522263,83347,63620,44336,0.772046018748379,0.3472349490535154
6192,0.6585,149,451,149,522714,82896,63769,44187,0.767868390825892,0.3477018956115295
6193,0.6586,9,25,9,522739,82871,63778,44178,0.7676368149987032,0.3477241064471188
6194,0.6587,1,14,1,522753,82857,63779,44177,0.7675071325354774,0.3477572933230474
6195,0.6588,4,28,4,522781,82829,63783,44173,0.7672477676090259,0.34781342026109824
6196,0.6589,16,58,16,522839,82771,63799,44157,0.7667105116899477,0.3478901424429598
6197,0.659,3,10,3,522849,82761,63802,44154,0.7666178813590722,0.3479021392270417
6198,0.6591,4,11,4,522860,82750,63806,44150,0.7665159879951091,0.3479117415287628
6199,0.6592,58,201,58,523061,82549,63864,44092,0.7646541183445107,0.3481652861237672
6200,0.6593,7,30,7,523091,82519,63871,44085,0.7643762273518842,0.3482117468642381
6201,0.6594,19,91,19,523182,82428,63890,44066,0.7635332913409166,0.3483643492971999
6202,0.6595,6,15,6,523197,82413,63896,44060,0.7633943458446033,0.3483747519233354
6203,0.6596,18,38,18,523235,82375,63914,44042,0.7630423505872763,0.34838668849917337
6204,0.6597,8,21,8,523256,82354,63922,44034,0.7628478268924377,0.3484033294300092
6205,0.6598,9,20,9,523276,82334,63931,44025,0.7626625662306866,0.3484120640397597
6206,0.6599,2,8,2,523284,82326,63933,44023,0.7625884619659862,0.3484238102398911
6207,0.66,519,1335,519,524619,80991,64452,43504,0.7502223127941013,0.3494437527611551
6208,0.6601,4,18,4,524637,80973,64456,43500,0.7500555781985253,0.34947337976910653
6209,0.6602,3,9,3,524646,80964,64459,43497,0.7499722109007373,0.34948297056909394
6210,0.6603,1,12,1,524658,80952,64460,43496,0.7498610545036867,0.34951144253021343
6211,0.6604,1,12,1,524670,80940,64461,43495,0.7497498981066361,0.34953992044039056
6212,0.6605,2,18,2,524688,80922,64463,43493,0.74958316351106,0.34958003456174896
6213,0.6606,3,12,3,524700,80910,64466,43490,0.7494720071140094,0.34959807073954985
6214,0.6607,2,19,2,524719,80891,64468,43488,0.7492960094853459,0.3496410165703214
6215,0.6608,3,22,3,524741,80869,64471,43485,0.7490922227574197,0.3496871833636232
6216,0.6609,5,28,5,524769,80841,64476,43480,0.7488328578309682,0.3497397865203787
6217,0.661,3,21,3,524790,80820,64479,43477,0.7486383341361296,0.34978318060773794
6218,0.6611,0,10,0,524800,80810,64479,43477,0.748545703805254,0.3498113237909033
6219,0.6612,1,20,1,524820,80790,64480,43476,0.7483604431435029,0.34986239196562213
6220,0.6613,4,21,4,524841,80769,64484,43472,0.7481659194486643,0.3499005964214712
6221,0.6614,3,19,3,524860,80750,64487,43469,0.7479899218200008,0.34993841521828384
6222,0.6615,3,17,3,524877,80733,64490,43466,0.7478324502575123,0.34997061167964316
6223,0.6616,13,28,13,524905,80705,64503,43453,0.7475730853310608,0.34998147521706213
6224,0.6617,7,29,7,524934,80676,64510,43446,0.7473044573715217,0.35002658674529896
6225,0.6618,3,12,3,524946,80664,64513,43443,0.7471933009744711,0.3500447194759361
6226,0.6619,4,18,4,524964,80646,64517,43439,0.7470265663788951,0.35007454567433616
6227,0.662,3,19,3,524983,80627,64520,43436,0.7468505687502316,0.35011244287176674
6228,0.6621,9,13,9,524996,80614,64529,43427,0.7467301493200934,0.35010198240904217
6229,0.6622,1,12,1,525008,80602,64530,43426,0.7466189929230427,0.3501306156674299
6230,0.6623,9,31,9,525039,80571,64539,43417,0.7463318388973286,0.35017098428880217
6231,0.6624,8,45,8,525084,80526,64547,43409,0.7459150024083886,0.35025618267640296
6232,0.6625,7,16,7,525100,80510,64554,43402,0.7457667938789877,0.35026470398347215
6233,0.6626,1,22,1,525122,80488,64555,43401,0.7455630071510615,0.3503216589043418
6234,0.6627,5,25,5,525147,80463,64560,43396,0.7453314313238727,0.35036614214550416
6235,0.6628,8,45,8,525192,80418,64568,43388,0.7449145948349327,0.3504515128507504
6236,0.6629,4,18,4,525210,80400,64572,43384,0.7447478602393568,0.35048148387513733
6237,0.663,5,19,5,525229,80381,64577,43379,0.7445718626106932,0.35050904977375563
6238,0.6631,6,26,6,525255,80355,64583,43373,0.7443310237504168,0.3505512091038407
6239,0.6632,11,40,11,525295,80315,64594,43362,0.7439605024269147,0.3506068226105096
6240,0.6633,9,13,9,525308,80302,64603,43353,0.7438400829967765,0.35059641745178116
6241,0.6634,6,18,6,525326,80284,64609,43347,0.7436733484012005,0.3506159458388268
6242,0.6635,17,48,17,525374,80236,64626,43330,0.7432287228129979,0.35066280368386127
6243,0.6636,1,12,1,525386,80224,64627,43329,0.7431175664159473,0.3506916060314197
6244,0.6637,6,20,6,525406,80204,64633,43323,0.7429323057541961,0.35071684732892405
6245,0.6638,11,35,11,525441,80169,64644,43312,0.7426080995961317,0.35075841627456855
6246,0.6639,17,50,17,525491,80119,64661,43295,0.742144947941754,0.3508110911241836
6247,0.664,4,15,4,525506,80104,64665,43291,0.7420060024454407,0.350832691762227
6248,0.6641,5,24,5,525530,80080,64670,43286,0.7417836896513395,0.35087463320525913
6249,0.6642,11,31,11,525561,80049,64681,43275,0.7414965356256252,0.3509049333463073
6250,0.6643,17,78,17,525639,79971,64698,43258,0.740774019044796,0.3510374992899399
6251,0.6644,5,22,5,525661,79949,64703,43253,0.7405702323168698,0.3510738462037954
6252,0.6645,6,25,6,525686,79924,64709,43247,0.740338656489681,0.3511134926240755
6253,0.6646,6,20,6,525706,79904,64715,43241,0.7401533958279299,0.3511389012952211
6254,0.6647,10,36,10,525742,79868,64725,43231,0.739819926636778,0.35118888049456126
6255,0.6648,4,26,4,525768,79842,64729,43227,0.7395790877765015,0.3512419862028618
6256,0.6649,9,31,9,525799,79811,64738,43218,0.7392919337507874,0.35128303083012946
6257,0.665,26,70,26,525869,79741,64764,43192,0.7386435214346586,0.3513458550592599
6258,0.6651,3,17,3,525886,79724,64767,43189,0.7384860498721701,0.35137861739604437
6259,0.6652,1,18,1,525904,79706,64768,43188,0.7383193152765941,0.35142480511660457
6260,0.6653,12,35,12,525939,79671,64780,43176,0.7379951091185297,0.351461574153215
6261,0.6654,3,12,3,525951,79659,64783,43173,0.7378839527214791,0.3514800703399766
6262,0.6655,13,51,13,526002,79608,64796,43160,0.7374115380340138,0.35155740909683303
6263,0.6656,9,17,9,526019,79591,64805,43151,0.7372540664715255,0.351558553714295
6264,0.6657,13,30,13,526049,79561,64818,43138,0.7369761754788988,0.3515758074637935
6265,0.6658,15,34,15,526083,79527,64833,43123,0.736661232353922,0.35159396657154507
6266,0.6659,39,115,39,526198,79412,64872,43084,0.7355959835488532,0.3517176071055381
6267,0.666,11,26,11,526224,79386,64883,43073,0.7353551446885769,0.35173404976359435
6268,0.6661,5,24,5,526248,79362,64888,43068,0.7351328318944755,0.351776525361431
6269,0.6662,9,45,9,526293,79317,64897,43059,0.7347159954055356,0.351858207491665
6270,0.6663,5,22,5,526315,79295,64902,43054,0.7345122086776094,0.35189498892512405
6271,0.6664,6,36,6,526351,79259,64908,43048,0.7341787394864574,0.35196677213896177
6272,0.6665,23,88,23,526439,79171,64931,43025,0.7333635925747527,0.3520982683557563
6273,0.6666,18,57,18,526496,79114,64949,43007,0.7328355996887621,0.35216711294535746
6274,0.6667,3,6,3,526502,79108,64952,43004,0.7327800214902368,0.352168501048218
6275,0.6668,9,29,9,526531,79079,64961,42995,0.7325113935306977,0.3522044006094664
6276,0.6669,12,32,12,526563,79047,64973,42983,0.7322149764718959,0.3522330574448906
6277,0.667,41,117,41,526680,78930,65014,42942,0.7311312016006521,0.35235328869633714
6278,0.6671,9,43,9,526723,78887,65023,42933,0.7307328911778873,0.3524298144803809
6279,0.6672,4,14,4,526737,78873,65027,42929,0.7306032087146616,0.35244905666573617
6280,0.6673,3,13,3,526750,78860,65030,42926,0.7304827892845234,0.3524707273414021
6281,0.6674,64,197,64,526947,78663,65094,42862,0.7286579717662751,0.3527010903106357
6282,0.6675,3,18,3,526965,78645,65097,42859,0.7284912371706992,0.3527373584408744
6283,0.6676,4,17,4,526982,78628,65101,42855,0.7283337656082107,0.3527654075055769
6284,0.6677,37,113,37,527095,78515,65138,42818,0.7272870428693171,0.3528965738916865
6285,0.6678,4,21,4,527116,78494,65142,42814,0.7270925191744785,0.35293632736505426
6286,0.6679,22,82,22,527198,78412,65164,42792,0.7263329504612991,0.3530576548628758
6287,0.668,3,10,3,527208,78402,65167,42789,0.7262403201304235,0.35307077258212244
6288,0.6681,9,38,9,527246,78364,65176,42780,0.7258883248730964,0.35313346100508486
6289,0.6682,3,17,3,527263,78347,65179,42777,0.725730853310608,0.3531670024107526
6290,0.6683,4,24,4,527287,78323,65183,42773,0.7255085405165067,0.35321563057409
6291,0.6684,17,34,17,527321,78289,65200,42756,0.7251935973915299,0.3532240076004792
6292,0.6685,151,420,151,527741,77869,65351,42605,0.7213031234947571,0.3536447698258545
6293,0.6686,3,24,3,527765,77845,65354,42602,0.7210808107006558,0.3536991373799264
6294,0.6687,2,16,2,527781,77829,65356,42600,0.720932602171255,0.353735395959445
6295,0.6688,5,18,5,527799,77811,65361,42595,0.720765867575679,0.35376144045977775
6296,0.6689,10,46,10,527845,77765,65371,42585,0.7203397680536515,0.35384295803905275
6297,0.669,3,24,3,527869,77741,65374,42582,0.7201174552595502,0.3538974260947616
6298,0.6691,5,19,5,527888,77722,65379,42577,0.7199414576308867,0.3539264665541692
6299,0.6692,60,185,60,528073,77537,65439,42517,0.7182277965096892,0.354148966298499
6300,0.6693,2,19,2,528092,77518,65441,42515,0.7180517988810255,0.3541942632442745
6301,0.6694,33,75,33,528167,77443,65474,42482,0.717357071399459,0.35423806545757763
6302,0.6695,5,13,5,528180,77430,65479,42477,0.7172366519693208,0.354249543396132
6303,0.6696,11,27,11,528207,77403,65490,42466,0.7169865500759569,0.35427007816866746
6304,0.6697,5,16,5,528223,77387,65495,42461,0.716838341546556,0.3542904345504305
6305,0.6698,5,12,5,528235,77375,65500,42456,0.7167271851495054,0.3542989710508967
6306,0.6699,6,16,6,528251,77359,65506,42450,0.7165789766201045,0.35431394970327773
6307,0.67,519,1298,519,529549,76061,66025,41931,0.7045555596724592,0.35537155061360093
6308,0.6701,3,13,3,529562,76048,66028,41928,0.7044351402423209,0.3553943174883027
6309,0.6702,1,14,1,529576,76034,66029,41927,0.7043054577790951,0.35543103229033324
6310,0.6703,3,12,3,529588,76022,66032,41924,0.7041943013820445,0.3554507995184237
6311,0.6704,4,17,4,529605,76005,66036,41920,0.7040368298195561,0.35548017807928767
6312,0.6705,6,12,6,529617,75993,66042,41914,0.7039256734225054,0.3554835590762211
6313,0.6706,2,7,2,529624,75986,66044,41912,0.7038608321908926,0.35549373186992145
6314,0.6707,4,12,4,529636,75974,66048,41908,0.703749675793842,0.35550805042330463
6315,0.6708,2,17,2,529653,75957,66050,41906,0.7035922042313535,0.3555483909284508
6316,0.6709,10,26,10,529679,75931,66060,41896,0.7033513653710771,0.35557215239291506
6317,0.671,0,16,0,529695,75915,66060,41896,0.7032031568416762,0.35562044291280104
6318,0.6711,1,10,1,529705,75905,66061,41895,0.7031105265108007,0.3556451612903226
6319,0.6712,4,10,4,529715,75895,66065,41891,0.7030178961799252,0.355653473248094
6320,0.6713,5,13,5,529728,75882,66070,41886,0.702897476749787,0.3556653759934787
6321,0.6714,6,12,6,529740,75870,66076,41880,0.7027863203527362,0.3556687898089172
6322,0.6715,5,13,5,529753,75857,66081,41875,0.7026659009225981,0.35568069853565726
6323,0.6716,1,14,1,529767,75843,66082,41874,0.7025362184593723,0.3557175259308341
6324,0.6717,5,17,5,529784,75826,66087,41869,0.702378746896884,0.3557415353243553
6325,0.6718,4,21,4,529805,75805,66091,41865,0.7021842232020453,0.3557831222911532
6326,0.6719,5,12,5,529817,75793,66096,41860,0.7020730668049946,0.35579203250235863
6327,0.672,4,24,4,529841,75769,66100,41856,0.7018507540108934,0.35584272051009563
6328,0.6721,5,23,5,529864,75746,66105,41851,0.7016377042498796,0.3558849290373054
6329,0.6722,5,14,5,529878,75732,66110,41846,0.7015080217866538,0.3558999132490772
6330,0.6723,4,17,4,529895,75715,66114,41842,0.7013505502241654,0.3559294640046956
6331,0.6724,5,31,5,529926,75684,66119,41837,0.7010633961984513,0.35599594966006076
6332,0.6725,4,12,4,529938,75672,66123,41833,0.7009522398014005,0.3560103825369133
6333,0.6726,3,8,3,529946,75664,66126,41830,0.7008781355367001,0.3560181796517269
6334,0.6727,7,27,7,529973,75637,66133,41823,0.7006280336433361,0.35606163800442703
6335,0.6728,2,18,2,529991,75619,66135,41821,0.7004612990477602,0.35610524523160764
6336,0.6729,3,22,3,530013,75597,66138,41818,0.700257512319834,0.3561555167568028
6337,0.673,2,15,2,530028,75582,66140,41816,0.7001185668235207,0.35619005434504847
6338,0.6731,7,34,7,530062,75548,66147,41809,0.6998036236985439,0.3562548463236109
6339,0.6732,5,30,5,530092,75518,66152,41804,0.6995257327059172,0.3563185080377082
6340,0.6733,5,17,5,530109,75501,66157,41799,0.6993682611434288,0.35634271099744247
6341,0.6734,7,18,7,530127,75483,66164,41792,0.6992015265478528,0.35635898529098275
6342,0.6735,5,43,5,530170,75440,66169,41787,0.698803216125088,0.3564622484581197
6343,0.6736,5,12,5,530182,75428,66174,41782,0.6986920597280374,0.356471290845491
6344,0.6737,4,18,4,530200,75410,66178,41778,0.6985253251324613,0.35650407891592995
6345,0.6738,6,27,6,530227,75383,66184,41772,0.6982752232390974,0.3565532841107934
6346,0.6739,12,49,12,530276,75334,66196,41760,0.6978213346178073,0.35663654841409465
6347,0.674,2,16,2,530292,75318,66198,41758,0.6976731260884064,0.3566742970378216
6348,0.6741,3,21,3,530313,75297,66201,41755,0.6974786023935677,0.3567217988586269
6349,0.6742,10,30,10,530343,75267,66211,41745,0.6972007114009411,0.356758281201928
6350,0.6743,17,66,17,530409,75201,66228,41728,0.6965893512171626,0.3568661324393435
6351,0.6744,9,24,9,530433,75177,66237,41719,0.6963670384230612,0.35688988502600605
6352,0.6745,5,19,5,530452,75158,66242,41714,0.6961910407943978,0.356920391539462
6353,0.6746,7,30,7,530482,75128,66249,41707,0.6959131498017711,0.3569735096503616
6354,0.6747,3,30,3,530512,75098,66252,41704,0.6956352588091445,0.35704868067327616
6355,0.6748,3,18,3,530530,75080,66255,41701,0.6954685242135685,0.3570871974036872
6356,0.6749,3,33,3,530563,75047,66258,41698,0.6951628441216792,0.35717161334532527
6357,0.675,28,76,28,530639,74971,66286,41670,0.6944588536070251,0.35725002357661545
6358,0.6751,5,17,5,530656,74954,66291,41665,0.6943013820445366,0.357274543599242
6359,0.6752,2,15,2,530671,74939,66293,41663,0.6941624365482234,0.3573094801118334
6360,0.6753,13,36,13,530707,74903,66306,41650,0.6938289673570714,0.3573481592065412
6361,0.6754,7,15,7,530722,74888,66313,41643,0.6936900218607581,0.3573555534578782
6362,0.6755,15,46,15,530768,74842,66328,41628,0.6932639223387306,0.35741392633296126
6363,0.6756,6,13,6,530781,74829,66334,41622,0.6931435029085924,0.3574207177267692
6364,0.6757,10,25,10,530806,74804,66344,41612,0.6929119270814036,0.3574422759758109
6365,0.6758,15,34,15,530840,74770,66359,41597,0.6925969839564267,0.3574638858095508
6366,0.6759,36,89,36,530929,74681,66395,41561,0.6917725740116344,0.35753858330035615
6367,0.676,7,22,7,530951,74659,66402,41554,0.6915687872837082,0.3575675698932133
6368,0.6761,4,15,4,530966,74644,66406,41550,0.6914298417873949,0.35759161402482054
6369,0.6762,12,27,12,530993,74617,66418,41538,0.6911797398940309,0.35760836812879343
6370,0.6763,9,27,9,531020,74590,66427,41529,0.690929638000667,0.3576417296049742
6371,0.6764,10,34,10,531054,74556,66437,41519,0.69061469487569,0.357691147964678
6372,0.6765,35,73,35,531127,74483,66472,41484,0.6899384934602987,0.35772245552614107
6373,0.6766,22,53,22,531180,74430,66494,41462,0.6894475527066583,0.3577641252200324
6374,0.6767,6,13,6,531193,74417,66500,41456,0.6893271332765201,0.3577710079138367
6375,0.6768,10,21,10,531214,74396,66510,41446,0.6891326095816814,0.357780425061722
6376,0.6769,8,32,8,531246,74364,66518,41438,0.6888361925228796,0.35783492513082676
6377,0.677,43,140,43,531386,74224,66561,41395,0.6875393678906221,0.35802938963319175
6378,0.6771,14,31,14,531417,74193,66575,41381,0.687252213864908,0.35804765777770087
6379,0.6772,5,19,5,531436,74174,66580,41376,0.6870762162362444,0.3580787537862397
6380,0.6773,5,16,5,531452,74158,66585,41371,0.6869280077068435,0.35810056349488006
6381,0.6774,70,192,70,531644,73966,66655,41301,0.6851495053540331,0.3583072345077082
6382,0.6775,4,14,4,531658,73952,66659,41297,0.6850198228908073,0.3583284887504447
6383,0.6776,4,18,4,531676,73934,66663,41293,0.6848530882952314,0.3583621894174108
6384,0.6777,33,84,33,531760,73850,66696,41260,0.6840749935158769,0.3584397532794718
6385,0.6778,4,17,4,531777,73833,66700,41256,0.6839175219533884,0.3584704011677919
6386,0.6779,31,77,31,531854,73756,66731,41225,0.6832042684056467,0.3585374974995869
6387,0.678,3,16,3,531870,73740,66734,41222,0.6830560598762458,0.3585706581305127
6388,0.6781,17,37,17,531907,73703,66751,41205,0.6827133276520063,0.35859122080272915
6389,0.6782,1,15,1,531922,73688,66752,41204,0.6825743821556931,0.358632454827142
6390,0.6783,6,13,6,531935,73675,66758,41198,0.6824539627255548,0.3586395410583862
6391,0.6784,6,37,6,531972,73638,66764,41192,0.6821112305013154,0.35872158843507795
6392,0.6785,166,359,166,532331,73279,66930,41026,0.6787858016228834,0.35891693276759545
6393,0.6786,2,28,2,532359,73251,66932,41024,0.6785264366964319,0.3589936556552177
6394,0.6787,2,15,2,532374,73236,66934,41022,0.6783874912001185,0.3590295646694323
6395,0.6788,13,24,13,532398,73212,66947,41009,0.6781651784060173,0.359032051899388
6396,0.6789,18,48,18,532446,73164,66965,40991,0.6777205528178146,0.35908194998028997
6397,0.679,3,11,3,532457,73153,66968,40988,0.6776186594538516,0.3590997100077974
6398,0.6791,2,21,2,532478,73132,66970,40986,0.677424135759013,0.35915455931579593
6399,0.6792,65,210,65,532688,72922,67035,40921,0.6754788988106265,0.35945117398522525
6400,0.6793,8,24,8,532712,72898,67043,40913,0.6752565860165253,0.3594819481420952
6401,0.6794,28,75,28,532787,72823,67071,40885,0.6745618585349586,0.35956133253596934
6402,0.6795,2,9,2,532796,72814,67073,40883,0.6744784912371707,0.35957852889698055
6403,0.6796,9,30,9,532826,72784,67082,40874,0.6742006002445441,0.35962272783262067
6404,0.6797,5,18,5,532844,72766,67087,40869,0.6740338656489681,0.3596515158181898
6405,0.6798,2,21,2,532865,72745,67089,40867,0.6738393419541294,0.3597067211210083
6406,0.6799,3,6,3,532871,72739,67092,40864,0.6737837637556041,0.3597088105067648
6407,0.68,538,1300,538,534171,71439,67630,40326,0.6617418207417837,0.36081062944571196
6408,0.6801,1,12,1,534183,71427,67631,40325,0.661630664344733,0.3608436538048536
6409,0.6802,5,12,5,534195,71415,67636,40320,0.6615195079476824,0.3608538058799839
6410,0.6803,4,19,4,534214,71396,67640,40316,0.6613435103190188,0.3608922944714981
6411,0.6804,1,16,1,534230,71380,67641,40315,0.6611953017896179,0.36093826939433277
6412,0.6805,3,14,3,534244,71366,67644,40312,0.6610656193263922,0.36096634968391267
6413,0.6806,2,13,2,534257,71353,67646,40310,0.660945199896254,0.36099692825734575
6414,0.6807,1,12,1,534269,71341,67647,40309,0.6608340434992034,0.3610300044782803
6415,0.6808,5,16,5,534285,71325,67652,40304,0.6606858349698025,0.3610531313547555
6416,0.6809,9,17,9,534302,71308,67661,40295,0.6605283634073141,0.3610566024210819
6417,0.681,2,7,2,534309,71301,67663,40293,0.6604635221757013,0.36106779934405075
6418,0.6811,5,22,5,534331,71279,67668,40288,0.660259735447775,0.36111036417578674
6419,0.6812,7,16,7,534347,71263,67675,40281,0.6601115269183742,0.36112206842143013
6420,0.6813,6,24,6,534371,71239,67681,40275,0.6598892141242728,0.3611654142080815
6421,0.6814,4,14,4,534385,71225,67685,40271,0.6597595316610471,0.3611878453038674
6422,0.6815,5,8,5,534393,71217,67690,40266,0.6596854273963466,0.3611851134253653
6423,0.6816,1,8,1,534401,71209,67691,40265,0.6596113231316463,0.3612053034788381
6424,0.6817,3,23,3,534424,71186,67694,40262,0.6593982733706325,0.3612626516402268
6425,0.6818,1,12,1,534436,71174,67695,40261,0.6592871169735818,0.36129582267689686
6426,0.6819,5,21,5,534457,71153,67700,40256,0.6590925932787431,0.36133526016749096
6427,0.682,7,23,7,534480,71130,67707,40249,0.6588795435177295,0.3613697375627362
6428,0.6821,5,24,5,534504,71106,67712,40244,0.6586572307236281,0.36141894925909296
6429,0.6822,6,21,6,534525,71085,67718,40238,0.6584627070287895,0.3614527096826352
6430,0.6823,6,19,6,534544,71066,67724,40232,0.658286709400126,0.36147999065571707
6431,0.6824,8,24,8,534568,71042,67732,40224,0.6580643966060247,0.36151205219923427
6432,0.6825,3,5,3,534573,71037,67735,40221,0.6580180814405869,0.3615110823491344
6433,0.6826,8,19,8,534592,71018,67743,40213,0.6578420838119233,0.3615269124614541
6434,0.6827,6,21,6,534613,70997,67749,40207,0.6576475601170847,0.3615607352253516
6435,0.6828,11,39,11,534652,70958,67760,40196,0.6572863018266701,0.36162441297659104
6436,0.6829,6,14,6,534666,70944,67766,40190,0.6571566193634444,0.3616355030863642
6437,0.683,4,13,4,534679,70931,67770,40186,0.6570361999333062,0.36165483229388845
6438,0.6831,7,18,7,534697,70913,67777,40179,0.6568694653377302,0.36167320779174017
6439,0.6832,9,25,9,534722,70888,67786,40170,0.6566378895105414,0.361702893983324
6440,0.6833,2,19,2,534741,70869,67788,40168,0.6564618918818778,0.3617532894440592
6441,0.6834,8,20,8,534761,70849,67796,40160,0.6562766312201267,0.3617724688989181
6442,0.6835,12,37,12,534798,70812,67808,40148,0.6559338989958872,0.36182408074981975
6443,0.6836,8,20,8,534818,70792,67816,40140,0.6557486383341361,0.36184329138571375
6444,0.6837,9,22,9,534840,70770,67825,40131,0.6555448516062099,0.36186328346903995
6445,0.6838,5,30,5,534870,70740,67830,40126,0.6552669606135834,0.36193242292497246
6446,0.6839,10,48,10,534918,70692,67840,40116,0.6548223350253807,0.3620316222655404
6447,0.684,8,18,8,534936,70674,67848,40108,0.6546556004298048,0.3620443754400534
6448,0.6841,3,12,3,534948,70662,67851,40105,0.6545444440327541,0.3620663193911544
6449,0.6842,4,27,4,534975,70635,67855,40101,0.6542943421393901,0.3621315561335067
6450,0.6843,11,43,11,535018,70592,67866,40090,0.6538960317166252,0.3622088505809436
6451,0.6844,6,19,6,535037,70573,67872,40084,0.6537200340879618,0.3622364604137108
6452,0.6845,4,9,4,535046,70564,67876,40080,0.6536366667901737,0.3622428690213658
6453,0.6846,4,33,4,535079,70531,67880,40076,0.6533309866982845,0.3623278815988138
6454,0.6847,18,23,18,535102,70508,67898,40058,0.6531179369372707,0.3622994410578297
6455,0.6848,7,13,7,535115,70495,67905,40051,0.6529975175071325,0.362301666274673
6456,0.6849,6,18,6,535133,70477,67911,40045,0.6528307829115566,0.36232605273158286
6457,0.685,39,79,39,535212,70398,67950,40006,0.6520990032976398,0.36236005941813704
6458,0.6851,9,14,9,535226,70384,67959,39997,0.6519693208344141,0.36235402832009134
6459,0.6852,4,11,4,535237,70373,67963,39993,0.6518674274704509,0.36236703332548065
6460,0.6853,16,48,16,535285,70325,67979,39977,0.6514228018822483,0.36243223150985476
6461,0.6854,3,22,3,535307,70303,67982,39974,0.6512190151543221,0.36248719134543017
6462,0.6855,12,36,12,535343,70267,67994,39962,0.6508855459631702,0.36253617469087085
6463,0.6856,8,31,8,535374,70236,68002,39954,0.650598391937456,0.36259188674108356
6464,0.6857,8,22,8,535396,70214,68010,39946,0.6503946052095299,0.36261801016702977
6465,0.6858,13,36,13,535432,70178,68023,39933,0.6500611360183779,0.36266131449174016
6466,0.6859,34,93,34,535525,70085,68057,39899,0.6491996739412353,0.36277094850160024
6467,0.686,9,20,9,535545,70065,68066,39890,0.6490144132794843,0.3627847755900141
6468,0.6861,3,20,3,535565,70045,68069,39887,0.6488291526177331,0.3628333879125277
6469,0.6862,22,40,22,535605,70005,68091,39865,0.648458631294231,0.3628378993355784
6470,0.6863,6,24,6,535629,69981,68097,39859,0.6482363185001296,0.36288237436270937
6471,0.6864,19,47,19,535676,69934,68116,39840,0.6478009559450146,0.3629274691639186
6472,0.6865,22,76,22,535752,69858,68138,39818,0.6470969654303605,0.36305116889747985
6473,0.6866,25,49,25,535801,69809,68163,39793,0.6466430768090704,0.36306819218627395
6474,0.6867,8,20,8,535821,69789,68171,39785,0.6464578161473192,0.36308795882234834
6475,0.6868,11,40,11,535861,69749,68182,39774,0.6460872948238171,0.3631565972444144
6476,0.6869,19,35,19,535896,69714,68201,39755,0.6457630886657527,0.363162173766089
6477,0.687,41,107,41,536003,69607,68242,39714,0.6447719441253844,0.36327878449703166
6478,0.6871,12,23,12,536026,69584,68254,39702,0.6445588943643706,0.363285324744249
6479,0.6872,4,17,4,536043,69567,68258,39698,0.6444014228018823,0.363318537500572
6480,0.6873,2,16,2,536059,69551,68260,39696,0.6442532142724814,0.3633600922679799
6481,0.6874,87,183,87,536242,69368,68347,39609,0.642558079217459,0.36346201492057956
6482,0.6875,1,18,1,536260,69350,68348,39608,0.642391344621883,0.363516217258026
6483,0.6876,3,15,3,536275,69335,68351,39605,0.6422523991255696,0.36354874242702406
6484,0.6877,50,96,50,536371,69239,68401,39555,0.6413631479491645,0.36357703549828113
6485,0.6878,7,14,7,536385,69225,68408,39548,0.6412334654859387,0.36358287442655807
6486,0.6879,29,72,29,536457,69153,68437,39519,0.6405665271036348,0.36365393109540634
6487,0.688,1,10,1,536467,69143,68438,39518,0.6404738967727592,0.36368154167548616
6488,0.6881,13,34,13,536501,69109,68451,39505,0.6401589536477824,0.3637192258824829
6489,0.6882,10,21,10,536522,69088,68461,39495,0.6399644299529438,0.36373097077811445
6490,0.6883,5,20,5,536542,69068,68466,39490,0.6397791692911927,0.3637686766521122
6491,0.6884,12,35,12,536577,69033,68478,39478,0.6394549631331283,0.3638156500262646
6492,0.6885,159,395,159,536972,68638,68637,39319,0.6357960650635444,0.36420982428189
6493,0.6886,5,32,5,537004,68606,68642,39314,0.6354996480047427,0.364288361749444
6494,0.6887,6,15,6,537019,68591,68648,39308,0.6353607025084294,0.3643036543434138
6495,0.6888,8,26,8,537045,68565,68656,39300,0.635119863648153,0.3643443192879989
6496,0.6889,20,42,20,537087,68523,68676,39280,0.6347308162584757,0.36436833854345424
6497,0.689,2,23,2,537110,68500,68678,39278,0.6345177664974619,0.36443430013546363
6498,0.6891,9,18,9,537128,68482,68687,39269,0.6343510319018859,0.36444209334484134
6499,0.6892,77,188,77,537316,68294,68764,39192,0.6326095816814258,0.3646242301322963
6500,0.6893,1,18,1,537334,68276,68765,39191,0.6324428470858497,0.3646793899522644
6501,0.6894,28,83,28,537417,68193,68793,39163,0.6316740153395828,0.3647956332203137
6502,0.6895,0,13,0,537430,68180,68793,39163,0.6315535959094446,0.36483981256346476
6503,0.6896,9,34,9,537464,68146,68802,39154,0.6312386527844678,0.3649021435228332
6504,0.6897,10,22,10,537486,68124,68812,39144,0.6310348660565416,0.36491777603758807
6505,0.6898,12,21,12,537507,68103,68824,39132,0.6308403423617029,0.3649181703734788
6506,0.6899,4,19,4,537526,68084,68828,39128,0.6306643447330393,0.36495914636421295
6507,0.69,556,1206,556,538732,66878,69384,38572,0.619493126829449,0.3657847321005216
6508,0.6901,4,13,4,538745,66865,69388,38568,0.6193727073993108,0.3658057723862548
6509,0.6902,2,10,2,538755,66855,69390,38566,0.6192800770684352,0.36582844025383937
6510,0.6903,7,13,7,538768,66842,69397,38559,0.6191596576382971,0.3658314437244428
6511,0.6904,0,14,0,538782,66828,69397,38559,0.6190299751750713,0.36588004213043357
6512,0.6905,5,18,5,538800,66810,69402,38554,0.6188632405794954,0.36591245586727916
6513,0.6906,2,18,2,538818,66792,69404,38552,0.6186965059839193,0.3659629404617254
6514,0.6907,1,14,1,538832,66778,69405,38551,0.6185668235206936,0.36600556352001823
6515,0.6908,1,23,1,538855,66755,69406,38550,0.6183537737596798,0.36607948340534635
6516,0.6909,5,10,5,538865,66745,69411,38545,0.6182611434288043,0.36608414854212173
6517,0.691,4,7,4,538872,66738,69415,38541,0.6181963021971915,0.3660844042971533
6518,0.6911,2,11,2,538883,66727,69417,38539,0.6180944088332283,0.36611061501339465
6519,0.6912,6,11,6,538894,66716,69423,38533,0.6179925154692653,0.36611274216382106
6520,0.6913,10,21,10,538915,66695,69433,38523,0.6177979917744266,0.3661255678686156
6521,0.6914,3,28,3,538943,66667,69436,38520,0.6175386268479751,0.36620494928080466
6522,0.6915,4,15,4,538958,66652,69440,38516,0.6173996813516618,0.36623307469952837
6523,0.6916,3,21,3,538979,66631,69443,38513,0.6172051576568232,0.3662881381724112
6524,0.6917,3,20,3,538999,66611,69446,38510,0.6170198969950721,0.3663397418213297
6525,0.6918,5,19,5,539018,66592,69451,38505,0.6168438993664085,0.3663758242385606
6526,0.6919,3,10,3,539028,66582,69454,38502,0.616751269035533,0.36639260020554987
6527,0.692,12,25,12,539053,66557,69466,38490,0.6165196932083441,0.36640741763210755
6528,0.6921,4,9,4,539062,66548,69470,38486,0.6164363259105562,0.36641468476874156
6529,0.6922,9,13,9,539075,66535,69479,38477,0.6163159064804179,0.3664057441054356
6530,0.6923,1,8,1,539083,66527,69480,38476,0.6162418022157176,0.3664276258773559
6531,0.6924,9,29,9,539112,66498,69489,38467,0.6159731742561785,0.36647453913209166
6532,0.6925,7,13,7,539125,66485,69496,38460,0.6158527548260403,0.366477678784125
6533,0.6926,6,18,6,539143,66467,69502,38454,0.6156860202304643,0.366504322299635
6534,0.6927,9,23,9,539166,66444,69511,38445,0.6154729704694505,0.3665303320653262
6535,0.6928,14,32,14,539198,66412,69525,38431,0.6151765534106488,0.3665576147191515
6536,0.6929,10,30,10,539228,66382,69535,38421,0.6148986624180222,0.3666021010848926
6537,0.693,7,7,7,539235,66375,69542,38414,0.6148338211864093,0.366584278884234
6538,0.6931,6,17,6,539252,66358,69548,38408,0.6146763496239208,0.3666074871618655
6539,0.6932,11,22,11,539274,66336,69559,38397,0.6144725628959946,0.36661797141302166
6540,0.6933,3,20,3,539294,66316,69562,38394,0.6142873022342435,0.3666698500620762
6541,0.6934,6,25,6,539319,66291,69568,38388,0.6140557264070547,0.36672111884905284
6542,0.6935,15,39,15,539358,66252,69583,38373,0.6136944681166401,0.36676702508960574
6543,0.6936,3,21,3,539379,66231,69586,38370,0.6134999444218014,0.3668224969168555
6544,0.6937,0,15,0,539394,66216,69586,38370,0.6133609989254881,0.3668751075669784
6545,0.6938,4,23,4,539417,66193,69590,38366,0.6131479491644745,0.36693158886370375
6546,0.6939,13,23,13,539440,66170,69603,38353,0.6129348994034607,0.3669335935631392
6547,0.694,7,11,7,539451,66159,69610,38346,0.6128330060394975,0.3669298119707191
6548,0.6941,6,16,6,539467,66143,69616,38340,0.6126847975100967,0.3669496473110458
6549,0.6942,4,20,4,539487,66123,69620,38336,0.6124995368483456,0.3669956633703175
6550,0.6943,15,50,15,539537,66073,69635,38321,0.6120363851939679,0.3670804835526946
6551,0.6944,7,15,7,539552,66058,69642,38314,0.6118974396976546,0.36709079063350325
6552,0.6945,3,16,3,539568,66042,69645,38311,0.6117492311682537,0.36712887985970694
6553,0.6946,6,19,6,539587,66023,69651,38305,0.6115732335395903,0.36715934360861896
6554,0.6947,3,37,3,539624,65986,69654,38302,0.6112305013153507,0.36727140227063515
6555,0.6948,11,17,11,539641,65969,69665,38291,0.6110730297528623,0.3672645309802417
6556,0.6949,5,23,5,539664,65946,69670,38286,0.6108599799918485,0.36731521989408245
6557,0.695,17,72,17,539736,65874,69687,38269,0.6101930416095447,0.36746588824981036
6558,0.6951,6,15,6,539751,65859,69693,38263,0.6100540961132314,0.3674823764430188
6559,0.6952,3,18,3,539769,65841,69696,38260,0.6098873615176553,0.3675276894554327
6560,0.6953,8,41,8,539810,65800,69704,38252,0.6095075771610656,0.36762388036750854
6561,0.6954,3,16,3,539826,65784,69707,38249,0.6093593686316647,0.3676621841146559
6562,0.6955,18,36,18,539862,65748,69725,38231,0.6090258994405128,0.367680012310178
6563,0.6956,9,16,9,539878,65732,69734,38222,0.6088776909111119,0.36768185928391406
6564,0.6957,5,23,5,539901,65709,69739,38217,0.6086646411500982,0.3677328098839559
6565,0.6958,6,34,6,539935,65675,69745,38211,0.6083496980251214,0.3678166451687427
6566,0.6959,43,104,43,540039,65571,69788,38168,0.6073863425840157,0.3679233460897059
6567,0.696,7,30,7,540069,65541,69795,38161,0.607108451591389,0.3679871169312067
6568,0.6961,5,27,5,540096,65514,69800,38156,0.6068583496980251,0.3680524741969712
6569,0.6962,14,38,14,540134,65476,69814,38142,0.6065063544406981,0.3681020672084001
6570,0.6963,7,24,7,540158,65452,69821,38135,0.6062840416465968,0.3681446513558651
6571,0.6964,18,40,18,540198,65412,69839,38117,0.6059135203230946,0.36817703252228845
6572,0.6965,20,75,20,540273,65337,69859,38097,0.605218792841528,0.3683218284123209
6573,0.6966,13,46,13,540319,65291,69872,38084,0.6047926933195006,0.3684062877871826
6574,0.6967,1,9,1,540328,65282,69873,38083,0.6047093260217126,0.36843225463164514
6575,0.6968,8,28,8,540356,65254,69881,38075,0.6044499610952611,0.3684831944565417
6576,0.6969,8,30,8,540386,65224,69889,38067,0.6041720701026344,0.368541305631662
6577,0.697,34,89,34,540475,65135,69923,38033,0.6033476601578421,0.36865113213399503
6578,0.6971,14,25,14,540500,65110,69937,38019,0.6031160843306532,0.3686547915717209
6579,0.6972,1,12,1,540512,65098,69938,38018,0.6030049279336026,0.3686915706582877
6580,0.6973,2,17,2,540529,65081,69940,38016,0.6028474563711141,0.36874011852915217
6581,0.6974,66,176,66,540705,64905,70006,37950,0.6012171625477046,0.3689660201254193
6582,0.6975,4,21,4,540726,64884,70010,37946,0.601022638852866,0.3690168238840805
6583,0.6976,2,12,2,540738,64872,70012,37944,0.6009114824558154,0.36904761904761907
6584,0.6977,31,99,31,540837,64773,70043,37913,0.5999944421801474,0.36921294042031044
6585,0.6978,6,14,6,540851,64759,70049,37907,0.5998647597169217,0.36922642354820484
6586,0.6979,31,77,31,540928,64682,70080,37876,0.59915150616918,0.36931297412196024
6587,0.698,3,19,3,540947,64663,70083,37873,0.5989755085405165,0.36936295544979325
6588,0.6981,12,45,12,540992,64618,70095,37861,0.5985586720515765,0.3694513022180154
6589,0.6982,3,14,3,541006,64604,70098,37858,0.5984289895883508,0.3694833206457028
6590,0.6983,3,10,3,541016,64594,70101,37855,0.5983363592574753,0.3695009224101748
6591,0.6984,13,35,13,541051,64559,70114,37842,0.5980121530994109,0.36954717239089463
6592,0.6985,176,406,176,541457,64153,70290,37666,0.5942513616658639,0.3699309559119614
6593,0.6986,7,22,7,541479,64131,70297,37659,0.5940475749379377,0.3699675803124079
6594,0.6987,1,10,1,541489,64121,70298,37658,0.5939549446070621,0.3699977402018098
6595,0.6988,11,24,11,541513,64097,70309,37647,0.5937326318129609,0.37001690517376945
6596,0.6989,19,29,19,541542,64068,70328,37628,0.5934640038534218,0.3700047199496539
6597,0.699,4,15,4,541557,64053,70332,37624,0.5933250583571085,0.37003452108146384
6598,0.6991,4,13,4,541570,64040,70336,37620,0.5932046389269703,0.37005705292150304
6599,0.6992,86,150,86,541720,63890,70422,37534,0.5918151839638371,0.3700702003470579
6600,0.6993,1,19,1,541739,63871,70423,37533,0.5916391863351735,0.37013332807384325
6601,0.6994,24,73,24,541812,63798,70447,37509,0.5909629849197822,0.370250821759602
6602,0.6995,2,9,2,541821,63789,70449,37507,0.5908796176219941,0.37027128415732113
6603,0.6996,9,33,9,541854,63756,70458,37498,0.5905739375301049,0.3703359867264503
6604,0.6997,10,18,10,541872,63738,70468,37488,0.5904072029345289,0.37033963606188136
6605,0.6998,3,12,3,541884,63726,70471,37485,0.5902960465374782,0.3703648812876071
6606,0.6999,3,9,3,541893,63717,70474,37482,0.5902126792396902,0.37037915394420895
6607,0.7,556,1223,556,543116,62494,71030,36926,0.5788839897736114,0.3714142023737679
6608,0.7001,4,12,4,543128,62482,71034,36922,0.5787728333765608,0.3714337451209207
6609,0.7002,4,21,4,543149,62461,71038,36918,0.5785783096817222,0.37148693385926607
6610,0.7003,4,17,4,543166,62444,71042,36914,0.5784208381192337,0.3715251917309125
6611,0.7004,5,20,5,543186,62424,71047,36909,0.5782355774574827,0.3715683609676543
6612,0.7005,6,18,6,543204,62406,71053,36903,0.5780688428619067,0.37159774038606774
6613,0.7006,4,14,4,543218,62392,71057,36899,0.577939160398681,0.3716248199736129
6614,0.7007,4,7,4,543225,62385,71061,36895,0.5778743191670681,0.3716257050765512
6615,0.7008,2,15,2,543240,62370,71063,36893,0.5777353736707548,0.37166920201887915
6616,0.7009,4,26,4,543266,62344,71067,36889,0.5774945348104783,0.3717412554291415
6617,0.701,4,15,4,543281,62329,71071,36885,0.5773555893141651,0.37177212893341666
6618,0.7011,3,13,3,543294,62316,71074,36882,0.5772351698840268,0.371801850843767
6619,0.7012,3,23,3,543317,62293,71077,36879,0.5770221201230131,0.37186907594885654
6620,0.7013,1,17,1,543334,62276,71078,36878,0.5768646485605247,0.37192649817455675
6621,0.7014,6,12,6,543346,62264,71084,36872,0.576753492163474,0.3719335054874112
6622,0.7015,0,19,0,543365,62245,71084,36872,0.5765774945348104,0.37200480240523826
6623,0.7016,6,23,6,543388,62222,71090,36866,0.5763644447737968,0.372053124495398
6624,0.7017,4,21,4,543409,62201,71094,36862,0.5761699210789581,0.372106639209392
6625,0.7018,5,13,5,543422,62188,71099,36857,0.5760495016488199,0.37212378211923874
6626,0.7019,3,11,3,543433,62177,71102,36854,0.5759476082848568,0.37214609566701334
6627,0.702,7,18,7,543451,62159,71109,36847,0.5757808736892808,0.37216936347292084
6628,0.7021,1,21,1,543472,62138,71110,36846,0.5755863499944421,0.37224197850157603
6629,0.7022,2,15,2,543487,62123,71112,36844,0.5754474044981289,0.37228571139874905
6630,0.7023,4,13,4,543500,62110,71116,36840,0.5753269850679906,0.37230924709449215
6631,0.7024,9,25,9,543525,62085,71125,36831,0.5750954092408018,0.37234623316753607
6632,0.7025,2,14,2,543539,62071,71127,36829,0.5749657267775761,0.37238624873609705
6633,0.7026,3,11,3,543550,62060,71130,36826,0.5748638334136129,0.37240863216228787
6634,0.7027,6,17,6,543567,62043,71136,36820,0.5747063618511246,0.3724345811881088
6635,0.7028,6,29,6,543596,62014,71142,36814,0.5744377338915855,0.3725057675962278
6636,0.7029,3,18,3,543614,61996,71145,36811,0.5742709992960094,0.37255457609278697
6637,0.703,4,17,4,543631,61979,71149,36807,0.5741135277335211,0.37259328244893003
6638,0.7031,7,25,7,543656,61954,71156,36800,0.5738819519063322,0.372643133442696
6639,0.7032,9,26,9,543682,61928,71165,36791,0.5736411130460558,0.3726840831045695
6640,0.7033,5,14,5,543696,61914,71170,36786,0.57351143058283,0.3727051671732523
6641,0.7034,2,12,2,543708,61902,71172,36784,0.5734002741857794,0.37273777435502503
6642,0.7035,10,38,10,543746,61864,71182,36774,0.5730482789284523,0.37281777813824285
6643,0.7036,3,25,3,543771,61839,71185,36771,0.5728167031012634,0.37289321569820505
6644,0.7037,8,14,8,543785,61825,71193,36763,0.5726870206380377,0.37289528137298655
6645,0.7038,11,21,11,543806,61804,71204,36752,0.572492496943199,0.372904744510735
6646,0.7039,11,44,11,543850,61760,71215,36741,0.5720849234873467,0.37300128932701193
6647,0.704,9,12,9,543862,61748,71224,36732,0.571973767090296,0.3729894394800975
6648,0.7041,3,16,3,543878,61732,71227,36729,0.5718255585608952,0.3730309462629874
6649,0.7042,8,23,8,543901,61709,71235,36721,0.5716125087998815,0.373067154322869
6650,0.7043,13,46,13,543947,61663,71248,36708,0.5711864092778539,0.37315875613747956
6651,0.7044,3,32,3,543979,61631,71251,36705,0.5708899922190522,0.3732610641067361
6652,0.7045,4,18,4,543997,61613,71255,36701,0.5707232576234762,0.37330390381837786
6653,0.7046,7,30,7,544027,61583,71262,36694,0.5704453666308497,0.3733732205907791
6654,0.7047,11,29,11,544056,61554,71273,36683,0.5701767386713106,0.37341327605688285
6655,0.7048,5,11,5,544067,61543,71278,36678,0.5700748453073474,0.37342319870496127
6656,0.7049,6,22,6,544089,61521,71284,36672,0.5698710585794212,0.3734685771898201
6657,0.705,19,81,19,544170,61440,71303,36653,0.5691207528993294,0.3736556125309655
6658,0.7051,3,14,3,544184,61426,71306,36650,0.5689910704361036,0.3736897915901954
6659,0.7052,9,17,9,544201,61409,71315,36641,0.5688335988736152,0.37369709331973483
6660,0.7053,13,43,13,544244,61366,71328,36628,0.5684352884508503,0.37377798640733106
6661,0.7054,5,14,5,544258,61352,71333,36623,0.5683056059876246,0.37379943863230414
6662,0.7055,8,37,8,544295,61315,71341,36615,0.5679628737633851,0.37388951291739
6663,0.7056,4,19,4,544314,61296,71345,36611,0.5677868761347216,0.3739364907514274
6664,0.7057,12,37,12,544351,61259,71357,36599,0.567444143910482,0.37400110363996814
6665,0.7058,10,25,10,544376,61234,71367,36589,0.5672125680832932,0.37403269169827136
6666,0.7059,37,93,37,544469,61141,71404,36552,0.5663511060061507,0.37415167924006837
6667,0.706,5,24,5,544493,61117,71409,36547,0.5661287932120493,0.3742115825688073
6668,0.7061,4,16,4,544509,61101,71413,36543,0.5659805846826484,0.374247265576994
6669,0.7062,10,32,10,544541,61069,71423,36533,0.5656841676238468,0.3743058543882298
6670,0.7063,6,22,6,544563,61047,71429,36527,0.5654803808959206,0.3743517740381659
6671,0.7064,8,36,8,544599,61011,71437,36519,0.5651469117047686,0.3744386342663796
6672,0.7065,25,56,25,544655,60955,71462,36494,0.5646281818518656,0.3744933247134398
6673,0.7066,16,59,16,544714,60896,71478,36478,0.5640816628996999,0.3746174543512642
6674,0.7067,7,12,7,544726,60884,71485,36471,0.5639705065026492,0.3746186636536387
6675,0.7068,6,23,6,544749,60861,71491,36465,0.5637574567416355,0.37466863941803835
6676,0.7069,9,35,9,544784,60826,71500,36456,0.5634332505835711,0.37474558500030836
6677,0.707,43,95,43,544879,60731,71543,36413,0.5625532624402534,0.37483529605534055
6678,0.7071,5,21,5,544900,60710,71548,36408,0.5623587387454148,0.37488416153545173
6679,0.7072,4,14,4,544914,60696,71552,36404,0.562229056282189,0.3749124613800206
6680,0.7073,4,13,4,544927,60683,71556,36400,0.5621086368520508,0.37493690965462545
6681,0.7074,67,187,67,545114,60496,71623,36333,0.5603764496646783,0.37522849559532784
6682,0.7075,4,13,4,545127,60483,71627,36329,0.56025603023454,0.3752530678015122
6683,0.7076,5,14,5,545141,60469,71632,36324,0.5601263477713142,0.37527507154442985
6684,0.7077,35,75,35,545216,60394,71667,36289,0.5594316202897477,0.3753400287537623
6685,0.7078,7,13,7,545229,60381,71674,36282,0.5593112008596095,0.37534527171720306
6686,0.7079,34,77,34,545306,60304,71708,36248,0.5585979473118678,0.375424641643881
6687,0.708,4,12,4,545318,60292,71712,36244,0.5584867909148171,0.37544542968426287
6688,0.7081,19,33,19,545351,60259,71731,36225,0.5581811108229279,0.37545085195472827
6689,0.7082,2,15,2,545366,60244,71733,36223,0.5580421653266145,0.3754962837032353
6690,0.7083,2,7,2,545373,60237,71735,36221,0.5579773240950017,0.37551058491778805
6691,0.7084,7,32,7,545405,60205,71742,36214,0.5576809070361999,0.3755898733652081
6692,0.7085,166,337,166,545742,59868,71908,36048,0.5545592648856942,0.37582885024396345
6693,0.7086,11,20,11,545762,59848,71919,36037,0.5543740042239431,0.3758356364394848
6694,0.7087,5,14,5,545776,59834,71924,36032,0.5542443217607174,0.3758579684142449
6695,0.7088,10,25,10,545801,59809,71934,36022,0.5540127459335284,0.3758908912564828
6696,0.7089,16,41,16,545842,59768,71950,36006,0.5536329615769388,0.37594754317455675
6697,0.709,4,13,4,545855,59755,71954,36002,0.5535125421468006,0.37597251375878527
6698,0.7091,4,13,4,545868,59742,71958,35998,0.5533921227166624,0.3759974932107792
6699,0.7092,76,157,76,546025,59585,72034,35922,0.5519378265219164,0.37611902792465474
6700,0.7093,5,11,5,546036,59574,72039,35917,0.5518359331579532,0.3761296876145396
6701,0.7094,32,83,32,546119,59491,72071,35885,0.5510671014116862,0.3762476933400436
6702,0.7095,2,11,2,546130,59480,72073,35883,0.5509652080477232,0.37627801138806455
6703,0.7096,11,31,11,546161,59449,72084,35872,0.550678054022009,0.37632840612247037
6704,0.7097,3,17,3,546178,59432,72087,35869,0.5505205824595205,0.37637590371559587
6705,0.7098,5,18,5,546196,59414,72092,35864,0.5503538478639446,0.3764142824156678
6706,0.7099,2,10,2,546206,59404,72094,35862,0.550261217533069,0.3764407028740579
6707,0.71,617,1175,617,547381,58229,72711,35245,0.5393771536551929,0.37705672165521964
6708,0.7101,4,16,4,547397,58213,72715,35241,0.539228945125792,0.3770946133926852
6709,0.7102,1,13,1,547410,58200,72716,35240,0.5391085256956538,0.3771404109589041
6710,0.7103,1,13,1,547423,58187,72717,35239,0.5389881062655156,0.3771862222507653
6711,0.7104,1,19,1,547442,58168,72718,35238,0.538812108636852,0.3772562790398904
6712,0.7105,6,13,6,547455,58155,72724,35232,0.5386916892067138,0.37726878473449194
6713,0.7106,4,23,4,547478,58132,72728,35228,0.5384786394457001,0.3773350471293916
6714,0.7107,1,16,1,547494,58116,72729,35227,0.5383304309162993,0.3773930557192291
6715,0.7108,3,12,3,547506,58104,72732,35224,0.5382192745192486,0.37742156694668266
6716,0.7109,1,19,1,547525,58085,72733,35223,0.5380432768905851,0.3774917477601063
6717,0.711,4,9,4,547534,58076,72737,35219,0.537959909592797,0.37750147381960447
6718,0.7111,1,11,1,547545,58065,72738,35218,0.537858016228834,0.37753931584533085
6719,0.7112,4,22,4,547567,58043,72742,35214,0.5376542295009078,0.3776016813751247
6720,0.7113,5,24,5,547591,58019,72747,35209,0.5374319167068065,0.37766550821641565
6721,0.7114,4,10,4,547601,58009,72751,35205,0.537339286375931,0.37767931855729825
6722,0.7115,2,9,2,547610,58000,72753,35203,0.537255919078143,0.37770243447099344
6723,0.7116,3,8,3,547618,57992,72756,35200,0.5371818148134425,0.3777148253068933
6724,0.7117,4,16,4,547634,57976,72760,35196,0.5370336062840416,0.3777529729961791
6725,0.7118,2,20,2,547654,57956,72762,35194,0.5368483456222906,0.3778207192699946
6726,0.7119,6,21,6,547675,57935,72768,35188,0.5366538219274519,0.37786583336017954
6727,0.712,3,29,3,547704,57906,72771,35185,0.5363851939679128,0.3779634980825214
6728,0.7121,2,13,2,547717,57893,72773,35183,0.5362647745377747,0.3780029223430315
6729,0.7122,4,20,4,547737,57873,72777,35179,0.5360795138760236,0.3780574302540515
6730,0.7123,5,13,5,547750,57860,72782,35174,0.5359590944458854,0.37807683212588944
6731,0.7124,11,29,11,547779,57831,72793,35163,0.5356904664863463,0.37812116910768434
6732,0.7125,4,17,4,547796,57814,72797,35159,0.5355329949238579,0.3781635528594323
6733,0.7126,4,11,4,547807,57803,72801,35155,0.5354311015598948,0.3781815443533639
6734,0.7127,2,30,2,547837,57773,72803,35153,0.5351532105672682,0.3782902524589458
6735,0.7128,14,24,14,547861,57749,72817,35139,0.5349308977731668,0.37829428989751096
6736,0.7129,3,16,3,547877,57733,72820,35136,0.5347826892437659,0.3783393812790059
6737,0.713,2,15,2,547892,57718,72822,35134,0.5346437437474527,0.3783871106707448
6738,0.7131,7,14,7,547906,57704,72829,35127,0.534514061284227,0.37839730262520066
6739,0.7132,9,24,9,547930,57680,72838,35118,0.5342917484901256,0.3784348800620703
6740,0.7133,3,12,3,547942,57668,72841,35115,0.534180592093075,0.3784637271914036
6741,0.7134,13,26,13,547968,57642,72854,35102,0.5339397532327985,0.3784827050806521
6742,0.7135,11,27,11,547995,57615,72865,35091,0.5336896513394346,0.37851918969645976
6743,0.7136,5,12,5,548007,57603,72870,35086,0.533578494942384,0.37853466970190636
6744,0.7137,4,13,4,548020,57590,72874,35082,0.5334580755122458,0.37856094613259667
6745,0.7138,9,43,9,548063,57547,72883,35073,0.5330597650894809,0.37867631181170375
6746,0.7139,14,39,14,548102,57508,72897,35059,0.5326985067990663,0.3787418842568086
6747,0.714,5,21,5,548123,57487,72902,35054,0.5325039831042276,0.3787942641639922
6748,0.7141,6,21,6,548144,57466,72908,35048,0.532309459409389,0.37883995935750264
6749,0.7142,10,23,10,548167,57443,72918,35038,0.5320964096483752,0.37886701052108
6750,0.7143,10,41,10,548208,57402,72928,35028,0.5317166252917855,0.3789678675754625
6751,0.7144,4,33,4,548241,57369,72932,35024,0.5314109451998963,0.3790763369519336
6752,0.7145,5,27,5,548268,57342,72937,35019,0.5311608433065322,0.3791535388313249
6753,0.7146,5,25,5,548293,57317,72942,35014,0.5309292674793434,0.37922257963197625
6754,0.7147,16,32,16,548325,57285,72958,34998,0.5306328504205418,0.3792464484249537
6755,0.7148,6,13,6,548338,57272,72964,34992,0.5305124309904035,0.3792595161709876
6756,0.7149,8,14,8,548352,57258,72972,34984,0.5303827485271777,0.3792632423407992
6757,0.715,15,47,15,548399,57211,72987,34969,0.5299473859720627,0.37935560859188544
6758,0.7151,1,14,1,548413,57197,72988,34968,0.529817703508837,0.37940649921336733
6759,0.7152,3,6,3,548419,57191,72991,34965,0.5297621253103116,0.3794109987412648
6760,0.7153,10,30,10,548449,57161,73001,34955,0.529484234317685,0.37946719353858177
6761,0.7154,9,19,9,548468,57142,73010,34946,0.5293082366890215,0.37948484058726434
6762,0.7155,8,39,8,548507,57103,73018,34938,0.5289469783986068,0.37959170369726536
6763,0.7156,8,23,8,548530,57080,73026,34930,0.528733928637593,0.37963264862514945
6764,0.7157,8,24,8,548554,57056,73034,34922,0.5285116158434918,0.37967774902694124
6765,0.7158,14,42,14,548596,57014,73048,34908,0.5281225684538146,0.37975675028828787
6766,0.7159,31,61,31,548657,56953,73079,34877,0.5275575234354737,0.37979962975062614
6767,0.716,7,32,7,548689,56921,73086,34870,0.527261106376672,0.37988473815515683
6768,0.7161,5,17,5,548706,56904,73091,34865,0.5271036348141835,0.37992132419444474
6769,0.7162,11,18,11,548724,56886,73102,34854,0.5269369002186076,0.3799215173315893
6770,0.7163,5,24,5,548748,56862,73107,34849,0.5267145874245063,0.3799871334954368
6771,0.7164,15,49,15,548797,56813,73122,34834,0.5262606988032161,0.38008881905572467
6772,0.7165,13,81,13,548878,56732,73135,34821,0.5255103931231242,0.38033707251537363
6773,0.7166,12,39,12,548917,56693,73147,34809,0.5251491348327096,0.3804179143625276
6774,0.7167,1,10,1,548927,56683,73148,34808,0.525056504501834,0.38045272212567355
6775,0.7168,10,22,10,548949,56661,73158,34798,0.5248527177739079,0.38047649766562064
6776,0.7169,11,26,11,548975,56635,73169,34787,0.5246118789136315,0.3805101616678699
6777,0.717,51,82,51,549057,56553,73220,34736,0.5238523102004521,0.3805058659860443
6778,0.7171,4,18,4,549075,56535,73224,34732,0.523685575604876,0.38055375984748047
6779,0.7172,2,18,2,549093,56517,73226,34730,0.5235188410093001,0.3806152531042116
6780,0.7173,1,11,1,549104,56506,73227,34729,0.523416947645337,0.38065435414040666
6781,0.7174,65,173,65,549277,56333,73292,34664,0.5218144429211902,0.3809356352407222
6782,0.7175,3,14,3,549291,56319,73295,34661,0.5216847604579643,0.3809738404044845
6783,0.7176,4,15,4,549306,56304,73299,34657,0.5215458149616511,0.3810094436077
6784,0.7177,32,78,32,549384,56226,73331,34625,0.5208232983808219,0.3811185347437012
6785,0.7178,6,13,6,549397,56213,73337,34619,0.5207028789506836,0.3811322001056896
6786,0.7179,22,61,22,549458,56152,73359,34597,0.5201378339323428,0.38123836075328654
6787,0.718,2,8,2,549466,56144,73361,34595,0.5200637296676424,0.38125833434355677
6788,0.7181,13,35,13,549501,56109,73374,34582,0.519739523509578,0.38131677895270755
6789,0.7182,6,23,6,549524,56086,73380,34576,0.5195264737485642,0.38137257064701857
6790,0.7183,1,17,1,549541,56069,73381,34575,0.5193690021860758,0.3814372710824765
6791,0.7184,9,27,9,549568,56042,73390,34566,0.5191189002927118,0.3814894932014833
6792,0.7185,149,365,149,549933,55677,73539,34417,0.5157378932157546,0.38201212067396273
6793,0.7186,6,25,6,549958,55652,73545,34411,0.5155063173885657,0.3820769905510587
6794,0.7187,0,9,0,549967,55643,73545,34411,0.5154229500907778,0.3821151753392409
6795,0.7188,12,18,12,549985,55625,73557,34399,0.5152562154952017,0.382109215320359
6796,0.7189,18,30,18,550015,55595,73575,34381,0.5149783245025751,0.3821130079132213
6797,0.719,4,19,4,550034,55576,73579,34377,0.5148023268739116,0.382166242371016
6798,0.7191,6,12,6,550046,55564,73585,34371,0.514691170476861,0.3821760160115639
6799,0.7192,71,173,71,550219,55391,73656,34300,0.5130886657527141,0.38242410052290643
6800,0.7193,5,15,5,550234,55376,73661,34295,0.5129497202564007,0.38245363606963234
6801,0.7194,44,76,44,550310,55300,73705,34251,0.5122457297417466,0.3824747909012741
6802,0.7195,2,12,2,550322,55288,73707,34249,0.512134573344696,0.382512257502485
6803,0.7196,9,32,9,550354,55256,73716,34240,0.5118381562858942,0.3825869312594976
6804,0.7197,4,20,4,550374,55236,73720,34236,0.5116528956241432,0.38264484978540775
6805,0.7198,6,20,6,550394,55216,73726,34230,0.5114676349623921,0.38268899671310064
6806,0.7199,1,5,1,550399,55211,73727,34229,0.5114213197969543,0.382703488372093
6807,0.72,572,1174,572,551573,54037,74299,33657,0.5005465189521657,0.38380048806075673
6808,0.7201,2,8,2,551581,54029,74301,33655,0.5004724146874653,0.38382144975137994
6809,0.7202,2,9,2,551590,54020,74303,33653,0.5003890473896773,0.38384679433805163
6810,0.7203,3,20,3,551610,54000,74306,33650,0.5002037867279262,0.38391329150028525
6811,0.7204,3,11,3,551621,53989,74309,33647,0.500101893363963,0.3839403897941485
6812,0.7205,1,24,1,551645,53965,74310,33646,0.4998795805698618,0.38403853397404436
6813,0.7206,6,13,6,551658,53952,74316,33640,0.4997591611397236,0.38405333820440224
6814,0.7207,0,11,0,551669,53941,74316,33640,0.49965726777576047,0.3841015745424236
6815,0.7208,4,14,4,551683,53927,74320,33636,0.4995275853125347,0.3841348514783641
6816,0.7209,6,20,6,551703,53907,74326,33630,0.49934232465078365,0.3841804037150005
6817,0.721,3,13,3,551716,53894,74329,33627,0.49922190522064547,0.3842163595022909
6818,0.7211,6,15,6,551731,53879,74335,33621,0.49908295972433214,0.38424
6819,0.7212,8,18,8,551749,53861,74343,33613,0.49891622512875616,0.38426275236070145
6820,0.7213,7,21,7,551770,53840,74350,33606,0.49872170143391753,0.38430574297280606
6821,0.7214,5,11,5,551781,53829,74355,33601,0.49861980806995443,0.38431888367837125
6822,0.7215,3,14,3,551795,53815,74358,33598,0.4984901256067287,0.3843593058240765
6823,0.7216,7,33,7,551828,53782,74365,33591,0.49818444551483937,0.38445515204926006
6824,0.7217,1,20,1,551848,53762,74366,33590,0.4979991848530883,0.38453612968220535
6825,0.7218,6,7,6,551855,53755,74372,33584,0.49793434362147543,0.3845246682467168
6826,0.7219,3,8,3,551863,53747,74375,33581,0.497860239356775,0.38453875045804325
6827,0.722,6,15,6,551878,53732,74381,33575,0.49772129386046166,0.3845625207600765
6828,0.7221,3,14,3,551892,53718,74384,33572,0.4975916113972359,0.38460304731355255
6829,0.7222,1,13,1,551905,53705,74385,33571,0.4974711919670977,0.38465328383518954
6830,0.7223,11,14,11,551919,53691,74396,33560,0.49734150950387196,0.3846374253590217
6831,0.7224,10,20,10,551939,53671,74406,33550,0.49715624884212084,0.38465507159972945
6832,0.7225,4,10,4,551949,53661,74410,33546,0.4970636185112453,0.38467095531322026
6833,0.7226,2,12,2,551961,53649,74412,33544,0.4969524621141947,0.3847097817485349
6834,0.7227,11,23,11,551984,53626,74423,33533,0.4967394123531809,0.38473364770132745
6835,0.7228,8,19,8,552003,53607,74431,33525,0.49656341472451737,0.3847610521966671
6836,0.7229,10,12,10,552015,53595,74441,33515,0.49645225832746676,0.384743427849845
6837,0.723,4,23,4,552038,53572,74445,33511,0.496239208566453,0.3848167839876899
6838,0.7231,3,15,3,552053,53557,74448,33508,0.4961002630701397,0.3848618847987136
6839,0.7232,9,13,9,552066,53544,74457,33499,0.49597984364000147,0.3848557609457395
6840,0.7233,7,12,7,552078,53532,74464,33492,0.49586868724295086,0.3848593491450634
6841,0.7234,7,23,7,552101,53509,74471,33485,0.4956556374819371,0.3849116030990643
6842,0.7235,8,32,8,552133,53477,74479,33477,0.49535922042313535,0.3849966649032822
6843,0.7236,2,11,2,552144,53466,74481,33475,0.49525732705917225,0.38503122807421125
6844,0.7237,6,17,6,552161,53449,74487,33469,0.49509985549668384,0.3850640833889413
6845,0.7238,4,14,4,552175,53435,74491,33465,0.4949701730334581,0.3850978135788262
6846,0.7239,18,32,18,552207,53403,74509,33447,0.49467375597465635,0.3851122625215889
6847,0.724,2,12,2,552219,53391,74511,33445,0.4945625995776057,0.38515131972914457
6848,0.7241,2,11,2,552230,53380,74513,33443,0.4944607062136426,0.38518595303087894
6849,0.7242,4,23,4,552253,53357,74517,33439,0.49424765645262886,0.38525968938660765
6850,0.7243,17,29,17,552282,53328,74534,33422,0.4939790284930898,0.3852680115273775
6851,0.7244,5,25,5,552307,53303,74539,33417,0.4937474526659009,0.38534363468634686
6852,0.7245,5,15,5,552322,53288,74544,33412,0.4936085071695876,0.38537485582468284
6853,0.7246,2,17,2,552339,53271,74546,33410,0.4934510356070992,0.38543625477324905
6854,0.7247,13,44,13,552383,53227,74559,33397,0.4930434621512468,0.385539804211304
6855,0.7248,5,17,5,552400,53210,74564,33392,0.49288599058875837,0.38558000969954503
6856,0.7249,8,18,8,552418,53192,74572,33384,0.4927192559931824,0.3856034004805027
6857,0.725,23,51,23,552469,53141,74595,33361,0.49224684130571716,0.38566738341310025
6858,0.7251,1,10,1,552479,53131,74596,33360,0.4921542109748416,0.38570487102704326
6859,0.7252,4,22,4,552501,53109,74600,33356,0.49195042424691543,0.3857745908749205
6860,0.7253,14,23,14,552524,53086,74614,33342,0.49173737448590166,0.38577775720831214
6861,0.7254,4,16,4,552540,53070,74618,33338,0.4915891659565008,0.3858207573372836
6862,0.7255,12,30,12,552570,53040,74630,33326,0.49131127496387417,0.3858694393627122
6863,0.7256,9,24,9,552594,53016,74639,33317,0.4910889621697729,0.3859126869215711
6864,0.7257,11,28,11,552622,52988,74650,33306,0.49082959724332137,0.385959626393492
6865,0.7258,10,31,10,552653,52957,74660,33296,0.49054244321760715,0.38602715267874743
6866,0.7259,43,62,43,552715,52895,74703,33253,0.4899681351661788,0.3859985141848911
6867,0.726,8,33,8,552748,52862,74711,33245,0.4896624550742895,0.38608940039718026
6868,0.7261,4,16,4,552764,52846,74715,33241,0.4895142465448887,0.38613263326634684
6869,0.7262,11,38,11,552802,52808,74726,33230,0.4891622512875616,0.3862246914154211
6870,0.7263,9,31,9,552833,52777,74735,33221,0.4888750972618474,0.38629968138793924
6871,0.7264,15,28,15,552861,52749,74750,33206,0.4886157323353959,0.3863184224303415
6872,0.7265,30,63,30,552924,52686,74780,33176,0.48803216125088,0.38638745894575016
6873,0.7266,17,54,17,552978,52632,74797,33159,0.48753195746415207,0.3865090743784313
6874,0.7267,6,8,6,552986,52624,74803,33153,0.4874578531994516,0.38650220921692297
6875,0.7268,11,25,11,553011,52599,74814,33142,0.48722627737226276,0.3865361962188451
6876,0.7269,12,24,12,553035,52575,74826,33130,0.4870039645781615,0.3865585438422496
6877,0.727,41,99,41,553134,52476,74867,33089,0.4860869243024936,0.3867118564833752
6878,0.7271,5,29,5,553163,52447,74872,33084,0.48581829634295454,0.38680712256374883
6879,0.7272,2,27,2,553190,52420,74874,33082,0.4855681944495906,0.38691492596664406
6880,0.7273,5,20,5,553210,52400,74879,33077,0.4853829337878395,0.38696959415983245
6881,0.7274,78,138,78,553348,52262,74957,32999,0.484104635221757,0.3870351039748537
6882,0.7275,4,26,4,553374,52236,74961,32995,0.4838637963614806,0.3871244030927714
6883,0.7276,2,14,2,553388,52222,74963,32993,0.4837341138982548,0.38717361966789887
6884,0.7277,32,66,32,553454,52156,74995,32961,0.48312275371447627,0.3872434413806878
6885,0.7278,1,7,1,553461,52149,74996,32960,0.4830579124828634,0.3872680915061862
6886,0.7279,30,41,30,553502,52108,75026,32930,0.48267812812627364,0.3872386462522637
6887,0.728,4,14,4,553516,52094,75030,32926,0.4825484456630479,0.3872735826864267
6888,0.7281,13,39,13,553555,52055,75043,32913,0.4821871873726333,0.38735759344694476
6889,0.7282,6,13,6,553568,52042,75049,32907,0.4820667679424951,0.3873736006309668
6890,0.7283,2,10,2,553578,52032,75051,32905,0.48197413761161956,0.3874047823681081
6891,0.7284,8,24,8,553602,52008,75059,32897,0.48175182481751827,0.3874565691066486
6892,0.7285,151,337,151,553939,51671,75210,32746,0.47863018266701246,0.38790764893327173
6893,0.7286,7,32,7,553971,51639,75217,32739,0.4783337656082107,0.38800398208063713
6894,0.7287,3,7,3,553978,51632,75220,32736,0.47826892437659785,0.388014413047601
6895,0.7288,8,19,8,553997,51613,75228,32728,0.47809292674793435,0.38804377467661044
6896,0.7289,14,30,14,554027,51583,75242,32714,0.4778150357553077,0.3880802401034438
6897,0.729,1,17,1,554044,51566,75243,32713,0.4776575641928193,0.38815125950711327
6898,0.7291,1,17,1,554061,51549,75244,32712,0.4775000926303309,0.38822230925339124
6899,0.7292,70,154,70,554215,51395,75314,32642,0.4760735855348475,0.3884241465068958
6900,0.7293,4,10,4,554225,51385,75318,32638,0.475980955203972,0.38844126013115454
6901,0.7294,31,46,31,554271,51339,75349,32607,0.4755548556819445,0.38842827531984847
6902,0.7295,4,6,4,554277,51333,75353,32603,0.4754992774834192,0.3884268966831872
6903,0.7296,7,25,7,554302,51308,75360,32596,0.47526770165623033,0.3884916094584287
6904,0.7297,4,22,4,554324,51286,75364,32592,0.47506391492830413,0.38856434345120294
6905,0.7298,6,6,6,554330,51280,75370,32586,0.4750083367297788,0.3885483986359192
6906,0.7299,3,12,3,554342,51268,75373,32583,0.47489718033272815,0.38858212782196994
6907,0.73,592,1071,592,555413,50197,75965,31991,0.4649764718959576,0.3892417384533022
6908,0.7301,1,7,1,555420,50190,75966,31990,0.4649116306643447,0.389267461669506
6909,0.7302,5,20,5,555440,50170,75971,31985,0.46472637000259365,0.3893250562960258
6910,0.7303,3,11,3,555451,50159,75974,31982,0.46462447663863055,0.3893548897627251
6911,0.7304,1,17,1,555468,50142,75975,31981,0.46446700507614214,0.38942805304238765
6912,0.7305,2,15,2,555483,50127,75977,31979,0.4643280595798288,0.3894843251406718
6913,0.7306,8,14,8,555497,50113,75985,31971,0.46419837711660306,0.3894912528629209
6914,0.7307,2,16,2,555513,50097,75987,31969,0.4640501685872022,0.38955231155411496
6915,0.7308,4,5,4,555518,50092,75991,31965,0.4640038534217644,0.38954629099284643
6916,0.7309,9,24,9,555542,50068,76000,31956,0.46378154062766314,0.38959328976884816
6917,0.731,3,10,3,555552,50058,76003,31953,0.4636889102967876,0.3896184658155613
6918,0.7311,2,10,2,555562,50048,76005,31951,0.463596279965912,0.38965109330601594
6919,0.7312,5,14,5,555576,50034,76010,31946,0.46346659750268626,0.38968040985606245
6920,0.7313,7,18,7,555594,50016,76017,31939,0.4632998629071103,0.3897138673662376
6921,0.7314,2,9,2,555603,50007,76019,31937,0.4632164956093223,0.3897417748706434
6922,0.7315,3,8,3,555611,49999,76022,31934,0.4631423913446219,0.38975748477414474
6923,0.7316,5,19,5,555630,49980,76027,31929,0.4629663937159584,0.3898106435190272
6924,0.7317,2,11,2,555641,49969,76029,31927,0.4628645003519953,0.3898481000293055
6925,0.7318,3,20,3,555661,49949,76032,31924,0.46267923969024416,0.3899209751688591
6926,0.7319,3,9,3,555670,49940,76035,31921,0.4625958723924562,0.3899414861777892
6927,0.732,6,15,6,555685,49925,76041,31915,0.4624569268961429,0.38996823069403713
6928,0.7321,3,16,3,555701,49909,76044,31912,0.46230871836674203,0.39002212146026083
6929,0.7322,8,15,8,555716,49894,76052,31904,0.4621697728704287,0.39003398616103085
6930,0.7323,5,15,5,555731,49879,76057,31899,0.4620308273741154,0.390068233510235
6931,0.7324,6,19,6,555750,49860,76063,31893,0.46185482974545183,0.390114124252321
6932,0.7325,10,12,10,555762,49848,76073,31883,0.4617436733484012,0.3900967809032069
6933,0.7326,2,11,2,555773,49837,76075,31881,0.4616417799844381,0.3901343645218924
6934,0.7327,3,20,3,555793,49817,76078,31878,0.461456519322687,0.39020747903788483
6935,0.7328,4,24,4,555817,49793,76082,31874,0.4612342065285857,0.39029228452128767
6936,0.7329,2,14,2,555831,49779,76084,31872,0.46110452406535996,0.3903442701252893
6937,0.733,3,20,3,555851,49759,76087,31869,0.4609192634036089,0.39041750379771645
6938,0.7331,6,26,6,555877,49733,76093,31863,0.46067842454333247,0.3904970831903525
6939,0.7332,11,21,11,555898,49712,76104,31852,0.46048390084849383,0.3905154234711392
6940,0.7333,6,23,6,555921,49689,76110,31846,0.46027085108748006,0.39058073220089534
6941,0.7334,3,19,3,555940,49670,76113,31843,0.46009485345881657,0.3906493442763731
6942,0.7335,17,36,17,555976,49634,76130,31826,0.4597613842676646,0.3906948195433341
6943,0.7336,6,17,6,555993,49617,76136,31820,0.4596039127051762,0.3907314856883235
6944,0.7337,3,13,3,556006,49604,76139,31817,0.45948349327503796,0.3907714226059616
6945,0.7338,9,22,9,556028,49582,76148,31808,0.4592797065471118,0.3908096817790883
6946,0.7339,11,30,11,556058,49552,76159,31797,0.45900181555448516,0.39087143050314077
6947,0.734,2,16,2,556074,49536,76161,31795,0.4588536070250843,0.39093334644846367
6948,0.7341,3,11,3,556085,49525,76164,31792,0.4587517136611212,0.3909637591155601
6949,0.7342,5,24,5,556109,49501,76169,31787,0.4585294008670199,0.39104172817636057
6950,0.7343,12,28,12,556137,49473,76181,31775,0.45827003594056837,0.39108654982276486
6951,0.7344,2,13,2,556150,49460,76183,31773,0.4581496165104302,0.39113414499033644
6952,0.7345,9,12,9,556162,49448,76192,31764,0.4580384601133795,0.3911244643648722
6953,0.7346,5,33,5,556195,49415,76197,31759,0.45773278002149026,0.3912459654569197
6954,0.7347,11,34,11,556229,49381,76208,31748,0.4574178368965134,0.39132739217788953
6955,0.7348,4,19,4,556248,49362,76212,31744,0.4572418392678499,0.3913890464330629
6956,0.7349,10,23,10,556271,49339,76222,31734,0.4570287895068361,0.3914250120261986
6957,0.735,24,56,24,556327,49283,76246,31710,0.4565100596539331,0.3915153161384317
6958,0.7351,6,16,6,556343,49267,76252,31704,0.4563618511245322,0.3915475911128676
6959,0.7352,9,9,9,556352,49258,76261,31695,0.45627848382674424,0.39152347658517905
6960,0.7353,11,27,11,556379,49231,76272,31684,0.45602838193338024,0.3915714020886115
6961,0.7354,7,11,7,556390,49220,76279,31677,0.45592648856941714,0.3915719989616426
6962,0.7355,8,29,8,556419,49191,76287,31669,0.4556578606098781,0.39165223843680436
6963,0.7356,3,18,3,556437,49173,76290,31666,0.45549112601430214,0.39171686933287153
6964,0.7357,8,11,8,556448,49162,76298,31658,0.45538923265033904,0.3917099727790151
6965,0.7358,7,21,7,556469,49141,76305,31651,0.4551947089555004,0.3917590850579265
6966,0.7359,26,76,26,556545,49065,76331,31625,0.45449071844084626,0.39193208576031724
6967,0.736,11,23,11,556568,49042,76342,31614,0.45427766867983255,0.3919609204522912
6968,0.7361,8,10,8,556578,49032,76350,31606,0.45418503834895696,0.39194920508941195
6969,0.7362,15,42,15,556620,48990,76365,31591,0.4537959909592797,0.3920403072684628
6970,0.7363,9,12,9,556632,48978,76374,31582,0.4536848345622291,0.3920307845084409
6971,0.7364,9,31,9,556663,48947,76383,31573,0.45339768053651486,0.39211376055638353
6972,0.7365,24,59,24,556722,48888,76407,31549,0.4528511615843492,0.39221999825950743
6973,0.7366,20,31,20,556753,48857,76427,31529,0.452564007558635,0.3922200383151295
6974,0.7367,4,13,4,556766,48844,76431,31525,0.4524435881284968,0.3922532319675497
6975,0.7368,6,29,6,556795,48815,76437,31519,0.4521749601689577,0.39234944108347647
6976,0.7369,11,25,11,556820,48790,76448,31508,0.4519433843417689,0.3923883533836459
6977,0.737,40,76,40,556896,48714,76488,31468,0.45123939382711475,0.39245715996108854
6978,0.7371,5,19,5,556915,48695,76493,31463,0.4510633961984512,0.3925122882307443
6979,0.7372,5,8,5,556923,48687,76498,31458,0.4509892919337508,0.3925135691559049
6980,0.7373,11,12,11,556935,48675,76509,31447,0.45087813553670014,0.39248895434462444
6981,0.7374,94,124,94,557059,48551,76603,31353,0.4497295194338434,0.39238336003203844
6982,0.7375,3,13,3,557072,48538,76606,31350,0.4496091000037052,0.3924243941518125
6983,0.7376,4,17,4,557089,48521,76610,31346,0.4494516284412168,0.39247749383349817
6984,0.7377,32,65,32,557154,48456,76642,31314,0.4488495312905258,0.39255359157578035
6985,0.7378,4,19,4,557173,48437,76646,31310,0.44867353366186224,0.39261665015611874
6986,0.7379,27,59,27,557232,48378,76673,31283,0.44812701470969657,0.3927015729152283
6987,0.738,2,11,2,557243,48367,76675,31281,0.44802512134573347,0.39274055845721173
6988,0.7381,12,23,12,557266,48344,76687,31269,0.4478120715847197,0.39276248853830403
6989,0.7382,2,13,2,557279,48331,76689,31267,0.4476916521545815,0.39281137717028064
6990,0.7383,2,11,2,557290,48320,76691,31265,0.4475897587906184,0.3928504115097066
6991,0.7384,9,25,9,557315,48295,76700,31256,0.44735818296342955,0.39290518032457167
6992,0.7385,158,287,158,557602,48008,76858,31098,0.4446996924673015,0.393118094708366
6993,0.7386,13,18,13,557620,47990,76871,31085,0.44453295787172553,0.3931078090420487
6994,0.7387,3,13,3,557633,47977,76874,31082,0.4444125384415873,0.39314942005337783
6995,0.7388,5,20,5,557653,47957,76879,31077,0.4442272777798362,0.39321051699268667
6996,0.7389,14,51,14,557704,47906,76893,31063,0.44375486309237094,0.39335688687966164
6997,0.739,5,14,5,557718,47892,76898,31058,0.4436251806291452,0.3933882203926536
6998,0.7391,3,17,3,557735,47875,76901,31055,0.4434677090666568,0.39344989230964145
6999,0.7392,67,142,67,557877,47733,76968,30988,0.4421523583682241,0.3936433734327562
7000,0.7393,4,3,4,557880,47730,76972,30984,0.44212456926896143,0.393627563076454
7001,0.7394,35,52,35,557932,47678,77007,30949,0.44164289154840863,0.3936179683823623
7002,0.7395,10,8,10,557940,47670,77017,30939,0.4415687872837082,0.39358088768461624
7003,0.7396,19,37,19,557977,47633,77036,30920,0.44122605505946866,0.39361959441396255
7004,0.7397,5,15,5,557992,47618,77041,30915,0.44108710956315533,0.3936561700176996
7005,0.7398,4,22,4,558014,47596,77045,30911,0.4408833228352292,0.39373559045690193
7006,0.7399,6,15,6,558029,47581,77051,30905,0.44074437733891586,0.3937644930306042
7007,0.74,595,1058,595,559087,46523,77646,30310,0.43094408833228354,0.3944919500735361
7008,0.7401,4,14,4,559101,46509,77650,30306,0.4308144058690578,0.3945323179066589
7009,0.7402,2,10,2,559111,46499,77652,30304,0.43072177553818225,0.39456792052393785
7010,0.7403,2,16,2,559127,46483,77654,30302,0.43057356700878135,0.3946343686918018
7011,0.7404,1,3,1,559130,46480,77655,30301,0.4305457779095187,0.3946419035959417
7012,0.7405,7,17,7,559147,46463,77662,30294,0.4303883063470303,0.39467410138488995
7013,0.7406,2,13,2,559160,46450,77664,30292,0.43026788691689205,0.3947251830809726
7014,0.7407,6,11,6,559171,46439,77670,30286,0.43016599355292895,0.3947344411860541
7015,0.7408,4,9,4,559180,46430,77674,30282,0.430082626255141,0.3947491917822505
7016,0.7409,8,14,8,559194,46416,77682,30274,0.42995294379191523,0.39475811709479725
7017,0.741,3,15,3,559209,46401,77685,30271,0.4298139982956019,0.3948116652754591
7018,0.7411,2,10,2,559219,46391,77687,30269,0.4297213679647264,0.3948473780328724
7019,0.7412,2,20,2,559239,46371,77689,30267,0.4295361073029753,0.39493462773036875
7020,0.7413,8,19,8,559258,46352,77697,30259,0.42936010967431176,0.39496939081855087
7021,0.7414,0,11,0,559269,46341,77697,30259,0.42925821631034866,0.3950261096605744
7022,0.7415,1,11,1,559280,46330,77698,30258,0.42915632294638556,0.3950749464668094
7023,0.7416,5,18,5,559298,46312,77703,30253,0.4289895883508096,0.395128322340495
7024,0.7417,2,9,2,559307,46303,77705,30251,0.4289062210530216,0.39515897275126055
7025,0.7418,3,14,3,559321,46289,77708,30248,0.42877653858979586,0.3952075466767707
7026,0.7419,2,8,2,559329,46281,77710,30246,0.4287024343250954,0.395233055000196
7027,0.742,7,21,7,559350,46260,77717,30239,0.4285079106302568,0.39528621289167176
7028,0.7421,4,13,4,559363,46247,77721,30235,0.42838749120011854,0.3953217750581836
7029,0.7422,6,13,6,559376,46234,77727,30229,0.42826707176998036,0.3953415377372062
7030,0.7423,6,16,6,559392,46218,77733,30223,0.4281188632405795,0.3953768265721275
7031,0.7424,8,22,8,559414,46196,77741,30215,0.4279150765126533,0.3954273599350879
7032,0.7425,4,14,4,559428,46182,77745,30211,0.42778539404942756,0.39546817116751537
7033,0.7426,3,17,3,559445,46165,77748,30208,0.42762792248693915,0.39553245256831604
7034,0.7427,8,18,8,559463,46147,77756,30200,0.42746118789136317,0.39556236656319177
7035,0.7428,7,28,7,559491,46119,77763,30193,0.4272018229649116,0.3956520599643569
7036,0.7429,3,15,3,559506,46104,77766,30190,0.42706287746859833,0.39570608435787874
7037,0.743,6,15,6,559521,46089,77772,30184,0.426923931972285,0.3957363680463598
7038,0.7431,7,12,7,559533,46077,77779,30177,0.42681277557523434,0.3957431741285703
7039,0.7432,6,26,6,559559,46051,77785,30171,0.42657193671495797,0.3958306000892131
7040,0.7433,5,5,5,559564,46046,77790,30166,0.4265256215495202,0.39581693171679
7041,0.7434,11,23,11,559587,46023,77801,30155,0.42631257178850646,0.3958491953057313
7042,0.7435,4,30,4,559617,45993,77805,30151,0.4260346807958798,0.3959734187854591
7043,0.7436,4,14,4,559631,45979,77809,30147,0.42590499833265405,0.39601450227254814
7044,0.7437,6,19,6,559650,45960,77815,30141,0.4257290007039905,0.3960657547207001
7045,0.7438,6,19,6,559669,45941,77821,30135,0.425553003075327,0.39611704085388294
7046,0.7439,9,35,9,559704,45906,77830,30126,0.42522879691726256,0.39622790404040403
7047,0.744,6,14,6,559718,45892,77836,30120,0.4250991144540368,0.3962532231752881
7048,0.7441,7,15,7,559733,45877,77843,30113,0.42496016895772354,0.39627582576654824
7049,0.7442,6,21,6,559754,45856,77849,30107,0.4247656452628849,0.39633769071784947
7050,0.7443,13,38,13,559792,45818,77862,30094,0.4244136500055578,0.39643271156075455
7051,0.7444,4,19,4,559811,45799,77866,30090,0.4242376523768943,0.39650015153711343
7052,0.7445,7,23,7,559834,45776,77873,30083,0.42402460261588054,0.396564679207477
7053,0.7446,4,22,4,559856,45754,77877,30079,0.42382081588795434,0.39664789735339495
7054,0.7447,15,24,15,559880,45730,77892,30064,0.42359850309385305,0.39665408871414626
7055,0.7448,4,16,4,559896,45714,77896,30060,0.42345029456445216,0.39670599414047036
7056,0.7449,4,16,4,559912,45698,77900,30056,0.4233020860350513,0.3967579269741532
7057,0.745,21,42,21,559954,45656,77921,30035,0.42291303864537405,0.3968107172583266
7058,0.7451,4,22,4,559976,45634,77925,30031,0.42270925191744785,0.3968942047181656
7059,0.7452,5,12,5,559988,45622,77930,30026,0.4225980955203972,0.3969173011844332
7060,0.7453,19,32,19,560020,45590,77949,30007,0.42230167846159544,0.39693374075690835
7061,0.7454,1,20,1,560040,45570,77950,30006,0.4221164177998444,0.3970308034296602
7062,0.7455,14,20,14,560060,45550,77964,29992,0.4219311571380933,0.3970241719837971
7063,0.7456,4,12,4,560072,45538,77968,29988,0.42182000074104264,0.39705531869819666
7064,0.7457,11,24,11,560096,45514,77979,29977,0.42159768794694136,0.3970936932879416
7065,0.7458,6,32,6,560128,45482,77985,29971,0.4213012708881396,0.39721415980809244
7066,0.7459,23,64,23,560192,45418,78008,29948,0.42070843677053615,0.39736751320223973
7067,0.746,8,15,8,560207,45403,78016,29940,0.42056949127422283,0.3973826367413031
7068,0.7461,6,19,6,560226,45384,78022,29934,0.4203934936455593,0.39743487612522904
7069,0.7462,8,35,8,560261,45349,78030,29926,0.4200692874874949,0.39755562935901695
7070,0.7463,3,14,3,560275,45335,78033,29923,0.41993960502426914,0.39760557017194187
7071,0.7464,7,35,7,560310,45300,78040,29916,0.41961539886620475,0.3977345245692406
7072,0.7465,30,61,30,560371,45239,78070,29886,0.41905035384786393,0.3978169717138103
7073,0.7466,16,33,16,560404,45206,78086,29870,0.4187446737559747,0.3978634983217007
7074,0.7467,3,7,3,560411,45199,78089,29867,0.41867983252436175,0.397876535315589
7075,0.7468,7,13,7,560424,45186,78096,29860,0.41855941309422356,0.39788929456599953
7076,0.7469,9,39,9,560463,45147,78105,29851,0.41819815480380895,0.39802394730526147
7077,0.747,36,77,36,560540,45070,78141,29815,0.4174849012560673,0.3981438205248047
7078,0.7471,4,40,4,560580,45030,78145,29811,0.4171143799325651,0.3983244478293983
7079,0.7472,7,15,7,560595,45015,78152,29804,0.4169754344362518,0.3983480132052019
7080,0.7473,3,14,3,560609,45001,78155,29801,0.41684575197302604,0.39839843854442397
7081,0.7474,77,158,77,560767,44843,78232,29724,0.4153821927451925,0.39862137406627596
7082,0.7475,6,19,6,560786,44824,78238,29718,0.41520619511652895,0.39867457272410184
7083,0.7476,1,13,1,560799,44811,78239,29717,0.41508577568639077,0.39873604551309577
7084,0.7477,31,64,31,560863,44747,78270,29686,0.4144929415687873,0.39882847661655446
7085,0.7478,8,16,8,560879,44731,78278,29678,0.4143447330393864,0.398849601526697
7086,0.7479,24,48,24,560927,44683,78302,29654,0.41390010745118383,0.39891305810027305
7087,0.748,6,8,6,560935,44675,78308,29648,0.4138260031864834,0.39890747144221844
7088,0.7481,14,33,14,560968,44642,78322,29634,0.4135203230945941,0.3989714039528246
7089,0.7482,6,14,6,560982,44628,78328,29628,0.4133906406313683,0.39899806076276667
7090,0.7483,4,14,4,560996,44614,78332,29624,0.41326095816814257,0.3990409224386433
7091,0.7484,14,32,14,561028,44582,78346,29610,0.41296454110934083,0.39909963338365323
7092,0.7485,138,317,138,561345,44265,78484,29472,0.41002815962058614,0.39969079295333415
7093,0.7486,7,23,7,561368,44242,78491,29465,0.4098151098595724,0.3997585032629194
7094,0.7487,0,6,0,561374,44236,78491,29465,0.4097595316610471,0.3997910476112943
7095,0.7488,6,21,6,561395,44215,78497,29459,0.4095650079662085,0.3998561229198903
7096,0.7489,14,38,14,561433,44177,78511,29445,0.4092130127088814,0.399948384993616
7097,0.749,7,14,7,561447,44163,78518,29438,0.40908333024565563,0.39996739174739476
7098,0.7491,1,22,1,561469,44141,78519,29437,0.4088795435177294,0.40007882791051674
7099,0.7492,78,148,78,561617,43993,78597,29359,0.4075086146207714,0.40024811866070453
7100,0.7493,4,17,4,561634,43976,78601,29355,0.407351143058283,0.40030819162427894
7101,0.7494,31,58,31,561692,43918,78632,29324,0.40681388713920486,0.400371371617378
7102,0.7495,3,10,3,561702,43908,78635,29321,0.4067212568083293,0.4004014802878641
7103,0.7496,6,33,6,561735,43875,78641,29315,0.40641557671644,0.4005328596802842
7104,0.7497,11,27,11,561762,43848,78652,29304,0.4061654748230761,0.4005905511811024
7105,0.7498,6,14,6,561776,43834,78658,29298,0.4060357923598503,0.40061806049335447
7106,0.7499,6,18,6,561794,43816,78664,29292,0.40586905776427434,0.4006675056081414
7107,0.75,599,1055,599,562849,42761,79263,28693,0.3960965578569047,0.4015590449799871
7108,0.7501,1,15,1,562864,42746,79264,28692,0.39595761236059135,0.401634984182088
7109,0.7502,6,11,6,562875,42735,79270,28686,0.39585571899662825,0.4016465745369009
7110,0.7503,1,13,1,562888,42722,79271,28685,0.39573529956649006,0.40171131681767897
7111,0.7504,3,7,3,562895,42715,79274,28682,0.3956704583348772,0.40172556269871285
7112,0.7505,3,10,3,562905,42705,79277,28679,0.39557782800400165,0.4017566961784153
7113,0.7506,5,14,5,562919,42691,79282,28674,0.3954481455407759,0.40179359630070766
7114,0.7507,3,18,3,562937,42673,79285,28671,0.3952814109451999,0.4018698138596098
7115,0.7508,8,7,8,562944,42666,79293,28663,0.39521656971358704,0.40184216798216715
7116,0.7509,3,19,3,562963,42647,79296,28660,0.3950405720849235,0.4019240747752675
7117,0.751,6,6,6,562969,42641,79302,28654,0.3949849938863982,0.4019075671505716
7118,0.7511,3,6,3,562975,42635,79305,28651,0.3949294156878728,0.4019162247846702
7119,0.7512,4,12,4,562987,42623,79309,28647,0.3948182592908222,0.40195032973200506
7120,0.7513,7,28,7,563015,42595,79316,28640,0.3945588943643707,0.4020495542921317
7121,0.7514,1,7,1,563022,42588,79317,28639,0.3944940531327578,0.40208067165541156
7122,0.7515,6,10,6,563032,42578,79323,28633,0.39440142280188223,0.40208675625956664
7123,0.7516,7,14,7,563046,42564,79330,28626,0.3942717403386565,0.4021070375052676
7124,0.7517,5,18,5,563064,42546,79335,28621,0.3941050057430805,0.40216673458203944
7125,0.7518,4,19,4,563083,42527,79339,28617,0.393929008114417,0.40224052625660633
7126,0.7519,3,18,3,563101,42509,79342,28614,0.393762273518841,0.4023171126077359
7127,0.752,5,12,5,563113,42497,79347,28609,0.39365111712179035,0.4023429809017523
7128,0.7521,2,10,2,563123,42487,79349,28607,0.3935584867909148,0.40238276085182995
7129,0.7522,5,10,5,563133,42477,79354,28602,0.3934658564600393,0.40239733254547755
7130,0.7523,3,14,3,563147,42463,79357,28599,0.39333617399681353,0.40245138048464724
7131,0.7524,2,24,2,563171,42439,79359,28597,0.3931138612027122,0.4025705276197984
7132,0.7525,9,9,9,563180,42430,79368,28588,0.3930304939049242,0.40254583345067446
7133,0.7526,0,9,0,563189,42421,79368,28588,0.39294712660713627,0.40259685391992567
7134,0.7527,8,17,8,563206,42404,79376,28580,0.3927896550446478,0.402625943874676
7135,0.7528,5,21,5,563227,42383,79381,28575,0.39259513134980917,0.40270300741283577
7136,0.7529,2,7,2,563234,42376,79383,28573,0.3925302901181963,0.40272590170404093
7137,0.753,5,17,5,563251,42359,79388,28568,0.3923728185557079,0.4027803234311334
7138,0.7531,5,18,5,563269,42341,79393,28563,0.3922060839601319,0.4028404603407424
7139,0.7532,9,17,9,563286,42324,79402,28554,0.3920486123976435,0.40286125455007193
7140,0.7533,1,14,1,563300,42310,79403,28553,0.39191892993441774,0.40293241889279313
7141,0.7534,5,6,5,563306,42304,79408,28548,0.3918633517358924,0.402924405803647
7142,0.7535,8,35,8,563341,42269,79416,28540,0.391539145577828,0.40305610868674885
7143,0.7536,3,9,3,563350,42260,79419,28537,0.39145577828004,0.40308205149935733
7144,0.7537,4,12,4,563362,42248,79423,28533,0.39134462188298935,0.4031166555996666
7145,0.7538,6,14,6,563376,42234,79429,28527,0.3912149394197636,0.403145800652902
7146,0.7539,11,27,11,563403,42207,79440,28516,0.39096483752639966,0.40320687753630363
7147,0.754,2,17,2,563420,42190,79442,28514,0.39080736596391125,0.4032869427472279
7148,0.7541,4,12,4,563432,42178,79446,28510,0.3906962095668606,0.40332163875056587
7149,0.7542,8,19,8,563451,42159,79454,28502,0.390520211938197,0.4033625337880868
7150,0.7543,20,36,20,563487,42123,79474,28482,0.39018674274704507,0.4033991926917357
7151,0.7544,8,12,8,563499,42111,79482,28474,0.39007558634999445,0.403400155840476
7152,0.7545,6,21,6,563520,42090,79488,28468,0.3898810626551558,0.4034694860965447
7153,0.7546,6,15,6,563535,42075,79494,28462,0.3897421171588425,0.4035045437146462
7154,0.7547,7,27,7,563562,42048,79501,28455,0.38949201526547855,0.40359984681502914
7155,0.7548,7,24,7,563586,42024,79508,28448,0.3892697024713772,0.40367805653309113
7156,0.7549,6,15,6,563601,42009,79514,28442,0.38913075697506394,0.403713219116833
7157,0.755,15,47,15,563648,41962,79529,28427,0.3886953944199489,0.403855716092003
7158,0.7551,6,12,6,563660,41950,79535,28421,0.3885842380228982,0.40387375481377275
7159,0.7552,5,4,5,563664,41946,79540,28416,0.388547185890548,0.40385435320201246
7160,0.7553,10,29,10,563693,41917,79550,28406,0.3882785579310089,0.4039361233166958
7161,0.7554,3,15,3,563708,41902,79553,28403,0.38813961243469564,0.4039968707773274
7162,0.7555,10,28,10,563736,41874,79563,28393,0.3878802475082441,0.40407303570666175
7163,0.7556,6,21,6,563757,41853,79569,28387,0.38768572381340544,0.40414293849658317
7164,0.7557,10,27,10,563784,41826,79579,28377,0.3874356219200415,0.40421349514977994
7165,0.7558,9,36,9,563820,41790,79588,28368,0.38710215272888954,0.4043444796031814
7166,0.7559,27,65,27,563885,41725,79615,28341,0.3865000555781985,0.4044900522364628
7167,0.756,4,20,4,563905,41705,79619,28337,0.38631479491644743,0.40457154278861257
7168,0.7561,2,11,2,563916,41694,79621,28335,0.38621290155248433,0.40461808679261446
7169,0.7562,18,18,18,563934,41676,79639,28317,0.38604616695690835,0.40456902833140457
7170,0.7563,3,19,3,563953,41657,79642,28314,0.38587016932824486,0.40465335639050465
7171,0.7564,10,22,10,563975,41635,79652,28304,0.38566638260031866,0.4046955203820472
7172,0.7565,38,46,38,564021,41589,79690,28266,0.38524028307829117,0.404638179085248
7173,0.7566,15,41,15,564062,41548,79705,28251,0.3848604987217014,0.40474791902462787
7174,0.7567,2,14,2,564076,41534,79707,28249,0.38473081625847566,0.40481206024389893
7175,0.7568,10,23,10,564099,41511,79717,28239,0.38451776649746194,0.40486021505376346
7176,0.7569,17,36,17,564135,41475,79734,28222,0.38418429730631,0.4049241717720992
7177,0.757,45,73,45,564208,41402,79779,28177,0.3835080958909185,0.40496414147946935
7178,0.7571,8,16,8,564224,41386,79787,28169,0.38335988736151766,0.4049888577384803
7179,0.7572,7,11,7,564235,41375,79794,28162,0.38325799399755456,0.40499302529588566
7180,0.7573,9,20,9,564255,41355,79803,28153,0.3830727333358035,0.4050325142429648
7181,0.7574,83,152,83,564407,41203,79886,28070,0.3816647523064952,0.4052083784447043
7182,0.7575,4,9,4,564416,41194,79890,28066,0.38158138500870725,0.40522668206757145
7183,0.7576,7,13,7,564429,41181,79897,28059,0.38146096557856907,0.4052426343154246
7184,0.7577,19,64,19,564493,41117,79916,28040,0.3808681314609656,0.40545425625750103
7185,0.7578,6,8,6,564501,41109,79922,28034,0.38079402719626515,0.40544957551740596
7186,0.7579,20,52,20,564553,41057,79942,28014,0.38031234947571235,0.4055826613195118
7187,0.758,6,14,6,564567,41043,79948,28008,0.38018266701248654,0.4056132423860625
7188,0.7581,11,32,11,564599,41011,79959,27997,0.3798862499536848,0.40570658474379784
7189,0.7582,4,10,4,564609,41001,79963,27993,0.3797936196228093,0.40573093312461955
7190,0.7583,6,7,6,564616,40994,79969,27987,0.3797287783911964,0.4057204157666604
7191,0.7584,10,12,10,564628,40982,79979,27977,0.3796176219941458,0.40570483910729566
7192,0.7585,142,311,142,564939,40671,80121,27835,0.3767368187039164,0.4063147753481447
7193,0.7586,6,23,6,564962,40648,80127,27829,0.3765237689429027,0.40639922893818364
7194,0.7587,6,11,6,564973,40637,80133,27823,0.3764218755789396,0.40641250365176745
7195,0.7588,2,24,2,564997,40613,80135,27821,0.3761995627848383,0.4065376859455826
7196,0.7589,24,38,24,565035,40575,80159,27797,0.3758475675275112,0.406555315041245
7197,0.759,9,17,9,565052,40558,80168,27788,0.3756900959650228,0.40657829280426067
7198,0.7591,1,10,1,565062,40548,80169,27787,0.37559746563414725,0.4066291066071559
7199,0.7592,69,118,69,565180,40430,80238,27718,0.37450442772981585,0.4067324059400129
7200,0.7593,4,22,4,565202,40408,80242,27714,0.37430064100188964,0.4068289245764951
7201,0.7594,24,60,24,565262,40348,80266,27690,0.3737448590166364,0.40697845321731974
7202,0.7595,1,8,1,565270,40340,80267,27689,0.37367075475193595,0.40701759543724
7203,0.7596,14,33,14,565303,40307,80281,27675,0.3733650746600467,0.40709305404371743
7204,0.7597,5,18,5,565321,40289,80286,27670,0.3731983400644707,0.40715725658117397
7205,0.7598,3,15,3,565336,40274,80289,27667,0.3730593945681574,0.40722097113672157
7206,0.7599,3,15,3,565351,40259,80292,27664,0.3729204490718441,0.40728471946174344
7207,0.76,640,1042,640,566393,39217,80932,27024,0.36326836859461265,0.4079648556030253
7208,0.7601,3,12,3,566405,39205,80935,27021,0.363157212197562,0.408011959049316
7209,0.7602,5,14,5,566419,39191,80940,27016,0.3630275297343362,0.4080535290830275
7210,0.7603,1,10,1,566429,39181,80941,27015,0.3629348994034607,0.4081062299836848
7211,0.7604,1,16,1,566445,39165,80942,27014,0.3627866908740598,0.4081959533991145
7212,0.7605,2,11,2,566456,39154,80944,27012,0.3626847975100967,0.4082459269111024
7213,0.7606,2,21,2,566477,39133,80946,27010,0.36249027381525806,0.4083576493355306
7214,0.7607,4,11,4,566488,39122,80950,27006,0.36238838045129496,0.40838978949915317
7215,0.7608,1,14,1,566502,39108,80951,27005,0.3622586979880692,0.40846732110175005
7216,0.7609,7,27,7,566529,39081,80958,26998,0.36200859609470526,0.40857155828629366
7217,0.761,9,19,9,566548,39062,80967,26989,0.3618325984660417,0.40860849949281614
7218,0.7611,3,12,3,566560,39050,80970,26986,0.3617214420689911,0.40865588466896846
7219,0.7612,8,20,8,566580,39030,80978,26978,0.36153618140724,0.4087080353896497
7220,0.7613,6,11,6,566591,39019,80984,26972,0.3614342880432769,0.4087224015396039
7221,0.7614,2,17,2,566608,39002,80986,26970,0.36127681648078847,0.408809798096162
7222,0.7615,4,22,4,566630,38980,80990,26966,0.36107302975286226,0.408910320565311
7223,0.7616,4,10,4,566640,38970,80994,26962,0.36098039942198673,0.40893648000970695
7224,0.7617,4,26,4,566666,38944,80998,26958,0.3607395605617103,0.40906194045704225
7225,0.7618,3,14,3,566680,38930,81001,26955,0.36060987809848455,0.40912195492145403
7226,0.7619,3,12,3,566692,38918,81004,26952,0.36049872170143393,0.4091695764384394
7227,0.762,7,19,7,566711,38899,81011,26945,0.3603227240727704,0.40922483445720187
7228,0.7621,5,12,5,566723,38887,81016,26940,0.3602115676757197,0.4092545611982925
7229,0.7622,2,20,2,566743,38867,81018,26938,0.36002630701396865,0.4093609908061697
7230,0.7623,6,15,6,566758,38852,81024,26932,0.3598873615176553,0.40940046211844827
7231,0.7624,6,17,6,566775,38835,81030,26926,0.3597298899551669,0.4094524110034823
7232,0.7625,1,11,1,566786,38824,81031,26925,0.3596279965912038,0.4095119317404067
7233,0.7626,4,8,4,566794,38816,81035,26921,0.35955389232650337,0.40952583780823587
7234,0.7627,3,20,3,566814,38796,81038,26918,0.3593686316647523,0.40962352010226133
7235,0.7628,6,13,6,566827,38783,81044,26912,0.3592482122346141,0.40965065834538394
7236,0.7629,3,15,3,566842,38768,81047,26909,0.3591092667383008,0.40971725261507075
7237,0.763,3,28,3,566870,38740,81050,26906,0.3588499018118493,0.40986503366541754
7238,0.7631,6,22,6,566892,38718,81056,26900,0.3586461150839231,0.4099484897436679
7239,0.7632,6,16,6,566908,38702,81062,26894,0.35849790655452224,0.4099945118604793
7240,0.7633,3,9,3,566917,38693,81065,26891,0.3584145392567342,0.4100237862893389
7241,0.7634,8,20,8,566937,38673,81073,26883,0.35822927859498316,0.4100768808347062
7242,0.7635,10,19,10,566956,38654,81083,26873,0.3580532809663196,0.4101057579318449
7243,0.7636,2,20,2,566976,38634,81085,26871,0.35786802030456855,0.41021296084268377
7244,0.7637,6,24,6,567000,38610,81091,26865,0.3576457075104672,0.41030927835051545
7245,0.7638,9,22,9,567022,38588,81100,26856,0.35744192078254106,0.410366114540676
7246,0.7639,8,33,8,567055,38555,81108,26848,0.35713624069065175,0.4105010473525679
7247,0.764,7,13,7,567068,38542,81115,26841,0.35701582126051357,0.4105195540125109
7248,0.7641,5,10,5,567078,38532,81120,26836,0.356923190929638,0.41053726594052137
7249,0.7642,5,25,5,567103,38507,81125,26831,0.3566916151024491,0.41064923934004716
7250,0.7643,12,42,12,567145,38465,81137,26819,0.35630256771277186,0.410805097726855
7251,0.7644,5,19,5,567164,38446,81142,26814,0.35612657008410836,0.41087955868832365
7252,0.7645,2,21,2,567185,38425,81144,26812,0.35593204638926973,0.4109937612091298
7253,0.7646,5,9,5,567194,38416,81149,26807,0.3558486790914817,0.41100532020912867
7254,0.7647,5,18,5,567212,38398,81154,26802,0.35568194449590573,0.41107361963190187
7255,0.7648,4,11,4,567223,38387,81158,26798,0.35558005113194263,0.41110684973536854
7256,0.7649,4,12,4,567235,38375,81162,26794,0.355468894734892,0.4111464039650754
7257,0.765,22,44,22,567279,38331,81184,26772,0.3550613212790396,0.4112252891571817
7258,0.7651,4,7,4,567286,38324,81188,26768,0.35499648004742673,0.41123333128495054
7259,0.7652,4,18,4,567304,38306,81192,26764,0.35482974545185075,0.41131089595819886
7260,0.7653,8,26,8,567330,38280,81200,26756,0.3545889065915743,0.41140291530844453
7261,0.7654,6,9,6,567339,38271,81206,26750,0.35450553929378636,0.4114055459005552
7262,0.7655,12,30,12,567369,38241,81218,26738,0.3542276483011597,0.4114867880392127
7263,0.7656,7,13,7,567382,38228,81225,26731,0.35410722887102153,0.4115057189919796
7264,0.7657,12,20,12,567402,38208,81237,26719,0.35392196820927047,0.41152371124493664
7265,0.7658,14,11,14,567413,38197,81251,26705,0.35382007484530736,0.4114665187513482
7266,0.7659,36,56,36,567469,38141,81287,26669,0.3533013449924043,0.41149513963894463
7267,0.766,5,16,5,567485,38125,81292,26664,0.35315313646300345,0.41155134359227646
7268,0.7661,1,13,1,567498,38112,81293,26663,0.35303271703286526,0.4116248552682362
7269,0.7662,13,29,13,567527,38083,81306,26650,0.3527640890733262,0.4116911003661193
7270,0.7663,6,15,6,567542,38068,81312,26644,0.35262514357701286,0.411731981703548
7271,0.7664,9,20,9,567562,38048,81321,26635,0.3524398829152618,0.41177743765749886
7272,0.7665,35,45,35,567607,38003,81356,26600,0.3520230464263218,0.41174558457037597
7273,0.7666,15,28,15,567635,37975,81371,26585,0.3517636814998703,0.4117874845105328
7274,0.7667,0,10,0,567645,37965,81371,26585,0.3516710511689948,0.4118512780790085
7275,0.7668,6,21,6,567666,37944,81377,26579,0.35147652747415614,0.4119306293879702
7276,0.7669,12,27,12,567693,37917,81389,26567,0.3512264255807922,0.41199367284907884
7277,0.767,22,57,22,567750,37860,81411,26545,0.3506984326948016,0.412157441192454
7278,0.7671,12,28,12,567778,37832,81423,26533,0.35043906776835004,0.4122271420803232
7279,0.7672,1,11,1,567789,37821,81424,26532,0.350337174404387,0.41228847139993474
7280,0.7673,8,11,8,567800,37810,81432,26524,0.3502352810404239,0.4122858830478441
7281,0.7674,70,128,70,567928,37682,81502,26454,0.34904961280521696,0.41246725707870774
7282,0.7675,5,15,5,567943,37667,81507,26449,0.34891066730890363,0.412517936240564
7283,0.7676,2,13,2,567956,37654,81509,26447,0.34879024787876545,0.41258326703171555
7284,0.7677,24,67,24,568023,37587,81533,26423,0.34816962466189927,0.41279487580065616
7285,0.7678,2,9,2,568032,37578,81535,26421,0.3480862573641113,0.41283457554024283
7286,0.7679,26,49,26,568081,37529,81561,26395,0.34763236874282116,0.4129122082472937
7287,0.768,2,9,2,568090,37520,81563,26393,0.34754900144503315,0.41295198159998747
7288,0.7681,11,22,11,568112,37498,81574,26382,0.34734521471710694,0.41299311208515965
7289,0.7682,4,12,4,568124,37486,81578,26378,0.3472340583200563,0.41303394713766756
7290,0.7683,3,9,3,568133,37477,81581,26375,0.3471506910222683,0.41306458685710706
7291,0.7684,16,21,16,568154,37456,81597,26359,0.3469561673274297,0.413053357361122
7292,0.7685,167,266,167,568420,37190,81764,26192,0.34449220052614027,0.4132403521504528
7293,0.7686,6,19,6,568439,37171,81770,26186,0.3443162028974768,0.41330871095537985
7294,0.7687,1,7,1,568446,37164,81771,26185,0.3442513616658639,0.4133451198913953
7295,0.7688,11,17,11,568463,37147,81782,26174,0.34409389010337543,0.4133541794981128
7296,0.7689,21,33,21,568496,37114,81803,26153,0.3437882100114862,0.4133750612483601
7297,0.769,2,20,2,568516,37094,81805,26151,0.34360294934973507,0.4134872321922682
7298,0.7691,6,13,6,568529,37081,81811,26145,0.3434825299195969,0.413516591275741
7299,0.7692,68,143,68,568672,36938,81879,26077,0.3421579161880766,0.41382210584781404
7300,0.7693,6,20,6,568692,36918,81885,26071,0.34197265552632555,0.4138976646716093
7301,0.7694,41,50,41,568742,36868,81926,26030,0.34150950387194784,0.4138446373493593
7302,0.7695,3,19,3,568761,36849,81929,26027,0.3413335062432843,0.4139417265729372
7303,0.7696,12,22,12,568783,36827,81941,26015,0.3411297195153581,0.4139747302759301
7304,0.7697,6,17,6,568800,36810,81947,26009,0.3409722479528697,0.4140307868638469
7305,0.7698,4,15,4,568815,36795,81951,26005,0.34083330245655635,0.41409235668789807
7306,0.7699,0,9,0,568824,36786,81951,26005,0.3407499351587684,0.41415170963991654
7307,0.77,658,1042,658,569866,35744,82609,25347,0.3310978546815369,0.4149056325809039
7308,0.7701,1,14,1,569880,35730,82610,25346,0.33096817221831115,0.4149911585565525
7309,0.7702,4,14,4,569894,35716,82614,25342,0.3308384897550854,0.4150479871597497
7310,0.7703,2,18,2,569912,35698,82616,25340,0.3306717551595094,0.41515121727448473
7311,0.7704,3,18,3,569930,35680,82619,25337,0.33050502056393344,0.41524493174033467
7312,0.7705,4,14,4,569944,35666,82623,25333,0.3303753381007077,0.41530189019492125
7313,0.7706,5,19,5,569963,35647,82628,25328,0.3301993404720442,0.41538335383353836
7314,0.7707,5,10,5,569973,35637,82633,25323,0.3301067101411686,0.4154035433070866
7315,0.7708,0,12,0,569985,35625,82633,25323,0.329995553744118,0.4154853317582201
7316,0.7709,6,17,6,570002,35608,82639,25317,0.3298380821816296,0.4155437012720558
7317,0.771,4,18,4,570020,35590,82643,25313,0.3296713475860536,0.4156281299771768
7318,0.7711,4,12,4,570032,35578,82647,25309,0.3295601911890029,0.41567165404766204
7319,0.7712,5,19,5,570051,35559,82652,25304,0.3293841935603394,0.4157534134038743
7320,0.7713,5,30,5,570081,35529,82657,25299,0.3291063025677128,0.4159104359834287
7321,0.7714,7,18,7,570099,35511,82664,25292,0.3289395679721368,0.4159663174514415
7322,0.7715,7,6,7,570105,35505,82671,25285,0.3288839897736115,0.4159401217305478
7323,0.7716,4,14,4,570119,35491,82675,25281,0.3287543073103857,0.41599749884815374
7324,0.7717,4,9,4,570128,35482,82679,25277,0.3286709400125977,0.4160206718346253
7325,0.7718,5,12,5,570140,35470,82684,25272,0.32855978361554705,0.4160547891080307
7326,0.7719,3,13,3,570153,35457,82687,25269,0.32843936418540887,0.4161150083983796
7327,0.772,5,24,5,570177,35433,82692,25264,0.3282170513913076,0.41623144471720186
7328,0.7721,3,10,3,570187,35423,82695,25261,0.32812442106043205,0.4162711752686046
7329,0.7722,4,10,4,570197,35413,82699,25257,0.32803179072955646,0.4163013021262568
7330,0.7723,2,12,2,570209,35401,82701,25255,0.32792063433250584,0.4163644157214455
7331,0.7724,7,34,7,570243,35367,82708,25248,0.32760569120752897,0.41653056174214304
7332,0.7725,7,9,7,570252,35358,82715,25241,0.327522323909741,0.4165250251654318
7333,0.7726,1,14,1,570266,35344,82716,25240,0.32739264144651525,0.4166116466393767
7334,0.7727,5,11,5,570277,35333,82721,25235,0.32729074808255215,0.4166391493858143
7335,0.7728,4,21,4,570298,35312,82725,25231,0.3270962243877135,0.4167451233007945
7336,0.7729,3,21,3,570319,35291,82728,25228,0.3269017006928749,0.416860820568747
7337,0.773,3,12,3,570331,35279,82731,25225,0.3267905442958242,0.416914584159725
7338,0.7731,4,13,4,570344,35266,82735,25221,0.32667012486568603,0.41696562897812756
7339,0.7732,7,18,7,570362,35248,82742,25214,0.32650339027011005,0.4170222619165757
7340,0.7733,3,11,3,570373,35237,82745,25211,0.32640149690614695,0.4170692165166755
7341,0.7734,3,12,3,570385,35225,82748,25208,0.3262903405090963,0.4171230949977661
7342,0.7735,7,33,7,570418,35192,82755,25201,0.32598466041720703,0.4172834600036428
7343,0.7736,1,11,1,570429,35181,82756,25200,0.3258827670532439,0.41734982858846326
7344,0.7737,3,10,3,570439,35171,82759,25197,0.3257901367223684,0.41739000795123243
7345,0.7738,4,10,4,570449,35161,82763,25193,0.3256975063914928,0.4174205520760844
7346,0.7739,6,17,6,570466,35144,82769,25187,0.3255400348290044,0.4174802340422005
7347,0.774,4,11,4,570477,35133,82773,25183,0.3254381414650413,0.4175177399031766
7348,0.7741,0,12,0,570489,35121,82773,25183,0.3253269850679907,0.4176008224993367
7349,0.7742,7,16,7,570505,35105,82780,25176,0.3251787765385898,0.417644033775153
7350,0.7743,19,26,19,570531,35079,82799,25157,0.32493793767831336,0.4176406135865595
7351,0.7744,5,14,5,570545,35065,82804,25152,0.3248082552150876,0.41768935682614544
7352,0.7745,6,13,6,570558,35052,82810,25146,0.3246878357849494,0.4177215189873418
7353,0.7746,9,16,9,570574,35036,82819,25137,0.3245396272555486,0.41774550047363435
7354,0.7747,10,23,10,570597,35013,82829,25127,0.3243265774945348,0.4178084469571001
7355,0.7748,4,10,4,570607,35003,82833,25123,0.3242339471636593,0.4178392043375578
7356,0.7749,10,19,10,570626,34984,82843,25113,0.3240579495349957,0.4178744363279365
7357,0.775,19,47,19,570673,34937,82862,25094,0.32362258697988067,0.41801735769852244
7358,0.7751,5,10,5,570683,34927,82867,25089,0.32352995664900513,0.4180385230605172
7359,0.7752,3,10,3,570693,34917,82870,25086,0.3234373263181296,0.4180790960451977
7360,0.7753,6,43,6,570736,34874,82876,25080,0.32303901589536477,0.4183207125462855
7361,0.7754,7,18,7,570754,34856,82883,25073,0.3228722812997888,0.41837841445710755
7362,0.7755,8,23,8,570777,34833,82891,25065,0.32265923153877507,0.4184613843534008
7363,0.7756,7,17,7,570794,34816,82898,25058,0.32250175997628666,0.4185122089721749
7364,0.7757,7,24,7,570818,34792,82905,25051,0.3222794471821853,0.41861203482445736
7365,0.7758,8,19,8,570837,34773,82913,25043,0.3221034495535218,0.41866724622174667
7366,0.7759,25,60,25,570897,34713,82938,25018,0.3215476675682686,0.4188444861127388
7367,0.776,6,11,6,570908,34702,82944,25012,0.3214457742043055,0.4188632481495127
7368,0.7761,2,10,2,570918,34692,82946,25010,0.3213531438734299,0.41891393923151654
7369,0.7762,10,29,10,570947,34663,82956,25000,0.32108451591389087,0.4190201632502556
7370,0.7763,2,14,2,570961,34649,82958,24998,0.3209548334506651,0.419099032642044
7371,0.7764,8,30,8,570991,34619,82966,24990,0.32067694245803846,0.41923199516851484
7372,0.7765,21,51,21,571042,34568,82987,24969,0.3202045277705732,0.4193862640038967
7373,0.7766,14,49,14,571091,34519,83001,24955,0.31975063914928303,0.419595117194068
7374,0.7767,5,8,5,571099,34511,83006,24950,0.3196765348845826,0.4196027648374565
7375,0.7768,8,15,8,571114,34496,83014,24942,0.3195375893882693,0.41963053938557826
7376,0.7769,6,27,6,571141,34469,83020,24936,0.3192874874949053,0.41976264624189885
7377,0.777,42,70,42,571211,34399,83062,24894,0.31863907517877654,0.41984719950078425
7378,0.7771,7,11,7,571222,34388,83069,24887,0.31853718181481344,0.41985660059046814
7379,0.7772,9,17,9,571239,34371,83078,24878,0.31837971025232503,0.41988894327330417
7380,0.7773,5,12,5,571251,34359,83083,24873,0.31826855385527436,0.41992504051863855
7381,0.7774,75,109,75,571360,34250,83158,24798,0.31725888324873097,0.4199634195908413
7382,0.7775,4,11,4,571371,34239,83162,24794,0.31715698988476787,0.420002371554893
7383,0.7776,0,14,0,571385,34225,83162,24794,0.3170273074215421,0.42010200105050916
7384,0.7777,31,48,31,571433,34177,83193,24763,0.3165826818333395,0.42013912453342384
7385,0.7778,4,9,4,571442,34168,83197,24759,0.3164993145355515,0.42016393164423776
7386,0.7779,24,52,24,571494,34116,83221,24735,0.3160176368149987,0.42029872049752764
7387,0.778,9,9,9,571503,34107,83230,24726,0.3159342695172107,0.4202743358319311
7388,0.7781,9,15,9,571518,34092,83239,24717,0.3157953240208974,0.42029281232464416
7389,0.7782,4,13,4,571531,34079,83243,24713,0.3156749045907592,0.42034630561981223
7390,0.7783,7,13,7,571544,34066,83250,24706,0.315554485160621,0.42037024433403664
7391,0.7784,13,24,13,571568,34042,83263,24693,0.31533217236651967,0.42041372265259214
7392,0.7785,159,270,159,571838,33772,83422,24534,0.31283115343288004,0.4207800226391795
7393,0.7786,4,16,4,571854,33756,83426,24530,0.3126829449034792,0.42085578011872493
7394,0.7787,3,20,3,571874,33736,83429,24527,0.31249768424172814,0.4209704272007964
7395,0.7788,4,18,4,571892,33718,83433,24523,0.31233094964615216,0.42106076475335247
7396,0.7789,18,30,18,571922,33688,83451,24505,0.3120530586535255,0.42109875758252713
7397,0.779,3,15,3,571937,33673,83454,24502,0.3119141131572122,0.42117748173614095
7398,0.7791,4,15,4,571952,33658,83458,24498,0.3117751676608989,0.4212463030469771
7399,0.7792,79,129,79,572081,33529,83537,24419,0.3105802363926044,0.42139504383240145
7400,0.7793,4,14,4,572095,33515,83541,24415,0.31045055392937865,0.4214569307785258
7401,0.7794,25,50,25,572145,33465,83566,24390,0.30998740227500093,0.4215711693025668
7402,0.7795,3,16,3,572161,33449,83569,24387,0.30983919374560004,0.4216577909952279
7403,0.7796,6,27,6,572188,33422,83575,24381,0.3095890918522361,0.42179471653720396
7404,0.7797,3,14,3,572202,33408,83578,24378,0.30945940938901034,0.42186688817360607
7405,0.7798,4,12,4,572214,33396,83582,24374,0.30934825299195967,0.42191448848883506
7406,0.7799,0,8,0,572222,33388,83582,24374,0.3092741487272593,0.4219729233752294
7407,0.78,679,1005,679,573227,32383,84261,23695,0.29996480047426727,0.42253646706373266
7408,0.7801,4,11,4,573238,32372,84265,23691,0.2998629071103042,0.4225781709862119
7409,0.7802,5,11,5,573249,32361,84270,23686,0.2997610137463411,0.42260959551804733
7410,0.7803,2,11,2,573260,32350,84272,23684,0.299659120382378,0.422671949173716
7411,0.7804,3,13,3,573273,32337,84275,23681,0.2995387009522398,0.4227391195687101
7412,0.7805,6,10,6,573283,32327,84281,23675,0.29944607062136425,0.42275275883004176
7413,0.7806,2,11,2,573294,32316,84283,23673,0.29934417725740115,0.4228151958420404
7414,0.7807,6,6,6,573300,32310,84289,23667,0.29928859905887584,0.4227986494453079
7415,0.7808,2,15,2,573315,32295,84291,23665,0.2991496535625625,0.422891350964975
7416,0.7809,4,24,4,573339,32271,84295,23661,0.2989273407684612,0.4230315382965029
7417,0.781,3,7,3,573346,32264,84298,23658,0.29886249953684835,0.42305353885769464
7418,0.7811,6,11,6,573357,32253,84304,23652,0.29876060617288525,0.4230748591360343
7419,0.7812,2,9,2,573366,32244,84306,23650,0.2986772388750973,0.42312233871256305
7420,0.7813,4,19,4,573385,32225,84310,23646,0.29850124124643374,0.4232249288539672
7421,0.7814,1,6,1,573391,32219,84311,23645,0.2984456630479084,0.42326006014606904
7422,0.7815,6,9,6,573400,32210,84317,23639,0.2983622957501204,0.4232663073645007
7423,0.7816,6,18,6,573418,32192,84323,23633,0.29819556115454443,0.4233407971339006
7424,0.7817,5,8,5,573426,32184,84328,23628,0.298121456889844,0.42334981724360354
7425,0.7818,1,6,1,573432,32178,84329,23627,0.2980658786913187,0.4233850013439656
7426,0.7819,7,17,7,573449,32161,84336,23620,0.29790840712883027,0.42344167368817337
7427,0.782,4,9,4,573458,32152,84340,23616,0.2978250398310423,0.4234686558599914
7428,0.7821,6,10,6,573468,32142,84346,23610,0.2977324095001667,0.4234825656478691
7429,0.7822,11,19,11,573487,32123,84357,23599,0.2975564118715032,0.4235131545888518
7430,0.7823,6,12,6,573499,32111,84363,23593,0.29744525547445255,0.4235422949877926
7431,0.7824,11,22,11,573521,32089,84374,23582,0.29724146874652635,0.42359576799410825
7432,0.7825,5,20,5,573541,32069,84379,23577,0.2970562080847753,0.4236962225496891
7433,0.7826,2,10,2,573551,32059,84381,23575,0.29696357775389975,0.4237516626523349
7434,0.7827,10,13,10,573564,32046,84391,23565,0.2968431583237615,0.423747100393807
7435,0.7828,6,14,6,573578,32032,84397,23559,0.29671347586053576,0.42379162094583656
7436,0.7829,2,10,2,573588,32022,84399,23557,0.2966208455296602,0.42384713650839345
7437,0.783,3,14,3,573602,32008,84402,23554,0.29649116306643447,0.42392282495230554
7438,0.7831,2,11,2,573613,31997,84404,23552,0.29638926970247137,0.4239860303515815
7439,0.7832,4,18,4,573631,31979,84408,23548,0.2962225351068954,0.4240819781367623
7440,0.7833,5,10,5,573641,31969,84413,23543,0.29612990477601986,0.4241064994956045
7441,0.7834,8,11,8,573652,31958,84421,23535,0.29602801141205676,0.42410754509577786
7442,0.7835,5,20,5,573672,31938,84426,23530,0.2958427507503057,0.42420855267902213
7443,0.7836,4,8,4,573680,31930,84430,23526,0.29576864648560525,0.4242282169648009
7444,0.7837,4,15,4,573695,31915,84434,23522,0.2956297009892919,0.42430145931417645
7445,0.7838,2,11,2,573706,31904,84436,23520,0.2955278076253288,0.424364896073903
7446,0.7839,11,28,11,573734,31876,84447,23509,0.2952684426988773,0.4244651078811953
7447,0.784,3,11,3,573745,31865,84450,23506,0.2951665493349142,0.4245182496252551
7448,0.7841,4,10,4,573755,31855,84454,23502,0.2950739190040387,0.42455335368607405
7449,0.7842,2,24,2,573779,31831,84456,23500,0.2948516062099374,0.4247167049212919
7450,0.7843,11,32,11,573811,31799,84467,23489,0.29455518915113565,0.42484806829691796
7451,0.7844,3,17,3,573828,31782,84470,23486,0.29439771758864725,0.4249475284070348
7452,0.7845,4,17,4,573845,31765,84474,23482,0.2942402460261588,0.4250366535739497
7453,0.7846,2,10,2,573855,31755,84476,23480,0.29414761569528325,0.4250927853715941
7454,0.7847,8,13,8,573868,31742,84484,23472,0.29402719626514506,0.42510957365885466
7455,0.7848,6,22,6,573890,31720,84490,23466,0.29382340953721886,0.42521654042691986
7456,0.7849,8,13,8,573903,31707,84498,23458,0.2937029901070807,0.42523339073688027
7457,0.785,23,37,23,573940,31670,84521,23435,0.29336025788284115,0.42527901279375735
7458,0.7851,5,19,5,573959,31651,84526,23430,0.29318426025417765,0.4253735407853888
7459,0.7852,3,8,3,573967,31643,84529,23427,0.2931101559894772,0.4254040312329762
7460,0.7853,7,17,7,573984,31626,84536,23420,0.2929526844269888,0.42546234058787197
7461,0.7854,1,6,1,573990,31620,84537,23419,0.29289710622846343,0.4254982830356656
7462,0.7855,11,31,11,574021,31589,84548,23408,0.29260995220274927,0.42562321581177154
7463,0.7856,10,14,10,574035,31575,84558,23398,0.2924802697395235,0.4256271260436942
7464,0.7857,10,14,10,574049,31561,84568,23388,0.29235058727629776,0.4256310396913502
7465,0.7858,14,26,14,574075,31535,84582,23374,0.29210974841602133,0.42568613524194576
7466,0.7859,30,57,30,574132,31478,84612,23344,0.29158175553003074,0.42581445405129326
7467,0.786,7,19,7,574151,31459,84619,23337,0.29140575790136725,0.4258887510037229
7468,0.7861,3,11,3,574162,31448,84622,23334,0.29130386453740414,0.42594282793618343
7469,0.7862,11,28,11,574190,31420,84633,23323,0.29104449961095263,0.4260453391301171
7470,0.7863,3,10,3,574200,31410,84636,23320,0.29095186928007705,0.426091723003837
7471,0.7864,8,25,8,574225,31385,84644,23312,0.2907202934528882,0.426202533959815
7472,0.7865,23,47,23,574272,31338,84667,23289,0.2902849308977732,0.426327640177934
7473,0.7866,18,35,18,574307,31303,84685,23271,0.2899607247397088,0.42641184446806174
7474,0.7867,5,12,5,574319,31291,84690,23266,0.2898495683426581,0.4264530674340598
7475,0.7868,6,26,6,574345,31265,84696,23260,0.2896087294823817,0.42659330582301697
7476,0.7869,7,23,7,574368,31242,84703,23253,0.289395679721368,0.42669969721992845
7477,0.787,28,61,28,574429,31181,84731,23225,0.28883063470302717,0.4268830643679006
7478,0.7871,7,15,7,574444,31166,84738,23218,0.28869168920671384,0.42692703736393056
7479,0.7872,6,8,6,574452,31158,84744,23212,0.2886175849420134,0.4269266139415119
7480,0.7873,3,25,3,574477,31133,84747,23209,0.28838600911482454,0.42709138419638587
7481,0.7874,72,109,72,574586,31024,84819,23137,0.28737633850828115,0.4271893059581618
7482,0.7875,2,11,2,574597,31013,84821,23135,0.28727444514431805,0.4272549309300436
7483,0.7876,7,8,7,574605,31005,84828,23128,0.2872003408796176,0.42724401012321506
7484,0.7877,30,45,30,574650,30960,84858,23098,0.2867835043906777,0.42728180842798474
7485,0.7878,5,9,5,574659,30951,84863,23093,0.2867001370928897,0.42729997779587003
7486,0.7879,28,52,28,574711,30899,84891,23065,0.28621845937233686,0.4274145726780817
7487,0.788,5,9,5,574720,30890,84896,23060,0.2861350920745489,0.42743280815569973
7488,0.7881,10,18,10,574738,30872,84906,23050,0.2859683574789729,0.4274693075182671
7489,0.7882,4,15,4,574753,30857,84910,23046,0.2858294119826596,0.42754577667291244
7490,0.7883,6,6,6,574759,30851,84916,23040,0.2857738337841343,0.42752964316861813
7491,0.7884,9,20,9,574779,30831,84925,23031,0.28558857312238317,0.4275927369945416
7492,0.7885,161,253,161,575032,30578,85086,22870,0.283245025751232,0.42789253105822483
7493,0.7886,10,17,10,575049,30561,85096,22860,0.28308755418874354,0.42792160386364914
7494,0.7887,1,10,1,575059,30551,85097,22859,0.282994923857868,0.42799101291892905
7495,0.7888,8,17,8,575076,30534,85105,22851,0.2828374522953796,0.4280415847148075
7496,0.7889,17,24,17,575100,30510,85122,22834,0.2826151395012783,0.4280518896220756
7497,0.789,8,7,8,575107,30503,85130,22826,0.28255029826966543,0.42802227680999083
7498,0.7891,6,14,6,575121,30489,85136,22820,0.2824206158064397,0.4280703070776042
7499,0.7892,70,131,70,575252,30358,85206,22750,0.2812071584719701,0.4283723732770957
7500,0.7893,6,10,6,575262,30348,85212,22744,0.2811145281410945,0.42838845777141565
7501,0.7894,31,56,31,575318,30292,85243,22713,0.2805957982881915,0.42850674464673144
7502,0.7895,1,9,1,575327,30283,85244,22712,0.2805124309904035,0.4285687328993301
7503,0.7896,25,21,25,575348,30262,85269,22687,0.2803179072955649,0.42846890403973636
7504,0.7897,9,13,9,575361,30249,85278,22678,0.28019748786542664,0.42847695883008674
7505,0.7898,2,8,2,575369,30241,85280,22676,0.2801233836007262,0.4285201353062343
7506,0.7899,2,13,2,575382,30228,85282,22674,0.280002964170588,0.4286038335034592
7507,0.79,682,956,682,576338,29272,85964,21992,0.2711475045388862,0.4289950062421973
7508,0.7901,5,13,5,576351,29259,85969,21987,0.271027085108748,0.4290481208289427
7509,0.7902,5,18,5,576369,29241,85974,21982,0.27086035051317203,0.42914315834683636
7510,0.7903,6,21,6,576390,29220,85980,21976,0.2706658268183334,0.42925228533479176
7511,0.7904,4,7,4,576397,29213,85984,21972,0.2706009855867205,0.42926638663670996
7512,0.7905,5,12,5,576409,29201,85989,21967,0.27048982918966985,0.4293112883051907
7513,0.7906,6,6,6,576415,29195,85995,21961,0.27043425099114454,0.42929470638830247
7514,0.7907,2,7,2,576422,29188,85997,21959,0.27036940975953166,0.4293311435665826
7515,0.7908,5,18,5,576440,29170,86002,21954,0.2702026751639557,0.4294264924497301
7516,0.7909,5,15,5,576455,29155,86007,21949,0.27006372966764236,0.42949671258609895
7517,0.791,2,4,2,576459,29151,86009,21947,0.27002667753529214,0.42950800422717134
7518,0.7911,4,12,4,576471,29139,86013,21943,0.2699155211382415,0.4295642300614698
7519,0.7912,4,6,4,576477,29133,86017,21939,0.26985994293971616,0.42957001879699247
7520,0.7913,4,9,4,576486,29124,86021,21935,0.2697765756419282,0.42960104976595703
7521,0.7914,2,9,2,576495,29115,86023,21933,0.2696932083441402,0.429654442877292
7522,0.7915,2,12,2,576507,29103,86025,21931,0.26958205194708956,0.4297331190970725
7523,0.7916,4,9,4,576516,29094,86029,21927,0.26949868464930155,0.42976421473510906
7524,0.7917,9,16,9,576532,29078,86038,21918,0.2693504761199007,0.4297984155620049
7525,0.7918,4,9,4,576541,29069,86042,21914,0.2692671088221127,0.42982955102681286
7526,0.7919,3,21,3,576562,29048,86045,21911,0.26907258512727406,0.4299731156419867
7527,0.792,3,12,3,576574,29036,86048,21908,0.26896142873022344,0.43004082914572866
7528,0.7921,5,9,5,576583,29027,86053,21903,0.2688780614324354,0.4300608678578441
7529,0.7922,4,9,4,576592,29018,86057,21899,0.26879469413464746,0.4300921106899464
7530,0.7923,3,8,3,576600,29010,86060,21896,0.268720589869947,0.43012611479982715
7531,0.7924,8,18,8,576618,28992,86068,21888,0.26855385527437103,0.43018867924528303
7532,0.7925,2,9,2,576627,28983,86070,21886,0.26847048797658307,0.43024238730857695
7533,0.7926,1,1,1,576628,28982,86071,21885,0.2684612249434955,0.43023964456327285
7534,0.7927,4,14,4,576642,28968,86075,21881,0.26833154248026975,0.4303132804971583
7535,0.7928,7,14,7,576656,28954,86082,21874,0.268201860017044,0.4303533485480444
7536,0.7929,4,11,4,576667,28943,86086,21870,0.2680999666530809,0.430401668864267
7537,0.793,1,16,1,576683,28927,86087,21869,0.26795175812368,0.4305260256713127
7538,0.7931,3,13,3,576696,28914,86090,21866,0.2678313386935418,0.4306025994486018
7539,0.7932,15,19,15,576715,28895,86105,21851,0.26765534106487826,0.4305955149174319
7540,0.7933,5,9,5,576724,28886,86110,21846,0.2675719737670903,0.4306157849089332
7541,0.7934,4,14,4,576738,28872,86114,21842,0.26744229130386454,0.4306897503647908
7542,0.7935,11,28,11,576766,28844,86125,21831,0.26718292637741303,0.4308041440552541
7543,0.7936,6,6,6,576772,28838,86131,21825,0.26712734817888767,0.4307877543769615
7544,0.7937,3,10,3,576782,28828,86134,21822,0.26703471784801214,0.4308390918065153
7545,0.7938,6,14,6,576796,28814,86140,21816,0.2669050353847864,0.4308907762196326
7546,0.7939,9,29,9,576825,28785,86149,21807,0.2666364074252473,0.4310365275142315
7547,0.794,4,16,4,576841,28769,86153,21803,0.26648819889584646,0.4311278968599225
7548,0.7941,3,7,3,576848,28762,86156,21800,0.2664233576642336,0.4311538309402318
7549,0.7942,5,12,5,576860,28750,86161,21795,0.2663122012671829,0.4311999208625977
7550,0.7943,11,33,11,576893,28717,86172,21784,0.26600652117529366,0.4313577948951506
7551,0.7944,2,9,2,576902,28708,86174,21782,0.26592315387750565,0.43141216082392553
7552,0.7945,1,17,1,576919,28691,86175,21781,0.26576568231501724,0.4315462038357901
7553,0.7946,4,20,4,576939,28671,86179,21777,0.2655804216532661,0.4316722169362512
7554,0.7947,9,22,9,576961,28649,86188,21768,0.26537663492533997,0.4317591288652637
7555,0.7948,3,10,3,576971,28639,86191,21765,0.2652840045944644,0.43181096738354097
7556,0.7949,6,21,6,576992,28618,86197,21759,0.26508948089962575,0.43192329833058735
7557,0.795,18,28,18,577020,28590,86215,21741,0.26483011597317424,0.4319604220063182
7558,0.7951,4,13,4,577033,28577,86219,21737,0.26470969654303605,0.43202687124855904
7559,0.7952,7,14,7,577047,28563,86226,21730,0.2645800140798103,0.4320680810450759
7560,0.7953,11,23,11,577070,28540,86237,21719,0.2643669643187965,0.43214150699377224
7561,0.7954,4,8,4,577078,28532,86241,21715,0.26429286005409613,0.43216510438434136
7562,0.7955,9,13,9,577091,28519,86250,21706,0.2641724406239579,0.43217521154803384
7563,0.7956,5,21,5,577112,28498,86255,21701,0.26397791692911926,0.4322994481961792
7564,0.7957,8,19,8,577131,28479,86263,21693,0.26380191930045577,0.4323726381248505
7565,0.7958,15,23,15,577154,28456,86278,21678,0.263588869539442,0.43240116487812663
7566,0.7959,28,54,28,577208,28402,86306,21650,0.26308866575271406,0.4325501478462399
7567,0.796,7,13,7,577221,28389,86313,21643,0.26296824632257587,0.4325831467860569
7568,0.7961,3,5,3,577226,28384,86316,21640,0.2629219311571381,0.4325923556692787
7569,0.7962,15,28,15,577254,28356,86331,21625,0.26266256623068657,0.43266441247674114
7570,0.7963,8,17,8,577271,28339,86339,21617,0.26250509466819816,0.4327207942989831
7571,0.7964,5,18,5,577289,28321,86344,21612,0.2623383600726222,0.43281997877155387
7572,0.7965,26,52,26,577341,28269,86370,21586,0.2618566823520694,0.43297562932504263
7573,0.7966,13,25,13,577366,28244,86383,21573,0.2616251065248805,0.4330449444968585
7574,0.7967,2,4,2,577370,28240,86385,21571,0.2615880543925303,0.43305695529099997
7575,0.7968,7,17,7,577387,28223,86392,21564,0.2614305828300419,0.43312511298130035
7576,0.7969,9,23,9,577410,28200,86401,21555,0.2612175330690281,0.4332227916792282
7577,0.797,34,50,34,577460,28150,86435,21521,0.2607543814146504,0.43327092267117634
7578,0.7971,3,6,3,577466,28144,86438,21518,0.2606988032161251,0.4332890338689541
7579,0.7972,2,19,2,577485,28125,86440,21516,0.26052280558746155,0.4334320420620052
7580,0.7973,4,14,4,577499,28111,86444,21512,0.2603931231242358,0.4335086552606654
7581,0.7974,64,102,64,577601,28009,86508,21448,0.2594482937493053,0.43366965242533917
7582,0.7975,5,14,5,577615,27995,86513,21443,0.2593186112860795,0.43373518346211415
7583,0.7976,2,5,2,577620,27990,86515,21441,0.25927229612064173,0.4337561449292954
7584,0.7977,22,69,22,577689,27921,86537,21419,0.2586331468376005,0.4341102553708958
7585,0.7978,6,9,6,577698,27912,86543,21413,0.2585497795398125,0.4341206284845413
7586,0.7979,34,44,34,577742,27868,86577,21379,0.25814220608396016,0.43411781428310353
7587,0.798,3,15,3,577757,27853,86580,21376,0.25800326058764683,0.4342156046232912
7588,0.7981,16,17,16,577774,27836,86596,21360,0.2578457890251584,0.43418164078380356
7589,0.7982,2,11,2,577785,27825,86598,21358,0.2577438956611953,0.43425573877152673
7590,0.7983,2,14,2,577799,27811,86600,21356,0.25761421319796957,0.43435637724490006
7591,0.7984,3,12,3,577811,27799,86603,21353,0.2575030568009189,0.4344278971354167
7592,0.7985,134,263,134,578074,27536,86737,21219,0.25506687909889214,0.43521690083068404
7593,0.7986,1,16,1,578090,27520,86738,21218,0.2549186705694913,0.4353481882719849
7594,0.7987,2,8,2,578098,27512,86740,21216,0.25484456630479085,0.4353964866196027
7595,0.7988,7,17,7,578115,27495,86747,21209,0.25468709474230244,0.43546731274638634
7596,0.7989,18,26,18,578141,27469,86765,21191,0.254446255882026,0.4354911631730374
7597,0.799,1,14,1,578155,27455,86766,21190,0.25431657341880026,0.4356048925891664
7598,0.7991,4,13,4,578168,27442,86770,21186,0.254196153988662,0.43567491979929257
7599,0.7992,70,79,70,578247,27363,86840,21116,0.2534643743747453,0.43557004063615173
7600,0.7993,5,15,5,578262,27348,86845,21111,0.25332542887843196,0.4356466291091438
7601,0.7994,33,46,33,578308,27302,86878,21078,0.25289932935640447,0.43567589913187266
7602,0.7995,3,7,3,578315,27295,86881,21075,0.2528344881247916,0.4357039487285507
7603,0.7996,8,20,8,578335,27275,86889,21067,0.25264922746304047,0.43579082371436845
7604,0.7997,8,21,8,578356,27254,86897,21059,0.25245470376820184,0.435886821352431
7605,0.7998,5,11,5,578367,27243,86902,21054,0.25235281040423874,0.4359276973725076
7606,0.7999,0,7,0,578374,27236,86902,21054,0.25228796917262586,0.4359908883826879
7607,0.8,660,858,660,579232,26378,87562,20394,0.2443402867835044,0.43603010348071497
7608,0.8001,0,9,0,579241,26369,87562,20394,0.2442569194857164,0.43611402176934755
7609,0.8002,2,11,2,579252,26358,87564,20392,0.2441550261217533,0.43619251336898396
7610,0.8003,1,13,1,579265,26345,87565,20391,0.2440346066916151,0.4363017802122561
7611,0.8004,1,11,1,579276,26334,87566,20390,0.243932713327652,0.4363924321547813
7612,0.8005,2,10,2,579286,26324,87568,20388,0.24384008299677645,0.4364617228977565
7613,0.8006,8,17,8,579303,26307,87576,20380,0.24368261143428804,0.4365240859339859
7614,0.8007,3,7,3,579310,26300,87579,20377,0.24361777020267517,0.436553334618763
7615,0.8008,2,11,2,579321,26289,87581,20375,0.24351587683871206,0.43663209326247215
7616,0.8009,5,15,5,579336,26274,87586,20370,0.24337693134239877,0.436712117314124
7617,0.801,3,10,3,579346,26264,87589,20367,0.2432843010115232,0.43676953099869187
7618,0.8011,6,14,6,579360,26250,87595,20361,0.24315461854829745,0.4368282165154148
7619,0.8012,3,12,3,579372,26238,87598,20358,0.2430434621512468,0.43690445531805305
7620,0.8013,1,8,1,579380,26230,87599,20357,0.24296935788654636,0.4369673943374761
7621,0.8014,2,10,2,579390,26220,87601,20355,0.24287672755567083,0.43703703703703706
7622,0.8015,1,10,1,579400,26210,87602,20354,0.2427840972247953,0.437118804226441
7623,0.8016,4,17,4,579417,26193,87606,20350,0.24262662566230686,0.43723008830543797
7624,0.8017,4,9,4,579426,26184,87610,20346,0.24254325836451887,0.4372662798194713
7625,0.8018,3,10,3,579436,26174,87613,20343,0.24245062803364334,0.43732398907926134
7626,0.8019,3,5,3,579441,26169,87616,20340,0.24240431286820557,0.4373347094110817
7627,0.802,3,9,3,579450,26160,87619,20337,0.24232094557041758,0.4373830569714175
7628,0.8021,2,13,2,579463,26147,87621,20335,0.24220052614027937,0.4374811755087991
7629,0.8022,4,16,4,579479,26131,87625,20331,0.2420523176108785,0.4375834014893892
7630,0.8023,4,8,4,579487,26123,87629,20327,0.24197821334617808,0.4376103336921421
7631,0.8024,5,11,5,579498,26112,87634,20322,0.24187631998221498,0.437653443597364
7632,0.8025,1,18,1,579516,26094,87635,20321,0.241709585386639,0.43781105246148877
7633,0.8026,3,7,3,579523,26087,87638,20318,0.24164474415502613,0.43784074991918975
7634,0.8027,4,8,4,579531,26079,87642,20314,0.24157063989032568,0.4378677817774233
7635,0.8028,5,8,5,579539,26071,87647,20309,0.24149653562562526,0.4378827080638206
7636,0.8029,6,15,6,579554,26056,87653,20303,0.24135759012931193,0.437951638301085
7637,0.803,2,17,2,579571,26039,87655,20301,0.24120011856682352,0.43808804488562797
7638,0.8031,5,11,5,579582,26028,87660,20296,0.24109822520286042,0.43813142215698125
7639,0.8032,6,22,6,579604,26006,87666,20290,0.24089443847493422,0.43826680490755143
7640,0.8033,5,9,5,579613,25997,87671,20285,0.24081107117714626,0.43829134436714057
7641,0.8034,6,5,6,579618,25992,87677,20279,0.24076475601170846,0.4382658684705323
7642,0.8035,6,9,6,579627,25983,87683,20273,0.24068138871392047,0.43827827741265996
7643,0.8036,3,10,3,579637,25973,87686,20270,0.24058875838304494,0.4383366131090111
7644,0.8037,7,15,7,579652,25958,87693,20263,0.24044981288673162,0.4383938036823089
7645,0.8038,5,11,5,579663,25947,87698,20258,0.24034791952276854,0.43843739854994046
7646,0.8039,11,25,11,579688,25922,87709,20247,0.2401163436955797,0.43854101236760595
7647,0.804,4,10,4,579698,25912,87713,20243,0.24002371336470413,0.4385873686491171
7648,0.8041,2,11,2,579709,25901,87715,20241,0.23992182000074105,0.43866759134844613
7649,0.8042,6,17,6,579726,25884,87721,20235,0.23976434843825262,0.4387562609770377
7650,0.8043,10,34,10,579760,25850,87731,20225,0.23944940531327577,0.4389582202930005
7651,0.8044,5,20,5,579780,25830,87736,20220,0.2392641446515247,0.43908794788273614
7652,0.8045,6,7,6,579787,25823,87742,20214,0.23919930341991183,0.43908160827160764
7653,0.8046,4,14,4,579801,25809,87746,20210,0.23906962095668605,0.43916643125665483
7654,0.8047,10,19,10,579820,25790,87756,20200,0.23889362332802253,0.43922591867797345
7655,0.8048,2,15,2,579835,25775,87758,20198,0.23875467783170923,0.439344832836665
7656,0.8049,5,10,5,579845,25765,87763,20193,0.23866204750083367,0.4393794333957091
7657,0.805,19,29,19,579874,25736,87782,20174,0.2383934195412946,0.4394249618819429
7658,0.8051,3,9,3,579883,25727,87785,20171,0.23831005224350663,0.43947448690574753
7659,0.8052,3,17,3,579900,25710,87788,20168,0.2381525806810182,0.43960068006451897
7660,0.8053,6,26,6,579926,25684,87794,20162,0.2379117418207418,0.4397766435457837
7661,0.8054,5,11,5,579937,25673,87799,20157,0.2378098484567787,0.4398210778965743
7662,0.8055,12,21,12,579958,25652,87811,20145,0.23761532476194006,0.43987597440880405
7663,0.8056,9,14,9,579972,25638,87820,20136,0.2374856422987143,0.4399003801284572
7664,0.8057,9,22,9,579994,25616,87829,20127,0.2372818555707881,0.44000174890147126
7665,0.8058,8,23,8,580017,25593,87837,20119,0.23706880580977435,0.44012513125656283
7666,0.8059,23,40,23,580057,25553,87860,20096,0.2366982844862722,0.4402287016144932
7667,0.806,7,14,7,580071,25539,87867,20089,0.23656860202304641,0.440277899535373
7668,0.8061,2,10,2,580081,25529,87869,20087,0.23647597169217088,0.4403498772360575
7669,0.8062,13,31,13,580112,25498,87882,20074,0.2361888176664567,0.4404897744228912
7670,0.8063,5,14,5,580126,25484,87887,20069,0.23605913520323094,0.4405637389414528
7671,0.8064,12,25,12,580151,25459,87899,20057,0.23582755937604208,0.44065823007294136
7672,0.8065,33,48,33,580199,25411,87932,20024,0.23538293378783948,0.4407175085286673
7673,0.8066,16,37,16,580236,25374,87948,20008,0.23504020156359998,0.44087964391168305
7674,0.8067,1,6,1,580242,25368,87949,20007,0.23498462336507467,0.44092561983471074
7675,0.8068,5,12,5,580254,25356,87954,20002,0.234873466968024,0.44098064288548877
7676,0.8069,5,16,5,580270,25340,87959,19997,0.23472525843862313,0.44107461896464256
7677,0.807,39,51,39,580321,25289,87998,19958,0.23425284375115787,0.44109001701770284
7678,0.8071,2,9,2,580330,25280,88000,19956,0.23416947645336988,0.4411530639313821
7679,0.8072,9,16,9,580346,25264,88009,19947,0.23402126792396902,0.4411979385547765
7680,0.8073,9,14,9,580360,25250,88018,19938,0.23389158546074326,0.44122333362839694
7681,0.8074,70,110,70,580470,25140,88088,19868,0.2328726518211123,0.44143263419836476
7682,0.8075,2,8,2,580478,25132,88090,19866,0.23279854755641188,0.4414862882794791
7683,0.8076,3,7,3,580485,25125,88093,19863,0.232733706324799,0.4415177380634836
7684,0.8077,30,45,30,580530,25080,88123,19833,0.23231686983585906,0.44158706833210876
7685,0.8078,6,11,6,580541,25069,88129,19827,0.23221497647189596,0.4416206343549537
7686,0.8079,30,42,30,580583,25027,88159,19797,0.2318259290822187,0.44166071747278246
7687,0.808,3,15,3,580598,25012,88162,19794,0.23168698358590537,0.44177119135830023
7688,0.8081,13,27,13,580625,24985,88175,19781,0.2314368816925414,0.4418755305365679
7689,0.8082,4,5,4,580630,24980,88179,19777,0.23139056652710363,0.44187501396429607
7690,0.8083,1,11,1,580641,24969,88180,19776,0.23128867316314053,0.44197116996312436
7691,0.8084,8,17,8,580658,24952,88188,19768,0.23113120160065212,0.4420393559928444
7692,0.8085,176,238,176,580896,24714,88364,19592,0.22892659972581422,0.44219744504130365
7693,0.8086,10,20,10,580916,24694,88374,19582,0.22874133906406313,0.44227120787785706
7694,0.8087,3,9,3,580925,24685,88377,19579,0.22865797176627514,0.4423233327308874
7695,0.8088,5,16,5,580941,24669,88382,19574,0.22850976323687427,0.44242026987320027
7696,0.8089,10,34,10,580975,24635,88392,19564,0.22819482011189743,0.44263444874318425
7697,0.809,3,18,3,580993,24617,88395,19561,0.22802808551632148,0.44277694780207344
7698,0.8091,1,2,1,580995,24615,88396,19560,0.22800955945014637,0.44278438030560274
7699,0.8092,71,108,71,581103,24507,88467,19489,0.2270091518766905,0.4429720883716701
7700,0.8093,4,13,4,581116,24494,88471,19485,0.2268887324465523,0.4430523659019077
7701,0.8094,24,48,24,581164,24446,88495,19461,0.2264441068583497,0.4432322864235771
7702,0.8095,2,8,2,581172,24438,88497,19459,0.22637000259364926,0.44328769619791786
7703,0.8096,9,22,9,581194,24416,88506,19450,0.22616621586572308,0.4433957962886974
7704,0.8097,4,13,4,581207,24403,88510,19446,0.22604579643558487,0.44347647608839424
7705,0.8098,3,8,3,581215,24395,88513,19443,0.22597169217088445,0.44351932113691317
7706,0.8099,5,8,5,581223,24387,88518,19438,0.225897587906184,0.44353679406731317
7707,0.81,731,857,731,582080,23530,89249,18707,0.21795916855015007,0.44290550938750384
7708,0.8101,3,7,3,582087,23523,89252,18704,0.2178943273185372,0.4429393515996874
7709,0.8102,4,13,4,582100,23510,89256,18700,0.21777390788839898,0.4430229803364132
7710,0.8103,4,11,4,582111,23499,89260,18696,0.21767201452443588,0.4430856736580164
7711,0.8104,1,11,1,582122,23488,89261,18695,0.21757012116047278,0.4431880141289145
7712,0.8105,6,15,6,582137,23473,89267,18689,0.21743117566415948,0.4432664484606992
7713,0.8106,7,9,7,582146,23464,89274,18682,0.2173478083663715,0.4432686375931286
7714,0.8107,3,5,3,582151,23459,89277,18679,0.21730149320093373,0.44328159855712185
7715,0.8108,5,14,5,582165,23445,89282,18674,0.21717181073770794,0.4433628528692514
7716,0.8109,5,15,5,582180,23430,89287,18669,0.21703286524139465,0.44345471388869095
7717,0.811,1,9,1,582189,23421,89288,18668,0.21694949794360666,0.44353631590201714
7718,0.8111,1,5,1,582194,23416,89289,18667,0.2169031827781689,0.4435757906993323
7719,0.8112,3,18,3,582212,23398,89292,18664,0.2167364481825929,0.44372592839142216
7720,0.8113,3,11,3,582223,23387,89295,18661,0.2166345548186298,0.4438023211567732
7721,0.8114,3,7,3,582230,23380,89298,18658,0.21656971358701693,0.4438365288548456
7722,0.8115,3,7,3,582237,23373,89301,18655,0.21650487235540405,0.4438707528314457
7723,0.8116,6,15,6,582252,23358,89307,18649,0.21636592685909073,0.44394981788749494
7724,0.8117,3,12,3,582264,23346,89310,18646,0.21625477046204009,0.4440369594208421
7725,0.8118,1,7,1,582271,23339,89311,18645,0.2161899292304272,0.44409775152439024
7726,0.8119,2,5,2,582276,23334,89313,18643,0.21614361406498944,0.44412416323224624
7727,0.812,10,6,10,582282,23328,89323,18633,0.2160880358664641,0.44405519410881533
7728,0.8121,3,12,3,582294,23316,89326,18630,0.21597687946941346,0.444142468888571
7729,0.8122,5,11,5,582305,23305,89331,18625,0.21587498610545036,0.44419270212258527
7730,0.8123,4,5,4,582310,23300,89335,18621,0.2158286709400126,0.4441926480761432
7731,0.8124,11,18,11,582328,23282,89346,18610,0.21566193634443662,0.44423756325790126
7732,0.8125,2,5,2,582333,23277,89348,18608,0.21561562117899885,0.44426405634475347
7733,0.8126,3,6,3,582339,23271,89351,18605,0.21556004298047352,0.4442878976024453
7734,0.8127,4,10,4,582349,23261,89355,18601,0.21546741264959798,0.44434092972146577
7735,0.8128,9,13,9,582362,23248,89364,18592,0.21534699321945977,0.44435946462715104
7736,0.8129,5,11,5,582373,23237,89369,18587,0.2152450998554967,0.4444099081866871
7737,0.813,2,17,2,582390,23220,89371,18585,0.21508762829300826,0.4445640473627557
7738,0.8131,4,12,4,582402,23208,89375,18581,0.21497647189595762,0.4446385412429108
7739,0.8132,2,10,2,582412,23198,89377,18579,0.21488384156508208,0.4447183857146277
7740,0.8133,4,10,4,582422,23188,89381,18575,0.21479121123420652,0.44477168785767307
7741,0.8134,2,15,2,582437,23173,89383,18573,0.21465226573789323,0.44490490106836583
7742,0.8135,9,16,9,582453,23157,89392,18564,0.21450405720849236,0.44495577766592365
7743,0.8136,0,8,0,582461,23149,89392,18564,0.2144299529437919,0.44504111428091964
7744,0.8137,5,13,5,582474,23136,89397,18559,0.2143095335136537,0.4451133229404005
7745,0.8138,5,10,5,582484,23126,89402,18554,0.21421690318277817,0.4451535508637236
7746,0.8139,10,15,10,582499,23111,89412,18544,0.21407795768646484,0.445180650582163
7747,0.814,3,6,3,582505,23105,89415,18541,0.21402237948793953,0.44520482159150937
7748,0.8141,2,9,2,582514,23096,89417,18539,0.21393901219015155,0.4452744085504984
7749,0.8142,2,15,2,582529,23081,89419,18537,0.21380006669383822,0.4454082368206065
7750,0.8143,12,24,12,582553,23057,89431,18525,0.21357775389973693,0.44550526670193835
7751,0.8144,6,12,6,582565,23045,89437,18519,0.2134665975026863,0.44555384467327497
7752,0.8145,4,12,4,582577,23033,89441,18515,0.21335544110563562,0.4456291518243959
7753,0.8146,4,8,4,582585,23025,89445,18511,0.2132813368409352,0.445661594761171
7754,0.8147,6,20,6,582605,23005,89451,18505,0.2130960761791841,0.4457961936882679
7755,0.8148,5,12,5,582617,22993,89456,18500,0.21298491978213346,0.4458583375509122
7756,0.8149,8,14,8,582631,22979,89464,18492,0.2128552373189077,0.4459019555834197
7757,0.815,20,27,20,582658,22952,89484,18472,0.21260513542554374,0.4459250675936655
7758,0.8151,4,6,4,582664,22946,89488,18468,0.2125495572270184,0.44593615685516974
7759,0.8152,11,9,11,582673,22937,89499,18457,0.21246618992923041,0.4458858771802677
7760,0.8153,4,13,4,582686,22924,89503,18453,0.21234577049909223,0.4459724001256737
7761,0.8154,4,6,4,582692,22918,89507,18449,0.2122901923005669,0.44598351342857834
7762,0.8155,8,24,8,582716,22894,89515,18441,0.2120678795064656,0.4461352364823999
7763,0.8156,6,12,6,582728,22882,89521,18435,0.21195672310941494,0.44618437931117944
7764,0.8157,9,12,9,582740,22870,89530,18426,0.2118455667123643,0.4461933359163115
7765,0.8158,8,19,8,582759,22851,89538,18418,0.21166956908370077,0.44629140517095156
7766,0.8159,31,44,31,582803,22807,89569,18387,0.2112619956278484,0.44635141039957277
7767,0.816,4,21,4,582824,22786,89573,18383,0.21106747193300973,0.4465252981612378
7768,0.8161,4,5,4,582829,22781,89577,18379,0.21102115676757197,0.4465257531584062
7769,0.8162,6,23,6,582852,22758,89583,18373,0.21080810700655822,0.4466947071551871
7770,0.8163,5,15,5,582867,22743,89588,18368,0.21066916151024492,0.44679039673080195
7771,0.8164,12,26,12,582893,22717,89600,18356,0.2104283226499685,0.44691159642587586
7772,0.8165,26,44,26,582937,22673,89626,18330,0.21002074919411612,0.4470404604541131
7773,0.8166,10,25,10,582962,22648,89636,18320,0.20978917336692726,0.447178285491115
7774,0.8167,5,9,5,582971,22639,89641,18315,0.20970580606913927,0.44720906382770914
7775,0.8168,4,14,4,582985,22625,89645,18311,0.20957612360591352,0.4473079929646277
7776,0.8169,7,11,7,582996,22614,89652,18304,0.20947423024195042,0.4473336917737915
7777,0.817,27,45,27,583041,22569,89679,18277,0.2090573937530105,0.4474611957107183
7778,0.8171,5,22,5,583063,22547,89684,18272,0.2088536070250843,0.4476346799284647
7779,0.8172,4,16,4,583079,22531,89688,18268,0.20870539849568343,0.44775607245275617
7780,0.8173,4,9,4,583088,22522,89692,18264,0.20862203119789544,0.44780071593193743
7781,0.8174,76,95,76,583183,22427,89768,18188,0.2077420430545778,0.4478148467315031
7782,0.8175,7,9,7,583192,22418,89775,18181,0.2076586757567898,0.44781891179585703
7783,0.8176,5,10,5,583202,22408,89780,18176,0.20756604542591425,0.44786122609895523
7784,0.8177,28,44,28,583246,22364,89808,18148,0.20715847197006187,0.4479660347551343
7785,0.8178,7,14,7,583260,22350,89815,18141,0.20702878950683612,0.44802548714529156
7786,0.8179,28,41,28,583301,22309,89843,18113,0.2066490051502464,0.448097570629855
7787,0.818,5,9,5,583310,22300,89848,18108,0.2065656378524584,0.4481290833498317
7788,0.8181,17,12,17,583322,22288,89865,18091,0.20645448145540776,0.4480299165407761
7789,0.8182,4,13,4,583335,22275,89869,18087,0.20633406202526955,0.4481195183588524
7790,0.8183,0,4,0,583339,22271,89869,18087,0.20629700989291933,0.44816393280142724
7791,0.8184,9,8,9,583347,22263,89878,18078,0.2062229056282189,0.44812969435561834
7792,0.8185,132,214,132,583561,22049,90010,17946,0.2042406165474823,0.44870608826103264
7793,0.8186,8,26,8,583587,22023,90018,17938,0.2039997776872059,0.448887665473837
7794,0.8187,5,15,5,583602,22008,90023,17933,0.2038608321908926,0.44898725620289925
7795,0.8188,6,16,6,583618,21992,90029,17927,0.20371262366149173,0.44908439590170096
7796,0.8189,23,15,23,583633,21977,90052,17904,0.2035736781651784,0.4489355833604975
7797,0.819,5,11,5,583644,21966,90057,17899,0.2034717848012153,0.44899034240561897
7798,0.8191,2,9,2,583653,21957,90059,17897,0.20338841750342732,0.44906408390625785
7799,0.8192,70,98,70,583751,21859,90129,17827,0.202480640260847,0.44920122965277426
7800,0.8193,5,5,5,583756,21854,90134,17822,0.20243432509540923,0.44918842625264643
7801,0.8194,33,41,33,583797,21813,90167,17789,0.2020545407388195,0.44919448512701377
7802,0.8195,2,15,2,583812,21798,90169,17787,0.2019155952425062,0.4493368700265252
7803,0.8196,12,20,12,583832,21778,90181,17775,0.20173033458075512,0.4493970116046823
7804,0.8197,9,14,9,583846,21764,90190,17766,0.20160065211752937,0.4494308120414875
7805,0.8198,2,8,2,583854,21756,90192,17764,0.20152654785282892,0.44949392712550607
7806,0.8199,3,10,3,583864,21746,90195,17761,0.2014339175219534,0.44956589971397476
7807,0.82,702,833,702,584697,20913,90897,17059,0.19371781096002075,0.4492520804803539
7808,0.8201,1,15,1,584712,20898,90898,17058,0.19357886546370745,0.44941511223521974
7809,0.8202,0,10,0,584722,20888,90898,17058,0.1934862351328319,0.449533547673009
7810,0.8203,3,15,3,584737,20873,90901,17055,0.1933472896365186,0.4496677916051466
7811,0.8204,5,10,5,584747,20863,90906,17050,0.19325465930564303,0.44971381847914965
7812,0.8205,3,8,3,584755,20855,90909,17047,0.19318055504094261,0.44976518389530895
7813,0.8206,2,7,2,584762,20848,90911,17045,0.19311571380932974,0.4498192278257198
7814,0.8207,1,3,1,584765,20845,90912,17044,0.19308792471006705,0.44984032304890603
7815,0.8208,6,11,6,584776,20834,90918,17038,0.19298603134610398,0.4498838191803971
7816,0.8209,3,15,3,584791,20819,90921,17035,0.19284708584979066,0.45001849210123107
7817,0.821,3,7,3,584798,20812,90924,17032,0.19278224461817778,0.45005813338970513
7818,0.8211,2,11,2,584809,20801,90926,17030,0.19268035125421468,0.45015992175728897
7819,0.8212,2,9,2,584818,20792,90928,17028,0.1925969839564267,0.45023796932839766
7820,0.8213,4,10,4,584828,20782,90932,17024,0.19250435362555116,0.45029889435539333
7821,0.8214,1,5,1,584833,20777,90933,17023,0.1924580384601134,0.4503439153439153
7822,0.8215,0,12,0,584845,20765,90933,17023,0.19234688206306272,0.4504869270667937
7823,0.8216,7,15,7,584860,20750,90940,17016,0.19220793656674942,0.45056399936450775
7824,0.8217,5,11,5,584871,20739,90945,17011,0.19210604320278632,0.4506225165562914
7825,0.8218,8,7,8,584878,20732,90953,17003,0.19204120197117344,0.450589638266861
7826,0.8219,5,16,5,584894,20716,90958,16998,0.19189299344177257,0.4507079599087872
7827,0.822,5,8,5,584902,20708,90963,16993,0.19181888917707213,0.4507307498474841
7828,0.8221,10,12,10,584914,20696,90973,16983,0.19170773278002148,0.4507285225191751
7829,0.8222,4,12,4,584926,20684,90977,16979,0.19159657638297084,0.4508137960332422
7830,0.8223,6,5,6,584931,20679,90983,16973,0.19155026121753307,0.4507861468182301
7831,0.8224,7,21,7,584952,20658,90990,16966,0.19135573752269444,0.4509355730384861
7832,0.8225,3,5,3,584957,20653,90993,16963,0.19130942235725665,0.45095172267120376
7833,0.8226,1,8,1,584965,20645,90994,16962,0.19123531809255623,0.4510330523572739
7834,0.8227,7,10,7,584975,20635,91001,16955,0.1911426877616807,0.4510508113860069
7835,0.8228,5,16,5,584991,20619,91006,16950,0.19099447923227983,0.45116984748063566
7836,0.8229,1,13,1,585004,20606,91007,16949,0.19087405980214162,0.45131140993209956
7837,0.823,6,10,6,585014,20596,91013,16943,0.19078142947126608,0.4513439356402675
7838,0.8231,4,12,4,585026,20584,91017,16939,0.1906702730742154,0.45142978972896625
7839,0.8232,7,6,7,585032,20578,91024,16932,0.1906146948756901,0.45139962676619566
7840,0.8233,3,6,3,585038,20572,91027,16929,0.19055911667716477,0.4514279619210154
7841,0.8234,3,8,3,585046,20564,91030,16926,0.19048501241246435,0.4514803947719392
7842,0.8235,11,14,11,585060,20550,91041,16915,0.19035532994923857,0.4514880555184839
7843,0.8236,2,16,2,585076,20534,91043,16913,0.1902071214198377,0.45165166769033566
7844,0.8237,6,15,6,585091,20519,91049,16907,0.1900681759235244,0.45174477635868115
7845,0.8238,3,13,3,585104,20506,91052,16904,0.1899477564933862,0.45185779203421544
7846,0.8239,7,20,7,585124,20486,91059,16897,0.1897624958316351,0.4519968969852607
7847,0.824,1,15,1,585139,20471,91060,16896,0.1896235503353218,0.45216367382984984
7848,0.8241,1,12,1,585151,20459,91061,16895,0.18951239393827116,0.4522942656743588
7849,0.8242,9,21,9,585172,20438,91070,16886,0.18931787024343252,0.4524166755974708
7850,0.8243,12,23,12,585195,20415,91082,16874,0.18910482048241875,0.45251950977500066
7851,0.8244,2,6,2,585201,20409,91084,16872,0.18904924228389344,0.45256296773155225
7852,0.8245,7,6,7,585207,20403,91091,16865,0.1889936640853681,0.45253300418589676
7853,0.8246,4,13,4,585220,20390,91095,16861,0.18887324465522992,0.452632144103514
7854,0.8247,11,17,11,585237,20373,91106,16850,0.18871577309274148,0.45267710823952934
7855,0.8248,4,12,4,585249,20361,91110,16846,0.18860461669569084,0.4527642647888838
7856,0.8249,4,22,4,585271,20339,91114,16842,0.18840082996776464,0.45297329281084425
7857,0.825,10,25,10,585296,20314,91124,16832,0.18816925414057578,0.4531308889247833
7858,0.8251,7,9,7,585305,20305,91131,16825,0.1880858868427878,0.4531376245623485
7859,0.8252,2,11,2,585316,20294,91133,16823,0.18798399347882472,0.4532424495514185
7860,0.8253,6,9,6,585325,20285,91139,16817,0.18790062618103673,0.4532639749878713
7861,0.8254,4,9,4,585334,20276,91143,16813,0.18781725888324874,0.453314999056324
7862,0.8255,8,14,8,585348,20262,91151,16805,0.18768757642002298,0.4533682251058893
7863,0.8256,6,14,6,585362,20248,91157,16799,0.1875578939567972,0.4534510216751694
7864,0.8257,5,13,5,585375,20235,91162,16794,0.18743747452665901,0.4535364174025764
7865,0.8258,12,18,12,585393,20217,91174,16782,0.18727073993108304,0.4535798264817968
7866,0.8259,17,34,17,585427,20183,91191,16765,0.1869557968061062,0.4537458049150157
7867,0.826,4,10,4,585437,20173,91195,16761,0.18686316647523066,0.4538094980235014
7868,0.8261,4,9,4,585446,20164,91199,16757,0.18677979917744267,0.45386094634489854
7869,0.8262,7,21,7,585467,20143,91206,16750,0.18658527548260403,0.45401566692868567
7870,0.8263,6,14,6,585481,20129,91212,16744,0.18645559301937825,0.4540992053806308
7871,0.8264,2,15,2,585496,20114,91214,16742,0.18631664752306495,0.4542543954851313
7872,0.8265,33,54,33,585550,20060,91247,16709,0.18581644373633702,0.4544317223748266
7873,0.8266,11,15,11,585565,20045,91258,16698,0.18567749824002372,0.4544539095882209
7874,0.8267,3,5,3,585570,20040,91261,16695,0.18563118307458595,0.4544712127398938
7875,0.8268,3,15,3,585585,20025,91264,16692,0.18549223757827263,0.4546123049268731
7876,0.8269,10,22,10,585607,20003,91274,16682,0.18528845085034643,0.4547362682295216
7877,0.827,35,51,35,585658,19952,91309,16647,0.18481603616288117,0.45484849312822756
7878,0.8271,9,17,9,585675,19935,91318,16638,0.18465856460039276,0.4549257649085391
7879,0.8272,8,12,8,585687,19923,91326,16630,0.1845474082033421,0.4549558175799524
7880,0.8273,5,14,5,585701,19909,91331,16625,0.18441772574011633,0.45505556467947667
7881,0.8274,67,97,67,585798,19812,91398,16558,0.1835192115306236,0.4552653285675007
7882,0.8275,2,6,2,585804,19806,91400,16556,0.18346363333209825,0.4553104889720037
7883,0.8276,2,10,2,585814,19796,91402,16554,0.18337100300122272,0.45540577716643743
7884,0.8277,23,51,23,585865,19745,91425,16531,0.18289858831375747,0.4557007387804609
7885,0.8278,2,11,2,585876,19734,91427,16529,0.18279669494979436,0.45580895127264703
7886,0.8279,18,32,18,585908,19702,91445,16511,0.18250027789099263,0.4559412365725016
7887,0.828,2,8,2,585916,19694,91447,16509,0.18242617362629218,0.45601193271275864
7888,0.8281,17,28,17,585944,19666,91464,16492,0.18216680869984067,0.45610929808064604
7889,0.8282,5,7,5,585951,19659,91469,16487,0.1821019674682278,0.4561223925192276
7890,0.8283,2,9,2,585960,19650,91471,16485,0.1820186001704398,0.45620589456205896
7891,0.8284,10,15,10,585975,19635,91481,16475,0.1818796546741265,0.4562448075325395
7892,0.8285,151,207,151,586182,19428,91632,16324,0.17996220682500277,0.45658984112776907
7893,0.8286,5,14,5,586196,19414,91637,16319,0.17983252436177702,0.4566926930288529
7894,0.8287,3,8,3,586204,19406,91640,16316,0.1797584200970766,0.4567493421420973
7895,0.8288,3,15,3,586219,19391,91643,16313,0.17961947460076327,0.45689558592874746
7896,0.8289,13,23,13,586242,19368,91656,16300,0.17940642483974953,0.4569922619715151
7897,0.829,6,8,6,586250,19360,91662,16294,0.17933232057504908,0.4570034217759578
7898,0.8291,6,8,6,586258,19352,91668,16288,0.17925821631034866,0.4570145903479237
7899,0.8292,59,86,59,586344,19266,91727,16229,0.178461595464819,0.45721932666572757
7900,0.8293,6,10,6,586354,19256,91733,16223,0.17836896513394346,0.45725640519744076
7901,0.8294,48,52,48,586406,19204,91781,16175,0.17788728741339063,0.45719211961898304
7902,0.8295,3,14,3,586420,19190,91784,16172,0.17775760495016488,0.4573270742605056
7903,0.8296,9,11,9,586431,19179,91793,16163,0.17765571158620178,0.457331220643993
7904,0.8297,8,19,8,586450,19160,91801,16155,0.17747971395753825,0.4574543395157865
7905,0.8298,2,6,2,586456,19154,91803,16153,0.17742413575901292,0.4575013453422834
7906,0.8299,5,7,5,586463,19147,91808,16148,0.17735929452740004,0.457515228785947
7907,0.83,651,735,651,587198,18412,92459,15497,0.17055096520804772,0.4570173110383674
7908,0.8301,6,9,6,587207,18403,92465,15491,0.17046759791025973,0.4570425444031392
7909,0.8302,1,3,1,587210,18400,92466,15490,0.17043980881099707,0.45706698141044555
7910,0.8303,1,12,1,587222,18388,92467,15489,0.17032865241394643,0.4572128582814299
7911,0.8304,3,14,3,587236,18374,92470,15486,0.17019896995072067,0.4573538098050797
7912,0.8305,0,8,0,587244,18366,92470,15486,0.17012486568602023,0.4574618929457639
7913,0.8306,2,10,2,587254,18356,92472,15484,0.1700322353551447,0.457565011820331
7914,0.8307,2,7,2,587261,18349,92474,15482,0.16996739412353182,0.45762761963879284
7915,0.8308,1,8,1,587269,18341,92475,15481,0.16989328985883137,0.4577198273313228
7916,0.8309,3,13,3,587282,18328,92478,15478,0.16977287042869318,0.45784771933976215
7917,0.831,4,11,4,587293,18317,92482,15474,0.16967097706473008,0.4579325855997159
7918,0.8311,9,4,9,587297,18313,92491,15465,0.16963392493237986,0.4578423826159038
7919,0.8312,3,10,3,587307,18303,92494,15462,0.16954129460150433,0.45792980897378943
7920,0.8313,3,6,3,587313,18297,92497,15459,0.169485716402979,0.45796302879488093
7921,0.8314,4,10,4,587323,18287,92501,15455,0.16939308607210346,0.4580344970659712
7922,0.8315,4,16,4,587339,18271,92505,15451,0.1692448775427026,0.4581875333610106
7923,0.8316,3,9,3,587348,18262,92508,15448,0.1691615102449146,0.45826164342924947
7924,0.8317,5,7,5,587355,18255,92513,15443,0.16909666901330173,0.45827645557599855
7925,0.8318,4,5,4,587360,18250,92517,15439,0.16905035384786393,0.4582801507910594
7926,0.8319,1,18,1,587378,18232,92518,15438,0.16888361925228798,0.4585090585090585
7927,0.832,7,14,7,587392,18218,92525,15431,0.1687539367890622,0.45858717941097804
7928,0.8321,2,6,2,587398,18212,92527,15429,0.1686983585905369,0.45863678249754763
7929,0.8322,2,11,2,587409,18201,92529,15427,0.1685964652265738,0.4587546092541929
7930,0.8323,2,8,2,587417,18193,92531,15425,0.16852236096187337,0.45883157832113747
7931,0.8324,8,9,8,587426,18184,92539,15417,0.16843899366408538,0.45882563018957767
7932,0.8325,2,4,2,587430,18180,92541,15415,0.16840194153173516,0.4588480428635214
7933,0.8326,4,7,4,587437,18173,92545,15411,0.16833710030012228,0.45887922820390664
7934,0.8327,6,9,6,587446,18164,92551,15405,0.1682537330023343,0.4589055378474188
7935,0.8328,5,6,5,587452,18158,92556,15400,0.16819815480380895,0.458906967042136
7936,0.8329,2,11,2,587463,18147,92558,15398,0.16809626143984585,0.4590251900432255
7937,0.833,4,10,4,587473,18137,92562,15394,0.16800363110897032,0.45909755151948944
7938,0.8331,3,3,3,587476,18134,92565,15391,0.16797584200970767,0.4590902311707681
7939,0.8332,6,11,6,587487,18123,92571,15385,0.16787394864574456,0.45914408499462817
7940,0.8333,3,11,3,587498,18112,92574,15382,0.16777205528178146,0.4592464321968114
7941,0.8334,4,11,4,587509,18101,92578,15378,0.16767016191781836,0.4593327160309448
7942,0.8335,14,18,14,587527,18083,92592,15364,0.16750342732224238,0.4593536042096451
7943,0.8336,2,5,2,587532,18078,92594,15362,0.16745711215680462,0.45938995215311007
7944,0.8337,3,15,3,587547,18063,92597,15359,0.16731816666049132,0.45954760337502243
7945,0.8338,4,7,4,587554,18056,92601,15355,0.16725332542887844,0.45957918050941304
7946,0.8339,7,15,7,587569,18041,92608,15348,0.16711437993256512,0.45967234718020905
7947,0.834,4,7,4,587576,18034,92612,15344,0.16704953870095224,0.45970399664449635
7948,0.8341,2,5,2,587581,18029,92614,15342,0.16700322353551447,0.45974049324263583
7949,0.8342,3,11,3,587592,18018,92617,15339,0.16690133017155137,0.45984351110711397
7950,0.8343,7,12,7,587604,18006,92624,15332,0.16679017377450073,0.45989561461395406
7951,0.8344,1,6,1,587610,18000,92625,15331,0.1667345955759754,0.4599621973538148
7952,0.8345,5,11,5,587621,17989,92630,15326,0.1666327022120123,0.460033018159988
7953,0.8346,5,11,5,587632,17978,92635,15321,0.16653080884804922,0.460103907024235
7954,0.8347,8,13,8,587645,17965,92643,15313,0.166410389417911,0.46015385539996395
7955,0.8348,5,15,5,587660,17950,92648,15308,0.16627144392159768,0.46028023332731977
7956,0.8349,5,14,5,587674,17936,92653,15303,0.16614176145837192,0.46039291194079246
7957,0.835,13,43,13,587717,17893,92666,15290,0.1657434510356071,0.4607781092728204
7958,0.8351,3,14,3,587731,17879,92669,15287,0.16561376857238133,0.4609238376650787
7959,0.8352,0,15,0,587746,17864,92669,15287,0.16547482307606803,0.4611323941962535
7960,0.8353,6,22,6,587768,17842,92675,15281,0.16527103634814183,0.46134106210186276
7961,0.8354,1,8,1,587776,17834,92676,15280,0.1651969320834414,0.46143625052847737
7962,0.8355,5,21,5,587797,17813,92681,15275,0.16500240838860275,0.4616477272727273
7963,0.8356,3,9,3,587806,17804,92684,15272,0.1649190410908148,0.46172451324223
7964,0.8357,12,16,12,587822,17788,92696,15260,0.16477083256141392,0.4617526022754781
7965,0.8358,13,15,13,587837,17773,92709,15247,0.1646318870651006,0.46175045427013933
7966,0.8359,21,33,21,587870,17740,92730,15226,0.16432620697321132,0.461869805253898
7967,0.836,8,12,8,587882,17728,92738,15218,0.16421505057616065,0.4619073635646209
7968,0.8361,2,8,2,587890,17720,92740,15216,0.16414094631146023,0.4619868836531455
7969,0.8362,10,18,10,587908,17702,92750,15206,0.16397421171588425,0.462076090920141
7970,0.8363,3,10,3,587918,17692,92753,15203,0.16388158138500872,0.46216750265997875
7971,0.8364,9,12,9,587930,17680,92762,15194,0.16377042498795805,0.46218896392285697
7972,0.8365,20,23,20,587953,17657,92782,15174,0.1635573752269443,0.46218512990770916
7973,0.8366,15,20,15,587973,17637,92797,15159,0.16337211456519324,0.46222100256128795
7974,0.8367,10,17,10,587990,17620,92807,15149,0.1632146430027048,0.46229668284048947
7975,0.8368,4,14,4,588004,17606,92811,15145,0.16308496053947905,0.4624286281334921
7976,0.8369,7,17,7,588021,17589,92818,15138,0.16292748897699064,0.4625538546154551
7977,0.837,30,55,30,588076,17534,92848,15108,0.16241802215717516,0.46283928680840636
7978,0.8371,9,14,9,588090,17520,92857,15099,0.16228833969394937,0.4628897268463166
7979,0.8372,3,13,3,588103,17507,92860,15096,0.1621679202638112,0.463024875011502
7980,0.8373,0,6,0,588109,17501,92860,15096,0.16211234206528585,0.46311010215664017
7981,0.8374,54,63,54,588172,17438,92914,15042,0.16152877098076995,0.463115763546798
7982,0.8375,5,9,5,588181,17429,92919,15037,0.16144540368298196,0.46316146122096963
7983,0.8376,4,16,4,588197,17413,92923,15033,0.1612971951535811,0.46332367626209703
7984,0.8377,22,37,22,588234,17376,92945,15011,0.1609544629293416,0.4634884367184364
7985,0.8378,5,11,5,588245,17365,92950,15006,0.1608525695653785,0.46356306570695993
7986,0.8379,38,39,38,588284,17326,92988,14968,0.16049131127496388,0.4634916702793089
7987,0.838,4,5,4,588289,17321,92992,14964,0.16044499610952612,0.4634969800216819
7988,0.8381,15,19,15,588308,17302,93007,14949,0.16026899848086257,0.4635205109919072
7989,0.8382,2,6,2,588314,17296,93009,14947,0.16021342028233726,0.4635734888192786
7990,0.8383,8,8,8,588322,17288,93017,14939,0.1601393160176368,0.4635554038539113
7991,0.8384,3,13,3,588335,17275,93020,14936,0.1600188965874986,0.4636925273974729
7992,0.8385,150,177,150,588512,17098,93170,14786,0.15837933973100152,0.46374357044285536
7993,0.8386,9,9,9,588521,17089,93179,14777,0.15829597243321353,0.4637230904412226
7994,0.8387,2,12,2,588533,17077,93181,14775,0.15818481603616288,0.4638641215622253
7995,0.8388,6,16,6,588549,17061,93187,14769,0.15803660750676202,0.4639962299717248
7996,0.8389,17,20,17,588569,17041,93204,14752,0.15785134684501093,0.4640015097663008
7997,0.839,4,6,4,588575,17035,93208,14748,0.15779576864648562,0.46402164679231034
7998,0.8391,4,11,4,588586,17024,93212,14744,0.15769387528252252,0.46411483253588515
7999,0.8392,69,91,69,588677,16933,93281,14675,0.15685093927155508,0.4642811946342698
8000,0.8393,4,10,4,588687,16923,93285,14671,0.15675830894067955,0.46436032158004686
8001,0.8394,30,34,30,588721,16889,93315,14641,0.1564433658157027,0.4643514113542658
8002,0.8395,3,5,3,588726,16884,93318,14638,0.15639705065026493,0.4643740879385826
8003,0.8396,8,19,8,588745,16865,93326,14630,0.15622105302160139,0.4645181774884902
8004,0.8397,6,15,6,588760,16850,93332,14624,0.1560821075252881,0.4646374785537269
8005,0.8398,7,13,7,588773,16837,93339,14617,0.15596168809514988,0.46471037070006993
8006,0.8399,5,7,5,588780,16830,93344,14612,0.155896846863537,0.46472870682526557
8007,0.84,605,670,605,589450,16160,93949,14007,0.14969061469487568,0.46431531143302285
8008,0.8401,2,7,2,589457,16153,93951,14005,0.1496257734632628,0.4643875588566881
8009,0.8402,5,12,5,589469,16141,93956,14000,0.14951461706621216,0.46448359377591986
8010,0.8403,3,5,3,589474,16136,93959,13997,0.1494683019007744,0.46450735074503036
8011,0.8404,1,5,1,589479,16131,93960,13996,0.14942198673533663,0.4645666677730939
8012,0.8405,2,6,2,589485,16125,93962,13994,0.1493664085368113,0.4646236594840466
8013,0.8406,5,14,5,589499,16111,93967,13989,0.14923672607358554,0.46475083056478406
8014,0.8407,3,4,3,589503,16107,93970,13986,0.14919967394123532,0.4647592463363573
8015,0.8408,5,2,5,589505,16105,93975,13981,0.1491811478750602,0.464701189922223
8016,0.8409,3,5,3,589510,16100,93978,13978,0.14913483270962244,0.46472504820799254
8017,0.841,6,5,6,589515,16095,93984,13972,0.14908851754418467,0.4646955133535105
8018,0.8411,3,5,3,589520,16090,93987,13969,0.1490422023787469,0.4647193852090888
8019,0.8412,5,10,5,589530,16080,93992,13964,0.14894957204787135,0.4647849820263613
8020,0.8413,4,1,4,589531,16079,93996,13960,0.1489403090147838,0.46472918539232333
8021,0.8414,1,10,1,589541,16069,93997,13959,0.14884767868390825,0.46486612495004664
8022,0.8415,3,15,3,589556,16054,94000,13956,0.14870873318759495,0.46504498500499836
8023,0.8416,4,17,4,589573,16037,94004,13952,0.1485512616251065,0.4652372536596752
8024,0.8417,5,5,5,589578,16032,94009,13947,0.14850494645966875,0.4652256579605724
8025,0.8418,5,15,5,589593,16017,94014,13942,0.14836600096335545,0.46536933809539704
8026,0.8419,4,4,4,589597,16013,94018,13938,0.14832894883100523,0.4653600881439685
8027,0.842,4,21,4,589618,15992,94022,13934,0.1481344251361666,0.46561518412083136
8028,0.8421,2,6,2,589624,15986,94024,13932,0.14807884693764126,0.4656728390935223
8029,0.8422,5,7,5,589631,15979,94029,13927,0.14801400570602838,0.4656925031766201
8030,0.8423,1,5,1,589636,15974,94030,13926,0.1479676905405906,0.465752508361204
8031,0.8424,5,15,5,589651,15959,94035,13921,0.1478287450442773,0.46589692101740293
8032,0.8425,2,9,2,589660,15950,94037,13919,0.1477453777464893,0.4660015400582544
8033,0.8426,3,3,3,589663,15947,94040,13916,0.14771758864722664,0.46599470917188496
8034,0.8427,2,4,2,589667,15943,94042,13914,0.14768053651487642,0.46602136852329434
8035,0.8428,4,12,4,589679,15931,94046,13910,0.14756938011782578,0.46613719379377366
8036,0.8429,4,9,4,589688,15922,94050,13906,0.1474860128200378,0.4662062491618613
8037,0.843,4,9,4,589697,15913,94054,13902,0.1474026455222498,0.46627536474928727
8038,0.8431,5,9,5,589706,15904,94059,13897,0.1473192782244618,0.46632663333445185
8039,0.8432,8,11,8,589717,15893,94067,13889,0.14721738486049873,0.46635551675508696
8040,0.8433,0,14,0,589731,15879,94067,13889,0.14708770239727295,0.4665748454716474
8041,0.8434,1,8,1,589739,15871,94068,13888,0.14701359813257253,0.46668234819718407
8042,0.8435,4,20,4,589759,15851,94072,13884,0.14682833747082144,0.466924499747772
8043,0.8436,2,10,2,589769,15841,94074,13882,0.1467357071399459,0.46704572216801804
8044,0.8437,4,6,4,589775,15835,94078,13878,0.14668012894142057,0.4670682866085552
8045,0.8438,6,7,6,589782,15828,94084,13872,0.1466152877098077,0.4670707070707071
8046,0.8439,7,18,7,589800,15810,94091,13865,0.14644855311423172,0.46722830665543386
8047,0.844,1,6,1,589806,15804,94092,13864,0.1463929749157064,0.46730484023189967
8048,0.8441,3,11,3,589817,15793,94095,13861,0.1462910815517433,0.46742429351858095
8049,0.8442,6,9,6,589826,15784,94101,13855,0.14620771425395532,0.4674584162758528
8050,0.8443,8,24,8,589850,15760,94109,13847,0.145985401459854,0.4676934508731043
8051,0.8444,3,7,3,589857,15753,94112,13844,0.14592056022824113,0.4677501098084265
8052,0.8445,0,9,0,589866,15744,94112,13844,0.14583719293045314,0.4678923888062728
8053,0.8446,0,7,0,589873,15737,94112,13844,0.14577235169884026,0.46800311010445894
8054,0.8447,5,13,5,589886,15724,94117,13839,0.14565193226870207,0.4681189324493455
8055,0.8448,5,10,5,589896,15714,94122,13834,0.1455593019378265,0.46818735616623797
8056,0.8449,3,9,3,589905,15705,94125,13831,0.14547593464003852,0.4682760021668472
8057,0.845,10,28,10,589933,15677,94135,13821,0.145216569713587,0.4685402400162723
8058,0.8451,6,9,6,589942,15668,94141,13815,0.14513320241579902,0.4685751110809619
8059,0.8452,3,10,3,589952,15658,94144,13812,0.1450405720849235,0.4686800135731252
8060,0.8453,7,15,7,589967,15643,94151,13805,0.14490162658861017,0.46879244770442813
8061,0.8454,2,8,2,589975,15635,94153,13803,0.14482752232390975,0.4688837556899246
8062,0.8455,9,18,9,589993,15617,94162,13794,0.14466078772833377,0.4690081942130495
8063,0.8456,1,8,1,590001,15609,94163,13793,0.14458668346363332,0.4691177470920346
8064,0.8457,12,13,12,590014,15596,94175,13781,0.14446626403349513,0.4691084862307247
8065,0.8458,6,13,6,590027,15583,94181,13775,0.14434584460335692,0.4692077116969821
8066,0.8459,19,39,19,590066,15544,94200,13756,0.1439845863129423,0.46948805460750853
8067,0.846,3,16,3,590082,15528,94203,13753,0.14383637778354144,0.46969024281957583
8068,0.8461,1,11,1,590093,15517,94204,13752,0.14373448441957834,0.4698486453244047
8069,0.8462,11,16,11,590109,15501,94215,13741,0.14358627589017747,0.46990629915874427
8070,0.8463,4,14,4,590123,15487,94219,13737,0.14345659342695172,0.4700588557350123
8071,0.8464,8,17,8,590140,15470,94227,13729,0.1432991218644633,0.4701873351827117
8072,0.8465,28,44,28,590184,15426,94255,13701,0.1428915484086109,0.47038829951591304
8073,0.8466,16,21,16,590205,15405,94271,13685,0.14269702471377227,0.4704365761430045
8074,0.8467,3,6,3,590211,15399,94274,13682,0.14264144651524696,0.4704790069117293
8075,0.8468,0,18,0,590229,15381,94274,13682,0.14247471191967098,0.470770395348037
8076,0.8469,7,15,7,590244,15366,94281,13675,0.14233576642335766,0.4708859887744912
8077,0.847,25,29,25,590273,15337,94306,13650,0.1420671384638186,0.4709007486114465
8078,0.8471,8,14,8,590287,15323,94314,13642,0.14193745600059282,0.4709822199205938
8079,0.8472,2,5,2,590292,15318,94316,13640,0.14189114083515506,0.4710270046273914
8080,0.8473,4,7,4,590299,15311,94320,13636,0.14182629960354218,0.47106781359035477
8081,0.8474,61,68,61,590367,15243,94381,13575,0.1411964133535885,0.4710597543202165
8082,0.8475,2,5,2,590372,15238,94383,13573,0.14115009818815072,0.4711047863663184
8083,0.8476,5,6,5,590378,15232,94388,13568,0.1410945199896254,0.4711111111111111
8084,0.8477,32,38,32,590416,15194,94420,13536,0.14074252473229834,0.47114514444831185
8085,0.8478,3,13,3,590429,15181,94423,13533,0.14062210530216013,0.4713031970467368
8086,0.8479,23,26,23,590455,15155,94446,13510,0.14038126644188373,0.4713064713064713
8087,0.848,3,11,3,590466,15144,94449,13507,0.14027937307792063,0.47143206170814284
8088,0.8481,6,15,6,590481,15129,94455,13501,0.14014042758160733,0.4715682850157178
8089,0.8482,2,9,2,590490,15120,94457,13499,0.14005706028381934,0.4716796533771271
8090,0.8483,0,3,0,590493,15117,94457,13499,0.14002927118455666,0.4717291025999441
8091,0.8484,6,14,6,590507,15103,94463,13493,0.1398995887213309,0.4718492096796755
8092,0.8485,133,181,133,590688,14922,94596,13360,0.1382229797324836,0.47238526271126513
8093,0.8486,8,9,8,590697,14913,94604,13352,0.1381396124346956,0.4723863435344065
8094,0.8487,1,2,1,590699,14911,94605,13351,0.1381210863685205,0.4724011039558418
8095,0.8488,8,14,8,590713,14897,94613,13343,0.13799140390529474,0.472485835694051
8096,0.8489,20,31,20,590744,14866,94633,13323,0.13770424987958058,0.4726311681861719
8097,0.849,2,8,2,590752,14858,94635,13321,0.13763014561488013,0.4727279179530856
8098,0.8491,3,5,3,590757,14853,94638,13318,0.13758383044944236,0.47275567072521385
8099,0.8492,52,95,52,590852,14758,94690,13266,0.13670384230612473,0.47337996003425636
8100,0.8493,3,6,3,590858,14752,94693,13263,0.1366482641075994,0.47342495091915043
8101,0.8494,20,32,20,590890,14720,94713,13243,0.13635184704879766,0.473590101205164
8102,0.8495,3,9,3,590899,14711,94716,13240,0.13626847975100967,0.47368609352080426
8103,0.8496,7,27,7,590926,14684,94723,13233,0.1360183778576457,0.47401225059999286
8104,0.8497,5,9,5,590935,14675,94728,13228,0.1359350105598577,0.47407088843493533
8105,0.8498,0,4,0,590939,14671,94728,13228,0.13589795842750751,0.4741388580235851
8106,0.8499,2,6,2,590945,14665,94730,13226,0.13584238022898218,0.47420314796887886
8107,0.85,684,637,684,591582,14028,95414,12542,0.12994182815221017,0.4720361309747836
8108,0.8501,0,1,0,591583,14027,95414,12542,0.1299325651191226,0.47205389739922465
8109,0.8503,4,10,4,591593,14017,95418,12538,0.12983993478824707,0.4721521370739974
8110,0.8504,2,21,2,591614,13996,95420,12536,0.12964541109340844,0.47248605457560683
8111,0.8505,2,8,2,591622,13988,95422,12534,0.129571306828708,0.4725887942085816
8112,0.8506,2,9,2,591631,13979,95424,12532,0.12948793953092,0.47270944136396215
8113,0.8507,1,8,1,591639,13971,95425,12531,0.12941383526621958,0.4728322390762961
8114,0.8508,1,11,1,591650,13960,95426,12530,0.12931194190225648,0.4730086825217063
8115,0.8509,2,10,2,591660,13950,95428,12528,0.12921931157138095,0.47314751869476546
8116,0.851,3,9,3,591669,13941,95431,12525,0.12913594427359296,0.4732486964407164
8117,0.8511,1,9,1,591678,13932,95432,12524,0.12905257697580497,0.47338977925612336
8118,0.8512,2,11,2,591689,13921,95434,12522,0.12895068361184187,0.47354687440910637
8119,0.8513,3,5,3,591694,13916,95437,12519,0.1289043684464041,0.47357669756005294
8120,0.8514,3,11,3,591705,13905,95440,12516,0.128802475082441,0.4737140910639264
8121,0.8515,3,5,3,591710,13900,95443,12513,0.12875615991700323,0.4737439897020407
8122,0.8516,3,10,3,591720,13890,95446,12510,0.12866352958612767,0.4738636363636364
8123,0.8517,3,10,3,591730,13880,95449,12507,0.12857089925525214,0.47398340091711827
8124,0.8518,4,12,4,591742,13868,95453,12503,0.1284597428582015,0.4741192977133973
8125,0.8519,3,5,3,591747,13863,95456,12500,0.12841342769276373,0.47414937601942114
8126,0.852,3,15,3,591762,13848,95459,12497,0.1282744821964504,0.4743594609982919
8127,0.8521,2,7,2,591769,13841,95461,12495,0.12820964096483753,0.4744456257594168
8128,0.8522,4,7,4,591776,13834,95465,12491,0.12814479973322465,0.4744919278252612
8129,0.8523,4,8,4,591784,13826,95469,12487,0.1280706954685242,0.47455630296811463
8130,0.8524,4,8,4,591792,13818,95473,12483,0.12799659120382378,0.474620736854112
8131,0.8525,0,2,0,591794,13816,95473,12483,0.12797806513764867,0.47465683105821516
8132,0.8526,2,4,2,591798,13812,95475,12481,0.12794101300529845,0.47468908074392424
8133,0.8527,3,7,3,591805,13805,95478,12478,0.12787617177368557,0.4747555454095803
8134,0.8528,3,6,3,591811,13799,95481,12475,0.12782059357516026,0.4748039887341098
8135,0.8529,1,8,1,591819,13791,95482,12474,0.12774648931045982,0.47492861222158766
8136,0.853,3,10,3,591829,13781,95485,12471,0.12765385897958428,0.47504952003656864
8137,0.8531,3,6,3,591835,13775,95488,12468,0.12759828078105895,0.4750981214038029
8138,0.8532,6,11,6,591846,13764,95494,12462,0.12749638741709585,0.475177304964539
8139,0.8533,1,2,1,591848,13762,95495,12461,0.12747786135092073,0.47519353239522555
8140,0.8534,4,12,4,591860,13750,95499,12457,0.1273667049538701,0.47533101843019043
8141,0.8535,11,9,11,591869,13741,95510,12446,0.1272833376560821,0.475273990911521
8142,0.8536,6,4,6,591873,13737,95516,12440,0.12724628552373188,0.47522634373686823
8143,0.8537,7,20,7,591893,13717,95523,12433,0.12706102486198081,0.4754493307839388
8144,0.8538,9,10,9,591903,13707,95532,12424,0.12696839453110526,0.4754506142130037
8145,0.8539,9,12,9,591915,13695,95541,12415,0.1268572381340546,0.47548831865185753
8146,0.854,3,6,3,591921,13689,95544,12412,0.12680165993552928,0.47553733573426304
8147,0.8541,6,7,6,591928,13682,95550,12406,0.1267368187039164,0.4755443115608709
8148,0.8542,3,10,3,591938,13672,95553,12403,0.12664418837304087,0.47566634707574307
8149,0.8543,10,19,10,591957,13653,95563,12393,0.12646819074437735,0.4758120248790601
8150,0.8544,4,3,4,591960,13650,95567,12389,0.12644040164511466,0.47578632051922115
8151,0.8545,6,4,6,591964,13646,95573,12383,0.12640334951276447,0.4757385992546775
8152,0.8546,5,17,5,591981,13629,95578,12378,0.12624587795027603,0.4759487830199562
8153,0.8547,1,9,1,591990,13620,95579,12377,0.12616251065248804,0.476093395391776
8154,0.8548,5,9,5,591999,13611,95584,12372,0.12607914335470005,0.47615748758803833
8155,0.8549,6,6,6,592005,13605,95590,12366,0.12602356515617474,0.4761464710638789
8156,0.855,11,15,11,592020,13590,95601,12355,0.12588461965986142,0.47619965311235307
8157,0.8551,3,8,3,592028,13582,95604,12352,0.125810515395161,0.47628595665921186
8158,0.8552,1,2,1,592030,13580,95605,12351,0.1257919893289859,0.4763024950831052
8159,0.8553,7,10,7,592040,13570,95612,12344,0.12569935899811033,0.4763448329088524
8160,0.8554,2,6,2,592046,13564,95614,12342,0.12564378079958502,0.4764147301783371
8161,0.8555,2,23,2,592069,13541,95616,12340,0.12543073103857127,0.4767976507862911
8162,0.8556,2,8,2,592077,13533,95618,12338,0.12535662677387083,0.47690464226353835
8163,0.8557,5,14,5,592091,13519,95623,12333,0.12522694431064507,0.47706173603589663
8164,0.8558,9,14,9,592105,13505,95632,12324,0.12509726184741932,0.4771381005846142
8165,0.8559,12,36,12,592141,13469,95644,12312,0.12476379265626737,0.47756099453085604
8166,0.856,7,8,7,592149,13461,95651,12305,0.12468968839156694,0.47756733680043467
8167,0.8561,2,9,2,592158,13452,95653,12303,0.12460632109377895,0.477693651718113
8168,0.8562,8,21,8,592179,13431,95661,12295,0.12441179739894032,0.4779211692451217
8169,0.8563,4,11,4,592190,13420,95665,12291,0.12430990403497721,0.4780444167865894
8170,0.8564,5,11,5,592201,13409,95670,12286,0.12420801067101411,0.47814749951352403
8171,0.8565,22,31,22,592232,13378,95692,12264,0.12392085664529993,0.4782778254426332
8172,0.8566,5,14,5,592246,13364,95697,12259,0.12379117418207418,0.47843734145104005
8173,0.8567,1,8,1,592254,13356,95698,12258,0.12371706991737375,0.4785664089950808
8174,0.8568,6,7,6,592261,13349,95704,12252,0.12365222868576087,0.4785750556618882
8175,0.8569,7,14,7,592275,13335,95711,12245,0.12352254622253511,0.47869429241594996
8176,0.857,33,31,33,592306,13304,95744,12212,0.12323539219682093,0.4786016617024612
8177,0.8571,3,14,3,592320,13290,95747,12209,0.12310570973359516,0.47880309031726737
8178,0.8572,3,7,3,592327,13283,95750,12206,0.12304086850198229,0.4788732394366197
8179,0.8573,2,14,2,592341,13269,95752,12204,0.12291118603875653,0.47909551289600755
8180,0.8574,66,76,66,592417,13193,95818,12138,0.12220719552410242,0.47917571355256405
8181,0.8575,0,5,0,592422,13188,95818,12138,0.12216088035866464,0.4792703150912106
8182,0.8576,4,5,4,592427,13183,95822,12134,0.12211456519322687,0.47928269542204843
8183,0.8577,22,28,22,592455,13155,95844,12112,0.12185520026677535,0.4793604306011794
8184,0.8578,0,5,0,592460,13150,95844,12112,0.12180888510133758,0.4794553083683002
8185,0.8579,17,25,17,592485,13125,95861,12095,0.12157730927414873,0.4795796986518636
8186,0.858,3,3,3,592488,13122,95864,12092,0.12154952017488606,0.47957483937495043
8187,0.8581,6,20,6,592508,13102,95870,12086,0.12136425951313498,0.47983166587263776
8188,0.8582,3,5,3,592513,13097,95873,12083,0.12131794434769722,0.47986497220015883
8189,0.8583,1,8,1,592521,13089,95874,12082,0.12124384008299678,0.4799968217393032
8190,0.8584,6,7,6,592528,13082,95880,12076,0.1211789988513839,0.4800063598060259
8191,0.8585,132,135,132,592663,12947,96012,11944,0.11992848938456409,0.47985215539753323
8192,0.8586,4,10,4,592673,12937,96016,11940,0.11983585905368854,0.47996141013787835
8193,0.8587,5,9,5,592682,12928,96021,11935,0.11975249175590055,0.48003056750995454
8194,0.8588,4,11,4,592693,12917,96025,11931,0.11965059839193745,0.48015936896329686
8195,0.8589,17,17,17,592710,12900,96042,11914,0.11949312682944903,0.48013218344482955
8196,0.859,3,8,3,592718,12892,96045,11911,0.1194190225647486,0.4802241664314801
8197,0.8591,4,10,4,592728,12882,96049,11907,0.11932639223387306,0.48033401912138446
8198,0.8592,48,69,48,592797,12813,96097,11859,0.11868724295083181,0.4806663424124514
8199,0.8593,4,9,4,592806,12804,96101,11855,0.11860387565304384,0.4807575327466645
8200,0.8594,23,37,23,592843,12767,96124,11832,0.11826114342880432,0.4809951624049758
8201,0.8595,0,14,0,592857,12753,96124,11832,0.11813146096557857,0.48126906650396584
8202,0.8596,4,14,4,592871,12739,96128,11828,0.11800177850235281,0.4814588675865999
8203,0.8597,6,10,6,592881,12729,96134,11822,0.11790914817147727,0.48152824732190136
8204,0.8598,7,4,7,592885,12725,96141,11815,0.11787209603912706,0.4814588427057865
8205,0.8599,7,3,7,592888,12722,96148,11808,0.11784430693986439,0.4813697513249083
8206,0.86,650,612,650,593500,12110,96798,11158,0.11217533069028122,0.4795427196149218
8207,0.8601,0,8,0,593508,12102,96798,11158,0.11210122642558079,0.47970765262252796
8208,0.8602,2,9,2,593517,12093,96800,11156,0.1120178591277928,0.4798485956385221
8209,0.8603,3,7,3,593524,12086,96803,11153,0.11195301789617992,0.479925986488231
8210,0.8604,0,6,0,593530,12080,96803,11153,0.1118974396976546,0.4800499289803297
8211,0.8605,2,9,2,593539,12071,96805,11151,0.11181407239986661,0.48019119800189475
8212,0.8606,3,5,3,593544,12066,96808,11148,0.11176775723442885,0.4802274489532179
8213,0.8607,1,11,1,593555,12055,96809,11147,0.11166586387046575,0.48043272131712783
8214,0.8608,1,5,1,593560,12050,96810,11146,0.11161954870502798,0.48051388170374204
8215,0.8609,2,4,2,593564,12046,96812,11144,0.11158249657267776,0.48055196205260886
8216,0.861,4,16,4,593580,12030,96816,11140,0.11143428804327689,0.48079413034095814
8217,0.8611,1,10,1,593590,12020,96817,11139,0.11134165771240134,0.480979316896239
8218,0.8612,6,9,6,593599,12011,96823,11133,0.11125829041461337,0.48103180089872105
8219,0.8613,3,11,3,593610,12000,96826,11130,0.11115639705065027,0.48119325551232167
8220,0.8614,5,2,5,593612,11998,96831,11125,0.11113787098447515,0.48112269169225447
8221,0.8615,1,3,1,593615,11995,96832,11124,0.1111100818852125,0.4811626800467148
8222,0.8616,2,6,2,593621,11989,96834,11122,0.11105450368668716,0.4812426982822033
8223,0.8617,5,11,5,593632,11978,96839,11117,0.11095261032272408,0.4813596016453778
8224,0.8618,1,8,1,593640,11970,96840,11116,0.11087850605802364,0.48150394178289874
8225,0.8619,5,3,5,593643,11967,96845,11111,0.11085071695876098,0.4814541988040558
8226,0.862,6,4,6,593647,11963,96851,11105,0.11081366482641077,0.48140280908618
8227,0.8621,3,2,3,593649,11961,96854,11102,0.11079513876023565,0.481377097515501
8228,0.8622,2,4,2,593653,11957,96856,11100,0.11075808662788543,0.4814156221537928
8229,0.8623,4,8,4,593661,11949,96860,11096,0.110683982363185,0.48149273161206335
8230,0.8624,7,15,7,593676,11934,96867,11089,0.11054503686687168,0.4816487859966121
8231,0.8625,0,5,0,593681,11929,96867,11089,0.11049872170143392,0.48175341037448954
8232,0.8626,8,13,8,593694,11916,96875,11081,0.11037830227129572,0.4818454581032309
8233,0.8627,3,7,3,593701,11909,96878,11078,0.11031346103968283,0.48192456605907685
8234,0.8628,8,4,8,593705,11905,96886,11070,0.11027640890733262,0.48182807399347116
8235,0.8629,4,5,4,593710,11900,96890,11066,0.11023009374189485,0.48184272402682227
8236,0.863,1,10,1,593720,11890,96891,11065,0.1101374634110193,0.48203005881071664
8237,0.8631,3,9,3,593729,11881,96894,11062,0.11005409611323132,0.48215141873338274
8238,0.8632,2,10,2,593739,11871,96896,11060,0.10996146578235577,0.4823165147616763
8239,0.8633,2,10,2,593749,11861,96898,11058,0.10986883545148023,0.4824817836729351
8240,0.8634,1,4,1,593753,11857,96899,11057,0.10983178331913002,0.4825434232347037
8241,0.8635,8,9,8,593762,11848,96907,11049,0.10974841602134203,0.48255229942787264
8242,0.8636,2,6,2,593768,11842,96909,11047,0.1096928378228167,0.48263357944864343
8243,0.8637,5,9,5,593777,11833,96914,11042,0.10960947052502872,0.4827103825136612
8244,0.8638,6,6,6,593783,11827,96920,11036,0.1095538923265034,0.48270130778987885
8245,0.8639,8,8,8,593791,11819,96928,11028,0.10947978806180296,0.48268919332953997
8246,0.864,4,6,4,593797,11813,96932,11024,0.10942420986327764,0.48272540176030126
8247,0.8641,7,5,7,593802,11808,96939,11017,0.10937789469783986,0.4826725082146769
8248,0.8642,7,18,7,593820,11790,96946,11010,0.10921116010226388,0.48289473684210527
8249,0.8643,3,16,3,593836,11774,96949,11007,0.10906295157286301,0.4831657960581186
8250,0.8644,5,8,5,593844,11766,96954,11002,0.10898884730816258,0.48322206605762474
8251,0.8645,1,9,1,593853,11757,96955,11001,0.1089054800103746,0.4833904561033483
8252,0.8646,3,6,3,593859,11751,96958,10998,0.10884990181184927,0.4834498219701965
8253,0.8647,5,12,5,593871,11739,96963,10993,0.10873874541479862,0.48359141298609887
8254,0.8648,6,8,6,593879,11731,96969,10987,0.10866464115009819,0.4836253191302051
8255,0.8649,3,3,3,593882,11728,96972,10984,0.10863685205083552,0.48362099330750263
8256,0.865,9,36,9,593918,11692,96981,10975,0.10830338285968358,0.4841840561168218
8257,0.8651,8,8,8,593926,11684,96989,10967,0.10822927859498314,0.4841728841993731
8258,0.8652,1,4,1,593930,11680,96990,10966,0.10819222646263292,0.48423562660072417
8259,0.8653,5,15,5,593945,11665,96995,10961,0.10805328096631961,0.4844426765667816
8260,0.8654,1,6,1,593951,11659,96996,10960,0.10799770276779429,0.4845483885229232
8261,0.8655,4,11,4,593962,11648,97000,10956,0.10789580940383119,0.4846929746947443
8262,0.8656,6,9,6,593971,11639,97006,10950,0.1078124421060432,0.4847492142193103
8263,0.8657,9,8,9,593979,11631,97015,10941,0.10773833784134276,0.48471557682084
8264,0.8658,11,18,11,593997,11613,97026,10930,0.1075716032457668,0.48485117331322364
8265,0.8659,16,35,16,594032,11578,97042,10914,0.1072473970877024,0.4852391961586342
8266,0.866,0,6,0,594038,11572,97042,10914,0.10719181888917707,0.4853686738415014
8267,0.8661,5,8,5,594046,11564,97047,10909,0.10711771462447664,0.48542695679259557
8268,0.8662,5,11,5,594057,11553,97052,10904,0.10701582126051354,0.48555016253284056
8269,0.8663,3,5,3,594062,11548,97055,10901,0.10696950609507577,0.4855895585549468
8270,0.8664,7,8,7,594070,11540,97062,10894,0.10689540183037534,0.48560221092983863
8271,0.8665,17,30,17,594100,11510,97079,10877,0.10661751083774872,0.485862330816992
8272,0.8666,11,19,11,594119,11491,97090,10866,0.10644151320908518,0.48602227490271505
8273,0.8667,2,12,2,594131,11479,97092,10864,0.10633035681203454,0.48623730027301615
8274,0.8668,3,6,3,594137,11473,97095,10861,0.1062747786135092,0.4862989164502552
8275,0.8669,8,10,8,594147,11463,97103,10853,0.10618214828263367,0.4863326761068292
8276,0.867,23,27,23,594174,11436,97126,10830,0.1059320463892697,0.48639180813796823
8277,0.8671,6,14,6,594188,11422,97132,10824,0.10580236392604395,0.48655938146183586
8278,0.8672,2,8,2,594196,11414,97134,10822,0.10572825966134351,0.48668825328296456
8279,0.8673,4,4,4,594200,11410,97138,10818,0.10569120752899329,0.486683462299802
8280,0.8674,50,63,50,594263,11347,97188,10768,0.10510763644447738,0.4869093375536966
8281,0.8675,5,8,5,594271,11339,97193,10763,0.10503353217977694,0.48696950502216996
8282,0.8676,1,1,1,594272,11338,97194,10762,0.10502426914668939,0.4869683257918552
8283,0.8677,32,28,32,594300,11310,97226,10730,0.10476490422023788,0.4868421052631579
8284,0.8678,5,6,5,594306,11304,97231,10725,0.10470932602171255,0.48685823233011033
8285,0.8679,20,28,20,594334,11276,97251,10705,0.10444996109526103,0.4870115099404031
8286,0.868,2,6,2,594340,11270,97253,10703,0.10439438289673571,0.4870978018477222
8287,0.8681,8,14,8,594354,11256,97261,10695,0.10426470043350995,0.4872215388820555
8288,0.8682,0,2,0,594356,11254,97261,10695,0.10424617436733484,0.4872659346667274
8289,0.8683,1,5,1,594361,11249,97262,10694,0.10419985920189707,0.48735359795834665
8290,0.8684,4,10,4,594371,11239,97266,10690,0.10410722887102153,0.487482329335583
8291,0.8685,117,144,117,594515,11095,97383,10573,0.10277335210641372,0.4879545874100055
8292,0.8686,4,5,4,594520,11090,97387,10569,0.10272703694097596,0.48797266725148897
8293,0.8687,1,4,1,594524,11086,97388,10568,0.10268998480862573,0.4880391613558696
8294,0.8688,4,16,4,594540,11070,97392,10564,0.10254177627922487,0.48830544513266155
8295,0.8689,12,26,12,594566,11044,97404,10552,0.10230093741894845,0.48860900166697535
8296,0.869,2,7,2,594573,11037,97406,10550,0.10223609618733558,0.48872006300088017
8297,0.8691,1,2,1,594575,11035,97407,10549,0.10221757012116048,0.4887416604892513
8298,0.8692,65,58,65,594633,10977,97472,10484,0.10168031420208233,0.4885140487395741
8299,0.8693,0,3,0,594636,10974,97472,10484,0.10165252510281966,0.48858234691024327
8300,0.8694,25,27,25,594663,10947,97497,10459,0.10140242320945571,0.4886013267308231
8301,0.8695,4,8,4,594671,10939,97501,10455,0.10132831894475527,0.4886884173132654
8302,0.8696,8,7,8,594678,10932,97509,10447,0.1012634777131424,0.4886570934094205
8303,0.8697,5,12,5,594690,10920,97514,10442,0.10115232131609174,0.4888119089972849
8304,0.8698,2,11,2,594701,10909,97516,10440,0.10105042795212865,0.4890158789638859
8305,0.87,652,619,652,595320,10290,98168,9788,0.09531661047093261,0.48749875485606137
8306,0.8701,2,14,2,595334,10276,98170,9786,0.09518692800770684,0.48778785764131194
8307,0.8702,4,9,4,595343,10267,98174,9782,0.09510356070991885,0.4879046336475635
8308,0.8703,3,6,3,595349,10261,98177,9779,0.09504798251139353,0.4879740518962076
8309,0.8704,2,6,2,595355,10255,98179,9777,0.0949924043128682,0.488069089456869
8310,0.8705,1,4,1,595359,10251,98180,9776,0.09495535218051798,0.4881410096369901
8311,0.8706,5,9,5,595368,10242,98185,9771,0.09487198488273,0.4882326487782941
8312,0.8707,1,4,1,595372,10238,98186,9770,0.09483493275037978,0.4883046781287485
8313,0.8708,2,7,2,595379,10231,98188,9768,0.0947700915187669,0.48842442122106106
8314,0.8709,0,7,0,595386,10224,98188,9768,0.09470525028715403,0.4885954381752701
8315,0.871,1,7,1,595393,10217,98189,9767,0.09464040905554115,0.4887409927942354
8316,0.8711,0,4,0,595397,10213,98189,9767,0.09460335692319093,0.48883883883883883
8317,0.8712,2,2,2,595399,10211,98191,9765,0.09458483085701583,0.4888366039247097
8318,0.8713,1,8,1,595407,10203,98192,9764,0.0945107265923154,0.48900686132117993
8319,0.8714,4,7,4,595414,10196,98196,9760,0.0944458853607025,0.4890759671276809
8320,0.8715,1,3,1,595417,10193,98197,9759,0.09441809626143985,0.48912389735364875
8321,0.8716,2,7,2,595424,10186,98199,9757,0.09435325502982697,0.48924434638720354
8322,0.8717,1,3,1,595427,10183,98200,9756,0.0943254659305643,0.48929234164200813
8323,0.8718,2,7,2,595434,10176,98202,9754,0.09426062469895143,0.48941294530858004
8324,0.8719,4,12,4,595446,10164,98206,9750,0.09414946830190077,0.48960530280204884
8325,0.872,8,8,8,595454,10156,98214,9742,0.09407536403720033,0.4895969444165243
8326,0.8721,1,5,1,595459,10151,98215,9741,0.09402904887176257,0.48969434948723106
8327,0.8722,2,5,2,595464,10146,98217,9739,0.0939827337063248,0.4897661553935127
8328,0.8723,2,3,2,595467,10143,98219,9737,0.09395494460706214,0.4897887323943662
8329,0.8724,6,5,6,595472,10138,98225,9731,0.09390862944162437,0.4897579143389199
8330,0.8725,4,9,4,595481,10129,98229,9727,0.09382526214383638,0.4898771152296535
8331,0.8726,2,3,2,595484,10126,98231,9725,0.09379747304457371,0.48989975316104983
8332,0.8727,5,3,5,595487,10123,98236,9720,0.09376968394531106,0.4898452854911052
8333,0.8728,4,3,4,595490,10120,98240,9716,0.09374189484604839,0.48981649526114135
8334,0.8729,2,9,2,595499,10111,98242,9714,0.0936585275482604,0.4899873896595208
8335,0.873,4,9,4,595508,10102,98246,9710,0.09357516025047241,0.49010700585503736
8336,0.8731,3,5,3,595513,10097,98249,9707,0.09352884508503465,0.49015350434255706
8337,0.8732,6,3,6,595516,10094,98255,9701,0.09350105598577198,0.49007325082091435
8338,0.8733,2,9,2,595525,10085,98257,9699,0.09341768868798399,0.49024464213505864
8339,0.8734,4,5,4,595530,10080,98261,9695,0.09337137352254622,0.4902654867256637
8340,0.8735,9,7,9,595537,10073,98270,9686,0.09330653229093334,0.4902069942810871
8341,0.8736,2,4,2,595541,10069,98272,9684,0.09326948015858312,0.4902546448640713
8342,0.8737,3,10,3,595551,10059,98275,9681,0.09317684982770759,0.49042553191489363
8343,0.8738,4,7,4,595558,10052,98279,9677,0.09311200859609471,0.4904962238329363
8344,0.8739,11,15,11,595573,10037,98290,9666,0.09297306309978139,0.4905851900725778
8345,0.874,2,3,2,595576,10034,98292,9664,0.09294527400051873,0.49060818357193625
8346,0.8741,3,5,3,595581,10029,98295,9661,0.09289895883508095,0.49065515490096495
8347,0.8742,7,6,7,595587,10023,98302,9654,0.09284338063655563,0.4906235706662601
8348,0.8743,10,10,10,595597,10013,98312,9644,0.09275075030568009,0.4906140306252226
8349,0.8744,1,8,1,595605,10005,98313,9643,0.09267664604097965,0.4907878664495114
8350,0.8745,6,10,6,595615,9995,98319,9637,0.09258401571010412,0.49088223308883455
8351,0.8746,4,10,4,595625,9985,98323,9633,0.09249138537922857,0.4910286471607707
8352,0.8747,5,9,5,595634,9976,98328,9628,0.09240801808144058,0.4911242603550296
8353,0.8748,1,12,1,595646,9964,98329,9627,0.09229686168438994,0.491399111837068
8354,0.8749,1,8,1,595654,9956,98330,9626,0.09222275741968951,0.49157389439280974
8355,0.875,12,15,12,595669,9941,98342,9614,0.0920838119233762,0.49163896701610843
8356,0.8751,3,8,3,595677,9933,98345,9611,0.09200970765867576,0.4917621776504298
8357,0.8752,6,8,6,595685,9925,98351,9605,0.09193560339397533,0.4918074756784434
8358,0.8753,6,6,6,595691,9919,98357,9599,0.09188002519545,0.4918024387744646
8359,0.8754,3,9,3,595700,9910,98360,9596,0.091796657897662,0.4919511945042551
8360,0.8755,9,8,9,595708,9902,98369,9587,0.09172255363296157,0.49191851813843707
8361,0.8756,2,5,2,595713,9897,98371,9585,0.0916762384675238,0.4919926085617493
8362,0.8757,4,7,4,595720,9890,98375,9581,0.09161139723591093,0.49206512248985673
8363,0.8758,5,24,5,595744,9866,98380,9576,0.09138908444180963,0.4925419195556013
8364,0.8759,20,25,20,595769,9841,98400,9556,0.09115750861462077,0.49265350311903905
8365,0.876,6,3,6,595772,9838,98406,9550,0.09112971951535812,0.49257272539715286
8366,0.8761,3,7,3,595779,9831,98409,9547,0.09106487828374522,0.492672102384147
8367,0.8762,8,15,8,595794,9816,98417,9539,0.09092593278743191,0.4928442262981142
8368,0.8763,3,2,3,595796,9814,98420,9536,0.09090740672125681,0.49281653746770027
8369,0.8764,4,16,4,595812,9798,98424,9532,0.09075919819185595,0.49311950336264876
8370,0.8765,20,28,20,595840,9770,98444,9512,0.09049983326540442,0.493309822632507
8371,0.8766,13,14,13,595854,9756,98457,9499,0.09037015080217867,0.4933264087250065
8372,0.8767,1,4,1,595858,9752,98458,9498,0.09033309866982844,0.4934025974025974
8373,0.8768,7,4,7,595862,9748,98465,9491,0.09029604653747823,0.49332085867248815
8374,0.8769,6,10,6,595872,9738,98471,9485,0.09020341620660269,0.49341934141393123
8375,0.877,26,25,26,595897,9713,98497,9459,0.08997184037941383,0.4933757563112873
8376,0.8771,6,13,6,595910,9700,98503,9453,0.08985142094927563,0.49355192398057746
8377,0.8772,6,14,6,595924,9686,98509,9447,0.08972173848604988,0.4937542465896618
8378,0.8773,5,7,5,595931,9679,98514,9442,0.089656897254437,0.4938026253857016
8379,0.8774,44,60,44,595991,9619,98558,9398,0.08910111526918374,0.49418940947573226
8380,0.8775,3,9,3,596000,9610,98561,9395,0.08901774797139575,0.4943435937911076
8381,0.8776,4,6,4,596006,9604,98565,9391,0.08896216977287043,0.4943932613845749
8382,0.8777,20,22,20,596028,9582,98585,9371,0.08875838304494424,0.4944335989025484
8383,0.8778,2,8,2,596036,9574,98587,9369,0.0886842787802438,0.49458903024864065
8384,0.8779,14,20,14,596056,9554,98601,9355,0.08849901811849271,0.49473795547093974
8385,0.878,3,4,3,596060,9550,98604,9352,0.0884619659861425,0.4947624589990477
8386,0.8781,6,9,6,596069,9541,98610,9346,0.08837859868835451,0.49483771906602425
8387,0.8782,5,4,5,596073,9537,98615,9341,0.08834154655600429,0.49480877211569024
8388,0.8783,2,3,2,596076,9534,98617,9339,0.08831375745674164,0.4948338896836751
8389,0.8784,12,10,12,596086,9524,98629,9327,0.08822112712586609,0.4947748130072675
8390,0.8785,122,113,122,596199,9411,98751,9205,0.08717440438697246,0.49446712505371726
8391,0.8786,2,4,2,596203,9407,98753,9203,0.08713735225462226,0.49451907576571735
8392,0.8787,2,6,2,596209,9401,98755,9201,0.08708177405609693,0.4946242339533384
8393,0.8788,3,10,3,596219,9391,98758,9198,0.08698914372522139,0.49480875786755607
8394,0.8789,7,13,7,596232,9378,98765,9191,0.08686872429508319,0.4949647261564974
8395,0.879,2,4,2,596236,9374,98767,9189,0.08683167216273296,0.4950169692398858
8396,0.8791,1,5,1,596241,9369,98768,9188,0.0867853569972952,0.4951231341272835
8397,0.8792,47,51,47,596292,9318,98815,9141,0.08631294230982993,0.4952055907687307
8398,0.8793,5,4,5,596296,9314,98820,9136,0.08627589017747972,0.49517615176151764
8399,0.8794,21,30,21,596326,9284,98841,9115,0.08599799918485308,0.495407359095603
8400,0.8795,0,5,0,596331,9279,98841,9115,0.08595168401941532,0.4955420245732304
8401,0.8796,11,14,11,596345,9265,98852,9104,0.08582200155618956,0.49561761663672493
8402,0.8797,6,6,6,596351,9259,98858,9098,0.08576642335766424,0.49561475186577325
8403,0.8798,2,5,2,596356,9254,98860,9096,0.08572010819222646,0.49569482288828337
8404,0.8799,1,4,1,596360,9250,98861,9095,0.08568305605987625,0.4957754156445898
8405,0.88,564,506,564,596866,8744,99425,8531,0.08099596131757382,0.49383502170767
8406,0.8801,4,3,4,596869,8741,99429,8527,0.08096817221831117,0.493803567292101
8407,0.8802,3,9,3,596878,8732,99432,8524,0.08088480492052318,0.49397311080203987
8408,0.8803,5,2,5,596880,8730,99437,8519,0.08086627885434806,0.49388370340309584
8409,0.8804,2,9,2,596889,8721,99439,8517,0.08078291155656007,0.4940828402366864
8410,0.8805,1,5,1,596894,8716,99440,8516,0.08073659639112231,0.49419684308263695
8411,0.8806,1,5,1,596899,8711,99441,8515,0.08069028122568454,0.4943109253454081
8412,0.8807,3,2,3,596901,8709,99444,8512,0.08067175515950943,0.49428023924278497
8413,0.8808,5,2,5,596903,8707,99449,8507,0.08065322909333432,0.4941907749506216
8414,0.8809,3,7,3,596910,8700,99452,8504,0.08058838786172144,0.4943036503138805
8415,0.881,3,8,3,596918,8692,99455,8501,0.08051428359702101,0.4944454138312104
8416,0.8811,7,10,7,596928,8682,99462,8494,0.08042165326614546,0.49452724732184444
8417,0.8812,2,3,2,596931,8679,99464,8492,0.08039386416688281,0.4945547725816784
8418,0.8813,0,7,0,596938,8672,99464,8492,0.08032902293526993,0.4947564670240037
8419,0.8814,3,8,3,596946,8664,99467,8489,0.0802549186705695,0.4948988515128549
8420,0.8815,5,1,5,596947,8663,99472,8484,0.08024565563748194,0.49478042806321804
8421,0.8816,2,7,2,596954,8656,99474,8482,0.08018081440586906,0.49492356167580814
8422,0.8817,2,10,2,596964,8646,99476,8480,0.08008818407499352,0.4951535676748803
8423,0.8818,2,5,2,596969,8641,99478,8478,0.08004186890955574,0.4952392078976576
8424,0.8819,2,3,2,596972,8638,99480,8476,0.08001407981029308,0.4952670328386117
8425,0.882,5,4,5,596976,8634,99485,8471,0.07997702767794286,0.4952353113124817
8426,0.8821,1,7,1,596983,8627,99486,8470,0.07991218644632998,0.49540855120781424
8427,0.8822,3,7,3,596990,8620,99489,8467,0.0798473452147171,0.4955229121554398
8428,0.8823,1,5,1,596995,8615,99490,8466,0.07980103004927934,0.4956384286634272
8429,0.8824,6,8,6,597003,8607,99496,8460,0.0797269257845789,0.4956934434874319
8430,0.8825,4,12,4,597015,8595,99500,8456,0.07961576938752825,0.49592399272769927
8431,0.8826,1,6,1,597021,8589,99501,8455,0.07956019118900293,0.4960689978878198
8432,0.8827,5,7,5,597028,8582,99506,8450,0.07949534995739005,0.4961249412869892
8433,0.8828,1,7,1,597035,8575,99507,8449,0.07943050872577717,0.49629934210526316
8434,0.8829,6,10,6,597045,8565,99513,8443,0.07933787839490163,0.4964134524929445
8435,0.883,1,10,1,597055,8555,99514,8442,0.07924524806402608,0.4966758839795258
8436,0.8831,4,10,4,597065,8545,99518,8438,0.07915261773315055,0.49684979096743803
8437,0.8832,6,8,6,597073,8537,99524,8432,0.07907851346845012,0.49690612293004893
8438,0.8833,2,11,2,597084,8526,99526,8430,0.07897662010448701,0.49716914366595893
8439,0.8834,2,9,2,597093,8517,99528,8428,0.07889325280669902,0.4973738565948657
8440,0.8835,7,12,7,597105,8505,99535,8421,0.07878209640964838,0.4975186104218362
8441,0.8836,1,7,1,597112,8498,99536,8420,0.0787172551780355,0.49769476297434684
8442,0.8837,4,8,4,597120,8490,99540,8416,0.07864315091333507,0.49781142789542177
8443,0.8838,5,4,5,597124,8486,99545,8411,0.07860609878098485,0.4977806711250518
8444,0.8839,8,2,8,597126,8484,99553,8403,0.07858757271480973,0.4976017054538994
8445,0.884,5,9,5,597135,8475,99558,8398,0.07850420541702174,0.4977182480886624
8446,0.8841,2,14,2,597149,8461,99560,8396,0.07837452295379599,0.49807201755947084
8447,0.8842,5,8,5,597157,8453,99565,8391,0.07830041868909556,0.4981595820470197
8448,0.8843,9,17,9,597174,8436,99574,8382,0.07814294712660713,0.49839457723867286
8449,0.8844,1,8,1,597182,8428,99575,8381,0.0780688428619067,0.49860193943720627
8450,0.8845,3,9,3,597191,8419,99578,8378,0.07798547556411871,0.49877954396618446
8451,0.8846,2,11,2,597202,8408,99580,8376,0.07788358220015562,0.4990467111534795
8452,0.8847,9,7,9,597209,8401,99589,8367,0.07781874096854274,0.4989861641221374
8453,0.8848,1,2,1,597211,8399,99590,8366,0.07780021490236763,0.4990158067402326
8454,0.8849,3,12,3,597223,8387,99593,8363,0.07768905850531697,0.49928358208955226
8455,0.885,7,18,7,597241,8369,99600,8356,0.07752232390974101,0.4996113602391629
8456,0.8851,2,4,2,597245,8365,99602,8354,0.07748527177739079,0.49967103295651655
8457,0.8852,2,5,2,597250,8360,99604,8352,0.07743895661195302,0.4997606510292006
8458,0.8853,4,8,4,597258,8352,99608,8348,0.07736485234725259,0.49988023952095806
8459,0.8854,2,8,2,597266,8344,99610,8346,0.07729074808255215,0.5000599161174356
8460,0.8855,8,9,8,597275,8335,99618,8338,0.07720738078476416,0.500089965812991
8461,0.8856,1,3,1,597278,8332,99619,8337,0.0771795916855015,0.5001499790029396
8462,0.8857,10,11,10,597289,8321,99629,8327,0.07707769832153841,0.5001802018260452
8463,0.8858,12,5,12,597294,8316,99641,8315,0.07703138315610063,0.49996993566231734
8464,0.8859,17,27,17,597321,8289,99658,8298,0.07678128126273667,0.5002712967986978
8465,0.886,3,5,3,597326,8284,99661,8295,0.07673496609729889,0.5003317449785873
8466,0.8861,1,3,1,597329,8281,99662,8294,0.07670717699803624,0.5003921568627451
8467,0.8862,11,12,11,597341,8269,99673,8283,0.07659602060098558,0.500422909618173
8468,0.8863,3,12,3,597353,8257,99676,8280,0.07648486420393494,0.5006954102920723
8469,0.8864,5,14,5,597367,8243,99681,8275,0.07635518174070918,0.5009686402712192
8470,0.8865,19,25,19,597392,8218,99700,8256,0.07612360591352033,0.5011533325239772
8471,0.8866,5,16,5,597408,8202,99705,8251,0.07597539738411946,0.5014890901355376
8472,0.8867,2,3,2,597411,8199,99707,8249,0.07594760828485679,0.5015199416342413
8473,0.8868,4,6,4,597417,8193,99711,8245,0.07589203008633147,0.5015817009368536
8474,0.8869,12,13,12,597430,8180,99723,8233,0.07577161065619327,0.5016145738134405
8475,0.887,21,29,21,597459,8151,99744,8212,0.07550298269665419,0.5018639613762758
8476,0.8871,9,11,9,597470,8140,99753,8203,0.0754010893326911,0.501927430704277
8477,0.8872,2,5,2,597475,8135,99755,8201,0.07535477416725332,0.5020200783545543
8478,0.8873,3,5,3,597480,8130,99758,8198,0.07530845900181556,0.5020823125918668
8479,0.8874,45,40,45,597520,8090,99803,8153,0.07493793767831339,0.5019392969279074
8480,0.8875,1,5,1,597525,8085,99804,8152,0.07489162251287562,0.5020631890127487
8481,0.8876,2,4,2,597529,8081,99806,8150,0.0748545703805254,0.5021255621957982
8482,0.8877,21,28,21,597557,8053,99827,8129,0.07459520545407389,0.5023482882214807
8483,0.8878,0,5,0,597562,8048,99827,8129,0.07454889028863611,0.5025035544291278
8484,0.8879,5,19,5,597581,8029,99832,8124,0.07437289265997259,0.5029406302234879
8485,0.888,5,7,5,597588,8022,99837,8119,0.07430805142835971,0.5030047704603184
8486,0.8881,3,10,3,597598,8012,99840,8116,0.07421542109748416,0.5032242063492064
8487,0.8882,5,6,5,597604,8006,99845,8111,0.07415984289895884,0.503257430042812
8488,0.8883,3,6,3,597610,8000,99848,8108,0.0741042647004335,0.5033523714924262
8489,0.8884,9,8,9,597618,7992,99857,8099,0.07403016043573307,0.5033248399726555
8490,0.8885,105,107,105,597725,7885,99962,7994,0.07303901589536478,0.5034322060583161
8491,0.8886,6,7,6,597732,7878,99968,7988,0.0729741746637519,0.5034665322072356
8492,0.8887,2,4,2,597736,7874,99970,7986,0.07293712253140168,0.5035308953341741
8493,0.8888,4,12,4,597748,7862,99974,7982,0.07282596613435104,0.5037869224943197
8494,0.8889,11,14,11,597762,7848,99985,7971,0.07269628367112527,0.5038877299450029
8495,0.889,6,10,6,597772,7838,99991,7965,0.07260365334024974,0.5040182243877744
8496,0.8891,3,6,3,597778,7832,99994,7962,0.0725480751417244,0.5041154868937571
8497,0.8892,36,35,36,597813,7797,100030,7926,0.07222386898366001,0.5041022705590537
8498,0.8893,2,11,2,597824,7786,100032,7924,0.07212197561969691,0.5043921069382559
8499,0.8894,19,17,19,597841,7769,100051,7905,0.07196450405720849,0.5043383947939263
8500,0.8895,4,12,4,597853,7757,100055,7901,0.07185334766015784,0.5045982884148678
8501,0.8896,6,8,6,597861,7749,100061,7895,0.07177924339545741,0.5046663257478906
8502,0.8897,4,4,4,597865,7745,100065,7891,0.07174219126310719,0.504668713225889
8503,0.8898,4,6,4,597871,7739,100069,7887,0.07168661306458186,0.5047356969153974
8504,0.8899,2,3,2,597874,7736,100071,7885,0.07165882396531921,0.5047692209205557
8505,0.89,586,488,586,598362,7248,100657,7299,0.06713846381859276,0.5017529387502578
8506,0.8901,0,2,0,598364,7246,100657,7299,0.06711993775241765,0.501821931935373
8507,0.8902,4,3,4,598367,7243,100661,7295,0.06709214865315499,0.5017884165634888
8508,0.8903,2,7,2,598374,7236,100663,7293,0.06702730742154211,0.5019615940532728
8509,0.8904,1,1,1,598375,7235,100664,7292,0.06701804438845456,0.501961864115096
8510,0.8905,6,5,6,598380,7230,100670,7286,0.06697172922301678,0.5019289060347203
8511,0.8906,2,3,2,598383,7227,100672,7284,0.06694394012375413,0.5019640272896423
8512,0.8907,1,6,1,598389,7221,100673,7283,0.0668883619252288,0.5021373414230557
8513,0.8908,1,3,1,598392,7218,100674,7282,0.06686057282596614,0.5022068965517241
8514,0.8909,3,3,3,598395,7215,100677,7279,0.06683278372670347,0.5022078101283289
8515,0.891,1,7,1,598402,7208,100678,7278,0.06676794249509059,0.5024161259146762
8516,0.8911,2,13,2,598415,7195,100680,7276,0.06664752306495239,0.5027987008499758
8517,0.8912,1,1,1,598416,7194,100681,7275,0.06663826003186483,0.5027990877047481
8518,0.8913,4,1,4,598417,7193,100685,7271,0.06662899699877728,0.5026963495575221
8519,0.8914,2,5,2,598422,7188,100687,7269,0.06658268183333951,0.5028014110811372
8520,0.8915,1,7,1,598429,7181,100688,7268,0.06651784060172664,0.5030105889680947
8521,0.8916,3,9,3,598438,7172,100691,7265,0.06643447330393865,0.5032208907667798
8522,0.8917,3,5,3,598443,7167,100694,7262,0.06638815813850087,0.5032919814262943
8523,0.8918,2,6,2,598449,7161,100696,7260,0.06633257993997554,0.5034324942791762
8524,0.8919,4,3,4,598452,7158,100700,7256,0.06630479084071288,0.5033994727348411
8525,0.892,3,2,3,598454,7156,100703,7253,0.06628626477453778,0.5033659518356582
8526,0.8921,0,8,0,598462,7148,100703,7253,0.06621216050983735,0.5036455801680438
8527,0.8922,3,13,3,598475,7135,100706,7250,0.06609174107969913,0.5039972193256865
8528,0.8923,4,9,4,598484,7126,100710,7246,0.06600837378191114,0.504174784302811
8529,0.8924,4,5,4,598489,7121,100714,7242,0.06596205861647338,0.5042122119334401
8530,0.8925,3,4,3,598493,7117,100717,7239,0.06592500648412317,0.50424909445528
8531,0.8926,3,10,3,598503,7107,100720,7236,0.06583237615324762,0.5044969671616817
8532,0.8927,3,2,3,598505,7105,100723,7233,0.06581385008707251,0.504463662993444
8533,0.8928,3,4,3,598509,7101,100726,7230,0.0657767979547223,0.5045007326774126
8534,0.8929,7,4,7,598513,7097,100733,7223,0.06573974582237208,0.5043994413407821
8535,0.893,7,1,7,598514,7096,100740,7216,0.06573048278928452,0.5041922861934042
8536,0.8931,3,4,3,598518,7092,100743,7213,0.06569343065693431,0.5042292904578819
8537,0.8932,4,4,4,598522,7088,100747,7209,0.06565637852458409,0.5042316569909772
8538,0.8933,1,5,1,598527,7083,100748,7208,0.06561006335914632,0.5043733818487159
8539,0.8934,0,5,0,598532,7078,100748,7208,0.06556374819370855,0.50454990900182
8540,0.8935,6,6,6,598538,7072,100754,7202,0.06550816999518322,0.5045537340619308
8541,0.8936,3,7,3,598545,7065,100757,7199,0.06544332876357034,0.5046971396522715
8542,0.8937,3,6,3,598551,7059,100760,7196,0.06538775056504502,0.5048053314626447
8543,0.8938,3,10,3,598561,7049,100763,7193,0.06529512023416947,0.5050554697373965
8544,0.8939,5,16,5,598577,7033,100768,7188,0.0651469117047686,0.5054496870824836
8545,0.894,4,2,4,598579,7031,100772,7184,0.0651283856385935,0.5053816391136123
8546,0.8941,2,2,2,598581,7029,100774,7182,0.0651098595724184,0.5053831538948702
8547,0.8942,6,10,6,598591,7019,100780,7176,0.06501722924154285,0.5055301162381121
8548,0.8943,4,10,4,598601,7009,100784,7172,0.0649245989106673,0.5057471264367817
8549,0.8944,4,7,4,598608,7002,100788,7168,0.06485975767905443,0.5058574453069866
8550,0.8945,1,8,1,598616,6994,100789,7167,0.064785653414354,0.5061083256832145
8551,0.8946,2,2,2,598618,6992,100791,7165,0.06476712734817888,0.506110051564597
8552,0.8947,6,12,6,598630,6980,100797,7159,0.06465597095112824,0.5063300091944267
8553,0.8948,6,6,6,598636,6974,100803,7153,0.06460039275260292,0.5063353861400156
8554,0.8949,3,10,3,598646,6964,100806,7150,0.06450776242172737,0.506589202210571
8555,0.895,15,12,15,598658,6952,100821,7135,0.06439660602467671,0.5064953503229929
8556,0.8951,0,1,0,598659,6951,100821,7135,0.06438734299158917,0.5065313076813858
8557,0.8952,5,8,5,598667,6943,100826,7130,0.06431323872688874,0.506643928089249
8558,0.8953,7,11,7,598678,6932,100833,7123,0.06421134536292564,0.5067947349697617
8559,0.8954,3,4,3,598682,6928,100836,7120,0.06417429323057541,0.5068337129840547
8560,0.8955,9,15,9,598697,6913,100845,7111,0.0640353477342621,0.5070593268682259
8561,0.8956,10,3,10,598700,6910,100855,7101,0.06400755863499945,0.5068160730854329
8562,0.8957,8,9,8,598709,6901,100863,7093,0.06392419133721146,0.5068600828926683
8563,0.8958,3,14,3,598723,6887,100866,7090,0.0637945088739857,0.5072619303140874
8564,0.8959,19,16,19,598739,6871,100885,7071,0.06364630034458484,0.5071725720843494
8565,0.896,3,2,3,598741,6869,100888,7068,0.06362777427840972,0.5071392695702088
8566,0.8961,3,3,3,598744,6866,100891,7065,0.06359998517914706,0.5071423444117436
8567,0.8962,3,8,3,598752,6858,100894,7062,0.06352588091444662,0.5073275862068966
8568,0.8963,2,5,2,598757,6853,100896,7060,0.06347956574900886,0.5074390857471429
8569,0.8964,5,4,5,598761,6849,100901,7055,0.06344251361665863,0.5074079401611047
8570,0.8965,15,24,15,598785,6825,100916,7040,0.06322020082255733,0.5077533357374684
8571,0.8966,7,9,7,598794,6816,100923,7033,0.06313683352476936,0.5078345006859701
8572,0.8967,0,6,0,598800,6810,100923,7033,0.06308125532624402,0.5080546124395001
8573,0.8968,3,10,3,598810,6800,100926,7030,0.06298862499536849,0.5083152566883586
8574,0.8969,6,8,6,598818,6792,100932,7024,0.06291452073066806,0.50839606253619
8575,0.897,15,17,15,598835,6775,100947,7009,0.06275704916817963,0.5084881021474172
8576,0.8971,10,9,10,598844,6766,100957,6999,0.06267368187039164,0.5084634943697784
8577,0.8972,5,9,5,598853,6757,100962,6994,0.06259031457260365,0.5086175550869028
8578,0.8973,0,4,0,598857,6753,100962,6994,0.06255326244025344,0.5087655488470212
8579,0.8974,40,35,40,598892,6718,101002,6954,0.06222905628218904,0.5086307782328847
8580,0.8975,2,3,2,598895,6715,101004,6952,0.06220126718292638,0.5086705202312138
8581,0.8976,2,6,2,598901,6709,101006,6950,0.06214568898440105,0.5088220221099641
8582,0.8977,9,12,9,598913,6697,101015,6941,0.0620345325873504,0.5089455931954832
8583,0.8978,4,2,4,598915,6695,101019,6937,0.062016006521175296,0.5088761737089202
8584,0.8979,21,16,21,598931,6679,101040,6916,0.06186779799177443,0.5087164398675984
8585,0.898,1,3,1,598934,6676,101041,6915,0.06184000889251176,0.5087925833272018
8586,0.8981,9,17,9,598951,6659,101050,6906,0.061682537330023345,0.5091043125691117
8587,0.8982,0,5,0,598956,6654,101050,6906,0.06163622216458557,0.5092920353982301
8588,0.8983,3,5,3,598961,6649,101053,6903,0.0615899069991478,0.5093713105076741
8589,0.8984,2,7,2,598968,6642,101055,6901,0.06152506576753492,0.5095621354205124
8590,0.8985,95,110,95,599078,6532,101150,6806,0.06050613212790396,0.5102714050082471
8591,0.8986,3,9,3,599087,6523,101153,6803,0.06042276483011597,0.5105057781779979
8592,0.8987,2,4,2,599091,6519,101155,6801,0.060385712697765756,0.5105855855855855
8593,0.8988,5,13,5,599104,6506,101160,6796,0.06026529326762755,0.5109006164486544
8594,0.8989,6,12,6,599116,6494,101166,6790,0.0601541368705769,0.5111412225233364
8595,0.899,5,11,5,599127,6483,101171,6785,0.060052243506613805,0.5113807657521857
8596,0.8991,0,6,0,599133,6477,101171,6785,0.05999666530808848,0.5116121248680441
8597,0.8992,37,57,37,599190,6420,101208,6748,0.05946867242209789,0.5124544349939246
8598,0.8993,4,4,4,599194,6416,101212,6744,0.059431620289747675,0.5124620060790274
8599,0.8994,14,21,14,599215,6395,101226,6730,0.059237096594909035,0.5127619047619048
8600,0.8995,1,2,1,599217,6393,101227,6729,0.05921857052873393,0.5128029263831733
8601,0.8996,5,9,5,599226,6384,101232,6724,0.05913520323094594,0.5129691791272505
8602,0.8997,0,5,0,599231,6379,101232,6724,0.05908888806550817,0.5131649240631916
8603,0.8998,1,7,1,599238,6372,101233,6723,0.05902404683389529,0.51340206185567
8604,0.8999,1,2,1,599240,6370,101234,6722,0.059005520767720185,0.5134433241674304
8605,0.9,583,407,583,599647,5963,101817,6139,0.055235466301085626,0.5072715253677078
8606,0.9001,0,9,0,599656,5954,101817,6139,0.05515209900329764,0.5076490531712561
8607,0.9002,1,7,1,599663,5947,101818,6138,0.05508725777168476,0.5079023582954075
8608,0.9004,1,5,1,599668,5942,101819,6137,0.05504094260624699,0.5080718602533322
8609,0.9005,3,3,3,599671,5939,101822,6134,0.055013153506984325,0.508075871780005
8610,0.9006,6,10,6,599681,5929,101828,6128,0.054920523176108786,0.5082524674462967
8611,0.9007,0,4,0,599685,5925,101828,6128,0.05488347104375857,0.5084211399651539
8612,0.9008,4,4,4,599689,5921,101832,6124,0.05484641891140835,0.5084267330842673
8613,0.9009,2,4,2,599693,5917,101834,6122,0.054809366779058136,0.5085139961790847
8614,0.901,2,4,2,599697,5913,101836,6120,0.05477231464670792,0.5086013462976814
8615,0.9011,0,3,0,599700,5910,101836,6120,0.05474452554744526,0.5087281795511222
8616,0.9012,1,1,1,599701,5909,101837,6119,0.0547352625143577,0.5087296308613236
8617,0.9013,2,7,2,599708,5902,101839,6117,0.054670421282744824,0.5089441717280971
8618,0.9014,0,6,0,599714,5896,101839,6117,0.054614843084219496,0.5091983684341963
8619,0.9015,1,0,1,599714,5896,101840,6116,0.054614843084219496,0.5091575091575091
8620,0.9016,2,3,2,599717,5893,101842,6114,0.054587053984956835,0.50920296493712
8621,0.9017,2,7,2,599724,5886,101844,6112,0.05452221275334396,0.5094182363727288
8622,0.9018,4,5,4,599729,5881,101848,6108,0.054475897587906184,0.5094670114271416
8623,0.9019,5,10,5,599739,5871,101853,6103,0.05438326725703064,0.5096876565892767
8624,0.902,1,2,1,599741,5869,101854,6102,0.054364741190855534,0.5097318519756077
8625,0.9021,1,8,1,599749,5861,101855,6101,0.0542906369261551,0.5100317672629995
8626,0.9022,4,10,4,599759,5851,101859,6097,0.05419800659527956,0.5102946099765651
8627,0.9023,1,6,1,599765,5845,101860,6096,0.05414242839675423,0.5105100075370572
8628,0.9024,4,3,4,599768,5842,101864,6092,0.05411463929749157,0.5104742751801575
8629,0.9025,2,5,2,599773,5837,101866,6090,0.0540683241320538,0.5106061876414857
8630,0.9026,3,8,3,599781,5829,101869,6087,0.053994219867353366,0.5108257804632427
8631,0.9027,5,6,5,599787,5823,101874,6082,0.053938641668828044,0.5108777824443511
8632,0.9028,2,0,2,599787,5823,101876,6080,0.053938641668828044,0.5107955977484667
8633,0.9029,2,4,2,599791,5819,101878,6078,0.05390158953647783,0.5108850970832983
8634,0.903,1,10,1,599801,5809,101879,6077,0.05380895920560228,0.5112737674575131
8635,0.9031,3,5,3,599806,5804,101882,6074,0.05376264404016451,0.5113655497558511
8636,0.9032,2,12,2,599818,5792,101884,6072,0.05365148764311386,0.5118004045853001
8637,0.9033,8,1,8,599819,5791,101892,6064,0.05364222461002631,0.5115141290594686
8638,0.9034,1,10,1,599829,5781,101893,6063,0.053549594279150764,0.5119047619047619
8639,0.9035,5,10,5,599839,5771,101898,6058,0.053456963948275225,0.5121312029757376
8640,0.9036,1,5,1,599844,5766,101899,6057,0.05341064878283745,0.5123065211875159
8641,0.9037,1,3,1,599847,5763,101900,6056,0.05338285968357479,0.512395295710297
8642,0.9038,4,3,4,599850,5760,101904,6052,0.053355070584312124,0.5123603115475788
8643,0.9039,2,5,2,599855,5755,101906,6050,0.05330875541887436,0.5124947056332063
8644,0.904,6,9,6,599864,5746,101912,6044,0.05322538812108637,0.512637828668363
8645,0.9041,5,3,5,599867,5743,101917,6039,0.05319759902182371,0.51256153454422
8646,0.9042,3,7,3,599874,5736,101920,6036,0.05313275779021083,0.5127420998980632
8647,0.9043,9,12,9,599886,5724,101929,6027,0.05302160139316018,0.5128925197855502
8648,0.9044,1,4,1,599890,5720,101930,6026,0.05298454926080996,0.5130257108802997
8649,0.9045,1,11,1,599901,5709,101931,6025,0.05288265589684686,0.5134651440259076
8650,0.9046,4,6,4,599907,5703,101935,6021,0.05282707769832154,0.5135619242579325
8651,0.9047,4,6,4,599913,5697,101939,6017,0.05277149949979621,0.5136588697285299
8652,0.9048,3,6,3,599919,5691,101942,6014,0.05271592130127089,0.5137975224263135
8653,0.9049,2,5,2,599924,5686,101944,6012,0.052669606135833116,0.5139340058129594
8654,0.905,4,8,4,599932,5678,101948,6008,0.05259550187113268,0.5141194591819271
8655,0.9051,2,9,2,599941,5669,101950,6006,0.05251213457334469,0.5144325481798715
8656,0.9052,1,4,1,599945,5665,101951,6005,0.052475082440994476,0.5145672664952871
8657,0.9053,4,8,4,599953,5657,101955,6001,0.05240097817629404,0.5147538171212901
8658,0.9054,3,4,3,599957,5653,101958,5998,0.052363926043943826,0.5148055960861728
8659,0.9055,0,10,0,599967,5643,101958,5998,0.05227129571306829,0.5152478309423589
8660,0.9056,1,6,1,599973,5637,101959,5997,0.05221571751454296,0.5154718927282104
8661,0.9057,6,7,6,599980,5630,101965,5991,0.05215087628293008,0.5155322261423285
8662,0.9058,7,7,7,599987,5623,101972,5984,0.0520860350513172,0.5155509606272077
8663,0.9059,12,20,12,600007,5603,101984,5972,0.05190077438956612,0.515939524838013
8664,0.906,0,6,0,600013,5597,101984,5972,0.0518451961910408,0.5162071051949174
8665,0.9061,1,3,1,600016,5594,101985,5971,0.05181740709177813,0.516299178555988
8666,0.9062,3,8,3,600024,5586,101988,5968,0.051743302827077696,0.5165310714903929
8667,0.9063,4,4,4,600028,5582,101992,5964,0.05170625069472748,0.516542525549974
8668,0.9064,5,7,5,600035,5575,101997,5959,0.0516414094631146,0.5166464366221606
8669,0.9065,15,20,15,600055,5555,102012,5944,0.05145614880136352,0.5169145143055918
8670,0.9066,6,13,6,600068,5542,102018,5938,0.05133572937122531,0.5172473867595819
8671,0.9067,3,1,3,600069,5541,102021,5935,0.05132646633813776,0.5171662600209133
8672,0.9068,2,10,2,600079,5531,102023,5933,0.051233836007262216,0.517533147243545
8673,0.9069,12,6,12,600085,5525,102035,5921,0.051178257808736895,0.5172986196051023
8674,0.907,11,32,11,600117,5493,102046,5910,0.05088184074993516,0.5182846619310708
8675,0.9071,2,7,2,600124,5486,102048,5908,0.05081699951832228,0.5185185185185185
8676,0.9072,3,2,3,600126,5484,102051,5905,0.05079847345214717,0.5184827465097901
8677,0.9073,3,2,3,600128,5482,102054,5902,0.050779947385972066,0.5184469430780042
8678,0.9074,37,30,37,600158,5452,102091,5865,0.050502056393345436,0.5182468852169303
8679,0.9075,2,3,2,600161,5449,102093,5863,0.050474267294082775,0.5182991513437057
8680,0.9076,2,4,2,600165,5445,102095,5861,0.05043721516173256,0.5183973111622148
8681,0.9077,10,21,10,600186,5424,102105,5851,0.05024269146689392,0.5189356984478936
8682,0.9078,2,2,2,600188,5422,102107,5849,0.05022416540071881,0.5189424185963978
8683,0.9079,17,13,17,600201,5409,102124,5832,0.05010374597058061,0.5188150520416333
8684,0.908,1,3,1,600204,5406,102125,5831,0.050075956871317946,0.518910741301059
8685,0.9081,2,8,2,600212,5398,102127,5829,0.05000185260661751,0.5191947982542086
8686,0.9082,0,3,0,600215,5395,102127,5829,0.04997406350735485,0.5193335709194583
8687,0.9083,3,7,3,600222,5388,102130,5826,0.04990922227574197,0.5195291599785982
8688,0.9084,6,10,6,600232,5378,102136,5820,0.04981659194486643,0.5197356670834078
8689,0.9085,77,93,77,600325,5285,102213,5743,0.048955129867723886,0.5207653246282191
8690,0.9086,0,4,0,600329,5281,102213,5743,0.04891807773537367,0.5209542815674891
8691,0.9087,1,8,1,600337,5273,102214,5742,0.048843973470673235,0.5212891511575125
8692,0.9088,6,5,6,600342,5268,102220,5736,0.04879765830523547,0.5212649945474372
8693,0.9089,11,8,11,600350,5260,102231,5725,0.048723554040535036,0.5211652253072372
8694,0.909,1,4,1,600354,5256,102232,5724,0.04868650190818482,0.521311475409836
8695,0.9091,3,2,3,600356,5254,102235,5721,0.04866797584200971,0.5212756264236902
8696,0.9092,29,42,29,600398,5212,102264,5692,0.048278928452332434,0.5220102714600147
8697,0.9093,3,4,3,600402,5208,102267,5689,0.04824187631998222,0.5220702945764889
8698,0.9094,23,17,23,600419,5191,102290,5666,0.048084404757493794,0.5218752878327346
8699,0.9095,1,0,1,600419,5191,102291,5665,0.048084404757493794,0.5218312453942521
8700,0.9096,7,3,7,600422,5188,102298,5658,0.04805661565823113,0.5216669739996312
8701,0.9097,5,6,5,600428,5182,102303,5653,0.048001037459705805,0.521735117674204
8702,0.9098,2,3,2,600431,5179,102305,5651,0.047973248360443144,0.5217913204062788
8703,0.9099,1,5,1,600436,5174,102306,5650,0.04792693319500537,0.5219881744271988
8704,0.91,521,388,521,600824,4786,102827,5129,0.04433287635703435,0.5172970247100352
8705,0.9101,5,8,5,600832,4778,102832,5124,0.04425877209233391,0.5174712179357706
8706,0.9103,2,10,2,600842,4768,102834,5122,0.044166141761458375,0.517896865520728
8707,0.9104,2,5,2,600847,4763,102836,5120,0.0441198265960206,0.5180613174137407
8708,0.9105,3,6,3,600853,4757,102839,5117,0.04406424839749527,0.5182296941462426
8709,0.9106,2,2,2,600855,4755,102841,5115,0.04404572233132017,0.5182370820668692
8710,0.9107,1,2,1,600857,4753,102842,5114,0.044027196265145056,0.5182933009019965
8711,0.9109,4,2,4,600859,4751,102846,5110,0.04400867019896995,0.5182030220058818
8712,0.911,1,11,1,600870,4740,102847,5109,0.04390677683500686,0.5187328662808407
8713,0.9111,1,11,1,600881,4729,102848,5108,0.043804883471043755,0.5192640032530242
8714,0.9113,3,4,3,600885,4725,102851,5105,0.04376783133869354,0.5193285859613428
8715,0.9114,1,3,1,600888,4722,102852,5104,0.04374004223943088,0.5194382251170364
8716,0.9115,1,1,1,600889,4721,102853,5103,0.04373077920634332,0.5194421824104235
8717,0.9116,1,2,1,600891,4719,102854,5102,0.04371225314016822,0.5194990326850626
8718,0.9117,0,1,0,600892,4718,102854,5102,0.04370299010708066,0.5195519348268839
8719,0.9118,2,2,2,600894,4716,102856,5100,0.043684464040905556,0.519559902200489
8720,0.9119,5,5,5,600899,4711,102861,5095,0.04363814887546778,0.5195798490719967
8721,0.912,2,12,2,600911,4699,102863,5093,0.04352699247841713,0.5201184640522876
8722,0.9121,1,3,1,600914,4696,102864,5092,0.04349920337915447,0.5202288516550878
8723,0.9122,2,6,2,600920,4690,102866,5090,0.04344362518062914,0.5204498977505112
8724,0.9123,0,4,0,600924,4686,102866,5090,0.043406573048278926,0.5206628477905073
8725,0.9124,2,7,2,600931,4679,102868,5088,0.04334173181666605,0.5209378519504454
8726,0.9125,3,2,3,600933,4677,102871,5085,0.043323205750490944,0.5208973570989551
8727,0.9126,0,1,0,600934,4676,102871,5085,0.04331394271740339,0.5209507222620633
8728,0.9127,3,11,3,600945,4665,102874,5082,0.04321204935344029,0.5213911972914743
8729,0.9128,0,16,0,600961,4649,102874,5082,0.043063840824039426,0.5222484842256705
8730,0.9129,2,5,2,600966,4644,102876,5080,0.04301752565860165,0.5224187577128754
8731,0.913,1,4,1,600970,4640,102877,5079,0.042980473526251436,0.5225846280481531
8732,0.9131,3,3,3,600973,4637,102880,5076,0.042952684426988776,0.5225985792237208
8733,0.9132,4,1,4,600974,4636,102884,5072,0.04294342139390122,0.5224557066337041
8734,0.9133,1,6,1,600980,4630,102885,5071,0.04288784319537589,0.5227296155035563
8735,0.9134,2,3,2,600983,4627,102887,5069,0.04286005409611323,0.522792904290429
8736,0.9135,7,8,7,600991,4619,102894,5062,0.042785949831412796,0.5228798677822539
8737,0.9136,2,4,2,600995,4615,102896,5060,0.04274889769906258,0.5229974160206718
8738,0.9137,3,3,3,600998,4612,102899,5057,0.04272110859979992,0.5230116868342124
8739,0.9138,2,2,2,601000,4610,102901,5055,0.04270258253362481,0.5230212105535437
8740,0.9139,1,8,1,601008,4602,102902,5054,0.04262847826892437,0.5234051367025684
8741,0.914,0,2,0,601010,4600,102902,5054,0.04260995220274927,0.5235135695048685
8742,0.9141,1,1,1,601011,4599,102903,5053,0.04260068916966171,0.5235184417737256
8743,0.9142,2,2,2,601013,4597,102905,5051,0.04258216310348661,0.523528192371476
8744,0.9143,2,5,2,601018,4592,102907,5049,0.042535847938048835,0.523700860906545
8745,0.9144,0,8,0,601026,4584,102907,5049,0.0424617436733484,0.524135783245095
8746,0.9145,3,6,3,601032,4578,102910,5046,0.04240616547482308,0.5243142144638404
8747,0.9146,0,2,0,601034,4576,102910,5046,0.04238763940864797,0.5244231968405737
8748,0.9147,0,7,0,601041,4569,102910,5046,0.04232279817703509,0.524804992199688
8749,0.9148,2,8,2,601049,4561,102912,5044,0.042248693912334656,0.5251431546069756
8750,0.9149,2,2,2,601051,4559,102914,5042,0.042230167846159544,0.5251536298302261
8751,0.915,11,11,11,601062,4548,102925,5031,0.04212827448219645,0.525211399937363
8752,0.9151,2,2,2,601064,4546,102927,5029,0.042109748416021345,0.5252219321148826
8753,0.9152,3,3,3,601067,4543,102930,5026,0.04208195931675868,0.5252377468910022
8754,0.9153,6,9,6,601076,4534,102936,5020,0.041998592018970694,0.5254343730374712
8755,0.9154,5,4,5,601080,4530,102941,5015,0.04196153988662048,0.5254059717129387
8756,0.9155,6,7,6,601087,4523,102947,5009,0.04189669865500759,0.525493075954679
8757,0.9156,4,5,4,601092,4518,102951,5005,0.04185038348956983,0.5255696734222409
8758,0.9157,6,4,6,601096,4514,102957,4999,0.04181333135721961,0.525491432776201
8759,0.9158,10,6,10,601102,4508,102967,4989,0.04175775315869428,0.5253237864588818
8760,0.9159,11,10,11,601112,4498,102978,4978,0.04166512282781874,0.5253271422541157
8761,0.916,1,3,1,601115,4495,102979,4977,0.041637333728556075,0.5254434121621622
8762,0.9161,2,0,2,601115,4495,102981,4975,0.041637333728556075,0.5253431890179514
8763,0.9162,6,3,6,601118,4492,102987,4969,0.041609544629293414,0.5252087517175774
8764,0.9163,4,7,4,601125,4485,102991,4965,0.04154470339768054,0.5253968253968254
8765,0.9164,7,8,7,601133,4477,102998,4958,0.0414705991329801,0.5254901960784314
8766,0.9165,12,12,12,601145,4465,103010,4946,0.04135944273592945,0.5255552013601105
8767,0.9166,8,8,8,601153,4457,103018,4938,0.04128533847122902,0.5255987227248536
8768,0.9167,1,4,1,601157,4453,103019,4937,0.0412482863388788,0.5257720979765709
8769,0.9168,6,13,6,601170,4440,103025,4931,0.041127866908740596,0.5261978444136165
8770,0.9169,8,9,8,601179,4431,103033,4923,0.04104449961095261,0.5262989095574085
8771,0.917,7,17,7,601196,4414,103040,4916,0.04088702804846419,0.5269024651661307
8772,0.9171,6,4,6,601200,4410,103046,4910,0.04084997591611397,0.526824034334764
8773,0.9172,4,4,4,601204,4406,103050,4906,0.040812923783763756,0.5268470790378007
8774,0.9173,2,3,2,601207,4403,103052,4904,0.040785134684501095,0.5269152250993876
8775,0.9174,30,35,30,601242,4368,103082,4874,0.04046092852643669,0.5273750270504219
8776,0.9175,1,3,1,601245,4365,103083,4873,0.04043313942717403,0.527495128815761
8777,0.9176,1,3,1,601248,4362,103084,4872,0.04040535032791137,0.5276153346328785
8778,0.9177,9,23,9,601271,4339,103093,4863,0.040192300566897626,0.5284720712888502
8779,0.9178,3,11,3,601282,4328,103096,4860,0.04009040720293453,0.5289508053983457
8780,0.9179,13,7,13,601289,4321,103109,4847,0.04002556597132165,0.5286867364746946
8781,0.918,0,8,0,601297,4313,103109,4847,0.039951461706621214,0.5291484716157205
8782,0.9181,3,9,3,601306,4304,103112,4844,0.03986809440883323,0.5295146480104941
8783,0.9182,2,4,2,601310,4300,103114,4842,0.039831042276483014,0.5296434040691315
8784,0.9183,4,3,4,601313,4297,103118,4838,0.039803253177220346,0.5296113847837985
8785,0.9184,7,10,7,601323,4287,103125,4831,0.03971062284634481,0.5298311033121299
8786,0.9185,72,74,72,601397,4213,103197,4759,0.0390251583978658,0.5304279982166741
8787,0.9186,2,3,2,601400,4210,103199,4757,0.03899736929860313,0.530500724880116
8788,0.9187,0,5,0,601405,4205,103199,4757,0.038951054133165366,0.5307966971658112
8789,0.9188,4,10,4,601415,4195,103203,4753,0.03885842380228982,0.5311801519892714
8790,0.9189,6,9,6,601424,4186,103209,4747,0.03877505650450183,0.531400425389007
8791,0.919,2,1,2,601425,4185,103211,4745,0.03876579347141428,0.5313549832026876
8792,0.9191,1,5,1,601430,4180,103212,4744,0.03871947830597651,0.5316001792917974
8793,0.9192,31,41,31,601471,4139,103243,4713,0.038339693949386786,0.5324220515137822
8794,0.9193,7,8,7,601479,4131,103250,4706,0.03826558968468635,0.5325336652710195
8795,0.9194,9,21,9,601500,4110,103259,4697,0.03807106598984772,0.5333257635971387
8796,0.9195,3,2,3,601502,4108,103262,4694,0.03805253992367261,0.53328788911611
8797,0.9196,3,5,3,601507,4103,103265,4691,0.038006224758234834,0.533431885376393
8798,0.9197,3,5,3,601512,4098,103268,4688,0.03795990959279707,0.5335761438652401
8799,0.9198,1,0,1,601512,4098,103269,4687,0.03795990959279707,0.5335230506545248
8800,0.9199,3,6,3,601518,4092,103272,4684,0.03790433139427174,0.5337283500455788
8801,0.92,487,321,487,601839,3771,103759,4197,0.034930897773166845,0.5267319277108434
8802,0.9201,6,6,6,601845,3765,103765,4191,0.034875319574641524,0.5267722473604827
8803,0.9202,4,5,4,601850,3760,103769,4187,0.03482900440920375,0.5268654838303762
8804,0.9203,1,10,1,601860,3750,103770,4186,0.034736374078328205,0.5274697580645161
8805,0.9204,1,7,1,601867,3743,103771,4185,0.03467153284671533,0.5278758829465187
8806,0.9205,1,3,1,601870,3740,103772,4184,0.03464374374745267,0.5280161534578496
8807,0.9206,3,4,3,601874,3736,103775,4181,0.03460669161510245,0.5281040798282177
8808,0.9207,1,6,1,601880,3730,103776,4180,0.03455111341657712,0.5284450063211125
8809,0.9208,0,2,0,601882,3728,103776,4180,0.034532587350402016,0.5285786545270612
8810,0.9209,1,2,1,601884,3726,103777,4179,0.034514061284226905,0.5286527514231499
8811,0.921,1,6,1,601890,3720,103778,4178,0.03445848308570158,0.5289946821980248
8812,0.9211,4,8,4,601898,3712,103782,4174,0.03438437882100115,0.5292924169414152
8813,0.9212,1,5,1,601903,3707,103783,4173,0.034338063655563376,0.5295685279187817
8814,0.9213,3,6,3,601909,3701,103786,4170,0.034282485457038055,0.5297929106847923
8815,0.9214,1,6,1,601915,3695,103787,4169,0.034226907258512726,0.5301373346897253
8816,0.9215,3,1,3,601916,3694,103790,4166,0.03421764422542517,0.5300254452926209
8817,0.9216,3,1,3,601917,3693,103793,4163,0.03420838119233762,0.5299134419551935
8818,0.9217,1,4,1,601921,3689,103794,4162,0.034171329059987404,0.5301235511399822
8819,0.9218,3,7,3,601928,3682,103797,4159,0.03410648782837452,0.5304170386430302
8820,0.922,0,1,0,601929,3681,103797,4159,0.03409722479528697,0.530484693877551
8821,0.9221,1,9,1,601938,3672,103798,4158,0.03401385749749898,0.5310344827586206
8822,0.9222,3,0,3,601938,3672,103801,4155,0.03401385749749898,0.5308547336144116
8823,0.9223,1,4,1,601942,3668,103802,4154,0.033976805365148764,0.5310662234722577
8824,0.9224,1,4,1,601946,3664,103803,4153,0.03393975323279855,0.5312779838812843
8825,0.9225,2,10,2,601956,3654,103805,4151,0.03384712290192301,0.5318385650224215
8826,0.9226,1,5,1,601961,3649,103806,4150,0.033800807736485236,0.5321195025003206
8827,0.9227,2,2,2,601963,3647,103808,4148,0.033782281670310124,0.5321359846055164
8828,0.9228,2,7,2,601970,3640,103810,4146,0.033717440438697246,0.5324942203955818
8829,0.9229,1,4,1,601974,3636,103811,4145,0.03368038830634703,0.5327078781647603
8830,0.923,1,4,1,601978,3632,103812,4144,0.03364333617399681,0.5329218106995884
8831,0.9231,2,4,2,601982,3628,103814,4142,0.033606284041646596,0.533075933075933
8832,0.9232,3,4,3,601986,3624,103817,4139,0.03356923190929638,0.5331701661728713
8833,0.9233,1,4,1,601990,3620,103818,4138,0.03353217977694616,0.5333848930136633
8834,0.9234,1,5,1,601995,3615,103819,4137,0.03348586461150839,0.5336687306501547
8835,0.9235,6,7,6,602002,3608,103825,4131,0.03342102337989551,0.5337898953353146
8836,0.9236,1,4,1,602006,3604,103826,4130,0.033383971247545295,0.5340056891647271
8837,0.9237,1,6,1,602012,3598,103827,4129,0.03332839304901997,0.534360036236573
8838,0.9238,4,8,4,602020,3590,103831,4125,0.03325428878431954,0.5346727154893065
8839,0.9239,5,5,5,602025,3585,103836,4120,0.03320797361888177,0.5347177157689812
8840,0.924,2,1,2,602026,3584,103838,4118,0.03319871058579421,0.5346663204362503
8841,0.9241,0,2,0,602028,3582,103838,4118,0.033180184519619106,0.5348051948051948
8842,0.9242,4,5,4,602033,3577,103842,4114,0.03313386935418133,0.534910934858926
8843,0.9243,2,5,2,602038,3572,103844,4112,0.03308755418874356,0.5351379489849037
8844,0.9244,2,3,2,602041,3569,103846,4110,0.0330597650894809,0.5352259408777185
8845,0.9245,5,5,5,602046,3564,103851,4105,0.03301344992404313,0.5352718737775459
8846,0.9246,2,5,2,602051,3559,103853,4103,0.03296713475860536,0.535499869485774
8847,0.9247,6,11,6,602062,3548,103859,4097,0.03286524139464226,0.5359058207979072
8848,0.9248,4,9,4,602071,3539,103863,4093,0.03278187409685428,0.5362945492662474
8849,0.9249,1,4,1,602075,3535,103864,4092,0.03274482196450406,0.5365150124557493
8850,0.925,9,6,9,602081,3529,103873,4083,0.03268924376597873,0.5363899106673673
8851,0.9251,2,16,2,602097,3513,103875,4081,0.032541035236577864,0.5373979457466421
8852,0.9252,1,5,1,602102,3508,103876,4080,0.03249472007114009,0.5376910911966263
8853,0.9253,3,4,3,602106,3504,103879,4077,0.032457667938789875,0.5377918480411555
8854,0.9254,1,1,1,602107,3503,103880,4076,0.032448404905702326,0.5378018208206887
8855,0.9255,7,4,7,602111,3499,103887,4069,0.03241135277335211,0.5376585623678647
8856,0.9256,3,7,3,602118,3492,103890,4066,0.032346511541739224,0.5379730087324689
8857,0.9257,5,2,5,602120,3490,103895,4061,0.03232798547556412,0.537809561647464
8858,0.9258,4,5,4,602125,3485,103899,4057,0.03228167031012635,0.5379209758684699
8859,0.9259,4,11,4,602136,3474,103903,4053,0.03217977694616325,0.5384615384615384
8860,0.926,2,1,2,602137,3473,103905,4051,0.032170513913075696,0.5384104199893673
8861,0.9261,1,1,1,602138,3472,103906,4050,0.03216125087998814,0.5384206328104227
8862,0.9262,3,9,3,602147,3463,103909,4047,0.03207788358220016,0.5388814913448735
8863,0.9263,4,5,4,602152,3458,103913,4043,0.032031568416762385,0.5389948006932409
8864,0.9264,3,7,3,602159,3451,103916,4040,0.03196672718514951,0.539313843278601
8865,0.9265,13,8,13,602167,3443,103929,4027,0.031892622920449074,0.5390896921017403
8866,0.9266,5,6,5,602173,3437,103934,4022,0.031837044721923745,0.5392143718997184
8867,0.9267,2,1,2,602174,3436,103936,4020,0.031827781688836196,0.5391630901287554
8868,0.9268,7,10,7,602184,3426,103943,4013,0.03173515135796065,0.5394542277187794
8869,0.9269,2,5,2,602189,3421,103945,4011,0.03168883619252288,0.5396932185145318
8870,0.927,9,17,9,602206,3404,103954,4002,0.03153136463003446,0.5403726708074534
8871,0.9271,2,0,2,602206,3404,103956,4000,0.03153136463003446,0.5402485143165856
8872,0.9272,4,3,4,602209,3401,103960,3996,0.031503575530771794,0.5402190077058266
8873,0.9273,6,10,6,602219,3391,103966,3990,0.031410945199896255,0.5405771575667254
8874,0.9274,26,26,26,602245,3365,103992,3964,0.031170106339619846,0.5408650566243689
8875,0.9275,3,8,3,602253,3357,103995,3961,0.031096002074919412,0.5412681060399016
8876,0.9276,0,2,0,602255,3355,103995,3961,0.031077476008744304,0.5414160743575724
8877,0.9277,12,12,12,602267,3343,104007,3949,0.030966319611693653,0.5415523861766319
8878,0.9278,2,9,2,602276,3334,104009,3947,0.030882952313905664,0.542095865952479
8879,0.9279,8,13,8,602289,3321,104017,3939,0.03076253288376746,0.5425619834710744
8880,0.928,2,4,2,602293,3317,104019,3937,0.030725480751417244,0.5427350427350427
8881,0.9281,6,7,6,602300,3310,104025,3931,0.030660639519804366,0.5428808175666344
8882,0.9282,3,2,3,602302,3308,104028,3928,0.030642113453629258,0.542841348811498
8883,0.9283,2,10,2,602312,3298,104030,3926,0.030549483122753716,0.5434662236987818
8884,0.9284,0,3,0,602315,3295,104030,3926,0.03052169402349105,0.5436920094169783
8885,0.9285,82,52,82,602367,3243,104112,3844,0.030040016302938233,0.5424015803584027
8886,0.9286,2,9,2,602376,3234,104114,3842,0.029956649005150247,0.5429621254946297
8887,0.9287,2,1,2,602377,3233,104116,3840,0.02994738597206269,0.542909656439983
8888,0.9288,4,3,4,602380,3230,104120,3836,0.02991959687280003,0.5428814039060289
8889,0.9289,10,11,10,602391,3219,104130,3826,0.029817703508836932,0.5430801987224982
8890,0.929,1,3,1,602394,3216,104131,3825,0.02978991440957427,0.5432466979122283
8891,0.9291,0,12,0,602406,3204,104131,3825,0.02967875801252362,0.5441741357234315
8892,0.9292,28,27,28,602433,3177,104159,3797,0.02942865611915966,0.5444508173214798
8893,0.9293,1,2,1,602435,3175,104160,3796,0.02941013005298455,0.54454167264381
8894,0.9294,14,10,14,602445,3165,104174,3782,0.02931749972210901,0.5444076579818626
8895,0.9295,4,10,4,602455,3155,104178,3778,0.029224869391233466,0.5449300447136881
8896,0.9296,5,2,5,602457,3153,104183,3773,0.029206343325058358,0.5447588795841756
8897,0.9297,8,9,8,602466,3144,104191,3765,0.02912297602727037,0.5449413808076422
8898,0.9298,2,3,2,602469,3141,104193,3763,0.029095186928007707,0.5450463499420626
8899,0.9299,1,4,1,602473,3137,104194,3762,0.02905813479565749,0.5452964197709813
8900,0.93,450,303,450,602776,2834,104644,3312,0.026251435770128572,0.5388870810283111
8901,0.9301,6,8,6,602784,2826,104650,3306,0.02617733150542814,0.5391389432485323
8902,0.9302,1,1,1,602785,2825,104651,3305,0.026168068472340583,0.5391517128874388
8903,0.9303,2,3,2,602788,2822,104653,3303,0.02614027937307792,0.5392653061224489
8904,0.9304,3,4,3,602792,2818,104656,3300,0.026103227240727705,0.5393919581562602
8905,0.9305,1,2,1,602794,2816,104657,3299,0.026084701174552596,0.5394930498773508
8906,0.9306,2,4,2,602798,2812,104659,3297,0.02604764904220238,0.5396955311834998
8907,0.9307,6,6,6,602804,2806,104665,3291,0.025992070843677054,0.5397736591766442
8908,0.9309,1,2,1,602806,2804,104666,3290,0.025973544777501946,0.5398752871677059
8909,0.931,1,1,1,602807,2803,104667,3289,0.02596428174441439,0.5398883782009193
8910,0.9311,0,5,0,602812,2798,104667,3289,0.02591796657897662,0.5403318547724659
8911,0.9312,0,1,0,602813,2797,104667,3289,0.025908703545889065,0.5404206375287545
8912,0.9313,1,2,1,602815,2795,104668,3288,0.025890177479713956,0.5405227683708697
8913,0.9314,1,4,1,602819,2791,104669,3287,0.02585312534736374,0.5408028956893715
8914,0.9315,1,4,1,602823,2787,104670,3286,0.025816073215013523,0.5410834842746584
8915,0.9316,4,1,4,602824,2786,104674,3282,0.02580681018192597,0.5408701384311141
8916,0.9317,3,1,3,602825,2785,104677,3279,0.025797547148838414,0.5407321899736148
8917,0.9318,3,3,3,602828,2782,104680,3276,0.025769758049575753,0.5407725321888412
8918,0.9319,2,2,2,602830,2780,104682,3274,0.025751231983400645,0.540799471423852
8919,0.932,2,2,2,602832,2778,104684,3272,0.025732705917225537,0.5408264462809917
8920,0.9321,1,3,1,602835,2775,104685,3271,0.025704916817962872,0.5410188554416143
8921,0.9322,0,6,0,602841,2769,104685,3271,0.025649338619437547,0.5415562913907285
8922,0.9323,4,3,4,602844,2766,104689,3267,0.025621549520174886,0.5415216310293386
8923,0.9324,1,8,1,602852,2758,104690,3266,0.025547445255474453,0.5421646746347941
8924,0.9325,0,1,0,602853,2757,104690,3266,0.025538182222386897,0.5422546903536444
8925,0.9326,1,2,1,602855,2755,104691,3265,0.02551965615621179,0.542358803986711
8926,0.9327,0,3,0,602858,2752,104691,3265,0.025491867056949127,0.5426292172178827
8927,0.9328,4,10,4,602868,2742,104695,3261,0.025399236726073585,0.5432283858070964
8928,0.9329,0,5,0,602873,2737,104695,3261,0.025352921560635816,0.5436812270756919
8929,0.933,2,5,2,602878,2732,104697,3259,0.025306606395198043,0.543982640627608
8930,0.9331,1,2,1,602880,2730,104698,3258,0.025288080329022935,0.5440881763527055
8931,0.9332,9,2,9,602882,2728,104707,3249,0.025269554262847826,0.543583737661034
8932,0.9333,2,3,2,602885,2725,104709,3247,0.025241765163585166,0.5437039517749498
8933,0.9334,3,3,3,602888,2722,104712,3244,0.0252139760643225,0.5437479047938317
8934,0.9335,1,6,1,602894,2716,104713,3243,0.025158397865797176,0.5442188286625272
8935,0.9336,4,2,4,602896,2714,104717,3239,0.025139871799622068,0.544095414076936
8936,0.9337,3,0,3,602896,2714,104720,3236,0.025139871799622068,0.5438655462184874
8937,0.9338,3,4,3,602900,2710,104723,3233,0.02510281966727185,0.5440013461214874
8938,0.9339,4,7,4,602907,2703,104727,3229,0.025037978435658973,0.5443358057990559
8939,0.934,0,4,0,602911,2699,104727,3229,0.025000926303308756,0.5447031039136302
8940,0.9341,2,2,2,602913,2697,104729,3227,0.024982400237133648,0.5447332883187036
8941,0.9342,1,1,1,602914,2696,104730,3226,0.024973137204046092,0.5447483958122256
8942,0.9343,2,6,2,602920,2690,104732,3224,0.024917559005520767,0.5451471085559689
8943,0.9344,2,3,2,602923,2687,104734,3222,0.024889769906258106,0.5452699272296497
8944,0.9345,4,16,4,602939,2671,104738,3218,0.02474156137685724,0.5464425199524537
8945,0.9346,0,1,0,602940,2670,104738,3218,0.024732298343769683,0.5465353260869565
8946,0.9347,2,5,2,602945,2665,104740,3216,0.024685983178331913,0.5468457745281414
8947,0.9348,3,4,3,602949,2661,104743,3213,0.024648931045981697,0.5469867211440245
8948,0.9349,0,4,0,602953,2657,104743,3213,0.02461187891363148,0.5473594548551959
8949,0.935,5,7,5,602960,2650,104748,3208,0.0245470376820186,0.5476271765107545
8950,0.9351,3,5,3,602965,2645,104751,3205,0.02450072251658083,0.5478632478632479
8951,0.9352,0,3,0,602968,2642,104751,3205,0.024472933417318165,0.5481443475286472
8952,0.9353,7,15,7,602983,2627,104758,3198,0.024333987921004854,0.5490128755364807
8953,0.9354,2,3,2,602986,2624,104760,3196,0.024306198821742193,0.5491408934707904
8954,0.9355,4,7,4,602993,2617,104764,3192,0.02424135759012931,0.5494921673265623
8955,0.9356,3,2,3,602995,2615,104767,3189,0.024222831523954203,0.5494486560992419
8956,0.9357,2,4,2,602999,2611,104769,3187,0.024185779391603986,0.549672300793377
8957,0.9358,4,4,4,603003,2607,104773,3183,0.02414872725925377,0.549740932642487
8958,0.9359,7,11,7,603014,2596,104780,3176,0.024046833895290675,0.5502425502425502
8959,0.936,2,3,2,603017,2593,104782,3174,0.02401904479602801,0.5503728108201839
8960,0.9361,3,10,3,603027,2583,104785,3171,0.02392641446515247,0.551094890510949
8961,0.9362,5,5,5,603032,2578,104790,3166,0.0238800992997147,0.5511838440111421
8962,0.9363,4,2,4,603034,2576,104794,3162,0.02386157323353959,0.5510630881840363
8963,0.9364,2,8,2,603042,2568,104796,3160,0.023787468968839157,0.5516759776536313
8964,0.9365,12,15,12,603057,2553,104808,3148,0.023648523472525843,0.552183827398702
8965,0.9366,1,7,1,603064,2546,104809,3147,0.023583682240912965,0.5527841208501669
8966,0.9367,1,5,1,603069,2541,104810,3146,0.023537367075475192,0.5531914893617021
8967,0.9368,2,3,2,603072,2538,104812,3144,0.02350957797621253,0.5533262935586061
8968,0.9369,1,9,1,603081,2529,104813,3143,0.02342621067842454,0.5541255289139634
8969,0.937,5,5,5,603086,2524,104818,3138,0.023379895512986772,0.5542211232779937
8970,0.9371,1,8,1,603094,2516,104819,3137,0.02330579124828634,0.5549265876525739
8971,0.9372,2,8,2,603102,2508,104821,3135,0.023231686983585905,0.5555555555555556
8972,0.9373,2,2,2,603104,2506,104823,3133,0.023213160917410797,0.5555949636460366
8973,0.9374,22,30,22,603134,2476,104845,3111,0.02293526992478417,0.5568283515303383
8974,0.9375,1,1,1,603135,2475,104846,3110,0.022926006891696618,0.5568487018800358
8975,0.9376,1,2,1,603137,2473,104847,3109,0.02290748082552151,0.5569688283769259
8976,0.9377,5,9,5,603146,2464,104852,3104,0.02282411352773352,0.5574712643678161
8977,0.9378,0,3,0,603149,2461,104852,3104,0.02279632442847086,0.5577717879604672
8978,0.9379,6,12,6,603161,2449,104858,3098,0.02268516803142021,0.5585000901388137
8979,0.938,2,5,2,603166,2444,104860,3096,0.022638852865982436,0.5588447653429602
8980,0.9381,4,6,4,603172,2438,104864,3092,0.02258327466745711,0.559132007233273
8981,0.9382,4,6,4,603178,2432,104868,3088,0.022527696468931786,0.5594202898550724
8982,0.9383,1,2,1,603180,2430,104869,3087,0.022509170402756677,0.5595432300163132
8983,0.9384,2,2,2,603182,2428,104871,3085,0.02249064433658157,0.5595864320696535
8984,0.9385,61,51,61,603233,2377,104932,3024,0.022018229649116306,0.5598963154971301
8985,0.9386,4,6,4,603239,2371,104936,3020,0.02196265145059098,0.5601929141161195
8986,0.9387,1,1,1,603240,2370,104937,3019,0.02195338841750343,0.5602152532937466
8987,0.9388,1,4,1,603244,2366,104938,3018,0.02191633628515321,0.5605497771173849
8988,0.9389,6,3,6,603247,2363,104944,3012,0.021888547185890547,0.5603720930232559
8989,0.939,1,5,1,603252,2358,104945,3011,0.021842232020452778,0.5608120692866455
8990,0.9391,0,1,0,603253,2357,104945,3011,0.021832968987365222,0.5609165424739195
8991,0.9392,24,15,24,603268,2342,104969,2987,0.02169402349105191,0.5605179208106587
8992,0.9393,2,3,2,603271,2339,104971,2985,0.021666234391789246,0.5606686701728024
8993,0.9394,10,17,10,603288,2322,104981,2975,0.021508762829300827,0.5616386633943742
8994,0.9395,1,8,1,603296,2314,104982,2974,0.021434658564600393,0.5624054462934948
8995,0.9396,2,3,2,603299,2311,104984,2972,0.02140686946533773,0.5625591519969714
8996,0.9397,3,4,3,603303,2307,104987,2969,0.021369817332987512,0.5627369219105383
8997,0.9398,4,3,4,603306,2304,104991,2965,0.02134202823372485,0.5627253748339344
8998,0.9399,0,2,0,603308,2302,104991,2965,0.021323502167549743,0.5629390544902222
8999,0.94,414,236,414,603544,2066,105405,2551,0.019137426358886954,0.5525232835174355
9000,0.9401,3,0,3,603544,2066,105408,2548,0.019137426358886954,0.552232336367577
9001,0.9402,3,5,3,603549,2061,105411,2545,0.019091111193449185,0.5525401650021711
9002,0.9403,0,1,0,603550,2060,105411,2545,0.01908184816036163,0.5526601520086862
9003,0.9404,2,3,2,603553,2057,105413,2543,0.019054059061098968,0.5528260869565217
9004,0.9405,0,8,0,603561,2049,105413,2543,0.018979954796398534,0.5537891986062717
9005,0.9406,1,2,1,603563,2047,105414,2542,0.018961428730223426,0.5539333188058401
9006,0.9407,1,0,1,603563,2047,105415,2541,0.018961428730223426,0.5538360941586749
9007,0.9408,2,2,2,603565,2045,105417,2539,0.018942902664048317,0.5538830715532286
9008,0.9409,3,8,3,603573,2037,105420,2536,0.018868798399347884,0.554559370216488
9009,0.941,0,2,0,603575,2035,105420,2536,0.018850272333172775,0.5548020126886896
9010,0.9411,3,6,3,603581,2029,105423,2533,0.01879469413464745,0.5552389302937308
9011,0.9412,1,2,1,603583,2027,105424,2532,0.01877616806847234,0.5553849528405352
9012,0.9413,0,2,0,603585,2025,105424,2532,0.018757642002297233,0.5556287030941409
9013,0.9414,0,5,0,603590,2020,105424,2532,0.01871132683685946,0.5562390158172232
9014,0.9415,0,3,0,603593,2017,105424,2532,0.0186835377375968,0.5566058474389975
9015,0.9416,1,1,1,603594,2016,105425,2531,0.018674274704509244,0.5566307455465141
9016,0.9417,1,3,1,603597,2013,105426,2530,0.018646485605246583,0.5569007263922519
9017,0.9418,1,7,1,603604,2006,105427,2529,0.0185816443736337,0.5576626240352811
9018,0.9419,3,6,3,603610,2000,105430,2526,0.018526066175108376,0.5581087052585064
9019,0.942,5,4,5,603614,1996,105435,2521,0.01848901404275816,0.5581137923400487
9020,0.9421,4,1,4,603615,1995,105439,2517,0.018479751009670607,0.557845744680851
9021,0.9422,1,0,1,603615,1995,105440,2516,0.018479751009670607,0.5577477277765462
9022,0.9423,0,4,0,603619,1991,105440,2516,0.01844269887732039,0.5582427335256268
9023,0.9424,0,3,0,603622,1988,105440,2516,0.018414909778057726,0.5586145648312612
9024,0.9425,2,4,2,603626,1984,105442,2514,0.01837785764570751,0.5589150733659404
9025,0.9426,2,3,2,603629,1981,105444,2512,0.01835006854644485,0.5590919207656354
9026,0.9427,2,5,2,603634,1976,105446,2510,0.018303753381007076,0.5595185020062416
9027,0.9428,2,3,2,603637,1973,105448,2508,0.018275964281744415,0.5596964963177862
9028,0.9429,7,4,7,603641,1969,105455,2501,0.018238912149394198,0.5595078299776286
9029,0.943,1,6,1,603647,1963,105456,2500,0.018183333950868873,0.5601613264620211
9030,0.9431,0,13,0,603660,1950,105456,2500,0.01806291452073067,0.5617977528089888
9031,0.9432,0,1,0,603661,1949,105456,2500,0.018053651487643114,0.5619240278714318
9032,0.9433,1,2,1,603663,1947,105457,2499,0.018035125421468005,0.5620782726045884
9033,0.9434,1,1,1,603664,1946,105458,2498,0.018025862388380453,0.5621062106210621
9034,0.9435,0,4,0,603668,1942,105458,2498,0.017988810256030236,0.5626126126126126
9035,0.9436,2,2,2,603670,1940,105460,2496,0.017970284189855128,0.5626690712353472
9036,0.9437,2,4,2,603674,1936,105462,2494,0.01793323205750491,0.562979683972912
9037,0.9438,1,3,1,603677,1933,105463,2493,0.017905442958242247,0.5632625395390872
9038,0.9439,2,2,2,603679,1931,105465,2491,0.017886916892067138,0.5633197648123022
9039,0.944,1,1,1,603680,1930,105466,2490,0.017877653858979586,0.5633484162895928
9040,0.9441,0,1,0,603681,1929,105466,2490,0.01786839082589203,0.5634758995247794
9041,0.9442,2,1,2,603682,1928,105468,2488,0.017859127792804477,0.5634057971014492
9042,0.9443,1,3,1,603685,1925,105469,2487,0.017831338693541813,0.5636899365367181
9043,0.9444,1,4,1,603689,1921,105470,2486,0.017794286561191596,0.5641025641025641
9044,0.9445,4,8,4,603697,1913,105474,2482,0.017720182296491162,0.5647326507394766
9045,0.9446,0,3,0,603700,1910,105474,2482,0.0176923931972285,0.5651183970856102
9046,0.9447,2,10,2,603710,1900,105476,2480,0.01759976286635296,0.5662100456621004
9047,0.9448,1,8,1,603718,1892,105477,2479,0.017525658601652526,0.5671471059254175
9048,0.9449,1,3,1,603721,1889,105478,2478,0.01749786950238986,0.5674376001831921
9049,0.945,6,3,6,603724,1886,105484,2472,0.0174700804031272,0.5672326755392382
9050,0.9451,3,1,3,603725,1885,105487,2469,0.017460817370039645,0.5670647680293982
9051,0.9452,3,2,3,603727,1883,105490,2466,0.017442291303864536,0.5670269027362612
9052,0.9453,2,11,2,603738,1872,105492,2464,0.017340397939901442,0.5682656826568265
9053,0.9454,1,2,1,603740,1870,105493,2463,0.017321871873726333,0.5684283406415878
9054,0.9455,2,2,2,603742,1868,105495,2461,0.017303345807551225,0.5684915684915685
9055,0.9456,1,2,1,603744,1866,105496,2460,0.017284819741376117,0.5686546463245492
9056,0.9457,0,5,0,603749,1861,105496,2460,0.017238504575938344,0.5693126591066883
9057,0.9458,4,2,4,603751,1859,105500,2456,0.017219978509763235,0.5691772885283893
9058,0.9459,7,11,7,603762,1848,105507,2449,0.01711808514580014,0.5699325110542238
9059,0.946,1,3,1,603765,1845,105508,2448,0.017090296046537477,0.570230607966457
9060,0.9461,2,6,2,603771,1839,105510,2446,0.01703471784801215,0.570828471411902
9061,0.9462,1,9,1,603780,1830,105511,2445,0.016951350550224165,0.5719298245614035
9062,0.9463,6,4,6,603784,1826,105517,2439,0.01691429841787395,0.5718640093786636
9063,0.9464,3,6,3,603790,1820,105520,2436,0.016858720219348623,0.5723684210526315
9064,0.9465,9,8,9,603798,1812,105529,2427,0.01678461595464819,0.5725406935598019
9065,0.9466,4,1,4,603799,1811,105533,2423,0.016775352921560637,0.5722720831365139
9066,0.9467,1,2,1,603801,1809,105534,2422,0.01675682685538553,0.5724415031907351
9067,0.9468,0,1,0,603802,1808,105534,2422,0.016747563822297973,0.5725768321513003
9068,0.9469,3,3,3,603805,1805,105537,2419,0.016719774723035312,0.5726799242424242
9069,0.947,2,7,2,603812,1798,105539,2417,0.01665493349142243,0.5734282325029656
9070,0.9471,0,4,0,603816,1794,105539,2417,0.016617881359072214,0.5739729280455949
9071,0.9472,0,3,0,603819,1791,105539,2417,0.016590092259809553,0.5743821292775665
9072,0.9473,0,1,0,603820,1790,105539,2417,0.016580829226721997,0.5745186593772285
9073,0.9474,27,12,27,603832,1778,105566,2390,0.016469672829671347,0.5734165067178503
9074,0.9475,0,1,0,603833,1777,105566,2390,0.016460409796583794,0.5735541156707463
9075,0.9477,6,6,6,603839,1771,105572,2384,0.01640483159805847,0.5737665463297232
9076,0.9478,2,4,2,603843,1767,105574,2382,0.016367779465708252,0.57411424439624
9077,0.9479,2,6,2,603849,1761,105576,2380,0.016312201267182927,0.5747404008693552
9078,0.948,0,1,0,603850,1760,105576,2380,0.01630293823409537,0.5748792270531401
9079,0.9481,5,4,5,603854,1756,105581,2375,0.016265886101745154,0.5749213265553135
9080,0.9482,3,1,3,603855,1755,105584,2372,0.0162566230686576,0.5747516355706325
9081,0.9483,1,3,1,603858,1752,105585,2371,0.016228833969394937,0.5750666990055785
9082,0.9484,5,6,5,603864,1746,105590,2366,0.016173255770869612,0.5753891050583657
9083,0.9485,37,29,37,603893,1717,105627,2329,0.015904627811330542,0.5756302521008403
9084,0.9486,6,1,6,603894,1716,105633,2323,0.01589536477824299,0.5751423619707848
9085,0.9487,1,0,1,603894,1716,105634,2322,0.01589536477824299,0.575037147102526
9086,0.9488,4,2,4,603896,1714,105638,2318,0.01587683871206788,0.5749007936507936
9087,0.9489,7,10,7,603906,1704,105645,2311,0.01578420838119234,0.5755915317559153
9088,0.949,1,1,1,603907,1703,105646,2310,0.015774945348104783,0.5756292050834787
9089,0.9491,2,3,2,603910,1700,105648,2308,0.015747156248842122,0.5758483033932136
9090,0.9492,23,22,23,603932,1678,105671,2285,0.015543369520915928,0.576583396416856
9091,0.9493,4,2,4,603934,1676,105675,2281,0.01552484345474082,0.5764468031336871
9092,0.9494,8,6,8,603940,1670,105683,2273,0.015469265256215494,0.5764646208470707
9093,0.9496,2,10,2,603950,1660,105685,2271,0.015376634925339954,0.5777155939964386
9094,0.9497,3,3,3,603953,1657,105688,2268,0.015348845826077291,0.5778343949044586
9095,0.9498,2,5,2,603958,1652,105690,2266,0.01530253066063952,0.5783563042368556
9096,0.9499,3,4,3,603962,1648,105693,2263,0.015265478528289304,0.57862439273843
9097,0.95,398,236,398,604198,1412,106091,1865,0.013079402719626515,0.5691180958193469
9098,0.9501,1,2,1,604200,1410,106092,1864,0.013060876653451407,0.5693341478313989
9099,0.9502,3,4,3,604204,1406,106095,1861,0.01302382452110119,0.5696357514539333
9100,0.9504,0,1,0,604205,1405,106095,1861,0.013014561488013636,0.5698101653398653
9101,0.9505,1,1,1,604206,1404,106096,1860,0.013005298454926081,0.5698529411764706
9102,0.9506,1,0,1,604206,1404,106097,1859,0.013005298454926081,0.5697211155378487
9103,0.9507,0,7,0,604213,1397,106097,1859,0.012940457223313202,0.5709459459459459
9104,0.9509,1,3,1,604216,1394,106098,1858,0.01291266812405054,0.5713407134071341
9105,0.951,1,4,1,604220,1390,106099,1857,0.012875615991700323,0.5719125346473668
9106,0.9511,0,1,0,604221,1389,106099,1857,0.012866352958612768,0.5720887245841035
9107,0.9512,1,3,1,604224,1386,106100,1856,0.012838563859350106,0.5724861196792104
9108,0.9513,1,0,1,604224,1386,106101,1855,0.012838563859350106,0.572354211663067
9109,0.9515,1,2,1,604226,1384,106102,1854,0.012820037793174997,0.5725756639901174
9110,0.9516,0,5,0,604231,1379,106102,1854,0.012773722627737226,0.5734611815651098
9111,0.9517,1,0,1,604231,1379,106103,1853,0.012773722627737226,0.5733292079207921
9112,0.9519,1,4,1,604235,1375,106104,1852,0.01273667049538701,0.5739076541679579
9113,0.9521,5,2,5,604237,1373,106109,1847,0.012718144429211901,0.5736024844720496
9114,0.9523,0,3,0,604240,1370,106109,1847,0.012690355329949238,0.5741373950885919
9115,0.9524,1,4,1,604244,1366,106110,1846,0.012653303197599022,0.574719800747198
9116,0.9525,0,1,0,604245,1365,106110,1846,0.012644040164511467,0.5748987854251012
9117,0.9526,2,1,2,604246,1364,106112,1844,0.012634777131423913,0.5748129675810474
9118,0.9528,1,2,1,604248,1362,106113,1843,0.012616251065248805,0.5750390015600624
9119,0.9529,1,1,1,604249,1361,106114,1842,0.01260698803216125,0.575085857009054
9120,0.953,1,1,1,604250,1360,106115,1841,0.012597724999073696,0.5751327710090597
9121,0.9531,4,3,4,604253,1357,106119,1837,0.012569935899811034,0.5751408891671885
9122,0.9532,2,5,2,604258,1352,106121,1835,0.012523620734373263,0.575776592406652
9123,0.9533,1,0,1,604258,1352,106122,1834,0.012523620734373263,0.5756434400502197
9124,0.9534,1,1,1,604259,1351,106123,1833,0.012514357701285709,0.5756909547738693
9125,0.9535,4,3,4,604262,1348,106127,1829,0.012486568602023046,0.5757003462385899
9126,0.9536,1,3,1,604265,1345,106128,1828,0.012458779502760383,0.5761109360226915
9127,0.9537,0,2,0,604267,1343,106128,1828,0.012440253436585275,0.576474298328603
9128,0.9538,1,0,1,604267,1343,106129,1827,0.012440253436585275,0.5763406940063092
9129,0.9539,5,1,5,604268,1342,106134,1822,0.01243099040349772,0.5758533501896334
9130,0.954,2,1,2,604269,1341,106136,1820,0.012421727370410167,0.5757671622904145
9131,0.9541,0,3,0,604272,1338,106136,1820,0.012393938271147504,0.5763141228625712
9132,0.9542,0,5,0,604277,1333,106136,1820,0.012347623105709733,0.5772280367903584
9133,0.9543,0,5,0,604282,1328,106136,1820,0.012301307940271962,0.5781448538754765
9134,0.9544,1,2,1,604284,1326,106137,1819,0.012282781874096853,0.5783783783783784
9135,0.9545,4,4,4,604288,1322,106141,1815,0.012245729741746637,0.578578259483583
9136,0.9546,2,2,2,604290,1320,106143,1813,0.01222720367557153,0.5786785828279605
9137,0.9547,3,1,3,604291,1319,106146,1810,0.012217940642483976,0.5784595717481623
9138,0.9548,4,6,4,604297,1313,106150,1806,0.01216236244395865,0.5790317409426098
9139,0.9549,1,3,1,604300,1310,106151,1805,0.012134573344695988,0.579454253611557
9140,0.955,1,5,1,604305,1305,106152,1804,0.012088258179258217,0.5802508845287874
9141,0.9551,0,1,0,604306,1304,106152,1804,0.012078995146170663,0.5804375804375804
9142,0.9552,2,1,2,604307,1303,106154,1802,0.012069732113083109,0.5803542673107891
9143,0.9553,1,0,1,604307,1303,106155,1801,0.012069732113083109,0.5802190721649485
9144,0.9554,3,7,3,604314,1296,106158,1798,0.012004890881470229,0.5811247575953459
9145,0.9555,2,3,2,604317,1293,106160,1796,0.011977101782207566,0.5814179346066688
9146,0.9556,6,6,6,604323,1287,106166,1790,0.011921523583682241,0.5817354566135846
9147,0.9557,0,2,0,604325,1285,106166,1790,0.011902997517507133,0.5821138211382114
9148,0.9558,4,3,4,604328,1282,106170,1786,0.01187520841824447,0.5821382007822686
9149,0.9559,6,5,6,604333,1277,106176,1780,0.0118288932528067,0.5822701995420346
9150,0.956,0,3,0,604336,1274,106176,1780,0.011801104153544037,0.5828421741977734
9151,0.9561,1,0,1,604336,1274,106177,1779,0.011801104153544037,0.5827055355388143
9152,0.9562,3,3,3,604339,1271,106180,1776,0.011773315054281374,0.5828683951427633
9153,0.9563,1,2,1,604341,1269,106181,1775,0.011754788988106266,0.5831143232588699
9154,0.9564,0,5,0,604346,1264,106181,1775,0.011708473822668495,0.5840737084567292
9155,0.9565,4,4,4,604350,1260,106185,1771,0.011671421690318278,0.5842956120092379
9156,0.9566,1,8,1,604358,1252,106186,1770,0.011597317425617844,0.585704831237591
9157,0.9567,0,3,0,604361,1249,106186,1770,0.011569528326355182,0.5862868499503147
9158,0.9568,5,8,5,604369,1241,106191,1765,0.011495424061654748,0.5871590153027278
9159,0.9569,0,6,0,604375,1235,106191,1765,0.011439845863129423,0.5883333333333334
9160,0.957,5,4,5,604379,1231,106196,1760,0.011402793730779206,0.5884319625543296
9161,0.9571,2,0,2,604379,1231,106198,1758,0.011402793730779206,0.5881565741050518
9162,0.9572,3,5,3,604384,1226,106201,1755,0.011356478565341435,0.5887286145588728
9163,0.9573,2,3,2,604387,1223,106203,1753,0.011328689466078772,0.5890456989247311
9164,0.9574,14,13,14,604400,1210,106217,1739,0.011208270035940568,0.5896914208206172
9165,0.9575,1,3,1,604403,1207,106218,1738,0.011180480936677905,0.5901528013582343
9166,0.9577,6,8,6,604411,1199,106224,1732,0.011106376671977473,0.5909245991129307
9167,0.9578,2,0,2,604411,1199,106226,1730,0.011106376671977473,0.590645271423694
9168,0.9579,3,1,3,604412,1198,106229,1727,0.011097113638889919,0.5904273504273504
9169,0.958,3,6,3,604418,1192,106232,1724,0.011041535440364594,0.5912208504801097
9170,0.9581,2,2,2,604420,1190,106234,1722,0.011023009374189485,0.5913461538461539
9171,0.9582,2,1,2,604421,1189,106236,1720,0.011013746341101931,0.5912684771399106
9172,0.9583,0,2,0,604423,1187,106236,1720,0.010995220274926823,0.5916752665978672
9173,0.9584,0,5,0,604428,1182,106236,1720,0.010948905109489052,0.5926946933149552
9174,0.9585,42,41,42,604469,1141,106278,1678,0.01056912075289933,0.5952465413267116
9175,0.9586,1,2,1,604471,1139,106279,1677,0.01055059468672422,0.5955255681818182
9176,0.9587,1,7,1,604478,1132,106280,1676,0.010485753455111341,0.5968660968660968
9177,0.9588,2,1,2,604479,1131,106282,1674,0.010476490422023787,0.5967914438502674
9178,0.9589,8,4,8,604483,1127,106290,1666,0.01043943828967357,0.5964912280701754
9179,0.959,5,2,5,604485,1125,106295,1661,0.010420912223498462,0.5961952620244078
9180,0.9591,1,3,1,604488,1122,106296,1660,0.0103931231242358,0.5966930265995687
9181,0.9592,12,16,12,604504,1106,106308,1648,0.010244914594834932,0.59840232389252
9182,0.9593,1,2,1,604506,1104,106309,1647,0.010226388528659824,0.5986913849509269
9183,0.9594,11,11,11,604517,1093,106320,1636,0.010124495164696727,0.5994869915720044
9184,0.9595,3,3,3,604520,1090,106323,1633,0.010096706065434067,0.599706206390011
9185,0.9596,1,2,1,604522,1088,106324,1632,0.010078179999258958,0.6
9186,0.9597,2,2,2,604524,1086,106326,1630,0.01005965393308385,0.6001472754050073
9187,0.9598,2,4,2,604528,1082,106328,1628,0.010022601800733633,0.6007380073800738
9188,0.9599,2,0,2,604528,1082,106330,1626,0.010022601800733633,0.6004431314623339
9189,0.96,312,169,312,604697,913,106642,1314,0.008457149208936974,0.5900314324202963
9190,0.9601,1,0,1,604697,913,106643,1313,0.008457149208936974,0.5898472596585804
9191,0.9602,1,2,1,604699,911,106644,1312,0.008438623142761866,0.5901934322986955
9192,0.9603,1,4,1,604703,907,106645,1311,0.008401571010411649,0.59107303877367
9193,0.9604,0,1,0,604704,906,106645,1311,0.008392307977324095,0.591339648173207
9194,0.9605,1,1,1,604705,905,106646,1310,0.00838304494423654,0.5914221218961625
9195,0.9607,0,1,0,604706,904,106646,1310,0.008373781911148986,0.5916892502258356
9196,0.9608,2,4,2,604710,900,106648,1308,0.00833672977879877,0.592391304347826
9197,0.9609,3,3,3,604713,897,106651,1305,0.008308940679536107,0.5926430517711172
9198,0.961,1,1,1,604714,896,106652,1304,0.008299677646448553,0.5927272727272728
9199,0.9611,2,5,2,604719,891,106654,1302,0.008253362481010782,0.5937072503419972
9200,0.9612,2,1,2,604720,890,106656,1300,0.008244099447923228,0.593607305936073
9201,0.9613,1,3,1,604723,887,106657,1299,0.008216310348660565,0.5942360475754803
9202,0.9614,1,2,1,604725,885,106658,1298,0.008197784282485457,0.5945945945945946
9203,0.9615,2,2,2,604727,883,106660,1296,0.008179258216310348,0.5947682423129876
9204,0.9616,1,0,1,604727,883,106661,1295,0.008179258216310348,0.5945821854912764
9205,0.9618,1,0,1,604727,883,106662,1294,0.008179258216310348,0.5943959577400092
9206,0.9619,1,1,1,604728,882,106663,1293,0.008169995183222794,0.5944827586206897
9207,0.962,1,4,1,604732,878,106664,1292,0.008132943050872577,0.5953917050691244
9208,0.9621,0,1,0,604733,877,106664,1292,0.008123680017785023,0.5956662056247118
9209,0.9622,2,3,2,604736,874,106666,1290,0.00809589091852236,0.5961182994454713
9210,0.9624,0,3,0,604739,871,106666,1290,0.008068101819259698,0.5969458583988894
9211,0.9625,0,1,0,604740,870,106666,1290,0.008058838786172143,0.5972222222222222
9212,0.9626,3,1,3,604741,869,106669,1287,0.00804957575308459,0.5969387755102041
9213,0.9627,0,2,0,604743,867,106669,1287,0.00803104968690948,0.5974930362116991
9214,0.9629,1,2,1,604745,865,106670,1286,0.008012523620734372,0.597861459786146
9215,0.963,1,2,1,604747,863,106671,1285,0.007993997554559264,0.5982309124767226
9216,0.9631,1,2,1,604749,861,106672,1284,0.007975471488384157,0.5986013986013986
9217,0.9632,0,1,0,604750,860,106672,1284,0.007966208455296603,0.5988805970149254
9218,0.9635,0,1,0,604751,859,106672,1284,0.007956945422209049,0.5991600559962669
9219,0.9636,1,0,1,604751,859,106673,1283,0.007956945422209049,0.5989729225023342
9220,0.9637,2,1,2,604752,858,106675,1281,0.007947682389121495,0.5988779803646563
9221,0.9638,0,5,0,604757,853,106675,1281,0.007901367223683724,0.6002811621368322
9222,0.9639,5,3,5,604760,850,106680,1276,0.007873578124421061,0.6001881467544685
9223,0.964,1,0,1,604760,850,106681,1275,0.007873578124421061,0.6
9224,0.9641,2,4,2,604764,846,106683,1273,0.007836525992070844,0.6007550731477111
9225,0.9642,1,2,1,604766,844,106684,1272,0.007817999925895736,0.6011342155009451
9226,0.9643,3,2,3,604768,842,106687,1269,0.007799473859720627,0.6011369019422075
9227,0.9644,2,4,2,604772,838,106689,1267,0.00776242172737041,0.6019002375296912
9228,0.9646,2,1,2,604773,837,106691,1265,0.007753158694282856,0.6018078020932446
9229,0.9647,2,0,2,604773,837,106693,1263,0.007753158694282856,0.6014285714285714
9230,0.9649,3,4,3,604777,833,106696,1260,0.007716106561932639,0.6020066889632107
9231,0.965,2,5,2,604782,828,106698,1258,0.007669791396494869,0.6030680728667306
9232,0.9651,1,2,1,604784,826,106699,1257,0.00765126533031976,0.6034565530484878
9233,0.9652,0,3,0,604787,823,106699,1257,0.007623476231057098,0.604326923076923
9234,0.9653,2,2,2,604789,821,106701,1255,0.007604950164881989,0.6045279383429673
9235,0.9654,0,3,0,604792,818,106701,1255,0.007577161065619327,0.6054027978774723
9236,0.9655,1,2,1,604794,816,106702,1254,0.007558634999444218,0.6057971014492753
9237,0.9656,1,2,1,604796,814,106703,1253,0.00754010893326911,0.606192549588776
9238,0.9657,4,2,4,604798,812,106707,1249,0.007521582867094001,0.6060164968461912
9239,0.9658,3,3,3,604801,809,106710,1246,0.007493793767831339,0.6063260340632604
9240,0.9659,3,5,3,604806,804,106713,1243,0.007447478602393568,0.6072300928187592
9241,0.966,1,2,1,604808,802,106714,1242,0.007428952536218459,0.6076320939334638
9242,0.9661,1,0,1,604808,802,106715,1241,0.007428952536218459,0.6074400391581009
9243,0.9662,0,1,0,604809,801,106715,1241,0.007419689503130905,0.6077375122428991
9244,0.9663,2,2,2,604811,799,106717,1239,0.007401163436955797,0.6079489695780177
9245,0.9664,1,0,1,604811,799,106718,1238,0.007401163436955797,0.6077565046637211
9246,0.9665,6,9,6,604820,790,106724,1232,0.007317796139167809,0.609297725024728
9247,0.9666,1,1,1,604821,789,106725,1231,0.007308533106080255,0.6094059405940594
9248,0.9667,3,2,3,604823,787,106728,1228,0.007290007039905146,0.6094292803970224
9249,0.9668,2,2,2,604825,785,106730,1226,0.007271480973730038,0.60964694181999
9250,0.9669,3,2,3,604827,783,106733,1223,0.0072529549075549295,0.6096709870388833
9251,0.967,3,6,3,604833,777,106736,1220,0.007197376709029604,0.6109163745618428
9252,0.9671,4,6,4,604839,771,106740,1216,0.00714179851050428,0.6119778560644187
9253,0.9672,2,4,2,604843,767,106742,1214,0.007104746378154063,0.6128218071680969
9254,0.9673,2,1,2,604844,766,106744,1212,0.007095483345066509,0.6127401415571284
9255,0.9674,5,8,5,604852,758,106749,1207,0.007021379080366075,0.6142493638676845
9256,0.9675,2,5,2,604857,753,106751,1205,0.006975063914928304,0.6154239019407559
9257,0.9676,1,1,1,604858,752,106752,1204,0.00696580088184075,0.6155419222903885
9258,0.9677,3,3,3,604861,749,106755,1201,0.006938011782578087,0.615897435897436
9259,0.9678,1,1,1,604862,748,106756,1200,0.006928748749490533,0.6160164271047228
9260,0.9679,5,4,5,604866,744,106761,1195,0.006891696617140316,0.6162970603403817
9261,0.968,1,0,1,604866,744,106762,1194,0.006891696617140316,0.6160990712074303
9262,0.9681,0,1,0,604867,743,106762,1194,0.006882433584052762,0.6164171399070728
9263,0.9682,0,3,0,604870,740,106762,1194,0.0068546444847901,0.6173733195449845
9264,0.9683,2,2,2,604872,738,106764,1192,0.006836118418614991,0.6176165803108808
9265,0.9684,5,4,5,604876,734,106769,1187,0.006799066286264774,0.6179073399271213
9266,0.9685,26,23,26,604899,711,106795,1161,0.0065860165252510285,0.6201923076923077
9267,0.9686,1,2,1,604901,709,106796,1160,0.00656749045907592,0.6206527554842162
9268,0.9688,0,2,0,604903,707,106796,1160,0.006548964392900812,0.6213176218532405
9269,0.9689,3,1,3,604904,706,106799,1157,0.0065397013598132575,0.6210413311862587
9270,0.969,0,1,0,604905,705,106799,1157,0.006530438326725703,0.621374865735768
9271,0.9691,0,2,0,604907,703,106799,1157,0.006511912260550595,0.6220430107526882
9272,0.9692,13,7,13,604914,696,106812,1144,0.0064470710289377155,0.6217391304347826
9273,0.9693,2,0,2,604914,696,106814,1142,0.0064470710289377155,0.6213275299238302
9274,0.9694,4,5,4,604919,691,106818,1138,0.0064007558634999445,0.6221979223619464
9275,0.9695,4,6,4,604925,685,106822,1134,0.006345177664974619,0.6234194612424409
9276,0.9696,1,0,1,604925,685,106823,1133,0.006345177664974619,0.6232123212321232
9277,0.9697,2,0,2,604925,685,106825,1131,0.006345177664974619,0.6227973568281938
9278,0.97,281,165,281,605090,520,107106,850,0.004816777205528178,0.6204379562043796
9279,0.9701,1,2,1,605092,518,107107,849,0.00479825113935307,0.6210680321872714
9280,0.9703,1,6,1,605098,512,107108,848,0.0047426729408277446,0.6235294117647059
9281,0.9704,1,2,1,605100,510,107109,847,0.004724146874652636,0.6241709653647752
9282,0.9705,2,1,2,605101,509,107111,845,0.004714883841565082,0.6240768094534712
9283,0.9706,3,2,3,605103,507,107114,842,0.0046963577753899735,0.6241660489251297
9284,0.9707,1,0,1,605103,507,107115,841,0.0046963577753899735,0.6238872403560831
9285,0.971,0,1,0,605104,506,107115,841,0.004687094742302419,0.6243504083147736
9286,0.9711,3,1,3,605105,505,107118,838,0.004677831709214865,0.62397617274758
9287,0.9712,1,2,1,605107,503,107119,837,0.004659305643039757,0.6246268656716418
9288,0.9713,0,2,0,605109,501,107119,837,0.004640779576864648,0.625560538116592
9289,0.9714,2,1,2,605110,500,107121,835,0.004631516543777094,0.6254681647940075
9290,0.9715,0,4,0,605114,496,107121,835,0.004594464411426877,0.6273478587528174
9291,0.9716,1,0,1,605114,496,107122,834,0.004594464411426877,0.6270676691729323
9292,0.9717,0,3,0,605117,493,107122,834,0.004566675312164215,0.6284853051996986
9293,0.9718,3,3,3,605120,490,107125,831,0.004538886212901552,0.6290688872066617
9294,0.9719,0,1,0,605121,489,107125,831,0.004529623179813998,0.6295454545454545
9295,0.9722,3,3,3,605124,486,107128,828,0.004501834080551336,0.6301369863013698
9296,0.9723,2,1,2,605125,485,107130,826,0.004492571047463782,0.6300533943554538
9297,0.9724,1,4,1,605129,481,107131,825,0.004455518915113565,0.6316998468606432
9298,0.9725,0,1,0,605130,480,107131,825,0.004446255882026011,0.632183908045977
9299,0.9726,2,0,2,605130,480,107133,823,0.004446255882026011,0.6316193399846508
9300,0.9727,0,1,0,605131,479,107133,823,0.004436992848938457,0.6321044546850998
9301,0.9728,3,2,3,605133,477,107136,820,0.004418466782763348,0.6322282189668466
9302,0.9729,1,0,1,605133,477,107137,819,0.004418466782763348,0.6319444444444444
9303,0.9731,1,5,1,605138,472,107138,818,0.004372151617325577,0.6341085271317829
9304,0.9732,0,1,0,605139,471,107138,818,0.004362888584238023,0.634600465477114
9305,0.9733,2,1,2,605140,470,107140,816,0.004353625551150469,0.6345256609642301
9306,0.9734,0,2,0,605142,468,107140,816,0.0043350994849753605,0.6355140186915887
9307,0.9735,0,1,0,605143,467,107140,816,0.004325836451887806,0.6360093530787218
9308,0.9736,0,2,0,605145,465,107140,816,0.004307310385712698,0.6370023419203747
9309,0.9737,1,2,1,605147,463,107141,815,0.0042887843195375894,0.6377151799687011
9310,0.9738,0,6,0,605153,457,107141,815,0.004233206121012264,0.6407232704402516
9311,0.9739,3,0,3,605153,457,107144,812,0.004233206121012264,0.6398739164696612
9312,0.9742,1,0,1,605153,457,107145,811,0.004233206121012264,0.639589905362776
9313,0.9743,0,2,0,605155,455,107145,811,0.004214680054837156,0.6406003159557662
9314,0.9744,1,1,1,605156,454,107146,810,0.004205417021749602,0.6408227848101266
9315,0.9745,1,1,1,605157,453,107147,809,0.004196153988662047,0.6410459587955626
9316,0.9746,0,3,0,605160,450,107147,809,0.004168364889399385,0.6425734710087371
9317,0.9747,1,2,1,605162,448,107148,808,0.004149838823224276,0.643312101910828
9318,0.9748,1,2,1,605164,446,107149,807,0.004131312757049168,0.6440542697525937
9319,0.9749,1,0,1,605164,446,107150,806,0.004131312757049168,0.6437699680511182
9320,0.975,1,0,1,605164,446,107151,805,0.004131312757049168,0.6434852118305355
9321,0.9751,2,0,2,605164,446,107153,803,0.004131312757049168,0.6429143314651722
9322,0.9752,3,1,3,605165,445,107156,800,0.004122049723961614,0.642570281124498
9323,0.9753,0,1,0,605166,444,107156,800,0.00411278669087406,0.6430868167202572
9324,0.9754,1,1,1,605167,443,107157,799,0.004103523657786505,0.643317230273752
9325,0.9755,1,0,1,605167,443,107158,798,0.004103523657786505,0.6430298146655923
9326,0.9756,1,1,1,605168,442,107159,797,0.004094260624698951,0.6432606941081518
9327,0.9757,2,3,2,605171,439,107161,795,0.0040664715254362886,0.6442463533225283
9328,0.9758,4,3,4,605174,436,107165,791,0.004038682426173626,0.6446617766911166
9329,0.9759,0,1,0,605175,435,107165,791,0.004029419393086072,0.6451876019575856
9330,0.9761,0,1,0,605176,434,107165,791,0.0040201563599985175,0.6457142857142857
9331,0.9762,1,1,1,605177,433,107166,790,0.004010893326910963,0.6459525756336877
9332,0.9763,0,1,0,605178,432,107166,790,0.004001630293823409,0.646481178396072
9333,0.9764,0,2,0,605180,430,107166,790,0.003983104227648302,0.6475409836065574
9334,0.9765,1,3,1,605183,427,107167,789,0.003955315128385639,0.6488486842105263
9335,0.9769,1,1,1,605184,426,107168,788,0.003946052095298085,0.6490939044481054
9336,0.977,3,2,3,605186,424,107171,785,0.003927526029122976,0.6492969396195203
9337,0.9771,0,2,0,605188,422,107171,785,0.003908999962947868,0.6503728251864126
9338,0.9772,1,0,1,605188,422,107172,784,0.003908999962947868,0.6500829187396352
9339,0.9773,0,2,0,605190,420,107172,784,0.003890473896772759,0.6511627906976745
9340,0.9774,9,3,9,605193,417,107181,775,0.0038626847975100965,0.6501677852348994
9341,0.9775,0,1,0,605194,416,107181,775,0.0038534217644225427,0.6507136859781696
9342,0.9776,1,1,1,605195,415,107182,774,0.0038441587313349885,0.6509671993271657
9343,0.9777,1,4,1,605199,411,107183,773,0.0038071065989847717,0.6528716216216216
9344,0.9779,3,1,3,605200,410,107186,770,0.0037978435658972175,0.652542372881356
9345,0.9781,1,1,1,605201,409,107187,769,0.0037885805328096633,0.6528013582342954
9346,0.9783,1,1,1,605202,408,107188,768,0.003779317499722109,0.6530612244897959
9347,0.9784,1,0,1,605202,408,107189,767,0.003779317499722109,0.6527659574468085
9348,0.9785,21,23,21,605225,385,107210,746,0.003566267738708363,0.6595932802829354
9349,0.9786,2,2,2,605227,383,107212,744,0.0035477416725332544,0.6601597160603372
9350,0.9788,0,3,0,605230,380,107212,744,0.003519952573270592,0.6619217081850534
9351,0.9789,4,2,4,605232,378,107216,740,0.0035014265070954834,0.6618962432915921
9352,0.9791,1,1,1,605233,377,107217,739,0.003492163474007929,0.6621863799283154
9353,0.9792,4,6,4,605239,371,107221,735,0.003436585275482604,0.6645569620253164
9354,0.9793,0,1,0,605240,370,107221,735,0.00342732224239505,0.665158371040724
9355,0.9794,2,1,2,605241,369,107223,733,0.0034180592093074956,0.6651542649727767
9356,0.9796,4,1,4,605242,368,107227,729,0.0034087961762199414,0.6645396536007293
9357,0.9797,1,3,1,605245,365,107228,728,0.0033810070769572788,0.6660567246111619
9358,0.98,246,108,246,605353,257,107474,482,0.0023805995035014265,0.652232746955345
9359,0.9801,1,1,1,605354,256,107475,481,0.0023713364704138723,0.6526458616010855
9360,0.9804,0,1,0,605355,255,107475,481,0.002362073437326318,0.6535326086956522
9361,0.9808,1,2,1,605357,253,107476,480,0.0023435473711512097,0.654843110504775
9362,0.9809,2,2,2,605359,251,107478,478,0.0023250213049761013,0.6556927297668038
9363,0.9811,1,0,1,605359,251,107479,477,0.0023250213049761013,0.6552197802197802
9364,0.9812,3,0,3,605359,251,107482,474,0.0023250213049761013,0.6537931034482759
9365,0.9813,1,0,1,605359,251,107483,473,0.0023250213049761013,0.6533149171270718
9366,0.9816,1,0,1,605359,251,107484,472,0.0023250213049761013,0.65283540802213
9367,0.9817,0,1,0,605360,250,107484,472,0.002315758271888547,0.6537396121883656
9368,0.9819,2,2,2,605362,248,107486,470,0.0022972322057134387,0.6545961002785515
9369,0.982,0,1,0,605363,247,107486,470,0.0022879691726258844,0.6555090655509066
9370,0.9821,0,1,0,605364,246,107486,470,0.0022787061395383302,0.6564245810055865
9371,0.9824,1,3,1,605367,243,107487,469,0.002250917040275668,0.6587078651685393
9372,0.9826,1,0,1,605367,243,107488,468,0.002250917040275668,0.6582278481012658
9373,0.9829,1,0,1,605367,243,107489,467,0.002250917040275668,0.6577464788732394
9374,0.983,3,0,3,605367,243,107492,464,0.002250917040275668,0.6562942008486563
9375,0.9831,0,2,0,605369,241,107492,464,0.0022323909741005597,0.6581560283687943
9376,0.9834,1,0,1,605369,241,107493,463,0.0022323909741005597,0.6576704545454546
9377,0.9835,1,3,1,605372,238,107494,462,0.002204601874837897,0.66
9378,0.9836,1,2,1,605374,236,107495,461,0.0021860758086627886,0.6614060258249641
9379,0.9837,1,2,1,605376,234,107496,460,0.0021675497424876802,0.6628242074927954
9380,0.9838,2,3,2,605379,231,107498,458,0.0021397606432250176,0.6647314949201741
9381,0.984,0,2,0,605381,229,107498,458,0.002121234577049909,0.6666666666666666
9382,0.9842,1,1,1,605382,228,107499,457,0.002111971543962355,0.6671532846715329
9383,0.9843,1,2,1,605384,226,107500,456,0.0020934454777872466,0.6686217008797654
9384,0.9845,0,2,0,605386,224,107500,456,0.002074919411612138,0.6705882352941176
9385,0.9846,1,1,1,605387,223,107501,455,0.002065656378524584,0.6710914454277286
9386,0.9847,1,2,1,605389,221,107502,454,0.0020471303123494756,0.6725925925925926
9387,0.9848,1,0,1,605389,221,107503,453,0.0020471303123494756,0.672106824925816
9388,0.985,1,1,1,605390,220,107504,452,0.0020378672792619214,0.6726190476190477
9389,0.9853,0,3,0,605393,217,107504,452,0.0020100781799992588,0.6756352765321375
9390,0.9855,0,1,0,605394,216,107504,452,0.0020008151469117046,0.6766467065868264
9391,0.9858,2,2,2,605396,214,107506,450,0.0019822890807365966,0.677710843373494
9392,0.986,1,1,1,605397,213,107507,449,0.0019730260476490424,0.6782477341389728
9393,0.9862,0,3,0,605400,210,107507,449,0.0019452369483863796,0.6813353566009105
9394,0.9863,0,1,0,605401,209,107507,449,0.0019359739152988254,0.682370820668693
9395,0.9864,1,4,1,605405,205,107508,448,0.0018989217829486088,0.6860643185298622
9396,0.9865,3,3,3,605408,202,107511,445,0.0018711326836859461,0.6877897990726429
9397,0.9867,1,1,1,605409,201,107512,444,0.001861869650598392,0.6883720930232559
9398,0.9868,0,6,0,605415,195,107512,444,0.0018062914520730667,0.6948356807511737
9399,0.9871,0,1,0,605416,194,107512,444,0.0017970284189855125,0.6959247648902821
9400,0.9872,1,0,1,605416,194,107513,443,0.0017970284189855125,0.695447409733124
9401,0.9873,1,1,1,605417,193,107514,442,0.0017877653858979585,0.6960629921259842
9402,0.9874,10,3,10,605420,190,107524,432,0.001759976286635296,0.6945337620578779
9403,0.9875,0,1,0,605421,189,107524,432,0.0017507132535477417,0.6956521739130435
9404,0.9876,0,3,0,605424,186,107524,432,0.001722924154285079,0.6990291262135923
9405,0.9879,1,1,1,605425,185,107525,431,0.001713661121197525,0.6996753246753247
9406,0.988,0,1,0,605426,184,107525,431,0.0017043980881099707,0.7008130081300813
9407,0.9881,2,5,2,605431,179,107527,429,0.0016580829226721999,0.7055921052631579
9408,0.9884,1,1,1,605432,178,107528,428,0.0016488198895846457,0.7062706270627063
9409,0.9885,12,13,12,605445,165,107540,416,0.0015284004594464412,0.7160068846815835
9410,0.9888,2,0,2,605445,165,107542,414,0.0015284004594464412,0.7150259067357513
9411,0.9891,0,1,0,605446,164,107542,414,0.001519137426358887,0.7162629757785467
9412,0.9892,6,5,6,605451,159,107548,408,0.001472822260921116,0.7195767195767195
9413,0.9893,1,1,1,605452,158,107549,407,0.0014635592278335618,0.720353982300885
9414,0.9894,2,3,2,605455,155,107551,405,0.0014357701285708992,0.7232142857142857
9415,0.9896,0,1,0,605456,154,107551,405,0.001426507095483345,0.7245080500894454
9416,0.9897,3,0,3,605456,154,107554,402,0.001426507095483345,0.7230215827338129
9417,0.9899,1,0,1,605456,154,107555,401,0.001426507095483345,0.7225225225225225
9418,0.99,210,77,210,605533,77,107765,191,0.0007132535477416725,0.7126865671641791
9419,0.9905,0,1,0,605534,76,107765,191,0.0007039905146541183,0.7153558052434457
9420,0.9906,0,1,0,605535,75,107765,191,0.0006947274815665642,0.7180451127819549
9421,0.9907,0,2,0,605537,73,107765,191,0.0006762014153914558,0.7234848484848485
9422,0.991,4,2,4,605539,71,107769,187,0.0006576753492163474,0.7248062015503876
9423,0.9914,0,1,0,605540,70,107769,187,0.0006484123161287932,0.7276264591439688
9424,0.9915,1,0,1,605540,70,107770,186,0.0006484123161287932,0.7265625
9425,0.9917,1,0,1,605540,70,107771,185,0.0006484123161287932,0.7254901960784313
9426,0.9918,1,1,1,605541,69,107772,184,0.000639149283041239,0.7272727272727273
9427,0.992,0,1,0,605542,68,107772,184,0.0006298862499536849,0.7301587301587301
9428,0.9923,3,5,3,605547,63,107775,181,0.0005835710845159139,0.7418032786885246
9429,0.9924,0,1,0,605548,62,107775,181,0.0005743080514283597,0.7448559670781894
9430,0.9926,1,0,1,605548,62,107776,180,0.0005743080514283597,0.743801652892562
9431,0.9929,1,0,1,605548,62,107777,179,0.0005743080514283597,0.7427385892116183
9432,0.9932,2,0,2,605548,62,107779,177,0.0005743080514283597,0.7405857740585774
9433,0.9933,0,3,0,605551,59,107779,177,0.0005465189521656972,0.75
9434,0.9936,0,3,0,605554,56,107779,177,0.0005187298529030345,0.759656652360515
9435,0.9939,0,1,0,605555,55,107779,177,0.0005094668198154803,0.7629310344827587
9436,0.9942,0,1,0,605556,54,107779,177,0.0005002037867279261,0.7662337662337663
9437,0.9944,1,0,1,605556,54,107780,176,0.0005002037867279261,0.7652173913043478
9438,0.995,1,0,1,605556,54,107781,175,0.0005002037867279261,0.7641921397379913
9439,0.9951,1,1,1,605557,53,107782,174,0.000490940753640372,0.7665198237885462
9440,0.9956,0,1,0,605558,52,107782,174,0.00048167772055281784,0.7699115044247787
9441,0.996,0,1,0,605559,51,107782,174,0.00047241468746526364,0.7733333333333333
9442,0.9965,0,2,0,605561,49,107782,174,0.00045388862129015523,0.7802690582959642
9443,0.9966,1,1,1,605562,48,107783,173,0.0004446255882026011,0.7828054298642534
9444,0.9974,9,2,9,605564,46,107792,164,0.00042609952202749267,0.780952380952381
9445,0.9979,1,0,1,605564,46,107793,163,0.00042609952202749267,0.7799043062200957
9446,0.9983,0,2,0,605566,44,107793,163,0.0004075734558523843,0.7874396135265701
9447,0.9985,9,2,9,605568,42,107802,154,0.0003890473896772759,0.7857142857142857
9448,0.9992,5,1,5,605569,41,107807,149,0.00037978435658972176,0.7842105263157895
9449,0.9994,3,0,3,605569,41,107810,146,0.00037978435658972176,0.7807486631016043
9450,0.9997,0,1,0,605570,40,107810,146,0.00037052132350216756,0.7849462365591398
9451,1.0,146,40,146,605610,0,107956,0,0.0,
