,y_proba,y_test,Neg,Pos,TN,FP,FN,TP,FP/P,Prec
0,0.0,150,3616,150,3616,601994,150,107806,5.576290340509097,0.1518822203437588
1,0.0018,0,2,0,3618,601992,150,107806,5.576271814442921,0.15188264830275655
2,0.0019,0,2,0,3620,601990,150,107806,5.576253288376746,0.15188307626416606
3,0.002,0,8,0,3628,601982,150,107806,5.576179184112045,0.15188478813392167
4,0.0025,0,16,0,3644,601966,150,107806,5.576030975582645,0.15188821198920216
5,0.0026,0,15,0,3659,601951,150,107806,5.575892030086331,0.1518914219937246
6,0.0029,0,6,0,3665,601945,150,107806,5.575836451887806,0.15189270603352442
7,0.003,0,3,0,3668,601942,150,107806,5.5758086627885435,0.15189334806156551
8,0.0032,1,4,1,3672,601938,151,107805,5.575771610656194,0.15189300915965356
9,0.0034,0,9,0,3681,601929,151,107805,5.575688243358405,0.15189493528561404
10,0.0038,0,6,0,3687,601923,151,107805,5.57563266515988,0.15189621939672662
11,0.004,1,12,1,3699,601911,152,107804,5.575521508762829,0.15189759269565953
12,0.0041,1,16,1,3715,601895,153,107803,5.575373300233428,0.15189982217788411
13,0.0044,2,53,2,3768,601842,155,107801,5.574882359479788,0.15190877666657743
14,0.0046,1,9,1,3777,601833,156,107800,5.574798992182,0.15190950815421492
15,0.0048,1,37,1,3814,601796,157,107799,5.574456259957761,0.15191623390807432
16,0.0049,0,3,0,3817,601793,157,107799,5.574428470858498,0.15191687617673255
17,0.005,1,37,1,3854,601756,158,107798,5.574085738634259,0.1519236027138174
18,0.0051,0,9,0,3863,601747,158,107798,5.57400237133647,0.1519255297408903
19,0.0052,0,3,0,3866,601744,158,107798,5.5739745822372075,0.1519261720941114
20,0.0053,2,43,2,3909,601701,160,107796,5.573576271814443,0.15193298914583148
21,0.0055,0,40,0,3949,601661,160,107796,5.573205750490941,0.1519415553021536
22,0.0056,1,10,1,3959,601651,161,107795,5.573113120160065,0.15194250161393538
23,0.0058,2,98,2,4057,601553,163,107793,5.572205342917485,0.151961102198363
24,0.0059,0,6,0,4063,601547,163,107793,5.57214976471896,0.15196238757154537
25,0.006,1,13,1,4076,601534,164,107792,5.572029345288821,0.15196397707119152
26,0.0061,1,5,1,4081,601529,165,107791,5.571983030123383,0.1519638527039982
27,0.0062,0,19,0,4100,601510,165,107791,5.57180703249472,0.15196792334988954
28,0.0063,2,42,2,4142,601468,167,107789,5.571417985105043,0.15197453109380663
29,0.0065,3,100,3,4242,601368,170,107786,5.5704916817962875,0.15199237401185073
30,0.0066,4,1,4,4243,601367,174,107782,5.570482418763199,0.1519878051016077
31,0.0067,1,30,1,4273,601337,175,107781,5.570204527770573,0.1519930392402957
32,0.0068,0,27,0,4300,601310,175,107781,5.569954425877209,0.1519988266668171
33,0.0069,0,16,0,4316,601294,175,107781,5.569806217347808,0.15200225646088214
34,0.007,0,8,0,4324,601286,175,107781,5.569732113083108,0.15200397141595928
35,0.0071,0,38,0,4362,601248,175,107781,5.569380117825781,0.1520121179810699
36,0.0072,0,1,0,4363,601247,175,107781,5.569370854792694,0.15201233237615439
37,0.0074,6,105,6,4468,601142,181,107775,5.5683982363185,0.1520276703760807
38,0.0075,1,13,1,4481,601129,182,107774,5.5682778168883615,0.15202926211343443
39,0.0076,0,8,0,4489,601121,182,107774,5.568203712623662,0.15203097778937644
40,0.0077,2,57,2,4546,601064,184,107772,5.567675719737671,0.152040810568312
41,0.0078,0,5,0,4551,601059,184,107772,5.567629404572233,0.15204188304405422
42,0.0079,9,71,9,4622,600988,193,107763,5.566971729223017,0.1520463463190881
43,0.0081,3,37,3,4659,600951,196,107760,5.5666289969987774,0.15205069485305012
44,0.0082,3,40,3,4699,600911,199,107757,5.5662584756752755,0.15205568757161322
45,0.0083,1,6,1,4705,600905,200,107756,5.5662028974767495,0.1520557784328473
46,0.0084,4,17,4,4722,600888,204,107752,5.566045425914261,0.15205463987356063
47,0.0085,6,192,6,4914,600696,210,107746,5.564266923561451,0.15208866780907965
48,0.0087,1,26,1,4940,600670,211,107745,5.564026084701174,0.15209305280097118
49,0.0088,1,44,1,4984,600626,212,107744,5.5636185112453225,0.15210130299137456
50,0.0089,2,47,2,5031,600579,214,107742,5.563183148690207,0.15210900142731898
51,0.009,1,27,1,5058,600552,215,107741,5.562933046796843,0.15211360270396573
52,0.0091,0,12,0,5070,600540,215,107741,5.562821890399793,0.15211617987776038
53,0.0092,4,71,4,5141,600469,219,107737,5.562164215050577,0.1521266411185446
54,0.0093,1,15,1,5156,600454,220,107736,5.562025269554263,0.1521286660359508
55,0.0094,4,64,4,5220,600390,224,107732,5.561432435436659,0.15213762600229905
56,0.0095,0,4,0,5224,600386,224,107732,5.561395383304309,0.15213848539367733
57,0.0096,0,30,0,5254,600356,224,107732,5.561117492311682,0.15214493113850255
58,0.0097,3,65,3,5319,600291,227,107729,5.560515395160992,0.15215530634727834
59,0.0098,2,13,2,5332,600278,229,107727,5.560394975730853,0.15215570511507687
60,0.0099,0,7,0,5339,600271,229,107727,5.560330134499241,0.1521572094836426
61,0.01,13,309,13,5648,599962,242,107714,5.557467857275186,0.15220807262080388
62,0.0101,0,6,0,5654,599956,242,107714,5.557412279076661,0.15220936312122882
63,0.0102,1,9,1,5663,599947,243,107713,5.557328911778873,0.15221010089591047
64,0.0105,0,3,0,5666,599944,243,107713,5.55730112267961,0.15221074616657504
65,0.0106,1,21,1,5687,599923,244,107712,5.557106598984771,0.15221406516071137
66,0.0107,1,11,1,5698,599912,245,107711,5.557004705620808,0.15221523325273487
67,0.0108,0,19,0,5717,599893,245,107711,5.556828707992145,0.15221932041085126
68,0.011,1,11,1,5728,599882,246,107710,5.556726814628182,0.1522204886431729
69,0.0111,0,1,0,5729,599881,246,107710,5.556717551595094,0.15222070376813723
70,0.0113,1,3,1,5732,599878,247,107709,5.556689762495831,0.15222015102029857
71,0.0114,1,7,1,5739,599871,248,107708,5.556624921264219,0.15222045877562787
72,0.0115,1,19,1,5758,599852,249,107707,5.556448923635555,0.1522233481589521
73,0.0116,0,6,0,5764,599846,249,107707,5.55639334543703,0.15222463900230795
74,0.0117,0,8,0,5772,599838,249,107707,5.5563192411723294,0.15222636016083782
75,0.0118,2,28,2,5800,599810,251,107705,5.556059876245878,0.1522299880567903
76,0.0119,0,1,0,5801,599809,251,107705,5.556050613212791,0.15223020321859354
77,0.012,2,15,2,5816,599794,253,107703,5.555911667716477,0.152231034195198
78,0.0122,0,27,0,5843,599767,253,107703,5.555661565823113,0.15223684396511514
79,0.0123,0,26,0,5869,599741,253,107703,5.555420726962836,0.15224243897750211
80,0.0124,2,17,2,5886,599724,255,107701,5.555263255400348,0.1522437007456621
81,0.0126,0,8,0,5894,599716,255,107701,5.5551891511356475,0.15224542243118275
82,0.0127,1,12,1,5906,599704,256,107700,5.555077994738597,0.152246806633833
83,0.0128,0,6,0,5912,599698,256,107700,5.555022416540072,0.15224809795899905
84,0.0129,0,3,0,5915,599695,256,107700,5.554994627440809,0.15224874362979665
85,0.013,1,18,1,5933,599677,257,107699,5.554827892845233,0.152251419330031
86,0.0131,1,9,1,5942,599668,258,107698,5.554744525547445,0.15225215800589795
87,0.0132,2,25,2,5967,599643,260,107696,5.554512949720256,0.15225514215955857
88,0.0133,1,11,1,5978,599632,261,107695,5.554411056356293,0.1522563114372843
89,0.0134,1,20,1,5998,599612,262,107694,5.554225795694542,0.15225941813020108
90,0.0135,2,16,2,6014,599596,264,107692,5.554077587165142,0.15226046532671275
91,0.0136,0,1,0,6015,599595,264,107692,5.554068324132054,0.1522606806006614
92,0.0137,0,3,0,6018,599592,264,107692,5.554040535032791,0.15226132642615978
93,0.0138,0,17,0,6035,599575,264,107692,5.553883063470303,0.15226498620747186
94,0.0139,1,16,1,6051,599559,265,107691,5.553734854940902,0.15226723223753977
95,0.014,0,5,0,6056,599554,265,107691,5.5536885397754645,0.15226830871904362
96,0.0141,2,41,2,6097,599513,267,107689,5.5533087554188745,0.1522747390420276
97,0.0142,2,11,2,6108,599502,269,107687,5.553206862054911,0.15227471015527674
98,0.0143,3,15,3,6123,599487,272,107684,5.553067916558598,0.15227434382914457
99,0.0144,2,31,2,6154,599456,274,107682,5.552780762532883,0.15227862171174508
100,0.0145,0,8,0,6162,599448,274,107682,5.552706658268184,0.15228034449111197
101,0.0146,0,15,0,6177,599433,274,107682,5.55256771277187,0.1522835748074924
102,0.0147,5,41,5,6218,599392,279,107677,5.552187928415281,0.15228641052004827
103,0.0148,0,32,0,6250,599360,279,107677,5.551891511356478,0.1522933028964538
104,0.0149,2,24,2,6274,599336,281,107675,5.551669198562378,0.15229607460138528
105,0.015,2,23,2,6297,599313,283,107673,5.551456148801363,0.15229863109029032
106,0.0151,2,32,2,6329,599281,285,107671,5.551159731742562,0.15230312666206475
107,0.0152,3,14,3,6343,599267,288,107668,5.551030049279336,0.15230254549569622
108,0.0153,1,34,1,6377,599233,289,107667,5.550715106154359,0.15230867166501627
109,0.0154,1,12,1,6389,599221,290,107666,5.550603949757309,0.1523100580432233
110,0.0155,1,30,1,6419,599191,291,107665,5.550326058764682,0.15231532306438653
111,0.0156,0,4,0,6423,599187,291,107665,5.550289006632331,0.1523161850005376
112,0.0157,0,5,0,6428,599182,291,107665,5.550242691466894,0.1523172624344448
113,0.0158,6,47,6,6475,599135,297,107659,5.549807328911779,0.15232019513465025
114,0.0159,1,18,1,6493,599117,298,107658,5.549640594316203,0.15232287503095043
115,0.016,1,7,1,6500,599110,299,107657,5.54957575308459,0.15232318430260608
116,0.0161,1,14,1,6514,599096,300,107656,5.549446070621364,0.15232500226387757
117,0.0162,1,25,1,6539,599071,301,107655,5.5492144947941755,0.15232919122828367
118,0.0163,2,36,2,6575,599035,303,107653,5.548881025603023,0.15233455216446296
119,0.0164,1,52,1,6627,598983,304,107652,5.54839934788247,0.15234456261011697
120,0.0165,3,51,3,6678,598932,307,107649,5.547926933195005,0.15235195964793846
121,0.0166,1,13,1,6691,598919,308,107648,5.5478065137648676,0.15235356307328252
122,0.0167,2,13,2,6704,598906,310,107646,5.547686094334729,0.1523539668700959
123,0.0168,2,34,2,6738,598872,312,107644,5.547371151209752,0.15235889916151935
124,0.0169,0,28,0,6766,598844,312,107644,5.547111786283301,0.15236493755024855
125,0.017,2,21,2,6787,598823,314,107642,5.546917262588462,0.15236706701676658
126,0.0171,1,31,1,6818,598792,315,107641,5.546630108562748,0.1523725533773196
127,0.0172,2,22,2,6840,598770,317,107639,5.546426321834821,0.15237489896080034
128,0.0173,1,16,1,6856,598754,318,107638,5.546278113305421,0.1523771503641038
129,0.0174,6,79,6,6935,598675,324,107632,5.545546333691504,0.15238699319134597
130,0.0175,2,17,2,6952,598658,326,107630,5.545388862129015,0.15238826087941462
131,0.0176,3,33,3,6985,598625,329,107627,5.545083182037126,0.1523917808374348
132,0.0177,2,26,2,7011,598599,331,107625,5.54484234317685,0.15239499082444097
133,0.0178,1,20,1,7031,598579,332,107624,5.544657082515099,0.15239810649345867
134,0.0179,1,25,1,7056,598554,333,107623,5.54442550668791,0.15240230140602143
135,0.018,0,11,0,7067,598543,333,107623,5.544323613323947,0.15240467538793995
136,0.0181,1,13,1,7080,598530,334,107622,5.544203193893809,0.15240628080073412
137,0.0182,6,31,6,7111,598499,340,107616,5.543916039868094,0.15240576959843652
138,0.0183,0,12,0,7123,598487,340,107616,5.543804883471044,0.1524083596869012
139,0.0184,0,5,0,7128,598482,340,107616,5.543758568305606,0.15240943891641104
140,0.0185,0,28,0,7156,598454,340,107616,5.543499203379154,0.1524154828841333
141,0.0186,0,3,0,7159,598451,340,107616,5.5434714142798915,0.15241613048053512
142,0.0187,1,23,1,7182,598428,341,107615,5.543258364518878,0.1524198951055389
143,0.0188,3,30,3,7212,598398,344,107612,5.542980473526251,0.15242277021571932
144,0.0189,5,20,5,7232,598378,349,107607,5.5427952128645,0.1524210854338265
145,0.019,3,10,3,7242,598368,352,107604,5.542702582533625,0.15241964270537642
146,0.0191,1,22,1,7264,598346,353,107603,5.542498795805699,0.15242319204361787
147,0.0192,5,64,5,7328,598282,358,107598,5.541905961688095,0.15243100810336035
148,0.0193,0,17,0,7345,598265,358,107598,5.541748490125607,0.15243467925078946
149,0.0194,2,23,2,7368,598242,360,107596,5.541535440364593,0.15243724480688203
150,0.0195,0,8,0,7376,598234,360,107596,5.541461336099893,0.15243897255713132
151,0.0196,0,24,0,7400,598210,360,107596,5.541239023305791,0.15244415604287864
152,0.0197,0,6,0,7406,598204,360,107596,5.541183445107266,0.15244545196939643
153,0.0198,2,13,2,7419,598191,362,107594,5.541063025677127,0.15244585815793762
154,0.02,5,104,5,7523,598087,367,107589,5.540099670236022,0.15246231981816016
155,0.0201,1,6,1,7529,598081,368,107588,5.540044092037497,0.1524624150982968
156,0.0202,0,6,0,7535,598075,368,107588,5.5399885138389715,0.1524637114316607
157,0.0203,0,10,0,7545,598065,368,107588,5.539895883508096,0.15246587203625578
158,0.0204,1,11,1,7556,598054,369,107587,5.539793990144132,0.1524670476913898
159,0.0205,1,43,1,7599,598011,370,107586,5.539395679721368,0.15247513807456664
160,0.0206,0,8,0,7607,598003,370,107586,5.539321575456667,0.1524768668445795
161,0.0207,0,20,0,7627,597983,370,107586,5.539136314794916,0.1524811889411241
162,0.0209,1,3,1,7630,597980,371,107585,5.539108525695654,0.15248063608597365
163,0.021,0,3,0,7633,597977,371,107585,5.539080736596391,0.15248128442291392
164,0.0212,0,13,0,7646,597964,371,107585,5.538960317166253,0.15248409394669965
165,0.0214,1,28,1,7674,597936,372,107584,5.538700952239801,0.15248894432475338
166,0.0215,3,17,3,7691,597919,375,107581,5.538543480677313,0.15248901488306166
167,0.0216,1,9,1,7700,597910,376,107580,5.538460113379525,0.15248975889098357
168,0.0217,0,14,0,7714,597896,376,107580,5.538330430916299,0.1524927850132393
169,0.0218,1,12,1,7726,597884,377,107579,5.538219274519249,0.15249417758266556
170,0.022,1,11,1,7737,597873,378,107578,5.538117381155286,0.1524953540359288
171,0.0221,1,23,1,7760,597850,379,107577,5.537904331394272,0.15249912464365553
172,0.0222,2,12,2,7772,597838,381,107575,5.537793174997221,0.15249931600353267
173,0.0223,1,2,1,7774,597836,382,107574,5.5377746489310455,0.15249854694433024
174,0.0224,2,25,2,7799,597811,384,107572,5.5375430731038575,0.1525015488039831
175,0.0225,1,6,1,7805,597805,385,107571,5.537487494905331,0.15250164451299733
176,0.0226,2,30,2,7835,597775,387,107569,5.5372096039127054,0.15250572770166046
177,0.0227,0,3,0,7838,597772,387,107569,5.537181814813443,0.15250637634846123
178,0.0228,2,22,2,7860,597750,389,107567,5.5369780280855165,0.1525087301170963
179,0.0229,2,68,2,7928,597682,391,107565,5.536348141835562,0.15252103163856068
180,0.023,1,8,1,7936,597674,392,107564,5.536274037570863,0.15252156009744228
181,0.0231,0,9,0,7945,597665,392,107564,5.536190670273074,0.1525235065489366
182,0.0232,1,6,1,7951,597659,393,107563,5.536135092074549,0.1525236024968024
183,0.0233,0,9,0,7960,597650,393,107563,5.536051724776761,0.15252554901852347
184,0.0234,4,45,4,8005,597605,397,107559,5.535634888287821,0.15253047518024176
185,0.0235,0,34,0,8039,597571,397,107559,5.535319945162844,0.1525378299037057
186,0.0236,0,14,0,8053,597557,397,107559,5.535190262699619,0.15254085852540575
187,0.0237,1,19,1,8072,597538,398,107558,5.535014265070955,0.15254376708987144
188,0.0238,0,16,0,8088,597522,398,107558,5.534866056541554,0.15254722868326998
189,0.0239,0,23,0,8111,597499,398,107558,5.53465300678054,0.15255220499902844
190,0.024,0,55,0,8166,597444,398,107558,5.534143539960724,0.15256410620111716
191,0.0241,0,27,0,8193,597417,398,107558,5.533893438067361,0.15256994928898188
192,0.0242,0,15,0,8208,597402,398,107558,5.533754492571047,0.15257319564230595
193,0.0243,2,29,2,8237,597373,400,107556,5.533485864611508,0.15257706804515064
194,0.0244,0,33,0,8270,597340,400,107556,5.533180184519619,0.1525842110041765
195,0.0245,1,5,1,8275,597335,401,107555,5.533133869354181,0.152584091134787
196,0.0246,0,18,0,8293,597317,401,107555,5.532967134758605,0.15258798760626044
197,0.0247,0,19,0,8312,597298,401,107555,5.532791137129942,0.15259210076427285
198,0.0248,0,24,0,8336,597274,401,107555,5.532568824335841,0.1525972966492582
199,0.0249,1,9,1,8345,597265,402,107554,5.532485457038052,0.15259804290179466
200,0.025,1,16,1,8361,597249,403,107553,5.532337248508652,0.15260030476644504
201,0.0251,0,28,0,8389,597221,403,107553,5.5320778835822,0.15260636743126166
202,0.0252,2,18,2,8407,597203,405,107551,5.531911148986624,0.15260786033140641
203,0.0253,4,28,4,8435,597175,409,107547,5.531651784060172,0.15260911394847898
204,0.0254,1,17,1,8452,597158,410,107546,5.531494312497684,0.15261159295250204
205,0.0255,0,9,0,8461,597149,410,107546,5.531410945199896,0.152613542028821
206,0.0256,2,22,2,8483,597127,412,107544,5.53120715847197,0.15261590160514624
207,0.0257,0,6,0,8489,597121,412,107544,5.531151580273445,0.1526172010813649
208,0.0258,2,40,2,8529,597081,414,107542,5.530781058949943,0.15262345963728122
209,0.0259,5,31,5,8560,597050,419,107537,5.530493904924229,0.15262416138816073
210,0.026,3,25,3,8585,597025,422,107534,5.53026232909704,0.1526259688684695
211,0.0261,3,31,3,8616,596994,425,107531,5.529975175071326,0.15262907632802242
212,0.0262,3,43,3,8659,596951,428,107528,5.52957686464856,0.15263478400349761
213,0.0263,4,12,4,8671,596939,432,107524,5.52946570825151,0.15263257261204635
214,0.0264,0,17,0,8688,596922,432,107524,5.529308236689022,0.1526362560082675
215,0.0265,1,36,1,8724,596886,433,107523,5.5289747674978695,0.15264285379658693
216,0.0266,2,27,2,8751,596859,435,107521,5.528724665604505,0.15264629887276754
217,0.0267,1,18,1,8769,596841,436,107520,5.52855793100893,0.15264899675024596
218,0.0268,2,7,2,8776,596834,438,107518,5.528493089777316,0.15264810776429966
219,0.0269,0,16,0,8792,596818,438,107518,5.528344881247916,0.1526515753844756
220,0.027,1,32,1,8824,596786,439,107517,5.528048464189114,0.15265730800521934
221,0.0271,0,24,0,8848,596762,439,107517,5.527826151395013,0.15266251016997526
222,0.0272,1,11,1,8859,596751,440,107516,5.52772425803105,0.15266369146928652
223,0.0273,1,22,1,8881,596729,441,107515,5.527520471303124,0.15266725737102482
224,0.0274,1,35,1,8916,596694,442,107514,5.527196265145059,0.15267364187853588
225,0.0275,0,9,0,8925,596685,442,107514,5.527112897847271,0.15267559312069456
226,0.0276,2,27,2,8952,596658,444,107512,5.526862795953907,0.152679040572589
227,0.0277,2,15,2,8967,596643,446,107510,5.526723850457594,0.1526798863315217
228,0.0278,1,14,1,8981,596629,447,107509,5.526594167994368,0.15268171864038016
229,0.0279,1,14,1,8995,596615,448,107508,5.526464485531142,0.1526835510273063
230,0.028,1,22,1,9017,596593,449,107507,5.526260698803216,0.15268711830705867
231,0.0281,1,25,1,9042,596568,450,107506,5.526029122976027,0.15269133642202382
232,0.0282,0,14,0,9056,596554,450,107506,5.525899440512801,0.15269437263869556
233,0.0283,0,36,0,9092,596518,450,107506,5.525565971321649,0.15270218060747928
234,0.0284,4,30,4,9122,596488,454,107502,5.525288080329023,0.15270387363456867
235,0.0285,3,46,3,9168,596442,457,107499,5.524861980806995,0.15271024134124878
236,0.0286,0,2,0,9170,596440,457,107499,5.524843454740821,0.15271067521475581
237,0.0287,1,5,1,9175,596435,458,107498,5.524797139575383,0.15271055626032592
238,0.0288,0,23,0,9198,596412,458,107498,5.524584089814369,0.15271554602150844
239,0.0289,2,29,2,9227,596383,460,107496,5.52431546185483,0.1527194304702939
240,0.029,0,14,0,9241,596369,460,107496,5.524185779391604,0.15272246808692008
241,0.0291,2,5,2,9246,596364,462,107494,5.524139464226166,0.1527211454583169
242,0.0292,0,20,0,9266,596344,462,107494,5.523954203564415,0.1527254851258386
243,0.0293,4,23,4,9289,596321,466,107490,5.523741153803401,0.15272566072425695
244,0.0294,1,18,1,9307,596303,467,107489,5.523574419207826,0.15272836292540978
245,0.0295,0,5,0,9312,596298,467,107489,5.523528104042388,0.15272944797218477
246,0.0296,0,20,0,9332,596278,467,107489,5.523342843380637,0.1527337883134617
247,0.0297,0,6,0,9338,596272,467,107489,5.523287265182112,0.15273509046395012
248,0.0298,1,36,1,9374,596236,468,107488,5.52295379599096,0.15274169987097214
249,0.0299,1,25,1,9399,596211,469,107487,5.522722220163771,0.1527459222564225
250,0.03,1,69,1,9468,596142,470,107486,5.522083070880729,0.15275969688528598
251,0.0301,0,11,0,9479,596131,470,107486,5.521981177516766,0.15276208505479544
252,0.0302,1,20,1,9499,596111,471,107485,5.521795916855015,0.15276522322469144
253,0.0303,0,4,0,9503,596107,471,107485,5.521758864722665,0.1527660917122423
254,0.0304,0,15,0,9518,596092,471,107485,5.521619919226351,0.15276934862850833
255,0.0305,1,25,1,9543,596067,472,107484,5.521388343399162,0.15277357291795476
256,0.0307,0,2,0,9545,596065,472,107484,5.521369817332988,0.15277400721200657
257,0.0308,1,10,1,9555,596055,473,107483,5.521277187002112,0.15277497448609742
258,0.0309,1,12,1,9567,596043,474,107482,5.521166030605062,0.15277637610603745
259,0.031,2,19,2,9586,596024,476,107480,5.520990032976398,0.15277809365689463
260,0.0311,1,10,1,9596,596014,477,107479,5.520897402645522,0.15277906105675537
261,0.0312,1,12,1,9608,596002,478,107478,5.520786246248472,0.15278046284187183
262,0.0313,2,6,2,9614,595996,480,107476,5.520730668049946,0.15277935724520664
263,0.0314,1,12,1,9626,595984,481,107475,5.520619511652896,0.15278075907764346
264,0.0315,4,25,4,9651,595959,485,107471,5.520387935825707,0.15278137128072444
265,0.0316,0,1,0,9652,595958,485,107471,5.520378672792619,0.1527815884758803
266,0.0317,2,13,2,9665,595945,487,107469,5.520258253362481,0.15278200320152854
267,0.0318,0,8,0,9673,595937,487,107469,5.520184149097781,0.15278374082677715
268,0.0319,1,35,1,9708,595902,488,107468,5.519859942939716,0.15279013890271123
269,0.032,1,20,1,9728,595882,489,107467,5.519674682277965,0.15279327901226844
270,0.0321,0,5,0,9733,595877,489,107467,5.519628367112527,0.15279436520394005
271,0.0322,0,6,0,9739,595871,489,107467,5.519572788914002,0.1527956686543312
272,0.0323,1,21,1,9760,595850,490,107466,5.519378265219164,0.15279902632671516
273,0.0324,1,23,1,9783,595827,491,107465,5.519165215458149,0.15280281874385035
274,0.0325,2,19,2,9802,595808,493,107463,5.518989217829486,0.15280453765333704
275,0.0326,0,13,0,9815,595795,493,107463,5.518868798399348,0.15280736230515685
276,0.0327,0,13,0,9828,595782,493,107463,5.518748378969209,0.1528101870614082
277,0.0328,2,31,2,9859,595751,495,107461,5.518461224943495,0.15281451397302662
278,0.0329,0,30,0,9889,595721,495,107461,5.518183333950869,0.15282103353043736
279,0.033,1,17,1,9906,595704,496,107460,5.518025862388381,0.1528235233885694
280,0.0331,0,10,0,9916,595694,496,107460,5.517933232057505,0.1528256967890391
281,0.0332,0,19,0,9935,595675,496,107460,5.517757234428841,0.15282982642024648
282,0.0333,0,11,0,9946,595664,496,107460,5.517655341064878,0.1528322173613758
283,0.0334,0,11,0,9957,595653,496,107460,5.517553447700915,0.1528346083773163
284,0.0335,1,8,1,9965,595645,497,107459,5.517479343436214,0.1528351424540324
285,0.0336,0,8,0,9973,595637,497,107459,5.517405239171515,0.15283688145004382
286,0.0337,0,15,0,9988,595622,497,107459,5.517266293675201,0.15284014217423028
287,0.0338,1,15,1,10003,595607,498,107458,5.517127348178888,0.15284219808979255
288,0.0339,2,26,2,10029,595581,500,107456,5.516886509318612,0.15284544056713942
289,0.034,0,27,0,10056,595554,500,107456,5.516636407425247,0.15285131079216513
290,0.0341,2,19,2,10075,595535,502,107454,5.516460409796584,0.1528530318397585
291,0.0342,1,22,1,10097,595513,503,107453,5.516256623068657,0.1528566104192806
292,0.0343,4,32,4,10129,595481,507,107449,5.515960206009856,0.15285874838177343
293,0.0344,7,30,7,10159,595451,514,107442,5.515682315017229,0.15285683596223038
294,0.0345,1,2,1,10161,595449,515,107441,5.515663788951054,0.15285606567172672
295,0.0346,1,35,1,10196,595414,516,107440,5.51533958279299,0.1528624721492657
296,0.0347,1,29,1,10225,595385,517,107439,5.51507095483345,0.1528675742433383
297,0.0348,2,32,2,10257,595353,519,107437,5.514774537774649,0.15287212396306152
298,0.0349,1,5,1,10262,595348,520,107436,5.514728222609211,0.15287200619251434
299,0.035,0,27,0,10289,595321,520,107436,5.5144781207158475,0.15287787955153773
300,0.0351,0,13,0,10302,595308,520,107436,5.514357701285709,0.15288070762610567
301,0.0352,0,6,0,10308,595302,520,107436,5.514302123087184,0.15288201292658146
302,0.0353,0,22,0,10330,595280,520,107436,5.5140983363592575,0.15288679921903017
303,0.0354,2,17,2,10347,595263,522,107434,5.513940864796769,0.15288808689947445
304,0.0355,2,21,2,10368,595242,524,107432,5.51374634110193,0.15289024497846795
305,0.0356,2,23,2,10391,595219,526,107430,5.5135332913409165,0.15289283838730292
306,0.0357,1,17,1,10408,595202,527,107429,5.513375819778428,0.15289533197368177
307,0.0358,0,12,0,10420,595190,527,107429,5.513264663381378,0.15289794326654987
308,0.0359,1,37,1,10457,595153,528,107428,5.5129219311571385,0.15290478962568016
309,0.036,2,18,2,10475,595135,530,107426,5.512755196561562,0.15290629568108677
310,0.0361,0,14,0,10489,595121,530,107426,5.512625514098336,0.15290934272013118
311,0.0362,1,5,1,10494,595116,531,107425,5.512579198932898,0.15290922522671274
312,0.0363,0,8,0,10502,595108,531,107425,5.512505094668198,0.15291096645993854
313,0.0364,0,12,0,10514,595096,531,107425,5.512393938271147,0.15291357838413372
314,0.0365,0,4,0,10518,595092,531,107425,5.5123568861387975,0.15291444904536117
315,0.0366,0,10,0,10528,595082,531,107425,5.512264255807922,0.15291662574180756
316,0.0367,2,20,2,10548,595062,533,107423,5.512078995146171,0.1529185676562489
317,0.0368,2,12,2,10560,595050,535,107421,5.51196783874912,0.15291876817690694
318,0.0369,3,18,3,10578,595032,538,107418,5.511801104153544,0.15291906897288063
319,0.037,1,15,1,10593,595017,539,107417,5.511662158657231,0.15292112853307216
320,0.0371,3,32,3,10625,594985,542,107414,5.511365741598429,0.15292447739817397
321,0.0372,3,38,3,10663,594947,545,107411,5.511013746341102,0.15292913300624467
322,0.0373,0,19,0,10682,594928,545,107411,5.510837748712438,0.1529332701159981
323,0.0374,3,25,3,10707,594903,548,107408,5.510606172885249,0.15293509570546382
324,0.0375,3,22,3,10729,594881,551,107405,5.510402386157323,0.15293626813007805
325,0.0376,2,10,2,10739,594871,553,107403,5.510309755826448,0.15293603351398458
326,0.0377,0,22,0,10761,594849,553,107403,5.510105969098522,0.1529408246612327
327,0.0378,2,16,2,10777,594833,555,107401,5.509957760569121,0.15294189686059062
328,0.0379,0,21,0,10798,594812,555,107401,5.509763236874282,0.15294647065776337
329,0.038,0,8,0,10806,594804,555,107401,5.509689132609582,0.15294821312864476
330,0.0381,2,27,2,10833,594777,557,107399,5.5094390307162175,0.1529516816296769
331,0.0382,2,3,2,10836,594774,559,107397,5.509411241616955,0.15294992245478664
332,0.0383,0,7,0,10843,594767,559,107397,5.5093464003853425,0.15295144724024587
333,0.0384,2,13,2,10856,594754,561,107395,5.509225980955204,0.15295186634175936
334,0.0385,0,36,0,10892,594718,561,107395,5.508892511764052,0.15295970876482845
335,0.0386,2,8,2,10900,594710,563,107393,5.508818407499351,0.1529590387735133
336,0.0387,0,18,0,10918,594692,563,107393,5.508651672903776,0.15296296032531673
337,0.0388,0,10,0,10928,594682,563,107393,5.5085590425729,0.15296513905209558
338,0.0389,0,7,0,10935,594675,563,107393,5.508494201341287,0.15296666419777002
339,0.039,1,17,1,10952,594658,564,107392,5.508336729778799,0.15296916174061675
340,0.0391,2,23,2,10975,594635,566,107390,5.508123680017785,0.15297176026494783
341,0.0392,1,25,1,11000,594610,567,107389,5.507892104190597,0.15297600139031536
342,0.0393,0,16,0,11016,594594,567,107389,5.5077438956611955,0.15297948810726186
343,0.0394,0,22,0,11038,594572,567,107389,5.507540108933269,0.15298428260259472
344,0.0395,0,6,0,11044,594566,567,107389,5.507484530734744,0.15298559024438887
345,0.0396,3,30,3,11074,594536,570,107386,5.507206639742117,0.15298850869469827
346,0.0397,0,20,0,11094,594516,570,107386,5.507021379080366,0.15299286795022668
347,0.0398,2,29,2,11123,594487,572,107384,5.506752751120827,0.15299677576078796
348,0.0399,1,8,1,11131,594479,573,107383,5.506678646856127,0.1529973128620726
349,0.04,0,21,0,11152,594458,573,107383,5.506484123161288,0.15300189074163523
350,0.0401,0,10,0,11162,594448,573,107383,5.506391492830413,0.15300407078057254
351,0.0402,1,16,1,11178,594432,574,107382,5.506243284301012,0.1530063521103882
352,0.0403,0,6,0,11184,594426,574,107382,5.506187706102486,0.1530076602147596
353,0.0404,1,15,1,11199,594411,575,107381,5.5060487606061725,0.15300972367881083
354,0.0405,1,35,1,11234,594376,576,107380,5.505724554448109,0.15301614806285946
355,0.0406,1,23,1,11257,594353,577,107379,5.505511504687095,0.15301995633660714
356,0.0407,0,16,0,11273,594337,577,107379,5.505363296157694,0.15302344538246243
357,0.0408,1,6,1,11279,594331,578,107378,5.505307717959169,0.15302354679788915
358,0.0409,0,1,0,11280,594330,578,107378,5.505298454926081,0.15302376487085798
359,0.041,2,15,2,11295,594315,580,107376,5.505159509429768,0.15302462194897754
360,0.0411,0,2,0,11297,594313,580,107376,5.505140983363592,0.1530250581097894
361,0.0412,0,21,0,11318,594292,580,107376,5.504946459668754,0.15302963794843144
362,0.0413,0,5,0,11323,594287,580,107376,5.504900144503316,0.15303072842660936
363,0.0414,0,26,0,11349,594261,580,107376,5.50465930564304,0.1530363991636701
364,0.0415,3,26,3,11375,594235,583,107373,5.504418466782763,0.15303844882042394
365,0.0416,1,26,1,11401,594209,584,107372,5.504177627922487,0.15304291307774867
366,0.0417,2,23,2,11424,594186,586,107370,5.503964578161473,0.153045515967364
367,0.0418,2,16,2,11440,594170,588,107368,5.503816369632072,0.15304659191661749
368,0.0419,2,35,2,11475,594135,590,107366,5.503492163474008,0.1530518131834452
369,0.042,0,3,0,11478,594132,590,107366,5.503464374374746,0.15305246771908115
370,0.0421,1,14,1,11492,594118,591,107365,5.50333469191152,0.1530543149299413
371,0.0422,0,18,0,11510,594100,591,107365,5.503167957315943,0.15305824239270668
372,0.0423,0,8,0,11518,594092,591,107365,5.503093853051243,0.15305998799641318
373,0.0424,0,10,0,11528,594082,591,107365,5.503001222720368,0.15306217005703923
374,0.0425,1,7,1,11535,594075,592,107364,5.502936381488754,0.1530624901096175
375,0.0426,2,22,2,11557,594053,594,107362,5.502732594760828,0.15306487600065583
376,0.0427,1,8,1,11565,594045,595,107361,5.502658490496128,0.1530654143249416
377,0.0428,0,13,0,11578,594032,595,107361,5.50253807106599,0.15306825132272492
378,0.0429,1,17,1,11595,594015,596,107360,5.502380599503502,0.15307075387631439
379,0.043,3,14,3,11609,594001,599,107357,5.502250917040276,0.15307018669495465
380,0.0431,0,10,0,11619,593991,599,107357,5.5021582867094,0.15307236920900893
381,0.0432,2,31,2,11650,593960,601,107355,5.501871132683686,0.15307672016141105
382,0.0433,1,15,1,11665,593945,602,107354,5.501732187187373,0.1530787866516279
383,0.0434,0,15,0,11680,593930,602,107354,5.501593241691059,0.1530820609054249
384,0.0435,3,20,3,11700,593910,605,107351,5.501407981029308,0.1530828036922059
385,0.0436,0,20,0,11720,593890,605,107351,5.501222720367557,0.1530871697462071
386,0.0437,0,17,0,11737,593873,605,107351,5.501065248805069,0.15309088108792626
387,0.0438,2,37,2,11774,593836,607,107349,5.500722516580829,0.1530965437081512
388,0.0439,1,38,1,11812,593798,608,107348,5.500370521323502,0.15310363319479822
389,0.044,0,22,0,11834,593776,608,107348,5.500166734595576,0.15310843730923487
390,0.0441,0,16,0,11850,593760,608,107348,5.500018526066175,0.15311193140001256
391,0.0442,1,31,1,11881,593729,609,107347,5.499731372040461,0.15311749368114155
392,0.0443,2,20,2,11901,593709,611,107345,5.499546111378709,0.15311944586294352
393,0.0444,0,17,0,11918,593692,611,107345,5.499388639816221,0.15312315897734358
394,0.0445,0,8,0,11926,593684,611,107345,5.499314535551521,0.15312490638761023
395,0.0446,7,29,7,11955,593655,618,107338,5.499045907591982,0.15312278439299679
396,0.0447,2,31,2,11986,593624,620,107336,5.498758753566268,0.15312713992239216
397,0.0448,2,13,2,11999,593611,622,107334,5.498638334136129,0.1531275635035559
398,0.0449,1,11,1,12010,593600,623,107333,5.498536440772167,0.1531287583834689
399,0.045,0,7,0,12017,593593,623,107333,5.4984715995405535,0.15313028764805414
400,0.0451,2,18,2,12035,593575,625,107331,5.498304864944978,0.15313180369407595
401,0.0452,2,15,2,12050,593560,627,107329,5.498165919448664,0.15313266437338865
402,0.0453,3,25,3,12075,593535,630,107326,5.497934343621475,0.15313450170575907
403,0.0454,1,29,1,12104,593506,631,107325,5.497665715661936,0.15313962995358368
404,0.0455,0,41,0,12145,593465,631,107325,5.497285931305346,0.15314858944905035
405,0.0456,1,28,1,12173,593437,632,107324,5.497026566378895,0.15315350026613925
406,0.0457,0,21,0,12194,593416,632,107324,5.496832042684057,0.15315809001912264
407,0.0458,1,16,1,12210,593400,633,107323,5.496683834154656,0.153160378637493
408,0.0459,2,17,2,12227,593383,635,107321,5.496526362592167,0.1531616773987304
409,0.046,1,22,1,12249,593361,636,107320,5.496322575864241,0.15316527777975997
410,0.0461,1,14,1,12263,593347,637,107319,5.496192893401015,0.15316712955959044
411,0.0462,3,31,3,12294,593316,640,107316,5.495905739375301,0.1531702805467064
412,0.0463,3,7,3,12301,593309,643,107313,5.495840898143689,0.15316818484146943
413,0.0464,2,9,2,12310,593300,645,107311,5.4957575308459,0.15316773501986122
414,0.0465,1,22,1,12332,593278,646,107310,5.495553744117974,0.15317133607769473
415,0.0466,0,27,0,12359,593251,646,107310,5.49530364222461,0.1531772393838652
416,0.0467,1,18,1,12377,593233,647,107309,5.495136907629034,0.15317996636889722
417,0.0468,2,16,2,12393,593217,649,107307,5.4949886990996335,0.15318104733028418
418,0.0469,1,14,1,12407,593203,650,107306,5.494859016636408,0.15318289986281403
419,0.047,2,11,2,12418,593192,652,107304,5.494757123272445,0.15318288755396176
420,0.0471,1,30,1,12448,593162,653,107303,5.494479232279818,0.15318823924107558
421,0.0472,1,16,1,12464,593146,654,107302,5.494331023750417,0.15319052948969802
422,0.0473,0,11,0,12475,593135,654,107302,5.494229130386453,0.1531929352675544
423,0.0474,0,7,0,12482,593128,654,107302,5.494164289154841,0.15319446625644248
424,0.0475,4,28,4,12510,593100,658,107298,5.4939049242283895,0.15319575441391894
425,0.0476,2,21,2,12531,593079,660,107296,5.49371040053355,0.15319792968052828
426,0.0477,1,39,1,12570,593040,661,107295,5.493349142243136,0.15320525177236607
427,0.0478,1,19,1,12589,593021,662,107294,5.493173144614473,0.15320819916751746
428,0.0479,1,8,1,12597,593013,663,107293,5.493099040349772,0.15320874017929306
429,0.048,0,22,0,12619,592991,663,107293,5.492895253621846,0.15321355335835177
430,0.0481,0,20,0,12639,592971,663,107293,5.492709992960095,0.15321792923811592
431,0.0482,0,12,0,12651,592959,663,107293,5.492598836563044,0.15322055488595535
432,0.0483,0,11,0,12662,592948,663,107293,5.4924969431990815,0.15322296180886294
433,0.0484,0,17,0,12679,592931,663,107293,5.492339471636592,0.15322668174755508
434,0.0485,1,28,1,12707,592903,664,107292,5.492080106710141,0.15323159976863587
435,0.0486,2,14,2,12721,592889,666,107290,5.491950424246915,0.15323224489737625
436,0.0487,0,17,0,12738,592872,666,107290,5.491792952684427,0.15323596539086667
437,0.0488,0,14,0,12752,592858,666,107290,5.491663270221201,0.15323902946234225
438,0.0489,0,22,0,12774,592836,666,107290,5.491459483493275,0.1532438446793863
439,0.049,0,17,0,12791,592819,666,107290,5.491302011930786,0.1532475657361925
440,0.0491,1,3,1,12794,592816,667,107289,5.491274222831524,0.1532470129480578
441,0.0492,0,43,0,12837,592773,667,107289,5.490875912408759,0.15325642585942387
442,0.0493,1,6,1,12843,592767,668,107288,5.490820334210234,0.15325652984408367
443,0.0494,0,7,0,12850,592760,668,107288,5.490755492978621,0.15325806230429914
444,0.0495,0,13,0,12863,592747,668,107288,5.490635073548483,0.15326090838315226
445,0.0496,0,16,0,12879,592731,668,107288,5.490486865019082,0.15326441139454786
446,0.0497,2,16,2,12895,592715,670,107286,5.490338656489681,0.15326549533500666
447,0.0498,1,15,1,12910,592700,671,107285,5.490199710993368,0.15326757001935756
448,0.0499,1,30,1,12940,592670,672,107284,5.489921820000741,0.15327292936392964
449,0.05,0,29,0,12969,592641,672,107284,5.489653192041202,0.15327927992284887
450,0.0501,5,26,5,12995,592615,677,107279,5.489412353180925,0.15327892509437144
451,0.0502,0,3,0,12998,592612,677,107279,5.4893845640816625,0.15327958210635656
452,0.0503,2,13,2,13011,592599,679,107277,5.489264144651525,0.15328000960170088
453,0.0504,0,12,0,13023,592587,679,107277,5.489152988254474,0.1532826377696238
454,0.0505,1,23,1,13046,592564,680,107276,5.48893993849346,0.1532864654778235
455,0.0506,0,15,0,13061,592549,680,107276,5.488800992997147,0.15328975100918088
456,0.0507,0,1,0,13062,592548,680,107276,5.48879172996406,0.15328997004961248
457,0.0508,0,3,0,13065,592545,680,107276,5.488763940864796,0.15329062717466324
458,0.0509,2,39,2,13104,592506,682,107274,5.488402682574383,0.15329675040727087
459,0.051,1,29,1,13133,592477,683,107273,5.488134054614843,0.1533018935334048
460,0.0511,0,9,0,13142,592468,683,107273,5.488050687317055,0.15330386528729917
461,0.0512,0,6,0,13148,592462,683,107273,5.48799510911853,0.15330517981807398
462,0.0513,1,17,1,13165,592445,684,107272,5.487837637556042,0.15330769439644884
463,0.0514,1,12,1,13177,592433,685,107271,5.48772648115899,0.15330911356802304
464,0.0515,0,20,0,13197,592413,685,107271,5.487541220497239,0.15331349580667844
465,0.0516,3,15,3,13212,592398,688,107268,5.487402275000926,0.15331315227551431
466,0.0517,2,15,2,13227,592383,690,107266,5.487263329504613,0.15331401888661314
467,0.0518,1,26,1,13253,592357,691,107265,5.487022490644336,0.153318506279105
468,0.0519,0,23,0,13276,592334,691,107265,5.486809440883323,0.15332354677465235
469,0.052,1,3,1,13279,592331,692,107264,5.48678165178406,0.15332299401796753
470,0.0521,0,4,0,13283,592327,692,107264,5.48674459965171,0.15332387066157227
471,0.0522,0,25,0,13308,592302,692,107264,5.486513023824521,0.15332934991123068
472,0.0523,2,25,2,13333,592277,694,107262,5.4862814479973325,0.15333240891501404
473,0.0524,0,29,0,13362,592248,694,107262,5.486012820037793,0.15333876570742377
474,0.0525,0,11,0,13373,592237,694,107262,5.48591092667383,0.15334117704242609
475,0.0526,1,18,1,13391,592219,695,107261,5.485744192078254,0.15334391262080402
476,0.0527,0,11,0,13402,592208,695,107261,5.485642298714291,0.1533463241401692
477,0.0528,2,24,2,13426,592184,697,107259,5.485419985920189,0.15334916497841855
478,0.0529,0,11,0,13437,592173,697,107259,5.485318092556227,0.15335157670795732
479,0.053,1,21,1,13458,592152,698,107258,5.485123568861388,0.1533549706180924
480,0.0531,1,12,1,13470,592140,699,107257,5.485012412464338,0.15335639129135525
481,0.0532,0,11,0,13481,592129,699,107257,5.484910519100374,0.1533588032931743
482,0.0533,0,12,0,13493,592117,699,107257,5.484799362703323,0.15336143465441954
483,0.0534,0,16,0,13509,592101,699,107257,5.484651154173923,0.15336494327654793
484,0.0535,2,19,2,13528,592082,701,107255,5.484475156545259,0.15336668873518775
485,0.0536,0,17,0,13545,592065,701,107255,5.484317684982771,0.15337041697649145
486,0.0537,1,15,1,13560,592050,702,107254,5.484178739486458,0.1533724960818185
487,0.0538,2,31,2,13591,592019,704,107252,5.483891585460743,0.1533768739158352
488,0.0539,6,57,6,13648,591962,710,107246,5.483363592574753,0.15338211233281085
489,0.054,1,14,1,13662,591948,711,107245,5.483233910111527,0.15338397266563022
490,0.0541,1,12,1,13674,591936,712,107244,5.483122753714476,0.15338539431905948
491,0.0542,1,29,1,13703,591907,713,107243,5.482854125754937,0.15339054566259028
492,0.0543,4,40,4,13743,591867,717,107239,5.482483604431435,0.15339447809058998
493,0.0544,0,8,0,13751,591859,717,107239,5.482409500166734,0.15339623343222267
494,0.0545,0,16,0,13767,591843,717,107239,5.482261291637334,0.15339974423601238
495,0.0546,0,11,0,13778,591832,717,107239,5.482159398273371,0.1534021580068405
496,0.0547,2,14,2,13792,591818,719,107237,5.482029715810145,0.1534028080766177
497,0.0548,2,13,2,13805,591805,721,107235,5.481909296380007,0.15340323872739758
498,0.0549,4,25,4,13830,591780,725,107231,5.481677720552818,0.15340388062562677
499,0.055,0,9,0,13839,591771,725,107231,5.48159435325503,0.1534058557772367
500,0.0551,0,5,0,13844,591766,725,107231,5.481548038089592,0.15340695310566427
501,0.0552,0,24,0,13868,591742,725,107231,5.48132572529549,0.15341222050064882
502,0.0553,0,17,0,13885,591725,725,107231,5.481168253733002,0.1534159517909568
503,0.0554,1,9,1,13894,591716,726,107230,5.481084886435214,0.15341671602670306
504,0.0555,2,16,2,13910,591700,728,107228,5.480936677905813,0.15341780555364787
505,0.0556,3,8,3,13918,591692,731,107225,5.480862573641113,0.15341592778541657
506,0.0557,3,22,3,13940,591670,734,107222,5.480658786913187,0.15341712310342656
507,0.0558,4,29,4,13969,591641,738,107218,5.4803901589536475,0.15341864381799475
508,0.0559,2,29,2,13998,591612,740,107216,5.480121530994109,0.1534225875322683
509,0.056,0,16,0,14014,591596,740,107216,5.479973322464708,0.15342610029593082
510,0.0561,0,7,0,14021,591589,740,107216,5.479908481233095,0.15342763718061547
511,0.0562,0,10,0,14031,591579,740,107216,5.479815850902219,0.15342983278357744
512,0.0563,2,16,2,14047,591563,742,107214,5.479667642372818,0.15343092288383847
513,0.0564,1,21,1,14068,591542,743,107213,5.47947311867798,0.15343432247354222
514,0.0565,1,16,1,14084,591526,744,107212,5.479324910148579,0.1534366243141206
515,0.0566,0,31,0,14115,591495,744,107212,5.479037756122865,0.15344343193928214
516,0.0567,0,10,0,14125,591485,744,107212,5.47894512579199,0.15344562807626197
517,0.0568,0,7,0,14132,591478,744,107212,5.478880284560376,0.15344716540955217
518,0.0569,3,13,3,14145,591465,747,107209,5.478759865130238,0.1534463855818307
519,0.057,6,30,6,14175,591435,753,107203,5.478481974137612,0.15344570435619018
520,0.0571,2,27,2,14202,591408,755,107201,5.478231872244248,0.15344921121829236
521,0.0572,0,13,0,14215,591395,755,107201,5.478111452814109,0.15345206671667172
522,0.0573,1,13,1,14228,591382,756,107200,5.477991033383971,0.15345371051644618
523,0.0574,2,13,2,14241,591369,758,107198,5.477870613953833,0.15345414255182394
524,0.0575,0,15,0,14256,591354,758,107198,5.47773166845752,0.15345743767106815
525,0.0576,0,2,0,14258,591352,758,107198,5.4777131423913445,0.15345787703099278
526,0.0577,0,7,0,14265,591345,758,107198,5.477648301159732,0.15345941481054137
527,0.0578,0,23,0,14288,591322,758,107198,5.477435251398718,0.15346446773177574
528,0.0579,0,17,0,14305,591305,758,107198,5.477277779836229,0.15346820271351733
529,0.058,4,18,4,14323,591287,762,107194,5.477111045240654,0.15346730977650072
530,0.0581,0,15,0,14338,591272,762,107194,5.47697209974434,0.15347060558423745
531,0.0582,1,8,1,14346,591264,763,107193,5.47689799547964,0.153471151409464
532,0.0583,0,5,0,14351,591259,763,107193,5.476851680314202,0.15347225006156473
533,0.0584,1,5,1,14356,591254,764,107192,5.476805365148764,0.15347213671493573
534,0.0585,2,18,2,14374,591236,766,107190,5.476638630553189,0.15347366793332437
535,0.0586,1,0,1,14374,591236,767,107189,5.476638630553189,0.15347245588287933
536,0.0587,1,3,1,14377,591233,768,107188,5.476610841453926,0.15347190304987965
537,0.0588,0,32,0,14409,591201,768,107188,5.476314424395124,0.15347893509204755
538,0.0589,0,5,0,14414,591196,768,107188,5.476268109229686,0.1534800339068478
539,0.059,1,20,1,14434,591176,769,107187,5.476082848567935,0.15348321718074984
540,0.0591,0,5,0,14439,591171,769,107187,5.476036533402497,0.15348431606711743
541,0.0592,1,34,1,14473,591137,770,107186,5.47572159027752,0.1534905767102043
542,0.0593,1,10,1,14483,591127,771,107185,5.475628959946645,0.1534915625107402
543,0.0594,1,15,1,14498,591112,772,107184,5.475490014450331,0.15349364739308258
544,0.0595,3,18,3,14516,591094,775,107181,5.475323279854756,0.1534939672765028
545,0.0596,1,17,1,14533,591077,776,107180,5.475165808292267,0.1534964919793142
546,0.0597,1,10,1,14543,591067,777,107179,5.4750731779613915,0.1534974779662182
547,0.0598,3,33,3,14576,591034,780,107176,5.474767497869502,0.1535010956588992
548,0.0599,1,27,1,14603,591007,781,107175,5.474517395976139,0.1535058193995262
549,0.06,0,33,0,14636,590974,781,107175,5.474211715884249,0.15351307528908587
550,0.0601,0,31,0,14667,590943,781,107175,5.473924561858535,0.15351989205263294
551,0.0602,0,4,0,14671,590939,781,107175,5.473887509726184,0.15352077167912404
552,0.0603,1,28,1,14699,590911,782,107174,5.473628144799733,0.15352571678234025
553,0.0604,0,9,0,14708,590902,782,107174,5.473544777501945,0.15352769612477724
554,0.0605,1,21,1,14729,590881,783,107173,5.473350253807107,0.1535311021783415
555,0.0606,0,28,0,14757,590853,783,107173,5.473090888880655,0.1535372607897127
556,0.0607,1,35,1,14792,590818,784,107172,5.4727666827225905,0.1535437470450866
557,0.0608,2,18,2,14810,590800,786,107170,5.472599948127015,0.15354528131581588
558,0.0609,0,4,0,14814,590796,786,107170,5.472562895994664,0.1535461612743314
559,0.061,2,8,2,14822,590788,788,107168,5.4724887917299645,0.1535454957046003
560,0.0611,4,38,4,14860,590750,792,107164,5.472136796472637,0.15354900460515192
561,0.0612,0,16,0,14876,590734,792,107164,5.471988587943236,0.1535525248675308
562,0.0613,1,14,1,14890,590720,793,107163,5.47185890548001,0.15355439235516555
563,0.0614,2,15,2,14905,590705,795,107161,5.471719959983697,0.15355526705699948
564,0.0615,0,25,0,14930,590680,795,107161,5.471488384156508,0.15356076814059363
565,0.0616,0,12,0,14942,590668,795,107161,5.471377227759458,0.1535634088007234
566,0.0617,0,8,0,14950,590660,795,107161,5.471303123494757,0.15356516929126524
567,0.0618,0,13,0,14963,590647,795,107161,5.471182704064619,0.15356803017448925
568,0.0619,0,5,0,14968,590642,795,107161,5.471136388899181,0.15356913054257434
569,0.062,2,22,2,14990,590620,797,107159,5.4709326021712545,0.15357154629187753
570,0.0621,2,25,2,15015,590595,799,107157,5.4707010263440665,0.1535746225019778
571,0.0622,1,11,1,15026,590584,800,107156,5.470599132980103,0.15357583053859603
572,0.0623,0,6,0,15032,590578,800,107156,5.470543554781577,0.15357715117795606
573,0.0624,1,20,1,15052,590558,801,107155,5.470358294119826,0.15358034034051252
574,0.0625,0,11,0,15063,590547,801,107155,5.470256400755863,0.153582761694821
575,0.0626,0,6,0,15069,590541,801,107155,5.470200822557338,0.15358408246571573
576,0.0627,4,33,4,15102,590508,805,107151,5.4698951424654485,0.15358649426152318
577,0.0628,0,6,0,15108,590502,805,107151,5.469839564266923,0.15358781514592498
578,0.0629,4,33,4,15141,590469,809,107147,5.469533884175034,0.15359022728836494
579,0.063,2,11,2,15152,590458,811,107145,5.469431990811072,0.15359022251911186
580,0.0631,0,23,0,15175,590435,811,107145,5.469218941050057,0.15359528656211474
581,0.0632,1,22,1,15197,590413,812,107144,5.469015154322131,0.1535989173644591
582,0.0633,0,12,0,15209,590401,812,107144,5.46890399792508,0.1536015597560014
583,0.0634,0,42,0,15251,590359,812,107144,5.468514950535403,0.15361080884239925
584,0.0635,1,24,1,15275,590335,813,107143,5.468292637741302,0.15361488104284293
585,0.0636,0,6,0,15281,590329,813,107143,5.468237059542776,0.15361620251422278
586,0.0637,3,18,3,15299,590311,816,107140,5.468070324947201,0.15361652646565851
587,0.0638,1,13,1,15312,590298,817,107139,5.467949905517062,0.1536181762653831
588,0.0639,2,14,2,15326,590284,819,107137,5.467820223053836,0.15361883281403915
589,0.064,0,5,0,15331,590279,819,107137,5.467773907888399,0.15361993415694505
590,0.0641,2,27,2,15358,590252,821,107135,5.467523805995035,0.1536234544091014
591,0.0642,0,13,0,15371,590239,821,107135,5.4674033865648966,0.15362631815926606
592,0.0643,0,8,0,15379,590231,821,107135,5.467329282300196,0.1536280805201286
593,0.0644,1,3,1,15382,590228,822,107134,5.467301493200933,0.15362752774025543
594,0.0645,0,22,0,15404,590206,822,107134,5.467097706473007,0.15363237445148709
595,0.0646,0,10,0,15414,590196,822,107134,5.467005076142132,0.15363457760314342
596,0.0647,0,6,0,15420,590190,822,107134,5.466949497943607,0.15363589952446782
597,0.0648,3,18,3,15438,590172,825,107131,5.46678276334803,0.15363622413785685
598,0.0649,4,22,4,15460,590150,829,107127,5.466578976620104,0.1536362163100174
599,0.065,0,23,0,15483,590127,829,107127,5.4663659268590905,0.15364128423788176
600,0.0651,0,18,0,15501,590109,829,107127,5.466199192263515,0.1536452506755245
601,0.0652,0,14,0,15515,590095,829,107127,5.466069509800289,0.15364833582417078
602,0.0653,2,36,2,15551,590059,831,107125,5.465736040609137,0.15365384174048743
603,0.0654,0,1,0,15552,590058,831,107125,5.46572677757605,0.15365406213289767
604,0.0655,0,6,0,15558,590052,831,107125,5.465671199377524,0.15365538450063615
605,0.0656,3,19,3,15577,590033,834,107122,5.465495201748861,0.1536559301733474
606,0.0657,0,6,0,15583,590027,834,107122,5.465439623550336,0.15365725261027413
607,0.0658,1,6,1,15589,590021,835,107121,5.46538404535181,0.15365736105413244
608,0.0659,0,7,0,15596,590014,835,107121,5.465319204120197,0.15365890394256493
609,0.066,0,12,0,15608,590002,835,107121,5.465208047723147,0.15366154896625128
610,0.0661,0,16,0,15624,589986,835,107121,5.465059839193746,0.15366507580615316
611,0.0662,0,16,0,15640,589970,835,107121,5.464911630664345,0.15366860280795477
612,0.0663,2,10,2,15650,589960,837,107119,5.46481900033347,0.15366837905029415
613,0.0664,0,9,0,15659,589951,837,107119,5.464735633035681,0.1536703630912247
614,0.0665,1,22,1,15681,589929,838,107118,5.464531846307755,0.1536739990273253
615,0.0666,0,9,0,15690,589920,838,107118,5.464448479009967,0.15367598323190415
616,0.0667,2,24,2,15714,589896,840,107116,5.464226166215866,0.15367884627524347
617,0.0668,1,10,1,15724,589886,841,107115,5.46413353588499,0.1536798369012383
618,0.0669,3,22,3,15746,589864,844,107112,5.463929749157064,0.15368104497141938
619,0.067,2,26,2,15772,589838,846,107110,5.463688910296788,0.15368434947800982
620,0.0671,1,12,1,15784,589826,847,107109,5.463577753899737,0.15368578131389585
621,0.0672,0,16,0,15800,589810,847,107109,5.463429545370336,0.1536893096615245
622,0.0673,0,17,0,15817,589793,847,107109,5.463272073807848,0.15369305870839803
623,0.0674,0,3,0,15820,589790,847,107109,5.463244284708585,0.15369372032389197
624,0.0675,1,26,1,15846,589764,848,107108,5.463003445848309,0.15369824013592165
625,0.0676,0,19,0,15865,589745,848,107108,5.462827448219645,0.15370243078525886
626,0.0677,0,20,0,15885,589725,848,107108,5.462642187557894,0.1537068422419719
627,0.0678,2,9,2,15894,589716,850,107106,5.462558820260106,0.15370639847766002
628,0.0679,0,20,0,15914,589696,850,107106,5.462373559598355,0.1537108102445171
629,0.068,1,20,1,15934,589676,851,107105,5.462188298936604,0.15371400770112847
630,0.0681,0,5,0,15939,589671,851,107105,5.462141983771166,0.15371511073860178
631,0.0682,0,12,0,15951,589659,851,107105,5.462030827374115,0.15371775809312765
632,0.0683,5,22,5,15973,589637,856,107100,5.461827040646189,0.15371653866523524
633,0.0684,0,12,0,15985,589625,856,107100,5.461715884249139,0.15371918619254368
634,0.0685,4,29,4,16014,589596,860,107096,5.461447256289599,0.15372072594489386
635,0.0686,0,17,0,16031,589579,860,107096,5.461289784727111,0.15372447697994043
636,0.0687,0,17,0,16048,589562,860,107096,5.461132313164622,0.15372822819805415
637,0.0688,1,24,1,16072,589538,861,107095,5.4609100003705215,0.1537323095518013
638,0.0689,0,15,0,16087,589523,861,107095,5.460771054874208,0.1537356198088479
639,0.069,3,34,3,16121,589489,864,107092,5.460456111749231,0.15373947896942353
640,0.0691,3,14,3,16135,589475,867,107089,5.460326429286005,0.15373892420509816
641,0.0692,0,9,0,16144,589466,867,107089,5.460243061988217,0.15374091062443024
642,0.0693,0,19,0,16163,589447,867,107089,5.460067064359554,0.15374510434492977
643,0.0694,1,31,1,16194,589416,868,107088,5.45977991033384,0.15375073222838634
644,0.0695,2,24,2,16218,589392,870,107086,5.459557597539739,0.15375360025729456
645,0.0696,1,15,1,16233,589377,871,107085,5.459418652043425,0.15375569664963773
646,0.0697,0,7,0,16240,589370,871,107085,5.4593538108118125,0.15375724203286645
647,0.0698,0,16,0,16256,589354,871,107085,5.459205602282411,0.15376077445404407
648,0.0699,0,20,0,16276,589334,871,107085,5.45902034162066,0.153765190208768
649,0.07,0,27,0,16303,589307,871,107085,5.458770239727296,0.15377115187997564
650,0.0701,1,25,1,16328,589282,872,107084,5.458538663900107,0.1537754571590227
651,0.0702,0,7,0,16335,589275,872,107084,5.458473822668495,0.15377700295393612
652,0.0703,2,27,2,16362,589248,874,107082,5.4582237207751305,0.15378053509112058
653,0.0704,0,7,0,16369,589241,874,107082,5.458158879543518,0.1537820810169993
654,0.0705,2,20,2,16389,589221,876,107080,5.457973618881766,0.15378406752252258
655,0.0706,0,15,0,16404,589206,876,107080,5.457834673385453,0.15378738047296656
656,0.0707,0,17,0,16421,589189,876,107080,5.457677201822965,0.15379113532269856
657,0.0708,0,13,0,16434,589176,876,107080,5.457556782392826,0.1537940068020958
658,0.0709,1,35,1,16469,589141,877,107079,5.457232576234762,0.15380052282324552
659,0.071,1,13,1,16482,589128,878,107078,5.457112156804624,0.15380217924005252
660,0.0711,0,4,0,16486,589124,878,107078,5.457075104672274,0.15380306290415713
661,0.0712,0,8,0,16494,589116,878,107078,5.4570010004075735,0.15380483026282904
662,0.0713,3,19,3,16513,589097,881,107075,5.45682500277891,0.15380538142872738
663,0.0714,0,8,0,16521,589089,881,107075,5.456750898514209,0.15380714889020403
664,0.0715,4,50,4,16571,589039,885,107071,5.456287746859831,0.15381333409949577
665,0.0716,1,10,1,16581,589029,886,107070,5.456195116528956,0.1538143281343602
666,0.0717,0,9,0,16590,589020,886,107070,5.456111749231169,0.15381631685557903
667,0.0718,1,27,1,16617,588993,887,107069,5.455861647337804,0.15382106766351272
668,0.0719,1,12,1,16629,588981,888,107068,5.455750490940754,0.15382250387544555
669,0.072,0,12,0,16641,588969,888,107068,5.455639334543703,0.15382515584660011
670,0.0721,0,19,0,16660,588950,888,107068,5.45546333691504,0.15382935498794573
671,0.0722,0,17,0,16677,588933,888,107068,5.4553058653525515,0.1538331123087467
672,0.0723,0,2,0,16679,588931,888,107068,5.455287339286376,0.1538335543585551
673,0.0724,0,23,0,16702,588908,888,107068,5.4550742895253626,0.15383863811395795
674,0.0725,0,5,0,16707,588903,888,107068,5.455027974359925,0.15383974332263844
675,0.0726,1,27,1,16734,588876,889,107067,5.45477787246656,0.1538444958854389
676,0.0727,3,23,3,16757,588853,892,107064,5.454564822705547,0.15384593277646616
677,0.0728,1,9,1,16766,588844,893,107063,5.454481455407759,0.15384670652831484
678,0.0729,1,25,1,16791,588819,894,107062,5.45424987958057,0.15385101763088804
679,0.073,2,10,2,16801,588809,896,107060,5.454157249249694,0.15385079662982545
680,0.0731,1,10,1,16811,588799,897,107059,5.454064618918819,0.15385179160116
681,0.0732,4,24,4,16835,588775,901,107055,5.453842306124717,0.15385223402267795
682,0.0733,1,22,1,16857,588753,902,107054,5.453638519396791,0.15385588245016218
683,0.0734,0,4,0,16861,588749,902,107054,5.453601467264441,0.15385676692972006
684,0.0735,2,22,2,16883,588727,904,107052,5.453397680536515,0.15385919954468302
685,0.0736,2,9,2,16892,588718,906,107050,5.453314313238727,0.15385875751687345
686,0.0737,0,6,0,16898,588712,906,107050,5.453258735040202,0.15386008433918494
687,0.0738,2,22,2,16920,588690,908,107048,5.453054948312276,0.15386251721193897
688,0.0739,2,35,2,16955,588655,910,107046,5.452730742154211,0.1538678254020046
689,0.074,1,3,1,16958,588652,911,107045,5.452702953054948,0.15386727267761682
690,0.0741,0,12,0,16970,588640,911,107045,5.452591796657898,0.15386992676283087
691,0.0742,2,20,2,16990,588620,913,107043,5.452406535996147,0.15387191786827817
692,0.0743,2,15,2,17005,588605,915,107041,5.452267590499833,0.1538728031211277
693,0.0744,1,16,1,17021,588589,916,107040,5.452119381970433,0.15387512596513372
694,0.0745,3,10,3,17031,588579,919,107037,5.452026751639557,0.15387368893182446
695,0.0746,0,13,0,17044,588566,919,107037,5.451906332209418,0.15387656464966368
696,0.0747,1,13,1,17057,588553,920,107036,5.451785912779281,0.153878224066223
697,0.0748,0,5,0,17062,588548,920,107036,5.451739597613843,0.1538793301743571
698,0.0749,0,2,0,17064,588546,920,107036,5.451721071547667,0.15387977262206326
699,0.075,0,20,0,17084,588526,920,107036,5.451535810885916,0.15388419723906713
700,0.0751,3,10,3,17094,588516,923,107033,5.4514431805550405,0.15388276023687764
701,0.0752,0,5,0,17099,588511,923,107033,5.451396865389603,0.15388386644123161
702,0.0753,2,17,2,17116,588494,925,107031,5.451239393827115,0.1538851946371446
703,0.0754,0,20,0,17136,588474,925,107031,5.451054133165363,0.15388961977268314
704,0.0755,0,26,0,17162,588448,925,107031,5.450813294305087,0.1538953728293737
705,0.0756,0,8,0,17170,588440,925,107031,5.4507391900403865,0.1538971430872028
706,0.0757,1,15,1,17185,588425,926,107030,5.4506002445440735,0.1538992458174864
707,0.0758,3,27,3,17212,588398,929,107027,5.450350142650709,0.15390157098177373
708,0.0759,2,22,2,17234,588376,931,107025,5.450146355922783,0.1539040064653344
709,0.076,2,14,2,17248,588362,933,107023,5.450016673459557,0.15390467151290294
710,0.0761,2,9,2,17257,588353,935,107021,5.449933306161769,0.15390422995395284
711,0.0762,0,20,0,17277,588333,935,107021,5.4497480455000185,0.1539086565979343
712,0.0763,0,13,0,17290,588320,935,107021,5.44962762606988,0.15391153405307612
713,0.0764,1,10,1,17300,588310,936,107020,5.449534995739005,0.15391253074079933
714,0.0765,3,24,3,17324,588286,939,107017,5.449312682944903,0.15391419280515115
715,0.0766,0,5,0,17329,588281,939,107017,5.449266367779465,0.15391529962692255
716,0.0767,0,13,0,17342,588268,939,107017,5.449145948349328,0.15391817743802902
717,0.0768,1,24,1,17366,588244,940,107016,5.448923635555226,0.1539222736817881
718,0.0769,1,16,1,17382,588228,941,107015,5.448775427025826,0.15392459902508906
719,0.077,0,14,0,17396,588214,941,107015,5.4486457445626,0.15392769864318087
720,0.0771,2,16,2,17412,588198,943,107013,5.448497536033199,0.15392880722543228
721,0.0772,1,15,1,17427,588183,944,107012,5.448358590536885,0.15393091147088228
722,0.0773,0,24,0,17451,588159,944,107012,5.448136277742784,0.15393622576315755
723,0.0774,0,12,0,17463,588147,944,107012,5.448025121345734,0.15393888304690007
724,0.0775,1,11,1,17474,588136,945,107011,5.447923227981771,0.15394010187773233
725,0.0776,5,29,5,17503,588107,950,107006,5.447654600022231,0.15394043846108474
726,0.0777,3,14,3,17517,588093,953,107003,5.447524917559005,0.15393988744000828
727,0.0778,1,34,1,17551,588059,954,107002,5.4472099744340285,0.15394620040543205
728,0.0779,2,30,2,17581,588029,956,107000,5.446932083441402,0.15395041070228724
729,0.078,2,19,2,17600,588010,958,106998,5.446756085812739,0.15395218472305355
730,0.0781,0,21,0,17621,587989,958,106998,5.4465615621179,0.15395683660269904
731,0.0782,0,15,0,17636,587974,958,106998,5.446422616621587,0.1539601595459961
732,0.0783,0,17,0,17653,587957,958,106998,5.446265145059098,0.15396392572180934
733,0.0784,1,29,1,17682,587928,959,106997,5.445996517099559,0.15396913335971507
734,0.0785,0,21,0,17703,587907,959,106997,5.445801993404721,0.15397378630717337
735,0.0786,1,14,1,17717,587893,960,106996,5.445672310941495,0.15397567093449457
736,0.0787,2,16,2,17733,587877,962,106994,5.445524102412094,0.15397678130185316
737,0.0788,2,24,2,17757,587853,964,106992,5.445301789617993,0.15397966452949938
738,0.0789,2,22,2,17779,587831,966,106990,5.445098002890067,0.15398210474352386
739,0.079,1,8,1,17787,587823,967,106989,5.445023898625366,0.15398266005768466
740,0.0791,1,32,1,17819,587791,968,106988,5.444727481566564,0.15398853448362718
741,0.0792,0,26,0,17845,587765,968,106988,5.444486642706288,0.15399429725384417
742,0.0793,4,45,4,17890,587720,972,106984,5.444069806217348,0.15399940118381353
743,0.0794,1,25,1,17915,587695,973,106983,5.443838230390159,0.15400372546705093
744,0.0795,5,34,5,17949,587661,978,106978,5.443523287265182,0.15400517391047724
745,0.0796,3,15,3,17964,587646,981,106975,5.443384341768869,0.15400484580800178
746,0.0797,2,5,2,17969,587641,983,106973,5.443338026603431,0.1540035185009228
747,0.0798,1,10,1,17979,587631,984,106972,5.443245396272555,0.15400451768852136
748,0.0799,3,14,3,17993,587617,987,106969,5.44311571380933,0.1540039678311973
749,0.08,1,28,1,18021,587589,988,106968,5.442856348882878,0.15400895822805039
750,0.0801,1,12,1,18033,587577,989,106967,5.442745192485828,0.15401040106890276
751,0.0802,3,33,3,18066,587544,992,106964,5.442439512393938,0.15401406463280481
752,0.0803,0,9,0,18075,587535,992,106964,5.44235614509615,0.15401606049828725
753,0.0804,2,9,2,18084,587526,994,106962,5.442272777798363,0.1540156201403048
754,0.0805,0,12,0,18096,587514,994,106962,5.442161621401311,0.15401828140929277
755,0.0806,0,6,0,18102,587508,994,106962,5.442106043202786,0.15401961207827553
756,0.0807,1,8,1,18110,587500,995,106961,5.442031938938086,0.1540201681591911
757,0.0808,0,10,0,18120,587490,995,106961,5.4419393086072105,0.15402238602867588
758,0.0809,5,22,5,18142,587468,1000,106956,5.441735521879284,0.15402117438337384
759,0.081,1,6,1,18148,587462,1001,106955,5.441679943680759,0.15402128692125913
760,0.0811,2,18,2,18166,587444,1003,106953,5.4415132090851825,0.15402284284062287
761,0.0812,4,32,4,18198,587412,1007,106949,5.441216792026381,0.1540250676521291
762,0.0813,2,17,2,18215,587395,1009,106947,5.441059320463893,0.15402640197481932
763,0.0814,0,15,0,18230,587380,1009,106947,5.440920374967579,0.15402972950785437
764,0.0815,2,24,2,18254,587356,1011,106945,5.440698062173478,0.15403261697736284
765,0.0816,0,32,0,18286,587324,1011,106945,5.440401645114676,0.15403971659400031
766,0.0817,0,15,0,18301,587309,1011,106945,5.440262699618363,0.15404304476459624
767,0.0818,1,10,1,18311,587299,1012,106944,5.440170069287488,0.15404404509660163
768,0.0819,1,14,1,18325,587285,1013,106943,5.440040386824262,0.1540459330364088
769,0.082,1,18,1,18343,587267,1014,106942,5.439873652228686,0.1540487086741889
770,0.0821,0,21,0,18364,587246,1014,106942,5.4396791285338475,0.15405336882804083
771,0.0822,1,6,1,18370,587240,1015,106941,5.439623550335321,0.15405348172882866
772,0.0823,2,14,2,18384,587226,1017,106939,5.439493867872096,0.15405415139051953
773,0.0824,3,7,3,18391,587219,1020,106936,5.439429026640483,0.154052048893979
774,0.0825,0,16,0,18407,587203,1020,106936,5.439280818111082,0.15405559981502265
775,0.0826,1,13,1,18420,587190,1021,106935,5.4391603986809445,0.15405726634251757
776,0.0827,4,23,4,18443,587167,1025,106931,5.43894734891993,0.1540574962037061
777,0.0828,1,12,1,18455,587155,1026,106930,5.43883619252288,0.15405894090781388
778,0.0829,0,10,0,18465,587145,1026,106930,5.438743562192004,0.1540611605374059
779,0.083,0,25,0,18490,587120,1026,106930,5.438511986364816,0.1540667098912182
780,0.0831,4,33,4,18523,587087,1030,106926,5.438206306272926,0.15406916008777932
781,0.0832,3,12,3,18535,587075,1033,106923,5.438095149875875,0.15406816734342174
782,0.0833,2,15,2,18550,587060,1035,106921,5.437956204379562,0.1540690595275663
783,0.0834,3,17,3,18567,587043,1038,106918,5.437798732817074,0.15406917679811977
784,0.0835,1,6,1,18573,587037,1039,106917,5.437743154618548,0.15406928989529564
785,0.0836,0,12,0,18585,587025,1039,106917,5.437631998221498,0.15407195414025956
786,0.0837,1,20,1,18605,587005,1040,106916,5.437446737559746,0.154075175704439
787,0.0838,3,23,3,18628,586982,1043,106913,5.437233687798733,0.1540766254260371
788,0.0839,0,7,0,18635,586975,1043,106913,5.43716884656712,0.1540781797638812
789,0.084,1,19,1,18654,586956,1044,106912,5.4369928489384565,0.15408117970565008
790,0.0841,0,15,0,18669,586941,1044,106912,5.4368539034421435,0.15408451069606963
791,0.0842,0,14,0,18683,586927,1044,106912,5.436724220978918,0.1540876197504032
792,0.0843,0,11,0,18694,586916,1044,106912,5.436622327614955,0.1540900626668281
793,0.0844,0,9,0,18703,586907,1044,106912,5.436538960317166,0.15409206147424617
794,0.0845,0,21,0,18724,586886,1044,106912,5.436344436622328,0.15409672555988918
795,0.0846,0,19,0,18743,586867,1044,106912,5.436168438993664,0.15410094569019817
796,0.0847,0,20,0,18763,586847,1044,106912,5.435983178331913,0.1541053881823515
797,0.0848,3,29,3,18792,586818,1047,106909,5.435714550372374,0.1541081722348993
798,0.0849,1,11,1,18803,586807,1048,106908,5.435612657008411,0.1541093965100942
799,0.085,4,39,4,18842,586768,1052,106904,5.4352513987179965,0.15411318317591022
800,0.0851,2,17,2,18859,586751,1054,106902,5.435093927155508,0.15411452123756403
801,0.0852,4,30,4,18889,586721,1058,106898,5.434816036162881,0.15411630880930308
802,0.0853,2,33,2,18922,586688,1060,106896,5.434510356070992,0.1541212023345406
803,0.0854,3,17,3,18939,586671,1063,106893,5.434352884508503,0.15412132117583957
804,0.0855,0,26,0,18965,586645,1063,106893,5.434112045648227,0.1541270990198086
805,0.0856,0,9,0,18974,586636,1063,106893,5.4340286783504395,0.15412909914365513
806,0.0857,2,22,2,18996,586614,1065,106891,5.433824891622513,0.15413154915970326
807,0.0858,2,7,2,19003,586607,1067,106889,5.4337600503909,0.15413066549771015
808,0.0859,1,33,1,19036,586574,1068,106888,5.43345437029901,0.1541367803859476
809,0.086,0,8,0,19044,586566,1068,106888,5.433380266034311,0.154138558577786
810,0.0861,2,15,2,19059,586551,1070,106886,5.433241320537997,0.15413945318752822
811,0.0862,2,19,2,19078,586532,1072,106884,5.433065322909333,0.15414123700635693
812,0.0863,3,30,3,19108,586502,1075,106881,5.432787431916707,0.154144246397734
813,0.0864,3,31,3,19139,586471,1078,106878,5.432500277890993,0.15414747839832466
814,0.0865,0,14,0,19153,586457,1078,106878,5.432370595427767,0.1541505909841563
815,0.0866,0,20,0,19173,586437,1078,106878,5.432185334766015,0.15415503775340214
816,0.0867,1,21,1,19194,586416,1079,106877,5.431990811071177,0.1541584871042979
817,0.0868,0,11,0,19205,586405,1079,106877,5.431888917707214,0.154160933069083
818,0.0869,1,10,1,19215,586395,1080,106876,5.431796287376338,0.15416193667411446
819,0.087,2,11,2,19226,586384,1082,106874,5.431694394012375,0.15416194259568589
820,0.0871,1,13,1,19239,586371,1083,106873,5.431573974582237,0.15416361338864815
821,0.0872,1,22,1,19261,586349,1084,106872,5.431370187854311,0.1541672857573559
822,0.0873,0,1,0,19262,586348,1084,106872,5.431360924821224,0.15416750815037072
823,0.0874,1,34,1,19296,586314,1085,106871,5.431045981696246,0.15417384969380468
824,0.0875,1,13,1,19309,586301,1086,106870,5.430925562266109,0.15417552090321146
825,0.0876,1,21,1,19330,586280,1087,106869,5.4307310385712695,0.15417897162082034
826,0.0877,1,16,1,19346,586264,1088,106868,5.430582830041869,0.15418131034204163
827,0.0878,1,13,1,19359,586251,1089,106867,5.430462410611731,0.15418298182993373
828,0.0879,0,13,0,19372,586238,1089,106867,5.430341991181592,0.15418587371321804
829,0.088,2,27,2,19399,586211,1091,106865,5.430091889288229,0.15418943954198386
830,0.0881,1,21,1,19420,586190,1092,106864,5.42989736559339,0.15419289117442508
831,0.0882,1,11,1,19431,586179,1093,106863,5.429795472229427,0.1541941181053962
832,0.0883,1,22,1,19453,586157,1094,106862,5.4295916855015,0.15419779255691402
833,0.0884,2,13,2,19466,586144,1096,106860,5.429471266071363,0.15419824416597883
834,0.0885,1,30,1,19496,586114,1097,106859,5.429193375078736,0.1542036991340211
835,0.0886,2,17,2,19513,586097,1099,106857,5.429035903516247,0.15420504102725432
836,0.0887,0,10,0,19523,586087,1099,106857,5.4289432731853715,0.15420726638804869
837,0.0888,1,42,1,19565,586045,1100,106856,5.428554225795694,0.15421539296378559
838,0.0889,1,20,1,19585,586025,1101,106855,5.428368965133943,0.1542186237155063
839,0.089,2,14,2,19599,586011,1103,106853,5.4282392826707175,0.1542192984481803
840,0.0891,0,15,0,19614,585996,1103,106853,5.4281003371744045,0.15422263725573682
841,0.0892,2,13,2,19627,585983,1105,106851,5.427979917744266,0.1542230895135054
842,0.0893,0,15,0,19642,585968,1105,106851,5.427840972247953,0.15422642854771593
843,0.0894,5,17,5,19659,585951,1110,106846,5.427683500685465,0.15422410893811608
844,0.0895,2,28,2,19687,585923,1112,106844,5.427424135759013,0.15422790057840516
845,0.0896,0,18,0,19705,585905,1112,106844,5.427257401163437,0.15423190794934385
846,0.0897,2,26,2,19731,585879,1114,106842,5.4270165623031605,0.1542352548861663
847,0.0898,2,19,2,19750,585860,1116,106840,5.426840564674497,0.1542370434531543
848,0.0899,2,20,2,19770,585840,1118,106838,5.426655304012746,0.1542390547989109
849,0.09,0,23,0,19793,585817,1118,106838,5.426442254251732,0.15424417639373136
850,0.0901,3,21,3,19814,585796,1121,106835,5.426247730556893,0.15424518971862364
851,0.0902,0,14,0,19828,585782,1121,106835,5.4261180480936675,0.15424830750616864
852,0.0903,0,13,0,19841,585769,1121,106835,5.42599762866353,0.15425120270746343
853,0.0904,0,14,0,19855,585755,1121,106835,5.425867946200304,0.15425432073809903
854,0.0905,1,21,1,19876,585734,1122,106834,5.425673422505465,0.1542577768536808
855,0.0906,0,7,0,19883,585727,1122,106834,5.425608581273853,0.15425933600072772
856,0.0907,1,20,1,19903,585707,1123,106833,5.425423320612102,0.15426256967106594
857,0.0908,3,10,3,19913,585697,1126,106830,5.425330690281226,0.1542611335009321
858,0.0909,1,24,1,19937,585673,1127,106829,5.425108377487124,0.1542652584396868
859,0.091,1,25,1,19962,585648,1128,106828,5.424876801659935,0.154269606455675
860,0.0911,6,25,6,19987,585623,1134,106822,5.424645225832747,0.15426784798792684
861,0.0912,4,16,4,20003,585607,1138,106818,5.424497017303346,0.1542665270606925
862,0.0913,3,18,3,20021,585589,1141,106815,5.4243302827077695,0.15426687309720916
863,0.0914,1,18,1,20039,585571,1142,106814,5.424163548112194,0.15426966210995327
864,0.0915,2,15,2,20054,585556,1144,106812,5.424024602615881,0.15427056131999167
865,0.0916,3,17,3,20071,585539,1147,106809,5.423867131053392,0.15427068468458058
866,0.0917,2,13,2,20084,585526,1149,106807,5.423746711623254,0.15427113831061065
867,0.0918,0,14,0,20098,585512,1149,106807,5.423617029160028,0.1542742579648977
868,0.0919,1,6,1,20104,585506,1150,106806,5.423561450961503,0.15427437340389882
869,0.092,0,21,0,20125,585485,1150,106806,5.423366927266664,0.1542790531727265
870,0.0921,0,9,0,20134,585476,1150,106806,5.423283559968876,0.15428105887485158
871,0.0922,0,15,0,20149,585461,1150,106806,5.423144614472563,0.15428440182761854
872,0.0923,1,9,1,20158,585452,1151,106805,5.423061247174775,0.15428518599306326
873,0.0924,2,7,2,20165,585445,1153,106803,5.422996405943162,0.15428430273543586
874,0.0925,3,19,3,20184,585426,1156,106800,5.422820408314498,0.1542848722815959
875,0.0926,2,16,2,20200,585410,1158,106798,5.422672199785097,0.15428599496105216
876,0.0927,1,21,1,20221,585389,1159,106797,5.422477676090259,0.15428945399069036
877,0.0928,0,18,0,20239,585371,1159,106797,5.422310941494683,0.15429346632609425
878,0.0929,1,13,1,20252,585358,1160,106796,5.422190522064545,0.15429514241050402
879,0.093,2,25,2,20277,585333,1162,106794,5.421958946237356,0.1542982718489526
880,0.0931,2,41,2,20318,585292,1164,106792,5.421579161880766,0.15430496876101746
881,0.0932,2,27,2,20345,585265,1166,106790,5.421329059987403,0.15430854484108922
882,0.0933,2,15,2,20360,585250,1168,106788,5.421190114491089,0.15430944543507727
883,0.0934,1,21,1,20381,585229,1169,106787,5.420995590796251,0.1543129060599755
884,0.0935,1,16,1,20397,585213,1170,106786,5.4208473822668495,0.15431525190065304
885,0.0936,0,24,0,20421,585189,1170,106786,5.420625069472748,0.15432060406806605
886,0.0937,0,16,0,20437,585173,1170,106786,5.420476860943348,0.15432417238593615
887,0.0938,0,21,0,20458,585152,1170,106786,5.4202823372485085,0.15432885605357705
888,0.0939,1,29,1,20487,585123,1171,106785,5.42001370928897,0.15433410222168265
889,0.094,0,8,0,20495,585115,1171,106785,5.419939605024269,0.15433588668882786
890,0.0941,1,29,1,20524,585086,1172,106784,5.41967097706473,0.15434113344992556
891,0.0942,1,14,1,20538,585072,1173,106783,5.419541294601505,0.1543430343063214
892,0.0943,2,35,2,20573,585037,1175,106781,5.41921708844344,0.1543483979890665
893,0.0944,1,13,1,20586,585024,1176,106780,5.419096669013301,0.15435007603309608
894,0.0945,1,23,1,20609,585001,1177,106779,5.418883619252288,0.15435398537107173
895,0.0946,0,9,0,20618,584992,1177,106779,5.4188002519545,0.1543559935296507
896,0.0947,2,3,2,20621,584989,1179,106777,5.418772462855237,0.15435421804483018
897,0.0948,1,10,1,20631,584979,1180,106776,5.4186798325243615,0.15435522692282672
898,0.0949,2,22,2,20653,584957,1182,106774,5.418476045796435,0.15435769106777056
899,0.095,2,17,2,20670,584940,1184,106772,5.418318574233947,0.15435903960029607
900,0.0951,1,32,1,20702,584908,1185,106771,5.4180221571751455,0.15436495831158673
901,0.0952,0,16,0,20718,584892,1185,106771,5.417873948645744,0.15436852918256433
902,0.0953,1,16,1,20734,584876,1186,106770,5.417725740116344,0.15437087758766768
903,0.0954,2,22,2,20756,584854,1188,106768,5.417521953388418,0.1543733426640564
904,0.0955,2,10,2,20766,584844,1190,106766,5.417429323057542,0.15437312936481543
905,0.0956,0,23,0,20789,584821,1190,106766,5.417216273296528,0.15437826332767968
906,0.0957,1,15,1,20804,584806,1191,106765,5.417077327800215,0.15438038899838194
907,0.0958,0,22,0,20826,584784,1191,106765,5.416873541072289,0.15438530024625877
908,0.0959,1,15,1,20841,584769,1192,106764,5.416734595575975,0.15438742619658063
909,0.096,1,11,1,20852,584758,1193,106763,5.416632702212012,0.15438865920196204
910,0.0961,1,23,1,20875,584735,1194,106762,5.416419652450998,0.15439257147897967
911,0.0962,3,15,3,20890,584720,1197,106759,5.416280706954685,0.1543922519700526
912,0.0963,1,7,1,20897,584713,1198,106758,5.416215865723072,0.15439259202482822
913,0.0964,3,26,3,20923,584687,1201,106755,5.415975026862796,0.15439472869741785
914,0.0965,1,10,1,20933,584677,1202,106754,5.41588239653192,0.15439573869265336
915,0.0966,0,7,0,20940,584670,1202,106754,5.415817555300308,0.15439730180034247
916,0.0967,0,19,0,20959,584651,1202,106754,5.415641557671644,0.15440154468075876
917,0.0968,0,12,0,20971,584639,1202,106754,5.4155304012745935,0.15440422451485625
918,0.0969,2,16,2,20987,584623,1204,106752,5.415382192745192,0.15440535165431207
919,0.097,0,20,0,21007,584603,1204,106752,5.415196932083441,0.15440981840009835
920,0.0971,2,26,2,21033,584577,1206,106750,5.414956093223165,0.1544131792914207
921,0.0972,1,4,1,21037,584573,1207,106749,5.414919041090815,0.15441284958384083
922,0.0973,1,30,1,21067,584543,1208,106748,5.414641150098189,0.1544183274482092
923,0.0974,0,22,0,21089,584521,1208,106748,5.414437363370262,0.15442324189280873
924,0.0975,3,10,3,21099,584511,1211,106745,5.414344733039386,0.15442180610367215
925,0.0976,3,38,3,21137,584473,1214,106742,5.413992737782059,0.15442662557959536
926,0.0977,3,42,3,21179,584431,1217,106739,5.413603690392382,0.1544323393665813
927,0.0978,1,22,1,21201,584409,1218,106738,5.413399903664456,0.1544360316980324
928,0.0979,0,23,0,21224,584386,1218,106738,5.413186853903442,0.15444117119359188
929,0.098,0,12,0,21236,584374,1218,106738,5.413075697506391,0.15444385280533401
930,0.0981,3,17,3,21253,584357,1221,106735,5.412918225943903,0.1544439814091322
931,0.0982,1,3,1,21256,584354,1222,106734,5.41289043684464,0.15444342833329475
932,0.0983,4,11,4,21267,584343,1226,106730,5.412788543480677,0.15444099248559848
933,0.0984,1,13,1,21280,584330,1227,106729,5.412668124050539,0.15444267421450267
934,0.0985,0,5,0,21285,584325,1227,106729,5.412621808885102,0.15444379165738134
935,0.0986,1,5,1,21290,584320,1228,106728,5.412575493719664,0.15444368553269816
936,0.0987,0,15,0,21305,584305,1228,106728,5.41243654822335,0.15444703798516135
937,0.0988,0,18,0,21323,584287,1228,106728,5.412269813627774,0.15445106112023618
938,0.0989,0,17,0,21340,584270,1228,106728,5.412112342065286,0.1544548609402632
939,0.099,0,14,0,21354,584256,1228,106728,5.41198265960206,0.1544579903442048
940,0.0991,1,13,1,21367,584243,1229,106727,5.411862240171922,0.15445967263412305
941,0.0992,4,39,4,21406,584204,1233,106723,5.411500981881507,0.15446349614358681
942,0.0993,0,11,0,21417,584193,1233,106723,5.411399088517544,0.1544659553404466
943,0.0994,0,32,0,21449,584161,1233,106723,5.4111026714587425,0.1544731098129353
944,0.0995,1,24,1,21473,584137,1234,106722,5.410880358664641,0.1544772522323658
945,0.0996,1,28,1,21501,584109,1235,106721,5.410620993738189,0.15448228941997308
946,0.0997,0,25,0,21526,584084,1235,106721,5.410389417911,0.1544878800819334
947,0.0998,0,13,0,21539,584071,1235,106721,5.410268998480863,0.1544907873860728
948,0.0999,0,19,0,21558,584052,1235,106721,5.410093000852199,0.15449503671973283
949,0.1,0,10,0,21568,584042,1235,106721,5.410000370521323,0.15449727330502647
950,0.1001,0,10,0,21578,584032,1235,106721,5.409907740190448,0.154499509955078
951,0.1002,0,28,0,21606,584004,1235,106721,5.4096483752639966,0.15450577291975823
952,0.1003,0,21,0,21627,583983,1235,106721,5.4094538515691575,0.15451047047649935
953,0.1004,2,19,2,21646,583964,1237,106719,5.409277853940495,0.1545122726344792
954,0.1005,0,23,0,21669,583941,1237,106719,5.40906480417948,0.15451741812179653
955,0.1006,0,27,0,21696,583914,1237,106719,5.408814702286117,0.1545234589137791
956,0.1007,1,27,1,21723,583887,1238,106718,5.4085646003927526,0.1545282759319727
957,0.1008,3,12,3,21735,583875,1241,106715,5.408453443995702,0.15452728826076254
958,0.1009,0,12,0,21747,583863,1241,106715,5.408342287598651,0.15452997344253655
959,0.101,2,6,2,21753,583857,1243,106713,5.408286709400126,0.15452886745731786
960,0.1011,2,20,2,21773,583837,1245,106711,5.408101448738375,0.15453089430423375
961,0.1012,0,18,0,21791,583819,1245,106711,5.407934714142799,0.15453492245087108
962,0.1013,2,9,2,21800,583810,1247,106709,5.407851346845011,0.15453448782727194
963,0.1014,2,16,2,21816,583794,1249,106707,5.40770313831561,0.15453561978910965
964,0.1015,3,13,3,21829,583781,1252,106704,5.407582718885472,0.1545348559345967
965,0.1016,4,14,4,21843,583767,1256,106700,5.407453036422246,0.15453309137149204
966,0.1017,0,19,0,21862,583748,1256,106700,5.407277038793582,0.15453734386948764
967,0.1018,0,14,0,21876,583734,1256,106700,5.4071473563303565,0.15454047743882834
968,0.1019,1,5,1,21881,583729,1257,106699,5.407101041164919,0.15454037205907062
969,0.102,0,8,0,21889,583721,1257,106699,5.407026936900219,0.15454216274151966
970,0.1021,0,14,0,21903,583707,1257,106699,5.406897254436993,0.15454529653566162
971,0.1022,2,16,2,21919,583691,1259,106697,5.406749045907592,0.15454642896458223
972,0.1023,2,22,2,21941,583669,1261,106695,5.406545259179666,0.1545489046358153
973,0.1024,1,13,1,21954,583656,1262,106694,5.406424839749527,0.1545505902802926
974,0.1025,0,8,0,21962,583648,1262,106694,5.4063507354848275,0.15455238128347978
975,0.1026,1,23,1,21985,583625,1263,106693,5.406137685723813,0.15455630593436648
976,0.1027,0,10,0,21995,583615,1263,106693,5.406045055392938,0.15455854488141524
977,0.1028,2,16,2,22011,583599,1265,106691,5.405896846863537,0.15455967781656985
978,0.1029,0,18,0,22029,583581,1265,106691,5.405730112267961,0.1545637082193686
979,0.103,0,10,0,22039,583571,1265,106691,5.405637481937085,0.15456594742286262
980,0.1031,2,16,2,22055,583555,1267,106689,5.405489273407684,0.15456708062656105
981,0.1032,1,22,1,22077,583533,1268,106688,5.405285486679759,0.15457078240157862
982,0.1033,1,21,1,22098,583512,1269,106687,5.40509096298492,0.1545742604669088
983,0.1034,1,14,1,22112,583498,1270,106686,5.404961280521694,0.15457617099208326
984,0.1035,1,13,1,22125,583485,1271,106685,5.4048408610915555,0.15457785762927975
985,0.1036,1,8,1,22133,583477,1272,106684,5.404766756826856,0.15457842445458378
986,0.1037,1,6,1,22139,583471,1273,106683,5.40471117862833,0.15457854333960247
987,0.1038,2,14,2,22153,583457,1275,106681,5.404581496165104,0.1545792290817199
988,0.1039,2,30,2,22183,583427,1277,106679,5.404303605172478,0.15458349876685612
989,0.104,1,17,1,22200,583410,1278,106678,5.40414613360999,0.15458608177507796
990,0.1041,2,32,2,22232,583378,1280,106676,5.403849716551187,0.15459080014027887
991,0.1042,0,15,0,22247,583363,1280,106676,5.403710771054874,0.154594160619907
992,0.1043,0,15,0,22262,583348,1280,106676,5.4035718255585605,0.15459752124563783
993,0.1044,0,11,0,22273,583337,1280,106676,5.403469932194597,0.15459998579736903
994,0.1045,0,8,0,22281,583329,1280,106676,5.403395827929898,0.1546017782479837
995,0.1046,2,13,2,22294,583316,1282,106674,5.403275408499759,0.15460224061218278
996,0.1047,1,20,1,22314,583296,1283,106673,5.403090147838008,0.1546054967686954
997,0.1048,1,5,1,22319,583291,1284,106672,5.40304383267257,0.1546053918833329
998,0.1049,1,10,1,22329,583281,1285,106671,5.402951202341694,0.15460640740225406
999,0.105,3,20,3,22349,583261,1288,106668,5.402765941679943,0.15460721320599655
1000,0.1051,2,14,2,22363,583247,1290,106666,5.402636259216718,0.15460789983664608
1001,0.1052,2,14,2,22377,583233,1292,106664,5.402506576753492,0.15460858649914408
1002,0.1053,1,5,1,22382,583228,1293,106663,5.402460261588055,0.15460848162970672
1003,0.1054,1,19,1,22401,583209,1294,106662,5.402284263959391,0.15461151432659148
1004,0.1055,2,15,2,22416,583194,1296,106660,5.402145318463077,0.15461242523780394
1005,0.1056,2,22,2,22438,583172,1298,106658,5.401941531735152,0.15461490512155168
1006,0.1057,1,7,1,22445,583165,1299,106657,5.4018766905035385,0.15461524857137057
1007,0.1058,1,12,1,22457,583153,1300,106656,5.401765534106488,0.15461671274222286
1008,0.1059,2,18,2,22475,583135,1302,106654,5.401598799510912,0.15461829631959917
1009,0.106,1,15,1,22490,583120,1303,106653,5.401459854014599,0.15462043309900503
1010,0.1061,0,15,0,22505,583105,1303,106653,5.401320908518286,0.15462379559207723
1011,0.1062,1,36,1,22541,583069,1304,106652,5.4009874393271335,0.15463064050536376
1012,0.1063,1,20,1,22561,583049,1305,106651,5.400802178665383,0.1546338987965782
1013,0.1064,0,16,0,22577,583033,1305,106651,5.4006539701359815,0.1546374861530788
1014,0.1065,4,32,4,22609,583001,1309,106647,5.400357553077179,0.15463975825348583
1015,0.1066,1,10,1,22619,582991,1310,106646,5.400264922746304,0.15464077478441557
1016,0.1067,1,21,1,22640,582970,1311,106645,5.400070399051465,0.15464425802803014
1017,0.1068,0,17,0,22657,582953,1311,106645,5.399912927488977,0.15464807032502995
1018,0.1069,0,9,0,22666,582944,1311,106645,5.399829560191189,0.15465008867600846
1019,0.107,0,15,0,22681,582929,1311,106645,5.399690614694876,0.15465345271138414
1020,0.1071,2,17,2,22698,582912,1313,106643,5.399533143132388,0.1546548136116771
1021,0.1072,2,13,2,22711,582899,1315,106641,5.399412723702249,0.15465527743133103
1022,0.1073,0,9,0,22720,582890,1315,106641,5.399329356404461,0.1546572960461531
1023,0.1074,0,15,0,22735,582875,1315,106641,5.399190410908147,0.1546606605212932
1024,0.1075,1,12,1,22747,582863,1316,106640,5.399079254511097,0.15466212619814562
1025,0.1076,0,8,0,22755,582855,1316,106640,5.3990051502463965,0.15466392069558155
1026,0.1077,1,24,1,22779,582831,1317,106639,5.398782837452296,0.15466807837904478
1027,0.1078,0,14,0,22793,582817,1317,106639,5.39865315498907,0.15467121904806108
1028,0.1079,1,35,1,22828,582782,1318,106638,5.398328948831005,0.1546778451451945
1029,0.108,0,7,0,22835,582775,1318,106638,5.398264107599393,0.15467941567681492
1030,0.1081,1,2,1,22837,582773,1319,106637,5.398245581533217,0.15467863825589998
1031,0.1082,0,6,0,22843,582767,1319,106637,5.398190003334692,0.15467998445033682
1032,0.1083,1,4,1,22847,582763,1320,106636,5.398152951202341,0.15467965575813136
1033,0.1084,2,32,2,22879,582731,1322,106634,5.39785653414354,0.1546843834543384
1034,0.1085,3,42,3,22921,582689,1325,106631,5.397467486753863,0.15469012940288981
1035,0.1086,0,21,0,22942,582668,1325,106631,5.397272963059024,0.154694842151229
1036,0.1087,2,18,2,22960,582650,1327,106629,5.397106228463448,0.1546964291672893
1037,0.1088,0,15,0,22975,582635,1327,106629,5.396967282967135,0.15469979572413473
1038,0.1089,1,21,1,22996,582614,1328,106628,5.396772759272296,0.15470328273668754
1039,0.109,0,7,0,23003,582607,1328,106628,5.396707918040684,0.15470485393225822
1040,0.1091,3,29,3,23032,582578,1331,106625,5.396439290081144,0.15470768409307561
1041,0.1092,0,12,0,23044,582566,1331,106625,5.396328133684094,0.1547103778197916
1042,0.1093,0,26,0,23070,582540,1331,106625,5.396087294823817,0.15471621454949105
1043,0.1094,2,16,2,23086,582524,1333,106623,5.395939086294416,0.15471735348191315
1044,0.1095,0,11,0,23097,582513,1333,106623,5.395837192930453,0.15471982308281673
1045,0.1096,0,1,0,23098,582512,1333,106623,5.395827929897366,0.15472004759589922
1046,0.1097,0,13,0,23111,582499,1333,106623,5.395707510467227,0.15472296632526605
1047,0.1098,1,11,1,23122,582488,1334,106622,5.395605617103264,0.15472420948759993
1048,0.1099,2,18,2,23140,582470,1336,106620,5.395438882507689,0.15472579779128995
1049,0.11,2,32,2,23172,582438,1338,106618,5.395142465448886,0.15473052988436353
1050,0.1101,2,25,2,23197,582413,1340,106616,5.3949108896216975,0.15473369045424792
1051,0.1102,5,15,5,23212,582398,1345,106611,5.3947719441253845,0.15473092514031023
1052,0.1103,2,33,2,23245,582365,1347,106609,5.394466264033495,0.1547358826312749
1053,0.1104,0,15,0,23260,582350,1347,106609,5.394327318537182,0.15473925153746448
1054,0.1105,1,18,1,23278,582332,1348,106608,5.394160583941606,0.15474206752402242
1055,0.1106,0,2,0,23280,582330,1348,106608,5.394142057875431,0.15474251674316122
1056,0.1107,0,16,0,23296,582314,1348,106608,5.39399384934603,0.1547461105901684
1057,0.1108,1,12,1,23308,582302,1349,106607,5.39388269294898,0.15474757914325404
1058,0.1109,0,20,0,23328,582282,1349,106607,5.393697432287228,0.15475207181418196
1059,0.111,1,24,1,23352,582258,1350,106606,5.393475119493127,0.1547562363543457
1060,0.1111,2,7,2,23359,582251,1352,106604,5.393410278261514,0.15475535490052333
1061,0.1112,1,19,1,23378,582232,1353,106603,5.393234280632851,0.15475839642294598
1062,0.1113,2,27,2,23405,582205,1355,106601,5.3929841787394865,0.15476200846101806
1063,0.1114,0,13,0,23418,582192,1355,106601,5.392863759309348,0.15476492937645997
1064,0.1115,2,25,2,23443,582167,1357,106599,5.392632183482159,0.1547680925016624
1065,0.1116,0,9,0,23452,582158,1357,106599,5.392548816184371,0.15477011485908673
1066,0.1117,0,18,0,23470,582140,1357,106599,5.392382081588796,0.15477415973249664
1067,0.1118,1,17,1,23487,582123,1358,106598,5.392224610026307,0.15477675285057374
1068,0.1119,1,9,1,23496,582114,1359,106597,5.392141242728519,0.15477754820236644
1069,0.112,3,28,3,23524,582086,1362,106594,5.391881877802067,0.15478015914503107
1070,0.1121,1,12,1,23536,582074,1363,106593,5.391770721405017,0.15478162885690763
1071,0.1122,3,22,3,23558,582052,1366,106590,5.3915669346770905,0.1547828915459702
1072,0.1123,2,13,2,23571,582039,1368,106588,5.391446515246953,0.15478335877042287
1073,0.1124,0,18,0,23589,582021,1368,106588,5.391279780651376,0.15478740475364103
1074,0.1125,1,10,1,23599,582011,1369,106587,5.391187150320501,0.15478842517695376
1075,0.1126,1,8,1,23607,582003,1370,106586,5.391113046055801,0.1547889960484411
1076,0.1127,1,20,1,23627,581983,1371,106585,5.39092778539405,0.15479226452579847
1077,0.1128,1,6,1,23633,581977,1372,106584,5.390872207195524,0.15479238585978583
1078,0.1129,1,20,1,23653,581957,1373,106583,5.390686946533773,0.15479565457344527
1079,0.113,0,15,0,23668,581942,1373,106583,5.39054800103746,0.15479902690534114
1080,0.1131,1,22,1,23690,581920,1374,106582,5.3903442143095335,0.15480274567103655
1081,0.1132,0,36,0,23726,581884,1374,106582,5.390010745118381,0.15481084033198445
1082,0.1133,0,12,0,23738,581872,1374,106582,5.389899588721331,0.1548135387404242
1083,0.1134,1,11,1,23749,581861,1375,106581,5.389797695357368,0.1548147846877442
1084,0.1135,3,19,3,23768,581842,1378,106578,5.389621697728704,0.15481537433543477
1085,0.1136,2,17,2,23785,581825,1380,106576,5.389464226166216,0.1548167419861389
1086,0.1137,0,18,0,23803,581807,1380,106576,5.38929749157064,0.15482079017058817
1087,0.1138,0,13,0,23816,581794,1380,106576,5.389177072140502,0.15482371399102227
1088,0.1139,2,9,2,23825,581785,1382,106574,5.389093704842714,0.15482328261851738
1089,0.114,0,20,0,23845,581765,1382,106574,5.388908444180963,0.15482778107879983
1090,0.1141,2,20,2,23865,581745,1384,106572,5.388723183519211,0.15482982404909365
1091,0.1142,0,13,0,23878,581732,1384,106572,5.3886027640890735,0.15483274832050956
1092,0.1143,0,12,0,23890,581720,1384,106572,5.388491607692023,0.15483544774601476
1093,0.1144,2,20,2,23910,581700,1386,106570,5.388306347030271,0.1548374911008761
1094,0.1145,1,9,1,23919,581691,1387,106569,5.388222979732483,0.15483828785633336
1095,0.1146,0,12,0,23931,581679,1387,106569,5.388111823335433,0.15484098755099907
1096,0.1147,0,3,0,23934,581676,1387,106569,5.38808403423617,0.15484166248937514
1097,0.1148,2,23,2,23957,581653,1389,106567,5.387870984475157,0.1548443811571881
1098,0.1149,0,16,0,23973,581637,1389,106567,5.387722775945756,0.15484798112187664
1099,0.115,2,25,2,23998,581612,1391,106565,5.387491200118567,0.15485115021280862
1100,0.1151,3,5,3,24003,581607,1394,106562,5.387444884953129,0.1548485909711132
1101,0.1152,1,10,1,24013,581597,1395,106561,5.387352254622254,0.1548496130249158
1102,0.1153,3,16,3,24029,581581,1398,106558,5.387204046092853,0.15484952894691334
1103,0.1154,0,14,0,24043,581567,1398,106558,5.387074363629627,0.15485267938237965
1104,0.1155,2,20,2,24063,581547,1400,106556,5.386889102967876,0.15485472378408466
1105,0.1156,1,24,1,24087,581523,1401,106555,5.386666790173774,0.15485889681111734
1106,0.1157,2,20,2,24107,581503,1403,106553,5.386481529512023,0.1548609415512691
1107,0.1158,1,7,1,24114,581496,1404,106552,5.386416688280411,0.1548612887472967
1108,0.1159,1,24,1,24138,581472,1405,106551,5.386194375486309,0.15486546234646226
1109,0.116,0,15,0,24153,581457,1405,106551,5.386055429989996,0.15486883873443333
1110,0.1161,1,11,1,24164,581446,1406,106550,5.385953536626033,0.154870086453991
1111,0.1162,4,17,4,24181,581429,1410,106546,5.385796065063545,0.15486899960027617
1112,0.1163,2,81,2,24262,581348,1412,106544,5.385045759383453,0.15488477842452014
1113,0.1164,5,26,5,24288,581322,1417,106539,5.384804920523176,0.15488448974429428
1114,0.1165,1,22,1,24310,581300,1418,106538,5.3846011337952495,0.15488821495759175
1115,0.1166,1,20,1,24330,581280,1419,106537,5.384415873133499,0.15489149003295935
1116,0.1167,0,17,0,24347,581263,1419,106537,5.38425840157101,0.15489531840651352
1117,0.1168,2,16,2,24363,581247,1421,106535,5.38411019304161,0.15489646428664897
1118,0.1169,0,14,0,24377,581233,1421,106535,5.383980510578384,0.1548996173128148
1119,0.117,0,12,0,24389,581221,1421,106535,5.383869354181333,0.15490232000884036
1120,0.1171,0,1,0,24390,581220,1421,106535,5.383860091148246,0.15490254523776636
1121,0.1172,3,13,3,24403,581207,1424,106532,5.383739671718107,0.1549017868697282
1122,0.1173,1,16,1,24419,581191,1425,106531,5.383591463188706,0.15490416185609884
1123,0.1174,6,32,6,24451,581159,1431,106525,5.383295046129905,0.15490399660309095
1124,0.1175,5,31,5,24482,581128,1436,106520,5.383007892104191,0.15490483503187677
1125,0.1176,2,10,2,24492,581118,1438,106518,5.382915261773315,0.1549046297750554
1126,0.1177,0,22,0,24514,581096,1438,106518,5.382711475045389,0.15490958590139234
1127,0.1178,2,17,2,24531,581079,1440,106516,5.3825540034829,0.15491095775856428
1128,0.1179,2,41,2,24572,581038,1442,106514,5.382174219126311,0.15491773713115517
1129,0.118,2,12,2,24584,581026,1444,106512,5.3820630627292605,0.1549179827151372
1130,0.1181,1,18,1,24602,581008,1445,106511,5.381896328133684,0.1549208094612658
1131,0.1182,0,6,0,24608,581002,1445,106511,5.381840749935159,0.1549221614718558
1132,0.1183,0,18,0,24626,580984,1445,106511,5.381674015339583,0.15492621764521924
1133,0.1184,2,28,2,24654,580956,1447,106509,5.381414650413132,0.1549300691671576
1134,0.1185,2,32,2,24686,580924,1449,106507,5.3811182333543295,0.15493482254946314
1135,0.1186,1,16,1,24702,580908,1450,106506,5.380970024824928,0.15493719941694525
1136,0.1187,0,12,0,24714,580896,1450,106506,5.380858868427878,0.15493990416088402
1137,0.1188,1,27,1,24741,580869,1451,106505,5.380608766534514,0.15494476078524938
1138,0.1189,0,4,0,24745,580865,1451,106505,5.380571714402164,0.1549456624525365
1139,0.119,0,16,0,24761,580849,1451,106505,5.380423505872763,0.1549492692266285
1140,0.1191,1,22,1,24783,580827,1452,106504,5.380219719144836,0.15495299935547793
1141,0.1192,0,10,0,24793,580817,1452,106504,5.380127088813961,0.15495525380426323
1142,0.1193,1,26,1,24819,580791,1453,106503,5.379886249953685,0.1549598861622537
1143,0.1194,2,19,2,24838,580772,1455,106501,5.3797102523250215,0.15496171099403003
1144,0.1195,2,19,2,24857,580753,1457,106499,5.379534254696358,0.1549635359373272
1145,0.1196,4,19,4,24876,580734,1461,106495,5.379358257067694,0.15496290174017685
1146,0.1197,2,13,2,24889,580721,1463,106493,5.3792378376375565,0.15496337385443254
1147,0.1198,0,17,0,24906,580704,1463,106493,5.379080366075067,0.15496720736557348
1148,0.1199,0,9,0,24915,580695,1463,106493,5.378996998777279,0.1549692369482587
1149,0.12,1,24,1,24939,580671,1464,106492,5.378774685983179,0.154973419698092
1150,0.1201,0,12,0,24951,580659,1464,106492,5.378663529586127,0.15497612606253938
1151,0.1202,1,19,1,24970,580640,1465,106491,5.3784875319574645,0.15497918155344467
1152,0.1203,1,13,1,24983,580627,1466,106490,5.378367112527326,0.1549808838960468
1153,0.1204,5,18,5,25001,580609,1471,106485,5.3782003779317495,0.15497879475006332
1154,0.1205,1,25,1,25026,580584,1472,106484,5.3779688021045615,0.15498320399145354
1155,0.1206,0,18,0,25044,580566,1472,106484,5.377802067508985,0.1549872643912379
1156,0.1207,3,23,3,25067,580543,1475,106481,5.3775890177479715,0.1549887631290901
1157,0.1208,4,21,4,25088,580522,1479,106477,5.377394494053132,0.15498858076940433
1158,0.1209,1,12,1,25100,580510,1480,106476,5.377283337656082,0.15499005802156085
1159,0.121,1,11,1,25111,580499,1481,106475,5.377181444292119,0.15499130971477815
1160,0.1211,2,21,2,25132,580478,1483,106473,5.376986920597281,0.1549935876066852
1161,0.1212,1,13,1,25145,580465,1484,106472,5.376866501167142,0.15499529068895693
1162,0.1213,3,19,3,25164,580446,1487,106469,5.376690503538478,0.1549958874096504
1163,0.1214,0,12,0,25176,580434,1487,106469,5.376579347141428,0.15499859514371025
1164,0.1215,0,13,0,25189,580421,1487,106469,5.3764589277112895,0.15500152862903813
1165,0.1216,0,22,0,25211,580399,1487,106469,5.376255140983363,0.15500649324178736
1166,0.1217,1,15,1,25226,580384,1488,106468,5.37611619548705,0.15500864815127569
1167,0.1218,1,9,1,25235,580375,1489,106467,5.376032828189262,0.15500944904359373
1168,0.1219,2,9,2,25244,580366,1491,106465,5.375949460891475,0.15500901968606542
1169,0.122,3,34,3,25278,580332,1494,106462,5.375634517766497,0.15501300244323626
1170,0.1221,2,19,2,25297,580313,1496,106460,5.375458520137834,0.1550148302277463
1171,0.1222,3,13,3,25310,580300,1499,106457,5.375338100707696,0.155014073391316
1172,0.1223,5,27,5,25337,580273,1504,106452,5.375087998814331,0.15501401579962867
1173,0.1224,0,14,0,25351,580259,1504,106452,5.374958316351106,0.15501717607552523
1174,0.1225,0,9,0,25360,580250,1504,106452,5.374874949053318,0.15501920774950415
1175,0.1226,1,29,1,25389,580221,1505,106451,5.374606321093779,0.15502452408136635
1176,0.1227,3,12,3,25401,580209,1508,106448,5.374495164696729,0.1550235415935467
1177,0.1228,1,14,1,25415,580195,1509,106447,5.374365482233503,0.15502547178879242
1178,0.1229,4,17,4,25432,580178,1513,106443,5.374208010671014,0.15502438754422018
1179,0.123,2,18,2,25450,580160,1515,106441,5.374041276075438,0.15502599034956255
1180,0.1231,4,31,4,25481,580129,1519,106437,5.373754122049724,0.15502806722150528
1181,0.1232,1,23,1,25504,580106,1520,106436,5.3735410722887105,0.1550320300870158
1182,0.1233,1,20,1,25524,580086,1521,106435,5.3733558116269595,0.15503531574416515
1183,0.1234,1,7,1,25531,580079,1522,106434,5.373290970395346,0.15503566574850003
1184,0.1235,0,24,0,25555,580055,1522,106434,5.3730686576012445,0.15504108587318952
1185,0.1236,3,8,3,25563,580047,1525,106431,5.372994553336545,0.15503920009089875
1186,0.1237,2,12,2,25575,580035,1527,106429,5.372883396939494,0.15503944853626703
1187,0.1238,0,22,0,25597,580013,1527,106429,5.372679610211567,0.1550444174453195
1188,0.1239,0,11,0,25608,580002,1527,106429,5.372577716847605,0.15504690201928525
1189,0.124,1,14,1,25622,579988,1528,106428,5.372448034384379,0.15504883336052772
1190,0.1241,3,21,3,25643,579967,1531,106425,5.37225351068954,0.15504988403128242
1191,0.1242,2,21,2,25664,579946,1533,106423,5.372058986994702,0.15505216581751216
1192,0.1243,4,26,4,25690,579920,1537,106419,5.371818148134425,0.15505311515155049
1193,0.1244,2,19,2,25709,579901,1539,106417,5.371642150505761,0.15505494537517595
1194,0.1245,1,37,1,25746,579864,1540,106416,5.371299418281522,0.15506207378912398
1195,0.1246,1,14,1,25760,579850,1541,106415,5.371169735818296,0.15506400588693872
1196,0.1247,2,23,2,25783,579827,1543,106413,5.370956686057283,0.1550667404989508
1197,0.1248,3,22,3,25805,579805,1546,106410,5.370752899329356,0.155068018040993
1198,0.1249,0,28,0,25833,579777,1546,106410,5.370493534402905,0.15507434562298616
1199,0.125,1,20,1,25853,579757,1547,106409,5.370308273741154,0.15507763427508794
1200,0.1251,0,9,0,25862,579748,1547,106409,5.370224906443366,0.15507966835578446
1201,0.1252,0,7,0,25869,579741,1547,106409,5.370160065211753,0.15508125045543977
1202,0.1253,1,14,1,25883,579727,1548,106408,5.370030382748527,0.15508318333855584
1203,0.1254,2,21,2,25904,579706,1550,106406,5.369835859053689,0.15508546709575113
1204,0.1255,2,24,2,25928,579682,1552,106404,5.369613546259587,0.15508842914736637
1205,0.1256,1,11,1,25939,579671,1553,106403,5.369511652895624,0.15508968420316177
1206,0.1257,1,18,1,25957,579653,1554,106402,5.369344918300048,0.15509252173659546
1207,0.1258,3,20,3,25977,579633,1557,106399,5.369159657638297,0.15509334841523428
1208,0.1259,1,24,1,26001,579609,1558,106398,5.368937344844196,0.15509754273644438
1209,0.126,3,30,3,26031,579579,1561,106395,5.368659453851569,0.15510063063614657
1210,0.1261,0,10,0,26041,579569,1561,106395,5.368566823520694,0.15510289169694036
1211,0.1262,3,15,3,26056,579554,1564,106392,5.36842787802438,0.15510258825038706
1212,0.1263,1,14,1,26070,579540,1565,106391,5.368298195561154,0.15510452217497095
1213,0.1264,2,17,2,26087,579523,1567,106389,5.368140723998666,0.15510590279802658
1214,0.1265,0,26,0,26113,579497,1567,106389,5.36789988513839,0.15511178242448453
1215,0.1266,1,27,1,26140,579470,1568,106388,5.367649783245025,0.15511665680067885
1216,0.1267,3,28,3,26168,579442,1571,106385,5.367390418318574,0.15511929393272647
1217,0.1268,0,4,0,26172,579438,1571,106385,5.367353366186224,0.15512019865183874
1218,0.1269,1,25,1,26197,579413,1572,106384,5.367121790359035,0.15512462142587383
1219,0.127,1,12,1,26209,579401,1573,106383,5.367010633961985,0.15512610384610898
1220,0.1271,0,13,0,26222,579388,1573,106383,5.366890214531846,0.1551290445352749
1221,0.1272,1,23,1,26245,579365,1574,106382,5.366677164770833,0.1551330155290508
1222,0.1273,0,9,0,26254,579356,1574,106382,5.366593797473045,0.15513505157946622
1223,0.1274,0,20,0,26274,579336,1574,106382,5.366408536811294,0.1551395763272949
1224,0.1275,1,6,1,26280,579330,1575,106381,5.366352958612768,0.1551397017110707
1225,0.1276,1,13,1,26293,579317,1576,106380,5.36623253918263,0.15514141085639868
1226,0.1277,2,23,2,26316,579294,1578,106378,5.366019489421616,0.15514415055595096
1227,0.1278,0,1,0,26317,579293,1578,106378,5.3660102263885285,0.15514437682212023
1228,0.1279,2,11,2,26328,579282,1580,106376,5.365908333024565,0.15514440143628455
1229,0.128,0,5,0,26333,579277,1580,106376,5.365862017859127,0.15514553279866056
1230,0.1281,0,19,0,26352,579258,1580,106376,5.365686020230465,0.1551498321261781
1231,0.1282,0,16,0,26368,579242,1580,106376,5.3655378117010635,0.15515345279733028
1232,0.1283,2,20,2,26388,579222,1582,106374,5.3653525510393125,0.15515551432622127
1233,0.1284,1,34,1,26422,579188,1583,106373,5.365037607914336,0.15516197683357133
1234,0.1285,3,15,3,26437,579173,1586,106370,5.364898662418022,0.15516167476000775
1235,0.1286,1,13,1,26450,579160,1587,106369,5.364778242987884,0.15516338477292718
1236,0.1287,3,26,3,26476,579134,1590,106366,5.364537404127607,0.15516557257476293
1237,0.1288,0,16,0,26492,579118,1590,106366,5.364389195598207,0.15516919432109283
1238,0.1289,0,27,0,26519,579091,1590,106366,5.364139093704843,0.1551753064014227
1239,0.129,0,15,0,26534,579076,1590,106366,5.36400014820853,0.1551787022096691
1240,0.1291,4,19,4,26553,579057,1594,106362,5.363824150579866,0.15517807355792587
1241,0.1292,1,28,1,26581,579029,1595,106361,5.3635647856534145,0.15518318037905426
1242,0.1293,2,12,2,26593,579017,1597,106359,5.363453629256363,0.15518343215986555
1243,0.1294,0,8,0,26601,579009,1597,106359,5.363379524991664,0.15518524354799174
1244,0.1295,1,8,1,26609,579001,1598,106358,5.363305420726963,0.15518582232085665
1245,0.1296,0,15,0,26624,578986,1598,106358,5.363166475230649,0.15518921884484288
1246,0.1297,0,9,0,26633,578977,1598,106358,5.363083107932861,0.1551912568306011
1247,0.1298,0,9,0,26642,578968,1598,106358,5.362999740635074,0.15519329486988673
1248,0.1299,1,9,1,26651,578959,1599,106357,5.362916373337286,0.15519410023988933
1249,0.13,1,16,1,26667,578943,1600,106356,5.362768164807885,0.15519649087478604
1250,0.1301,0,18,0,26685,578925,1600,106356,5.362601430212309,0.15520056735849966
1251,0.1302,2,24,2,26709,578901,1602,106354,5.362379117418207,0.15520353736930048
1252,0.1303,1,16,1,26725,578885,1603,106353,5.362230908888806,0.15520592845113668
1253,0.1304,0,11,0,26736,578874,1603,106353,5.362129015524843,0.15520841998345075
1254,0.1305,1,15,1,26751,578859,1604,106352,5.36199007002853,0.15521058476877925
1255,0.1306,2,15,2,26766,578844,1606,106350,5.361851124532217,0.1552115167383252
1256,0.1307,1,30,1,26796,578814,1607,106349,5.36157323353959,0.15521707973139237
1257,0.1308,1,6,1,26802,578808,1608,106348,5.361517655341065,0.15521720600855862
1258,0.1309,2,11,2,26813,578797,1610,106346,5.361415761977102,0.1552172320230959
1259,0.131,4,25,4,26838,578772,1614,106342,5.361184186149913,0.15521796372574492
1260,0.1311,1,24,1,26862,578748,1615,106341,5.360961873355811,0.15522216821464072
1261,0.1312,3,15,3,26877,578733,1618,106338,5.360822927859498,0.15522186751446201
1262,0.1313,0,18,0,26895,578715,1618,106338,5.360656193263923,0.15522594602169468
1263,0.1314,0,6,0,26901,578709,1618,106338,5.360600615065397,0.1552273055717345
1264,0.1315,1,23,1,26924,578686,1619,106337,5.360387565304383,0.15523128420505589
1265,0.1316,0,13,0,26937,578673,1619,106337,5.3602671458742455,0.15523423015722398
1266,0.1317,0,29,0,26966,578644,1619,106337,5.359998517914706,0.15524080229962584
1267,0.1318,0,11,0,26977,578633,1619,106337,5.359896624550743,0.15524329532680264
1268,0.1319,0,8,0,26985,578625,1619,106337,5.359822520286042,0.15524510848777012
1269,0.132,1,20,1,27005,578605,1620,106336,5.359637259624291,0.15524840825706157
1270,0.1321,1,17,1,27022,578588,1621,106335,5.359479788061803,0.15525102821777045
1271,0.1322,0,8,0,27030,578580,1621,106335,5.359405683797102,0.1552528415934824
1272,0.1323,1,17,1,27047,578563,1622,106334,5.359248212234614,0.15525546177016397
1273,0.1324,2,12,2,27059,578551,1624,106332,5.3591370558375635,0.15525571520975115
1274,0.1325,1,31,1,27090,578520,1625,106331,5.358849901811849,0.15526150943781933
1275,0.1326,0,23,0,27113,578497,1625,106331,5.358636852050836,0.15526672390731688
1276,0.1327,1,23,1,27136,578474,1626,106330,5.358423802289821,0.155270705194479
1277,0.1328,1,26,1,27162,578448,1627,106329,5.358182963429545,0.15527536701729175
1278,0.1329,0,35,0,27197,578413,1627,106329,5.357858757271481,0.1552833037844911
1279,0.133,1,14,1,27211,578399,1628,106328,5.3577290748082556,0.15528524506847255
1280,0.1331,1,30,1,27241,578369,1629,106327,5.357451183815629,0.15529081519389626
1281,0.1332,0,17,0,27258,578352,1629,106327,5.35729371225314,0.1552946709333863
1282,0.1333,1,14,1,27272,578338,1630,106326,5.357164029789915,0.15529661264503464
1283,0.1334,1,26,1,27298,578312,1631,106325,5.356923190929638,0.1553012764428449
1284,0.1335,1,22,1,27320,578290,1632,106324,5.356719404201712,0.15530503320119074
1285,0.1336,3,18,3,27338,578272,1635,106321,5.356552669606136,0.15530541504222217
1286,0.1337,0,19,0,27357,578253,1635,106321,5.356376671977472,0.15530972546430336
1287,0.1338,0,17,0,27374,578236,1635,106321,5.356219200414984,0.1553135823605631
1288,0.1339,3,19,3,27393,578217,1638,106318,5.356043202786321,0.155314191385393
1289,0.134,0,12,0,27405,578205,1638,106318,5.3559320463892695,0.15531691411391582
1290,0.1341,3,10,3,27415,578195,1641,106315,5.355839416058394,0.15531548114709792
1291,0.1342,2,16,2,27431,578179,1643,106313,5.355691207528993,0.15531664358385489
1292,0.1343,1,13,1,27444,578166,1644,106312,5.355570788098855,0.15531835939212071
1293,0.1344,0,18,0,27462,578148,1644,106312,5.355404053503279,0.15532244397042924
1294,0.1345,0,16,0,27478,578132,1644,106312,5.355255844973878,0.15532607488706163
1295,0.1346,1,4,1,27482,578128,1645,106311,5.355218792841528,0.15532574853273995
1296,0.1347,1,13,1,27495,578115,1646,106310,5.35509837341139,0.15532746466011615
1297,0.1348,4,32,4,27527,578083,1650,106306,5.354801956352588,0.1553297905138744
1298,0.1349,0,32,0,27559,578051,1650,106306,5.354505539293786,0.1553370536138302
1299,0.135,0,14,0,27573,578037,1650,106306,5.35437585683056,0.15534023143365241
1300,0.1351,2,11,2,27584,578026,1652,106304,5.354273963466597,0.15534025981617056
1301,0.1352,1,7,1,27591,578019,1653,106303,5.354209122234985,0.15534061450603665
1302,0.1353,0,18,0,27609,578001,1653,106303,5.354042387639408,0.15534470060090252
1303,0.1354,1,16,1,27625,577985,1654,106302,5.353894179110008,0.15534709851275855
1304,0.1355,3,17,3,27642,577968,1657,106299,5.35373670754752,0.15534725479966155
1305,0.1356,1,14,1,27656,577954,1658,106298,5.353607025084294,0.1553491988331784
1306,0.1357,2,12,2,27668,577942,1660,106296,5.353495868687243,0.15534945442959905
1307,0.1358,3,23,3,27691,577919,1663,106293,5.353282818926229,0.1553509730902118
1308,0.1359,0,11,0,27702,577908,1663,106293,5.353180925562266,0.15535347069063038
1309,0.136,1,21,1,27723,577887,1664,106292,5.352986401867428,0.15535700452659318
1310,0.1361,0,24,0,27747,577863,1664,106292,5.352764089073326,0.1553624544145698
1311,0.1362,0,11,0,27758,577852,1664,106292,5.352662195709363,0.15536495240768025
1312,0.1363,1,24,1,27782,577828,1665,106291,5.352439882915262,0.15536916822950392
1313,0.1364,0,11,0,27793,577817,1665,106291,5.352337989551299,0.1553716664620206
1314,0.1365,3,26,3,27819,577791,1668,106288,5.352097150691022,0.15537386763809444
1315,0.1366,1,7,1,27826,577784,1669,106287,5.3520323094594096,0.1553742228511368
1316,0.1367,0,7,0,27833,577777,1669,106287,5.351967468227796,0.1553758127894466
1317,0.1368,0,10,0,27843,577767,1669,106287,5.351874837896921,0.15537808418633617
1318,0.1369,1,20,1,27863,577747,1670,106286,5.35168957723517,0.15538139241820204
1319,0.137,1,32,1,27895,577715,1671,106285,5.351393160176368,0.1553874269005848
1320,0.1371,1,24,1,27919,577691,1672,106284,5.351170847382267,0.1553916444314485
1321,0.1372,2,19,2,27938,577672,1674,106282,5.3509948497536035,0.15539349137515096
1322,0.1373,1,31,1,27969,577641,1675,106281,5.350707695727889,0.15539929992016632
1323,0.1374,0,17,0,27986,577624,1675,106281,5.350550224165401,0.15540316271996843
1324,0.1375,0,25,0,28011,577599,1675,106281,5.350318648338212,0.1554088436567819
1325,0.1376,1,14,1,28025,577585,1676,106280,5.350188965874986,0.15541079014132905
1326,0.1377,1,19,1,28044,577566,1677,106279,5.350012968246323,0.1554138730267824
1327,0.1378,0,13,0,28057,577553,1677,106279,5.349892548816184,0.15541682752488917
1328,0.1379,1,19,1,28076,577534,1678,106278,5.34971655118752,0.15541991073569927
1329,0.138,3,30,3,28106,577504,1681,106275,5.3494386601948944,0.15542302410574177
1330,0.1381,0,22,0,28128,577482,1681,106275,5.349234873466968,0.15542802486848398
1331,0.1382,2,13,2,28141,577469,1683,106273,5.34911445403683,0.15542850958402438
1332,0.1383,0,32,0,28173,577437,1683,106273,5.348818036978028,0.15543578417750215
1333,0.1384,3,40,3,28213,577397,1686,106270,5.3484475156545255,0.1554411723836312
1334,0.1385,0,6,0,28219,577391,1686,106270,5.348391937456,0.15544253657880147
1335,0.1386,2,22,2,28241,577369,1688,106268,5.348188150728074,0.15544506806975047
1336,0.1387,0,16,0,28257,577353,1688,106268,5.348039942198674,0.15544870622757345
1337,0.1388,0,17,0,28274,577336,1688,106268,5.347882470636185,0.1554525719568639
1338,0.1389,0,5,0,28279,577331,1688,106268,5.347836155470747,0.15545370897265795
1339,0.139,0,11,0,28290,577320,1688,106268,5.347734262106784,0.15545621046595318
1340,0.1391,0,14,0,28304,577306,1688,106268,5.3476045796435585,0.15545939430112907
1341,0.1392,0,11,0,28315,577295,1688,106268,5.347502686279595,0.15546189597740076
1342,0.1393,2,27,2,28342,577268,1690,106266,5.347252584386231,0.15546556572167589
1343,0.1394,1,18,1,28360,577250,1691,106265,5.3470858497906555,0.1554684242481877
1344,0.1395,0,8,0,28368,577242,1691,106265,5.347011745525955,0.15547024390386638
1345,0.1396,0,18,0,28386,577224,1691,106265,5.346845010930379,0.15547433828488827
1346,0.1397,1,10,1,28396,577214,1692,106264,5.346752380599503,0.15547537740790487
1347,0.1398,2,33,2,28429,577181,1694,106262,5.346446700507614,0.15548041314345162
1348,0.1399,1,18,1,28447,577163,1695,106261,5.346279965912038,0.15548327246336097
1349,0.14,1,22,1,28469,577141,1696,106260,5.346076179184112,0.1554870420148639
1350,0.1401,2,14,2,28483,577127,1698,106258,5.345946496720886,0.15548775580382945
1351,0.1402,0,25,0,28508,577102,1698,106258,5.345714920893697,0.15549344415827676
1352,0.1403,1,23,1,28531,577079,1699,106257,5.345501871132684,0.1554974419612021
1353,0.1404,0,9,0,28540,577070,1699,106257,5.345418503834896,0.15549948999527313
1354,0.1405,1,20,1,28560,577050,1700,106256,5.345233243173144,0.15550280547807277
1355,0.1406,2,16,2,28576,577034,1702,106254,5.345085034643744,0.15550397489784687
1356,0.1407,1,37,1,28613,576997,1703,106253,5.344742302419505,0.1555111598975485
1357,0.1408,2,22,2,28635,576975,1705,106251,5.344538515691578,0.15551369532189935
1358,0.1409,1,9,1,28644,576966,1706,106250,5.34445514839379,0.15551450785695886
1359,0.141,2,10,2,28654,576956,1708,106248,5.344362518062915,0.15551431197709614
1360,0.1411,0,20,0,28674,576936,1708,106248,5.344177257401164,0.15551886461041242
1361,0.1412,1,15,1,28689,576921,1709,106247,5.34403831190485,0.1555210431401939
1362,0.1413,7,26,7,28715,576895,1716,106240,5.343797473044574,0.15551830897260424
1363,0.1414,0,9,0,28724,576886,1716,106240,5.343714105746786,0.15552035788419705
1364,0.1415,2,13,2,28737,576873,1718,106238,5.343593686316647,0.15552084507495853
1365,0.1416,3,27,3,28764,576846,1721,106235,5.343343584423284,0.15552328347589817
1366,0.1417,1,31,1,28795,576815,1722,106234,5.343056430397569,0.15552910552537227
1367,0.1418,1,21,1,28816,576794,1723,106233,5.342861906702731,0.15553265097865823
1368,0.1419,1,14,1,28830,576780,1724,106232,5.342732224239505,0.15553460261313123
1369,0.142,0,18,0,28848,576762,1724,106232,5.342565489643929,0.15553870165770123
1370,0.1421,1,15,1,28863,576747,1725,106231,5.3424265441476155,0.1555408812582543
1371,0.1422,2,19,2,28882,576728,1727,106229,5.342250546518952,0.15554273548700723
1372,0.1423,1,18,1,28900,576710,1728,106228,5.342083811923376,0.15554559857556616
1373,0.1424,0,9,0,28909,576701,1728,106228,5.342000444625588,0.15554764843783175
1374,0.1425,1,25,1,28934,576676,1729,106227,5.3417688687983995,0.1555521062288495
1375,0.1426,0,7,0,28941,576669,1729,106227,5.341704027566786,0.15555370070991775
1376,0.1427,1,60,1,29001,576609,1730,106226,5.341148245581533,0.15556613237458536
1377,0.1428,1,12,1,29013,576597,1731,106225,5.341037089184483,0.15556762963114837
1378,0.1429,1,3,1,29016,576594,1732,106224,5.34100930008522,0.1555670764391097
1379,0.143,0,16,0,29032,576578,1732,106224,5.340861091555819,0.15557072181979548
1380,0.1431,2,18,2,29050,576560,1734,106222,5.340694356960243,0.15557234959328162
1381,0.1432,3,28,3,29078,576532,1737,106219,5.340434992033791,0.15557501929693254
1382,0.1433,0,11,0,29089,576521,1737,106219,5.340333098669828,0.15557752585171514
1383,0.1434,1,26,1,29115,576495,1738,106218,5.340092259809552,0.1555822139024744
1384,0.1435,2,15,2,29130,576480,1740,106216,5.339953314313239,0.15558315853615665
1385,0.1436,0,17,0,29147,576463,1740,106216,5.339795842750751,0.15558703285145728
1386,0.1437,1,24,1,29171,576439,1741,106215,5.339573529956649,0.15559126585356564
1387,0.1438,1,14,1,29185,576425,1742,106214,5.339443847493423,0.15559321984240573
1388,0.1439,1,20,1,29205,576405,1743,106213,5.339258586831672,0.15559654155032537
1389,0.144,3,24,3,29229,576381,1746,106210,5.3390362740375705,0.15559830117889042
1390,0.1441,1,19,1,29248,576362,1747,106209,5.338860276408908,0.15560139531272205
1391,0.1442,2,16,2,29264,576346,1749,106207,5.338712067879507,0.15560256859174307
1392,0.1443,2,16,2,29280,576330,1751,106205,5.3385638593501055,0.15560374193264814
1393,0.1444,0,9,0,29289,576321,1751,106205,5.338480492052318,0.15560579377195888
1394,0.1445,0,40,0,29329,576281,1751,106205,5.338109970728816,0.1556149137125157
1395,0.1446,0,13,0,29342,576268,1751,106205,5.337989551298677,0.15561787792337572
1396,0.1447,2,19,2,29361,576249,1753,106203,5.3378135536700135,0.15561973589351338
1397,0.1448,2,13,2,29374,576236,1755,106201,5.337693134239876,0.15562022574977616
1398,0.1449,6,26,6,29400,576210,1761,106195,5.337452295379599,0.1556187308123475
1399,0.145,0,17,0,29417,576193,1761,106195,5.3372948238171105,0.15562260766601993
1400,0.1451,2,19,2,29436,576174,1763,106193,5.337118826188447,0.15562446601315713
1401,0.1452,0,11,0,29447,576163,1763,106193,5.337016932824484,0.1556269747756303
1402,0.1453,1,16,1,29463,576147,1764,106192,5.336868724295083,0.15562938656591518
1403,0.1454,0,12,0,29475,576135,1764,106192,5.336757567898032,0.15563212360056103
1404,0.1455,2,21,2,29496,576114,1766,106190,5.336563044203194,0.15563443860801052
1405,0.1456,1,14,1,29510,576100,1767,106189,5.336433361739968,0.1556363945483512
1406,0.1457,2,13,2,29523,576087,1769,106187,5.33631294230983,0.15563688488788963
1407,0.1458,1,17,1,29540,576070,1770,106186,5.336155470747341,0.15563952533946201
1408,0.1459,2,17,2,29557,576053,1772,106184,5.335997999184853,0.15564092829911014
1409,0.146,0,13,0,29570,576040,1772,106184,5.335877579754715,0.1556438940875724
1410,0.1461,0,15,0,29585,576025,1772,106184,5.3357386342584014,0.15564731629163497
1411,0.1462,1,14,1,29599,576011,1773,106183,5.335608951795176,0.1556492727875062
1412,0.1463,1,15,1,29614,575996,1774,106182,5.335470006298863,0.15565145753747556
1413,0.1464,1,8,1,29622,575988,1775,106181,5.335395902034162,0.15565204516769304
1414,0.1465,1,8,1,29630,575980,1776,106180,5.335321797769462,0.1556526328134162
1415,0.1466,7,23,7,29653,575957,1783,106173,5.335108748008448,0.15564921642502164
1416,0.1467,0,21,0,29674,575936,1783,106173,5.334914224313609,0.15565400837696028
1417,0.1468,1,23,1,29697,575913,1784,106172,5.334701174552595,0.15565801916183467
1418,0.1469,0,15,0,29712,575898,1784,106172,5.334562229056282,0.15566144237394988
1419,0.147,2,12,2,29724,575886,1786,106170,5.334451072659231,0.15566170519722722
1420,0.1471,1,19,1,29743,575867,1787,106169,5.334275075030568,0.15566480361740437
1421,0.1472,2,26,2,29769,575841,1789,106167,5.334034236170291,0.1556682619558715
1422,0.1473,0,22,0,29791,575819,1789,106167,5.333830449442366,0.1556732836157927
1423,0.1474,1,11,1,29802,575808,1790,106166,5.333728556078403,0.15567455650801937
1424,0.1475,3,17,3,29819,575791,1793,106163,5.333571084515914,0.15567472292852597
1425,0.1476,1,9,1,29828,575782,1794,106162,5.333487717218126,0.1556755393404737
1426,0.1477,1,29,1,29857,575753,1795,106161,5.333219089258587,0.15568092164114536
1427,0.1478,1,10,1,29867,575743,1796,106160,5.333126458927711,0.15568196649670116
1428,0.1479,0,12,0,29879,575731,1796,106160,5.333015302530661,0.15568470620671046
1429,0.148,0,30,0,29909,575701,1796,106160,5.332737411538034,0.15569155590362257
1430,0.1481,0,19,0,29928,575682,1796,106160,5.332561413909371,0.15569589435675713
1431,0.1482,1,22,1,29950,575660,1797,106159,5.332357627181445,0.15569967982705088
1432,0.1483,3,20,3,29970,575640,1800,106156,5.332172366519694,0.15570053212397844
1433,0.1484,5,29,5,29999,575611,1805,106151,5.331903738560154,0.15570096309269219
1434,0.1485,1,16,1,30015,575595,1806,106150,5.331755530030753,0.1557033788293277
1435,0.1486,0,20,0,30035,575575,1806,106150,5.331570269369002,0.15570794675272287
1436,0.1487,3,26,3,30061,575549,1809,106147,5.331329430508726,0.15571016992911796
1437,0.1488,1,8,1,30069,575541,1810,106146,5.331255326244025,0.1557107587499835
1438,0.1489,4,20,4,30089,575521,1814,106142,5.331070065582274,0.15571037301423138
1439,0.149,1,27,1,30116,575494,1815,106141,5.33081996368891,0.1557153021778518
1440,0.1491,2,15,2,30131,575479,1817,106139,5.330681018192597,0.15571625162481037
1441,0.1492,0,23,0,30154,575456,1817,106139,5.330467968431583,0.15572150617302064
1442,0.1493,1,11,1,30165,575445,1818,106138,5.33036607506762,0.1557227806444703
1443,0.1494,0,12,0,30177,575433,1818,106138,5.33025491867057,0.15572552235937268
1444,0.1495,2,21,2,30198,575412,1820,106136,5.330060394975731,0.15572784308662047
1445,0.1496,2,22,2,30220,575390,1822,106134,5.3298566082478045,0.15573039247333917
1446,0.1497,1,16,1,30236,575374,1823,106133,5.329708399718403,0.15573280978772044
1447,0.1498,1,17,1,30253,575357,1824,106132,5.329550928155915,0.1557354557447002
1448,0.1499,0,7,0,30260,575350,1824,106132,5.329486086924303,0.15573705541745783
1449,0.15,0,22,0,30282,575328,1824,106132,5.329282300196376,0.15574208317436092
1450,0.1501,0,9,0,30291,575319,1824,106132,5.3291989328985885,0.1557441400775698
1451,0.1502,2,20,2,30311,575299,1826,106130,5.3290136722368375,0.15574623328329143
1452,0.1503,1,10,1,30321,575289,1827,106129,5.328921041905962,0.1557472799368376
1453,0.1504,0,21,0,30342,575268,1827,106129,5.328726518211123,0.1557520799181681
1454,0.1505,0,14,0,30356,575254,1827,106129,5.328596835747898,0.15575528007009273
1455,0.1506,1,36,1,30392,575218,1828,106128,5.328263366556746,0.15576227056444156
1456,0.1507,0,19,0,30411,575199,1828,106128,5.328087368928082,0.15576661426891933
1457,0.1508,1,19,1,30430,575180,1829,106127,5.327911371299418,0.15576971908405463
1458,0.1509,0,12,0,30442,575168,1829,106127,5.327800214902368,0.1557724627364064
1459,0.151,0,12,0,30454,575156,1829,106127,5.327689058505317,0.15577520648541063
1460,0.1511,0,17,0,30471,575139,1829,106127,5.327531586942828,0.1557790936286267
1461,0.1512,1,20,1,30491,575119,1830,106126,5.327346326281077,0.1557824277609377
1462,0.1513,5,23,5,30514,575096,1835,106121,5.327133276520064,0.15578149106672323
1463,0.1514,0,15,0,30529,575081,1835,106121,5.326994331023751,0.1557849213595967
1464,0.1515,3,12,3,30541,575069,1838,106118,5.326883174626699,0.15578394772654205
1465,0.1516,3,43,3,30584,575026,1841,106115,5.326484864203935,0.15579006402492288
1466,0.1517,2,37,2,30621,574989,1843,106113,5.3261421319796955,0.15579604816899673
1467,0.1518,1,14,1,30635,574975,1844,106112,5.32601244951647,0.1557980111204589
1468,0.1519,0,11,0,30646,574964,1844,106112,5.325910556152507,0.15580052740075997
1469,0.152,0,19,0,30665,574945,1844,106112,5.325734558523843,0.1558048738945492
1470,0.1521,0,6,0,30671,574939,1844,106112,5.325678980325318,0.1558062465219198
1471,0.1522,2,16,2,30687,574923,1846,106110,5.325530771795917,0.1558074278338935
1472,0.1523,4,23,4,30710,574900,1850,106106,5.325317722034903,0.15580773150309982
1473,0.1524,2,13,2,30723,574887,1852,106104,5.3251973026047645,0.15580822654043885
1474,0.1525,3,11,3,30734,574876,1855,106101,5.325095409240801,0.1558070243194704
1475,0.1526,2,17,2,30751,574859,1857,106099,5.324937937678313,0.15580843458774257
1476,0.1527,4,28,4,30779,574831,1861,106095,5.3246785727518615,0.1558098824248156
1477,0.1528,0,8,0,30787,574823,1861,106095,5.324604468487162,0.1558117130109646
1478,0.1529,3,16,3,30803,574807,1864,106092,5.324456259957761,0.1558116548856732
1479,0.153,2,18,2,30821,574789,1866,106090,5.324289525362184,0.15581329428576884
1480,0.1531,2,10,2,30831,574779,1868,106088,5.324196895031309,0.15581310299955792
1481,0.1532,2,53,2,30884,574726,1870,106086,5.323705954277669,0.15582275283044364
1482,0.1533,4,18,4,30902,574708,1874,106082,5.323539219682092,0.15582191277780225
1483,0.1534,1,26,1,30928,574682,1875,106081,5.323298380821816,0.15582662394989152
1484,0.1535,1,24,1,30952,574658,1876,106080,5.323076068027715,0.15583087766512227
1485,0.1536,3,22,3,30974,574636,1879,106077,5.322872281299789,0.15583219359700784
1486,0.1537,0,12,0,30986,574624,1879,106077,5.322761124902738,0.15583494074490856
1487,0.1538,2,12,2,30998,574612,1881,106075,5.322649968505687,0.15583520766519707
1488,0.1539,1,21,1,31019,574591,1882,106074,5.322455444810849,0.15583877531531665
1489,0.154,0,17,0,31036,574574,1882,106074,5.322297973248361,0.15584266757560442
1490,0.1541,3,6,3,31042,574568,1885,106071,5.322242395049835,0.1558403206398693
1491,0.1542,0,21,0,31063,574547,1885,106071,5.322047871354997,0.15584512898571592
1492,0.1543,2,15,2,31078,574532,1887,106069,5.321908925858684,0.15584608309420644
1493,0.1544,5,19,5,31097,574513,1892,106064,5.32173292823002,0.15584423217358212
1494,0.1545,2,11,2,31108,574502,1894,106062,5.321631034866057,0.15584427034048232
1495,0.1546,2,16,2,31124,574486,1896,106060,5.321482826336656,0.15584545350351042
1496,0.1547,1,10,1,31134,574476,1897,106059,5.321390196005781,0.15584650311886972
1497,0.1548,0,21,0,31155,574455,1897,106059,5.3211956723109415,0.15585131239034025
1498,0.1549,0,12,0,31167,574443,1897,106059,5.321084515913891,0.15585406067873422
1499,0.155,0,15,0,31182,574428,1897,106059,5.320945570417577,0.1558574961755331
1500,0.1551,0,20,0,31202,574408,1897,106059,5.320760309755826,0.1558620770735392
1501,0.1552,0,12,0,31214,574396,1897,106059,5.320649153358776,0.15586482574159938
1502,0.1553,0,18,0,31232,574378,1897,106059,5.320482418763199,0.15586894892546996
1503,0.1554,1,14,1,31246,574364,1898,106058,5.320352736299974,0.15587091540250023
1504,0.1555,3,31,3,31277,574333,1901,106055,5.3200655822742595,0.15587429525506036
1505,0.1556,5,25,5,31302,574308,1906,106050,5.319834006447071,0.15587381937156614
1506,0.1557,1,12,1,31314,574296,1907,106049,5.31972285005002,0.15587532795860923
1507,0.1558,2,22,2,31336,574274,1909,106047,5.319519063322094,0.15587788705625727
1508,0.1559,1,22,1,31358,574252,1910,106046,5.319315276594168,0.15588168714298734
1509,0.156,2,12,2,31370,574240,1912,106044,5.319204120197117,0.1558819551834234
1510,0.1561,5,23,5,31393,574217,1917,106039,5.318991070436104,0.1558810212625835
1511,0.1562,4,35,4,31428,574182,1921,106035,5.318666864278039,0.1558840781691725
1512,0.1563,2,18,2,31446,574164,1923,106033,5.318500129682463,0.15588572134249343
1513,0.1564,1,15,1,31461,574149,1924,106032,5.31836118418615,0.15588791806886695
1514,0.1565,1,12,1,31473,574137,1925,106031,5.318250027789099,0.15588942731795674
1515,0.1566,1,16,1,31489,574121,1926,106030,5.318101819259699,0.15589185342666556
1516,0.1567,0,7,0,31496,574114,1926,106030,5.318036978028085,0.15589345785598344
1517,0.1568,3,12,3,31508,574102,1929,106027,5.317925821631035,0.15589248510209092
1518,0.1569,0,13,0,31521,574089,1929,106027,5.3178054022008965,0.15589546489128325
1519,0.157,5,31,5,31552,574058,1934,106022,5.317518248175182,0.1558963651335137
1520,0.1571,2,13,2,31565,574045,1936,106020,5.317397828745044,0.1558968627998794
1521,0.1572,2,23,2,31588,574022,1938,106018,5.31718477898403,0.1558996529615905
1522,0.1573,4,14,4,31602,574008,1942,106014,5.3170550965208045,0.1558978974209658
1523,0.1574,1,16,1,31618,573992,1943,106013,5.316906887991404,0.1559003242623216
1524,0.1575,1,7,1,31625,573985,1944,106012,5.316842046759791,0.15590068779715205
1525,0.1576,2,10,2,31635,573975,1946,106010,5.316749416428915,0.15590049780509865
1526,0.1577,3,21,3,31656,573954,1949,106007,5.316554892734077,0.15590158847345656
1527,0.1578,1,10,1,31666,573944,1950,106006,5.316462262403201,0.15590263989999265
1528,0.1579,1,14,1,31680,573930,1951,106005,5.316332579939975,0.15590460852875643
1529,0.158,0,29,0,31709,573901,1951,106005,5.3160639519804365,0.1559112583210032
1530,0.1581,0,14,0,31723,573887,1951,106005,5.315934269517211,0.15591446876856913
1531,0.1582,1,19,1,31742,573868,1952,106004,5.315758271888547,0.15591758448649157
1532,0.1583,1,17,1,31759,573851,1953,106003,5.315600800326059,0.15592024169895302
1533,0.1584,0,17,0,31776,573834,1953,106003,5.31544332876357,0.15592414063959448
1534,0.1585,0,8,0,31784,573826,1953,106003,5.31536922449887,0.15592597550266318
1535,0.1586,1,7,1,31791,573819,1954,106002,5.315304383267257,0.1559263394334685
1536,0.1587,1,11,1,31802,573808,1955,106001,5.315202489903294,0.15592762084644363
1537,0.1588,0,12,0,31814,573796,1955,106001,5.315091333506243,0.15593037333203882
1538,0.1589,2,18,2,31832,573778,1957,105999,5.314924598910667,0.155932018882663
1539,0.159,2,20,2,31852,573758,1959,105997,5.314739338248916,0.15593412332384463
1540,0.1591,5,18,5,31870,573740,1964,105992,5.31457260365334,0.15593204380549983
1541,0.1592,3,25,3,31895,573715,1967,105989,5.314341027826152,0.1559340536468816
1542,0.1593,1,11,1,31906,573704,1968,105988,5.314239134462189,0.15593533541662988
1543,0.1594,2,23,2,31929,573681,1970,105986,5.314026084701174,0.155938128524704
1544,0.1595,1,7,1,31936,573674,1971,105985,5.313961243469562,0.1559384926853025
1545,0.1596,1,17,1,31953,573657,1972,105984,5.313803771907073,0.15594115128428096
1546,0.1597,1,20,1,31973,573637,1973,105983,5.3136185112453225,0.15594449839616256
1547,0.1598,4,22,4,31995,573615,1977,105979,5.313414724517396,0.15594457867491474
1548,0.1599,0,27,0,32022,573588,1977,105979,5.313164622624032,0.15595077453731568
1549,0.16,0,12,0,32034,573576,1977,105979,5.3130534662269815,0.1559535284119755
1550,0.1601,0,8,0,32042,573568,1977,105979,5.312979361962281,0.1559553643824489
1551,0.1602,1,15,1,32057,573553,1978,105978,5.312840416465968,0.15595756484987439
1552,0.1603,3,23,3,32080,573530,1981,105975,5.3126273667049535,0.1559591172986218
1553,0.1604,1,13,1,32093,573517,1982,105974,5.312506947274816,0.1559608589370573
1554,0.1605,1,33,1,32126,573484,1983,105973,5.312201267182926,0.15596719144846546
1555,0.1606,1,15,1,32141,573469,1984,105972,5.312062321686613,0.15596939248588176
1556,0.1607,0,22,0,32163,573447,1984,105972,5.311858534958687,0.15597444286956944
1557,0.1608,4,9,4,32172,573438,1988,105968,5.311775167660899,0.15597153984509998
1558,0.1609,5,33,5,32205,573405,1993,105963,5.31146948756901,0.15597290422863602
1559,0.161,1,7,1,32212,573398,1994,105962,5.3114046463373965,0.15597326895902025
1560,0.1611,0,18,0,32230,573380,1994,105962,5.311237911741821,0.15597740166219665
1561,0.1612,0,6,0,32236,573374,1994,105962,5.311182333543296,0.1559787792785897
1562,0.1613,0,8,0,32244,573366,1994,105962,5.311108229278595,0.1559806161383014
1563,0.1614,4,15,4,32259,573351,1998,105958,5.310969283782281,0.15597909051698122
1564,0.1615,1,19,1,32278,573332,1999,105957,5.3107932861536185,0.1559822108115986
1565,0.1616,1,19,1,32297,573313,2000,105956,5.310617288524955,0.15598533128996023
1566,0.1617,2,7,2,32304,573306,2002,105954,5.310552447293341,0.15598445367017047
1567,0.1618,1,24,1,32328,573282,2003,105953,5.310330134499241,0.15598872260705057
1568,0.1619,3,15,3,32343,573267,2006,105950,5.310191189002927,0.15598843962975015
1569,0.162,1,29,1,32372,573238,2007,105949,5.309922561043388,0.1559938573618164
1570,0.1621,1,21,1,32393,573217,2008,105948,5.30972803734855,0.15599743803052277
1571,0.1622,0,10,0,32403,573207,2008,105948,5.309635407017674,0.1559997349647724
1572,0.1623,0,17,0,32420,573190,2008,105948,5.3094779354551855,0.15600363990823662
1573,0.1624,4,12,4,32432,573178,2012,105944,5.309366779058135,0.15600142536981573
1574,0.1625,2,34,2,32466,573144,2014,105942,5.3090518359331575,0.1560067502496002
1575,0.1626,1,12,1,32478,573132,2015,105941,5.308940679536107,0.15600826420723546
1576,0.1627,0,14,0,32492,573118,2015,105941,5.308810997072881,0.15601148059299708
1577,0.1628,1,33,1,32525,573085,2016,105940,5.308505316980992,0.15601781966790618
1578,0.1629,2,14,2,32539,573071,2018,105938,5.308375634517766,0.15601855056413097
1579,0.163,2,9,2,32548,573062,2020,105936,5.308292267219978,0.15601813260127423
1580,0.1631,1,17,1,32565,573045,2021,105935,5.30813479565749,0.15602079589973195
1581,0.1632,0,18,0,32583,573027,2021,105935,5.307968061061914,0.15602493217588023
1582,0.1633,0,8,0,32591,573019,2021,105935,5.307893956797214,0.156026770591233
1583,0.1634,1,25,1,32616,572994,2022,105934,5.307662380970025,0.15603127283010865
1584,0.1635,0,11,0,32627,572983,2022,105934,5.307560487606062,0.1560338008917143
1585,0.1636,0,23,0,32650,572960,2022,105934,5.307347437845048,0.1560390871034359
1586,0.1637,0,12,0,32662,572948,2022,105934,5.307236281447997,0.15604184526913367
1587,0.1638,1,27,1,32689,572921,2023,105933,5.306986179554634,0.15604680829751316
1588,0.1639,2,21,2,32710,572900,2025,105931,5.3067916558597945,0.15604914919913793
1589,0.164,2,25,2,32735,572875,2027,105929,5.306560080032606,0.1560524098266952
1590,0.1641,1,17,1,32752,572858,2028,105928,5.306402608470117,0.15605507479529632
1591,0.1642,4,15,4,32767,572843,2032,105924,5.306263662973804,0.156053550039999
1592,0.1643,0,13,0,32780,572830,2032,105924,5.306143243543666,0.15605653889332513
1593,0.1644,2,17,2,32797,572813,2034,105922,5.305985771981177,0.1560579607652471
1594,0.1645,3,22,3,32819,572791,2037,105919,5.305781985253251,0.15605928894520488
1595,0.1646,0,9,0,32828,572782,2037,105919,5.305698617955463,0.15606135838904023
1596,0.1647,0,21,0,32849,572761,2037,105919,5.305504094260625,0.15606618730476807
1597,0.1648,3,17,3,32866,572744,2040,105916,5.305346622698136,0.15606636607432292
1598,0.1649,1,40,1,32906,572704,2041,105915,5.304976101374634,0.15607432152651193
1599,0.165,0,33,0,32939,572671,2041,105915,5.3046704212827445,0.15608191150421613
1600,0.1651,1,18,1,32957,572653,2042,105914,5.304503686687169,0.15608480813243203
1601,0.1652,0,25,0,32982,572628,2042,105914,5.30427211085998,0.15609055887476384
1602,0.1653,2,21,2,33003,572607,2044,105912,5.304077587165142,0.15609290233582257
1603,0.1654,0,20,0,33023,572587,2044,105912,5.30389232650339,0.15609750345984297
1604,0.1655,0,18,0,33041,572569,2044,105912,5.303725591907814,0.1561016447033889
1605,0.1656,2,22,2,33063,572547,2046,105910,5.303521805179888,0.15610421883774506
1606,0.1657,4,16,4,33079,572531,2050,105906,5.303373596650487,0.1561029248109994
1607,0.1658,1,10,1,33089,572521,2051,105905,5.303280966319612,0.15610398186390262
1608,0.1659,0,17,0,33106,572504,2051,105905,5.3031234947571235,0.15610789361579813
1609,0.166,1,26,1,33132,572478,2052,105904,5.3028826558968465,0.15611263270546683
1610,0.1661,3,30,3,33162,572448,2055,105901,5.3026047649042205,0.1561158046964026
1611,0.1662,3,38,3,33200,572410,2058,105898,5.302252769646893,0.15612081827134577
1612,0.1663,0,5,0,33205,572405,2058,105898,5.302206454481455,0.1561219690905097
1613,0.1664,0,19,0,33224,572386,2058,105898,5.302030456852792,0.1561263423580683
1614,0.1665,1,5,1,33229,572381,2059,105897,5.301984141687354,0.15612624911909276
1615,0.1666,1,28,1,33257,572353,2060,105896,5.301724776760903,0.1561314502490973
1616,0.1667,0,13,0,33270,572340,2060,105896,5.301604357330764,0.15613444287829015
1617,0.1668,2,11,2,33281,572329,2062,105894,5.301502463966801,0.1561344867396122
1618,0.1669,0,9,0,33290,572320,2062,105894,5.301419096669013,0.1561365586673233
1619,0.167,1,16,1,33306,572304,2063,105893,5.301270888139612,0.15613899796076952
1620,0.1671,1,10,1,33316,572294,2064,105892,5.301178257808737,0.15614005597284522
1621,0.1672,1,3,1,33319,572291,2065,105891,5.301150468709475,0.15613950237546853
1622,0.1673,0,21,0,33340,572270,2065,105891,5.3009559450146355,0.15614433740660405
1623,0.1674,1,13,1,33353,572257,2066,105890,5.300835525584497,0.15614608632051752
1624,0.1675,2,15,2,33368,572242,2068,105888,5.300696580088184,0.15614705145031188
1625,0.1676,3,22,3,33390,572220,2071,105885,5.300492793360258,0.15614838409980755
1626,0.1677,0,11,0,33401,572209,2071,105885,5.3003908999962945,0.15615091712948354
1627,0.1678,4,23,4,33424,572186,2075,105881,5.300177850235281,0.1561512357923332
1628,0.1679,0,5,0,33429,572181,2075,105881,5.300131535069843,0.15615238724482422
1629,0.168,1,17,1,33446,572164,2076,105880,5.299974063507355,0.15615505778386063
1630,0.1681,0,12,0,33458,572152,2076,105880,5.299862907110304,0.1561578214597541
1631,0.1682,2,25,2,33483,572127,2078,105878,5.299631331283115,0.15616109025744648
1632,0.1683,2,14,2,33497,572113,2080,105876,5.29950164881989,0.1561618256343392
1633,0.1684,1,19,1,33516,572094,2081,105875,5.299325651191226,0.15616495739480712
1634,0.1685,3,13,3,33529,572081,2084,105872,5.299205231761088,0.1561642178735104
1635,0.1686,0,20,0,33549,572061,2084,105872,5.299019971099336,0.15616882494287784
1636,0.1687,2,21,2,33570,572040,2086,105870,5.298825447404498,0.15617117316457937
1637,0.1688,0,5,0,33575,572035,2086,105870,5.29877913223906,0.1561723250307934
1638,0.1689,2,16,2,33591,572019,2088,105868,5.298630923709659,0.15617352154562633
1639,0.169,3,14,3,33605,572005,2091,105865,5.298501241246433,0.15617301252452534
1640,0.1691,1,13,1,33618,571992,2092,105864,5.298380821816296,0.1561747627814757
1641,0.1692,2,18,2,33636,571974,2094,105862,5.298214087220719,0.15617642025504694
1642,0.1693,5,20,5,33656,571954,2099,105857,5.298028826558968,0.1561748038907601
1643,0.1694,3,12,3,33668,571942,2102,105854,5.297917670161918,0.15617383401495435
1644,0.1695,1,7,1,33675,571935,2103,105853,5.297852828930305,0.15617420196285564
1645,0.1696,4,32,4,33707,571903,2107,105849,5.297556411871503,0.15617659556888067
1646,0.1697,0,28,0,33735,571875,2107,105849,5.297297046945052,0.15618304796642882
1647,0.1698,2,24,2,33759,571851,2109,105847,5.29707473415095,0.15618608878881154
1648,0.1699,1,26,1,33785,571825,2110,105846,5.296833895290674,0.15619083596612515
1649,0.17,1,25,1,33810,571800,2111,105845,5.296602319463485,0.15619535302407603
1650,0.1701,0,27,0,33837,571773,2111,105845,5.296352217570121,0.1562015766995564
1651,0.1702,1,32,1,33869,571741,2112,105844,5.296055800511319,0.15620770825800454
1652,0.1703,1,21,1,33890,571720,2113,105843,5.295861276816481,0.15621130433627575
1653,0.1704,0,11,0,33901,571709,2113,105843,5.295759383452518,0.1562138404137247
1654,0.1705,2,12,2,33913,571697,2115,105841,5.295648227055467,0.15621411640380317
1655,0.1706,0,18,0,33931,571679,2115,105841,5.295481492459891,0.15621826661943558
1656,0.1707,3,33,3,33964,571646,2118,105838,5.295175812368002,0.15622213956344355
1657,0.1708,2,28,2,33992,571618,2120,105836,5.29491644744155,0.15622610538870535
1658,0.1709,0,16,0,34008,571602,2120,105836,5.294768238912149,0.15622979519897023
1659,0.171,0,14,0,34022,571588,2120,105836,5.294638556448923,0.15623302392593116
1660,0.1711,2,17,2,34039,571571,2122,105834,5.294481084886435,0.1562344535396107
1661,0.1712,2,26,2,34065,571545,2124,105832,5.294240246026159,0.15623795906858368
1662,0.1713,0,10,0,34075,571535,2124,105832,5.294147615695283,0.15624026561671886
1663,0.1714,1,14,1,34089,571521,2125,105831,5.294017933232057,0.15624224922935195
1664,0.1715,1,14,1,34103,571507,2126,105830,5.293888250768831,0.15624423292984144
1665,0.1716,0,7,0,34110,571500,2126,105830,5.293823409537219,0.15624584766657315
1666,0.1717,5,17,5,34127,571483,2131,105825,5.293665937974731,0.15624354060486514
1667,0.1718,3,11,3,34138,571472,2134,105822,5.2935640446107675,0.1562423408445963
1668,0.1719,1,14,1,34152,571458,2135,105821,5.293434362147542,0.15624432471699257
1669,0.172,4,21,4,34173,571437,2139,105817,5.293239838452703,0.15624418608085003
1670,0.1721,2,19,2,34192,571418,2141,105815,5.29306384082404,0.15624607779006636
1671,0.1722,1,11,1,34203,571407,2142,105814,5.292961947460077,0.1562473697655566
1672,0.1723,3,13,3,34216,571394,2145,105811,5.292841528029938,0.15624663137454686
1673,0.1724,0,24,0,34240,571370,2145,105811,5.2926192152358364,0.15625216891791116
1674,0.1725,1,9,1,34249,571361,2146,105810,5.292535847938049,0.1562529996116195
1675,0.1726,1,12,1,34261,571349,2147,105809,5.292424691540998,0.15625452257818706
1676,0.1727,1,23,1,34284,571326,2148,105808,5.292211641779985,0.15625858397303932
1677,0.1728,0,5,0,34289,571321,2148,105808,5.292165326614547,0.156259737804761
1678,0.1729,1,25,1,34314,571296,2149,105807,5.291933750787358,0.15626426112423072
1679,0.173,5,20,5,34334,571276,2154,105802,5.291748490125607,0.15626264625345973
1680,0.1731,3,8,3,34342,571268,2157,105799,5.291674385860906,0.15626075410557597
1681,0.1732,1,16,1,34358,571252,2158,105798,5.291526177331505,0.15626320064987814
1682,0.1733,1,14,1,34372,571238,2159,105797,5.2913964948682795,0.15626518569940992
1683,0.1734,1,15,1,34387,571223,2160,105796,5.2912575493719665,0.1562674016534248
1684,0.1735,0,23,0,34410,571200,2160,105796,5.291044499610953,0.15627271062162848
1685,0.1736,1,20,1,34430,571180,2161,105795,5.290859238949202,0.1562760810960523
1686,0.1737,1,11,1,34441,571169,2162,105794,5.290757345585239,0.15627737409577777
1687,0.1738,1,17,1,34458,571152,2163,105793,5.2905998740227504,0.15628005229376093
1688,0.1739,0,10,0,34468,571142,2163,105793,5.2905072436918745,0.15628236093568806
1689,0.174,1,14,1,34482,571128,2164,105792,5.290377561228649,0.15628434674703068
1690,0.1741,4,23,4,34505,571105,2168,105788,5.290164511467635,0.1562846712848264
1691,0.1742,3,24,3,34529,571081,2171,105785,5.2899421986735335,0.15628647324581232
1692,0.1743,3,17,3,34546,571064,2174,105782,5.289784727111045,0.15628665900367292
1693,0.1744,0,18,0,34564,571046,2174,105782,5.28961799251547,0.1562908153917982
1694,0.1745,4,21,4,34585,571025,2178,105778,5.2894234688206305,0.15629067838056274
1695,0.1746,1,8,1,34593,571017,2179,105777,5.28934936455593,0.1562912791780069
1696,0.1747,2,17,2,34610,571000,2181,105775,5.289191892993442,0.15629271175796977
1697,0.1748,2,12,2,34622,570988,2183,105773,5.289080736596391,0.1562929896965103
1698,0.1749,1,11,1,34633,570977,2184,105772,5.288978843232428,0.1562942834049256
1699,0.175,0,13,0,34646,570964,2184,105772,5.2888584238022895,0.15629728579534707
1700,0.1751,2,17,2,34663,570947,2186,105770,5.288700952239801,0.15629871866673956
1701,0.1752,0,15,0,34678,570932,2186,105770,5.288562006743488,0.15630218323575223
1702,0.1753,2,21,2,34699,570911,2188,105768,5.288367483048649,0.15630454026207405
1703,0.1754,5,23,5,34722,570888,2193,105763,5.288154433287636,0.15630361885225913
1704,0.1755,1,9,1,34731,570879,2194,105762,5.288071065989848,0.15630445095700674
1705,0.1756,0,17,0,34748,570862,2194,105762,5.287913594427359,0.1563083780652179
1706,0.1757,2,32,2,34780,570830,2196,105760,5.287617177368557,0.15631327687373447
1707,0.1758,3,29,3,34809,570801,2199,105757,5.287348549409018,0.15631623600637343
1708,0.1759,1,13,1,34822,570788,2200,105756,5.28722812997888,0.15631799262132248
1709,0.176,2,24,2,34846,570764,2202,105754,5.287005817184779,0.15632104393379037
1710,0.1761,2,10,2,34856,570754,2204,105752,5.286913186853903,0.1563208604210458
1711,0.1762,4,28,4,34884,570726,2208,105748,5.286653821927452,0.1563223420264489
1712,0.1763,3,58,3,34942,570668,2211,105745,5.286116566008374,0.1563320042636673
1713,0.1764,0,12,0,34954,570656,2211,105745,5.286005409611323,0.15633477774278867
1714,0.1765,1,22,1,34976,570634,2212,105744,5.285801622883397,0.1563386153896194
1715,0.1766,1,21,1,34997,570613,2213,105743,5.285607099188558,0.1563422221433683
1716,0.1767,1,19,1,35016,570594,2214,105742,5.285431101559895,0.15634536679993377
1717,0.1768,0,10,0,35026,570584,2214,105742,5.285338471229019,0.1563476784864104
1718,0.1769,1,28,1,35054,570556,2215,105741,5.285079106302567,0.1563529041234842
1719,0.177,0,18,0,35072,570538,2215,105741,5.284912371706992,0.15635706564894075
1720,0.1771,1,9,1,35081,570529,2216,105740,5.284829004409204,0.1563578990017286
1721,0.1772,1,13,1,35094,570516,2217,105739,5.284708584979065,0.1563596572298911
1722,0.1773,0,8,0,35102,570508,2217,105739,5.284634480714365,0.15636150696417137
1723,0.1774,2,14,2,35116,570494,2219,105737,5.284504798251139,0.15636224899479614
1724,0.1775,2,20,2,35136,570474,2221,105735,5.284319537589388,0.156364378468787
1725,0.1776,2,25,2,35161,570449,2223,105733,5.284087961762199,0.15636766432705987
1726,0.1777,1,30,1,35191,570419,2224,105732,5.283810070769573,0.15637335447259562
1727,0.1778,2,30,2,35221,570389,2226,105730,5.283532179776946,0.1563777973995702
1728,0.1779,6,19,6,35240,570370,2232,105724,5.283356182148283,0.15637470529245934
1729,0.178,0,4,0,35244,570366,2232,105724,5.283319130015933,0.15637563046339983
1730,0.1781,1,21,1,35265,570345,2233,105723,5.283124606321094,0.15637923995811073
1731,0.1782,2,15,2,35280,570330,2235,105721,5.282985660824781,0.1563802139187724
1732,0.1783,0,12,0,35292,570318,2235,105721,5.282874504427729,0.15638298973875767
1733,0.1784,0,6,0,35298,570312,2235,105721,5.282818926229204,0.15638437768570468
1734,0.1785,3,18,3,35316,570294,2238,105718,5.282652191633629,0.1563847979029958
1735,0.1786,3,11,3,35327,570283,2241,105715,5.2825502982696655,0.1563835987680437
1736,0.1787,2,10,2,35337,570273,2243,105713,5.28245766793879,0.15638341622459637
1737,0.1788,0,9,0,35346,570264,2243,105713,5.282374300641002,0.1563854983231678
1738,0.1789,0,16,0,35362,570248,2243,105713,5.282226092111601,0.15638919996863723
1739,0.179,2,9,2,35371,570239,2245,105711,5.282142724813813,0.15638878615282195
1740,0.1791,3,13,3,35384,570226,2248,105708,5.282022305383675,0.15638804972083073
1741,0.1792,1,14,1,35398,570212,2249,105707,5.2818926229204495,0.15639004081850044
1742,0.1793,1,17,1,35415,570195,2250,105706,5.28173515135796,0.15639272615368227
1743,0.1794,0,11,0,35426,570184,2250,105706,5.281633257993998,0.1563952714199056
1744,0.1795,0,32,0,35458,570152,2250,105706,5.281336840935196,0.15640267630182672
1745,0.1796,0,11,0,35469,570141,2250,105706,5.281234947571233,0.1564052218919371
1746,0.1797,1,31,1,35500,570110,2251,105705,5.2809477935455185,0.156411148021278
1747,0.1798,2,24,2,35524,570086,2253,105703,5.280725480751418,0.15641420620933458
1748,0.1799,1,24,1,35548,570062,2254,105702,5.280503167957316,0.1564185129719843
1749,0.18,2,30,2,35578,570032,2256,105700,5.280225276964689,0.1564229605820059
1750,0.1801,1,25,1,35603,570007,2257,105699,5.2799937011375,0.15642749953382093
1751,0.1802,2,17,2,35620,569990,2259,105697,5.279836229575012,0.1564289382509949
1752,0.1803,2,19,2,35639,569971,2261,105695,5.279660231946348,0.1564308400896301
1753,0.1804,1,10,1,35649,569961,2262,105694,5.279567601615473,0.15643190681634858
1754,0.1805,1,14,1,35663,569947,2263,105693,5.279437919152247,0.15643389970990468
1755,0.1806,1,11,1,35674,569936,2264,105692,5.279336025788284,0.15643519806757564
1756,0.1807,2,22,2,35696,569914,2266,105690,5.279132239060358,0.15643779492128526
1757,0.1808,0,17,0,35713,569897,2266,105690,5.2789747674978695,0.15644173141283063
1758,0.1809,5,15,5,35728,569882,2271,105685,5.2788358220015565,0.1564389616425906
1759,0.181,1,15,1,35743,569867,2272,105684,5.278696876505243,0.15644118652773809
1760,0.1811,2,33,2,35776,569834,2274,105682,5.278391196413353,0.15644633139703576
1761,0.1812,1,22,1,35798,569812,2275,105681,5.278187409685428,0.15645017787008897
1762,0.1813,4,46,4,35844,569766,2279,105677,5.2777613101634,0.1564558371320748
1763,0.1814,3,12,3,35856,569754,2282,105674,5.277650153766349,0.1564548700971828
1764,0.1815,0,6,0,35862,569748,2282,105674,5.277594575567824,0.1564562599382312
1765,0.1816,2,12,2,35874,569736,2284,105672,5.277483419170773,0.15645654182360885
1766,0.1817,1,13,1,35887,569723,2285,105671,5.277362999740635,0.15645830433791239
1767,0.1818,2,20,2,35907,569703,2287,105669,5.277177739078884,0.15646043957996483
1768,0.1819,0,8,0,35915,569695,2287,105669,5.277103634814184,0.15646229292648112
1769,0.182,1,17,1,35932,569678,2288,105668,5.276946163251695,0.15646498239420978
1770,0.1821,0,10,0,35942,569668,2288,105668,5.2768535329208195,0.15646729924067426
1771,0.1822,1,20,1,35962,569648,2289,105667,5.2766682722590685,0.1564706840511465
1772,0.1823,6,19,6,35981,569629,2295,105661,5.276492274630405,0.15646759170134314
1773,0.1824,4,28,4,36009,569601,2299,105657,5.276232909703953,0.15646908292830297
1774,0.1825,3,32,3,36041,569569,2302,105654,5.275936492645152,0.1564727504839142
1775,0.1826,0,5,0,36046,569564,2302,105654,5.275890177479714,0.15647390916711343
1776,0.1827,0,7,0,36053,569557,2302,105654,5.275825336248101,0.15647553135242168
1777,0.1828,0,10,0,36063,569547,2302,105654,5.275732705917226,0.15647784881835186
1778,0.1829,3,17,3,36080,569530,2305,105651,5.275575234354737,0.1564780407031596
1779,0.183,0,7,0,36087,569523,2305,105651,5.275510393123124,0.15647966302019925
1780,0.1831,2,17,2,36104,569506,2307,105649,5.275352921560636,0.15648110433900364
1781,0.1832,5,50,5,36154,569456,2312,105644,5.274889769906258,0.15648644645237741
1782,0.1833,0,9,0,36163,569447,2312,105644,5.27480640260847,0.15648853265707882
1783,0.1834,0,9,0,36172,569438,2312,105644,5.274723035310682,0.1564906189174056
1784,0.1835,0,10,0,36182,569428,2312,105644,5.274630404979806,0.15649293704967768
1785,0.1836,0,12,0,36194,569416,2312,105644,5.274519248582756,0.15649571889906083
1786,0.1837,0,36,0,36230,569380,2312,105644,5.274185779391604,0.1565040650406504
1787,0.1838,1,17,1,36247,569363,2313,105643,5.2740283078291155,0.15650675697697503
1788,0.1839,3,14,3,36261,569349,2316,105640,5.27389862536589,0.15650625417599398
1789,0.184,0,10,0,36271,569339,2316,105640,5.273805995035015,0.15650857285930378
1790,0.1841,4,21,4,36292,569318,2320,105636,5.273611471340176,0.15650844353837445
1791,0.1842,3,16,3,36308,569302,2323,105633,5.2734632628107745,0.1565084045130272
1792,0.1843,2,9,2,36317,569293,2325,105631,5.273379895512987,0.15650799201095233
1793,0.1844,1,25,1,36342,569268,2326,105630,5.273148319685798,0.15651253967266165
1794,0.1845,1,38,1,36380,569230,2327,105629,5.272796324428471,0.1565201027177529
1795,0.1846,3,13,3,36393,569217,2330,105626,5.272675904998333,0.15651936820860557
1796,0.1847,2,12,2,36405,569205,2332,105624,5.272564748601282,0.1565196516450834
1797,0.1848,2,14,2,36419,569191,2334,105622,5.272435066138057,0.1565203989846076
1798,0.1849,2,18,2,36437,569173,2336,105620,5.27226833154248,0.15652207417682162
1799,0.185,0,14,0,36451,569159,2336,105620,5.272138649079254,0.15652532162382055
1800,0.1851,2,32,2,36483,569127,2338,105618,5.271842232020453,0.15653024475913122
1801,0.1852,0,45,0,36528,569082,2338,105618,5.271425395531513,0.15654068474877725
1802,0.1853,5,30,5,36558,569052,2343,105613,5.271147504538886,0.1565413946180697
1803,0.1854,0,28,0,36586,569024,2343,105613,5.270888139612435,0.15654789168100772
1804,0.1855,0,38,0,36624,568986,2343,105613,5.270536144355107,0.15655670998622886
1805,0.1856,1,14,1,36638,568972,2344,105612,5.2704064618918816,0.15655870877459294
1806,0.1857,2,22,2,36660,568950,2346,105610,5.270202675163956,0.15656131404174572
1807,0.1858,0,11,0,36671,568939,2346,105610,5.270100781799993,0.1565638671171405
1808,0.1859,2,15,2,36686,568924,2348,105608,5.269961836303679,0.1565648479241904
1809,0.186,2,10,2,36696,568914,2350,105606,5.269869205972804,0.15656466820850382
1810,0.1861,2,25,2,36721,568889,2352,105604,5.269637630145615,0.1565679703125162
1811,0.1862,0,17,0,36738,568872,2352,105604,5.269480158583127,0.15657191656930713
1812,0.1863,2,24,2,36762,568848,2354,105602,5.269257845789025,0.15657498702646602
1813,0.1864,0,14,0,36776,568834,2354,105602,5.269128163325799,0.1565782372233985
1814,0.1865,0,11,0,36787,568823,2354,105602,5.269026269961836,0.15658079104422284
1815,0.1866,0,14,0,36801,568809,2354,105602,5.2688965874986105,0.15658404148212293
1816,0.1867,1,10,1,36811,568799,2355,105601,5.268803957167735,0.15658511269276393
1817,0.1868,0,51,0,36862,568748,2355,105601,5.2683315424802695,0.15659695498918216
1818,0.1869,1,19,1,36881,568729,2356,105600,5.268155544851607,0.15660011656031403
1819,0.187,2,32,2,36913,568697,2358,105598,5.267859127792804,0.15660504675253412
1820,0.1871,0,10,0,36923,568687,2358,105598,5.267766497461929,0.15660736928746746
1821,0.1872,0,25,0,36948,568662,2358,105598,5.2675349216347405,0.15661317592620058
1822,0.1873,3,11,3,36959,568651,2361,105595,5.267433028270777,0.1566119784173729
1823,0.1874,0,19,0,36978,568632,2361,105595,5.267257030642114,0.15661639180869352
1824,0.1875,3,9,3,36987,568623,2364,105592,5.267173663344326,0.15661472972271456
1825,0.1876,0,9,0,36996,568614,2364,105592,5.267090296046537,0.15661682037834135
1826,0.1877,3,17,3,37013,568597,2367,105589,5.266932824484049,0.15661701666899044
1827,0.1878,1,18,1,37031,568579,2368,105588,5.266766089888473,0.1566199472830916
1828,0.1879,2,10,2,37041,568569,2370,105586,5.266673459557597,0.15661976845087555
1829,0.188,8,38,8,37079,568531,2378,105578,5.266321464300271,0.15661858838852472
1830,0.1881,2,14,2,37093,568517,2380,105576,5.266191781837045,0.15661933887460633
1831,0.1882,0,17,0,37110,568500,2380,105576,5.266034310274557,0.1566232887686255
1832,0.1883,2,8,2,37118,568492,2382,105574,5.265960206009856,0.1566226452602564
1833,0.1884,0,12,0,37130,568480,2382,105574,5.265849049612806,0.15662543357060413
1834,0.1885,2,29,2,37159,568451,2384,105572,5.265580421653266,0.15662966990740673
1835,0.1886,1,6,1,37165,568445,2385,105571,5.265524843454741,0.156629812942126
1836,0.1887,3,54,3,37219,568391,2388,105568,5.265024639668013,0.15663860858004716
1837,0.1888,5,14,5,37233,568377,2393,105563,5.264894957204787,0.15663560554352018
1838,0.1889,0,16,0,37249,568361,2393,105563,5.264746748675386,0.15663932431550145
1839,0.189,0,14,0,37263,568347,2393,105563,5.2646170662121605,0.15664257838583787
1840,0.1891,1,16,1,37279,568331,2394,105562,5.264468857682759,0.1566450460236269
1841,0.1892,1,12,1,37291,568319,2395,105561,5.264357701285709,0.1566465839615362
1842,0.1893,2,20,2,37311,568299,2397,105559,5.264172440623958,0.15664873014789465
1843,0.1894,0,10,0,37321,568289,2397,105559,5.264079810293082,0.1566510548372927
1844,0.1895,4,14,4,37335,568275,2401,105555,5.263950127829856,0.15664930323672144
1845,0.1896,0,32,0,37367,568243,2401,105555,5.263653710771055,0.1566567428220327
1846,0.1897,2,16,2,37383,568227,2403,105553,5.263505502241654,0.15665795957137343
1847,0.1898,1,10,1,37393,568217,2404,105552,5.263412871910779,0.15665903299201953
1848,0.1899,1,41,1,37434,568176,2405,105551,5.263033087554189,0.15666731480258325
1849,0.19,1,17,1,37451,568159,2406,105550,5.2628756159917005,0.1566700162829946
1850,0.1901,3,29,3,37480,568130,2409,105547,5.262606988032161,0.15667300501575682
1851,0.1902,1,17,1,37497,568113,2410,105546,5.2624495164696725,0.15667570684871723
1852,0.1903,0,8,0,37505,568105,2410,105546,5.262375412204972,0.1566775674644586
1853,0.1904,1,15,1,37520,568090,2411,105545,5.262236466708659,0.15667980434508302
1854,0.1905,1,24,1,37544,568066,2412,105544,5.262014153914558,0.15668413473671708
1855,0.1906,0,26,0,37570,568040,2412,105544,5.261773315054281,0.15669018266467136
1856,0.1907,0,13,0,37583,568027,2412,105544,5.2616528956241435,0.1566932068037371
1857,0.1908,1,19,1,37602,568008,2413,105543,5.26147689799548,0.1566963748847526
1858,0.1909,1,16,1,37618,567992,2414,105542,5.261328689466079,0.1566988451956397
1859,0.191,2,27,2,37645,567965,2416,105540,5.261078587572714,0.15670262284615555
1860,0.1911,1,18,1,37663,567947,2417,105539,5.260911852977139,0.15670555883863957
1861,0.1912,2,28,2,37691,567919,2419,105537,5.260652488050687,0.15670956974175002
1862,0.1913,0,24,0,37715,567895,2419,105537,5.260430175256586,0.1567151546110075
1863,0.1914,0,12,0,37727,567883,2419,105537,5.260319018859535,0.1567179471949155
1864,0.1915,2,11,2,37738,567872,2421,105535,5.260217125495572,0.15671800263436525
1865,0.1916,3,18,3,37756,567854,2424,105532,5.2600503908999965,0.15671843489469636
1866,0.1917,1,22,1,37778,567832,2425,105531,5.25984660417207,0.15672230282923177
1867,0.1918,1,42,1,37820,567790,2426,105530,5.259457556782393,0.1567308263529971
1868,0.1919,1,31,1,37851,567759,2427,105529,5.259170402756679,0.15673679019973621
1869,0.192,1,12,1,37863,567747,2428,105528,5.259059246359628,0.1567383312910772
1870,0.1921,0,9,0,37872,567738,2428,105528,5.25897587906184,0.15674042651789932
1871,0.1922,0,23,0,37895,567715,2428,105528,5.258762829300826,0.15674578124094865
1872,0.1923,0,12,0,37907,567703,2428,105528,5.258651672903776,0.15674857515473886
1873,0.1924,2,16,2,37923,567687,2430,105526,5.258503464374375,0.1567497953842246
1874,0.1925,3,15,3,37938,567672,2433,105523,5.258364518878062,0.15674953022526905
1875,0.1926,2,17,2,37955,567655,2435,105521,5.258207047315573,0.15675098339810095
1876,0.1927,5,31,5,37986,567624,2440,105516,5.257919893289859,0.15675193867546128
1877,0.1928,2,21,2,38007,567603,2442,105514,5.25772536959502,0.1567543235425639
1878,0.1929,1,11,1,38018,567592,2443,105513,5.257623476231057,0.15675563247933086
1879,0.193,1,17,1,38035,567575,2444,105512,5.257466004668569,0.15675833881801313
1880,0.1931,6,14,6,38049,567561,2450,105506,5.257336322205343,0.1567540824316153
1881,0.1932,3,25,3,38074,567536,2453,105503,5.257104746378154,0.15675614637487575
1882,0.1933,4,23,4,38097,567513,2457,105499,5.25689169661714,0.15675649171188627
1883,0.1934,1,13,1,38110,567500,2458,105498,5.256771277187002,0.15675826674076299
1884,0.1935,0,13,0,38123,567487,2458,105498,5.256650857756864,0.15676129482826512
1885,0.1936,1,20,1,38143,567467,2459,105497,5.256465597095112,0.15676470063777556
1886,0.1937,2,16,2,38159,567451,2461,105495,5.256317388565712,0.15676592178272847
1887,0.1938,0,19,0,38178,567432,2461,105495,5.2561413909370485,0.15677034804666776
1888,0.1939,5,19,5,38197,567413,2466,105490,5.255965393308385,0.15676850898272113
1889,0.194,1,11,1,38208,567402,2467,105489,5.255863499944422,0.15676981858874617
1890,0.1941,0,17,0,38225,567385,2467,105489,5.255706028381933,0.15677377934056005
1891,0.1942,3,27,3,38252,567358,2470,105486,5.25545592648857,0.1567763107050074
1892,0.1943,0,15,0,38267,567343,2470,105486,5.255316980992256,0.15677980586449158
1893,0.1944,0,20,0,38287,567323,2470,105486,5.255131720330505,0.1567844663195647
1894,0.1945,0,10,0,38297,567313,2470,105486,5.255039089999629,0.15678679665100573
1895,0.1946,2,57,2,38354,567256,2472,105484,5.254511097113639,0.15679757409994946
1896,0.1947,2,17,2,38371,567239,2474,105482,5.2543536255511505,0.15679902961257342
1897,0.1948,1,19,1,38390,567220,2475,105481,5.254177627922487,0.1568022048428648
1898,0.1949,1,30,1,38420,567190,2476,105480,5.25389973692986,0.15680794446013646
1899,0.195,0,20,0,38440,567170,2476,105480,5.253714476268109,0.15681260685348994
1900,0.1951,1,11,1,38451,567159,2477,105479,5.253612582904146,0.15681391773881345
1901,0.1952,1,33,1,38484,567126,2478,105478,5.253306902812257,0.15682035789260843
1902,0.1953,3,19,3,38503,567107,2481,105475,5.2531309051835935,0.15682102702718775
1903,0.1954,1,14,1,38517,567093,2482,105474,5.253001222720368,0.15682303770479372
1904,0.1955,0,26,0,38543,567067,2482,105474,5.252760383860092,0.15682910038198414
1905,0.1956,2,21,2,38564,567046,2484,105472,5.2525658601652525,0.15683149001216323
1906,0.1957,4,29,4,38593,567017,2488,105468,5.252297232205714,0.15683323791608736
1907,0.1958,1,11,1,38604,567006,2489,105467,5.252195338841751,0.15683454949120634
1908,0.1959,0,28,0,38632,566978,2489,105467,5.251935973915299,0.15684107993962332
1909,0.196,0,14,0,38646,566964,2489,105467,5.251806291452073,0.1568443453677775
1910,0.1961,0,38,0,38684,566926,2489,105467,5.251454296194746,0.1568532093582176
1911,0.1962,2,15,2,38699,566911,2491,105465,5.251315350698433,0.1568542006258403
1912,0.1963,0,27,0,38726,566884,2491,105465,5.251065248805069,0.156860499532237
1913,0.1964,0,22,0,38748,566862,2491,105465,5.250861462077142,0.15686563234854467
1914,0.1965,1,17,1,38765,566845,2492,105464,5.250703990514654,0.15686834476408912
1915,0.1966,2,17,2,38782,566828,2494,105462,5.250546518952166,0.1568698032099243
1916,0.1967,3,16,3,38798,566812,2497,105459,5.2503983104227645,0.15686977424282766
1917,0.1968,2,29,2,38827,566783,2499,105457,5.250129682463226,0.1568740330834226
1918,0.1969,1,15,1,38842,566768,2500,105456,5.249990736966913,0.1568762793354596
1919,0.197,0,21,0,38863,566747,2500,105456,5.249796213272074,0.15688118023870765
1920,0.1971,7,17,7,38880,566730,2507,105449,5.249638741709585,0.1568763677532324
1921,0.1972,1,18,1,38898,566712,2508,105448,5.24947200711401,0.15687931444894074
1922,0.1973,2,10,2,38908,566702,2510,105446,5.249379376783134,0.15687913971327744
1923,0.1974,1,25,1,38933,566677,2511,105445,5.249147800955945,0.15688372051502555
1924,0.1975,0,15,0,38948,566662,2511,105445,5.249008855459632,0.1568872218262866
1925,0.1976,1,48,1,38996,566614,2512,105444,5.2485642298714295,0.1568971725654631
1926,0.1977,1,20,1,39016,566594,2513,105443,5.248378969209678,0.15690058731885298
1927,0.1978,3,19,3,39035,566575,2516,105440,5.248202971581015,0.156901259644502
1928,0.1979,0,23,0,39058,566552,2516,105440,5.24798992182,0.15690662984083145
1929,0.198,1,12,1,39070,566540,2517,105439,5.24787876542295,0.156908177190061
1930,0.1981,0,16,0,39086,566524,2517,105439,5.247730556893549,0.1569119133047504
1931,0.1982,0,4,0,39090,566520,2517,105439,5.247693504761199,0.15691284736122293
1932,0.1983,0,12,0,39102,566508,2517,105439,5.247582348364149,0.15691564959736407
1933,0.1984,1,21,1,39123,566487,2518,105438,5.2473878246693095,0.15691929902890947
1934,0.1985,3,28,3,39151,566459,2521,105435,5.247128459742858,0.15692207401762778
1935,0.1986,0,31,0,39182,566428,2521,105435,5.246841305717144,0.1569293144584536
1936,0.1987,3,48,3,39230,566380,2524,105432,5.2463966801289414,0.1569367620703411
1937,0.1988,2,3,2,39233,566377,2526,105430,5.246368891029679,0.15693495304455
1938,0.1989,2,13,2,39246,566364,2528,105428,5.24624847159954,0.15693548002953295
1939,0.199,2,61,2,39307,566303,2530,105426,5.245683426581199,0.1569472212752464
1940,0.1991,1,28,1,39335,566275,2531,105425,5.245424061654748,0.1569525085603692
1941,0.1992,0,17,0,39352,566258,2531,105425,5.2452665900922595,0.15695648095902381
1942,0.1993,0,28,0,39380,566230,2531,105425,5.245007225165808,0.15696302417163574
1943,0.1994,0,10,0,39390,566220,2531,105425,5.244914594834933,0.15696536116549664
1944,0.1995,2,9,2,39399,566211,2533,105423,5.244831227537145,0.1569649541268012
1945,0.1996,0,12,0,39411,566199,2533,105423,5.244720071140094,0.15696775864995488
1946,0.1997,0,14,0,39425,566185,2533,105423,5.244590388676868,0.15697103072030114
1947,0.1998,0,18,0,39443,566167,2533,105423,5.2444236540812925,0.1569752378683423
1948,0.1999,2,27,2,39470,566140,2535,105421,5.244173552187928,0.1569790383896623
1949,0.2,1,37,1,39507,566103,2536,105420,5.243830819963689,0.1569864323336654
1950,0.2001,5,18,5,39525,566085,2541,105415,5.243664085368113,0.1569843633655994
1951,0.2002,0,14,0,39539,566071,2541,105415,5.243534402904888,0.15698763637663332
1952,0.2003,0,15,0,39554,566056,2541,105415,5.243395457408574,0.1569911433256239
1953,0.2004,0,31,0,39585,566025,2541,105415,5.24310830338286,0.15699839151674014
1954,0.2005,1,9,1,39594,566016,2542,105414,5.243024936085072,0.15699924042714802
1955,0.2006,0,25,0,39619,565991,2542,105414,5.242793360257883,0.15700508634877608
1956,0.2007,4,21,4,39640,565970,2546,105410,5.242598836563044,0.15700497482796627
1957,0.2008,3,18,3,39658,565952,2549,105407,5.242432101967468,0.15700541736984236
1958,0.2009,0,29,0,39687,565923,2549,105407,5.2421634740079295,0.15701219966335483
1959,0.201,1,28,1,39715,565895,2550,105406,5.241904109081478,0.15701749289811873
1960,0.2011,1,19,1,39734,565876,2551,105405,5.241728111452814,0.15702068135400823
1961,0.2012,2,16,2,39750,565860,2553,105403,5.241579902923413,0.1570219124247873
1962,0.2013,1,21,1,39771,565839,2554,105402,5.241385379228575,0.15702556905790915
1963,0.2014,2,27,2,39798,565812,2556,105400,5.241135277335211,0.15702937372990947
1964,0.2015,2,16,2,39814,565796,2558,105398,5.24098706880581,0.15703060516035602
1965,0.2016,1,10,1,39824,565786,2559,105397,5.2408944384749345,0.1570316888240614
1966,0.2017,2,11,2,39835,565775,2561,105395,5.240792545110971,0.15703175052520227
1967,0.2018,3,20,3,39855,565755,2564,105392,5.24060728444922,0.1570326619950622
1968,0.2019,2,24,2,39879,565731,2566,105390,5.240384971655119,0.15703576553259396
1969,0.202,6,22,6,39901,565709,2572,105384,5.240181184927192,0.15703337689411154
1970,0.2021,0,14,0,39915,565695,2572,105384,5.240051502463967,0.1570366529126973
1971,0.2022,1,23,1,39938,565672,2573,105383,5.239838452702953,0.15704077907176014
1972,0.2023,0,10,0,39948,565662,2573,105383,5.239745822372077,0.1570431193139059
1973,0.2024,0,13,0,39961,565649,2573,105383,5.23962540294194,0.1570461617329725
1974,0.2025,0,14,0,39975,565635,2573,105383,5.239495720478714,0.15704943831611073
1975,0.2026,1,24,1,39999,565611,2574,105382,5.239273407684612,0.1570537993689949
1976,0.2027,1,12,1,40011,565599,2575,105381,5.239162251287562,0.15705535187337924
1977,0.2028,3,14,3,40025,565585,2578,105378,5.239032568824336,0.1570548599550199
1978,0.2029,1,14,1,40039,565571,2579,105377,5.23890288636111,0.1570568807120671
1979,0.203,3,22,3,40061,565549,2582,105374,5.238699099633184,0.15705826152926639
1980,0.2031,0,44,0,40105,565505,2582,105374,5.238291526177331,0.15706856228917584
1981,0.2032,1,24,1,40129,565481,2583,105373,5.2380692133832305,0.1570729249583367
1982,0.2033,1,18,1,40147,565463,2584,105372,5.237902478787654,0.15707588304128436
1983,0.2034,2,17,2,40164,565446,2586,105370,5.237745007225166,0.157077350570052
1984,0.2035,3,35,3,40199,565411,2589,105367,5.237420801067102,0.15708177668319473
1985,0.2036,0,22,0,40221,565389,2589,105367,5.237217014339175,0.1570869287788704
1986,0.2037,0,26,0,40247,565363,2589,105367,5.236976175478898,0.15709301805495504
1987,0.2038,1,15,1,40262,565348,2590,105366,5.236837229982585,0.1570952745879764
1988,0.2039,1,15,1,40277,565333,2591,105365,5.236698284486272,0.1570975312286603
1989,0.204,0,43,0,40320,565290,2591,105365,5.236299974063507,0.15710760376050278
1990,0.2041,3,22,3,40342,565268,2594,105362,5.236096187335582,0.1571089870718578
1991,0.2042,4,36,4,40378,565232,2598,105358,5.2357627181444295,0.15711239356387657
1992,0.2043,1,14,1,40392,565218,2599,105357,5.235633035681204,0.15711441673190918
1993,0.2044,2,19,2,40411,565199,2601,105355,5.23545703805254,0.15711635453669653
1994,0.2045,2,24,2,40435,565175,2603,105353,5.235234725258438,0.15711946406414048
1995,0.2046,1,12,1,40447,565163,2604,105352,5.235123568861388,0.15712101891829414
1996,0.2047,1,16,1,40463,565147,2605,105351,5.234975360331987,0.1571235111812414
1997,0.2048,1,13,1,40476,565134,2606,105350,5.234854940901849,0.15712530052916998
1998,0.2049,5,13,5,40489,565121,2611,105345,5.234734521471711,0.1571220613722396
1999,0.205,1,17,1,40506,565104,2612,105344,5.234577049909222,0.1571247882013221
2000,0.2051,0,21,0,40527,565083,2612,105344,5.234382526214383,0.15712970987146999
2001,0.2052,2,12,2,40539,565071,2614,105342,5.234271369817333,0.1571300079204908
2002,0.2053,1,23,1,40562,565048,2615,105341,5.234058320056319,0.1571341415208185
2003,0.2054,4,6,4,40568,565042,2619,105337,5.234002741857794,0.1571305187065824
2004,0.2055,3,12,3,40580,565030,2622,105334,5.233891585460743,0.157129559463217
2005,0.2056,1,4,1,40584,565026,2623,105333,5.233854533328393,0.15712923970588893
2006,0.2057,3,10,3,40594,565016,2626,105330,5.233761902997517,0.1571278116077369
2007,0.2058,3,23,3,40617,564993,2629,105327,5.2335488532365035,0.1571294307196563
2008,0.2059,2,10,2,40627,564983,2631,105325,5.2334562229056285,0.15712925998197844
2009,0.206,0,19,0,40646,564964,2631,105325,5.233280225276965,0.15713371396517026
2010,0.2061,2,16,2,40662,564948,2633,105323,5.233132016747564,0.15713494989340132
2011,0.2062,1,15,1,40677,564933,2634,105322,5.232993071251251,0.15713720897270442
2012,0.2063,3,27,3,40704,564906,2637,105319,5.232742969357886,0.15713976649632586
2013,0.2064,1,14,1,40718,564892,2638,105318,5.232613286894661,0.15714179137882156
2014,0.2065,1,36,1,40754,564856,2639,105317,5.232279817703509,0.15714897496616545
2015,0.2066,4,18,4,40772,564838,2643,105313,5.232113083107933,0.15714816511502633
2016,0.2067,8,105,8,40877,564733,2651,105305,5.231140464633739,0.1571627280840788
2017,0.2068,4,17,4,40894,564716,2655,105301,5.230982993071251,0.15716168395727273
2018,0.2069,0,22,0,40916,564694,2655,105301,5.230779206343325,0.1571668445286905
2019,0.207,0,14,0,40930,564680,2655,105301,5.230649523880099,0.15717012870514238
2020,0.2071,1,11,1,40941,564669,2656,105300,5.230547630516136,0.15717145121639955
2021,0.2072,2,15,2,40956,564654,2658,105298,5.230408685019823,0.15717245414596867
2022,0.2073,0,13,0,40969,564641,2658,105298,5.230288265589684,0.15717550403842737
2023,0.2074,3,55,3,41024,564586,2661,105295,5.229778798769869,0.15718463428579105
2024,0.2075,0,15,0,41039,564571,2661,105295,5.2296398532735555,0.1571881540487202
2025,0.2076,0,19,0,41058,564552,2661,105295,5.229463855644893,0.15719261264139422
2026,0.2077,3,20,3,41078,564532,2664,105292,5.229278594983141,0.15719353143512327
2027,0.2078,2,11,2,41089,564521,2666,105290,5.229176701619179,0.1571935964025673
2028,0.2079,2,5,2,41094,564516,2668,105288,5.229130386453741,0.15719225325617645
2029,0.208,1,24,1,41118,564492,2669,105287,5.228908073659639,0.15719662754430938
2030,0.2081,1,17,1,41135,564475,2670,105286,5.228750602097151,0.15719935917439207
2031,0.2082,1,13,1,41148,564462,2671,105285,5.228630182667012,0.157201152076829
2032,0.2083,1,23,1,41171,564439,2672,105284,5.2284171329059985,0.15720529233727973
2033,0.2084,2,27,2,41198,564412,2674,105282,5.228167031012635,0.15720911341597804
2034,0.2085,0,15,0,41213,564397,2674,105282,5.228028085516321,0.15721263471006258
2035,0.2086,2,22,2,41235,564375,2676,105280,5.227824298788395,0.15721528249621072
2036,0.2087,3,22,3,41257,564353,2679,105277,5.2276205120604695,0.1572166718934337
2037,0.2088,0,8,0,41265,564345,2679,105277,5.227546407795769,0.1572185501671092
2038,0.2089,2,34,2,41299,564311,2681,105275,5.227231464670791,0.15722401603378805
2039,0.209,0,9,0,41308,564302,2681,105275,5.227148097373004,0.1572261293323994
2040,0.2091,2,41,2,41349,564261,2683,105273,5.226768313016414,0.15723323983546766
2041,0.2092,3,17,3,41366,564244,2686,105270,5.226610841453926,0.1572334559098092
2042,0.2093,5,21,5,41387,564223,2691,105265,5.226416317759087,0.15723209377912672
2043,0.2094,2,19,2,41406,564204,2693,105263,5.226240320130423,0.15723403842161002
2044,0.2095,3,25,3,41431,564179,2696,105260,5.226008744303234,0.1572361335386794
2045,0.2096,1,13,1,41444,564166,2697,105259,5.225888324873097,0.15723792807259962
2046,0.2097,6,51,6,41495,564115,2703,105253,5.225415910185631,0.15724235398166628
2047,0.2098,5,19,5,41514,564096,2708,105248,5.225239912556968,0.15724052206339342
2048,0.2099,0,43,0,41557,564053,2708,105248,5.224841602134203,0.15725062415863714
2049,0.21,1,36,1,41593,564017,2709,105247,5.2245081329430505,0.15725782351956777
2050,0.2101,1,34,1,41627,563983,2710,105246,5.224193189818074,0.15726455368790054
2051,0.2102,1,15,1,41642,563968,2711,105245,5.224054244321761,0.15726681938336523
2052,0.2103,0,17,0,41659,563951,2711,105245,5.2238967727592724,0.15727081452967442
2053,0.2104,4,15,4,41674,563936,2715,105241,5.223757827262959,0.15726930244165593
2054,0.2105,1,25,1,41699,563911,2716,105240,5.2235262514357705,0.15727391874180865
2055,0.2106,0,26,0,41725,563885,2716,105240,5.2232854125754935,0.15728002988978143
2056,0.2107,1,22,1,41747,563863,2717,105239,5.223081625847567,0.15728394176074798
2057,0.2108,2,14,2,41761,563849,2719,105237,5.222951943384341,0.1572847137737152
2058,0.2109,0,9,0,41770,563840,2719,105237,5.222868576086554,0.15728682946805825
2059,0.211,3,36,3,41806,563804,2722,105234,5.222535106895402,0.15729151408440178
2060,0.2111,0,21,0,41827,563783,2722,105234,5.222340583200563,0.15729645136072776
2061,0.2112,2,26,2,41853,563757,2724,105232,5.222099744340286,0.15730004529222455
2062,0.2113,1,24,1,41877,563733,2725,105231,5.2218774315461856,0.15730442893788008
2063,0.2114,2,16,2,41893,563717,2727,105229,5.221729223016784,0.1573056719077474
2064,0.2115,3,32,3,41925,563685,2730,105226,5.221432805957983,0.15730941784482538
2065,0.2116,3,14,3,41939,563671,2733,105223,5.221303123494757,0.1573089308619901
2066,0.2117,0,12,0,41951,563659,2733,105223,5.221191967097706,0.15731175304463269
2067,0.2118,4,22,4,41973,563637,2737,105219,5.220988180369781,0.1573118877605942
2068,0.2119,0,7,0,41980,563630,2737,105219,5.220923339138167,0.15731353414597316
2069,0.212,0,15,0,41995,563615,2737,105219,5.220784393641854,0.15731706223068803
2070,0.2121,1,22,1,42017,563593,2738,105218,5.220580606913928,0.15732097707723108
2071,0.2122,3,37,3,42054,563556,2741,105215,5.220237874689689,0.1573259007941433
2072,0.2123,0,14,0,42068,563542,2741,105215,5.220108192226463,0.15732919431123712
2073,0.2124,0,8,0,42076,563534,2741,105215,5.220034087961762,0.15733107638291796
2074,0.2125,4,15,4,42091,563519,2745,105211,5.2198951424654485,0.15732956499633635
2075,0.2126,2,11,2,42102,563508,2747,105209,5.219793249101486,0.15732963271458628
2076,0.2127,0,2,0,42104,563506,2747,105209,5.219774723035311,0.1573301032577406
2077,0.2128,2,26,2,42130,563480,2749,105207,5.219533884175034,0.1573337002214788
2078,0.2129,2,40,2,42170,563440,2751,105205,5.219163362851532,0.15734059179385174
2079,0.213,1,10,1,42180,563430,2752,105204,5.219070732520657,0.15734168468848428
2080,0.2131,0,23,0,42203,563407,2752,105204,5.2188576827596425,0.1573470971910423
2081,0.2132,4,16,4,42219,563391,2756,105200,5.218709474230242,0.15734582128685548
2082,0.2133,1,18,1,42237,563373,2757,105199,5.218542739634666,0.15734879713778022
2083,0.2134,1,10,1,42247,563363,2758,105198,5.218450109303791,0.1573498902867502
2084,0.2135,3,26,3,42273,563337,2761,105195,5.218209270443514,0.1573522284647556
2085,0.2136,2,19,2,42292,563318,2763,105193,5.218033272814851,0.15735417966196516
2086,0.2137,1,8,1,42300,563310,2764,105192,5.21795916855015,0.1573548022294623
2087,0.2138,4,23,4,42323,563287,2768,105188,5.217746118789137,0.1573551740902801
2088,0.2139,0,14,0,42337,563273,2768,105188,5.217616436325911,0.15735846967885936
2089,0.214,0,12,0,42349,563261,2768,105188,5.21750527992886,0.15736129457894318
2090,0.2141,6,20,6,42369,563241,2774,105182,5.217320019267109,0.1573584391919488
2091,0.2142,1,12,1,42381,563229,2775,105181,5.217208862870058,0.15736000359061056
2092,0.2143,1,13,1,42394,563216,2776,105180,5.21708844343992,0.1573618034817683
2093,0.2144,1,24,1,42418,563192,2777,105179,5.216866130645819,0.15736619332676013
2094,0.2145,2,21,2,42439,563171,2779,105177,5.21667160695098,0.1573686163495664
2095,0.2146,1,14,1,42453,563157,2780,105176,5.216541924487754,0.15737065205518805
2096,0.2147,1,13,1,42466,563144,2781,105175,5.216421505057616,0.15737245237678413
2097,0.2148,2,27,2,42493,563117,2783,105173,5.216171403164252,0.15737628873692558
2098,0.2149,2,21,2,42514,563096,2785,105171,5.215976879469413,0.1573787124008817
2099,0.215,2,17,2,42531,563079,2787,105169,5.215819407906925,0.15738019417940644
2100,0.2151,0,15,0,42546,563064,2787,105169,5.215680462410612,0.15738372693356958
2101,0.2152,1,35,1,42581,563029,2788,105168,5.215356256252547,0.1573907096260534
2102,0.2153,1,24,1,42605,563005,2789,105167,5.215133943458446,0.1573951018600001
2103,0.2154,4,35,4,42640,562970,2793,105163,5.214809737300381,0.15739830243379688
2104,0.2155,0,16,0,42656,562954,2793,105163,5.214661528770981,0.15740207179281474
2105,0.2156,4,29,4,42685,562925,2797,105159,5.214392900811442,0.15740385939492638
2106,0.2157,3,16,3,42701,562909,2800,105156,5.2142446922820405,0.15740384543420177
2107,0.2158,2,19,2,42720,562890,2802,105154,5.214068694653378,0.15740579961798923
2108,0.2159,1,13,1,42733,562877,2803,105153,5.213948275223239,0.15740760145502447
2109,0.216,0,10,0,42743,562867,2803,105153,5.213855644892363,0.15740995778569503
2110,0.2161,0,23,0,42766,562844,2803,105153,5.21364259513135,0.1574153776139713
2111,0.2162,2,22,2,42788,562822,2805,105151,5.213438808403423,0.15741803935188997
2112,0.2163,4,25,4,42813,562797,2809,105147,5.213207232576234,0.15741888541554383
2113,0.2164,0,17,0,42830,562780,2809,105147,5.213049761013746,0.1574228920226312
2114,0.2165,2,30,2,42860,562750,2811,105145,5.21277187002112,0.15742743994190703
2115,0.2166,1,11,1,42871,562739,2812,105144,5.212669976657157,0.15742877120693294
2116,0.2167,0,24,0,42895,562715,2812,105144,5.212447663863055,0.15743442852458378
2117,0.2168,2,43,2,42938,562672,2814,105142,5.212049353440291,0.15744204224529584
2118,0.2169,1,8,1,42946,562664,2815,105141,5.21197524917559,0.15744266664670076
2119,0.217,3,20,3,42966,562644,2818,105138,5.211789988513839,0.15744359686244913
2120,0.2171,3,24,3,42990,562620,2821,105135,5.211567675719738,0.1574454702697846
2121,0.2172,0,15,0,43005,562605,2821,105135,5.211428730223425,0.1574490070985713
2122,0.2173,0,13,0,43018,562592,2821,105135,5.211308310793286,0.1574520724787226
2123,0.2174,0,9,0,43027,562583,2821,105135,5.211224943495498,0.15745419473490305
2124,0.2175,6,24,6,43051,562559,2827,105129,5.211002630701397,0.1574522831022873
2125,0.2176,1,26,1,43077,562533,2828,105128,5.21076179184112,0.15745715265681237
2126,0.2177,2,20,2,43097,562513,2830,105126,5.2105765311793695,0.15745934554452332
2127,0.2178,2,18,2,43115,562495,2832,105124,5.210409796583793,0.15746106686598194
2128,0.2179,3,23,3,43138,562472,2835,105121,5.2101967468227794,0.15746270557060965
2129,0.218,1,20,1,43158,562452,2836,105120,5.2100114861610285,0.15746616095342525
2130,0.2181,2,42,2,43200,562410,2838,105118,5.209622438771351,0.15747354418091825
2131,0.2182,1,22,1,43222,562388,2839,105117,5.209418652043425,0.15747747207886084
2132,0.2183,1,12,1,43234,562376,2840,105116,5.2093074956463745,0.15747904094730725
2133,0.2184,1,33,1,43267,562343,2841,105115,5.209001815554485,0.15748556463477853
2134,0.2185,3,10,3,43277,562333,2844,105112,5.20890918522361,0.1574841372697376
2135,0.2186,3,5,3,43282,562328,2847,105109,5.208862870058172,0.1574815300919787
2136,0.2187,0,15,0,43297,562313,2847,105109,5.208723924561858,0.15748506941635126
2137,0.2188,0,25,0,43322,562288,2847,105109,5.208492348734669,0.15749096864385065
2138,0.2189,2,21,2,43343,562267,2849,105107,5.208297825039831,0.15749339950312718
2139,0.219,5,14,5,43357,562253,2854,105102,5.208168142576605,0.15749039117111582
2140,0.2191,3,20,3,43377,562233,2857,105099,5.207982881914854,0.15749132365898832
2141,0.2192,2,15,2,43392,562218,2859,105097,5.2078439364185405,0.15749233870061366
2142,0.2193,2,18,2,43410,562200,2861,105095,5.207677201822965,0.15749406184670947
2143,0.2194,2,18,2,43428,562182,2863,105093,5.207510467227389,0.15749578509609982
2144,0.2195,0,14,0,43442,562168,2863,105093,5.2073807847641636,0.1574990895616558
2145,0.2196,0,17,0,43459,562151,2863,105093,5.207223313201675,0.1575031023133966
2146,0.2197,0,11,0,43470,562140,2863,105093,5.207121419837712,0.157505698908777
2147,0.2198,3,39,3,43509,562101,2866,105090,5.206760161547297,0.15751111750608146
2148,0.2199,1,21,1,43530,562080,2867,105089,5.206565637852458,0.15751481258871441
2149,0.22,3,28,3,43558,562052,2870,105086,5.206306272926007,0.15751763503203237
2150,0.2201,1,23,1,43581,562029,2871,105085,5.206093223164993,0.15752180287027404
2151,0.2202,3,21,3,43602,562008,2874,105082,5.205898699470154,0.15752297291220074
2152,0.2203,1,18,1,43620,561990,2875,105081,5.205731964874579,0.15752596050495374
2153,0.2204,3,22,3,43642,561968,2878,105078,5.205528178146652,0.15752736692821784
2154,0.2205,2,29,2,43671,561939,2880,105076,5.2052595501871135,0.15753168969213585
2155,0.2206,0,13,0,43684,561926,2880,105076,5.205139130756975,0.1575347600157121
2156,0.2207,1,10,1,43694,561916,2881,105075,5.2050465004261,0.1575358588046915
2157,0.2208,1,9,1,43703,561907,2882,105074,5.204963133128311,0.157536721435843
2158,0.2209,1,21,1,43724,561886,2883,105073,5.204768609433473,0.15754041852647613
2159,0.221,2,19,2,43743,561867,2885,105071,5.204592611804809,0.15754238025123773
2160,0.2211,1,20,1,43763,561847,2886,105070,5.204407351143058,0.15754584153650306
2161,0.2212,0,18,0,43781,561829,2886,105070,5.204240616547482,0.15755009379231338
2162,0.2213,0,16,0,43797,561813,2886,105070,5.204092408018082,0.1575538737679623
2163,0.2214,0,13,0,43810,561800,2886,105070,5.203971988587943,0.15755694513173482
2164,0.2215,1,15,1,43825,561785,2887,105069,5.20383304309163,0.15755922585753404
2165,0.2216,2,30,2,43855,561755,2889,105067,5.203555152099003,0.15756378763748047
2166,0.2217,4,15,4,43870,561740,2893,105063,5.20341620660269,0.1575622785140439
2167,0.2218,0,10,0,43880,561730,2893,105063,5.203323576271814,0.15756464150043567
2168,0.2219,2,16,2,43896,561714,2895,105061,5.203175367742413,0.15756589554197442
2169,0.222,0,22,0,43918,561692,2895,105061,5.202971581014487,0.15757109454325666
2170,0.2221,3,26,3,43944,561666,2898,105058,5.202730742154211,0.15757344868341322
2171,0.2222,0,10,0,43954,561656,2898,105058,5.202638111823336,0.15757581211733968
2172,0.2223,1,22,1,43976,561634,2899,105057,5.2024343250954095,0.15757974833918562
2173,0.2224,0,9,0,43985,561625,2899,105057,5.202350957797622,0.15758187561686082
2174,0.2225,0,4,0,43989,561621,2899,105057,5.202313905665271,0.15758282109204144
2175,0.2226,3,13,3,44002,561608,2902,105054,5.2021934862351324,0.15758210307472154
2176,0.2227,0,16,0,44018,561592,2902,105054,5.202045277705732,0.15758588516244004
2177,0.2228,0,33,0,44051,561559,2902,105054,5.201739597613843,0.1575936862917465
2178,0.2229,3,31,3,44082,561528,2905,105051,5.201452443588129,0.1575972240349606
2179,0.223,3,22,3,44104,561506,2908,105048,5.201248656860202,0.15759863416917458
2180,0.2231,0,16,0,44120,561490,2908,105048,5.201100448330801,0.15760241726653243
2181,0.2232,2,14,2,44134,561476,2910,105046,5.2009707658675755,0.15760319989437707
2182,0.2233,0,14,0,44148,561462,2910,105046,5.20084108340435,0.15760651034946319
2183,0.2234,0,11,0,44159,561451,2910,105046,5.2007391900403865,0.15760911151888155
2184,0.2235,3,27,3,44186,561424,2913,105043,5.200489088147023,0.15761170470555932
2185,0.2236,0,13,0,44199,561411,2913,105043,5.200368668716885,0.15761477911453753
2186,0.2237,2,29,2,44228,561382,2915,105041,5.200100040757346,0.1576191097846263
2187,0.2238,1,45,1,44273,561337,2916,105040,5.199683204268406,0.15762848957872194
2188,0.2239,1,15,1,44288,561322,2917,105039,5.199544258772092,0.15763077370974593
2189,0.224,0,11,0,44299,561311,2917,105039,5.199442365408129,0.15763337585353043
2190,0.2241,1,10,1,44309,561301,2918,105038,5.199349735077254,0.15763447734561536
2191,0.2242,0,12,0,44321,561289,2918,105038,5.199238578680203,0.15763731621261032
2192,0.2243,4,12,4,44333,561277,2922,105034,5.199127422283152,0.15763509832495637
2193,0.2244,3,18,3,44351,561259,2925,105031,5.198960687687577,0.15763556409371296
2194,0.2245,0,22,0,44373,561237,2925,105031,5.19875690095965,0.1576407691799696
2195,0.2246,1,11,1,44384,561226,2926,105030,5.198655007595687,0.15764210753824356
2196,0.2247,5,14,5,44398,561212,2931,105025,5.1985253251324615,0.1576390983989181
2197,0.2248,0,12,0,44410,561200,2931,105025,5.198414168735411,0.15764193778378174
2198,0.2249,7,82,7,44492,561118,2938,105018,5.197654600022231,0.15765249138314097
2199,0.225,2,11,2,44503,561107,2940,105016,5.197552706658268,0.15765256566730168
2200,0.2251,1,14,1,44517,561093,2941,105015,5.197423024195042,0.15765461456700716
2201,0.2252,2,21,2,44538,561072,2943,105013,5.197228500500204,0.15765705578116906
2202,0.2253,3,48,3,44586,561024,2946,105010,5.1967838749120014,0.15766462372791779
2203,0.2254,0,6,0,44592,561018,2946,105010,5.196728296713476,0.15766604407021928
2204,0.2255,2,19,2,44611,560999,2948,105008,5.1965522990848125,0.15766801249836712
2205,0.2256,2,20,2,44631,560979,2950,105006,5.196367038423062,0.15767021779769816
2206,0.2257,0,7,0,44638,560972,2950,105006,5.196302197191448,0.15767187504692348
2207,0.2258,4,23,4,44661,560949,2954,105002,5.196089147430435,0.15767226117236854
2208,0.2259,2,10,2,44671,560939,2956,105000,5.195996517099559,0.15767209909616348
2209,0.226,1,27,1,44698,560912,2957,104999,5.195746415206195,0.15767722713695975
2210,0.2261,2,8,2,44706,560904,2959,104997,5.195672310941495,0.1576765915654129
2211,0.2262,2,30,2,44736,560874,2961,104995,5.195394419948868,0.15768116551453815
2212,0.2263,0,9,0,44745,560865,2961,104995,5.19531105265108,0.15768329678911483
2213,0.2264,3,15,3,44760,560850,2964,104992,5.195172107154767,0.15768305393772097
2214,0.2265,2,33,2,44793,560817,2966,104990,5.194866427062878,0.15768833911328659
2215,0.2266,1,17,1,44810,560800,2967,104989,5.194708955500389,0.15769110033358916
2216,0.2267,1,20,1,44830,560780,2968,104988,5.194523694838638,0.15769457228343808
2217,0.2268,0,23,0,44853,560757,2968,104988,5.194310645077624,0.15770002027803437
2218,0.2269,3,14,3,44867,560743,2971,104985,5.194180962614398,0.15769954095366276
2219,0.227,5,27,5,44894,560716,2976,104980,5.193930860721035,0.15769961063308177
2220,0.2271,3,11,3,44905,560705,2979,104977,5.193828967357072,0.15769842056717773
2221,0.2272,3,15,3,44920,560690,2982,104974,5.193690021860758,0.15769817805980194
2222,0.2273,1,11,1,44931,560679,2983,104973,5.193588128496795,0.1576995186674118
2223,0.2274,0,12,0,44943,560667,2983,104973,5.193476972099744,0.15770236163692086
2224,0.2275,3,10,3,44953,560657,2986,104970,5.193384341768869,0.15770093460752044
2225,0.2276,7,32,7,44985,560625,2993,104963,5.193087924710067,0.1576996580467196
2226,0.2277,2,31,2,45016,560594,2995,104961,5.192800770684353,0.15770447220740585
2227,0.2278,0,21,0,45037,560573,2995,104961,5.192606246989515,0.15770944835275133
2228,0.2279,2,34,2,45071,560539,2997,104959,5.192291303864537,0.15771497435003562
2229,0.228,0,19,0,45090,560520,2997,104959,5.192115306235874,0.1577194772487186
2230,0.2281,0,23,0,45113,560497,2997,104959,5.19190225647486,0.1577249284701017
2231,0.2282,3,15,3,45128,560482,3000,104956,5.191763310978547,0.157724686597399
2232,0.2283,1,14,1,45142,560468,3001,104955,5.191633628515321,0.15772673923203737
2233,0.2284,1,23,1,45165,560445,3002,104954,5.1914205787543075,0.1577309253545617
2234,0.2285,0,23,0,45188,560422,3002,104954,5.191207528993294,0.15773637762708603
2235,0.2286,2,8,2,45196,560414,3004,104952,5.191133424728593,0.15773574243348773
2236,0.2287,2,35,2,45231,560379,3006,104950,5.190809218570529,0.15774150833647715
2237,0.2288,3,27,3,45258,560352,3009,104947,5.190559116677165,0.15774411204586208
2238,0.2289,0,10,0,45268,560342,3009,104947,5.190466486346289,0.15774648310734132
2239,0.229,0,6,0,45274,560336,3009,104947,5.190410908147764,0.15774790577844316
2240,0.2291,4,23,4,45297,560313,3013,104943,5.1901978583867505,0.15774829539305169
2241,0.2292,2,18,2,45315,560295,3015,104941,5.190031123791174,0.1577500315677444
2242,0.2293,1,11,1,45326,560284,3016,104940,5.189929230427211,0.15775137397327818
2243,0.2294,0,16,0,45342,560268,3016,104940,5.189781021897811,0.15775516830825848
2244,0.2295,3,15,3,45357,560253,3019,104937,5.189642076401497,0.1577549271636675
2245,0.2296,1,24,1,45381,560229,3020,104936,5.189419763607396,0.15775935294250298
2246,0.2297,0,6,0,45387,560223,3020,104936,5.18936418540887,0.1577607759949125
2247,0.2298,1,15,1,45402,560208,3021,104935,5.189225239912557,0.15776306749075011
2248,0.2299,1,13,1,45415,560195,3022,104934,5.189104820482418,0.1577648847065757
2249,0.23,1,15,1,45430,560180,3023,104933,5.188965874986105,0.15776717640461094
2250,0.2301,1,15,1,45445,560165,3024,104932,5.188826929489792,0.1577694682129073
2251,0.2302,1,20,1,45465,560145,3025,104931,5.1886416688280415,0.1577729462497519
2252,0.2303,0,15,0,45480,560130,3025,104931,5.188502723331728,0.15777650471159788
2253,0.2304,7,50,7,45530,560080,3032,104924,5.18803957167735,0.15777950207818298
2254,0.2305,1,25,1,45555,560055,3033,104923,5.187807995850161,0.15778416729576017
2255,0.2306,1,17,1,45572,560038,3034,104922,5.1876505242876725,0.1577869345524543
2256,0.2307,1,18,1,45590,560020,3035,104921,5.187483789692097,0.15778993925776874
2257,0.2308,0,14,0,45604,560006,3035,104921,5.187354107228871,0.15779326151592582
2258,0.2309,6,51,6,45655,559955,3041,104915,5.186881692541406,0.15779776497661196
2259,0.231,3,20,3,45675,559935,3044,104912,5.186696431879654,0.15779871158326653
2260,0.2311,4,14,4,45689,559921,3048,104908,5.1865667494164285,0.15779696734047402
2261,0.2312,3,15,3,45704,559906,3051,104905,5.1864278039201155,0.15779672719013374
2262,0.2313,1,15,1,45719,559891,3052,104904,5.1862888584238025,0.15779902075075775
2263,0.2314,3,17,3,45736,559874,3055,104901,5.186131386861314,0.15779925538716108
2264,0.2315,0,7,0,45743,559867,3055,104901,5.186066545629701,0.15780091701164917
2265,0.2316,2,24,2,45767,559843,3057,104899,5.1858442328356,0.15780408038005722
2266,0.2317,5,27,5,45794,559816,3062,104894,5.185594130942236,0.15780415519549879
2267,0.2318,1,7,1,45801,559809,3063,104893,5.185529289710622,0.15780455000887617
2268,0.2319,3,44,3,45845,559765,3066,104890,5.185121716254771,0.1578111952817627
2269,0.232,3,22,3,45867,559743,3069,104887,5.184917929526844,0.1578126175466049
2270,0.2321,2,2,2,45869,559741,3071,104885,5.184899403460669,0.15781055811840042
2271,0.2322,0,21,0,45890,559720,3071,104885,5.184704879765831,0.15781554457158764
2272,0.2323,3,16,3,45906,559704,3074,104882,5.18455667123643,0.15781554230754183
2273,0.2324,0,10,0,45916,559694,3074,104882,5.184464040905554,0.15781791698767333
2274,0.2325,0,35,0,45951,559659,3074,104882,5.18413983474749,0.15782622893094633
2275,0.2326,5,20,5,45971,559639,3079,104877,5.183954574085739,0.15782464229604704
2276,0.2327,1,18,1,45989,559621,3080,104876,5.183787839490162,0.1578276500872088
2277,0.2328,2,19,2,46008,559602,3082,104874,5.183611841861499,0.1578296281581276
2278,0.2329,0,19,0,46027,559583,3082,104874,5.183435844232836,0.1578341412612103
2279,0.233,1,46,1,46073,559537,3083,104873,5.183009744710808,0.15784380126728978
2280,0.2331,2,13,2,46086,559524,3085,104871,5.18288932528067,0.15784435463843044
2281,0.2332,1,31,1,46117,559493,3086,104870,5.182602171254956,0.1578504522377074
2282,0.2333,1,18,1,46135,559475,3087,104869,5.18243543665938,0.15785346145972567
2283,0.2334,1,8,1,46143,559467,3088,104868,5.182361332394679,0.15785409469619996
2284,0.2335,4,26,4,46169,559441,3092,104864,5.182120493534403,0.15785520205327372
2285,0.2336,0,10,0,46179,559431,3092,104864,5.182027863203527,0.1578575783349265
2286,0.2337,5,27,5,46206,559404,3097,104859,5.181777761310164,0.15785765577790725
2287,0.2338,1,22,1,46228,559382,3098,104858,5.181573974582237,0.1578616162832711
2288,0.2339,1,21,1,46249,559361,3099,104857,5.181379450887398,0.15786533939158529
2289,0.234,1,13,1,46262,559348,3100,104856,5.181259031457261,0.15786716129381936
2290,0.2341,3,15,3,46277,559333,3103,104853,5.181120085960947,0.15786692281981252
2291,0.2342,1,16,1,46293,559317,3104,104852,5.1809718774315465,0.1578694579241127
2292,0.2343,0,20,0,46313,559297,3104,104852,5.180786616769795,0.1578742119614725
2293,0.2344,0,5,0,46318,559292,3104,104852,5.180740301604358,0.15787540051555085
2294,0.2345,2,32,2,46350,559260,3106,104850,5.180443884545555,0.15788047160861907
2295,0.2346,1,10,1,46360,559250,3107,104849,5.18035125421468,0.15788158090887053
2296,0.2347,4,17,4,46377,559233,3111,104845,5.180193782652192,0.1578805501763347
2297,0.2348,0,17,0,46394,559216,3111,104845,5.180036311089704,0.15788459192754883
2298,0.2349,4,20,4,46414,559196,3115,104841,5.179851050427952,0.1578842745208475
2299,0.235,5,17,5,46431,559179,3120,104836,5.179693578865463,0.15788197555778108
2300,0.2351,0,21,0,46452,559158,3120,104836,5.179499055170625,0.15788696885815234
2301,0.2352,2,42,2,46494,559116,3122,104834,5.179110007780948,0.15789441976052412
2302,0.2353,2,24,2,46518,559092,3124,104832,5.178887694986846,0.1578975906880908
2303,0.2354,3,26,3,46544,559066,3127,104829,5.17864685612657,0.15789996912162316
2304,0.2355,2,12,2,46556,559054,3129,104827,5.17853569972952,0.15790028634649886
2305,0.2356,1,17,1,46573,559037,3130,104826,5.178378228167031,0.15790306132439977
2306,0.2357,0,14,0,46587,559023,3130,104826,5.178248545703806,0.15790639136309612
2307,0.2358,3,15,3,46602,559008,3133,104823,5.178109600207492,0.1579061538252959
2308,0.2359,7,30,7,46632,558978,3140,104816,5.177831709214865,0.1579044101031344
2309,0.236,0,13,0,46645,558965,3140,104816,5.177711289784727,0.1579075026251128
2310,0.2361,0,19,0,46664,558946,3140,104816,5.177535292156064,0.15791202268282908
2311,0.2362,3,21,3,46685,558925,3143,104813,5.177340768461225,0.15791321274358255
2312,0.2363,0,23,0,46708,558902,3143,104813,5.177127718700211,0.15791868497773895
2313,0.2364,1,23,1,46731,558879,3144,104812,5.176914668939197,0.15792288881422228
2314,0.2365,0,24,0,46755,558855,3144,104812,5.176692356145096,0.1579285997345054
2315,0.2366,3,20,3,46775,558835,3147,104809,5.176507095483345,0.15792955259144964
2316,0.2367,0,19,0,46794,558816,3147,104809,5.176331097854682,0.15793407421359953
2317,0.2368,3,13,3,46807,558803,3150,104806,5.176210678424543,0.1579333613618863
2318,0.2369,6,33,6,46840,558770,3156,104800,5.175904998332654,0.157933601579336
2319,0.237,5,22,5,46862,558748,3161,104795,5.175701211604728,0.15793249269452017
2320,0.2371,1,16,1,46878,558732,3162,104794,5.175553003075327,0.1579350319354479
2321,0.2372,1,14,1,46892,558718,3163,104793,5.175423320612102,0.15793709524032004
2322,0.2373,3,35,3,46927,558683,3166,104790,5.175099114454037,0.15794161932738784
2323,0.2374,1,16,1,46943,558667,3167,104789,5.174950905924636,0.15794415907008152
2324,0.2375,2,18,2,46961,558649,3169,104787,5.17478417132906,0.15794590585979656
2325,0.2376,7,60,7,47021,558589,3176,104780,5.174228389343806,0.15795130613580075
2326,0.2377,3,22,3,47043,558567,3179,104777,5.174024602615881,0.15795273643840904
2327,0.2378,0,16,0,47059,558551,3179,104777,5.17387639408648,0.15795654638429255
2328,0.2379,3,53,3,47112,558498,3182,104774,5.173385453332839,0.15796535961113992
2329,0.238,1,28,1,47140,558470,3183,104773,5.173126088406388,0.15797075883198164
2330,0.2381,4,45,4,47185,558425,3187,104769,5.172709251917448,0.1579763990627177
2331,0.2382,4,24,4,47209,558401,3191,104765,5.172486939123346,0.15797703742351085
2332,0.2383,0,7,0,47216,558394,3191,104765,5.172422097891734,0.15797870495612665
2333,0.2384,3,15,3,47231,558379,3194,104762,5.17228315239542,0.15797846913401523
2334,0.2385,1,36,1,47267,558343,3195,104761,5.171949683204269,0.15798577598687386
2335,0.2386,1,27,1,47294,558316,3196,104760,5.171699581310905,0.15799093919852325
2336,0.2387,1,16,1,47310,558300,3197,104759,5.1715513727815035,0.1579934817263622
2337,0.2388,2,18,2,47328,558282,3199,104757,5.171384638185928,0.15799523104975727
2338,0.2389,2,23,2,47351,558259,3201,104755,5.171171588424913,0.157998171984302
2339,0.239,4,13,4,47364,558246,3205,104751,5.171051168994776,0.1579961900280092
2340,0.2391,0,17,0,47381,558229,3205,104751,5.170893697432287,0.15800024133458024
2341,0.2392,2,23,2,47404,558206,3207,104749,5.170680647671274,0.15800318271979244
2342,0.2393,1,16,1,47420,558190,3208,104748,5.170532439141873,0.1580057260256615
2343,0.2394,1,18,1,47438,558172,3209,104747,5.170365704546296,0.1580087461665754
2344,0.2395,0,17,0,47455,558155,3209,104747,5.170208232983808,0.1580127982718411
2345,0.2396,2,22,2,47477,558133,3211,104745,5.170004446255882,0.15801550209842535
2346,0.2397,3,28,3,47505,558105,3214,104742,5.16974508132943,0.15801836622931084
2347,0.2398,0,12,0,47517,558093,3214,104742,5.16963392493238,0.15802122700219512
2348,0.2399,2,16,2,47533,558077,3216,104740,5.169485716402979,0.1580225009316297
2349,0.24,4,25,4,47558,558052,3220,104736,5.169254140575791,0.15802338002498537
2350,0.2401,3,18,3,47576,558034,3223,104733,5.169087405980214,0.15802386057241835
2351,0.2402,0,9,0,47585,558025,3223,104733,5.169004038682426,0.1580260064759686
2352,0.2403,1,25,1,47610,558000,3224,104732,5.168772462855237,0.15803069717472523
2353,0.2404,2,19,2,47629,557981,3226,104730,5.168596465226574,0.15803268694800598
2354,0.2405,2,14,2,47643,557967,3228,104728,5.168466782763348,0.15803348448381233
2355,0.2406,3,16,3,47659,557951,3231,104725,5.168318574233947,0.15803348846193313
2356,0.2407,2,14,2,47673,557937,3233,104723,5.168188891770721,0.15803428605921588
2357,0.2408,2,22,2,47695,557915,3235,104721,5.167985105042796,0.15803699165152513
2358,0.2409,2,21,2,47716,557894,3237,104719,5.1677905813479565,0.15803945893002402
2359,0.241,0,5,0,47721,557889,3237,104719,5.167744266182519,0.15804065148624827
2360,0.2411,3,10,3,47731,557879,3240,104716,5.1676516358516436,0.15803922456402478
2361,0.2412,5,21,5,47752,557858,3245,104711,5.1674571121568045,0.15803787982836504
2362,0.2413,3,23,3,47775,557835,3248,104708,5.167244062395791,0.15803955365915873
2363,0.2414,0,17,0,47792,557818,3248,104708,5.167086590833303,0.1580436088545959
2364,0.2415,0,10,0,47802,557808,3248,104708,5.166993960502427,0.1580459943608909
2365,0.2416,3,33,3,47835,557775,3251,104705,5.166688280410538,0.15805005434126312
2366,0.2417,0,8,0,47843,557767,3251,104705,5.1666141761458375,0.15805196295088697
2367,0.2418,3,32,3,47875,557735,3254,104702,5.166317759087035,0.15805578492747235
2368,0.2419,3,18,3,47893,557717,3257,104699,5.16615102449146,0.15805626675684162
2369,0.242,1,15,1,47908,557702,3258,104698,5.166012078995146,0.15805857487922706
2370,0.2421,0,17,0,47925,557685,3258,104698,5.1658546074326575,0.15806263143830684
2371,0.2422,0,21,0,47946,557664,3258,104698,5.165660083737819,0.15806764276936178
2372,0.2423,4,28,4,47974,557636,3262,104694,5.165400718811368,0.15806924040885964
2373,0.2424,4,11,4,47985,557625,3266,104690,5.165298825447405,0.15806678091240572
2374,0.2425,2,40,2,48025,557585,3268,104688,5.164928304123903,0.15807378528190036
2375,0.2426,1,30,1,48055,557555,3269,104687,5.164650413131276,0.1580796748016586
2376,0.2427,0,17,0,48072,557538,3269,104687,5.1644929415687875,0.15808373287024802
2377,0.2428,1,22,1,48094,557516,3270,104686,5.164289154840861,0.15808771341675198
2378,0.2429,3,19,3,48113,557497,3273,104683,5.164113157212197,0.15808843516868526
2379,0.243,1,18,1,48131,557479,3274,104682,5.163946422616622,0.15809146114011546
2380,0.2431,1,11,1,48142,557468,3275,104681,5.163844529252659,0.1580928159674031
2381,0.2432,1,31,1,48173,557437,3276,104680,5.163557375226945,0.1580989462587428
2382,0.2433,2,19,2,48192,557418,3278,104678,5.163381377598281,0.15810094004494815
2383,0.2434,4,6,4,48198,557412,3282,104674,5.163325799399756,0.1580972864552339
2384,0.2435,1,17,1,48215,557395,3283,104673,5.163168327837267,0.15810007431260836
2385,0.2436,0,11,0,48226,557384,3283,104673,5.163066434473304,0.15810270112694225
2386,0.2437,5,30,5,48256,557354,3288,104668,5.162788543480677,0.15810350713420399
2387,0.2438,2,16,2,48272,557338,3290,104666,5.162640334951276,0.15810478486534824
2388,0.2439,0,11,0,48283,557327,3290,104666,5.162538441587313,0.1581074120119095
2389,0.244,2,18,2,48301,557309,3292,104664,5.162371706991737,0.1581091675944487
2390,0.2441,1,16,1,48317,557293,3293,104663,5.162223498462336,0.15811171739511387
2391,0.2442,0,28,0,48345,557265,3293,104663,5.161964133535885,0.15811840562719812
2392,0.2443,1,22,1,48367,557243,3294,104662,5.1617603468079585,0.15812238916460822
2393,0.2444,0,22,0,48389,557221,3294,104662,5.161556560080032,0.15812764491609543
2394,0.2445,1,10,1,48399,557211,3295,104661,5.161463929749157,0.15812876205671186
2395,0.2446,2,46,2,48445,557165,3297,104659,5.161037830227129,0.1581372086838797
2396,0.2447,0,9,0,48454,557156,3297,104659,5.160954462929341,0.15813935918647962
2397,0.2448,2,34,2,48488,557122,3299,104657,5.160639519804365,0.15814493962485965
2398,0.2449,0,18,0,48506,557104,3299,104657,5.160472785208789,0.15814924119130622
2399,0.245,1,18,1,48524,557086,3300,104656,5.160306050613213,0.1581522708245812
2400,0.2451,3,11,3,48535,557075,3303,104653,5.160204157249249,0.1581510832245273
2401,0.2452,1,23,1,48558,557052,3304,104652,5.159991107488236,0.15815530811359763
2402,0.2453,1,18,1,48576,557034,3305,104651,5.15982437289266,0.15815833818206548
2403,0.2454,0,21,0,48597,557013,3305,104651,5.159629849197821,0.15816335783721042
2404,0.2455,1,15,1,48612,556998,3306,104650,5.159490903701508,0.15816567117258723
2405,0.2456,2,20,2,48632,556978,3308,104648,5.159305643039757,0.15816790754897783
2406,0.2457,2,24,2,48656,556954,3310,104646,5.159083330245656,0.15817110036275694
2407,0.2458,2,43,2,48699,556911,3312,104644,5.158685019822891,0.15817883622676876
2408,0.2459,1,22,1,48721,556889,3313,104643,5.158481233094965,0.15818282411130527
2409,0.246,4,16,4,48737,556873,3317,104639,5.158333024565564,0.15818155982053236
2410,0.2461,2,15,2,48752,556858,3319,104637,5.158194079069251,0.15818260153137967
2411,0.2462,1,9,1,48761,556849,3320,104636,5.158110711771463,0.15818348110690342
2412,0.2463,2,18,2,48779,556831,3322,104634,5.157943977175886,0.15818524033773518
2413,0.2464,0,13,0,48792,556818,3322,104634,5.157823557745748,0.1581883492679741
2414,0.2465,1,18,1,48810,556800,3323,104633,5.157656823150172,0.15819138143999467
2415,0.2466,0,22,0,48832,556778,3323,104633,5.157453036422246,0.15819664323695856
2416,0.2467,1,10,1,48842,556768,3324,104632,5.157360406091371,0.15819776232234653
2417,0.2468,1,15,1,48857,556753,3325,104631,5.157221460595057,0.15820007741342398
2418,0.2469,0,14,0,48871,556739,3325,104631,5.157091778131831,0.15820342622132846
2419,0.247,2,23,2,48894,556716,3327,104629,5.156878728370818,0.1582063824478903
2420,0.2471,2,25,2,48919,556691,3329,104627,5.156647152543629,0.15820981736471712
2421,0.2472,0,11,0,48930,556680,3329,104627,5.156545259179666,0.15821244898360368
2422,0.2473,2,21,2,48951,556659,3331,104625,5.1563507354848275,0.15821492732320758
2423,0.2474,4,19,4,48970,556640,3335,104621,5.156174737856164,0.1582143813108591
2424,0.2475,0,23,0,48993,556617,3335,104621,5.15596168809515,0.15821988451964344
2425,0.2476,2,23,2,49016,556594,3337,104619,5.155748638334136,0.15822284195864267
2426,0.2477,4,13,4,49029,556581,3341,104615,5.155628218903998,0.15822086038028058
2427,0.2478,0,14,0,49043,556567,3341,104615,5.155498536440772,0.15822421058044533
2428,0.2479,0,18,0,49061,556549,3341,104615,5.155331801845196,0.1582285181891331
2429,0.248,2,17,2,49078,556532,3343,104613,5.1551743302827076,0.15823004030885812
2430,0.2481,3,13,3,49091,556519,3346,104610,5.15505391085257,0.15822933194580785
2431,0.2482,2,20,2,49111,556499,3348,104608,5.154868650190818,0.1582315721963313
2432,0.2483,1,15,1,49126,556484,3349,104607,5.154729704694505,0.15823388913175343
2433,0.2484,0,15,0,49141,556469,3349,104607,5.154590759198192,0.1582374795031131
2434,0.2485,1,12,1,49153,556457,3350,104606,5.154479602801141,0.15823907857496183
2435,0.2486,2,18,2,49171,556439,3352,104604,5.154312868205565,0.15824084061097388
2436,0.2487,1,24,1,49195,556415,3353,104603,5.1540905554114635,0.1582453125330929
2437,0.2488,1,29,1,49224,556386,3354,104602,5.153821927451925,0.1582509818635134
2438,0.2489,2,33,2,49257,556353,3356,104600,5.153516247360035,0.1582563359270629
2439,0.249,3,15,3,49272,556338,3359,104597,5.153377301863722,0.15825610687889127
2440,0.2491,0,21,0,49293,556317,3359,104597,5.153182778168883,0.15826113533682143
2441,0.2492,2,17,2,49310,556300,3361,104595,5.153025306606395,0.15826265897003305
2442,0.2493,2,20,2,49330,556280,3363,104593,5.152840045944644,0.15826490112321126
2443,0.2494,2,30,2,49360,556250,3365,104591,5.152562154952017,0.1582695383609673
2444,0.2495,2,17,2,49377,556233,3367,104589,5.152404683389529,0.15827106240409672
2445,0.2496,2,16,2,49393,556217,3369,104587,5.1522564748601285,0.15827234701969117
2446,0.2497,2,20,2,49413,556197,3371,104585,5.1520712141983775,0.1582745898042017
2447,0.2498,2,19,2,49432,556178,3373,104583,5.151895216569714,0.1582765932008699
2448,0.2499,2,11,2,49443,556167,3375,104581,5.151793323205751,0.15827668036830986
2449,0.25,1,25,1,49468,556142,3376,104580,5.151561747378562,0.1582813952010074
2450,0.2501,4,27,4,49495,556115,3380,104576,5.1513116454851975,0.15828276758726847
2451,0.2502,1,15,1,49510,556100,3381,104575,5.1511726999888845,0.15828508722140236
2452,0.2503,2,24,2,49534,556076,3383,104573,5.150950387194783,0.1582882892428506
2453,0.2504,3,15,3,49549,556061,3386,104570,5.15081144169847,0.15828806095990045
2454,0.2505,2,27,2,49576,556034,3388,104568,5.1505613398051056,0.15829198216172521
2455,0.2506,2,25,2,49601,556009,3390,104566,5.150329763977917,0.15829542444082806
2456,0.2507,0,16,0,49617,555993,3390,104566,5.150181555448516,0.15829925865819708
2457,0.2508,2,23,2,49640,555970,3392,104564,5.149968505687502,0.15830222214147946
2458,0.2509,5,11,5,49651,555959,3397,104559,5.149866612323539,0.1582984869450946
2459,0.251,3,13,3,49664,555946,3400,104556,5.149746192893401,0.15829777956766217
2460,0.2511,2,28,2,49692,555918,3402,104554,5.14948682796695,0.158301941641735
2461,0.2512,2,14,2,49706,555904,3404,104552,5.149357145503724,0.15830274840413291
2462,0.2513,0,13,0,49719,555891,3404,104552,5.149236726073585,0.15830586439707894
2463,0.2514,2,11,2,49730,555880,3406,104550,5.149134832709622,0.15830595218266888
2464,0.2515,2,12,2,49742,555868,3408,104548,5.149023676312572,0.15830627967826338
2465,0.2516,0,23,0,49765,555845,3408,104548,5.148810626551558,0.15831179312924273
2466,0.2517,3,31,3,49796,555814,3411,104545,5.148523472525844,0.1583154011681525
2467,0.2518,1,21,1,49817,555793,3412,104544,5.148328948831005,0.15831916127674203
2468,0.2519,0,18,0,49835,555775,3412,104544,5.1481622142354295,0.15832347698612337
2469,0.252,0,31,0,49866,555744,3412,104544,5.147875060209715,0.15833091014829892
2470,0.2521,0,35,0,49901,555709,3412,104544,5.147550854051651,0.15833930326708096
2471,0.2522,2,29,2,49930,555680,3414,104542,5.147282226092112,0.15834370863133915
2472,0.2523,1,28,1,49958,555652,3415,104541,5.14702286116566,0.15834914941539824
2473,0.2524,3,12,3,49970,555640,3418,104538,5.146911704768609,0.15834820306038674
2474,0.2525,0,8,0,49978,555632,3418,104538,5.146837600503909,0.15835012193828862
2475,0.2526,0,19,0,49997,555613,3418,104538,5.146661602875246,0.15835467945969936
2476,0.2527,1,9,1,50006,555604,3419,104537,5.146578235577458,0.1583555634326606
2477,0.2528,1,20,1,50026,555584,3420,104536,5.146392974915706,0.15835908622674666
2478,0.2529,3,37,3,50063,555547,3423,104533,5.146050242691467,0.15836413768028118
2479,0.253,1,21,1,50084,555526,3424,104532,5.1458557189966285,0.15836790100263917
2480,0.2531,0,17,0,50101,555509,3424,104532,5.14569824743414,0.15837197992245935
2481,0.2532,4,53,4,50154,555456,3428,104528,5.1452073066805,0.15837959708114135
2482,0.2533,2,21,2,50175,555435,3430,104526,5.145012782985661,0.1583820862141854
2483,0.2534,2,38,2,50213,555397,3432,104524,5.144660787728334,0.1583886556118081
2484,0.2535,0,20,0,50233,555377,3432,104524,5.144475527066582,0.15839345598809518
2485,0.2536,0,14,0,50247,555363,3432,104524,5.1443458446033565,0.15839681642463027
2486,0.2537,4,28,4,50275,555335,3436,104520,5.144086479676905,0.1583984360200347
2487,0.2538,2,17,2,50292,555318,3438,104518,5.143929008114417,0.15839996605217055
2488,0.2539,2,11,2,50303,555307,3440,104516,5.1438271147504535,0.15840005577253294
2489,0.254,3,39,3,50342,555268,3443,104513,5.143465856460039,0.1584055921586102
2490,0.2541,6,17,6,50359,555251,3449,104507,5.1433083848975505,0.15840202013465543
2491,0.2542,3,21,3,50380,555230,3452,104504,5.143113861202712,0.15840323524329503
2492,0.2543,0,23,0,50403,555207,3452,104504,5.142900811441699,0.15840875777423752
2493,0.2544,0,24,0,50427,555183,3452,104504,5.142678498647597,0.15841452082578555
2494,0.2545,3,27,3,50454,555156,3455,104501,5.142428396754233,0.1584171774118974
2495,0.2546,1,47,1,50501,555109,3456,104500,5.1419930341991185,0.15842718944101733
2496,0.2547,1,24,1,50525,555085,3457,104499,5.141770721405017,0.15843167814865128
2497,0.2548,1,14,1,50539,555071,3458,104498,5.141641038941791,0.1584337650799234
2498,0.2549,1,11,1,50550,555060,3459,104497,5.141539145577828,0.1584351314594493
2499,0.255,0,24,0,50574,555036,3459,104497,5.141316832783727,0.1584408968163837
2500,0.2551,1,17,1,50591,555019,3460,104496,5.141159361221238,0.1584437048437109
2501,0.2552,3,37,3,50628,554982,3463,104493,5.1408166289969985,0.15844876606391448
2502,0.2553,2,44,2,50672,554938,3465,104491,5.140409055541147,0.15845678609827593
2503,0.2554,2,26,2,50698,554912,3467,104489,5.14016821668087,0.15846048155826273
2504,0.2555,3,33,3,50731,554879,3470,104486,5.13986253658898,0.15846458334913135
2505,0.2556,1,7,1,50738,554872,3471,104485,5.139797695357368,0.1584649893760133
2506,0.2557,0,14,0,50752,554858,3471,104485,5.139668012894142,0.15846835410400958
2507,0.2558,0,11,0,50763,554847,3471,104485,5.139566119530179,0.15847099791910602
2508,0.2559,6,43,6,50806,554804,3477,104479,5.139167809107414,0.15847367518956199
2509,0.256,0,15,0,50821,554789,3477,104479,5.139028863611101,0.15847728086301777
2510,0.2561,2,8,2,50829,554781,3479,104477,5.1389547593464,0.15847665102281655
2511,0.2562,6,31,6,50860,554750,3485,104471,5.138667605320686,0.15847644416667553
2512,0.2563,2,21,2,50881,554729,3487,104469,5.138473081625848,0.15847893955988945
2513,0.2564,4,40,4,50921,554689,3491,104465,5.138102560302346,0.15848344999802777
2514,0.2565,0,23,0,50944,554666,3491,104465,5.137889510541331,0.15848898018754998
2515,0.2566,0,28,0,50972,554638,3491,104465,5.13763014561488,0.15849571311312496
2516,0.2567,1,11,1,50983,554627,3492,104464,5.137528252250917,0.15849708158660944
2517,0.2568,5,30,5,51013,554597,3497,104459,5.137250361258291,0.1584979121652788
2518,0.2569,2,23,2,51036,554574,3499,104457,5.137037311497276,0.15850088994296171
2519,0.257,2,11,2,51047,554563,3501,104455,5.136935418133314,0.1585009817637758
2520,0.2571,2,42,2,51089,554521,3503,104453,5.136546370743637,0.15850852992682565
2521,0.2572,0,8,0,51097,554513,3503,104453,5.136472266478936,0.15851045425712404
2522,0.2573,1,9,1,51106,554504,3504,104452,5.1363888991811475,0.15851134218369664
2523,0.2574,2,24,2,51130,554480,3506,104450,5.136166586387047,0.15851456148604556
2524,0.2575,2,35,2,51165,554445,3508,104448,5.135842380228982,0.15852042744421324
2525,0.2576,1,7,1,51172,554438,3509,104447,5.135777538997369,0.15852083444000092
2526,0.2577,2,24,2,51196,554414,3511,104445,5.135555226203268,0.15852405446385343
2527,0.2578,2,29,2,51225,554385,3513,104443,5.135286598243729,0.1585284778424718
2528,0.2579,0,22,0,51247,554363,3513,104443,5.135082811515803,0.15853377170213992
2529,0.258,2,35,2,51282,554328,3515,104441,5.134758605357739,0.15853963984340488
2530,0.2581,2,11,2,51293,554317,3517,104439,5.134656711993776,0.15853973246543485
2531,0.2582,0,11,0,51304,554306,3517,104439,5.1345548186298124,0.1585423798283099
2532,0.2583,3,26,3,51330,554280,3520,104436,5.134313979769535,0.15854480534858725
2533,0.2584,3,32,3,51362,554248,3523,104433,5.134017562710734,0.1585486753071669
2534,0.2585,0,15,0,51377,554233,3523,104433,5.133878617214421,0.15855228598409513
2535,0.2586,4,38,4,51415,554195,3527,104429,5.133526621957094,0.15855632348654164
2536,0.2587,2,14,2,51429,554181,3529,104427,5.133396939493868,0.15855713869251511
2537,0.2588,3,38,3,51467,554143,3532,104424,5.1330449442365405,0.15856245454145138
2538,0.2589,5,57,5,51524,554086,3537,104419,5.13251695135055,0.15856979066218177
2539,0.259,3,21,3,51545,554065,3540,104416,5.132322427655712,0.15857101419782804
2540,0.2591,1,13,1,51558,554052,3541,104415,5.1322020082255735,0.1585728669773884
2541,0.2592,0,29,0,51587,554023,3541,104415,5.131933380266035,0.1585798511021539
2542,0.2593,4,44,4,51631,553979,3545,104411,5.131525806810182,0.15858533695833776
2543,0.2594,1,15,1,51646,553964,3546,104410,5.131386861313868,0.15858767205266308
2544,0.2595,0,9,0,51655,553955,3546,104410,5.13130349401608,0.1585898399823806
2545,0.2596,4,19,4,51674,553936,3550,104406,5.131127496387417,0.1585893046471287
2546,0.2597,0,14,0,51688,553922,3550,104406,5.130997813924191,0.1585926772064989
2547,0.2598,2,17,2,51705,553905,3552,104404,5.130840342361703,0.15859421639382115
2548,0.2599,1,23,1,51728,553882,3553,104403,5.130627292600689,0.1585984793820306
2549,0.26,0,7,0,51735,553875,3553,104403,5.130562451369077,0.15860016588736067
2550,0.2601,1,11,1,51746,553864,3554,104402,5.1304605580051135,0.15860153798008708
2551,0.2602,1,20,1,51766,553844,3555,104401,5.1302752973433625,0.15860507865612347
2552,0.2603,1,19,1,51785,553825,3556,104400,5.130099299714699,0.15860837859394583
2553,0.2604,4,16,4,51801,553809,3560,104396,5.129951091185298,0.15860712088179216
2554,0.2605,0,19,0,51820,553790,3560,104396,5.129775093556634,0.15861169942842904
2555,0.2606,2,21,2,51841,553769,3562,104394,5.129580569861796,0.1586142034723921
2556,0.2607,1,10,1,51851,553759,3563,104393,5.12948793953092,0.1586153350593784
2557,0.2608,0,17,0,51868,553742,3563,104393,5.1293304679684315,0.15861943218336663
2558,0.2609,1,30,1,51898,553712,3564,104392,5.129052576975805,0.15862538443771806
2559,0.261,1,39,1,51937,553673,3565,104391,5.12869131868539,0.15863350677137786
2560,0.2611,1,28,1,51965,553645,3566,104390,5.1284319537589385,0.1586389781698542
2561,0.2612,1,12,1,51977,553633,3567,104389,5.128320797361888,0.15864059256377447
2562,0.2613,1,22,1,51999,553611,3568,104388,5.128117010633962,0.1586446180009392
2563,0.2614,0,16,0,52015,553595,3568,104388,5.1279688021045615,0.15864847572049734
2564,0.2615,1,23,1,52038,553572,3569,104387,5.127755752343547,0.1586527428000833
2565,0.2616,2,10,2,52048,553562,3571,104385,5.127663122012672,0.1586525966377231
2566,0.2617,0,15,0,52063,553547,3571,104385,5.127524176516358,0.15865621371205535
2567,0.2618,1,24,1,52087,553523,3572,104384,5.127301863722257,0.1586607225641314
2568,0.2619,2,10,2,52097,553513,3574,104382,5.1272092333913815,0.1586605765357694
2569,0.262,0,20,0,52117,553493,3574,104382,5.1270239727296305,0.15866539996199885
2570,0.2621,3,26,3,52143,553467,3577,104379,5.126783133869354,0.1586678341131511
2571,0.2622,2,19,2,52162,553448,3579,104377,5.126607136240691,0.15866985900505454
2572,0.2623,4,17,4,52179,553431,3583,104373,5.126449664678202,0.15866884360691028
2573,0.2624,1,42,1,52221,553389,3584,104372,5.126060617288525,0.1586776960020433
2574,0.2625,1,17,1,52238,553372,3585,104371,5.125903145726037,0.15868051807468875
2575,0.2626,1,11,1,52249,553361,3586,104370,5.1258012523620735,0.15868189274946748
2576,0.2627,0,14,0,52263,553347,3586,104370,5.125671569898848,0.15868527041265468
2577,0.2628,2,22,2,52285,553325,3588,104368,5.125467783170921,0.15868802009448177
2578,0.2629,4,19,4,52304,553306,3592,104364,5.125291785542258,0.1586874876457798
2579,0.263,3,32,3,52336,553274,3595,104361,5.124995368483456,0.15869137135341033
2580,0.2631,1,14,1,52350,553260,3596,104360,5.124865686020231,0.15869347039323622
2581,0.2632,2,25,2,52375,553235,3598,104358,5.124634110193042,0.1586969447667478
2582,0.2633,2,29,2,52404,553206,3600,104356,5.124365482233503,0.15870138481238272
2583,0.2634,4,17,4,52421,553189,3604,104352,5.124208010671014,0.15870037001494963
2584,0.2635,3,26,3,52447,553163,3607,104349,5.123967171810738,0.1587028069449683
2585,0.2636,2,46,2,52493,553117,3609,104347,5.1235410722887105,0.1587113514960515
2586,0.2637,4,12,4,52505,553105,3613,104343,5.123429915891659,0.15870912984753166
2587,0.2638,0,15,0,52520,553090,3613,104343,5.123290970395346,0.15871275095713175
2588,0.2639,4,38,4,52558,553052,3617,104339,5.122938975138019,0.1587168062842357
2589,0.264,0,1,0,52559,553051,3617,104339,5.1229297121049315,0.15871704771901002
2590,0.2641,2,16,2,52575,553035,3619,104337,5.12278150357553,0.1587183512531717
2591,0.2642,3,28,3,52603,553007,3622,104334,5.122522138649079,0.15872127252065518
2592,0.2643,5,29,5,52632,552978,3627,104329,5.12225351068954,0.1587218757749423
2593,0.2644,0,8,0,52640,552970,3627,104329,5.12217940642484,0.15872380758224186
2594,0.2645,1,17,1,52657,552953,3628,104328,5.122021934862351,0.15872663290130096
2595,0.2646,2,11,2,52668,552942,3630,104326,5.121920041498388,0.15872672943152566
2596,0.2647,2,18,2,52686,552924,3632,104324,5.1217533069028125,0.15872851648084133
2597,0.2648,2,11,2,52697,552913,3634,104322,5.121651413538849,0.1587286130531697
2598,0.2649,5,23,5,52720,552890,3639,104317,5.121438363777836,0.15872776765920021
2599,0.265,0,20,0,52740,552870,3639,104317,5.121253103116084,0.1587325981798179
2600,0.2651,1,66,1,52806,552804,3640,104316,5.120641742932306,0.1587472607742878
2601,0.2652,2,21,2,52827,552783,3642,104314,5.120447219237467,0.15874977362550735
2602,0.2653,0,17,0,52844,552766,3642,104314,5.1202897476749785,0.15875388080599015
2603,0.2654,1,13,1,52857,552753,3643,104313,5.120169328244841,0.15875574143236754
2604,0.2655,3,10,3,52867,552743,3646,104310,5.120076697913965,0.15875431662285996
2605,0.2656,2,21,2,52888,552722,3648,104308,5.119882174219127,0.15875682997732218
2606,0.2657,0,17,0,52905,552705,3648,104308,5.1197247026566375,0.15876093775922243
2607,0.2658,1,27,1,52932,552678,3649,104307,5.119474600763274,0.15876618187629854
2608,0.2659,5,27,5,52959,552651,3654,104302,5.11922449886991,0.15876630443882592
2609,0.266,3,17,3,52976,552634,3657,104299,5.1190670273074215,0.15876657132462518
2610,0.2661,5,19,5,52995,552615,3662,104294,5.118891029678758,0.15876476041582624
2611,0.2662,2,16,2,53011,552599,3664,104292,5.1187428211493575,0.15876606621189818
2612,0.2663,1,21,1,53032,552578,3665,104291,5.1185482974545184,0.15876986126609718
2613,0.2664,2,20,2,53052,552558,3667,104289,5.1183630367927675,0.15877213414996186
2614,0.2665,0,32,0,53084,552526,3667,104289,5.118066619733965,0.15877986952185927
2615,0.2666,1,43,1,53127,552483,3668,104288,5.117668309311201,0.15878898428828314
2616,0.2667,5,24,5,53151,552459,3673,104283,5.1174459965171,0.1587883826525485
2617,0.2668,1,11,1,53162,552448,3674,104282,5.117344103153137,0.15878976139357118
2618,0.2669,1,21,1,53183,552427,3675,104281,5.117149579458298,0.15879355817197294
2619,0.267,0,14,0,53197,552413,3675,104281,5.117019896995072,0.1587969434774796
2620,0.2671,8,23,8,53220,552390,3683,104273,5.116806847234058,0.15879225721564943
2621,0.2672,1,48,1,53268,552342,3684,104272,5.116362221645856,0.15880258416664889
2622,0.2673,1,28,1,53296,552314,3685,104271,5.1161028567194045,0.1588080751159408
2623,0.2674,4,18,4,53314,552296,3689,104267,5.115936122123828,0.1588073040972458
2624,0.2675,2,8,2,53322,552288,3691,104265,5.115862017859127,0.15880667668870602
2625,0.2676,1,17,1,53339,552271,3692,104264,5.115704546296639,0.1588095074900805
2626,0.2677,1,8,1,53347,552263,3693,104263,5.1156304420319385,0.15881016136451565
2627,0.2678,0,30,0,53377,552233,3693,104263,5.1153525510393125,0.15881741853720358
2628,0.2679,2,16,2,53393,552217,3695,104261,5.115204342509911,0.1588187265986065
2629,0.268,4,28,4,53421,552189,3699,104257,5.11494497758346,0.15882037517175823
2630,0.2681,3,19,3,53440,552170,3702,104254,5.114768979954796,0.15882112780763652
2631,0.2682,0,20,0,53460,552150,3702,104254,5.114583719293045,0.15882596693499734
2632,0.2683,3,13,3,53473,552137,3705,104251,5.114463299862907,0.1588252679817425
2633,0.2684,1,11,1,53484,552126,3706,104250,5.114361406498944,0.15882664814069986
2634,0.2685,1,17,1,53501,552109,3707,104249,5.114203934936455,0.15882948025315452
2635,0.2686,0,14,0,53515,552095,3707,104249,5.114074252473229,0.1588328681301269
2636,0.2687,1,23,1,53538,552072,3708,104248,5.113861202712216,0.15883715260848366
2637,0.2688,2,13,2,53551,552059,3710,104246,5.113740783282078,0.15883773550407204
2638,0.2689,4,41,4,53592,552018,3714,104242,5.113360998925488,0.15884253192332307
2639,0.269,2,28,2,53620,551990,3716,104240,5.113101633999037,0.15884674580558644
2640,0.2691,0,22,0,53642,551968,3716,104240,5.11289784727111,0.1588520712944676
2641,0.2692,3,15,3,53657,551953,3719,104237,5.112758901774797,0.15885185693168138
2642,0.2693,2,10,2,53667,551943,3721,104235,5.1126662714439215,0.15885171401662354
2643,0.2694,4,17,4,53684,551926,3725,104231,5.112508799881433,0.15885070188994402
2644,0.2695,3,35,3,53719,551891,3728,104228,5.112184593723369,0.15885532959722246
2645,0.2696,1,18,1,53737,551873,3729,104227,5.112017859127793,0.1588584057308337
2646,0.2697,3,32,3,53769,551841,3732,104224,5.111721442068991,0.15886230785059408
2647,0.2698,1,21,1,53790,551820,3733,104223,5.111526918374152,0.1588661109104129
2648,0.2699,3,28,3,53818,551792,3736,104220,5.111267553447701,0.15886904507844368
2649,0.27,5,43,5,53861,551749,3741,104215,5.110869243024936,0.15887304791116585
2650,0.2701,2,22,2,53883,551727,3743,104213,5.11066545629701,0.15887581181205598
2651,0.2702,3,21,3,53904,551706,3746,104210,5.110470932602171,0.15887705132974345
2652,0.2703,0,12,0,53916,551694,3746,104210,5.1103597762051205,0.15887995804264038
2653,0.2704,1,22,1,53938,551672,3747,104209,5.110155989477194,0.15888400487283516
2654,0.2705,1,13,1,53951,551659,3748,104208,5.1100355700470566,0.15888587167825183
2655,0.2706,0,17,0,53968,551642,3748,104208,5.109878098484568,0.15888999008919721
2656,0.2707,1,10,1,53978,551632,3749,104207,5.109785468153692,0.15889113029264804
2657,0.2708,2,25,2,54003,551607,3751,104205,5.109553892326503,0.1588946222393003
2658,0.2709,0,15,0,54018,551592,3751,104205,5.10941494683019,0.15889825662514467
2659,0.271,1,20,1,54038,551572,3752,104204,5.109229686168439,0.15890182013370419
2660,0.2711,5,35,5,54073,551537,3757,104199,5.108905480010375,0.1589038881501092
2661,0.2712,0,11,0,54084,551526,3757,104199,5.108803586646411,0.15890655381448016
2662,0.2713,5,18,5,54102,551508,3762,104194,5.108636852050836,0.15890450235015297
2663,0.2714,4,22,4,54124,551486,3766,104190,5.1084330653229095,0.15890470293254597
2664,0.2715,2,22,2,54146,551464,3768,104188,5.108229278594983,0.15890746920622525
2665,0.2716,1,15,1,54161,551449,3769,104187,5.10809033309867,0.15890982191337877
2666,0.2717,2,17,2,54178,551432,3771,104185,5.107932861536181,0.15891137661164978
2667,0.2718,2,7,2,54185,551425,3773,104183,5.1078680203045685,0.15891050749838317
2668,0.2719,2,29,2,54214,551396,3775,104181,5.10759939234503,0.15891497108653904
2669,0.272,3,54,3,54268,551342,3778,104178,5.107099188558301,0.15892421283866243
2670,0.2721,1,29,1,54297,551313,3779,104177,5.1068305605987625,0.15892996079268945
2671,0.2722,2,26,2,54323,551287,3781,104175,5.106589721738486,0.15893369867360732
2672,0.2723,1,22,1,54345,551265,3782,104174,5.10638593501056,0.1589377501186228
2673,0.2724,1,11,1,54356,551254,3783,104173,5.106284041646597,0.15893913433532644
2674,0.2725,0,27,0,54383,551227,3783,104173,5.106033939753233,0.1589456820262435
2675,0.2726,1,14,1,54397,551213,3784,104172,5.105904257290007,0.1589477940447218
2676,0.2727,4,19,4,54416,551194,3788,104168,5.105728259661343,0.15894726883768054
2677,0.2728,1,10,1,54426,551184,3789,104167,5.105635629330468,0.15894841085158945
2678,0.2729,0,12,0,54438,551172,3789,104167,5.105524472933418,0.15895132137718035
2679,0.273,4,46,4,54484,551126,3793,104163,5.10509837341139,0.15895734553761776
2680,0.2731,3,8,3,54492,551118,3796,104160,5.105024269146689,0.15895543570820322
2681,0.2732,1,17,1,54509,551101,3797,104159,5.104866797584201,0.15895827610414187
2682,0.2733,0,7,0,54516,551094,3797,104159,5.104801956352588,0.15895997423895808
2683,0.2734,2,16,2,54532,551078,3799,104157,5.104653747823187,0.15896128869794807
2684,0.2735,2,24,2,54556,551054,3801,104155,5.104431435029086,0.15896454413782474
2685,0.2736,0,22,0,54578,551032,3801,104155,5.10422764830116,0.15896988188105074
2686,0.2737,0,21,0,54599,551011,3801,104155,5.104033124606321,0.15897497733398863
2687,0.2738,0,15,0,54614,550996,3801,104155,5.103894179110008,0.15897861714322348
2688,0.2739,0,31,0,54645,550965,3801,104155,5.103607025084294,0.1589861399438271
2689,0.274,1,10,1,54655,550955,3802,104154,5.103514394753418,0.1589872830322893
2690,0.2741,2,15,2,54670,550940,3804,104152,5.103375449257105,0.15898835583398974
2691,0.2742,3,28,3,54698,550912,3807,104149,5.103116084330654,0.15899130004686587
2692,0.2743,1,14,1,54712,550898,3808,104148,5.102986401867428,0.158993414202972
2693,0.2744,5,29,5,54741,550869,3813,104143,5.102717773907888,0.15899403369709258
2694,0.2745,0,6,0,54747,550863,3813,104143,5.102662195709363,0.15899549011764777
2695,0.2746,1,26,1,54773,550837,3814,104142,5.102421356849087,0.15900051757384587
2696,0.2747,2,16,2,54789,550821,3816,104140,5.102273148319686,0.15900183369696821
2697,0.2748,0,12,0,54801,550809,3816,104140,5.102161991922635,0.15900474693449412
2698,0.2749,5,12,5,54813,550797,3821,104135,5.102050835525585,0.15900123982337097
2699,0.275,2,34,2,54847,550763,3823,104133,5.101735892400607,0.1590069262905866
2700,0.2751,3,20,3,54867,550743,3826,104130,5.101550631738856,0.15900792978180503
2701,0.2752,3,22,3,54889,550721,3829,104127,5.10134684501093,0.1590094189796716
2702,0.2753,1,16,1,54905,550705,3830,104126,5.10119863648153,0.1590120198952096
2703,0.2754,2,16,2,54921,550689,3832,104124,5.101050427952129,0.159013336631985
2704,0.2755,1,20,1,54941,550669,3833,104123,5.100865167290378,0.15901690918642866
2705,0.2756,1,27,1,54968,550642,3834,104122,5.1006150653970135,0.1590221820381084
2706,0.2757,2,18,2,54986,550624,3836,104120,5.100448330801438,0.15902398494678835
2707,0.2758,4,47,4,55033,550577,3840,104116,5.100012968246323,0.15903026303931767
2708,0.2759,2,30,2,55063,550547,3842,104114,5.099735077253696,0.15903498146368883
2709,0.276,6,31,6,55094,550516,3848,104108,5.099447923227982,0.1590348047123234
2710,0.2761,1,28,1,55122,550488,3849,104107,5.09918855830153,0.15904032264224444
2711,0.2762,2,30,2,55152,550458,3851,104105,5.098910667308903,0.1590450422648393
2712,0.2763,3,13,3,55165,550445,3854,104102,5.098790247878766,0.15904434670084808
2713,0.2764,3,23,3,55188,550422,3857,104099,5.098577198117752,0.15904608102719392
2714,0.2765,6,66,6,55254,550356,3863,104093,5.097965837933973,0.15905441065690373
2715,0.2766,2,24,2,55278,550332,3865,104091,5.0977435251398715,0.1590576737064559
2716,0.2767,0,5,0,55283,550327,3865,104091,5.097697209974434,0.15905888896699052
2717,0.2768,1,7,1,55290,550320,3866,104090,5.097632368742821,0.1590593053284638
2718,0.2769,4,21,4,55311,550299,3870,104086,5.097437845047983,0.1590592693903436
2719,0.277,1,18,1,55329,550281,3871,104085,5.097271110452406,0.15906235959692283
2720,0.2771,1,13,1,55342,550268,3872,104084,5.097150691022268,0.15906423454043084
2721,0.2772,0,20,0,55362,550248,3872,104084,5.096965430360517,0.15906909642199984
2722,0.2773,1,18,1,55380,550230,3873,104083,5.096798695764941,0.1590721871642471
2723,0.2774,1,13,1,55393,550217,3874,104082,5.096678276334803,0.15907406246991054
2724,0.2775,0,18,0,55411,550199,3874,104082,5.096511541739227,0.1590784387747772
2725,0.2776,0,6,0,55417,550193,3874,104082,5.096455963540702,0.15907989759657637
2726,0.2777,3,40,3,55457,550153,3877,104079,5.096085442217199,0.1590857677398843
2727,0.2778,3,40,3,55497,550113,3880,104076,5.095714920893697,0.15909163865488413
2728,0.2779,4,21,4,55518,550092,3884,104072,5.095520397198859,0.1590916039402963
2729,0.278,1,17,1,55535,550075,3885,104071,5.09536292563637,0.1590944529202961
2730,0.2781,6,14,6,55549,550061,3891,104065,5.095233243173144,0.15909014471218083
2731,0.2782,1,14,1,55563,550047,3892,104064,5.095103560709918,0.15909226415700087
2732,0.2783,1,16,1,55579,550031,3893,104063,5.094955352180518,0.15909487015627724
2733,0.2784,2,16,2,55595,550015,3895,104061,5.094807143651117,0.15909619065674324
2734,0.2785,3,39,3,55634,549976,3898,104058,5.094445885360702,0.1591018203946584
2735,0.2786,0,10,0,55644,549966,3898,104058,5.094353255029827,0.15910425305493375
2736,0.2787,0,11,0,55655,549955,3898,104058,5.094251361665864,0.1591069290671592
2737,0.2788,1,15,1,55670,549940,3899,104057,5.09411241616955,0.15910929255027165
2738,0.2789,0,11,0,55681,549929,3899,104057,5.094010522805587,0.159111968757741
2739,0.279,3,26,3,55707,549903,3902,104054,5.093769683945311,0.15911443718776616
2740,0.2791,4,12,4,55719,549891,3906,104050,5.093658527548261,0.15911221348714946
2741,0.2792,2,19,2,55738,549872,3908,104048,5.093482529919597,0.15911426474186444
2742,0.2793,1,12,1,55750,549860,3909,104047,5.0933713735225465,0.159115898744011
2743,0.2794,3,36,3,55786,549824,3912,104044,5.0930379043313945,0.1591208011402913
2744,0.2795,1,21,1,55807,549803,3913,104043,5.092843380636555,0.15912462567638253
2745,0.2796,2,20,2,55827,549783,3915,104041,5.092658119974804,0.1591269210062647
2746,0.2797,3,19,3,55846,549764,3918,104038,5.092482122346141,0.15912768697556753
2747,0.2798,1,21,1,55867,549743,3919,104037,5.0922875986513025,0.1591315121294625
2748,0.2799,5,8,5,55875,549735,3924,104032,5.092213494386602,0.15912702843673662
2749,0.28,2,18,2,55893,549717,3926,104030,5.092046759791026,0.15912883730250388
2750,0.2801,1,28,1,55921,549689,3927,104029,5.091787394864575,0.1591343668064823
2751,0.2802,4,55,4,55976,549634,3931,104025,5.091277928044759,0.15914261105561156
2752,0.2803,2,20,2,55996,549614,3933,104023,5.091092667383008,0.1591449076475169
2753,0.2804,3,11,3,56007,549603,3936,104020,5.090990774019045,0.1591437265824489
2754,0.2805,1,25,1,56032,549578,3937,104019,5.090759198191856,0.1591485273035219
2755,0.2806,2,22,2,56054,549556,3939,104017,5.09055541146393,0.1591513113301804
2756,0.2807,3,12,3,56066,549544,3942,104014,5.090444255066879,0.15915037380003
2757,0.2808,1,30,1,56096,549514,3943,104013,5.0901663640742525,0.15915639292638253
2758,0.2809,0,19,0,56115,549495,3943,104013,5.089990366445589,0.159161020217044
2759,0.281,0,7,0,56122,549488,3943,104013,5.089925525213976,0.1591627250761667
2760,0.2811,0,8,0,56130,549480,3943,104013,5.089851420949276,0.15916467353131555
2761,0.2812,0,33,0,56163,549447,3943,104013,5.089545740857386,0.1591727114130934
2762,0.2813,2,19,2,56182,549428,3945,104011,5.089369743228723,0.15917476612200987
2763,0.2814,0,11,0,56193,549417,3945,104011,5.089267849864759,0.15917744571704917
2764,0.2815,1,18,1,56211,549399,3946,104010,5.089101115269184,0.1591805438859887
2765,0.2816,2,13,2,56224,549386,3948,104008,5.088980695839045,0.15918113726174407
2766,0.2817,3,19,3,56243,549367,3951,104005,5.088804698210382,0.1591819055606913
2767,0.2818,0,13,0,56256,549354,3951,104005,5.088684278780244,0.15918507283132244
2768,0.2819,0,21,0,56277,549333,3951,104005,5.088489755085405,0.1591901894578304
2769,0.282,1,26,1,56303,549307,3952,104004,5.088248916225129,0.15919523779639405
2770,0.2821,4,36,4,56339,549271,3956,104000,5.087915447033977,0.1591988623404376
2771,0.2822,3,25,3,56364,549246,3959,103997,5.087683871206788,0.15920109362059753
2772,0.2823,0,31,0,56395,549215,3959,103997,5.087396717181074,0.15920864895317294
2773,0.2824,1,31,1,56426,549184,3960,103996,5.08710956315536,0.15921491778682753
2774,0.2825,0,7,0,56433,549177,3960,103996,5.087044721923747,0.15921662407968487
2775,0.2826,4,27,4,56460,549150,3964,103992,5.086794620030383,0.15921805671660985
2776,0.2827,0,9,0,56469,549141,3964,103992,5.086711252732595,0.15922025069932158
2777,0.2828,5,23,5,56492,549118,3969,103987,5.086498202971581,0.15921942107318118
2778,0.2829,4,17,4,56509,549101,3973,103983,5.086340731409092,0.15921841600774173
2779,0.283,2,17,2,56526,549084,3975,103981,5.086183259846604,0.15921998575945734
2780,0.2831,0,20,0,56546,549064,3975,103981,5.085997999184853,0.15922486199266514
2781,0.2832,1,25,1,56571,549039,3976,103980,5.085766423357664,0.15922967019336343
2782,0.2833,2,12,2,56583,549027,3978,103978,5.085655266960614,0.15923002120963853
2783,0.2834,1,12,1,56595,549015,3979,103977,5.085544110563563,0.15923165980593942
2784,0.2835,1,18,1,56613,548997,3980,103976,5.085377375967987,0.15923476162107775
2785,0.2836,0,25,0,56638,548972,3980,103976,5.085145800140798,0.1592408583838223
2786,0.2837,3,14,3,56652,548958,3983,103973,5.085016117677572,0.15924040978296328
2787,0.2838,2,31,2,56683,548927,3985,103971,5.084728963651858,0.1592453951459493
2788,0.2839,1,15,1,56698,548912,3986,103970,5.084590018155545,0.15924776605879776
2789,0.284,0,14,0,56712,548898,3986,103970,5.084460335692319,0.15925118094316157
2790,0.2841,2,16,2,56728,548882,3988,103968,5.084312127162918,0.15925250823313164
2791,0.2842,1,10,1,56738,548872,3989,103967,5.084219496832043,0.15925365978441852
2792,0.2843,3,19,3,56757,548853,3992,103964,5.084043499203379,0.15925443118056057
2793,0.2844,1,14,1,56771,548839,3993,103963,5.083913816740154,0.15925655865024924
2794,0.2845,2,5,2,56776,548834,3995,103961,5.083867501574716,0.1592552026286966
2795,0.2846,6,20,6,56796,548814,4001,103955,5.083682240912965,0.15925235420186926
2796,0.2847,4,20,4,56816,548794,4005,103951,5.083496980251214,0.1592520815938843
2797,0.2848,0,10,0,56826,548784,4005,103951,5.083404349920338,0.15925452136012316
2798,0.2849,2,13,2,56839,548771,4007,103949,5.083283930490199,0.1592551170486579
2799,0.285,0,15,0,56854,548756,4007,103949,5.083144984993886,0.1592587769359818
2800,0.2851,0,20,0,56874,548736,4007,103949,5.082959724332135,0.15926365704742718
2801,0.2852,3,14,3,56888,548722,4010,103946,5.08283004186891,0.1592632088596346
2802,0.2853,9,23,9,56911,548699,4019,103937,5.082616992107896,0.15925722761232908
2803,0.2854,1,15,1,56926,548684,4020,103936,5.082478046611582,0.15925959976709264
2804,0.2855,2,30,2,56956,548654,4022,103934,5.082200155618956,0.15926434442557938
2805,0.2856,1,15,1,56971,548639,4023,103933,5.082061210122642,0.15926671692931968
2806,0.2857,0,21,0,56992,548618,4023,103933,5.081866686427804,0.1592718423540842
2807,0.2858,2,32,2,57024,548586,4025,103931,5.081570269369002,0.15927707630605792
2808,0.2859,9,37,9,57061,548549,4034,103922,5.081227537144763,0.15927451181738345
2809,0.286,0,14,0,57075,548535,4034,103922,5.081097854681537,0.15927792942676683
2810,0.2861,2,7,2,57082,548528,4036,103920,5.081033013449924,0.15927706116042964
2811,0.2862,0,9,0,57091,548519,4036,103920,5.080949646152136,0.15927925829081338
2812,0.2863,1,10,1,57101,548509,4037,103919,5.080857015821261,0.15928041101853385
2813,0.2864,0,17,0,57118,548492,4037,103919,5.080699544258772,0.15928456141910544
2814,0.2865,3,19,3,57137,548473,4040,103916,5.080523546630109,0.15928533436339362
2815,0.2866,3,18,3,57155,548455,4043,103913,5.080356812034532,0.15928586319378019
2816,0.2867,1,36,1,57191,548419,4044,103912,5.080023342843381,0.1592933648715146
2817,0.2868,2,8,2,57199,548411,4046,103910,5.07994923857868,0.15929274084384834
2818,0.2869,0,16,0,57215,548395,4046,103910,5.079801030049279,0.15929664804041055
2819,0.287,2,27,2,57242,548368,4048,103908,5.079550928155915,0.15930066413604058
2820,0.2871,1,13,1,57255,548355,4049,103907,5.079430508725777,0.15930255020221937
2821,0.2872,0,25,0,57280,548330,4049,103907,5.0791989328985885,0.1593086562093227
2822,0.2873,1,17,1,57297,548313,4050,103906,5.0790414613361,0.1593115195969452
2823,0.2874,0,5,0,57302,548308,4050,103906,5.078995146170662,0.15931274091019204
2824,0.2875,1,14,1,57316,548294,4051,103905,5.078865463707436,0.15931487168793573
2825,0.2876,1,14,1,57330,548280,4052,103904,5.078735781244211,0.1593170025636937
2826,0.2877,3,5,3,57335,548275,4055,103901,5.078689466078773,0.1593143568607247
2827,0.2878,0,21,0,57356,548254,4055,103901,5.0784949423839345,0.15931948693178768
2828,0.2879,2,19,2,57375,548235,4057,103899,5.078318944755271,0.1593215504788893
2829,0.288,4,38,4,57413,548197,4061,103895,5.077966949497943,0.15932567797181993
2830,0.2881,1,22,1,57435,548175,4062,103894,5.077763162770017,0.159329764181398
2831,0.2882,0,9,0,57444,548166,4062,103894,5.077679795472229,0.15933196331625923
2832,0.2883,3,25,3,57469,548141,4065,103891,5.07744821964504,0.159334204456223
2833,0.2884,4,21,4,57490,548120,4069,103887,5.077253695950202,0.15933417892752685
2834,0.2885,3,20,3,57510,548100,4072,103884,5.077068435288451,0.15933519840977692
2835,0.2886,3,3,3,57513,548097,4075,103881,5.077040646189189,0.1593320633518309
2836,0.2887,3,9,3,57522,548088,4078,103878,5.0769572788914,0.1593303945297761
2837,0.2888,0,3,0,57525,548085,4078,103878,5.076929489792137,0.15933112768669389
2838,0.2889,4,40,4,57565,548045,4082,103874,5.076558968468635,0.15933574569846867
2839,0.289,0,16,0,57581,548029,4082,103874,5.076410759939234,0.15933965635991856
2840,0.2891,2,6,2,57587,548023,4084,103872,5.076355181740709,0.1593385437838916
2841,0.2892,5,17,5,57604,548006,4089,103867,5.076197710178221,0.15933625107958146
2842,0.2893,1,16,1,57620,547990,4090,103866,5.07604950164882,0.15933887238899389
2843,0.2894,4,9,4,57629,547981,4094,103862,5.075966134351032,0.15933591370928277
2844,0.2895,0,20,0,57649,547961,4094,103862,5.075780873689281,0.1593408026412078
2845,0.2896,3,31,3,57680,547930,4097,103859,5.075493719663567,0.15934451179752956
2846,0.2897,3,20,3,57700,547910,4100,103856,5.075308459001816,0.1593455319854058
2847,0.2898,3,6,3,57706,547904,4103,103853,5.075252880803291,0.15934312941786585
2848,0.2899,2,17,2,57723,547887,4105,103851,5.075095409240801,0.1593447060014914
2849,0.29,3,31,3,57754,547856,4108,103848,5.074808255215087,0.15934841584523035
2850,0.2901,1,16,1,57770,547840,4109,103847,5.074660046685687,0.15935103815175075
2851,0.2902,5,32,5,57802,547808,4114,103842,5.074363629626885,0.15935241310519452
2852,0.2903,2,32,2,57834,547776,4116,103840,5.0740672125680835,0.15935765849825664
2853,0.2904,5,42,5,57876,547734,4121,103835,5.073678165178406,0.15936147975118523
2854,0.2905,2,4,2,57880,547730,4123,103833,5.0736411130460555,0.15935987770944637
2855,0.2906,1,22,1,57902,547708,4124,103832,5.07343732631813,0.15936396844399423
2856,0.2907,2,10,2,57912,547698,4126,103830,5.073344695987254,0.1593638339411353
2857,0.2908,1,14,1,57926,547684,4127,103829,5.073215013524028,0.1593659681387785
2858,0.2909,1,31,1,57957,547653,4128,103828,5.072927859498314,0.15937226104828844
2859,0.291,2,55,2,58012,547598,4130,103826,5.0724183926784985,0.15938313602200718
2860,0.2911,1,30,1,58042,547568,4131,103825,5.072140501685872,0.15938918594458337
2861,0.2912,0,22,0,58064,547546,4131,103825,5.071936714957946,0.1593945693007518
2862,0.2913,2,9,2,58073,547537,4133,103823,5.0718533476601575,0.15939419061655613
2863,0.2914,5,14,5,58087,547523,4138,103818,5.071723665196932,0.15939116376828727
2864,0.2915,0,32,0,58119,547491,4138,103818,5.07142724813813,0.15939899494709883
2865,0.2916,1,11,1,58130,547480,4139,103817,5.071325354774167,0.1594003964397195
2866,0.2917,2,15,2,58145,547465,4141,103815,5.071186409277854,0.15940148630389386
2867,0.2918,5,26,5,58171,547439,4146,103810,5.070945570417577,0.15940139639369888
2868,0.2919,1,11,1,58182,547428,4147,103809,5.070843677053614,0.15940279805969254
2869,0.292,0,21,0,58203,547407,4147,103809,5.070649153358776,0.1594079383798924
2870,0.2921,6,15,6,58218,547392,4153,103803,5.070510207862463,0.15940386520166772
2871,0.2922,0,16,0,58234,547376,4153,103803,5.070361999333062,0.15940778188485807
2872,0.2923,2,20,2,58254,547356,4155,103801,5.070176738671311,0.15941009618264104
2873,0.2924,0,19,0,58273,547337,4155,103801,5.070000741042647,0.15941474771860958
2874,0.2925,2,24,2,58297,547313,4157,103799,5.069778428248545,0.15941804175011365
2875,0.2926,2,30,2,58327,547283,4159,103797,5.069500537255919,0.1594228051852307
2876,0.2927,0,9,0,58336,547274,4159,103797,5.069417169958131,0.1594250089467969
2877,0.2928,1,9,1,58345,547265,4160,103796,5.069333802660343,0.15942592168782957
2878,0.2929,2,26,2,58371,547239,4162,103794,5.069092963800067,0.15942970632825065
2879,0.293,0,13,0,58384,547226,4162,103794,5.068972544369928,0.15943288992657675
2880,0.2931,1,19,1,58403,547207,4163,103793,5.068796546741265,0.1594362519201229
2881,0.2932,4,27,4,58430,547180,4167,103789,5.068546444847901,0.1594376997983007
2882,0.2933,2,14,2,58444,547166,4169,103787,5.068416762384675,0.1594385462544915
2883,0.2934,2,36,2,58480,547130,4171,103785,5.068083293193523,0.15944478157670355
2884,0.2935,2,51,2,58531,547079,4173,103783,5.067610878506058,0.1594546923925502
2885,0.2936,0,12,0,58543,547067,4173,103783,5.067499722109007,0.15945763232695706
2886,0.2937,0,38,0,58581,547029,4173,103783,5.0671477268516805,0.15946694283448984
2887,0.2938,2,14,2,58595,547015,4175,103781,5.067018044388455,0.15946779021383045
2888,0.2939,6,42,6,58637,546973,4181,103775,5.0666289969987774,0.15947033260186738
2889,0.294,1,18,1,58655,546955,4182,103774,5.066462262403201,0.1594734520822032
2890,0.2941,0,15,0,58670,546940,4182,103774,5.066323316906888,0.1594771282007149
2891,0.2942,1,33,1,58703,546907,4183,103773,5.0660176368149985,0.15948392450974366
2892,0.2943,2,17,2,58720,546890,4185,103771,5.06586016525251,0.15948550781436108
2893,0.2944,2,19,2,58739,546871,4187,103769,5.065684167623846,0.15948758145825648
2894,0.2945,0,31,0,58770,546840,4187,103769,5.065397013598132,0.1594951806691884
2895,0.2946,0,15,0,58785,546825,4187,103769,5.065258068101819,0.15949885796671964
2896,0.2947,2,14,2,58799,546811,4189,103767,5.065128385638594,0.15949970641491104
2897,0.2948,1,21,1,58820,546790,4190,103766,5.0649338619437545,0.15950356310602007
2898,0.2949,1,40,1,58860,546750,4191,103765,5.064563340620253,0.15951207889133995
2899,0.295,1,12,1,58872,546738,4192,103764,5.064452184223202,0.15951372939668132
2900,0.2951,2,25,2,58897,546713,4194,103762,5.064220608396013,0.15951727583688843
2901,0.2952,3,10,3,58907,546703,4197,103759,5.064127978065137,0.15951585180994432
2902,0.2953,1,11,1,58918,546692,4198,103758,5.064026084701174,0.15951725728341917
2903,0.2954,1,17,1,58935,546675,4199,103757,5.063868613138686,0.15952013431073503
2904,0.2955,2,21,2,58956,546654,4201,103755,5.063674089443848,0.15952270033163748
2905,0.2956,1,12,1,58968,546642,4202,103754,5.063562933046797,0.15952435131827378
2906,0.2957,1,38,1,59006,546604,4203,103753,5.06321093778947,0.15953237990826577
2907,0.2958,1,39,1,59045,546565,4204,103752,5.062849679499055,0.15954065478835705
2908,0.2959,1,10,1,59055,546555,4205,103751,5.062757049168179,0.1595418156990709
2909,0.296,2,12,2,59067,546543,4207,103749,5.062645892771129,0.15954217489989111
2910,0.2961,2,13,2,59080,546530,4209,103747,5.06252547334099,0.15954277946167555
2911,0.2962,1,19,1,59099,546511,4210,103746,5.0623494757123275,0.15954614867660016
2912,0.2963,1,8,1,59107,546503,4211,103745,5.062275371447627,0.15954681905980486
2913,0.2964,0,52,0,59159,546451,4211,103745,5.061793693727074,0.15955957895772968
2914,0.2965,3,41,3,59200,546410,4214,103742,5.061413909370485,0.15956576308309442
2915,0.2966,0,14,0,59214,546396,4214,103742,5.061284226907259,0.15956919915464102
2916,0.2967,1,19,1,59233,546377,4215,103741,5.061108229278595,0.15957256990269458
2917,0.2968,1,15,1,59248,546362,4216,103740,5.060969283782281,0.15957495900643284
2918,0.2969,0,18,0,59266,546344,4216,103740,5.060802549186706,0.15957937743430078
2919,0.297,3,20,3,59286,546324,4219,103737,5.060617288524955,0.15958040860780756
2920,0.2971,3,26,3,59312,546298,4222,103734,5.060376449664679,0.15958291284121398
2921,0.2972,0,9,0,59321,546289,4222,103734,5.06029308236689,0.15958512237259298
2922,0.2973,3,33,3,59354,546256,4225,103731,5.059987402275001,0.1595893456330665
2923,0.2974,2,35,2,59389,546221,4227,103729,5.0596631961169365,0.1595953534887299
2924,0.2975,0,17,0,59406,546204,4227,103729,5.059505724554448,0.1595995279513427
2925,0.2976,0,17,0,59423,546187,4227,103729,5.05934825299196,0.15960370263234017
2926,0.2977,2,39,2,59462,546148,4229,103727,5.058986994701545,0.15961069436430084
2927,0.2978,2,37,2,59499,546111,4231,103725,5.058644262477306,0.15961719572322863
2928,0.2979,1,33,1,59532,546078,4232,103724,5.058338582385416,0.15962400854414113
2929,0.298,0,9,0,59541,546069,4232,103724,5.0582552150876285,0.15962621942680208
2930,0.2981,2,19,2,59560,546050,4234,103722,5.058079217458965,0.15962830038844394
2931,0.2982,7,14,7,59574,546036,4241,103715,5.057949534995739,0.15962268622903236
2932,0.2983,2,22,2,59596,546014,4243,103713,5.057745748267813,0.15962550425024663
2933,0.2984,2,25,2,59621,545989,4245,103711,5.057514172440624,0.15962905956595352
2934,0.2985,3,10,3,59631,545979,4248,103708,5.057421542109749,0.1596276360770648
2935,0.2986,2,24,2,59655,545955,4250,103706,5.057199229315647,0.1596309459856756
2936,0.2987,2,9,2,59664,545946,4252,103704,5.057115862017859,0.15963057030708844
2937,0.2988,1,23,1,59687,545923,4253,103703,5.056902812256846,0.15963492840495916
2938,0.2989,3,15,3,59702,545908,4256,103700,5.056763866760532,0.15963473356239455
2939,0.299,0,27,0,59729,545881,4256,103700,5.0565137648671685,0.1596413688208245
2940,0.2991,1,6,1,59735,545875,4257,103699,5.056458186668642,0.15964154969256775
2941,0.2992,1,20,1,59755,545855,4258,103698,5.0562729260068915,0.15964517137169715
2942,0.2993,1,36,1,59791,545819,4259,103697,5.055939456815739,0.15965272602984376
2943,0.2994,2,15,2,59806,545804,4261,103695,5.055800511319426,0.15965382548702922
2944,0.2995,0,15,0,59821,545789,4261,103695,5.055661565823113,0.15965751273318513
2945,0.2996,0,10,0,59831,545779,4261,103695,5.0555689354922375,0.15965997099191037
2946,0.2997,1,19,1,59850,545760,4262,103694,5.055392937863574,0.15966334798153525
2947,0.2998,1,16,1,59866,545744,4263,103693,5.055244729334174,0.1596659876169667
2948,0.2999,0,19,0,59885,545725,4263,103693,5.05506873170551,0.15967065895925275
2949,0.3,5,14,5,59899,545711,4268,103688,5.054939049242284,0.15966763114818472
2950,0.3001,2,30,2,59929,545681,4270,103686,5.054661158249657,0.1596724194484783
2951,0.3002,3,19,3,59948,545662,4273,103683,5.0544851606209935,0.15967320915691965
2952,0.3003,3,16,3,59964,545646,4276,103680,5.054336952091593,0.15967326119699504
2953,0.3004,0,23,0,59987,545623,4276,103680,5.054123902330579,0.159678917238947
2954,0.3005,1,8,1,59995,545615,4277,103679,5.054049798065878,0.15967959044747063
2955,0.3006,1,19,1,60014,545596,4278,103678,5.0538738004372155,0.15968296897765813
2956,0.3007,0,11,0,60025,545585,4278,103678,5.053771907073252,0.15968567437232678
2957,0.3008,1,26,1,60051,545559,4279,103677,5.053531068212975,0.15969077500323456
2958,0.3009,2,17,2,60068,545542,4281,103675,5.053373596650487,0.15969236788315772
2959,0.301,1,14,1,60082,545528,4282,103674,5.053243914187261,0.1596945172688932
2960,0.3011,1,19,1,60101,545509,4283,103673,5.053067916558598,0.15969789673774074
2961,0.3012,7,27,7,60128,545482,4290,103666,5.052817814665234,0.1596954777647008
2962,0.3013,1,16,1,60144,545466,4291,103665,5.052669606135833,0.1596981194858973
2963,0.3014,2,16,2,60160,545450,4293,103663,5.052521397606432,0.15969946681086344
2964,0.3015,1,16,1,60176,545434,4294,103662,5.052373189077032,0.15970210877897875
2965,0.3016,0,21,0,60197,545413,4294,103662,5.0521786653821925,0.159707275738551
2966,0.3017,4,29,4,60226,545384,4298,103658,5.051910037422654,0.15970923299262604
2967,0.3018,1,26,1,60252,545358,4299,103657,5.051669198562378,0.15971433634045437
2968,0.3019,1,10,1,60262,545348,4300,103656,5.051576568231502,0.15971550252386735
2969,0.302,3,19,3,60281,545329,4303,103653,5.051400570602838,0.15971629413450605
2970,0.3021,3,15,3,60296,545314,4306,103650,5.051261625106525,0.15971610135539105
2971,0.3022,0,9,0,60305,545305,4306,103650,5.051178257808737,0.15971831637016434
2972,0.3023,1,16,1,60321,545289,4307,103649,5.051030049279336,0.15972095947532738
2973,0.3024,0,15,0,60336,545274,4307,103649,5.050891103783023,0.15972465146095916
2974,0.3025,2,10,2,60346,545264,4309,103647,5.050798473452147,0.15972452308560034
2975,0.3026,3,25,3,60371,545239,4312,103644,5.050566897624958,0.15972679204109216
2976,0.3027,1,14,1,60385,545225,4313,103643,5.0504372151617325,0.15972894332899756
2977,0.3028,0,22,0,60407,545203,4313,103643,5.050233428433806,0.15973435915456055
2978,0.3029,3,35,3,60442,545168,4316,103640,5.049909222275742,0.15973909076336915
2979,0.303,3,66,3,60508,545102,4319,103637,5.049297862091963,0.15975145628673473
2980,0.3031,0,13,0,60521,545089,4319,103637,5.049177442661825,0.15975465759041568
2981,0.3032,2,30,2,60551,545059,4321,103635,5.048899551669199,0.15975945515142734
2982,0.3033,5,18,5,60569,545041,4326,103630,5.048732817073622,0.15975741169252208
2983,0.3034,3,16,3,60585,545025,4329,103627,5.048584608544222,0.15975746625309103
2984,0.3035,5,28,5,60613,544997,4334,103622,5.048325243617771,0.15975788560002097
2985,0.3036,4,14,4,60627,544983,4338,103618,5.048195561154545,0.15975615208733876
2986,0.3037,0,12,0,60639,544971,4338,103618,5.0480844047574935,0.1597591078479592
2987,0.3038,2,45,2,60684,544926,4340,103616,5.047667568268554,0.15976760178986096
2988,0.3039,2,12,2,60696,544914,4342,103614,5.047556411871503,0.1597679668418326
2989,0.304,3,26,3,60722,544888,4345,103611,5.047315573011227,0.15977048538239844
2990,0.3041,1,12,1,60734,544876,4346,103610,5.047204416614176,0.15977214619899274
2991,0.3042,1,11,1,60745,544865,4347,103609,5.047102523250213,0.15977356069788456
2992,0.3043,3,15,3,60760,544850,4350,103606,5.0469635777539,0.1597733693573658
2993,0.3044,0,15,0,60775,544835,4350,103606,5.046824632257587,0.15977706529969574
2994,0.3045,0,30,0,60805,544805,4350,103606,5.04654674126496,0.15978445769735553
2995,0.3046,2,18,2,60823,544787,4352,103604,5.046380006669384,0.15978630178395445
2996,0.3047,0,34,0,60857,544753,4352,103604,5.046065063544407,0.1597946810167855
2997,0.3048,1,12,1,60869,544741,4353,103603,5.045953907147356,0.15979634268227977
2998,0.3049,0,17,0,60886,544724,4353,103603,5.045796435584868,0.15980053275584696
2999,0.305,0,17,0,60903,544707,4353,103603,5.0456389640223795,0.15980472304915858
3000,0.3051,2,25,2,60928,544682,4355,103601,5.045407388195191,0.15980829360017154
3001,0.3052,1,4,1,60932,544678,4356,103600,5.045370336062841,0.15980798361196893
3002,0.3053,1,20,1,60952,544658,4357,103599,5.045185075401089,0.1598116179231385
3003,0.3054,2,29,2,60981,544629,4359,103597,5.04491644744155,0.15981617522283895
3004,0.3055,1,17,1,60998,544612,4360,103596,5.044758975879062,0.1598190704218399
3005,0.3056,3,20,3,61018,544592,4363,103593,5.044573715217311,0.15982011308499888
3006,0.3057,0,9,0,61027,544583,4363,103593,5.044490347919523,0.15982233220606748
3007,0.3058,4,43,4,61070,544540,4367,103589,5.044092037496758,0.15982775033982433
3008,0.3059,3,21,3,61091,544519,4370,103586,5.0438975138019195,0.15982904004752316
3009,0.306,1,45,1,61136,544474,4371,103585,5.04348067731298,0.15983884183384536
3010,0.3061,3,32,3,61168,544442,4374,103582,5.043184260254177,0.1598428453267163
3011,0.3062,2,13,2,61181,544429,4376,103580,5.04306384082404,0.15984345896430452
3012,0.3063,2,12,2,61193,544417,4378,103578,5.0429526844269885,0.1598438259554472
3013,0.3064,4,18,4,61211,544399,4382,103574,5.042785949831413,0.1598430798814148
3014,0.3065,4,46,4,61257,544353,4386,103570,5.042359850309385,0.15984924134503636
3015,0.3066,0,14,0,61271,544339,4386,103570,5.042230167846159,0.15985269536308339
3016,0.3067,1,14,1,61285,544325,4387,103569,5.042100485382933,0.15985485279999506
3017,0.3068,4,29,4,61314,544296,4391,103565,5.041831857423395,0.15985682113910238
3018,0.3069,0,27,0,61341,544269,4391,103565,5.04158175553003,0.15986348354671104
3019,0.307,4,29,4,61370,544240,4395,103561,5.041313127570492,0.15986545250779174
3020,0.3071,1,16,1,61386,544224,4396,103560,5.0411649190410905,0.15986810418287578
3021,0.3072,2,19,2,61405,544205,4398,103558,5.040988921412428,0.15987019944022737
3022,0.3073,4,12,4,61417,544193,4402,103554,5.040877765015376,0.15986797314383547
3023,0.3074,1,28,1,61445,544165,4403,103553,5.040618400088925,0.1598735869622274
3024,0.3075,0,10,0,61455,544155,4403,103553,5.04052576975805,0.15987605525946877
3025,0.3076,4,22,4,61477,544133,4407,103549,5.040321983030124,0.15987629731874592
3026,0.3077,0,17,0,61494,544116,4407,103549,5.040164511467635,0.15988049377378738
3027,0.3078,1,14,1,61508,544102,4408,103548,5.0400348290044095,0.15988265266733576
3028,0.3079,2,14,2,61522,544088,4410,103546,5.039905146541184,0.15988351445415158
3029,0.308,0,25,0,61547,544063,4410,103546,5.039673570713995,0.15988968652381297
3030,0.3081,0,32,0,61579,544031,4410,103546,5.039377153655193,0.15989758746836283
3031,0.3082,1,14,1,61593,544017,4411,103545,5.039247471191967,0.1598997470512476
3032,0.3083,1,15,1,61608,544002,4412,103544,5.039108525695654,0.15990215366939184
3033,0.3084,4,48,4,61656,543954,4416,103540,5.038663900107451,0.15990881768788592
3034,0.3085,1,33,1,61689,543921,4417,103539,5.038358220015562,0.15991567046612917
3035,0.3086,4,32,4,61721,543889,4421,103535,5.0380618029567605,0.1599183842427837
3036,0.3087,1,13,1,61734,543876,4422,103534,5.037941383526622,0.15992029780201109
3037,0.3088,2,18,2,61752,543858,4424,103532,5.0377746489310455,0.15992214893649886
3038,0.3089,1,39,1,61791,543819,4425,103531,5.037413390640632,0.15993048582683247
3039,0.309,0,35,0,61826,543784,4425,103531,5.037089184482567,0.15993913318863304
3040,0.3091,4,26,4,61852,543758,4429,103527,5.036848345622291,0.1599403662992345
3041,0.3092,2,21,2,61873,543737,4431,103525,5.036653821927452,0.15994295972882697
3042,0.3093,2,8,2,61881,543729,4433,103523,5.036579717662751,0.1599423408502407
3043,0.3094,0,55,0,61936,543674,4433,103523,5.036070250842936,0.15995593304666123
3044,0.3095,3,28,3,61964,543646,4436,103520,5.035810885916485,0.15995895952506775
3045,0.3096,2,15,2,61979,543631,4438,103518,5.035671940420171,0.1599600710191934
3046,0.3097,4,25,4,62004,543606,4442,103514,5.035440364592982,0.15996105822722215
3047,0.3098,1,14,1,62018,543592,4443,103513,5.035310682129756,0.15996322080651518
3048,0.3099,0,19,0,62037,543573,4443,103513,5.035134684501093,0.1599679177110925
3049,0.31,4,23,4,62060,543550,4447,103509,5.034921634740079,0.1599684109177061
3050,0.3101,7,15,7,62075,543535,4454,103502,5.034782689243766,0.15996303148042537
3051,0.3102,0,13,0,62088,543522,4454,103502,5.034662269813627,0.1599662454561191
3052,0.3103,0,18,0,62106,543504,4454,103502,5.034495535218052,0.159970695789529
3053,0.3104,4,22,4,62128,543482,4458,103498,5.0342917484901255,0.15997094191474234
3054,0.3105,2,20,2,62148,543462,4460,103496,5.0341064878283746,0.1599732903836107
3055,0.3106,4,19,4,62167,543443,4464,103492,5.033930490199711,0.15997279479391283
3056,0.3107,0,13,0,62180,543430,4464,103492,5.033810070769573,0.15997600947254847
3057,0.3108,0,25,0,62205,543405,4464,103492,5.033578494942384,0.15998219190999494
3058,0.3109,1,20,1,62225,543385,4465,103491,5.0333932342806325,0.159985839635417
3059,0.311,1,11,1,62236,543374,4466,103490,5.03329134091667,0.1599872616191348
3060,0.3111,2,16,2,62252,543358,4468,103488,5.033143132387269,0.15998862171212314
3061,0.3112,2,30,2,62282,543328,4470,103486,5.032865241394642,0.15999344479247513
3062,0.3113,0,15,0,62297,543313,4470,103486,5.032726295898329,0.15999715522132843
3063,0.3114,1,20,1,62317,543293,4471,103485,5.032541035236578,0.16000080398529326
3064,0.3115,3,14,3,62331,543279,4474,103482,5.0324113527733525,0.16000037107988885
3065,0.3116,2,31,2,62362,543248,4476,103480,5.0321241987476375,0.16000544278274637
3066,0.3117,1,15,1,62377,543233,4477,103479,5.0319852532513245,0.16000785511943494
3067,0.3118,2,31,2,62408,543202,4479,103477,5.03169809922561,0.16001292758849445
3068,0.3119,3,16,3,62424,543186,4482,103474,5.031549890696209,0.16001298982463738
3069,0.312,0,16,0,62440,543170,4482,103474,5.031401682166809,0.1600169490476986
3070,0.3121,1,21,1,62461,543149,4483,103473,5.03120715847197,0.1600208468007584
3071,0.3122,4,23,4,62484,543126,4487,103469,5.030994108710956,0.16002134257147055
3072,0.3123,3,19,3,62503,543107,4490,103466,5.030818111082293,0.16002214753786503
3073,0.3124,1,14,1,62517,543093,4491,103465,5.030688428619067,0.16002431336399828
3074,0.3125,1,18,1,62535,543075,4492,103464,5.030521694023491,0.1600274693405966
3075,0.3126,3,13,3,62548,543062,4495,103461,5.030401274593353,0.16002678945683294
3076,0.3127,3,40,3,62588,543022,4498,103458,5.030030753269851,0.16003279297116693
3077,0.3128,0,10,0,62598,543012,4498,103458,5.029938122938975,0.1600352684579331
3078,0.3129,1,21,1,62619,542991,4499,103457,5.029743599244137,0.160039167883573
3079,0.313,5,17,5,62636,542974,4504,103452,5.0295861276816485,0.16003687970471484
3080,0.3131,7,31,7,62667,542943,4511,103445,5.0292989736559335,0.1600354585790578
3081,0.3132,4,33,4,62700,542910,4515,103441,5.028993293564045,0.16003843113107274
3082,0.3133,0,8,0,62708,542902,4515,103441,5.028919189299344,0.16004041197939795
3083,0.3134,0,14,0,62722,542888,4515,103441,5.028789506836119,0.1600438785819606
3084,0.3135,1,29,1,62751,542859,4516,103440,5.028520878876579,0.16004976025028664
3085,0.3136,0,10,0,62761,542849,4516,103440,5.028428248545704,0.1600522366928727
3086,0.3137,1,9,1,62770,542840,4517,103439,5.028344881247916,0.1600531658927491
3087,0.3138,1,16,1,62786,542824,4518,103438,5.028196672718515,0.16005582875056865
3088,0.3139,2,24,2,62810,542800,4520,103436,5.027974359924413,0.16005917342890214
3089,0.314,3,19,3,62829,542781,4523,103433,5.0277983622957505,0.1600599801304212
3090,0.3141,6,44,6,62873,542737,4529,103427,5.027390788839898,0.16006307996112443
3091,0.3142,1,9,1,62882,542728,4530,103426,5.02730742154211,0.16006400950856917
3092,0.3143,2,22,2,62904,542706,4532,103424,5.027103634814184,0.16006685961029515
3093,0.3144,6,32,6,62936,542674,4538,103418,5.0268072177553815,0.16006698736402866
3094,0.3145,2,15,2,62951,542659,4540,103416,5.0266682722590685,0.16006810354834966
3095,0.3146,2,10,2,62961,542649,4542,103414,5.026575641928193,0.1600679809863744
3096,0.3147,1,26,1,62987,542623,4543,103413,5.0263348030679165,0.16007312286002637
3097,0.3148,2,19,2,63006,542604,4545,103411,5.026158805439253,0.1600752304513053
3098,0.3149,0,42,0,63048,542562,4545,103411,5.0257697580495755,0.16008563825423044
3099,0.315,5,19,5,63067,542543,4550,103406,5.025593760420913,0.16008384562867967
3100,0.3151,2,13,2,63080,542530,4552,103404,5.025473340990774,0.16008446683407282
3101,0.3152,2,11,2,63091,542519,4554,103402,5.025371447626811,0.16008459238823325
3102,0.3153,3,13,3,63104,542506,4557,103399,5.0252510281966725,0.1600839132689792
3103,0.3154,6,18,6,63122,542488,4563,103393,5.025084293601097,0.16008057211777402
3104,0.3155,2,38,2,63160,542450,4565,103391,5.024732298343769,0.16008738993033889
3105,0.3156,3,17,3,63177,542433,4568,103388,5.024574826781281,0.1600877023199927
3106,0.3157,1,22,1,63199,542411,4569,103387,5.024371040053355,0.1600918553479571
3107,0.3158,2,25,2,63224,542386,4571,103385,5.024139464226166,0.16009545179328274
3108,0.3159,5,23,5,63247,542363,4576,103380,5.023926414465152,0.160094650658234
3109,0.316,9,67,9,63314,542296,4585,103371,5.023305791248286,0.16009955596305836
3110,0.3161,0,23,0,63337,542273,4585,103371,5.023092741487273,0.16010525924503285
3111,0.3162,0,17,0,63354,542256,4585,103371,5.022935269924784,0.16010947497548894
3112,0.3163,2,20,2,63374,542236,4587,103369,5.022750009263033,0.16011183308679455
3113,0.3164,6,31,6,63405,542205,4593,103363,5.022462855237319,0.16011171557450182
3114,0.3165,6,23,6,63428,542182,4599,103357,5.022249805476305,0.16010961382658523
3115,0.3166,2,11,2,63439,542171,4601,103355,5.0221479121123425,0.16010973996399835
3116,0.3167,0,15,0,63454,542156,4601,103355,5.022008966616029,0.16011346049873665
3117,0.3168,2,14,2,63468,542142,4603,103353,5.021879284152803,0.16011433086236143
3118,0.3169,1,11,1,63479,542131,4604,103352,5.02177739078884,0.16011575827713512
3119,0.317,1,13,1,63492,542118,4605,103351,5.021656971358702,0.16011768187163133
3120,0.3171,5,21,5,63513,542097,4610,103346,5.021462447663863,0.16011638518041096
3121,0.3172,0,21,0,63534,542076,4610,103346,5.021267923969025,0.16012159486351565
3122,0.3173,0,21,0,63555,542055,4610,103346,5.021073400274186,0.16012680488564474
3123,0.3174,0,27,0,63582,542028,4610,103346,5.020823298380821,0.16013350398373657
3124,0.3175,2,54,2,63636,541974,4612,103344,5.020323094594094,0.1601443009492994
3125,0.3176,3,20,3,63656,541954,4615,103341,5.020137833932343,0.1601453598741661
3126,0.3177,2,28,2,63684,541926,4617,103339,5.019878469005891,0.160149705934771
3127,0.3178,0,16,0,63700,541910,4617,103339,5.01973026047649,0.16015367710759723
3128,0.3179,6,12,6,63712,541898,4623,103333,5.01961910407944,0.16014884591719863
3129,0.318,1,18,1,63730,541880,4624,103332,5.019452369483864,0.16015201205185273
3130,0.3181,2,34,2,63764,541846,4626,103330,5.019137426358887,0.16015784840105646
3131,0.3182,0,14,0,63778,541832,4626,103330,5.019007743895661,0.1601613238225438
3132,0.3183,2,18,2,63796,541814,4628,103328,5.018841009300085,0.1601631888793475
3133,0.3184,4,38,4,63834,541776,4632,103324,5.018489014042758,0.16016741590451092
3134,0.3185,8,41,8,63875,541735,4640,103316,5.018109229686169,0.16016718057952006
3135,0.3186,2,50,2,63925,541685,4642,103314,5.017646078031791,0.16017699252246903
3136,0.3187,2,15,2,63940,541670,4644,103312,5.017507132535477,0.16017811349774103
3137,0.3188,1,32,1,63972,541638,4645,103311,5.017210715476676,0.16018475879488145
3138,0.3189,4,24,4,63996,541614,4649,103307,5.016988402682574,0.16018551109360682
3139,0.319,2,26,2,64022,541588,4651,103305,5.016747563822298,0.16018936474733017
3140,0.3191,2,15,2,64037,541573,4653,103303,5.016608618325985,0.16019048623301224
3141,0.3192,1,27,1,64064,541546,4654,103302,5.0163585164326205,0.16019589112473018
3142,0.3193,1,14,1,64078,541532,4655,103301,5.016228833969395,0.1601980667862842
3143,0.3194,1,31,1,64109,541501,4656,103300,5.015941679943681,0.16020446618414053
3144,0.3195,2,27,2,64136,541474,4658,103298,5.015691578050316,0.16020856985104812
3145,0.3196,6,51,6,64187,541423,4664,103292,5.015219163362851,0.16021342763856897
3146,0.3197,4,31,4,64218,541392,4668,103288,5.014932009337137,0.16021592107712354
3147,0.3198,1,33,1,64251,541359,4669,103287,5.014626329245248,0.16022281996630708
3148,0.3199,2,36,2,64287,541323,4671,103285,5.014292860054096,0.16022916252978556
3149,0.32,2,27,2,64314,541296,4673,103283,5.014042758160732,0.16023326853651762
3150,0.3201,0,22,0,64336,541274,4673,103283,5.013838971432806,0.16023873761358576
3151,0.3202,0,57,0,64393,541217,4673,103283,5.013310978546816,0.16025290923196275
3152,0.3203,2,17,2,64410,541200,4675,103281,5.013153506984327,0.16025453038956927
3153,0.3204,2,17,2,64427,541183,4677,103279,5.012996035421838,0.1602561516427656
3154,0.3205,0,16,0,64443,541167,4677,103279,5.012847826892438,0.16026013040658177
3155,0.3206,2,13,2,64456,541154,4679,103277,5.012727407462299,0.16026075716407187
3156,0.3207,1,10,1,64466,541144,4680,103276,5.012634777131424,0.16026194097017474
3157,0.3208,0,23,0,64489,541121,4680,103276,5.01242172737041,0.160267661084704
3158,0.3209,4,48,4,64537,541073,4684,103272,5.0119771017822075,0.16027438716836478
3159,0.321,2,43,2,64580,541030,4686,103270,5.011578791359443,0.16028247710693777
3160,0.3211,1,37,1,64617,540993,4687,103269,5.011236059135204,0.1602903787589521
3161,0.3212,3,50,3,64667,540943,4690,103266,5.010772907480826,0.16029890920493195
3162,0.3213,2,25,2,64692,540918,4692,103264,5.010541331653637,0.1603025231999652
3163,0.3214,4,17,4,64709,540901,4696,103260,5.0103838600911486,0.1603015395219518
3164,0.3215,6,30,6,64739,540871,4702,103254,5.010105969098522,0.1603011837764409
3165,0.3216,0,16,0,64755,540855,4702,103254,5.009957760569121,0.16030516574058118
3166,0.3217,3,29,3,64784,540826,4705,103251,5.009689132609582,0.16030847243419652
3167,0.3218,2,31,2,64815,540795,4707,103249,5.009401978583868,0.16031358105967916
3168,0.3219,2,23,2,64838,540772,4709,103247,5.009188928822854,0.16031669873093807
3169,0.322,1,21,1,64859,540751,4710,103246,5.008994405128015,0.16032062261159602
3170,0.3221,0,28,0,64887,540723,4710,103246,5.008735040201564,0.1603275934089995
3171,0.3222,0,14,0,64901,540709,4710,103246,5.008605357738338,0.16033107903502575
3172,0.3223,4,50,4,64951,540659,4714,103242,5.00814220608396,0.16033831287729014
3173,0.3224,1,10,1,64961,540649,4715,103241,5.008049575753085,0.1603394989827455
3174,0.3225,1,22,1,64983,540627,4716,103240,5.007845789025159,0.16034367346051281
3175,0.3226,1,45,1,65028,540582,4717,103239,5.007428952536219,0.16035357653757798
3176,0.3227,6,18,6,65046,540564,4723,103233,5.007262217940642,0.1603502346236469
3177,0.3228,3,61,3,65107,540503,4726,103230,5.006697172922301,0.16036151634295584
3178,0.3229,0,24,0,65131,540479,4726,103230,5.0064748601282005,0.16036749525018293
3179,0.323,3,10,3,65141,540469,4729,103227,5.006382229797325,0.16036607342596504
3180,0.3231,1,21,1,65162,540448,4730,103226,5.006187706102486,0.16037000096322052
3181,0.3232,1,19,1,65181,540429,4731,103225,5.006011708473823,0.16037343044554994
3182,0.3233,2,70,2,65251,540359,4733,103223,5.005363296157694,0.16038826443250434
3183,0.3234,2,96,2,65347,540263,4735,103221,5.004474044981289,0.16040958283345041
3184,0.3235,3,21,3,65368,540242,4738,103218,5.00427952128645,0.16041090355266838
3185,0.3236,3,13,3,65381,540229,4741,103215,5.004159101856311,0.1604102299500811
3186,0.3237,1,53,1,65434,540176,4742,103214,5.003668161102672,0.16042213898257665
3187,0.3238,2,16,2,65450,540160,4744,103212,5.003519952573271,0.16042351858644766
3188,0.3239,6,23,6,65473,540137,4750,103206,5.003306902812257,0.16042142371953996
3189,0.324,2,26,2,65499,540111,4752,103204,5.00306606395198,0.16042529709395864
3190,0.3241,4,24,4,65523,540087,4756,103200,5.002843751157879,0.16042606177336088
3191,0.3242,1,13,1,65536,540074,4757,103199,5.002723331727741,0.16042799868795984
3192,0.3243,2,15,2,65551,540059,4759,103197,5.002584386231428,0.16042912930466252
3193,0.3244,1,21,1,65572,540038,4760,103196,5.002389862536589,0.1604330616851721
3194,0.3245,1,20,1,65592,540018,4761,103195,5.002204601874838,0.16043674490409865
3195,0.3246,3,24,3,65616,539994,4764,103192,5.001982289080736,0.16043881552148212
3196,0.3247,0,9,0,65625,539985,4764,103192,5.001898921782948,0.16044106054787408
3197,0.3248,1,3,1,65628,539982,4765,103191,5.001871132683686,0.1604405035659146
3198,0.3249,2,28,2,65656,539954,4767,103189,5.001611767757234,0.16044487773325683
3199,0.325,4,15,4,65671,539939,4771,103185,5.001472822260921,0.16044339816271824
3200,0.3251,3,22,3,65693,539917,4774,103182,5.001269035532995,0.16044497037003633
3201,0.3252,3,22,3,65715,539895,4777,103179,5.001065248805069,0.160446542699596
3202,0.3253,3,23,3,65738,539872,4780,103176,5.000852199044055,0.16044836466329107
3203,0.3254,0,38,0,65776,539834,4780,103176,5.000500203786728,0.1604578466897871
3204,0.3255,6,12,6,65788,539822,4786,103170,5.000389047389677,0.1604530071913803
3205,0.3256,1,28,1,65816,539794,4787,103169,5.000129682463226,0.16045868891367
3206,0.3257,1,10,1,65826,539784,4788,103168,5.00003705213235,0.1604598788089935
3207,0.3258,1,8,1,65834,539776,4789,103167,4.99996294786765,0.16046056959948238
3208,0.3259,4,37,4,65871,539739,4793,103163,4.99962021564341,0.16046458091590943
3209,0.326,0,15,0,65886,539724,4793,103163,4.999481270147097,0.16046832491557614
3210,0.3261,0,9,0,65895,539715,4793,103163,4.999397902849309,0.16047057139923904
3211,0.3262,2,9,2,65904,539706,4795,103161,4.999314535551521,0.1604702061235061
3212,0.3263,4,36,4,65940,539670,4799,103157,4.998981066360369,0.1604739688905413
3213,0.3264,0,17,0,65957,539653,4799,103157,4.998823594797881,0.16047821284671987
3214,0.3265,3,19,3,65976,539634,4802,103154,4.998647597169217,0.16047903818988532
3215,0.3266,1,23,1,65999,539611,4803,103153,4.998434547408204,0.16048347449452677
3216,0.3267,1,14,1,66013,539597,4804,103152,4.998304864944978,0.1604856639216864
3217,0.3268,5,31,5,66044,539566,4809,103147,4.998017710919264,0.16048687361232775
3218,0.3269,0,23,0,66067,539543,4809,103147,4.997804661158249,0.1604926169693009
3219,0.327,1,27,1,66094,539516,4810,103146,4.997554559264886,0.16049805340910153
3220,0.3271,3,21,3,66115,539495,4813,103143,4.997360035570047,0.1604993791216828
3221,0.3272,0,20,0,66135,539475,4813,103143,4.997174774908296,0.160504374293904
3222,0.3273,3,14,3,66149,539461,4816,103140,4.99704509244507,0.1605039519079491
3223,0.3274,3,64,3,66213,539397,4819,103137,4.996452258327467,0.16051601938574456
3224,0.3275,0,8,0,66221,539389,4819,103137,4.996378154062766,0.16051801794791185
3225,0.3276,1,14,1,66235,539375,4820,103136,4.99624847159954,0.16052020899253086
3226,0.3277,2,4,2,66239,539371,4822,103134,4.9962114194671905,0.16051859518602968
3227,0.3278,3,29,3,66268,539342,4825,103131,4.995942791507651,0.1605219207655419
3228,0.3279,1,26,1,66294,539316,4826,103130,4.995701952647375,0.16052711044974985
3229,0.328,2,29,2,66323,539287,4828,103128,4.995433324687836,0.16053174349913996
3230,0.3281,1,16,1,66339,539271,4829,103127,4.995285116158435,0.1605344350387143
3231,0.3282,2,12,2,66351,539259,4831,103125,4.9951739597613845,0.16053482029440336
3232,0.3283,7,50,7,66401,539209,4838,103118,4.994710808107007,0.16053816825386447
3233,0.3284,0,16,0,66417,539193,4838,103118,4.9945625995776055,0.16054216726788115
3234,0.3285,0,13,0,66430,539180,4838,103118,4.994442180147468,0.16054541661347224
3235,0.3286,2,20,2,66450,539160,4840,103116,4.994256919485716,0.1605478018795658
3236,0.3287,1,19,1,66469,539141,4841,103115,4.994080921857053,0.16055124436361826
3237,0.3288,2,25,2,66494,539116,4843,103113,4.993849346029864,0.16055487995714923
3238,0.3289,1,31,1,66525,539085,4844,103112,4.99356219200415,0.16056132308310378
3239,0.329,0,29,0,66554,539056,4844,103112,4.9932935640446106,0.160568573955725
3240,0.3291,2,55,2,66609,539001,4846,103110,4.992784097224796,0.16057971285338515
3241,0.3292,1,38,1,66647,538963,4847,103109,4.992432101967468,0.16058790914414584
3242,0.3293,1,33,1,66680,538930,4848,103108,4.992126421875579,0.16059485575620136
3243,0.3294,2,27,2,66707,538903,4850,103106,4.991876319982215,0.16059899471814257
3244,0.3295,0,26,0,66733,538877,4850,103106,4.991635481121938,0.16060549889950357
3245,0.3296,3,28,3,66761,538849,4853,103103,4.991376116195487,0.1606085813269528
3246,0.3297,4,31,4,66792,538818,4857,103099,4.991088962169773,0.16061110704343395
3247,0.3298,2,36,2,66828,538782,4859,103097,4.990755492978621,0.16061749955988588
3248,0.3299,3,45,3,66873,538737,4862,103094,4.990338656489681,0.16062483737931013
3249,0.33,2,22,2,66895,538715,4864,103092,4.9901348697617545,0.1606277276502126
3250,0.3301,2,13,2,66908,538702,4866,103090,4.990014450331617,0.16062836557638613
3251,0.3302,4,21,4,66929,538681,4870,103086,4.989819926636778,0.16062839005433435
3252,0.3303,2,19,2,66948,538662,4872,103084,4.989643929008114,0.16063052983579174
3253,0.3304,0,13,0,66961,538649,4872,103084,4.989523509577976,0.16063378383221683
3254,0.3305,0,32,0,66993,538617,4872,103084,4.989227092519174,0.1606417942312697
3255,0.3306,2,28,2,67021,538589,4874,103082,4.988967727592723,0.16064618784392626
3256,0.3307,1,22,1,67043,538567,4875,103081,4.988763940864796,0.16065038775153978
3257,0.3308,0,15,0,67058,538552,4875,103081,4.988624995368483,0.1606541434121998
3258,0.3309,4,24,4,67082,538528,4879,103077,4.988402682574383,0.1606549200832288
3259,0.331,2,26,2,67108,538502,4881,103075,4.9881618437141055,0.16065881414078123
3260,0.3311,4,17,4,67125,538485,4885,103071,4.988004372151617,0.1606578381310439
3261,0.3312,1,24,1,67149,538461,4886,103070,4.987782059357516,0.1606625400799026
3262,0.3313,2,11,2,67160,538450,4888,103068,4.987680165993553,0.16066267821012037
3263,0.3314,2,11,2,67171,538439,4890,103066,4.98757827262959,0.16066281634593652
3264,0.3315,1,7,1,67178,538432,4891,103065,4.987513431397977,0.1606632610908547
3265,0.3316,3,29,3,67207,538403,4894,103062,4.987244803438438,0.16066659911296796
3266,0.3317,2,14,2,67221,538389,4896,103060,4.987115120975212,0.1606674887637209
3267,0.3318,3,49,3,67270,538340,4899,103057,4.986661232353922,0.16067583727395046
3268,0.3319,1,13,1,67283,538327,4900,103056,4.986540812923784,0.16067778534822408
3269,0.332,1,15,1,67298,538312,4901,103055,4.98640186742747,0.1606802345614913
3270,0.3321,1,23,1,67321,538289,4902,103054,4.986188817666457,0.16068468822455378
3271,0.3322,1,32,1,67353,538257,4903,103053,4.985892400607655,0.16069139729615942
3272,0.3323,1,33,1,67386,538224,4904,103052,4.985586720515766,0.16069835764943644
3273,0.3324,1,29,1,67415,538195,4905,103051,4.985318092556227,0.16070431628423412
3274,0.3325,0,20,0,67435,538175,4905,103051,4.985132831894475,0.16070932869222396
3275,0.3326,2,71,2,67506,538104,4907,103049,4.984475156545259,0.1607245072548986
3276,0.3327,0,21,0,67527,538083,4907,103049,4.98428063285042,0.16072977171627684
3277,0.3328,4,51,4,67578,538032,4911,103045,4.983808218162955,0.16073732172578334
3278,0.3329,3,53,3,67631,537979,4914,103042,4.983317277409315,0.16074668380599075
3279,0.333,2,16,2,67647,537963,4916,103040,4.983169068879914,0.1607480776221016
3280,0.3331,0,19,0,67666,537944,4916,103040,4.982993071251251,0.1607528425046491
3281,0.3332,1,21,1,67687,537923,4917,103039,4.982798547556412,0.16075679993509756
3282,0.3333,2,27,2,67714,537896,4919,103037,4.982548445663048,0.16076095317295255
3283,0.3334,3,18,3,67732,537878,4922,103034,4.982381711067472,0.16076153980577676
3284,0.3335,0,32,0,67764,537846,4922,103034,4.98208529400867,0.16076956684558733
3285,0.3336,0,23,0,67787,537823,4922,103034,4.981872244247657,0.16077533677559894
3286,0.3337,4,24,4,67811,537799,4926,103030,4.981649931453555,0.1607761196824738
3287,0.3338,2,1,2,67812,537798,4928,103028,4.981640668420468,0.1607737513771289
3288,0.3339,0,6,0,67818,537792,4928,103028,4.981585090221942,0.16077525670235013
3289,0.334,3,16,3,67834,537776,4931,103025,4.981436881692542,0.16077534211088934
3290,0.3341,3,26,3,67860,537750,4934,103022,4.981196042832265,0.16077793661395942
3291,0.3342,3,16,3,67876,537734,4937,103019,4.981047834302864,0.16077802210836312
3292,0.3343,0,9,0,67885,537725,4937,103019,4.980964467005077,0.1607802804240071
3293,0.3344,2,28,2,67913,537697,4939,103017,4.980705102078625,0.1607846870834725
3294,0.3345,0,15,0,67928,537682,4939,103017,4.980566156582311,0.16078845136327666
3295,0.3346,5,21,5,67949,537661,4944,103012,4.980371632887473,0.16078717223919223
3296,0.3347,3,19,3,67968,537642,4947,103009,4.980195635258809,0.16078801094511677
3297,0.3348,1,17,1,67985,537625,4948,103008,4.980038163696321,0.16079096768352552
3298,0.3349,5,38,5,68023,537587,4953,103003,4.9796861684389935,0.16079395557220688
3299,0.335,0,19,0,68042,537568,4953,103003,4.97951017081033,0.1607987248876393
3300,0.3351,2,13,2,68055,537555,4955,103001,4.979389751380192,0.16079936804900744
3301,0.3352,2,12,2,68067,537543,4957,102999,4.979278594983141,0.160799760203078
3302,0.3353,5,48,5,68115,537495,4962,102994,4.978833969394938,0.1608052597312366
3303,0.3354,0,10,0,68125,537485,4962,102994,4.978741339064063,0.16080777043431557
3304,0.3355,1,13,1,68138,537472,4963,102993,4.978620919633925,0.160809724184772
3305,0.3356,1,31,1,68169,537441,4964,102992,4.978333765608211,0.1608161977911819
3306,0.3357,1,39,1,68208,537402,4965,102991,4.977972507317796,0.16082468109426556
3307,0.3358,1,14,1,68222,537388,4966,102990,4.97784282485457,0.16082688662009
3308,0.3359,3,23,3,68245,537365,4969,102987,4.977629775093557,0.16082873169756634
3309,0.336,4,15,4,68260,537350,4973,102983,4.977490829597244,0.1608272570678069
3310,0.3361,6,57,6,68317,537293,4979,102977,4.976962836711253,0.16083371077826542
3311,0.3362,3,41,3,68358,537252,4982,102974,4.976583052354663,0.1608400783473336
3312,0.3363,3,15,3,68373,537237,4985,102971,4.97644410685835,0.16083991452777846
3313,0.3364,2,19,2,68392,537218,4987,102969,4.976268109229686,0.1608420664587066
3314,0.3365,1,9,1,68401,537209,4988,102968,4.976184741931898,0.16084301685315155
3315,0.3366,1,18,1,68419,537191,4989,102967,4.9760180073363225,0.1608462285873175
3316,0.3367,5,27,5,68446,537164,4994,102962,4.975767905442958,0.16084645835351166
3317,0.3368,3,10,3,68456,537154,4997,102959,4.975675275112082,0.1608450382979255
3318,0.3369,1,15,1,68471,537139,4998,102958,4.975536329615769,0.16084749655130395
3319,0.337,1,19,1,68490,537120,4999,102957,4.975360331987106,0.1608509601188607
3320,0.3371,0,16,0,68506,537104,4999,102957,4.975212123457705,0.16085498100962253
3321,0.3372,6,50,6,68556,537054,5005,102951,4.9747489718033275,0.16085968078374388
3322,0.3373,2,30,2,68586,537024,5007,102949,4.974471080810701,0.16086459897526928
3323,0.3374,2,18,2,68604,537006,5009,102947,4.974304346215125,0.160866501133677
3324,0.3375,1,30,1,68634,536976,5010,102946,4.974026455222498,0.160872731364135
3325,0.3376,3,39,3,68673,536937,5013,102943,4.9736651969320835,0.1608786022379196
3326,0.3377,3,27,3,68700,536910,5016,102940,4.973415095038719,0.1608814565913886
3327,0.3378,1,61,1,68761,536849,5017,102939,4.972850050020378,0.16089548412911778
3328,0.3379,0,12,0,68773,536837,5017,102939,4.972738893623328,0.1608985019756915
3329,0.338,3,50,3,68823,536787,5020,102936,4.97227574196895,0.16090714262266637
3330,0.3381,9,21,9,68844,536766,5029,102927,4.972081218274112,0.16090061951592405
3331,0.3382,1,20,1,68864,536746,5030,102926,4.971895957612361,0.16090433847346766
3332,0.3383,3,26,3,68890,536720,5033,102923,4.971655118752084,0.16090694340436776
3333,0.3384,0,14,0,68904,536706,5033,102923,4.971525436288858,0.1609104652853451
3334,0.3385,1,14,1,68918,536692,5034,102922,4.971395753825632,0.16091267545738525
3335,0.3386,2,14,2,68932,536678,5036,102920,4.971266071362407,0.16091357383856736
3336,0.3387,6,14,6,68946,536664,5042,102914,4.971136388899181,0.16090922451991782
3337,0.3388,0,26,0,68972,536638,5042,102914,4.970895550038905,0.16091576603622534
3338,0.3389,2,41,2,69013,536597,5044,102912,4.970515765682315,0.16092345846579173
3339,0.339,5,27,5,69040,536570,5049,102907,4.970265663788951,0.16092369232982578
3340,0.3391,3,16,3,69056,536554,5052,102904,4.97011745525955,0.16092378232815915
3341,0.3392,3,22,3,69078,536532,5055,102901,4.969913668531624,0.16092538233090878
3342,0.3393,3,20,3,69098,536512,5058,102898,4.969728407869873,0.1609264790979184
3343,0.3394,8,40,8,69138,536472,5066,102890,4.969357886546371,0.16092604815425376
3344,0.3395,3,13,3,69151,536459,5069,102887,4.9692374671162325,0.16092538312588175
3345,0.3396,2,18,2,69169,536441,5071,102885,4.969070732520657,0.16092728905128212
3346,0.3397,1,22,1,69191,536419,5072,102884,4.968866945792731,0.16093151447748563
3347,0.3398,2,23,2,69214,536396,5074,102882,4.968653896031717,0.16093467943523787
3348,0.3399,1,23,1,69237,536373,5075,102881,4.968440846270703,0.16093915720511723
3349,0.34,2,15,2,69252,536358,5077,102879,4.96830190077439,0.16094030852406854
3350,0.3401,0,16,0,69268,536342,5077,102879,4.9681536922449885,0.1609443369351132
3351,0.3402,3,16,3,69284,536326,5080,102876,4.968005483715588,0.16094442758314273
3352,0.3403,2,36,2,69320,536290,5082,102874,4.967672014524436,0.16095086707011033
3353,0.3404,1,20,1,69340,536270,5083,102873,4.967486753862685,0.1609545907566851
3354,0.3405,2,14,2,69354,536256,5085,102871,4.9673570713994595,0.16095549084923655
3355,0.3406,1,39,1,69393,536217,5086,102870,4.966995813109045,0.16096400020654464
3356,0.3407,1,22,1,69415,536195,5087,102869,4.9667920263811185,0.16096822853423132
3357,0.3408,1,8,1,69423,536187,5088,102868,4.966717922116418,0.1609689306867171
3358,0.3409,0,18,0,69441,536169,5088,102868,4.9665511875208415,0.16097346476025645
3359,0.341,1,9,1,69450,536160,5089,102867,4.966467820223054,0.16097441892126624
3360,0.3411,0,10,0,69460,536150,5089,102867,4.966375189892179,0.16097693801573354
3361,0.3412,2,21,2,69481,536129,5091,102865,4.9661806661973396,0.16097960231238478
3362,0.3413,2,20,2,69501,536109,5093,102863,4.965995405535589,0.16098201486137106
3363,0.3414,1,35,1,69536,536074,5094,102862,4.965671199377524,0.16098952007712822
3364,0.3415,4,16,4,69552,536058,5098,102858,4.9655229908481235,0.16098829893131492
3365,0.3416,0,27,0,69579,536031,5098,102858,4.965272888954759,0.16099510243563436
3366,0.3417,1,11,1,69590,536020,5099,102857,4.965170995590796,0.16099656115339886
3367,0.3418,3,11,3,69601,536009,5102,102854,4.965069102226833,0.16099539337854907
3368,0.3419,3,44,3,69645,535965,5105,102851,4.964661528770981,0.1610025422030757
3369,0.342,1,24,1,69669,535941,5106,102850,4.9644392159768795,0.16100727781073934
3370,0.3421,4,11,4,69680,535930,5110,102846,4.964337322612916,0.16100479667363835
3371,0.3422,0,12,0,69692,535918,5110,102846,4.964226166215866,0.16100782135499184
3372,0.3423,4,26,4,69718,535892,5114,102842,4.963985327355589,0.16100912116781008
3373,0.3424,2,28,2,69746,535864,5116,102840,4.963725962429137,0.1610135524436985
3374,0.3425,3,9,3,69755,535855,5119,102837,4.96364259513135,0.1610118805308349
3375,0.3426,8,38,8,69793,535817,5127,102829,4.963290599874023,0.161010951293831
3376,0.3427,4,20,4,69813,535797,5131,102825,4.963105339212271,0.16101073874686433
3377,0.3428,3,9,3,69822,535788,5134,102822,4.9630219719144835,0.161009066566449
3378,0.3429,0,19,0,69841,535769,5134,102822,4.96284597428582,0.16101385706970503
3379,0.343,2,24,2,69865,535745,5136,102820,4.962623661491719,0.16101728093459552
3380,0.3431,3,30,3,69895,535715,5139,102817,4.962345770499092,0.16102090419900647
3381,0.3432,4,34,4,69929,535681,5143,102813,4.962030827374115,0.16102422262386176
3382,0.3433,2,47,2,69976,535634,5145,102811,4.961595464819,0.16103344845679737
3383,0.3434,2,25,2,70001,535609,5147,102809,4.961363888991811,0.16103712614619262
3384,0.3435,3,59,3,70060,535550,5150,102806,4.960817370039646,0.16104806722267825
3385,0.3436,1,14,1,70074,535536,5151,102805,4.96068768757642,0.1610502850357411
3386,0.3437,0,45,0,70119,535491,5151,102805,4.96027085108748,0.1610616391141414
3387,0.3438,1,37,1,70156,535454,5152,102804,4.959928118863241,0.16106966148485408
3388,0.3439,1,15,1,70171,535439,5153,102803,4.959789173366928,0.1610721325139994
3389,0.344,0,7,0,70178,535432,5153,102803,4.959724332135314,0.1610738991123959
3390,0.3441,0,13,0,70191,535419,5153,102803,4.959603912705176,0.16107718004080085
3391,0.3442,4,12,4,70203,535407,5157,102799,4.9594927563081255,0.16107495072124048
3392,0.3443,1,23,1,70226,535384,5158,102798,4.959279706547112,0.16107944128790846
3393,0.3444,1,15,1,70241,535369,5159,102797,4.959140761050798,0.16108191285652948
3394,0.3445,3,16,3,70257,535353,5162,102794,4.958992552521398,0.1610820077505653
3395,0.3446,1,46,1,70303,535307,5163,102793,4.95856645299937,0.16109230528130386
3396,0.3447,3,9,3,70312,535298,5166,102790,4.958483085701582,0.16109063326688483
3397,0.3448,0,18,0,70330,535280,5166,102790,4.958316351106006,0.16109517764508596
3398,0.3449,2,9,2,70339,535271,5168,102788,4.958232983808218,0.16109482038494874
3399,0.345,0,12,0,70351,535259,5168,102788,4.958121827411167,0.1610978501583739
3400,0.3451,5,60,5,70411,535199,5173,102783,4.9575660454259145,0.16110642620011223
3401,0.3452,1,17,1,70428,535182,5174,102782,4.957408573863426,0.16110940429240522
3402,0.3453,1,39,1,70467,535143,5175,102781,4.9570473155730115,0.161117938814028
3403,0.3454,0,15,0,70482,535128,5175,102781,4.956908370076698,0.16112172739371916
3404,0.3455,2,25,2,70507,535103,5177,102779,4.956676794249509,0.1611254119100398
3405,0.3456,0,6,0,70513,535097,5177,102779,4.9566212160509835,0.16112692749060947
3406,0.3457,1,25,1,70538,535072,5178,102778,4.956389640223795,0.1611319275691777
3407,0.3458,2,12,2,70550,535060,5180,102776,4.956278483826744,0.16113232868637078
3408,0.3459,1,14,1,70564,535046,5181,102775,4.956148801363518,0.16113455028918772
3409,0.346,2,28,2,70592,535018,5183,102773,4.955889436437067,0.1611389938083165
3410,0.3461,3,19,3,70611,534999,5186,102770,4.955713438808403,0.16113984844042278
3411,0.3462,5,16,5,70627,534983,5191,102765,4.955565230279003,0.16113731442513343
3412,0.3463,3,30,3,70657,534953,5194,102762,4.955287339286376,0.1611409485428444
3413,0.3464,1,25,1,70682,534928,5195,102761,4.955055763459187,0.1611459504554728
3414,0.3465,2,25,2,70707,534903,5197,102759,4.954824187631998,0.16114963726864703
3415,0.3466,3,33,3,70740,534870,5200,102756,4.954518507540109,0.16115403073274928
3416,0.3467,1,4,1,70744,534866,5201,102755,4.954481455407759,0.1611537261162979
3417,0.3468,2,11,2,70755,534855,5203,102753,4.954379562043796,0.16115387510821697
3418,0.3469,6,28,6,70783,534827,5209,102747,4.954120197117344,0.16115305831166266
3419,0.347,3,40,3,70823,534787,5212,102744,4.9537496757938415,0.16115922206135858
3420,0.3471,1,13,1,70836,534774,5213,102743,4.953629256363704,0.16116119256427672
3421,0.3472,2,29,2,70865,534745,5215,102741,4.953360628404164,0.16116589227057534
3422,0.3473,1,15,1,70880,534730,5216,102740,4.953221682907851,0.16116836870754703
3423,0.3474,4,50,4,70930,534680,5220,102736,4.952758531253473,0.16117574707883078
3424,0.3475,2,19,2,70949,534661,5222,102734,4.95258253362481,0.16117791950046675
3425,0.3476,1,44,1,70993,534617,5223,102733,4.952174960168958,0.16118773044637955
3426,0.3477,2,19,2,71012,534598,5225,102731,4.951998962540294,0.16118990348783752
3427,0.3478,2,35,2,71047,534563,5227,102729,4.951674756382229,0.16119612359797392
3428,0.3479,2,41,2,71088,534522,5229,102727,4.95129497202564,0.1612038622265394
3429,0.348,5,33,5,71121,534489,5234,102722,4.950989291933751,0.16120562890471132
3430,0.3481,2,13,2,71134,534476,5236,102720,4.950868872503612,0.16120628503631534
3431,0.3482,0,19,0,71153,534457,5236,102720,4.9506928748749495,0.16121109205134523
3432,0.3483,0,10,0,71163,534447,5236,102720,4.9506002445440735,0.1612136221744064
3433,0.3484,2,54,2,71217,534393,5238,102718,4.950100040757346,0.16122465316090917
3434,0.3485,2,21,2,71238,534372,5240,102716,4.949905517062507,0.16122733437138984
3435,0.3486,1,23,1,71261,534349,5241,102715,4.949692467301493,0.16123183855939122
3436,0.3487,1,14,1,71275,534335,5242,102714,4.9495627848382675,0.16123406519749658
3437,0.3488,3,17,3,71292,534318,5245,102711,4.949405313275779,0.1612344178993421
3438,0.3489,2,19,2,71311,534299,5247,102709,4.949229315647115,0.16123659357496295
3439,0.349,1,23,1,71334,534276,5248,102708,4.949016265886102,0.1612410986775178
3440,0.3491,4,17,4,71351,534259,5252,102704,4.9488587943236135,0.16124013482729765
3441,0.3492,2,30,2,71381,534229,5254,102702,4.948580903330987,0.16124509562260275
3442,0.3493,2,19,2,71400,534210,5256,102700,4.948404905702323,0.16124727198505284
3443,0.3494,1,18,1,71418,534192,5257,102699,4.948238171106747,0.16125051225405918
3444,0.3495,0,19,0,71437,534173,5257,102699,4.948062173478084,0.16125532289062794
3445,0.3496,3,17,3,71454,534156,5260,102696,4.947904701915595,0.16125567635808633
3446,0.3497,1,33,1,71487,534123,5261,102695,4.947599021823706,0.16126271556394448
3447,0.3498,7,49,7,71536,534074,5268,102688,4.947145133202416,0.16126590468652338
3448,0.3499,3,24,3,71560,534050,5271,102685,4.946922820408314,0.16126803144165155
3449,0.35,1,44,1,71604,534006,5272,102684,4.946515246952462,0.1612778589266362
3450,0.3501,1,50,1,71654,533956,5273,102683,4.946052095298084,0.16128920785562934
3451,0.3502,1,36,1,71690,533920,5274,102682,4.945718626106933,0.16129701131947433
3452,0.3503,5,61,5,71751,533859,5279,102677,4.945153581088592,0.16130588057863185
3453,0.3504,1,15,1,71766,533844,5280,102676,4.945014635592278,0.16130836423050335
3454,0.3505,1,13,1,71779,533831,5281,102675,4.94489421616214,0.16131034114368129
3455,0.3506,2,12,2,71791,533819,5283,102673,4.94478305976509,0.16131074703217008
3456,0.3507,1,16,1,71807,533803,5284,102672,4.944634851235689,0.16131348442593973
3457,0.3508,3,25,3,71832,533778,5287,102669,4.9444032754085,0.1613158676213416
3458,0.3509,2,23,2,71855,533755,5289,102667,4.944190225647486,0.1613190618803247
3459,0.351,3,44,3,71899,533711,5292,102664,4.943782652191634,0.16132626203103517
3460,0.3511,3,29,3,71928,533682,5295,102661,4.943514024232095,0.16132966026183992
3461,0.3512,1,14,1,71942,533668,5296,102660,4.943384341768869,0.16133189172879395
3462,0.3513,0,19,0,71961,533649,5296,102660,4.9432083441402055,0.1613367090517343
3463,0.3514,1,27,1,71988,533622,5297,102659,4.942958242246841,0.161342237156225
3464,0.3515,4,30,4,72018,533592,5301,102655,4.942680351254214,0.16134457215515358
3465,0.3516,3,12,3,72030,533580,5304,102652,4.942569194857164,0.16134366080297752
3466,0.3517,2,24,2,72054,533556,5306,102650,4.942346882063063,0.161347110841457
3467,0.3518,1,23,1,72077,533533,5307,102649,4.942133832302049,0.16135162579261908
3468,0.3519,3,55,3,72132,533478,5310,102646,4.941624365482234,0.16136162131911388
3469,0.352,3,32,3,72164,533446,5313,102643,4.941327948423432,0.161365783718945
3470,0.3521,1,35,1,72199,533411,5314,102642,4.941003742265368,0.16137334467410736
3471,0.3522,1,7,1,72206,533404,5315,102641,4.940938901033754,0.16137380216808558
3472,0.3523,7,56,7,72262,533348,5322,102634,4.940420171180851,0.1613787811604731
3473,0.3524,2,26,2,72288,533322,5324,102632,4.940179332320575,0.1613827415190407
3474,0.3525,0,16,0,72304,533306,5324,102632,4.940031123791174,0.16138680185804277
3475,0.3526,3,15,3,72319,533291,5327,102629,4.939892178294861,0.16138665240910807
3476,0.3527,2,24,2,72343,533267,5329,102627,4.939669865500759,0.16139010589815284
3477,0.3528,3,27,3,72370,533240,5332,102624,4.939419763607396,0.1613930022772165
3478,0.3529,1,35,1,72405,533205,5333,102623,4.939095557449331,0.16140056744905856
3479,0.353,3,33,3,72438,533172,5336,102620,4.938789877357442,0.1614049877947505
3480,0.3531,4,34,4,72472,533138,5340,102616,4.938474934232465,0.16140834347876695
3481,0.3532,2,32,2,72504,533106,5342,102614,4.938178517173664,0.16141382998804504
3482,0.3533,4,40,4,72544,533066,5346,102610,4.937807995850161,0.16141871016052203
3483,0.3534,4,32,4,72576,533034,5350,102606,4.9375115787913595,0.16142155937323013
3484,0.3535,3,34,3,72610,533000,5353,102603,4.937196635666383,0.1614262361883125
3485,0.3536,0,49,0,72659,532951,5353,102603,4.936742747045092,0.1614386818429276
3486,0.3537,2,26,2,72685,532925,5355,102601,4.936501908184816,0.16144264750773374
3487,0.3538,1,21,1,72706,532904,5356,102600,4.936307384489977,0.16144666280621364
3488,0.3539,5,27,5,72733,532877,5361,102595,4.936057282596614,0.16144692449077222
3489,0.354,7,30,7,72763,532847,5368,102588,4.935779391603987,0.16144530911895
3490,0.3541,4,17,4,72780,532830,5372,102584,4.935621920041498,0.1614443496680904
3491,0.3542,4,25,4,72805,532805,5376,102580,4.935390344214309,0.16144542285386027
3492,0.3543,6,95,6,72900,532710,5382,102574,4.934510356070992,0.1614616455002802
3493,0.3544,1,17,1,72917,532693,5383,102573,4.934352884508503,0.16146464630564206
3494,0.3545,2,28,2,72945,532665,5385,102571,4.934093519582052,0.16146912328646362
3495,0.3546,4,29,4,72974,532636,5389,102567,4.933824891622513,0.1614712147140363
3496,0.3547,1,16,1,72990,532620,5390,102566,4.933676683093112,0.16147396195759983
3497,0.3548,3,40,3,73030,532580,5393,102563,4.93330616176961,0.16148017060724906
3498,0.3549,4,28,4,73058,532552,5397,102559,4.933046796843159,0.1614820086567545
3499,0.355,3,29,3,73087,532523,5400,102556,4.932778168883619,0.16148542149874268
3500,0.3551,5,17,5,73104,532506,5405,102551,4.932620697321131,0.16148314245807857
3501,0.3552,2,13,2,73117,532493,5407,102549,4.932500277890993,0.1614838073702212
3502,0.3553,3,17,3,73134,532476,5410,102546,4.932342806328505,0.16148416905241078
3503,0.3554,2,34,2,73168,532442,5412,102544,4.932027863203527,0.1614901745865263
3504,0.3555,3,12,3,73180,532430,5415,102541,4.931916706806477,0.16148926486406465
3505,0.3556,2,31,2,73211,532399,5417,102539,4.9316295527807625,0.16149450812520277
3506,0.3557,2,44,2,73255,532355,5419,102537,4.93122197932491,0.16150305878795135
3507,0.3558,6,31,6,73286,532324,5425,102531,4.930934825299196,0.16150302037473124
3508,0.3559,3,48,3,73334,532276,5428,102528,4.930490199710993,0.16151126962022924
3509,0.356,1,21,1,73355,532255,5429,102527,4.930295676016155,0.1615152918639785
3510,0.3561,2,12,2,73367,532243,5431,102525,4.930184519619104,0.16151570337509139
3511,0.3562,0,38,0,73405,532205,5431,102525,4.929832524361777,0.1615253729932412
3512,0.3563,3,12,3,73417,532193,5434,102522,4.929721367964726,0.1615244637356924
3513,0.3564,0,14,0,73431,532179,5434,102522,4.9295916855015,0.16152802658259557
3514,0.3565,1,12,1,73443,532167,5435,102521,4.92948052910445,0.1615297595038822
3515,0.3566,5,17,5,73460,532150,5440,102516,4.9293230575419615,0.16152748059609306
3516,0.3567,1,22,1,73482,532128,5441,102515,4.929119270814035,0.1615317587998292
3517,0.3568,2,21,2,73503,532107,5443,102513,4.928924747119197,0.16153446156755225
3518,0.3569,0,49,0,73552,532058,5443,102513,4.9284708584979064,0.16154693485835311
3519,0.357,6,69,6,73621,531989,5449,102507,4.927831709214865,0.16155657403671575
3520,0.3571,3,43,3,73664,531946,5452,102504,4.9274333987921,0.16156355898809993
3521,0.3572,1,14,1,73678,531932,5453,102503,4.927303716328875,0.16156580264329679
3522,0.3573,2,21,2,73699,531911,5455,102501,4.9271091926340365,0.16156850753138338
3523,0.3574,4,40,4,73739,531871,5459,102497,4.926738671310534,0.16157340849475382
3524,0.3575,3,27,3,73766,531844,5462,102494,4.92648856941717,0.16157632051051649
3525,0.3576,9,19,9,73785,531825,5471,102485,4.926312571788507,0.16156926423988272
3526,0.3577,2,20,2,73805,531805,5473,102483,4.926127311126756,0.16157171505688267
3527,0.3578,3,35,3,73840,531770,5476,102480,4.925803104968691,0.16157666535277887
3528,0.3579,4,18,4,73858,531752,5480,102476,4.925636370373115,0.1615759632182748
3529,0.358,5,23,5,73881,531729,5485,102471,4.925423320612102,0.1615752128666036
3530,0.3581,1,5,1,73886,531724,5486,102470,4.925377005446664,0.16157516469723776
3531,0.3582,3,33,3,73919,531691,5489,102467,4.925071325354774,0.1615796063441603
3532,0.3583,3,31,3,73950,531660,5492,102464,4.92478417132906,0.16158353886621543
3533,0.3584,4,33,4,73983,531627,5496,102460,4.924478491237171,0.1615866592439208
3534,0.3585,0,36,0,74019,531591,5496,102460,4.924145022046019,0.16159583377362388
3535,0.3586,1,43,1,74062,531548,5497,102459,4.923746711623254,0.16160547123296745
3536,0.3587,4,35,4,74097,531513,5501,102455,4.923422505465189,0.1616091032985892
3537,0.3588,0,41,0,74138,531472,5501,102455,4.9230427211086,0.16161955556396873
3538,0.3589,2,12,2,74150,531460,5503,102453,4.922931564711549,0.16161996993278258
3539,0.359,2,17,2,74167,531443,5505,102451,4.9227740931490604,0.16162165914174925
3540,0.3591,3,33,3,74200,531410,5508,102448,4.922468413057172,0.16162610553152285
3541,0.3592,2,12,2,74212,531398,5510,102446,4.922357256660121,0.1616265200901168
3542,0.3593,2,16,2,74228,531382,5512,102444,4.92220904813072,0.16162795467525787
3543,0.3594,1,40,1,74268,531342,5513,102443,4.921838526807218,0.161636832679852
3544,0.3595,1,18,1,74286,531324,5514,102442,4.921671792211642,0.16164010060495515
3545,0.3596,0,17,0,74303,531307,5514,102442,4.921514320649154,0.16164443651982094
3546,0.3597,4,25,4,74328,531282,5518,102438,4.921282744821965,0.1616455216814997
3547,0.3598,1,27,1,74355,531255,5519,102437,4.9210326429286,0.16165108601655062
3548,0.3599,2,8,2,74363,531247,5521,102435,4.9209585386639,0.16165048084054778
3549,0.36,2,33,2,74396,531214,5523,102433,4.92065285857201,0.16165625340291992
3550,0.3601,1,11,1,74407,531203,5524,102432,4.920550965208048,0.1616577367096199
3551,0.3602,0,6,0,74413,531197,5524,102432,4.920495387009522,0.16165926748933523
3552,0.3603,2,37,2,74450,531160,5526,102430,4.920152654785283,0.16166606164870026
3553,0.3604,5,28,5,74478,531132,5531,102425,4.919893289858831,0.1616665903778192
3554,0.3605,2,15,2,74493,531117,5533,102423,4.919754344362518,0.1616677715692774
3555,0.3606,0,16,0,74509,531101,5533,102423,4.919606135833117,0.16167185457851635
3556,0.3607,6,31,6,74540,531070,5539,102417,4.919318981807403,0.16167182594117954
3557,0.3608,3,20,3,74560,531050,5542,102414,4.919133721145652,0.16167296010507307
3558,0.3609,9,15,9,74575,531035,5551,102405,4.918994775649338,0.16166487749431674
3559,0.361,2,25,2,74600,531010,5553,102403,4.91876319982215,0.16166861115891212
3560,0.3611,4,14,4,74614,530996,5557,102399,4.918633517358924,0.16166689032909953
3561,0.3612,1,22,1,74636,530974,5558,102398,4.918429730630998,0.16167118218045634
3562,0.3613,3,34,3,74670,530940,5561,102395,4.918114787506021,0.1616758903266044
3563,0.3614,3,23,3,74693,530917,5564,102392,4.917901737745007,0.16167779077827726
3564,0.3615,3,25,3,74718,530892,5567,102389,4.917670161917818,0.1616802019956386
3565,0.3616,1,14,1,74732,530878,5568,102388,4.917540479454592,0.16168245255548222
3566,0.3617,3,12,3,74744,530866,5571,102385,4.917429323057542,0.16168154491662864
3567,0.3618,4,20,4,74764,530846,5575,102381,4.917244062395791,0.1616813559750295
3568,0.3619,1,20,1,74784,530826,5576,102380,4.91705880173404,0.16168513880159063
3569,0.362,3,13,3,74797,530813,5579,102377,4.9169383823039015,0.1616844864890475
3570,0.3621,1,22,1,74819,530791,5580,102376,4.916734595575975,0.16168878036916012
3571,0.3622,1,34,1,74853,530757,5581,102375,4.916419652450998,0.16169613919372264
3572,0.3623,1,22,1,74875,530735,5582,102374,4.916215865723072,0.1617004338905307
3573,0.3624,1,13,1,74888,530722,5583,102373,4.9160954462929345,0.16170243012502072
3574,0.3625,2,14,2,74902,530708,5585,102371,4.915965763829709,0.16170335771680944
3575,0.3626,1,9,1,74911,530699,5586,102370,4.91588239653192,0.16170433238714896
3576,0.3627,5,59,5,74970,530640,5591,102365,4.915335877579754,0.1617127826794417
3577,0.3628,4,55,4,75025,530585,5595,102361,4.9148264107599395,0.1617215370663532
3578,0.3629,0,28,0,75053,530557,5595,102361,4.914567045833488,0.1617286915524602
3579,0.363,2,15,2,75068,530542,5597,102359,4.914428100337174,0.16172987560455743
3580,0.3631,5,66,5,75134,530476,5602,102354,4.913816740153396,0.16174011977940364
3581,0.3632,0,21,0,75155,530455,5602,102354,4.913622216458557,0.16174548718491677
3582,0.3633,4,20,4,75175,530435,5606,102350,4.913436955796806,0.16174530053651714
3583,0.3634,4,41,4,75216,530394,5610,102346,4.913057171440216,0.16175048203053388
3584,0.3635,2,24,2,75240,530370,5612,102344,4.912834858646115,0.16175396782748602
3585,0.3636,2,13,2,75253,530357,5614,102342,4.912714439215977,0.16175464162263573
3586,0.3637,4,37,4,75290,530320,5618,102338,4.912371706991737,0.16175880175387017
3587,0.3638,6,16,6,75306,530304,5624,102332,4.912223498462336,0.16175494281071578
3588,0.3639,3,30,3,75336,530274,5627,102329,4.91194560746971,0.16175863851420244
3589,0.364,3,33,3,75369,530241,5630,102326,4.911639927377821,0.16176310177419942
3590,0.3641,4,55,4,75424,530186,5634,102322,4.911130460558005,0.16177186691709827
3591,0.3642,3,20,3,75444,530166,5637,102319,4.910945199896254,0.16177300647446186
3592,0.3643,3,25,3,75469,530141,5640,102316,4.910713624069065,0.16177542504865944
3593,0.3644,4,56,4,75525,530085,5644,102312,4.910194894216162,0.16178444869283062
3594,0.3645,1,9,1,75534,530076,5645,102311,4.910111526918374,0.16178542569660667
3595,0.3646,1,19,1,75553,530057,5646,102310,4.909935529289711,0.16178896115704963
3596,0.3647,2,10,2,75563,530047,5648,102308,4.909842898958835,0.16178886859438132
3597,0.3648,5,37,5,75600,530010,5653,102303,4.909500166734595,0.16179170758785602
3598,0.3649,2,33,2,75633,529977,5655,102301,4.909194486642706,0.16179750046656693
3599,0.365,2,51,2,75684,529926,5657,102299,4.908722071955241,0.16180790066827475
3600,0.3651,4,16,4,75700,529910,5661,102295,4.90857386342584,0.16180669244944282
3601,0.3652,2,29,2,75729,529881,5663,102293,4.908305235466301,0.16181146329966117
3602,0.3653,0,11,0,75740,529870,5663,102293,4.908203342102338,0.16181427891224257
3603,0.3654,2,33,2,75773,529837,5665,102291,4.907897662010448,0.1618200744153083
3604,0.3655,0,18,0,75791,529819,5665,102291,4.907730927414873,0.16182468241287118
3605,0.3656,1,12,1,75803,529807,5666,102290,4.907619771017822,0.16182642853865783
3606,0.3657,5,43,5,75846,529764,5671,102285,4.907221460595057,0.1618308074215765
3607,0.3658,1,12,1,75858,529752,5672,102284,4.907110304198007,0.16183255384186976
3608,0.3659,7,34,7,75892,529718,5679,102277,4.90679536107303,0.16183197651880157
3609,0.366,1,18,1,75910,529700,5680,102276,4.9066286264774535,0.161835259566819
3610,0.3661,0,24,0,75934,529676,5680,102276,4.906406313683353,0.16184140567638047
3611,0.3662,1,23,1,75957,529653,5681,102275,4.906193263922339,0.16184596979402716
3612,0.3663,4,31,4,75988,529622,5685,102271,4.905906109896624,0.16184860411493718
3613,0.3664,2,59,2,76047,529563,5687,102269,4.9053595909444585,0.16186106433355701
3614,0.3665,1,8,1,76055,529555,5688,102268,4.905285486679759,0.16186178724104694
3615,0.3666,0,9,0,76064,529546,5688,102268,4.90520211938197,0.16186409291342072
3616,0.3667,0,13,0,76077,529533,5688,102268,4.9050816999518325,0.16186742344504046
3617,0.3668,0,18,0,76095,529515,5688,102268,4.904914965356256,0.161872035176635
3618,0.3669,2,19,2,76114,529496,5690,102266,4.904738967727592,0.16187425011317552
3619,0.367,2,21,2,76135,529475,5692,102264,4.904544444032754,0.1618769776759073
3620,0.3671,3,24,3,76159,529451,5695,102261,4.9043221312386525,0.16187914745960186
3621,0.3672,7,38,7,76197,529413,5702,102254,4.903970135981326,0.16187959795271875
3622,0.3673,3,18,3,76215,529395,5705,102251,4.903803401385749,0.16188023038220775
3623,0.3674,4,29,4,76244,529366,5709,102247,4.903534773426211,0.16188235517635008
3624,0.3675,4,20,4,76264,529346,5713,102243,4.90334951276446,0.1618821733754071
3625,0.3676,1,10,1,76274,529336,5714,102242,4.903256882433584,0.1618834094917809
3626,0.3677,0,42,0,76316,529294,5714,102242,4.9028678350439066,0.16189417547059867
3627,0.3678,2,25,2,76341,529269,5716,102240,4.902636259216718,0.16189793019576917
3628,0.3679,4,27,4,76368,529242,5720,102236,4.902386157323354,0.16189954361038705
3629,0.368,2,36,2,76404,529206,5722,102234,4.902052688132202,0.16190611934625618
3630,0.3681,4,13,4,76417,529193,5726,102230,4.901932268702064,0.16190414349809873
3631,0.3682,2,19,2,76436,529174,5728,102228,4.9017562710734,0.16190636076540776
3632,0.3683,3,30,3,76466,529144,5731,102225,4.901478380080774,0.16191007160630314
3633,0.3684,0,16,0,76482,529128,5731,102225,4.901330171551373,0.1619141747960333
3634,0.3685,2,16,2,76498,529112,5733,102223,4.901181963021972,0.16191562324281086
3635,0.3686,3,32,3,76530,529080,5736,102220,4.90088554596317,0.161919847932837
3636,0.3687,7,39,7,76569,529041,5743,102213,4.900524287672756,0.16192055812715642
3637,0.3688,0,28,0,76597,529013,5743,102213,4.900264922746304,0.16192774061904927
3638,0.3689,0,43,0,76640,528970,5743,102213,4.899866612323539,0.16193877211521857
3639,0.369,2,18,2,76658,528952,5745,102211,4.899699877727963,0.16194073480226184
3640,0.3691,2,23,2,76681,528929,5747,102209,4.89948682796695,0.161943980555758
3641,0.3692,4,55,4,76736,528874,5751,102205,4.898977361147134,0.16195278245671302
3642,0.3693,2,24,2,76760,528850,5753,102203,4.898755048353033,0.16195628576363633
3643,0.3694,3,27,3,76787,528823,5756,102200,4.898504946459669,0.1619592312800009
3644,0.3695,2,19,2,76806,528804,5758,102198,4.898328948831005,0.1619614517862067
3645,0.3696,3,49,3,76855,528755,5761,102195,4.897875060209715,0.16197004516998179
3646,0.3697,1,10,1,76865,528745,5762,102194,4.8977824298788395,0.16197128407025085
3647,0.3698,3,21,3,76886,528724,5765,102191,4.897587906184001,0.16197269045751012
3648,0.3699,0,23,0,76909,528701,5765,102191,4.897374856422987,0.16197859538558104
3649,0.37,2,17,2,76926,528684,5767,102189,4.8972173848604985,0.1619803034842195
3650,0.3701,3,11,3,76937,528673,5770,102186,4.897115491496535,0.16197914272444397
3651,0.3702,4,67,4,77004,528606,5774,102182,4.896494868279669,0.16199103343754162
3652,0.3703,5,32,5,77036,528574,5779,102177,4.896198451220868,0.16199260881076685
3653,0.3704,1,20,1,77056,528554,5780,102176,4.896013190559117,0.1619964168503163
3654,0.3705,1,24,1,77080,528530,5781,102175,4.895790877765015,0.16200125256657233
3655,0.3706,1,9,1,77089,528521,5782,102174,4.895707510467227,0.16200223562894903
3656,0.3707,1,20,1,77109,528501,5783,102173,4.8955222498054765,0.16200604432718013
3657,0.3708,0,33,0,77142,528468,5783,102173,4.895216569713587,0.1620145217326498
3658,0.3709,0,19,0,77161,528449,5783,102173,4.895040572084923,0.1620194030655448
3659,0.371,3,33,3,77194,528416,5786,102170,4.894734891993034,0.162023895233957
3660,0.3711,3,34,3,77228,528382,5789,102167,4.894419948868057,0.1620286448793036
3661,0.3712,1,27,1,77255,528355,5790,102166,4.894169846974694,0.16203425421199294
3662,0.3713,3,12,3,77267,528343,5793,102163,4.894058690577642,0.16203335099110872
3663,0.3714,3,27,3,77294,528316,5796,102160,4.893808588684279,0.16203630273000083
3664,0.3715,4,20,4,77314,528296,5800,102156,4.893623328022528,0.16203612646164975
3665,0.3716,0,12,0,77326,528284,5800,102156,4.893512171625477,0.16203921070998034
3666,0.3717,3,20,3,77346,528264,5803,102153,4.893326910963726,0.16204036375922604
3667,0.3718,4,23,4,77369,528241,5807,102149,4.893113861202712,0.1620409587715541
3668,0.3719,0,32,0,77401,528209,5807,102149,4.89281744414391,0.16204918474898392
3669,0.372,5,33,5,77434,528176,5812,102144,4.8925117640520215,0.16205102170326183
3670,0.3721,7,18,7,77452,528158,5819,102137,4.892345029456445,0.162046343378894
3671,0.3722,3,20,3,77472,528138,5822,102134,4.892159768794694,0.1620474969536962
3672,0.3723,1,17,1,77489,528121,5823,102133,4.892002297232206,0.16205053835437777
3673,0.3724,1,29,1,77518,528092,5824,102132,4.891733669272667,0.16205666556652873
3674,0.3725,0,18,0,77536,528074,5824,102132,4.8915669346770905,0.1620612942434696
3675,0.3726,9,39,9,77575,528035,5833,102123,4.891205676386676,0.16205935654232748
3676,0.3727,1,55,1,77630,527980,5834,102122,4.890696209566861,0.1620721724419221
3677,0.3728,9,34,9,77664,527946,5843,102113,4.890381266441883,0.16206894909841776
3678,0.3729,2,19,2,77683,527927,5845,102111,4.8902052688132205,0.16207117665918563
3679,0.373,2,24,2,77707,527903,5847,102109,4.889982956019119,0.1620746906408132
3680,0.3731,5,34,5,77741,527869,5852,102104,4.889668012894142,0.16207678741787346
3681,0.3732,0,4,0,77745,527865,5852,102104,4.889630960761792,0.16207781652747993
3682,0.3733,4,10,4,77755,527855,5856,102100,4.889538330430916,0.1620750688541245
3683,0.3734,2,15,2,77770,527840,5858,102098,4.889399384934603,0.1620762678231826
3684,0.3735,4,25,4,77795,527815,5862,102094,4.889167809107414,0.16207737943099718
3685,0.3736,5,46,5,77841,527769,5867,102089,4.8887417095853865,0.16208256464155413
3686,0.3737,2,18,2,77859,527751,5869,102087,4.888574974989811,0.16208453602354891
3687,0.3738,2,4,2,77863,527747,5871,102085,4.88853792285746,0.16208290464758857
3688,0.3739,0,12,0,77875,527735,5871,102085,4.88842676646041,0.16208599282334635
3689,0.374,1,15,1,77890,527720,5872,102084,4.888287820964097,0.1620885227785152
3690,0.3741,4,33,4,77923,527687,5876,102080,4.887982140872207,0.16209169422977068
3691,0.3742,0,11,0,77934,527676,5876,102080,4.887880247508244,0.1620945254987646
3692,0.3743,2,33,2,77967,527643,5878,102078,4.887574567416355,0.16210035873029485
3693,0.3744,8,39,8,78006,527604,5886,102070,4.88721330912594,0.16209975320562703
3694,0.3745,4,33,4,78039,527571,5890,102066,4.8869076290340505,0.16210292597163128
3695,0.3746,2,19,2,78058,527552,5892,102064,4.886731631405388,0.1621051561586745
3696,0.3747,6,27,6,78085,527525,5898,102058,4.886481529512023,0.16210412288768916
3697,0.3748,2,33,2,78118,527492,5900,102056,4.886175849420134,0.16210995825576446
3698,0.3749,0,9,0,78127,527483,5900,102056,4.886092482122346,0.16211227580817075
3699,0.375,1,16,1,78143,527467,5901,102055,4.885944273592945,0.16211506508112505
3700,0.3751,0,25,0,78168,527442,5901,102055,4.885712697765756,0.1621215033590311
3701,0.3752,1,13,1,78181,527429,5902,102054,4.8855922783356185,0.1621235204127832
3702,0.3753,2,23,2,78204,527406,5904,102052,4.885379228574604,0.16212678208871759
3703,0.3754,5,53,5,78257,527353,5909,102047,4.8848882878209645,0.16213377820146171
3704,0.3755,4,42,4,78299,527311,5913,102043,4.884499240431287,0.16213927296879022
3705,0.3756,1,28,1,78327,527283,5914,102042,4.884239875504836,0.16214515552377548
3706,0.3757,0,27,0,78354,527256,5914,102042,4.8839897736114715,0.16215211235376562
3707,0.3758,2,32,2,78386,527224,5916,102040,4.883693356552669,0.16215769533931704
3708,0.3759,5,27,5,78413,527197,5921,102035,4.883443254659306,0.16215799577898135
3709,0.376,0,37,0,78450,527160,5921,102035,4.8831005224350665,0.1621675315283815
3710,0.3761,2,23,2,78473,527137,5923,102033,4.882887472674052,0.16217079644611154
3711,0.3762,0,17,0,78490,527120,5923,102033,4.882730001111564,0.16217517837473555
3712,0.3763,7,26,7,78516,527094,5930,102026,4.882489162251288,0.16217255849440487
3713,0.3764,2,52,2,78568,527042,5932,102024,4.882007484530734,0.1621833003214289
3714,0.3765,4,21,4,78589,527021,5936,102020,4.881812960835896,0.16218338709241528
3715,0.3766,2,19,2,78608,527002,5938,102018,4.8816369632072325,0.16218562207878923
3716,0.3767,1,28,1,78636,526974,5939,102017,4.881377598280781,0.1621915098944182
3717,0.3768,5,32,5,78668,526942,5944,102012,4.88108118122198,0.16219310156227643
3718,0.3769,2,31,2,78699,526911,5946,102010,4.8807940271962655,0.16219843191752223
3719,0.377,5,25,5,78724,526886,5951,102005,4.880562451369077,0.16219821876923027
3720,0.3771,1,27,1,78751,526859,5952,102004,4.880312349475712,0.16220385044119306
3721,0.3772,0,8,0,78759,526851,5952,102004,4.880238245211012,0.1622059139229234
3722,0.3773,1,23,1,78782,526828,5953,102003,4.880025195449998,0.1622105144307453
3723,0.3774,2,27,2,78809,526801,5955,102001,4.879775093556634,0.1622148148383752
3724,0.3775,3,35,3,78844,526766,5958,101998,4.87945088739857,0.16221984719226928
3725,0.3776,1,18,1,78862,526748,5959,101997,4.8792841528029935,0.162223158832277
3726,0.3777,5,37,5,78899,526711,5964,101992,4.878941420578754,0.16222604313960645
3727,0.3778,5,35,5,78934,526676,5969,101987,4.87861721442069,0.16222841172456468
3728,0.3779,1,15,1,78949,526661,5970,101986,4.878478268924376,0.1622309499607888
3729,0.378,1,7,1,78956,526654,5971,101985,4.878413427692764,0.16223142375830962
3730,0.3781,3,67,3,79023,526587,5974,101982,4.877792804475898,0.16224471776368227
3731,0.3782,2,25,2,79048,526562,5976,101980,4.877561228648709,0.1622485052709286
3732,0.3783,2,20,2,79068,526542,5978,101978,4.877375967986958,0.1622510023547381
3733,0.3784,3,22,3,79090,526520,5981,101975,4.877172181259032,0.16225268299668255
3734,0.3785,1,33,1,79123,526487,5982,101974,4.876866501167142,0.16225986974529844
3735,0.3786,2,26,2,79149,526461,5984,101972,4.876625662306866,0.16226391675803148
3736,0.3787,6,56,6,79205,526405,5990,101966,4.876106932453963,0.1622703784865947
3737,0.3788,3,18,3,79223,526387,5993,101963,4.8759401978583865,0.16227102729370574
3738,0.3789,2,31,2,79254,526356,5995,101961,4.875653043832672,0.16227636686577
3739,0.379,1,19,1,79273,526337,5996,101960,4.875477046204009,0.16227994085599645
3740,0.3791,2,88,2,79361,526249,5998,101958,4.874661899292304,0.16230000620814478
3741,0.3792,5,26,5,79387,526223,6003,101953,4.874421060432028,0.16230005603525127
3742,0.3793,6,135,6,79522,526088,6009,101947,4.873170550965208,0.16232694037752673
3743,0.3794,1,9,1,79531,526079,6010,101946,4.87308718366742,0.16232793280522273
3744,0.3795,1,28,1,79559,526051,6011,101945,4.872827818740968,0.16233383652125172
3745,0.3796,1,44,1,79603,526007,6012,101944,4.872420245285116,0.1623438771496502
3746,0.3797,2,15,2,79618,525992,6014,101942,4.872281299788803,0.16234508722254248
3747,0.3798,0,22,0,79640,525970,6014,101942,4.872077513060876,0.16235077526787192
3748,0.3799,3,19,3,79659,525951,6017,101939,4.871901515432213,0.1623516858048384
3749,0.38,0,16,0,79675,525935,6017,101939,4.8717533069028125,0.16235582298359225
3750,0.3801,3,20,3,79695,525915,6020,101936,4.8715680462410615,0.16235699234372486
3751,0.3802,0,16,0,79711,525899,6020,101936,4.87141983771166,0.1623611299147069
3752,0.3803,4,47,4,79758,525852,6024,101932,4.870984475156545,0.16236794821148676
3753,0.3804,1,8,1,79766,525844,6025,101931,4.870910370891845,0.16236868304727012
3754,0.3805,2,67,2,79833,525777,6027,101929,4.8702897476749785,0.16238334506918845
3755,0.3806,3,40,3,79873,525737,6030,101926,4.869919226351477,0.16238969000881046
3756,0.3807,1,14,1,79887,525723,6031,101925,4.869789543888251,0.16239197766901192
3757,0.3808,1,45,1,79932,525678,6032,101924,4.869372707399311,0.16240228679959592
3758,0.3809,2,26,2,79958,525652,6034,101922,4.869131868539035,0.16240634570584506
3759,0.381,1,11,1,79969,525641,6035,101921,4.869029975175072,0.1624078577096765
3760,0.3811,1,5,1,79974,525636,6036,101920,4.868983660009634,0.16240781699163104
3761,0.3812,0,24,0,79998,525612,6036,101920,4.868761347215532,0.16241402828859725
3762,0.3813,1,12,1,80010,525600,6037,101919,4.868650190818482,0.1624157993622504
3763,0.3814,1,35,1,80045,525565,6038,101918,4.868325984660417,0.16242352382454983
3764,0.3815,2,13,2,80058,525552,6040,101916,4.868205565230279,0.16242421924305303
3765,0.3816,1,22,1,80080,525530,6041,101915,4.868001778502353,0.16242857939739738
3766,0.3817,3,75,3,80155,525455,6044,101912,4.867307051020786,0.1624439921130694
3767,0.3818,3,33,3,80188,525422,6047,101909,4.867001370928897,0.1624485319552198
3768,0.3819,4,27,4,80215,525395,6051,101905,4.866751269035533,0.16245018332536268
3769,0.382,3,34,3,80249,525361,6054,101902,4.8664363259105565,0.16245498299756242
3770,0.3821,1,13,1,80262,525348,6055,101901,4.866315906480418,0.1624570146783813
3771,0.3822,2,23,2,80285,525325,6057,101899,4.8661028567194045,0.16246030126398225
3772,0.3823,3,10,3,80295,525315,6060,101896,4.8660102263885285,0.16245888544684325
3773,0.3824,0,13,0,80308,525302,6060,101896,4.86588980695839,0.16246225274953044
3774,0.3825,4,31,4,80339,525271,6064,101892,4.865602652932676,0.16246494133104153
3775,0.3826,0,20,0,80359,525251,6064,101892,4.865417392270925,0.16247012244416345
3776,0.3827,3,41,3,80400,525210,6067,101889,4.865037607914336,0.16247673812268876
3777,0.3828,1,65,1,80465,525145,6068,101888,4.864435510763644,0.162492245224733
3778,0.3829,0,13,0,80478,525132,6068,101888,4.8643150913335065,0.16249561417498645
3779,0.383,4,26,4,80504,525106,6072,101884,4.864074252473229,0.16249700952168297
3780,0.3831,0,14,0,80518,525092,6072,101884,4.863944570010004,0.16250063798295308
3781,0.3832,1,21,1,80539,525071,6073,101883,4.8637500463151655,0.16250474516471702
3782,0.3833,1,11,1,80550,525060,6074,101882,4.863648152951202,0.16250626054722767
3783,0.3834,2,27,2,80577,525033,6076,101880,4.863398051057838,0.16251058759349382
3784,0.3835,2,13,2,80590,525020,6078,101878,4.8632776316277,0.16251128572750273
3785,0.3836,2,20,2,80610,525000,6080,101876,4.8630923709659495,0.16251379858217574
3786,0.3837,2,19,2,80629,524981,6082,101874,4.862916373337286,0.1625160523566056
3787,0.3838,2,25,2,80654,524956,6084,101872,4.862684797510097,0.1625198619078918
3788,0.3839,1,26,1,80680,524930,6085,101871,4.862443958649821,0.1625252671900651
3789,0.384,3,38,3,80718,524892,6088,101868,4.862091963392493,0.16253111238751675
3790,0.3841,3,13,3,80731,524879,6091,101865,4.861971543962355,0.16253047496266418
3791,0.3842,4,11,4,80742,524868,6095,101861,4.861869650598392,0.1625279825889659
3792,0.3843,2,26,2,80768,524842,6097,101859,4.8616288117381155,0.16253205276519425
3793,0.3844,2,18,2,80786,524824,6099,101857,4.86146207714254,0.16253404842336053
3794,0.3845,2,23,2,80809,524801,6101,101855,4.861249027381525,0.16253734106112444
3795,0.3846,2,25,2,80834,524776,6103,101853,4.8610174515543365,0.16254115273949976
3796,0.3847,3,15,3,80849,524761,6106,101850,4.8608785060580235,0.16254103423016833
3797,0.3848,4,32,4,80881,524729,6110,101846,4.860582088999222,0.1625439891473487
3798,0.3849,1,36,1,80917,524693,6111,101845,4.86024861980807,0.16255199205794382
3799,0.385,1,19,1,80936,524674,6112,101844,4.860072622179406,0.16255558499516376
3800,0.3851,1,29,1,80965,524645,6113,101843,4.859803994219868,0.16256177293100585
3801,0.3852,1,7,1,80972,524638,6114,101842,4.859739152988254,0.16256225258587664
3802,0.3853,2,33,2,81005,524605,6116,101840,4.859433472896365,0.16256814245464485
3803,0.3854,1,20,1,81025,524585,6117,101839,4.859248212234614,0.16257199596439473
3804,0.3855,3,24,3,81049,524561,6120,101836,4.859025899440513,0.16257421411660655
3805,0.3856,0,35,0,81084,524526,6120,101836,4.858701693282448,0.16258329847596117
3806,0.3857,2,38,2,81122,524488,6122,101834,4.858349698025122,0.1625904885985164
3807,0.3858,6,26,6,81148,524462,6128,101828,4.858108859164845,0.1625892158584681
3808,0.3859,6,37,6,81185,524425,6134,101822,4.857766126940605,0.1625907988381581
3809,0.386,1,25,1,81210,524400,6135,101821,4.8575345511134165,0.162595952547104
3810,0.3861,5,42,5,81252,524358,6140,101816,4.857145503723739,0.16260017183722097
3811,0.3862,2,37,2,81289,524321,6142,101814,4.8568027714995,0.1626071054964185
3812,0.3863,5,24,5,81313,524297,6147,101809,4.856580458705398,0.16260665126991275
3813,0.3864,8,71,8,81384,524226,6155,101801,4.855922783356182,0.16261439203101463
3814,0.3865,0,36,0,81420,524190,6155,101801,4.85558931416503,0.16262374379184366
3815,0.3866,1,16,1,81436,524174,6156,101800,4.855441105635629,0.16262656276458767
3816,0.3867,1,21,1,81457,524153,6157,101799,4.855246581940791,0.16263068094678187
3817,0.3868,3,41,3,81498,524112,6160,101796,4.854866797584201,0.16263732050077648
3818,0.3869,4,21,4,81519,524091,6164,101792,4.854672273889363,0.1626374258447665
3819,0.387,1,20,1,81539,524071,6165,101791,4.854487013227612,0.16264128513953555
3820,0.3871,7,57,7,81596,524014,6172,101784,4.8539590203416205,0.16264673265175025
3821,0.3872,2,17,2,81613,523997,6174,101782,4.853801548779132,0.16264847494083373
3822,0.3873,5,25,5,81638,523972,6179,101777,4.853569972951943,0.16264828229849349
3823,0.3874,2,33,2,81671,523939,6181,101775,4.853264292860054,0.16265418386035793
3824,0.3875,1,23,1,81694,523916,6182,101774,4.85305124309904,0.16265882465757803
3825,0.3876,3,38,3,81732,523878,6185,101771,4.852699247841714,0.16266468898695594
3826,0.3877,1,31,1,81763,523847,6186,101770,4.852412093815999,0.16267141078327474
3827,0.3878,1,16,1,81779,523831,6187,101769,4.8522638852865985,0.1626742327365729
3828,0.3879,2,26,2,81805,523805,6189,101767,4.852023046426321,0.16267831680446057
3829,0.388,2,51,2,81856,523754,6191,101765,4.851550631738856,0.16268890313483683
3830,0.3881,1,14,1,81870,523740,6192,101764,4.851420949275631,0.1626912058116335
3831,0.3882,0,10,0,81880,523730,6192,101764,4.851328318944756,0.16269380681509335
3832,0.3883,3,25,3,81905,523705,6195,101761,4.851096743117567,0.16269629364345944
3833,0.3884,2,19,2,81924,523686,6197,101759,4.850920745488903,0.1626985586262581
3834,0.3885,4,40,4,81964,523646,6201,101755,4.850550224165401,0.16270360936423192
3835,0.3886,8,27,8,81991,523619,6209,101747,4.850300122272037,0.16269992292513505
3836,0.3887,1,8,1,81999,523611,6210,101746,4.850226018007336,0.162700665379935
3837,0.3888,3,29,3,82028,523582,6213,101743,4.8499573900477975,0.162704193819214
3838,0.3889,0,16,0,82044,523566,6213,101743,4.849809181518396,0.162708356988305
3839,0.389,3,31,3,82075,523535,6216,101740,4.849522027492682,0.1627124065411219
3840,0.3891,1,22,1,82097,523513,6217,101739,4.849318240764756,0.16271679258922803
3841,0.3892,1,16,1,82113,523497,6218,101738,4.849170032235355,0.16271961742384863
3842,0.3893,5,43,5,82156,523454,6223,101733,4.84877172181259,0.16272411294540673
3843,0.3894,2,71,2,82227,523383,6225,101731,4.848114046463374,0.16273991623927794
3844,0.3895,1,25,1,82252,523358,6226,101730,4.847882470636185,0.16274508549196273
3845,0.3896,5,60,5,82312,523298,6231,101725,4.847326688650932,0.162754010652408
3846,0.3897,3,29,3,82341,523269,6234,101722,4.847058060691393,0.1627575437086294
3847,0.3898,1,21,1,82362,523248,6235,101721,4.846863536996554,0.16276167297897975
3848,0.3899,2,32,2,82394,523216,6237,101719,4.8465671199377525,0.1627673278020914
3849,0.39,5,21,5,82415,523195,6242,101714,4.846372596242913,0.16276609874397713
3850,0.3901,4,57,4,82472,523138,6246,101710,4.845844603356923,0.16277558702276393
3851,0.3902,5,19,5,82491,523119,6251,101705,4.845668605728259,0.16277383711253088
3852,0.3903,2,14,2,82505,523105,6253,101703,4.845538923265034,0.1627748044199178
3853,0.3904,1,19,1,82524,523086,6254,101702,4.84536292563637,0.16277841443817742
3854,0.3905,1,12,1,82536,523074,6255,101701,4.8452517692393196,0.16278020087231404
3855,0.3906,3,24,3,82560,523050,6258,101698,4.845029456445219,0.16278243387733934
3856,0.3907,3,13,3,82573,523037,6261,101695,4.84490903701508,0.16278180083619856
3857,0.3908,2,28,2,82601,523009,6263,101693,4.844649672088629,0.16278641656341744
3858,0.3909,5,45,5,82646,522964,6268,101688,4.844232835599689,0.16279144227505876
3859,0.391,4,32,4,82678,522932,6272,101684,4.843936418540887,0.16279442089219617
3860,0.3911,1,18,1,82696,522914,6273,101683,4.843769683945311,0.1627977720033878
3861,0.3912,1,48,1,82744,522866,6274,101682,4.843325058357109,0.16280894342788704
3862,0.3913,2,19,2,82763,522847,6276,101680,4.843149060728445,0.16281121552791153
3863,0.3914,4,39,4,82802,522808,6280,101676,4.84278780243803,0.1628160209068607
3864,0.3915,2,24,2,82826,522784,6282,101674,4.842565489643929,0.16281959715465252
3865,0.3916,7,64,7,82890,522720,6289,101667,4.841972655526326,0.16282690062413216
3866,0.3917,2,15,2,82905,522705,6291,101665,4.841833710030012,0.16282813075580185
3867,0.3918,6,36,6,82941,522669,6297,101659,4.84150024083886,0.16282947425071437
3868,0.3919,0,11,0,82952,522658,6297,101659,4.841398347474898,0.16283234318463216
3869,0.392,1,17,1,82969,522641,6298,101658,4.841240875912408,0.16283543622527027
3870,0.3921,2,42,2,83011,522599,6300,101656,4.840851828522731,0.16284370970196474
3871,0.3922,5,36,5,83047,522563,6305,101651,4.84051835933158,0.1628463956271407
3872,0.3923,6,65,6,83112,522498,6311,101645,4.839916262180888,0.16285530719722885
3873,0.3924,4,16,4,83128,522482,6315,101641,4.839768053651488,0.16285411689682963
3874,0.3925,4,30,4,83158,522452,6319,101637,4.839490162658861,0.16285657975064455
3875,0.3926,4,10,4,83168,522442,6323,101633,4.839397532327985,0.16285382365901535
3876,0.3927,2,34,2,83202,522408,6325,101631,4.8390825892030085,0.162860013556845
3877,0.3928,3,35,3,83237,522373,6328,101628,4.8387583830449445,0.16286512361358396
3878,0.3929,2,22,2,83259,522351,6330,101626,4.838554596317018,0.16286818264134736
3879,0.393,3,36,3,83295,522315,6333,101623,4.838221127125866,0.16287355474422138
3880,0.3931,8,83,8,83378,522232,6341,101615,4.837452295379599,0.16288448930587146
3881,0.3932,1,40,1,83418,522192,6342,101614,4.837081774056097,0.16289359191800015
3882,0.3933,5,40,5,83458,522152,6347,101609,4.836711252732595,0.16289732766235787
3883,0.3934,3,12,3,83470,522140,6350,101606,4.836600096335544,0.1628964354080026
3884,0.3935,2,21,2,83491,522119,6352,101604,4.836405572640706,0.16289923571841988
3885,0.3936,1,46,1,83537,522073,6353,101603,4.835979473118678,0.1629099083498483
3886,0.3937,3,24,3,83561,522049,6356,101600,4.835757160324577,0.1629121509053971
3887,0.3938,5,11,5,83572,522038,6361,101595,4.835655266960614,0.16290831306232992
3888,0.3939,6,40,6,83612,521998,6367,101589,4.835284745637112,0.16291070852984427
3889,0.394,1,71,1,83683,521927,6368,101588,4.834627070287895,0.16292791673015083
3890,0.3941,4,47,4,83730,521880,6372,101584,4.83419170773278,0.162934828634853
3891,0.3942,1,12,1,83742,521868,6373,101583,4.834080551335729,0.1629366221242728
3892,0.3943,3,43,3,83785,521825,6376,101580,4.833682240912965,0.16294383266095075
3893,0.3944,2,36,2,83821,521789,6378,101578,4.833348771721813,0.1629505572158937
3894,0.3945,0,29,0,83850,521760,6378,101578,4.833080143762274,0.1629581382813177
3895,0.3946,2,20,2,83870,521740,6380,101576,4.832894883100522,0.16296068125958582
3896,0.3947,2,4,2,83874,521736,6382,101574,4.832857830968172,0.16295904124753333
3897,0.3948,2,18,2,83892,521718,6384,101572,4.832691096372597,0.16296106146416595
3898,0.3949,4,22,4,83914,521696,6388,101568,4.83248730964467,0.16296144170046722
3899,0.395,4,20,4,83934,521676,6392,101564,4.832302048982919,0.1629612990180348
3900,0.3951,2,14,2,83948,521662,6394,101562,4.832172366519694,0.16296227359665225
3901,0.3952,2,25,2,83973,521637,6396,101560,4.831940790692505,0.16296612467646668
3902,0.3953,4,25,4,83998,521612,6400,101556,4.831709214865316,0.16296728971962618
3903,0.3954,2,16,2,84014,521596,6402,101554,4.831561006335915,0.16296878761132955
3904,0.3955,4,61,4,84075,521535,6406,101550,4.830995961317574,0.16297936878596017
3905,0.3956,2,12,2,84087,521523,6408,101548,4.830884804920523,0.16297982091928528
3906,0.3957,5,35,5,84122,521488,6413,101543,4.8305605987624585,0.16298225930972937
3907,0.3958,3,47,3,84169,521441,6416,101540,4.830125236207344,0.1629905245906376
3908,0.3959,0,49,0,84218,521392,6416,101540,4.8296713475860535,0.16300334546948944
3909,0.396,2,28,2,84246,521364,6418,101538,4.829411982659602,0.16300798520473525
3910,0.3961,0,16,0,84262,521348,6418,101538,4.829263774130201,0.16301217237183047
3911,0.3962,3,17,3,84279,521331,6421,101535,4.829106302567713,0.1630125901879377
3912,0.3963,2,24,2,84303,521307,6423,101533,4.828883989773612,0.16301618393166784
3913,0.3964,2,25,2,84328,521282,6425,101531,4.828652413946423,0.16302003972299872
3914,0.3965,3,40,3,84368,521242,6428,101528,4.82828189262292,0.16302647847519952
3915,0.3966,1,19,1,84387,521223,6429,101527,4.828105894994257,0.16303010839020474
3916,0.3967,4,62,4,84449,521161,6433,101523,4.827531586942828,0.16304096459841588
3917,0.3968,1,28,1,84477,521133,6434,101522,4.827272222016377,0.16304695216452128
3918,0.3969,3,31,3,84508,521102,6437,101519,4.8269850679906625,0.16305103746902208
3919,0.397,4,33,4,84541,521069,6441,101515,4.826679387898774,0.16305430271256569
3920,0.3971,3,26,3,84567,521043,6444,101512,4.826438549038497,0.1630570792941989
3921,0.3972,5,14,5,84581,521029,6449,101507,4.826308866575271,0.16305402418494674
3922,0.3973,4,18,4,84599,521011,6453,101503,4.8261421319796955,0.16305336104890814
3923,0.3974,3,39,3,84638,520972,6456,101500,4.825780873689281,0.16305954324049918
3924,0.3975,1,43,1,84681,520929,6457,101499,4.825382563266516,0.1630694634560142
3925,0.3976,2,44,2,84725,520885,6459,101497,4.824974989810664,0.16307830239306406
3926,0.3977,1,18,1,84743,520867,6460,101496,4.824808255215087,0.16308167419978373
3927,0.3978,0,13,0,84756,520854,6460,101496,4.82468783578495,0.16308508074234757
3928,0.3979,2,25,2,84781,520829,6462,101494,4.824456259957761,0.1630889425587677
3929,0.398,1,61,1,84842,520768,6463,101493,4.82389121493942,0.16310358515156823
3930,0.3981,0,9,0,84851,520759,6463,101493,4.823807847641632,0.16310594421552682
3931,0.3982,2,12,2,84863,520747,6465,101491,4.823696691244582,0.16310639980200503
3932,0.3983,2,25,2,84888,520722,6467,101489,4.823465115417393,0.16311026323867628
3933,0.3984,2,20,2,84908,520702,6469,101487,4.823279854755641,0.1631128162021508
3934,0.3985,2,21,2,84929,520681,6471,101485,4.823085331060803,0.1631156315195623
3935,0.3986,0,21,0,84950,520660,6471,101485,4.8228908073659635,0.16312113735543965
3936,0.3987,1,19,1,84969,520641,6472,101484,4.822714809737301,0.163124773960217
3937,0.3988,2,23,2,84992,520618,6474,101482,4.822501759976286,0.16312811445105288
3938,0.3989,3,20,3,85012,520598,6477,101479,4.822316499314535,0.16312932321882984
3939,0.399,4,34,4,85046,520564,6481,101475,4.822001556189559,0.16313285822914642
3940,0.3991,4,38,4,85084,520526,6485,101471,4.821649560932232,0.16313744278509382
3941,0.3992,3,14,3,85098,520512,6488,101468,4.821519878469006,0.16313707836264832
3942,0.3993,2,7,2,85105,520505,6490,101466,4.821455037237393,0.1631362233930521
3943,0.3994,0,12,0,85117,520493,6490,101466,4.821343880840343,0.16313937092316375
3944,0.3995,0,21,0,85138,520472,6490,101466,4.8211493571455035,0.16314487939312278
3945,0.3996,3,27,3,85165,520445,6493,101463,4.82089925525214,0.1631479254166211
3946,0.3997,2,25,2,85190,520420,6495,101461,4.820667679424951,0.16315179270632163
3947,0.3998,1,13,1,85203,520407,6496,101460,4.820547259994813,0.16315385765766635
3948,0.3999,5,14,5,85217,520393,6501,101455,4.820417577531587,0.16315080212527822
3949,0.4,4,60,4,85277,520333,6505,101451,4.819861795546334,0.16316116207557607
3950,0.4001,1,30,1,85307,520303,6506,101450,4.819583904553707,0.16316768877673288
3951,0.4002,4,23,4,85330,520280,6510,101446,4.819370854792694,0.16316834103769184
3952,0.4003,4,52,4,85382,520228,6514,101442,4.8188891770721405,0.1631766049511799
3953,0.4004,1,43,1,85425,520185,6515,101441,4.818490866649376,0.16318654625128293
3954,0.4005,3,11,3,85436,520174,6518,101438,4.818388973285413,0.16318539539133736
3955,0.4006,2,13,2,85449,520161,6520,101436,4.818268553855274,0.16318611576310696
3956,0.4007,4,29,4,85478,520132,6524,101432,4.817999925895736,0.16318834424130096
3957,0.4008,2,34,2,85512,520098,6526,101430,4.817684982770759,0.1631945785226088
3958,0.4009,2,18,2,85530,520080,6528,101428,4.817518248175182,0.16319661211118763
3959,0.401,0,32,0,85562,520048,6528,101428,4.817221831116381,0.16320501515746386
3960,0.4011,5,19,5,85581,520029,6533,101423,4.817045833487717,0.16320327233639928
3961,0.4012,1,25,1,85606,520004,6534,101422,4.816814257660528,0.16320849143743582
3962,0.4013,2,26,2,85632,519978,6536,101420,4.816573418800252,0.16321262701199554
3963,0.4014,3,27,3,85659,519951,6539,101417,4.816323316906888,0.16321567895353478
3964,0.4015,1,13,1,85672,519938,6540,101416,4.8162028974767495,0.16321774704918612
3965,0.4016,4,34,4,85706,519904,6544,101412,4.815887954351773,0.1632212915810956
3966,0.4017,4,25,4,85731,519879,6548,101408,4.815656378524584,0.16322247206202609
3967,0.4018,3,13,3,85744,519866,6551,101405,4.815535959094446,0.16322184682690807
3968,0.4019,2,26,2,85770,519840,6553,101403,4.815295120234169,0.16322598403523259
3969,0.402,3,30,3,85800,519810,6556,101400,4.815017229241543,0.16322982566281935
3970,0.4021,6,23,6,85823,519787,6562,101394,4.814804179480529,0.1632277870701132
3971,0.4022,2,19,2,85842,519768,6564,101392,4.814628181851866,0.1632300856462103
3972,0.4023,4,50,4,85892,519718,6568,101388,4.814165030197488,0.16323783701976796
3973,0.4024,2,6,2,85898,519712,6570,101386,4.814109451998963,0.16323671948710186
3974,0.4025,4,21,4,85919,519691,6574,101382,4.813914928304124,0.16323684977450315
3975,0.4026,3,37,3,85956,519654,6577,101379,4.8135721960798845,0.16324253300549246
3976,0.4027,0,18,0,85974,519636,6577,101379,4.813405461484308,0.16324726455882707
3977,0.4028,1,19,1,85993,519617,6578,101378,4.813229463855645,0.1632509118430905
3978,0.4029,1,33,1,86026,519584,6579,101377,4.812923783763756,0.16325824005050238
3979,0.403,4,29,4,86055,519555,6583,101373,4.812655155804216,0.16326047464440321
3980,0.4031,3,11,3,86066,519544,6586,101370,4.812553262440254,0.16325932415761282
3981,0.4032,4,28,4,86094,519516,6590,101366,4.812293897513802,0.16326129602726444
3982,0.4033,1,20,1,86114,519496,6591,101365,4.8121086368520505,0.16326520751021564
3983,0.4034,2,37,2,86151,519459,6593,101363,4.811765904627811,0.1632722422852283
3984,0.4035,1,68,1,86219,519391,6594,101362,4.811136018377858,0.16328877991729399
3985,0.4036,5,11,5,86230,519380,6599,101357,4.811034125013895,0.16328493387698817
3986,0.4037,2,46,2,86276,519334,6601,101355,4.8106080254918675,0.16329433903291343
3987,0.4038,3,34,3,86310,519300,6604,101352,4.81029308236689,0.16329924015390268
3988,0.4039,5,29,5,86339,519271,6609,101347,4.810024454407351,0.1633001298705484
3989,0.404,4,18,4,86357,519253,6613,101343,4.809857719811776,0.1632994734094322
3990,0.4041,1,14,1,86371,519239,6614,101342,4.80972803734855,0.1633018091111394
3991,0.4042,1,14,1,86385,519225,6615,101341,4.809598354885324,0.1633041449257613
3992,0.4043,4,17,4,86402,519208,6619,101337,4.809440883322835,0.1633032253905841
3993,0.4044,4,25,4,86427,519183,6623,101333,4.809209307495647,0.16330441116747996
3994,0.4045,1,19,1,86446,519164,6624,101332,4.809033309866983,0.16330806322683789
3995,0.4046,5,45,5,86491,519119,6629,101327,4.808616473378043,0.16331316504578963
3996,0.4047,2,25,2,86516,519094,6631,101325,4.808384897550854,0.1633170486397096
3997,0.4048,1,16,1,86532,519078,6632,101324,4.808236689021453,0.16331991192807244
3998,0.4049,2,32,2,86564,519046,6634,101322,4.807940271962652,0.16332563897557578
3999,0.405,3,23,3,86587,519023,6637,101319,4.807727222201637,0.1633276482972296
4000,0.4051,7,54,7,86641,518969,6644,101312,4.80722701841491,0.1633324251427982
4001,0.4052,0,78,0,86719,518891,6644,101312,4.80650450183408,0.16335296668993862
4002,0.4053,2,31,2,86750,518860,6646,101310,4.806217347808366,0.1633584339777803
4003,0.4054,6,25,6,86775,518835,6652,101304,4.805985771981177,0.1633569248184681
4004,0.4055,0,25,0,86800,518810,6652,101304,4.8057541961539885,0.16336351058031265
4005,0.4056,2,52,2,86852,518758,6654,101302,4.805272518433436,0.16337451214398607
4006,0.4057,2,44,2,86896,518714,6656,101300,4.8048649449775835,0.1633834074714442
4007,0.4058,1,32,1,86928,518682,6657,101299,4.804568527918781,0.1633904909989177
4008,0.4059,3,28,3,86956,518654,6660,101296,4.80430916299233,0.163393822082426
4009,0.406,2,21,2,86977,518633,6662,101294,4.804114639297492,0.16339665799360248
4010,0.4061,4,53,4,87030,518580,6666,101290,4.803623698543851,0.163405230128898
4011,0.4062,4,39,4,87069,518541,6670,101286,4.8032624402534365,0.1634101128218035
4012,0.4063,7,85,7,87154,518456,6677,101279,4.802475082440995,0.16342307599215794
4013,0.4064,2,25,2,87179,518431,6679,101277,4.802243506613806,0.16342696883048144
4014,0.4065,4,29,4,87208,518402,6683,101273,4.801974878654266,0.1634292169282285
4015,0.4066,4,51,4,87259,518351,6687,101269,4.801502463966801,0.16343726800296957
4016,0.4067,2,12,2,87271,518339,6689,101267,4.801391307569751,0.16343773301097794
4017,0.4068,1,39,1,87310,518300,6690,101266,4.801030049279336,0.16344667073402994
4018,0.4069,4,23,4,87333,518277,6694,101262,4.8008169995183225,0.16344733745575338
4019,0.407,0,11,0,87344,518266,6694,101262,4.800715106154359,0.16345023953719606
4020,0.4071,1,35,1,87379,518231,6695,101261,4.8003908999962945,0.16345812375301053
4021,0.4072,0,21,0,87400,518210,6695,101261,4.800196376301456,0.16346366496575304
4022,0.4073,9,34,9,87434,518176,6704,101252,4.79988143317648,0.16346048289712445
4023,0.4074,2,12,2,87446,518164,6706,101250,4.799770276779428,0.16346094857397475
4024,0.4075,4,30,4,87476,518134,6710,101246,4.799492385786802,0.16346346346346347
4025,0.4076,2,16,2,87492,518118,6712,101244,4.799344177257401,0.16346498493611167
4026,0.4077,0,21,0,87513,518097,6712,101244,4.799149653562562,0.16347052754459981
4027,0.4078,3,27,3,87540,518070,6715,101241,4.798899551669199,0.16347360211589976
4028,0.4079,2,22,2,87562,518048,6717,101239,4.7986957649412725,0.16347670789149457
4029,0.408,3,13,3,87575,518035,6720,101236,4.798575345511134,0.1634760872057629
4030,0.4081,5,28,5,87603,518007,6725,101231,4.7983159805846824,0.16347672461961313
4031,0.4082,1,20,1,87623,517987,6726,101230,4.7981307199229315,0.16348065379341975
4032,0.4083,0,22,0,87645,517965,6726,101230,4.797926933195005,0.16348646226148467
4033,0.4084,2,19,2,87664,517946,6728,101228,4.7977509355663415,0.16348877698352968
4034,0.4085,2,42,2,87706,517904,6730,101226,4.797361888176664,0.16349716537722286
4035,0.4086,5,22,5,87728,517882,6735,101221,4.797158101448739,0.1634962195305143
4036,0.4087,3,115,3,87843,517767,6738,101218,4.796092852643669,0.16352254093394833
4037,0.4088,9,92,9,87935,517675,6747,101209,4.795240653599615,0.16353468501366977
4038,0.4089,2,26,2,87961,517649,6749,101207,4.794999814739338,0.163538852333984
4039,0.409,3,22,3,87983,517627,6752,101204,4.794796028011412,0.16354061124927485
4040,0.4091,2,24,2,88007,517603,6754,101202,4.794573715217311,0.16354425061206682
4041,0.4092,1,22,1,88029,517581,6755,101201,4.794369928489385,0.1635487134402746
4042,0.4093,0,10,0,88039,517571,6755,101201,4.794277298158509,0.16355135655782743
4043,0.4094,7,31,7,88070,517540,6762,101194,4.793990144132795,0.16355008775984511
4044,0.4095,0,10,0,88080,517530,6762,101194,4.7938975138019195,0.16355273110466056
4045,0.4096,4,55,4,88135,517475,6766,101190,4.793388046982104,0.16356186304381207
4046,0.4097,5,23,5,88158,517452,6771,101185,4.79317499722109,0.1635611836990028
4047,0.4098,3,38,3,88196,517414,6774,101182,4.792823001963763,0.16356717469883414
4048,0.4099,1,36,1,88232,517378,6775,101181,4.792489532772611,0.16357534204497873
4049,0.41,4,38,4,88270,517340,6779,101177,4.792137537515284,0.16357998244187305
4050,0.4101,2,18,2,88288,517322,6781,101175,4.791970802919708,0.16358203839307223
4051,0.4102,0,32,0,88320,517290,6781,101175,4.791674385860906,0.16359050229196478
4052,0.4103,1,8,1,88328,517282,6782,101174,4.791600281596206,0.16359126599143675
4053,0.4104,4,25,4,88353,517257,6786,101170,4.791368705769017,0.1635924692809337
4054,0.4105,10,113,10,88466,517144,6796,101160,4.790321983030124,0.163608839664631
4055,0.4106,3,28,3,88494,517116,6799,101157,4.790062618103672,0.1636121907312789
4056,0.4107,4,23,4,88517,517093,6803,101153,4.7898495683426585,0.1636128660759633
4057,0.4108,2,19,2,88536,517074,6805,101151,4.789673570713995,0.16361518864491084
4058,0.4109,2,30,2,88566,517044,6807,101149,4.789395679721368,0.16362042274823557
4059,0.411,2,32,2,88598,517012,6809,101147,4.789099262662567,0.16362618679013005
4060,0.4111,1,16,1,88614,516996,6810,101146,4.7889510541331655,0.16362906904885932
4061,0.4112,5,26,5,88640,516970,6815,101141,4.788710215272889,0.16362918634355317
4062,0.4113,4,16,4,88656,516954,6819,101137,4.788562006743488,0.16362800946786152
4063,0.4114,4,35,4,88691,516919,6823,101133,4.788237800585423,0.16363186269116514
4064,0.4115,3,24,3,88715,516895,6826,101130,4.788015487791323,0.16363415719428825
4065,0.4116,5,34,5,88749,516861,6831,101125,4.787700544666346,0.1636363930574479
4066,0.4117,4,26,4,88775,516835,6835,101121,4.787459705806069,0.16363786418450504
4067,0.4118,0,14,0,88789,516821,6835,101121,4.787330023342843,0.1636415715390765
4068,0.4119,3,57,3,88846,516764,6838,101118,4.786802030456853,0.16365260680841973
4069,0.412,5,33,5,88879,516731,6843,101113,4.786496350364963,0.1636545794731356
4070,0.4121,3,21,3,88900,516710,6846,101110,4.786301826670125,0.16365608105920817
4071,0.4122,4,18,4,88918,516692,6850,101106,4.786135092074549,0.1636554343005319
4072,0.4123,4,32,4,88950,516660,6854,101102,4.785838675015747,0.1636584963141145
4073,0.4124,7,34,7,88984,516626,6861,101095,4.785523731890771,0.16365802684383404
4074,0.4125,1,6,1,88990,516620,6862,101094,4.785468153692245,0.16365826256163857
4075,0.4126,4,27,4,89017,516593,6866,101090,4.785218051798881,0.16366000035616976
4076,0.4127,2,29,2,89046,516564,6868,101088,4.7849494238393415,0.16366497639447455
4077,0.4128,12,107,12,89153,516457,6880,101076,4.783958279298973,0.1636770828441557
4078,0.4129,8,59,8,89212,516398,6888,101068,4.783411760346808,0.16368188693790428
4079,0.413,6,33,6,89245,516365,6894,101062,4.783106080254918,0.16368250821554614
4080,0.4131,3,35,3,89280,516330,6897,101059,4.782781874096854,0.1636877236231938
4081,0.4132,2,17,2,89297,516313,6899,101057,4.782624402534366,0.1636895216806777
4082,0.4133,7,39,7,89336,516274,6906,101050,4.782263144243951,0.16369037976816064
4083,0.4134,2,42,2,89378,516232,6908,101048,4.781874096854274,0.1636988076723691
4084,0.4135,2,19,2,89397,516213,6910,101046,4.78169809922561,0.16370113679994946
4085,0.4136,2,24,2,89421,516189,6912,101044,4.781475786431509,0.16370479219354767
4086,0.4137,5,37,5,89458,516152,6917,101039,4.781133054207269,0.16370783112521084
4087,0.4138,0,31,0,89489,516121,6917,101039,4.780845900181555,0.16371605418368007
4088,0.4139,5,34,5,89523,516087,6922,101034,4.780530957056579,0.16371829835640012
4089,0.414,2,24,2,89547,516063,6924,101032,4.780308644262477,0.16372195529051442
4090,0.4141,3,16,3,89563,516047,6927,101029,4.780160435733077,0.16372213471274202
4091,0.4142,0,15,0,89578,516032,6927,101029,4.780021490236763,0.16372611459807054
4092,0.4143,0,15,0,89593,516017,6927,101029,4.77988254474045,0.16373009467689606
4093,0.4144,2,14,2,89607,516003,6929,101027,4.779752862277224,0.16373109897411794
4094,0.4145,5,40,5,89647,515963,6934,101022,4.779382340953722,0.16373493682990672
4095,0.4146,1,11,1,89658,515952,6935,101021,4.779280447589759,0.16373650062482475
4096,0.4147,1,24,1,89682,515928,6936,101020,4.779058134795657,0.1637415146819505
4097,0.4148,3,26,3,89708,515902,6939,101017,4.778817295935381,0.16374434893397674
4098,0.4149,9,68,9,89776,515834,6948,101008,4.778187409685428,0.16375019859218407
4099,0.415,7,18,7,89794,515816,6955,101001,4.778020675089851,0.16374548691102872
4100,0.4151,2,13,2,89807,515803,6957,100999,4.777900255659714,0.1637462265038051
4101,0.4152,5,37,5,89844,515766,6962,100994,4.7775575234354735,0.16374927038069914
4102,0.4153,3,17,3,89861,515749,6965,100991,4.777400051872985,0.16374971624995946
4103,0.4154,4,24,4,89885,515725,6969,100987,4.777177739078884,0.1637506648159919
4104,0.4155,3,37,3,89922,515688,6972,100984,4.776835006854644,0.16375642156608375
4105,0.4156,2,19,2,89941,515669,6974,100982,4.776659009225981,0.16375875495215284
4106,0.4157,3,33,3,89974,515636,6977,100979,4.776353329134092,0.163763450451254
4107,0.4158,3,22,3,89996,515614,6980,100976,4.7761495424061655,0.16376522486579412
4108,0.4159,6,53,6,90049,515561,6986,100970,4.775658601652525,0.16377116479138923
4109,0.416,2,16,2,90065,515545,6988,100968,4.775510393123124,0.16377270227878407
4110,0.4161,7,39,7,90104,515506,6995,100961,4.775149134832709,0.16377356776599558
4111,0.4162,2,20,2,90124,515486,6997,100959,4.774963874170958,0.16377616819018728
4112,0.4163,6,28,6,90152,515458,7003,100953,4.774704509244507,0.16377546799132398
4113,0.4164,1,19,1,90171,515439,7004,100952,4.774528511615843,0.1637791596567763
4114,0.4165,5,30,5,90201,515409,7009,100947,4.774250620623217,0.1637803477211222
4115,0.4166,2,23,2,90224,515386,7011,100945,4.774037570862203,0.16378374607151028
4116,0.4167,6,40,6,90264,515346,7017,100939,4.773667049538701,0.1637862352645286
4117,0.4168,11,37,11,90301,515309,7028,100928,4.7733243173144615,0.16378114264479413
4118,0.4169,2,30,2,90331,515279,7030,100926,4.773046426321835,0.16378640225249713
4119,0.417,3,35,3,90366,515244,7033,100923,4.772722220163771,0.16379163441080097
4120,0.4171,2,28,2,90394,515216,7035,100921,4.772462855237319,0.16379636347111112
4121,0.4172,6,18,6,90412,515198,7041,100915,4.772296120641743,0.1637930055038605
4122,0.4173,4,19,4,90431,515179,7045,100911,4.772120123013079,0.1637926277004983
4123,0.4174,3,21,3,90452,515158,7048,100908,4.771925599318241,0.16379413893965905
4124,0.4175,3,14,3,90466,515144,7051,100905,4.771795916855015,0.1637937891304101
4125,0.4176,4,41,4,90507,515103,7055,100901,4.771416132498425,0.16379926104375947
4126,0.4177,3,38,3,90545,515065,7058,100898,4.7710641372410985,0.1638052934997719
4127,0.4178,2,18,2,90563,515047,7060,100896,4.770897402645522,0.16380736529191825
4128,0.4179,5,16,5,90579,515031,7065,100891,4.770749194116122,0.16380483243008043
4129,0.418,3,33,3,90612,514998,7068,100888,4.770443514024232,0.163809536180397
4130,0.4181,1,13,1,90625,514985,7069,100887,4.770323094594094,0.16381163618414216
4131,0.4182,4,31,4,90656,514954,7073,100883,4.77003594056838,0.16381445090178082
4132,0.4183,1,22,1,90678,514932,7074,100882,4.769832153840453,0.16381894533089536
4133,0.4184,2,36,2,90714,514896,7076,100880,4.769498684649301,0.16382580678688355
4134,0.4185,2,13,2,90727,514883,7078,100878,4.769378265219164,0.16382654958660908
4135,0.4186,1,10,1,90737,514873,7079,100877,4.769285634888288,0.16382785221274868
4136,0.4187,1,28,1,90765,514845,7080,100876,4.769026269961836,0.1638339442702133
4137,0.4188,1,19,1,90784,514826,7081,100875,4.7688502723331725,0.16383764197232098
4138,0.4189,2,108,2,90892,514718,7083,100873,4.767849864759717,0.16386366922193468
4139,0.419,3,72,3,90964,514646,7086,100870,4.767182926377413,0.1638787618843377
4140,0.4191,1,25,1,90989,514621,7087,100869,4.766951350550224,0.16388405985474988
4141,0.4192,2,34,2,91023,514587,7089,100867,4.766636407425247,0.16389039635781066
4142,0.4193,8,101,8,91124,514486,7097,100859,4.7657008410834045,0.1639064264762044
4143,0.4194,5,98,5,91222,514388,7102,100854,4.764793063840824,0.16392573979019637
4144,0.4195,3,10,3,91232,514378,7105,100851,4.764700433509948,0.16392432736428225
4145,0.4196,4,30,4,91262,514348,7109,100847,4.7644225425173214,0.16392688497143182
4146,0.4197,0,10,0,91272,514338,7109,100847,4.764329912186446,0.16392954964766696
4147,0.4198,2,26,2,91298,514312,7111,100845,4.76408907332617,0.16393375999947982
4148,0.4199,4,26,4,91324,514286,7115,100841,4.763848234465893,0.16393525239503387
4149,0.42,5,22,5,91346,514264,7120,100836,4.763644447737967,0.16393431962282556
4150,0.4201,1,18,1,91364,514246,7121,100835,4.763477713142391,0.16393775779125025
4151,0.4202,5,36,5,91400,514210,7126,100830,4.763144243951239,0.16394055671175858
4152,0.4203,1,20,1,91420,514190,7127,100829,4.762958983289488,0.16394452854302063
4153,0.4204,3,55,3,91475,514135,7130,100826,4.7624495164696725,0.16395511260063647
4154,0.4205,5,27,5,91502,514108,7135,100821,4.762199414576309,0.16395551356335447
4155,0.4206,3,12,3,91514,514096,7138,100818,4.762088258179258,0.16395463430658597
4156,0.4207,3,18,3,91532,514078,7141,100815,4.761921523583682,0.1639553548340931
4157,0.4208,0,35,0,91567,514043,7141,100815,4.761597317425617,0.16396468778156909
4158,0.4209,3,14,3,91581,514029,7144,100812,4.761467634962392,0.1639643420006148
4159,0.421,5,36,5,91617,513993,7149,100807,4.7611341657712405,0.16396714378659727
4160,0.4211,3,20,3,91637,513973,7152,100804,4.760948905109489,0.16396839829726875
4161,0.4212,4,107,4,91744,513866,7156,100800,4.759957760569121,0.16399150107538077
4162,0.4213,1,18,1,91762,513848,7157,100799,4.759791025973545,0.16399494343907967
4163,0.4214,3,19,3,91781,513829,7160,100796,4.759615028344881,0.16399593247915395
4164,0.4215,3,8,3,91789,513821,7163,100793,4.759540924080181,0.1639939864695565
4165,0.4216,6,48,6,91837,513773,7169,100787,4.759096298491978,0.1639986331684457
4166,0.4217,1,26,1,91863,513747,7170,100786,4.758855459631702,0.16400421132795148
4167,0.4218,3,32,3,91895,513715,7173,100783,4.7585590425729,0.16400867049201137
4168,0.4219,1,35,1,91930,513680,7174,100782,4.758234836414836,0.16401665196545923
4169,0.422,4,13,4,91943,513667,7178,100778,4.758114416984697,0.16401467991439428
4170,0.4221,5,33,5,91976,513634,7183,100773,4.757808736892808,0.16401668600780916
4171,0.4222,4,14,4,91990,513620,7187,100769,4.757679054429582,0.1640149807369598
4172,0.4223,0,20,0,92010,513600,7187,100769,4.757493793767831,0.16402032003567887
4173,0.4224,1,28,1,92038,513572,7188,100768,4.75723442884138,0.16402643487319726
4174,0.4225,3,37,3,92075,513535,7191,100765,4.75689169661714,0.16403223180856258
4175,0.4226,4,16,4,92091,513519,7195,100761,4.756743488087739,0.16403106075405352
4176,0.4227,4,53,4,92144,513466,7199,100757,4.756252547334099,0.16403977057192584
4177,0.4228,2,24,2,92168,513442,7201,100755,4.756030234539998,0.1640434583692203
4178,0.4229,3,17,3,92185,513425,7204,100752,4.75587276297751,0.16404391567903065
4179,0.423,3,14,3,92199,513411,7207,100749,4.755743080514284,0.16404357170769832
4180,0.4231,2,21,2,92220,513390,7209,100747,4.755548556819445,0.164046458689185
4181,0.4232,2,44,2,92264,513346,7211,100745,4.755140983363592,0.16405549014722573
4182,0.4233,7,32,7,92296,513314,7218,100738,4.754844566304791,0.16405451004149485
4183,0.4234,2,34,2,92330,513280,7220,100736,4.754529623179814,0.16406087137794456
4184,0.4235,0,13,0,92343,513267,7220,100736,4.754409203749676,0.1640643449624839
4185,0.4236,5,40,5,92383,513227,7225,100731,4.754038682426174,0.16406822616530772
4186,0.4237,3,22,3,92405,513205,7228,100728,4.7538348956982475,0.16407002067000798
4187,0.4238,3,35,3,92440,513170,7231,100725,4.753510689540183,0.16407528974824684
4188,0.4239,3,43,3,92483,513127,7234,100722,4.753112379117418,0.16408269786217783
4189,0.424,4,37,4,92520,513090,7238,100718,4.752769646893179,0.1640871412558976
4190,0.4241,1,18,1,92538,513072,7239,100717,4.752602912297602,0.16409059139215593
4191,0.4242,3,45,3,92583,513027,7242,100714,4.7521860758086625,0.16409853667915295
4192,0.4243,5,21,5,92604,513006,7247,100709,4.751991552113824,0.1640973415999283
4193,0.4244,5,32,5,92636,512974,7252,100704,4.751695135055022,0.1640990877952281
4194,0.4245,3,41,3,92677,512933,7255,100701,4.751315350698433,0.16410596544520023
4195,0.4246,2,18,2,92695,512915,7257,100699,4.751148616102856,0.1641080549009638
4196,0.4247,1,15,1,92710,512900,7258,100698,4.7510096706065434,0.16411070440255673
4197,0.4248,4,11,4,92721,512889,7262,100694,4.75090777724258,0.16410819726100626
4198,0.4249,3,46,3,92767,512843,7265,100691,4.750481677720553,0.1641164140862609
4199,0.425,0,11,0,92778,512832,7265,100691,4.75037978435659,0.1641193565685394
4200,0.4251,8,80,8,92858,512752,7273,100683,4.749638741709585,0.16412985890925688
4201,0.4252,8,39,8,92897,512713,7281,100675,4.749277483419171,0.16412939281498823
4202,0.4253,0,17,0,92914,512696,7281,100675,4.749120011856682,0.164133941774228
4203,0.4254,7,26,7,92940,512670,7288,100668,4.748879172996406,0.16413135987008795
4204,0.4255,1,21,1,92961,512649,7289,100667,4.748684649301567,0.1641356168761291
4205,0.4256,6,61,6,93022,512588,7295,100661,4.748119604283226,0.16414376541991915
4206,0.4257,2,56,2,93078,512532,7297,100659,4.747600874430323,0.16415602968732418
4207,0.4258,4,47,4,93125,512485,7301,100655,4.747165511875209,0.16416316012656162
4208,0.4259,3,14,3,93139,512471,7304,100652,4.747035829411983,0.16416281887973538
4209,0.426,2,18,2,93157,512453,7306,100650,4.7468690948164065,0.1641649119316004
4210,0.4261,2,22,2,93179,512431,7308,100648,4.74666530808848,0.16416807621856236
4211,0.4262,4,47,4,93226,512384,7312,100644,4.746229945533366,0.16417520896272275
4212,0.4263,3,43,3,93269,512341,7315,100641,4.7458316351106005,0.1641826350529053
4213,0.4264,2,18,2,93287,512323,7317,100639,4.745664900515025,0.16418472923280725
4214,0.4265,2,50,2,93337,512273,7319,100637,4.745201748860647,0.16419539573509978
4215,0.4266,0,25,0,93362,512248,7319,100637,4.744970173033458,0.16420209337803993
4216,0.4267,2,16,2,93378,512232,7321,100635,4.744821964504057,0.16420365266852352
4217,0.4268,4,20,4,93398,512212,7325,100631,4.744636703842306,0.16420355621260257
4218,0.4269,3,13,3,93411,512199,7328,100628,4.7445162844121676,0.1642029479771616
4219,0.427,2,28,2,93439,512171,7330,100626,4.744256919485716,0.16420772294903532
4220,0.4271,3,31,3,93470,512140,7333,100623,4.743969765460002,0.16421193838400816
4221,0.4272,2,56,2,93526,512084,7335,100621,4.743451035607099,0.16422421883288044
4222,0.4273,2,30,2,93556,512054,7337,100619,4.743173144614473,0.16422953190364192
4223,0.4274,0,42,0,93598,512012,7337,100619,4.742784097224796,0.16424079094920108
4224,0.4275,3,14,3,93612,511998,7340,100616,4.74265441476157,0.16424045157309497
4225,0.4276,11,35,11,93647,511963,7351,100605,4.742330208603505,0.16423482780687204
4226,0.4277,6,34,6,93681,511929,7357,100599,4.742015265478528,0.1642357573857848
4227,0.4278,2,7,2,93688,511922,7359,100597,4.741950424246915,0.1642349053662009
4228,0.4279,0,24,0,93712,511898,7359,100597,4.741728111452814,0.16424134074563873
4229,0.428,4,23,4,93735,511875,7363,100593,4.741515061691801,0.16424205019690824
4230,0.4281,1,18,1,93753,511857,7364,100592,4.741348327096224,0.16424551268758705
4231,0.4282,6,27,6,93780,511830,7370,100586,4.741098225202861,0.16424456578534852
4232,0.4283,6,21,6,93801,511809,7376,100580,4.740903701508022,0.164242009572347
4233,0.4284,3,37,3,93838,511772,7379,100577,4.7405609692837825,0.16424783905909865
4234,0.4285,0,5,0,93843,511767,7379,100577,4.7405146541183445,0.16424918019936507
4235,0.4286,0,10,0,93853,511757,7379,100577,4.740422023787469,0.1642518625456042
4236,0.4287,2,7,2,93860,511750,7381,100575,4.740357182555856,0.16425101049279386
4237,0.4288,7,49,7,93909,511701,7388,100568,4.7399032939345656,0.1642546005105599
4238,0.4289,4,34,4,93943,511667,7392,100564,4.739588350809589,0.16425826199588064
4239,0.429,0,34,0,93977,511633,7392,100564,4.739273407684612,0.16426738451838216
4240,0.4291,3,30,3,94007,511603,7395,100561,4.738995516691985,0.16427133905293353
4241,0.4292,5,15,5,94022,511588,7400,100556,4.738856571195672,0.16426853812174913
4242,0.4293,4,51,4,94073,511537,7404,100552,4.738384156508207,0.16427676367325666
4243,0.4294,1,16,1,94089,511521,7405,100551,4.738235947978806,0.16427969258518604
4244,0.4295,2,33,2,94122,511488,7407,100549,4.737930267886917,0.1642858193213809
4245,0.4296,3,27,3,94149,511461,7410,100546,4.737680165993553,0.16428897055099043
4246,0.4297,4,48,4,94197,511413,7414,100542,4.73723554040535,0.16429639434272128
4247,0.4298,2,54,2,94251,511359,7416,100540,4.736735336618622,0.16430816196790646
4248,0.4299,1,50,1,94301,511309,7417,100539,4.736272184964244,0.16432022332343982
4249,0.43,6,20,6,94321,511289,7423,100533,4.7360869243024935,0.1643173995050848
4250,0.4301,5,25,5,94346,511264,7428,100528,4.7358553484753045,0.16431728430577713
4251,0.4302,3,17,3,94363,511247,7431,100525,4.735697876912816,0.16431775236526025
4252,0.4303,2,30,2,94393,511217,7433,100523,4.735419985920189,0.1643230784320136
4253,0.4304,3,46,3,94439,511171,7436,100520,4.734993886398162,0.16433133722745635
4254,0.4305,3,29,3,94468,511142,7439,100517,4.7347252584386235,0.16433502981236278
4255,0.4306,5,25,5,94493,511117,7444,100512,4.7344936826114346,0.16433491544710926
4256,0.4307,2,20,2,94513,511097,7446,100510,4.734308421949684,0.16433755663358987
4257,0.4308,3,29,3,94542,511068,7449,100507,4.734039793990144,0.16434125005109756
4258,0.4309,3,22,3,94564,511046,7452,100504,4.733836007262218,0.16434306270950863
4259,0.431,1,11,1,94575,511035,7453,100503,4.7337341138982545,0.16434465233558668
4260,0.4311,2,7,2,94582,511028,7455,100501,4.733669272666642,0.16434380053930395
4261,0.4312,3,9,3,94591,511019,7458,100498,4.733585905368854,0.1643421196794202
4262,0.4313,4,18,4,94609,511001,7462,100494,4.733419170773278,0.1643414909361483
4263,0.4314,4,30,4,94639,510971,7466,100490,4.733141279780652,0.1643440873579836
4264,0.4315,3,27,3,94666,510944,7469,100487,4.7328911778872875,0.1643472444151507
4265,0.4316,1,53,1,94719,510891,7470,100486,4.732400237133647,0.16436012476753295
4266,0.4317,3,17,3,94736,510874,7473,100483,4.732242765571159,0.16436059454623075
4267,0.4318,6,18,6,94754,510856,7479,100477,4.732076030975582,0.16435723247395445
4268,0.4319,4,24,4,94778,510832,7483,100473,4.7318537181814815,0.16435821725652497
4269,0.432,4,37,4,94815,510795,7487,100469,4.731510985957242,0.1643626976232855
4270,0.4321,0,19,0,94834,510776,7487,100469,4.7313349883285785,0.16436780668962528
4271,0.4322,4,21,4,94855,510755,7491,100465,4.731140464633739,0.16436798534079383
4272,0.4323,2,24,2,94879,510731,7493,100463,4.730918151839639,0.1643717052196193
4273,0.4324,4,43,4,94922,510688,7497,100459,4.730519841416873,0.16437780108549988
4274,0.4325,1,19,1,94941,510669,7498,100458,4.73034384378821,0.16438154426166737
4275,0.4326,4,80,4,95021,510589,7502,100454,4.729602801141206,0.16439759558656264
4276,0.4327,4,22,4,95043,510567,7506,100450,4.729399014413279,0.1643980445715913
4277,0.4328,0,14,0,95057,510553,7506,100450,4.729269331950054,0.1644018114477343
4278,0.4329,3,33,3,95090,510520,7509,100447,4.728963651858164,0.16440658824453694
4279,0.433,3,32,3,95122,510488,7512,100444,4.728667234799363,0.16441109648864358
4280,0.4331,1,17,1,95139,510471,7513,100443,4.728509763236874,0.16441430381363006
4281,0.4332,2,37,2,95176,510434,7515,100441,4.728167031012635,0.16442152649887457
4282,0.4333,7,132,7,95308,510302,7522,100434,4.726944310645077,0.1644474863115978
4283,0.4334,4,31,4,95339,510271,7526,100430,4.726657156619363,0.16445036114235936
4284,0.4335,1,48,1,95387,510223,7527,100429,4.726212531031161,0.16446191939107707
4285,0.4336,1,9,1,95396,510214,7528,100428,4.726129163733373,0.1644629750328343
4286,0.4337,2,24,2,95420,510190,7530,100426,4.725906850939271,0.16446670247749814
4287,0.4338,5,27,5,95447,510163,7535,100421,4.725656749045908,0.16446713310535488
4288,0.4339,3,48,3,95495,510115,7538,100418,4.725212123457705,0.16447595789252997
4289,0.434,2,20,2,95515,510095,7540,100416,4.7250268627959535,0.1644786089030337
4290,0.4341,7,30,7,95545,510065,7547,100409,4.7247489718033275,0.16447711122832423
4291,0.4342,2,28,2,95573,510037,7549,100407,4.724489606876876,0.16448191807929965
4292,0.4343,10,62,10,95635,509975,7559,100397,4.723915298825448,0.1644849370547797
4293,0.4344,9,143,9,95778,509832,7568,100388,4.722590685093927,0.16451115990954082
4294,0.4345,5,39,5,95817,509793,7573,100383,4.722229426803513,0.16451482850849591
4295,0.4346,2,62,2,95879,509731,7575,100381,4.721655118752084,0.16452880782544843
4296,0.4347,7,27,7,95906,509704,7582,100374,4.7214050168587205,0.1645265031684473
4297,0.4348,1,20,1,95926,509684,7583,100373,4.7212197561969695,0.16453052747530147
4298,0.4349,2,28,2,95954,509656,7585,100371,4.720960391270518,0.1645353402390386
4299,0.435,1,34,1,95988,509622,7586,100370,4.72064544814554,0.16454314154939736
4300,0.4351,1,15,1,96003,509607,7587,100369,4.720506502649227,0.16454581819612574
4301,0.4352,0,90,0,96093,509517,7587,100369,4.719672829671348,0.164570099985899
4302,0.4353,1,18,1,96111,509499,7588,100368,4.719506095075771,0.1645735873559317
4303,0.4354,2,22,2,96133,509477,7590,100366,4.719302308347846,0.16457678451667068
4304,0.4355,7,64,7,96197,509413,7597,100359,4.718709474230242,0.16458446763708404
4305,0.4356,1,19,1,96216,509394,7598,100358,4.7185334766015785,0.16458822603287895
4306,0.4357,3,17,3,96233,509377,7601,100355,4.71837600503909,0.16458870454560365
4307,0.4358,1,25,1,96258,509352,7602,100354,4.718144429211901,0.16459408304986337
4308,0.4359,7,19,7,96277,509333,7609,100347,4.7179684315832375,0.16458962078467393
4309,0.436,5,93,5,96370,509240,7614,100342,4.717106969506095,0.16460787884156686
4310,0.4361,3,37,3,96407,509203,7617,100339,4.716764237281856,0.16461375918312438
4311,0.4362,5,41,5,96448,509162,7622,100334,4.716384452925266,0.1646179794453122
4312,0.4363,0,11,0,96459,509151,7622,100334,4.716282559561303,0.164620950474581
4313,0.4364,9,55,9,96514,509096,7631,100325,4.715773092741487,0.16462347047443393
4314,0.4365,1,29,1,96543,509067,7632,100324,4.715504464781948,0.16462993381917357
4315,0.4366,4,32,4,96575,509035,7636,100320,4.715208047723147,0.16463309565031878
4316,0.4367,2,41,2,96616,508994,7638,100318,4.714828263366557,0.1646414316474975
4317,0.4368,7,26,7,96642,508968,7645,100311,4.714587424506281,0.1646388600296416
4318,0.4369,6,48,6,96690,508920,7651,100305,4.714142798918077,0.16464360457958882
4319,0.437,2,38,2,96728,508882,7653,100303,4.713790803660751,0.1646511322504658
4320,0.4371,1,74,1,96802,508808,7654,100302,4.713105339212271,0.1646697640820213
4321,0.4372,6,16,6,96818,508792,7660,100296,4.712957130682871,0.16466586109067985
4322,0.4373,1,41,1,96859,508751,7661,100295,4.712577346326281,0.1646755745871412
4323,0.4374,2,40,2,96899,508711,7663,100293,4.712206825002779,0.16468364739804664
4324,0.4375,3,20,3,96919,508691,7666,100290,4.712021564341028,0.16468494090948652
4325,0.4376,3,8,3,96927,508683,7669,100287,4.711947460076328,0.16468298930981823
4326,0.4377,3,28,3,96955,508655,7672,100284,4.711688095149876,0.16468644642566826
4327,0.4378,3,38,3,96993,508617,7675,100281,4.711336099892549,0.16469260861425067
4328,0.4379,1,25,1,97018,508592,7676,100280,4.71110452406536,0.16469799892259784
4329,0.438,5,27,5,97045,508565,7681,100275,4.710854422171996,0.16469844294067407
4330,0.4381,5,36,5,97081,508529,7686,100270,4.710520952980844,0.16470132178272304
4331,0.4382,3,14,3,97095,508515,7689,100267,4.7103912705176185,0.1647009931305459
4332,0.4383,1,14,1,97109,508501,7690,100266,4.710261588054393,0.1647034086933096
4333,0.4384,2,23,2,97132,508478,7692,100264,4.710048538293379,0.16470688731843705
4334,0.4385,6,39,6,97171,508439,7698,100258,4.7096872800029645,0.164709206715328
4335,0.4386,4,18,4,97189,508421,7702,100254,4.709520545407388,0.16470858832710394
4336,0.4387,5,43,5,97232,508378,7707,100249,4.709122234984624,0.1647133630285873
4337,0.4388,4,25,4,97257,508353,7711,100245,4.708890659157435,0.16471463921997773
4338,0.4389,2,28,2,97285,508325,7713,100243,4.708631294230983,0.16471947259796768
4339,0.439,2,13,2,97298,508312,7715,100241,4.708510874800845,0.1647202462234185
4340,0.4391,2,34,2,97332,508278,7717,100239,4.708195931675868,0.16472670443060752
4341,0.4392,4,18,4,97350,508260,7721,100235,4.708029197080292,0.16472608649208292
4342,0.4393,3,28,3,97378,508232,7724,100232,4.707769832153841,0.16472954850245866
4343,0.4394,5,13,5,97391,508219,7729,100227,4.707649412723702,0.16472620413315234
4344,0.4395,2,28,2,97419,508191,7731,100225,4.707390047797251,0.1647310392889076
4345,0.4396,1,18,1,97437,508173,7732,100224,4.707223313201675,0.16473454011114452
4346,0.4397,4,27,4,97464,508146,7736,100220,4.706973211308311,0.16473635936262052
4347,0.4398,2,12,2,97476,508134,7738,100218,4.7068620549112605,0.16473686286886538
4348,0.4399,2,43,2,97519,508091,7740,100216,4.706463744488495,0.16474576159735133
4349,0.44,0,14,0,97533,508077,7740,100216,4.706334062025269,0.16474955325805163
4350,0.4401,2,19,2,97552,508058,7742,100214,4.706158064396606,0.16475195307362495
4351,0.4402,2,33,2,97585,508025,7744,100212,4.705852384304717,0.16475814526245525
4352,0.4403,5,32,5,97617,507993,7749,100207,4.705555967245915,0.16475994738572838
4353,0.4404,6,53,6,97670,507940,7755,100201,4.705065026492274,0.16476606576435399
4354,0.4405,6,30,6,97700,507910,7761,100195,4.704787135499648,0.1647659532482055
4355,0.4406,4,26,4,97726,507884,7765,100191,4.704546296639371,0.16476750400855159
4356,0.4407,2,19,2,97745,507865,7767,100189,4.704370299010708,0.1647699053044631
4357,0.4408,3,27,3,97772,507838,7770,100186,4.704120197117344,0.16477310106180018
4358,0.4409,2,21,2,97793,507817,7772,100184,4.703925673422505,0.16477604477624214
4359,0.441,4,19,4,97812,507798,7776,100180,4.7037496757938415,0.16477569912069187
4360,0.4411,1,19,1,97831,507779,7777,100179,4.703573678165179,0.16477947489793704
4361,0.4412,2,22,2,97853,507757,7779,100177,4.703369891437252,0.16478269022624167
4362,0.4413,2,14,2,97867,507743,7781,100175,4.703240208974027,0.1647837372803569
4363,0.4414,2,20,2,97887,507723,7783,100173,4.703054948312276,0.16478641083343204
4364,0.4415,0,18,0,97905,507705,7783,100173,4.702888213716699,0.16479129035760465
4365,0.4416,2,31,2,97936,507674,7785,100171,4.702601059690985,0.16479694659000238
4366,0.4417,4,33,4,97969,507641,7789,100167,4.702295379599096,0.16480039749394546
4367,0.4418,5,20,5,97989,507621,7794,100162,4.702110118937345,0.1647989496251129
4368,0.4419,0,39,0,98028,507582,7794,100162,4.70174886064693,0.1648095250631845
4369,0.442,3,25,3,98053,507557,7797,100159,4.701517284819741,0.16481218200606862
4370,0.4421,4,20,4,98073,507537,7801,100155,4.70133202415799,0.1648121087656247
4371,0.4422,3,17,3,98090,507520,7804,100152,4.701174552595502,0.16481259626903988
4372,0.4423,5,38,5,98128,507482,7809,100147,4.700822557338175,0.16481603083460467
4373,0.4424,3,28,3,98156,507454,7812,100144,4.700563192411724,0.16481950236834222
4374,0.4425,5,33,5,98189,507421,7817,100139,4.700257512319834,0.16482158140759762
4375,0.4426,2,21,2,98210,507400,7819,100137,4.700062988624995,0.16482452920562862
4376,0.4427,4,45,4,98255,507355,7823,100133,4.699646152136055,0.16483123946481248
4377,0.4428,9,48,9,98303,507307,7832,100124,4.699201526547853,0.16483189037108742
4378,0.4429,3,33,3,98336,507274,7835,100121,4.698895846455963,0.16483672075008848
4379,0.443,2,32,2,98368,507242,7837,100119,4.698599429397162,0.16484265535653425
4380,0.4431,4,24,4,98392,507218,7841,100115,4.69837711660306,0.1648436689592036
4381,0.4432,4,24,4,98416,507194,7845,100111,4.69815480380896,0.16484468265533792
4382,0.4433,1,45,1,98461,507149,7846,100110,4.69773796732002,0.16485552293173095
4383,0.4434,1,10,1,98471,507139,7847,100109,4.697645336989144,0.16485686243511713
4384,0.4435,4,37,4,98508,507102,7851,100105,4.6973026047649045,0.16486140640671137
4385,0.4436,0,16,0,98524,507086,7851,100105,4.697154396235503,0.16486575064518413
4386,0.4437,4,44,4,98568,507042,7855,100101,4.696746822779651,0.16487219650065965
4387,0.4438,2,43,2,98611,506999,7857,100099,4.696348512356886,0.16488112298179206
4388,0.4439,2,43,2,98654,506956,7859,100097,4.695950201934122,0.16489005078633992
4389,0.444,3,24,3,98678,506932,7862,100094,4.69572788914002,0.16489244282781956
4390,0.4441,2,24,2,98702,506908,7864,100092,4.695505576345918,0.16489621087314663
4391,0.4442,2,29,2,98731,506879,7866,100090,4.69523694838638,0.16490133763009313
4392,0.4443,2,23,2,98754,506856,7868,100088,4.695023898625366,0.16490483471292244
4393,0.4444,6,15,6,98769,506841,7874,100082,4.694884953129052,0.1649006546135177
4394,0.4445,1,19,1,98788,506822,7875,100081,4.694708955500389,0.16490444107213179
4395,0.4446,3,29,3,98817,506793,7878,100078,4.69444032754085,0.16490819300971707
4396,0.4447,2,13,2,98830,506780,7880,100076,4.694319908110712,0.16490897346322686
4397,0.4448,4,27,4,98857,506753,7884,100072,4.694069806217348,0.1649108062456227
4398,0.4449,7,106,7,98963,506647,7891,100065,4.693087924710067,0.1649299832539986
4399,0.445,4,27,4,98990,506620,7895,100061,4.692837822816703,0.1649318175449701
4400,0.4451,0,64,0,99054,506556,7895,100061,4.6922449886991,0.16494921837007534
4401,0.4452,4,16,4,99070,506540,7899,100057,4.692096780169699,0.16494806271709223
4402,0.4453,0,12,0,99082,506528,7899,100057,4.6919856237726485,0.16495132586529504
4403,0.4454,3,30,3,99112,506498,7902,100054,4.691707732780022,0.1649553541988156
4404,0.4455,4,33,4,99145,506465,7906,100050,4.691402052688132,0.1649588221231132
4405,0.4456,3,31,3,99176,506434,7909,100047,4.691114898662418,0.1649631233295025
4406,0.4457,3,32,3,99208,506402,7912,100044,4.690818481603617,0.16496769704145134
4407,0.4458,4,55,4,99263,506347,7916,100040,4.690309014783801,0.16497715155503004
4408,0.4459,0,11,0,99274,506336,7916,100040,4.690207121419838,0.16498014433288916
4409,0.446,3,12,3,99286,506324,7919,100037,4.690095965022787,0.16497927802084897
4410,0.4461,4,23,4,99309,506301,7923,100033,4.689882915261773,0.16498002750959043
4411,0.4462,6,32,6,99341,506269,7929,100027,4.689586498202972,0.16498047158483645
4412,0.4463,5,36,5,99377,506233,7934,100022,4.6892530290118195,0.1649833815803581
4413,0.4464,2,67,2,99444,506166,7936,100020,4.688632405794953,0.16499886173550693
4414,0.4465,2,10,2,99454,506156,7938,100018,4.688539775464078,0.16499882871914665
4415,0.4466,4,58,4,99512,506098,7942,100014,4.688002519545,0.1650091072277071
4416,0.4467,4,29,4,99541,506069,7946,100010,4.687733891585461,0.1650114919012208
4417,0.4468,4,34,4,99575,506035,7950,100006,4.687418948460484,0.16501523824295716
4418,0.4469,1,19,1,99594,506016,7951,100005,4.687242950831821,0.1650190339938715
4419,0.447,4,21,4,99615,505995,7955,100001,4.687048427136982,0.16501924105109606
4420,0.4471,6,103,6,99718,505892,7961,99995,4.686094334728963,0.16503902542883409
4421,0.4472,3,46,3,99764,505846,7964,99992,4.685668235206936,0.1650474219180705
4422,0.4473,8,40,8,99804,505806,7972,99984,4.685297713883434,0.1650472936165998
4423,0.4474,4,45,4,99849,505761,7976,99980,4.684880877394494,0.16505404124865247
4424,0.4475,3,17,3,99866,505744,7979,99977,4.684723405832005,0.16505453831054231
4425,0.4476,4,23,4,99889,505721,7983,99973,4.684510356070992,0.1650552919460982
4426,0.4477,1,6,1,99895,505715,7984,99972,4.684454777872467,0.16505554849286844
4427,0.4478,6,18,6,99913,505697,7990,99966,4.684288043276891,0.16505218248431883
4428,0.4479,4,36,4,99949,505661,7994,99962,4.683954574085739,0.1650564790306841
4429,0.448,6,27,6,99976,505634,8000,99956,4.683704472192375,0.1650555656467247
4430,0.4481,2,50,2,100026,505584,8002,99954,4.683241320537997,0.16506643678844268
4431,0.4482,2,57,2,100083,505527,8004,99952,4.6827133276520065,0.16507921827181454
4432,0.4483,5,30,5,100113,505497,8009,99947,4.68243543665938,0.16508050290365417
4433,0.4484,2,52,2,100165,505445,8011,99945,4.681953758938827,0.16509192421414295
4434,0.4485,3,23,3,100188,505422,8014,99942,4.681740709177813,0.16509405911154282
4435,0.4486,1,21,1,100209,505401,8015,99941,4.681546185482975,0.16509840718139498
4436,0.4487,4,71,4,100280,505330,8019,99937,4.680888510133758,0.16511225624393863
4437,0.4488,6,21,6,100301,505309,8025,99931,4.68069398643892,0.16510970854537044
4438,0.4489,4,23,4,100324,505286,8029,99927,4.680480936677906,0.16511046524116302
4439,0.449,4,33,4,100357,505253,8033,99923,4.680175256586017,0.16511395032188983
4440,0.4491,2,89,2,100446,505164,8035,99921,4.679350846641224,0.16513547683383326
4441,0.4492,1,8,1,100454,505156,8036,99920,4.679276742376524,0.1651362804011397
4442,0.4493,1,18,1,100472,505138,8037,99919,4.679110007780948,0.16513981327379074
4443,0.4494,4,21,4,100493,505117,8041,99915,4.678915484086109,0.1651400256515358
4444,0.4495,2,29,2,100522,505088,8043,99913,4.67864685612657,0.16514518157821226
4445,0.4496,5,22,5,100544,505066,8048,99908,4.678443069398644,0.16514428719250746
4446,0.4497,4,84,4,100628,504982,8052,99904,4.677664974619289,0.1651616998905579
4447,0.4498,2,50,2,100678,504932,8054,99902,4.6772018229649115,0.16517259281058935
4448,0.4499,3,43,3,100721,504889,8057,99899,4.676803512542147,0.16518019537424683
4449,0.45,2,11,2,100732,504878,8059,99897,4.676701619178184,0.165180439006242
4450,0.4501,5,23,5,100755,504855,8064,99892,4.67648856941717,0.16517981899868872
4451,0.4502,11,53,11,100808,504802,8075,99881,4.67599762866353,0.16517911037684208
4452,0.4503,2,19,2,100827,504783,8077,99879,4.675821631034866,0.16518153943856237
4453,0.4504,3,17,3,100844,504766,8080,99876,4.675664159472378,0.1651820416047843
4454,0.4505,4,34,4,100878,504732,8084,99872,4.675349216347401,0.16518580756991352
4455,0.4506,5,24,5,100902,504708,8089,99867,4.675126903553299,0.16518546086093536
4456,0.4507,3,21,3,100923,504687,8092,99864,4.674932379858461,0.16518705617888318
4457,0.4508,5,12,5,100935,504675,8097,99859,4.67482122346141,0.16518343054319526
4458,0.4509,1,12,1,100947,504663,8098,99858,4.6747100670643595,0.16518532854938042
4459,0.451,4,48,4,100995,504615,8102,99854,4.674265441476157,0.1651929213905097
4460,0.4511,6,11,6,101006,504604,8108,99848,4.674163548112194,0.16518764103683997
4461,0.4512,4,13,4,101019,504591,8112,99844,4.674043128682055,0.16518566926137632
4462,0.4513,3,20,3,101039,504571,8115,99841,4.6738578680203045,0.1651869916546991
4463,0.4514,7,45,7,101084,504526,8122,99834,4.673441031531365,0.16518962207955523
4464,0.4515,1,32,1,101116,504494,8123,99833,4.673144614472563,0.16519698772353378
4465,0.4516,4,16,4,101132,504478,8127,99829,4.672996405943162,0.16519583589135986
4466,0.4517,4,16,4,101148,504462,8131,99825,4.672848197413761,0.16519468398294188
4467,0.4518,3,54,3,101202,504408,8134,99822,4.672347993627033,0.1652053026165533
4468,0.4519,3,25,3,101227,504383,8137,99819,4.672116417799844,0.16520799335321631
4469,0.452,2,8,2,101235,504375,8139,99817,4.672042313535144,0.1652074175096658
4470,0.4521,7,89,7,101324,504286,8146,99810,4.671217903590351,0.16522208390719356
4471,0.4522,1,36,1,101360,504250,8147,99809,4.670884434399199,0.16523054867157017
4472,0.4523,6,13,6,101373,504237,8153,99803,4.670764014969062,0.16522581286007548
4473,0.4524,1,41,1,101414,504196,8154,99802,4.670384230612472,0.1652356464756506
4474,0.4525,2,17,2,101431,504179,8156,99800,4.670226759049983,0.165237533093038
4475,0.4526,2,27,2,101458,504152,8158,99798,4.669976657156619,0.16524215580759996
4476,0.4527,1,15,1,101473,504137,8159,99797,4.669837711660306,0.1652448777515424
4477,0.4528,1,16,1,101489,504121,8160,99796,4.669689503130905,0.16524787346605577
4478,0.4529,2,21,2,101510,504100,8162,99794,4.669494979436067,0.1652508552825496
4479,0.453,4,58,4,101568,504042,8166,99790,4.668957723516988,0.16526119847904716
4480,0.4531,3,42,3,101610,504000,8169,99787,4.668568676127311,0.16526854668947824
4481,0.4532,3,26,3,101636,503974,8172,99784,4.668327837267035,0.1652715160710086
4482,0.4533,2,30,2,101666,503944,8174,99782,4.668049946274408,0.16527696339067724
4483,0.4534,5,61,5,101727,503883,8179,99777,4.667484901256067,0.16528675081999802
4484,0.4535,5,75,5,101802,503808,8184,99772,4.6667901737745,0.16530037443255244
4485,0.4536,4,58,4,101860,503750,8188,99768,4.666252917855423,0.16531072809758782
4486,0.4537,2,18,2,101878,503732,8190,99766,4.666086183259846,0.165312892503372
4487,0.4538,3,28,3,101906,503704,8193,99763,4.665826818333395,0.16531641332500369
4488,0.4539,1,19,1,101925,503685,8194,99762,4.665650820704731,0.16532023524849737
4489,0.454,4,35,4,101960,503650,8198,99758,4.665326614546667,0.16532429135841753
4490,0.4541,3,36,3,101996,503614,8201,99755,4.664993145355515,0.1653300053532747
4491,0.4542,2,21,2,102017,503593,8203,99753,4.664798621660677,0.16533299300898655
4492,0.4543,5,115,5,102132,503478,8208,99748,4.663733372855607,0.165357594002911
4493,0.4544,2,26,2,102158,503452,8210,99746,4.663492533995331,0.165361954117885
4494,0.4545,4,51,4,102209,503401,8214,99742,4.663020119307866,0.16537040138076708
4495,0.4546,1,26,1,102235,503375,8215,99741,4.66277928044759,0.16537614654560648
4496,0.4547,3,78,3,102313,503297,8218,99738,4.662056763866761,0.16539338512689977
4497,0.4548,2,49,2,102362,503248,8220,99736,4.66160287524547,0.16540405715574544
4498,0.4549,0,30,0,102392,503218,8220,99736,4.661324984252844,0.1654122868411189
4499,0.455,3,85,3,102477,503133,8223,99733,4.6605376264404015,0.16543145574638476
4500,0.4551,2,38,2,102515,503095,8225,99731,4.660185631183075,0.16543911510120665
4501,0.4552,3,32,3,102547,503063,8228,99728,4.659889214124273,0.16544374418330732
4502,0.4553,2,14,2,102561,503049,8230,99726,4.659759531661047,0.165444817718054
4503,0.4554,2,22,2,102583,503027,8232,99724,4.659555744933121,0.16544808718691467
4504,0.4555,1,48,1,102631,502979,8233,99723,4.659111119344918,0.16545987901151812
4505,0.4556,8,39,8,102670,502940,8241,99715,4.6587498610545035,0.1654595083422522
4506,0.4557,2,32,2,102702,502908,8243,99713,4.658453443995702,0.16546552476598061
4507,0.4558,2,14,2,102716,502894,8245,99711,4.658323761532476,0.1654665991818853
4508,0.4559,3,32,3,102748,502862,8248,99708,4.658027344473674,0.1654712315581592
4509,0.456,2,14,2,102762,502848,8250,99706,4.657897662010448,0.16547230621653827
4510,0.4561,4,10,4,102772,502838,8254,99702,4.657805031679573,0.16546951239751717
4511,0.4562,1,24,1,102796,502814,8255,99701,4.657582718885472,0.16547471847173928
4512,0.4563,5,21,5,102817,502793,8260,99696,4.6573881951906335,0.165473560513138
4513,0.4564,3,46,3,102863,502747,8263,99693,4.6569620956686055,0.16548203970519887
4514,0.4565,3,57,3,102920,502690,8266,99690,4.656434102782615,0.16549354228228028
4515,0.4566,0,18,0,102938,502672,8266,99690,4.656267368187039,0.165498487620401
4516,0.4567,1,36,1,102974,502636,8267,99689,4.655933898995888,0.16550699373261943
4517,0.4568,2,20,2,102994,502616,8269,99687,4.655748638334136,0.16550971853037424
4518,0.4569,5,30,5,103024,502586,8274,99682,4.65547074734151,0.1655110349545385
4519,0.457,0,33,0,103057,502553,8274,99682,4.65516506724962,0.16552010427823025
4520,0.4571,4,36,4,103093,502517,8278,99678,4.654831598058468,0.16552445636380242
4521,0.4572,2,36,2,103129,502481,8280,99676,4.654498128867316,0.1655315806342864
4522,0.4573,2,32,2,103161,502449,8282,99674,4.654201711808515,0.16553760610373627
4523,0.4574,3,12,3,103173,502437,8285,99671,4.6540905554114635,0.16553674756023837
4524,0.4575,5,18,5,103191,502419,8290,99666,4.653923820815888,0.16553476668576697
4525,0.4576,2,31,2,103222,502388,8292,99664,4.653636666790174,0.1655405180947825
4526,0.4577,2,46,2,103268,502342,8294,99662,4.653210567268146,0.1655503950139866
4527,0.4578,2,21,2,103289,502321,8296,99660,4.653016043573308,0.16555339786471665
4528,0.4579,4,17,4,103306,502304,8300,99656,4.652858572010819,0.16555252840720314
4529,0.458,7,66,7,103372,502238,8307,99649,4.65224721182704,0.16556097739276643
4530,0.4581,4,31,4,103403,502207,8311,99645,4.651960057801326,0.16556395924579465
4531,0.4582,0,16,0,103419,502191,8311,99645,4.651811849271926,0.16556836081590334
4532,0.4583,3,31,3,103450,502160,8314,99642,4.651524695246211,0.16557272990119673
4533,0.4584,5,61,5,103511,502099,8319,99637,4.650959650227871,0.16558258106545062
4534,0.4585,1,28,1,103539,502071,8320,99636,4.650700285301419,0.16558889958069292
4535,0.4586,2,20,2,103559,502051,8322,99634,4.650515024639668,0.16559163017193382
4536,0.4587,4,31,4,103590,502020,8326,99630,4.6502278706139535,0.16559461480927448
4537,0.4588,2,16,2,103606,502004,8328,99628,4.650079662084553,0.16559624488059146
4538,0.4589,3,17,3,103623,501987,8331,99625,4.649922190522065,0.16559676336243292
4539,0.459,6,42,6,103665,501945,8337,99619,4.649533143132388,0.16560000265973362
4540,0.4591,4,31,4,103696,501914,8341,99615,4.6492459891066735,0.16560298838459991
4541,0.4592,3,56,3,103752,501858,8344,99612,4.64872725925377,0.1656142450995062
4542,0.4593,0,25,0,103777,501833,8344,99612,4.648495683426582,0.16562112911405033
4543,0.4594,6,43,6,103820,501790,8350,99606,4.648097373003816,0.16562464665544832
4544,0.4595,7,57,7,103877,501733,8357,99599,4.647569380117826,0.16563063332734662
4545,0.4596,3,28,3,103905,501705,8360,99596,4.647310015191374,0.1656341832127337
4546,0.4597,2,15,2,103920,501690,8362,99594,4.6471710696950606,0.16563553994451874
4547,0.4598,2,28,2,103948,501662,8364,99592,4.646911704768609,0.1656404780675056
4548,0.4599,9,32,9,103980,501630,8373,99583,4.646615287709808,0.16563680426071958
4549,0.46,6,30,6,104010,501600,8379,99577,4.646337396717181,0.1656367425899527
4550,0.4601,3,29,3,104039,501571,8382,99574,4.646068768757642,0.16564056924702028
4551,0.4602,4,12,4,104051,501559,8386,99570,4.645957612360592,0.16563832388721889
4552,0.4603,3,29,3,104080,501530,8389,99567,4.645688984401052,0.16564215093404225
4553,0.4604,2,38,2,104118,501492,8391,99565,4.6453369891437255,0.1656498468531271
4554,0.4605,2,46,2,104164,501446,8393,99563,4.6449108896216975,0.1656597488556744
4555,0.4606,6,25,6,104189,501421,8399,99557,4.644679313794509,0.16565831028756461
4556,0.4607,5,58,5,104247,501363,8404,99552,4.644142057875431,0.16566735728014778
4557,0.4608,1,24,1,104271,501339,8405,99551,4.643919745081329,0.16567258566459753
4558,0.4609,3,16,3,104287,501323,8408,99548,4.643771536551928,0.16567283160611845
4559,0.461,2,26,2,104313,501297,8410,99546,4.643530697691652,0.16567722350098113
4560,0.4611,3,40,3,104353,501257,8413,99543,4.64316017636815,0.1656840878828229
4561,0.4612,4,43,4,104396,501214,8417,99539,4.642761865945385,0.1656903918915095
4562,0.4613,4,18,4,104414,501196,8421,99535,4.642595131349809,0.1656898012587997
4563,0.4614,6,42,6,104456,501154,8427,99529,4.642206083960132,0.1656930527416291
4564,0.4615,5,34,5,104490,501120,8432,99524,4.641891140835155,0.16569548684412064
4565,0.4616,0,26,0,104516,501094,8432,99524,4.641650301974878,0.16570265959395156
4566,0.4617,3,86,3,104602,501008,8435,99521,4.640853681129349,0.16572222157464503
4567,0.4618,0,24,0,104626,500984,8435,99521,4.640631368335248,0.1657288448888852
4568,0.4619,6,32,6,104658,500952,8441,99515,4.640334951276446,0.16572934066318382
4569,0.462,2,76,2,104734,500876,8443,99513,4.639630960761792,0.16574754034467654
4570,0.4621,5,20,5,104754,500856,8448,99508,4.63944570010004,0.16574611402415868
4571,0.4622,2,38,2,104792,500818,8450,99506,4.639093704842714,0.16575382626714907
4572,0.4623,2,26,2,104818,500792,8452,99504,4.638852865982437,0.16575822594186868
4573,0.4624,6,23,6,104841,500769,8458,99498,4.638639816221423,0.16575623847387913
4574,0.4625,3,31,3,104872,500738,8461,99495,4.638352662195709,0.1657606296221634
4575,0.4626,3,49,3,104921,500689,8464,99492,4.6378987735744195,0.16576999271886314
4576,0.4627,2,15,2,104936,500674,8466,99490,4.637759828078106,0.16577135582940664
4577,0.4628,1,15,1,104951,500659,8467,99489,4.637620882581793,0.16577410905310022
4578,0.4629,7,38,7,104989,500621,8474,99482,4.637268887324465,0.16577487531307125
4579,0.463,4,50,4,105039,500571,8478,99478,4.636805735670088,0.1657831277112369
4580,0.4631,6,28,6,105067,500543,8484,99472,4.636546370743637,0.16578252210361408
4581,0.4632,4,31,4,105098,500512,8488,99468,4.636259216717922,0.16578552618420614
4582,0.4633,5,34,5,105132,500478,8493,99463,4.635944273592945,0.16578796915029978
4583,0.4634,4,39,4,105171,500439,8497,99459,4.63558301530253,0.16579318484142305
4584,0.4635,3,32,3,105203,500407,8500,99456,4.635286598243729,0.16579785717738885
4585,0.4636,3,43,3,105246,500364,8503,99453,4.6348882878209645,0.1658055706990632
4586,0.4637,5,34,5,105280,500330,8508,99448,4.634573344695987,0.16580801563245068
4587,0.4638,3,39,3,105319,500291,8511,99445,4.634212086405572,0.1658146251017114
4588,0.4639,6,18,6,105337,500273,8517,99439,4.634045351809997,0.16581125606958005
4589,0.464,2,33,2,105370,500240,8519,99437,4.633739671718107,0.16581759847384508
4590,0.4641,3,19,3,105389,500221,8522,99434,4.6335636740894435,0.16581867907380077
4591,0.4642,5,49,5,105438,500172,8527,99429,4.633109785468154,0.1658252738070817
4592,0.4643,6,133,6,105571,500039,8533,99423,4.631877802067509,0.16585371549823008
4593,0.4644,4,28,4,105599,500011,8537,99419,4.631618437141057,0.16585589643494653
4594,0.4645,5,61,5,105660,499950,8542,99414,4.631053392122717,0.16586581776683285
4595,0.4646,3,60,3,105720,499890,8545,99411,4.630497610137463,0.16587824815910535
4596,0.4647,4,19,4,105739,499871,8549,99407,4.6303216125088,0.16587793978754434
4597,0.4648,0,13,0,105752,499858,8549,99407,4.630201193078662,0.16588153821764995
4598,0.4649,2,35,2,105787,499823,8551,99405,4.629876986920597,0.1658884431301608
4599,0.465,5,19,5,105806,499804,8556,99400,4.629700989291933,0.1658867430791517
4600,0.4651,0,28,0,105834,499776,8556,99400,4.629441624365482,0.16589449510661308
4601,0.4652,1,21,1,105855,499755,8557,99399,4.629247100670644,0.16589891747363783
4602,0.4653,3,39,3,105894,499716,8560,99396,4.628885842380229,0.16590554019949524
4603,0.4654,1,34,1,105928,499682,8561,99395,4.628570899255252,0.16591356369882335
4604,0.4655,3,55,3,105983,499627,8564,99392,4.6280614324354366,0.16592462008717587
4605,0.4656,2,27,2,106010,499600,8566,99390,4.627811330542072,0.16592931434581545
4606,0.4657,2,28,2,106038,499572,8568,99388,4.627551965615621,0.16593428609589955
4607,0.4658,4,20,4,106058,499552,8572,99384,4.62736670495387,0.16593425674863424
4608,0.4659,4,42,4,106100,499510,8576,99380,4.6269776575641925,0.16594032293075522
4609,0.466,1,53,1,106153,499457,8577,99379,4.626486716810552,0.16595361668303174
4610,0.4661,1,16,1,106169,499441,8578,99378,4.626338508281152,0.16595665802187307
4611,0.4662,3,38,3,106207,499403,8581,99375,4.6259865130238245,0.16596301133308172
4612,0.4663,2,26,2,106233,499377,8583,99373,4.625745674163548,0.16596743215031315
4613,0.4664,2,72,2,106305,499305,8585,99371,4.625078735781244,0.16598460603064094
4614,0.4665,3,43,3,106348,499262,8588,99368,4.62468042535848,0.1659923491973339
4615,0.4666,6,37,6,106385,499225,8594,99362,4.6243376931342395,0.16599424979159252
4616,0.4667,3,25,3,106410,499200,8597,99359,4.6241061173070515,0.16599700280172883
4617,0.4668,1,12,1,106422,499188,8598,99358,4.62399496091,0.16599893742502664
4618,0.4669,5,29,5,106451,499159,8603,99353,4.623726332950461,0.1660000133664822
4619,0.467,5,19,5,106470,499140,8608,99348,4.623550335321798,0.16599831575570437
4620,0.4671,4,29,4,106499,499111,8612,99344,4.623281707362259,0.16600078535562407
4621,0.4672,3,26,3,106525,499085,8615,99341,4.623040868501982,0.16600381667908815
4622,0.4673,1,12,1,106537,499073,8616,99340,4.6229297121049315,0.1660057518803903
4623,0.4674,2,33,2,106570,499040,8618,99338,4.622624032013042,0.16601211942952449
4624,0.4675,2,15,2,106585,499025,8620,99336,4.622485086516729,0.16601349352648317
4625,0.4676,5,124,5,106709,498901,8625,99331,4.621336470413873,0.16604093395204536
4626,0.4677,4,34,4,106743,498867,8629,99327,4.621021527288895,0.16604479483244566
4627,0.4678,7,35,7,106778,498832,8636,99320,4.620697321130831,0.16604475116692746
4628,0.4679,2,22,2,106800,498810,8638,99318,4.620493534402905,0.1660480699783324
4629,0.468,6,39,6,106839,498771,8644,99312,4.62013227611249,0.1660505314479763
4630,0.4681,2,18,2,106857,498753,8646,99310,4.6199655415169145,0.16605274026314953
4631,0.4682,3,27,3,106884,498726,8649,99307,4.61971543962355,0.16605605376291943
4632,0.4683,5,49,5,106933,498677,8654,99302,4.6192615510022605,0.16606268782014083
4633,0.4684,7,39,7,106972,498638,8661,99295,4.618900292711846,0.1660637563071448
4634,0.4685,2,19,2,106991,498619,8663,99293,4.618724295083182,0.166066243861973
4635,0.4686,4,60,4,107051,498559,8667,99289,4.618168513097928,0.16607733069275132
4636,0.4687,6,52,6,107103,498507,8673,99283,4.617686835377376,0.16608340721658107
4637,0.4688,1,19,1,107122,498488,8674,99282,4.617510837748712,0.16608729109858306
4638,0.4689,4,19,4,107141,498469,8678,99278,4.617334840120049,0.1660869899807109
4639,0.469,2,31,2,107172,498438,8680,99276,4.617047686094335,0.16609281361989178
4640,0.4691,8,125,8,107297,498313,8688,99268,4.61588980695839,0.16611639258945649
4641,0.4692,1,43,1,107340,498270,8689,99267,4.6154914965356255,0.16612695113440673
4642,0.4693,2,17,2,107357,498253,8691,99265,4.615334024973137,0.166128886493796
4643,0.4694,2,17,2,107374,498236,8693,99263,4.615176553410649,0.1661308219762711
4644,0.4695,6,22,6,107396,498214,8699,99257,4.6149727666827225,0.16612856523580224
4645,0.4696,4,30,4,107426,498184,8703,99253,4.614694875690096,0.16613132430699806
4646,0.4697,1,22,1,107448,498162,8704,99252,4.61449108896217,0.16613604635981077
4647,0.4698,4,29,4,107477,498133,8708,99248,4.614222461002631,0.16613852800808865
4648,0.4699,1,16,1,107493,498117,8709,99247,4.614074252473229,0.16614158201699467
4649,0.47,4,124,4,107617,497993,8713,99243,4.612925636370373,0.16617049206678766
4650,0.4701,4,57,4,107674,497936,8717,99239,4.612397643484383,0.16618076778163854
4651,0.4702,2,41,2,107715,497895,8719,99237,4.612017859127793,0.16618938526155022
4652,0.4703,3,27,3,107742,497868,8722,99234,4.6117677572344284,0.16619271079313083
4653,0.4704,2,31,2,107773,497837,8724,99232,4.611480603208714,0.16619854656664473
4654,0.4705,4,28,4,107801,497809,8728,99228,4.611221238282263,0.16620075472709397
4655,0.4706,2,27,2,107828,497782,8730,99226,4.610971136388899,0.1662054779835446
4656,0.4707,4,40,4,107868,497742,8734,99222,4.610600615065397,0.1662110278006714
4657,0.4708,5,42,5,107910,497700,8739,99217,4.610211567675719,0.16621573853651345
4658,0.4709,3,37,3,107947,497663,8742,99214,4.60986883545148,0.16622185140322043
4659,0.471,3,24,3,107971,497639,8745,99211,4.609646522657379,0.16622434447516127
4660,0.4711,6,25,6,107996,497614,8751,99205,4.60941494683019,0.16622292520848028
4661,0.4712,5,32,5,108028,497582,8756,99200,4.609118529771388,0.16622485262625214
4662,0.4713,8,17,8,108045,497565,8764,99192,4.6089610582089,0.16621841050880007
4663,0.4714,5,35,5,108080,497530,8769,99187,4.608636852050836,0.16622117352111637
4664,0.4715,7,104,7,108184,497426,8776,99180,4.6076734966097295,0.16624036633892383
4665,0.4716,3,25,3,108209,497401,8779,99177,4.6074419207825414,0.16624314004203977
4666,0.4717,5,39,5,108248,497362,8784,99172,4.607080662492127,0.16624702028719235
4667,0.4718,4,23,4,108271,497339,8788,99168,4.606867612731112,0.16624783950565541
4668,0.4719,7,121,7,108392,497218,8795,99161,4.6057467857275185,0.16627178354703973
4669,0.472,7,54,7,108446,497164,8802,99154,4.605246581940791,0.16627705351842473
4670,0.4721,3,35,3,108481,497129,8805,99151,4.604922375782726,0.16628261890387067
4671,0.4722,1,28,1,108509,497101,8806,99150,4.6046630108562745,0.1662890292846469
4672,0.4723,5,28,5,108537,497073,8811,99145,4.604403645929823,0.16628984700227098
4673,0.4724,2,22,2,108559,497051,8813,99143,4.604199859201897,0.16629318644602262
4674,0.4725,4,63,4,108622,496988,8817,99139,4.603616288117381,0.16630516651653088
4675,0.4726,11,34,11,108656,496954,8828,99128,4.6033013449924045,0.1662992675504377
4676,0.4727,7,31,7,108687,496923,8835,99121,4.60301419096669,0.16629812564173116
4677,0.4728,1,52,1,108739,496871,8836,99120,4.602532513246137,0.16631123624350033
4678,0.4729,2,32,2,108771,496839,8838,99118,4.602236096187336,0.1663173685349782
4679,0.473,4,34,4,108805,496805,8842,99114,4.601921153062359,0.1663212617822221
4680,0.4731,3,24,3,108829,496781,8845,99111,4.6016988402682575,0.16632376336651608
4681,0.4732,2,21,2,108850,496760,8847,99109,4.601504316573418,0.1663268268696643
4682,0.4733,1,10,1,108860,496750,8848,99108,4.601411686242543,0.1663282191394594
4683,0.4734,1,35,1,108895,496715,8849,99107,4.6010874800844785,0.1663365904582241
4684,0.4735,3,22,3,108917,496693,8852,99104,4.600883693356552,0.16633853476939292
4685,0.4736,1,24,1,108941,496669,8853,99103,4.600661380562451,0.16634383623265275
4686,0.4737,0,11,0,108952,496658,8853,99103,4.600559487198488,0.1663469075686391
4687,0.4738,0,18,0,108970,496640,8853,99103,4.600392752602913,0.16635193363581277
4688,0.4739,2,24,2,108994,496616,8855,99101,4.600170439808811,0.16635583674798604
4689,0.474,8,80,8,109074,496536,8863,99093,4.599429397161806,0.16636698347461254
4690,0.4741,6,52,6,109126,496484,8869,99087,4.598947719441254,0.16637311084656572
4691,0.4742,3,15,3,109141,496469,8872,99084,4.59880877394494,0.1663731019741316
4692,0.4743,8,47,8,109188,496422,8880,99076,4.598373411389826,0.166375034005152
4693,0.4744,8,38,8,109226,496384,8888,99068,4.598021416132498,0.16637445167704534
4694,0.4745,7,110,7,109336,496274,8895,99061,4.597002482492868,0.1663953908303728
4695,0.4746,1,25,1,109361,496249,8896,99060,4.596770906665679,0.16640097831546305
4696,0.4747,5,18,5,109379,496231,8901,99055,4.596604172070102,0.16639900820781944
4697,0.4748,3,20,3,109399,496211,8904,99052,4.596418911408351,0.16640039780735574
4698,0.4749,3,27,3,109426,496184,8907,99049,4.596168809514988,0.1664037444160522
4699,0.475,4,34,4,109460,496150,8911,99045,4.59585386639001,0.16640764791370896
4700,0.4751,5,38,5,109498,496112,8916,99040,4.595501871132684,0.16641126972605316
4701,0.4752,4,26,4,109524,496086,8920,99036,4.595261032272408,0.16641293717926744
4702,0.4753,1,42,1,109566,496044,8921,99035,4.59487198488273,0.16642328161470998
4703,0.4754,2,51,2,109617,495993,8923,99033,4.5943995701952645,0.16643474402799205
4704,0.4755,1,12,1,109629,495981,8924,99032,4.594288413798214,0.16643669970235944
4705,0.4756,1,22,1,109651,495959,8925,99031,4.594084627070288,0.166441452797526
4706,0.4757,2,34,2,109685,495925,8927,99029,4.593769683945311,0.16644816237894022
4707,0.4758,6,152,6,109837,495773,8933,99023,4.592361702916003,0.16648228972622547
4708,0.4759,4,19,4,109856,495754,8937,99019,4.592185705287339,0.1664820023773776
4709,0.476,3,22,3,109878,495732,8940,99016,4.591981918559413,0.1664839562302017
4710,0.4761,2,43,2,109921,495689,8942,99014,4.591583608136649,0.1664931907187285
4711,0.4762,7,43,7,109964,495646,8949,99007,4.591185297713883,0.16649541833640796
4712,0.4763,9,34,9,109998,495612,8958,98998,4.5908703545889065,0.1664923226989119
4713,0.4764,5,36,5,110034,495576,8963,98993,4.590536885397754,0.16649539414264786
4714,0.4765,5,19,5,110053,495557,8968,98988,4.590360887769091,0.16649370527041688
4715,0.4766,3,23,3,110076,495534,8971,98985,4.590147838008077,0.1664959404156974
4716,0.4767,4,25,4,110101,495509,8975,98981,4.589916262180888,0.16649733384918164
4717,0.4768,1,27,1,110128,495482,8976,98980,4.589666160287525,0.16650349391550678
4718,0.4769,2,13,2,110141,495469,8978,98978,4.589545740857386,0.16650433091596054
4719,0.477,3,12,3,110153,495457,8981,98975,4.589434584460336,0.1665034856804479
4720,0.4771,3,15,3,110168,495442,8984,98972,4.589295638964022,0.16650348073901355
4721,0.4772,7,49,7,110217,495393,8991,98965,4.588841750342732,0.16650739116828578
4722,0.4773,0,11,0,110228,495382,8991,98965,4.588739856978769,0.1665104728382578
4723,0.4774,5,37,5,110265,495345,8996,98960,4.58839712475453,0.16651382707532328
4724,0.4775,1,16,1,110281,495329,8997,98959,4.588248916225129,0.16651690762727836
4725,0.4776,1,14,1,110295,495315,8998,98958,4.588119233761903,0.1665194279396843
4726,0.4777,0,48,0,110343,495267,8998,98958,4.5876746081737005,0.16653287895998992
4727,0.4778,6,28,6,110371,495239,9004,98952,4.587415243247249,0.1665323103177261
4728,0.4779,1,23,1,110394,495216,9005,98951,4.5872021934862355,0.166537353976239
4729,0.478,1,25,1,110419,495191,9006,98950,4.586970617659047,0.16654295865796168
4730,0.4781,4,8,4,110427,495183,9010,98946,4.586896513394346,0.16653958988704473
4731,0.4782,9,54,9,110481,495129,9019,98937,4.586396309607618,0.16654210138267464
4732,0.4783,2,14,2,110495,495115,9021,98935,4.586266627144393,0.16654322026765425
4733,0.4784,5,24,5,110519,495091,9026,98930,4.586044314350291,0.16654293366732825
4734,0.4785,2,39,2,110558,495052,9028,98928,4.585683056059876,0.16655106232533082
4735,0.4786,1,32,1,110590,495020,9029,98927,4.585386639001075,0.16655863233588183
4736,0.4787,0,21,0,110611,494999,9029,98927,4.585192115306236,0.1665645215060462
4737,0.4788,3,52,3,110663,494947,9032,98924,4.584710437585683,0.16657489589489974
4738,0.4789,2,29,2,110692,494918,9034,98922,4.584441809626144,0.1665802236292604
4739,0.479,2,17,2,110709,494901,9036,98920,4.5842843380636555,0.1665821855407606
4740,0.4791,5,24,5,110733,494877,9041,98915,4.584062025269554,0.16658190073291657
4741,0.4792,1,34,1,110767,494843,9042,98914,4.583747082144577,0.16659003599115463
4742,0.4793,7,37,7,110804,494806,9049,98907,4.583404349920338,0.16659059175055962
4743,0.4794,3,36,3,110840,494770,9052,98904,4.583070880729186,0.16659648224446413
4744,0.4795,2,18,2,110858,494752,9054,98902,4.58290414613361,0.1665987258571491
4745,0.4796,9,32,9,110890,494720,9063,98893,4.582607729074808,0.16659507119958628
4746,0.4797,4,72,4,110962,494648,9067,98889,4.581940790692505,0.16660966376148412
4747,0.4798,2,33,2,110995,494615,9069,98887,4.581635110600615,0.16661611923801437
4748,0.4799,6,57,6,111052,494558,9075,98881,4.581107117714624,0.1666236967910771
4749,0.48,2,33,2,111085,494525,9077,98879,4.5808014376227355,0.1666301541614145
4750,0.4801,1,58,1,111143,494467,9078,98878,4.580264181703657,0.16664503787846868
4751,0.4802,2,18,2,111161,494449,9080,98876,4.580097447108081,0.16664728437197152
4752,0.4803,3,22,3,111183,494427,9083,98873,4.579893660380155,0.1666492499578628
4753,0.4804,8,55,8,111238,494372,9091,98865,4.579384193560339,0.16665346227561667
4754,0.4805,4,21,4,111259,494351,9095,98861,4.5791896698655,0.16665374267546848
4755,0.4806,3,22,3,111281,494329,9098,98858,4.578985883137575,0.16665570890798348
4756,0.4807,6,27,6,111308,494302,9104,98852,4.578735781244211,0.16665486534694193
4757,0.4808,3,33,3,111341,494269,9107,98849,4.578430101152321,0.16665992264608392
4758,0.4809,1,21,1,111362,494248,9108,98848,4.578235577457483,0.16666441857641934
4759,0.481,3,42,3,111404,494206,9111,98845,4.577846530067806,0.1666720062861373
4760,0.4811,3,20,3,111424,494186,9114,98842,4.577661269406054,0.16667341171074554
4761,0.4812,3,41,3,111465,494145,9117,98839,4.577281485049465,0.16668071988451627
4762,0.4813,1,49,1,111514,494096,9118,98838,4.576827596428174,0.16669308894413207
4763,0.4814,2,66,2,111580,494030,9120,98836,4.576216236244396,0.16670883471138503
4764,0.4815,4,47,4,111627,493983,9124,98832,4.575780873689281,0.16671642924015082
4765,0.4816,5,50,5,111677,493933,9129,98827,4.575317722034903,0.16672346312166814
4766,0.4817,4,45,4,111722,493888,9133,98823,4.574900885545963,0.16673049766243583
4767,0.4818,2,45,2,111767,493843,9135,98821,4.574484049057023,0.16674034528839274
4768,0.4819,3,24,3,111791,493819,9138,98818,4.574261736262922,0.16674287970545207
4769,0.482,1,21,1,111812,493798,9139,98817,4.5740672125680835,0.16674738236460435
4770,0.4821,2,45,2,111857,493753,9141,98815,4.573650376079144,0.1667572329251664
4771,0.4822,1,35,1,111892,493718,9142,98814,4.573326169921079,0.16676567679045182
4772,0.4823,4,19,4,111911,493699,9146,98810,4.573150172292415,0.16676539934414497
4773,0.4824,7,44,7,111955,493655,9153,98803,4.572742598836563,0.16676793966829717
4774,0.4825,5,21,5,111976,493634,9158,98798,4.572548075141724,0.16676681880789693
4775,0.4826,4,18,4,111994,493616,9162,98794,4.572381340546149,0.16676625985381746
4776,0.4827,1,15,1,112009,493601,9163,98793,4.572242395049835,0.16676907598659
4777,0.4828,3,41,3,112050,493560,9166,98790,4.571862610693246,0.1667763990883768
4778,0.4829,3,23,3,112073,493537,9169,98787,4.571649560932232,0.1667786549253449
4779,0.483,7,61,7,112134,493476,9176,98780,4.571084515913891,0.16678598443916146
4780,0.4831,3,36,3,112170,493440,9179,98777,4.570751046722739,0.16679190229257182
4781,0.4832,5,54,5,112224,493386,9184,98772,4.570250842936011,0.16680007700647462
4782,0.4833,1,17,1,112241,493369,9185,98771,4.570093371373522,0.16680345864153748
4783,0.4834,5,38,5,112279,493331,9190,98766,4.569741376116196,0.16680712788614027
4784,0.4835,2,17,2,112296,493314,9192,98764,4.569583904553707,0.16680910285469144
4785,0.4836,2,30,2,112326,493284,9194,98762,4.56930601356108,0.16681474074649605
4786,0.4837,0,48,0,112374,493236,9194,98762,4.568861387972878,0.16682826631171052
4787,0.4838,7,56,7,112430,493180,9201,98755,4.568342658119975,0.16683419632223132
4788,0.4839,3,26,3,112456,493154,9204,98752,4.568101819259699,0.16683730186887782
4789,0.484,3,23,3,112479,493131,9207,98749,4.567888769498684,0.16683956207339326
4790,0.4841,2,10,2,112489,493121,9209,98747,4.567796139167809,0.1668395655788115
4791,0.4842,4,84,4,112573,493037,9213,98743,4.567018044388455,0.16685761600594815
4792,0.4843,2,21,2,112594,493016,9215,98741,4.566823520693616,0.1668607215461752
4793,0.4844,3,45,3,112639,492971,9218,98738,4.566406684204676,0.1668691873877193
4794,0.4845,3,41,3,112680,492930,9221,98735,4.566026899848087,0.16687652641275047
4795,0.4846,2,19,2,112699,492911,9223,98733,4.565850902219423,0.16687906916997383
4796,0.4847,1,47,1,112746,492864,9224,98732,4.565415539664308,0.16689091880269644
4797,0.4848,2,58,2,112804,492806,9226,98730,4.564878283745229,0.16690446566227585
4798,0.4849,8,26,8,112830,492780,9234,98722,4.564637444884953,0.16690053457131168
4799,0.485,5,31,5,112861,492749,9239,98717,4.564350290859239,0.16690223952010766
4800,0.4851,0,19,0,112880,492730,9239,98717,4.564174293230575,0.16690760118827216
4801,0.4852,2,18,2,112898,492712,9241,98715,4.564007558635,0.16690986377016945
4802,0.4853,4,38,4,112936,492674,9245,98711,4.563655563377672,0.16691495387945246
4803,0.4854,3,26,3,112962,492648,9248,98708,4.563414724517396,0.16691806627479894
4804,0.4855,6,32,6,112994,492616,9254,98702,4.563118307458594,0.16691864614302288
4805,0.4856,5,12,5,113006,492604,9259,98697,4.5630071510615435,0.16691498915104153
4806,0.4857,4,27,4,113033,492577,9263,98693,4.562757049168179,0.1669169753243019
4807,0.4858,0,36,0,113069,492541,9263,98693,4.562423579977028,0.16692713883166393
4808,0.4859,1,27,1,113096,492514,9264,98692,4.562173478083664,0.1669333531797715
4809,0.486,0,30,0,113126,492484,9264,98692,4.561895587091037,0.16694182443130304
4810,0.4861,10,90,10,113216,492394,9274,98682,4.561061914113157,0.16695314984875043
4811,0.4862,6,28,6,113244,492366,9280,98676,4.560802549186706,0.16695260235313225
4812,0.4863,2,32,2,113276,492334,9282,98674,4.560506132127904,0.16695882289241432
4813,0.4864,8,109,8,113385,492225,9290,98666,4.559496461521361,0.16697834287542035
4814,0.4865,6,39,6,113424,492186,9296,98660,4.559135203230946,0.16698090534589385
4815,0.4866,3,12,3,113436,492174,9299,98657,4.559024046833895,0.16698006705809276
4816,0.4867,9,34,9,113470,492140,9308,98648,4.558709103708918,0.1669769866686527
4817,0.4868,6,41,6,113511,492099,9314,98642,4.558329319352329,0.1669801148049653
4818,0.4869,4,24,4,113535,492075,9318,98638,4.558107006558227,0.1669812582421582
4819,0.487,3,49,3,113584,492026,9321,98635,4.557653117936937,0.1669908797093426
4820,0.4871,3,27,3,113611,491999,9324,98632,4.5574030160435735,0.16699428238612601
4821,0.4872,3,26,3,113637,491973,9327,98629,4.557162177183297,0.1669974026501773
4822,0.4873,2,30,2,113667,491943,9329,98627,4.55688428619067,0.16700306483566724
4823,0.4874,5,50,5,113717,491893,9334,98622,4.556421134536293,0.16701015215532206
4824,0.4875,4,32,4,113749,491861,9338,98618,4.556124717477491,0.16701356017741528
4825,0.4876,13,75,13,113824,491786,9351,98605,4.5554299899959245,0.16701643487112777
4826,0.4877,6,122,6,113946,491664,9357,98599,4.554299899959243,0.16704248784016618
4827,0.4878,3,44,3,113990,491620,9360,98596,4.55389232650339,0.16705070685986148
4828,0.4879,3,21,3,114011,491599,9363,98593,4.553697802808552,0.16705241684062136
4829,0.488,3,40,3,114051,491559,9366,98590,4.55332728148505,0.1670595053113705
4830,0.4881,5,37,5,114088,491522,9371,98585,4.55298454926081,0.1670629224869388
4831,0.4882,8,61,8,114149,491461,9379,98577,4.5524195042424696,0.16706890064707697
4832,0.4883,3,33,3,114182,491428,9382,98574,4.55211382415058,0.16707400991861043
4833,0.4884,4,21,4,114203,491407,9386,98570,4.551919300455741,0.1670743096764789
4834,0.4885,1,21,1,114224,491386,9387,98569,4.551724776760903,0.1670788449966523
4835,0.4886,5,63,5,114287,491323,9392,98564,4.5511412056763865,0.16708962903064487
4836,0.4887,1,24,1,114311,491299,9393,98563,4.550918892882286,0.16709501544429037
4837,0.4888,5,50,5,114361,491249,9398,98558,4.550455741227908,0.16710211984598353
4838,0.4889,0,9,0,114370,491240,9398,98558,4.55037237393012,0.16710466973438365
4839,0.489,2,29,2,114399,491211,9400,98556,4.55010374597058,0.16711006210927365
4840,0.4891,2,30,2,114429,491181,9402,98554,4.5498258549779536,0.16711573842488575
4841,0.4892,2,34,2,114463,491147,9404,98552,4.549510911852977,0.1671225489614193
4842,0.4893,1,31,1,114494,491116,9405,98551,4.549223757827263,0.16712992248167186
4843,0.4894,9,50,9,114544,491066,9414,98542,4.548760606172885,0.16713138220648296
4844,0.4895,5,49,5,114593,491017,9419,98537,4.548306717551595,0.16713820956180434
4845,0.4896,6,29,6,114622,490988,9425,98531,4.5480380895920565,0.16713795484115015
4846,0.4897,5,55,5,114677,490933,9430,98526,4.547528622772241,0.16714648516690728
4847,0.4898,5,22,5,114699,490911,9435,98521,4.547324836044314,0.16714565887159163
4848,0.4899,8,80,8,114779,490831,9443,98513,4.54658379339731,0.16715704240647228
4849,0.49,2,29,2,114808,490802,9445,98511,4.546315165437771,0.1671624416905787
4850,0.4901,6,28,6,114836,490774,9451,98505,4.546055800511319,0.16716190463261035
4851,0.4902,5,68,5,114904,490706,9456,98500,4.545425914261366,0.1671741292519085
4852,0.4903,6,36,6,114940,490670,9462,98494,4.545092445070214,0.16717586274789362
4853,0.4904,2,42,2,114982,490628,9464,98492,4.544703397680537,0.1671849538294405
4854,0.4905,2,55,2,115037,490573,9466,98490,4.544193930860721,0.1671977360655821
4855,0.4906,4,18,4,115055,490555,9470,98486,4.544027196265145,0.1671971900088449
4856,0.4907,2,90,2,115145,490465,9472,98484,4.543193523287266,0.16721991208067252
4857,0.4908,4,23,4,115168,490442,9476,98480,4.542980473526251,0.16722078645389374
4858,0.4909,2,13,2,115181,490429,9478,98478,4.5428600540961135,0.16722164959832367
4859,0.491,9,88,9,115269,490341,9487,98469,4.542044907184408,0.16723391246751923
4860,0.4911,4,38,4,115307,490303,9491,98465,4.541692911927082,0.16723904831784336
4861,0.4912,4,27,4,115334,490276,9495,98461,4.541442810033717,0.16724106009984085
4862,0.4913,0,18,0,115352,490258,9495,98461,4.541276075438142,0.16724617347155435
4863,0.4914,0,9,0,115361,490249,9495,98461,4.541192708140353,0.16724873027466836
4864,0.4915,2,26,2,115387,490223,9497,98459,4.540951869280077,0.16725328785320429
4865,0.4916,5,75,5,115462,490148,9502,98454,4.54025714179851,0.16726752542465026
4866,0.4917,3,50,3,115512,490098,9505,98451,4.539793990144132,0.16727749091409552
4867,0.4918,4,34,4,115546,490064,9509,98447,4.539479047019156,0.167281495163217
4868,0.4919,2,16,2,115562,490048,9511,98445,4.5393308384897555,0.16728321322428644
4869,0.492,0,6,0,115568,490042,9511,98445,4.539275260291229,0.16728491878325263
4870,0.4921,3,24,3,115592,490018,9514,98442,4.539052947497129,0.1672874961764606
4871,0.4922,4,20,4,115612,489998,9518,98438,4.538867686835378,0.167287521497665
4872,0.4923,7,57,7,115669,489941,9525,98431,4.5383396939493865,0.1672938209160191
4873,0.4924,4,23,4,115692,489918,9529,98427,4.538126644188373,0.16729469953853607
4874,0.4925,7,166,7,115858,489752,9536,98420,4.536588980695839,0.1673320049237298
4875,0.4926,4,33,4,115891,489719,9540,98416,4.53628330060395,0.16733573074209152
4876,0.4927,7,43,7,115934,489676,9547,98409,4.535884990181185,0.16733805487302006
4877,0.4928,4,25,4,115959,489651,9551,98405,4.535653414353996,0.16733950508114873
4878,0.4929,4,29,4,115988,489622,9555,98401,4.535384786394457,0.16734209376163858
4879,0.493,3,34,3,116022,489588,9558,98398,4.53506984326948,0.16734752187977264
4880,0.4931,5,51,5,116073,489537,9563,98393,4.534597428582015,0.16735495722279864
4881,0.4932,3,19,3,116092,489518,9566,98390,4.534421430953351,0.16735611694346736
4882,0.4933,1,11,1,116103,489507,9567,98389,4.534319537589388,0.16735783199749615
4883,0.4934,2,21,2,116124,489486,9569,98387,4.53412501389455,0.16736097762611993
4884,0.4935,1,52,1,116176,489434,9570,98386,4.533643336173997,0.16737436630260966
4885,0.4936,7,55,7,116231,489379,9577,98379,4.533133869354181,0.1673801122230578
4886,0.4937,1,55,1,116286,489324,9578,98378,4.532624402534366,0.16739435972652808
4887,0.4938,7,25,7,116311,489299,9585,98371,4.532392826707177,0.16739156329232394
4888,0.4939,7,51,7,116362,489248,9592,98364,4.531920412019712,0.1673961729848948
4889,0.494,6,32,6,116394,489216,9598,98358,4.53162399496091,0.16739678746847206
4890,0.4941,1,99,1,116493,489117,9599,98357,4.530706954685242,0.16742357959671406
4891,0.4942,5,30,5,116523,489087,9604,98352,4.530429063692615,0.16742504328108962
4892,0.4943,6,31,6,116554,489056,9610,98346,4.530141909666901,0.16742537478592173
4893,0.4944,2,19,2,116573,489037,9612,98344,4.529965912038238,0.16742795561994686
4894,0.4945,5,48,5,116621,488989,9617,98339,4.529521286450035,0.1674345510515419
4895,0.4946,8,104,8,116725,488885,9625,98331,4.52855793100893,0.1674528623198278
4896,0.4947,2,17,2,116742,488868,9627,98329,4.528400459446441,0.16745487459915498
4897,0.4948,1,20,1,116762,488848,9628,98328,4.52821519878469,0.16745916045614945
4898,0.4949,1,19,1,116781,488829,9629,98327,4.528039201156027,0.1674631614085524
4899,0.495,2,26,2,116807,488803,9631,98325,4.5277983622957505,0.16746774127617828
4900,0.4951,3,108,3,116915,488695,9634,98322,4.526797954722294,0.1674942974394268
4901,0.4952,6,36,6,116951,488659,9640,98316,4.526464485531142,0.1674960603092125
4902,0.4953,5,87,5,117038,488572,9645,98311,4.525658601652525,0.1675137974690015
4903,0.4954,2,41,2,117079,488531,9647,98309,4.525278817295935,0.167522663758435
4904,0.4955,5,23,5,117102,488508,9652,98304,4.5250657675349215,0.1675221365616245
4905,0.4956,2,19,2,117121,488489,9654,98302,4.524889769906258,0.16752472345349537
4906,0.4957,7,33,7,117154,488456,9661,98295,4.524584089814369,0.1675242138488047
4907,0.4958,2,22,2,117176,488434,9663,98293,4.524380303086443,0.16752765766702402
4908,0.4959,3,62,3,117238,488372,9666,98290,4.523805995035015,0.16754110544061146
4909,0.496,2,47,2,117285,488325,9668,98288,4.5233706324798995,0.1675516908080796
4910,0.4961,5,46,5,117331,488279,9673,98283,4.5229445329578715,0.16755773473221927
4911,0.4962,8,82,8,117413,488197,9681,98275,4.522184964244692,0.16756980725422527
4912,0.4963,2,17,2,117430,488180,9683,98273,4.522027492682204,0.16757182587521932
4913,0.4964,6,49,6,117479,488131,9689,98267,4.521573604060913,0.16757731097309336
4914,0.4965,4,25,4,117504,488106,9693,98263,4.521342028233724,0.16757877718637923
4915,0.4966,4,75,4,117579,488031,9697,98259,4.520647300752159,0.1675945351276672
4916,0.4967,0,29,0,117608,488002,9697,98259,4.520378672792619,0.16760282536276505
4917,0.4968,3,21,3,117629,487981,9700,98256,4.520184149097781,0.16760456948299066
4918,0.4969,6,37,6,117666,487944,9706,98250,4.5198414168735415,0.16760662852229807
4919,0.497,5,25,5,117691,487919,9711,98245,4.5196098410463525,0.16760667662974868
4920,0.4971,4,33,4,117724,487886,9715,98241,4.519304160954463,0.16761043255130714
4921,0.4972,6,76,6,117800,487810,9721,98235,4.518600170439809,0.16762364664829493
4922,0.4973,1,23,1,117823,487787,9722,98234,4.518387120678795,0.16762880511107964
4923,0.4974,8,108,8,117931,487679,9730,98226,4.517386713105339,0.16764833889453068
4924,0.4975,1,33,1,117964,487646,9731,98225,4.51708103301345,0.1676563612126219
4925,0.4976,1,13,1,117977,487633,9732,98224,4.516960613583311,0.16765866073120234
4926,0.4977,3,39,3,118016,487594,9735,98221,4.516599355292897,0.16766555994639945
4927,0.4978,8,38,8,118054,487556,9743,98213,4.51624736003557,0.16766506933620592
4928,0.4979,7,44,7,118098,487512,9750,98206,4.5158397865797175,0.16766771722911025
4929,0.498,6,16,6,118114,487496,9756,98200,4.515691578050316,0.16766377096650822
4930,0.4981,7,84,7,118198,487412,9763,98193,4.514913483270962,0.16767787160287223
4931,0.4982,8,41,8,118239,487371,9771,98185,4.514533698914373,0.1676782408514301
4932,0.4983,10,59,10,118298,487312,9781,98175,4.513987179962207,0.16768092203584367
4933,0.4984,0,19,0,118317,487293,9781,98175,4.513811182333543,0.1676863637295292
4934,0.4985,2,48,2,118365,487245,9783,98173,4.513366556745341,0.16769726930159304
4935,0.4986,6,21,6,118386,487224,9789,98167,4.513172033050502,0.16769475444617357
4936,0.4987,3,19,3,118405,487205,9792,98164,4.512996035421838,0.167695931967699
4937,0.4988,9,46,9,118451,487159,9801,98155,4.512569935899811,0.16769631343176483
4938,0.4989,3,22,3,118473,487137,9804,98152,4.512366149171885,0.16769835072929784
4939,0.499,0,35,0,118508,487102,9804,98152,4.512041943013821,0.16770837960953705
4940,0.4991,6,37,6,118545,487065,9810,98146,4.511699210789581,0.1677104497352237
4941,0.4992,1,13,1,118558,487052,9811,98145,4.511578791359443,0.16771275314124987
4942,0.4993,3,25,3,118583,487027,9814,98142,4.511347215532254,0.16771565137592728
4943,0.4994,5,101,5,118684,486926,9819,98137,4.510411649190411,0.16773749151800746
4944,0.4995,7,43,7,118727,486883,9826,98130,4.510013338767646,0.1677398621910966
4945,0.4996,3,9,3,118736,486874,9829,98127,4.509929971469858,0.1677381748065388
4946,0.4997,3,52,3,118788,486822,9832,98124,4.509448293749306,0.16774881783959544
4947,0.4998,7,43,7,118831,486779,9839,98117,4.50904998332654,0.16775118995513733
4948,0.4999,2,36,2,118867,486743,9841,98115,4.508716514135388,0.1677586696257895
4949,0.5,6,65,6,118932,486678,9847,98109,4.508114416984697,0.1677687773497017
4950,0.5001,7,87,7,119019,486591,9854,98102,4.50730853310608,0.167783777127484
4951,0.5002,2,47,2,119066,486544,9856,98100,4.506873170550965,0.16779441848372684
4952,0.5003,6,16,6,119082,486528,9862,98094,4.506724962021564,0.16779046973942138
4953,0.5004,7,25,7,119107,486503,9869,98087,4.506493386194376,0.16778768025453736
4954,0.5005,7,15,7,119122,486488,9876,98080,4.506354440698062,0.1677820202269026
4955,0.5006,1,27,1,119149,486461,9877,98079,4.506104338804699,0.16778834639203477
4956,0.5007,3,26,3,119175,486435,9880,98076,4.505863499944422,0.16779153856813644
4957,0.5008,12,30,12,119205,486405,9892,98064,4.505585608951796,0.167783064627893
4958,0.5009,6,34,6,119239,486371,9898,98058,4.505270665826818,0.16778428175193222
4959,0.501,2,28,2,119267,486343,9900,98056,4.5050113009003665,0.1677894726034781
4960,0.5011,4,13,4,119280,486330,9904,98052,4.504890881470229,0.1677875088555089
4961,0.5012,3,34,3,119314,486296,9907,98049,4.504575938345252,0.1677929989988791
4962,0.5013,7,46,7,119360,486250,9914,98042,4.504149838823224,0.16779623886686792
4963,0.5014,7,69,7,119429,486181,9921,98035,4.503510689540183,0.16780608542046094
4964,0.5015,10,20,10,119449,486161,9931,98025,4.503325428878432,0.1677975850157313
4965,0.5016,2,54,2,119503,486107,9933,98023,4.502825225091704,0.1678102477188297
4966,0.5017,4,40,4,119543,486067,9937,98019,4.502454703768202,0.16781604078851403
4967,0.5018,5,34,5,119577,486033,9942,98014,4.502139760643225,0.16781868582494217
4968,0.5019,0,17,0,119594,486016,9942,98014,4.501982289080736,0.16782357070698423
4969,0.502,6,20,6,119614,485996,9948,98008,4.501797028418985,0.1678207683509017
4970,0.5021,12,115,12,119729,485881,9960,97996,4.500731779613917,0.16783671903500225
4971,0.5022,5,41,5,119770,485840,9965,97991,4.500351995257327,0.16784137875515345
4972,0.5023,0,69,0,119839,485771,9965,97991,4.499712845974286,0.1678612174139461
4973,0.5024,3,15,3,119854,485756,9968,97988,4.499573900477973,0.16786125424843767
4974,0.5025,7,22,7,119876,485734,9975,97981,4.499370113750047,0.16785760174057546
4975,0.5026,1,14,1,119890,485720,9976,97980,4.499240431286821,0.16786020215864314
4976,0.5027,9,71,9,119961,485649,9985,97971,4.498582755937604,0.16786779068572016
4977,0.5028,1,27,1,119988,485622,9986,97970,4.4983326540442405,0.1678741312423748
4978,0.5029,5,73,5,120061,485549,9991,97965,4.497656452628849,0.16788800268716775
4979,0.503,7,40,7,120101,485509,9998,97958,4.497285931305346,0.1678895293135687
4980,0.5031,6,33,6,120134,485476,10004,97952,4.496980251213457,0.1678904680611832
4981,0.5032,2,46,2,120180,485430,10006,97950,4.49655415169143,0.16790085364599402
4982,0.5033,1,19,1,120199,485411,10007,97949,4.496378154062766,0.16790489577619308
4983,0.5034,3,33,3,120232,485378,10010,97946,4.496072473970877,0.1679101151332707
4984,0.5035,4,38,4,120270,485340,10014,97942,4.49572047871355,0.1679153479791936
4985,0.5036,5,43,5,120313,485297,10019,97937,4.495322168290786,0.16792059447837404
4986,0.5037,5,39,5,120352,485258,10024,97932,4.494960910000371,0.1679246900667021
4987,0.5038,4,55,4,120407,485203,10028,97928,4.494451443180555,0.16793482082070751
4988,0.5039,6,31,6,120438,485172,10034,97922,4.494164289154841,0.16793518712248798
4989,0.504,6,63,6,120501,485109,10040,97916,4.493580718070325,0.16794477080742679
4990,0.5041,2,32,2,120533,485077,10042,97914,4.493284301011523,0.1679511347516514
4991,0.5042,2,43,2,120576,485034,10044,97912,4.492885990588759,0.167960668741187
4992,0.5043,0,16,0,120592,485018,10044,97912,4.492737782059358,0.1679652788499477
4993,0.5044,2,29,2,120621,484989,10046,97910,4.492469154099818,0.16797078052973158
4994,0.5045,6,42,6,120663,484947,10052,97904,4.492080106710141,0.1679743193371891
4995,0.5046,0,23,0,120686,484924,10052,97904,4.491867056949127,0.1679809480670112
4996,0.5047,2,42,2,120728,484882,10054,97902,4.49147800955945,0.16799019877004173
4997,0.5048,7,41,7,120769,484841,10061,97895,4.491098225202861,0.16799202383240439
4998,0.5049,5,107,5,120876,484734,10066,97890,4.490107080662492,0.16801573570604714
4999,0.505,5,22,5,120898,484712,10071,97885,4.4899032939345656,0.1680149400014075
5000,0.5051,6,19,6,120917,484693,10077,97879,4.489727296305903,0.16801185089568327
5001,0.5052,5,14,5,120931,484679,10082,97874,4.489597613842677,0.16800874770192584
5002,0.5053,3,32,3,120963,484647,10085,97871,4.489301196783875,0.16801369228075355
5003,0.5054,5,98,5,121061,484549,10090,97866,4.4883934195412944,0.16803482053175142
5004,0.5055,5,29,5,121090,484520,10095,97861,4.488124791581756,0.16803604513196688
5005,0.5056,1,12,1,121102,484508,10096,97860,4.488013635184705,0.16803807901533052
5006,0.5057,7,36,7,121138,484472,10103,97853,4.487680165993553,0.16803846649207915
5007,0.5058,3,38,3,121176,484434,10106,97850,4.487328170736226,0.16804514635469978
5008,0.5059,2,38,2,121214,484396,10108,97848,4.486976175478898,0.168053256023248
5009,0.506,3,29,3,121243,484367,10111,97845,4.48670754751936,0.16805733993802946
5010,0.5061,4,65,4,121308,484302,10115,97841,4.486105450368669,0.16807038820358572
5011,0.5062,13,57,13,121365,484245,10128,97828,4.4855774574826786,0.16806826635147137
5012,0.5063,2,32,2,121397,484213,10130,97826,4.485281040423876,0.16807464791878207
5013,0.5064,3,17,3,121414,484196,10133,97823,4.485123568861388,0.16807526902042716
5014,0.5065,4,23,4,121437,484173,10137,97819,4.484910519100374,0.1680761934871957
5015,0.5066,3,32,3,121469,484141,10140,97816,4.484614102041572,0.16808114688885947
5016,0.5067,0,25,0,121494,484116,10140,97816,4.484382526214383,0.16808836771306612
5017,0.5068,3,70,3,121564,484046,10143,97813,4.4837341138982545,0.16810430018269032
5018,0.5069,4,22,4,121586,484024,10147,97809,4.483530327170329,0.16810493732737744
5019,0.507,6,55,6,121641,483969,10153,97803,4.483020860350513,0.16811225015985645
5020,0.5071,4,19,4,121660,483950,10157,97799,4.48284486272185,0.16811202081997562
5021,0.5072,3,24,3,121684,483926,10160,97796,4.482622549927749,0.16811466645579848
5022,0.5073,3,22,3,121706,483904,10163,97793,4.4824187631998225,0.16811673431356874
5023,0.5074,7,31,7,121737,483873,10170,97786,4.482131609174108,0.16811568290011844
5024,0.5075,7,42,7,121779,483831,10177,97779,4.481742561784431,0.16811781090421415
5025,0.5076,2,83,2,121862,483748,10179,97777,4.480973730038164,0.1681389450152616
5026,0.5077,10,124,10,121986,483624,10189,97767,4.479825113935307,0.16816049784052384
5027,0.5078,1,15,1,122001,483609,10190,97766,4.4796861684389935,0.16816340571920016
5028,0.5079,4,35,4,122036,483574,10194,97762,4.4793619622809295,0.16816780656969463
5029,0.508,6,14,6,122050,483560,10200,97756,4.479232279817704,0.1681632709232156
5030,0.5081,6,64,6,122114,483496,10206,97750,4.4786394457001,0.16817320033170122
5031,0.5082,5,17,5,122131,483479,10211,97745,4.478481974137612,0.16817096334631743
5032,0.5083,6,63,6,122194,483416,10217,97739,4.4778984030530955,0.16818060586246356
5033,0.5084,2,24,2,122218,483392,10219,97737,4.477676090258995,0.16818468876961915
5034,0.5085,1,37,1,122255,483355,10220,97736,4.4773333580347545,0.16819396617741456
5035,0.5086,5,50,5,122305,483305,10225,97731,4.476870206380378,0.16820128184828478
5036,0.5087,1,17,1,122322,483288,10226,97730,4.476712734817888,0.16820477162497546
5037,0.5088,7,27,7,122349,483261,10233,97723,4.476462632924525,0.1682025666799774
5038,0.5089,6,70,6,122419,483191,10239,97717,4.475814220608396,0.16821424390781328
5039,0.509,5,28,5,122447,483163,10244,97712,4.475554855681945,0.16821519259737466
5040,0.5091,2,13,2,122460,483150,10246,97710,4.475434436251806,0.16821609337878318
5041,0.5092,4,38,4,122498,483112,10250,97706,4.47508244099448,0.1682213705498108
5042,0.5093,5,25,5,122523,483087,10255,97701,4.474850865167291,0.16822145085642265
5043,0.5094,1,13,1,122536,483074,10256,97700,4.474730445737152,0.16822378412256747
5044,0.5095,3,20,3,122556,483054,10259,97697,4.474545185075401,0.16822528071410983
5045,0.5096,6,81,6,122637,482973,10265,97691,4.473794879395309,0.16824015265282505
5046,0.5097,0,16,0,122653,482957,10265,97691,4.473646670865908,0.16824478858103362
5047,0.5098,3,27,3,122680,482930,10268,97688,4.473396568972545,0.16824831472672222
5048,0.5099,5,26,5,122706,482904,10273,97683,4.473155730112268,0.1682486862434054
5049,0.51,0,36,0,122742,482868,10273,97683,4.472822260921116,0.1682591193538552
5050,0.5101,6,22,6,122764,482846,10279,97677,4.47261847419319,0.1682568993821089
5051,0.5102,6,67,6,122831,482779,10285,97671,4.471997850976324,0.16826772331811526
5052,0.5103,5,48,5,122879,482731,10290,97666,4.471553225388121,0.16827447419611058
5053,0.5104,5,35,5,122914,482696,10295,97661,4.471229019230057,0.1682774568067586
5054,0.5105,2,19,2,122933,482677,10297,97659,4.471053021601393,0.16828009980425132
5055,0.5106,4,38,4,122971,482639,10301,97655,4.4707010263440665,0.16828538637311433
5056,0.5107,6,60,6,123031,482579,10307,97649,4.470145244358813,0.16829418780203645
5057,0.5108,6,49,6,123080,482530,10313,97643,4.469691355737523,0.16829980023199975
5058,0.5109,5,17,5,123097,482513,10318,97638,4.469533884175034,0.1682975639100855
5059,0.511,5,36,5,123133,482477,10323,97633,4.469200414983883,0.16830083949595767
5060,0.5111,4,62,4,123195,482415,10327,97629,4.4686261069324535,0.16831309348945941
5061,0.5112,2,22,2,123217,482393,10329,97627,4.468422320204528,0.16831660977207683
5062,0.5113,7,54,7,123271,482339,10336,97620,4.4679221164178,0.16832224346893487
5063,0.5114,7,66,7,123337,482273,10343,97613,4.4673107562340215,0.16833136168143395
5064,0.5115,6,17,6,123354,482256,10349,97607,4.467153284671533,0.1683276911960239
5065,0.5116,3,35,3,123389,482221,10352,97604,4.466829078513468,0.1683335489156211
5066,0.5117,5,28,5,123417,482193,10357,97599,4.466569713587017,0.1683345061677291
5067,0.5118,3,25,3,123442,482168,10360,97596,4.466338137759828,0.1683374614498313
5068,0.5119,7,116,7,123558,482052,10367,97589,4.465263625921672,0.16836110627095047
5069,0.512,0,39,0,123597,482013,10367,97589,4.464902367631257,0.16837243487772643
5070,0.5121,5,69,5,123666,481944,10372,97584,4.464263218348216,0.16838530666335363
5071,0.5122,2,61,2,123727,481883,10374,97582,4.463698173329875,0.1684001622185982
5072,0.5123,2,77,2,123804,481806,10376,97580,4.462984919782134,0.16841967185952025
5073,0.5124,2,37,2,123841,481769,10378,97578,4.462642187557894,0.16842755723253938
5074,0.5125,1,23,1,123864,481746,10379,97577,4.46242913779688,0.16843280864043028
5075,0.5126,8,98,8,123962,481648,10387,97569,4.4615213605543,0.168449821051523
5076,0.5127,3,24,3,123986,481624,10390,97566,4.461299047760199,0.1684524940002417
5077,0.5128,5,22,5,124008,481602,10395,97561,4.4610952610322725,0.1684517139389084
5078,0.5129,5,62,5,124070,481540,10400,97556,4.460520952980844,0.16846256924585906
5079,0.513,2,22,2,124092,481518,10402,97554,4.460317166252918,0.1684660974801061
5080,0.5131,6,40,6,124132,481478,10408,97548,4.459946644929416,0.1684691188305879
5081,0.5132,1,16,1,124148,481462,10409,97547,4.459798436400015,0.16847233808110063
5082,0.5133,7,117,7,124265,481345,10416,97540,4.458714661528771,0.16849633346865095
5083,0.5134,5,34,5,124299,481311,10421,97535,4.458399718403794,0.16849904810605928
5084,0.5135,4,24,4,124323,481287,10425,97531,4.458177405609693,0.16850028851901633
5085,0.5136,2,25,2,124348,481262,10427,97529,4.457945829782504,0.1685046934040094
5086,0.5137,8,17,8,124365,481245,10435,97521,4.457788358220015,0.16849814951120143
5087,0.5138,3,12,3,124377,481233,10438,97518,4.457677201822965,0.1684973330499645
5088,0.5139,12,45,12,124422,481188,10450,97506,4.457260365334025,0.16849319329386514
5089,0.514,6,81,6,124503,481107,10456,97500,4.456510059653933,0.16850815838729916
5090,0.5141,4,64,4,124567,481043,10460,97496,4.4559172255363295,0.16852105043912338
5091,0.5142,5,48,5,124615,480995,10465,97491,4.455472599948127,0.16852784682775382
5092,0.5143,7,35,7,124650,480960,10472,97484,4.455148393790062,0.16852798196541066
5093,0.5144,4,15,4,124665,480945,10476,97480,4.455009448293749,0.1685266024117215
5094,0.5145,3,30,3,124695,480915,10479,97477,4.454731557301122,0.16853103085796484
5095,0.5146,5,39,5,124734,480876,10484,97472,4.454370299010708,0.16853520717630216
5096,0.5147,5,25,5,124759,480851,10489,97467,4.454138723183519,0.16853530410604547
5097,0.5148,9,91,9,124850,480760,10498,97458,4.453295787172552,0.16854888640616514
5098,0.5149,4,32,4,124882,480728,10502,97454,4.4529993701137505,0.16855246271935134
5099,0.515,3,41,3,124923,480687,10505,97451,4.45261958575716,0.16856010156744583
5100,0.5151,3,21,3,124944,480666,10508,97448,4.452425062062321,0.16856190993471876
5101,0.5152,0,33,0,124977,480633,10508,97448,4.452119381970433,0.16857153236311173
5102,0.5153,1,38,1,125015,480595,10509,97447,4.451767386713105,0.16858117576231485
5103,0.5154,4,22,4,125037,480573,10513,97443,4.451563599985179,0.16858183856502243
5104,0.5155,2,17,2,125054,480556,10515,97441,4.451406128422691,0.16858391998574387
5105,0.5156,2,15,2,125069,480541,10517,97439,4.451267182926378,0.1685854181805599
5106,0.5157,3,21,3,125090,480520,10520,97436,4.451072659231539,0.16858722809348808
5107,0.5158,1,68,1,125158,480452,10521,97435,4.450442772981585,0.16860562705165544
5108,0.5159,2,37,2,125195,480415,10523,97433,4.450100040757346,0.16861354543063228
5109,0.516,6,32,6,125227,480383,10529,97427,4.449803623698544,0.1686142503591146
5110,0.5161,6,49,6,125276,480334,10535,97421,4.449349735077254,0.1686199167467179
5111,0.5162,8,68,8,125344,480266,10543,97413,4.4487198488273,0.1686282520223169
5112,0.5163,6,66,6,125410,480200,10549,97407,4.448108488643522,0.16863888422404852
5113,0.5164,6,27,6,125437,480173,10555,97401,4.447858386750157,0.16863813121781798
5114,0.5165,6,17,6,125454,480156,10561,97395,4.447700915187669,0.16863445825563456
5115,0.5166,3,16,3,125470,480140,10564,97392,4.447552706658268,0.1686348115775403
5116,0.5167,6,62,6,125532,480078,10570,97386,4.44697839860684,0.16864427912389343
5117,0.5168,7,65,7,125597,480013,10577,97379,4.446376301456149,0.168653185357608
5118,0.5169,0,25,0,125622,479988,10577,97379,4.44614472562896,0.16866048804313374
5119,0.517,14,132,14,125754,479856,10591,97365,4.444922005261403,0.1686788942190253
5120,0.5171,8,33,8,125787,479823,10599,97357,4.444616325169513,0.16867701583561454
5121,0.5172,1,32,1,125819,479791,10600,97356,4.444319908110712,0.1686849277567067
5122,0.5173,1,17,1,125836,479774,10601,97355,4.444162436548224,0.168688456133724
5123,0.5174,12,62,12,125898,479712,10613,97343,4.443588128496795,0.16868929304832295
5124,0.5175,4,68,4,125966,479644,10617,97339,4.442958242246841,0.16870341067241149
5125,0.5176,4,31,4,125997,479613,10621,97335,4.442671088221127,0.1687067118700472
5126,0.5177,2,36,2,126033,479577,10623,97333,4.442337619029975,0.16871435752543723
5127,0.5178,6,45,6,126078,479532,10629,97327,4.441920782541035,0.1687188723760919
5128,0.5179,2,48,2,126126,479484,10631,97325,4.441476156952833,0.1687300302179751
5129,0.518,2,35,2,126161,479449,10633,97323,4.441151950794768,0.1687373866969964
5130,0.5181,6,27,6,126188,479422,10639,97317,4.4409018489014045,0.16873663823670673
5131,0.5182,6,69,6,126257,479353,10645,97311,4.440262699618363,0.16874817918233148
5132,0.5183,5,71,5,126328,479282,10650,97306,4.439605024269147,0.168761750157825
5133,0.5184,4,24,4,126352,479258,10654,97302,4.439382711475045,0.16876300818648537
5134,0.5185,2,29,2,126381,479229,10656,97300,4.4391140835155065,0.16876861354762726
5135,0.5186,4,42,4,126423,479187,10660,97296,4.438725036125829,0.16877514167807203
5136,0.5187,3,29,3,126452,479158,10663,97293,4.43845640816629,0.16877930648051612
5137,0.5188,5,37,5,126489,479121,10668,97288,4.43811367594205,0.16878293017631577
5138,0.5189,4,41,4,126530,479080,10672,97284,4.437733891585461,0.1687891679563609
5139,0.519,4,61,4,126591,479019,10676,97280,4.43716884656712,0.16880126462131637
5140,0.5191,9,74,9,126665,478945,10685,97271,4.436483382118641,0.1688099601538312
5141,0.5192,2,24,2,126689,478921,10687,97269,4.43626106932454,0.16881410645793923
5142,0.5193,5,25,5,126714,478896,10692,97264,4.436029493497351,0.16881421827270202
5143,0.5194,2,11,2,126725,478885,10694,97262,4.435927600133388,0.16881455600740783
5144,0.5195,1,32,1,126757,478853,10695,97261,4.435631183074586,0.16882248999329993
5145,0.5196,14,35,14,126792,478818,10709,97247,4.435306976916522,0.16881254719519498
5146,0.5197,1,24,1,126816,478794,10710,97246,4.43508466412242,0.1688181376293313
5147,0.5198,7,49,7,126865,478745,10717,97239,4.43463077550113,0.16882239784438458
5148,0.5199,7,40,7,126905,478705,10724,97232,4.4342602541776275,0.16882402068281774
5149,0.52,3,25,3,126930,478680,10727,97229,4.4340286783504395,0.16882701954649085
5150,0.5201,5,23,5,126953,478657,10732,97224,4.433815628589425,0.1688265457620585
5151,0.5202,4,24,4,126977,478633,10736,97220,4.433593315795324,0.16882780848584622
5152,0.5203,6,29,6,127006,478604,10742,97214,4.433324687835785,0.1688276504034261
5153,0.5204,1,25,1,127031,478579,10743,97213,4.433093112008596,0.1688335371106233
5154,0.5205,1,38,1,127069,478541,10744,97212,4.432741116751269,0.16884323659624875
5155,0.5206,3,52,3,127121,478489,10747,97209,4.432259439030716,0.1688541561721597
5156,0.5207,1,21,1,127142,478468,10748,97208,4.432064915335878,0.16885887200439137
5157,0.5208,2,19,2,127161,478449,10750,97206,4.431888917707214,0.16886155770383302
5158,0.5209,2,52,2,127213,478397,10752,97204,4.431407239986661,0.16887392481944957
5159,0.521,5,23,5,127236,478374,10757,97199,4.431194190225647,0.16887345306329518
5160,0.5211,5,27,5,127263,478347,10762,97194,4.430944088332284,0.16887415492553962
5161,0.5212,2,20,2,127283,478327,10764,97192,4.430758827670532,0.16887713524662087
5162,0.5213,5,39,5,127322,478288,10769,97187,4.430397569380117,0.16888135887744907
5163,0.5214,5,37,5,127359,478251,10774,97182,4.430054837155878,0.16888499616810299
5164,0.5215,3,55,3,127414,478196,10777,97179,4.429545370336063,0.16889680643058874
5165,0.5216,5,31,5,127445,478165,10782,97174,4.429258216310348,0.1688986840801684
5166,0.5217,3,32,3,127477,478133,10785,97171,4.428961799251547,0.16890374480274775
5167,0.5218,6,98,6,127575,478035,10791,97165,4.428054022008967,0.1689238525730181
5168,0.5219,2,15,2,127590,478020,10793,97163,4.427915076512654,0.1689253681002394
5169,0.522,3,18,3,127608,478002,10796,97160,4.427748341917077,0.1689263198890052
5170,0.5221,2,29,2,127637,477973,10798,97158,4.427479713957538,0.16893194767800726
5171,0.5222,7,32,7,127669,477941,10805,97151,4.427183296898736,0.16893123187246561
5172,0.5223,4,33,4,127702,477908,10809,97147,4.4268776168068475,0.1689351453339246
5173,0.5224,1,26,1,127728,477882,10810,97146,4.4266367779465705,0.1689413385087335
5174,0.5225,14,115,14,127843,477767,10824,97132,4.425571529141502,0.16895489468584918
5175,0.5226,4,35,4,127878,477732,10828,97128,4.425247322983438,0.16895939881014507
5176,0.5227,5,22,5,127900,477710,10833,97123,4.425043536255512,0.16895863668230598
5177,0.5228,3,52,3,127952,477658,10836,97120,4.424561858534958,0.16896958477881896
5178,0.5229,8,65,8,128017,477593,10844,97112,4.423959761384268,0.16897712739579437
5179,0.523,2,70,2,128087,477523,10846,97110,4.423311349068139,0.16899481930205887
5180,0.5231,7,54,7,128141,477469,10853,97103,4.422811145281411,0.16900057782140446
5181,0.5232,3,19,3,128160,477450,10856,97100,4.4226351476527475,0.16900182751718737
5182,0.5233,4,28,4,128188,477422,10860,97096,4.422375782726296,0.169004278368998
5183,0.5234,0,52,0,128240,477370,10860,97096,4.421894105005743,0.1690195764414256
5184,0.5235,8,69,8,128309,477301,10868,97088,4.421254955722702,0.16902830660057905
5185,0.5236,2,18,2,128327,477283,10870,97086,4.421088221127126,0.16903071022287067
5186,0.5237,7,61,7,128388,477222,10877,97079,4.420523176108785,0.16903853554146694
5187,0.5238,1,12,1,128400,477210,10878,97078,4.420412019711734,0.16904062073384782
5188,0.5239,3,18,3,128418,477192,10881,97075,4.420245285116159,0.1690415782205838
5189,0.524,1,43,1,128461,477149,10882,97074,4.419846974693393,0.16905278959567974
5190,0.5241,4,21,4,128482,477128,10886,97070,4.419652450998555,0.16905318374497996
5191,0.5242,6,161,6,128643,476967,10892,97064,4.4181611026714585,0.16909191315451605
5192,0.5243,4,33,4,128676,476934,10896,97060,4.41785542257957,0.16909584420743073
5193,0.5244,10,72,10,128748,476862,10906,97050,4.417188484197266,0.16910258018650942
5194,0.5245,2,34,2,128782,476828,10908,97048,4.416873541072289,0.1691097031414452
5195,0.5246,6,39,6,128821,476789,10914,97042,4.416512282781874,0.16911250873515024
5196,0.5247,3,22,3,128843,476767,10917,97039,4.416308496053948,0.16911464850489538
5197,0.5248,5,14,5,128857,476753,10922,97034,4.416178813590722,0.16911153441956683
5198,0.5249,6,30,6,128887,476723,10928,97028,4.415900922598095,0.1691116878227663
5199,0.525,3,35,3,128922,476688,10931,97025,4.4155767164400315,0.16911765987523378
5200,0.5251,6,80,6,129002,476608,10937,97019,4.414835673793027,0.16913255477862793
5201,0.5252,1,10,1,129012,476598,10938,97018,4.414743043462151,0.16913405483807983
5202,0.5253,2,24,2,129036,476574,10940,97016,4.41452073066805,0.1691382346275214
5203,0.5254,1,10,1,129046,476564,10941,97015,4.414428100337174,0.16913973489266518
5204,0.5255,6,50,6,129096,476514,10947,97009,4.413964948682796,0.1691457883990703
5205,0.5256,4,49,4,129145,476465,10951,97005,4.413511060061507,0.16915444574258462
5206,0.5257,1,18,1,129163,476447,10952,97004,4.41334432546593,0.16915830646384783
5207,0.5258,5,42,5,129205,476405,10957,96999,4.412955278076253,0.16916345194662052
5208,0.5259,10,71,10,129276,476334,10967,96989,4.412297602727037,0.16916990945767046
5209,0.526,0,12,0,129288,476322,10967,96989,4.4121864463299865,0.16917345036114778
5210,0.5261,3,12,3,129300,476310,10970,96986,4.412075289932936,0.1691726438000614
5211,0.5262,3,121,3,129421,476189,10973,96983,4.410954462929341,0.16920400856985338
5212,0.5263,4,35,4,129456,476154,10977,96979,4.410630256771277,0.16920854321771736
5213,0.5264,5,22,5,129478,476132,10982,96974,4.410426470043351,0.16920779053089655
5214,0.5265,3,21,3,129499,476111,10985,96971,4.410231946348512,0.169209641901159
5215,0.5266,4,49,4,129548,476062,10989,96967,4.409778057727222,0.16921831181318922
5216,0.5267,3,30,3,129578,476032,10992,96964,4.409500166734595,0.16922282179980314
5217,0.5268,2,13,2,129591,476019,10994,96962,4.409379747304458,0.16922376134636227
5218,0.5269,3,19,3,129610,476000,10997,96959,4.409203749675794,0.16922502308193083
5219,0.527,0,24,0,129634,475976,10997,96959,4.408981436881692,0.16923211184514822
5220,0.5271,0,10,0,129644,475966,10997,96959,4.408888806550817,0.16923506567177204
5221,0.5272,9,77,9,129721,475889,11006,96950,4.408175553003075,0.1692447616171385
5222,0.5273,6,17,6,129738,475872,11012,96944,4.408018081440587,0.1692410826513226
5223,0.5274,12,144,12,129882,475728,11024,96932,4.4066842046759795,0.16926623127160967
5224,0.5275,5,36,5,129918,475692,11029,96927,4.4063507354848275,0.1692696190660806
5225,0.5276,11,154,11,130072,475538,11040,96916,4.404924228389344,0.16929919259888132
5226,0.5277,7,56,7,130128,475482,11047,96909,4.404405498536441,0.1693055970481716
5227,0.5278,2,50,2,130178,475432,11049,96907,4.403942346882063,0.16931748491715573
5228,0.5279,3,19,3,130197,475413,11052,96904,4.4037663492534,0.16931875167083976
5229,0.528,2,21,2,130218,475392,11054,96902,4.4035718255585605,0.16932206173749856
5230,0.5281,5,35,5,130253,475357,11059,96897,4.403247619400497,0.16932515980665927
5231,0.5282,7,26,7,130279,475331,11066,96890,4.40300678054022,0.16932269175720568
5232,0.5283,8,39,8,130318,475292,11074,96882,4.402645522249806,0.16932261864397893
5233,0.5284,2,24,2,130342,475268,11076,96880,4.402423209455704,0.16932681753672127
5234,0.5285,3,22,3,130364,475246,11079,96877,4.402219422727778,0.16932897296560356
5235,0.5286,7,33,7,130397,475213,11086,96870,4.401913742635888,0.16932857644782312
5236,0.5287,5,19,5,130416,475194,11091,96865,4.4017377450072255,0.1693269400533861
5237,0.5288,3,12,3,130428,475182,11094,96862,4.401626588610174,0.1693261357517953
5238,0.5289,15,149,15,130577,475033,11109,96847,4.400246396680129,0.16934846471287682
5239,0.529,5,112,5,130689,474921,11114,96842,4.399208936974323,0.16937437364782262
5240,0.5291,5,27,5,130716,474894,11119,96837,4.3989588350809585,0.16937510822397248
5241,0.5292,5,26,5,130742,474868,11124,96832,4.398717996220682,0.1693755466153577
5242,0.5293,1,11,1,130753,474857,11125,96831,4.398616102856719,0.16937735268188242
5243,0.5294,15,113,15,130866,474744,11140,96816,4.397569380117826,0.16938904052068024
5244,0.5295,2,66,2,130932,474678,11142,96814,4.396958019934047,0.16940569596774757
5245,0.5296,13,141,13,131073,474537,11155,96801,4.395651932268702,0.16942860443380275
5246,0.5297,2,29,2,131102,474508,11157,96799,4.395383304309163,0.16943429714671795
5247,0.5298,2,65,2,131167,474443,11159,96797,4.394781207158472,0.16945066872067782
5248,0.5299,6,56,6,131223,474387,11165,96791,4.394262477305569,0.16945855757749773
5249,0.53,7,47,7,131270,474340,11172,96784,4.3938271147504535,0.169462323418382
5250,0.5301,6,42,6,131312,474298,11178,96778,4.393438067360776,0.16946606055936514
5251,0.5302,12,54,12,131366,474244,11190,96766,4.392937863574049,0.1694646328435579
5252,0.5303,4,102,4,131468,474142,11194,96762,4.3919930341991185,0.1694890909855247
5253,0.5304,8,99,8,131567,474043,11202,96754,4.39107599392345,0.16950684744313652
5254,0.5305,6,99,6,131666,473944,11208,96748,4.3901589536477825,0.1695275209745362
5255,0.5306,9,62,9,131728,473882,11217,96739,4.389584645596354,0.16953284228936544
5256,0.5307,3,36,3,131764,473846,11220,96736,4.389251176405202,0.16953917228373835
5257,0.5308,7,49,7,131813,473797,11227,96729,4.388797287783912,0.1695435440277919
5258,0.5309,1,21,1,131834,473776,11228,96728,4.3886027640890735,0.16954832919664017
5259,0.531,3,17,3,131851,473759,11231,96725,4.388445292526585,0.1695490145210032
5260,0.5311,3,48,3,131899,473711,11234,96722,4.388000666938383,0.16955891401794776
5261,0.5312,3,36,3,131935,473675,11237,96719,4.387667197747231,0.16956524788128907
5262,0.5313,4,86,4,132021,473589,11241,96715,4.386870576901701,0.16958499326674897
5263,0.5314,2,46,2,132067,473543,11243,96713,4.386444477379674,0.16959576050054712
5264,0.5315,9,53,9,132120,473490,11252,96704,4.385953536626033,0.16959841738075113
5265,0.5316,3,25,3,132145,473465,11255,96701,4.385721960798844,0.16960148447995846
5266,0.5317,6,46,6,132191,473419,11261,96695,4.385295861276816,0.16960642959127473
5267,0.5318,9,25,9,132216,473394,11270,96686,4.385064285449627,0.16960075778838057
5268,0.5319,6,26,6,132242,473368,11276,96680,4.384823446589351,0.16959975300325586
5269,0.532,8,132,8,132374,473236,11284,96672,4.383600726221794,0.16962737845406628
5270,0.5321,4,40,4,132414,473196,11288,96668,4.383230204898292,0.16963345640363314
5271,0.5322,1,34,1,132448,473162,11289,96667,4.382915261773315,0.16964212070638734
5272,0.5323,11,213,11,132661,472949,11300,96656,4.380942235725666,0.1696895216860807
5273,0.5324,3,42,3,132703,472907,11303,96653,4.3805531883359885,0.16969766135262307
5274,0.5325,7,31,7,132734,472876,11310,96646,4.380266034310274,0.1696966930162487
5275,0.5326,8,33,8,132767,472843,11318,96638,4.379960354218385,0.16969486251516733
5276,0.5327,2,28,2,132795,472815,11320,96636,4.379700989291933,0.16970029027958508
5277,0.5328,5,35,5,132830,472780,11325,96631,4.3793767831338695,0.16970343038683833
5278,0.5329,8,46,8,132876,472734,11333,96623,4.3789506836118415,0.1697054747724187
5279,0.533,4,49,4,132925,472685,11337,96619,4.378496794990552,0.16971424757247447
5280,0.5331,6,54,6,132979,472631,11343,96613,4.377996591203824,0.16972159566020897
5281,0.5332,2,20,2,132999,472611,11345,96611,4.377811330542072,0.16972464170393978
5282,0.5333,3,13,3,133012,472598,11348,96608,4.377690911111935,0.16972414205050543
5283,0.5334,4,36,4,133048,472562,11352,96604,4.377357441920783,0.16972904214236267
5284,0.5335,6,46,6,133094,472516,11358,96598,4.3769313423987555,0.1697340075977748
5285,0.5336,8,74,8,133168,472442,11366,96590,4.376245877950276,0.16974440804735058
5286,0.5337,1,23,1,133191,472419,11367,96589,4.376032828189262,0.16974981019599023
5287,0.5338,7,45,7,133236,472374,11374,96582,4.375615991700323,0.16975302132326578
5288,0.5339,1,23,1,133259,472351,11375,96581,4.375402941939309,0.16975842455688905
5289,0.534,4,12,4,133271,472339,11379,96577,4.375291785542258,0.16975616787012493
5290,0.5341,5,42,5,133313,472297,11384,96572,4.3749027381525805,0.16976140376782703
5291,0.5342,2,17,2,133330,472280,11386,96570,4.374745266590092,0.16976355805572646
5292,0.5343,3,25,3,133355,472255,11389,96567,4.374513690762903,0.16976664053078117
5293,0.5344,8,97,8,133452,472158,11397,96559,4.373615176553411,0.1697839171327743
5294,0.5345,4,15,4,133467,472143,11401,96555,4.373476231057097,0.16978255594357639
5295,0.5346,4,42,4,133509,472101,11405,96551,4.37308718366742,0.16978925599487912
5296,0.5347,6,57,6,133566,472044,11411,96545,4.37255919078143,0.1697975163079131
5297,0.5348,8,86,8,133652,471958,11419,96537,4.3717625699359,0.1698115198902365
5298,0.5349,2,10,2,133662,471948,11421,96535,4.371669939605025,0.1698115862743477
5299,0.535,14,157,14,133819,471791,11435,96521,4.370215643410278,0.16983804670673855
5300,0.5351,4,32,4,133851,471759,11439,96517,4.369919226351477,0.16984176702869733
5301,0.5352,7,66,7,133917,471693,11446,96510,4.369307866167698,0.16985126794473102
5302,0.5353,5,40,5,133957,471653,11451,96505,4.368937344844196,0.1698559203601815
5303,0.5354,4,47,4,134004,471606,11455,96501,4.3685019822890805,0.16986412770833664
5304,0.5355,7,25,7,134029,471581,11462,96494,4.368270406461892,0.1698613739383004
5305,0.5356,5,10,5,134039,471571,11467,96489,4.3681777761310165,0.1698570573530965
5306,0.5357,3,64,3,134103,471507,11470,96486,4.367584942013413,0.16987181180049754
5307,0.5358,10,45,10,134148,471462,11480,96476,4.367168105524473,0.1698706548954287
5308,0.5359,1,20,1,134168,471442,11481,96475,4.366982844862722,0.1698751754217606
5309,0.536,1,15,1,134183,471427,11482,96474,4.366843899366408,0.16987820060186545
5310,0.5361,3,26,3,134209,471401,11485,96471,4.366603060506132,0.16988159303505015
5311,0.5362,2,35,2,134244,471366,11487,96469,4.366278854348068,0.1698891403312582
5312,0.5363,2,30,2,134274,471336,11489,96467,4.366000963355441,0.16989519252275878
5313,0.5364,4,34,4,134308,471302,11493,96463,4.365686020230465,0.16989951828661506
5314,0.5365,3,40,3,134348,471262,11496,96460,4.365315498906962,0.16990710241984633
5315,0.5366,4,56,4,134404,471206,11500,96456,4.364796769054059,0.16991801459319103
5316,0.5367,4,25,4,134429,471181,11504,96452,4.36456519322687,0.16991964878715649
5317,0.5368,3,16,3,134445,471165,11507,96449,4.36441698469747,0.16992005130246965
5318,0.5369,5,24,5,134469,471141,11512,96444,4.364194671903368,0.16991992388805202
5319,0.537,3,66,3,134535,471075,11515,96441,4.363583311719589,0.16993529697841117
5320,0.5371,3,56,3,134591,471019,11518,96438,4.363064581866686,0.1699476788549617
5321,0.5372,1,30,1,134621,470989,11519,96437,4.36278669087406,0.1699552012068534
5322,0.5373,6,51,6,134672,470938,11525,96431,4.362314276186595,0.16996170041013872
5323,0.5374,5,16,5,134688,470922,11530,96426,4.362166067657194,0.16995917849362296
5324,0.5375,4,65,4,134753,470857,11534,96422,4.361563970506503,0.16997279998025663
5325,0.5376,0,68,0,134821,470789,11534,96422,4.360934084256549,0.16999317714219223
5326,0.5377,4,56,4,134877,470733,11538,96418,4.360415354403646,0.17000410825335757
5327,0.5378,1,17,1,134894,470716,11539,96417,4.360257882841157,0.17000774068869207
5328,0.5379,2,39,2,134933,470677,11541,96415,4.359896624550743,0.17001650525840603
5329,0.538,9,68,9,135001,470609,11550,96406,4.359266738300789,0.17002372071285593
5330,0.5381,4,35,4,135036,470574,11554,96402,4.358942532142724,0.17002836098882493
5331,0.5382,7,38,7,135074,470536,11561,96395,4.358590536885398,0.1700295097639748
5332,0.5383,10,71,10,135145,470465,11571,96385,4.357932861536181,0.1700361647702214
5333,0.5384,3,9,3,135154,470456,11574,96382,4.357849494238393,0.17003447193025167
5334,0.5385,3,13,3,135167,470443,11577,96379,4.3577290748082556,0.17003397892107222
5335,0.5386,9,83,9,135250,470360,11586,96370,4.356960243061988,0.1700457007746193
5336,0.5387,1,23,1,135273,470337,11587,96369,4.356747193300975,0.17005113762691765
5337,0.5388,0,17,0,135290,470320,11587,96369,4.356589721738486,0.17005623895999392
5338,0.5389,3,16,3,135306,470304,11590,96366,4.356441513209085,0.1700566467256075
5339,0.539,3,13,3,135319,470291,11593,96363,4.356321093778947,0.17005615419638792
5340,0.5391,10,203,10,135522,470088,11603,96353,4.354440698062174,0.17010244668023677
5341,0.5392,7,54,7,135576,470034,11610,96346,4.353940494275445,0.17010840778276068
5342,0.5393,7,48,7,135624,469986,11617,96339,4.353495868687243,0.17011256787180506
5343,0.5394,7,47,7,135671,469939,11624,96332,4.3530605061321275,0.17011642835320898
5344,0.5395,2,20,2,135691,469919,11626,96330,4.3528752454703765,0.17011950572981144
5345,0.5396,10,133,10,135824,469786,11636,96320,4.351643262069732,0.17014481386878075
5346,0.5397,4,53,4,135877,469733,11640,96316,4.351152321316092,0.17015488058454303
5347,0.5398,4,46,4,135923,469687,11644,96312,4.350726221794064,0.17016284481067986
5348,0.5399,4,29,4,135952,469658,11648,96308,4.350457593834525,0.17016569899958656
5349,0.54,3,15,3,135967,469643,11651,96305,4.350318648338212,0.17016581028645741
5350,0.5401,1,26,1,135993,469617,11652,96304,4.350077809477935,0.17017216183884323
5351,0.5402,3,33,3,136026,469584,11655,96301,4.3497721293860465,0.17017768627901428
5352,0.5403,6,54,6,136080,469530,11661,96295,4.349271925599318,0.17018512791057305
5353,0.5404,3,40,3,136120,469490,11664,96292,4.348901404275816,0.17019275975552423
5354,0.5405,2,27,2,136147,469463,11666,96290,4.348651302382452,0.1701979485747314
5355,0.5406,16,224,16,136371,469239,11682,96274,4.34657638297084,0.17024188657024683
5356,0.5407,3,17,3,136388,469222,11685,96271,4.346418911408351,0.1702426024725328
5357,0.5408,4,34,4,136422,469188,11689,96267,4.346103968283375,0.17024696925484786
5358,0.5409,4,17,4,136439,469171,11693,96263,4.345946496720886,0.17024621794939815
5359,0.541,8,139,8,136578,469032,11701,96255,4.344658935121716,0.17027633750643478
5360,0.5411,3,45,3,136623,468987,11704,96252,4.344242098632776,0.17028548985473402
5361,0.5412,12,114,12,136737,468873,11716,96240,4.343186112860795,0.17030222274129245
5362,0.5413,0,37,0,136774,468836,11716,96240,4.342843380636555,0.17031337377627082
5363,0.5414,4,24,4,136798,468812,11720,96236,4.342621067842455,0.1703147343234557
5364,0.5415,1,16,1,136814,468796,11721,96235,4.3424728593130535,0.17031808874203364
5365,0.5416,4,46,4,136860,468750,11725,96231,4.342046759791026,0.17032608176204156
5366,0.5417,2,44,2,136904,468706,11727,96229,4.341639186335174,0.17033641038349545
5367,0.5418,3,36,3,136940,468670,11730,96226,4.341305717144022,0.17034285957061124
5368,0.5419,2,22,2,136962,468648,11732,96224,4.341101930416095,0.17034655638799587
5369,0.542,11,50,11,137012,468598,11743,96213,4.3406387787617176,0.17034547839896885
5370,0.5421,7,52,7,137064,468546,11750,96206,4.340157101041165,0.17035087967815962
5371,0.5422,7,50,7,137114,468496,11757,96199,4.339693949386787,0.17035567872922552
5372,0.5423,4,58,4,137172,468438,11761,96195,4.339156693467709,0.17036730052972462
5373,0.5424,4,37,4,137209,468401,11765,96191,4.33881396124347,0.1703725876385071
5374,0.5425,0,37,0,137246,468364,11765,96191,4.33847122901923,0.17038375357582522
5375,0.5426,8,74,8,137320,468290,11773,96183,4.337785764570751,0.17039433241271063
5376,0.5427,7,60,7,137380,468230,11780,96176,4.337229982585498,0.1704021573122894
5377,0.5428,4,38,4,137418,468192,11784,96172,4.336877987328171,0.1704077510259336
5378,0.5429,9,137,9,137555,468055,11793,96163,4.335608951795176,0.17043589534541614
5379,0.543,5,78,5,137633,467977,11798,96158,4.334886435214346,0.17045210809469363
5380,0.5431,4,5,4,137638,467972,11802,96154,4.334840120048908,0.17044773685311437
5381,0.5432,7,79,7,137717,467893,11809,96147,4.334108340434992,0.17046131480036877
5382,0.5433,6,50,6,137767,467843,11815,96141,4.333645188780614,0.1704676019177849
5383,0.5434,5,28,5,137795,467815,11820,96136,4.3333858238541625,0.17046871093410598
5384,0.5435,2,18,2,137813,467797,11822,96134,4.333219089258587,0.17047121013031735
5385,0.5436,6,50,6,137863,467747,11828,96128,4.332755937604209,0.17047749944579915
5386,0.5437,8,118,8,137981,467629,11836,96120,4.331662899699878,0.17050141108897754
5387,0.5438,5,35,5,138016,467594,11841,96115,4.331338693541813,0.1705046398052896
5388,0.5439,7,79,7,138095,467515,11848,96108,4.330606913927896,0.17051823648076816
5389,0.544,1,34,1,138129,467481,11849,96107,4.33029197080292,0.17052705167604704
5390,0.5441,5,36,5,138165,467445,11854,96102,4.329958501611768,0.17053058573641594
5391,0.5442,2,23,2,138188,467422,11856,96100,4.329745451850754,0.17053460202086165
5392,0.5443,7,30,7,138218,467392,11863,96093,4.329467560858127,0.17053337710852995
5393,0.5444,6,98,6,138316,467294,11869,96087,4.328559783615547,0.17055420754338538
5394,0.5445,6,70,6,138386,467224,11875,96081,4.327911371299418,0.17056656695750969
5395,0.5446,2,46,2,138432,467178,11877,96079,4.327485271777391,0.17057755163273602
5396,0.5447,5,47,5,138479,467131,11882,96074,4.327049909222276,0.17058442307863034
5397,0.5448,12,79,12,138558,467052,11894,96062,4.326318129608359,0.170590679684753
5398,0.5449,5,57,5,138615,466995,11899,96057,4.325790136722368,0.17060058396027364
5399,0.545,4,38,4,138653,466957,11903,96053,4.325438141465042,0.17060620592884673
5400,0.5451,6,142,6,138795,466815,11909,96047,4.324122790766609,0.17064040564116958
5401,0.5452,8,28,8,138823,466787,11917,96039,4.323863425840157,0.17063710631705004
5402,0.5453,19,228,19,139051,466559,11936,96020,4.321751454296194,0.17067825141002418
5403,0.5454,4,47,4,139098,466512,11940,96016,4.32131609174108,0.1706866147107344
5404,0.5455,11,188,11,139286,466324,11951,96005,4.319574641520619,0.1707274567023931
5405,0.5456,8,137,8,139423,466187,11959,95997,4.318305605987625,0.17075726096793933
5406,0.5457,6,27,6,139450,466160,11965,95991,4.318055504094261,0.17075661165772185
5407,0.5458,4,30,4,139480,466130,11969,95987,4.317777613101634,0.17075982402240103
5408,0.5459,4,49,4,139529,466081,11973,95983,4.317323724480344,0.17076880924592217
5409,0.546,9,41,9,139570,466040,11982,95974,4.316943940123754,0.1707679879860644
5410,0.5461,2,48,2,139618,465992,11984,95972,4.316499314535552,0.1707796228939932
5411,0.5462,4,30,4,139648,465962,11988,95968,4.316221423542925,0.17078283772000072
5412,0.5463,5,53,5,139701,465909,11993,95963,4.315730482789284,0.1707915681863485
5413,0.5464,1,28,1,139729,465881,11994,95962,4.315471117862833,0.17079860388044346
5414,0.5465,6,48,6,139777,465833,12000,95956,4.31502649227463,0.17080434113163484
5415,0.5466,3,33,3,139810,465800,12003,95953,4.314720812182741,0.17080994672035574
5416,0.5467,1,19,1,139829,465781,12004,95952,4.314544814554077,0.17081424805023027
5417,0.5468,2,30,2,139859,465751,12006,95950,4.314266923561451,0.17082041869250722
5418,0.5469,5,29,5,139888,465722,12011,95945,4.313998295601912,0.17082185707901656
5419,0.547,2,42,2,139930,465680,12013,95943,4.313609248212234,0.17083167890203926
5420,0.5471,2,19,2,139949,465661,12015,95941,4.3134332505835715,0.17083450557512259
5421,0.5472,7,37,7,139986,465624,12022,95934,4.313090518359331,0.17083542572628294
5422,0.5473,5,21,5,140007,465603,12027,95929,4.312895994664493,0.170834431519486
5423,0.5474,3,33,3,140040,465570,12030,95926,4.312590314572604,0.1708400416031459
5424,0.5475,6,50,6,140090,465520,12036,95920,4.312127162918226,0.17084639498432602
5425,0.5476,5,76,5,140166,465444,12041,95915,4.311423172403572,0.17086213991403007
5426,0.5477,5,45,5,140211,465399,12046,95910,4.311006335914632,0.17086845213598928
5427,0.5478,6,54,6,140265,465345,12052,95904,4.310506132127904,0.1708760282869101
5428,0.5479,6,48,6,140313,465297,12058,95898,4.310061506539701,0.17088177906075427
5429,0.548,1,83,1,140396,465214,12059,95897,4.309292674793435,0.17090557839714424
5430,0.5481,4,41,4,140437,465173,12063,95893,4.308912890436845,0.1709121565020871
5431,0.5482,7,34,7,140471,465139,12070,95886,4.308597947311868,0.17091216968940778
5432,0.5483,4,33,4,140504,465106,12074,95882,4.308292267219978,0.17091631193537116
5433,0.5484,5,43,5,140547,465063,12079,95877,4.307893956797214,0.17092202374585516
5434,0.5485,2,21,2,140568,465042,12081,95875,4.307699433102375,0.17092546669115039
5435,0.5486,3,28,3,140596,465014,12084,95872,4.307440068175923,0.17092956500964546
5436,0.5487,2,40,2,140636,464974,12086,95870,4.307069546852421,0.170938799380933
5437,0.5488,1,40,1,140676,464934,12087,95869,4.3066990255289195,0.17094951346551285
5438,0.5489,3,31,3,140707,464903,12090,95866,4.306411871503205,0.17095452851352338
5439,0.549,5,38,5,140745,464865,12095,95861,4.306059876245878,0.17095872137193566
5440,0.5491,4,12,4,140757,464853,12099,95857,4.3059487198488275,0.1709564659092936
5441,0.5492,7,124,7,140881,464729,12106,95850,4.30480010374597,0.170983929116146
5442,0.5493,7,32,7,140913,464697,12113,95843,4.304503686687169,0.17098333749598602
5443,0.5494,4,43,4,140956,464654,12117,95839,4.304105376264404,0.1709905386864778
5444,0.5495,1,17,1,140973,464637,12118,95838,4.303947904701916,0.1709942459520942
5445,0.5496,3,23,3,140996,464614,12121,95835,4.303734854940902,0.17099682575934652
5446,0.5497,2,40,2,141036,464574,12123,95833,4.3033643336174,0.17100607237240079
5447,0.5498,3,22,3,141058,464552,12126,95830,4.303160546889473,0.1710083478769839
5448,0.5499,1,19,1,141077,464533,12127,95829,4.30298454926081,0.17101266681181093
5449,0.55,2,27,2,141104,464506,12129,95827,4.302734447367446,0.17101794825576933
5450,0.5501,11,67,11,141171,464439,12140,95816,4.30211382415058,0.17102212385431634
5451,0.5502,6,36,6,141207,464403,12146,95810,4.301780354959428,0.17102423542474024
5452,0.5503,3,82,3,141289,464321,12149,95807,4.301020786246249,0.17104483260968922
5453,0.5504,1,13,1,141302,464308,12150,95806,4.30090036681611,0.17104732250934632
5454,0.5505,5,29,5,141331,464279,12155,95801,4.300631738856572,0.17104877874589344
5455,0.5506,8,113,8,141444,464166,12163,95793,4.299585016117677,0.1710714534456987
5456,0.5507,8,81,8,141525,464085,12171,95785,4.2988347104375855,0.17108435886902318
5457,0.5508,3,36,3,141561,464049,12174,95782,4.298501241246433,0.17109091850933586
5458,0.5509,9,48,9,141609,464001,12183,95773,4.298056615658231,0.17109226223440174
5459,0.551,3,18,3,141627,463983,12186,95770,4.297889881062655,0.17109332151859838
5460,0.5511,5,15,5,141642,463968,12191,95765,4.2977509355663415,0.17109050207866966
5461,0.5512,4,37,4,141679,463931,12195,95761,4.297408203342102,0.17109588845293483
5462,0.5513,3,52,3,141731,463879,12198,95758,4.29692652562155,0.17110734279541917
5463,0.5514,3,31,3,141762,463848,12201,95755,4.296639371595836,0.17111237788217717
5464,0.5515,3,23,3,141785,463825,12204,95752,4.296426321834821,0.17111496719843738
5465,0.5516,3,30,3,141815,463795,12207,95749,4.296148430842195,0.17111969746793818
5466,0.5517,3,16,3,141831,463779,12210,95746,4.296000222312794,0.1711201465528797
5467,0.5518,2,52,2,141883,463727,12212,95744,4.295518544592241,0.17113308822083717
5468,0.5519,4,36,4,141919,463691,12216,95740,4.295185075401089,0.17113817432355374
5469,0.552,1,25,1,141944,463666,12217,95739,4.2949534995739,0.17114434086216604
5470,0.5521,7,29,7,141973,463637,12224,95732,4.294684871614361,0.1711428413086889
5471,0.5522,3,69,3,142042,463568,12227,95729,4.29404572233132,0.17115950916954678
5472,0.5523,8,65,8,142107,463503,12235,95721,4.293443625180629,0.1711675464572336
5473,0.5524,7,24,7,142131,463479,12242,95714,4.293221312386528,0.171164517438523
5474,0.5525,5,102,5,142233,463377,12247,95709,4.292276483011597,0.17118833238535752
5475,0.5526,6,25,6,142258,463352,12253,95703,4.292044907184408,0.17118709250431532
5476,0.5527,2,45,2,142303,463307,12255,95701,4.291628070695468,0.17119790772225085
5477,0.5528,2,21,2,142324,463286,12257,95699,4.29143354700063,0.17120137391879925
5478,0.5529,1,19,1,142343,463267,12258,95698,4.2912575493719665,0.1712057105543281
5479,0.553,5,33,5,142376,463234,12263,95693,4.290951869280077,0.17120840467538695
5480,0.5531,8,40,8,142416,463194,12271,95685,4.290581347956575,0.17120879474805817
5481,0.5532,12,42,12,142458,463152,12283,95673,4.290192300566898,0.17120386525298617
5482,0.5533,2,24,2,142482,463128,12285,95671,4.289969987772796,0.17120825198327128
5483,0.5534,4,101,4,142583,463027,12289,95667,4.289034421430953,0.17123326901667102
5484,0.5535,4,38,4,142621,462989,12293,95663,4.288682426173627,0.1712389824076527
5485,0.5536,1,11,1,142632,462978,12294,95662,4.288580532809664,0.1712408706859516
5486,0.5537,7,67,7,142699,462911,12301,95655,4.287959909592797,0.17125102494602248
5487,0.5538,4,14,4,142713,462897,12305,95651,4.287830227129572,0.17124938232703366
5488,0.5539,3,13,3,142726,462884,12308,95648,4.287709807699433,0.17124891680333446
5489,0.554,4,43,4,142769,462841,12312,95644,4.287311497276669,0.17125616623544052
5490,0.5541,4,28,4,142797,462813,12316,95640,4.287052132350217,0.17125881676703322
5491,0.5542,1,29,1,142826,462784,12317,95639,4.2867835043906775,0.1712662264985504
5492,0.5543,1,35,1,142861,462749,12318,95638,4.2864592982326135,0.1712754774018736
5493,0.5544,4,47,4,142908,462702,12322,95634,4.286023935677498,0.17128395804676755
5494,0.5545,0,35,0,142943,462667,12322,95634,4.2856997295194335,0.17129469587194004
5495,0.5546,10,155,10,143098,462512,12332,95624,4.284263959390863,0.17132741840698323
5496,0.5547,5,29,5,143127,462483,12337,95619,4.283995331431324,0.1713288968683144
5497,0.5548,1,41,1,143168,462442,12338,95618,4.283615547074734,0.17133999928323118
5498,0.5549,3,20,3,143188,462422,12341,95615,4.283430286412983,0.17134168522875723
5499,0.555,7,36,7,143224,462386,12348,95608,4.283096817221831,0.17134234418291236
5500,0.5551,7,18,7,143242,462368,12355,95601,4.2829300826262555,0.17133747573789943
5501,0.5552,8,32,8,143274,462336,12363,95593,4.282633665567453,0.17133542081519332
5502,0.5553,2,42,2,143316,462294,12365,95591,4.282244618177776,0.17134534895184492
5503,0.5554,3,42,3,143358,462252,12368,95588,4.281855570788099,0.17135379320235192
5504,0.5555,4,22,4,143380,462230,12372,95584,4.281651784060172,0.17135460924250737
5505,0.5556,8,80,8,143460,462150,12380,95576,4.280910741413169,0.17136730222367255
5506,0.5557,3,19,3,143479,462131,12383,95573,4.280734743784505,0.17136868302899028
5507,0.5558,2,24,2,143503,462107,12385,95571,4.280512430990403,0.17137308626124753
5508,0.5559,8,38,8,143541,462069,12393,95563,4.280160435733077,0.17137287673591187
5509,0.556,4,42,4,143583,462027,12397,95559,4.279771388343399,0.17137984095726938
5510,0.5561,5,35,5,143618,461992,12402,95554,4.279447182185335,0.1713831683843127
5511,0.5562,4,31,4,143649,461961,12406,95550,4.2791600281596205,0.17138675290711752
5512,0.5563,11,134,11,143783,461827,12417,95539,4.277918781725888,0.17141160386532367
5513,0.5564,4,35,4,143818,461792,12421,95535,4.277594575567824,0.1714164215980923
5514,0.5565,6,74,6,143892,461718,12427,95529,4.276909111119345,0.17143026341999149
5515,0.5566,3,24,3,143916,461694,12430,95526,4.276686798325244,0.17143318617422204
5516,0.5567,3,21,3,143937,461673,12433,95523,4.276492274630405,0.17143518618224107
5517,0.5568,10,93,10,144030,461580,12443,95513,4.2756308125532625,0.17144893222496063
5518,0.5569,5,48,5,144078,461532,12448,95508,4.27518618696506,0.17145626884963378
5519,0.557,5,33,5,144111,461499,12453,95503,4.274880506873171,0.17145898937526258
5520,0.5571,4,21,4,144132,461478,12457,95499,4.2746859831783315,0.17145950371379787
5521,0.5572,5,21,5,144153,461457,12462,95494,4.274491459483493,0.17145853046318257
5522,0.5573,3,59,3,144212,461398,12465,95491,4.273944940531328,0.17147223234791853
5523,0.5574,4,20,4,144232,461378,12469,95487,4.273759679869577,0.17147243946019233
5524,0.5575,3,50,3,144282,461328,12472,95484,4.273296528215199,0.17148337320316373
5525,0.5576,1,18,1,144300,461310,12473,95483,4.273129793619622,0.1714874289008662
5526,0.5577,6,53,6,144353,461257,12479,95477,4.272638852865982,0.1714948251768349
5527,0.5578,5,20,5,144373,461237,12484,95472,4.272453592204231,0.17149354510165993
5528,0.5579,13,129,13,144502,461108,12497,95459,4.271258660935937,0.17151394171770873
5529,0.558,8,38,8,144540,461070,12505,95451,4.27090666567861,0.17151374341669048
5530,0.5581,11,67,11,144607,461003,12516,95440,4.270286042461744,0.1715180171194534
5531,0.5582,10,147,10,144754,460856,12526,95430,4.268924376597873,0.17154844810043754
5532,0.5583,4,14,4,144768,460842,12530,95426,4.268794694134647,0.17154680837294253
5533,0.5584,16,155,16,144923,460687,12546,95410,4.267358924006077,0.17157078711088172
5534,0.5585,8,23,8,144946,460664,12554,95402,4.267145874245063,0.17156596519118233
5535,0.5586,7,43,7,144989,460621,12561,95395,4.266747563822298,0.17156880377543093
5536,0.5587,2,27,2,145016,460594,12563,95393,4.266497461928934,0.1715741555108303
5537,0.5588,1,18,1,145034,460576,12564,95392,4.266330727333358,0.1715782203292276
5538,0.5589,3,16,3,145050,460560,12567,95389,4.266182518803957,0.1715786879731774
5539,0.559,4,32,4,145082,460528,12571,95385,4.2658861017451555,0.17158260375274548
5540,0.5591,7,36,7,145118,460492,12578,95378,4.265552632554003,0.17158328386133448
5541,0.5592,5,75,5,145193,460417,12583,95373,4.264857905072437,0.1715989852282337
5542,0.5593,14,95,14,145288,460322,12597,95359,4.263977916929119,0.17160745103755573
5543,0.5594,3,40,3,145328,460282,12600,95356,4.263607395605617,0.17161533228468895
5544,0.5595,12,170,12,145498,460112,12612,95344,4.262032679980733,0.17164995967277336
5545,0.5596,4,46,4,145544,460066,12616,95340,4.2616065804587056,0.17165821039023704
5546,0.5597,2,3,2,145547,460063,12618,95338,4.261578791359443,0.1716561547422493
5547,0.5598,9,143,9,145690,459920,12627,95329,4.260254177627923,0.1716869368517548
5548,0.5599,6,79,6,145769,459841,12633,95323,4.259522398014005,0.17170241586270002
5549,0.56,4,43,4,145812,459798,12637,95319,4.259124087591241,0.1717097476748145
5550,0.5601,1,22,1,145834,459776,12638,95318,4.2589203008633145,0.17171506087257293
5551,0.5602,7,66,7,145900,459710,12645,95311,4.2583089406795365,0.17172503382754886
5552,0.5603,6,77,6,145977,459633,12651,95305,4.257595687131794,0.17173990607959808
5553,0.5604,12,46,12,146023,459587,12663,95293,4.257169587609767,0.17173623125720877
5554,0.5605,5,48,5,146071,459539,12668,95288,4.256724962021564,0.17174362458928638
5555,0.5606,2,154,2,146225,459385,12670,95286,4.255298454926081,0.1717883213652778
5556,0.5607,3,72,3,146297,459313,12673,95283,4.254631516543777,0.17180614357117613
5557,0.5608,3,37,3,146334,459276,12676,95280,4.254288784319537,0.17181312617661698
5558,0.5609,8,52,8,146386,459224,12684,95272,4.253807106598985,0.17181728993536471
5559,0.561,9,148,9,146534,459076,12693,95263,4.252436177702027,0.17184971650921188
5560,0.5611,7,47,7,146581,459029,12700,95256,4.2520008151469115,0.17185382970854343
5561,0.5612,6,66,6,146647,458963,12706,95250,4.2513894549631335,0.17186532975588809
5562,0.5613,2,55,2,146702,458908,12708,95248,4.250879988143318,0.171879398580905
5563,0.5614,6,38,6,146740,458870,12714,95242,4.25052799288599,0.17188221875721876
5564,0.5615,2,16,2,146756,458854,12716,95240,4.25037978435659,0.1718841929347728
5565,0.5616,3,13,3,146769,458841,12719,95237,4.2502593649264515,0.1718837420002238
5566,0.5617,10,107,10,146876,458734,12729,95227,4.249268220386083,0.17190199310059734
5567,0.5618,3,69,3,146945,458665,12732,95224,4.248629071103042,0.17191892238336562
5568,0.5619,4,24,4,146969,458641,12736,95220,4.248406758308941,0.17192039157839242
5569,0.562,4,30,4,146999,458611,12740,95216,4.248128867316314,0.17192372347321455
5570,0.5621,5,91,5,147090,458520,12745,95211,4.247285931305346,0.17194450012731813
5571,0.5622,5,35,5,147125,458485,12750,95206,4.246961725147282,0.1719478915134976
5572,0.5623,11,93,11,147218,458392,12761,95195,4.24610026307014,0.17196032421281568
5573,0.5624,3,8,3,147226,458384,12764,95192,4.2460261588054395,0.1719583218925676
5574,0.5625,5,75,5,147301,458309,12769,95187,4.245331431323873,0.17197414254122884
5575,0.5626,1,47,1,147348,458262,12770,95186,4.244896068768758,0.17198725083476676
5576,0.5627,1,20,1,147368,458242,12771,95185,4.244710808107007,0.17199197003398822
5577,0.5628,7,111,7,147479,458131,12778,95178,4.243682611434288,0.17201599829390088
5578,0.5629,7,45,7,147524,458086,12785,95171,4.243265774945348,0.17201951353530096
5579,0.563,3,15,3,147539,458071,12788,95168,4.243126829449035,0.17201968769374537
5580,0.5631,3,22,3,147561,458049,12791,95165,4.242923042721109,0.17202203848781847
5581,0.5632,6,24,6,147585,458025,12797,95159,4.242700729927007,0.17202052120090242
5582,0.5633,6,40,6,147625,457985,12803,95153,4.242330208603505,0.1720239795494072
5583,0.5634,0,20,0,147645,457965,12803,95153,4.242144947941754,0.17203019970422226
5584,0.5635,10,88,10,147733,457877,12813,95143,4.241329801030049,0.17204260243752487
5585,0.5636,3,43,3,147776,457834,12816,95140,4.240931490607284,0.17205148885842733
5586,0.5637,2,21,2,147797,457813,12818,95138,4.240736966912446,0.1720550283840702
5587,0.5638,7,71,7,147868,457742,12825,95131,4.240079291563229,0.17206664098264882
5588,0.5639,10,33,10,147901,457709,12835,95121,4.23977361147134,0.172061935857316
5589,0.564,3,16,3,147917,457693,12838,95118,4.23962540294194,0.17206242278102282
5590,0.5641,7,93,7,148010,457600,12845,95111,4.238763940864796,0.17208088856563375
5591,0.5642,5,52,5,148062,457548,12850,95106,4.238282263144244,0.1720895895080828
5592,0.5643,7,119,7,148181,457429,12857,95099,4.237179962206825,0.17211616424868967
5593,0.5644,6,28,6,148209,457401,12863,95093,4.236920597280373,0.1721158962812266
5594,0.5645,8,99,8,148308,457302,12871,95085,4.236003557004706,0.17213475335226933
5595,0.5646,3,24,3,148332,457278,12874,95082,4.235781244210604,0.17213773625896156
5596,0.5647,4,17,4,148349,457261,12878,95078,4.235623772648116,0.1721370390285676
5597,0.5648,6,45,6,148394,457216,12884,95072,4.235206936159176,0.1721420708036387
5598,0.5649,2,56,2,148450,457160,12886,95070,4.234688206306273,0.17215652898248918
5599,0.565,5,35,5,148485,457125,12891,95065,4.234364000148209,0.17215994494648582
5600,0.5651,2,54,2,148539,457071,12893,95063,4.23386379636148,0.17217378390028507
5601,0.5652,6,77,6,148616,456994,12899,95057,4.233150542813739,0.17218880139697237
5602,0.5653,2,41,2,148657,456953,12901,95055,4.232770758457149,0.17219859132476342
5603,0.5654,3,19,3,148676,456934,12904,95052,4.232594760828485,0.17220001956571362
5604,0.5655,8,55,8,148731,456879,12912,95044,4.23208529400867,0.17220518079514716
5605,0.5656,4,32,4,148763,456847,12916,95040,4.231788876949868,0.17220916600680936
5606,0.5657,0,17,0,148780,456830,12916,95040,4.23163140538738,0.17221447079928243
5607,0.5658,4,30,4,148810,456800,12920,95036,4.231353514394754,0.17221783283439282
5608,0.5659,3,34,3,148844,456766,12923,95033,4.231038571269776,0.172223943863617
5609,0.566,8,109,8,148953,456657,12931,95025,4.230028900663233,0.17224596778578963
5610,0.5661,10,87,10,149040,456570,12941,95015,4.229223016784616,0.17225812884686856
5611,0.5662,4,27,4,149067,456543,12945,95011,4.228972914891252,0.17226055834968107
5612,0.5663,3,40,3,149107,456503,12948,95008,4.2286023935677495,0.17226854949402642
5613,0.5664,3,13,3,149120,456490,12951,95005,4.228481974137612,0.17226810759843697
5614,0.5665,1,7,1,149127,456483,12952,95004,4.2284171329059985,0.17226879328071196
5615,0.5666,5,47,5,149174,456436,12957,94999,4.227981770350883,0.1722759708759872
5616,0.5667,4,14,4,149188,456422,12961,94995,4.2278520878876575,0.17227434047191145
5617,0.5668,1,19,1,149207,456403,12962,94994,4.227676090258995,0.17227877554647558
5618,0.5669,4,32,4,149239,456371,12966,94990,4.2273796732001925,0.1722827693652616
5619,0.567,7,143,7,149382,456228,12973,94983,4.226055059468672,0.17231695303613317
5620,0.5671,4,53,4,149435,456175,12977,94979,4.225564118715032,0.17232751644730873
5621,0.5672,10,34,10,149469,456141,12987,94969,4.225249175590055,0.1723231296837292
5622,0.5673,14,193,14,149662,455948,13001,94955,4.223461410204157,0.1723624667137409
5623,0.5674,5,27,5,149689,455921,13006,94950,4.223211308310793,0.172363402684113
5624,0.5675,5,116,5,149805,455805,13011,94945,4.222136796472637,0.1723921924648207
5625,0.5676,4,11,4,149816,455794,13015,94941,4.222034903108674,0.17238962477416545
5626,0.5677,9,31,9,149847,455763,13024,94932,4.22174774908296,0.17238580339389317
5627,0.5678,0,6,0,149853,455757,13024,94932,4.221692170884435,0.17238768161339704
5628,0.5679,4,14,4,149867,455743,13028,94928,4.221562488421209,0.17238605265212803
5629,0.568,3,28,3,149895,455715,13031,94925,4.221303123494757,0.17239030945808514
5630,0.5681,2,40,2,149935,455675,13033,94923,4.2209326021712545,0.17239982709708354
5631,0.5682,7,35,7,149970,455640,13040,94916,4.220608396013191,0.1724002644599278
5632,0.5683,4,44,4,150014,455596,13044,94912,4.220200822557338,0.17240803040101144
5633,0.5684,12,110,12,150124,455486,13056,94900,4.219181888917707,0.17242444393571058
5634,0.5685,3,12,3,150136,455474,13059,94897,4.219070732520657,0.17242369238204774
5635,0.5686,12,105,12,150241,455369,13071,94885,4.218098114046463,0.17243854656213312
5636,0.5687,6,61,6,150302,455308,13077,94879,4.217533069028122,0.17244864018960826
5637,0.5688,5,49,5,150351,455259,13082,94874,4.217079180406833,0.17245647870605835
5638,0.5689,2,43,2,150394,455216,13084,94872,4.216680869984067,0.17246695074242666
5639,0.569,9,46,9,150440,455170,13093,94863,4.21625477046204,0.17246783374815694
5640,0.5691,7,72,7,150512,455098,13100,94856,4.215587832079736,0.1724798801354295
5641,0.5692,8,28,8,150540,455070,13108,94848,4.2153284671532845,0.1724766237875465
5642,0.5693,5,43,5,150583,455027,13113,94843,4.21493015673052,0.17248258679324205
5643,0.5694,8,36,8,150619,454991,13121,94835,4.214596687539368,0.17248183970928985
5644,0.5695,5,45,5,150664,454946,13126,94830,4.214179851050428,0.1724884316521638
5645,0.5696,1,18,1,150682,454928,13127,94829,4.2140131164548515,0.17249257399178183
5646,0.5697,4,34,4,150716,454894,13131,94825,4.213698173329875,0.17249722130761352
5647,0.5698,7,20,7,150736,454874,13138,94818,4.213512912668124,0.17249295969379216
5648,0.5699,2,20,2,150756,454854,13140,94816,4.213327652006373,0.1724962250077319
5649,0.57,2,94,2,150850,454760,13142,94814,4.2124569268961425,0.17252271759581056
5650,0.5701,8,36,8,150886,454724,13150,94806,4.212123457704991,0.17252197332265753
5651,0.5702,6,80,6,150966,454644,13156,94800,4.211382415057987,0.1725380566536353
5652,0.5703,3,53,3,151019,454591,13159,94797,4.210891474304346,0.17255018311284556
5653,0.5704,6,23,6,151042,454568,13165,94791,4.210678424543333,0.17254837000941098
5654,0.5705,9,141,9,151183,454427,13174,94782,4.209372336877987,0.17257910922799882
5655,0.5706,2,18,2,151201,454409,13176,94780,4.209205602282411,0.17258175236576115
5656,0.5707,2,26,2,151227,454383,13178,94778,4.208964763422135,0.1725869098497526
5657,0.5708,3,31,3,151258,454352,13181,94775,4.208677609396421,0.17259213260320472
5658,0.5709,3,94,3,151352,454258,13184,94772,4.207806884286191,0.17261716117516346
5659,0.571,3,58,3,151410,454200,13187,94769,4.207269628367112,0.17263087715335473
5660,0.5711,5,55,5,151465,454145,13192,94764,4.206760161547297,0.1726406380656903
5661,0.5712,8,41,8,151506,454104,13200,94756,4.206380377190707,0.1726414750573917
5662,0.5713,2,42,2,151548,454062,13202,94754,4.20599132980103,0.17265167196291653
5663,0.5714,3,13,3,151561,454049,13205,94751,4.205870910370892,0.1726512390670554
5664,0.5715,7,29,7,151590,454020,13212,94744,4.205602282411353,0.17264980938982877
5665,0.5716,9,18,9,151608,454002,13221,94735,4.205435547815777,0.1726419031339239
5666,0.5717,6,44,6,151652,453958,13227,94729,4.205027974359925,0.17264670021341857
5667,0.5718,6,59,6,151711,453899,13233,94723,4.204481455407759,0.17265621867150788
5668,0.5719,2,26,2,151737,453873,13235,94721,4.204240616547482,0.17266138528675123
5669,0.572,4,27,4,151764,453846,13239,94717,4.2039905146541185,0.17266385082479133
5670,0.5721,6,101,6,151865,453745,13245,94711,4.203054948312276,0.1726865965546917
5671,0.5722,7,72,7,151937,453673,13252,94704,4.2023880099299715,0.17269870909976165
5672,0.5723,5,44,5,151981,453629,13257,94699,4.201980436474119,0.17270502327074305
5673,0.5724,16,147,16,152128,453482,13273,94683,4.200618770610249,0.17272718980598908
5674,0.5725,7,162,7,152290,453320,13280,94676,4.199118159250065,0.17276768443565282
5675,0.5726,3,29,3,152319,453291,13283,94673,4.198849531290525,0.1727722989101474
5676,0.5727,0,27,0,152346,453264,13283,94673,4.198599429397162,0.17278081239266557
5677,0.5728,3,21,3,152367,453243,13286,94670,4.198404905702323,0.17278290531525992
5678,0.5729,8,71,8,152438,453172,13294,94662,4.197747230353107,0.17279321838367095
5679,0.573,12,89,12,152527,453083,13306,94650,4.196922820408314,0.1728031723485713
5680,0.5731,6,41,6,152568,453042,13312,94644,4.196543036051724,0.1728070463732869
5681,0.5732,3,30,3,152598,453012,13315,94641,4.196265145059098,0.17281198130933273
5682,0.5733,5,46,5,152644,452966,13320,94636,4.19583904553707,0.17281894514629237
5683,0.5734,5,39,5,152683,452927,13325,94631,4.195477787246656,0.17282370086821852
5684,0.5735,3,28,3,152711,452899,13328,94628,4.195218422320204,0.17282800665537956
5685,0.5736,6,35,6,152746,452864,13334,94622,4.19489421616214,0.1728299901732647
5686,0.5737,0,32,0,152778,452832,13334,94622,4.194597799103338,0.17284009250092244
5687,0.5738,7,55,7,152833,452777,13341,94615,4.194088332283523,0.1728468812112709
5688,0.5739,6,52,6,152885,452725,13347,94609,4.19360665456297,0.17285423525671711
5689,0.574,3,49,3,152934,452676,13350,94606,4.19315276594168,0.17286517736742665
5690,0.5741,2,55,2,152989,452621,13352,94604,4.1926432991218645,0.17287952853031202
5691,0.5742,15,119,15,153108,452502,13367,94589,4.191540998184445,0.17289445448746188
5692,0.5743,8,23,8,153131,452479,13375,94581,4.191327948423432,0.17288962819434797
5693,0.5744,5,39,5,153170,452440,13380,94576,4.190966690133017,0.1728943943138775
5694,0.5745,4,99,4,153269,452341,13384,94572,4.190049649857349,0.17291964169803972
5695,0.5746,6,38,6,153307,452303,13390,94566,4.189697654600022,0.17292258292205262
5696,0.5747,6,64,6,153371,452239,13396,94560,4.189104820482418,0.17293374713560192
5697,0.5748,4,43,4,153414,452196,13400,94556,4.188706510059654,0.17294129696827812
5698,0.5749,9,55,9,153469,452141,13409,94547,4.188197043239838,0.1729450801919925
5699,0.575,10,124,10,153593,452017,13419,94537,4.187048427136982,0.17296918511254147
5700,0.5751,6,20,6,153613,451997,13425,94531,4.186863166475231,0.1729664353884888
5701,0.5752,6,52,6,153665,451945,13431,94525,4.1863814887546775,0.17297381375006862
5702,0.5753,7,78,7,153743,451867,13438,94518,4.185658972173848,0.17298791145437742
5703,0.5754,5,24,5,153767,451843,13443,94513,4.185436659379747,0.1729879419279737
5704,0.5755,8,69,8,153836,451774,13451,94505,4.184797510096706,0.17299768067233043
5705,0.5756,12,52,12,153888,451722,13463,94493,4.184315832376154,0.17299598143588146
5706,0.5757,4,20,4,153908,451702,13467,94489,4.184130571714402,0.1729962595502306
5707,0.5758,11,118,11,154026,451584,13478,94478,4.1830375338100705,0.1730169834194652
5708,0.5759,3,23,3,154049,451561,13481,94475,4.182824484049057,0.17301972763700563
5709,0.576,5,34,5,154083,451527,13486,94470,4.18250954092408,0.17302292869741043
5710,0.5761,2,28,2,154111,451499,13488,94468,4.182250175997629,0.17302877280128653
5711,0.5762,4,50,4,154161,451449,13492,94464,4.181787024343251,0.17303856108940435
5712,0.5763,6,80,6,154241,451369,13498,94458,4.181045981696246,0.17305483239194835
5713,0.5764,8,41,8,154282,451328,13506,94450,4.180666197339657,0.1730557112965345
5714,0.5765,3,58,3,154340,451270,13509,94447,4.180128941420579,0.17306955803099408
5715,0.5766,2,16,2,154356,451254,13511,94445,4.1799807328911776,0.17307160174381847
5716,0.5767,5,35,5,154391,451219,13516,94440,4.179656526733114,0.17307512567372663
5717,0.5768,2,29,2,154420,451190,13518,94438,4.179387898773575,0.17308129348200604
5718,0.5769,18,200,18,154620,450990,13536,94420,4.177535292156064,0.17311747126015292
5719,0.577,1,15,1,154635,450975,13537,94419,4.177396346659751,0.17312071639952034
5720,0.5771,4,11,4,154646,450964,13541,94415,4.177294453295787,0.17311814352954552
5721,0.5772,2,17,2,154663,450947,13543,94413,4.177136981733299,0.1731205075546428
5722,0.5773,5,68,5,154731,450879,13548,94408,4.176507095483345,0.17313451448503264
5723,0.5774,5,26,5,154757,450853,13553,94403,4.176266256623069,0.1731351878750532
5724,0.5775,0,21,0,154778,450832,13553,94403,4.17607173292823,0.17314185626381284
5725,0.5776,10,45,10,154823,450787,13563,94393,4.17565489643929,0.17314098096041675
5726,0.5777,8,96,8,154919,450691,13571,94385,4.174765645262885,0.17315933924810484
5727,0.5778,1,19,1,154938,450672,13572,94384,4.174589647634221,0.17316385839253215
5728,0.5779,5,39,5,154977,450633,13577,94379,4.174228389343806,0.17316866417620164
5729,0.578,7,31,7,155008,450602,13584,94372,4.173941235318092,0.17316789424816598
5730,0.5781,4,22,4,155030,450580,13588,94368,4.173737448590166,0.1731688161072249
5731,0.5782,4,26,4,155056,450554,13592,94364,4.17349660972989,0.17317100921606554
5732,0.5783,6,45,6,155101,450509,13598,94358,4.17307977324095,0.17317620630355665
5733,0.5784,3,35,3,155136,450474,13601,94355,4.172755567082886,0.17318277844975213
5734,0.5785,5,12,5,155148,450462,13606,94350,4.172644410685835,0.1731790048677342
5735,0.5786,8,57,8,155205,450405,13614,94342,4.172116417799844,0.17318498312060462
5736,0.5787,7,68,7,155273,450337,13621,94335,4.171486531549891,0.17319597849715057
5737,0.5788,6,33,6,155306,450304,13627,94329,4.1711808514580015,0.17319736409655676
5738,0.5789,4,35,4,155341,450269,13631,94325,4.170856645299937,0.17320242235500208
5739,0.579,2,31,2,155372,450238,13633,94323,4.170569491274223,0.1732092456125209
5740,0.5791,9,184,9,155556,450054,13642,94314,4.168865093186112,0.1732541222114452
5741,0.5792,6,31,6,155587,450023,13648,94308,4.168577939160398,0.17325487616909563
5742,0.5793,10,129,10,155716,449894,13658,94298,4.167383007892104,0.1732807538515818
5743,0.5794,10,39,10,155755,449855,13668,94288,4.167021749601689,0.17327798023681276
5744,0.5795,3,35,3,155790,449820,13671,94285,4.166697543443625,0.17328456823591035
5745,0.5796,5,15,5,155805,449805,13676,94280,4.166558597947311,0.17328174825624673
5746,0.5797,14,44,14,155849,449761,13690,94266,4.16615102449146,0.17327448821473934
5747,0.5798,6,123,6,155972,449638,13696,94260,4.1650116714216905,0.17330455342729703
5748,0.5799,13,131,13,156103,449507,13709,94247,4.163798214087221,0.17332654104613485
5749,0.58,11,99,11,156202,449408,13720,94236,4.162881173811553,0.17334137781342202
5750,0.5801,3,51,3,156253,449357,13723,94233,4.162408759124087,0.17335307860703839
5751,0.5802,7,137,7,156390,449220,13730,94226,4.161139723591092,0.17338613220080745
5752,0.5803,6,52,6,156442,449168,13736,94220,4.16065804587054,0.1733935972086244
5753,0.5804,3,23,3,156465,449145,13739,94217,4.1604449961095264,0.17339637295210192
5754,0.5805,12,163,12,156628,448982,13751,94205,4.1589351217162545,0.17343014468313858
5755,0.5806,7,54,7,156682,448928,13758,94198,4.158434917929527,0.17343673475399815
5756,0.5807,3,19,3,156701,448909,13761,94195,4.158258920300863,0.17343823650718831
5757,0.5808,7,40,7,156741,448869,13768,94188,4.157888398977361,0.17344035708958727
5758,0.5809,7,24,7,156765,448845,13775,94181,4.1576660861832595,0.17343736763985518
5759,0.581,10,56,10,156821,448789,13785,94171,4.1571473563303565,0.17344003241491085
5760,0.5811,6,85,6,156906,448704,13791,94165,4.156359998517915,0.17345805341620169
5761,0.5812,1,20,1,156926,448684,13792,94164,4.156174737856164,0.17346292148078282
5762,0.5813,6,37,6,156963,448647,13798,94158,4.1558320056319245,0.17346560919667284
5763,0.5814,0,25,0,156988,448622,13798,94158,4.1556004298047355,0.17347359887984082
5764,0.5815,6,48,6,157036,448574,13804,94152,4.155155804216533,0.17347980380523506
5765,0.5816,7,34,7,157070,448540,13811,94145,4.1548408610915555,0.17348001142467545
5766,0.5817,7,58,7,157128,448482,13818,94138,4.154303605172478,0.17348789207917142
5767,0.5818,3,39,3,157167,448443,13821,94135,4.153942346882063,0.17349579231004575
5768,0.5819,4,90,4,157257,448353,13825,94131,4.153108673904184,0.17351848165107173
5769,0.582,9,108,9,157365,448245,13834,94122,4.152108266330727,0.17353931931699385
5770,0.5821,5,55,5,157420,448190,13839,94117,4.151598799510912,0.1735492995664817
5771,0.5822,3,19,3,157439,448171,13842,94114,4.151422801882248,0.17355080815438376
5772,0.5823,2,44,2,157483,448127,13844,94112,4.151015228426396,0.17356184265609814
5773,0.5824,4,74,4,157557,448053,13848,94108,4.150329763977917,0.1735794348911117
5774,0.5825,4,99,4,157656,447954,13852,94104,4.149412723702249,0.17360503857520782
5775,0.5826,2,19,2,157675,447935,13854,94102,4.149236726073585,0.1736080747255261
5776,0.5827,11,53,11,157728,447882,13865,94091,4.148745785319945,0.17360827937923107
5777,0.5828,11,118,11,157846,447764,13876,94080,4.147652747415614,0.17362931028118794
5778,0.5829,4,32,4,157878,447732,13880,94076,4.147356330356812,0.1736334642530195
5779,0.583,6,27,6,157905,447705,13886,94070,4.147106228463448,0.1736329657145494
5780,0.5831,3,14,3,157919,447691,13889,94067,4.146976546000222,0.17363287667187194
5781,0.5832,8,70,8,157989,447621,13897,94059,4.146328133684094,0.17364311032343818
5782,0.5833,3,61,3,158050,447560,13900,94056,4.145763088665753,0.17365808986440578
5783,0.5834,1,43,1,158093,447517,13901,94055,4.145364778242988,0.17367035223386734
5784,0.5835,10,64,10,158157,447453,13911,94045,4.1447719441253845,0.17367561837716852
5785,0.5836,6,39,6,158196,447414,13917,94039,4.14441068583497,0.1736789712126445
5786,0.5837,3,22,3,158218,447392,13920,94036,4.1442068991070435,0.1736814497957254
5787,0.5838,8,53,8,158271,447339,13928,94028,4.143715958353403,0.17368624241965247
5788,0.5839,1,60,1,158331,447279,13929,94027,4.14316017636815,0.17370396781118258
5789,0.584,0,24,0,158355,447255,13929,94027,4.142937863574049,0.17371166970266885
5790,0.5841,10,98,10,158453,447157,13939,94017,4.142030086331468,0.17372785832283147
5791,0.5842,4,43,4,158496,447114,13943,94013,4.141631775908704,0.17373555560894208
5792,0.5843,9,39,9,158535,447075,13952,94004,4.141270517618289,0.17373433454264534
5793,0.5844,3,28,3,158563,447047,13955,94001,4.141011152691838,0.17373874406706982
5794,0.5845,10,54,10,158617,446993,13965,93991,4.140510948905109,0.17374081303698446
5795,0.5846,2,80,2,158697,446913,13967,93989,4.139769906258105,0.1737634543780574
5796,0.5847,4,34,4,158731,446879,13971,93985,4.1394549631331286,0.17376826706898593
5797,0.5848,4,34,4,158765,446845,13975,93981,4.139140020008152,0.17377308043622164
5798,0.5849,2,14,2,158779,446831,13977,93979,4.139010337544926,0.17377452340008506
5799,0.585,3,110,3,158889,446721,13980,93976,4.1379914039052945,0.17380529205821374
5800,0.5851,4,15,4,158904,446706,13984,93972,4.1378524584089815,0.17380400164238236
5801,0.5852,6,71,6,158975,446635,13990,93966,4.1371947830597655,0.17381765849489736
5802,0.5853,5,41,5,159016,446594,13995,93961,4.1368149987031755,0.17382320022939388
5803,0.5854,8,63,8,159079,446531,14003,93953,4.136231427618659,0.17383123274694534
5804,0.5855,7,44,7,159123,446487,14010,93946,4.135823854162807,0.17383468441046346
5805,0.5856,12,113,12,159236,446374,14022,93934,4.134777131423913,0.17385269142785226
5806,0.5857,6,63,6,159299,446311,14028,93928,4.134193560339398,0.1738637899152042
5807,0.5858,3,18,3,159317,446293,14031,93925,4.134026825743821,0.1738649952426613
5808,0.5859,10,83,10,159400,446210,14041,93915,4.133257993997555,0.17387641749595
5809,0.586,2,9,2,159409,446201,14043,93913,4.133174626699766,0.17387625575341503
5810,0.5861,5,70,5,159479,446131,14048,93908,4.132526214383637,0.17389114489879434
5811,0.5862,5,43,5,159522,446088,14053,93903,4.132127903960873,0.17389734273349
5812,0.5863,2,141,2,159663,445947,14055,93901,4.130821816295528,0.17393970154562025
5813,0.5864,4,29,4,159692,445918,14059,93897,4.1305531883359885,0.17394292489093485
5814,0.5865,4,42,4,159734,445876,14063,93893,4.130164140946311,0.17395033801496565
5815,0.5866,7,97,7,159831,445779,14070,93886,4.129265626736819,0.17397088934802146
5816,0.5867,4,29,4,159860,445750,14074,93882,4.128996998777279,0.1739741156936579
5817,0.5868,15,111,15,159971,445639,14089,93867,4.1279688021045615,0.17398694361137781
5818,0.5869,8,41,8,160012,445598,14097,93859,4.1275890177479715,0.17398791747998452
5819,0.587,6,79,6,160091,445519,14103,93853,4.126857238134055,0.17400421230616347
5820,0.5871,2,29,2,160120,445490,14105,93851,4.126588610174515,0.17401050541308746
5821,0.5872,1,29,1,160149,445461,14106,93850,4.1263199822149765,0.17401833079614545
5822,0.5873,6,41,6,160190,445420,14112,93844,4.1259401978583865,0.17402237123190126
5823,0.5874,5,66,5,160256,445354,14117,93839,4.1253288376746085,0.1740360130788048
5824,0.5875,24,208,24,160464,445146,14141,93815,4.123402126792397,0.1740663981252818
5825,0.5876,6,22,6,160486,445124,14147,93809,4.12319834006447,0.1740643085504135
5826,0.5877,6,60,6,160546,445064,14153,93803,4.122642558079217,0.17407449333509012
5827,0.5878,13,40,13,160586,445024,14166,93790,4.1222720367557155,0.17406748896650792
5828,0.5879,9,126,9,160712,444898,14175,93781,4.121104894586684,0.17409440501671683
5829,0.588,4,71,4,160783,444827,14179,93777,4.120447219237467,0.1741112208598525
5830,0.5881,6,50,6,160833,444777,14185,93771,4.119984067583089,0.17411818445152522
5831,0.5882,6,24,6,160857,444753,14191,93765,4.119761754788988,0.1741167426158457
5832,0.5883,11,61,11,160918,444692,14202,93754,4.119196709770647,0.17411959602262808
5833,0.5884,3,18,3,160936,444674,14205,93751,4.119029975175072,0.17412081534104099
5834,0.5885,2,32,2,160968,444642,14207,93749,4.118733558116269,0.17412809649492655
5835,0.5886,5,47,5,161015,444595,14212,93744,4.118298195561154,0.17413562829369597
5836,0.5887,10,72,10,161087,444523,14222,93734,4.117631257178851,0.17414357825351087
5837,0.5888,5,32,5,161119,444491,14227,93729,4.117334840120049,0.17414625989372376
5838,0.5889,4,43,4,161162,444448,14231,93725,4.116936529697284,0.17415403596984613
5839,0.589,1,36,1,161198,444412,14232,93724,4.116603060506132,0.1741641518129246
5840,0.5891,5,80,5,161278,444332,14237,93719,4.115862017859127,0.17418237304642126
5841,0.5892,5,20,5,161298,444312,14242,93714,4.1156767571973765,0.17418117340054198
5842,0.5893,5,55,5,161353,444257,14247,93709,4.115167290377562,0.17419130577025313
5843,0.5894,4,96,4,161449,444161,14251,93705,4.114278039201156,0.17421625460616585
5844,0.5895,6,50,6,161499,444111,14257,93699,4.113814887546778,0.17422323869024375
5845,0.5896,8,48,8,161547,444063,14265,93691,4.1133702619585755,0.1742265050562153
5846,0.5897,6,109,6,161656,443954,14271,93685,4.112360591352032,0.17425261188269453
5847,0.5898,16,94,16,161750,443860,14287,93669,4.1114898662418025,0.1742585051225143
5848,0.5899,13,108,13,161858,443752,14300,93656,4.110489458668346,0.1742735500774086
5849,0.59,3,73,3,161931,443679,14303,93653,4.109813257252955,0.17429261611070995
5850,0.5901,6,146,6,162077,443533,14309,93647,4.108460854422172,0.1743307643620388
5851,0.5902,5,32,5,162109,443501,14314,93642,4.10816443736337,0.17433346427301483
5852,0.5903,6,77,6,162186,443424,14320,93636,4.107451183815629,0.1743492347223774
5853,0.5904,5,39,5,162225,443385,14325,93631,4.107089925525214,0.17435420918557362
5854,0.5905,8,75,8,162300,443310,14333,93623,4.106395198043647,0.17436626171235517
5855,0.5906,2,36,2,162336,443274,14335,93621,4.106061728852495,0.17437487776939625
5856,0.5907,8,68,8,162404,443206,14343,93613,4.105431842602542,0.17438466224183571
5857,0.5908,6,60,6,162464,443146,14349,93607,4.104876060617289,0.17439492653045255
5858,0.5909,0,19,0,162483,443127,14349,93607,4.104700062988625,0.17440109998621292
5859,0.591,8,38,8,162521,443089,14357,93599,4.104348067731298,0.174401141817965
5860,0.5911,6,46,6,162567,443043,14363,93593,4.103921968209271,0.1744068605162531
5861,0.5912,9,56,9,162623,442987,14372,93584,4.103403238356368,0.17441121491843578
5862,0.5913,6,27,6,162650,442960,14378,93578,4.103153136463003,0.17441075934975714
5863,0.5914,4,32,4,162682,442928,14382,93574,4.102856719404202,0.17441500684060823
5864,0.5915,5,95,5,162777,442833,14387,93569,4.101976731260884,0.17443820119984638
5865,0.5916,8,39,8,162816,442794,14395,93561,4.10161547297047,0.17443857146852365
5866,0.5917,11,134,11,162950,442660,14406,93550,4.100374226536737,0.17446522817552823
5867,0.5918,5,36,5,162986,442624,14411,93545,4.100040757345585,0.17446924383916265
5868,0.5919,3,64,3,163050,442560,14414,93542,4.099447923227982,0.17448545239525315
5869,0.592,10,57,10,163107,442503,14424,93532,4.098919930341991,0.17448860615444886
5870,0.5921,6,93,6,163200,442410,14430,93526,4.098058468264848,0.1745096429424409
5871,0.5922,4,55,4,163255,442355,14434,93522,4.097549001445033,0.17452139203585898
5872,0.5923,15,82,15,163337,442273,14449,93507,4.096789432731854,0.17452499160103027
5873,0.5924,3,33,3,163370,442240,14452,93504,4.096483752639965,0.17453111934058058
5874,0.5925,5,39,5,163409,442201,14457,93499,4.09612249434955,0.17453612096322568
5875,0.5926,6,25,6,163434,442176,14463,93493,4.095890918522361,0.17453502069374932
5876,0.5927,7,120,7,163554,442056,14470,93486,4.0947793545518545,0.17456333957000572
5877,0.5928,5,32,5,163586,442024,14475,93481,4.094482937493053,0.17456606380892803
5878,0.5929,4,32,4,163618,441992,14479,93477,4.094186520434251,0.17457032993506627
5879,0.593,2,15,2,163633,441977,14481,93475,4.094047574937938,0.17457213718503245
5880,0.5931,0,14,0,163647,441963,14481,93475,4.093917892474712,0.17457670169095207
5881,0.5932,5,21,5,163668,441942,14486,93470,4.093723368779873,0.17457584066102366
5882,0.5933,9,156,9,163824,441786,14495,93461,4.092278335618214,0.1746128422952394
5883,0.5934,3,27,3,163851,441759,14498,93458,4.092028233724851,0.17461702449660604
5884,0.5935,2,89,2,163940,441670,14500,93456,4.0912038237800585,0.17464298127917538
5885,0.5936,7,83,7,164023,441587,14507,93449,4.090434992033791,0.17465927526372058
5886,0.5937,7,48,7,164071,441539,14514,93442,4.089990366445589,0.1746641469510132
5887,0.5938,11,137,11,164208,441402,14525,93431,4.088721330912594,0.17469191317663643
5888,0.5939,16,198,16,164406,441204,14541,93415,4.086887250361258,0.17473191188491244
5889,0.594,3,60,3,164466,441144,14544,93412,4.086331468376005,0.17474689274837435
5890,0.5941,10,57,10,164523,441087,14554,93402,4.085803475490015,0.1747500884021935
5891,0.5942,3,25,3,164548,441062,14557,93399,4.085571899662826,0.17475363029294935
5892,0.5943,4,48,4,164596,441014,14561,93395,4.085127274074623,0.17476314957270556
5893,0.5944,7,114,7,164710,440900,14568,93388,4.084071288302642,0.1747896265684425
5894,0.5945,7,27,7,164737,440873,14575,93381,4.083821186409278,0.17478764782294565
5895,0.5946,7,89,7,164826,440784,14582,93374,4.082996776464485,0.17480595629008647
5896,0.5947,0,25,0,164851,440759,14582,93374,4.082765200637296,0.17481413805175863
5897,0.5948,4,61,4,164912,440698,14586,93370,4.082200155618956,0.1748279245339545
5898,0.5949,7,47,7,164959,440651,14593,93363,4.081764793063841,0.17483249502822024
5899,0.595,5,77,5,165036,440574,14598,93358,4.081051539516099,0.17484998089644374
5900,0.5951,9,59,9,165095,440515,14607,93349,4.080505020563933,0.17485539388308632
5901,0.5952,5,89,5,165184,440426,14612,93344,4.079680610619141,0.17487681960394927
5902,0.5953,4,45,4,165229,440381,14616,93340,4.079263774130201,0.1748853801892749
5903,0.5954,10,67,10,165296,440314,14626,93330,4.078643150913335,0.17489187548253143
5904,0.5955,6,48,6,165344,440266,14632,93324,4.078198525325132,0.17489833017860154
5905,0.5956,5,31,5,165375,440235,14637,93319,4.077911371299418,0.17490075981062836
5906,0.5957,2,37,2,165412,440198,14639,93317,4.077568639075179,0.17490979635061807
5907,0.5958,2,29,2,165441,440169,14641,93315,4.07730001111564,0.17491621117034437
5908,0.5959,11,126,11,165567,440043,14652,93304,4.076132868946608,0.17494051714924805
5909,0.596,8,72,8,165639,439971,14660,93296,4.075465930564304,0.17495175962510337
5910,0.5961,1,25,1,165664,439946,14661,93295,4.075234354737115,0.1749584146755407
5911,0.5962,3,12,3,165676,439934,14664,93292,4.075123198340065,0.17495771023918563
5912,0.5963,9,38,9,165714,439896,14673,93283,4.074771203082737,0.17495625296570194
5913,0.5964,14,91,14,165805,439805,14687,93269,4.07392826707177,0.17496445146452463
5914,0.5965,9,98,9,165903,439707,14696,93260,4.073020489829189,0.17498269123604276
5915,0.5966,4,47,4,165950,439660,14700,93256,4.072585127274075,0.17499193118615317
5916,0.5967,2,30,2,165980,439630,14702,93254,4.072307236281448,0.17499868639328633
5917,0.5968,7,103,7,166083,439527,14709,93247,4.07135314387343,0.1750216789858364
5918,0.5969,11,58,11,166141,439469,14720,93236,4.0708158879543515,0.17502369979632254
5919,0.597,7,124,7,166265,439345,14727,93229,4.069667271851495,0.1750536075737832
5920,0.5971,0,33,0,166298,439312,14727,93229,4.0693615917596055,0.17506445513115423
5921,0.5972,3,28,3,166326,439284,14730,93226,4.069102226833154,0.17506901278849224
5922,0.5973,1,34,1,166360,439250,14731,93225,4.068787283708177,0.17507864218977418
5923,0.5974,5,29,5,166389,439221,14736,93220,4.068518655748639,0.17508043144686453
5924,0.5975,2,57,2,166446,439164,14738,93218,4.067990662862647,0.1750960776284698
5925,0.5976,11,34,11,166480,439130,14749,93207,4.067675719737671,0.1750902154086603
5926,0.5977,3,41,3,166521,439089,14752,93204,4.067295935381082,0.17509905258945732
5927,0.5978,9,125,9,166646,438964,14761,93195,4.066138056245137,0.17512623107003733
5928,0.5979,8,89,8,166735,438875,14769,93187,4.0653136463003445,0.17514312241806407
5929,0.598,2,42,2,166777,438833,14771,93185,4.064924598910667,0.17515384817806917
5930,0.5981,8,13,8,166790,438820,14779,93177,4.064804179480529,0.17514572450596527
5931,0.5982,2,15,2,166805,438805,14781,93175,4.064665233984216,0.17514756193841874
5932,0.5983,7,54,7,166859,438751,14788,93168,4.064165030197488,0.17515448780735413
5933,0.5984,3,60,3,166919,438691,14791,93165,4.063609248212234,0.17516959477753377
5934,0.5985,7,54,7,166973,438637,14798,93158,4.063109044425507,0.17517652478868737
5935,0.5986,1,21,1,166994,438616,14799,93157,4.062914520730668,0.17518189152138225
5936,0.5987,7,65,7,167059,438551,14806,93150,4.062312423579977,0.17519244838734552
5937,0.5988,4,39,4,167098,438512,14810,93146,4.061951165289562,0.17519909415451287
5938,0.5989,5,75,5,167173,438437,14815,93141,4.061256437807996,0.17521605484049377
5939,0.599,5,47,5,167220,438390,14820,93136,4.060821075252881,0.17522378961706483
5940,0.5991,11,145,11,167365,438245,14831,93125,4.0594779354551855,0.17525453074129138
5941,0.5992,11,100,11,167465,438145,14842,93114,4.05855163214643,0.1752704424772098
5942,0.5993,5,52,5,167517,438093,14847,93109,4.058069954425878,0.1752798370488063
5943,0.5994,3,52,3,167569,438041,14850,93106,4.057588276705324,0.1752923390323206
5944,0.5995,4,20,4,167589,438021,14854,93102,4.0574030160435735,0.17529272880293265
5945,0.5996,6,57,6,167646,437964,14860,93096,4.056875023157582,0.17530222573720483
5946,0.5997,7,68,7,167714,437896,14867,93089,4.056245136907629,0.17531380359143856
5947,0.5998,6,38,6,167752,437858,14873,93083,4.055893141650302,0.17531703145923935
5948,0.5999,5,30,5,167782,437828,14878,93078,4.0556152506576755,0.17531917137873748
5949,0.6,10,68,10,167850,437760,14888,93068,4.054985364407722,0.17532609432810628
5950,0.6001,11,64,11,167914,437696,14899,93057,4.0543925302901185,0.17533014415368353
5951,0.6002,3,24,3,167938,437672,14902,93054,4.054170217496017,0.1753334112140728
5952,0.6003,6,45,6,167983,437627,14908,93048,4.053753381007077,0.17533895510434824
5953,0.6004,8,41,8,168024,437586,14916,93040,4.053373596650487,0.1753400700304923
5954,0.6005,2,47,2,168071,437539,14918,93038,4.052938234095373,0.1753524936060176
5955,0.6006,4,34,4,168105,437505,14922,93034,4.052623290970395,0.17535751377372824
5956,0.6007,5,56,5,168161,437449,14927,93029,4.052104561117492,0.1753682527833388
5957,0.6008,4,35,4,168196,437414,14931,93025,4.051780354959428,0.17537360563608634
5958,0.6009,6,38,6,168234,437376,14937,93019,4.051428359702101,0.17537684178772425
5959,0.601,11,121,11,168355,437255,14948,93008,4.050307532698507,0.17539975446146536
5960,0.6011,1,16,1,168371,437239,14949,93007,4.050159324169106,0.17540349196410723
5961,0.6012,6,27,6,168398,437212,14955,93001,4.049909222275742,0.1754030927193411
5962,0.6013,6,30,6,168428,437182,14961,92995,4.049631331283115,0.17540368593884684
5963,0.6014,5,74,5,168502,437108,14966,92990,4.048945866834637,0.1754203939648895
5964,0.6015,9,46,9,168548,437062,14975,92981,4.048519767312609,0.17542161673675533
5965,0.6016,9,54,9,168602,437008,14984,92972,4.048019563525881,0.17542548775425487
5966,0.6017,11,64,11,168666,436944,14995,92961,4.0474267294082775,0.17542955812834377
5967,0.6018,3,69,3,168735,436875,14998,92958,4.046787580125236,0.17544773541851866
5968,0.6019,11,129,11,168864,436746,15009,92947,4.045592648856942,0.1754733402178243
5969,0.602,11,36,11,168900,436710,15020,92936,4.0452591796657895,0.17546814287278673
5970,0.6021,11,56,11,168956,436654,15031,92925,4.0447404498128865,0.1754695711121476
5971,0.6022,3,23,3,168979,436631,15034,92922,4.044527400051873,0.1754725211640761
5972,0.6023,11,81,11,169060,436550,15045,92911,4.043777094371781,0.17548223570763474
5973,0.6024,6,38,6,169098,436512,15051,92905,4.0434250991144545,0.175485486865741
5974,0.6025,9,33,9,169131,436479,15060,92896,4.043119419022565,0.17548240850059033
5975,0.6026,4,56,4,169187,436423,15064,92892,4.042600689169662,0.17549474320584152
5976,0.6027,7,174,7,169361,436249,15071,92885,4.040988921412428,0.175541545241848
5977,0.6028,5,26,5,169387,436223,15076,92880,4.040748082552151,0.17554238021708438
5978,0.6029,5,36,5,169423,436187,15081,92875,4.040414613360999,0.1755465332985548
5979,0.603,10,102,10,169525,436085,15091,92865,4.0394697839860685,0.17556479818508366
5980,0.6031,2,55,2,169580,436030,15093,92863,4.038960317166253,0.1755799377189715
5981,0.6032,2,57,2,169637,435973,15095,92861,4.038432324280262,0.175595744600385
5982,0.6033,10,139,10,169776,435834,15105,92851,4.037144762681092,0.17562631812894255
5983,0.6034,7,43,7,169819,435791,15112,92844,4.036746452258328,0.17562968778079394
5984,0.6035,7,108,7,169927,435683,15119,92837,4.035746044684871,0.17565465829107696
5985,0.6036,5,33,5,169960,435650,15124,92832,4.035440364592982,0.17565782751351985
5986,0.6037,6,43,6,170003,435607,15130,92826,4.035042054170217,0.1756627614096773
5987,0.6038,7,53,7,170056,435554,15137,92819,4.034551113416577,0.17566946077865447
5988,0.6039,5,20,5,170076,435534,15142,92814,4.034365852754826,0.17566830952326876
5989,0.604,10,106,10,170182,435428,15152,92804,4.033383971247545,0.17568795529237152
5990,0.6041,10,131,10,170313,435297,15162,92794,4.0321705139130755,0.17571592774730113
5991,0.6042,5,83,5,170396,435214,15167,92789,4.031401682166809,0.17573574392569738
5992,0.6043,9,39,9,170435,435175,15176,92780,4.031040423876394,0.175734674356716
5993,0.6044,3,38,3,170473,435137,15179,92777,4.030688428619067,0.17574263989968064
5994,0.6045,12,147,12,170620,434990,15191,92765,4.029326762755197,0.1757728491440157
5995,0.6046,8,64,8,170684,434926,15199,92757,4.028733928637593,0.1757816719507735
5996,0.6047,8,46,8,170730,434880,15207,92749,4.028307829115565,0.1757845000938159
5997,0.6048,12,98,12,170828,434782,15219,92737,4.027400051872985,0.17579840726116025
5998,0.6049,4,35,4,170863,434747,15223,92733,4.027075845714921,0.17580382194585575
5999,0.605,6,141,6,171004,434606,15229,92727,4.0257697580495755,0.17584145122721317
6000,0.6051,7,51,7,171055,434555,15236,92720,4.02529734336211,0.17584751789862973
6001,0.6052,6,61,6,171116,434494,15242,92714,4.024732298343769,0.1758584846967421
6002,0.6053,1,25,1,171141,434469,15243,92713,4.0245007225165805,0.1758652609535227
6003,0.6054,14,66,14,171207,434403,15257,92699,4.0238893623328025,0.17586539227701659
6004,0.6055,8,91,8,171298,434312,15265,92691,4.023046426321835,0.17588324924146542
6005,0.6056,4,39,4,171337,434273,15269,92687,4.02268516803142,0.17589001062699255
6006,0.6057,8,131,8,171468,434142,15277,92679,4.02147171069695,0.1759212332082434
6007,0.6058,12,127,12,171595,434015,15289,92667,4.020295305494831,0.1759448775541978
6008,0.6059,5,86,5,171681,433929,15294,92662,4.019498684649301,0.17596578748972164
6009,0.606,3,16,3,171697,433913,15297,92659,4.019350476119901,0.1759664395372333
6010,0.6061,5,70,5,171767,433843,15302,92654,4.018702063803772,0.17598200939416558
6011,0.6062,6,70,6,171837,433773,15308,92648,4.0180536514876435,0.17599601839592266
6012,0.6063,9,62,9,171899,433711,15317,92639,4.017479343436214,0.17600265982711125
6013,0.6064,2,21,2,171920,433690,15319,92637,4.017284819741376,0.17600655106046242
6014,0.6065,3,18,3,171938,433672,15322,92634,4.0171180851458,0.1760078737464517
6015,0.6066,9,61,9,171999,433611,15331,92625,4.01655304012746,0.17601418375025654
6016,0.6067,5,69,5,172068,433542,15336,92620,4.015913890844418,0.17602943580114108
6017,0.6068,4,27,4,172095,433515,15340,92616,4.015663788951054,0.1760322049071429
6018,0.6069,18,70,18,172165,433445,15358,92598,4.015015376634925,0.17602743501957063
6019,0.607,12,84,12,172249,433361,15370,92586,4.0142372818555705,0.17603674894998925
6020,0.6071,3,31,3,172280,433330,15373,92583,4.013950127829856,0.17604242526805763
6021,0.6072,5,76,5,172356,433254,15378,92578,4.013246137315202,0.1760600343836054
6022,0.6073,5,105,5,172461,433149,15383,92573,4.01227351884101,0.17608736176153936
6023,0.6074,9,70,9,172531,433079,15392,92564,4.011625106524881,0.17609670441725658
6024,0.6075,6,41,6,172572,433038,15398,92558,4.011245322168291,0.17610103577652797
6025,0.6076,1,36,1,172608,433002,15399,92557,4.010911852977139,0.1761115307700943
6026,0.6077,4,25,4,172633,432977,15403,92553,4.01068027714995,0.17611363766102792
6027,0.6078,4,27,4,172660,432950,15407,92549,4.010430175256586,0.17611641506453865
6028,0.6079,5,48,5,172708,432902,15412,92544,4.009985549668383,0.17612466361909693
6029,0.608,4,51,4,172759,432851,15416,92540,4.009513134980918,0.17613548766537684
6030,0.6081,9,64,9,172823,432787,15425,92531,4.0089203008633145,0.17614283158010957
6031,0.6082,29,258,29,173081,432529,15454,92502,4.006530438326726,0.17618388247551098
6032,0.6083,3,72,3,173153,432457,15457,92499,4.005863499944422,0.17620333894650217
6033,0.6084,9,81,9,173234,432376,15466,92490,4.00511319426433,0.176216405711172
6034,0.6085,5,18,5,173252,432358,15471,92485,4.004946459668754,0.1762146013188706
6035,0.6086,4,30,4,173282,432328,15475,92481,4.004668568676127,0.17621839564489175
6036,0.6087,11,97,11,173379,432231,15486,92470,4.003770054466634,0.17623370262301769
6037,0.6088,12,126,12,173505,432105,15498,92458,4.002602912297602,0.17625718931758436
6038,0.6089,5,117,5,173622,431988,15503,92453,4.001519137426359,0.17628865782804928
6039,0.609,4,28,4,173650,431960,15507,92449,4.001259772499908,0.1762917875169953
6040,0.6091,7,30,7,173680,431930,15514,92442,4.000981881507281,0.17629087746866728
6041,0.6092,8,121,8,173801,431809,15522,92434,3.9998610545036866,0.17631899710630375
6042,0.6093,5,70,5,173871,431739,15527,92429,3.999212642187558,0.17633468658903254
6043,0.6094,15,162,15,174033,431577,15542,92414,3.997712030827374,0.17636562460042252
6044,0.6095,8,65,8,174098,431512,15550,92406,3.997109933676683,0.17637492890108758
6045,0.6096,3,23,3,174121,431489,15553,92403,3.9968968839156696,0.1763779557618746
6046,0.6097,7,44,7,174165,431445,15560,92396,3.996489310459817,0.17638176469577602
6047,0.6098,5,64,5,174229,431381,15565,92391,3.9958964763422133,0.17639545451074132
6048,0.6099,7,55,7,174284,431326,15572,92384,3.995387009522398,0.17640297110996545
6049,0.61,3,34,3,174318,431292,15575,92381,3.9950720663974213,0.17640970605702413
6050,0.6101,9,49,9,174367,431243,15584,92372,3.994618177776131,0.17641205847808028
6051,0.6102,6,44,6,174411,431199,15590,92366,3.9942106043202785,0.1764174457803711
6052,0.6103,11,128,11,174539,431071,15601,92355,3.993024936085072,0.1764432794702594
6053,0.6104,6,29,6,174568,431042,15607,92349,3.9927563081255326,0.17644361481187104
6054,0.6105,2,30,2,174598,431012,15609,92347,3.992478417132906,0.176450581723062
6055,0.6106,2,38,2,174636,430974,15611,92345,3.9921264218755788,0.17646024700039556
6056,0.6107,10,41,10,174677,430933,15621,92335,3.991746637518989,0.17645833492588883
6057,0.6108,4,43,4,174720,430890,15625,92331,3.9913483270962242,0.17646654090718836
6058,0.6109,7,47,7,174767,430843,15632,92324,3.9909129645411094,0.1764713752969893
6059,0.611,7,64,7,174831,430779,15639,92317,3.990320130423506,0.17648194595255937
6060,0.6111,10,51,10,174882,430728,15649,92307,3.989847715736041,0.17648340933207146
6061,0.6112,10,76,10,174958,430652,15659,92297,3.9891437252213864,0.17649331005509142
6062,0.6113,8,79,8,175037,430573,15667,92289,3.98841194560747,0.1765073767074295
6063,0.6114,9,122,9,175159,430451,15676,92280,3.9872818555707883,0.17653439340693397
6064,0.6115,4,36,4,175195,430415,15680,92276,3.9869483863796362,0.17654025035824225
6065,0.6116,7,55,7,175250,430360,15687,92269,3.986438919559821,0.17654779968199238
6066,0.6117,4,65,4,175315,430295,15691,92265,3.9858368224091296,0.17656345682792407
6067,0.6118,6,92,6,175407,430203,15697,92259,3.9849846233650745,0.17658509135592637
6068,0.6119,13,124,13,175531,430079,15710,92246,3.983836007262218,0.1766065189297851
6069,0.612,6,55,6,175586,430024,15716,92240,3.9833265404424023,0.17661565798140405
6070,0.6121,2,23,2,175609,430001,15718,92238,3.9831134906813888,0.17662028305048072
6071,0.6122,5,20,5,175629,429981,15723,92233,3.982928230019638,0.17661916379108947
6072,0.6123,3,27,3,175656,429954,15726,92230,3.9826781281262735,0.1766235656396979
6073,0.6124,12,171,12,175827,429783,15738,92218,3.981094149468302,0.1766624968151402
6074,0.6125,1,27,1,175854,429756,15739,92217,3.980844047574938,0.17667005764665988
6075,0.6126,8,87,8,175941,429669,15747,92209,3.980038163696321,0.17668688850650918
6076,0.6127,4,26,4,175967,429643,15751,92205,3.9797973248360443,0.17668938081586977
6077,0.6128,7,93,7,176060,429550,15758,92198,3.978935862758902,0.1767098292662358
6078,0.6129,7,65,7,176125,429485,15765,92191,3.9783337656082107,0.17672079988345257
6079,0.613,11,42,11,176167,429443,15776,92180,3.9779447182185335,0.176717667740878
6080,0.6131,9,173,9,176340,429270,15785,92171,3.9763422134943864,0.17676208813652936
6081,0.6132,5,21,5,176361,429249,15790,92166,3.976147689799548,0.17676131296567993
6082,0.6133,2,23,2,176384,429226,15792,92164,3.9759346400385343,0.17676595254991465
6083,0.6134,1,34,1,176418,429192,15793,92163,3.9756196969135575,0.1767759012573007
6084,0.6135,0,27,0,176445,429165,15793,92163,3.9753695950201933,0.1767850566246202
6085,0.6136,6,30,6,176475,429135,15799,92157,3.975091704027567,0.17678575539237126
6086,0.6137,2,12,2,176487,429123,15801,92155,3.974980547630516,0.17678666661551035
6087,0.6138,3,59,3,176546,429064,15804,92152,3.9744340286783504,0.17680194007858546
6088,0.6139,2,39,2,176585,429025,15806,92150,3.9740727703879357,0.1768120113205737
6089,0.614,3,57,3,176642,428968,15809,92147,3.9735447775019455,0.17682661216813947
6090,0.6141,14,123,14,176765,428845,15823,92133,3.9724054244321763,0.17684623918860298
6091,0.6142,7,47,7,176812,428798,15830,92126,3.971970061877061,0.176851133754636
6092,0.6143,17,211,17,177023,428587,15847,92109,3.970015561895587,0.17689592391721848
6093,0.6144,7,74,7,177097,428513,15854,92102,3.969330097447108,0.17691000067228183
6094,0.6145,4,24,4,177121,428489,15858,92098,3.9691077846530067,0.17691183222016685
6095,0.6146,16,177,16,177298,428312,15874,92082,3.96746822779651,0.1769466980787634
6096,0.6147,13,76,13,177374,428236,15887,92069,3.9667642372818555,0.17695198008860188
6097,0.6148,4,66,4,177440,428170,15891,92065,3.966152877098077,0.1769681009543764
6098,0.6149,2,30,2,177470,428140,15893,92063,3.9658749861054505,0.17697514239633375
6099,0.615,4,30,4,177500,428110,15897,92059,3.9655970951128237,0.17697902027994747
6100,0.6151,6,41,6,177541,428069,15903,92053,3.965217310756234,0.176983476953484
6101,0.6152,7,76,7,177617,427993,15910,92046,3.96451332024158,0.17699826359176907
6102,0.6153,4,31,4,177648,427962,15914,92042,3.9642261662158655,0.17700248459627232
6103,0.6154,5,56,5,177704,427906,15919,92037,3.9637074363629625,0.17701363418682434
6104,0.6155,9,62,9,177766,427844,15928,92028,3.9631331283115343,0.17702049735319464
6105,0.6156,6,71,6,177837,427773,15934,92022,3.962475452962318,0.17703517732952415
6106,0.6157,15,150,15,177987,427623,15949,92007,3.961085997999185,0.17706252525835692
6107,0.6158,24,150,24,178137,427473,15973,91983,3.959696543036052,0.1770756329698762
6108,0.6159,10,100,10,178237,427373,15983,91973,3.958770239727296,0.17709388346112226
6109,0.616,5,47,5,178284,427326,15988,91968,3.9583348771721814,0.17710198846895978
6110,0.6161,7,30,7,178314,427296,15995,91961,3.9580569861795545,0.1771011271875006
6111,0.6162,8,86,8,178400,427210,16003,91953,3.957260365334025,0.1771177838174138
6112,0.6163,4,52,4,178452,427158,16007,91949,3.9567786876134723,0.1771291853124693
6113,0.6164,7,78,7,178530,427080,16014,91942,3.956056171032643,0.17714470677543534
6114,0.6165,4,24,4,178554,427056,16018,91938,3.9558338582385417,0.17714655660759085
6115,0.6166,6,22,6,178576,427034,16024,91932,3.9556300715106154,0.1771445528223429
6116,0.6167,7,77,7,178653,426957,16031,91925,3.9549168179628738,0.1771597395939732
6117,0.6168,3,48,3,178701,426909,16034,91922,3.9544721923746713,0.17717137179544012
6118,0.6169,5,34,5,178735,426875,16039,91917,3.954157249249694,0.177175052815001
6119,0.617,15,125,15,178860,426750,16054,91902,3.95299937011375,0.17719395664144744
6120,0.6171,5,62,5,178922,426688,16059,91897,3.952425062062322,0.17720720807582171
6121,0.6172,8,36,8,178958,426652,16067,91889,3.9520915928711697,0.17720681681872794
6122,0.6173,8,139,8,179097,426513,16075,91881,3.950804031272,0.17724163474114285
6123,0.6174,4,62,4,179159,426451,16079,91877,3.950229723220571,0.17725648624037288
6124,0.6175,4,28,4,179187,426423,16083,91873,3.9499703582941197,0.1772597125966629
6125,0.6176,16,192,16,179379,426231,16099,91857,3.9481918559413094,0.17729999536758234
6126,0.6177,2,31,2,179410,426200,16101,91855,3.9479047019155953,0.17730742874791286
6127,0.6178,6,23,6,179433,426177,16107,91849,3.9476916521545813,0.1773057722971434
6128,0.6179,8,148,8,179581,426029,16115,91841,3.9463207232576236,0.17734373491416766
6129,0.618,14,161,14,179742,425868,16129,91827,3.9448293749305274,0.17737664068611828
6130,0.6181,8,36,8,179778,425832,16137,91819,3.9444959057393754,0.1773762631579964
6131,0.6182,8,97,8,179875,425735,16145,91811,3.9435973915298828,0.1773967917827594
6132,0.6183,7,71,7,179946,425664,16152,91804,3.9429397161806663,0.1774100040968717
6133,0.6184,8,92,8,180038,425572,16160,91796,3.942087517136611,0.17742883208857138
6134,0.6185,5,32,5,180070,425540,16165,91791,3.9417911000778094,0.17743185697358171
6135,0.6186,14,166,14,180236,425374,16179,91777,3.9402534365852753,0.1774665426538864
6136,0.6187,7,55,7,180291,425319,16186,91770,3.93974396976546,0.17747428392404402
6137,0.6188,3,21,3,180312,425298,16189,91767,3.9395494460706213,0.17747671956137043
6138,0.6189,3,31,3,180343,425267,16192,91764,3.939262292044907,0.1774825880846603
6139,0.619,15,93,15,180436,425174,16207,91749,3.938400829967765,0.1774906514122993
6140,0.6191,3,17,3,180453,425157,16210,91746,3.938243358405276,0.17749171508000533
6141,0.6192,8,92,8,180545,425065,16218,91738,3.9373911593612214,0.17751057946645046
6142,0.6193,8,51,8,180596,425014,16226,91730,3.936918744673756,0.17751536544207577
6143,0.6194,6,52,6,180648,424962,16232,91724,3.936437066953203,0.17752367975907998
6144,0.6195,7,42,7,180690,424920,16239,91717,3.936048019563526,0.1775269676774989
6145,0.6196,7,59,7,180749,424861,16246,91710,3.9355015006113603,0.17753609861955086
6146,0.6197,11,66,11,180815,424795,16257,91699,3.934890140427582,0.17754126863041972
6147,0.6198,6,37,6,180852,424758,16263,91693,3.934547408203342,0.17754443306334966
6148,0.6199,2,38,2,180890,424720,16265,91691,3.934195412946015,0.177554312359729
6149,0.62,12,83,12,180973,424637,16277,91679,3.933426581199748,0.17756374003517225
6150,0.6201,5,81,5,181054,424556,16282,91674,3.9326762755196563,0.17758363520136372
6151,0.6202,12,86,12,181140,424470,16294,91662,3.9318796546741264,0.17759410383390295
6152,0.6203,3,38,3,181178,424432,16297,91659,3.9315276594167994,0.1776023995768188
6153,0.6204,3,38,3,181216,424394,16300,91656,3.9311756641594724,0.17761069663792267
6154,0.6205,12,127,12,181343,424267,16312,91644,3.929999258957353,0.17763528980773816
6155,0.6206,6,50,6,181393,424217,16318,91638,3.929536107302975,0.17764294229967723
6156,0.6207,16,113,16,181506,424104,16334,91622,3.928489384564082,0.17765635240418362
6157,0.6208,6,91,6,181597,424013,16340,91616,3.9276464485531144,0.17767813679990846
6158,0.6209,6,63,6,181660,423950,16346,91610,3.9270628774685985,0.1776902785320816
6159,0.621,14,56,14,181716,423894,16360,91596,3.9265441476156955,0.17768724902519933
6160,0.6211,5,58,5,181774,423836,16365,91591,3.926006891696617,0.17769926682148976
6161,0.6212,2,19,2,181793,423817,16367,91589,3.925830894067954,0.17770262666713232
6162,0.6213,1,31,1,181824,423786,16368,91588,3.9255437400422393,0.17771172003244246
6163,0.6214,15,77,15,181901,423709,16383,91573,3.9248304864944976,0.17771433894450028
6164,0.6215,8,96,8,181997,423613,16391,91565,3.9239412353180927,0.17773468587556146
6165,0.6216,3,50,3,182047,423563,16394,91562,3.923478083663715,0.1777471487503033
6166,0.6217,5,27,5,182074,423536,16399,91557,3.923227981770351,0.1777484842542997
6167,0.6218,10,69,10,182143,423467,16409,91547,3.9225888324873095,0.17775633283755393
6168,0.6219,8,135,8,182278,423332,16417,91539,3.92133832302049,0.17779016491509525
6169,0.622,6,56,6,182334,423276,16423,91533,3.920819593167587,0.17779992191278707
6170,0.6221,5,31,5,182365,423245,16428,91528,3.9205324391418728,0.17780264310676744
6171,0.6222,9,77,9,182442,423168,16437,91519,3.919819185594131,0.17781486612251718
6172,0.6223,2,29,2,182471,423139,16439,91517,3.919550557634592,0.17782169060498662
6173,0.6224,4,34,4,182505,423105,16443,91513,3.919235614509615,0.17782704841260896
6174,0.6225,7,59,7,182564,423046,16450,91506,3.918689095557449,0.17783625367309816
6175,0.6226,5,68,5,182632,422978,16455,91501,3.9180592093074957,0.17785176848812098
6176,0.6227,4,41,4,182673,422937,16459,91497,3.9176794249509057,0.17785955049627358
6177,0.6228,4,32,4,182705,422905,16463,91493,3.9173830078921044,0.17786422186711456
6178,0.6229,8,45,8,182750,422860,16471,91485,3.916966171403164,0.17786699588797403
6179,0.623,5,101,5,182851,422759,16476,91480,3.916030605061321,0.17789393647700777
6180,0.6231,5,38,5,182889,422721,16481,91475,3.915678609803994,0.1778990890633144
6181,0.6232,6,53,6,182942,422668,16487,91469,3.9151876690503538,0.17790783390419285
6182,0.6233,5,23,5,182965,422645,16492,91464,3.91497461928934,0.17790779776273125
6183,0.6234,4,41,4,183006,422604,16496,91460,3.91459483493275,0.17791559027669707
6184,0.6235,4,94,4,183100,422510,16500,91456,3.91372410982252,0.17794173155422732
6185,0.6236,4,48,4,183148,422462,16504,91452,3.9132794842343177,0.1779519530505104
6186,0.6237,7,82,7,183230,422380,16511,91445,3.912519915521138,0.17796915292171459
6187,0.6238,5,45,5,183275,422335,16516,91440,3.9121030790321982,0.17797674079120238
6188,0.6239,7,122,7,183397,422213,16523,91433,3.9109729889955167,0.17800781082691192
6189,0.624,1,64,1,183461,422149,16524,91432,3.910380154877913,0.1780283927949048
6190,0.6241,10,111,10,183572,422038,16534,91422,3.9093519582051948,0.1780508705644062
6191,0.6242,7,71,7,183643,421967,16541,91415,3.9086942828559783,0.17806428741171293
6192,0.6243,4,44,4,183687,421923,16545,91411,3.908286709400126,0.1780731453595515
6193,0.6244,5,59,5,183746,421864,16550,91406,3.90774019044796,0.178085607964619
6194,0.6245,6,47,6,183793,421817,16556,91400,3.9073048278928453,0.17809230793212227
6195,0.6246,5,85,5,183878,421732,16561,91395,3.906517470080403,0.17811380028725832
6196,0.6247,12,61,12,183939,421671,16573,91383,3.9059524250620625,0.1781157538972506
6197,0.6248,5,51,5,183990,421620,16578,91378,3.905480010374597,0.17812545078148453
6198,0.6249,8,44,8,184034,421576,16586,91370,3.905072436918745,0.17812791209990916
6199,0.625,3,37,3,184071,421539,16589,91367,3.904729704694505,0.17813595473634544
6200,0.6251,3,32,3,184103,421507,16592,91364,3.9044332876357033,0.1781422618943165
6201,0.6252,9,36,9,184139,421471,16601,91355,3.9040998184445517,0.17814034389832029
6202,0.6253,14,110,14,184249,421361,16615,91341,3.9030808848049205,0.17815612187976643
6203,0.6254,3,42,3,184291,421319,16618,91338,3.9026918374152433,0.17816590819982953
6204,0.6255,7,29,7,184320,421290,16625,91331,3.902423209455704,0.17816476500182396
6205,0.6256,9,99,9,184419,421191,16634,91322,3.901506169180036,0.1781847484844287
6206,0.6257,14,193,14,184612,420998,16648,91308,3.899718403794138,0.17822941757465266
6207,0.6258,8,62,8,184674,420936,16656,91300,3.89914409574271,0.17823815585003788
6208,0.6259,2,22,2,184696,420914,16658,91298,3.8989403090147836,0.178242602672331
6209,0.626,4,41,4,184737,420873,16662,91294,3.898560524658194,0.1782504534653736
6210,0.6261,1,29,1,184766,420844,16663,91293,3.898291896698655,0.1782589424314197
6211,0.6262,5,31,5,184797,420813,16668,91288,3.8980047426729407,0.17826171009234507
6212,0.6263,8,46,8,184843,420767,16676,91280,3.897578643150913,0.1782648858405576
6213,0.6264,7,43,7,184886,420724,16683,91273,3.8971803327281487,0.17826862266771093
6214,0.6265,11,72,11,184958,420652,16694,91262,3.8965133943458445,0.17827603855335075
6215,0.6266,6,95,6,185053,420557,16700,91256,3.895633406202527,0.17829949610502274
6216,0.6267,11,73,11,185126,420484,16711,91245,3.8949572047871355,0.17830726810479766
6217,0.6268,9,37,9,185163,420447,16720,91236,3.894614472562896,0.17830570880799246
6218,0.6269,6,23,6,185186,420424,16726,91230,3.894401422801882,0.17830408830967803
6219,0.627,3,48,3,185234,420376,16729,91227,3.8939567972136797,0.17831599892885694
6220,0.6271,7,78,7,185312,420298,16736,91220,3.8932342806328504,0.1783319453078875
6221,0.6272,10,73,10,185385,420225,16746,91210,3.892558079217459,0.17834133369831942
6222,0.6273,6,36,6,185421,420189,16752,91204,3.892224610026307,0.17834424796585013
6223,0.6274,4,47,4,185468,420142,16756,91200,3.891789247471192,0.17835421303159138
6224,0.6275,5,37,5,185505,420105,16761,91195,3.8914465152469524,0.17835908468609427
6225,0.6276,8,25,8,185530,420080,16769,91187,3.8912149394197635,0.1783549495664692
6226,0.6277,5,36,5,185566,420044,16774,91182,3.890881470228612,0.17835947310974012
6227,0.6278,8,11,8,185577,420033,16782,91174,3.8907795768646487,0.17835045294763177
6228,0.6279,7,113,7,185690,419920,16789,91167,3.889732854125755,0.17837863220938902
6229,0.628,15,92,15,185782,419828,16804,91152,3.8888806550817,0.1783866296136835
6230,0.6281,8,121,8,185903,419707,16812,91144,3.887759828078106,0.17841601562882328
6231,0.6282,5,31,5,185934,419676,16817,91139,3.8874726740523915,0.1784188013272907
6232,0.6283,2,46,2,185980,419630,16819,91137,3.8870465745303644,0.178431652788845
6233,0.6284,11,45,11,186025,419585,16830,91126,3.886629738041424,0.17842967940772766
6234,0.6285,4,37,4,186062,419548,16834,91122,3.886287005817185,0.17843617208764956
6235,0.6286,6,41,6,186103,419507,16840,91116,3.885907221460595,0.17844084579033848
6236,0.6287,4,67,4,186170,419440,16844,91112,3.885286598243729,0.1784578260392673
6237,0.6288,6,41,6,186211,419399,16850,91106,3.884906813887139,0.17846250281583922
6238,0.6289,7,22,7,186233,419377,16857,91099,3.884703027159213,0.17845892852945094
6239,0.629,11,158,11,186391,419219,16868,91088,3.8832394679313795,0.17849647369132698
6240,0.6291,15,146,15,186537,419073,16883,91073,3.8818870651005963,0.1785234031042094
6241,0.6292,6,36,6,186573,419037,16889,91067,3.8815535959094447,0.17852633972680082
6242,0.6293,12,81,12,186654,418956,16901,91055,3.8808032902293528,0.17853536492350164
6243,0.6294,4,59,4,186713,418897,16905,91051,3.880256771277187,0.17854957760399098
6244,0.6295,11,65,11,186778,418832,16916,91040,3.879654674126496,0.1785546176295227
6245,0.6296,8,69,8,186847,418763,16924,91032,3.879015524843455,0.17856589413391658
6246,0.6297,2,41,2,186888,418722,16926,91030,3.878635740486865,0.17857703353787724
6247,0.6298,4,94,4,186982,418628,16930,91026,3.8777650153766348,0.17860352317454586
6248,0.6299,6,41,6,187023,418587,16936,91020,3.877385231020045,0.1786082216296087
6249,0.63,6,66,6,187089,418521,16942,91014,3.8767738708362667,0.17862168447702317
6250,0.6301,2,31,2,187120,418490,16944,91012,3.8764867168105526,0.17862932824601277
6251,0.6302,9,59,9,187179,418431,16953,91003,3.875940197858387,0.17863550528625888
6252,0.6303,10,32,10,187211,418399,16963,90993,3.875643780799585,0.17863060275779752
6253,0.6304,7,25,7,187236,418374,16970,90986,3.8754122049723962,0.17862808229935606
6254,0.6305,10,63,10,187299,418311,16980,90976,3.8748286338878803,0.17863405113423275
6255,0.6306,10,87,10,187386,418224,16990,90966,3.874022750009263,0.17864844164260885
6256,0.6307,11,32,11,187418,418192,17001,90955,3.8737263329504614,0.17864192463080408
6257,0.6308,10,44,10,187462,418148,17011,90945,3.873318759494609,0.17864123058066012
6258,0.6309,5,31,5,187493,418117,17016,90940,3.8730316054688947,0.17864404182635737
6259,0.631,8,32,8,187525,418085,17024,90932,3.872735188410093,0.17864236361457475
6260,0.6311,6,87,6,187612,417998,17030,90926,3.8719293045314758,0.17866321886961511
6261,0.6312,10,109,10,187721,417889,17040,90916,3.8709196339249323,0.17868535096942836
6262,0.6313,9,68,9,187789,417821,17049,90907,3.870289747674979,0.17869470522558223
6263,0.6314,11,79,11,187868,417742,17060,90896,3.869557968061062,0.1787046976435107
6264,0.6315,7,50,7,187918,417692,17067,90889,3.869094816406684,0.17871096246222332
6265,0.6316,11,75,11,187993,417617,17078,90878,3.8684000889251178,0.1787195547645503
6266,0.6317,1,37,1,188030,417580,17079,90877,3.868057356700878,0.17873094479965856
6267,0.6318,9,58,9,188088,417522,17088,90868,3.8675201007818,0.1787367965538268
6268,0.6319,7,59,7,188147,417463,17095,90861,3.8669735818296345,0.17874623271771548
6269,0.632,7,98,7,188245,417365,17102,90854,3.866065804587054,0.17876938878711737
6270,0.6321,7,26,7,188271,417339,17109,90847,3.8658249657267776,0.1787672230246406
6271,0.6322,10,176,10,188447,417163,17119,90837,3.864194671903368,0.17881299212598425
6272,0.6323,6,10,6,188457,417153,17125,90831,3.8641020415724925,0.17880681281300198
6273,0.6324,12,51,12,188508,417102,17137,90819,3.8636296268850274,0.17880536540131242
6274,0.6325,7,61,7,188569,417041,17144,90812,3.8630645818666864,0.17881552338964227
6275,0.6326,5,42,5,188611,416999,17149,90807,3.862675534477009,0.178822227386049
6276,0.6327,8,84,8,188695,416915,17157,90799,3.8618974396976546,0.17883887385417774
6277,0.6328,9,75,9,188770,416840,17166,90790,3.861202712216088,0.17885073774205623
6278,0.6329,9,71,9,188841,416769,17175,90781,3.860545036866872,0.17886119594128658
6279,0.633,4,66,4,188907,416703,17179,90777,3.859933676683093,0.17887798533932373
6280,0.6331,9,39,9,188946,416664,17188,90768,3.8595724183926783,0.17887716974885304
6281,0.6332,8,41,8,188987,416623,17196,90760,3.8591926340360887,0.17887867744879116
6282,0.6333,4,32,4,189019,416591,17200,90756,3.858896216977287,0.17888348605589469
6283,0.6334,7,29,7,189048,416562,17207,90749,3.858627589017748,0.17888238181312843
6284,0.6335,11,121,11,189169,416441,17218,90738,3.857506762014154,0.17890724970868274
6285,0.6336,7,30,7,189199,416411,17225,90731,3.8572288710215274,0.17890649956028096
6286,0.6337,6,40,6,189239,416371,17231,90725,3.856858349698025,0.17891089655607617
6287,0.6338,1,15,1,189254,416356,17232,90724,3.8567194042017117,0.17891456969314506
6288,0.6339,9,182,9,189436,416174,17241,90715,3.855033532179777,0.17896423082765656
6289,0.634,3,30,3,189466,416144,17244,90712,3.8547556411871504,0.17896996385561184
6290,0.6341,10,77,10,189543,416067,17254,90702,3.8540423876394088,0.1789809558201074
6291,0.6342,5,36,5,189579,416031,17259,90697,3.8537089184482567,0.1789855701678218
6292,0.6343,7,97,7,189676,415934,17266,90690,3.852810404238764,0.17900849545224862
6293,0.6344,11,73,11,189749,415861,17277,90679,3.8521342028233723,0.17901646464247642
6294,0.6345,6,27,6,189776,415834,17283,90673,3.8518841009300084,0.17901628210468956
6295,0.6346,8,48,8,189824,415786,17291,90665,3.851439475341806,0.17902028034301443
6296,0.6347,2,91,2,189915,415695,17293,90663,3.8505965393308386,0.17904921024255566
6297,0.6348,14,200,14,190115,415495,17307,90649,3.8487439327133277,0.1790972529556806
6298,0.6349,10,136,10,190251,415359,17317,90639,3.8474841602134204,0.17912916651844474
6299,0.635,5,31,5,190282,415328,17322,90634,3.847197006187706,0.17913202967811812
6300,0.6351,5,60,5,190342,415268,17327,90629,3.846641224202453,0.1791451619598456
6301,0.6352,13,144,13,190486,415124,17340,90616,3.845307347437845,0.17917507019417092
6302,0.6353,1,39,1,190525,415085,17341,90615,3.8449460891474305,0.1791872651769824
6303,0.6354,2,22,2,190547,415063,17343,90613,3.844742302419504,0.17919181452155136
6304,0.6355,13,54,13,190601,415009,17356,90600,3.844242098632776,0.17918984828197282
6305,0.6356,4,23,4,190624,414986,17360,90596,3.8440290488717626,0.1791915060267177
6306,0.6357,6,24,6,190648,414962,17366,90590,3.8438067360776613,0.17919027122828116
6307,0.6358,4,19,4,190667,414943,17370,90586,3.8436307384489976,0.17919051132575975
6308,0.6359,8,40,8,190707,414903,17378,90578,3.8432602171254957,0.17919170057826111
6309,0.636,3,76,3,190783,414827,17381,90575,3.8425562266108413,0.1792137743815814
6310,0.6361,8,32,8,190815,414795,17389,90567,3.84225980955204,0.1792121291272395
6311,0.6362,4,37,4,190852,414758,17393,90563,3.8419170773278,0.17921875401972212
6312,0.6363,9,43,9,190895,414715,17402,90554,3.8415187669050352,0.17921938610918145
6313,0.6364,3,39,3,190934,414676,17405,90551,3.8411575086146206,0.17922834686190564
6314,0.6365,12,156,12,191090,414520,17417,90539,3.8397124754529623,0.17926420477607566
6315,0.6366,7,62,7,191152,414458,17424,90532,3.839138167401534,0.17927483712548764
6316,0.6367,4,21,4,191173,414437,17428,90528,3.8389436437066955,0.1792757913914826
6317,0.6368,4,101,4,191274,414336,17432,90524,3.838008077364852,0.1793051539040526
6318,0.6369,8,63,8,191337,414273,17440,90516,3.8374245062803363,0.17931452547500046
6319,0.637,7,42,7,191379,414231,17447,90509,3.837035458890659,0.17931806474620596
6320,0.6371,9,109,9,191488,414122,17456,90500,3.8360257882841156,0.17934216106313242
6321,0.6372,9,82,9,191570,414040,17465,90491,3.8352662195709364,0.1793566698577491
6322,0.6373,9,23,9,191593,414017,17474,90482,3.8350531698099224,0.1793502068388639
6323,0.6374,6,51,6,191644,413966,17480,90476,3.8345807551224573,0.1793585783895869
6324,0.6375,8,73,8,191717,413893,17488,90468,3.833904553707066,0.17937152158870334
6325,0.6376,4,25,4,191742,413868,17492,90464,3.833672977879877,0.17937390449148577
6326,0.6377,7,26,7,191768,413842,17499,90457,3.8334321390196004,0.17937176159381638
6327,0.6378,9,46,9,191814,413796,17508,90448,3.833006039497573,0.17937347791941996
6328,0.6379,4,35,4,191849,413761,17512,90444,3.8326818333395085,0.17937941908549102
6329,0.638,10,61,10,191910,413700,17522,90434,3.832116788321168,0.17938484609250716
6330,0.6381,4,39,4,191949,413661,17526,90430,3.8317555300307533,0.17939221291393817
6331,0.6382,2,16,2,191965,413645,17528,90428,3.831607321501352,0.1793946511715565
6332,0.6383,6,66,6,192031,413579,17534,90422,3.8309959613175737,0.17940837418973374
6333,0.6384,1,63,1,192094,413516,17535,90421,3.830412390233058,0.17942917467858086
6334,0.6385,4,73,4,192167,413443,17539,90417,3.8297361888176664,0.17944865637280197
6335,0.6386,5,53,5,192220,413390,17544,90412,3.829245248064026,0.1794593907924145
6336,0.6387,3,41,3,192261,413349,17547,90409,3.8288654637074364,0.17946911016797748
6337,0.6388,1,35,1,192296,413314,17548,90408,3.828541257549372,0.1794799512429475
6338,0.6389,16,99,16,192395,413215,17564,90392,3.827624217273704,0.1794891651625176
6339,0.639,5,51,5,192446,413164,17569,90387,3.827151802586239,0.17949919670500109
6340,0.6391,9,113,9,192559,413051,17578,90378,3.8261050798473453,0.17952481879271953
6341,0.6392,15,161,15,192720,412890,17593,90363,3.824613731520249,0.17955779697289434
6342,0.6393,16,224,16,192944,412666,17609,90347,3.822538812108637,0.17961166013602034
6343,0.6394,5,53,5,192997,412613,17614,90342,3.8220478713549966,0.17962243143024723
6344,0.6395,13,73,13,193070,412540,17627,90329,3.821371669939605,0.1796272985608578
6345,0.6396,2,20,2,193090,412520,17629,90327,3.821186409277854,0.17963118006073417
6346,0.6397,14,71,14,193161,412449,17643,90313,3.820528733928638,0.17963370342229523
6347,0.6398,9,99,9,193260,412350,17652,90304,3.81961169365297,0.1796543944741313
6348,0.6399,4,35,4,193295,412315,17656,90300,3.8192874874949054,0.17966037623230505
6349,0.64,17,95,17,193390,412220,17673,90283,3.8184074993515877,0.17966658905518973
6350,0.6401,8,44,8,193434,412176,17681,90275,3.817999925895735,0.17966926128119956
6351,0.6402,3,78,3,193512,412098,17684,90272,3.8172774093149062,0.17969225869379143
6352,0.6403,2,30,2,193542,412068,17686,90270,3.8169995183222794,0.17969972409015444
6353,0.6404,2,30,2,193572,412038,17688,90268,3.816721627329653,0.1797071904377013
6354,0.6405,11,103,11,193675,411935,17699,90257,3.8157675349216347,0.17972608086150316
6355,0.6406,4,33,4,193708,411902,17703,90253,3.8154618548297456,0.17973135784767652
6356,0.6407,16,144,16,193852,411758,17719,90237,3.814127978065138,0.1797567704857618
6357,0.6408,14,64,14,193916,411694,17733,90223,3.8135351439475342,0.17975681238132998
6358,0.6409,7,54,7,193970,411640,17740,90216,3.813034940160806,0.1797647133839189
6359,0.641,4,57,4,194027,411583,17744,90212,3.812506947274816,0.17977859484450823
6360,0.6411,5,116,5,194143,411467,17749,90207,3.8114324354366595,0.1798119894592903
6361,0.6412,13,66,13,194209,411401,17762,90194,3.8108210752528806,0.17981439208923533
6362,0.6413,1,13,1,194222,411388,17763,90193,3.8107006558227425,0.17981741732641388
6363,0.6414,14,102,14,194324,411286,17777,90179,3.809755826447812,0.17983109489196653
6364,0.6415,4,42,4,194366,411244,17781,90175,3.8093667790581347,0.17983961517214148
6365,0.6416,10,68,10,194434,411176,17791,90165,3.8087368928081813,0.17984764860643754
6366,0.6417,17,95,17,194529,411081,17808,90148,3.8078569046648636,0.1798539190669335
6367,0.6418,4,116,4,194645,410965,17812,90144,3.8067823928267073,0.17988900618428327
6368,0.6419,3,26,3,194671,410939,17815,90141,3.8065415539664307,0.1798934301907879
6369,0.642,8,133,8,194804,410806,17823,90133,3.805309570565786,0.17992809503751953
6370,0.6421,10,71,10,194875,410735,17833,90123,3.8046518952165695,0.17993722771723722
6371,0.6422,2,16,2,194891,410719,17835,90121,3.804503686687169,0.17993970130181294
6372,0.6423,8,57,8,194948,410662,17843,90113,3.803975693801178,0.17994708202286455
6373,0.6424,16,109,16,195057,410553,17859,90097,3.8029660231946347,0.17996005193248776
6374,0.6425,2,55,2,195112,410498,17861,90095,3.8024565563748194,0.17997654781429226
6375,0.6426,5,24,5,195136,410474,17866,90090,3.802234243580718,0.1799769859598373
6376,0.6427,8,75,8,195211,410399,17874,90082,3.8015395160991514,0.1799908488034511
6377,0.6428,10,90,10,195301,410309,17884,90072,3.8007058431212717,0.1800068347918886
6378,0.6429,8,72,8,195373,410237,17892,90064,3.8000389047389675,0.18001962818383332
6379,0.643,13,122,13,195495,410115,17905,90051,3.798908814702286,0.18004222598097433
6380,0.6431,18,61,18,195556,410054,17923,90033,3.7983437696839455,0.18003467396672979
6381,0.6432,7,73,7,195629,409981,17930,90026,3.7976675682685537,0.1800494793072897
6382,0.6433,8,71,8,195700,409910,17938,90018,3.7970098929193377,0.18006192891776415
6383,0.6434,6,48,6,195748,409862,17944,90012,3.7965652673311348,0.18006937748312574
6384,0.6435,8,60,8,195808,409802,17952,90004,3.7960094853458815,0.18007787021364288
6385,0.6436,11,112,11,195920,409690,17963,89993,3.7949720256400754,0.18010018351634938
6386,0.6437,2,41,2,195961,409649,17965,89991,3.794592241283486,0.18011168040989511
6387,0.6438,13,82,13,196043,409567,17978,89978,3.793832672570306,0.18011990911729675
6388,0.6439,10,67,10,196110,409500,17988,89968,3.7932120493534405,0.18012765582579865
6389,0.644,3,48,3,196158,409452,17991,89965,3.7927674237652376,0.1801400432904767
6390,0.6441,9,150,9,196308,409302,18000,89956,3.7913779688021045,0.18017938620913435
6391,0.6442,8,68,8,196376,409234,18008,89948,3.7907480825521507,0.1801907921359344
6392,0.6443,13,68,13,196444,409166,18021,89935,3.7901181963021973,0.18019398879184775
6393,0.6444,15,135,15,196579,409031,18036,89920,3.7888676868353772,0.18021809756869914
6394,0.6445,4,78,4,196657,408953,18040,89916,3.7881451702545483,0.18023970220639085
6395,0.6446,7,83,7,196740,408870,18047,89909,3.787376338508281,0.18025819050120395
6396,0.6447,15,114,15,196854,408756,18062,89894,3.7863203527363,0.18027474180286773
6397,0.6448,9,61,9,196915,408695,18071,89885,3.785755307717959,0.18028200088250632
6398,0.6449,2,24,2,196939,408671,18073,89883,3.785532994923858,0.1802873911351629
6399,0.645,5,21,5,196960,408650,18078,89878,3.7853384712290192,0.1802867642339046
6400,0.6451,2,39,2,196999,408611,18080,89876,3.7849772129386046,0.18029758047852804
6401,0.6452,15,69,15,197068,408542,18095,89861,3.7843380636555635,0.1802978714012556
6402,0.6453,7,91,7,197159,408451,18102,89854,3.783495127644596,0.1803192823672249
6403,0.6454,9,59,9,197218,408392,18111,89845,3.7829486086924304,0.18032582887260482
6404,0.6455,3,22,3,197240,408370,18114,89842,3.782744821964504,0.1803288559890167
6405,0.6456,7,39,7,197279,408331,18121,89835,3.7823835636740895,0.1803314557798003
6406,0.6457,5,85,5,197364,408246,18126,89830,3.7815962058616472,0.1803540022004674
6407,0.6458,8,137,8,197501,408109,18134,89822,3.7803271703286523,0.18039045570571022
6408,0.6459,7,36,7,197537,408073,18141,89815,3.7799937011375007,0.18039197570537951
6409,0.646,5,102,5,197639,407971,18146,89810,3.77904887176257,0.18042070709810137
6410,0.6461,12,75,12,197714,407896,18158,89798,3.7783541442810034,0.18042813455657492
6411,0.6462,4,98,4,197812,407798,18162,89794,3.777446367038423,0.18045708130355795
6412,0.6463,7,45,7,197857,407753,18169,89787,3.777029530549483,0.18046187241226835
6413,0.6464,21,195,21,198052,407558,18190,89766,3.77522323909741,0.18049802543211266
6414,0.6465,27,308,27,198360,407250,18217,89739,3.7723702249064432,0.18056536462577644
6415,0.6466,8,43,8,198403,407207,18225,89731,3.7719719144836787,0.1805677971899915
6416,0.6467,14,141,14,198544,407066,18239,89717,3.7706658268183335,0.18059595437041928
6417,0.6468,5,27,5,198571,407039,18244,89712,3.7704157249249692,0.18059752270252097
6418,0.6469,7,53,7,198624,406986,18251,89705,3.7699247841713293,0.18060524551481705
6419,0.647,10,88,10,198712,406898,18261,89695,3.7691096372596244,0.18062074978906267
6420,0.6471,5,50,5,198762,406848,18266,89690,3.7686464856052466,0.18063068687592893
6421,0.6472,7,80,7,198842,406768,18273,89683,3.7679054429582424,0.18064824121615225
6422,0.6473,7,50,7,198892,406718,18280,89676,3.7674422913038645,0.18065488301631366
6423,0.6474,12,126,12,199018,406592,18292,89664,3.7662751491348327,0.18068093887026052
6424,0.6475,19,171,19,199189,406421,18311,89645,3.764691170476861,0.18071184076312427
6425,0.6476,11,32,11,199221,406389,18322,89634,3.7643947534180593,0.18070533019638202
6426,0.6477,7,28,7,199249,406361,18329,89627,3.764135388491608,0.1807039686444027
6427,0.6478,6,46,6,199295,406315,18335,89621,3.7637092889695802,0.18071081752484192
6428,0.6479,3,70,3,199365,406245,18338,89618,3.7630608766534515,0.180731371366688
6429,0.648,5,37,5,199402,406208,18343,89613,3.7627181444292117,0.18073659647332405
6430,0.6481,8,79,8,199481,406129,18351,89605,3.761986364815295,0.18075217757910492
6431,0.6482,15,57,15,199538,406072,18366,89590,3.7614583719293044,0.18074817113274771
6432,0.6483,14,152,14,199690,405920,18380,89576,3.7600503908999965,0.18078047047806642
6433,0.6484,8,38,8,199728,405882,18388,89568,3.759698395642669,0.1807811080835604
6434,0.6485,4,45,4,199773,405837,18392,89564,3.759281559153729,0.1807909148346491
6435,0.6486,11,43,11,199816,405794,18403,89553,3.7588832487309647,0.1807884170086828
6436,0.6487,11,117,11,199933,405677,18414,89542,3.7577994738597207,0.18081293326790773
6437,0.6488,10,104,10,200037,405573,18424,89532,3.756836118418615,0.1808343684672948
6438,0.6489,13,147,13,200184,405426,18437,89519,3.7554744525547443,0.18086656093101253
6439,0.649,10,81,10,200265,405345,18447,89509,3.754724146874653,0.18087961297675678
6440,0.6491,4,45,4,200310,405300,18451,89505,3.7543073103857125,0.18088944129505563
6441,0.6492,7,72,7,200382,405228,18458,89498,3.753640372003409,0.180904177261757
6442,0.6493,0,69,0,200451,405159,18458,89498,3.7530012227203677,0.1809294116933552
6443,0.6494,6,30,6,200481,405129,18464,89492,3.752723331727741,0.18093044977871947
6444,0.6495,6,54,6,200535,405075,18470,89486,3.752223127941013,0.18094026823789178
6445,0.6496,7,25,7,200560,405050,18477,89479,3.7519915521138243,0.1809378216444334
6446,0.6497,13,122,13,200682,404928,18490,89466,3.7508614620771423,0.18096093399191737
6447,0.6498,3,58,3,200740,404870,18493,89463,3.7503242061580644,0.18097719553418445
6448,0.6499,4,43,4,200783,404827,18497,89459,3.7499258957352994,0.18098631156860603
6449,0.65,9,33,9,200816,404794,18506,89450,3.7496202156434104,0.18098348184297636
6450,0.6501,7,71,7,200887,404723,18513,89443,3.748962540294194,0.18099788330237207
6451,0.6502,7,37,7,200924,404686,18520,89436,3.748619808069954,0.180999834049081
6452,0.6503,14,135,14,201059,404551,18534,89422,3.7473692986031346,0.18102608847042248
6453,0.6504,6,119,6,201178,404432,18540,89416,3.7462669976657157,0.18105975927815846
6454,0.6505,11,73,11,201251,404359,18551,89405,3.7455907962503243,0.1810682836334767
6455,0.6506,2,50,2,201301,404309,18553,89403,3.7451276445959465,0.18108330362640568
6456,0.6507,17,133,17,201434,404176,18570,89386,3.743895661195302,0.1811038937357414
6457,0.6508,5,57,5,201491,404119,18575,89381,3.743367668309311,0.18111651469098278
6458,0.6509,4,37,4,201528,404082,18579,89377,3.743024936085072,0.18112345706532862
6459,0.651,18,148,18,201676,403934,18597,89359,3.7416540071881137,0.1811479181743913
6460,0.6511,10,78,10,201754,403856,18607,89349,3.7409314906072844,0.1811599639095305
6461,0.6512,4,28,4,201782,403828,18611,89345,3.740672125680833,0.18116360790229796
6462,0.6513,11,56,11,201838,403772,18622,89334,3.74015339582793,0.18116591564491205
6463,0.6514,7,50,7,201888,403722,18629,89327,3.739690244173552,0.18117266235201776
6464,0.6515,8,24,8,201912,403698,18637,89319,3.7394679313794508,0.18116819501153103
6465,0.6516,4,70,4,201982,403628,18641,89315,3.738819519063322,0.18118727723083602
6466,0.6517,11,49,11,202031,403579,18652,89304,3.738365630442032,0.18118701598553816
6467,0.6518,4,45,4,202076,403534,18656,89300,3.737948793953092,0.18119691417394093
6468,0.6519,13,77,13,202153,403457,18669,89287,3.7372355404053503,0.18120362703553974
6469,0.652,8,57,8,202210,403400,18677,89279,3.7367075475193596,0.18121129579300113
6470,0.6521,17,228,17,202438,403172,18694,89262,3.7345955759753973,0.18126693120296325
6471,0.6522,9,118,9,202556,403054,18703,89253,3.733502538071066,0.181295411196672
6472,0.6523,2,31,2,202587,403023,18705,89251,3.733215384045352,0.18130350170839818
6473,0.6524,8,39,8,202626,402984,18713,89243,3.7328541257549372,0.18130456070065235
6474,0.6525,13,68,13,202694,402916,18726,89230,3.7322242395049834,0.18130798584159985
6475,0.6526,14,117,14,202811,402799,18740,89216,3.73114046463374,0.1813278050465941
6476,0.6527,8,82,8,202893,402717,18748,89208,3.73038089592056,0.18134471718249734
6477,0.6528,5,67,5,202960,402650,18753,89203,3.729760272703694,0.1813610977263532
6478,0.6529,5,47,5,203007,402603,18758,89198,3.7293249101485793,0.18137010701482917
6479,0.653,5,51,5,203058,402552,18763,89193,3.7288524954611137,0.18138059360034164
6480,0.6531,10,43,10,203101,402509,18773,89183,3.728454185038349,0.181379806870968
6481,0.6532,14,39,14,203140,402470,18787,89169,3.728092926747934,0.1813708839209257
6482,0.6533,11,128,11,203268,402342,18798,89158,3.7269072585127274,0.18139979654120042
6483,0.6534,1,29,1,203297,402313,18799,89157,3.7266386305531882,0.18140883472032882
6484,0.6535,8,34,8,203331,402279,18807,89149,3.7263236874282115,0.1814080597768137
6485,0.6536,7,38,7,203369,402241,18814,89142,3.7259716921708845,0.1814104273041599
6486,0.6537,3,54,3,203423,402187,18817,89139,3.7254714883841564,0.18142536727142466
6487,0.6538,5,42,5,203465,402145,18822,89134,3.725082440994479,0.1814325464756279
6488,0.6539,3,29,3,203494,402116,18825,89131,3.72481381303494,0.18143825814712355
6489,0.654,7,96,7,203590,402020,18832,89124,3.723924561858535,0.18146205593471568
6490,0.6541,9,71,9,203661,401949,18841,89115,3.7232668865093186,0.18147329065050585
6491,0.6542,10,75,10,203736,401874,18851,89105,3.722572159027752,0.1814843404707737
6492,0.6543,7,74,7,203810,401800,18858,89098,3.7218866945792732,0.18150002648207977
6493,0.6544,10,57,10,203867,401743,18868,89088,3.7213587016932825,0.1815044282044125
6494,0.6545,18,186,18,204053,401557,18886,89070,3.7196357775389974,0.18154320899583595
6495,0.6546,4,41,4,204094,401516,18890,89066,3.719255993182408,0.18155170797134831
6496,0.6547,7,93,7,204187,401423,18897,89059,3.718394531105265,0.1815744512540725
6497,0.6548,4,26,4,204213,401397,18901,89055,3.7181536922449885,0.18157740206992734
6498,0.6549,4,56,4,204269,401341,18905,89051,3.7176349623920855,0.18159146152465783
6499,0.655,9,70,9,204339,401271,18914,89042,3.7169865500759567,0.18160236420409004
6500,0.6551,2,26,2,204365,401245,18916,89040,3.7167457112156805,0.18160865618976718
6501,0.6552,3,30,3,204395,401215,18919,89037,3.7164678202230537,0.18161476138802085
6502,0.6553,14,154,14,204549,401061,18933,89023,3.7150413131275704,0.18164845210208863
6503,0.6554,7,44,7,204593,401017,18940,89016,3.714633739671718,0.18165307234410744
6504,0.6555,6,36,6,204629,400981,18946,89010,3.714300270480566,0.1816563977705713
6505,0.6556,9,32,9,204661,400949,18955,89001,3.7140038534217643,0.18165322992142055
6506,0.6557,14,128,14,204789,400821,18969,88987,3.7128181851865576,0.18167731029301276
6507,0.6558,7,64,7,204853,400757,18976,88980,3.712225351068954,0.1816893557154146
6508,0.6559,10,60,10,204913,400697,18986,88970,3.7116695690837007,0.181694906946966
6509,0.656,10,124,10,205037,400573,18996,88960,3.710520952980844,0.18172421471075495
6510,0.6561,14,109,14,205146,400464,19010,88946,3.709511282374301,0.18174128031711653
6511,0.6562,8,55,8,205201,400409,19018,88938,3.709001815554485,0.1817483299172162
6512,0.6563,1,28,1,205229,400381,19019,88937,3.7087424506280335,0.18175705778246457
6513,0.6564,4,26,4,205255,400355,19023,88933,3.7085016117677574,0.18176002681447329
6514,0.6565,10,68,10,205323,400287,19033,88923,3.7078717255178035,0.1817685656466548
6515,0.6566,8,78,8,205401,400209,19041,88915,3.707149208936974,0.18178416924951546
6516,0.6567,7,79,7,205480,400130,19048,88908,3.7064174293230576,0.18180182317120552
6517,0.6568,14,52,14,205532,400078,19062,88894,3.705935751602505,0.18179773074940897
6518,0.6569,13,43,13,205575,400035,19075,88881,3.70553744117974,0.18179196426379993
6519,0.657,3,28,3,205603,400007,19078,88878,3.7052780762532884,0.1817973552062346
6520,0.6571,3,46,3,205649,399961,19081,88875,3.704851976731261,0.1818094412031847
6521,0.6572,7,37,7,205686,399924,19088,88868,3.7045092445070216,0.18181148627637114
6522,0.6573,11,44,11,205730,399880,19099,88857,3.704101671051169,0.1818094394326601
6523,0.6574,4,82,4,205812,399798,19103,88853,3.7033421023379898,0.1818332511342451
6524,0.6575,6,96,6,205908,399702,19109,88847,3.7024528511615844,0.18185893329021244
6525,0.6576,8,66,8,205974,399636,19117,88839,3.701841490977806,0.18187010594196223
6526,0.6577,7,69,7,206043,399567,19124,88832,3.7012023416947644,0.1818840742917164
6527,0.6578,4,27,4,206070,399540,19128,88828,3.7009522398014005,0.18188742915178718
6528,0.6579,5,50,5,206120,399490,19133,88823,3.7004890881470227,0.18189767628549722
6529,0.658,15,149,15,206269,399341,19148,88808,3.6991088962169774,0.18192805885088364
6530,0.6581,6,62,6,206331,399279,19154,88802,3.698534588165549,0.18194111223342027
6531,0.6582,14,94,14,206425,399185,19168,88788,3.6976638630553187,0.18195269000538963
6532,0.6583,6,100,6,206525,399085,19174,88782,3.6967375597465635,0.18197992485656952
6533,0.6584,6,72,6,206597,399013,19180,88776,3.6960706213642593,0.18199672399336597
6534,0.6585,8,46,8,206643,398967,19188,88768,3.695644521842232,0.18200047156755206
6535,0.6586,8,115,8,206758,398852,19196,88760,3.694579273037163,0.1820299746519774
6536,0.6587,5,61,5,206819,398791,19201,88755,3.6940142280188226,0.1820443609423521
6537,0.6588,11,130,11,206949,398661,19212,88744,3.6928100337174405,0.18207445553492477
6538,0.6589,7,46,7,206995,398615,19219,88737,3.692383934195413,0.1820798929726358
6539,0.659,9,64,9,207059,398551,19228,88728,3.6917911000778094,0.1820887007238153
6540,0.6591,6,75,6,207134,398476,19234,88722,3.691096372596243,0.18210665889433045
6541,0.6592,12,128,12,207262,398348,19246,88710,3.689910704361036,0.18213436592767185
6542,0.6593,6,84,6,207346,398264,19252,88704,3.6891326095816814,0.18215570632977937
6543,0.6594,15,131,15,207477,398133,19267,88689,3.6879191522472117,0.18217952352194436
6544,0.6595,6,50,6,207527,398083,19273,88683,3.6874560005928343,0.1821881561160804
6545,0.6596,13,85,13,207612,397998,19286,88670,3.686668642780392,0.18219813096402476
6546,0.6597,11,94,11,207706,397904,19297,88659,3.685797917670162,0.18221484165462642
6547,0.6598,6,75,6,207781,397829,19303,88653,3.6851031901885953,0.18223284725848027
6548,0.6599,13,70,13,207851,397759,19316,88640,3.6844547778724666,0.18223721677059368
6549,0.66,7,82,7,207933,397677,19323,88633,3.683695209159287,0.182256174045362
6550,0.6601,17,86,17,208019,397591,19340,88616,3.6828985883137575,0.1822598193773434
6551,0.6602,13,67,13,208086,397524,19353,88603,3.6822779650968913,0.1822630711727594
6552,0.6603,9,107,9,208193,397417,19362,88594,3.6812868205565232,0.18228805520862695
6553,0.6604,12,157,12,208350,397260,19374,88582,3.679832524361777,0.18232676466834896
6554,0.6605,10,99,10,208449,397161,19384,88572,3.6789154840861094,0.18234709192087012
6555,0.6606,16,51,16,208500,397110,19400,88556,3.678443069398644,0.18233930314248886
6556,0.6607,11,58,11,208558,397052,19411,88545,3.677905813479566,0.18234255977693437
6557,0.6608,5,78,5,208636,396974,19416,88540,3.6771832968987366,0.18236343339223998
6558,0.6609,8,51,8,208687,396923,19424,88532,3.676710882211271,0.18236911763191233
6559,0.661,10,60,10,208747,396863,19434,88522,3.676155100226018,0.18237481586781626
6560,0.6611,4,64,4,208811,396799,19438,88518,3.6755622661084146,0.18239212720757772
6561,0.6612,12,126,12,208937,396673,19450,88506,3.674395123939383,0.1824192720624759
6562,0.6613,3,22,3,208959,396651,19453,88503,3.6741913372114565,0.1824224885294154
6563,0.6614,5,60,5,209019,396591,19458,88498,3.673635555226203,0.18243662503169522
6564,0.6615,4,61,4,209080,396530,19462,88494,3.6730705102078627,0.18245282707659827
6565,0.6616,16,193,16,209273,396337,19478,88478,3.6712827448219647,0.18249847880119222
6566,0.6617,11,70,11,209343,396267,19489,88467,3.670634332505836,0.18250628179578904
6567,0.6618,16,37,16,209380,396230,19505,88451,3.670291600281596,0.18249322750427602
6568,0.6619,5,51,5,209431,396179,19510,88446,3.669819185594131,0.18250399793654887
6569,0.662,4,31,4,209462,396148,19514,88442,3.6695320315684166,0.1825089250706783
6570,0.6621,14,136,14,209598,396012,19528,88428,3.6682722590685093,0.18253653703244985
6571,0.6622,10,61,10,209659,395951,19538,88418,3.6677072140501688,0.18254264827022373
6572,0.6623,9,37,9,209696,395914,19547,88409,3.667364481825929,0.1825414031545064
6573,0.6624,11,64,11,209760,395850,19558,88398,3.6667716477083254,0.18254695940922833
6574,0.6625,5,62,5,209822,395788,19563,88393,3.666197339656897,0.18256189317631216
6575,0.6626,13,95,13,209917,395693,19576,88380,3.6653173515135795,0.18257576853077945
6576,0.6627,12,106,12,210023,395587,19588,88368,3.6643354700062987,0.18259548925003358
6577,0.6628,9,57,9,210080,395530,19597,88359,3.6638074771203084,0.18260179503977153
6578,0.6629,9,48,9,210128,395482,19606,88350,3.6633628515321055,0.18260470576563767
6579,0.663,8,33,8,210161,395449,19614,88342,3.6630571714402165,0.1826036449623908
6580,0.6631,11,102,11,210263,395347,19625,88331,3.662112342065286,0.1826235636105012
6581,0.6632,9,64,9,210327,395283,19634,88322,3.6615195079476823,0.18263252034201466
6582,0.6633,7,60,7,210387,395223,19641,88315,3.660963725962429,0.18264334964366813
6583,0.6634,9,75,9,210462,395148,19650,88306,3.6602689984808627,0.18265646783354778
6584,0.6635,13,83,13,210545,395065,19663,88293,3.6595001667345954,0.18266585015661269
6585,0.6636,4,79,4,210624,394986,19667,88289,3.658768387120679,0.18268894521752627
6586,0.6637,10,133,10,210757,394853,19677,88279,3.657536403720034,0.18272232019406703
6587,0.6638,12,113,12,210870,394740,19689,88267,3.6564896809811405,0.18274476353344776
6588,0.6639,7,33,7,210903,394707,19696,88260,3.656184000889251,0.18274540496555666
6589,0.664,8,120,8,211023,394587,19704,88252,3.655072436918745,0.1827772818682832
6590,0.6641,4,28,4,211051,394559,19708,88248,3.6548130719922933,0.1827811112929183
6591,0.6642,7,78,7,211129,394481,19715,88241,3.654090555411464,0.18279879516574757
6592,0.6643,12,223,12,211352,394258,19727,88229,3.652024899032939,0.18286295796570684
6593,0.6644,12,69,12,211421,394189,19739,88217,3.651385749749898,0.1828687868724684
6594,0.6645,3,106,3,211527,394083,19742,88214,3.650403868242617,0.1829038953176155
6595,0.6646,16,133,16,211660,393950,19758,88198,3.6491718848419725,0.18292723396135627
6596,0.6647,5,16,5,211676,393934,19763,88193,3.649023676312572,0.1829248310092569
6597,0.6648,6,77,6,211753,393857,19769,88187,3.64831042276483,0.1829438806416012
6598,0.6649,9,105,9,211858,393752,19778,88178,3.647337804290637,0.18296848089971574
6599,0.665,3,33,3,211891,393719,19781,88175,3.6470321241987476,0.1829759241658954
6600,0.6651,7,69,7,211960,393650,19788,88168,3.6463929749157065,0.18299025773217273
6601,0.6652,8,34,8,211994,393616,19796,88160,3.6460780317907298,0.1829896051276942
6602,0.6653,7,44,7,212038,393572,19803,88153,3.645670458334877,0.1829944470392859
6603,0.6654,11,88,11,212126,393484,19814,88142,3.6448553114231723,0.1830092229240116
6604,0.6655,8,20,8,212146,393464,19822,88134,3.6446700507614214,0.1830032516746332
6605,0.6656,17,175,17,212321,393289,19839,88117,3.6430490199710994,0.18304092595439192
6606,0.6657,22,193,22,212514,393096,19861,88095,3.6412612545852014,0.18307699021802154
6607,0.6658,11,55,11,212569,393041,19872,88084,3.640751787765386,0.18307924136139256
6608,0.6659,10,117,10,212686,392924,19882,88074,3.639668012894142,0.18310679046482523
6609,0.666,15,103,15,212789,392821,19897,88059,3.638713920486124,0.18312052903011147
6610,0.6661,10,104,10,212893,392717,19907,88049,3.6377505650450184,0.18314315072197285
6611,0.6662,9,87,9,212980,392630,19916,88040,3.6369446811664012,0.1831610044313146
6612,0.6663,12,87,12,213067,392543,19928,88028,3.636138797287784,0.1831737662072826
6613,0.6664,10,62,10,213129,392481,19938,88018,3.6355644892363554,0.18318040204037886
6614,0.6665,6,46,6,213175,392435,19944,88012,3.635138389714328,0.1831877397506905
6615,0.6666,10,85,10,213260,392350,19954,88002,3.634351031901886,0.18320315102258344
6616,0.6667,5,41,5,213301,392309,19959,87997,3.633971247545296,0.18321028677551393
6617,0.6668,11,196,11,213497,392113,19970,87986,3.6321556930601355,0.18326636797827114
6618,0.6669,13,72,13,213569,392041,19983,87973,3.631488754677832,0.18327173790764437
6619,0.667,9,125,9,213694,391916,19992,87964,3.6303308755418873,0.18330415937317662
6620,0.6671,6,54,6,213748,391862,19998,87958,3.6298306717551596,0.18331457629944561
6621,0.6672,2,19,2,213767,391843,20000,87956,3.629654674126496,0.1833184312597567
6622,0.6673,3,19,3,213786,391824,20003,87953,3.6294786764978326,0.18332058435481485
6623,0.6674,8,77,8,213863,391747,20011,87945,3.628765422950091,0.18333639085079592
6624,0.6675,3,40,3,213903,391707,20014,87942,3.6283949016265886,0.18334657218090727
6625,0.6676,8,73,8,213976,391634,20022,87934,3.6277187002111972,0.1833608581056284
6626,0.6677,3,51,3,214027,391583,20025,87931,3.6272462855237317,0.18337525077474276
6627,0.6678,7,40,7,214067,391543,20032,87924,3.62687576420023,0.18337862668337968
6628,0.6679,14,100,14,214167,391443,20046,87910,3.625949460891474,0.18339303185752462
6629,0.668,7,81,7,214248,391362,20053,87903,3.6251991552113823,0.18341209977778472
6630,0.6681,2,52,2,214300,391310,20055,87901,3.6247174774908295,0.1834285940848603
6631,0.6682,12,65,12,214365,391245,20067,87889,3.6241153803401387,0.18343302708636833
6632,0.6683,5,36,5,214401,391209,20072,87884,3.6237819111489866,0.18343828859949948
6633,0.6684,6,40,6,214441,391169,20078,87878,3.6234113898254843,0.1834433782071488
6634,0.6685,14,156,14,214597,391013,20092,87864,3.621966356663826,0.18347926503047757
6635,0.6686,9,165,9,214762,390848,20101,87855,3.6204379562043796,0.18352715566854605
6636,0.6687,21,176,21,214938,390672,20122,87834,3.61880766238097,0.18355882684856617
6637,0.6688,3,29,3,214967,390643,20125,87831,3.6185390344214308,0.1835648331988781
6638,0.6689,16,117,16,215084,390526,20141,87815,3.617455259550187,0.18358242341760375
6639,0.669,5,41,5,215125,390485,20146,87810,3.617075475193597,0.18358962564944228
6640,0.6691,8,124,8,215249,390361,20154,87802,3.6159268590907407,0.183623576060883
6641,0.6692,6,53,6,215302,390308,20160,87796,3.6154359183371003,0.18363368639459196
6642,0.6693,2,33,2,215335,390275,20162,87794,3.615130238245211,0.18364294693862182
6643,0.6694,7,76,7,215411,390199,20169,87787,3.614426247730557,0.18366019088425184
6644,0.6695,12,81,12,215492,390118,20181,87775,3.613675942050465,0.18367082171113616
6645,0.6696,5,52,5,215544,390066,20186,87770,3.613194264329912,0.18368226755623268
6646,0.6697,2,24,2,215568,390042,20188,87768,3.612971951535811,0.18368807685063102
6647,0.6698,7,29,7,215597,390013,20195,87761,3.6127033235762718,0.18368726636443172
6648,0.6699,6,58,6,215655,389955,20201,87755,3.612166067657194,0.18369931548428964
6649,0.67,13,58,13,215713,389897,20214,87742,3.6116288117381155,0.1836994047805979
6650,0.6701,16,131,16,215844,389766,20230,87726,3.610415354403646,0.18372244980020608
6651,0.6702,8,78,8,215922,389688,20238,87718,3.609692837822817,0.18373878836880977
6652,0.6703,3,99,3,216021,389589,20241,87715,3.608775797547149,0.18377176809748086
6653,0.6704,5,73,5,216094,389516,20246,87710,3.6080995961317575,0.1837913273794806
6654,0.6705,2,35,2,216129,389481,20248,87708,3.607775389973693,0.18380138687186837
6655,0.6706,16,88,16,216217,389393,20264,87692,3.6069602430619883,0.18380791682823816
6656,0.6707,13,140,13,216357,389253,20277,87679,3.6056634184297307,0.18383962493604958
6657,0.6708,6,131,6,216488,389122,20283,87673,3.604449961095261,0.183879864512002
6658,0.6709,4,35,4,216523,389087,20287,87669,3.6041257549371966,0.18388651637315523
6659,0.671,8,57,8,216580,389030,20295,87661,3.603597762051206,0.18389480816713552
6660,0.6711,4,39,4,216619,388991,20299,87657,3.6032365037607916,0.18390300599184303
6661,0.6712,13,68,13,216687,388923,20312,87644,3.6026066175108378,0.1839069847471604
6662,0.6713,12,88,12,216775,388835,20324,87632,3.601791470599133,0.18392039742521518
6663,0.6714,3,49,3,216824,388786,20327,87629,3.601337581977843,0.1839341750364703
6664,0.6715,10,71,10,216895,388715,20337,87619,3.6006799066286264,0.1839444591400152
6665,0.6716,14,94,14,216989,388621,20351,87605,3.5998091815183964,0.1839567768244489
6666,0.6717,7,25,7,217014,388596,20358,87598,3.5995776056912074,0.18395443873715334
6667,0.6718,4,64,4,217078,388532,20362,87594,3.598984771573604,0.1839723098507538
6668,0.6719,17,53,17,217131,388479,20379,87577,3.598493830819964,0.18396365133513704
6669,0.672,4,29,4,217160,388450,20383,87573,3.5982252028604247,0.1839680015461438
6670,0.6721,2,44,2,217204,388406,20385,87571,3.597817629404572,0.1839815789418396
6671,0.6722,5,50,5,217254,388356,20390,87566,3.5973544777501947,0.18399233487840444
6672,0.6723,4,23,4,217277,388333,20394,87562,3.5971414279891807,0.18399436850565776
6673,0.6724,5,59,5,217336,388274,20399,87557,3.596594909037015,0.18400860809825337
6674,0.6725,3,25,3,217361,388249,20402,87554,3.596363333209826,0.1840131314850894
6675,0.6726,6,79,6,217440,388170,20408,87548,3.5956315535959096,0.18403339793743353
6676,0.6727,10,81,10,217521,388089,20418,87538,3.5948812479158176,0.18404758350556213
6677,0.6728,11,78,11,217599,388011,20429,87527,3.5941587313349883,0.18405889750135637
6678,0.6729,7,82,7,217681,387929,20436,87520,3.5933991626218087,0.18407862883295578
6679,0.673,15,131,15,217812,387798,20451,87505,3.5921857052873394,0.1841036139052352
6680,0.6731,8,92,8,217904,387706,20459,87497,3.5913335062432843,0.18412552109309074
6681,0.6732,7,57,7,217961,387649,20466,87490,3.5908055133572936,0.18413558979582817
6682,0.6733,7,59,7,218020,387590,20473,87483,3.590258994405128,0.1841464364423994
6683,0.6734,10,115,10,218135,387475,20483,87473,3.5891937456000593,0.18417384640002696
6684,0.6735,14,95,14,218230,387380,20497,87459,3.5883137574567416,0.18418664010327712
6685,0.6736,9,123,9,218353,387257,20506,87450,3.5871744043869724,0.1842188971302298
6686,0.6737,14,89,14,218442,387168,20520,87436,3.58634999444218,0.18422937859773622
6687,0.6738,4,46,4,218488,387122,20524,87432,3.585923894920153,0.1842403604226284
6688,0.6739,4,88,4,218576,387034,20528,87428,3.585108748008448,0.18426765473315038
6689,0.674,12,126,12,218702,386908,20540,87416,3.5839416058394162,0.18429596647017651
6690,0.6741,6,34,6,218736,386874,20546,87410,3.583626662714439,0.18429885891153824
6691,0.6742,11,64,11,218800,386810,20557,87399,3.583033828596836,0.1843048107480035
6692,0.6743,0,57,0,218857,386753,20557,87399,3.5825058357108452,0.18432696687981914
6693,0.6744,5,109,5,218966,386644,20562,87394,3.581496165104302,0.18436074745062633
6694,0.6745,10,93,10,219059,386551,20572,87384,3.580634703027159,0.18437971451781363
6695,0.6746,13,58,13,219117,386493,20585,87371,3.580097447108081,0.18437990647105498
6696,0.6747,3,56,3,219173,386437,20588,87368,3.579578717255178,0.18439653443927354
6697,0.6748,6,45,6,219218,386392,20594,87362,3.579161880766238,0.1844037200741313
6698,0.6749,9,55,9,219273,386337,20603,87353,3.5786524139464224,0.18440963499335009
6699,0.675,5,28,5,219301,386309,20608,87348,3.578393049019971,0.1844119267740158
6700,0.6751,10,124,10,219425,386185,20618,87338,3.5772444329171145,0.18444299432128958
6701,0.6752,9,77,9,219502,386108,20627,87329,3.576531179369373,0.1844574885359615
6702,0.6753,4,63,4,219565,386045,20631,87325,3.575947608284857,0.18447514629148445
6703,0.6754,5,37,5,219602,386008,20636,87320,3.575604876060617,0.18448095189804956
6704,0.6755,9,73,9,219675,385935,20645,87311,3.574928674645226,0.18449389957865464
6705,0.6756,9,85,9,219760,385850,20654,87302,3.5741413168327836,0.18451153117814148
6706,0.6757,9,93,9,219853,385757,20663,87293,3.5732798547556412,0.1845322904555544
6707,0.6758,41,209,41,220062,385548,20704,87252,3.571343880840342,0.18454314720812182
6708,0.6759,3,22,3,220084,385526,20707,87249,3.5711400941124163,0.18454656020305643
6709,0.676,16,147,16,220231,385379,20723,87233,3.569778428248546,0.1845763543879546
6710,0.6761,8,55,8,220286,385324,20731,87225,3.56926896142873,0.18458403255535405
6711,0.6762,5,39,5,220325,385285,20736,87220,3.5689077031383154,0.1845906392524947
6712,0.6763,1,72,1,220397,385213,20737,87219,3.5682407647560117,0.1846170454160599
6713,0.6764,24,80,24,220477,385133,20761,87195,3.5674997221090075,0.18460688335224673
6714,0.6765,5,117,5,220594,385016,20766,87190,3.5664159472377635,0.18464399012295482
6715,0.6766,3,26,3,220620,384990,20769,87187,3.5661751083774873,0.1846489769726183
6716,0.6767,5,40,5,220660,384950,20774,87182,3.565804587053985,0.18465598603780298
6717,0.6768,16,210,16,220870,384740,20790,87166,3.5638593501055986,0.1847105143821015
6718,0.6769,10,55,10,220925,384685,20800,87156,3.5633498832857833,0.18471476620302177
6719,0.677,6,34,6,220959,384651,20806,87150,3.563034940160806,0.1847177093732315
6720,0.6771,12,167,12,221126,384484,20818,87138,3.5614880136351847,0.18476237325654868
6721,0.6772,12,79,12,221205,384405,20830,87126,3.5607562340212677,0.1847725812300782
6722,0.6773,7,85,7,221290,384320,20837,87119,3.559968876208826,0.18479379092523104
6723,0.6774,23,166,23,221456,384154,20860,87096,3.558431212716292,0.18481909814323608
6724,0.6775,14,118,14,221574,384036,20874,87082,3.5573381748119606,0.18484116505843545
6725,0.6776,5,53,5,221627,383983,20879,87077,3.55684723405832,0.18485330955716894
6726,0.6777,9,166,9,221793,383817,20888,87068,3.555309570565786,0.18490289561145504
6727,0.6778,11,37,11,221830,383780,20899,87057,3.5549668383415467,0.18489838309223786
6728,0.6779,10,70,10,221900,383710,20909,87047,3.554318426025418,0.1849085621668929
6729,0.678,9,37,9,221937,383673,20918,87038,3.553975693801178,0.18490751225274107
6730,0.6781,9,54,9,221991,383619,20927,87029,3.5534754900144505,0.18491314103108905
6731,0.6782,13,84,13,222075,383535,20940,87016,3.552697395235096,0.18492363208238852
6732,0.6783,6,58,6,222133,383477,20946,87010,3.5521601393160176,0.18493603436439263
6733,0.6784,10,70,10,222203,383407,20956,87000,3.551511726999889,0.18494622741583353
6734,0.6785,13,50,13,222253,383357,20969,86987,3.551048575345511,0.18494336060415356
6735,0.6786,9,120,9,222373,383237,20978,86978,3.549937011375005,0.18497495826377294
6736,0.6787,8,88,8,222461,383149,20986,86970,3.5491218644633,0.18499571385117386
6737,0.6788,17,86,17,222547,383063,21003,86953,3.54832524361777,0.18500008510348584
6738,0.6789,13,165,13,222712,382898,21016,86940,3.5467968431583237,0.18504250401202116
6739,0.679,11,80,11,222792,382818,21027,86929,3.5460558005113194,0.18505493382608085
6740,0.6791,11,107,11,222899,382711,21038,86918,3.5450646559709513,0.18507800838534247
6741,0.6792,6,59,6,222958,382652,21044,86912,3.5445181370187853,0.18509085023553765
6742,0.6793,11,136,11,223094,382516,21055,86901,3.543258364518878,0.18512537892747813
6743,0.6794,11,62,11,223156,382454,21066,86890,3.5426840564674498,0.18513073566509852
6744,0.6795,19,109,19,223265,382345,21085,86871,3.5416743858609063,0.18514074541362613
6745,0.6796,10,67,10,223332,382278,21095,86861,3.54105376264404,0.18514981700519462
6746,0.6797,6,37,6,223369,382241,21101,86855,3.540711030419801,0.1851539983287003
6747,0.6798,14,98,14,223467,382143,21115,86841,3.5398032531772206,0.1851683639527148
6748,0.6799,8,55,8,223522,382088,21123,86833,3.5392937863574048,0.18517618106248174
6749,0.68,13,69,13,223591,382019,21136,86820,3.5386546370743637,0.1851808403311158
6750,0.6801,11,106,11,223697,381913,21147,86809,3.537672755567083,0.18520359616147739
6751,0.6802,2,56,2,223753,381857,21149,86807,3.53715402571418,0.18522224877524196
6752,0.6803,14,108,14,223861,381749,21163,86793,3.536153618140724,0.18524059742776527
6753,0.6804,10,119,10,223980,381630,21173,86783,3.535051317203305,0.18527026363486923
6754,0.6805,8,97,8,224077,381533,21181,86775,3.5341528029938125,0.18529472056851473
6755,0.6806,5,136,5,224213,381397,21186,86770,3.532893030493905,0.18533984667864245
6756,0.6807,12,174,12,224387,381223,21198,86758,3.5312812627366705,0.18538786831089296
6757,0.6808,15,106,15,224493,381117,21213,86743,3.5302993812293897,0.18540375325952207
6758,0.6809,23,154,23,224647,380963,21236,86720,3.5288728741339064,0.18542474282794114
6759,0.681,6,48,6,224695,380915,21242,86714,3.528428248545704,0.18543332428057285
6760,0.6811,10,98,10,224793,380817,21252,86704,3.5275204713031236,0.1854547710156335
6761,0.6812,12,63,12,224856,380754,21264,86692,3.5269369002186077,0.18545885514048682
6762,0.6813,7,28,7,224884,380726,21271,86685,3.526677535292156,0.18545776629133676
6763,0.6814,6,84,6,224968,380642,21277,86679,3.5258994405128017,0.1854806439256956
6764,0.6815,15,106,15,225074,380536,21292,86664,3.524917559005521,0.18549657534246575
6765,0.6816,8,62,8,225136,380474,21300,86656,3.5243432509540926,0.1855072463768116
6766,0.6817,11,90,11,225226,380384,21311,86645,3.5235095779762124,0.18552381115519592
6767,0.6818,10,49,10,225275,380335,21321,86635,3.5230556893549223,0.18552583677752318
6768,0.6819,24,127,24,225402,380208,21345,86611,3.521879284152803,0.18553443625902116
6769,0.682,11,134,11,225536,380074,21356,86600,3.520638037719071,0.18556851249480366
6770,0.6821,20,206,20,225742,379868,21376,86580,3.5187298529030344,0.18561554556992418
6771,0.6822,18,132,18,225874,379736,21394,86562,3.5175071325354774,0.18563665295583512
6772,0.6823,14,46,14,225920,379690,21408,86548,3.51708103301345,0.18563051488724644
6773,0.6824,8,37,8,225957,379653,21416,86540,3.5167383007892106,0.18563127288483525
6774,0.6825,4,16,4,225973,379637,21420,86536,3.5165900922598095,0.18563065643012358
6775,0.6826,12,105,12,226078,379532,21432,86524,3.5156174737856163,0.1856515096898227
6776,0.6827,8,149,8,226227,379383,21440,86516,3.514237281855571,0.18569689997188232
6777,0.6828,16,83,16,226310,379300,21456,86500,3.5134684501093036,0.18570201803349076
6778,0.6829,11,66,11,226376,379234,21467,86489,3.512857089925525,0.18570910176220629
6779,0.683,11,140,11,226516,379094,21478,86478,3.5115602652932676,0.1857457063569115
6780,0.6831,5,46,5,226562,379048,21483,86473,3.51113416577124,0.18575531501264175
6781,0.6832,23,171,23,226733,378877,21506,86450,3.5095501871132684,0.185783330861953
6782,0.6833,14,71,14,226804,378806,21520,86436,3.508892511764052,0.1857871817247798
6783,0.6834,13,71,13,226875,378735,21533,86423,3.5082348364148355,0.18579278438724048
6784,0.6835,7,96,7,226971,378639,21540,86416,3.5073455852384305,0.18581888163765575
6785,0.6836,6,65,6,227036,378574,21546,86410,3.5067434880877393,0.18583435128950673
6786,0.6837,13,90,13,227126,378484,21559,86397,3.5059098151098596,0.18584756098872615
6787,0.6838,11,68,11,227194,378416,21570,86386,3.5052799288599057,0.18585548254955875
6788,0.6839,13,82,13,227276,378334,21583,86373,3.5045203601467265,0.18586550234879182
6789,0.684,15,170,15,227446,378164,21598,86358,3.502945644521842,0.1859072336724633
6790,0.6841,14,106,14,227552,378058,21612,86344,3.5019637630145617,0.18592512521479235
6791,0.6842,8,54,8,227606,378004,21620,86336,3.5014635592278336,0.18593272171253822
6792,0.6843,8,68,8,227674,377936,21628,86328,3.5008336729778797,0.18594592731721607
6793,0.6844,7,22,7,227696,377914,21635,86321,3.500629886249954,0.18594246448458215
6794,0.6845,7,42,7,227738,377872,21642,86314,3.5002408388602766,0.18594701261994115
6795,0.6846,6,49,6,227787,377823,21648,86308,3.4997869502389864,0.18595612014711363
6796,0.6847,9,116,9,227903,377707,21657,86299,3.49871243840083,0.18598681913595944
6797,0.6848,11,109,11,228012,377598,21668,86288,3.4977027677942867,0.18601121827345513
6798,0.6849,6,51,6,228063,377547,21674,86282,3.497230353106821,0.186021141412029
6799,0.685,14,87,14,228150,377460,21688,86268,3.496424469228204,0.18603146672187143
6800,0.6851,7,42,7,228192,377418,21695,86261,3.496035421838527,0.18603602923574283
6801,0.6852,9,123,9,228315,377295,21704,86252,3.4948960687687576,0.18606958949146474
6802,0.6853,3,42,3,228357,377253,21707,86249,3.4945070213790803,0.1860811819582224
6803,0.6854,9,36,9,228393,377217,21716,86240,3.4941735521879282,0.18607983049128615
6804,0.6855,13,88,13,228481,377129,21729,86227,3.4933584052762234,0.1860923350512349
6805,0.6856,13,75,13,228556,377054,21742,86214,3.492663677794657,0.1860996226806082
6806,0.6857,14,157,14,228713,376897,21756,86200,3.4912093815999112,0.18613810929459704
6807,0.6858,5,71,5,228784,376826,21761,86195,3.4905517062506948,0.18615786325026296
6808,0.6859,17,71,17,228855,376755,21778,86178,3.4898940309014783,0.18615652805049543
6809,0.686,10,69,10,228924,376686,21788,86168,3.489254881618437,0.18616669619361612
6810,0.6861,11,129,11,229053,376557,21799,86157,3.488059950350143,0.1861992505089537
6811,0.6862,7,46,7,229099,376511,21806,86150,3.4876338508281153,0.18620545064312746
6812,0.6863,6,61,6,229160,376450,21812,86144,3.4870688058097743,0.18621944945243563
6813,0.6864,20,67,20,229227,376383,21832,86124,3.486448182592908,0.18621123572183773
6814,0.6865,14,98,14,229325,376285,21846,86110,3.485540405350328,0.18622606213302478
6815,0.6866,11,50,11,229375,376235,21857,86099,3.48507725369595,0.18622684033620715
6816,0.6867,16,117,16,229492,376118,21873,86083,3.4839934788247064,0.18624581080525573
6817,0.6868,9,67,9,229559,376051,21882,86074,3.4833728556078403,0.1862569651068434
6818,0.6869,15,99,15,229658,375952,21897,86059,3.4824558153321723,0.18627045676401643
6819,0.687,16,79,16,229737,375873,21913,86043,3.4817240357182557,0.18627412776348948
6820,0.6871,17,191,17,229928,375682,21930,86026,3.4799547963985327,0.18632122467013784
6821,0.6872,20,72,20,230000,375610,21950,86006,3.479287858016229,0.1863150324078888
6822,0.6873,8,72,8,230072,375538,21958,85998,3.478620919633925,0.18632999375996673
6823,0.6874,16,128,16,230200,375410,21974,85982,3.477435251398718,0.1863534695009883
6824,0.6875,11,85,11,230285,375325,21985,85971,3.476647893586276,0.1863684055357081
6825,0.6876,12,173,12,230458,375152,21997,85959,3.475045388862129,0.18641715335353093
6826,0.6877,9,60,9,230518,375092,22006,85950,3.4744896068768756,0.18642553173029788
6827,0.6878,6,28,6,230546,375064,22012,85944,3.474230241950424,0.18642626592163258
6828,0.6879,11,43,11,230589,375021,22023,85933,3.4738319315276596,0.1864242418983239
6829,0.688,10,69,10,230658,374952,22033,85923,3.473192782244618,0.1864344995931652
6830,0.6881,21,99,21,230757,374853,22054,85902,3.4722757419689505,0.186437477618257
6831,0.6882,10,103,10,230860,374750,22064,85892,3.4713216495609323,0.18646150372740652
6832,0.6883,12,116,12,230976,374634,22076,85880,3.470247137722776,0.1864872729167843
6833,0.6884,8,67,8,231043,374567,22084,85872,3.4696265145059098,0.18650027473780456
6834,0.6885,7,41,7,231084,374526,22091,85865,3.46924673014932,0.1865045146408162
6835,0.6886,15,62,15,231146,374464,22106,85850,3.468672422097892,0.18650312612694814
6836,0.6887,6,72,6,231218,374392,22112,85844,3.468005483715588,0.18652169756385853
6837,0.6888,8,81,8,231299,374311,22120,85836,3.467255178035496,0.18654038818029892
6838,0.6889,14,149,14,231448,374162,22134,85822,3.4658749861054505,0.18657605481929807
6839,0.689,9,72,9,231520,374090,22143,85813,3.4652080477231464,0.18658934601426821
6840,0.6891,7,34,7,231554,374056,22150,85806,3.4648931045981697,0.18659075983664664
6841,0.6892,22,220,22,231774,373836,22172,85784,3.462855237318908,0.1866411383316653
6842,0.6893,9,106,9,231880,373730,22181,85775,3.461873355811627,0.18666826258691419
6843,0.6894,10,64,10,231944,373666,22191,85765,3.4612805216940234,0.1866765629659296
6844,0.6895,7,55,7,231999,373611,22198,85758,3.460771054874208,0.18668651998719984
6845,0.6896,8,79,8,232078,373532,22206,85750,3.460039275260291,0.18670446479504965
6846,0.6897,12,116,12,232194,373416,22218,85738,3.4589647634221348,0.18673037804309664
6847,0.6898,12,59,12,232253,373357,22230,85726,3.458418244469969,0.18673311797648792
6848,0.6899,15,136,15,232389,373221,22245,85711,3.457158471970062,0.18676187321869034
6849,0.69,7,48,7,232437,373173,22252,85704,3.4567138463818594,0.1867690034584431
6850,0.6901,11,97,11,232534,373076,22263,85693,3.4558153321723664,0.18678899402531557
6851,0.6902,11,88,11,232622,372988,22274,85682,3.4550001852606615,0.1868053284496479
6852,0.6903,12,112,12,232734,372876,22286,85670,3.4539627255548555,0.186829674667318
6853,0.6904,15,65,15,232799,372811,22301,85655,3.4533606284041647,0.18682955769893514
6854,0.6905,10,102,10,232901,372709,22311,85645,3.452415799029234,0.18685339279247046
6855,0.6906,2,24,2,232925,372685,22313,85643,3.452193486235133,0.18685962891204552
6856,0.6907,6,38,6,232963,372647,22319,85637,3.451841490977806,0.186864477049166
6857,0.6908,6,65,6,233028,372582,22325,85631,3.4512393938271146,0.18688033731037748
6858,0.6909,11,98,11,233126,372484,22336,85620,3.4503316165845344,0.18690079108674013
6859,0.691,4,90,4,233216,372394,22340,85616,3.4494979436066546,0.18693041636645488
6860,0.6911,11,49,11,233265,372345,22351,85605,3.4490440549853645,0.18693088765149032
6861,0.6912,6,22,6,233287,372323,22357,85599,3.448840268257438,0.18692921501915175
6862,0.6913,18,95,18,233382,372228,22375,85581,3.4479602801141205,0.18693603664410266
6863,0.6914,11,84,11,233466,372144,22386,85570,3.447182185334766,0.186950803340077
6864,0.6915,7,78,7,233544,372066,22393,85563,3.4464596687539366,0.18697023134460447
6865,0.6916,7,31,7,233575,372035,22400,85556,3.4461725147282225,0.18697046052042107
6866,0.6917,14,171,14,233746,371864,22414,85542,3.444588536070251,0.18701547421765347
6867,0.6918,11,49,11,233795,371815,22425,85531,3.4441346474489607,0.18701595728398193
6868,0.6919,6,64,6,233859,371751,22431,85525,3.443541813331357,0.18703146458593933
6869,0.692,9,117,9,233976,371634,22440,85516,3.4424580384601136,0.18706332713551352
6870,0.6921,5,37,5,234013,371597,22445,85511,3.442115306235874,0.18706957655521234
6871,0.6922,16,170,16,234183,371427,22461,85495,3.44054059061099,0.18711071036194363
6872,0.6923,25,197,25,234380,371230,22486,85470,3.4387157730927416,0.18714692358222026
6873,0.6924,12,120,12,234500,371110,22498,85458,3.437604209122235,0.18717474724466016
6874,0.6925,9,42,9,234542,371068,22507,85449,3.4372151617325577,0.18717594306455182
6875,0.6926,11,87,11,234629,370981,22518,85438,3.4364092778539406,0.18719203188298472
6876,0.6927,10,52,10,234681,370929,22528,85428,3.435927600133388,0.1871955508516359
6877,0.6928,11,52,11,234733,370877,22539,85417,3.4354459224128346,0.1871972894668788
6878,0.6929,12,83,12,234816,370794,22551,85405,3.434677090666568,0.1872099675799377
6879,0.693,7,56,7,234872,370738,22558,85398,3.4341583608136648,0.1872204781030219
6880,0.6931,12,148,12,235020,370590,22570,85386,3.4327874319167067,0.18725985578188326
6881,0.6932,11,96,11,235116,370494,22581,85375,3.4318981807403017,0.1872796790305987
6882,0.6933,2,25,2,235141,370469,22583,85373,3.431666604913113,0.18728638431737313
6883,0.6934,6,36,6,235177,370433,22589,85367,3.4313331357219607,0.18729047827994735
6884,0.6935,14,84,14,235261,370349,22603,85353,3.430555040942606,0.1873000337940145
6885,0.6936,13,90,13,235351,370259,22616,85340,3.4297213679647265,0.18731384397244066
6886,0.6937,6,106,6,235457,370153,22622,85334,3.4287394864574456,0.18734672998351215
6887,0.6938,7,169,7,235626,369984,22629,85327,3.427174033865649,0.1874037745628812
6888,0.6939,13,55,13,235681,369929,22642,85314,3.4266645670458336,0.18740321103234975
6889,0.694,18,112,18,235793,369817,22660,85296,3.4256271073400275,0.18741719089544795
6890,0.6941,11,109,11,235902,369708,22671,85285,3.424617436733484,0.18744244416947073
6891,0.6942,5,45,5,235947,369663,22676,85280,3.424200600244544,0.18745205443319274
6892,0.6943,11,146,11,236093,369517,22687,85269,3.422848197413761,0.1874925789272317
6893,0.6944,14,80,14,236173,369437,22701,85255,3.4221071547667568,0.18750054982273714
6894,0.6945,8,62,8,236235,369375,22709,85247,3.4215328467153285,0.1875118230090053
6895,0.6946,24,179,24,236414,369196,22733,85223,3.4198747637926563,0.18754277439983805
6896,0.6947,23,218,23,236632,368978,22756,85200,3.4178554225795694,0.18759164908912365
6897,0.6948,28,96,28,236728,368882,22784,85172,3.416966171403164,0.18758121280728723
6898,0.6949,17,65,17,236793,368817,22801,85155,3.4163640742524732,0.18757764796066717
6899,0.695,4,114,4,236907,368703,22805,85151,3.415308088480492,0.18761760389905124
6900,0.6951,5,29,5,236936,368674,22810,85146,3.415039460520953,0.18762064254550262
6901,0.6952,9,68,9,237004,368606,22819,85137,3.4144095742709992,0.18763264667443905
6902,0.6953,9,65,9,237069,368541,22828,85128,3.4138074771203084,0.18764341403093446
6903,0.6954,12,82,12,237151,368459,22840,85116,3.413047908407129,0.18765584522956513
6904,0.6955,6,45,6,237196,368414,22846,85110,3.412631071918189,0.18766371790688033
6905,0.6956,11,91,11,237287,368323,22857,85099,3.4117881359072215,0.18768167402552147
6906,0.6957,11,33,11,237320,368290,22868,85088,3.411482455815332,0.18767562607801877
6907,0.6958,13,89,13,237409,368201,22881,85075,3.41065804587054,0.1876891783372603
6908,0.6959,16,85,16,237494,368116,22897,85059,3.409870688058098,0.18769570254316764
6909,0.696,9,39,9,237533,368077,22906,85050,3.409509429767683,0.187695723274049
6910,0.6961,9,84,9,237617,367993,22915,85041,3.4087313349883286,0.18771438788258718
6911,0.6962,5,41,5,237658,367952,22920,85036,3.408351550631739,0.187722412072726
6912,0.6963,10,50,10,237708,367902,22930,85026,3.407888398977361,0.187725201356507
6913,0.6964,10,36,10,237744,367866,22940,85016,3.407554929786209,0.18772218811964264
6914,0.6965,10,73,10,237817,367793,22950,85006,3.4068787283708177,0.18773451354795395
6915,0.6966,9,46,9,237863,367747,22959,84997,3.40645262884879,0.18773744102627535
6916,0.6967,7,50,7,237913,367697,22966,84990,3.4059894771944124,0.18774561672855639
6917,0.6968,13,102,13,238015,367595,22979,84977,3.405044647819482,0.18776459878207225
6918,0.6969,7,64,7,238079,367531,22986,84970,3.4044518137018787,0.1877785905445513
6919,0.697,21,175,21,238254,367356,23007,84949,3.4028307829115567,0.18781353290368225
6920,0.6971,7,41,7,238295,367315,23014,84942,3.4024509985549667,0.1878179884446233
6921,0.6972,6,64,6,238359,367251,23020,84936,3.4018581644373636,0.18783379442575748
6922,0.6973,9,39,9,238398,367212,23029,84927,3.401496906146949,0.18783382986205568
6923,0.6974,18,145,18,238543,367067,23047,84909,3.4001537663492534,0.1878617448714091
6924,0.6975,8,50,8,238593,367017,23055,84901,3.3996906146948755,0.18786815307201749
6925,0.6976,17,173,17,238766,366844,23072,84884,3.398088109970729,0.1879095384833351
6926,0.6977,10,47,10,238813,366797,23082,84874,3.3976527474156137,0.1879111122919116
6927,0.6978,13,83,13,238896,366714,23095,84861,3.396883915669347,0.18792227204783257
6928,0.6979,6,37,6,238933,366677,23101,84855,3.396541183445107,0.1879268800439393
6929,0.698,9,136,9,239069,366541,23110,84846,3.3952814109452,0.18796730964781883
6930,0.6981,15,99,15,239168,366442,23125,84831,3.394364370669532,0.1879815544027673
6931,0.6982,11,77,11,239245,366365,23136,84820,3.3936511171217902,0.18799383844764342
6932,0.6983,19,192,19,239437,366173,23155,84801,3.39187261476898,0.18803966525786409
6933,0.6984,9,55,9,239492,366118,23164,84792,3.3913631479491646,0.1880463950677519
6934,0.6985,9,89,9,239581,366029,23173,84783,3.390538738004372,0.18806730965457885
6935,0.6986,8,48,8,239629,365981,23181,84775,3.3900941124161696,0.18807292637258294
6936,0.6987,10,50,10,239679,365931,23191,84765,3.389630960761792,0.18807577613291443
6937,0.6988,26,184,26,239863,365747,23217,84739,3.387926562673682,0.18810573469541783
6938,0.6989,12,102,12,239965,365645,23229,84727,3.3869817332987515,0.1881267041467942
6939,0.699,6,48,6,240013,365597,23235,84721,3.3865371077105486,0.1881359394916481
6940,0.6991,21,122,21,240135,365475,23256,84700,3.385407017673867,0.18814905314599878
6941,0.6992,5,23,5,240158,365452,23261,84695,3.3851939679128535,0.1881496488924729
6942,0.6993,8,67,8,240225,365385,23269,84687,3.3845733446959874,0.18816322721697862
6943,0.6994,25,164,25,240389,365221,23294,84662,3.3830542072696286,0.18818670632142134
6944,0.6995,15,121,15,240510,365100,23309,84647,3.3819333802660343,0.18821026043531142
6945,0.6996,9,100,9,240610,365000,23318,84638,3.381007076957279,0.18823586974410525
6946,0.6997,8,86,8,240696,364914,23326,84630,3.380210456111749,0.18825743419998933
6947,0.6998,2,14,2,240710,364900,23328,84628,3.3800807736485234,0.18825968571479418
6948,0.6999,12,195,12,240905,364705,23340,84616,3.3782744821964505,0.18831970907213327
6949,0.7,8,46,8,240951,364659,23348,84608,3.377848382674423,0.1883245375244565
6950,0.7001,5,91,5,241042,364568,23353,84603,3.3770054466634556,0.18835365595730802
6951,0.7002,7,32,7,241074,364536,23360,84596,3.376709029604654,0.18835442587034545
6952,0.7003,3,60,3,241134,364476,23363,84593,3.3761532476194005,0.18837416967103052
6953,0.7004,5,33,5,241167,364443,23368,84588,3.375847567527511,0.18837897606178639
6954,0.7005,14,74,14,241241,364369,23382,84574,3.3751621030790324,0.1883847169907984
6955,0.7006,6,81,6,241322,364288,23388,84568,3.3744117973989405,0.18840786354643804
6956,0.7007,11,90,11,241412,364198,23399,84557,3.3735781244210603,0.18842575570188633
6957,0.7008,16,105,16,241517,364093,23415,84541,3.372605505946867,0.18844091174543168
6958,0.7009,5,55,5,241572,364038,23420,84536,3.372096039127052,0.1884549706402957
6959,0.701,15,126,15,241698,363912,23435,84521,3.37092889695802,0.18848077639245997
6960,0.7011,16,71,16,241769,363841,23451,84505,3.3702712216088035,0.18848166371507719
6961,0.7012,14,99,14,241868,363742,23465,84491,3.3693541813331356,0.18849794638056547
6962,0.7013,17,122,17,241990,363620,23482,84474,3.368224091296454,0.18851848049739564
6963,0.7014,7,48,7,242038,363572,23489,84467,3.3677794657082516,0.18852599885277843
6964,0.7015,9,64,9,242102,363508,23498,84458,3.367186631590648,0.18853663001209914
6965,0.7016,14,71,14,242173,363437,23512,84444,3.3665289562414316,0.18854115267225
6966,0.7017,19,177,19,242350,363260,23531,84425,3.3648893993849347,0.18858125691055094
6967,0.7018,6,38,6,242388,363222,23537,84419,3.3645374041276077,0.18858638953983214
6968,0.7019,8,57,8,242445,363165,23545,84411,3.364009411241617,0.18859590326559064
6969,0.702,10,113,10,242558,363052,23555,84401,3.3629626885027233,0.18862539752778504
6970,0.7021,9,49,9,242607,363003,23564,84392,3.362508799881433,0.1886297343510768
6971,0.7022,2,38,2,242645,362965,23566,84390,3.362156804624106,0.18864212985213086
6972,0.7023,20,88,20,242733,362877,23586,84370,3.3613416577124013,0.1886429646258108
6973,0.7024,13,77,13,242810,362800,23599,84357,3.3606284041646597,0.1886518605322068
6974,0.7025,12,186,12,242996,362614,23611,84345,3.3589054800103746,0.18870858400882407
6975,0.7026,20,92,20,243088,362522,23631,84325,3.3580532809663195,0.18871112483691285
6976,0.7027,17,120,17,243208,362402,23648,84308,3.356941716995813,0.18873094401289428
6977,0.7028,9,54,9,243262,362348,23657,84299,3.3564415132090852,0.18873741455780516
6978,0.7029,5,30,5,243292,362318,23662,84294,3.3561636222164584,0.18874101009377267
6979,0.703,4,23,4,243315,362295,23666,84290,3.355950572455445,0.18874346429011274
6980,0.7031,16,83,16,243398,362212,23682,84274,3.355181740709178,0.1887494792669871
6981,0.7032,12,69,12,243467,362143,23694,84262,3.3545425914261364,0.18875684636148787
6982,0.7033,11,75,11,243542,362068,23705,84251,3.35384786394457,0.18876857135815414
6983,0.7034,17,163,17,243705,361905,23722,84234,3.3523379895512986,0.18880662753088162
6984,0.7035,6,39,6,243744,361866,23728,84228,3.351976731260884,0.18881222343272944
6985,0.7036,5,38,5,243782,361828,23733,84223,3.351624736003557,0.18881921573990418
6986,0.7037,11,80,11,243862,361748,23744,84212,3.3508836933565527,0.18883307919992826
6987,0.7038,7,49,7,243911,361699,23751,84205,3.3504298047352625,0.1888410958412573
6988,0.7039,5,44,5,243955,361655,23756,84200,3.3500222312794103,0.1888506352962286
6989,0.704,20,155,20,244110,361500,23776,84180,3.3485864611508394,0.18887991383952613
6990,0.7041,11,64,11,244174,361436,23787,84169,3.3479936270332358,0.18888701877223102
6991,0.7042,11,145,11,244319,361291,23798,84158,3.3466504872355403,0.1889284744157019
6992,0.7043,6,52,6,244371,361239,23804,84152,3.3461688095149875,0.18893960587438902
6993,0.7044,16,120,16,244491,361119,23820,84136,3.345057245544481,0.1889613816801608
6994,0.7045,8,57,8,244548,361062,23828,84128,3.3445292526584907,0.1889710011455783
6995,0.7046,9,107,9,244655,360955,23837,84119,3.343538108118122,0.18900003145544336
6996,0.7047,17,114,17,244769,360841,23854,84102,3.342482122346141,0.1890174696534163
6997,0.7048,19,95,19,244864,360746,23873,84083,3.3416021342028235,0.18902319767820894
6998,0.7049,15,97,15,244961,360649,23888,84068,3.3407036199933304,0.18903707301497358
6999,0.705,12,55,12,245016,360594,23900,84056,3.340194153173515,0.18903856966153154
7000,0.7051,17,161,17,245177,360433,23917,84039,3.338702804846419,0.18907602728630826
7001,0.7052,9,40,9,245217,360393,23926,84030,3.3383322835229166,0.18907662294705718
7002,0.7053,15,92,15,245309,360301,23941,84015,3.337480084478862,0.18908839654660198
7003,0.7054,20,111,20,245420,360190,23961,83995,3.336451887806143,0.1890991366210025
7004,0.7055,14,64,14,245484,360126,23975,83981,3.33585905368854,0.18910082480123033
7005,0.7056,20,115,20,245599,360011,23995,83961,3.334793804883471,0.18911327741389097
7006,0.7057,15,75,15,245674,359936,24010,83946,3.3340990774019046,0.18911782861210863
7007,0.7058,9,102,9,245776,359834,24019,83937,3.333154248026974,0.18914485173659387
7008,0.7059,12,75,12,245851,359759,24031,83925,3.3324595205454073,0.1891548940236745
7009,0.706,16,161,16,246012,359598,24047,83909,3.330968172218311,0.189194308094348
7010,0.7061,10,53,10,246065,359545,24057,83899,3.3304772314646707,0.18919863612992846
7011,0.7062,18,93,18,246158,359452,24075,83881,3.3296157693875283,0.18920540541759806
7012,0.7063,12,59,12,246217,359393,24087,83869,3.3290692504353627,0.18920863958561754
7013,0.7064,7,88,7,246305,359305,24094,83862,3.328254103523658,0.18923340411176826
7014,0.7065,9,72,9,246377,359233,24103,83853,3.3275871651413538,0.18924768555088628
7015,0.7066,8,38,8,246415,359195,24111,83845,3.327235169884027,0.18924927771758757
7016,0.7067,10,85,10,246500,359110,24121,83835,3.3264478120715846,0.18926729052139657
7017,0.7068,16,61,16,246561,359049,24137,83819,3.325882767053244,0.1892640696550665
7018,0.7069,9,41,9,246602,359008,24146,83810,3.325502982696654,0.18926511569087073
7019,0.707,9,31,9,246633,358977,24155,83801,3.32521582867094,0.18926188744698247
7020,0.7071,11,51,11,246684,358926,24166,83790,3.324743413983475,0.18926354593012223
7021,0.7072,24,226,24,246910,358700,24190,83766,3.3226499685056874,0.1893162412479151
7022,0.7073,5,44,5,246954,358656,24195,83761,3.322242395049835,0.18932590745834812
7023,0.7074,17,134,17,247088,358522,24212,83744,3.321001148616103,0.1893521093640479
7024,0.7075,9,58,9,247146,358464,24221,83735,3.320463892697025,0.18936044631489443
7025,0.7076,10,86,10,247232,358378,24231,83725,3.319667271851495,0.18937894563031693
7026,0.7077,20,138,20,247370,358240,24251,83705,3.3183889732854124,0.18940139610132484
7027,0.7078,4,41,4,247411,358199,24255,83701,3.318009188928823,0.18941163159085767
7028,0.7079,9,77,9,247488,358122,24264,83692,3.317295935381081,0.1894281303897115
7029,0.708,13,70,13,247558,358052,24277,83679,3.3166475230649524,0.1894342937217447
7030,0.7081,8,58,8,247616,357994,24285,83671,3.3161102671458744,0.1894444884697678
7031,0.7082,10,84,10,247700,357910,24295,83661,3.31533217236652,0.1894621702965095
7032,0.7083,14,181,14,247881,357729,24309,83647,3.3136555633776723,0.18951415573116798
7033,0.7084,24,143,24,248024,357586,24333,83623,3.312330949646152,0.18953149187799886
7034,0.7085,4,59,4,248083,357527,24337,83619,3.3117844306939865,0.18954949155154982
7035,0.7086,8,49,8,248132,357478,24345,83611,3.3113305420726964,0.1895558492730492
7036,0.7087,19,202,19,248334,357276,24364,83592,3.30945940938901,0.18960777375540977
7037,0.7088,7,65,7,248399,357211,24371,83585,3.3088573122383194,0.1896228640913257
7038,0.7089,30,162,30,248561,357049,24401,83555,3.3073567008781355,0.1896374068324391
7039,0.709,10,70,10,248631,356979,24411,83545,3.3067082885620067,0.18964914510900654
7040,0.7091,8,27,8,248658,356952,24419,83537,3.306458186668643,0.18964605245533941
7041,0.7092,13,91,13,248749,356861,24432,83524,3.3056152506576755,0.18966131907308378
7042,0.7093,18,221,18,248970,356640,24450,83506,3.303568120345326,0.18972340995942255
7043,0.7094,13,110,13,249080,356530,24463,83493,3.302549186705695,0.18974689959388485
7044,0.7095,19,132,19,249212,356398,24482,83474,3.301326466338138,0.18976884184490034
7045,0.7096,8,54,8,249266,356344,24490,83466,3.3008262625514098,0.18977740387894773
7046,0.7097,8,94,8,249360,356250,24498,83458,3.2999555374411798,0.18980323305466354
7047,0.7098,13,80,13,249440,356170,24511,83445,3.2992144947941755,0.18981381436029252
7048,0.7099,7,38,7,249478,356132,24518,83438,3.2988624995368485,0.18981732147325794
7049,0.71,12,107,12,249585,356025,24530,83426,3.29787135499648,0.18984141576649047
7050,0.7101,18,131,18,249716,355894,24548,83408,3.2966578976620102,0.18986483102740256
7051,0.7102,11,129,11,249845,355765,24559,83397,3.295462966393716,0.18990031013612288
7052,0.7103,12,85,12,249930,355680,24571,83385,3.294675608581274,0.18991493286870964
7053,0.7104,19,74,19,250004,355606,24590,83366,3.293990144132795,0.18991188504050371
7054,0.7105,14,120,14,250124,355486,24604,83352,3.2928785801622884,0.18993797255479242
7055,0.7106,6,41,6,250165,355445,24610,83346,3.292498795805699,0.18994464334956734
7056,0.7107,7,42,7,250207,355403,24617,83339,3.2921097484160216,0.18994990222043934
7057,0.7108,3,35,3,250242,355368,24620,83336,3.291785542257957,0.18995951712316278
7058,0.7109,8,76,8,250318,355292,24628,83328,3.2910815517433027,0.1899776571975742
7059,0.711,29,93,29,250411,355199,24657,83299,3.2902200896661604,0.18996437840081368
7060,0.7111,18,84,18,250495,355115,24675,83281,3.289441994886806,0.18996751795180614
7061,0.7112,7,50,7,250545,355065,24682,83274,3.288978843232428,0.1899762512575883
7062,0.7113,17,147,17,250692,354918,24699,83257,3.2876171773685576,0.1900085582244537
7063,0.7114,7,64,7,250756,354854,24706,83250,3.287024343250954,0.19002337344557457
7064,0.7115,7,41,7,250797,354813,24713,83243,3.2866445588943645,0.19002821557061197
7065,0.7116,12,86,12,250883,354727,24725,83231,3.2858479380488346,0.19004333748898297
7066,0.7117,16,103,16,250986,354624,24741,83215,3.2848938456408168,0.19005844614116146
7067,0.7118,4,36,4,251022,354588,24745,83211,3.2845603764496647,0.19006667443278766
7068,0.7119,11,114,11,251136,354474,24756,83200,3.2835043906776833,0.19009582474627235
7069,0.712,13,130,13,251266,354344,24769,83187,3.2823001963763017,0.19012824234168552
7070,0.7121,9,87,9,251353,354257,24778,83178,3.281494312497684,0.19014939362419558
7071,0.7122,8,40,8,251393,354217,24786,83170,3.281123791174182,0.19015197068042716
7072,0.7123,10,66,10,251459,354151,24796,83160,3.2805124309904037,0.1901621500488211
7073,0.7124,6,113,6,251572,354038,24802,83154,3.27946570825151,0.19020018664568428
7074,0.7125,8,114,8,251686,353924,24810,83146,3.2784097224795286,0.19023497380282334
7075,0.7126,14,102,14,251788,353822,24824,83132,3.277464893104598,0.19025343628848804
7076,0.7127,17,180,17,251968,353642,24841,83115,3.2757975471488385,0.1903003271842237
7077,0.7128,10,79,10,252047,353563,24851,83105,3.2750657675349215,0.19031621277492283
7078,0.7129,8,22,8,252069,353541,24859,83097,3.2748619808069956,0.19031096697951164
7079,0.713,3,90,3,252159,353451,24862,83094,3.2740283078291155,0.19034463800982718
7080,0.7131,13,105,13,252264,353346,24875,83081,3.2730556893549223,0.19036631555792835
7081,0.7132,4,25,4,252289,353321,24879,83077,3.2728241135277334,0.19036980004491313
7082,0.7133,10,50,10,252339,353271,24889,83067,3.272360961873356,0.19037305941724075
7083,0.7134,11,92,11,252431,353179,24900,83056,3.271508762829301,0.19039279287539973
7084,0.7135,13,130,13,252561,353049,24913,83043,3.270304568527919,0.1904254148207259
7085,0.7136,11,118,11,252679,352931,24924,83032,3.2692115306235876,0.19045652956787618
7086,0.7137,17,144,17,252823,352787,24941,83015,3.2678776538589798,0.19048788211160114
7087,0.7138,10,58,10,252881,352729,24951,83005,3.2673403979399014,0.19049465958589415
7088,0.7139,16,111,16,252992,352618,24967,82989,3.266312201267183,0.19051346741443548
7089,0.714,5,80,5,253072,352538,24972,82984,3.2655711586201788,0.19053916908904717
7090,0.7141,12,60,12,253132,352478,24984,82972,3.2650153766349255,0.19054311631645424
7091,0.7142,11,24,11,253156,352454,24995,82961,3.2647930638408242,0.19053316950495505
7092,0.7143,7,50,7,253206,352404,25002,82954,3.2643299121864464,0.19054203666867267
7093,0.7144,20,205,20,253411,352199,25022,82934,3.2624309904034976,0.1905945998120115
7094,0.7145,13,84,13,253495,352115,25035,82921,3.261652895624143,0.19060721411561343
7095,0.7146,12,90,12,253585,352025,25047,82909,3.2608192226462633,0.19062432461017073
7096,0.7147,7,51,7,253636,351974,25054,82902,3.260346807958798,0.1906336518915737
7097,0.7148,6,69,6,253705,351905,25060,82896,3.2597076586757567,0.19065273538929303
7098,0.7149,3,18,3,253723,351887,25063,82893,3.2595409240801807,0.19065504393026358
7099,0.715,13,154,13,253877,351733,25076,82880,3.2581144169846974,0.19069839144250172
7100,0.7151,7,66,7,253943,351667,25083,82873,3.257503056800919,0.19071431858977309
7101,0.7152,21,201,21,254144,351466,25104,82852,3.2556411871503204,0.1907634498224803
7102,0.7153,15,34,15,254178,351432,25119,82837,3.2553262440253437,0.1907504334870783
7103,0.7154,14,66,14,254244,351366,25133,82823,3.254714883841565,0.19075333552899773
7104,0.7155,12,103,12,254347,351263,25145,82811,3.253760791433547,0.1907762270949193
7105,0.7156,6,44,6,254391,351219,25151,82805,3.2533532179776947,0.19078438058724864
7106,0.7157,6,57,6,254448,351162,25157,82799,3.252825225091704,0.19079825145577597
7107,0.7158,9,64,9,254512,351098,25166,82790,3.2522323909741004,0.190809609853234
7108,0.7159,15,86,15,254598,351012,25181,82775,3.251435770128571,0.19081945747567355
7109,0.716,14,79,14,254677,350933,25195,82761,3.250703990514654,0.19082809538522552
7110,0.7161,6,47,6,254724,350886,25201,82755,3.250268627959539,0.19083758223968675
7111,0.7162,7,115,7,254839,350771,25208,82748,3.2492033791544706,0.1908751404206044
7112,0.7163,16,91,16,254930,350680,25224,82732,3.2483604431435027,0.19088534696778123
7113,0.7164,10,44,10,254974,350636,25234,82722,3.2479528696876505,0.19088605725520238
7114,0.7165,4,24,4,254998,350612,25238,82718,3.2477305568935493,0.19088916068585143
7115,0.7166,20,88,20,255086,350524,25258,82698,3.2469154099818445,0.19089058265739045
7116,0.7167,10,107,10,255193,350417,25268,82688,3.245924265441476,0.19091906119763105
7117,0.7168,5,62,5,255255,350355,25273,82683,3.2453499573900477,0.1909370540229726
7118,0.7169,10,51,10,255306,350304,25283,82673,3.2448775427025827,0.19094085829039417
7119,0.717,21,161,21,255467,350143,25304,82652,3.2433861943754865,0.19097263138437368
7120,0.7171,13,67,13,255534,350076,25317,82639,3.2427655711586203,0.19097789538148666
7121,0.7172,7,97,7,255631,349979,25324,82632,3.2418670569491272,0.19100762578852595
7122,0.7173,8,78,8,255709,349901,25332,82624,3.2411445403682984,0.19102710825963817
7123,0.7174,18,130,18,255839,349771,25350,82606,3.2399403460669163,0.19105086533279986
7124,0.7175,3,24,3,255863,349747,25353,82603,3.239718033272815,0.1910558575228403
7125,0.7176,6,57,6,255920,349690,25359,82597,3.2391900403868243,0.1910698216694002
7126,0.7177,23,133,23,256053,349557,25382,82574,3.2379580569861797,0.19108557358763895
7127,0.7178,9,57,9,256110,349500,25391,82565,3.237430064100189,0.19109393262587804
7128,0.7179,13,132,13,256242,349368,25404,82552,3.236207343732632,0.19112798666419709
7129,0.718,27,140,27,256382,349228,25431,82525,3.2349105191003744,0.1911393783019458
7130,0.7181,24,138,24,256520,349090,25455,82501,3.233632220534292,0.19115551529109737
7131,0.7182,14,65,14,256585,349025,25469,82487,3.2330301233836005,0.19115806744656
7132,0.7183,14,67,14,256652,348958,25483,82473,3.232409500166735,0.19116150670675033
7133,0.7184,16,150,16,256802,348808,25499,82457,3.2310200452036013,0.1911979873163832
7134,0.7185,12,78,12,256880,348730,25511,82445,3.2302975286227724,0.19121006551864092
7135,0.7186,12,88,12,256968,348642,25523,82433,3.2294823817110676,0.1912265847010381
7136,0.7187,9,41,9,257009,348601,25532,82424,3.2291025973544776,0.19122788701351429
7137,0.7188,10,67,10,257076,348534,25542,82414,3.2284819741376114,0.19123885016289668
7138,0.7189,10,32,10,257108,348502,25552,82404,3.22818555707881,0.19123428311511095
7139,0.719,11,59,11,257167,348443,25563,82393,3.227639038126644,0.19123982211328672
7140,0.7191,16,148,16,257315,348295,25579,82377,3.2262681092296863,0.1912754950403091
7141,0.7192,8,18,8,257333,348277,25587,82369,3.2261013746341103,0.19126846644343615
7142,0.7193,3,89,3,257422,348188,25590,82366,3.225276964689318,0.19130236857629937
7143,0.7194,12,59,12,257481,348129,25602,82354,3.224730445737152,0.19130604460571032
7144,0.7195,11,78,11,257559,348051,25613,82343,3.224007929156323,0.1913200462831731
7145,0.7196,10,74,10,257633,347977,25623,82333,3.223322464707844,0.19133415444679416
7146,0.7197,18,100,18,257733,347877,25641,82315,3.2223961613990886,0.19134479488228512
7147,0.7198,13,75,13,257808,347802,25654,82302,3.221701433917522,0.19135371910049662
7148,0.7199,16,142,16,257950,347660,25670,82286,3.2203860832190894,0.19138682532224977
7149,0.72,9,73,9,258023,347587,25679,82277,3.219709881803698,0.19140239703720247
7150,0.7201,9,78,9,258101,347509,25688,82268,3.2189873652228687,0.1914202016394549
7151,0.7202,13,139,13,258240,347370,25701,82255,3.2176998036236983,0.19145766656968286
7152,0.7203,8,39,8,258279,347331,25709,82247,3.217338545333284,0.1914599909678801
7153,0.7204,21,174,21,258453,347157,25730,82226,3.2157267775760494,0.19149803322441736
7154,0.7205,21,128,21,258581,347029,25751,82205,3.2145411093408427,0.19151558357446055
7155,0.7206,9,53,9,258634,346976,25760,82196,3.2140501685872023,0.19152228011147046
7156,0.7207,9,45,9,258679,346931,25769,82187,3.2136333320982624,0.1915254079297536
7157,0.7208,17,78,17,258757,346853,25786,82170,3.212910815517433,0.191528193127175
7158,0.7209,11,136,11,258893,346717,25797,82159,3.211651043017526,0.19156819220473983
7159,0.721,6,27,6,258920,346690,25803,82153,3.2114009411241615,0.1915689424801151
7160,0.7211,7,66,7,258986,346624,25810,82146,3.210789580940383,0.19158523217575857
7161,0.7212,9,86,9,259072,346538,25819,82137,3.2099929600948536,0.19160669504869657
7162,0.7213,11,105,11,259177,346433,25830,82126,3.2090203416206604,0.19163289068716327
7163,0.7214,12,96,12,259273,346337,25842,82114,3.208131090444255,0.19165318787912736
7164,0.7215,13,92,13,259365,346245,25855,82101,3.2072788914002,0.19166981832443866
7165,0.7216,24,125,24,259490,346120,25879,82077,3.206121012264256,0.19168046483277557
7166,0.7217,10,118,10,259608,346002,25889,82067,3.2050279743599246,0.19171441987156276
7167,0.7218,22,163,22,259771,345839,25911,82045,3.203518099966653,0.19174589374690337
7168,0.7219,10,63,10,259834,345776,25921,82035,3.202934528882137,0.1917552377101103
7169,0.722,16,89,16,259923,345687,25937,82019,3.2021101189373447,0.19176490392933462
7170,0.7221,7,48,7,259971,345639,25944,82012,3.201665493349142,0.19177319823875075
7171,0.7222,11,65,11,260036,345574,25955,82001,3.2010633961984514,0.1917815587908554
7172,0.7223,6,60,6,260096,345514,25961,81995,3.200507614213198,0.1917971317562905
7173,0.7224,17,132,17,260228,345382,25978,81978,3.1992848938456406,0.19182422313740172
7174,0.7225,13,71,13,260299,345311,25991,81965,3.1986272184964246,0.19183150937567287
7175,0.7226,12,69,12,260368,345242,26003,81953,3.197988069213383,0.19183979213239855
7176,0.7227,11,47,11,260415,345195,26014,81942,3.1975527066582683,0.19184008877713707
7177,0.7228,3,60,3,260475,345135,26017,81939,3.196996924673015,0.1918613636044339
7178,0.7229,8,55,8,260530,345080,26025,81931,3.1964874578531997,0.1918709354091581
7179,0.723,13,56,13,260586,345024,26038,81918,3.1959687280002966,0.19187149542560816
7180,0.7231,6,55,6,260641,344969,26044,81912,3.195459261180481,0.19188485784094397
7181,0.7232,16,208,16,260849,344761,26060,81896,3.19353255029827,0.19194809882411398
7182,0.7233,14,92,14,260941,344669,26074,81882,3.192680351254215,0.19196297746342172
7183,0.7234,17,115,17,261056,344554,26091,81865,3.191615102449146,0.19198253361130718
7184,0.7235,14,90,14,261146,344464,26105,81851,3.190781429471266,0.19199652838863282
7185,0.7236,8,94,8,261240,344370,26113,81843,3.189910704361036,0.19202370645663083
7186,0.7237,16,44,16,261284,344326,26129,81827,3.189503130905184,0.19201319713811707
7187,0.7238,7,48,7,261332,344278,26136,81820,3.189058505316981,0.19202155372707688
7188,0.7239,12,76,12,261408,344202,26148,81808,3.188354514802327,0.19203305086735054
7189,0.724,16,144,16,261552,344058,26164,81792,3.187020638037719,0.19206762944698838
7190,0.7241,20,135,20,261687,343923,26184,81772,3.1857701285708995,0.19209058128472262
7191,0.7242,10,48,10,261735,343875,26194,81762,3.1853255029826966,0.19209326256880863
7192,0.7243,14,90,14,261825,343785,26208,81748,3.184491830004817,0.19210731012635918
7193,0.7244,12,74,12,261899,343711,26220,81736,3.183806365556338,0.19211793713435515
7194,0.7245,17,95,17,261994,343616,26237,81719,3.18292637741302,0.19212855748997848
7195,0.7246,10,73,10,262067,343543,26247,81709,3.1822501759976287,0.19214254136370904
7196,0.7247,15,142,15,262209,343401,26262,81694,3.180934825299196,0.19217821898634424
7197,0.7248,36,324,36,262533,343077,26298,81658,3.1779336025788285,0.19225634807585906
7198,0.7249,10,107,10,262640,342970,26308,81648,3.17694245803846,0.19228577215285267
7199,0.725,6,39,6,262679,342931,26314,81642,3.1765811997480453,0.19229202045349092
7200,0.7251,18,148,18,262827,342783,26332,81624,3.1752102708510876,0.1923248202786476
7201,0.7252,11,90,11,262917,342693,26343,81613,3.1743765978732075,0.19234467577644435
7202,0.7253,13,176,13,263093,342517,26356,81600,3.172746304049798,0.19239973875133512
7203,0.7254,10,114,10,263207,342403,26366,81590,3.171690318277817,0.19243242223338594
7204,0.7255,11,84,11,263291,342319,26377,81579,3.1709122234984624,0.1924495987242214
7205,0.7256,4,36,4,263327,342283,26381,81575,3.1705787543073103,0.19245832330639034
7206,0.7257,14,85,14,263412,342198,26395,81561,3.169791396494868,0.19247024841950258
7207,0.7258,18,96,18,263508,342102,26413,81543,3.168902145318463,0.19247955245547568
7208,0.7259,10,79,10,263587,342023,26423,81533,3.168170365704546,0.1924963877267705
7209,0.726,12,87,12,263674,341936,26435,81521,3.167364481825929,0.19251305327341384
7210,0.7261,12,138,12,263812,341798,26447,81509,3.166086183259847,0.1925529225833733
7211,0.7262,11,70,11,263882,341728,26458,81498,3.165437770943718,0.19256378388851347
7212,0.7263,10,67,10,263949,341661,26468,81488,3.164817147726852,0.1925751921899851
7213,0.7264,18,84,18,264033,341577,26486,81470,3.1640390529474973,0.19257907513822342
7214,0.7265,12,103,12,264136,341474,26498,81458,3.163084960539479,0.192603066213954
7215,0.7266,13,108,13,264244,341366,26511,81445,3.1620845529660233,0.19262743873740276
7216,0.7267,21,120,21,264364,341246,26532,81424,3.1609729889955167,0.19264201386424398
7217,0.7268,16,73,16,264437,341173,26548,81408,3.1602967875801253,0.19264472373343808
7218,0.7269,14,71,14,264508,341102,26562,81394,3.159639112230909,0.19265034461864727
7219,0.727,8,79,8,264587,341023,26570,81386,3.1589073326169923,0.19267108418617976
7220,0.7271,12,94,12,264681,340929,26582,81374,3.158036607506762,0.19269102990033224
7221,0.7272,12,83,12,264764,340846,26594,81362,3.157267775760495,0.19270596483249963
7222,0.7273,7,102,7,264866,340744,26601,81355,3.1563229463855644,0.1927391441344329
7223,0.7274,14,90,14,264956,340654,26615,81341,3.1554892734076847,0.1927534686429934
7224,0.7275,7,50,7,265006,340604,26622,81334,3.155026121753307,0.19276291777464935
7225,0.7276,3,56,3,265062,340548,26625,81331,3.154507391900404,0.1927827647263789
7226,0.7277,14,200,14,265262,340348,26639,81317,3.152654785282893,0.1928474025589034
7227,0.7278,7,57,7,265319,340291,26646,81310,3.1521267923969023,0.19286007386130488
7228,0.7279,11,150,11,265469,340141,26657,81299,3.1507373374337693,0.19290764996203494
7229,0.728,11,127,11,265596,340014,26668,81288,3.14956093223165,0.19294472848455502
7230,0.7281,23,88,23,265684,339926,26691,81265,3.148745785319945,0.1929409697738081
7231,0.7282,13,89,13,265773,339837,26704,81252,3.147921375375153,0.1929568333535191
7232,0.7283,9,122,9,265895,339715,26713,81243,3.1467912853384714,0.19299550073879104
7233,0.7284,5,41,5,265936,339674,26718,81238,3.1464115009818814,0.19300471357433382
7234,0.7285,11,76,11,266012,339598,26729,81227,3.1457075104672274,0.19301847561337848
7235,0.7286,11,63,11,266075,339535,26740,81216,3.1451239393827115,0.19302627920076246
7236,0.7287,13,86,13,266161,339449,26753,81203,3.1443273185371816,0.19304080332436313
7237,0.7288,10,88,10,266249,339361,26763,81193,3.1435121716254772,0.19306200868378376
7238,0.7289,17,98,17,266347,339263,26780,81176,3.1426043943828965,0.19307438177714245
7239,0.729,6,152,6,266499,339111,26786,81170,3.1411964133535886,0.19313268979563672
7240,0.7291,5,28,5,266527,339083,26791,81165,3.140937048427137,0.1931359578153852
7241,0.7292,14,75,14,266602,339008,26805,81151,3.1402423209455703,0.19314354803776665
7242,0.7293,22,201,22,266803,338807,26827,81129,3.1383804512949722,0.19319372475805838
7243,0.7294,12,97,12,266900,338710,26839,81117,3.137481937085479,0.19321530058809938
7244,0.7295,12,100,12,267000,338610,26851,81105,3.136555633776724,0.19323826882527428
7245,0.7296,15,53,15,267053,338557,26866,81090,3.1360646930230835,0.19323383701063035
7246,0.7297,14,105,14,267158,338452,26880,81076,3.1350920745488904,0.19325527735931808
7247,0.7298,17,82,17,267240,338370,26897,81059,3.1343325058357108,0.19326036110998523
7248,0.7299,12,128,12,267368,338242,26909,81047,3.133146837600504,0.19329627059140592
7249,0.73,13,106,13,267474,338136,26922,81034,3.132164956093223,0.19332013264308037
7250,0.7301,19,112,19,267586,338024,26941,81015,3.131127496387417,0.19333522655409163
7251,0.7302,15,87,15,267673,337937,26956,81000,3.1303216125088,0.1933464936255332
7252,0.7303,15,81,15,267754,337856,26971,80985,3.129571306828708,0.19335499628737396
7253,0.7304,11,66,11,267820,337790,26982,80974,3.1289599466449296,0.19336428155237795
7254,0.7305,20,72,20,267892,337718,27002,80954,3.1282930082626255,0.19335900179615545
7255,0.7306,5,41,5,267933,337677,27007,80949,3.127913223906036,0.19336830488311763
7256,0.7307,14,99,14,268032,337578,27021,80935,3.126996183630368,0.1933870632453472
7257,0.7308,7,34,7,268066,337544,27028,80928,3.126681240505391,0.19338928291498594
7258,0.7309,11,137,11,268203,337407,27039,80917,3.1254122049723962,0.1934314072345837
7259,0.731,4,59,4,268262,337348,27043,80913,3.1248656860202306,0.19345097917329132
7260,0.7311,19,116,19,268378,337232,27062,80894,3.1237911741820743,0.19346799768490838
7261,0.7312,17,116,17,268494,337116,27079,80877,3.122716662343918,0.19348888617751972
7262,0.7313,23,188,23,268682,336928,27102,80854,3.1209752121234575,0.19353155473428726
7263,0.7314,12,81,12,268763,336847,27114,80842,3.120224906443366,0.19354591574113755
7264,0.7315,11,90,11,268853,336757,27125,80831,3.119391233465486,0.19356638600726075
7265,0.7316,14,83,14,268936,336674,27139,80817,3.118622401719219,0.19357782562977405
7266,0.7317,4,30,4,268966,336644,27143,80813,3.118344510726592,0.1935840098501163
7267,0.7318,10,45,10,269011,336599,27153,80803,3.1179276742376523,0.19358556020335313
7268,0.7319,8,98,8,269109,336501,27161,80795,3.117019896995072,0.1936155630535639
7269,0.732,21,162,21,269271,336339,27182,80774,3.115519285634888,0.19365016194652288
7270,0.7321,13,52,13,269323,336287,27195,80761,3.1150376079143354,0.1936491722775316
7271,0.7322,20,124,20,269447,336163,27215,80741,3.113888991811479,0.1936680866578397
7272,0.7323,12,78,12,269525,336085,27227,80729,3.1131664752306496,0.19368111435796304
7273,0.7324,23,90,23,269615,335995,27250,80706,3.1123328022527694,0.19367844089647013
7274,0.7325,15,121,15,269736,335874,27265,80691,3.1112119752491756,0.19370566418206042
7275,0.7326,21,166,21,269902,335708,27286,80670,3.1096743117566414,0.19374222461321203
7276,0.7327,16,67,16,269969,335641,27302,80654,3.1090536885397753,0.19374241823706748
7277,0.7328,18,87,18,270056,335554,27320,80636,3.108247804661158,0.19374804776664503
7278,0.7329,14,122,14,270178,335432,27334,80622,3.1071177146244766,0.19377773077533206
7279,0.733,37,214,37,270392,335218,27371,80585,3.10513542554374,0.1938057204974471
7280,0.7331,17,80,17,270472,335138,27388,80568,3.1043943828967357,0.19381004844770103
7281,0.7332,17,100,17,270572,335038,27405,80551,3.10346807958798,0.19382370563224724
7282,0.7333,10,48,10,270620,334990,27415,80541,3.1030234539997776,0.193826694037268
7283,0.7334,24,140,24,270760,334850,27439,80517,3.10172662936752,0.19384544270488507
7284,0.7335,11,86,11,270846,334764,27450,80506,3.1009300085219906,0.19386423290871
7285,0.7336,11,201,11,271047,334563,27461,80495,3.099068138871392,0.19393675100829283
7286,0.7337,16,57,16,271104,334506,27477,80479,3.0985401459854014,0.19393231080641468
7287,0.7338,25,237,25,271341,334269,27502,80454,3.0963448071436512,0.19399454575704747
7288,0.7339,15,100,15,271441,334169,27517,80439,3.0954185038348956,0.1940121753559989
7289,0.734,3,15,3,271456,334154,27520,80436,3.0952795583385826,0.19401336259919438
7290,0.7341,17,67,17,271523,334087,27537,80419,3.0946589351217164,0.194011666899876
7291,0.7342,9,73,9,271596,334014,27546,80410,3.0939827337063246,0.1940283381271355
7292,0.7343,16,119,16,271715,333895,27562,80394,3.0928804327689057,0.19405294371803258
7293,0.7344,11,37,11,271752,333858,27573,80383,3.0925377005446664,0.1940488749302942
7294,0.7345,15,80,15,271832,333778,27588,80368,3.091796657897662,0.19405716824501504
7295,0.7346,17,107,17,271939,333671,27605,80351,3.0908055133572936,0.1940742279395781
7296,0.7347,13,106,13,272045,333565,27618,80338,3.089823631850013,0.1940986173088864
7297,0.7348,9,71,9,272116,333494,27627,80329,3.0891659565007967,0.19411439190185176
7298,0.7349,19,121,19,272237,333373,27646,80310,3.0880451294972024,0.19413415586330596
7299,0.735,16,131,16,272368,333242,27662,80294,3.086831672162733,0.19416447419329877
7300,0.7351,10,66,10,272434,333176,27672,80284,3.086220311978954,0.19417597832922168
7301,0.7352,18,83,18,272517,333093,27690,80266,3.0854514802326873,0.19417987753986243
7302,0.7353,20,118,20,272635,332975,27710,80246,3.084358442328356,0.19419632593696837
7303,0.7354,21,166,21,272801,332809,27731,80225,3.082820778835822,0.1942334045139141
7304,0.7355,10,66,10,272867,332743,27741,80215,3.0822094186520435,0.1942449353202989
7305,0.7356,12,56,12,272923,332687,27753,80203,3.0816906887991404,0.19424786262684976
7306,0.7357,18,86,18,273009,332601,27771,80185,3.0808940679536105,0.19425319657158915
7307,0.7358,12,67,12,273076,332534,27783,80173,3.080273444736745,0.19426130402440472
7308,0.7359,22,200,22,273276,332334,27805,80151,3.078420838119234,0.1943125204552893
7309,0.736,4,62,4,273338,332272,27809,80147,3.0778465300678053,0.19433391769050407
7310,0.7361,15,144,15,273482,332128,27824,80132,3.0765126533031975,0.19437248338427207
7311,0.7362,10,50,10,273532,332078,27834,80122,3.07604950164882,0.1943765162542455
7312,0.7363,17,113,17,273645,331965,27851,80105,3.0750027789099263,0.19439658310481228
7313,0.7364,13,102,13,273747,331863,27864,80092,3.074057949534996,0.19441929336942143
7314,0.7365,14,97,14,273844,331766,27878,80078,3.073159435325503,0.19443769971154126
7315,0.7366,13,66,13,273910,331700,27891,80065,3.0725480751417242,0.19444343254040533
7316,0.7367,19,73,19,273983,331627,27910,80046,3.071871873726333,0.19444073330045936
7317,0.7368,16,112,16,274095,331515,27926,80030,3.070834414020527,0.19446233097231166
7318,0.7369,14,126,14,274221,331389,27940,80016,3.069667271851495,0.19449447624603494
7319,0.737,9,51,9,274272,331338,27949,80007,3.06919485716403,0.19450096634212158
7320,0.7371,8,60,8,274332,331278,27957,79999,3.0686390751787767,0.194513673266436
7321,0.7372,14,85,14,274417,331193,27971,79985,3.0678517173663344,0.19452645812762356
7322,0.7373,14,132,14,274549,331061,27985,79971,3.0666289969987774,0.19456149399560133
7323,0.7374,19,124,19,274673,330937,28004,79952,3.0654803808959206,0.19458296522905213
7324,0.7375,17,116,17,274789,330821,28021,79935,3.0644058690577642,0.19460458276933265
7325,0.7376,18,55,18,274844,330766,28039,79917,3.063896402237949,0.19459534482800603
7326,0.7377,14,123,14,274967,330643,28053,79903,3.0627570491681797,0.19462618074466687
7327,0.7378,22,113,22,275080,330530,28075,79881,3.061710326429286,0.19463659599767064
7328,0.7379,12,56,12,275136,330474,28087,79869,3.061191596576383,0.19463960637807884
7329,0.738,6,34,6,275170,330440,28093,79863,3.0608766534514062,0.19464395824549174
7330,0.7381,15,103,15,275273,330337,28108,79848,3.059922561043388,0.19466338359520705
7331,0.7382,17,85,17,275358,330252,28125,79831,3.059135203230946,0.19467034722239157
7332,0.7383,12,111,12,275469,330141,28137,79819,3.0581070065582274,0.19469948287637817
7333,0.7384,7,61,7,275530,330080,28144,79812,3.0575419615398864,0.1947147053370156
7334,0.7385,6,39,6,275569,330041,28150,79806,3.057180703249472,0.1947214448318519
7335,0.7386,10,74,10,275643,329967,28160,79796,3.056495238800993,0.1947369577048196
7336,0.7387,19,133,19,275776,329834,28179,79777,3.0552632554003485,0.19476283595899524
7337,0.7388,12,156,12,275932,329678,28191,79765,3.05381822223869,0.19481344167564227
7338,0.7389,19,83,19,276015,329595,28210,79746,3.053049390492423,0.19481556941523082
7339,0.739,9,48,9,276063,329547,28219,79737,3.05260476490422,0.19482071129093734
7340,0.7391,25,117,25,276180,329430,28244,79712,3.0515209900329765,0.19482722380004985
7341,0.7392,11,80,11,276260,329350,28255,79701,3.0507799473859722,0.19484367474960335
7342,0.7393,11,105,11,276365,329245,28266,79690,3.049807328911779,0.19487204567963123
7343,0.7394,13,120,13,276485,329125,28279,79677,3.0486957649412725,0.19490364528549273
7344,0.7395,24,162,24,276647,328963,28303,79653,3.0471951535810886,0.19493362961802768
7345,0.7396,18,70,18,276717,328893,28321,79635,3.04654674126496,0.19493155915873575
7346,0.7397,14,93,14,276810,328800,28335,79621,3.045685279187817,0.19494834986447807
7347,0.7398,7,79,7,276889,328721,28342,79614,3.0449534995739005,0.19497226541932483
7348,0.7399,12,70,12,276959,328651,28354,79602,3.0443050872577717,0.194982033200001
7349,0.74,21,204,21,277163,328447,28375,79581,3.0424154285079106,0.19503808562157499
7350,0.7401,4,65,4,277228,328382,28379,79577,3.0418133313572198,0.19506126841177668
7351,0.7402,13,103,13,277331,328279,28392,79564,3.0408592389492015,0.19508487334587082
7352,0.7403,11,80,11,277411,328199,28403,79553,3.0401181963021973,0.19510143420510506
7353,0.7404,16,134,16,277545,328065,28419,79537,3.038876949868465,0.19513397873415733
7354,0.7405,10,84,10,277629,327981,28429,79527,3.0380988550891104,0.19515445095556405
7355,0.7406,14,92,14,277721,327889,28443,79513,3.0372466560450553,0.19517086317691126
7356,0.7407,23,143,23,277864,327746,28466,79490,3.035922042313535,0.19519394159651898
7357,0.7408,11,35,11,277899,327711,28477,79479,3.0355978361554707,0.19518897811832314
7358,0.7409,19,116,19,278015,327595,28496,79460,3.0345233243173144,0.195207035904239
7359,0.741,7,87,7,278102,327508,28503,79453,3.0337174404386973,0.19523492423106883
7360,0.7411,17,143,17,278245,327365,28520,79436,3.032392826707177,0.19526992313194905
7361,0.7412,7,87,7,278332,327278,28527,79429,3.03158694282856,0.19529784341061254
7362,0.7413,13,66,13,278398,327212,28540,79416,3.030975582644781,0.19530381577264724
7363,0.7414,9,70,9,278468,327142,28549,79407,3.0303271703286523,0.19531962936816966
7364,0.7415,20,112,20,278580,327030,28569,79387,3.0292897106228462,0.19533385660540775
7365,0.7416,11,54,11,278634,326976,28580,79376,3.0287895068361186,0.19533803205102965
7366,0.7417,14,90,14,278724,326886,28594,79362,3.0279558338582384,0.19535357712530277
7367,0.7418,11,82,11,278806,326804,28605,79351,3.0271962651450592,0.19537122527114034
7368,0.7419,13,79,13,278885,326725,28618,79338,3.0264644855311422,0.19538347497802064
7369,0.742,12,109,12,278994,326616,28630,79326,3.025454814924599,0.1954121524749841
7370,0.7421,14,101,14,279095,326515,28644,79312,3.024519248582756,0.19543302934501647
7371,0.7422,12,88,12,279183,326427,28656,79300,3.023704101671051,0.1954516214104558
7372,0.7423,31,178,31,279361,326249,28687,79269,3.0220552817814665,0.19547590982397822
7373,0.7424,19,187,19,279548,326062,28706,79250,3.0203230945940938,0.1955283830727933
7374,0.7425,12,51,12,279599,326011,28718,79238,3.0198506799066287,0.19552916848653543
7375,0.7426,19,162,19,279761,325849,28737,79219,3.018350068546445,0.19556963275301925
7376,0.7427,9,80,9,279841,325769,28746,79210,3.0176090258994406,0.19559038863743552
7377,0.7428,10,58,10,279899,325711,28756,79200,3.017071769980362,0.1955985389381864
7378,0.7429,12,149,12,280048,325562,28768,79188,3.015691578050317,0.19564669549104385
7379,0.743,12,85,12,280133,325477,28780,79176,3.0149042202378746,0.19566393922694258
7380,0.7431,13,187,13,280320,325290,28793,79163,3.013172033050502,0.1957285518960176
7381,0.7432,9,70,9,280390,325220,28802,79154,3.012523620734373,0.19574453352589435
7382,0.7433,13,85,13,280475,325135,28815,79141,3.0117362629219313,0.19575982744461703
7383,0.7434,12,111,12,280586,325024,28827,79129,3.0107080662492125,0.19578971330164566
7384,0.7435,13,59,13,280645,324965,28840,79116,3.010161547297047,0.19579242775582123
7385,0.7436,12,35,12,280680,324930,28852,79104,3.0098373411389825,0.19578550320022572
7386,0.7437,12,83,12,280763,324847,28864,79092,3.0090685093927156,0.19580184136713713
7387,0.7438,6,37,6,280800,324810,28870,79086,3.008725777168476,0.19580783171905639
7388,0.7439,2,31,2,280831,324779,28872,79084,3.008438623142762,0.1958188791743735
7389,0.744,12,78,12,280909,324701,28884,79072,3.0077161065619324,0.19583280704752423
7390,0.7441,4,25,4,280934,324676,28888,79068,3.007484530734744,0.1958369659982563
7391,0.7442,7,51,7,280985,324625,28895,79061,3.0070121160472785,0.1958477628651972
7392,0.7443,19,98,19,281083,324527,28914,79042,3.006104338804698,0.19585746179711525
7393,0.7444,20,92,20,281175,324435,28934,79022,3.005252139760643,0.19586226041436883
7394,0.7445,5,52,5,281227,324383,28939,79017,3.0047704620400904,0.1958775409023302
7395,0.7446,16,100,16,281327,324283,28955,79001,3.003844158731335,0.19589420854782238
7396,0.7447,16,57,16,281384,324226,28971,78985,3.0033161658453444,0.19588999308054592
7397,0.7448,19,155,19,281539,324071,28990,78966,3.0018803957167735,0.1959274210556351
7398,0.7449,13,74,13,281613,323997,29003,78953,3.0011949312682944,0.19593746122347686
7399,0.745,17,137,17,281750,323860,29020,78936,2.9999258957352994,0.195970168522031
7400,0.7451,26,188,26,281938,323672,29046,78910,2.9981844455148394,0.19600975701844592
7401,0.7452,10,95,10,282033,323577,29056,78900,2.9973044573715217,0.19603604678031292
7402,0.7453,15,98,15,282131,323479,29071,78885,2.9963966801289414,0.19605382191249715
7403,0.7454,20,131,20,282262,323348,29091,78865,2.9951832227944717,0.19607770012406361
7404,0.7455,8,57,8,282319,323291,29099,78857,2.9946552299084814,0.1960894993882849
7405,0.7456,7,66,7,282385,323225,29106,78850,2.9940438697247025,0.19610769135111608
7406,0.7457,25,118,25,282503,323107,29131,78825,2.9929508318203712,0.19611526327836548
7407,0.7458,9,100,9,282603,323007,29140,78816,2.992024528511616,0.19614606431189852
7408,0.7459,22,150,22,282753,322857,29162,78794,2.9906350735484826,0.1961752865049508
7409,0.746,16,78,16,282831,322779,29178,78778,2.9899125569676537,0.19618136404047246
7410,0.7461,28,149,28,282980,322630,29206,78750,2.988532365037608,0.1961981164980816
7411,0.7462,16,134,16,283114,322496,29222,78734,2.9872911186038755,0.19623158786730802
7412,0.7463,23,198,23,283312,322298,29245,78711,2.98545703805254,0.19628237770224607
7413,0.7464,19,93,19,283405,322205,29264,78692,2.9845955759753973,0.196289820078474
7414,0.7465,14,86,14,283491,322119,29278,78678,2.983798955129868,0.19630386454988435
7415,0.7466,9,34,9,283525,322085,29287,78669,2.9834840120048907,0.1963024698443434
7416,0.7467,22,148,22,283673,321937,29309,78647,2.982113083107933,0.19633085694885466
7417,0.7468,18,199,18,283872,321738,29327,78629,2.9802697395235094,0.19639231005552404
7418,0.7469,8,88,8,283960,321650,29335,78621,2.979454592611805,0.19641942583899408
7419,0.747,10,61,10,284021,321589,29345,78611,2.978889547593464,0.19642928535732135
7420,0.7471,21,125,21,284146,321464,29366,78590,2.97773166845752,0.19644847945527355
7421,0.7472,22,73,22,284219,321391,29388,78568,2.977055467042128,0.19644013511384917
7422,0.7473,13,132,13,284351,321259,29401,78555,2.975832746674571,0.1964788626711421
7423,0.7474,10,122,10,284473,321137,29411,78545,2.9747026566378896,0.19651873239225184
7424,0.7475,26,136,26,284609,321001,29437,78519,2.9734428841379823,0.19653334000800962
7425,0.7476,18,118,18,284727,320883,29455,78501,2.9723498462336506,0.19655519500030047
7426,0.7477,17,111,17,284838,320772,29472,78484,2.9713216495609323,0.19657563067305187
7427,0.7478,21,172,21,285010,320600,29493,78463,2.969728407869873,0.19661807784735744
7428,0.7479,14,131,14,285141,320469,29507,78449,2.968514950535403,0.1966544502880291
7429,0.748,19,145,19,285286,320324,29526,78430,2.967171810737708,0.19668768212983442
7430,0.7481,15,88,15,285374,320236,29541,78415,2.9663566638260033,0.19670087369654157
7431,0.7482,16,95,16,285469,320141,29557,78399,2.9654766756826856,0.19671551161740353
7432,0.7483,15,52,15,285521,320089,29572,78384,2.964994997962133,0.19671094402883005
7433,0.7484,33,138,33,285659,319951,29605,78351,2.96371669939605,0.19671254475247427
7434,0.7485,17,115,17,285774,319836,29622,78334,2.9626514505909816,0.1967350629128262
7435,0.7486,15,146,15,285920,319690,29637,78319,2.961299047760199,0.19677695730498557
7436,0.7487,13,52,13,285972,319638,29650,78306,2.9608173700396456,0.1967764308545926
7437,0.7488,12,95,12,286067,319543,29662,78294,2.959937381896328,0.19679919162873238
7438,0.7489,13,84,13,286151,319459,29675,78281,2.9591592871169734,0.19681450193593805
7439,0.749,20,138,20,286289,319321,29695,78261,2.957880988550891,0.19684241238285435
7440,0.7491,4,60,4,286349,319261,29699,78257,2.957325206565638,0.19686404137674268
7441,0.7492,13,88,13,286437,319173,29712,78244,2.956510059653933,0.19688136139118356
7442,0.7493,23,97,23,286534,319076,29735,78221,2.9556115454444405,0.19688293644301366
7443,0.7494,2,20,2,286554,319056,29737,78219,2.955426284782689,0.19688880498395317
7444,0.7495,23,94,23,286648,318962,29760,78196,2.954555559672459,0.19688889560326117
7445,0.7496,9,109,9,286757,318853,29769,78187,2.9535458890659156,0.1969247430989321
7446,0.7497,16,101,16,286858,318752,29785,78171,2.9526103227240728,0.19694248002761242
7447,0.7498,17,167,17,287025,318585,29802,78154,2.9510633961984514,0.1969909688737432
7448,0.7499,9,129,9,287154,318456,29811,78145,2.9498684649301565,0.19703682038118916
7449,0.75,15,82,15,287236,318374,29826,78130,2.9491088962169774,0.1970471924621189
7450,0.7501,15,97,15,287333,318277,29841,78115,2.9482103820074843,0.19706502653938526
7451,0.7502,41,197,41,287530,318080,29882,78074,2.9463855644892365,0.19707992346410738
7452,0.7503,13,77,13,287607,318003,29895,78061,2.945672310941495,0.19709188413993697
7453,0.7504,24,93,24,287700,317910,29919,78037,2.944810848864352,0.1970895094545482
7454,0.7505,3,35,3,287735,317875,29922,78034,2.9444866427062877,0.1971008489324567
7455,0.7506,25,163,25,287898,317712,29947,78009,2.9429767683130166,0.19713131221239205
7456,0.7507,17,63,17,287961,317649,29964,77992,2.9423931972285007,0.19712820460973457
7457,0.7508,21,104,21,288065,317545,29985,77971,2.9414298417873947,0.1971374103702505
7458,0.7509,12,53,12,288118,317492,29997,77959,2.9409389010337543,0.19713946860673004
7459,0.751,20,184,20,288302,317308,30017,77939,2.9392345029456446,0.1971906175125934
7460,0.7511,3,47,3,288349,317261,30020,77936,2.9387991403905294,0.1972079747568934
7461,0.7512,24,171,24,288520,317090,30044,77912,2.9372151617325577,0.19724457091356498
7462,0.7513,17,62,17,288582,317028,30061,77895,2.9366408536811295,0.19724098115328811
7463,0.7514,22,115,22,288697,316913,30083,77873,2.9355756048760604,0.19725370200564357
7464,0.7515,14,93,14,288790,316820,30097,77859,2.934714142798918,0.1972717068807816
7465,0.7516,16,158,16,288948,316662,30113,77843,2.9332505835710845,0.19731815819824844
7466,0.7517,19,105,19,289053,316557,30132,77824,2.9322779650968913,0.19733202157304738
7467,0.7518,12,52,12,289105,316505,30144,77812,2.9317962873763386,0.19733361736876676
7468,0.7519,19,117,19,289222,316388,30163,77793,2.9307125125050946,0.19735350004185895
7469,0.752,12,104,12,289326,316284,30175,77781,2.929749157063989,0.19738114270488372
7470,0.7521,14,106,14,289432,316178,30189,77767,2.9287672755567082,0.197405729226161
7471,0.7522,19,135,19,289567,316043,30208,77748,2.9275167660898886,0.19743467981746662
7472,0.7523,7,48,7,289615,315995,30215,77741,2.9270721405016857,0.19744448056565822
7473,0.7524,25,143,25,289758,315852,30240,77716,2.9257475267701656,0.19746524107651028
7474,0.7525,17,102,17,289860,315750,30257,77699,2.924802697395235,0.19748175748318078
7475,0.7526,16,103,16,289963,315647,30273,77683,2.923848604987217,0.1975008262781888
7476,0.7527,12,119,12,290082,315528,30285,77671,2.922746304049798,0.19753610767067056
7477,0.7528,20,124,20,290206,315404,30305,77651,2.9215976879469414,0.19755759372098053
7478,0.7529,20,51,20,290257,315353,30325,77631,2.921125273259476,0.19754239358345377
7479,0.753,6,42,6,290299,315311,30331,77625,2.9207362258697986,0.19755125516623573
7480,0.7531,20,97,20,290396,315214,30351,77605,2.919837711660306,0.197559181200502
7481,0.7532,19,95,19,290491,315119,30370,77586,2.9189577235169883,0.19756814911956813
7482,0.7533,12,81,12,290572,315038,30382,77574,2.9182074178368964,0.1975843835644351
7483,0.7534,16,78,16,290650,314960,30398,77558,2.917484901256067,0.197590938504731
7484,0.7535,15,101,15,290751,314859,30413,77543,2.916549334914224,0.1976111232868334
7485,0.7536,15,89,15,290840,314770,30428,77528,2.915724924969432,0.19762527466364854
7486,0.7537,13,76,13,290916,314694,30441,77515,2.9150209344547777,0.19763697416428486
7487,0.7538,20,115,20,291031,314579,30461,77495,2.913955685649709,0.19765401429322016
7488,0.7539,22,187,22,291218,314392,30483,77473,2.9122234984623363,0.19770329067408418
7489,0.754,20,131,20,291349,314261,30503,77453,2.911010041127867,0.19772844473263657
7490,0.7541,9,60,9,291409,314201,30512,77444,2.9104542591426137,0.1977403005272632
7491,0.7542,11,105,11,291514,314096,30523,77433,2.9094816406684205,0.19777079092481017
7492,0.7543,10,95,10,291609,314001,30533,77423,2.908601652525103,0.19779829545454544
7493,0.7544,4,119,4,291728,313882,30537,77419,2.907499351587684,0.19785024827434636
7494,0.7545,19,200,19,291928,313682,30556,77400,2.905646744970173,0.19791245825683615
7495,0.7546,11,81,11,292009,313601,30567,77389,2.904896439290081,0.19793089337323205
7496,0.7547,11,80,11,292089,313521,30578,77378,2.904155396643077,0.19794883077214318
7497,0.7548,19,89,19,292178,313432,30597,77359,2.9033309866982844,0.19795491707843835
7498,0.7549,20,178,20,292356,313254,30617,77339,2.9016821668087,0.19800406049263555
7499,0.755,16,108,16,292464,313146,30633,77323,2.900681759235244,0.1980259636488428
7500,0.7551,25,112,25,292576,313034,30658,77298,2.899644299529438,0.19803141940706886
7501,0.7552,14,110,14,292686,312924,30672,77284,2.898625365889807,0.1980584713793669
7502,0.7553,12,58,12,292744,312866,30684,77272,2.898088109970729,0.1980632494143098
7503,0.7554,14,66,14,292810,312800,30698,77258,2.89747674978695,0.19806797963379805
7504,0.7555,13,101,13,292911,312699,30711,77245,2.896541183445107,0.19809254662207906
7505,0.7556,8,64,8,292975,312635,30719,77237,2.895948349327504,0.19810861000533508
7506,0.7557,21,133,21,293108,312502,30740,77216,2.894716365926859,0.19813300899624858
7507,0.7558,9,46,9,293154,312456,30749,77207,2.894290266404832,0.19813787811519185
7508,0.7559,11,79,11,293233,312377,30760,77196,2.8935584867909148,0.19815541631478567
7509,0.756,16,92,16,293325,312285,30776,77180,2.8927062877468597,0.19816928350429436
7510,0.7561,25,210,25,293535,312075,30801,77155,2.8907610507984733,0.19822470004881432
7511,0.7562,18,87,18,293622,311988,30819,77137,2.889955166919856,0.19823193061355607
7512,0.7563,10,56,10,293678,311932,30829,77127,2.889436437066953,0.19823985565171348
7513,0.7564,24,162,24,293840,311770,30853,77103,2.8879358257067693,0.19827295800942724
7514,0.7565,20,191,20,294031,311579,30873,77083,2.8861665863870467,0.19832913945793518
7515,0.7566,8,54,8,294085,311525,30881,77075,2.8856663826003186,0.19834019557385488
7516,0.7567,16,134,16,294219,311391,30897,77059,2.8844251361665862,0.19837559531471233
7517,0.7568,14,97,14,294316,311294,30911,77045,2.8835266219570936,0.19839624657837612
7518,0.7569,2,50,2,294366,311244,30913,77043,2.883063470302716,0.19841766528366903
7519,0.757,23,126,23,294492,311118,30936,77020,2.881896328133684,0.19843457739257686
7520,0.7571,16,78,16,294570,311040,30952,77004,2.8811738115528547,0.19844141386028388
7521,0.7572,20,178,20,294748,310862,30972,76984,2.87952499166327,0.19849115370533665
7522,0.7573,12,64,12,294812,310798,30984,76972,2.8789321575456666,0.1984991102973412
7523,0.7574,22,157,22,294969,310641,31006,76950,2.8774778613509207,0.1985340216878101
7524,0.7575,13,91,13,295060,310550,31019,76937,2.8766349253399532,0.1985537579325242
7525,0.7576,17,94,17,295154,310456,31036,76920,2.8757642002297232,0.19856676717194663
7526,0.7577,21,104,21,295258,310352,31057,76899,2.8748008447886177,0.19857663375949966
7527,0.7578,12,140,12,295398,310212,31069,76887,2.87350402015636,0.19862360791425449
7528,0.7579,16,101,16,295499,310111,31085,76871,2.872568453814517,0.19864231411280112
7529,0.758,40,209,40,295708,309902,31125,76831,2.870632479899218,0.19866678044025207
7530,0.7581,27,217,27,295925,309685,31152,76804,2.868622401719219,0.19872234397356717
7531,0.7582,15,99,15,296024,309586,31167,76789,2.867705361443551,0.19874215464251052
7532,0.7583,5,75,5,296099,309511,31172,76784,2.8670106339619843,0.1987703697951048
7533,0.7584,8,69,8,296168,309442,31180,76776,2.866371484678943,0.19878928480806177
7534,0.7585,12,67,12,296235,309375,31192,76764,2.865750861462077,0.1987988781241988
7535,0.7586,8,83,8,296318,309292,31200,76756,2.86498202971581,0.19882501657824933
7536,0.7587,11,60,11,296378,309232,31211,76745,2.864426247730557,0.19883309109091993
7537,0.7588,17,87,17,296465,309145,31228,76728,2.8636203638519397,0.1988426243867801
7538,0.7589,11,83,11,296548,309062,31239,76717,2.862851532105673,0.19886256120732337
7539,0.759,29,161,29,296709,308901,31268,76688,2.8613601837785763,0.19888534164615693
7540,0.7591,20,157,20,296866,308744,31288,76668,2.8599058875838304,0.19892478698120453
7541,0.7592,13,46,13,296912,308698,31301,76655,2.859479788061803,0.1989215083313222
7542,0.7593,13,128,13,297040,308570,31314,76642,2.858294119826596,0.19896057236015494
7543,0.7594,13,115,13,297155,308455,31327,76629,2.8572288710215274,0.19899294699338327
7544,0.7595,10,59,10,297214,308396,31337,76619,2.8566823520693614,0.1990026362609249
7545,0.7596,18,157,18,297371,308239,31355,76601,2.8552280558746155,0.19904635692755432
7546,0.7597,19,93,19,297464,308146,31374,76582,2.854366593797473,0.19905491672038428
7547,0.7598,13,123,13,297587,308023,31387,76569,2.853227240727704,0.1990915047634896
7548,0.7599,11,115,11,297702,307908,31398,76558,2.8521619919226353,0.19912814137010815
7549,0.76,9,73,9,297775,307835,31407,76549,2.8514857905072435,0.19914720695970695
7550,0.7601,20,128,20,297903,307707,31427,76529,2.8503001222720368,0.19917186312578727
7551,0.7602,14,57,14,297960,307650,31441,76515,2.849772129386046,0.19917223068212878
7552,0.7603,10,43,10,298003,307607,31451,76505,2.849373818963281,0.19917367851043447
7553,0.7604,18,111,18,298114,307496,31469,76487,2.8483456222905628,0.1991937143050604
7554,0.7605,21,147,21,298261,307349,31490,76466,2.8469839564266923,0.1992261897007673
7555,0.7606,30,157,30,298418,307192,31520,76436,2.8455296602319464,0.19924510202592094
7556,0.7607,19,139,19,298557,307053,31539,76417,2.844242098632776,0.19927764883824028
7557,0.7608,17,85,17,298642,306968,31556,76400,2.8434547408203343,0.19928632541057156
7558,0.7609,15,69,15,298711,306899,31571,76385,2.842815591537293,0.1992908652591812
7559,0.761,12,127,12,298838,306772,31583,76373,2.8416391863351738,0.19933184564590428
7560,0.7611,23,246,23,299084,306526,31606,76350,2.8393604801956354,0.1994118200148351
7561,0.7612,10,57,10,299141,306469,31616,76340,2.8388324873096447,0.1994205987842501
7562,0.7613,13,77,13,299218,306392,31629,76327,2.838119233761903,0.19943352694796965
7563,0.7614,17,195,17,299413,306197,31646,76310,2.83631294230983,0.1994996170004732
7564,0.7615,18,125,18,299538,306072,31664,76292,2.8351550631738855,0.19952715213775354
7565,0.7616,10,90,10,299628,305982,31674,76282,2.834321390196006,0.19955318837243372
7566,0.7617,19,87,19,299715,305895,31693,76263,2.8335155063173887,0.19955882122054228
7567,0.7618,19,108,19,299823,305787,31712,76244,2.832515098743933,0.19957542712502388
7568,0.7619,21,140,21,299963,305647,31733,76223,2.831218274111675,0.19960457747400948
7569,0.762,11,85,11,300048,305562,31744,76212,2.830430916299233,0.19962595671784877
7570,0.7621,28,190,28,300238,305372,31772,76184,2.828670940012598,0.19966662822757342
7571,0.7622,14,80,14,300318,305292,31786,76170,2.8279298973655935,0.1996791292448527
7572,0.7623,18,103,18,300421,305189,31804,76152,2.8269758049575753,0.19969528584652582
7573,0.7624,26,107,26,300528,305082,31830,76126,2.825984660417207,0.19969675347841598
7574,0.7625,19,94,19,300622,304988,31849,76107,2.8251139353069767,0.19970611002505936
7575,0.7626,17,108,17,300730,304880,31866,76090,2.824113527733521,0.19972701262566606
7576,0.7627,9,76,9,300806,304804,31875,76081,2.823409537218867,0.19974795541961485
7577,0.7628,16,96,16,300902,304708,31891,76065,2.8225202860424616,0.19976468919802612
7578,0.7629,32,174,32,301076,304534,31923,76033,2.8209085182852274,0.1997887362803396
7579,0.763,24,115,24,301191,304419,31947,76009,2.8198432694801587,0.19979864783875004
7580,0.7631,5,68,5,301259,304351,31952,76004,2.819213383230205,0.19982384877285694
7581,0.7632,11,81,11,301340,304270,31963,75993,2.818463077550113,0.19984326637090646
7582,0.7633,13,121,13,301461,304149,31976,75980,2.817342250546519,0.19987951458583797
7583,0.7634,17,69,17,301530,304080,31993,75963,2.8167031012634776,0.19988001357741098
7584,0.7635,20,155,20,301685,303925,32013,75943,2.815267331134907,0.19991944570219128
7585,0.7636,26,162,26,301847,303763,32039,75917,2.813766719774723,0.1999499578592499
7586,0.7637,19,66,19,301913,303697,32058,75898,2.8131553595909446,0.1999446778803725
7587,0.7638,13,135,13,302048,303562,32071,75885,2.8119048501241246,0.19998840417765854
7588,0.7639,20,142,20,302190,303420,32091,75865,2.810589499425692,0.20002109231844128
7589,0.764,32,214,32,302404,303206,32123,75833,2.8086072103449555,0.20006648392381787
7590,0.7641,8,103,8,302507,303103,32131,75825,2.8076531179369373,0.20010397753662965
7591,0.7642,9,85,9,302592,303018,32140,75816,2.806865760124495,0.20012987218676254
7592,0.7643,26,164,26,302756,302854,32166,75790,2.8053466226981363,0.20016162939330875
7593,0.7644,8,89,8,302845,302765,32174,75782,2.804522212753344,0.20019178596052803
7594,0.7645,22,161,22,303006,302604,32196,75760,2.8030308644262476,0.20023046590056137
7595,0.7646,14,74,14,303080,302530,32210,75746,2.8023453999777685,0.20024003637555648
7596,0.7647,11,84,11,303164,302446,32221,75735,2.801567305198414,0.20026125056520555
7597,0.7648,29,159,29,303323,302287,32250,75706,2.800094482937493,0.20028413224583524
7598,0.7649,10,69,10,303392,302218,32260,75696,2.7994553336544516,0.2002995390485666
7599,0.765,4,67,4,303459,302151,32264,75692,2.7988347104375855,0.20032659067390424
7600,0.7651,21,147,21,303606,302004,32285,75671,2.797473044573715,0.20036009796782947
7601,0.7652,14,122,14,303728,301882,32299,75657,2.7963429545370335,0.2003951909604041
7602,0.7653,15,102,15,303830,301780,32314,75642,2.795398125162103,0.2004175697230156
7603,0.7654,8,59,8,303889,301721,32322,75634,2.7948516062099373,0.20043195399557445
7604,0.7655,21,123,21,304012,301598,32343,75613,2.793712253140168,0.20045279697569796
7605,0.7656,21,113,21,304125,301485,32364,75592,2.7926655304012744,0.2004683393577439
7606,0.7657,23,190,23,304315,301295,32387,75569,2.7909055541146395,0.2005206122102403
7607,0.7658,24,198,24,304513,301097,32411,75545,2.7890714735633035,0.20057508190801876
7608,0.7659,6,54,6,304567,301043,32417,75539,2.7885712697765754,0.20059110631947358
7609,0.766,17,130,17,304697,300913,32434,75522,2.787367075475194,0.20062427776375735
7610,0.7661,17,113,17,304810,300800,32451,75505,2.7863203527363,0.20064841019917354
7611,0.7662,31,143,31,304953,300657,32482,75474,2.78499573900478,0.20065881301993188
7612,0.7663,17,130,17,305083,300527,32499,75457,2.783791544703398,0.2006920507255628
7613,0.7664,21,85,21,305168,300442,32520,75436,2.7830041868909556,0.20069277797583257
7614,0.7665,27,176,27,305344,300266,32547,75409,2.781373893067546,0.20072935382977308
7615,0.7666,14,123,14,305467,300143,32561,75395,2.780234539997777,0.2007653020466637
7616,0.7667,24,144,24,305611,299999,32585,75371,2.778900663233169,0.2007912193302608
7617,0.7668,12,72,12,305683,299927,32597,75359,2.7782337248508653,0.20080418667363026
7618,0.7669,43,284,43,305967,299643,32640,75316,2.775603023454,0.20086462786598
7619,0.767,20,138,20,306105,299505,32660,75296,2.7743247248879173,0.20089594211328146
7620,0.7671,9,50,9,306155,299455,32669,75287,2.7738615732335394,0.200903554979159
7621,0.7672,38,202,38,306357,299253,32707,75249,2.7719904405498537,0.20093083615040774
7622,0.7673,13,79,13,306436,299174,32720,75236,2.7712586609359366,0.2009454875671056
7623,0.7674,13,89,13,306525,299085,32733,75223,2.7704342509911446,0.20096551503040277
7624,0.7675,23,107,23,306632,298978,32756,75200,2.769443106450776,0.20097386805210354
7625,0.7676,14,77,14,306709,298901,32770,75186,2.7687298529030344,0.200985332289013
7626,0.7677,35,236,35,306945,298665,32805,75151,2.766543777094372,0.20103740877865045
7627,0.7678,30,181,30,307126,298484,32835,75121,2.7648671681055244,0.20107064948274248
7628,0.7679,17,137,17,307263,298347,32852,75104,2.7635981325725294,0.2011080436255359
7629,0.768,17,133,17,307396,298214,32869,75087,2.7623661491718847,0.201143313304813
7630,0.7681,16,125,16,307521,298089,32885,75071,2.7612082700359406,0.2011764390609926
7631,0.7682,22,161,22,307682,297928,32907,75049,2.7597169217088444,0.20121616078203214
7632,0.7683,14,57,14,307739,297871,32921,75035,2.7591889288228537,0.20121692866298746
7633,0.7684,16,126,16,307865,297745,32937,75019,2.758021786653822,0.20125065725230978
7634,0.7685,23,156,23,308021,297589,32960,74996,2.7565767534921637,0.201285612678986
7635,0.7686,21,178,21,308199,297411,32981,74975,2.7549279336025787,0.20133678494895083
7636,0.7687,10,88,10,308287,297323,32991,74965,2.754112786690874,0.20136292332817604
7637,0.7688,24,97,24,308384,297226,33015,74941,2.7532142724813813,0.20136390383886804
7638,0.7689,15,98,15,308482,297128,33030,74926,2.752306495238801,0.20138474522515548
7639,0.769,7,62,7,308544,297066,33037,74919,2.751732187187373,0.20140328239041896
7640,0.7691,22,141,22,308685,296925,33059,74897,2.7504260995220275,0.2014324058285954
7641,0.7692,21,101,21,308786,296824,33080,74876,2.7494905331801847,0.2014420231369384
7642,0.7693,6,38,6,308824,296786,33086,74870,2.7491385379228577,0.20144972770518974
7643,0.7694,14,131,14,308955,296655,33100,74856,2.747925080588388,0.20149066918610756
7644,0.7695,27,141,27,309096,296514,33127,74829,2.7466189929230427,0.20150911690808768
7645,0.7696,20,109,20,309205,296405,33147,74809,2.7456093223164992,0.2015252657496754
7646,0.7697,14,122,14,309327,296283,33161,74795,2.7444792322798177,0.20156139679528293
7647,0.7698,30,176,30,309503,296107,33191,74765,2.742848938456408,0.20159246316788543
7648,0.7699,14,91,14,309594,296016,33205,74751,2.7420060024454407,0.2016117939298805
7649,0.77,24,139,24,309733,295877,33229,74727,2.740718440846271,0.20163570819527044
7650,0.7701,8,67,8,309800,295810,33237,74719,2.7400978176294046,0.20165493119297004
7651,0.7702,10,100,10,309900,295710,33247,74709,2.739171514320649,0.20168781838944547
7652,0.7703,23,85,23,309985,295625,33270,74686,2.738384156508207,0.20168453003016384
7653,0.7704,16,97,16,310082,295528,33286,74670,2.737485642298714,0.20170287251686936
7654,0.7705,11,79,11,310161,295449,33297,74659,2.7367538626847976,0.20172220000648458
7655,0.7706,21,173,21,310334,295276,33318,74638,2.7351513579606506,0.20177122250036494
7656,0.7707,15,142,15,310476,295134,33333,74623,2.733836007262218,0.2018163280208353
7657,0.7708,16,78,16,310554,295056,33349,74607,2.7331134906813888,0.2018243643534787
7658,0.7709,38,210,38,310764,294846,33387,74569,2.7311682537330024,0.20185699010597838
7659,0.771,12,112,12,310876,294734,33399,74557,2.7301307940271964,0.20189227465603007
7660,0.7711,14,75,14,310951,294659,33413,74543,2.7294360665456296,0.20190302327723036
7661,0.7712,25,174,25,311125,294485,33438,74518,2.7278242987883954,0.20194415763557477
7662,0.7713,11,111,11,311236,294374,33449,74507,2.7267961021156766,0.20198112670481808
7663,0.7714,18,126,18,311362,294248,33467,74489,2.725628959946645,0.20201118954702132
7664,0.7715,21,140,21,311502,294108,33488,74468,2.7243321353143872,0.20204245528737627
7665,0.7716,11,43,11,311545,294065,33499,74457,2.7239338248916227,0.2020422118625211
7666,0.7717,33,194,33,311739,293871,33532,74424,2.722136796472637,0.20207713924978618
7667,0.7718,37,237,37,311976,293634,33569,74387,2.7199414576308865,0.20212705253232832
7668,0.7719,17,83,17,312059,293551,33586,74370,2.7191726258846196,0.20213578458419063
7669,0.772,21,119,21,312178,293432,33607,74349,2.7180703249472007,0.20215563066063771
7670,0.7721,35,191,35,312369,293241,33642,74314,2.716301085627478,0.20218470705064548
7671,0.7722,10,68,10,312437,293173,33652,74304,2.715671199377524,0.20220040982156706
7672,0.7723,19,76,19,312513,293097,33671,74285,2.7149672088628702,0.2022009788176884
7673,0.7724,26,143,26,312656,292954,33697,74259,2.7136425951313496,0.2022232328376174
7674,0.7725,14,95,14,312751,292859,33711,74245,2.712762606988032,0.20224514034170155
7675,0.7726,10,55,10,312806,292804,33721,74235,2.7122531401682166,0.20225371145845536
7676,0.7727,23,143,23,312949,292661,33744,74212,2.7109285264366965,0.20228253373783298
7677,0.7728,9,81,9,313030,292580,33753,74203,2.7101782207566045,0.20230763148782796
7678,0.7729,20,49,20,313079,292531,33773,74183,2.7097243321353144,0.20229115877768505
7679,0.773,33,207,33,313286,292324,33806,74150,2.7078068842861907,0.20233358983174796
7680,0.7731,14,80,14,313366,292244,33820,74136,2.7070658416391864,0.2023472896992194
7681,0.7732,13,90,13,313456,292154,33833,74123,2.7062321686613067,0.20236869909931554
7682,0.7733,25,121,25,313577,292033,33858,74098,2.7051113416577124,0.20238111495612227
7683,0.7734,9,85,9,313662,291948,33867,74089,2.70432398384527,0.2024084996871901
7684,0.7735,32,162,32,313824,291786,33899,74057,2.7028233724850863,0.20242836407967352
7685,0.7736,30,210,30,314034,291576,33929,74027,2.7008781355367,0.20247919191035085
7686,0.7737,13,137,13,314171,291439,33942,74014,2.699609100003705,0.20252672710307482
7687,0.7738,13,155,13,314326,291284,33955,74001,2.6981733298751345,0.20258428350466073
7688,0.7739,11,81,11,314407,291203,33966,73990,2.6974230241950425,0.20260519779951972
7689,0.774,8,37,8,314444,291166,33974,73982,2.697080291970803,0.2026082574736819
7690,0.7741,10,63,10,314507,291103,33984,73972,2.696496720886287,0.20262137916866396
7691,0.7742,16,91,16,314598,291012,34000,73956,2.6956537848753195,0.2026369435128559
7692,0.7743,19,172,19,314770,290840,34019,73937,2.69406054318426,0.20269095913393662
7693,0.7744,28,156,28,314926,290684,34047,73909,2.692615510022602,0.20271645368945646
7694,0.7745,17,96,17,315022,290588,34064,73892,2.6917262588461965,0.2027326602282704
7695,0.7746,19,120,19,315142,290468,34083,73873,2.69061469487569,0.20275785596460458
7696,0.7747,8,42,8,315184,290426,34091,73865,2.6902256474860127,0.20276372460478023
7697,0.7748,20,79,20,315263,290347,34111,73845,2.689493867872096,0.20276392671997187
7698,0.7749,24,153,24,315416,290194,34135,73821,2.6880766238097,0.20279658805269013
7699,0.775,21,70,21,315486,290124,34156,73800,2.6874282114935713,0.2027895934315956
7700,0.7751,18,152,18,315638,289972,34174,73782,2.6860202304642633,0.20283488291537688
7701,0.7752,10,57,10,315695,289915,34184,73772,2.6854922375782726,0.2028447538680239
7702,0.7753,24,125,24,315820,289790,34208,73748,2.6843343584423285,0.20286187413695406
7703,0.7754,36,236,36,316056,289554,34244,73712,2.6821482826336656,0.20291466858995888
7704,0.7755,27,191,27,316247,289363,34271,73685,2.6803790433139425,0.20296214274696459
7705,0.7756,29,173,29,316420,289190,34300,73656,2.678776538589796,0.2029952100891287
7706,0.7757,15,107,15,316527,289083,34315,73641,2.6777853940494274,0.20302213253051907
7707,0.7758,30,152,30,316679,288931,34345,73611,2.6763774130201194,0.20304130280077895
7708,0.7759,22,101,22,316780,288830,34367,73589,2.675441846678276,0.20304950899373378
7709,0.776,29,239,29,317019,288591,34396,73560,2.673227981770351,0.20311969316666253
7710,0.7761,18,207,18,317226,288384,34414,73542,2.6713105339212273,0.2031962334841929
7711,0.7762,24,179,24,317405,288205,34438,73518,2.669652450998555,0.2032439186891627
7712,0.7763,23,191,23,317596,288014,34461,73495,2.667883211678832,0.20330060939008435
7713,0.7764,36,216,36,317812,287798,34497,73459,2.6658823965319205,0.20334277259679398
7714,0.7765,14,76,14,317888,287722,34511,73445,2.665178406017266,0.2033546807986333
7715,0.7766,7,76,7,317964,287646,34518,73438,2.664474415502612,0.20338203852843106
7716,0.7767,21,204,21,318168,287442,34539,73417,2.662584756752751,0.20345065524207515
7717,0.7768,22,96,22,318264,287346,34561,73395,2.661695505576346,0.20345621928197793
7718,0.7769,16,114,16,318378,287232,34577,73379,2.6606395198043646,0.20348519595908057
7719,0.777,15,155,15,318533,287077,34592,73364,2.6592037496757936,0.20353955293654163
7720,0.7771,24,153,24,318686,286924,34616,73340,2.657786505613398,0.20357293540292673
7721,0.7772,12,109,12,318795,286815,34628,73328,2.6567768350068546,0.20360801126219308
7722,0.7773,25,139,25,318934,286676,34653,73303,2.6554892734076847,0.2036313229382825
7723,0.7774,19,135,19,319069,286541,34672,73284,2.6542387639408647,0.20366567081220038
7724,0.7775,16,80,16,319149,286461,34688,73268,2.6534977212938604,0.2036755446461086
7725,0.7776,12,104,12,319253,286357,34700,73256,2.652534365852755,0.20370787485435732
7726,0.7777,23,112,23,319365,286245,34723,73233,2.651496906146949,0.2037203945721296
7727,0.7778,19,108,19,319473,286137,34742,73214,2.650496498573493,0.20373951930007153
7728,0.7779,22,189,22,319662,285948,34764,73192,2.648745785319945,0.20379796179762766
7729,0.778,35,130,35,319792,285818,34799,73157,2.647541591018563,0.20379413608189986
7730,0.7781,29,169,29,319961,285649,34828,73128,2.6459761384267666,0.20382577478489425
7731,0.7782,13,76,13,320037,285573,34841,73115,2.645272147912112,0.2038401061646891
7732,0.7783,37,193,37,320230,285380,34878,73078,2.643484382526214,0.20386767766377092
7733,0.7784,24,172,24,320402,285208,34902,73054,2.641891140835155,0.20391222066532314
7734,0.7785,12,95,12,320497,285113,34914,73042,2.6410111526918376,0.2039396350741997
7735,0.7786,16,115,16,320612,284998,34930,73026,2.6399459038867685,0.20396956628605903
7736,0.7787,19,98,19,320710,284900,34949,73007,2.6390381266441882,0.20398315763592217
7737,0.7788,23,229,23,320939,284671,34972,72984,2.6369168920671386,0.20406257426849897
7738,0.7789,6,34,6,320973,284637,34978,72978,2.6366019489421615,0.20406862128266431
7739,0.779,24,217,24,321190,284420,35002,72954,2.6345918707621623,0.204139081186656
7740,0.7791,9,87,9,321277,284333,35011,72945,2.633785986883545,0.20416874254781991
7741,0.7792,21,167,21,321444,284166,35032,72924,2.6322390603579238,0.20421742417877847
7742,0.7793,16,99,16,321543,284067,35048,72908,2.631322020082256,0.2042383920442608
7743,0.7794,27,154,27,321697,283913,35075,72881,2.6298955129867725,0.20426632734855407
7744,0.7795,29,201,29,321898,283712,35104,72852,2.628033643336174,0.20431675659909582
7745,0.7796,27,181,27,322079,283531,35131,72825,2.626357034347327,0.20436024649507795
7746,0.7797,12,116,12,322195,283415,35143,72813,2.6252825225091705,0.2043999910169891
7747,0.7798,32,262,32,322457,283153,35175,72781,2.6228556078402314,0.2044789202492597
7748,0.7799,13,104,13,322561,283049,35188,72768,2.6218922523991255,0.20450962151892688
7749,0.78,15,96,15,322657,282953,35203,72753,2.6210030012227206,0.20453127020629397
7750,0.7801,15,133,15,322790,282820,35218,72738,2.6197710178220754,0.20457421855224744
7751,0.7802,35,265,35,323055,282555,35253,72703,2.6173163140538738,0.20464845267383142
7752,0.7803,32,221,32,323276,282334,35285,72671,2.6152691837415243,0.20470415909635076
7753,0.7804,11,62,11,323338,282272,35296,72660,2.614694875690096,0.20471526940371676
7754,0.7805,34,277,34,323615,281995,35330,72626,2.6121290155248436,0.20479892617752474
7755,0.7806,37,258,37,323873,281737,35367,72589,2.6097391529882543,0.2048650113172615
7756,0.7807,18,95,18,323968,281642,35385,72571,2.6088591648449366,0.20487954987535748
7757,0.7808,14,111,14,324079,281531,35399,72557,2.6078309681722183,0.2049123381758207
7758,0.7809,43,198,43,324277,281333,35442,72514,2.6059968876208828,0.20493037951430987
7759,0.781,22,128,22,324405,281205,35464,72492,2.6048112193856756,0.20495508867759693
7760,0.7811,17,164,17,324569,281041,35481,72475,2.603292081959317,0.20501193722490638
7761,0.7812,14,86,14,324655,280955,35495,72461,2.602495461113787,0.20503033252597505
7762,0.7813,26,164,26,324819,280791,35521,72435,2.600976323687428,0.2050670109221858
7763,0.7814,17,204,17,325023,280587,35538,72418,2.599086664937567,0.20514723587484596
7764,0.7815,20,109,20,325132,280478,35558,72398,2.5980769943310236,0.20516555390562125
7765,0.7816,21,63,21,325195,280415,35579,72377,2.5974934232465077,0.20515487879543753
7766,0.7817,8,40,8,325235,280375,35587,72369,2.5971229019230058,0.2051601161182047
7767,0.7818,19,122,19,325357,280253,35606,72350,2.5959928118863242,0.20518827122854882
7768,0.7819,16,121,16,325478,280132,35622,72334,2.59487198488273,0.20522263140274524
7769,0.782,21,221,21,325699,279911,35643,72313,2.5928248545703805,0.20530401108385574
7770,0.7821,13,73,13,325772,279838,35656,72300,2.592148653154989,0.2053172335845606
7771,0.7822,31,272,31,326044,279566,35687,72269,2.589629108155174,0.20540594312674976
7772,0.7823,21,110,21,326154,279456,35708,72248,2.5886101745155434,0.20542274185110207
7773,0.7824,18,68,18,326222,279388,35726,72230,2.5879802882655896,0.2054217929685056
7774,0.7825,15,101,15,326323,279287,35741,72215,2.5870447219237467,0.20544691068614118
7775,0.7826,12,141,12,326464,279146,35753,72203,2.5857386342584014,0.20550222143794347
7776,0.7827,33,207,33,326671,278939,35786,72170,2.5838211864092777,0.20554870424853822
7777,0.7828,22,130,22,326801,278809,35808,72148,2.5826169921078956,0.20557504195670695
7778,0.7829,12,154,12,326955,278655,35820,72136,2.5811904850124123,0.20563811500295048
7779,0.783,22,130,22,327085,278525,35842,72114,2.5799862907110303,0.20566451535624958
7780,0.7831,27,135,27,327220,278390,35869,72087,2.5787357812442107,0.20568254122239119
7781,0.7832,27,185,27,327405,278205,35896,72060,2.5770221201230132,0.20572994732559632
7782,0.7833,34,152,34,327557,278053,35930,72026,2.575614139093705,0.2057421324900951
7783,0.7834,21,145,21,327702,277908,35951,72005,2.5742709992960093,0.2057797223881365
7784,0.7835,27,137,27,327839,277771,35978,71978,2.5730019637630144,0.20579901586566365
7785,0.7836,32,112,32,327951,277659,36010,71946,2.5719645040572083,0.20579225125498776
7786,0.7837,18,83,18,328034,277576,36028,71928,2.5711956723109415,0.20580021973997437
7787,0.7838,21,123,21,328157,277453,36049,71907,2.5700563192411723,0.20582493702770782
7788,0.7839,21,200,21,328357,277253,36070,71886,2.5682037126236614,0.20589507330891135
7789,0.784,7,57,7,328414,277196,36077,71879,2.5676757197376707,0.20591276946214998
7790,0.7841,21,93,21,328507,277103,36098,71858,2.5668142576605284,0.20591985923928463
7791,0.7842,23,114,23,328621,276989,36121,71835,2.565758271888547,0.20593479806435336
7792,0.7843,39,202,39,328823,276787,36160,71796,2.563887139204861,0.20596529377508369
7793,0.7844,22,215,22,329038,276572,36182,71774,2.561895587091037,0.20604226831942954
7794,0.7845,26,158,26,329196,276414,36208,71748,2.5604320278632033,0.20607648163785824
7795,0.7846,26,136,26,329332,276278,36234,71722,2.559172255363296,0.2060977011494253
7796,0.7847,18,88,18,329420,276190,36252,71704,2.5583571084515913,0.206108757265144
7797,0.7848,11,51,11,329471,276139,36263,71693,2.557884693764126,0.2061138710641919
7798,0.7849,13,61,13,329532,276078,36276,71680,2.557319648745785,0.20612034805813237
7799,0.785,35,201,35,329733,275877,36311,71645,2.555457779095187,0.20615961003907665
7800,0.7851,24,161,24,329894,275716,36335,71621,2.5539664307680905,0.20620031842274217
7801,0.7852,30,142,30,330036,275574,36365,71591,2.552651080069658,0.20621606440741433
7802,0.7853,27,129,27,330165,275445,36392,71564,2.5514561488013636,0.2062309623093349
7803,0.7854,35,213,35,330378,275232,36427,71529,2.5494831227537147,0.20627752255876525
7804,0.7855,46,257,46,330635,274975,36473,71483,2.547102523250213,0.2063251534096485
7805,0.7856,19,136,19,330771,274839,36492,71464,2.545842750750306,0.2063626361885401
7806,0.7857,22,244,22,331015,274595,36514,71442,2.5435825706769424,0.20645769094056415
7807,0.7858,20,98,20,331113,274497,36534,71422,2.542674793434362,0.2064703008507772
7808,0.7859,22,165,22,331278,274332,36556,71400,2.5411463929749156,0.20651834368817465
7809,0.786,42,232,42,331510,274100,36598,71358,2.538997369298603,0.20656056597328765
7810,0.7861,17,171,17,331681,273929,36615,71341,2.5374133906406313,0.20662380166246705
7811,0.7862,28,146,28,331827,273783,36643,71313,2.5360609878098486,0.20664684609499964
7812,0.7863,28,155,28,331982,273628,36671,71285,2.5346252176812776,0.20667530652657337
7813,0.7864,41,240,41,332222,273388,36712,71244,2.5324020897402644,0.20672485433738017
7814,0.7865,14,87,14,332309,273301,36726,71230,2.5315962058616472,0.20674482122073196
7815,0.7866,12,95,12,332404,273206,36738,71218,2.5307162177183296,0.2067742085336678
7816,0.7867,18,156,18,332560,273050,36756,71200,2.5292711845566713,0.20682643427741468
7817,0.7868,24,214,24,332774,272836,36780,71176,2.5272888954759347,0.20689975931072171
7818,0.7869,14,81,14,332855,272755,36794,71162,2.526538589795843,0.20691620361889643
7819,0.787,25,124,25,332979,272631,36819,71137,2.525389973692986,0.20693316422703684
7820,0.7871,16,124,16,333103,272507,36835,71121,2.5242413575901295,0.20697091040311033
7821,0.7872,22,166,22,333269,272341,36857,71099,2.5227036940975953,0.20702014907989752
7822,0.7873,43,258,43,333527,272083,36900,71056,2.5203138315610065,0.2070764325827143
7823,0.7874,14,63,14,333590,272020,36914,71042,2.5197302604764906,0.20708210177752126
7824,0.7875,32,290,32,333880,271730,36946,71010,2.5170439808810996,0.2071832876232713
7825,0.7876,21,144,21,334024,271586,36967,70989,2.5157101041164918,0.20722177625337518
7826,0.7877,15,158,15,334182,271428,36982,70974,2.514246544888658,0.20728266774142676
7827,0.7878,12,116,12,334298,271312,36994,70962,2.513172033050502,0.20732512548426116
7828,0.7879,8,101,8,334399,271211,37002,70954,2.512236466708659,0.2073677903935236
7829,0.788,10,68,10,334467,271143,37012,70944,2.5116065804587056,0.20738584044409755
7830,0.7881,19,97,19,334564,271046,37031,70925,2.5107080662492125,0.20740062753859245
7831,0.7882,31,181,31,334745,270865,37062,70894,2.5090314572603654,0.20743857513628025
7832,0.7883,11,93,11,334838,270772,37073,70883,2.5081699951832226,0.2074695233495778
7833,0.7884,29,153,29,334991,270619,37102,70854,2.506752751120827,0.20749517531400727
7834,0.7885,20,186,20,335177,270433,37122,70834,2.505029826966542,0.20756182109609192
7835,0.7886,19,111,19,335288,270322,37141,70815,2.5040016302938235,0.20758522235934537
7836,0.7887,20,146,20,335434,270176,37161,70795,2.5026492274630403,0.2076276281560602
7837,0.7888,12,79,12,335513,270097,37173,70783,2.5019174478491237,0.20764785261675664
7838,0.7889,15,110,15,335623,269987,37188,70768,2.5008985142094926,0.20768000469545567
7839,0.789,21,145,21,335768,269842,37209,70747,2.4995553744117975,0.20771956815986423
7840,0.7891,18,134,18,335902,269708,37227,70729,2.498314127978065,0.20775943860391202
7841,0.7892,22,194,22,336096,269514,37249,70707,2.4965170995590795,0.2078266773655947
7842,0.7893,15,87,15,336183,269427,37264,70692,2.4957112156804624,0.20784490134335334
7843,0.7894,33,177,33,336360,269250,37297,70659,2.4940716588239655,0.2078762256957009
7844,0.7895,23,93,23,336453,269157,37320,70636,2.4932101967468228,0.2078795031092459
7845,0.7896,10,62,10,336515,269095,37330,70626,2.4926358886953945,0.20789412488483197
7846,0.7897,28,201,28,336716,268894,37358,70598,2.490774019044796,0.20795188104579784
7847,0.7898,32,224,32,336940,268670,37390,70566,2.488699099633184,0.20801447959532596
7848,0.7899,21,150,21,337090,268520,37411,70545,2.487309644670051,0.20805745211095217
7849,0.79,28,118,28,337208,268402,37439,70517,2.486216606765719,0.2080644637804313
7850,0.7901,27,136,27,337344,268266,37466,70490,2.484956834265812,0.20808487524944208
7851,0.7902,11,115,11,337459,268151,37477,70479,2.4838915854607433,0.20812981720461862
7852,0.7903,24,148,24,337607,268003,37501,70455,2.482520656563785,0.20816467626707005
7853,0.7904,19,125,19,337732,267878,37520,70436,2.481362777427841,0.2081971186530856
7854,0.7905,28,230,28,337962,267648,37548,70408,2.4792322798177033,0.20827318550772653
7855,0.7906,21,128,21,338090,267520,37569,70387,2.4780466115824966,0.20830287623517713
7856,0.7907,43,254,43,338344,267266,37612,70344,2.4756938011782577,0.20835875714581914
7857,0.7908,27,215,27,338559,267051,37639,70317,2.473702249064434,0.20842818524578502
7858,0.7909,27,176,27,338735,266875,37666,70290,2.472071955241024,0.20847359601382112
7859,0.791,25,139,25,338874,266736,37691,70265,2.470784393641854,0.20850086498259648
7860,0.7911,18,123,18,338997,266613,37709,70247,2.469645040572085,0.20853470284391143
7861,0.7912,21,88,21,339085,266525,37730,70226,2.4688298936603803,0.2085398410101232
7862,0.7913,20,141,20,339226,266384,37750,70206,2.467523805995035,0.2085801717222734
7863,0.7914,34,162,34,339388,266222,37784,70172,2.466023194634851,0.20860062902429888
7864,0.7915,11,78,11,339466,266144,37795,70161,2.465300678054022,0.20862312484203327
7865,0.7916,10,90,10,339556,266054,37805,70151,2.464467005076142,0.2086554334409066
7866,0.7917,8,54,8,339610,266000,37813,70143,2.463966801289414,0.20867011956221013
7867,0.7918,25,206,25,339816,265794,37838,70118,2.462058616473378,0.20873919359832338
7868,0.7919,19,101,19,339917,265693,37857,70099,2.461123050131535,0.20875720684233096
7869,0.792,29,202,29,340119,265491,37886,70070,2.4592519174478493,0.20881449274498526
7870,0.7921,15,126,15,340245,265365,37901,70055,2.458084775278817,0.20885755172619402
7871,0.7922,39,245,39,340490,265120,37940,70016,2.4558153321723664,0.20891817053375347
7872,0.7923,13,78,13,340568,265042,37953,70003,2.4550928155915375,0.20893611305943977
7873,0.7924,51,288,51,340856,264754,38004,69952,2.452425062062322,0.20899535711938239
7874,0.7925,29,160,29,341016,264594,38033,69923,2.450942976768313,0.2090267460248657
7875,0.7926,15,74,15,341090,264520,38048,69908,2.450257512319834,0.20903752078175272
7876,0.7927,10,66,10,341156,264454,38058,69898,2.4496461521360553,0.2090551275302675
7877,0.7928,25,120,25,341276,264334,38083,69873,2.448534588165549,0.20907102484388418
7878,0.7929,21,105,21,341381,264229,38104,69852,2.4475619696913555,0.2090870178190319
7879,0.793,17,81,17,341462,264148,38121,69835,2.446811664011264,0.20909746903285498
7880,0.7931,9,68,9,341530,264080,38130,69826,2.44618177776131,0.20911873401496228
7881,0.7932,23,132,23,341662,263948,38153,69803,2.444959057393753,0.20914693888557637
7882,0.7933,23,134,23,341796,263814,38176,69780,2.443717810960021,0.20917642403640352
7883,0.7934,18,68,18,341864,263746,38194,69762,2.443087924710067,0.20917639157081688
7884,0.7935,20,119,20,341983,263627,38214,69742,2.441985623772648,0.20920361521317218
7885,0.7936,25,149,25,342132,263478,38239,69717,2.4406054318426027,0.20923783370098592
7886,0.7937,24,86,24,342218,263392,38263,69693,2.439808810997073,0.20923487998558926
7887,0.7938,19,96,19,342314,263296,38282,69674,2.438919559820668,0.20925008259002312
7888,0.7939,30,212,30,342526,263084,38312,69644,2.436955796806106,0.20931211079320045
7889,0.794,39,218,39,342744,262866,38351,69605,2.4349364555930193,0.20935660553852817
7890,0.7941,30,196,30,342940,262670,38381,69575,2.4331209011078587,0.2094087194690665
7891,0.7942,27,141,27,343081,262529,38408,69548,2.4318148134425135,0.20943335431240345
7892,0.7943,16,91,16,343172,262438,38424,69532,2.430971877431546,0.2094526613850649
7893,0.7944,22,123,22,343295,262315,38446,69510,2.429832524361777,0.20947788744066903
7894,0.7945,27,207,27,343502,262108,38473,69483,2.427915076512653,0.20954428799334118
7895,0.7946,18,143,18,343645,261965,38491,69465,2.426590462781133,0.2095917690009957
7896,0.7947,23,146,23,343791,261819,38514,69442,2.4252380599503502,0.209629265141384
7897,0.7948,19,148,19,343939,261671,38533,69423,2.423867131053392,0.2096776142122781
7898,0.7949,42,262,42,344201,261409,38575,69381,2.421440216384453,0.20974334169714925
7899,0.795,18,119,18,344320,261290,38593,69363,2.420337915447034,0.20977580726622774
7900,0.7951,9,69,9,344389,261221,38602,69354,2.4196987661639926,0.20979807910459047
7901,0.7952,13,78,13,344467,261143,38615,69341,2.4189762495831637,0.20981651154064948
7902,0.7953,28,134,28,344601,261009,38643,69313,2.4177350031494313,0.209834646193714
7903,0.7954,24,156,24,344757,260853,38667,69289,2.4162899699877727,0.20987635623458997
7904,0.7955,33,192,33,344949,260661,38700,69256,2.4145114676349624,0.20991946459260966
7905,0.7956,25,202,25,345151,260459,38725,69231,2.4126403349512766,0.20998817070581455
7906,0.7957,34,208,34,345359,260251,38759,69197,2.410713624069065,0.21003921711468881
7907,0.7958,17,137,17,345496,260114,38776,69180,2.4094445885360702,0.21008581996635226
7908,0.7959,20,209,20,345705,259905,38796,69160,2.4075086146207716,0.21017124276358773
7909,0.796,9,88,9,345793,259817,38805,69151,2.406693467709067,0.21020585588871865
7910,0.7961,22,132,22,345925,259685,38827,69129,2.4054707473415093,0.210237398650909
7911,0.7962,27,177,27,346102,259508,38854,69102,2.4038311904850125,0.21028574906424027
7912,0.7963,31,227,31,346329,259281,38885,69071,2.401728481974138,0.21035656856056914
7913,0.7964,16,108,16,346437,259173,38901,69055,2.4007280744006816,0.21038729176060544
7914,0.7965,11,75,11,346512,259098,38912,69044,2.4000333469191153,0.21040890833846324
7915,0.7966,12,66,12,346578,259032,38924,69032,2.399421986735337,0.21042235661334374
7916,0.7967,17,146,17,346724,258886,38941,69015,2.3980695839045536,0.21047511291517867
7917,0.7968,23,157,23,346881,258729,38964,68992,2.3966152877098077,0.21052053423491324
7918,0.7969,20,113,20,346994,258616,38984,68972,2.395568564970914,0.21054495280657412
7919,0.797,23,140,23,347134,258476,39007,68949,2.3942717403386564,0.21057952202794533
7920,0.7971,10,54,10,347188,258422,39017,68939,2.3937715365519288,0.21059014360293377
7921,0.7972,35,238,35,347426,258184,39052,68904,2.3915669346770905,0.2106589052487404
7922,0.7973,19,185,19,347611,257999,39071,68885,2.389853273555893,0.21073224752511593
7923,0.7974,24,98,24,347709,257901,39095,68861,2.3889454963133128,0.21073747865418868
7924,0.7975,27,158,27,347867,257743,39122,68834,2.387481937085479,0.21077418189278485
7925,0.7976,8,87,8,347954,257656,39130,68826,2.386676053206862,0.2108110094890377
7926,0.7977,31,157,31,348111,257499,39161,68795,2.385221757012116,0.21083746559850933
7927,0.7978,33,174,33,348285,257325,39194,68762,2.3836099892548814,0.2108701052173193
7928,0.7979,21,157,21,348442,257168,39215,68741,2.3821556930601355,0.21092083986634305
7929,0.798,43,185,43,348627,256983,39258,68698,2.380442031938938,0.2109364685075273
7930,0.7981,18,142,18,348769,256841,39276,68680,2.379126681240505,0.21098485197575578
7931,0.7982,20,108,20,348877,256733,39296,68660,2.3781262736670494,0.21100638305064953
7932,0.7983,46,285,46,349162,256448,39342,68614,2.375486309237097,0.21107973248180348
7933,0.7984,25,139,25,349301,256309,39367,68589,2.3741987476379265,0.21110933277520946
7934,0.7985,18,139,18,349440,256170,39385,68571,2.3729111860387566,0.2111559673709202
7935,0.7986,39,225,39,349665,255945,39424,68532,2.370827003594057,0.21120757403452325
7936,0.7987,30,171,30,349836,255774,39454,68502,2.369243024936085,0.2112459756503719
7937,0.7988,20,145,20,349981,255629,39474,68482,2.3678998851383897,0.21129181052170398
7938,0.7989,18,114,18,350095,255515,39492,68464,2.3668438993664087,0.21132233879356377
7939,0.799,55,264,55,350359,255251,39547,68409,2.3643984586312943,0.2113606871408268
7940,0.7991,21,155,21,350514,255096,39568,68388,2.3629626885027233,0.21141076529287384
7941,0.7992,32,173,32,350687,254923,39600,68356,2.3613601837785763,0.21144584089903767
7942,0.7993,23,116,23,350803,254807,39623,68333,2.3602856719404204,0.21146561861731758
7943,0.7994,36,265,36,351068,254542,39659,68297,2.3578309681722183,0.21155126858898707
7944,0.7995,19,137,19,351205,254405,39678,68278,2.3565619326392233,0.21159466101406024
7945,0.7996,24,152,24,351357,254253,39702,68254,2.3551539516099154,0.2116357164340619
7946,0.7997,43,222,43,351579,254031,39745,68211,2.353097558264478,0.21167631779842477
7947,0.7998,20,203,20,351782,253828,39765,68191,2.3512171625477047,0.21176079672317472
7948,0.7999,33,142,33,351924,253686,39798,68158,2.349901811849272,0.21177340574936926
7949,0.8,19,97,19,352021,253589,39817,68139,2.349003297639779,0.21179070519196339
7950,0.8001,38,192,38,352213,253397,39855,68101,2.347224795286969,0.21182402378863943
7951,0.8002,13,74,13,352287,253323,39868,68088,2.34653933083849,0.21184091396996368
7952,0.8003,25,179,25,352466,253144,39893,68063,2.3448812479158176,0.21189762365079218
7953,0.8004,18,132,18,352598,253012,39911,68045,2.34365852754826,0.21194055884157642
7954,0.8005,14,122,14,352720,252890,39925,68031,2.3425284375115787,0.21198675063333344
7955,0.8006,26,139,26,352859,252751,39951,68005,2.341240875912409,0.2120147401763334
7956,0.8007,15,83,15,352942,252668,39966,67990,2.340472044166142,0.21203275764209845
7957,0.8008,33,193,33,353135,252475,39999,67957,2.338684278780244,0.21207931792080692
7958,0.8009,28,148,28,353283,252327,40027,67929,2.337313349883286,0.21210843824940048
7959,0.801,27,176,27,353459,252151,40054,67902,2.3356830560598763,0.21215861123001503
7960,0.8011,14,143,14,353602,252008,40068,67888,2.334358442328356,0.21221897116562882
7961,0.8012,25,112,25,353714,251896,40093,67863,2.33332098262255,0.21223171200810612
7962,0.8013,37,210,37,353924,251686,40130,67826,2.3313757456741637,0.21227997696487144
7963,0.8014,34,141,34,354065,251545,40164,67792,2.3300696580088185,0.21228983800812307
7964,0.8015,37,173,37,354238,251372,40201,67755,2.3284671532846715,0.2123135930209603
7965,0.8016,18,114,18,354352,251258,40219,67737,2.3274111675126905,0.21234502108183514
7966,0.8017,19,113,19,354465,251145,40238,67718,2.326364444773797,0.21237333902020616
7967,0.8018,34,203,34,354668,250942,40272,67684,2.3244840490570233,0.21242459811816988
7968,0.8019,27,176,27,354844,250766,40299,67657,2.3228537552336137,0.21247522949033204
7969,0.802,31,209,31,355053,250557,40330,67626,2.320917781318315,0.21253806771574849
7970,0.8021,20,143,20,355196,250414,40350,67606,2.3195931675867945,0.21258411420665366
7971,0.8022,22,189,22,355385,250225,40372,67584,2.3178424543332468,0.21265602925027297
7972,0.8023,53,351,53,355736,249874,40425,67531,2.314591129719515,0.21275972338179927
7973,0.8024,28,182,28,355918,249692,40453,67503,2.3129052576975804,0.212812307886316
7974,0.8025,16,94,16,356012,249598,40469,67487,2.3120345325873504,0.21283567497674125
7975,0.8026,29,264,29,356276,249334,40498,67458,2.309589091852236,0.2129409833581656
7976,0.8027,35,226,35,356502,249108,40533,67423,2.307495646374449,0.21300599309388338
7977,0.8028,22,139,22,356641,248969,40555,67401,2.3062080847752786,0.21304485254606947
7978,0.8029,23,146,23,356787,248823,40578,67378,2.304855681944496,0.21308598012023997
7979,0.803,27,178,27,356965,248645,40605,67351,2.3032068620549113,0.21313877390853048
7980,0.8031,18,113,18,357078,248532,40623,67333,2.3021601393160176,0.21317018346445474
7981,0.8032,36,300,36,357378,248232,40659,67297,2.2993812293897515,0.21328308966846155
7982,0.8033,28,116,28,357494,248116,40687,67269,2.298306717551595,0.21329169110769378
7983,0.8034,19,130,19,357624,247986,40706,67250,2.297102523250213,0.2133322336281389
7984,0.8035,32,128,32,357752,247858,40738,67218,2.295916855015006,0.21333900392286306
7985,0.8036,28,169,28,357921,247689,40766,67190,2.2943514024232097,0.21338355368252568
7986,0.8037,26,204,26,358125,247485,40792,67164,2.2924617436733485,0.2134568995928797
7987,0.8038,41,198,41,358323,247287,40833,67123,2.2906276631220126,0.2134887567189339
7988,0.8039,31,180,31,358503,247107,40864,67092,2.2889603171662527,0.21353346127772527
7989,0.804,16,61,16,358564,247046,40880,67076,2.288395272147912,0.21353486861792553
7990,0.8041,26,216,26,358780,246830,40906,67050,2.286394457001,0.2136166687906206
7991,0.8042,19,150,19,358930,246680,40925,67031,2.285005002037867,0.21367118143769265
7992,0.8043,28,246,28,359176,246434,40953,67003,2.2827262958983288,0.21376863612145344
7993,0.8044,34,181,34,359357,246253,40987,66969,2.2810496869094816,0.21380682072140528
7994,0.8045,33,200,33,359557,246053,41020,66936,2.2791970802919708,0.2138605510097799
7995,0.8046,19,96,19,359653,245957,41039,66917,2.2783078291155654,0.2138784302946234
7996,0.8047,28,147,28,359800,245810,41067,66889,2.276946163251695,0.21390858301433646
7997,0.8048,39,252,39,360052,245558,41106,66850,2.2746118789136314,0.21398299659419734
7998,0.8049,22,120,22,360172,245438,41128,66828,2.2735003149431248,0.21400985057611138
7999,0.805,45,191,45,360363,245247,41173,66783,2.271731075623402,0.21402749735602347
8000,0.8051,21,127,21,360490,245120,41194,66762,2.2705546704212827,0.21406172847423063
8001,0.8052,15,123,15,360613,244997,41209,66747,2.2694153173515135,0.21410837097105317
8002,0.8053,25,62,25,360675,244935,41234,66722,2.2688410093000853,0.21408792358265658
8003,0.8054,21,119,21,360794,244816,41255,66701,2.2677387083626663,0.21411672557195915
8004,0.8055,35,183,35,360977,244633,41290,66666,2.266043573307644,0.21415423756581292
8005,0.8056,26,105,26,361082,244528,41316,66640,2.2650709548334507,0.21416083916083917
8006,0.8057,27,149,27,361231,244379,41343,66613,2.263690762903405,0.21419522045583167
8007,0.8058,21,121,21,361352,244258,41364,66592,2.262569935899811,0.2142255106964774
8008,0.8059,40,240,40,361592,244018,41404,66552,2.260346807958798,0.21428985413916346
8009,0.806,38,227,38,361819,243791,41442,66514,2.258244099447923,0.2143503971898616
8010,0.8061,16,90,16,361909,243701,41458,66498,2.2574104264700434,0.21437206438447579
8011,0.8062,34,207,34,362116,243494,41492,66464,2.2554929786209197,0.21442905167796927
8012,0.8063,24,180,24,362296,243314,41516,66440,2.25382563266516,0.2144927910535457
8013,0.8064,40,298,40,362594,243016,41556,66400,2.2510652488050686,0.21459782299557878
8014,0.8065,16,131,16,362725,242885,41572,66384,2.2498517914705993,0.21464808952724004
8015,0.8066,21,121,21,362846,242764,41593,66363,2.248730964467005,0.21467875662753497
8016,0.8067,22,88,22,362934,242676,41615,66341,2.2479158175553002,0.21468398178740974
8017,0.8068,17,106,17,363040,242570,41632,66324,2.2469339360480194,0.21471443278276692
8018,0.8069,42,257,42,363297,242313,41674,66282,2.2445533365445183,0.2147863704855879
8019,0.807,14,83,14,363380,242230,41688,66268,2.243784504798251,0.21480852388021965
8020,0.8071,31,183,31,363563,242047,41719,66237,2.242089369743229,0.2148570798354764
8021,0.8072,19,86,19,363649,241961,41738,66218,2.241292748897699,0.21486863154205835
8022,0.8073,24,128,24,363777,241833,41762,66194,2.2401070806624923,0.21489674606446837
8023,0.8074,49,253,49,364030,241580,41811,66145,2.237763533291341,0.21494841173125356
8024,0.8075,22,118,22,364148,241462,41833,66123,2.2366704953870093,0.214974722434449
8025,0.8076,20,139,20,364287,241323,41853,66103,2.2353829337878395,0.2150208505461477
8026,0.8077,15,107,15,364394,241216,41868,66088,2.2343917892474714,0.21505740244188165
8027,0.8078,20,131,20,364525,241085,41888,66068,2.2331783319130016,0.21509801304236
8028,0.8079,19,148,19,364673,240937,41907,66049,2.2318074030160435,0.21515313401914093
8029,0.808,15,56,15,364729,240881,41922,66034,2.2312886731631405,0.21515403287555188
8030,0.8081,28,157,28,364886,240724,41950,66006,2.2298343769683946,0.21519251458937827
8031,0.8082,25,118,25,365004,240606,41975,65981,2.2287413390640634,0.21521134294670027
8032,0.8083,31,202,31,365206,240404,42006,65950,2.226870206380377,0.21527383353897778
8033,0.8084,26,144,26,365350,240260,42032,65924,2.2255363296157693,0.2153084419825987
8034,0.8085,23,133,23,365483,240127,42055,65901,2.2243043462151246,0.21534304050609748
8035,0.8086,42,171,42,365654,239956,42097,65859,2.222720367557153,0.2153556888968821
8036,0.8087,19,123,19,365777,239833,42116,65840,2.2215810144873838,0.21539357417894286
8037,0.8088,36,271,36,366048,239562,42152,65804,2.2190707325206565,0.21549222899733433
8038,0.8089,23,162,23,366210,239400,42175,65781,2.2175701211604726,0.21554749476540153
8039,0.809,15,78,15,366288,239322,42190,65766,2.2168476045796437,0.21556403398363752
8040,0.8091,25,133,25,366421,239189,42215,65741,2.215615621178999,0.2155937428262224
8041,0.8092,26,175,26,366596,239014,42241,65715,2.213994590388677,0.215650627278664
8042,0.8093,13,68,13,366664,238946,42254,65702,2.213364704138723,0.21566529240303564
8043,0.8094,27,122,27,366786,238824,42281,65675,2.2122346141020417,0.21568215330756424
8044,0.8095,8,64,8,366850,238760,42289,65667,2.211641779984438,0.2157068853945281
8045,0.8096,31,141,31,366991,238619,42320,65636,2.210335692319093,0.21572693957371283
8046,0.8097,14,96,14,367087,238523,42334,65622,2.209446441142688,0.21575893077315098
8047,0.8098,20,133,20,367220,238390,42354,65602,2.208214457742043,0.21580173162451644
8048,0.8099,22,108,22,367328,238282,42376,65580,2.207214050168587,0.2158216558832628
8049,0.81,14,90,14,367418,238192,42390,65566,2.2063803771907073,0.21584945910889589
8050,0.8101,12,49,12,367467,238143,42402,65554,2.205926488569417,0.2158533011521352
8051,0.8102,37,218,37,367685,237925,42439,65517,2.2039071473563303,0.21591276092301
8052,0.8103,31,186,31,367871,237739,42470,65486,2.202184223202045,0.2159650424602193
8053,0.8104,26,125,26,367996,237614,42496,65460,2.201026344066101,0.2159868546955529
8054,0.8105,25,178,25,368174,237436,42521,65435,2.1993775241765166,0.2160490769997788
8055,0.8106,14,72,14,368246,237364,42535,65421,2.1987105857942124,0.21606420397311624
8056,0.8107,29,120,29,368366,237244,42564,65392,2.197599021823706,0.21607475647312283
8057,0.8108,47,192,47,368558,237052,42611,65345,2.1958205194708955,0.21609010671402162
8058,0.8109,34,139,34,368697,236913,42645,65311,2.1945329578717256,0.21610130234528033
8059,0.811,14,67,14,368764,236846,42659,65297,2.1939123346548595,0.21611290018302592
8060,0.8111,25,227,25,368991,236619,42684,65272,2.191809626143985,0.21621048656634348
8061,0.8112,47,243,47,369234,236376,42731,65225,2.189558709103709,0.21626254554858904
8062,0.8113,31,215,31,369449,236161,42762,65194,2.1875671569898847,0.21633621476331902
8063,0.8114,22,176,22,369625,235985,42784,65172,2.185936863166475,0.21640539652075164
8064,0.8115,38,270,38,369895,235715,42822,65134,2.1834358442328354,0.21650063653194793
8065,0.8116,28,201,28,370096,235514,42850,65106,2.1815739745822373,0.21657241700485663
8066,0.8117,29,201,29,370297,235313,42879,65077,2.179712104931639,0.2166416991244715
8067,0.8118,20,126,20,370423,235187,42899,65057,2.178544962762607,0.21668043324762526
8068,0.8119,28,162,28,370585,235025,42927,65029,2.177044351402423,0.2167243229552014
8069,0.812,24,141,24,370726,234884,42951,65005,2.175738263737078,0.21676353584159472
8070,0.8121,28,127,28,370853,234757,42979,64977,2.174561858534959,0.21678221356269226
8071,0.8122,22,96,22,370949,234661,43001,64955,2.1736726073585535,0.21679416319555697
8072,0.8123,11,67,11,371016,234594,43012,64944,2.1730519841416873,0.21681389339582957
8073,0.8124,22,185,22,371201,234409,43034,64922,2.17133832302049,0.21689033210726588
8074,0.8125,36,199,36,371400,234210,43070,64886,2.1694949794360667,0.2169403803461096
8075,0.8126,43,202,43,371602,234008,43113,64843,2.1676238467523805,0.21697434507497046
8076,0.8127,31,211,31,371813,233797,43144,64812,2.1656693467709065,0.21704637167667418
8077,0.8128,20,73,20,371886,233724,43164,64792,2.164993145355515,0.21704699245601575
8078,0.8129,31,192,31,372078,233532,43195,64761,2.163214643002705,0.2171053293238527
8079,0.813,15,108,15,372186,233424,43210,64746,2.162214235429249,0.21714458194989436
8080,0.8131,17,126,17,372312,233298,43227,64729,2.1610470932602173,0.21719173095055147
8081,0.8132,30,160,30,372472,233138,43257,64699,2.1595650079662083,0.21722955844975608
8082,0.8133,15,149,15,372621,232989,43272,64684,2.158184816036163,0.2172988480648228
8083,0.8134,30,209,30,372830,232780,43302,64654,2.156248842120864,0.21737259358378666
8084,0.8135,28,187,28,373017,232593,43330,64626,2.1545166549334915,0.21743562827410093
8085,0.8136,22,152,22,373169,232441,43352,64604,2.153108673904183,0.2174889326533017
8086,0.8137,50,287,50,373456,232154,43402,64554,2.150450183408055,0.21756744004206155
8087,0.8138,31,138,31,373594,232016,43433,64523,2.1491718848419725,0.21758689413534138
8088,0.8139,31,189,31,373783,231827,43464,64492,2.147421171588425,0.2176438230420594
8089,0.814,49,243,49,374026,231584,43513,64443,2.145170254548149,0.21769298070784085
8090,0.8141,32,105,32,374131,231479,43545,64411,2.144197636073956,0.21768562641522188
8091,0.8142,49,303,49,374434,231176,43594,64362,2.141390937048427,0.21777910116465565
8092,0.8143,38,241,38,374675,230935,43632,64324,2.1391585460743268,0.21785618727964262
8093,0.8144,30,147,30,374822,230788,43662,64294,2.1377968802104563,0.21788519801275577
8094,0.8145,22,141,22,374963,230647,43684,64272,2.136490792545111,0.2179310251289337
8095,0.8146,14,119,14,375082,230528,43698,64258,2.135388491607692,0.21798185802582212
8096,0.8147,28,143,28,375225,230385,43726,64230,2.1340638778761716,0.21801333944300189
8097,0.8148,43,265,43,375490,230120,43769,64187,2.13160917410797,0.21809539018779708
8098,0.8149,32,168,32,375658,229952,43801,64155,2.130052984549261,0.21813489648325268
8099,0.815,22,72,22,375730,229880,43823,64133,2.1293860461669567,0.21812981058660671
8100,0.8151,39,183,39,375913,229697,43862,64094,2.1276909111119346,0.21816189059569557
8101,0.8152,25,96,25,376009,229601,43887,64069,2.1268016599355293,0.21816664964075322
8102,0.8153,49,292,49,376301,229309,43936,64020,2.1240968542739633,0.21825322419535742
8103,0.8154,43,205,43,376506,229104,43979,63977,2.122197932491015,0.21829118912519066
8104,0.8155,59,388,59,376894,228716,44038,63918,2.1186038756530436,0.21842301304701436
8105,0.8156,20,109,20,377003,228607,44058,63898,2.1175942050465006,0.21845096665014274
8106,0.8157,42,226,42,377229,228381,44100,63856,2.115500759568713,0.21850758117555272
8107,0.8158,23,159,23,377388,228222,44123,63833,2.114027937307792,0.21856499631918647
8108,0.8159,16,91,16,377479,228131,44139,63817,2.1131850012968245,0.21859029690218806
8109,0.816,33,198,33,377677,227933,44172,63784,2.111350920745489,0.21865026721102987
8110,0.8161,34,208,34,377885,227725,44206,63750,2.1094242098632776,0.21871515567372846
8111,0.8162,42,182,42,378067,227543,44248,63708,2.107738337841343,0.2187391631273369
8112,0.8163,27,175,27,378242,227368,44275,63681,2.106117307051021,0.21879820923624543
8113,0.8164,24,158,24,378400,227210,44299,63657,2.1046537478231873,0.21885260273595836
8114,0.8165,44,252,44,378652,226958,44343,63613,2.1023194634851237,0.21892411837382258
8115,0.8166,30,141,30,378793,226817,44373,63583,2.1010133758197784,0.21894972451790634
8116,0.8167,31,195,31,378988,226622,44404,63552,2.0992070843677055,0.2190134195344862
8117,0.8168,21,157,21,379145,226465,44425,63531,2.097752788172959,0.2190754355232486
8118,0.8169,25,186,25,379331,226279,44450,63506,2.096029864018674,0.21914867919319495
8119,0.817,34,143,34,379474,226136,44484,63472,2.094705250287154,0.21916521643048534
8120,0.8171,19,175,19,379649,225961,44503,63453,2.093084219496832,0.21924647736460573
8121,0.8172,14,85,14,379734,225876,44517,63439,2.0922968616843898,0.219273110623369
8122,0.8173,28,225,28,379959,225651,44545,63411,2.0902126792396905,0.21936816323141747
8123,0.8174,26,158,26,380117,225493,44571,63385,2.088749120011857,0.21941788575107832
8124,0.8175,34,112,34,380229,225381,44605,63351,2.087711660306051,0.21941108017123145
8125,0.8176,13,62,13,380291,225319,44618,63338,2.087137352254622,0.21942305227311307
8126,0.8177,28,122,28,380413,225197,44646,63310,2.0860072622179406,0.21944008290960013
8127,0.8178,9,87,9,380500,225110,44655,63301,2.0852013783393235,0.21948191989903298
8128,0.8179,25,140,25,380640,224970,44680,63276,2.083904553707066,0.21952082596115818
8129,0.818,34,176,34,380816,224794,44714,63242,2.0822742598836563,0.21956283242372482
8130,0.8181,31,148,31,380964,224646,44745,63211,2.080903330986698,0.21959167225393164
8131,0.8182,34,169,34,381133,224477,44779,63177,2.0793378783949015,0.21962844250384142
8132,0.8183,40,179,40,381312,224298,44819,63137,2.0776797954722293,0.21965661801798667
8133,0.8184,38,195,38,381507,224103,44857,63099,2.0758735040201564,0.2197025090354524
8134,0.8185,8,54,8,381561,224049,44865,63091,2.0753733002334283,0.2197220867869332
8135,0.8186,35,175,35,381736,223874,44900,63056,2.0737522694431063,0.21976091729690167
8136,0.8187,17,119,17,381855,223755,44917,63039,2.0726499685056874,0.21980585367894726
8137,0.8188,29,128,29,381983,223627,44946,63010,2.0714643002704807,0.2198250749205441
8138,0.8189,39,195,39,382178,223432,44985,62971,2.0696580088184073,0.21986850696396337
8139,0.819,27,204,27,382382,223228,45012,62944,2.0677683500685466,0.21995163747676222
8140,0.8191,34,206,34,382588,223022,45046,62910,2.06586016525251,0.2200173467817523
8141,0.8192,25,138,25,382726,222884,45071,62885,2.064581866686428,0.22005535939867515
8142,0.8193,22,139,22,382865,222745,45093,62863,2.0632943050872576,0.2201023780846475
8143,0.8194,33,158,33,383023,222587,45126,62830,2.061830745859424,0.22013404947848236
8144,0.8195,25,155,25,383178,222432,45151,62805,2.0603949757308535,0.2201853195763523
8145,0.8196,23,108,23,383286,222324,45174,62782,2.0593945681573973,0.22020581818691995
8146,0.8197,26,245,26,383531,222079,45200,62756,2.0571251250509466,0.2203240472554286
8147,0.8198,35,159,35,383690,221920,45235,62721,2.0556523027900258,0.2203512494686289
8148,0.8199,47,252,47,383942,221668,45282,62674,2.0533180184519617,0.22041766605003835
8149,0.82,43,202,43,384144,221466,45325,62631,2.051446885768276,0.22045639341492518
8150,0.8201,40,249,40,384393,221217,45365,62591,2.049140390529475,0.22053994249633554
8151,0.8202,28,169,28,384562,221048,45393,62563,2.047574937937678,0.2205944057176908
8152,0.8203,38,222,38,384784,220826,45431,62525,2.0455185445922415,0.22066271161915788
8153,0.8204,30,152,30,384936,220674,45461,62495,2.044110563562933,0.22069859341947742
8154,0.8205,11,85,11,385021,220589,45472,62484,2.043323205750491,0.2207345808325061
8155,0.8206,13,62,13,385083,220527,45485,62471,2.0427488976990626,0.22074714308935045
8156,0.8207,32,121,32,385204,220406,45517,62439,2.0416280706954684,0.2207534161820078
8157,0.8208,16,168,16,385372,220238,45533,62423,2.0400718811367593,0.2208405121329083
8158,0.8209,18,81,18,385453,220157,45551,62405,2.0393215754566674,0.2208541842144379
8159,0.821,25,176,25,385629,219981,45576,62380,2.037691281633258,0.2209228611600044
8160,0.8211,46,231,46,385860,219750,45622,62334,2.035551520990033,0.2209767303356447
8161,0.8212,12,85,12,385945,219665,45634,62322,2.034764163177591,0.221010188412941
8162,0.8213,39,242,39,386187,219423,45673,62283,2.032522509170403,0.22109220250899875
8163,0.8214,49,226,49,386413,219197,45722,62234,2.0304290636926154,0.22113413234505083
8164,0.8215,23,132,23,386545,219065,45745,62211,2.0292063433250584,0.221174220338742
8165,0.8216,22,127,22,386672,218938,45767,62189,2.028029938122939,0.22121318834548087
8166,0.8217,29,161,29,386833,218777,45796,62160,2.026538589795843,0.22125957065107124
8167,0.8218,28,222,28,387055,218555,45824,62132,2.0244821964504056,0.22135688507127155
8168,0.8219,33,222,33,387277,218333,45857,62099,2.022425803104969,0.22144049181263195
8169,0.822,33,197,33,387474,218136,45890,62066,2.0206009855867206,0.2215044860493501
8170,0.8221,31,185,31,387659,217951,45921,62035,2.0188873244655228,0.2215646496610545
8171,0.8222,36,209,36,387868,217742,45957,61999,2.016951350550224,0.2216300077571754
8172,0.8223,11,61,11,387929,217681,45968,61988,2.016386305531883,0.22164773357075687
8173,0.8224,27,128,27,388057,217553,45995,61961,2.0152006372966764,0.2216740485270863
8174,0.8225,36,206,36,388263,217347,46031,61925,2.0132924524806404,0.22173723108653928
8175,0.8226,40,268,40,388531,217079,46071,61885,2.0108099596131757,0.22183866018554366
8176,0.8227,24,94,24,388625,216985,46095,61861,2.0099392345029456,0.22184646722563708
8177,0.8228,39,242,39,388867,216743,46134,61822,2.0076975804957575,0.22193024967242833
8178,0.8229,35,184,35,389051,216559,46169,61787,2.0059931824076473,0.22197911951312396
8179,0.823,14,154,14,389205,216405,46183,61773,2.004566675312164,0.2220628518430645
8180,0.8231,15,116,15,389321,216289,46198,61758,2.0034921634740077,0.22211352756908004
8181,0.8232,31,153,31,389474,216136,46229,61727,2.002074919411612,0.2221490446730943
8182,0.8233,45,131,45,389605,216005,46274,61682,2.0008614620771423,0.22212779136221716
8183,0.8234,26,78,26,389683,215927,46300,61656,2.0001389454963134,0.22211734868489785
8184,0.8235,16,110,16,389793,215817,46316,61640,1.9991200118566823,0.22216055100429977
8185,0.8236,26,125,26,389918,215692,46342,61614,1.997962132720738,0.22218776369786444
8186,0.8237,16,116,16,390034,215576,46358,61598,1.9968876208825819,0.22223585184757588
8187,0.8238,23,97,23,390131,215479,46381,61575,1.995989106673089,0.2222490922347268
8188,0.8239,22,138,22,390269,215341,46403,61553,1.9947108081070066,0.2222980635188917
8189,0.824,39,177,39,390446,215164,46442,61514,1.9930712512505095,0.2223306515154801
8190,0.8241,18,121,18,390567,215043,46460,61496,1.9919504242469155,0.2223773138689299
8191,0.8242,29,143,29,390710,214900,46489,61467,1.990625810515395,0.22241077986879765
8192,0.8243,52,334,52,391044,214566,46541,61415,1.9875319574641521,0.22253343527271804
8193,0.8244,48,243,48,391287,214323,46589,61367,1.9852810404238763,0.22259421814356706
8194,0.8245,36,170,36,391457,214153,46625,61331,1.9837063247989921,0.22262998940047335
8195,0.8246,22,186,22,391643,213967,46647,61309,1.981983400644707,0.22271829000712012
8196,0.8247,20,114,20,391757,213853,46667,61289,1.9809274148727258,0.22275406880810636
8197,0.8248,42,226,42,391983,213627,46709,61247,1.9788339693949386,0.22281845500120054
8198,0.8249,46,283,46,392266,213344,46755,61201,1.976212531031161,0.22291791873827604
8199,0.825,34,158,34,392424,213186,46789,61167,1.9747489718033273,0.2229499950793321
8200,0.8251,29,137,29,392561,213049,46818,61138,1.9734799362703324,0.22297920762107612
8201,0.8252,37,173,37,392734,212876,46855,61101,1.9718774315461856,0.22301507060811673
8202,0.8253,26,177,26,392911,212699,46881,61075,1.9702378746896885,0.2230854646533272
8203,0.8254,17,62,17,392973,212637,46898,61058,1.96966356663826,0.22308774365625972
8204,0.8255,45,222,45,393195,212415,46943,61013,1.967607173292823,0.22314100969907982
8205,0.8256,30,163,30,393358,212252,46973,60983,1.9660972988995518,0.22318883012791188
8206,0.8257,17,126,17,393484,212126,46990,60966,1.9649301567305197,0.22324344909407817
8207,0.8258,36,146,36,393630,211980,47026,60930,1.963577753899737,0.22326041552160053
8208,0.8259,36,235,36,393865,211745,47062,60894,1.9614009411241617,0.22335029104420132
8209,0.826,27,102,27,393967,211643,47089,60867,1.9604561117492312,0.22335694102968698
8210,0.8261,34,165,34,394132,211478,47123,60833,1.9589277112897847,0.22339530904003144
8211,0.8262,26,148,26,394280,211330,47149,60807,1.9575567823928266,0.2234426042765225
8212,0.8263,47,224,47,394504,211106,47196,60760,1.9554818629812145,0.2234924558422164
8213,0.8264,35,175,35,394679,210931,47231,60725,1.9538608321908926,0.22353638425066996
8214,0.8265,20,178,20,394857,210753,47251,60705,1.952212012301308,0.22362575426032757
8215,0.8266,20,123,20,394980,210630,47271,60685,1.9510726592315388,0.22366990398614156
8216,0.8267,33,211,33,395191,210419,47304,60652,1.9491181592500648,0.2237494973641592
8217,0.8268,11,75,11,395266,210344,47315,60641,1.9484234317684983,0.22377991401738104
8218,0.8269,46,268,46,395534,210076,47361,60595,1.9459409389010338,0.22386956859065063
8219,0.827,29,123,29,395657,209953,47390,60566,1.9448015858312646,0.22388815573028142
8220,0.8271,48,203,48,395860,209750,47438,60518,1.9429211901144912,0.2239184809152397
8221,0.8272,34,151,34,396011,209599,47472,60484,1.9415224721182704,0.22394597216411252
8222,0.8273,53,362,53,396373,209237,47525,60431,1.9381692541405757,0.2240940712283252
8223,0.8274,47,186,47,396559,209051,47572,60384,1.9364463299862906,0.22411342253233618
8224,0.8275,19,196,19,396755,208855,47591,60365,1.93463077550113,0.22422182601589777
8225,0.8276,33,211,33,396966,208644,47624,60332,1.9326762755196563,0.22430254000356908
8226,0.8277,36,225,36,397191,208419,47660,60296,1.9305920930749565,0.22438643172134046
8227,0.8278,20,205,20,397396,208214,47680,60276,1.928693171292008,0.22449998137733249
8228,0.8279,34,167,34,397563,208047,47714,60242,1.9271462447663863,0.22454144597803116
8229,0.828,56,311,56,397874,207736,47770,60186,1.9242654414761569,0.2246400071662648
8230,0.8281,36,150,36,398024,207586,47806,60150,1.9228759865130238,0.224661606956106
8231,0.8282,31,178,31,398202,207408,47837,60119,1.9212271666234393,0.22472124308948255
8232,0.8283,33,158,33,398360,207250,47870,60086,1.9197636073956057,0.22475835652512194
8233,0.8284,27,155,27,398515,207095,47897,60059,1.9183278372670347,0.22481040897759344
8234,0.8285,75,352,75,398867,206743,47972,59984,1.9150672496202157,0.22488911883686316
8235,0.8286,21,134,21,399001,206609,47993,59963,1.9138260031864833,0.22494110409195264
8236,0.8287,46,251,46,399252,206358,48039,59917,1.9115009818815072,0.22501924701905923
8237,0.8288,25,100,25,399352,206258,48064,59892,1.9105746785727518,0.22503099755776818
8238,0.8289,30,162,30,399514,206096,48094,59862,1.9090740672125681,0.22508065183224418
8239,0.829,49,372,49,399886,205724,48143,59813,1.905628218903998,0.22525297792774643
8240,0.8291,51,228,51,400114,205496,48194,59762,1.9035162473600356,0.22529763475559644
8241,0.8292,15,102,15,400216,205394,48209,59747,1.902571417985105,0.22534047921671865
8242,0.8293,26,126,26,400342,205268,48235,59721,1.9014042758160732,0.22537161919928753
8243,0.8294,29,140,29,400482,205128,48264,59692,1.9001074511838156,0.22540593610754475
8244,0.8295,25,143,25,400625,204985,48289,59667,1.8987828374522955,0.22545455919471608
8245,0.8296,37,189,37,400814,204796,48326,59630,1.8970321241987476,0.2255073253008403
8246,0.8297,23,177,23,400991,204619,48349,59607,1.8953925673422505,0.22559097136542203
8247,0.8298,43,267,43,401258,204352,48392,59564,1.8929193375078737,0.22569302353779233
8248,0.8299,35,143,35,401401,204209,48427,59529,1.8915947237763533,0.22571263905845954
8249,0.83,58,294,58,401695,203915,48485,59471,1.8888713920486124,0.22579408168999113
8250,0.8301,9,76,9,401771,203839,48494,59462,1.8881674015339582,0.22583279212764099
8251,0.8302,46,227,46,401998,203612,48540,59416,1.8860646930230835,0.22589230043949693
8252,0.8303,43,183,43,402181,203429,48583,59373,1.884369557968061,0.22592293818159678
8253,0.8304,31,177,31,402358,203252,48614,59342,1.882730001111564,0.2259838381684273
8254,0.8305,22,165,22,402523,203087,48636,59320,1.8812016006521175,0.22606104257889462
8255,0.8306,27,148,27,402671,202939,48663,59293,1.8798306717551596,0.22610894170047896
8256,0.8307,40,197,40,402868,202742,48703,59253,1.8780058542369114,0.22616080459550755
8257,0.8308,47,260,47,403128,202482,48750,59206,1.8755974656341472,0.22624652257650332
8258,0.8309,23,113,23,403241,202369,48773,59183,1.8745507428952537,0.2262762280540772
8259,0.831,28,138,28,403379,202231,48801,59155,1.873272444329171,0.22631280940830803
8260,0.8311,22,157,22,403536,202074,48823,59133,1.8718181481344252,0.22638367271933754
8261,0.8312,28,173,28,403709,201901,48851,59105,1.8702156434102783,0.22645073293334253
8262,0.8313,21,128,21,403837,201773,48872,59084,1.8690299751750714,0.22649957639626309
8263,0.8314,27,127,27,403964,201646,48899,59057,1.867853569972952,0.2265298059477643
8264,0.8315,44,313,44,404277,201333,48943,59013,1.8649542406165476,0.22667142955912517
8265,0.8316,43,233,43,404510,201100,48986,58970,1.8627959539071473,0.2267466451340024
8266,0.8317,37,161,37,404671,200939,49023,58933,1.861304605580051,0.2267770286910479
8267,0.8318,45,238,45,404909,200701,49068,58888,1.8591000037052132,0.22685090662547333
8268,0.8319,23,91,23,405000,200610,49091,58865,1.8582570676942458,0.22686193274881974
8269,0.832,32,193,32,405193,200417,49123,58833,1.8564693023083478,0.2269353905496625
8270,0.8321,41,220,41,405413,200197,49164,58792,1.854431435029086,0.2270057801682697
8271,0.8322,48,296,48,405709,199901,49212,58744,1.8516895772351698,0.22712211718765102
8272,0.8323,31,202,31,405911,199699,49243,58713,1.849818444551484,0.2272069408541399
8273,0.8324,48,164,48,406075,199535,49291,58665,1.848299307125125,0.22720759101471727
8274,0.8325,41,259,41,406334,199276,49332,58624,1.8459001815554485,0.22731291198138814
8275,0.8326,34,98,34,406432,199178,49366,58590,1.8449924043128683,0.22729741472952422
8276,0.8327,28,159,28,406591,199019,49394,58562,1.843519582051947,0.22735372562417258
8277,0.8328,31,148,31,406739,198871,49425,58531,1.842148653154989,0.22739139556025206
8278,0.8329,20,113,20,406852,198758,49445,58511,1.8411019304160954,0.22743121013413975
8279,0.833,21,143,21,406995,198615,49466,58490,1.8397773166845752,0.22749460337216312
8280,0.8331,49,261,49,407256,198354,49515,58441,1.8373596650487236,0.22757841858291633
8281,0.8332,29,189,29,407445,198165,49544,58412,1.835608951795176,0.22765875351259077
8282,0.8333,34,202,34,407647,197963,49578,58378,1.83373781911149,0.22773571141565338
8283,0.8334,32,156,32,407803,197807,49610,58346,1.8322927859498315,0.22777792959676443
8284,0.8335,42,189,42,407992,197618,49652,58304,1.8305420726962838,0.22781941372762013
8285,0.8336,30,155,30,408147,197463,49682,58274,1.8291063025677128,0.22786691014597027
8286,0.8337,22,166,22,408313,197297,49704,58252,1.8275686390751789,0.22794845606909048
8287,0.8338,48,200,48,408513,197097,49752,58204,1.825716032457668,0.22798187237809486
8288,0.8339,45,256,45,408769,196841,49797,58159,1.8233446959872541,0.22807450980392158
8289,0.834,36,147,36,408916,196694,49833,58123,1.8219830301233837,0.22809702649352281
8290,0.8341,20,119,20,409035,196575,49853,58103,1.8208807291859646,0.22814298840103975
8291,0.8342,40,146,40,409181,196429,49893,58063,1.8195283263551818,0.22815255489367053
8292,0.8343,30,188,30,409369,196241,49923,58033,1.8177868761347216,0.2282301768957896
8293,0.8344,24,142,24,409511,196099,49947,58009,1.8164715254362889,0.2282848237757174
8294,0.8345,39,171,39,409682,195928,49986,57970,1.814887546778317,0.2283200340294134
8295,0.8346,34,198,34,409880,195730,50020,57936,1.8130534662269813,0.22839481838322834
8296,0.8347,25,135,25,410015,195595,50045,57911,1.8118029567601615,0.22844035249658784
8297,0.8348,24,156,24,410171,195439,50069,57887,1.810357923598503,0.22850793049272478
8298,0.8349,27,144,27,410315,195295,50096,57860,1.8090240468338954,0.22855562797495604
8299,0.835,54,323,54,410638,194972,50150,57806,1.8060320871466153,0.22868287588318603
8300,0.8351,12,86,12,410724,194886,50162,57794,1.8052354663010857,0.22872407788507204
8301,0.8352,30,193,30,410917,194693,50192,57764,1.8034477009151877,0.22880728203218767
8302,0.8353,26,135,26,411052,194558,50218,57738,1.8021971914483679,0.2288502394013381
8303,0.8354,29,137,29,411189,194421,50247,57709,1.800928155915373,0.22888589219846905
8304,0.8355,49,249,49,411438,194172,50296,57660,1.798621660676572,0.22896216525302582
8305,0.8356,29,188,29,411626,193984,50325,57631,1.7968802104561117,0.22904437334817082
8306,0.8357,52,322,52,411948,193662,50377,57579,1.7938975138019193,0.22917835862777175
8307,0.8358,38,211,38,412159,193451,50415,57541,1.7919430138204453,0.2292543188627526
8308,0.8359,42,195,42,412354,193256,50457,57499,1.7901367223683724,0.2293035034196726
8309,0.836,41,201,41,412555,193055,50498,57458,1.7882748527177739,0.22936135050875603
8310,0.8361,19,100,19,412655,192955,50517,57439,1.7873485494090184,0.22939447430848983
8311,0.8362,36,168,36,412823,192787,50553,57403,1.7857923598503094,0.22943762740317358
8312,0.8363,41,178,41,413001,192609,50594,57362,1.7841435399607248,0.22947461905581049
8313,0.8364,52,320,52,413321,192289,50646,57310,1.7811793693727074,0.2296082916998866
8314,0.8365,28,146,28,413467,192143,50674,57282,1.7798269665419244,0.22965620928134708
8315,0.8366,36,160,36,413627,191983,50710,57246,1.778344881247916,0.22969237127300596
8316,0.8367,29,145,29,413772,191838,50739,57217,1.7770017414502204,0.22973640360562927
8317,0.8368,37,161,37,413933,191677,50776,57180,1.7755103931231242,0.2297705107752645
8318,0.8369,48,236,48,414169,191441,50824,57132,1.7733243173144615,0.2298399262993165
8319,0.837,28,175,28,414344,191266,50852,57104,1.7717032865241396,0.22991504610057575
8320,0.8371,30,94,30,414438,191172,50882,57074,1.7708325614139093,0.22990904183753214
8321,0.8372,17,74,17,414512,191098,50899,57057,1.7701470969654303,0.22992484535874755
8322,0.8373,21,125,21,414637,190973,50920,57036,1.7689892178294861,0.22997552508175106
8323,0.8374,26,183,26,414820,190790,50946,57010,1.7672940827744636,0.2300645682001614
8324,0.8375,29,188,29,415008,190602,50975,56981,1.7655526325540034,0.2301490813181842
8325,0.8376,54,264,54,415272,190338,51029,56927,1.7631071918188892,0.23022667987786383
8326,0.8377,38,161,38,415433,190177,51067,56889,1.761615843491793,0.23025831154428372
8327,0.8378,22,141,22,415574,190036,51089,56867,1.7603097558264478,0.23032121926424548
8328,0.8379,48,242,48,415816,189794,51137,56819,1.7580681018192597,0.23039742430447704
8329,0.838,41,216,41,416032,189578,51178,56778,1.756067286672348,0.23047135040348113
8330,0.8381,23,150,23,416182,189428,51201,56755,1.7546778317092149,0.23053988293261518
8331,0.8382,13,83,13,416265,189345,51214,56742,1.7539089999629478,0.23057699106413584
8332,0.8383,29,152,29,416417,189193,51243,56713,1.7525010189336396,0.23062877684969052
8333,0.8384,54,356,54,416773,188837,51297,56659,1.7492033791544703,0.23079398442337146
8334,0.8385,33,173,33,416946,188664,51330,56626,1.7476008744303235,0.23085327571446043
8335,0.8386,38,138,38,417084,188526,51368,56588,1.746322575864241,0.23086400613592042
8336,0.8387,21,168,21,417252,188358,51389,56567,1.7447663863055318,0.23095641522915178
8337,0.8388,60,222,60,417474,188136,51449,56507,1.7427099929600949,0.23097738337087104
8338,0.8389,55,271,55,417745,187865,51504,56452,1.7401997109933676,0.2310604665250474
8339,0.839,26,202,26,417947,187663,51530,56426,1.7383285783096818,0.2311697782366268
8340,0.8391,50,248,50,418195,187415,51580,56376,1.7360313461039683,0.23124725687166467
8341,0.8392,16,83,16,418278,187332,51596,56360,1.7352625143577012,0.23127554453982896
8342,0.8393,41,195,41,418473,187137,51637,56319,1.7334562229056283,0.23133132886435331
8343,0.8394,28,148,28,418621,186989,51665,56291,1.7320852940086702,0.23138359092403815
8344,0.8395,31,190,31,418811,186799,51696,56260,1.7303253177220348,0.2314664340756771
8345,0.8396,40,174,40,418985,186625,51736,56220,1.7287135499648005,0.23150569293170542
8346,0.8397,32,198,32,419183,186427,51768,56188,1.7268794694134648,0.23159326504956412
8347,0.8398,32,188,32,419371,186239,51800,56156,1.7251380191930046,0.23167144536809753
8348,0.8399,29,125,29,419496,186114,51829,56127,1.7239801400570602,0.2316990104895538
8349,0.84,50,273,50,419769,185841,51879,56077,1.721451332024158,0.2318016848684265
8350,0.8401,27,173,27,419942,185668,51906,56050,1.7198488273000112,0.2318817795944034
8351,0.8402,27,131,27,420073,185537,51933,56023,1.7186353699655414,0.23192167577413478
8352,0.8403,26,204,26,420277,185333,51959,55997,1.7167457112156805,0.23203497285874114
8353,0.8404,39,163,39,420440,185170,51998,55958,1.7152358368224092,0.23206761554029395
8354,0.8405,34,175,34,420615,184995,52032,55924,1.713614806032087,0.23212781059194168
8355,0.8406,43,231,43,420846,184764,52075,55881,1.711475045388862,0.23221342641650564
8356,0.8407,37,147,37,420993,184617,52112,55844,1.7101133795249917,0.23223724429325338
8357,0.8408,29,143,29,421136,184474,52141,55815,1.7087887657934715,0.2322827928036656
8358,0.8409,25,124,25,421260,184350,52166,55790,1.7076401496906146,0.23232281169317898
8359,0.841,38,156,38,421416,184194,52204,55752,1.7061951165289562,0.23235227926283414
8360,0.8411,26,109,26,421525,184085,52230,55726,1.705185445922413,0.23237466171276547
8361,0.8412,41,205,41,421730,183880,52271,55685,1.7032865241394641,0.23244213470248157
8362,0.8413,24,181,24,421911,183699,52295,55661,1.701609915150617,0.232540942513369
8363,0.8414,20,167,20,422078,183532,52315,55641,1.7000629886249954,0.23263913568839292
8364,0.8415,45,219,45,422297,183313,52360,55596,1.698034384378821,0.23270785110648826
8365,0.8416,14,82,14,422379,183231,52374,55582,1.6972748156656416,0.23274277363460114
8366,0.8417,31,171,31,422550,183060,52405,55551,1.6956908370076698,0.23280988722229906
8367,0.8418,14,87,14,422637,182973,52419,55537,1.6948849531290526,0.23284977569074672
8368,0.8419,63,309,63,422946,182664,52482,55474,1.6920226759049983,0.232948962366359
8369,0.842,88,408,88,423354,182256,52570,55386,1.6882433584052763,0.23306486227182063
8370,0.8421,46,203,46,423557,182053,52616,55340,1.6863629626885028,0.2331155510061375
8371,0.8422,35,192,35,423749,181861,52651,55305,1.6845844603356923,0.2331910982181257
8372,0.8423,53,240,53,423989,181621,52704,55252,1.6823613323946793,0.23325579529959092
8373,0.8424,30,142,30,424131,181479,52734,55222,1.6810459816962466,0.23329854964702304
8374,0.8425,36,245,36,424376,181234,52770,55186,1.678776538589796,0.2334235682260384
8375,0.8426,29,173,29,424549,181061,52799,55157,1.677174033865649,0.23350041063763133
8376,0.8427,21,146,21,424695,180915,52820,55136,1.6758216310348661,0.23357664233576642
8377,0.8428,36,185,36,424880,180730,52856,55100,1.6741079699136685,0.23364287834457023
8378,0.8429,34,198,34,425078,180532,52890,55066,1.6722738893623328,0.23372863946213465
8379,0.843,35,160,35,425238,180372,52925,55031,1.670791804068324,0.23377357127989024
8380,0.8431,29,140,29,425378,180232,52954,55002,1.6694949794360665,0.2338182405604632
8381,0.8432,55,202,55,425580,180030,53009,54947,1.6676238467523805,0.23383990773565072
8382,0.8433,29,185,29,425765,179845,53038,54918,1.665910185631183,0.23392953744840542
8383,0.8434,40,258,40,426023,179587,53078,54878,1.663520323094594,0.2340562557311326
8384,0.8435,26,142,26,426165,179445,53104,54852,1.6622049723961614,0.23411311284395447
8385,0.8436,37,212,37,426377,179233,53141,54815,1.6602412093816,0.234204094886519
8386,0.8437,32,146,32,426523,179087,53173,54783,1.658888806550817,0.23424552101594903
8387,0.8438,33,172,33,426695,178915,53206,54750,1.6572955648597576,0.23430980249502492
8388,0.8439,45,233,45,426928,178682,53251,54705,1.6551372781503575,0.2343960888995531
8389,0.844,33,120,33,427048,178562,53284,54672,1.6540257141798511,0.2344083624171433
8390,0.8441,29,199,29,427247,178363,53313,54643,1.6521823705954277,0.2345132743362832
8391,0.8442,24,186,24,427433,178177,53337,54619,1.6504594464411426,0.2346217288956855
8392,0.8443,34,267,34,427700,177910,53371,54585,1.6479862166067658,0.23477924256435623
8393,0.8444,27,168,27,427868,177742,53398,54558,1.6464300270480565,0.23486009470512267
8394,0.8445,20,96,20,427964,177646,53418,54538,1.6455407758716514,0.23489129311235915
8395,0.8446,19,87,19,428051,177559,53437,54519,1.6447348919930342,0.23491670903747877
8396,0.8447,17,157,17,428208,177402,53454,54502,1.6432805957982881,0.23501966330895543
8397,0.8448,23,84,23,428292,177318,53477,54479,1.6425025010189336,0.23502892617246987
8398,0.8449,26,128,26,428420,177190,53503,54453,1.6413168327837266,0.23507293550851957
8399,0.845,19,166,19,428586,177024,53522,54434,1.6397791692911927,0.23517873653103372
8400,0.8451,24,135,24,428721,176889,53546,54410,1.638528659824373,0.2352366417494239
8401,0.8452,44,222,44,428943,176667,53590,54366,1.636472266478936,0.23531703263170198
8402,0.8453,39,231,39,429174,176436,53629,54327,1.6343325058357108,0.23542335643062362
8403,0.8454,41,163,41,429337,176273,53670,54286,1.6328226314424394,0.23545383177407953
8404,0.8455,29,139,29,429476,176134,53699,54257,1.6315350698432696,0.23549965059399022
8405,0.8456,26,139,26,429615,175995,53725,54231,1.6302475082440995,0.23555549764144798
8406,0.8457,37,144,37,429759,175851,53762,54194,1.6289136314794916,0.23557999521832684
8407,0.8458,39,286,39,430045,175565,53801,54155,1.6262644040164511,0.23574351384293923
8408,0.8459,28,106,28,430151,175459,53829,54127,1.6252825225091705,0.23575914907703432
8409,0.846,39,282,39,430433,175177,53868,54088,1.62267034717848,0.23591913288116373
8410,0.8461,19,120,19,430553,175057,53887,54069,1.6215587832079736,0.23597933015022302
8411,0.8462,48,227,48,430780,174830,53935,54021,1.6194560746970987,0.2360531524878633
8412,0.8463,57,242,57,431022,174588,53992,53964,1.6172144206899106,0.2361125695684133
8413,0.8464,53,271,53,431293,174317,54045,53911,1.6147041387231835,0.2362155388471178
8414,0.8465,30,175,30,431468,174142,54075,53881,1.6130831079328616,0.23629633852725382
8415,0.8466,23,110,23,431578,174032,54098,53858,1.6120641742932307,0.23633331870639343
8416,0.8467,39,205,39,431783,173827,54137,53819,1.6101652525102819,0.23641531149240488
8417,0.8468,27,121,27,431904,173706,54164,53792,1.6090444255066878,0.23645043033345348
8418,0.8469,50,281,50,432185,173425,54214,53742,1.6064415132090852,0.23657485462237032
8419,0.847,37,178,37,432363,173247,54251,53705,1.6047926933195005,0.23663594063943036
8420,0.8471,47,232,47,432595,173015,54298,53658,1.602643669643188,0.23671985635695472
8421,0.8472,31,180,31,432775,172835,54329,53627,1.6009763236874281,0.23680352553629305
8422,0.8473,47,246,47,433021,172589,54376,53580,1.59869761754789,0.2369024932683082
8423,0.8474,45,245,45,433266,172344,54421,53535,1.596428174441439,0.23700742432895489
8424,0.8475,17,118,17,433384,172226,54438,53518,1.5953351365371078,0.23707385356864413
8425,0.8476,38,219,38,433603,172007,54476,53480,1.5933065322909334,0.23717553561846139
8426,0.8477,45,266,45,433869,171741,54521,53435,1.5908425654896439,0.23730326500159876
8427,0.8478,38,231,38,434100,171510,54559,53397,1.588702804846419,0.23741813282823568
8428,0.8479,20,127,20,434227,171383,54579,53377,1.5875263996442994,0.23748442783413418
8429,0.848,27,157,27,434384,171226,54606,53350,1.5860721034495535,0.23755877742946707
8430,0.8481,26,140,26,434524,171086,54632,53324,1.584775278817296,0.2376186444454347
8431,0.8482,33,144,33,434668,170942,54665,53291,1.5834414020526881,0.237659042157042
8432,0.8483,44,203,44,434871,170739,54709,53247,1.5815610063359147,0.23772467922102275
8433,0.8484,45,223,45,435094,170516,54754,53202,1.57949534995739,0.2378083122502436
8434,0.8485,38,219,38,435313,170297,54792,53164,1.5774667457112157,0.23791176088892468
8435,0.8486,33,148,33,435461,170149,54825,53131,1.5760958168142576,0.23795682551056968
8436,0.8487,24,201,24,435662,169948,54849,53107,1.5742339471636593,0.23808926049629014
8437,0.8488,31,186,31,435848,169762,54880,53076,1.5725110230093742,0.23818199768441647
8438,0.8489,36,152,36,436000,169610,54916,53040,1.571103041980066,0.23822142375926342
8439,0.849,19,83,19,436083,169527,54935,53021,1.570334210233799,0.23824523248917087
8440,0.8491,32,123,32,436206,169404,54967,52989,1.5691948571640297,0.23826739150962487
8441,0.8492,49,220,49,436426,169184,55016,52940,1.567156989884768,0.2383353442221462
8442,0.8493,35,129,35,436555,169055,55051,52905,1.5659620586164733,0.23835375743377185
8443,0.8494,31,188,31,436743,168867,55082,52874,1.5642206083960133,0.23844936209361373
8444,0.8495,36,122,36,436865,168745,55118,52838,1.5630905183593315,0.23845692133421786
8445,0.8496,36,184,36,437049,168561,55154,52802,1.5613861202712216,0.238531281198755
8446,0.8497,25,167,25,437216,168394,55179,52777,1.5598391937456,0.2386253170623635
8447,0.8498,32,188,32,437404,168206,55211,52745,1.55809774352514,0.2387180868156288
8448,0.8499,31,136,31,437540,168070,55242,52714,1.5568379710252325,0.23875824335096746
8449,0.85,29,187,29,437727,167883,55271,52685,1.55510578383786,0.2388605781437017
8450,0.8501,32,132,32,437859,167751,55303,52653,1.5538830634703027,0.2388931235367779
8451,0.8502,44,261,44,438120,167490,55347,52609,1.551465411834451,0.23902425726604845
8452,0.8503,29,143,29,438263,167347,55376,52580,1.550140798102931,0.23907933086887923
8453,0.8504,25,110,25,438373,167237,55401,52555,1.5491218644632998,0.23911243357356046
8454,0.8505,35,177,35,438550,167060,55436,52520,1.5474823076068027,0.2391838965297386
8455,0.8506,32,120,32,438670,166940,55468,52488,1.5463707436362963,0.2392037479264269
8456,0.8507,17,86,17,438756,166854,55485,52471,1.5455741227907667,0.2392385728941069
8457,0.8508,50,272,50,439028,166582,55535,52421,1.543054577790952,0.2393620178719013
8458,0.8509,34,210,34,439238,166372,55569,52387,1.5411093408425656,0.23947357594430402
8459,0.851,49,204,49,439442,166168,55618,52338,1.5392196820927044,0.2395266033884653
8460,0.8511,42,185,42,439627,165983,55660,52296,1.537506020971507,0.23958328561153386
8461,0.8512,33,240,33,439867,165743,55693,52263,1.5352828930304938,0.23973193398346834
8462,0.8513,32,136,32,440003,165607,55725,52231,1.5340231205305865,0.23976992076680836
8463,0.8514,31,210,31,440213,165397,55756,52200,1.5320778835822002,0.23989301323088094
8464,0.8515,49,223,49,440436,165174,55805,52151,1.5300122272036756,0.23996779017600367
8465,0.8516,54,293,54,440729,164881,55859,52097,1.5272981585090222,0.2401026832213404
8466,0.8517,68,362,68,441091,164519,55927,52029,1.5239449405313277,0.24026543768587103
8467,0.8518,27,122,27,441213,164397,55954,52002,1.522814850494646,0.24030610122967297
8468,0.8519,52,208,52,441421,164189,56006,51950,1.5208881396124347,0.24035458663175086
8469,0.852,26,151,26,441572,164038,56032,51924,1.519489421616214,0.24043118696807772
8470,0.8521,28,146,28,441718,163892,56060,51896,1.518137018785431,0.24049530094351865
8471,0.8522,48,204,48,441922,163688,56108,51848,1.5162473600355701,0.24055378219879742
8472,0.8523,31,96,31,442018,163592,56139,51817,1.5153581088591648,0.24055169468313767
8473,0.8524,25,95,25,442113,163497,56164,51792,1.514478120715847,0.24056965288519153
8474,0.8525,22,116,22,442229,163381,56186,51770,1.513403608877691,0.2406217028970351
8475,0.8526,33,207,33,442436,163174,56219,51737,1.5114861610285673,0.24073686316661316
8476,0.8527,48,170,48,442606,163004,56267,51689,1.509911445403683,0.240757733135221
8477,0.8528,32,181,32,442787,162823,56299,51657,1.5082348364148357,0.24084763148079075
8478,0.8529,42,215,42,443002,162608,56341,51615,1.5062432843010116,0.24094051525746535
8479,0.853,30,126,30,443128,162482,56371,51585,1.5050761421319796,0.24097595612588582
8480,0.8531,40,199,40,443327,162283,56411,51545,1.5032327985475564,0.24105823372056046
8481,0.8532,54,198,54,443525,162085,56465,51491,1.5013987179962207,0.24108982282653482
8482,0.8533,30,168,30,443693,161917,56495,51461,1.4998425284375116,0.2411729419152865
8483,0.8534,58,287,58,443980,161630,56553,51403,1.4971840379413834,0.24129125534541596
8484,0.8535,32,127,32,444107,161503,56585,51371,1.4960076327392642,0.24132115711641627
8485,0.8536,29,150,29,444257,161353,56614,51342,1.494618177776131,0.24138790286560569
8486,0.8537,42,182,42,444439,161171,56656,51300,1.492932305754196,0.24144471480813853
8487,0.8538,14,68,14,444507,161103,56670,51286,1.4923024195042425,0.2414720159706953
8488,0.8539,18,77,18,444584,161026,56688,51268,1.4915891659565008,0.24149528484083393
8489,0.854,68,372,68,444956,160654,56756,51200,1.4881433176479306,0.24167587111878935
8490,0.8541,30,117,30,445073,160537,56786,51170,1.4870595427766868,0.24170197489927117
8491,0.8542,27,185,27,445258,160352,56813,51143,1.4853458816554892,0.24181659140878034
8492,0.8543,34,146,34,445404,160206,56847,51109,1.4839934788247064,0.24186167569741854
8493,0.8544,36,236,36,445640,159970,56883,51073,1.4818074030160435,0.24200281459228687
8494,0.8545,43,173,43,445813,159797,56926,51030,1.4802048982918967,0.24204679666266654
8495,0.8546,62,231,62,446044,159566,56988,50968,1.4780651376486718,0.24208916374552328
8496,0.8547,45,247,45,446291,159319,57033,50923,1.475777168476046,0.242211356436868
8497,0.8548,45,202,45,446493,159117,57078,50878,1.47390603579236,0.24228195909426414
8498,0.8549,15,119,15,446612,158998,57093,50863,1.472803734854941,0.24236518457455172
8499,0.855,25,140,25,446752,158858,57118,50838,1.4715069102226832,0.24243667022737678
8500,0.8551,23,89,23,446841,158769,57141,50815,1.470682500277891,0.24245648522788
8501,0.8552,68,303,68,447144,158466,57209,50747,1.467875801252362,0.24256140870787188
8502,0.8553,19,136,19,447280,158330,57228,50728,1.4666160287524548,0.24265036497048667
8503,0.8554,59,343,59,447623,157987,57287,50669,1.4634388084034236,0.24283509700176367
8504,0.8555,40,216,40,447839,157771,57327,50629,1.4614379932565118,0.24294145873320538
8505,0.8556,51,241,51,448080,157530,57378,50578,1.4592056022824114,0.24303726911026965
8506,0.8557,89,362,89,448442,157168,57467,50489,1.4558523843047166,0.24313651839331205
8507,0.8558,33,190,33,448632,156978,57500,50456,1.4540924080180815,0.24323881330929356
8508,0.8559,24,119,24,448751,156859,57524,50432,1.4529901070806626,0.2432908326941353
8509,0.856,37,134,37,448885,156725,57561,50395,1.4517488606469302,0.24331305523368096
8510,0.8561,33,174,33,449059,156551,57594,50362,1.4501370928896957,0.24339698327316311
8511,0.8562,53,184,53,449243,156367,57647,50309,1.4484326948015858,0.24341965201571542
8512,0.8563,60,308,60,449551,156059,57707,50249,1.4455796806106191,0.2435630222773717
8513,0.8564,31,149,31,449700,155910,57738,50218,1.4441994886805736,0.2436253201893969
8514,0.8565,28,130,28,449830,155780,57766,50190,1.4429952943791915,0.2436762635335243
8515,0.8566,40,152,40,449982,155628,57806,50150,1.4415873133498833,0.24370924005481637
8516,0.8567,28,205,28,450187,155423,57834,50122,1.4396883915669347,0.24384927874674645
8517,0.8568,20,90,20,450277,155333,57854,50102,1.4388547185890548,0.2438824932460389
8518,0.8569,38,166,38,450443,155167,57892,50064,1.4373170550965209,0.24393975568992987
8519,0.857,46,213,46,450656,154954,57938,50018,1.4353440290488717,0.24402357395156413
8520,0.8571,46,138,46,450794,154816,57984,49972,1.4340657304827893,0.24401820419165185
8521,0.8572,36,204,36,450998,154612,58020,49936,1.4321760717329282,0.24412851751178208
8522,0.8573,44,206,44,451204,154406,58064,49892,1.430267886916892,0.24421188655787135
8523,0.8574,28,168,28,451372,154238,58092,49864,1.428711697358183,0.2443092179400496
8524,0.8575,37,199,37,451571,154039,58129,49827,1.4268683537737596,0.24441054418098163
8525,0.8576,27,170,27,451741,153869,58156,49800,1.4252936381488754,0.24451438363226607
8526,0.8577,65,244,65,451985,153625,58221,49735,1.4230334580755122,0.24456628638867034
8527,0.8578,16,88,16,452073,153537,58237,49719,1.4222183111638074,0.24461270515999528
8528,0.8579,23,112,23,452185,153425,58260,49696,1.4211808514580013,0.24466204872957498
8529,0.858,39,194,39,452379,153231,58299,49657,1.419383823039016,0.24475079847009187
8530,0.8581,32,167,32,452546,153064,58331,49625,1.4178368965133943,0.24483321739216238
8531,0.8582,39,204,39,452750,152860,58370,49586,1.4159472377635334,0.24493445165624414
8532,0.8583,46,229,46,452979,152631,58416,49540,1.4138260031864833,0.24504008982495015
8533,0.8584,36,136,36,453115,152495,58452,49504,1.412566230686576,0.24507052015108985
8534,0.8585,47,219,47,453334,152276,58499,49457,1.4105376264404017,0.24516068268453847
8535,0.8586,21,113,21,453447,152163,58520,49436,1.409490903701508,0.24521947033467428
8536,0.8587,57,314,57,453761,151849,58577,49379,1.406582311312016,0.24538831574134812
8537,0.8588,33,167,33,453928,151682,58610,49346,1.4050353847863946,0.24546829297411307
8538,0.8589,26,254,26,454182,151428,58636,49320,1.4026825743821556,0.24568115248968855
8539,0.859,31,167,31,454349,151261,58667,49289,1.4011356478565342,0.24576913487908253
8540,0.8591,60,246,60,454595,151015,58727,49229,1.3988569417169958,0.24584506901580072
8541,0.8592,41,161,41,454756,150854,58768,49188,1.3973655933898996,0.24588836344367682
8542,0.8593,21,156,21,454912,150698,58789,49167,1.3959205602282412,0.24600105070922873
8543,0.8594,55,248,55,455160,150450,58844,49112,1.3936233280225276,0.2460989567152063
8544,0.8595,64,272,64,455432,150178,58908,49048,1.3911037830227129,0.24619276600443718
8545,0.8596,36,259,36,455691,149919,58944,49012,1.3887046574530364,0.24637688444737119
8546,0.8597,32,166,32,455857,149753,58976,48980,1.3871669939605025,0.24646133254165137
8547,0.8598,29,127,29,455984,149626,59005,48951,1.385990588758383,0.24650891090106106
8548,0.8599,40,260,40,456244,149366,59045,48911,1.383582200155619,0.24668014948783773
8549,0.86,12,60,12,456304,149306,59057,48899,1.3830264181703658,0.24670921520647815
8550,0.8601,49,234,49,456538,149072,59106,48850,1.380858868427878,0.24681440163296653
8551,0.8602,57,196,57,456734,148876,59163,48793,1.3790433139427174,0.246841942843845
8552,0.8603,32,168,32,456902,148708,59195,48761,1.3774871243840083,0.2469298978573852
8553,0.8604,19,108,19,457010,148600,59214,48742,1.3764867168105523,0.2469925307334475
8554,0.8605,67,270,67,457280,148330,59281,48675,1.3739856978769127,0.247074947336362
8555,0.8606,24,141,24,457421,148189,59305,48651,1.3726796102115677,0.2471601300548669
8556,0.8607,44,163,44,457584,148026,59349,48607,1.3711697358182964,0.24719655398636037
8557,0.8608,35,133,35,457717,147893,59384,48572,1.3699377524176517,0.24722978647596264
8558,0.8609,56,214,56,457931,147679,59440,48516,1.367955463336915,0.24728458931165423
8559,0.861,60,351,60,458282,147328,59500,48456,1.3647041387231835,0.24749724185837454
8560,0.8611,29,122,29,458404,147206,59529,48427,1.363574048686502,0.2475400367013745
8561,0.8612,51,217,51,458621,146989,59580,48376,1.3615639705065026,0.24761856013103678
8562,0.8613,39,173,39,458794,146816,59619,48337,1.3599614657823558,0.24768771169287687
8563,0.8614,31,139,31,458933,146677,59650,48306,1.3586739041831857,0.2477446751768103
8564,0.8615,53,223,53,459156,146454,59703,48253,1.356608247804661,0.2478236529760101
8565,0.8616,57,282,57,459438,146172,59760,48196,1.3539960724739708,0.24796262759301943
8566,0.8617,50,242,50,459680,145930,59810,48146,1.3517544184667827,0.2480780725076774
8567,0.8618,39,144,39,459824,145786,59849,48107,1.350420541702175,0.24811107157040224
8568,0.8619,29,126,29,459950,145660,59878,48078,1.349253399533143,0.24815988603165098
8569,0.862,50,146,50,460096,145514,59928,48028,1.3479009967023603,0.24815285571090512
8570,0.8621,48,161,48,460257,145353,59976,47980,1.346409648375264,0.24817284167731324
8571,0.8622,46,260,46,460517,145093,60022,47934,1.3440012597725,0.24832795412040803
8572,0.8623,28,119,28,460636,144974,60050,47906,1.342898958835081,0.248372044794691
8573,0.8624,48,277,48,460913,144697,60098,47858,1.3403330986698285,0.24854197502012412
8574,0.8625,23,100,23,461013,144597,60121,47835,1.339406795361073,0.2485813170366675
8575,0.8626,38,147,38,461160,144450,60159,47797,1.3380451294972027,0.24862286537631276
8576,0.8627,44,224,44,461384,144226,60203,47753,1.3359702100855904,0.2487407476859448
8577,0.8628,87,306,87,461690,143920,60290,47666,1.3331357219607989,0.24879688494983976
8578,0.8629,40,174,40,461864,143746,60330,47626,1.3315239542035644,0.24886608281253267
8579,0.863,50,197,50,462061,143549,60380,47576,1.3296991366853161,0.24892609548724656
8580,0.8631,32,123,32,462184,143426,60412,47544,1.3285597836155472,0.24896056972299313
8581,0.8632,40,127,40,462311,143299,60452,47504,1.3273833784134277,0.24896883172696446
8582,0.8633,44,210,44,462521,143089,60496,47460,1.3254381414650414,0.24906979307159838
8583,0.8634,59,209,59,462730,142880,60555,47401,1.3235021675497425,0.2491105260115303
8584,0.8635,27,119,27,462849,142761,60582,47374,1.3223998666123236,0.24915980750519368
8585,0.8636,27,178,27,463027,142583,60609,47347,1.3207510467227388,0.2492865792660454
8586,0.8637,48,215,48,463242,142368,60657,47299,1.3187594946089147,0.2493791750805359
8587,0.8638,50,182,50,463424,142186,60707,47249,1.31707362258698,0.24942064560403304
8588,0.8639,17,102,17,463526,142084,60724,47232,1.3161287932120493,0.24948762914914746
8589,0.864,38,185,38,463711,141899,60762,47194,1.314415132090852,0.24958089405742148
8590,0.8641,47,229,47,463940,141670,60809,47147,1.3122938975138019,0.24969679636897102
8591,0.8642,40,110,40,464050,141560,60849,47107,1.311274963874171,0.2496833044464586
8592,0.8643,52,219,52,464269,141341,60901,47055,1.3092463596279966,0.24976644939383003
8593,0.8644,37,180,37,464449,141161,60938,47018,1.307579013672237,0.2498578481127012
8594,0.8645,33,161,33,464610,141000,60971,46985,1.3060876653451405,0.24994015479958506
8595,0.8646,27,114,27,464724,140886,60998,46958,1.3050316795731594,0.24998402930090927
8596,0.8647,58,160,58,464884,140726,61056,46900,1.3035495942791508,0.24996535661368893
8597,0.8648,36,151,36,465035,140575,61092,46864,1.3021508762829301,0.25002267404328876
8598,0.8649,45,211,45,465246,140364,61137,46819,1.3001963763014561,0.2501242099977028
8599,0.865,53,217,53,465463,140147,61190,46766,1.298186298121457,0.25020196562036884
8600,0.8651,23,111,23,465574,140036,61213,46743,1.2971581014487383,0.25025832668554815
8601,0.8652,20,154,20,465728,139882,61233,46723,1.295731594353255,0.25038450202298973
8602,0.8653,35,159,35,465887,139723,61268,46688,1.294258772092334,0.2504573227974744
8603,0.8654,28,179,28,466066,139544,61296,46660,1.2926006891696618,0.25058537947627335
8604,0.8655,46,211,46,466277,139333,61342,46614,1.2906461891881877,0.2506843347835674
8605,0.8656,36,182,36,466459,139151,61378,46578,1.288960317166253,0.2507847455163168
8606,0.8657,70,287,70,466746,138864,61448,46508,1.286301826670125,0.2508901020650368
8607,0.8658,43,185,43,466931,138679,61491,46465,1.2845881655489273,0.2509668150196604
8608,0.8659,62,243,62,467174,138436,61553,46403,1.2823372485086517,0.25104550446604884
8609,0.866,45,171,45,467345,138265,61598,46358,1.2807532698506798,0.251095475644963
8610,0.8661,67,322,67,467667,137943,61665,46291,1.2777705731964875,0.25126198204457373
8611,0.8662,35,219,35,467886,137724,61700,46256,1.275741968950313,0.25141863246005003
8612,0.8663,21,98,21,467984,137626,61721,46235,1.2748341917077328,0.2514671409379912
8613,0.8664,28,138,28,468122,137488,61749,46207,1.2735558931416504,0.2515419581371295
8614,0.8665,35,153,35,468275,137335,61784,46172,1.2721386490792546,0.25160893044951965
8615,0.8666,34,139,34,468414,137196,61818,46138,1.2708510874800845,0.25166090305126165
8616,0.8667,30,83,30,468497,137113,61848,46108,1.2700822557338174,0.25165237609226015
8617,0.8668,44,185,44,468682,136928,61892,46064,1.26836859461262,0.2517268514470578
8618,0.8669,33,178,33,468860,136750,61925,46031,1.2667197747230352,0.2518368977081863
8619,0.867,27,154,27,469014,136596,61952,46004,1.265293267627552,0.2519386637458927
8620,0.8671,58,162,58,469176,136434,62010,45946,1.2637926562673683,0.25192455313082573
8621,0.8672,46,207,46,469383,136227,62056,45900,1.2618752084182445,0.25202194073366385
8622,0.8673,59,218,59,469601,136009,62115,45841,1.2598558672051576,0.25208138575749245
8623,0.8674,27,99,27,469700,135910,62142,45814,1.2589388269294899,0.25210759173251746
8624,0.8675,47,200,47,469900,135710,62189,45767,1.257086220311979,0.25219173779597415
8625,0.8676,37,202,37,470102,135508,62226,45730,1.255215087628293,0.2523201536101701
8626,0.8677,43,271,43,470373,135237,62269,45687,1.2527048056615657,0.2525203953041056
8627,0.8678,22,108,22,470481,135129,62291,45665,1.25170439808811,0.25258028474396277
8628,0.8679,42,140,42,470621,134989,62333,45623,1.2504075734558524,0.2526022634154984
8629,0.868,69,336,69,470957,134653,62402,45554,1.2472951943384343,0.2527870726442369
8630,0.8681,31,162,31,471119,134491,62433,45523,1.2457945829782504,0.2528858866532603
8631,0.8682,63,274,63,471393,134217,62496,45460,1.2432565119122605,0.253009567167751
8632,0.8683,42,144,42,471537,134073,62538,45418,1.2419226351476527,0.2530377567677488
8633,0.8684,59,264,59,471801,133809,62597,45359,1.2394771944125385,0.2531646276120736
8634,0.8685,35,168,35,471969,133641,62632,45324,1.2379210048538294,0.2532562232838823
8635,0.8686,43,236,43,472205,133405,62675,45281,1.2357349290451665,0.2534110114950248
8636,0.8687,34,108,34,472313,133297,62709,45247,1.2347345214717107,0.2534221256384981
8637,0.8688,57,249,57,472562,133048,62766,45190,1.2324280262329097,0.25353740504269573
8638,0.8689,47,335,47,472897,132713,62813,45143,1.229324910148579,0.2538176952141058
8639,0.869,48,193,48,473090,132520,62861,45095,1.227537144762681,0.25389184472032206
8640,0.8691,48,198,48,473288,132322,62909,45047,1.2257030642113453,0.2539733549831143
8641,0.8692,40,169,40,473457,132153,62949,45007,1.2241376116195488,0.25404718898171147
8642,0.8693,22,163,22,473620,131990,62971,44985,1.2226277372262773,0.2541884446955785
8643,0.8694,30,117,30,473737,131873,63001,44955,1.2215439623550335,0.25423009930553986
8644,0.8695,37,190,37,473927,131683,63038,44918,1.2197839860683983,0.2543473706264404
8645,0.8696,40,138,40,474065,131545,63078,44878,1.2185056875023157,0.254377263735454
8646,0.8697,29,168,29,474233,131377,63107,44849,1.2169494979436066,0.25449706626717966
8647,0.8698,22,137,22,474370,131240,63129,44827,1.2156804624106117,0.2546019413064345
8648,0.8699,41,217,41,474587,131023,63170,44786,1.2136703842306125,0.25474236245015897
8649,0.87,55,223,55,474810,130800,63225,44731,1.2116047278520878,0.25483247973292467
8650,0.8701,35,234,35,475044,130566,63260,44696,1.2094371781096003,0.2550239070648515
8651,0.8702,41,153,41,475197,130413,63301,44655,1.2080199340472044,0.25507231475769415
8652,0.8703,46,211,46,475408,130202,63347,44609,1.2060654340657304,0.25518417033253055
8653,0.8704,75,264,75,475672,129938,63422,44534,1.2036199933306162,0.2552501260947315
8654,0.8705,41,146,41,475818,129792,63463,44493,1.2022675904998332,0.2552887511834065
8655,0.8706,49,145,49,475963,129647,63512,44444,1.200924450702138,0.25529177269359127
8656,0.8707,77,327,77,476290,129320,63589,44367,1.1978954388825076,0.2554422610788372
8657,0.8708,41,179,41,476469,129141,63630,44326,1.1962373559598354,0.25552987023468443
8658,0.8709,32,108,32,476577,129033,63662,44294,1.1952369483863796,0.25555164515626533
8659,0.871,51,186,51,476763,128847,63713,44243,1.1935140242320945,0.255606909700156
8660,0.8711,36,174,36,476937,128673,63749,44207,1.19190225647486,0.25570916242480335
8661,0.8712,50,185,50,477122,128488,63799,44157,1.1901885953536626,0.2557676156274436
8662,0.8713,24,142,24,477264,128346,63823,44133,1.18887324465523,0.25587462821560886
8663,0.8714,59,239,59,477503,128107,63882,44074,1.1866593797473044,0.255974817198181
8664,0.8715,64,219,64,477722,127888,63946,44010,1.18463077550113,0.2560239211625499
8665,0.8716,61,177,61,477899,127711,64007,43949,1.182991218644633,0.25602353489455904
8666,0.8717,29,165,29,478064,127546,64036,43920,1.1814628181851865,0.25614407521024574
8667,0.8718,25,100,25,478164,127446,64061,43895,1.180536514876431,0.2561850345218016
8668,0.8719,24,96,24,478260,127350,64085,43871,1.179647263700026,0.2562244117251973
8669,0.872,29,130,29,478390,127220,64114,43842,1.1784430693986438,0.25629303995042735
8670,0.8721,57,151,57,478541,127069,64171,43785,1.1770443514024231,0.2562714364311049
8671,0.8722,28,129,28,478670,126940,64199,43757,1.1758494201341287,0.2563431108924
8672,0.8723,44,170,44,478840,126770,64243,43713,1.1742747045092445,0.256406797158661
8673,0.8724,31,119,31,478959,126651,64274,43682,1.1731724035718256,0.2564505997076315
8674,0.8725,19,69,19,479028,126582,64293,43663,1.1725332542887843,0.2564715556991395
8675,0.8726,24,88,24,479116,126494,64317,43639,1.1717181073770795,0.25649932699711403
8676,0.8727,50,188,50,479304,126306,64367,43589,1.1699766571566195,0.25656434856823335
8677,0.8728,23,160,23,479464,126146,64390,43566,1.1684945718626107,0.2567054775148487
8678,0.8729,37,168,37,479632,125978,64427,43529,1.1669383823039017,0.25679765437415564
8679,0.873,29,151,29,479783,125827,64456,43500,1.165539664307681,0.25689937222061454
8680,0.8731,50,193,50,479976,125634,64506,43450,1.163751898921783,0.2569728655579475
8681,0.8732,46,229,46,480205,125405,64552,43404,1.161630664344733,0.25711899247078057
8682,0.8733,28,144,28,480349,125261,64580,43376,1.1602967875801253,0.2572152018833352
8683,0.8734,56,303,56,480652,124958,64636,43320,1.1574900885545962,0.25743115558777735
8684,0.8735,41,152,41,480804,124806,64677,43279,1.156082107525288,0.257482821191659
8685,0.8736,28,103,28,480907,124703,64705,43251,1.15512801511727,0.25751693916191337
8686,0.8737,57,245,57,481152,124458,64762,43194,1.1528585720108193,0.25764082742824423
8687,0.8738,35,152,35,481304,124306,64797,43159,1.151450590981511,0.25771952348251875
8688,0.8739,51,209,51,481513,124097,64848,43108,1.149514617066212,0.25781525672079186
8689,0.874,48,196,48,481709,123901,64896,43060,1.1476990625810515,0.2579045405813334
8690,0.8741,57,297,57,482006,123604,64953,43003,1.144947941754048,0.25811040352446174
8691,0.8742,36,164,36,482170,123440,64989,42967,1.143428804327689,0.25820428227177944
8692,0.8743,51,200,51,482370,123240,65040,42916,1.1415761977101782,0.25828739257083705
8693,0.8744,28,177,28,482547,123063,65068,42888,1.139936640853681,0.25843773161957445
8694,0.8745,69,224,69,482771,122839,65137,42819,1.137861721442069,0.2584783107365778
8695,0.8746,44,164,44,482935,122675,65181,42775,1.1363425840157102,0.2585373224539136
8696,0.8747,54,187,54,483122,122488,65235,42721,1.1346103968283374,0.2585876072126821
8697,0.8748,61,202,61,483324,122286,65296,42660,1.1327392641446514,0.2586300971226947
8698,0.8749,26,131,26,483455,122155,65322,42634,1.1315258068101819,0.25871872515762584
8699,0.875,47,162,47,483617,121993,65369,42587,1.1300251954499982,0.25876169643942154
8700,0.8751,46,204,46,483821,121789,65415,42541,1.128135536700137,0.2588754335787744
8701,0.8752,59,258,59,484079,121531,65474,42482,1.125745674163548,0.2590160536055069
8702,0.8753,46,169,46,484248,121362,65520,42436,1.1241802215717513,0.25907520238342346
8703,0.8754,44,156,44,484404,121206,65564,42392,1.122735188410093,0.2591229721634739
8704,0.8755,29,122,29,484526,121084,65593,42363,1.1216050983734114,0.25918493456594494
8705,0.8756,45,192,45,484718,120892,65638,42318,1.119826596020601,0.2592855829912383
8706,0.8757,46,179,46,484897,120713,65684,42272,1.1181685130979289,0.25936129091634197
8707,0.8758,34,190,34,485087,120523,65718,42238,1.1164085368112935,0.25950934191851854
8708,0.8759,41,155,41,485242,120368,65759,42197,1.1149727666827225,0.25957001814658753
8709,0.876,61,208,61,485450,120160,65820,42136,1.1130460558005113,0.2596243900034505
8710,0.8761,30,119,30,485569,120041,65850,42106,1.1119437548630924,0.2596779465546695
8711,0.8762,25,144,25,485713,119897,65875,42081,1.1106098780984845,0.25979453999925917
8712,0.8763,40,121,40,485834,119776,65915,42041,1.1094890510948905,0.25980583004257896
8713,0.8764,66,223,66,486057,119553,65981,41975,1.1074233947163659,0.25986206725768907
8714,0.8765,37,163,37,486220,119390,66018,41938,1.1059135203230945,0.25995487454130717
8715,0.8766,34,199,34,486419,119191,66052,41904,1.1040701767386714,0.26011980508395666
8716,0.8767,44,153,44,486572,119038,66096,41860,1.1026529326762755,0.26016482492013576
8717,0.8768,26,154,26,486726,118884,66122,41834,1.1012264255807922,0.26029442875097997
8718,0.8769,64,263,64,486989,118621,66186,41770,1.0987902478787654,0.26042608375781684
8719,0.877,35,171,35,487160,118450,66221,41735,1.0972062692207936,0.2605424977369916
8720,0.8771,46,183,46,487343,118267,66267,41689,1.0955111341657713,0.26062792267873663
8721,0.8772,22,116,22,487459,118151,66289,41667,1.094436622327615,0.26071531366929884
8722,0.8773,51,151,51,487610,118000,66340,41616,1.0930379043313942,0.26072574178027264
8723,0.8774,40,182,40,487792,117818,66380,41576,1.0913520323094594,0.26083792363577046
8724,0.8775,17,78,17,487870,117740,66397,41559,1.09062951572863,0.26088676011776596
8725,0.8776,57,247,57,488117,117493,66454,41502,1.0883415465560042,0.2610270763231548
8726,0.8777,26,151,26,488268,117342,66480,41476,1.0869428285597835,0.2611542772229848
8727,0.8778,30,96,30,488364,117246,66510,41446,1.0860535773833784,0.26117258588964787
8728,0.8779,28,123,28,488487,117123,66538,41418,1.0849142243136092,0.2612447253391867
8729,0.878,50,225,50,488712,116898,66588,41368,1.0828300418689096,0.2613827353948416
8730,0.8781,54,200,54,488912,116698,66642,41314,1.0809774352513988,0.2614611548489988
8731,0.8782,49,248,49,489160,116450,66691,41265,1.0786802030456852,0.26164283676251465
8732,0.8783,45,176,45,489336,116274,66736,41220,1.0770499092222758,0.2617242561621395
8733,0.8784,30,104,30,489440,116170,66766,41190,1.0760865537811701,0.2617564819522115
8734,0.8785,56,250,56,489690,115920,66822,41134,1.0737707955092815,0.26190991633450916
8735,0.8786,44,209,44,489899,115711,66866,41090,1.0718348215939828,0.26205190017920804
8736,0.8787,37,136,37,490035,115575,66903,41053,1.0705750490940753,0.26210511530505404
8737,0.8788,41,163,41,490198,115412,66944,41012,1.069065174700804,0.26218483097222933
8738,0.8789,45,178,45,490376,115234,66989,40967,1.0674163548112194,0.26227104820071573
8739,0.879,52,140,52,490516,115094,67041,40915,1.0661195301789619,0.2622605106115673
8740,0.8791,41,186,41,490702,114908,67082,40874,1.0643966060246768,0.26237947901554737
8741,0.8792,50,236,50,490938,114672,67132,40824,1.0622105302160139,0.262540515511653
8742,0.8793,24,130,24,491068,114542,67156,40800,1.0610063359146318,0.26264629012115204
8743,0.8794,25,105,25,491173,114437,67181,40775,1.0600337174404386,0.2627052032059377
8744,0.8795,46,200,46,491373,114237,67227,40729,1.0581811108229278,0.2628253939573842
8745,0.8796,33,98,33,491471,114139,67260,40696,1.0572733335803475,0.2628346304130203
8746,0.8797,33,95,33,491566,114044,67293,40663,1.05639334543703,0.2628387855753133
8747,0.8798,43,224,43,491790,113820,67336,40620,1.0543184260254177,0.263014763014763
8748,0.8799,64,146,64,491936,113674,67400,40556,1.052966023194635,0.26295791998962587
8749,0.88,52,285,52,492221,113389,67452,40504,1.0503260587646819,0.26319585686158564
8750,0.8801,25,185,25,492406,113204,67477,40479,1.0486123976434845,0.2633928280941939
8751,0.8802,48,197,48,492603,113007,67525,40431,1.0467875801252362,0.26350056700426233
8752,0.8803,46,172,46,492775,112835,67571,40385,1.0451943384341769,0.26357525127267983
8753,0.8804,26,102,26,492877,112733,67597,40359,1.0442495090592463,0.2636257936404254
8754,0.8805,59,245,59,493122,112488,67656,40300,1.0419800659527956,0.2637641699609917
8755,0.8806,38,204,38,493326,112284,67694,40262,1.0400904072029344,0.2639335020256185
8756,0.8807,40,169,40,493495,112115,67734,40222,1.038524954611138,0.2640330320276755
8757,0.8808,42,203,42,493698,111912,67776,40180,1.0366445588943645,0.264182205507193
8758,0.8809,29,99,29,493797,111813,67805,40151,1.0357275186186965,0.2642138927640757
8759,0.881,62,227,62,494024,111586,67867,40089,1.0336248101078218,0.2643085544750288
8760,0.8811,54,183,54,494207,111403,67921,40035,1.0319296750527993,0.2643656149711433
8761,0.8812,40,135,40,494342,111268,67961,39995,1.0306791655859795,0.264407026172957
8762,0.8813,41,124,41,494466,111144,68002,39954,1.0295305494831228,0.2644244132946829
8763,0.8814,44,158,44,494624,110986,68046,39910,1.0280669902552892,0.26448679885484044
8764,0.8815,71,244,71,494868,110742,68117,39839,1.025806810181926,0.26456857106806303
8765,0.8816,29,141,29,495009,110601,68146,39810,1.0245007225165808,0.26467479107246145
8766,0.8817,49,142,49,495151,110459,68195,39761,1.023185371818148,0.26468512847823195
8767,0.8818,28,166,28,495317,110293,68223,39733,1.0216477083256141,0.2648407609347713
8768,0.8819,39,154,39,495471,110139,68262,39694,1.0202212012301308,0.26492161272883813
8769,0.882,48,232,48,495703,109907,68310,39646,1.0180721775538182,0.2650966546976657
8770,0.8821,42,180,42,495883,109727,68352,39604,1.0164048315980585,0.2652095010413109
8771,0.8822,54,146,54,496029,109581,68406,39550,1.0150524287672755,0.2652030764897976
8772,0.8823,48,171,48,496200,109410,68454,39502,1.0134684501093039,0.2652707639411196
8773,0.8824,73,259,73,496459,109151,68527,39429,1.0110693245396272,0.26537219006595775
8774,0.8825,74,229,74,496688,108922,68601,39355,1.0089480899625773,0.2654154049515434
8775,0.8826,27,96,27,496784,108826,68628,39328,1.0080588387861722,0.26545351458617383
8776,0.8827,36,106,36,496890,108720,68664,39292,1.0070769572788913,0.26546496230035405
8777,0.8828,52,230,52,497120,108490,68716,39240,1.0049464596687538,0.2656197116360929
8778,0.8829,17,89,17,497209,108401,68733,39223,1.0041220497239616,0.26569527990028724
8779,0.883,14,81,14,497290,108320,68747,39209,1.0033717440438696,0.2657714754387273
8780,0.8831,24,89,24,497379,108231,68771,39185,1.0025473340990774,0.2658123948553753
8781,0.8832,45,144,45,497523,108087,68816,39140,1.0012134573344695,0.2658479762543555
8782,0.8833,36,169,36,497692,107918,68852,39104,0.9996480047426729,0.26597379983947983
8783,0.8834,28,120,28,497812,107798,68880,39076,0.9985364407721664,0.26605117311437015
8784,0.8835,29,115,29,497927,107683,68909,39047,0.9974711919670977,0.26611463231786275
8785,0.8836,50,191,50,498118,107492,68959,38997,0.9957019526473748,0.2662111148277345
8786,0.8837,63,202,63,498320,107290,69022,38934,0.9938308199636889,0.2662627202100886
8787,0.8838,30,150,30,498470,107140,69052,38904,0.9924413650005558,0.2663854728711895
8788,0.8839,32,131,32,498601,107009,69084,38872,0.9912279076660861,0.26646376155907897
8789,0.884,22,102,22,498703,106907,69106,38850,0.9902830782911557,0.2665395143972502
8790,0.8841,48,157,48,498860,106750,69154,38802,0.9888287820964097,0.26658513795756844
8791,0.8842,32,126,32,498986,106624,69186,38770,0.9876616399273778,0.26665474503762193
8792,0.8843,58,250,58,499236,106374,69244,38712,0.9853458816554893,0.266821057855341
8793,0.8844,55,226,55,499462,106148,69299,38657,0.983252436177702,0.26695901384620696
8794,0.8845,44,153,44,499615,105995,69343,38613,0.9818351921153062,0.2670184222173047
8795,0.8846,39,118,39,499733,105877,69382,38574,0.9807421542109749,0.26703864978435593
8796,0.8847,31,96,31,499829,105781,69413,38543,0.9798529030345696,0.26705883983259887
8797,0.8848,35,124,35,499953,105657,69448,38508,0.978704286931713,0.26711060243471024
8798,0.8849,42,249,42,500202,105408,69490,38466,0.976397791692912,0.26735893907168773
8799,0.885,46,160,46,500362,105248,69536,38420,0.9749157063989032,0.26742211209176714
8800,0.8851,39,165,39,500527,105083,69575,38381,0.9733873059394568,0.26753053030725477
8801,0.8852,31,122,31,500649,104961,69606,38350,0.9722572159027753,0.26759983532317827
8802,0.8853,43,167,43,500816,104794,69649,38307,0.9707102893771536,0.26769204967121124
8803,0.8854,38,111,38,500927,104683,69687,38269,0.9696820927044352,0.2677052437181711
8804,0.8855,35,194,35,501121,104489,69722,38234,0.9678850642854496,0.2678895482858404
8805,0.8856,57,183,57,501304,104306,69779,38177,0.9661899292304272,0.2679407367896521
8806,0.8857,30,130,30,501434,104176,69809,38147,0.9649857349290452,0.268031168539168
8807,0.8858,44,166,44,501600,104010,69853,38103,0.9634480714365111,0.26811762470709927
8808,0.8859,47,209,47,501809,103801,69900,38056,0.9615120975212124,0.2682701593858604
8809,0.886,51,201,51,502010,103600,69951,38005,0.9596502278706139,0.2683874156985982
8810,0.8861,23,95,23,502105,103505,69974,37982,0.9587702397272964,0.26844869139920985
8811,0.8862,30,146,30,502251,103359,70004,37952,0.9574178368965134,0.26857074113126367
8812,0.8863,50,169,50,502420,103190,70054,37902,0.9558523843047168,0.2686332322172767
8813,0.8864,70,268,70,502688,102922,70124,37832,0.9533698914372523,0.268780993790585
8814,0.8865,74,239,74,502927,102683,70198,37758,0.9511560265293267,0.2688531126950107
8815,0.8866,61,220,61,503147,102463,70259,37697,0.9491181592500648,0.26895690639269404
8816,0.8867,44,158,44,503305,102305,70303,37653,0.9476546000222312,0.26903070921276384
8817,0.8868,55,186,55,503491,102119,70358,37598,0.9459316758679462,0.269101111532598
8818,0.8869,67,197,67,503688,101922,70425,37531,0.944106858349698,0.2691301011810431
8819,0.887,53,193,53,503881,101729,70478,37478,0.9423190929638001,0.2692249671352734
8820,0.8871,36,144,36,504025,101585,70514,37442,0.9409852161991923,0.26931459356815585
8821,0.8872,32,108,32,504133,101477,70546,37410,0.9399848086257364,0.26935566323702004
8822,0.8873,73,262,73,504395,101215,70619,37337,0.9375578939567972,0.26948005081124776
8823,0.8874,40,70,40,504465,101145,70659,37297,0.9369094816406685,0.26940523829473717
8824,0.8875,41,153,41,504618,100992,70700,37256,0.9354922375782726,0.26948671951854636
8825,0.8876,47,137,47,504755,100855,70747,37209,0.9342232020452778,0.26950544674933363
8826,0.8877,63,242,63,504997,100613,70810,37146,0.9319815480380896,0.26964481449487876
8827,0.8878,54,212,54,505209,100401,70864,37092,0.930017785023528,0.2697737339355458
8828,0.8879,21,50,21,505259,100351,70885,37071,0.9295546333691503,0.26976030038858406
8829,0.888,64,235,64,505494,100116,70949,37007,0.9273778205935752,0.26988178496678167
8830,0.8881,68,292,68,505786,99824,71017,36939,0.9246730149320094,0.2700949818298809
8831,0.8882,39,140,39,505926,99684,71056,36900,0.9233761902997517,0.2701634159198735
8832,0.8883,53,215,53,506141,99469,71109,36847,0.9213846381859276,0.2703057601455442
8833,0.8884,53,248,53,506389,99221,71162,36794,0.9190874059802142,0.2705142815130684
8834,0.8885,61,175,61,506564,99046,71223,36733,0.9174663751898922,0.27053520794820995
8835,0.8886,40,137,40,506701,98909,71263,36693,0.9161973396568972,0.2705933540803233
8836,0.8887,79,207,79,506908,98702,71342,36614,0.9142798918077736,0.27058145378225784
8837,0.8888,71,272,71,507180,98430,71413,36543,0.9117603468079588,0.2707430374963882
8838,0.8889,37,124,37,507304,98306,71450,36506,0.910611730705102,0.27079191763344507
8839,0.889,45,169,45,507473,98137,71495,36461,0.9090462781133054,0.27088812612371654
8840,0.8891,69,227,69,507700,97910,71564,36392,0.9069435696024306,0.2709713928310822
8841,0.8892,45,192,45,507892,97718,71609,36347,0.9051650672496202,0.2711147577667549
8842,0.8893,59,144,59,508036,97574,71668,36288,0.9038311904850124,0.2710851473905963
8843,0.8894,27,155,27,508191,97419,71695,36261,0.9023954203564415,0.2712522441651706
8844,0.8895,46,215,46,508406,97204,71741,36215,0.9004038682426173,0.2714381010200946
8845,0.8896,75,266,75,508672,96938,71816,36140,0.897939901441328,0.27157005665850104
8846,0.8897,70,195,70,508867,96743,71886,36070,0.8961336099892548,0.2715848599158215
8847,0.8898,54,190,54,509057,96553,71940,36016,0.8943736337026196,0.2716773906418544
8848,0.8899,34,174,34,509231,96379,71974,35982,0.8927618659453852,0.2718474475109738
8849,0.89,52,232,52,509463,96147,72026,35930,0.8906128422690726,0.2720382806998948
8850,0.8901,64,310,64,509773,95837,72090,35866,0.8877413020119308,0.2723248521294124
8851,0.8902,21,125,21,509898,95712,72111,35845,0.8865834228759865,0.2724674475702547
8852,0.8903,73,282,73,510180,95430,72184,35772,0.8839712475452962,0.2726482828005671
8853,0.8904,47,174,47,510354,95256,72231,35725,0.8823594797880618,0.2727494827494064
8854,0.8905,58,204,58,510558,95052,72289,35667,0.8804698210382007,0.2728524545016409
8855,0.8906,57,251,57,510809,94801,72346,35610,0.8781447997332247,0.27305978790132734
8856,0.8907,50,159,50,510968,94642,72396,35560,0.8766719774723035,0.27311408426905887
8857,0.8908,34,125,34,511093,94517,72430,35526,0.8755140983363593,0.27318656136816283
8858,0.8909,25,108,25,511201,94409,72455,35501,0.8745136907629034,0.27327380494188286
8859,0.891,42,177,42,511378,94232,72497,35459,0.8728741339064063,0.27341141636659444
8860,0.8911,39,169,39,511547,94063,72536,35420,0.8713086813146097,0.2735494234764409
8861,0.8912,52,175,52,511722,93888,72588,35368,0.8696876505242876,0.2736275298632172
8862,0.8913,35,135,35,511857,93753,72623,35333,0.8684371410574678,0.27371674697488496
8863,0.8914,39,122,39,511979,93631,72662,35294,0.8673070510207862,0.2737560597246461
8864,0.8915,71,199,71,512178,93432,72733,35223,0.8654637074363629,0.27377871050483854
8865,0.8916,46,164,46,512342,93268,72779,35177,0.863944570010004,0.27386819261162365
8866,0.8917,25,49,25,512391,93219,72804,35152,0.8634906813887139,0.273831317042011
8867,0.8918,44,168,44,512559,93051,72848,35108,0.8619344918300048,0.2739409639588324
8868,0.8919,23,88,23,512647,92963,72871,35085,0.8611193449183,0.27399881294514555
8869,0.892,42,121,42,512768,92842,72913,35043,0.8599985179147059,0.2740196270086406
8870,0.8921,59,222,59,512990,92620,72972,34984,0.857942124569269,0.27416068461803705
8871,0.8922,44,181,44,513171,92439,73016,34940,0.8562655155804216,0.2742995313199193
8872,0.8923,26,129,26,513300,92310,73042,34914,0.8550705843121271,0.27442935295227316
8873,0.8924,52,162,52,513462,92148,73094,34862,0.8535699729519434,0.27448232422643887
8874,0.8925,50,155,50,513617,91993,73144,34812,0.8521342028233725,0.27453176136587676
8875,0.8926,32,82,32,513699,91911,73176,34780,0.8513746341101931,0.2745262094387131
8876,0.8927,48,149,48,513848,91762,73224,34732,0.8499944421801474,0.2745742881085269
8877,0.8928,52,223,52,514071,91539,73276,34680,0.8479287858016229,0.2747605352601431
8878,0.8929,52,274,52,514345,91265,73328,34628,0.845390714735633,0.2750589786564781
8879,0.893,41,155,41,514500,91110,73369,34587,0.8439549446070621,0.2751616983698895
8880,0.8931,30,112,30,514612,90998,73399,34557,0.8429174849012561,0.27523396121221777
8881,0.8932,40,161,40,514773,90837,73439,34517,0.8414261365741599,0.27535619126633376
8882,0.8933,42,160,42,514933,90677,73481,34475,0.8399440512801511,0.27546503451802606
8883,0.8934,32,120,32,515053,90557,73513,34443,0.8388324873096447,0.275544
8884,0.8935,36,147,36,515200,90410,73549,34407,0.8374708214457742,0.2756595656040443
8885,0.8936,29,167,29,515367,90243,73578,34378,0.8359238949201526,0.27586040875935836
8886,0.8937,50,165,50,515532,90078,73628,34328,0.8343954944607063,0.27593524428082244
8887,0.8938,34,102,34,515634,89976,73662,34294,0.8334506650857757,0.27596362758509696
8888,0.8939,34,140,34,515774,89836,73696,34260,0.8321538404535181,0.27607658586900463
8889,0.894,26,99,26,515873,89737,73722,34234,0.8312368001778503,0.27614522751288606
8890,0.8941,45,197,45,516070,89540,73767,34189,0.829411982659602,0.27632163841944896
8891,0.8942,46,190,46,516260,89350,73813,34143,0.8276520063729668,0.2764772092345315
8892,0.8943,30,159,30,516419,89191,73843,34113,0.8261791841120456,0.2766576915590735
8893,0.8944,44,161,44,516580,89030,73887,34069,0.8246878357849494,0.2767609809990333
8894,0.8945,34,140,34,516720,88890,73921,34035,0.8233910111526919,0.27687614399023797
8895,0.8946,51,254,51,516974,88636,73972,33984,0.8210382007484531,0.27714891534823033
8896,0.8947,57,204,57,517178,88432,74029,33927,0.819148541998592,0.2772742503616408
8897,0.8948,16,64,16,517242,88368,74045,33911,0.8185557078809885,0.2773248063853973
8898,0.8949,37,145,37,517387,88223,74082,33874,0.8172125680832932,0.27743515401688823
8899,0.895,44,198,44,517585,88025,74126,33830,0.8153784875319575,0.27762504616142136
8900,0.8951,32,100,32,517685,87925,74158,33798,0.8144521842232021,0.27766321894793916
8901,0.8952,55,177,55,517862,87748,74213,33743,0.8128126273667049,0.2777407379970533
8902,0.8953,47,152,47,518014,87596,74260,33696,0.8114046463373967,0.2778089239191373
8903,0.8954,58,172,58,518186,87424,74318,33638,0.8098114046463374,0.2778576266706316
8904,0.8955,47,231,47,518417,87193,74365,33591,0.8076716440031124,0.2781080275533183
8905,0.8956,37,163,37,518580,87030,74402,33554,0.8061617696098411,0.27826245604723676
8906,0.8957,55,237,55,518817,86793,74457,33499,0.8039664307680907,0.2784806969707046
8907,0.8958,33,145,33,518962,86648,74490,33466,0.8026232909703953,0.27861864561999433
8908,0.8959,50,168,50,519130,86480,74540,33416,0.8010671014116862,0.2787082137852806
8909,0.896,73,278,73,519408,86202,74613,33343,0.7984919782133462,0.2789158894140282
8910,0.8961,61,195,61,519603,86007,74674,33282,0.7966856867612732,0.2790030933279682
8911,0.8962,53,140,53,519743,85867,74727,33229,0.7953888621290155,0.27901021025055417
8912,0.8963,45,177,45,519920,85690,74772,33184,0.7937493052725184,0.27915271632148325
8913,0.8964,46,162,46,520082,85528,74818,33138,0.7922486939123347,0.2792543778335833
8914,0.8965,38,144,38,520226,85384,74856,33100,0.7909148171477268,0.2793626143614328
8915,0.8966,68,276,68,520502,85108,74924,33032,0.7883582200155619,0.27960047401388183
8916,0.8967,26,105,26,520607,85003,74950,33006,0.7873856015413687,0.2796905320780618
8917,0.8968,37,133,37,520740,84870,74987,32969,0.786153618140724,0.27978003886658914
8918,0.8969,34,156,34,520896,84714,75021,32935,0.7847085849790656,0.27994288094246444
8919,0.897,72,247,72,521143,84467,75093,32863,0.7824206158064396,0.2800903434756669
8920,0.8971,35,148,35,521291,84319,75128,32828,0.7810496869094816,0.2802291138484127
8921,0.8972,39,164,39,521455,84155,75167,32789,0.7795305494831227,0.2803820632097414
8922,0.8973,57,206,57,521661,83949,75224,32732,0.7776223646670866,0.2805255354342181
8923,0.8974,60,185,60,521846,83764,75284,32672,0.775908703545889,0.28060050156309047
8924,0.8975,70,209,70,522055,83555,75354,32602,0.7739727296305903,0.2806718493074029
8925,0.8976,41,166,41,522221,83389,75395,32561,0.7724350661380562,0.2808193186718413
8926,0.8977,59,245,59,522466,83144,75454,32502,0.7701656230316055,0.2810473341058056
8927,0.8978,32,119,32,522585,83025,75486,32470,0.7690633220941865,0.2811377115892463
8928,0.8979,39,148,39,522733,82877,75525,32431,0.7676923931972285,0.2812554202657231
8929,0.898,56,215,56,522948,82662,75581,32375,0.7657008410834043,0.28143119170353886
8930,0.8981,50,148,50,523096,82514,75631,32325,0.7643299121864463,0.2814810299636883
8931,0.8982,73,202,73,523298,82312,75704,32252,0.7624587795027604,0.2815195000174575
8932,0.8983,57,178,57,523476,82134,75761,32195,0.7608099596131758,0.28159959415371427
8933,0.8984,37,100,37,523576,82034,75798,32158,0.7598836563044203,0.28161342300686565
8934,0.8985,30,109,30,523685,81925,75828,32128,0.7588739856978769,0.28169359859012916
8935,0.8986,43,192,43,523877,81733,75871,32085,0.7570954833450665,0.2818974151715897
8936,0.8987,36,124,36,524001,81609,75907,32049,0.7559468672422098,0.2819775114818139
8937,0.8988,38,111,38,524112,81498,75945,32011,0.7549186705694912,0.28201288003594427
8938,0.8989,54,178,54,524290,81320,75999,31957,0.7532698506799066,0.28211375654369375
8939,0.899,48,167,48,524457,81153,76047,31909,0.7517229241542851,0.2822256814844952
8940,0.8991,53,193,53,524650,80960,76100,31856,0.7499351587683871,0.2823712948517941
8941,0.8992,54,167,54,524817,80793,76154,31802,0.7483882322427655,0.2824459345441627
8942,0.8993,47,178,47,524995,80615,76201,31755,0.746739412353181,0.28259321883064875
8943,0.8994,56,241,56,525236,80374,76257,31699,0.7445070213790803,0.28284243305702533
8944,0.8995,58,195,58,525431,80179,76315,31641,0.7427007299270073,0.2829636916472903
8945,0.8996,26,179,26,525610,80000,76341,31615,0.7410426470043351,0.2832504591676746
8946,0.8997,36,121,36,525731,79879,76377,31579,0.739921820000741,0.28332645480808916
8947,0.8998,29,63,29,525794,79816,76406,31550,0.7393382489162251,0.2833001095486953
8948,0.8999,52,181,52,525975,79635,76458,31498,0.7376616399273778,0.283426165045486
8949,0.9,61,189,61,526164,79446,76519,31437,0.7359109266738301,0.2835150564108114
8950,0.9001,50,206,50,526370,79240,76569,31387,0.7340027418577939,0.2837191643992877
8951,0.9002,36,144,36,526514,79096,76605,31351,0.7326688650931861,0.2838556049507909
8952,0.9003,47,150,47,526664,78946,76652,31304,0.7312794101300529,0.28393650793650793
8953,0.9004,77,298,77,526962,78648,76729,31227,0.7285190262699618,0.2842047781569966
8954,0.9005,40,196,40,527158,78452,76769,31187,0.7267034717848012,0.2844517005809976
8955,0.9006,37,177,37,527335,78275,76806,31150,0.7250639149283041,0.28466986520447796
8956,0.9007,29,124,29,527459,78151,76835,31121,0.7239152988254474,0.2848030602533128
8957,0.9008,47,173,47,527632,77978,76882,31074,0.7223127941013006,0.2849466309650442
8958,0.9009,34,128,34,527760,77850,76916,31040,0.7211271258660936,0.2850583157314721
8959,0.901,38,115,38,527875,77735,76954,31002,0.7200618770610249,0.28510994417723495
8960,0.9011,32,153,32,528028,77582,76986,30970,0.718644632998629,0.2853010538727983
8961,0.9012,45,147,45,528175,77435,77031,30925,0.7172829671347586,0.28539128829826504
8962,0.9013,68,230,68,528405,77205,77099,30857,0.7151524695246212,0.2855490366641373
8963,0.9014,38,103,38,528508,77102,77137,30819,0.7141983771166031,0.28557000027798113
8964,0.9015,72,221,72,528729,76881,77209,30747,0.7121512468042536,0.2856784479875125
8965,0.9016,50,151,50,528880,76730,77259,30697,0.7107525288080329,0.2857475308814358
8966,0.9017,52,186,52,529066,76544,77311,30645,0.7090296046537479,0.28589687374637324
8967,0.9018,22,106,22,529172,76438,77333,30623,0.7080477231464671,0.2860331960284324
8968,0.9019,43,102,43,529274,76336,77376,30580,0.7071028937715366,0.28601893074937335
8969,0.902,38,155,38,529429,76181,77414,30542,0.7056671236429657,0.2861801111288101
8970,0.9021,58,174,58,529603,76007,77472,30484,0.7040553558857312,0.286258932679757
8971,0.9022,44,142,44,529745,75865,77516,30440,0.7027400051872985,0.2863458915384977
8972,0.9023,47,187,47,529932,75678,77563,30393,0.7010078179999258,0.2865344910484487
8973,0.9024,32,97,32,530029,75581,77595,30361,0.7001093037904331,0.2865813369579581
8974,0.9025,21,91,21,530120,75490,77616,30340,0.6992663677794657,0.2866861948407824
8975,0.9026,71,237,71,530357,75253,77687,30269,0.6970710289377153,0.2868501355167643
8976,0.9027,59,208,59,530565,75045,77746,30210,0.6951443180555041,0.2870172438363973
8977,0.9028,53,148,53,530713,74897,77799,30157,0.693773389158546,0.287061891979363
8978,0.9029,26,90,26,530803,74807,77825,30131,0.6929397161806662,0.28713144904610344
8979,0.903,58,257,58,531060,74550,77883,30073,0.6905591166771647,0.2874415759441041
8980,0.9031,60,221,60,531281,74329,77943,30013,0.6885119863648153,0.2876406432692492
8981,0.9032,34,162,34,531443,74167,77977,29979,0.6870113750046315,0.2878555105332898
8982,0.9033,53,139,53,531582,74028,78030,29926,0.6857238134054615,0.28787733035765817
8983,0.9034,32,143,32,531725,73885,78062,29894,0.6843991996739412,0.2880544233419092
8984,0.9035,49,173,49,531898,73712,78111,29845,0.6827966949497943,0.28819876975964925
8985,0.9036,21,76,21,531974,73636,78132,29824,0.6820927044351403,0.28826599652039436
8986,0.9037,47,120,47,532094,73516,78179,29777,0.6809811404646338,0.2882770371661197
8987,0.9038,66,235,66,532329,73281,78245,29711,0.6788043276890585,0.28847871679353737
8988,0.9039,46,177,46,532506,73104,78291,29665,0.6771647708325614,0.2886570853078263
8989,0.904,81,339,81,532845,72765,78372,29584,0.6740246026158806,0.28905021055408453
8990,0.9041,44,154,44,532999,72611,78416,29540,0.6725980955203972,0.28917974371273897
8991,0.9042,62,198,62,533197,72413,78478,29478,0.6707640149690615,0.28930916371416515
8992,0.9043,32,113,32,533310,72300,78510,29446,0.6697172922301678,0.28940695457315274
8993,0.9044,57,244,57,533554,72056,78567,29389,0.6674571121568046,0.28970378037360145
8994,0.9045,59,176,59,533730,71880,78626,29330,0.6658268183333951,0.28979349866613974
8995,0.9046,70,257,70,533987,71623,78696,29260,0.6634462188298936,0.2900389560183579
8996,0.9047,56,192,56,534179,71431,78752,29204,0.6616677164770832,0.29019724747851144
8997,0.9048,54,213,54,534392,71218,78806,29150,0.6596946904294342,0.2904312131356608
8998,0.9049,53,179,53,534571,71039,78859,29097,0.658036607506762,0.29057481824718384
8999,0.905,29,134,29,534705,70905,78888,29068,0.6567953610730297,0.290758504796295
9000,0.9051,49,143,49,534848,70762,78937,29019,0.6554707473415095,0.29082691093494756
9001,0.9052,31,126,31,534974,70636,78968,28988,0.6543036051724777,0.29097406247490565
9002,0.9053,38,137,38,535111,70499,79006,28950,0.6530345696394827,0.2911039829460326
9003,0.9054,49,143,49,535254,70356,79055,28901,0.6517099559079625,0.29117341849945094
9004,0.9055,52,132,52,535386,70224,79107,28849,0.6504872355404053,0.29118932504315
9005,0.9056,73,235,73,535621,69989,79180,28776,0.6483104227648301,0.2913582746924518
9006,0.9057,68,188,68,535809,69801,79248,28708,0.64656897254437,0.29142514897116
9007,0.9058,39,182,39,535991,69619,79287,28669,0.644883100522435,0.2916836236366596
9008,0.9059,70,212,70,536203,69407,79357,28599,0.6429193375078736,0.291808664775626
9009,0.906,51,168,51,536371,69239,79408,28548,0.6413631479491645,0.2919406465072044
9010,0.9061,32,105,32,536476,69134,79440,28516,0.6403905294749713,0.2920225294418843
9011,0.9062,44,149,44,536625,68985,79484,28472,0.6390103375449258,0.2921493581784787
9012,0.9063,37,157,37,536782,68828,79521,28435,0.6375560413501797,0.2923516650730494
9013,0.9064,32,121,32,536903,68707,79553,28403,0.6364352143465857,0.2924827515188961
9014,0.9065,65,137,65,537040,68570,79618,28338,0.6351661788135907,0.2924216782928138
9015,0.9066,48,170,48,537210,68400,79666,28290,0.6335914631887065,0.2925845485572448
9016,0.9067,41,163,41,537373,68237,79707,28249,0.6320815887954352,0.29277822689302074
9017,0.9068,31,70,31,537443,68167,79738,28218,0.6314331764793064,0.29276339679410696
9018,0.9069,59,195,59,537638,67972,79797,28159,0.6296268850272333,0.29292319855197596
9019,0.907,14,61,14,537699,67911,79811,28145,0.6290618400088925,0.2930061630715416
9020,0.9071,46,136,46,537835,67775,79857,28099,0.6278020675089852,0.2930825875628429
9021,0.9072,58,156,58,537991,67619,79915,28041,0.6263570343473267,0.2931319255697261
9022,0.9073,29,79,29,538070,67540,79944,28012,0.6256252547334099,0.29315974547890156
9023,0.9074,54,186,54,538256,67354,79998,27958,0.6239023305791248,0.293331374853114
9024,0.9075,45,148,45,538404,67206,80043,27913,0.6225314016821668,0.293453463556177
9025,0.9076,80,209,80,538613,66997,80123,27833,0.6205954277668679,0.2935041653485184
9026,0.9077,73,240,73,538853,66757,80196,27760,0.618372299825855,0.2937037781563105
9027,0.9078,39,134,39,538987,66623,80235,27721,0.6171310533921227,0.293828966335962
9028,0.9079,52,135,52,539122,66488,80287,27669,0.6158805439253029,0.2938602546810115
9029,0.908,50,172,50,539294,66316,80337,27619,0.6142873022342435,0.29402246234098045
9030,0.9081,41,130,41,539424,66186,80378,27578,0.6130831079328616,0.2941214112025937
9031,0.9082,78,191,78,539615,65995,80456,27500,0.6113138686131386,0.29413337611636986
9032,0.9083,55,246,55,539861,65749,80511,27445,0.6090351624736003,0.29449320771723503
9033,0.9084,56,179,56,540040,65570,80567,27389,0.6073770795509281,0.29463526931227746
9034,0.9085,70,274,70,540314,65296,80637,27319,0.6048390084849383,0.2949738163364466
9035,0.9086,52,165,52,540479,65131,80689,27267,0.6033106080254919,0.2951037901253274
9036,0.9087,56,143,56,540622,64988,80745,27211,0.6019859942939716,0.29513335285632164
9037,0.9088,44,198,44,540820,64790,80789,27167,0.6001519137426359,0.29543156040323193
9038,0.9089,39,95,39,540915,64695,80828,27128,0.5992719255993182,0.29543796216634177
9039,0.909,42,141,42,541056,64554,80870,27086,0.5979658379339731,0.2955696202531646
9040,0.9091,33,109,33,541165,64445,80903,27053,0.5969561673274297,0.29566766486699164
9041,0.9092,41,163,41,541328,64282,80944,27012,0.5954462929341584,0.2958792472670712
9042,0.9093,49,165,49,541493,64117,80993,26963,0.5939178924747119,0.2960364514712341
9043,0.9094,59,171,59,541664,63946,81052,26904,0.5923339138167402,0.29613648871766646
9044,0.9095,39,141,39,541805,63805,81091,26865,0.591027826151395,0.29629425388772473
9045,0.9096,31,118,31,541923,63687,81122,26834,0.5899347882470636,0.2964395002264668
9046,0.9097,53,165,53,542088,63522,81175,26781,0.5884063877876172,0.29656822032490615
9047,0.9098,38,92,38,542180,63430,81213,26743,0.5875541887435622,0.29657436261408626
9048,0.9099,57,232,57,542412,63198,81270,26686,0.5854051650672496,0.296893774197855
9049,0.91,49,156,49,542568,63042,81319,26637,0.5839601319055912,0.29702605961261835
9050,0.9101,74,242,74,542810,62800,81393,26563,0.581718477898403,0.2972483018699014
9051,0.9102,36,134,36,542944,62666,81429,26527,0.5804772314646708,0.2974112318231251
9052,0.9103,31,107,31,543051,62559,81460,26496,0.5794860869243025,0.29752400202122287
9053,0.9104,49,124,49,543175,62435,81509,26447,0.5783374708214458,0.29755181026529554
9054,0.9105,42,154,42,543329,62281,81551,26405,0.5769109637259624,0.29773583203662357
9055,0.9106,59,161,59,543490,62120,81610,26346,0.5754196153988662,0.29780932787737663
9056,0.9107,38,140,38,543630,61980,81648,26308,0.5741227907666087,0.29797934034070317
9057,0.9108,39,134,39,543764,61846,81687,26269,0.5728815443328763,0.29812177268342505
9058,0.9109,38,147,38,543911,61699,81725,26231,0.5715198784690059,0.29831684294325034
9059,0.911,38,161,38,544072,61538,81763,26193,0.5700285301419097,0.29856037204636904
9060,0.9111,22,96,22,544168,61442,81785,26171,0.5691392789655044,0.2987113784484038
9061,0.9112,45,120,45,544288,61322,81830,26126,0.5680277149949979,0.29876040618424665
9062,0.9113,56,145,56,544433,61177,81886,26070,0.5666845751973026,0.2988068357651266
9063,0.9114,82,266,82,544699,60911,81968,25988,0.5642206083960132,0.29905982807627246
9064,0.9115,43,124,43,544823,60787,82011,25945,0.5630719922931565,0.2991398791680118
9065,0.9116,67,140,67,544963,60647,82078,25878,0.5617751676608989,0.2990811904073967
9066,0.9117,87,233,87,545196,60414,82165,25791,0.5596168809514988,0.29918218200800417
9067,0.9118,46,160,46,545356,60254,82211,25745,0.5581347956574901,0.2993639460923964
9068,0.9119,61,190,61,545546,60064,82272,25684,0.5563748193708548,0.29952885198488594
9069,0.912,40,119,40,545665,59945,82312,25644,0.5552725184334358,0.2996179415579105
9070,0.9121,39,113,39,545778,59832,82351,25605,0.5542257956945422,0.29969451174549666
9071,0.9122,47,125,47,545903,59707,82398,25558,0.553067916558598,0.29974784495396706
9072,0.9123,44,152,44,546055,59555,82442,25514,0.5516599355292897,0.29992124040484786
9073,0.9124,43,153,43,546208,59402,82485,25471,0.550242691466894,0.30010721902136134
9074,0.9125,45,118,45,546326,59284,82530,25426,0.5491496535625625,0.3001534647621296
9075,0.9126,57,124,57,546450,59160,82587,25369,0.5480010374597059,0.3001218516722072
9076,0.9127,46,152,46,546602,59008,82633,25323,0.5465930564303976,0.3002810354436684
9077,0.9128,86,282,86,546884,58726,82719,25237,0.5439808810997073,0.3005728713838238
9078,0.9129,53,133,53,547017,58593,82772,25184,0.5427488976990625,0.3006075653222245
9079,0.913,35,106,35,547123,58487,82807,25149,0.5417670161917818,0.30069587259075037
9080,0.9131,42,135,42,547258,58352,82849,25107,0.540516506724962,0.30083034783546414
9081,0.9132,50,184,50,547442,58168,82899,25057,0.538812108636852,0.30107539801742267
9082,0.9133,49,158,49,547600,58010,82948,25008,0.5373485494090184,0.30123587655689127
9083,0.9134,57,138,57,547738,57872,83005,24951,0.536070250842936,0.30125689723868976
9084,0.9135,31,135,31,547873,57737,83036,24920,0.5348197413761162,0.3014868674159478
9085,0.9136,57,149,57,548022,57588,83093,24863,0.5334395494460706,0.3015487986804284
9086,0.9137,39,107,39,548129,57481,83132,24824,0.5324484049057023,0.301609865743272
9087,0.9138,69,235,69,548364,57246,83201,24755,0.5302715921301271,0.30188656235899564
9088,0.9139,34,155,34,548519,57091,83235,24721,0.5288358220015562,0.30216838605583535
9089,0.914,51,140,51,548659,56951,83286,24670,0.5275389973692987,0.30225064627975645
9090,0.9141,53,142,53,548801,56809,83339,24617,0.526223646670866,0.3023235821482082
9091,0.9142,79,194,79,548995,56615,83418,24538,0.5244266182518804,0.3023671336857541
9092,0.9143,24,96,24,549091,56519,83442,24514,0.5235373670754752,0.3025187269384078
9093,0.9144,66,225,66,549316,56294,83508,24448,0.5214531846307755,0.30279160783730896
9094,0.9145,48,108,48,549424,56186,83556,24400,0.5204527770573196,0.30278212096393914
9095,0.9146,72,186,72,549610,56000,83628,24328,0.5187298529030345,0.3028582810477044
9096,0.9147,38,131,38,549741,55869,83666,24290,0.517516395568565,0.3030227422996794
9097,0.9148,72,158,72,549899,55711,83738,24218,0.5160528363407314,0.30299390709254465
9098,0.9149,39,162,39,550061,55549,83777,24179,0.5145522249805476,0.3032686132851696
9099,0.915,61,146,61,550207,55403,83838,24118,0.5131998221497647,0.3032909545906113
9100,0.9151,65,179,65,550386,55224,83903,24053,0.5115417392270926,0.3034045183344476
9101,0.9152,48,129,48,550515,55095,83951,24005,0.510346807958798,0.3034766118836915
9102,0.9153,66,183,66,550698,54912,84017,23939,0.5086516729037757,0.303597925200695
9103,0.9154,57,143,57,550841,54769,84074,23882,0.5073270591722554,0.3036452174797523
9104,0.9155,38,90,38,550931,54679,84112,23844,0.5064933861943755,0.30365625358175313
9105,0.9156,73,198,73,551129,54481,84185,23771,0.5046593056430397,0.3037749833870061
9106,0.9157,81,268,81,551397,54213,84266,23690,0.5021768127755752,0.3040961195332657
9107,0.9158,62,177,62,551574,54036,84328,23628,0.5005372559190782,0.3042336217552534
9108,0.9159,48,146,48,551720,53890,84376,23580,0.49918485308829524,0.3043758874402995
9109,0.916,49,151,49,551871,53739,84425,23531,0.49778613509207453,0.30452957163193994
9110,0.9161,52,185,52,552056,53554,84477,23479,0.496072473970877,0.3047914530136435
9111,0.9162,70,305,70,552361,53249,84547,23409,0.493247248879173,0.30536930261681755
9112,0.9163,39,89,39,552450,53160,84586,23370,0.49242283893438066,0.3053704429635437
9113,0.9164,65,174,65,552624,52986,84651,23305,0.49081107117714623,0.3054750888047083
9114,0.9165,40,133,40,552757,52853,84691,23265,0.48957908777650155,0.30564386873012955
9115,0.9166,33,105,33,552862,52748,84724,23232,0.48860646930230833,0.3057646749144512
9116,0.9167,38,109,38,552971,52639,84762,23194,0.48759679869576494,0.3058562894781955
9117,0.9168,74,180,74,553151,52459,84836,23120,0.4859294527400052,0.30590507945328727
9118,0.9169,48,153,48,553304,52306,84884,23072,0.4845122086776094,0.3060840032900846
9119,0.917,60,170,60,553474,52136,84944,23012,0.4829374930527252,0.30622238782136585
9120,0.9171,23,107,23,553581,52029,84967,22989,0.4819463485123569,0.30644645285131566
9121,0.9172,41,117,41,553698,51912,85008,22948,0.48086257364111307,0.3065455516965001
9122,0.9173,55,180,55,553878,51732,85063,22893,0.4791952276853533,0.3067738693467337
9123,0.9174,67,178,67,554056,51554,85130,22826,0.4775464077957686,0.30688357085237966
9124,0.9175,37,160,37,554216,51394,85167,22789,0.47606432250175995,0.3071997627488778
9125,0.9176,71,154,71,554370,51240,85238,22718,0.47463781540627664,0.30717434219421835
9126,0.9177,74,196,74,554566,51044,85312,22644,0.472822260921116,0.307295624796439
9127,0.9178,47,135,47,554701,50909,85359,22597,0.4715717514542962,0.30741708159878106
9128,0.9179,62,187,62,554888,50722,85421,22535,0.4698395642669236,0.3076156544767053
9129,0.918,34,84,34,554972,50638,85455,22501,0.469061469487569,0.30764708295164
9130,0.9181,43,154,43,555126,50484,85498,22458,0.4676349623920857,0.30788845932384634
9131,0.9182,39,101,39,555227,50383,85537,22419,0.4666993960502427,0.307944836680311
9132,0.9183,48,131,48,555358,50252,85585,22371,0.4654859387157731,0.30804290651721905
9133,0.9184,61,222,61,555580,50030,85646,22310,0.46342954537033604,0.3084047553220901
9134,0.9185,55,163,55,555743,49867,85701,22255,0.4619196709770647,0.3085743601120324
9135,0.9186,38,116,38,555859,49751,85739,22217,0.46084515913890844,0.3087066473988439
9136,0.9187,61,199,61,556058,49552,85800,22156,0.45900181555448516,0.30897528867072016
9137,0.9188,66,139,66,556197,49413,85866,22090,0.4577142539553151,0.3089380865138526
9138,0.9189,28,91,28,556288,49322,85894,22062,0.4568713179443477,0.3090608539728791
9139,0.919,50,172,50,556460,49150,85944,22012,0.45527807625328837,0.3093223911638234
9140,0.9191,58,162,58,556622,48988,86002,21954,0.4537774648931046,0.3094640692396606
9141,0.9192,79,237,79,556859,48751,86081,21875,0.4515821260513543,0.3097301277150058
9142,0.9193,61,138,61,556997,48613,86142,21814,0.45030382748527176,0.30973916253709516
9143,0.9194,39,138,39,557135,48475,86181,21775,0.4490255289191893,0.3099644128113879
9144,0.9195,59,183,59,557318,48292,86240,21716,0.4473303938641669,0.3101931207861959
9145,0.9196,60,159,60,557477,48133,86300,21656,0.44585757160324574,0.3103067818710685
9146,0.9197,45,115,45,557592,48018,86345,21611,0.44479232279817704,0.3103735512501975
9147,0.9198,46,182,46,557774,47836,86391,21565,0.44310645077624217,0.3107303929338194
9148,0.9199,38,121,38,557895,47715,86429,21527,0.4419856237726481,0.3108951214580746
9149,0.92,57,136,57,558031,47579,86486,21470,0.4407258512727407,0.3109386088140306
9150,0.9201,56,169,56,558200,47410,86542,21414,0.4391603986809441,0.3111414622805998
9151,0.9202,28,92,28,558292,47318,86570,21386,0.4383081996368891,0.31127736376339077
9152,0.9203,30,82,30,558374,47236,86600,21356,0.43754863092370966,0.31134826218801026
9153,0.9204,62,228,62,558602,47008,86662,21294,0.4354366593797473,0.31176246669204416
9154,0.9205,66,141,66,558743,46867,86728,21228,0.43413057171440217,0.3117409501431823
9155,0.9206,24,111,24,558854,46756,86752,21204,0.43310237504168364,0.3120070629782225
9156,0.9207,38,107,38,558961,46649,86790,21166,0.43211123050131534,0.3121138391211384
9157,0.9208,73,199,73,559160,46450,86863,21093,0.43026788691689205,0.31228994862532017
9158,0.9209,54,162,54,559322,46288,86917,21039,0.4287672755567083,0.31248978864348625
9159,0.921,36,93,36,559415,46195,86953,21003,0.42790581347956574,0.31255394505788864
9160,0.9211,43,144,43,559559,46051,86996,20960,0.42657193671495797,0.31278446822163525
9161,0.9212,81,247,81,559806,45804,87077,20879,0.42428396754233205,0.31310828846932504
9162,0.9213,65,191,65,559997,45613,87142,20814,0.4225147282226092,0.3133364445180424
9163,0.9214,42,131,42,560128,45482,87184,20772,0.4213012708881396,0.3135206930902285
9164,0.9215,33,108,33,560236,45374,87217,20739,0.42030086331468375,0.3136901970868059
9165,0.9216,68,238,68,560474,45136,87285,20671,0.41809626143984585,0.31411551962557177
9166,0.9217,70,199,70,560673,44937,87355,20601,0.41625291785542257,0.31433672068113155
9167,0.9218,39,92,39,560765,44845,87394,20562,0.4154007188113676,0.3143700215573257
9168,0.9219,28,115,28,560880,44730,87422,20534,0.4143354700062989,0.31462981122824224
9169,0.922,64,164,64,561044,44566,87486,20470,0.41281633257994,0.3147487545359493
9170,0.9221,31,102,31,561146,44464,87517,20439,0.4118715032050094,0.3149161055729319
9171,0.9222,43,121,43,561267,44343,87560,20396,0.41075067620141537,0.31504966094626113
9172,0.9223,69,242,69,561509,44101,87629,20327,0.4085090221942273,0.3154994722791333
9173,0.9224,52,178,52,561687,43923,87681,20275,0.40686020230464265,0.3158198074706377
9174,0.9225,51,120,51,561807,43803,87732,20224,0.4057486383341361,0.3158667437174942
9175,0.9226,51,128,51,561935,43675,87783,20173,0.4045629700989292,0.31595351459716825
9176,0.9227,49,114,49,562049,43561,87832,20124,0.40350698432694804,0.3159927769490461
9177,0.9228,49,144,49,562193,43417,87881,20075,0.4021731075623402,0.3161815661815662
9178,0.9229,40,113,40,562306,43304,87921,20035,0.4011263848234466,0.31631380350179195
9179,0.923,37,118,37,562424,43186,87958,19998,0.4000333469191152,0.3165041782729805
9180,0.9231,39,101,39,562525,43085,87997,19959,0.39909778057727224,0.31658841444070807
9181,0.9232,78,198,78,562723,42887,88075,19881,0.3972637000259365,0.3167378281927097
9182,0.9233,53,133,53,562856,42754,88128,19828,0.3960317166252918,0.31683231600140616
9183,0.9234,47,133,47,562989,42621,88175,19781,0.39479973322464706,0.3169930450947085
9184,0.9235,65,153,65,563142,42468,88240,19716,0.39338248916225127,0.31705905055962946
9185,0.9236,56,149,56,563291,42319,88296,19660,0.3920022972322057,0.3172042143306604
9186,0.9237,65,176,65,563467,42143,88361,19595,0.3903720034087962,0.31738961417603423
9187,0.9238,59,135,59,563602,42008,88420,19536,0.38912149394197637,0.3174314311711946
9188,0.9239,32,94,32,563696,41914,88452,19504,0.38825076883174625,0.31756162688462664
9189,0.924,44,117,44,563813,41797,88496,19460,0.3871669939605024,0.3176779796594675
9190,0.9241,46,106,46,563919,41691,88542,19414,0.3861851124532217,0.3177154079044268
9191,0.9242,67,196,67,564115,41495,88609,19347,0.38436955796806105,0.31798757437296604
9192,0.9243,50,133,50,564248,41362,88659,19297,0.3831375745674164,0.31812261989152474
9193,0.9244,36,109,36,564357,41253,88695,19261,0.38212790396087293,0.3182899824833923
9194,0.9245,54,219,54,564576,41034,88749,19207,0.3800992997146986,0.3188360086983948
9195,0.9246,33,117,33,564693,40917,88782,19174,0.37901552484345474,0.3190827245344561
9196,0.9247,57,185,57,564878,40732,88839,19117,0.3773018637222572,0.3194205416966031
9197,0.9248,34,102,34,564980,40630,88873,19083,0.3763570343473267,0.3195786512149783
9198,0.9249,47,112,47,565092,40518,88920,19036,0.3753195746415206,0.3196426772341069
9199,0.925,73,195,73,565287,40323,88993,18963,0.37351328318944754,0.31985628984920556
9200,0.9251,60,172,60,565459,40151,89053,18903,0.37192004149838825,0.3200968605005588
9201,0.9252,29,108,29,565567,40043,89082,18874,0.3709196339249324,0.3203489654938303
9202,0.9253,59,170,59,565737,39873,89141,18815,0.3693449183000482,0.3205936477644493
9203,0.9254,41,130,41,565867,39743,89182,18774,0.3681407239986661,0.320829844318745
9204,0.9255,100,231,100,566098,39512,89282,18674,0.3660009633554411,0.32093630770288384
9205,0.9256,47,134,47,566232,39378,89329,18627,0.36475971692170883,0.32112748900956817
9206,0.9257,44,92,44,566324,39286,89373,18583,0.36390751787765385,0.32112184416526984
9207,0.9258,56,154,56,566478,39132,89429,18527,0.3624810107821705,0.3213201755146638
9208,0.9259,46,136,46,566614,38996,89475,18481,0.36122123828226316,0.3215373105764045
9209,0.926,53,161,53,566775,38835,89528,18428,0.3597298899551669,0.3218133873530901
9210,0.9261,37,114,37,566889,38721,89565,18391,0.35867390418318573,0.32201638884997896
9211,0.9262,40,118,40,567007,38603,89605,18351,0.3575808662788543,0.3222073954419356
9212,0.9263,24,85,24,567092,38518,89629,18327,0.3567935084664122,0.3224030257718357
9213,0.9264,67,130,67,567222,38388,89696,18260,0.3555893141650302,0.32234147719248696
9214,0.9265,45,128,45,567350,38260,89741,18215,0.35440364592982326,0.3225320938468349
9215,0.9266,42,103,42,567453,38157,89783,18173,0.3534495535218052,0.32261672288301085
9216,0.9267,56,155,56,567608,38002,89839,18117,0.3520137833932343,0.3228318394839537
9217,0.9268,38,126,38,567734,37876,89877,18079,0.35084664122420245,0.3230989187740148
9218,0.9269,49,200,49,567934,37676,89926,18030,0.3489940346066916,0.3236635191900334
9219,0.927,49,163,49,568097,37513,89975,17981,0.34748416021342027,0.3240170108480196
9220,0.9271,74,158,74,568255,37355,90049,17907,0.34602060098558673,0.32403821794361404
9221,0.9272,64,165,64,568420,37190,90113,17843,0.34449220052614027,0.32422364762960404
9222,0.9273,35,95,35,568515,37095,90148,17808,0.34361221238282263,0.3243538604447844
9223,0.9274,74,152,74,568667,36943,90222,17734,0.3422042313535144,0.32434113063994
9224,0.9275,45,164,45,568831,36779,90267,17689,0.3406850939271555,0.32475949181170594
9225,0.9276,30,92,30,568923,36687,90297,17659,0.33983289488310053,0.32493651786700034
9226,0.9277,55,129,55,569052,36558,90352,17604,0.338637963614806,0.325024925224327
9227,0.9278,78,171,78,569223,36387,90430,17526,0.33705398495683425,0.3250792944187858
9228,0.9279,48,136,48,569359,36251,90478,17478,0.3357942124569269,0.3252991866589737
9229,0.928,48,149,48,569508,36102,90526,17430,0.3344140205268813,0.3255996413360233
9230,0.9281,53,116,53,569624,35986,90579,17377,0.33333950868872503,0.32563761407716957
9231,0.9282,48,111,48,569735,35875,90627,17329,0.3323113120160065,0.3257085933388467
9232,0.9283,40,104,40,569839,35771,90667,17289,0.3313479565749009,0.32583867320015075
9233,0.9284,56,167,56,570006,35604,90723,17233,0.32980103004927935,0.3261540208565967
9234,0.9285,37,68,37,570074,35536,90760,17196,0.32917114379932566,0.3261017977698551
9235,0.9286,28,75,28,570149,35461,90788,17168,0.3284764163177591,0.3262079841912254
9236,0.9287,36,97,36,570246,35364,90824,17132,0.3275779021082663,0.32634867418469976
9237,0.9288,27,94,27,570340,35270,90851,17105,0.32670717699803625,0.3265871121718377
9238,0.9289,47,80,47,570420,35190,90898,17058,0.3259661343510319,0.32648139641708773
9239,0.929,44,168,44,570588,35022,90942,17014,0.3244099447923228,0.32696594665231765
9240,0.9291,38,134,38,570722,34888,90980,16976,0.3231686983585905,0.32731759987660036
9241,0.9292,56,149,56,570871,34739,91036,16920,0.32178850642854495,0.32753247256044443
9242,0.9293,66,187,66,571058,34552,91102,16854,0.32005631924117234,0.32786056102400496
9243,0.9294,37,106,37,571164,34446,91139,16817,0.3190744377338916,0.32805337182763394
9244,0.9295,50,95,50,571259,34351,91189,16767,0.3181944495905739,0.3280057905238859
9245,0.9296,15,61,15,571320,34290,91204,16752,0.31762940457223315,0.3282003056306571
9246,0.9297,37,79,37,571399,34211,91241,16715,0.31689762495831636,0.32822134076895887
9247,0.9298,51,128,51,571527,34083,91292,16664,0.3157119567231094,0.3283740910792756
9248,0.9299,70,187,70,571714,33896,91362,16594,0.3139797695357368,0.3286591404238463
9249,0.93,32,114,32,571828,33782,91394,16562,0.3129237837637556,0.32897664071190214
9250,0.9301,42,134,42,571962,33648,91436,16520,0.3116825373300233,0.32929357359272843
9251,0.9302,63,126,63,572088,33522,91499,16457,0.3105153951609915,0.32927829688469157
9252,0.9303,43,135,43,572223,33387,91542,16414,0.3092648856941717,0.32959177526555694
9253,0.9304,83,163,83,572386,33224,91625,16331,0.3077550113009004,0.3295530218948643
9254,0.9305,41,105,41,572491,33119,91666,16290,0.30678239282670716,0.32969701876176405
9255,0.9306,53,150,53,572641,32969,91719,16237,0.305392937863574,0.32998008372962645
9256,0.9307,45,113,45,572754,32856,91764,16192,0.3043462151246804,0.33012559125754365
9257,0.9308,57,155,57,572909,32701,91821,16135,0.30291044499610953,0.33039151445654846
9258,0.9309,39,140,39,573049,32561,91860,16096,0.3016136203638519,0.33080543395605977
9259,0.931,38,81,38,573130,32480,91898,16058,0.30086331468376004,0.330833573694837
9260,0.9311,36,98,36,573228,32382,91934,16022,0.29995553744117975,0.3310057020080985
9261,0.9312,36,113,36,573341,32269,91970,15986,0.29890881470228614,0.3312817324629572
9262,0.9313,49,141,49,573482,32128,92019,15937,0.29760272703694096,0.3315718298137938
9263,0.9314,66,151,66,573633,31977,92085,15871,0.2962040090407203,0.33169620464805216
9264,0.9315,53,181,53,573814,31796,92138,15818,0.294527400051873,0.33221321460074765
9265,0.9316,40,96,40,573910,31700,92178,15778,0.2936381488754678,0.3323223387674291
9266,0.9317,72,152,72,574062,31548,92250,15706,0.29223016784615957,0.33237397892241927
9267,0.9318,20,88,20,574150,31460,92270,15686,0.29141502093445476,0.33271115258982736
9268,0.9319,52,121,52,574271,31339,92322,15634,0.2902941939308607,0.3328294977966066
9269,0.932,35,86,35,574357,31253,92357,15599,0.2894975730853311,0.3329420302228293
9270,0.9321,34,118,34,574475,31135,92391,15565,0.2884045351809997,0.3332976445396146
9271,0.9322,42,97,42,574572,31038,92433,15523,0.2875060209715069,0.33339060587186703
9272,0.9323,39,115,39,574687,30923,92472,15484,0.28644077216643815,0.3336565604326933
9273,0.9324,40,98,40,574785,30825,92512,15444,0.28553299492385786,0.3337872009336705
9274,0.9325,38,106,38,574891,30719,92550,15406,0.28455111341657713,0.33400542005420053
9275,0.9326,26,89,26,574980,30630,92576,15380,0.2837267034717848,0.3342751575744403
9276,0.9327,50,139,50,575119,30491,92626,15330,0.28243914187261476,0.33456275506863664
9277,0.9328,49,137,49,575256,30354,92675,15281,0.28117010633961986,0.33485263503889556
9278,0.9329,35,96,35,575352,30258,92710,15246,0.28028085516321466,0.3350474683544304
9279,0.933,27,90,27,575442,30168,92737,15219,0.27944718218533476,0.3353162799920682
9280,0.9331,22,64,22,575506,30104,92759,15197,0.2788543480677313,0.3354672082293989
9281,0.9332,56,89,56,575595,30015,92815,15141,0.27802993812293897,0.3353042785011959
9282,0.9333,60,193,60,575788,29822,92875,15081,0.276242172737041,0.3358572923858094
9283,0.9334,45,114,45,575902,29708,92920,15036,0.27518618696505986,0.3360450563204005
9284,0.9335,49,136,49,576038,29572,92969,14987,0.2739264144651525,0.3363405821495096
9285,0.9336,59,121,59,576159,29451,93028,14928,0.2728055874615584,0.336375312647874
9286,0.9337,19,72,19,576231,29379,93047,14909,0.2721386490792545,0.3366374638728324
9287,0.9338,76,176,76,576407,29203,93123,14833,0.270508355255845,0.3368380416023254
9288,0.9339,53,169,53,576576,29034,93176,14780,0.2689429026640483,0.3373350983703839
9289,0.934,49,107,49,576683,28927,93225,14731,0.26795175812368,0.33741811351871365
9290,0.9341,75,174,75,576857,28753,93300,14656,0.26633999036644557,0.33762583795987006
9291,0.9342,42,87,42,576944,28666,93342,14614,0.2655341064878284,0.33766173752310535
9292,0.9343,19,71,19,577015,28595,93361,14595,0.26487643113861203,0.3379254457050243
9293,0.9344,42,131,42,577146,28464,93403,14553,0.26366297380414244,0.338308110746914
9294,0.9345,40,92,40,577238,28372,93443,14513,0.26281077476008746,0.3384166958143873
9295,0.9346,42,86,42,577324,28286,93485,14471,0.2620141539145578,0.33844750567158594
9296,0.9347,53,109,53,577433,28177,93538,14418,0.2610044833080144,0.33849043314943067
9297,0.9348,54,110,54,577543,28067,93592,14364,0.25998554966838344,0.33852607763192005
9298,0.9349,28,74,28,577617,27993,93620,14336,0.2593000852199044,0.3386803373573673
9299,0.935,69,153,69,577770,27840,93689,14267,0.2578828411575086,0.33882727337497326
9300,0.9351,39,95,39,577865,27745,93728,14228,0.25700285301419096,0.33897982036070806
9301,0.9352,35,95,35,577960,27650,93763,14193,0.2561228648708733,0.33919652032598047
9302,0.9353,33,83,33,578043,27567,93796,14160,0.2553540331246063,0.33934862319361564
9303,0.9354,65,143,65,578186,27424,93861,14095,0.2540294193930861,0.33948312820636334
9304,0.9355,65,147,65,578333,27277,93926,14030,0.2526677535292156,0.3396518749848694
9305,0.9356,58,151,58,578484,27126,93984,13972,0.2512690355329949,0.33996788164874203
9306,0.9357,45,128,45,578612,26998,94029,13927,0.25008336729778796,0.34030543677458763
9307,0.9358,41,71,41,578683,26927,94070,13886,0.24942569194857164,0.34023472913042413
9308,0.9359,54,107,54,578790,26820,94124,13832,0.24843454740820334,0.3402538620486077
9309,0.936,58,162,58,578952,26658,94182,13774,0.24693393604801955,0.3406707558369608
9310,0.9361,46,106,46,579058,26552,94228,13728,0.24595205454073882,0.3408142999006951
9311,0.9362,25,83,25,579141,26469,94253,13703,0.24518322279447183,0.3411082345912576
9312,0.9363,22,67,22,579208,26402,94275,13681,0.2445625995776057,0.341316767707008
9313,0.9364,47,132,47,579340,26270,94322,13634,0.24333987921004854,0.3416700080192462
9314,0.9365,42,147,42,579487,26123,94364,13592,0.24197821334617808,0.34223844894875993
9315,0.9366,52,97,52,579584,26026,94416,13540,0.2410796991366853,0.3422130111712076
9316,0.9367,43,100,43,579684,25926,94459,13497,0.2401533958279299,0.3423635948557948
9317,0.9368,49,118,49,579802,25808,94508,13448,0.2390603579235985,0.3425718361524353
9318,0.9369,52,145,52,579947,25663,94560,13396,0.23771721812590316,0.34296832996236465
9319,0.937,41,96,41,580043,25567,94601,13355,0.23682796694949795,0.3431221417193361
9320,0.9371,53,125,53,580168,25442,94654,13302,0.23567008781355367,0.3433305802188726
9321,0.9372,45,98,45,580266,25344,94699,13257,0.23476231057097335,0.34343669853112613
9322,0.9373,37,79,37,580345,25265,94736,13220,0.2340305309570566,0.34351045862024165
9323,0.9374,48,106,48,580451,25159,94784,13172,0.23304864944977582,0.3436383084187733
9324,0.9375,53,119,53,580570,25040,94837,13119,0.23194634851235688,0.34379831756597395
9325,0.9376,35,66,35,580636,24974,94872,13084,0.23133498832857832,0.3437910557570025
9326,0.9377,46,135,46,580771,24839,94918,13038,0.2300844788617585,0.34421944715790587
9327,0.9378,42,101,42,580872,24738,94960,12996,0.2291489125199155,0.34441087613293053
9328,0.9379,51,121,51,580993,24617,95011,12945,0.22802808551632148,0.34463021138384536
9329,0.938,38,130,38,581123,24487,95049,12907,0.22682389121493943,0.3451623255067658
9330,0.9381,40,115,40,581238,24372,95089,12867,0.22575864240987067,0.345524852976718
9331,0.9382,33,75,33,581313,24297,95122,12834,0.22506391492830413,0.3456411085077159
9332,0.9383,31,79,31,581392,24218,95153,12803,0.22433213531438734,0.3458307447124605
9333,0.9384,41,88,41,581480,24130,95194,12762,0.22351698840268258,0.34592865661932126
9334,0.9385,31,85,31,581565,24045,95225,12731,0.22272963059024048,0.3461768544703067
9335,0.9386,39,74,39,581639,23971,95264,12692,0.22204416614176145,0.3461800725527098
9336,0.9387,33,90,33,581729,23881,95297,12659,0.22121049316388158,0.34644225506294474
9337,0.9388,26,96,26,581825,23785,95323,12633,0.22032124198747638,0.3468889010928662
9338,0.9389,33,71,33,581896,23714,95356,12600,0.21966356663826003,0.34697361898992124
9339,0.939,34,90,34,581986,23624,95390,12566,0.21882989366038016,0.34722298977618127
9340,0.9391,52,151,52,582137,23473,95442,12514,0.21743117566415948,0.34773668269097174
9341,0.9392,31,88,31,582225,23385,95473,12483,0.2166160287524547,0.3480260956841753
9342,0.9393,60,162,60,582387,23223,95533,12423,0.2151154173922709,0.3485103517926275
9343,0.9394,50,151,50,582538,23072,95583,12373,0.21371669939605023,0.3490760332910142
9344,0.9395,70,169,70,582707,22903,95653,12303,0.2121512468042536,0.34945747883883427
9345,0.9396,45,87,45,582794,22816,95698,12258,0.21134536292563638,0.34948965045332725
9346,0.9397,37,96,37,582890,22720,95735,12221,0.21045611174923118,0.3497610257290862
9347,0.9398,59,111,59,583001,22609,95794,12162,0.20942791507651265,0.34977423715164935
9348,0.9399,46,97,46,583098,22512,95840,12116,0.2085294008670199,0.3498902622155481
9349,0.94,32,63,32,583161,22449,95872,12084,0.20794582978250398,0.34992615758839374
9350,0.9401,43,124,43,583285,22325,95915,12041,0.20679721367964726,0.35037537100622707
9351,0.9402,45,81,45,583366,22244,95960,11996,0.20604690799955538,0.35035046728971964
9352,0.9403,77,151,77,583517,22093,96037,11919,0.2046481900033347,0.35043514053863345
9353,0.9404,51,90,51,583607,22003,96088,11868,0.2038145170254548,0.3503882377254879
9354,0.9405,64,157,64,583764,21846,96152,11804,0.20236022083070881,0.3507875185735513
9355,0.9406,49,112,49,583876,21734,96201,11755,0.20132276112490274,0.3510107796589925
9356,0.9407,19,42,19,583918,21692,96220,11736,0.20093371373522545,0.3510829244944358
9357,0.9408,29,78,29,583996,21614,96249,11707,0.20021119715439623,0.35133999579844544
9358,0.9409,51,168,51,584164,21446,96300,11656,0.19865500759568713,0.3521237387469035
9359,0.941,57,116,57,584280,21330,96357,11599,0.19758049575753084,0.35224270399951413
9360,0.9411,39,72,39,584352,21258,96396,11560,0.19691355737522695,0.3522457188128466
9361,0.9412,62,120,62,584472,21138,96458,11498,0.19580199340472043,0.3523103321485476
9362,0.9413,54,124,54,584596,21014,96512,11444,0.19465337730186372,0.35257871711134386
9363,0.9414,43,100,43,584696,20914,96555,11401,0.1937270739931083,0.3528082933622157
9364,0.9415,25,80,25,584776,20834,96580,11376,0.19298603134610398,0.35318224153989447
9365,0.9416,47,106,47,584882,20728,96627,11329,0.19200414983882322,0.3534017531272421
9366,0.9417,35,94,35,584976,20634,96662,11294,0.19113342472859313,0.3537334001503383
9367,0.9418,17,51,17,585027,20583,96679,11277,0.19066101004112787,0.353954802259887
9368,0.9419,28,85,28,585112,20498,96707,11249,0.18987365222868577,0.354332692852868
9369,0.942,44,141,44,585253,20357,96751,11205,0.18856756456334062,0.3550155249984158
9370,0.9421,54,106,54,585359,20251,96805,11151,0.18758568305605988,0.35510477039679
9371,0.9422,37,87,37,585446,20164,96842,11114,0.18677979917744267,0.35532962465630796
9372,0.9423,39,78,39,585524,20086,96881,11075,0.18605728259661344,0.3554122139854305
9373,0.9424,44,128,44,585652,19958,96925,11031,0.1848716143614065,0.35596501984575174
9374,0.9425,33,83,33,585735,19875,96958,10998,0.1841027826151395,0.3562336021766592
9375,0.9426,35,82,35,585817,19793,96993,10963,0.18334321390196007,0.3564507738327481
9376,0.9427,58,140,58,585957,19653,97051,10905,0.18204638926970246,0.35686236010210093
9377,0.9428,42,78,42,586035,19575,97093,10863,0.18132387268887323,0.356889414547605
9378,0.9429,54,116,54,586151,19459,97147,10809,0.18024936085071697,0.35710981895070704
9379,0.943,53,118,53,586269,19341,97200,10756,0.17915632294638556,0.3573778117420341
9380,0.9431,22,46,22,586315,19295,97222,10734,0.17873022342435807,0.3574544606880016
9381,0.9432,24,82,24,586397,19213,97246,10710,0.17797065471117862,0.3579186578885807
9382,0.9433,48,92,48,586489,19121,97294,10662,0.17711845566712364,0.35798945707282676
9383,0.9434,55,124,55,586613,18997,97349,10607,0.17596983956426693,0.35829617619240645
9384,0.9435,21,73,21,586686,18924,97370,10586,0.17529363814887547,0.3587258556421552
9385,0.9436,52,112,52,586798,18812,97422,10534,0.1742561784430694,0.3589586315000341
9386,0.9437,54,80,54,586878,18732,97476,10480,0.17351513579606506,0.3587566753389018
9387,0.9438,26,95,26,586973,18637,97502,10454,0.17263514765274743,0.3593551270152281
9388,0.9439,36,79,36,587052,18558,97538,10418,0.17190336803883063,0.35953892876863613
9389,0.944,41,100,41,587152,18458,97579,10377,0.1709770647300752,0.3598751517253338
9390,0.9441,50,151,50,587303,18307,97629,10327,0.16957834673385452,0.36065516518823776
9391,0.9442,33,59,33,587362,18248,97662,10294,0.16903182778168885,0.36066148132576553
9392,0.9443,47,107,47,587469,18141,97709,10247,0.16804068324132054,0.36096237846977597
9393,0.9444,52,100,52,587569,18041,97761,10195,0.16711437993256512,0.3610638900694149
9394,0.9445,52,113,52,587682,17928,97813,10143,0.1660676571936715,0.3613337608207759
9395,0.9446,53,117,53,587799,17811,97866,10090,0.16498388232242767,0.36163578366366794
9396,0.9447,61,161,61,587960,17650,97927,10029,0.16349253399533142,0.36233245420716065
9397,0.9448,32,69,32,588029,17581,97959,9997,0.1628533847122902,0.3624990934803104
9398,0.9449,43,77,43,588106,17504,98002,9954,0.1621401311645485,0.36251729914778935
9399,0.945,23,38,23,588144,17466,98025,9931,0.16178813590722146,0.36248494360696426
9400,0.9451,59,140,59,588284,17326,98084,9872,0.16049131127496388,0.3629678652842121
9401,0.9452,47,134,47,588418,17192,98131,9825,0.1592500648412316,0.36365991782951473
9402,0.9453,32,59,32,588477,17133,98163,9793,0.1587035458890659,0.363700512515784
9403,0.9454,25,68,25,588545,17065,98188,9768,0.15807365963911224,0.3640293668244326
9404,0.9455,36,80,36,588625,16985,98224,9732,0.1573326169921079,0.3642624546169106
9405,0.9456,37,64,37,588689,16921,98261,9695,0.15673978287450444,0.3642545837090472
9406,0.9457,25,49,25,588738,16872,98286,9670,0.15628589425321426,0.36432823449627005
9407,0.9458,27,57,27,588795,16815,98313,9643,0.15575790136722367,0.36446443419759617
9408,0.9459,38,83,38,588878,16732,98351,9605,0.15498906962095668,0.3646960549796864
9409,0.946,30,74,30,588952,16658,98381,9575,0.15430360517247768,0.3649982846033622
9410,0.9461,48,98,48,589050,16560,98429,9527,0.15339582792989737,0.36520105799823666
9411,0.9462,20,63,20,589113,16497,98449,9507,0.15281225684538144,0.365597600369174
9412,0.9463,40,76,40,589189,16421,98489,9467,0.15210826633072733,0.3656906674907293
9413,0.9464,62,106,62,589295,16315,98551,9405,0.1511263848234466,0.3656687402799378
9414,0.9465,37,86,37,589381,16229,98588,9368,0.15032976397791692,0.36598038832675706
9415,0.9466,36,90,36,589471,16139,98624,9332,0.14949609100003705,0.3663774488634133
9416,0.9467,37,119,37,589590,16020,98661,9295,0.1483937900626181,0.36717361248271774
9417,0.9468,39,98,39,589688,15922,98700,9256,0.1474860128200378,0.36762252760346337
9418,0.9469,30,98,30,589786,15824,98730,9226,0.14657823557745747,0.36830339321357286
9419,0.947,50,107,50,589893,15717,98780,9176,0.1455870910370892,0.3686176836861768
9420,0.9471,36,57,36,589950,15660,98816,9140,0.1450590981510986,0.3685483870967742
9421,0.9472,32,66,32,590016,15594,98848,9108,0.14444773796732002,0.3687150837988827
9422,0.9473,34,54,34,590070,15540,98882,9074,0.14394753418059208,0.3686519866742504
9423,0.9474,60,114,60,590184,15426,98942,9014,0.1428915484086109,0.3688216039279869
9424,0.9475,38,65,38,590249,15361,98980,8976,0.1422894512579199,0.36882113654106913
9425,0.9476,38,97,38,590346,15264,99018,8938,0.14139093704842715,0.3693083216263119
9426,0.9477,58,125,58,590471,15139,99076,8880,0.14023305791248286,0.36970731504225823
9427,0.9478,46,85,46,590556,15054,99122,8834,0.13944570010004076,0.3698091091761554
9428,0.9479,43,81,43,590637,14973,99165,8791,0.13869539441994888,0.3699293048308366
9429,0.948,41,100,41,590737,14873,99206,8750,0.13776909111119345,0.3704017271303391
9430,0.9481,39,76,39,590813,14797,99245,8711,0.13706510059653934,0.37055470478135105
9431,0.9482,33,70,33,590883,14727,99278,8678,0.13641668828041054,0.3707754753257851
9432,0.9483,27,58,27,590941,14669,99305,8651,0.1358794323613324,0.3709691252144082
9433,0.9484,26,48,26,590989,14621,99331,8625,0.1354348067731298,0.37103157532478703
9434,0.9485,24,50,24,591039,14571,99355,8601,0.1349716551187521,0.37118073537027446
9435,0.9486,32,73,32,591112,14498,99387,8569,0.13429545370336063,0.3714830710538865
9436,0.9487,31,64,31,591176,14434,99418,8538,0.13370261958575716,0.3716698589587324
9437,0.9488,46,59,46,591235,14375,99464,8492,0.13315610063359146,0.37136484890890803
9438,0.9489,20,57,20,591292,14318,99484,8472,0.13262810774760087,0.37174199210179903
9439,0.949,29,66,29,591358,14252,99513,8443,0.13201674756382228,0.37202026878167
9440,0.9491,46,101,46,591459,14151,99559,8397,0.13108118122197931,0.37240553485896755
9441,0.9492,32,62,32,591521,14089,99591,8365,0.13050687317055096,0.3725394139128886
9442,0.9493,51,106,51,591627,13983,99642,8314,0.12952499166327022,0.37287527470063236
9443,0.9494,31,81,31,591708,13902,99673,8283,0.12877468598317834,0.3733603786342123
9444,0.9495,30,53,30,591761,13849,99703,8253,0.12828374522953795,0.3734051217084427
9445,0.9496,37,94,37,591855,13755,99740,8216,0.12741302011930786,0.3739474762186519
9446,0.9497,32,83,32,591938,13672,99772,8184,0.12664418837304087,0.37445095168374815
9447,0.9498,26,58,26,591996,13614,99798,8158,0.12610693245396273,0.3747014514054749
9448,0.9499,11,22,11,592018,13592,99809,8147,0.12590314572603653,0.3747642485854915
9449,0.95,33,63,33,592081,13529,99842,8114,0.12531957464152063,0.3749018158295985
9450,0.9501,24,54,24,592135,13475,99866,8090,0.1248193708547927,0.37514491073498724
9451,0.9502,39,89,39,592224,13386,99905,8051,0.12399496091000037,0.3755656108597285
9452,0.9503,57,102,57,592326,13284,99962,7994,0.12305013153506984,0.3756932042485196
9453,0.9504,33,101,33,592427,13183,99995,7961,0.12211456519322687,0.37651343170639423
9454,0.9505,20,35,20,592462,13148,100015,7941,0.12179035903516247,0.37654701503153304
9455,0.9506,27,52,27,592514,13096,100042,7914,0.12130868131460966,0.3766777724892908
9456,0.9507,51,107,51,592621,12989,100093,7863,0.12031753677424135,0.3770861308267792
9457,0.9508,33,55,33,592676,12934,100126,7830,0.11980806995442587,0.3770949720670391
9458,0.9509,42,97,42,592773,12837,100168,7788,0.11890955574493312,0.3776
9459,0.951,40,70,40,592843,12767,100208,7748,0.11826114342880432,0.37767487204484523
9460,0.9511,40,109,40,592952,12658,100248,7708,0.11725147282226092,0.37847392713345773
9461,0.9512,19,60,19,593012,12598,100267,7689,0.11669569083700768,0.37901118943165574
9462,0.9513,22,31,22,593043,12567,100289,7667,0.11640853681129348,0.37891667490362757
9463,0.9514,29,54,29,593097,12513,100318,7638,0.11590833302456556,0.37903826112848
9464,0.9515,15,30,15,593127,12483,100333,7623,0.11563044203193894,0.3791405550581916
9465,0.9516,26,56,26,593183,12427,100359,7597,0.1151117121790359,0.37939472632840593
9466,0.9517,47,66,47,593249,12361,100406,7550,0.11450035199525732,0.37918738385816886
9467,0.9518,26,77,26,593326,12284,100432,7524,0.11378709844751565,0.37984652665589663
9468,0.9519,23,47,23,593373,12237,100455,7501,0.1133517358924006,0.3800283716688621
9469,0.952,41,79,41,593452,12158,100496,7460,0.11261995627848383,0.3802630237536956
9470,0.9521,24,89,24,593541,12069,100520,7436,0.1117955463336915,0.38123558062035373
9471,0.9522,37,74,37,593615,11995,100557,7399,0.1111100818852125,0.381509745282046
9472,0.9523,32,71,32,593686,11924,100589,7367,0.11045240653599615,0.38188792701259655
9473,0.9524,34,53,34,593739,11871,100623,7333,0.10996146578235577,0.38184753176421576
9474,0.9525,29,78,29,593817,11793,100652,7304,0.10923894920152655,0.38246845054196993
9475,0.9526,31,85,31,593902,11708,100683,7273,0.10845159138908445,0.38317264633054104
9476,0.9527,34,73,34,593975,11635,100717,7239,0.10777538997369299,0.38354349899332413
9477,0.9528,15,45,15,594020,11590,100732,7224,0.10735855348475305,0.38396938450090357
9478,0.9529,35,64,35,594084,11526,100767,7189,0.10676571936714958,0.3841303767031793
9479,0.953,38,94,38,594178,11432,100805,7151,0.10589499425691949,0.38481407738255397
9480,0.9531,26,52,26,594230,11380,100831,7125,0.10541331653636667,0.38503107268305864
9481,0.9532,28,52,28,594282,11328,100859,7097,0.10493163881581385,0.3851831750339213
9482,0.9533,41,108,41,594390,11220,100900,7056,0.103931231242358,0.3860801050558109
9483,0.9534,24,42,24,594432,11178,100924,7032,0.10354218385268073,0.386161449752883
9484,0.9535,19,50,19,594482,11128,100943,7013,0.10307903219830301,0.3865828785623725
9485,0.9536,43,68,43,594550,11060,100986,6970,0.10244914594834932,0.3865779256794232
9486,0.9537,26,47,26,594597,11013,101012,6944,0.10201378339323428,0.38670156484936236
9487,0.9538,26,58,26,594655,10955,101038,6918,0.10147652747415614,0.38706428691322103
9488,0.9539,36,63,36,594718,10892,101074,6882,0.10089295638964023,0.38719477889051424
9489,0.954,27,46,27,594764,10846,101101,6855,0.10046685686761272,0.3872662561437207
9490,0.9541,45,92,45,594856,10754,101146,6810,0.09961465782355775,0.38772489182418585
9491,0.9542,28,44,28,594900,10710,101174,6782,0.09920708436770537,0.3877201006174251
9492,0.9543,23,39,23,594939,10671,101197,6759,0.09884582607729075,0.38777969018932873
9493,0.9544,31,49,31,594988,10622,101228,6728,0.0983919374560006,0.3877809798270893
9494,0.9545,28,50,28,595038,10572,101256,6700,0.09792878580162288,0.3879110699397869
9495,0.9546,34,61,34,595099,10511,101290,6666,0.09736374078328208,0.38807707981603307
9496,0.9547,28,45,28,595144,10466,101318,6638,0.09694690429434213,0.3880963517305893
9497,0.9548,47,76,47,595220,10390,101365,6591,0.09624291377968802,0.38813968553088746
9498,0.9549,23,66,23,595286,10324,101388,6568,0.09563155359590944,0.3888231115320862
9499,0.955,40,75,40,595361,10249,101428,6528,0.09493682611434288,0.3891041306550635
9500,0.9551,23,48,23,595409,10201,101451,6505,0.09449220052614028,0.38938106069675565
9501,0.9552,21,40,21,595449,10161,101472,6484,0.09412167920263811,0.38954641033343346
9502,0.9553,28,53,28,595502,10108,101500,6456,0.09363073844899773,0.38976092731224343
9503,0.9554,29,60,29,595562,10048,101529,6427,0.09307495646374449,0.39010622154779967
9504,0.9555,35,81,35,595643,9967,101564,6392,0.0923246507836526,0.39073292988568986
9505,0.9556,26,63,26,595706,9904,101590,6366,0.09174107969913668,0.39127228027043637
9506,0.9557,34,40,34,595746,9864,101624,6332,0.09137055837563451,0.3909607310447024
9507,0.9558,28,37,28,595783,9827,101652,6304,0.09102782615139501,0.390800322360672
9508,0.9559,20,35,20,595818,9792,101672,6284,0.09070361999333061,0.3908932570291117
9509,0.956,22,38,22,595856,9754,101694,6262,0.09035162473600356,0.390984015984016
9510,0.9561,28,51,28,595907,9703,101722,6234,0.0898792100485383,0.39116521302629104
9511,0.9562,29,77,29,595984,9626,101751,6205,0.08916595650079662,0.3919524982629019
9512,0.9563,27,75,27,596059,9551,101778,6178,0.08847122901923006,0.3927776718163901
9513,0.9564,28,56,28,596115,9495,101806,6150,0.08795249916632703,0.3930968360498562
9514,0.9565,26,43,26,596158,9452,101832,6124,0.08755418874356219,0.39316897791474065
9515,0.9566,27,43,27,596201,9409,101859,6097,0.08715587832079737,0.3932026312395202
9516,0.9567,21,34,21,596235,9375,101880,6076,0.08684093519582052,0.3932431557827972
9517,0.9568,24,76,24,596311,9299,101904,6052,0.08613694468116641,0.39424141749723146
9518,0.9569,38,66,38,596377,9233,101942,6014,0.08552558449738783,0.39443825014757
9519,0.957,11,22,11,596399,9211,101953,6003,0.08532179776946164,0.3945707900617852
9520,0.9571,38,71,38,596470,9140,101991,5965,0.08466412242024529,0.39490235021516057
9521,0.9572,39,101,39,596571,9039,102030,5926,0.08372855607840231,0.3959906448379552
9522,0.9573,15,41,15,596612,8998,102045,5911,0.08334877172181258,0.39647192970688844
9523,0.9574,38,65,38,596677,8933,102083,5873,0.08274667457112157,0.3966635147913008
9524,0.9575,32,72,32,596749,8861,102115,5841,0.08207973618881767,0.3972928853217249
9525,0.9576,30,51,30,596800,8810,102145,5811,0.0816073215013524,0.39744203542849327
9526,0.9577,30,53,30,596853,8757,102175,5781,0.08111638074771203,0.3976475443664878
9527,0.9578,27,37,27,596890,8720,102202,5754,0.08077364852347253,0.3975404172999862
9528,0.9579,27,68,27,596958,8652,102229,5727,0.08014376227351884,0.3982891717087419
9529,0.958,34,54,34,597012,8598,102263,5693,0.07964355848679092,0.39836260583584077
9530,0.9581,16,45,16,597057,8553,102279,5677,0.07922672199785098,0.3989458889669712
9531,0.9582,28,35,28,597092,8518,102307,5649,0.07890251583978658,0.39874355897508296
9532,0.9583,44,75,44,597167,8443,102351,5605,0.07820778835822001,0.3989891799544419
9533,0.9584,36,90,36,597257,8353,102387,5569,0.07737411538034014,0.40001436575204713
9534,0.9585,27,56,27,597313,8297,102414,5542,0.0768553855274371,0.40046246116048845
9535,0.9586,30,43,30,597356,8254,102444,5512,0.07645707510467227,0.40040679936074386
9536,0.9587,15,34,15,597390,8220,102459,5497,0.07614213197969544,0.4007436028286068
9537,0.9588,32,58,32,597448,8162,102491,5465,0.07560487606061729,0.4010420488735598
9538,0.9589,31,63,31,597511,8099,102522,5434,0.07502130497610138,0.4015369836695485
9539,0.959,20,42,20,597553,8057,102542,5414,0.0746322575864241,0.40190037859104744
9540,0.9591,25,52,25,597605,8005,102567,5389,0.07415057986587129,0.4023443332835598
9541,0.9592,26,52,26,597657,7953,102593,5363,0.07366890214531846,0.4027485731450886
9542,0.9593,24,59,24,597716,7894,102617,5339,0.07312238319315277,0.4034610443588
9543,0.9594,24,54,24,597770,7840,102641,5315,0.07262217940642483,0.4040288863549981
9544,0.9595,20,31,20,597801,7809,102661,5295,0.07233502538071065,0.4040750915750916
9545,0.9596,19,35,19,597836,7774,102680,5276,0.07201081922264627,0.4042911877394636
9546,0.9597,22,28,22,597864,7746,102702,5254,0.07175145429619474,0.40415384615384614
9547,0.9598,16,46,16,597910,7700,102718,5238,0.07132535477416725,0.4048539186891328
9548,0.9599,30,48,30,597958,7652,102748,5208,0.07088072918596465,0.40497667185069985
9549,0.96,19,43,19,598001,7609,102767,5189,0.07048241876319983,0.405453977183935
9550,0.9601,24,51,24,598052,7558,102791,5165,0.07001000407573456,0.40595771437554035
9551,0.9602,35,56,35,598108,7502,102826,5130,0.06949127422283152,0.40611146295123496
9552,0.9603,29,51,29,598159,7451,102855,5101,0.06901885953536627,0.40638942001274697
9553,0.9604,33,58,33,598217,7393,102888,5068,0.06848160361628812,0.40670893186742635
9554,0.9605,20,45,20,598262,7348,102908,5048,0.06806476712734819,0.40722813810906744
9555,0.9606,23,56,23,598318,7292,102931,5025,0.06754603727444515,0.40797272063002354
9556,0.9607,28,43,28,598361,7249,102959,4997,0.06714772685168031,0.40805160868855134
9557,0.9608,30,61,30,598422,7188,102989,4967,0.06658268183333951,0.4086384204031263
9558,0.9609,30,57,30,598479,7131,103019,4937,0.06605468894734892,0.40909844216108715
9559,0.961,31,44,31,598523,7087,103050,4906,0.06564711549149653,0.4090719586425415
9560,0.9611,24,39,24,598562,7048,103074,4882,0.06528585720108192,0.40922045264040235
9561,0.9612,35,61,35,598623,6987,103109,4847,0.06472081218274112,0.40958255872908567
9562,0.9613,28,48,28,598671,6939,103137,4819,0.06427618659453851,0.40984861370981457
9563,0.9614,15,18,15,598689,6921,103152,4804,0.06410945199896254,0.4097228144989339
9564,0.9615,12,25,12,598714,6896,103164,4792,0.06387787617177368,0.40999315537303216
9565,0.9616,22,52,22,598766,6844,103186,4770,0.06339619845122087,0.410711210607887
9566,0.9617,15,19,15,598785,6825,103201,4755,0.06322020082255733,0.4106217616580311
9567,0.9618,17,37,17,598822,6788,103218,4738,0.06287746859831783,0.41107062293944124
9568,0.9619,28,64,28,598886,6724,103246,4710,0.06228463448071436,0.41192933356655587
9569,0.962,24,34,24,598920,6690,103270,4686,0.06196969135573752,0.4119198312236287
9570,0.9621,31,57,31,598977,6633,103301,4655,0.06144169846974693,0.4123848334514529
9571,0.9622,23,44,23,599021,6589,103324,4632,0.06103412501389455,0.4127974333838339
9572,0.9623,11,23,11,599044,6566,103335,4621,0.0608210752528808,0.4130687405023688
9573,0.9624,19,50,19,599094,6516,103354,4602,0.060357923598503095,0.4139233675121425
9574,0.9625,14,38,14,599132,6478,103368,4588,0.06000592834117603,0.4146032893547804
9575,0.9626,25,72,25,599204,6406,103393,4563,0.059338989958872136,0.41599051873461573
9576,0.9627,28,48,28,599252,6358,103421,4535,0.058894364370669534,0.41632240888644084
9577,0.9628,25,27,25,599279,6331,103446,4510,0.058644262477305566,0.41601328290748085
9578,0.9629,24,62,24,599341,6269,103470,4486,0.05806995442587721,0.4171083217108322
9579,0.963,19,22,19,599363,6247,103489,4467,0.05786616769795102,0.41693111816315104
9580,0.9631,39,45,39,599408,6202,103528,4428,0.05744933120901108,0.41655691439322673
9581,0.9632,34,55,34,599463,6147,103562,4394,0.0569398643891956,0.41684849634759513
9582,0.9633,21,33,21,599496,6114,103583,4373,0.05663418429730631,0.41699246686373603
9583,0.9634,18,36,18,599532,6078,103601,4355,0.05630071510615436,0.4174254768522956
9584,0.9635,18,23,18,599555,6055,103619,4337,0.05608766534514061,0.4173402617397998
9585,0.9636,19,50,19,599605,6005,103638,4318,0.055624513690762906,0.41828925699893443
9586,0.9637,24,50,24,599655,5955,103662,4294,0.05516136203638519,0.4189677041662601
9587,0.9638,25,54,25,599709,5901,103687,4269,0.05466115824965727,0.41976401179941003
9588,0.9639,23,57,23,599766,5844,103710,4246,0.05413316536366668,0.42081268582755205
9589,0.964,29,37,29,599803,5807,103739,4217,0.05379043313942718,0.4206903431763767
9590,0.9641,17,35,17,599838,5772,103756,4200,0.053466226981362774,0.42117930204572807
9591,0.9642,22,21,22,599859,5751,103778,4178,0.05327170328652414,0.4207875919025078
9592,0.9643,25,43,25,599902,5708,103803,4153,0.05287339286375931,0.4211540411722949
9593,0.9644,20,40,20,599942,5668,103823,4133,0.052502871540257144,0.42169166411590653
9594,0.9645,14,29,14,599971,5639,103837,4119,0.05223424358071807,0.42211518753843
9595,0.9646,22,31,22,600002,5608,103859,4097,0.05194708955500389,0.42215352910870685
9596,0.9647,21,21,21,600023,5587,103880,4076,0.05175256586016525,0.42181517127186174
9597,0.9648,23,22,23,600045,5565,103903,4053,0.05154877913223906,0.42139737991266374
9598,0.9649,32,60,32,600105,5505,103935,4021,0.05099299714698581,0.4221079151795087
9599,0.965,13,22,13,600127,5483,103948,4008,0.050789210419059615,0.4222948056053103
9600,0.9651,15,21,15,600148,5462,103963,3993,0.05059468672422098,0.422316234796404
9601,0.9652,18,28,18,600176,5434,103981,3975,0.050335321797769464,0.4224678499309172
9602,0.9653,18,26,18,600202,5408,103999,3957,0.05009448293749305,0.4225306994127069
9603,0.9654,39,56,39,600258,5352,104038,3918,0.049575753084590016,0.42265372168284787
9604,0.9655,12,23,12,600281,5329,104050,3906,0.04936270332357627,0.42295614510016244
9605,0.9656,31,41,31,600322,5288,104081,3875,0.04898291896698655,0.42289643129979265
9606,0.9657,18,48,18,600370,5240,104099,3857,0.04853829337878395,0.42398592942728375
9607,0.9658,12,38,12,600408,5202,104111,3845,0.04818629812145689,0.42500276334696585
9608,0.9659,27,38,27,600446,5164,104138,3818,0.04783430286412983,0.4250723669561345
9609,0.966,10,37,10,600483,5127,104148,3808,0.047491570639890325,0.4261891438164522
9610,0.9661,26,32,26,600515,5095,104174,3782,0.04719515358108859,0.42604483496676804
9611,0.9662,51,78,51,600593,5017,104225,3731,0.046472637000259366,0.42649748513946045
9612,0.9663,22,26,22,600619,4991,104247,3709,0.04623179813998295,0.4263218390804598
9613,0.9664,17,42,17,600661,4949,104264,3692,0.04584275075030568,0.42726536280523086
9614,0.9665,17,47,17,600708,4902,104281,3675,0.045407388195190634,0.428471493529206
9615,0.9666,17,33,17,600741,4869,104298,3658,0.045101708103301344,0.42899026621320513
9616,0.9667,23,65,23,600806,4804,104321,3635,0.044499610952610326,0.43073823912785875
9617,0.9668,26,44,26,600850,4760,104347,3609,0.04409203749675794,0.43123431712271476
9618,0.9669,15,37,15,600887,4723,104362,3594,0.043749305272518434,0.43212696885896357
9619,0.967,26,27,26,600914,4696,104388,3568,0.04349920337915447,0.4317521781219748
9620,0.9671,12,25,12,600939,4671,104400,3556,0.043267627551965615,0.4322353227178802
9621,0.9672,19,33,19,600972,4638,104419,3537,0.042961947460076325,0.4326605504587156
9622,0.9673,22,45,22,601017,4593,104441,3515,0.04254511097113639,0.43352244696595954
9623,0.9674,31,63,31,601080,4530,104472,3484,0.04196153988662048,0.4347392063888196
9624,0.9675,23,34,23,601114,4496,104495,3461,0.04164659676164363,0.43496292572577605
9625,0.9676,21,22,21,601136,4474,104516,3440,0.04144281003371744,0.43467273186757643
9626,0.9677,12,13,12,601149,4461,104528,3428,0.041322390603579236,0.4345290911395614
9627,0.9678,10,15,10,601164,4446,104538,3418,0.041183445107265924,0.43463886063072227
9628,0.9679,17,38,17,601202,4408,104555,3401,0.04083144984993886,0.43552311435523117
9629,0.968,15,21,15,601223,4387,104570,3386,0.04063692615510023,0.4356104464170848
9630,0.9681,15,32,15,601255,4355,104585,3371,0.040340509096298494,0.43631892311674864
9631,0.9682,17,27,17,601282,4328,104602,3354,0.04009040720293453,0.43660505076802913
9632,0.9683,16,40,16,601322,4288,104618,3338,0.039719885879432364,0.4377130868082874
9633,0.9684,26,43,26,601365,4245,104644,3312,0.039321575456667535,0.43826915442635966
9634,0.9685,33,45,33,601410,4200,104677,3279,0.038904738967727594,0.43842759727236263
9635,0.9686,7,23,7,601433,4177,104684,3272,0.03869168920671385,0.43925359108605183
9636,0.9687,10,24,10,601457,4153,104694,3262,0.03846937641261255,0.4399190829399865
9637,0.9688,25,26,25,601483,4127,104719,3237,0.038228537552336135,0.4395708853883759
9638,0.9689,25,35,25,601518,4092,104744,3212,0.03790433139427174,0.4397590361445783
9639,0.969,30,30,30,601548,4062,104774,3182,0.03762644040164512,0.43926007730535616
9640,0.9691,23,34,23,601582,4028,104797,3159,0.03731149727666827,0.4395436204257687
9641,0.9692,17,36,17,601618,3992,104814,3142,0.03697802808551632,0.440426128399215
9642,0.9693,22,30,22,601648,3962,104836,3120,0.0367001370928897,0.44055351595594466
9643,0.9694,12,14,12,601662,3948,104848,3108,0.036570454629663934,0.44047619047619047
9644,0.9695,12,27,12,601689,3921,104860,3096,0.03632035273629997,0.44121419410004276
9645,0.9696,26,39,26,601728,3882,104886,3070,0.03595909444588536,0.4415995397008055
9646,0.9697,14,20,14,601748,3862,104900,3056,0.035773833784134276,0.44174616941312517
9647,0.9698,5,21,5,601769,3841,104905,3051,0.035579310089295636,0.4426871735345328
9648,0.9699,11,27,11,601796,3814,104916,3040,0.035329208195931674,0.44353662095126933
9649,0.97,33,46,33,601842,3768,104949,3007,0.034903108673904185,0.44383763837638374
9650,0.9701,11,22,11,601864,3746,104960,2996,0.03469932194597799,0.44437852269356276
9651,0.9702,31,51,31,601915,3695,104991,2965,0.034226907258512726,0.4451951951951952
9652,0.9703,16,51,16,601966,3644,105007,2949,0.03375449257104746,0.447292583042621
9653,0.9704,8,24,8,601990,3620,105015,2941,0.03353217977694616,0.44825483920134124
9654,0.9705,8,17,8,602007,3603,105023,2933,0.03337470821445774,0.4487454100367197
9655,0.9706,9,18,9,602025,3585,105032,2924,0.03320797361888177,0.44922415117529574
9656,0.9707,11,10,11,602035,3575,105043,2913,0.03311534328800622,0.44898273736128236
9657,0.9708,13,25,13,602060,3550,105056,2900,0.03288376746081737,0.4496124031007752
9658,0.9709,12,22,12,602082,3528,105068,2888,0.032679980732891176,0.45012468827930174
9659,0.971,10,18,10,602100,3510,105078,2878,0.0325132461373152,0.45053224796493424
9660,0.9711,11,32,11,602132,3478,105089,2867,0.03221682907851347,0.45185185185185184
9661,0.9712,22,44,22,602176,3434,105111,2845,0.031809255622661084,0.45309762701067047
9662,0.9713,12,18,12,602194,3416,105123,2833,0.03164252102708511,0.45335253640582496
9663,0.9714,8,13,8,602207,3403,105131,2825,0.031522101596946905,0.4535966602440591
9664,0.9715,18,27,18,602234,3376,105149,2807,0.031271999703582944,0.4539867378295326
9665,0.9716,10,27,10,602261,3349,105159,2797,0.03102189781021898,0.45509274324764076
9666,0.9717,23,33,23,602294,3316,105182,2774,0.03071621771832969,0.4555008210180624
9667,0.9718,20,28,20,602322,3288,105202,2754,0.030456852791878174,0.4558093346573982
9668,0.9719,7,15,7,602337,3273,105209,2747,0.03031790729556486,0.456312292358804
9669,0.972,22,38,22,602375,3235,105231,2725,0.0299659120382378,0.45721476510067116
9670,0.9721,12,16,12,602391,3219,105243,2713,0.029817703508836932,0.4573499662845583
9671,0.9722,17,21,17,602412,3198,105260,2696,0.029623179813998295,0.4574143196470987
9672,0.9723,8,9,8,602421,3189,105268,2688,0.02953981251621031,0.45737621235324144
9673,0.9724,20,21,20,602442,3168,105288,2668,0.02934528882137167,0.457162440027416
9674,0.9725,19,31,19,602473,3137,105307,2649,0.02905813479565749,0.45782924300034566
9675,0.9726,11,38,11,602511,3099,105318,2638,0.02870613953833043,0.4598222067282552
9676,0.9727,13,23,13,602534,3076,105331,2625,0.028493089777316686,0.46044553587089987
9677,0.9728,11,16,11,602550,3060,105342,2614,0.02834488124791582,0.46069792033838564
9678,0.9729,13,12,13,602562,3048,105355,2601,0.028233724850865168,0.4604354753053638
9679,0.973,14,16,14,602578,3032,105369,2587,0.0280855163214643,0.4604022067983627
9680,0.9731,16,30,16,602608,3002,105385,2571,0.027807625328837675,0.46133141934326216
9681,0.9732,15,16,15,602624,2986,105400,2556,0.027659416799436808,0.46120534103211835
9682,0.9733,19,37,19,602661,2949,105419,2537,0.027316684575197304,0.46244987240247903
9683,0.9734,13,32,13,602693,2917,105432,2524,0.02702026751639557,0.4638853151994119
9684,0.9735,24,34,24,602727,2883,105456,2500,0.026705324391418726,0.4644250417982538
9685,0.9736,24,33,24,602760,2850,105480,2476,0.02639964429952944,0.46488922268118665
9686,0.9737,20,18,20,602778,2832,105500,2456,0.026232909703953464,0.46444780635400906
9687,0.9738,10,11,10,602789,2821,105510,2446,0.026131016339990366,0.46440098727928614
9688,0.9739,15,20,15,602809,2801,105525,2431,0.02594575567823928,0.46464067278287463
9689,0.974,13,27,13,602836,2774,105538,2418,0.02569565378487532,0.4657164869029276
9690,0.9741,21,27,21,602863,2747,105559,2397,0.025445551891511358,0.46597978227060655
9691,0.9742,8,13,8,602876,2734,105567,2389,0.02532513246137315,0.4663283232480968
9692,0.9743,17,20,17,602896,2714,105584,2372,0.025139871799622068,0.4663782933543059
9693,0.9744,8,26,8,602922,2688,105592,2364,0.02489903293934566,0.4679334916864608
9694,0.9745,24,25,24,602947,2663,105616,2340,0.024667457112156805,0.4677193683789726
9695,0.9746,12,16,12,602963,2647,105628,2328,0.024519248582755938,0.4679396984924623
9696,0.9747,16,12,16,602975,2635,105644,2312,0.024408092185705287,0.46735395189003437
9697,0.9748,10,12,10,602987,2623,105654,2302,0.024296935788654637,0.46741116751269035
9698,0.9749,24,47,24,603034,2576,105678,2278,0.02386157323353959,0.469303667078698
9699,0.975,18,37,18,603071,2539,105696,2260,0.023518841009300084,0.4709314440508439
9700,0.9751,20,30,20,603101,2509,105716,2240,0.02324095001667346,0.4716782480522215
9701,0.9752,16,20,16,603121,2489,105732,2224,0.023055689354922377,0.47188627201357947
9702,0.9753,12,22,12,603143,2467,105744,2212,0.022851902626996184,0.47275058773242146
9703,0.9754,12,20,12,603163,2447,105756,2200,0.0226666419652451,0.4734237142242307
9704,0.9755,12,34,12,603197,2413,105768,2188,0.022351698840268257,0.4755487937404912
9705,0.9756,14,22,14,603219,2391,105782,2174,0.022147912112342065,0.47623220153340634
9706,0.9757,12,25,12,603244,2366,105794,2162,0.02191633628515321,0.47747349823321555
9707,0.9758,21,13,21,603257,2353,105815,2141,0.021795916855015005,0.4764129951045839
9708,0.9759,24,29,24,603286,2324,105839,2117,0.021527288895475935,0.47669443818959695
9709,0.976,15,18,15,603304,2306,105854,2102,0.02136055429989996,0.4768602540834846
9710,0.9761,18,34,18,603338,2272,105872,2084,0.021045611174923116,0.47842056932966026
9711,0.9762,7,16,7,603354,2256,105879,2077,0.02089740264552225,0.4793445649665359
9712,0.9763,10,22,10,603376,2234,105889,2067,0.020693615917596057,0.48058591025342945
9713,0.9764,15,23,15,603399,2211,105904,2052,0.020480566156582312,0.4813511611541168
9714,0.9765,7,15,7,603414,2196,105911,2045,0.020341620660268997,0.4821975949068616
9715,0.9766,14,22,14,603436,2174,105925,2031,0.020137833932342808,0.4829964328180737
9716,0.9767,11,37,11,603473,2137,105936,2020,0.0197951017081033,0.48592735145537647
9717,0.9768,25,13,25,603486,2124,105961,1995,0.019674682277965098,0.48434085943190097
9718,0.9769,11,19,11,603505,2105,105972,1984,0.019498684649301566,0.48520420640743456
9719,0.977,22,19,22,603524,2086,105994,1962,0.019322687020638038,0.48468379446640314
9720,0.9771,22,20,22,603544,2066,106016,1940,0.019137426358886954,0.48427358961557665
9721,0.9772,6,17,6,603561,2049,106022,1934,0.018979954796398534,0.48556364549334674
9722,0.9773,10,16,10,603577,2033,106032,1924,0.018831746266997667,0.4862269396007076
9723,0.9774,18,13,18,603590,2020,106050,1906,0.01871132683685946,0.4854814060112073
9724,0.9775,9,15,9,603605,2005,106059,1897,0.01857238134054615,0.4861609431060994
9725,0.9776,10,7,10,603612,1998,106069,1887,0.018507540108933268,0.4857142857142857
9726,0.9777,31,21,31,603633,1977,106100,1856,0.01831301641409463,0.4842160187842421
9727,0.9778,12,19,12,603652,1958,106112,1844,0.0181370187854311,0.4850078905839032
9728,0.9779,7,26,7,603678,1932,106119,1837,0.017896179925154694,0.4873971875829132
9729,0.978,6,11,6,603689,1921,106125,1831,0.017794286561191596,0.48800639658848616
9730,0.9781,37,27,37,603716,1894,106162,1794,0.017544184667827634,0.4864425162689805
9731,0.9782,21,27,21,603743,1867,106183,1773,0.01729408277446367,0.4870879120879121
9732,0.9783,5,11,5,603754,1856,106188,1768,0.017192189410500575,0.4878587196467991
9733,0.9784,9,10,9,603764,1846,106197,1759,0.017099559079625033,0.4879334257975035
9734,0.9785,19,17,19,603781,1829,106216,1740,0.016942087517136613,0.4875315214345755
9735,0.9786,8,14,8,603795,1815,106224,1732,0.016812405053910854,0.488299971807161
9736,0.9787,17,33,17,603828,1782,106241,1715,0.016506724962021564,0.4904203603088361
9737,0.9788,19,17,19,603845,1765,106260,1696,0.016349253399533144,0.49003178272175674
9738,0.9789,18,17,18,603862,1748,106278,1678,0.01619178183704472,0.4897840046701693
9739,0.979,18,19,18,603881,1729,106296,1660,0.016015784208381192,0.48982000590144587
9740,0.9791,15,23,15,603904,1706,106311,1645,0.015802734447367447,0.4908982393315428
9741,0.9792,10,17,10,603921,1689,106321,1635,0.015645262884879024,0.4918772563176895
9742,0.9793,13,15,13,603936,1674,106334,1622,0.015506317388565711,0.49211165048543687
9743,0.9794,3,9,3,603945,1665,106337,1619,0.015422950090777725,0.4929963459196102
9744,0.9795,14,17,14,603962,1648,106351,1605,0.015265478528289304,0.49339071626191205
9745,0.9796,12,16,12,603978,1632,106363,1593,0.015117269998888436,0.493953488372093
9746,0.9797,16,17,16,603995,1615,106379,1577,0.014959798436400015,0.49404761904761907
9747,0.9798,7,11,7,604006,1604,106386,1570,0.014857905072436919,0.49464398235664775
9748,0.9799,7,6,7,604012,1598,106393,1563,0.014802326873911593,0.4944637772856691
9749,0.98,24,32,24,604044,1566,106417,1539,0.014505909815109859,0.4956521739130435
9750,0.9801,15,17,15,604061,1549,106432,1524,0.01434843825262144,0.49593231369996743
9751,0.9802,13,19,13,604080,1530,106445,1511,0.01417244062395791,0.4968760276224926
9752,0.9803,17,18,17,604098,1512,106462,1494,0.014005706028381934,0.49700598802395207
9753,0.9804,8,14,8,604112,1498,106470,1486,0.013876023565156175,0.4979892761394102
9754,0.9805,12,14,12,604126,1484,106482,1474,0.013746341101930416,0.4983096686950642
9755,0.9806,7,15,7,604141,1469,106489,1467,0.013607395605617103,0.4996594005449591
9756,0.9807,18,10,18,604151,1459,106507,1449,0.01351476527474156,0.4982806052269601
9757,0.9808,6,5,6,604156,1454,106513,1443,0.01346845010930379,0.49810148429409734
9758,0.9809,12,12,12,604168,1442,106525,1431,0.01335729371225314,0.4980856247824574
9759,0.981,16,24,16,604192,1418,106541,1415,0.01313498091815184,0.49947052594422875
9760,0.9811,13,11,13,604203,1407,106554,1402,0.013033087554188744,0.49911000355998575
9761,0.9812,14,24,14,604227,1383,106568,1388,0.012810774760087443,0.5009022013713461
9762,0.9813,16,17,16,604244,1366,106584,1372,0.012653303197599022,0.5010956902848794
9763,0.9814,7,17,7,604261,1349,106591,1365,0.0124958316351106,0.5029476787030214
9764,0.9815,4,7,4,604268,1342,106595,1361,0.01243099040349772,0.5035146133925268
9765,0.9816,7,6,7,604274,1336,106602,1354,0.012375412204972396,0.5033457249070632
9766,0.9817,10,14,10,604288,1322,106612,1344,0.012245729741746637,0.5041260315078769
9767,0.9818,4,6,4,604294,1316,106616,1340,0.012190151543221313,0.5045180722891566
9768,0.9819,16,8,16,604302,1308,106632,1324,0.01211604727852088,0.5030395136778115
9769,0.982,17,14,17,604316,1294,106649,1307,0.01198636481529512,0.5024990388312187
9770,0.9821,6,16,6,604332,1278,106655,1301,0.011838156285894253,0.5044590926715782
9771,0.9822,2,4,2,604336,1274,106657,1299,0.011801104153544037,0.504858142246405
9772,0.9823,16,11,16,604347,1263,106673,1283,0.01169921078958094,0.5039277297721917
9773,0.9824,14,12,14,604359,1251,106687,1269,0.01158805439253029,0.5035714285714286
9774,0.9825,3,11,3,604370,1240,106690,1266,0.011486161028567194,0.5051875498802874
9775,0.9826,7,15,7,604385,1225,106697,1259,0.01134721553225388,0.5068438003220612
9776,0.9827,3,20,3,604405,1205,106700,1256,0.011161954870502798,0.510361641609102
9777,0.9828,13,10,13,604415,1195,106713,1243,0.011069324539627256,0.5098441345365053
9778,0.9829,16,16,16,604431,1179,106729,1227,0.010921116010226389,0.5099750623441397
9779,0.983,5,17,5,604448,1162,106734,1222,0.010763644447737968,0.5125838926174496
9780,0.9831,13,13,13,604461,1149,106747,1209,0.010643225017599763,0.5127226463104325
9781,0.9832,6,6,6,604467,1143,106753,1203,0.010587646819074438,0.5127877237851662
9782,0.9833,11,18,11,604485,1125,106764,1192,0.010420912223498462,0.5144583513163573
9783,0.9834,5,7,5,604492,1118,106769,1187,0.010356070991885583,0.5149674620390455
9784,0.9835,7,2,7,604494,1116,106776,1180,0.010337544925710474,0.5139372822299652
9785,0.9836,17,18,17,604512,1098,106793,1163,0.010170810330134498,0.51437417072092
9786,0.9837,8,11,8,604523,1087,106801,1155,0.010068916966171404,0.5151650312221231
9787,0.9838,13,9,13,604532,1078,106814,1142,0.009985549668383416,0.5144144144144144
9788,0.9839,23,23,23,604555,1055,106837,1119,0.00977249990736967,0.514719411223551
9789,0.984,8,4,8,604559,1051,106845,1111,0.009735447775019453,0.5138760407030527
9790,0.9841,4,5,4,604564,1046,106849,1107,0.009689132609581682,0.5141662796098467
9791,0.9842,10,28,10,604592,1018,106859,1097,0.009429767683130164,0.518676122931442
9792,0.9843,5,8,5,604600,1010,106864,1092,0.00935566341842973,0.5195052331113226
9793,0.9844,6,3,6,604603,1007,106870,1086,0.009327874319167068,0.5188724319159101
9794,0.9845,9,9,9,604612,998,106879,1077,0.00924450702137908,0.5190361445783133
9795,0.9846,9,7,9,604619,991,106888,1068,0.0091796657897662,0.5186983972802331
9796,0.9847,10,9,10,604628,982,106898,1058,0.009096298491978213,0.5186274509803922
9797,0.9848,3,2,3,604630,980,106901,1055,0.009077772425803104,0.5184275184275184
9798,0.9849,14,19,14,604649,961,106915,1041,0.008901774797139576,0.51998001998002
9799,0.985,9,7,9,604656,954,106924,1032,0.008836933565526697,0.5196374622356495
9800,0.9851,7,16,7,604672,938,106931,1025,0.00868872503612583,0.522159959246052
9801,0.9852,10,7,10,604679,931,106941,1015,0.00862388380451295,0.5215827338129496
9802,0.9853,10,11,10,604690,920,106951,1005,0.008521990440549854,0.522077922077922
9803,0.9854,10,8,10,604698,912,106961,995,0.00844788617584942,0.5217619297325642
9804,0.9855,2,6,2,604704,906,106963,993,0.008392307977324095,0.5229067930489731
9805,0.9856,4,8,4,604712,898,106967,989,0.008318203712623661,0.5241123476417594
9806,0.9857,5,1,5,604713,897,106972,984,0.008308940679536107,0.5231259968102073
9807,0.9858,5,9,5,604722,888,106977,979,0.00822557338174812,0.5243706480985538
9808,0.9859,10,14,10,604736,874,106987,969,0.00809589091852236,0.5257731958762887
9809,0.986,5,4,5,604740,870,106992,964,0.008058838786172143,0.5256270447110142
9810,0.9861,15,6,15,604746,864,107007,949,0.008003260587646818,0.5234418091560948
9811,0.9862,10,12,10,604758,852,107017,939,0.00789210419059617,0.52428810720268
9812,0.9863,13,16,13,604774,836,107030,926,0.007743895661195301,0.5255391600454029
9813,0.9864,10,6,10,604780,830,107040,916,0.007688317462669977,0.5246277205040092
9814,0.9865,18,13,18,604793,817,107058,898,0.007567898032531772,0.5236151603498542
9815,0.9866,4,11,4,604804,806,107062,894,0.007466004668568676,0.5258823529411765
9816,0.9867,13,11,13,604815,795,107075,881,0.00736411130460558,0.5256563245823389
9817,0.9868,3,5,3,604820,790,107078,878,0.007317796139167809,0.526378896882494
9818,0.9869,11,8,11,604828,782,107089,867,0.007243691874467375,0.5257731958762887
9819,0.987,19,12,19,604840,770,107108,848,0.007132535477416726,0.5241038318912238
9820,0.9871,7,4,7,604844,766,107115,841,0.007095483345066509,0.523335407591786
9821,0.9872,3,0,3,604844,766,107118,838,0.007095483345066509,0.5224438902743143
9822,0.9873,8,11,8,604855,755,107126,830,0.006993589981103413,0.5236593059936908
9823,0.9874,18,17,18,604872,738,107144,812,0.006836118418614991,0.5238709677419355
9824,0.9875,8,7,8,604879,731,107152,804,0.006771277187002112,0.5237785016286645
9825,0.9876,14,16,14,604895,715,107166,790,0.006623068657601245,0.5249169435215947
9826,0.9877,10,6,10,604901,709,107176,780,0.00656749045907592,0.5238415043653458
9827,0.9878,12,17,12,604918,692,107188,768,0.006410018896587499,0.5260273972602739
9828,0.9879,7,14,7,604932,678,107195,761,0.00628033643336174,0.5288394718554552
9829,0.988,0,3,0,604935,675,107195,761,0.006252547334099077,0.5299442896935933
9830,0.9881,6,7,6,604942,668,107201,755,0.006187706102486198,0.5305692199578356
9831,0.9882,4,4,4,604946,664,107205,751,0.006150653970135981,0.5307420494699646
9832,0.9883,12,14,12,604960,650,107217,739,0.006020971506910223,0.5320374370050396
9833,0.9884,15,16,15,604976,634,107232,724,0.005872762977509356,0.5331369661266568
9834,0.9885,16,8,16,604984,626,107248,708,0.005798658712808922,0.5307346326836582
9835,0.9886,7,8,7,604992,618,107255,701,0.0057245544481084884,0.5314632297194845
9836,0.9887,13,15,13,605007,603,107268,688,0.005585608951795175,0.5329202168861348
9837,0.9888,9,10,9,605017,593,107277,679,0.005492978620919634,0.5338050314465409
9838,0.9889,5,12,5,605029,581,107282,674,0.005381822223868984,0.5370517928286852
9839,0.989,4,3,4,605032,578,107286,670,0.005354033124606321,0.5368589743589743
9840,0.9891,5,5,5,605037,573,107291,665,0.00530771795916855,0.537156704361874
9841,0.9892,23,10,23,605047,563,107314,642,0.005215087628293008,0.5327800829875519
9842,0.9893,6,1,6,605048,562,107320,636,0.005205824595205454,0.5308848080133556
9843,0.9894,11,4,11,605052,558,107331,625,0.005168772462855237,0.5283178360101437
9844,0.9895,5,8,5,605060,550,107336,620,0.0050946681981548034,0.5299145299145299
9845,0.9896,5,3,5,605063,547,107341,615,0.005066879098892141,0.5292598967297762
9846,0.9897,2,5,2,605068,542,107343,613,0.005020563933454371,0.5307359307359307
9847,0.9898,2,5,2,605073,537,107345,611,0.0049742487680166,0.5322299651567944
9848,0.9899,1,3,1,605076,534,107346,610,0.004946459668753937,0.5332167832167832
9849,0.99,59,40,59,605116,494,107405,551,0.004575938345251769,0.5272727272727272
9850,0.9901,8,9,8,605125,485,107413,543,0.004492571047463782,0.5282101167315175
9851,0.9902,9,7,9,605132,478,107422,534,0.0044277298158509025,0.5276679841897233
9852,0.9903,6,5,6,605137,473,107428,528,0.0043814146504131315,0.5274725274725275
9853,0.9904,8,13,8,605150,460,107436,520,0.004260995220274927,0.5306122448979592
9854,0.9905,10,3,10,605153,457,107446,510,0.004233206121012264,0.5274043433298863
9855,0.9906,1,1,1,605154,456,107447,509,0.00422394308792471,0.5274611398963731
9856,0.9907,9,5,9,605159,451,107456,500,0.004177627922486939,0.5257623554153522
9857,0.9908,2,5,2,605164,446,107458,498,0.004131312757049168,0.527542372881356
9858,0.9909,13,5,13,605169,441,107471,485,0.004084997591611397,0.5237580993520519
9859,0.991,6,3,6,605172,438,107477,479,0.004057208492348734,0.5223555070883316
9860,0.9911,5,10,5,605182,428,107482,474,0.003964578161473193,0.5254988913525499
9861,0.9912,9,10,9,605192,418,107491,465,0.0038719478305976507,0.5266138165345413
9862,0.9913,2,2,2,605194,416,107493,463,0.0038534217644225427,0.5267349260523322
9863,0.9914,8,10,8,605204,406,107501,455,0.0037607914335470007,0.5284552845528455
9864,0.9915,4,5,4,605209,401,107505,451,0.0037144762681092297,0.5293427230046949
9865,0.9916,5,1,5,605210,400,107510,446,0.0037052132350216755,0.5271867612293144
9866,0.9917,8,8,8,605218,392,107518,438,0.003631108970321242,0.5277108433734939
9867,0.9918,12,7,12,605225,385,107530,426,0.003566267738708363,0.5252774352651048
9868,0.9919,2,2,2,605227,383,107532,424,0.0035477416725332544,0.5254027261462205
9869,0.992,7,2,7,605229,381,107539,417,0.003529215606358146,0.5225563909774437
9870,0.9921,4,3,4,605232,378,107543,413,0.0035014265070954834,0.5221238938053098
9871,0.9922,2,3,2,605235,375,107545,411,0.003473637407832821,0.5229007633587787
9872,0.9923,3,2,3,605237,373,107548,408,0.0034551113416577124,0.5224071702944942
9873,0.9924,5,5,5,605242,368,107553,403,0.0034087961762199414,0.522697795071336
9874,0.9925,7,12,7,605254,356,107560,396,0.0032976397791692914,0.526595744680851
9875,0.9926,6,7,6,605261,349,107566,390,0.003232798547556412,0.5277401894451962
9876,0.9927,5,4,5,605265,345,107571,385,0.003195746415206195,0.5273972602739726
9877,0.9928,2,3,2,605268,342,107573,383,0.0031679573159435325,0.5282758620689655
9878,0.9929,3,6,3,605274,336,107576,380,0.0031123791174182073,0.5307262569832403
9879,0.993,8,10,8,605284,326,107584,372,0.0030197487865426657,0.5329512893982808
9880,0.9931,5,7,5,605291,319,107589,367,0.0029549075549297863,0.5349854227405247
9881,0.9932,8,7,8,605298,312,107597,359,0.002890066323316907,0.5350223546944859
9882,0.9933,1,3,1,605301,309,107598,358,0.0028622772240542442,0.5367316341829086
9883,0.9934,6,5,6,605306,304,107604,352,0.002815962058616473,0.5365853658536586
9884,0.9935,2,3,2,605309,301,107606,350,0.002788172959353811,0.5376344086021505
9885,0.9936,4,8,4,605317,293,107610,346,0.0027140686946533774,0.5414710485133021
9886,0.9937,13,1,13,605318,292,107623,333,0.002704805661565823,0.5328
9887,0.9938,9,12,9,605330,280,107632,324,0.0025936492645151727,0.5364238410596026
9888,0.9939,5,5,5,605335,275,107637,319,0.0025473340990774017,0.5370370370370371
9889,0.994,2,4,2,605339,271,107639,317,0.0025102819667271853,0.5391156462585034
9890,0.9941,5,3,5,605342,268,107644,312,0.0024824928674645227,0.5379310344827586
9891,0.9942,4,2,4,605344,266,107648,308,0.0024639668012894143,0.5365853658536586
9892,0.9943,3,1,3,605345,265,107651,305,0.00245470376820186,0.5350877192982456
9893,0.9944,1,4,1,605349,261,107652,304,0.0024176516358516433,0.5380530973451327
9894,0.9945,3,7,3,605356,254,107655,301,0.002352810404238764,0.5423423423423424
9895,0.9946,2,1,2,605357,253,107657,299,0.0023435473711512097,0.5416666666666666
9896,0.9947,5,5,5,605362,248,107662,294,0.0022972322057134387,0.5424354243542435
9897,0.9948,4,4,4,605366,244,107666,290,0.0022601800733632223,0.5430711610486891
9898,0.9949,2,1,2,605367,243,107668,288,0.002250917040275668,0.5423728813559322
9899,0.995,2,3,2,605370,240,107670,286,0.0022231279410130055,0.5437262357414449
9900,0.9951,2,4,2,605374,236,107672,284,0.0021860758086627886,0.5461538461538461
9901,0.9952,2,4,2,605378,232,107674,282,0.002149023676312572,0.5486381322957199
9902,0.9953,5,3,5,605381,229,107679,277,0.002121234577049909,0.5474308300395256
9903,0.9954,2,1,2,605382,228,107681,275,0.002111971543962355,0.5467196819085487
9904,0.9955,6,11,6,605393,217,107687,269,0.0020100781799992588,0.5534979423868313
9905,0.9956,1,5,1,605398,212,107688,268,0.001963763014561488,0.5583333333333333
9906,0.9957,3,4,3,605402,208,107691,265,0.0019267108822112714,0.5602536997885835
9907,0.9958,13,5,13,605407,203,107704,252,0.0018803957167735003,0.5538461538461539
9908,0.9959,12,6,12,605413,197,107716,240,0.0018248175182481751,0.5491990846681922
9909,0.996,3,3,3,605416,194,107719,237,0.0017970284189855125,0.5498839907192575
9910,0.9961,3,5,3,605421,189,107722,234,0.0017507132535477417,0.5531914893617021
9911,0.9962,4,0,4,605421,189,107726,230,0.0017507132535477417,0.548926014319809
9912,0.9963,5,2,5,605423,187,107731,225,0.0017321871873726333,0.5461165048543689
9913,0.9964,2,0,2,605423,187,107733,223,0.0017321871873726333,0.5439024390243903
9914,0.9965,4,5,4,605428,182,107737,219,0.0016858720219348623,0.5461346633416458
9915,0.9966,2,1,2,605429,181,107739,217,0.001676608988847308,0.5452261306532663
9916,0.9968,0,2,0,605431,179,107739,217,0.0016580829226721999,0.547979797979798
9917,0.9969,1,2,1,605433,177,107740,216,0.0016395568564970915,0.549618320610687
9918,0.997,1,3,1,605436,174,107741,215,0.0016117677572344289,0.5526992287917738
9919,0.9971,5,3,5,605439,171,107746,210,0.0015839786579717663,0.5511811023622047
9920,0.9972,1,5,1,605444,166,107747,209,0.0015376634925339952,0.5573333333333333
9921,0.9973,3,0,3,605444,166,107750,206,0.0015376634925339952,0.553763440860215
9922,0.9974,8,10,8,605454,156,107758,198,0.0014450331616584534,0.559322033898305
9923,0.9975,0,1,0,605455,155,107758,198,0.0014357701285708992,0.5609065155807366
9924,0.9977,6,4,6,605459,151,107764,192,0.0013987179962206824,0.5597667638483965
9925,0.9978,1,6,1,605465,145,107765,191,0.0013431397976953574,0.5684523809523809
9926,0.9979,4,10,4,605475,135,107769,187,0.0012505094668198156,0.5807453416149069
9927,0.998,1,1,1,605476,134,107770,186,0.0012412464337322614,0.58125
9928,0.9981,1,1,1,605477,133,107771,185,0.0012319834006447072,0.5817610062893082
9929,0.9982,1,2,1,605479,131,107772,184,0.0012134573344695988,0.5841269841269842
9930,0.9983,1,2,1,605481,129,107773,183,0.0011949312682944903,0.5865384615384616
9931,0.9984,4,2,4,605483,127,107777,179,0.001176405202119382,0.5849673202614379
9932,0.9985,15,7,15,605490,120,107792,164,0.0011115639705065027,0.5774647887323944
9933,0.9986,0,1,0,605491,119,107792,164,0.0011023009374189485,0.5795053003533569
9934,0.9987,0,4,0,605495,115,107792,164,0.0010652488050687317,0.5878136200716846
9935,0.9988,3,4,3,605499,111,107795,161,0.001028196672718515,0.5919117647058824
9936,0.9989,3,3,3,605502,108,107798,158,0.0010004075734558523,0.5939849624060151
9937,0.999,1,0,1,605502,108,107799,157,0.0010004075734558523,0.5924528301886792
9938,0.9991,2,0,2,605502,108,107801,155,0.0010004075734558523,0.5893536121673004
9939,0.9992,8,5,8,605507,103,107809,147,0.0009540924080180815,0.588
9940,0.9993,3,2,3,605509,101,107812,144,0.0009355663418429731,0.5877551020408164
9941,0.9994,6,7,6,605516,94,107818,138,0.0008707251102300938,0.5948275862068966
9942,0.9995,0,1,0,605517,93,107818,138,0.0008614620771425395,0.5974025974025974
9943,0.9997,0,4,0,605521,89,107818,138,0.0008244099447923228,0.6079295154185022
9944,0.9998,1,1,1,605522,88,107819,137,0.0008151469117047686,0.6088888888888889
9945,0.9999,2,0,2,605522,88,107821,135,0.0008151469117047686,0.6053811659192825
9946,1.0,135,88,135,605610,0,107956,0,0.0,
