,y_proba,y_test,Neg,Pos,TN,FP,FN,TP,FP/P,Prec
0,0.0103,0,1,0,1,605609,0,107956,5.609776205120605,0.1512910526721462
1,0.0104,0,2,0,3,605607,0,107956,5.60975767905443,0.1512914767161414
2,0.0112,0,1,0,4,605606,0,107956,5.609748416021342,0.15129168873903037
3,0.0116,0,1,0,5,605605,0,107956,5.609739152988254,0.15129190076251364
4,0.0118,0,2,0,7,605603,0,107956,5.609720626922079,0.15129232481126298
5,0.0128,0,1,0,8,605602,0,107956,5.609711363888992,0.15129253683652905
6,0.0132,0,1,0,9,605601,0,107956,5.6097021008559045,0.15129274886238941
7,0.0135,0,1,0,10,605600,0,107956,5.609692837822816,0.15129296088884403
8,0.0138,0,18,0,28,605582,0,107956,5.609526103227241,0.1512967774666521
9,0.014,0,2,0,30,605580,0,107956,5.609507577161065,0.15129720154273926
10,0.0141,0,9,0,39,605571,0,107956,5.609424209863278,0.15129910991455123
11,0.0144,0,16,0,55,605555,0,107956,5.6092760013338765,0.15130250269442236
12,0.0146,0,1,0,56,605554,0,107956,5.609266738300789,0.15130271474821658
13,0.0148,0,12,0,68,605542,0,107956,5.609155581903739,0.15130525944011056
14,0.0149,0,1,0,69,605541,0,107956,5.609146318870651,0.1513054715016321
15,0.015,0,3,0,72,605538,0,107956,5.609118529771388,0.15130610768976333
16,0.0152,0,2,0,74,605536,0,107956,5.609100003705214,0.15130653181815634
17,0.0153,0,1,0,75,605535,0,107956,5.6090907406721255,0.1513067438832445
18,0.0155,0,3,0,78,605532,0,107956,5.609062951572863,0.15130738008207567
19,0.0156,0,7,0,85,605525,0,107956,5.6089981103412505,0.151308864566821
20,0.0157,0,10,0,95,605515,0,107956,5.608905480010375,0.1513109853098444
21,0.0158,0,40,0,135,605475,0,107956,5.608534958686873,0.15131946887645756
22,0.0159,3,21,3,156,605454,3,107953,5.608340434992034,0.15132035429985968
23,0.016,0,29,0,185,605425,3,107953,5.608071807032495,0.1513265057234734
24,0.0161,0,4,0,189,605421,3,107953,5.608034754900144,0.15132735423494548
25,0.0162,1,7,1,196,605414,4,107952,5.607969913668532,0.15132764948147234
26,0.0163,0,6,0,202,605408,4,107952,5.6079143354700065,0.15132892228327913
27,0.0164,0,20,0,222,605388,4,107952,5.6077290748082556,0.15133316511060643
28,0.0165,0,22,0,244,605366,4,107952,5.607525288080329,0.15133783249546487
29,0.0166,0,4,0,248,605362,4,107952,5.6074882359479785,0.15133868114182533
30,0.0167,0,1,0,249,605361,4,107952,5.607478972914891,0.1513388933049026
31,0.0168,0,8,0,257,605353,4,107952,5.607404868650191,0.15134059063093627
32,0.0169,0,1,0,258,605352,4,107952,5.6073956056171035,0.15134080279936746
33,0.0171,1,10,1,268,605342,5,107951,5.607302975286228,0.15134173474294574
34,0.0172,0,11,0,279,605331,5,107951,5.607201081922264,0.1513440686853166
35,0.0173,2,20,2,299,605311,7,107949,5.6070158212605135,0.15134593275944255
36,0.0174,0,13,0,312,605298,7,107949,5.606895401830375,0.15134869126684025
37,0.0175,0,3,0,315,605295,7,107949,5.606867612731112,0.15134932785975067
38,0.0176,1,24,1,339,605271,8,107948,5.6066452999370116,0.15135323091504854
39,0.0177,0,50,0,389,605221,8,107948,5.606182148282634,0.15136384223094385
40,0.0179,0,17,0,406,605204,8,107948,5.606024676720145,0.15136745041730235
41,0.018,0,7,0,413,605197,8,107948,5.605959835488532,0.15136893619109718
42,0.0181,0,16,0,429,605181,8,107948,5.605811626959132,0.1513723323550157
43,0.0182,1,41,1,470,605140,9,107947,5.605431842602542,0.15137984565698154
44,0.0183,0,7,0,477,605133,9,107947,5.6053670013709285,0.15138133168788917
45,0.0184,0,55,0,532,605078,9,107947,5.604857534551114,0.1513930086602854
46,0.0185,1,8,1,540,605070,10,107946,5.604783430286413,0.15139351711602544
47,0.0187,0,50,0,590,605020,10,107946,5.604320278632035,0.15140413427849295
48,0.0188,0,29,0,619,604991,10,107946,5.604051650672496,0.15141029291508226
49,0.0189,0,17,0,636,604974,10,107946,5.603894179110008,0.15141390338326882
50,0.019,1,27,1,663,604947,11,107945,5.603644077216644,0.15141844767510365
51,0.0191,0,4,0,667,604943,11,107945,5.603607025084294,0.1514192972809193
52,0.0192,0,31,0,698,604912,11,107945,5.603319871058579,0.15142588204927496
53,0.0193,1,48,1,746,604864,12,107944,5.6028752454703765,0.15143488849732326
54,0.0194,0,8,0,754,604856,12,107944,5.602801141205676,0.15143658810325478
55,0.0195,0,27,0,781,604829,12,107944,5.602551039312313,0.15144232455494247
56,0.0196,0,61,0,842,604768,12,107944,5.601985994293972,0.15145528628674695
57,0.0197,1,5,1,847,604763,13,107943,5.601939679128534,0.1514551582279369
58,0.0198,0,7,0,854,604756,13,107943,5.601874837896921,0.1514566457929645
59,0.0199,1,31,1,885,604725,14,107942,5.601587683871207,0.15146204328248677
60,0.02,6,75,6,960,604650,20,107936,5.60089295638964,0.15147084001088992
61,0.0201,0,21,0,981,604629,20,107936,5.600698432694801,0.1514753040073537
62,0.0202,1,58,1,1039,604571,21,107935,5.600161176775724,0.1514864436229309
63,0.0203,0,8,0,1047,604563,21,107935,5.600087072511023,0.15148814452812498
64,0.0204,0,5,0,1052,604558,21,107935,5.600040757345585,0.15148920761326778
65,0.0205,1,10,1,1062,604548,22,107934,5.599948127014709,0.1514901429088735
66,0.0206,0,12,0,1074,604536,22,107934,5.599836970617659,0.15149269442923913
67,0.0207,1,93,1,1167,604443,23,107933,5.598975508540517,0.15151128055970442
68,0.0208,0,4,0,1171,604439,23,107933,5.598938456408166,0.15151213130218483
69,0.0209,0,2,0,1173,604437,23,107933,5.598919930341991,0.15151255667700775
70,0.021,0,9,0,1182,604428,23,107933,5.598836563044204,0.151514470893269
71,0.0211,0,5,0,1187,604423,23,107933,5.598790247878766,0.15151553436764764
72,0.0212,0,9,0,1196,604414,23,107933,5.598706880580978,0.15151744865915068
73,0.0213,1,33,1,1229,604381,24,107932,5.598401200489088,0.151523276986381
74,0.0214,0,13,0,1242,604368,24,107932,5.59828078105895,0.15152604239786607
75,0.0215,0,13,0,1255,604355,24,107932,5.598160361628811,0.15152880791029458
76,0.0216,0,34,0,1289,604321,24,107932,5.597845418503835,0.15153604126623546
77,0.0217,0,34,0,1323,604287,24,107932,5.597530475378858,0.15154327531279002
78,0.0218,0,15,0,1338,604272,24,107932,5.597391529882545,0.15154646702349328
79,0.0219,3,61,3,1399,604211,27,107929,5.596826484864204,0.15155587384503047
80,0.022,1,76,1,1475,604135,28,107928,5.59612249434955,0.15157085819653598
81,0.0221,1,51,1,1526,604084,29,107927,5.595650079662085,0.15158052333461142
82,0.0222,0,9,0,1535,604075,29,107927,5.595566712364296,0.1515824393751703
83,0.0223,1,10,1,1545,604065,30,107926,5.595474082033421,0.15158337675616687
84,0.0224,1,91,1,1636,603974,31,107925,5.594631146022453,0.15160156145745393
85,0.0225,1,24,1,1660,603950,32,107924,5.594408833228353,0.15160548074518806
86,0.0226,0,33,0,1693,603917,32,107924,5.594103153136463,0.1516125089732117
87,0.0227,1,74,1,1767,603843,33,107923,5.593417688687984,0.1516270796863014
88,0.0228,0,12,0,1779,603831,33,107923,5.593306532290933,0.1516296360821295
89,0.0229,0,5,0,1784,603826,33,107923,5.593260217125495,0.15163070127249914
90,0.023,0,13,0,1797,603813,33,107923,5.593139797695358,0.15163347083750153
91,0.0231,1,16,1,1813,603797,34,107922,5.5929915891659565,0.1516356876801097
92,0.0232,2,59,2,1872,603738,36,107920,5.592445070213791,0.1516458748443775
93,0.0233,0,15,0,1887,603723,36,107920,5.592306124717478,0.15164907123375063
94,0.0234,0,5,0,1892,603718,36,107920,5.59225980955204,0.15165013672681898
95,0.0235,1,65,1,1957,603653,37,107919,5.591657712401349,0.15166279729950027
96,0.0236,2,52,2,2009,603601,39,107917,5.591176034680796,0.15167149671547311
97,0.0237,1,9,1,2018,603592,40,107916,5.591092667383008,0.15167222294057128
98,0.0238,0,25,0,2043,603567,40,107916,5.590861091555819,0.15167755238002875
99,0.0239,0,32,0,2075,603535,40,107916,5.590564674497017,0.15168437460907358
100,0.024,0,62,0,2137,603473,40,107916,5.589990366445589,0.15169759442442882
101,0.0241,1,61,1,2198,603412,41,107915,5.589425321427248,0.1517094107210889
102,0.0242,4,36,4,2234,603376,45,107911,5.589091852236097,0.15171231865618237
103,0.0243,2,61,2,2295,603315,47,107909,5.588526807217756,0.15172294523244434
104,0.0244,0,41,0,2336,603274,47,107909,5.588147022861166,0.1517316921242493
105,0.0245,3,47,3,2383,603227,50,107906,5.58771166030605,0.1517381418103224
106,0.0246,1,52,1,2435,603175,51,107905,5.587229982585498,0.15174804522697868
107,0.0247,1,57,1,2492,603118,52,107904,5.586701989699507,0.15175901730185565
108,0.0248,2,64,2,2556,603054,54,107902,5.586109155581903,0.15177029239502868
109,0.0249,0,35,0,2591,603019,54,107902,5.585784949423839,0.15177776433668438
110,0.025,2,49,2,2640,602970,56,107900,5.585331060802549,0.15178583988633645
111,0.0251,0,61,0,2701,602909,56,107900,5.584766015784209,0.15179886579939195
112,0.0252,1,19,1,2720,602890,57,107899,5.584590018155545,0.15180173018997198
113,0.0253,6,116,6,2836,602774,63,107893,5.583515506317388,0.15181934717666642
114,0.0254,2,47,2,2883,602727,65,107891,5.583080143762274,0.1518270012862044
115,0.0255,4,135,4,3018,602592,69,107887,5.581829634295453,0.15185107511974316
116,0.0256,0,14,0,3032,602578,69,107887,5.581699951832228,0.15185406740655769
117,0.0257,2,65,2,3097,602513,71,107885,5.581097854681537,0.1518655739458726
118,0.0258,4,63,4,3160,602450,75,107881,5.580514283597021,0.1518742670670434
119,0.0259,3,37,3,3197,602413,78,107878,5.580171551372781,0.1518785962373168
120,0.026,1,31,1,3228,602382,79,107877,5.579884397347067,0.15188403103656553
121,0.0261,0,39,0,3267,602343,79,107877,5.579523139056652,0.15189237137788292
122,0.0262,1,29,1,3296,602314,80,107876,5.579254511097114,0.15189737957448007
123,0.0263,4,93,4,3389,602221,84,107872,5.578393049019971,0.15191249596883788
124,0.0264,2,110,2,3499,602111,86,107870,5.57737411538034,0.1519336432946797
125,0.0265,4,149,4,3648,601962,90,107866,5.575993923450294,0.15196075669035317
126,0.0266,1,60,1,3708,601902,91,107865,5.575438141465042,0.15197240784651864
127,0.0267,0,7,0,3715,601895,91,107865,5.575373300233428,0.1519739066726781
128,0.0268,0,12,0,3727,601883,91,107865,5.575262143836378,0.15197647615773485
129,0.0269,0,70,0,3797,601813,91,107865,5.574613731520249,0.15199146655243645
130,0.027,5,156,5,3953,601657,96,107860,5.57316869835859,0.152018908637848
131,0.0271,2,88,2,4041,601569,98,107858,5.572353551446886,0.15203537502801556
132,0.0272,2,104,2,4145,601465,100,107856,5.571390196005781,0.15205527539717562
133,0.0273,4,86,4,4231,601379,104,107852,5.570593575160251,0.15206893099709404
134,0.0274,2,20,2,4251,601359,106,107850,5.5704083144985,0.1520708282043798
135,0.0275,7,128,7,4379,601231,113,107843,5.5692226462632926,0.152089908810646
136,0.0276,0,75,0,4454,601156,113,107843,5.568527918781726,0.15210599732862812
137,0.0277,4,93,4,4547,601063,117,107839,5.5676664567045835,0.15212116766492406
138,0.0278,2,76,2,4623,600987,119,107837,5.5669624661899295,0.15213508571944517
139,0.0279,0,25,0,4648,600962,119,107837,5.566730890362741,0.15214045166542278
140,0.028,3,76,3,4724,600886,122,107834,5.566026899848087,0.15215317755954397
141,0.0281,0,29,0,4753,600857,122,107834,5.565758271888547,0.1521594037457792
142,0.0282,0,25,0,4778,600832,122,107834,5.565526696061358,0.1521647715566995
143,0.0283,0,59,0,4837,600773,122,107834,5.5649801771091925,0.152177441092171
144,0.0284,1,33,1,4870,600740,123,107833,5.564674497017303,0.15218333185148178
145,0.0285,0,11,0,4881,600729,123,107833,5.56457260365334,0.1521856944064175
146,0.0286,1,30,1,4911,600699,124,107832,5.564294712660714,0.152190941539608
147,0.0287,1,56,1,4967,600643,125,107831,5.563775982807811,0.1522017745181898
148,0.0288,0,22,0,4989,600621,125,107831,5.5635721960798845,0.1522065009344317
149,0.0289,2,32,2,5021,600589,127,107829,5.563275779021082,0.15221098278135226
150,0.029,0,19,0,5040,600570,127,107829,5.5630997813924195,0.15221506523865788
151,0.0291,3,158,3,5198,600412,130,107826,5.561636222164585,0.152245431620444
152,0.0292,3,45,3,5243,600367,133,107823,5.5612193856756456,0.15225151442409524
153,0.0293,6,233,6,5476,600134,139,107817,5.559061098966246,0.15229443845689886
154,0.0294,3,82,3,5558,600052,142,107814,5.5583015302530665,0.15230848776463343
155,0.0295,5,97,5,5655,599955,147,107809,5.5574030160435735,0.15232337332783244
156,0.0296,1,43,1,5698,599912,148,107808,5.557004705620808,0.15233143050924094
157,0.0297,3,141,3,5839,599771,151,107805,5.555698617955463,0.15235819191154024
158,0.0298,2,91,2,5930,599680,153,107803,5.554855681944496,0.15237539276562123
159,0.0299,5,124,5,6054,599556,158,107798,5.553707065841639,0.15239611283741944
160,0.03,1,78,1,6132,599478,159,107797,5.55298454926081,0.1524117210420275
161,0.0301,4,67,4,6199,599411,163,107793,5.5523639260439435,0.15242136639498646
162,0.0302,1,22,1,6221,599389,164,107792,5.552160139316018,0.1524249096058859
163,0.0303,4,45,4,6266,599344,168,107788,5.551743302827077,0.15242981508402959
164,0.0304,5,165,5,6431,599179,173,107783,5.550214902367631,0.15245939668610195
165,0.0305,6,150,6,6581,599029,179,107777,5.548825447404498,0.1524845572901192
166,0.0306,1,69,1,6650,598960,180,107776,5.548186298121457,0.15249824545516288
167,0.0307,9,130,9,6780,598830,189,107767,5.546982103820075,0.15251550742502445
168,0.0308,6,60,6,6840,598770,195,107761,5.546426321834821,0.15252126233668445
169,0.0309,2,89,2,6929,598681,197,107759,5.54560191189003,0.15253807825151464
170,0.031,6,162,6,7091,598519,203,107753,5.544101300529846,0.15256586697476326
171,0.0311,7,69,7,7160,598450,210,107746,5.543462151246804,0.15257237367529694
172,0.0312,4,103,4,7263,598347,214,107742,5.542508058838786,0.15258982932746437
173,0.0313,2,69,2,7332,598278,216,107740,5.5418689095557445,0.15260234158335906
174,0.0314,2,68,2,7400,598210,218,107738,5.541239023305791,0.15261464017179735
175,0.0315,1,98,1,7498,598112,219,107737,5.540331246063211,0.1526346286528705
176,0.0316,2,90,2,7588,598022,221,107735,5.539497573085331,0.15265169172958964
177,0.0317,3,41,3,7629,597981,224,107732,5.539117788728741,0.1526569582819078
178,0.0318,4,45,4,7674,597936,228,107728,5.538700952239801,0.15266189007799746
179,0.0319,6,219,6,7893,597717,234,107722,5.536672347993627,0.15270207629575341
180,0.032,3,49,3,7942,597668,237,107719,5.5362184593723365,0.15270908026374175
181,0.0321,1,15,1,7957,597653,238,107718,5.5360795138760235,0.15271112648521132
182,0.0322,3,69,3,8026,597584,241,107715,5.535440364592982,0.15272246238829207
183,0.0323,1,55,1,8081,597529,242,107714,5.534930897773167,0.1527331714033319
184,0.0324,9,296,9,8377,597233,251,107705,5.532189039979251,0.15278648618743776
185,0.0325,1,30,1,8407,597203,252,107704,5.531911148986624,0.1527917867179642
186,0.0326,1,97,1,8504,597106,253,107703,5.531012634777132,0.15281161279155062
187,0.0327,6,69,6,8573,597037,259,107697,5.53037348549409,0.15281936163148083
188,0.0328,6,132,6,8705,596905,265,107691,5.529150765126533,0.15284077684233235
189,0.0329,0,27,0,8732,596878,265,107691,5.528900663233169,0.1528466338995897
190,0.033,4,120,4,8852,596758,269,107687,5.527789099262662,0.1528678605143056
191,0.0331,5,52,5,8904,596706,274,107682,5.52730742154211,0.15287313242133596
192,0.0332,5,106,5,9010,596600,279,107677,5.526325540034829,0.15289012703808302
193,0.0333,0,68,0,9078,596532,279,107677,5.525695653784875,0.15290489045155628
194,0.0334,3,42,3,9120,596490,282,107674,5.525306606395198,0.1529104015541834
195,0.0335,9,119,9,9239,596371,291,107665,5.524204305457779,0.15292541858654954
196,0.0336,3,90,3,9329,596281,294,107662,5.5233706324798995,0.1529413603090023
197,0.0337,2,29,2,9358,596252,296,107660,5.52310200452036,0.1529452545204514
198,0.0338,7,157,7,9515,596095,303,107653,5.521647708325614,0.15297094982863185
199,0.0339,6,91,6,9606,596004,309,107647,5.520804772314647,0.1529835102913234
200,0.034,5,72,5,9678,595932,314,107642,5.520137833932343,0.1529931464209877
201,0.0341,10,217,10,9895,595715,324,107632,5.518127755752343,0.15302830608504764
202,0.0342,6,130,6,10025,595585,330,107626,5.5169235614509615,0.15304936925048102
203,0.0343,5,116,5,10141,595469,335,107621,5.515849049612806,0.15306859719239357
204,0.0344,4,96,4,10237,595373,339,107617,5.5149597984364,0.15308468114766924
205,0.0345,3,86,3,10323,595287,342,107614,5.51416317759087,0.15309979641514238
206,0.0346,4,58,4,10381,595229,346,107610,5.513625921671792,0.15310761070458526
207,0.0347,4,122,4,10503,595107,350,107606,5.5124958316351105,0.1531293714503645
208,0.0348,8,144,8,10647,594963,358,107598,5.511161954870503,0.15315111428046818
209,0.0349,4,96,4,10743,594867,362,107594,5.510272703694097,0.1531672220948921
210,0.035,10,160,10,10903,594707,372,107584,5.508790618400089,0.15319005939133493
211,0.0351,2,96,2,10999,594611,374,107582,5.507901367223684,0.1532085908005349
212,0.0352,13,222,13,11221,594389,387,107569,5.505844973878247,0.15324136201881025
213,0.0353,3,141,3,11362,594248,390,107566,5.504538886212901,0.15326852983839023
214,0.0354,5,93,5,11455,594155,395,107561,5.503677424135759,0.15328280956968346
215,0.0355,9,135,9,11590,594020,404,107552,5.5024269146689395,0.15330144304504742
216,0.0356,5,119,5,11709,593901,409,107547,5.50132461373152,0.15332141512984568
217,0.0357,9,218,9,11927,593683,418,107538,5.499305272518433,0.15335821374431172
218,0.0358,13,199,13,12126,593484,431,107525,5.49746192893401,0.1533860478253489
219,0.0359,7,66,7,12192,593418,438,107518,5.496850568750231,0.1533920357921408
220,0.036,8,106,8,12298,593312,446,107510,5.495868687242951,0.15340557231365454
221,0.0361,10,221,10,12519,593091,456,107500,5.493821556930602,0.1534418797843535
222,0.0362,3,109,3,12628,592982,459,107497,5.492811886324058,0.15346213091327507
223,0.0363,4,151,4,12779,592831,463,107493,5.4914131683278375,0.1534903844506257
224,0.0364,8,361,8,13140,592470,471,107485,5.4880692133832305,0.15355987170603824
225,0.0365,5,106,5,13246,592364,476,107480,5.48708733187595,0.15357708289275895
226,0.0366,15,200,15,13446,592164,491,107465,5.485234725258438,0.15360283807560865
227,0.0367,2,70,2,13516,592094,493,107463,5.48458631294231,0.15361578827743844
228,0.0368,2,134,2,13650,591960,495,107461,5.483345066508577,0.1536427988293174
229,0.0369,3,171,3,13821,591789,498,107458,5.481761087850606,0.15367674083692887
230,0.037,3,77,3,13898,591712,501,107455,5.481047834302864,0.1536900339976
231,0.0371,5,142,5,14040,591570,506,107450,5.479732483604431,0.1537152012817945
232,0.0372,3,85,3,14125,591485,509,107447,5.47894512579199,0.153730262743729
233,0.0373,10,123,10,14248,591362,519,107437,5.4778057727222205,0.1537452114270341
234,0.0374,4,163,4,14411,591199,523,107433,5.4762958983289485,0.15377623698885823
235,0.0375,8,142,8,14553,591057,531,107425,5.4749805476305164,0.15379780724485384
236,0.0376,1,80,1,14633,590977,532,107424,5.474239504983512,0.15381421275169996
237,0.0377,5,103,5,14736,590874,537,107419,5.4732854125754935,0.1538308417813153
238,0.0378,3,133,3,14869,590741,540,107416,5.472053429174849,0.15385651078482346
239,0.0379,14,294,14,15163,590447,554,107402,5.469330097447108,0.15390435466698382
240,0.038,1,77,1,15240,590370,555,107401,5.468616843899366,0.1539201256572715
241,0.0381,5,152,5,15392,590218,560,107396,5.467208862870058,0.15394759852869924
242,0.0382,11,229,11,15621,589989,571,107385,5.465087628293008,0.1539848058574022
243,0.0383,6,104,6,15725,589885,577,107379,5.464124272851903,0.1540004933568921
244,0.0384,12,176,12,15901,589709,589,107367,5.462493979028493,0.15402481221559772
245,0.0385,2,121,2,16022,589588,591,107365,5.461373152024899,0.15404912526382697
246,0.0386,7,143,7,16165,589445,598,107358,5.460048538293379,0.15407224136520653
247,0.0387,8,130,8,16295,589315,606,107350,5.458844343991997,0.1540912777303295
248,0.0388,10,214,10,16509,589101,616,107340,5.4568620549112605,0.15412648020435327
249,0.0389,16,319,16,16828,588782,632,107324,5.453907147356331,0.15417766834361432
250,0.039,7,147,7,16975,588635,639,107317,5.45254548149246,0.15420172655585443
251,0.0391,3,122,3,17097,588513,642,107314,5.451415391455778,0.15422511630045974
252,0.0392,8,192,8,17289,588321,650,107306,5.449636889102968,0.15425795720982652
253,0.0393,5,182,5,17471,588139,655,107301,5.447951017081033,0.15429224663522376
254,0.0394,9,139,9,17610,588000,664,107292,5.446663455481863,0.15431214511313232
255,0.0395,8,223,8,17833,587777,672,107284,5.444597799103338,0.15435192019117747
256,0.0396,8,94,8,17927,587683,680,107276,5.4437270739931085,0.15436306314473228
257,0.0397,11,186,11,18113,587497,691,107265,5.442004149838823,0.15439100008348183
258,0.0398,6,144,6,18257,587353,697,107259,5.440670273074216,0.15441570257928167
259,0.0399,6,229,6,18486,587124,703,107253,5.4385490384971655,0.1544593210892642
260,0.04,9,340,9,18826,586784,712,107244,5.435399607247397,0.1545240249672924
261,0.0401,8,124,8,18950,586660,720,107236,5.43425099114454,0.1545418910038392
262,0.0402,9,194,9,19144,586466,729,107227,5.432453962725555,0.1545741415871286
263,0.0403,5,73,5,19217,586393,734,107222,5.431777761310164,0.1545843155064409
264,0.0404,9,192,9,19409,586201,743,107213,5.429999258957353,0.15461614562151904
265,0.0405,2,137,2,19546,586064,745,107211,5.428730223424358,0.15464426093541525
266,0.0406,10,186,10,19732,585878,755,107201,5.427007299270073,0.15467356535113602
267,0.0407,17,157,17,19889,585721,772,107184,5.425553003075327,0.15468787207481546
268,0.0408,10,322,10,20211,585399,782,107174,5.422570306421134,0.15474758617503137
269,0.0409,11,315,11,20526,585084,793,107163,5.419652450998555,0.15480457120074193
270,0.041,8,154,8,20680,584930,801,107155,5.418225943903072,0.15482924785250365
271,0.0411,15,285,15,20965,584645,816,107140,5.415585979473119,0.15487470818245552
272,0.0412,13,252,13,21217,584393,829,107127,5.413251695135055,0.15491525913928736
273,0.0413,13,282,13,21499,584111,842,107114,5.410639519804365,0.15496256645809975
274,0.0414,7,162,7,21661,583949,849,107107,5.409138908444181,0.15499033363432196
275,0.0415,2,76,2,21737,583873,851,107105,5.408434917929527,0.15500493503411109
276,0.0416,6,278,6,22015,583595,857,107099,5.405859794731187,0.1550599831473851
277,0.0417,8,259,8,22274,583336,865,107091,5.40346066916151,0.15510836047837062
278,0.0418,16,336,16,22610,583000,881,107075,5.400348290044092,0.1551642937361881
279,0.0419,9,242,9,22852,582758,890,107066,5.398106636036904,0.15520770515377835
280,0.042,4,140,4,22992,582618,894,107062,5.396809811404647,0.15523431156478368
281,0.0421,20,287,20,23279,582331,914,107042,5.394151320908518,0.15527443053325268
282,0.0422,22,333,22,23612,581998,936,107020,5.391066730890363,0.15532250246002283
283,0.0423,14,309,14,23921,581689,950,107006,5.388204453666308,0.15537502087281016
284,0.0424,7,200,7,24121,581489,957,106999,5.386351847048798,0.15541156853859472
285,0.0425,10,210,10,24331,581279,967,106989,5.384406610100411,0.15544671552360417
286,0.0426,12,187,12,24518,581092,979,106977,5.3826744229130385,0.1554742329621012
287,0.0427,13,234,13,24752,580858,992,106964,5.3805068731705505,0.15551116422562813
288,0.0428,3,140,3,24892,580718,995,106961,5.379210048538293,0.15553913962764604
289,0.0429,13,398,13,25290,580320,1008,106948,5.375523361369447,0.15561323966778606
290,0.043,30,417,30,25707,579903,1038,106918,5.371660676571937,0.15567083708855728
291,0.0431,8,224,8,25931,579679,1046,106910,5.3695857571603245,0.15571178681860617
292,0.0432,13,232,13,26163,579447,1059,106897,5.367436733484012,0.15574842935903863
293,0.0433,14,315,14,26478,579132,1073,106883,5.364518878061433,0.15580271568405937
294,0.0434,17,294,17,26772,578838,1090,106866,5.361795546333692,0.15584858772881593
295,0.0435,11,173,11,26945,578665,1101,106855,5.360193041609545,0.1558743727389427
296,0.0436,12,262,12,27207,578403,1113,106843,5.357766126940605,0.15591918814557107
297,0.0437,7,201,7,27408,578202,1120,106836,5.355904257290007,0.15595631191262382
298,0.0438,8,191,8,27599,578011,1128,106828,5.354135017970284,0.1559899480023772
299,0.0439,11,188,11,27787,577823,1139,106817,5.352393567749824,0.1560192217807899
300,0.044,14,279,14,28066,577544,1153,106803,5.349809181518396,0.1560655632303495
301,0.0441,3,100,3,28166,577444,1156,106800,5.348882878209641,0.15608467154991496
302,0.0442,17,299,17,28465,577145,1173,106783,5.346113231316462,0.15613193201623563
303,0.0443,7,120,7,28585,577025,1180,106776,5.345001667345956,0.15615069296476605
304,0.0444,5,245,5,28830,576780,1185,106771,5.342732224239505,0.1562004883322532
305,0.0445,7,136,7,28966,576644,1192,106764,5.341472451739597,0.15622292978718422
306,0.0446,8,145,8,29111,576499,1200,106756,5.340129311941903,0.15624620383312232
307,0.0447,13,210,13,29321,576289,1213,106743,5.338184074993515,0.1562781831597934
308,0.0448,9,327,9,29648,575962,1222,106734,5.335155063173886,0.15634191499584002
309,0.0449,8,142,8,29790,575820,1230,106726,5.333839712475453,0.15636455271879113
310,0.045,2,75,2,29865,575745,1232,106724,5.333144984993886,0.15637926411309525
311,0.0451,10,202,10,30067,575543,1242,106714,5.331273852310201,0.1564131991317055
312,0.0452,15,381,15,30448,575162,1257,106699,5.327744636703843,0.15648203959458012
313,0.0453,9,118,9,30566,575044,1266,106690,5.326651598799511,0.15649798895170258
314,0.0454,6,169,6,30735,574875,1272,106684,5.325086146207714,0.15652936869735415
315,0.0455,10,217,10,30952,574658,1282,106674,5.323076068027715,0.15656684259656087
316,0.0456,19,254,19,31206,574404,1301,106655,5.320723257623476,0.1566017041108039
317,0.0457,7,181,7,31387,574223,1308,106648,5.319046648634629,0.15663466354125818
318,0.0458,26,370,26,31757,573853,1334,106622,5.315619326392234,0.15668760792093758
319,0.0459,15,263,15,32020,573590,1349,106607,5.313183148690207,0.15672959451453036
320,0.046,6,150,6,32170,573440,1355,106601,5.311793693727074,0.1567567249621714
321,0.0461,5,176,5,32346,573264,1360,106596,5.310163399903664,0.156791104050834
322,0.0462,19,268,19,32614,572996,1379,106577,5.3076809070362,0.15682936196699987
323,0.0463,21,307,21,32921,572689,1400,106556,5.304837155878321,0.15687417647535132
324,0.0464,11,276,11,33197,572413,1411,106545,5.302280558746156,0.15692428692201874
325,0.0465,14,240,14,33437,572173,1425,106531,5.3000574308051425,0.15696238713783917
326,0.0466,14,259,14,33696,571914,1439,106517,5.297658305235466,0.157004912806166
327,0.0467,11,248,11,33944,571666,1450,106506,5.295361073029753,0.1570486543236819
328,0.0468,25,505,25,34449,571161,1475,106481,5.290683241320538,0.15713459319227557
329,0.0469,23,388,23,34837,570773,1498,106458,5.287089184482567,0.15719599368605394
330,0.047,16,241,16,35078,570532,1514,106442,5.2848567935084665,0.1572320354991477
331,0.0471,19,313,19,35391,570219,1533,106423,5.281957464152062,0.1572811028579367
332,0.0472,12,173,12,35564,570046,1545,106411,5.280354959427915,0.15730637719766372
333,0.0473,25,385,25,35949,569661,1570,106386,5.276788691689207,0.1573647986012807
334,0.0474,17,290,17,36239,569371,1587,106369,5.274102412093816,0.1574111344599994
335,0.0475,18,309,18,36548,569062,1605,106351,5.271240134869762,0.15746069441956254
336,0.0476,15,269,15,36817,568793,1620,106336,5.268748378969209,0.15750471391393348
337,0.0477,15,222,15,37039,568571,1635,106321,5.266691985623773,0.15753779864037507
338,0.0478,19,298,19,37337,568273,1654,106302,5.263931601763682,0.15758366378831115
339,0.0479,12,239,12,37576,568034,1666,106290,5.261717736855756,0.15762452470919025
340,0.048,11,210,11,37786,567824,1677,106279,5.25977249990737,0.15765988283689583
341,0.0481,9,135,9,37921,567689,1686,106270,5.25852199044055,0.15768021496856632
342,0.0482,10,219,10,38140,567470,1696,106260,5.256493386194376,0.1577189675389251
343,0.0483,7,160,7,38300,567310,1703,106253,5.2550113009003665,0.15774767913320656
344,0.0484,9,136,9,38436,567174,1712,106244,5.25375152840046,0.1577682806221396
345,0.0485,17,297,17,38733,566877,1729,106227,5.251000407573456,0.15781662269129287
346,0.0486,19,318,19,39051,566559,1748,106208,5.248054763051614,0.1578674340447733
347,0.0487,10,266,10,39317,566293,1758,106198,5.245590796250324,0.15791735502779963
348,0.0488,17,230,17,39547,566063,1775,106181,5.243460298640187,0.15795008955081785
349,0.0489,13,319,13,39866,565744,1788,106168,5.240505391085257,0.1580087868649466
350,0.049,16,136,16,40002,565608,1804,106152,5.2392456185853495,0.15802072168631653
351,0.0491,24,394,24,40396,565214,1828,106128,5.235595983548853,0.15808336138659582
352,0.0492,8,176,8,40572,565038,1836,106120,5.233965689725443,0.15811478072227403
353,0.0493,9,254,9,40826,564784,1845,106111,5.231612879321205,0.1581633489592261
354,0.0494,6,195,6,41021,564589,1851,106105,5.229806587869132,0.15820180290862898
355,0.0495,17,352,17,41373,564237,1868,106088,5.226546000222313,0.15826352888524223
356,0.0496,24,426,24,41799,563811,1892,106064,5.222599948127015,0.15833401754058593
357,0.0497,24,376,24,42175,563435,1916,106040,5.219117047686094,0.1583927704544606
358,0.0498,18,377,18,42552,563058,1934,106022,5.215624884212087,0.1584593770550607
359,0.0499,13,362,13,42914,562696,1947,106009,5.2122716662343915,0.15852879819950502
360,0.05,17,419,17,43333,562277,1964,105992,5.208390455370707,0.15860678858363922
361,0.0501,21,436,21,43769,561841,1985,105971,5.204351772944533,0.15868388109228346
362,0.0502,31,417,31,44186,561424,2016,105940,5.200489088147023,0.1587439538242998
363,0.0503,35,406,35,44592,561018,2051,105905,5.196728296713476,0.15879644276775579
364,0.0504,24,541,24,45133,560477,2075,105881,5.191716995813109,0.15889506841667692
365,0.0505,35,454,35,45587,560023,2110,105846,5.1875115787913595,0.15895919467643035
366,0.0506,18,344,18,45931,559679,2128,105828,5.184325095409241,0.1590186128770997
367,0.0507,21,379,21,46310,559300,2149,105807,5.180814405869058,0.1590826739156256
368,0.0508,12,371,12,46681,558929,2161,105795,5.177377820593575,0.15915628140401128
369,0.0509,15,209,15,46890,558720,2176,105780,5.175441846678276,0.15918735891647856
370,0.051,23,441,23,47331,558279,2199,105757,5.171356849086665,0.15926395556867398
371,0.0511,15,216,15,47547,558063,2214,105742,5.169356033939753,0.15929678143430676
372,0.0512,8,156,8,47703,557907,2222,105734,5.167911000778095,0.15932409239332712
373,0.0513,11,339,11,48042,557568,2233,105723,5.164770832561414,0.15939157926159106
374,0.0514,27,676,27,48718,556892,2260,105696,5.158509022194227,0.1595199430113434
375,0.0515,19,278,19,48996,556614,2279,105677,5.155933898995888,0.15956279037462384
376,0.0516,27,419,27,49415,556195,2306,105650,5.152052688132202,0.15962952050706736
377,0.0517,18,420,18,49835,555775,2324,105632,5.1481622142354295,0.15970801639535112
378,0.0518,18,264,18,50099,555511,2342,105614,5.145716773500315,0.15974891283796558
379,0.0519,20,215,20,50314,555296,2362,105594,5.14372522138649,0.1597754543116101
380,0.052,26,444,26,50758,554852,2388,105568,5.139612434695617,0.1598497925562521
381,0.0521,29,423,29,51181,554429,2417,105539,5.135694171699582,0.1599153292280838
382,0.0522,13,185,13,51366,554244,2430,105526,5.133980510578384,0.1599436167149158
383,0.0523,20,231,20,51597,554013,2450,105506,5.131840749935159,0.159974162988481
384,0.0524,8,278,8,51875,553735,2458,105498,5.129265626736819,0.1600314304654045
385,0.0525,25,319,25,52194,553416,2483,105473,5.126310719181889,0.16007703877284338
386,0.0526,31,367,31,52561,553049,2514,105442,5.122911186038756,0.16012671395660685
387,0.0527,25,405,25,52966,552644,2539,105417,5.119159657638297,0.16019335593508807
388,0.0528,16,328,16,53294,552316,2555,105401,5.116121382785579,0.16025281390020327
389,0.0529,15,320,15,53614,551996,2570,105386,5.113157212197562,0.16031166049572396
390,0.053,19,357,19,53971,551639,2589,105367,5.109850309385305,0.16037448668657517
391,0.0531,13,201,13,54172,551438,2602,105354,5.107988439734707,0.1604069477094727
392,0.0532,14,205,14,54377,551233,2616,105340,5.106089517951758,0.16043912862697673
393,0.0533,18,296,18,54673,550937,2634,105322,5.1033476601578425,0.16048846568199446
394,0.0534,21,357,21,55030,550580,2655,105301,5.100040757345585,0.16054894104265865
395,0.0535,18,439,18,55469,550141,2673,105283,5.095974285820149,0.16063342202909872
396,0.0536,21,292,21,55761,549849,2694,105262,5.093269480158583,0.16067811409058924
397,0.0537,18,383,18,56144,549466,2712,105244,5.08972173848605,0.16074903392341647
398,0.0538,12,200,12,56344,549266,2724,105232,5.087869131868539,0.16078276786178108
399,0.0539,15,237,15,56581,549029,2739,105217,5.085673793026789,0.16082177040440446
400,0.054,21,312,21,56893,548717,2760,105196,5.082783726703472,0.1608715532494384
401,0.0541,26,425,26,57318,548292,2786,105170,5.078846937641261,0.16094279391915675
402,0.0542,13,267,13,57585,548025,2799,105157,5.0763737078068845,0.16099188281367216
403,0.0543,15,212,15,57797,547813,2814,105142,5.074409944792323,0.16102487920300787
404,0.0544,14,166,14,57963,547647,2828,105128,5.072872281299789,0.16104783424610317
405,0.0545,10,141,10,58104,547506,2838,105118,5.071566193634443,0.1610697737135012
406,0.0546,14,247,14,58351,547259,2852,105104,5.069278224461818,0.16111275470865147
407,0.0547,26,338,26,58689,546921,2878,105078,5.066147319278224,0.16116282386936176
408,0.0548,17,291,17,58980,546630,2895,105061,5.063451776649746,0.1612129061165491
409,0.0549,14,265,14,59245,546365,2909,105047,5.060997072881545,0.1612604618889428
410,0.055,16,289,16,59534,546076,2925,105031,5.058320056319241,0.16131142807556975
411,0.0551,33,510,33,60044,545566,2958,104998,5.053595909444589,0.16139534311766407
412,0.0552,14,267,14,60311,545299,2972,104984,5.051122679610212,0.16144355611326144
413,0.0553,16,320,16,60631,544979,2988,104968,5.048158509022194,0.16150239942641476
414,0.0554,23,372,23,61003,544607,3011,104945,5.044712660713624,0.16156520186220658
415,0.0555,23,341,23,61344,544266,3034,104922,5.041553966430768,0.16162036266844118
416,0.0556,20,258,20,61602,544008,3054,104902,5.039164103894179,0.16165878164922717
417,0.0557,35,435,35,62037,543573,3089,104867,5.035134684501093,0.16172197890321385
418,0.0558,24,321,24,62358,543252,3113,104843,5.032161250879988,0.16177103665357703
419,0.0559,21,481,21,62839,542771,3134,104822,5.027705731964875,0.16186401026570701
420,0.056,19,393,19,63232,542378,3153,104803,5.024065359961466,0.1619376959459564
421,0.0561,25,376,25,63608,542002,3178,104778,5.020582459520545,0.16199944339651814
422,0.0562,12,215,12,63823,541787,3190,104766,5.018590907406721,0.16203776024548644
423,0.0563,17,260,17,64083,541527,3207,104749,5.016182518803957,0.16208090660956
424,0.0564,21,342,21,64425,541185,3228,104728,5.0130145614880135,0.16213948318117147
425,0.0565,8,178,8,64603,541007,3236,104720,5.011365741598429,0.16217379790530673
426,0.0566,12,283,12,64886,540724,3248,104708,5.008744303234651,0.16222932857373046
427,0.0567,11,158,11,65044,540566,3259,104697,5.007280744006818,0.16225477053542509
428,0.0568,7,180,7,65224,540386,3266,104690,5.005613398051058,0.16229095486423306
429,0.0569,5,193,5,65417,540193,3271,104685,5.00382563266516,0.16233303043366343
430,0.057,38,590,38,66007,539603,3309,104647,4.998360443143503,0.16243228560341483
431,0.0571,24,333,24,66340,539270,3333,104623,4.995275853125348,0.1624850712773706
432,0.0572,10,172,10,66512,539098,3343,104613,4.993682611434288,0.16251547666577082
433,0.0573,16,245,16,66757,538853,3359,104597,4.9914131683278375,0.16255653119900537
434,0.0574,20,292,20,67049,538561,3379,104577,4.988708362666271,0.16260429332429432
435,0.0575,17,314,17,67363,538247,3396,104560,4.985799770276779,0.16266157649185525
436,0.0576,19,256,19,67619,537991,3415,104541,4.983428433806366,0.16270162419926168
437,0.0577,10,219,10,67838,537772,3425,104531,4.981399829560191,0.16274406316022189
438,0.0578,13,102,13,67940,537670,3438,104518,4.980455000185261,0.16275296330669523
439,0.0579,14,293,14,68233,537377,3452,104504,4.977740931490607,0.16280899419051195
440,0.058,16,242,16,68475,537135,3468,104488,4.9754992774834195,0.16284952378577452
441,0.0581,17,280,17,68755,536855,3485,104471,4.972905628218904,0.16289843231055656
442,0.0582,36,376,36,69131,536479,3521,104435,4.969422727777983,0.16294697884583578
443,0.0583,18,331,18,69462,536148,3539,104417,4.966356663826003,0.1630076573025376
444,0.0584,14,187,14,69649,535961,3553,104403,4.9646244766386305,0.16303696022886982
445,0.0585,6,215,6,69864,535746,3559,104397,4.962632924524806,0.16308387344702668
446,0.0586,29,273,29,70137,535473,3588,104368,4.960104116491904,0.16311552401299698
447,0.0587,25,294,25,70431,535179,3613,104343,4.9573807847641636,0.16315779597887173
448,0.0588,17,177,17,70608,535002,3630,104326,4.955741227907666,0.163180714750488
449,0.0589,35,455,35,71063,534547,3665,104291,4.951526547852829,0.16325109026075468
450,0.059,10,249,10,71312,534298,3675,104281,4.949220052614028,0.16330164317962226
451,0.0591,23,395,23,71707,533903,3698,104258,4.9455611545444444,0.1633725658572053
452,0.0592,19,320,19,72027,533583,3717,104239,4.9425969839564265,0.1634296088877461
453,0.0593,19,420,19,72447,533163,3736,104220,4.938706510059654,0.16351236226883992
454,0.0594,30,400,30,72847,532763,3766,104190,4.935001296824632,0.1635756484387388
455,0.0595,30,354,30,73201,532409,3796,104160,4.9317221831116385,0.16362719516658839
456,0.0596,10,201,10,73402,532208,3806,104150,4.92986031346104,0.1636657353250843
457,0.0597,20,325,20,73727,531883,3826,104130,4.926849827707585,0.1637230685536302
458,0.0598,20,285,20,74012,531598,3846,104110,4.924209863277632,0.16377015862628755
459,0.0599,17,250,17,74262,531348,3863,104093,4.921894105005743,0.16381221860094014
460,0.06,21,313,21,74575,531035,3884,104072,4.918994775649338,0.16386530143739558
461,0.0601,13,242,13,74817,530793,3897,104059,4.9167531216421505,0.16391064374058836
462,0.0602,27,411,27,75228,530382,3924,104032,4.912946015043166,0.1639812488375099
463,0.0603,27,347,27,75575,530035,3951,104005,4.909731742561784,0.1640353920888272
464,0.0604,27,262,27,75837,529773,3978,103978,4.907304827892845,0.1640675912148462
465,0.0605,8,174,8,76011,529599,3986,103970,4.905693060135611,0.16410209464162545
466,0.0606,12,143,12,76154,529456,3998,103958,4.90436844640409,0.1641233063999217
467,0.0607,41,436,41,76590,529020,4039,103917,4.900329763977917,0.1641822171874926
468,0.0608,15,246,15,76836,528774,4054,103902,4.898051057838378,0.16422623902281736
469,0.0609,23,382,23,77218,528392,4077,103879,4.894512579198933,0.16429505702459862
470,0.061,6,169,6,77387,528223,4083,103873,4.892947126607136,0.16433105097959805
471,0.0611,15,271,15,77658,527952,4098,103858,4.890436844640409,0.16438169702917016
472,0.0612,13,129,13,77787,527823,4111,103845,4.889241913372115,0.16439806987214803
473,0.0613,26,276,26,78063,527547,4137,103819,4.88668531623995,0.16443552551135157
474,0.0614,13,217,13,78280,527330,4150,103806,4.88467523805995,0.16447485169598947
475,0.0615,17,249,17,78529,527081,4167,103789,4.882368742821149,0.1645172539508932
476,0.0616,16,175,16,78704,526906,4183,103773,4.880747712030828,0.1645417082224079
477,0.0617,19,256,19,78960,526650,4202,103754,4.878376375560413,0.16458334655236959
478,0.0618,19,300,19,79260,526350,4221,103735,4.875597465634147,0.16463651729528556
479,0.0619,14,272,14,79532,526078,4235,103721,4.873077920634333,0.16468905158629976
480,0.062,24,258,24,79790,525820,4259,103697,4.870688058097744,0.16472470163633388
481,0.0621,13,231,13,80021,525589,4272,103684,4.8685482974545184,0.16476791472063795
482,0.0622,19,242,19,80263,525347,4291,103665,4.866306643447331,0.1648060768316026
483,0.0623,19,298,19,80561,525049,4310,103646,4.863546259587239,0.16485895386475158
484,0.0624,16,247,16,80808,524802,4326,103630,4.8612582904146135,0.16490248746085495
485,0.0625,13,210,13,81018,524592,4339,103617,4.859313053466227,0.16494033036775976
486,0.0626,22,328,22,81346,524264,4361,103595,4.85627477861351,0.16499723664071073
487,0.0627,13,129,13,81475,524135,4374,103582,4.855079847345214,0.16501385178352665
488,0.0628,11,196,11,81671,523939,4385,103571,4.853264292860054,0.1650507561632484
489,0.0629,36,498,36,82169,523441,4421,103535,4.848651302382452,0.16513391262185476
490,0.063,35,450,35,82619,522991,4456,103500,4.844482937493053,0.16520588484112303
491,0.0631,12,238,12,82857,522753,4468,103488,4.842278335618214,0.1652526742899299
492,0.0632,9,156,9,83013,522597,4477,103479,4.840833302456557,0.16528185076572174
493,0.0633,26,328,26,83341,522269,4503,103453,4.837795027603838,0.1653338063868619
494,0.0634,13,206,13,83547,522063,4516,103440,4.835886842787803,0.1653709094920408
495,0.0635,20,244,20,83791,521819,4536,103420,4.8336266627144395,0.16540874769488148
496,0.0636,13,181,13,83972,521638,4549,103407,4.831950053725592,0.16543928837123728
497,0.0637,30,414,30,84386,521224,4579,103377,4.8281151580273445,0.16550886085677097
498,0.0638,36,461,36,84847,520763,4615,103341,4.823844899773982,0.16558297975978362
499,0.0639,15,349,15,85196,520414,4630,103326,4.820612101226425,0.1656555616122102
500,0.064,12,273,12,85469,520141,4642,103314,4.818083293193523,0.16571204016328364
501,0.0641,13,196,13,85665,519945,4655,103301,4.816267738708363,0.16574675168392577
502,0.0642,24,376,24,86041,519569,4679,103277,4.812784838267442,0.1658146636568269
503,0.0643,17,288,17,86329,519281,4696,103260,4.810117084738227,0.16586859339384877
504,0.0644,14,293,14,86622,518988,4710,103246,4.8074030160435735,0.16592793064988412
505,0.0645,19,250,19,86872,518738,4729,103227,4.805087257771684,0.16596914617382008
506,0.0646,23,389,23,87261,518349,4752,103204,4.801483937900626,0.16604215569710065
507,0.0647,19,153,19,87414,518196,4771,103185,4.800066693838231,0.16605753957716762
508,0.0648,11,218,11,87632,517978,4782,103174,4.798047352625144,0.166101050950492
509,0.0649,20,212,20,87844,517766,4802,103154,4.796083589610582,0.1661309025317271
510,0.065,34,458,34,88302,517308,4836,103120,4.791841120456482,0.1662078436176317
511,0.0651,17,198,17,88500,517110,4853,103103,4.790007039905147,0.16623805047620738
512,0.0652,19,293,19,88793,516817,4872,103084,4.787292971210493,0.16629106905780117
513,0.0653,29,299,29,89092,516518,4901,103055,4.784523324317314,0.16633229659781817
514,0.0654,22,199,22,89291,516319,4923,103033,4.782679980732891,0.16635612704891564
515,0.0655,15,172,15,89463,516147,4938,103018,4.7810867390418315,0.16638214369352272
516,0.0656,22,272,22,89735,515875,4960,102996,4.778567194042017,0.16642563636040467
517,0.0657,16,210,16,89945,515665,4976,102980,4.776621957093631,0.1664605710868107
518,0.0658,16,128,16,90073,515537,4992,102964,4.775436288858423,0.16647345760152368
519,0.0659,12,176,12,90249,515361,5004,102952,4.773805995035015,0.1665046667302806
520,0.066,13,189,13,90438,515172,5017,102939,4.7720552817814665,0.16653804899120062
521,0.0661,6,178,6,90616,514994,5023,102933,4.7704064618918816,0.1665779291081309
522,0.0662,15,222,15,90838,514772,5038,102918,4.768350068546445,0.16661755896970973
523,0.0663,23,302,23,91140,514470,5061,102895,4.765552632554003,0.16666801648943494
524,0.0664,17,281,17,91421,514189,5078,102878,4.762949720256401,0.16672095574710688
525,0.0665,16,230,16,91651,513959,5094,102862,4.760819222646263,0.16676150779561655
526,0.0666,27,333,27,91984,513626,5121,102835,4.757734632628107,0.16681509454774918
527,0.0667,13,162,13,92146,513464,5134,102822,4.756234021267924,0.16684136910460404
528,0.0668,12,235,12,92381,513229,5146,102810,4.754057208492349,0.16688878463863488
529,0.0669,24,215,24,92596,513014,5170,102786,4.752065656378525,0.16691458265670672
530,0.067,19,177,19,92773,512837,5189,102767,4.750426099522027,0.1669368620086939
531,0.0671,24,331,24,93104,512506,5213,102743,4.747360035570047,0.1669941763416113
532,0.0672,13,295,13,93399,512211,5226,102730,4.744627440809219,0.16705667698201943
533,0.0673,35,330,35,93729,511881,5261,102695,4.741570639890326,0.1670989430111166
534,0.0674,25,209,25,93938,511672,5286,102670,4.739634665975027,0.1671218962727601
535,0.0675,13,172,13,94110,511500,5299,102657,4.738041424283968,0.1671510704917472
536,0.0676,29,332,29,94442,511168,5328,102628,4.7349660972989,0.16720213230454417
537,0.0677,34,372,34,94814,510796,5362,102594,4.731520248990329,0.16725737296010695
538,0.0678,11,183,11,94997,510613,5373,102583,4.729825113935307,0.1672923502436415
539,0.0679,24,578,24,95575,510035,5397,102559,4.724471080810701,0.16741757183387365
540,0.068,22,293,22,95868,509742,5419,102537,4.721757012116047,0.16746777204509708
541,0.0681,11,204,11,96072,509538,5430,102526,4.719867353366186,0.16750862654885765
542,0.0682,22,263,22,96335,509275,5452,102504,4.717431175664159,0.16755070049805568
543,0.0683,20,328,20,96663,508947,5472,102484,4.714392900811442,0.16761335293761684
544,0.0684,25,319,25,96982,508628,5497,102459,4.711437993256512,0.16766679703544668
545,0.0685,20,220,20,97202,508408,5517,102439,4.7094001259772496,0.16769993140671888
546,0.0686,18,292,18,97494,508116,5535,102421,4.706695320315684,0.16775559875978033
547,0.0687,22,309,22,97803,507807,5557,102399,4.70383304309163,0.16781054266919695
548,0.0688,14,322,14,98125,507485,5571,102385,4.700850346437438,0.1678800400085264
549,0.0689,24,348,24,98473,507137,5595,102361,4.697626810922968,0.1679431269667825
550,0.069,16,203,16,98676,506934,5611,102345,4.695746415206195,0.16797723210548862
551,0.0691,33,416,33,99092,506518,5644,102312,4.691892993441773,0.1680469096463709
552,0.0692,7,119,7,99211,506399,5651,102305,4.690790692504353,0.1680701950373252
553,0.0693,23,215,23,99426,506184,5674,102282,4.68879914039053,0.16809813531076512
554,0.0694,13,132,13,99558,506052,5687,102269,4.687576420022972,0.16811683305360164
555,0.0695,33,322,33,99880,505730,5720,102236,4.6845937233687795,0.1681607195139202
556,0.0696,19,239,19,100119,505491,5739,102217,4.6823798584608545,0.16820084645915473
557,0.0697,12,122,12,100241,505369,5751,102205,4.6812497684241725,0.16821819235187813
558,0.0698,20,189,20,100430,505180,5771,102185,4.679499055170625,0.1682431486832465
559,0.0699,8,189,8,100619,504991,5779,102177,4.677748341917077,0.16828456045114368
560,0.07,19,256,19,100875,504735,5798,102158,4.675377005446664,0.16832950783746065
561,0.0701,30,391,30,101266,504344,5828,102128,4.67175515950943,0.1683968921895817
562,0.0702,22,286,22,101552,504058,5850,102106,4.6691059320463895,0.16844616308457777
563,0.0703,12,145,12,101697,503913,5862,102094,4.667762792248694,0.16847000117160363
564,0.0704,10,163,10,101860,503750,5872,102084,4.666252917855423,0.16850160274926795
565,0.0705,19,280,19,102140,503470,5891,102065,4.663659268590908,0.16855342796039866
566,0.0706,28,337,28,102477,503133,5919,102037,4.6605376264404015,0.16860882066196275
567,0.0707,13,256,13,102733,502877,5932,102024,4.658166289969988,0.16866231003089763
568,0.0708,18,221,18,102954,502656,5950,102006,4.656119159657639,0.16869920716036396
569,0.0709,18,185,18,103139,502471,5968,101988,4.654405498536441,0.16872608398584518
570,0.071,14,228,14,103367,502243,5982,101974,4.652293526992478,0.16877049139630299
571,0.0711,34,380,34,103747,501863,6016,101940,4.648773574419208,0.16882989981831822
572,0.0712,19,153,19,103900,501710,6035,101921,4.647356330356812,0.16884653041344794
573,0.0713,16,191,16,104091,501519,6051,101905,4.645587091037089,0.16887793657527708
574,0.0714,30,256,30,104347,501263,6081,101875,4.6432157545666755,0.16890827638119302
575,0.0715,19,259,19,104606,501004,6100,101856,4.6408166289969985,0.16895464950403077
576,0.0716,15,194,15,104800,500810,6115,101841,4.639019600578013,0.16898835312643637
577,0.0717,11,151,11,104951,500659,6126,101830,4.637620882581793,0.16901553389356486
578,0.0718,25,146,25,105097,500513,6151,101805,4.63626847975101,0.1690220116284089
579,0.0719,17,273,17,105370,500240,6168,101788,4.633739671718107,0.1690751925159627
580,0.072,22,219,22,105589,500021,6190,101766,4.631711067471933,0.16910634493599894
581,0.0721,21,343,21,105932,499678,6211,101745,4.628533847122902,0.16917377619412627
582,0.0722,36,326,36,106258,499352,6247,101709,4.625514098336359,0.1692157701131832
583,0.0723,16,252,16,106510,499100,6263,101693,4.623179813998296,0.16926462192468952
584,0.0724,19,221,19,106731,498879,6282,101674,4.621132683685946,0.1693006279212659
585,0.0725,18,186,18,106917,498693,6300,101656,4.619409759531661,0.16932817411205817
586,0.0726,19,251,19,107168,498442,6319,101637,4.617084738226685,0.16937269926126394
587,0.0727,28,291,28,107459,498151,6347,101609,4.614389195598207,0.16941609977324262
588,0.0728,26,341,26,107800,497810,6373,101583,4.611230501315351,0.1694764536789719
589,0.0729,31,271,31,108071,497539,6404,101552,4.608720219348624,0.16951014119724717
590,0.073,32,273,32,108344,497266,6436,101520,4.606191411315721,0.16954304208849239
591,0.0731,32,308,32,108652,496958,6468,101488,4.603338397124754,0.16958589413246977
592,0.0732,17,263,17,108915,496695,6485,101471,4.600902219422728,0.16963685665851955
593,0.0733,17,196,17,109111,496499,6502,101454,4.599086664937567,0.16966885357210348
594,0.0734,15,271,15,109382,496228,6517,101439,4.59657638297084,0.1697249471695777
595,0.0735,12,196,12,109578,496032,6529,101427,4.594760828485679,0.16976395032964606
596,0.0736,15,194,15,109772,495838,6544,101412,4.592963800066694,0.16979824194223525
597,0.0737,16,204,16,109976,495634,6560,101396,4.591074141316833,0.1698340116912048
598,0.0738,21,250,21,110226,495384,6581,101375,4.5887583830449445,0.16987594657139649
599,0.0739,19,215,19,110441,495169,6600,101356,4.58676683093112,0.16991073299526424
600,0.074,18,208,18,110649,494961,6618,101338,4.584840120048908,0.1699449437278949
601,0.0741,23,286,23,110935,494675,6641,101315,4.582190892585868,0.16999446299434554
602,0.0742,14,142,14,111077,494533,6655,101301,4.580875541887436,0.17001547410856044
603,0.0743,8,140,8,111217,494393,6663,101293,4.579578717255178,0.17004428507636574
604,0.0744,26,248,26,111465,494145,6689,101267,4.577281485049465,0.17007886975741168
605,0.0745,26,266,26,111731,493879,6715,101241,4.574817518248175,0.17011863153649684
606,0.0746,19,189,19,111920,493690,6734,101222,4.573066804994627,0.17014617287935022
607,0.0747,16,195,16,112115,493495,6750,101206,4.571260513542555,0.1701796364895973
608,0.0748,24,299,24,112414,493196,6774,101182,4.568490866649376,0.17023173805221592
609,0.0749,21,245,21,112659,492951,6795,101161,4.566221423542925,0.17027260853172466
610,0.075,27,277,27,112936,492674,6822,101134,4.563655563377672,0.17031431034947322
611,0.0751,23,235,23,113171,492439,6845,101111,4.561478750602097,0.1703495914413276
612,0.0752,19,153,19,113324,492286,6864,101092,4.560061506539701,0.1703669499037713
613,0.0753,30,364,30,113688,491922,6894,101062,4.556689762495831,0.17042955627807832
614,0.0754,31,472,31,114160,491450,6925,101031,4.552317610878506,0.17052192390979626
615,0.0755,26,306,26,114466,491144,6951,101005,4.549483122753714,0.17057362251730562
616,0.0756,25,272,25,114738,490872,6976,100980,4.5469635777539,0.17061697856896657
617,0.0757,22,248,22,114986,490624,6998,100958,4.544666345548186,0.1706576603074468
618,0.0758,33,283,33,115269,490341,7031,100925,4.542044907184408,0.1706930552407884
619,0.0759,22,221,22,115490,490120,7053,100903,4.539997776872059,0.17072601235484913
620,0.076,27,247,27,115737,489873,7080,100876,4.537709807699433,0.17075949345661187
621,0.0761,33,363,33,116100,489510,7113,100843,4.534347326688651,0.17081813762274436
622,0.0762,24,211,24,116311,489299,7137,100819,4.532392826707177,0.17084549191856543
623,0.0763,23,255,23,116566,489044,7160,100796,4.530030753269851,0.1708870202088702
624,0.0764,25,231,25,116797,488813,7185,100771,4.5278909926266255,0.1709188173356129
625,0.0765,14,133,14,116930,488680,7199,100757,4.526659009225981,0.17093769139025883
626,0.0766,32,357,32,117287,488323,7231,100725,4.523352106413724,0.1709962515788187
627,0.0767,18,273,18,117560,488050,7249,100707,4.520823298380821,0.17105019558153872
628,0.0768,18,185,18,117745,487865,7267,100689,4.519109637259624,0.17107860960931368
629,0.0769,15,122,15,117867,487743,7282,100674,4.517979547222943,0.17109294938793407
630,0.077,26,333,26,118200,487410,7308,100648,4.514894957204787,0.17115318557013084
631,0.0771,20,215,20,118415,487195,7328,100628,4.512903405090963,0.17118758537859186
632,0.0772,16,267,16,118682,486928,7344,100612,4.510430175256586,0.17124280900023828
633,0.0773,18,162,18,118844,486766,7362,100594,4.508929563896403,0.17126464178697903
634,0.0774,16,224,16,119068,486542,7378,100578,4.50685464448479,0.17130739882817822
635,0.0775,36,355,36,119423,486187,7414,100542,4.503566267738709,0.17136020206943922
636,0.0776,27,270,27,119693,485917,7441,100515,4.501065248805069,0.1714009467423333
637,0.0777,15,194,15,119887,485723,7456,100500,4.499268220386083,0.1714364670099945
638,0.0778,20,185,20,120072,485538,7476,100480,4.497554559264886,0.17146231003143247
639,0.0779,29,364,29,120436,485174,7505,100451,4.494182815221016,0.17152785485592315
640,0.078,12,232,12,120668,484942,7517,100439,4.492033791544704,0.17157885206386952
641,0.0781,33,264,33,120932,484678,7550,100406,4.489588350809589,0.1716095466633851
642,0.0782,37,349,37,121281,484329,7587,100369,4.486355552262033,0.17165955758357307
643,0.0783,24,206,24,121487,484123,7611,100345,4.484447367445997,0.17168604611373078
644,0.0784,26,269,26,121756,483854,7637,100319,4.481955611545445,0.17172823803907405
645,0.0785,34,275,34,122031,483579,7671,100285,4.479408277446367,0.1717608895222175
646,0.0786,26,240,26,122271,483339,7697,100259,4.477185149505354,0.1717946257526585
647,0.0787,31,310,31,122581,483029,7728,100228,4.474313609248212,0.1718419153134896
648,0.0788,25,298,25,122879,482731,7753,100203,4.471553225388121,0.17189424531765174
649,0.0789,14,237,14,123116,482494,7767,100189,4.469357886546371,0.17194426472026814
650,0.079,31,267,31,123383,482227,7798,100158,4.4668846567119935,0.17197901731672346
651,0.0791,22,282,22,123665,481945,7820,100136,4.464272481381303,0.17203104035349032
652,0.0792,25,233,25,123898,481712,7845,100111,4.462114194671903,0.17206435634204903
653,0.0793,25,278,25,124176,481434,7870,100086,4.459539071473563,0.1721110193974412
654,0.0794,14,161,14,124337,481273,7884,100072,4.458047723146467,0.17213874721550887
655,0.0795,28,283,28,124620,480990,7912,100044,4.455426284782689,0.17218269498858932
656,0.0796,30,336,30,124956,480654,7942,100014,4.452313905665271,0.17223955857736262
657,0.0797,23,264,23,125220,480390,7965,99991,4.449868464930157,0.1722851023724071
658,0.0798,32,303,32,125523,480087,7997,99959,4.447061765904627,0.1723294359412874
659,0.0799,27,381,27,125904,479706,8024,99932,4.443532550298269,0.17240415569717651
660,0.08,44,385,44,126289,479321,8068,99888,4.439966282559562,0.17245588380014815
661,0.0801,18,231,18,126520,479090,8086,99870,4.437826521916336,0.1724989636589747
662,0.0802,34,310,34,126830,478780,8120,99836,4.434954981659194,0.17254275719993917
663,0.0803,24,265,24,127095,478515,8144,99812,4.432500277890993,0.17258748078509217
664,0.0804,32,289,32,127384,478226,8176,99780,4.429823261328689,0.17262796579966297
665,0.0805,32,282,32,127666,477944,8208,99748,4.427211085998,0.172666403550681
666,0.0806,18,218,18,127884,477726,8226,99730,4.425191744784913,0.17270579922972487
667,0.0807,24,330,24,128214,477396,8250,99706,4.42213494386602,0.1727701515503325
668,0.0808,21,288,21,128502,477108,8271,99685,4.419467190336804,0.17282629990308482
669,0.0809,30,248,30,128750,476860,8301,99655,4.41716995813109,0.17285760127663635
670,0.081,14,185,14,128935,476675,8315,99641,4.415456297009893,0.1728929962034717
671,0.0811,13,266,13,129201,476409,8328,99628,4.412992330208604,0.17295416787463305
672,0.0812,13,183,13,129384,476226,8341,99615,4.411297195153581,0.17299046090847994
673,0.0813,29,301,29,129685,475925,8370,99586,4.408509022194227,0.17303926423647853
674,0.0814,24,253,24,129938,475672,8394,99562,4.406165474823076,0.17308086795982155
675,0.0815,25,220,25,130158,475452,8419,99537,4.404127607543814,0.17311113777828793
676,0.0816,25,252,25,130410,475200,8444,99512,4.401793323205751,0.17315107392920281
677,0.0817,30,253,30,130663,474947,8474,99482,4.399449775834599,0.17318415330702314
678,0.0818,34,304,34,130967,474643,8508,99448,4.396633813775983,0.1732268926006504
679,0.0819,21,196,21,131163,474447,8529,99427,4.3948182592908225,0.1732558017962131
680,0.082,51,359,51,131522,474088,8580,99376,4.39149283041239,0.17329073838985534
681,0.0821,15,227,15,131749,473861,8595,99361,4.389390121901515,0.17333772953585172
682,0.0822,22,278,22,132027,473583,8617,99339,4.3868149987031755,0.17339009498675212
683,0.0823,21,276,21,132303,473307,8638,99318,4.38425840157101,0.17344335297969876
684,0.0824,27,328,27,132631,472979,8665,99291,4.381220126718293,0.1735037657049994
685,0.0825,27,341,27,132972,472638,8692,99264,4.3780614324354366,0.17356819874733784
686,0.0826,24,247,24,133219,472391,8716,99240,4.375773463262811,0.17360849918916224
687,0.0827,23,254,23,133473,472137,8739,99217,4.373420652858572,0.17365241163971898
688,0.0828,30,265,30,133738,471872,8769,99187,4.37096594909037,0.17368958373828272
689,0.0829,36,355,36,134093,471517,8805,99151,4.367677572344288,0.17374550526751106
690,0.083,37,371,37,134464,471146,8842,99114,4.364240987068806,0.17380493108406692
691,0.0831,16,202,16,134666,470944,8858,99098,4.36236985438512,0.1738433308422888
692,0.0832,23,302,23,134968,470642,8881,99075,4.359572418392679,0.17390213035594865
693,0.0833,34,320,34,135288,470322,8915,99041,4.356608247804661,0.17395053770617339
694,0.0834,36,316,36,135604,470006,8951,99005,4.353681129348994,0.17399487883362535
695,0.0835,26,277,26,135881,469729,8977,98979,4.351115269183741,0.17404186331122473
696,0.0836,35,323,35,136204,469406,9012,98944,4.3481233094964615,0.1740899093868215
697,0.0837,27,288,27,136492,469118,9039,98917,4.345455555967246,0.17413891749628105
698,0.0838,22,238,22,136730,468880,9061,98895,4.343250954092408,0.1741799128175774
699,0.0839,36,272,36,137002,468608,9097,98859,4.3407314090925935,0.17421101138920853
700,0.084,29,237,29,137239,468371,9126,98830,4.338536070250843,0.1742415827898752
701,0.0841,23,221,23,137460,468150,9149,98807,4.336488939938493,0.1742760032947825
702,0.0842,31,311,31,137771,467839,9180,98776,4.333608136648264,0.17432648270871756
703,0.0843,27,264,27,138035,467575,9207,98749,4.33116269591315,0.1743683827632239
704,0.0844,25,310,25,138345,467265,9232,98724,4.328291155656008,0.1744274182007071
705,0.0845,35,239,35,138584,467026,9267,98689,4.326077290748082,0.17445003226006028
706,0.0846,38,296,38,138880,466730,9305,98651,4.323335432954167,0.17448587766479595
707,0.0847,33,302,33,139182,466428,9338,98618,4.3205379969617255,0.17453092314608015
708,0.0848,41,419,41,139601,466009,9379,98577,4.31665678609804,0.17460050373193808
709,0.0849,25,246,25,139847,465763,9404,98552,4.314378079958502,0.17464005032650204
710,0.085,28,262,28,140109,465501,9432,98524,4.311951165289562,0.17468020034572937
711,0.0851,23,328,23,140437,465173,9455,98501,4.308912890436845,0.17474817004154883
712,0.0852,11,191,11,140628,464982,9466,98490,4.307143651117122,0.1747912939773405
713,0.0853,29,225,29,140853,464757,9495,98461,4.305059468672422,0.17481863150680554
714,0.0854,48,453,48,141306,464304,9543,98413,4.3008633146837605,0.17488897616386212
715,0.0855,31,278,31,141584,464026,9574,98382,4.29828819148542,0.1749299440975235
716,0.0856,22,385,22,141969,463641,9596,98360,4.294721923746712,0.1750174821752986
717,0.0857,26,274,26,142243,463367,9622,98334,4.292183852680722,0.17506466963740494
718,0.0858,24,243,24,142486,463124,9646,98310,4.289932935640446,0.17510517710006876
719,0.0859,24,288,24,142774,462836,9670,98286,4.287265182111231,0.17515976917675657
720,0.086,28,326,28,143100,462510,9698,98258,4.2842454333246875,0.17522041200639124
721,0.0861,38,286,38,143386,462224,9736,98220,4.281596205861647,0.17525390583180478
722,0.0862,37,342,37,143728,461882,9773,98183,4.278428248545704,0.17530643764563042
723,0.0863,23,272,23,144000,461610,9796,98160,4.275908703545889,0.1753577362130875
724,0.0864,30,270,30,144270,461340,9826,98130,4.273407684612249,0.1753981446726366
725,0.0865,37,308,37,144578,461032,9863,98093,4.270554670421283,0.1754401967359714
726,0.0866,33,335,33,144913,460697,9896,98060,4.267451554336952,0.1754966828156068
727,0.0867,40,353,40,145266,460344,9936,98020,4.264181703657045,0.17554856688468454
728,0.0868,20,227,20,145493,460117,9956,98000,4.262078995146171,0.17559042279665374
729,0.0869,21,267,21,145760,459850,9977,97979,4.259605765311794,0.17564343194778329
730,0.087,37,214,37,145974,459636,10014,97942,4.257623476231057,0.17565614138290966
731,0.0871,28,227,28,146201,459409,10042,97914,4.255520767720182,0.1756862716952288
732,0.0872,34,400,34,146601,459009,10076,97880,4.251815554485161,0.17576213572184043
733,0.0873,20,225,20,146826,458784,10096,97860,4.249731372040461,0.17580356565417035
734,0.0874,34,313,34,147139,458471,10130,97826,4.246832042684057,0.17585210777696086
735,0.0875,20,214,20,147353,458257,10150,97806,4.24484975360332,0.17589014194434804
736,0.0876,39,326,39,147679,457931,10189,97767,4.241830004816777,0.17593549014032803
737,0.0877,51,351,51,148030,457580,10240,97716,4.238578680203045,0.17597101365758083
738,0.0878,45,318,45,148348,457262,10285,97671,4.235633035681204,0.17600503123800532
739,0.0879,31,290,31,148638,456972,10316,97640,4.232946756085813,0.17605100502693774
740,0.088,36,301,36,148939,456671,10352,97604,4.2301585831264585,0.17609309458301384
741,0.0881,39,356,39,149295,456315,10391,97565,4.2268609433472895,0.17614826316169568
742,0.0882,32,339,32,149634,455976,10423,97533,4.223720775130609,0.17620851693468398
743,0.0883,30,330,30,149964,455646,10453,97503,4.220663974211716,0.17626896188911126
744,0.0884,30,301,30,150265,455345,10483,97473,4.2178758012523625,0.1763202355929076
745,0.0885,26,390,26,150655,454955,10509,97447,4.214263218348216,0.17640595073877358
746,0.0886,23,233,23,150888,454722,10532,97424,4.212104931638816,0.17644608491232391
747,0.0887,21,268,21,151156,454454,10553,97403,4.209622438771351,0.17650043398923998
748,0.0888,31,388,31,151544,454066,10584,97372,4.20602838193338,0.17657832793532546
749,0.0889,40,338,40,151882,453728,10624,97332,4.202897476749787,0.1766268645882481
750,0.089,28,333,28,152215,453395,10652,97304,4.199812886731632,0.17669180441584242
751,0.0891,19,284,19,152499,453111,10671,97285,4.197182185334766,0.17675455490228853
752,0.0892,47,418,47,152917,452693,10718,97238,4.193310237504169,0.17681854632672098
753,0.0893,38,349,38,153266,452344,10756,97200,4.190077438956612,0.1768739172841483
754,0.0894,29,341,29,153607,452003,10785,97171,4.186918744673756,0.1769402775805118
755,0.0895,47,381,47,153988,451622,10832,97124,4.183389529067398,0.17699263411487282
756,0.0896,49,371,49,154359,451251,10881,97075,4.179952943791915,0.1770388418568516
757,0.0897,34,284,34,154643,450967,10915,97041,4.17732224239505,0.1770795316856688
758,0.0898,32,305,32,154948,450662,10947,97009,4.174497017303346,0.17713006531293424
759,0.0899,31,241,31,155189,450421,10978,96978,4.1722646263292456,0.1771614489613609
760,0.09,28,306,28,155495,450115,11006,96950,4.169430138204453,0.17721842925429337
761,0.0901,43,479,43,155974,449636,11049,96907,4.164993145355515,0.17730901319749773
762,0.0902,33,323,33,156297,449313,11082,96874,4.1620011856682355,0.17736416282335538
763,0.0903,35,281,35,156578,449032,11117,96839,4.159398273370632,0.1774027196901832
764,0.0904,27,327,27,156905,448705,11144,96812,4.156369261551002,0.17746834654098773
765,0.0905,23,307,23,157212,448398,11167,96789,4.1535255103931235,0.17753358022109844
766,0.0906,25,232,25,157444,448166,11192,96764,4.151376486716811,0.17757143119299726
767,0.0907,30,248,30,157692,447918,11222,96734,4.149079254511097,0.17760698574502617
768,0.0908,33,272,33,157964,447646,11255,96701,4.1465597095112825,0.17764587661914183
769,0.0909,56,413,56,158377,447233,11311,96645,4.142734076846122,0.1776961009638191
770,0.091,31,303,31,158680,446930,11342,96614,4.139927377820594,0.17774825957052234
771,0.0911,31,302,31,158982,446628,11373,96583,4.137129941828152,0.17780015500422489
772,0.0912,22,247,22,159229,446381,11395,96561,4.1348419726555266,0.17784772590810805
773,0.0913,29,308,29,159537,446073,11424,96532,4.13198895846456,0.17790473733194498
774,0.0914,25,334,25,159871,445739,11449,96507,4.128895105413316,0.17797641660796024
775,0.0915,39,357,39,160228,445382,11488,96468,4.12558820260106,0.17803451139614285
776,0.0916,29,256,29,160484,445126,11517,96439,4.123216866130646,0.17807465401198377
777,0.0917,43,348,43,160832,444778,11560,96396,4.119993330616177,0.17812385665238906
778,0.0918,39,329,39,161161,444449,11599,96357,4.116945792730371,0.17817294926461616
779,0.0919,36,329,36,161490,444120,11635,96321,4.113898254844567,0.17822667044136178
780,0.092,32,300,32,161790,443820,11667,96289,4.1111193449183,0.17827697742492718
781,0.0921,34,339,34,162129,443481,11701,96255,4.107979176701619,0.17833718706923385
782,0.0922,37,327,37,162456,443154,11738,96218,4.104950164881989,0.17838894121311452
783,0.0923,41,336,41,162792,442818,11779,96177,4.1018377857645705,0.17843764784459967
784,0.0924,48,301,48,163093,442517,11827,96129,4.099049612805217,0.17846414899581545
785,0.0925,37,389,37,163482,442128,11864,96092,4.095446292934159,0.17853665787224554
786,0.0926,31,308,31,163790,441820,11895,96061,4.092593278743192,0.17859154720096082
787,0.0927,49,364,49,164154,441456,11944,96012,4.089221534699322,0.1786376119136395
788,0.0928,23,326,23,164480,441130,11967,95989,4.086201785912779,0.1787108629558813
789,0.0929,40,450,40,164930,440680,12007,95949,4.08203342102338,0.1787995058038235
790,0.093,49,364,49,165294,440316,12056,95900,4.07866167697951,0.17884583824428962
791,0.0931,39,344,39,165638,439972,12095,95861,4.075475193597391,0.1789008888963539
792,0.0932,40,396,40,166034,439576,12135,95821,4.07180703249472,0.17897186573701385
793,0.0933,45,312,45,166346,439264,12180,95776,4.068916966171403,0.1790071770334928
794,0.0934,25,228,25,166574,439036,12205,95751,4.066804994627441,0.17904511515799748
795,0.0935,34,271,34,166845,438765,12239,95717,4.064294712660714,0.17908367353811727
796,0.0936,37,275,37,167120,438490,12276,95680,4.061747378561636,0.17911900705767828
797,0.0937,46,356,46,167476,438134,12322,95634,4.058449738782467,0.17916772830143432
798,0.0938,33,255,33,167731,437879,12355,95601,4.0560876653451405,0.1792025942865712
799,0.0939,35,342,35,168073,437537,12390,95566,4.052919708029197,0.17926366949726413
800,0.094,22,369,22,168442,437168,12412,95544,4.04950164881989,0.1793539473486612
801,0.0941,39,304,39,168746,436864,12451,95505,4.046685686761273,0.17939624583700403
802,0.0942,41,327,41,169073,436537,12492,95464,4.0436566749416425,0.17944327172317345
803,0.0943,39,347,39,169420,436190,12531,95425,4.040442402460261,0.17950020221400825
804,0.0944,28,335,28,169755,435855,12559,95397,4.037339286375931,0.17957014750062117
805,0.0945,20,231,20,169986,435624,12579,95377,4.035199525732706,0.17961736418575483
806,0.0946,41,274,41,170260,435350,12620,95336,4.032661454666716,0.17964672141341584
807,0.0947,27,291,27,170551,435059,12647,95309,4.029965912038238,0.17970352660794014
808,0.0948,30,312,30,170863,434747,12677,95279,4.027075845714921,0.17976287955685194
809,0.0949,39,373,39,171236,434374,12716,95240,4.023620734373263,0.1798290830680458
810,0.095,35,358,35,171594,434016,12751,95205,4.020304568527918,0.17989648936833572
811,0.0951,29,301,29,171895,433715,12780,95176,4.017516395568565,0.179953903545343
812,0.0952,39,322,39,172217,433393,12819,95137,4.014533698914373,0.1800030272642991
813,0.0953,52,409,52,172626,432984,12871,95085,4.010745118381563,0.18006169648284598
814,0.0954,39,389,39,173015,432595,12910,95046,4.007141798510505,0.1801338410017417
815,0.0955,36,401,36,173416,432194,12946,95010,4.003427322242395,0.18021486938642348
816,0.0956,38,311,38,173727,431883,12984,94972,4.000546518952166,0.18026212145656775
817,0.0957,23,289,23,174016,431594,13007,94949,3.9978695023898627,0.18032525358802604
818,0.0958,36,400,36,174416,431194,13043,94913,3.994164289154841,0.18040626716618482
819,0.0959,26,187,26,174603,431007,13069,94887,3.9924321019674682,0.18042989651907038
820,0.096,51,375,51,174978,430632,13120,94836,3.9889584645596354,0.18047911575966566
821,0.0961,25,283,25,175261,430349,13145,94811,3.9863370261958577,0.18053736004265367
822,0.0962,32,300,32,175561,430049,13177,94779,3.983558116269591,0.18059059348967663
823,0.0963,43,359,43,175920,429690,13220,94736,3.9802326873911595,0.18064703123033565
824,0.0964,47,385,47,176305,429305,13267,94689,3.976666419652451,0.18070626762901865
825,0.0965,29,322,29,176627,428983,13296,94660,3.9736837229982584,0.18077201452134373
826,0.0966,37,284,37,176911,428699,13333,94623,3.971053021601393,0.18081219593290557
827,0.0967,56,478,56,177389,428221,13389,94567,3.9666252917855425,0.18088976793652495
828,0.0968,35,315,35,177704,427906,13424,94532,3.9637074363629625,0.18094395890038625
829,0.0969,30,333,30,178037,427573,13454,94502,3.960622846344807,0.18101230666092036
830,0.097,17,206,17,178243,427367,13471,94485,3.958714661528771,0.18105708131807485
831,0.0971,25,236,25,178479,427131,13496,94460,3.956528585720108,0.18109975057084957
832,0.0972,30,305,30,178784,426826,13526,94430,3.953703360628404,0.18115858618413985
833,0.0973,25,282,25,179066,426544,13551,94405,3.951091185297714,0.18121735524974614
834,0.0974,44,430,44,179496,426114,13595,94361,3.9471080810700654,0.1812978529228109
835,0.0975,31,319,31,179815,425795,13626,94330,3.9441531735151356,0.18136024993991828
836,0.0976,49,440,49,180255,425355,13675,94281,3.940077438956612,0.18143662101932892
837,0.0977,46,395,46,180650,424960,13721,94235,3.9364185408870283,0.18150213310991054
838,0.0978,27,272,27,180922,424688,13748,94208,3.9338989958872133,0.1815546853319355
839,0.0979,41,349,41,181271,424339,13789,94167,3.930666197339657,0.1816121703509699
840,0.098,49,433,49,181704,423906,13838,94118,3.926655304012746,0.18168656278473586
841,0.0981,41,431,41,182135,423475,13879,94077,3.92266293675201,0.18177303923084057
842,0.0982,61,430,61,182565,423045,13940,94016,3.918679832524362,0.18182767603822372
843,0.0983,18,233,18,182798,422812,13958,93998,3.9165215458149616,0.1818811555503957
844,0.0984,48,376,48,183174,422436,14006,93950,3.913038645374041,0.18193754284585562
845,0.0985,46,449,46,183623,421987,14052,93904,3.9088795435177293,0.18202294670773478
846,0.0986,75,499,75,184122,421488,14127,93829,3.90425729000704,0.1820801564862017
847,0.0987,30,330,30,184452,421158,14157,93799,3.901200489088147,0.1821491891555994
848,0.0988,48,296,48,184748,420862,14205,93751,3.898458631294231,0.1821776752627703
849,0.0989,53,355,53,185103,420507,14258,93698,3.895170254548149,0.18221915383942203
850,0.099,42,338,42,185441,420169,14300,93656,3.892039349364556,0.18227217437843624
851,0.0991,45,402,45,185843,419767,14345,93611,3.8883156100633594,0.1823432246804499
852,0.0992,35,331,35,186174,419436,14380,93576,3.8852495461113787,0.18240508993941662
853,0.0993,44,307,44,186481,419129,14424,93532,3.8824057949534994,0.18244414925262503
854,0.0994,61,516,61,186997,418613,14485,93471,3.8776260698803218,0.18253060044836394
855,0.0995,40,343,40,187340,418270,14525,93431,3.8744488495312903,0.18258905102784634
856,0.0996,44,345,44,187685,417925,14569,93387,3.8712531031160844,0.1826419094408111
857,0.0997,37,316,37,188001,417609,14606,93350,3.868325984660417,0.18269567616971225
858,0.0998,38,274,38,188275,417335,14644,93312,3.8657879135944273,0.182732885927069
859,0.0999,42,366,42,188641,416969,14686,93270,3.8623976434843827,0.18279668939457783
860,0.1,45,418,45,189059,416551,14731,93225,3.858525695653785,0.18287443896927277
861,0.1001,47,298,47,189357,416253,14778,93178,3.855765311793694,0.18290602652763574
862,0.1002,36,328,36,189685,415925,14814,93142,3.852727036940976,0.18296609287186166
863,0.1003,53,328,53,190013,415597,14867,93089,3.8496887620882583,0.1829989423730946
864,0.1004,23,248,23,190261,415349,14890,93066,3.847391529882545,0.18305124750449928
865,0.1005,19,266,19,190527,415083,14909,93047,3.844927563081255,0.18311652529864406
866,0.1006,33,412,33,190939,414671,14942,93014,3.841111193449183,0.18321203108226558
867,0.1007,43,322,43,191261,414349,14985,92971,3.8381284967949907,0.18325908696680596
868,0.1008,56,359,56,191620,413990,15041,92915,3.8348030679165586,0.18329864570284374
869,0.1009,56,467,56,192087,413523,15097,92859,3.8304772314646707,0.18337737123357464
870,0.101,39,326,39,192413,413197,15136,92820,3.827457482678128,0.18343257242345612
871,0.1011,42,404,42,192817,412793,15178,92778,3.823715217310756,0.18351131690702197
872,0.1012,32,253,32,193070,412540,15210,92746,3.821371669939605,0.18355149360955975
873,0.1013,28,223,28,193293,412317,15238,92718,3.8193060135610803,0.18358727612937717
874,0.1014,44,302,44,193595,412015,15282,92674,3.816508577568639,0.18362595578663296
875,0.1015,48,335,48,193930,411680,15330,92626,3.8134054614843085,0.18367023196234034
876,0.1016,47,414,47,194344,411266,15377,92579,3.809570565786061,0.18374500094275026
877,0.1017,37,290,37,194634,410976,15414,92542,3.8068842861906704,0.18379084759631234
878,0.1018,48,475,48,195109,410501,15462,92494,3.802484345474082,0.18388651974671716
879,0.1019,38,240,38,195349,410261,15500,92456,3.8002612175330692,0.18391261882928167
880,0.102,42,364,42,195713,409897,15542,92414,3.796889473489199,0.18397765527730828
881,0.1021,44,373,44,196086,409524,15586,92370,3.7934343621475417,0.18404284570048657
882,0.1022,45,426,45,196512,409098,15631,92325,3.7894883100522434,0.1841259774681257
883,0.1023,38,305,38,196817,408793,15669,92287,3.7866630849605394,0.18417617945238285
884,0.1024,46,341,46,197158,408452,15715,92241,3.7835043906776833,0.1842266618466805
885,0.1025,55,330,55,197488,408122,15770,92186,3.780447589758791,0.18425849676599215
886,0.1026,46,363,46,197851,407759,15816,92140,3.7770851087480084,0.18431723208088033
887,0.1027,44,375,44,198226,407384,15860,92096,3.7736114713401756,0.18438375910947385
888,0.1028,41,386,41,198612,406998,15901,92055,3.7700359405683797,0.1844593660392784
889,0.1029,47,438,47,199050,406560,15948,92008,3.765978732076031,0.18454453554981468
890,0.103,39,373,39,199423,406187,15987,91969,3.762523620734373,0.18461887440881972
891,0.1031,29,341,29,199764,405846,16016,91940,3.7593649264515174,0.18469784204457337
892,0.1032,58,374,58,200138,405472,16074,91882,3.755900552076772,0.18474165282675922
893,0.1033,37,353,37,200491,405119,16111,91845,3.7526307013968654,0.18481217955425341
894,0.1034,48,395,48,200886,404724,16159,91797,3.7489718033272816,0.1848803978079477
895,0.1035,21,316,21,201202,404408,16180,91776,3.7460446848716145,0.18496364251971043
896,0.1036,75,611,75,201813,403797,16255,91701,3.7403849716551187,0.18506835547267597
897,0.1037,47,353,47,202166,403444,16302,91654,3.7371151209752123,0.1851229453562729
898,0.1038,44,346,44,202512,403098,16346,91610,3.733910111526918,0.1851799445329366
899,0.1039,38,349,38,202861,402749,16384,91572,3.730677312979362,0.18524804732147734
900,0.104,29,283,29,203144,402466,16413,91543,3.7280558746155843,0.1853063405727426
901,0.1041,25,281,25,203425,402185,16438,91518,3.7254529623179815,0.1853705567922415
902,0.1042,48,435,48,203860,401750,16486,91470,3.7214235429248954,0.18545476663557844
903,0.1043,55,488,55,204348,401262,16541,91415,3.716903182778169,0.18554752911136504
904,0.1044,46,386,46,204734,400876,16587,91369,3.713327652006373,0.18561691840445307
905,0.1045,47,363,47,205097,400513,16634,91322,3.709965170995591,0.1856760905588256
906,0.1046,41,315,41,205412,400198,16675,91281,3.707047315573011,0.18572716229991515
907,0.1047,54,361,54,205773,399837,16729,91227,3.703703360628404,0.18577415571086456
908,0.1048,37,269,37,206042,399568,16766,91190,3.701211604727852,0.1858145970111542
909,0.1049,35,281,35,206323,399287,16801,91155,3.6986086924302493,0.18586295627209742
910,0.105,37,342,37,206665,398945,16838,91118,3.695440735114306,0.18593119660125332
911,0.1051,49,354,49,207019,398591,16887,91069,3.6921616214013118,0.1859841522689213
912,0.1052,61,521,61,207540,398070,16948,91008,3.6873355811626958,0.18608074785617018
913,0.1053,69,505,69,208045,397565,17017,90939,3.682657749453481,0.18615814814208276
914,0.1054,56,354,56,208399,397211,17073,90883,3.6793786357404867,0.18619978938483162
915,0.1055,54,374,54,208773,396837,17127,90829,3.6759142613657416,0.18625247607993997
916,0.1056,53,436,53,209209,396401,17180,90776,3.671875578939568,0.1863306354774548
917,0.1057,59,428,59,209637,395973,17239,90717,3.6679110007780946,0.18639585773284842
918,0.1058,71,568,71,210205,395405,17310,90646,3.662649597984364,0.18649483284675888
919,0.1059,38,415,38,210620,394990,17348,90608,3.658805439253029,0.18659055432683
920,0.106,53,382,53,211002,394608,17401,90555,3.6552669606135835,0.1866486108792303
921,0.1061,75,441,75,211443,394167,17476,90480,3.6511819630219717,0.18669258243628867
922,0.1062,40,367,40,211810,393800,17516,90440,3.6477824298788395,0.18676689245002479
923,0.1063,31,366,31,212176,393434,17547,90409,3.6443921597687945,0.18685606694733622
924,0.1064,35,347,35,212523,393087,17582,90374,3.641177887287413,0.18693131400464566
925,0.1065,38,302,38,212825,392785,17620,90336,3.6383804512949722,0.18698421306463597
926,0.1066,33,300,33,213125,392485,17653,90303,3.6356015413687057,0.18704483127169688
927,0.1067,36,314,36,213439,392171,17689,90267,3.632692948979214,0.18710590790941012
928,0.1068,44,403,44,213842,391768,17733,90223,3.6289599466449296,0.18718814251718394
929,0.1069,61,442,61,214284,391326,17794,90162,3.6248656860202306,0.1872570032898016
930,0.107,40,356,40,214640,390970,17834,90122,3.621568046241061,0.18732799547695658
931,0.1071,51,420,51,215060,390550,17885,90071,3.6176775723442884,0.1874054608516898
932,0.1072,29,253,29,215313,390297,17914,90042,3.615334024973137,0.1874551098286835
933,0.1073,53,343,53,215656,389954,17967,89989,3.612156804624106,0.18749934888101297
934,0.1074,44,327,44,215983,389627,18011,89945,3.609127792804476,0.1875526511139099
935,0.1075,41,232,41,216215,389395,18052,89904,3.606978769128163,0.18757393610251638
936,0.1076,38,240,38,216455,389155,18090,89866,3.6047556411871504,0.18760346623634455
937,0.1077,43,334,43,216789,388821,18133,89823,3.601661788135907,0.187661393436458
938,0.1078,39,367,39,217156,388454,18172,89784,3.598262254992775,0.1877391591634291
939,0.1079,36,324,36,217480,388130,18208,89748,3.5952610322724072,0.18780525573472728
940,0.108,39,308,39,217788,387822,18247,89709,3.5924080180814406,0.18786005515872267
941,0.1081,70,533,70,218321,387289,18317,89639,3.5874708214457742,0.187950801798175
942,0.1082,71,463,71,218784,386826,18388,89568,3.5831820371262366,0.18801244348165594
943,0.1083,41,416,41,219200,386410,18429,89527,3.5793286153618142,0.18810682926521788
944,0.1084,42,268,42,219468,386142,18471,89485,3.5768461224943495,0.18814112739604774
945,0.1085,42,356,42,219824,385786,18513,89443,3.5735484827151804,0.18821031544792088
946,0.1086,33,344,33,220168,385442,18546,89410,3.5703619993330618,0.18829024622408666
947,0.1087,40,331,40,220499,385111,18586,89370,3.567295935381081,0.18835316904154223
948,0.1088,40,375,40,220874,384736,18626,89330,3.5638222979732483,0.18843367801107863
949,0.1089,55,427,55,221301,384309,18681,89275,3.559866982844863,0.18850932463934592
950,0.109,44,315,44,221616,383994,18725,89231,3.5569491274222833,0.18855935337313118
951,0.1091,37,370,37,221986,383624,18762,89194,3.553521805179888,0.18864341036085766
952,0.1092,52,367,52,222353,383257,18814,89142,3.550122272036756,0.1887006534730175
953,0.1093,26,304,26,222657,382953,18840,89116,3.5473063099781394,0.1887774880367065
954,0.1094,53,364,53,223021,382589,18893,89063,3.5439345659342694,0.18883202021829654
955,0.1095,39,357,39,223378,382232,18932,89024,3.5406276631220126,0.18890793963365984
956,0.1096,22,241,22,223619,381991,18954,89002,3.538395272147912,0.18896671500425696
957,0.1097,65,427,65,224046,381564,19019,88937,3.5344399570195266,0.18902616572547135
958,0.1098,36,314,36,224360,381250,19055,88901,3.5315313646300344,0.18909031353756559
959,0.1099,42,308,42,224668,380942,19097,88859,3.5286783504390677,0.18914178556452627
960,0.11,59,385,59,225053,380557,19156,88800,3.5251120827003595,0.1891950050814199
961,0.1101,44,379,44,225432,380178,19200,88756,3.5216013931601764,0.18927183782792462
962,0.1102,55,489,55,225921,379689,19255,88701,3.517071769980362,0.1893742394158714
963,0.1103,36,276,36,226197,379413,19291,88665,3.5145151728481974,0.18942355761219284
964,0.1104,44,276,44,226473,379137,19335,88621,3.5119585757160325,0.18945907926748448
965,0.1105,49,373,49,226846,378764,19384,88572,3.5085034643743747,0.1895253094133557
966,0.1106,39,284,39,227130,378480,19423,88533,3.5058727629775093,0.18957288126882976
967,0.1107,31,227,31,227357,378253,19454,88502,3.5037700544666346,0.18961125215584193
968,0.1108,48,352,48,227709,377901,19502,88454,3.5005094668198153,0.18967095881892548
969,0.1109,24,236,24,227945,377665,19526,88430,3.498323391011153,0.18972527059934133
970,0.111,41,330,41,228275,377335,19567,88389,3.49526659009226,0.1897883725124752
971,0.1111,41,349,41,228624,376986,19608,88348,3.4920337915447033,0.18985932684910192
972,0.1112,31,336,31,228960,376650,19639,88317,3.488921412427285,0.1899425120492422
973,0.1113,38,333,38,229293,376317,19677,88279,3.4858368224091296,0.19001239786825544
974,0.1114,32,222,32,229515,376095,19709,88247,3.4837804290636925,0.19004742194330904
975,0.1115,43,311,43,229826,375784,19752,88204,3.4808996257734632,0.19009974395889548
976,0.1116,55,339,55,230165,375445,19807,88149,3.4777594575567825,0.19014266793789394
977,0.1117,37,285,37,230450,375160,19844,88112,3.4751194931268294,0.1901949610595935
978,0.1118,26,292,26,230742,374868,19870,88086,3.4724146874652635,0.19026944361642842
979,0.1119,38,300,38,231042,374568,19908,88048,3.4696357775389974,0.19032631815587875
980,0.112,33,273,33,231315,374295,19941,88015,3.467106969506095,0.19038091324003376
981,0.1121,41,409,41,231724,373886,19982,87974,3.4633183889732853,0.1904776339150392
982,0.1122,43,274,43,231998,373612,20025,87931,3.4607803179072953,0.1905152932662829
983,0.1123,43,285,43,232283,373327,20068,87888,3.4581403534773427,0.1905575490823152
984,0.1124,49,322,49,232605,373005,20117,87839,3.4551576568231503,0.19060462976625495
985,0.1125,31,320,31,232925,372685,20148,87808,3.452193486235133,0.19068259452369526
986,0.1126,44,403,44,233328,372282,20192,87764,3.4484604839008486,0.19077222712511357
987,0.1127,47,347,47,233675,371935,20239,87717,3.4452462114194673,0.19083350012618241
988,0.1128,72,498,72,234173,371437,20311,87645,3.4406332209418653,0.1909136058481927
989,0.1129,33,249,33,234422,371188,20344,87612,3.4383267257030643,0.1909590235396687
990,0.113,41,304,41,234726,370884,20385,87571,3.4355107636444475,0.1910132946526922
991,0.1131,44,429,44,235155,370455,20429,87527,3.431536922449887,0.1911144979497011
992,0.1132,63,476,63,235631,369979,20492,87464,3.4271277187002114,0.19120196396053715
993,0.1133,52,413,52,236044,369566,20544,87412,3.423302086035051,0.1912827313349877
994,0.1134,58,492,58,236536,369074,20602,87354,3.418744673755975,0.19138615510003767
995,0.1135,46,319,46,236855,368755,20648,87308,3.415789766201045,0.19143846354560665
996,0.1136,58,416,58,237271,368339,20706,87250,3.411936344436622,0.19151033058304745
997,0.1137,45,302,45,237573,368037,20751,87205,3.4091389084441808,0.19155745735235324
998,0.1138,45,346,45,237919,367691,20796,87160,3.405933898995887,0.191623190891083
999,0.1139,47,303,47,238222,367388,20843,87113,3.4031271999703585,0.1916673450663475
1000,0.114,25,168,25,238390,367220,20868,87088,3.401571010411649,0.19169374081019924
1001,0.1141,43,359,43,238749,366861,20911,87045,3.3982455815332173,0.1917687803201544
1002,0.1142,36,279,36,239028,366582,20947,87009,3.3956611953017894,0.19182258907253452
1003,0.1143,43,381,43,239409,366201,20990,86966,3.3921319796954315,0.1919071777071146
1004,0.1144,41,318,41,239727,365883,21031,86925,3.3891863351735894,0.19196878147029203
1005,0.1145,55,430,55,240157,365453,21086,86870,3.3852032309459408,0.1920530240558185
1006,0.1146,35,263,35,240420,365190,21121,86835,3.382767053243914,0.1921022067363531
1007,0.1147,42,375,42,240795,364815,21163,86793,3.3792934158360812,0.1921865865972259
1008,0.1148,45,349,45,241144,364466,21208,86748,3.376060617288525,0.19225467294897763
1009,0.1149,51,346,51,241490,364120,21259,86697,3.3728556078402314,0.19231084896975933
1010,0.115,36,242,36,241732,363878,21295,86661,3.3706139538330433,0.19234960791407624
1011,0.1151,48,357,48,242089,363521,21343,86613,3.367307051020786,0.1924160361136906
1012,0.1152,57,422,57,242511,363099,21400,86556,3.3633980510578385,0.19249424558828435
1013,0.1153,54,411,54,242922,362688,21454,86502,3.3595909444588536,0.19257329860415415
1014,0.1154,39,360,39,243282,362328,21493,86463,3.3562562525473343,0.19265760677018925
1015,0.1155,45,333,45,243615,361995,21538,86418,3.3531716625291788,0.19271965799385835
1016,0.1156,50,328,50,243943,361667,21588,86368,3.3501333876764607,0.1927706540783644
1017,0.1157,64,410,64,244353,361257,21652,86304,3.3463355441105636,0.19283181510453323
1018,0.1158,49,279,49,244632,360978,21701,86255,3.343751157879136,0.19286367508658797
1019,0.1159,48,325,48,244957,360653,21749,86207,3.3407406721256807,0.19291724477464978
1020,0.116,62,430,62,245387,360223,21811,86145,3.3367575678980326,0.19299098501684708
1021,0.1161,42,356,42,245743,359867,21853,86103,3.333459928118863,0.19306904051842053
1022,0.1162,47,321,47,246064,359546,21900,86056,3.3304864944977584,0.19312301111754435
1023,0.1163,43,441,43,246505,359105,21943,86013,3.326401496906147,0.1932364002354432
1024,0.1164,72,416,72,246921,358689,22015,85941,3.3225480751417242,0.1932865528641792
1025,0.1165,49,325,49,247246,358364,22064,85892,3.3195375893882693,0.1933389757257077
1026,0.1166,40,289,40,247535,358075,22104,85852,3.316860572825966,0.19339215681857602
1027,0.1167,52,375,52,247910,357700,22156,85800,3.313386935418133,0.19346110484780157
1028,0.1168,58,314,58,248224,357386,22214,85742,3.3104783430286413,0.19349262515571122
1029,0.1169,66,471,66,248695,356915,22280,85676,3.306115454444403,0.19357826977954817
1030,0.117,49,329,49,249024,356586,22329,85627,3.303067916558598,0.19363293254608074
1031,0.1171,59,564,59,249588,356022,22388,85568,3.2978435658972174,0.19377250390633846
1032,0.1172,25,253,25,249841,355769,22413,85543,3.295500018526066,0.1938379196577478
1033,0.1173,49,383,49,250224,355386,22462,85494,3.2919522768535328,0.1939167120304845
1034,0.1174,45,266,45,250490,355120,22507,85449,3.2894883100522434,0.19395145822788257
1035,0.1175,50,315,50,250805,354805,22557,85399,3.286570454629664,0.19399869151575178
1036,0.1176,89,509,89,251314,354296,22646,85310,3.2818555707880988,0.1940601356669381
1037,0.1177,40,375,40,251689,353921,22686,85270,3.278381933380266,0.19415243026382598
1038,0.1178,24,312,24,252001,353609,22710,85246,3.275491867056949,0.19424639117704026
1039,0.1179,37,257,37,252258,353352,22747,85209,3.2731112675534475,0.194292242128233
1040,0.118,54,422,54,252680,352930,22801,85155,3.2692022675905,0.19438008605635893
1041,0.1181,67,481,67,253161,352449,22868,85088,3.2647467486753863,0.19447041050242608
1042,0.1182,57,318,57,253479,352131,22925,85031,3.261801104153544,0.194506841857252
1043,0.1183,70,476,70,253955,351655,22995,84961,3.257391900403868,0.19458975392564634
1044,0.1184,46,273,46,254228,351382,23041,84915,3.254863092370966,0.19462659610311325
1045,0.1185,51,541,51,254769,350841,23092,84864,3.2498517914705993,0.19477398698660792
1046,0.1186,61,418,61,255187,350423,23153,84803,3.2459798436400016,0.19484819381195057
1047,0.1187,82,479,82,255666,349944,23235,84721,3.241542850791063,0.1949110234318383
1048,0.1188,38,292,38,255958,349652,23273,84683,3.2388380451294974,0.19497162328617312
1049,0.1189,68,495,68,256453,349157,23341,84615,3.234252843751158,0.19506791586363342
1050,0.119,37,283,37,256736,348874,23378,84578,3.2316314053873803,0.19512656534056827
1051,0.1191,68,483,68,257219,348391,23446,84510,3.2271573604060912,0.19521784426462402
1052,0.1192,52,396,52,257615,347995,23498,84458,3.22348919930342,0.1952998360515478
1053,0.1193,49,414,49,258029,347581,23547,84409,3.2196543036051724,0.1953957267529341
1054,0.1194,55,339,55,258368,347242,23602,84354,3.2165141353884916,0.19544666771703167
1055,0.1195,57,312,57,258680,346930,23659,84297,3.2136240690651747,0.1954817300400949
1056,0.1196,26,341,26,259021,346589,23685,84271,3.2104653747823186,0.1955878939794829
1057,0.1197,56,389,56,259410,346200,23741,84215,3.20686205491126,0.195660002555673
1058,0.1198,37,355,37,259765,345845,23778,84178,3.2035736781651782,0.19575232022473216
1059,0.1199,87,578,87,260343,345267,23865,84091,3.198219645040572,0.19585287801787785
1060,0.12,40,299,40,260642,344968,23905,84051,3.195449998147393,0.19591440006153574
1061,0.1201,49,364,49,261006,344604,23954,84002,3.1920782541035235,0.19598885689887682
1062,0.1202,77,591,77,261597,344013,24031,83925,3.186603801548779,0.19611485775976895
1063,0.1203,57,462,57,262059,343551,24088,83868,3.1823242802623293,0.1962196345974325
1064,0.1204,86,700,86,262759,342851,24174,83782,3.175840157101041,0.19637955807450433
1065,0.1205,36,322,36,263081,342529,24210,83746,3.1728574604468487,0.1964600316696968
1066,0.1206,29,217,29,263298,342312,24239,83717,3.1708473822668495,0.19650540221440324
1067,0.1207,92,491,92,263789,341821,24331,83625,3.1662992330208604,0.1965584351480564
1068,0.1208,65,436,65,264225,341385,24396,83560,3.1622605505946866,0.19663721187447789
1069,0.1209,40,341,40,264566,341044,24436,83520,3.159101856311831,0.1967194580793473
1070,0.121,71,445,71,265011,340599,24507,83449,3.154979806587869,0.1967914009734747
1071,0.1211,52,280,52,265291,340319,24559,83397,3.152386157323354,0.19682287192364697
1072,0.1212,44,403,44,265694,339916,24603,83353,3.1486531549890695,0.19692677706139594
1073,0.1213,53,337,53,266031,339579,24656,83300,3.1455315128385637,0.19698306134851815
1074,0.1214,38,386,38,266417,339193,24694,83262,3.1419559820667677,0.19709081440626813
1075,0.1215,42,356,42,266773,338837,24736,83220,3.1386583422875987,0.19717715853545847
1076,0.1216,60,423,60,267196,338414,24796,83160,3.1347400792915634,0.19726074188635923
1077,0.1217,64,375,64,267571,338039,24860,83096,3.1312664418837306,0.19731440037042752
1078,0.1218,63,381,63,267952,337658,24923,83033,3.127737226277372,0.19737289364402852
1079,0.1219,69,422,69,268374,337236,24992,82964,3.1238282263144246,0.1974393146120895
1080,0.122,26,250,26,268624,336986,25018,82938,3.121512468042536,0.19750716796372678
1081,0.1221,42,310,42,268934,336676,25060,82896,3.118640927785394,0.19757276462681017
1082,0.1222,53,310,53,269244,336366,25113,82843,3.1157693875282524,0.1976174175649855
1083,0.1223,39,311,39,269555,336055,25152,82804,3.1128885842380227,0.19768943725692895
1084,0.1224,53,372,53,269927,335683,25205,82751,3.1094427359294525,0.1977635660582075
1085,0.1225,49,392,49,270319,335291,25254,82702,3.1058116269591314,0.19785498800219142
1086,0.1226,57,428,57,270747,334863,25311,82645,3.101847048797658,0.19794830278701248
1087,0.1227,46,341,46,271088,334522,25357,82599,3.0986883545148025,0.19802167716322122
1088,0.1228,55,400,55,271488,334122,25412,82544,3.094983141279781,0.19810591696946714
1089,0.1229,43,225,43,271713,333897,25455,82501,3.092898958835081,0.1981301543235078
1090,0.123,58,446,58,272159,333451,25513,82443,3.088767646078032,0.1982307991940254
1091,0.1231,40,325,40,272484,333126,25553,82403,3.085757160324577,0.19830866197064465
1092,0.1232,43,279,43,272763,332847,25596,82360,3.083172774093149,0.19835889086648348
1093,0.1233,61,409,61,273172,332438,25657,82299,3.0793841935603394,0.19843659957997478
1094,0.1234,52,359,52,273531,332079,25709,82247,3.0760587646819073,0.19850793819359636
1095,0.1235,54,474,54,274005,331605,25763,82193,3.0716680869984065,0.19863073286966104
1096,0.1236,21,288,21,274293,331317,25784,82172,3.0690003334691913,0.19872838213350294
1097,0.1237,55,372,55,274665,330945,25839,82117,3.065554485160621,0.19880066430705318
1098,0.1238,58,356,58,275021,330589,25897,82059,3.0622568453814516,0.1988595606909521
1099,0.1239,89,461,89,275482,330128,25986,81970,3.0579865871280894,0.19890899737441095
1100,0.124,54,483,54,275965,329645,26040,81916,3.0535125421468003,0.19903732375030675
1101,0.1241,58,305,58,276270,329340,26098,81858,3.0506873170550963,0.19907197992208134
1102,0.1242,65,383,65,276653,328957,26163,81793,3.0471395753825634,0.19913085818624468
1103,0.1243,50,416,50,277069,328541,26213,81743,3.0432861536181406,0.19923516393522536
1104,0.1244,60,424,60,277493,328117,26273,81683,3.0393586275890176,0.1993240605173255
1105,0.1245,48,367,48,277860,327750,26321,81635,3.0359590944458854,0.19940886940166347
1106,0.1246,59,361,59,278221,327389,26380,81576,3.0326151395012784,0.19946939224628024
1107,0.1247,40,315,40,278536,327074,26420,81536,3.029697284078699,0.19954479821835003
1108,0.1248,45,358,45,278894,326716,26465,81491,3.0263811182333544,0.1996315594784019
1109,0.1249,62,338,62,279232,326378,26527,81429,3.023250213049761,0.19967533661756665
1110,0.125,33,226,33,279458,326152,26560,81396,3.021156767571974,0.19972125982706332
1111,0.1251,59,406,59,279864,325746,26619,81337,3.0173959761384266,0.19980446248062433
1112,0.1252,44,320,44,280184,325426,26663,81293,3.0144318055504096,0.19987509804066197
1113,0.1253,45,307,45,280491,325119,26708,81248,3.01158805439253,0.19993749492453866
1114,0.1254,59,354,59,280845,324765,26767,81189,3.008308940679536,0.1999955660000887
1115,0.1255,69,521,69,281366,324244,26836,81120,3.0034829004409205,0.20011643855892483
1116,0.1256,51,364,51,281730,323880,26887,81069,3.000111156397051,0.20019558018417133
1117,0.1257,66,380,66,282110,323500,26953,81003,2.99659120382378,0.20025315016205072
1118,0.1258,79,461,79,282571,323039,27032,80924,2.9923209455704174,0.20032527731500163
1119,0.1259,47,288,47,282859,322751,27079,80877,2.989653192041202,0.20037509786238814
1120,0.126,37,307,37,283166,322444,27116,80840,2.986809440883323,0.20045427043969014
1121,0.1261,62,402,62,283568,322042,27178,80778,2.983085701582126,0.20053125465468447
1122,0.1262,55,438,55,284006,321604,27233,80723,2.9790284930897775,0.20064027519902963
1123,0.1263,38,323,38,284329,321281,27271,80685,2.9760365334024974,0.2007259320440037
1124,0.1264,47,402,47,284731,320879,27318,80638,2.9723127941013003,0.20083333955971977
1125,0.1265,39,330,39,285061,320549,27357,80599,2.969255993182408,0.20092085714000818
1126,0.1266,44,303,44,285364,320246,27401,80555,2.9664492941568787,0.20098502748246636
1127,0.1267,76,553,76,285917,319693,27477,80479,2.9613268368594614,0.201111022260428
1128,0.1268,53,445,53,286362,319248,27530,80426,2.9572047871355,0.20122900163633362
1129,0.1269,73,507,73,286869,318741,27603,80353,2.9525084293601096,0.20133853177446917
1130,0.127,50,409,50,287278,318332,27653,80303,2.9487198488273,0.20144493082644524
1131,0.1271,65,368,65,287646,317964,27718,80238,2.94531105265108,0.20150074585260747
1132,0.1272,58,313,58,287959,317651,27776,80180,2.9424117232946756,0.2015428661919257
1133,0.1273,45,268,45,288227,317383,27821,80135,2.939929230427211,0.20158835574741268
1134,0.1274,43,316,43,288543,317067,27864,80092,2.937002111971544,0.20166230653214456
1135,0.1275,39,274,39,288817,316793,27903,80053,2.9344640409055542,0.20172308653734697
1136,0.1276,54,383,54,289200,316410,27957,79999,2.930916299233021,0.20180924247431314
1137,0.1277,57,349,57,289549,316061,28014,79942,2.9276835006854642,0.201872208038828
1138,0.1278,53,360,53,289909,315701,28067,79889,2.924348808773945,0.20194898758815946
1139,0.1279,41,303,41,290212,315398,28108,79848,2.921542109748416,0.20202101982056744
1140,0.128,51,379,51,290591,315019,28159,79797,2.918031420208233,0.20211186983303614
1141,0.1281,44,367,44,290958,314652,28203,79753,2.9146318870651005,0.2022109253178839
1142,0.1282,62,447,62,291405,314205,28265,79691,2.910491311274964,0.20231482421755997
1143,0.1283,61,437,61,291842,313768,28326,79630,2.9064433658157025,0.20241587400037622
1144,0.1284,92,620,92,292462,313148,28418,79538,2.900700285301419,0.20254860117243803
1145,0.1285,102,624,102,293086,312524,28520,79436,2.894920152654785,0.20266353709562202
1146,0.1286,31,264,31,293350,312260,28551,79405,2.8924747119196708,0.20273703292354436
1147,0.1287,94,493,94,293843,311767,28645,79311,2.8879080366075067,0.20280097576442552
1148,0.1288,52,328,52,294171,311439,28697,79259,2.884869761754789,0.20286512856477382
1149,0.1289,41,311,41,294482,311128,28738,79218,2.8819889584645595,0.20294303002976846
1150,0.129,57,343,57,294825,310785,28795,79161,2.8788117381155285,0.20300503146589527
1151,0.1291,42,304,42,295129,310481,28837,79119,2.875995776056912,0.2030775154004107
1152,0.1292,47,273,47,295402,310208,28884,79072,2.87346696802401,0.20312371557747635
1153,0.1293,57,350,57,295752,309858,28941,79015,2.870224906443366,0.20318973032326748
1154,0.1294,50,320,50,296072,309538,28991,78965,2.8672607358553486,0.2032545437229571
1155,0.1295,53,358,53,296430,309180,29044,78912,2.863944570010004,0.2033332302649887
1156,0.1296,50,306,50,296736,308874,29094,78862,2.8611100818852124,0.20339096704974519
1157,0.1297,60,428,60,297164,308446,29154,78802,2.857145503723739,0.2034923356608685
1158,0.1298,61,376,61,297540,308070,29215,78741,2.8536626032828187,0.20356453151539125
1159,0.1299,49,305,49,297845,307765,29264,78692,2.8508373781911147,0.20362420657408198
1160,0.13,39,319,39,298164,307446,29303,78653,2.847882470636185,0.20371200132608477
1161,0.1301,54,383,54,298547,307063,29357,78599,2.844334728963652,0.20380281178856097
1162,0.1302,76,423,76,298970,306640,29433,78523,2.8404164659676163,0.20386953056238527
1163,0.1303,31,305,31,299275,306335,29464,78492,2.8375912408759123,0.20396697736905156
1164,0.1304,62,386,62,299661,305949,29526,78430,2.8340157101041163,0.20404340507676016
1165,0.1305,52,295,52,299956,305654,29578,78378,2.831283115343288,0.2040923673027248
1166,0.1306,47,485,47,300441,305169,29625,78331,2.8267905442958243,0.2042529335071708
1167,0.1307,53,306,53,300747,304863,29678,78278,2.8239560561710326,0.20430598656891327
1168,0.1308,37,279,37,301026,304584,29715,78241,2.821371669939605,0.2043779794945471
1169,0.1309,46,426,46,301452,304158,29761,78195,2.817425617844307,0.2045099685369279
1170,0.131,50,264,50,301716,303894,29811,78145,2.8149801771091925,0.20454717973819428
1171,0.1311,61,391,61,302107,303503,29872,78084,2.811358331171959,0.20462961264403662
1172,0.1312,49,340,49,302447,303163,29921,78035,2.8082088999221906,0.2047098882995189
1173,0.1313,37,299,37,302746,302864,29958,77998,2.8054392530290118,0.20479333721925527
1174,0.1314,55,302,55,303048,302562,30013,77943,2.8026418170365703,0.2048409350731265
1175,0.1315,51,290,51,303338,302272,30064,77892,2.7999555374411798,0.204890520933071
1176,0.1316,42,286,42,303624,301986,30106,77850,2.7973063099781394,0.20495687612548574
1177,0.1317,41,288,41,303912,301698,30147,77809,2.794638556448924,0.20502652124993742
1178,0.1318,54,378,54,304290,301320,30201,77755,2.791137129941828,0.2051177207676581
1179,0.1319,53,320,53,304610,301000,30254,77702,2.788172959353811,0.20517979836388506
1180,0.132,52,393,52,305003,300607,30306,77650,2.784532587350402,0.20528370922415184
1181,0.1321,57,357,57,305360,300250,30363,77593,2.7812256845381453,0.20535778087724266
1182,0.1322,37,293,37,305653,299957,30400,77556,2.7785116158434917,0.2054392828856225
1183,0.1323,49,274,49,305927,299683,30449,77507,2.775973544777502,0.2054852991860866
1184,0.1324,69,385,69,306312,299298,30518,77438,2.7724072770387935,0.20554977490868936
1185,0.1325,54,432,54,306744,298866,30572,77384,2.76840564674497,0.2056717607973422
1186,0.1326,88,564,88,307308,298302,30660,77296,2.7631812960835895,0.2057944930484188
1187,0.1327,48,326,48,307634,297976,30708,77248,2.760161547297047,0.20587169264226168
1188,0.1328,40,255,40,307889,297721,30748,77208,2.7577994738597207,0.20592698884322097
1189,0.1329,47,306,47,308195,297415,30795,77161,2.754964985734929,0.20599557900132417
1190,0.133,73,449,73,308644,296966,30868,77088,2.750805883878617,0.20608789105316344
1191,0.1331,69,433,69,309077,296533,30937,77019,2.7467949905517064,0.20618013020944875
1192,0.1332,62,339,62,309416,296194,30999,76957,2.7436548223350252,0.20623554539583172
1193,0.1333,62,393,62,309809,295801,31061,76895,2.7400144503316164,0.20632096936913732
1194,0.1334,70,455,70,310264,295346,31131,76825,2.7357997702767793,0.2064239287854239
1195,0.1335,89,525,89,310789,294821,31220,76736,2.7309366779058135,0.20652551290919025
1196,0.1336,49,336,49,311125,294485,31269,76687,2.7278242987883954,0.20660771825460972
1197,0.1337,49,248,49,311373,294237,31318,76638,2.7255270665826816,0.20664105156723964
1198,0.1338,76,504,76,311877,293733,31394,76562,2.7208584979065544,0.2067594755532751
1199,0.1339,60,392,60,312269,293341,31454,76502,2.7172273889362333,0.2068499336204822
1200,0.134,48,415,48,312684,292926,31502,76454,2.713383230204898,0.2069792625480535
1201,0.1341,30,184,30,312868,292742,31532,76424,2.7116788321167884,0.20701798107084618
1202,0.1342,44,209,44,313077,292533,31576,76380,2.7097428582014893,0.20704068438900228
1203,0.1343,34,218,34,313295,292315,31610,76346,2.707723516988403,0.2070899823957511
1204,0.1344,46,304,46,313599,292011,31656,76300,2.704907554929786,0.20716188221367268
1205,0.1345,42,346,42,313945,291665,31698,76258,2.7017025454814925,0.20726619428521728
1206,0.1346,36,303,36,314248,291362,31734,76222,2.6988958464559634,0.20735940628536606
1207,0.1347,60,386,60,314634,290976,31794,76162,2.6953203156841674,0.20744788063344027
1208,0.1348,41,257,41,314891,290719,31835,76121,2.6929397161806663,0.20750463417293644
1209,0.1349,50,389,50,315280,290330,31885,76071,2.6893363963096077,0.207616791438888
1210,0.135,37,230,37,315510,290100,31922,76034,2.68720589869947,0.2076671382608553
1211,0.1351,87,521,87,316031,289579,32009,75947,2.6823798584608545,0.20777454955324656
1212,0.1352,75,532,75,316563,289047,32084,75872,2.6774519248582758,0.20791463311036149
1213,0.1353,66,454,66,317017,288593,32150,75806,2.673246507836526,0.20803020864491945
1214,0.1354,64,338,64,317355,288255,32214,75742,2.6701156026529325,0.2080841325615321
1215,0.1355,52,280,52,317635,287975,32266,75690,2.6675219533884174,0.20813110967511309
1216,0.1356,39,313,39,317948,287662,32305,75651,2.664622624032013,0.20822541444979947
1217,0.1357,99,579,99,318527,287083,32404,75552,2.6592593278743193,0.20834172101424298
1218,0.1358,42,342,42,318869,286741,32446,75510,2.6560913705583755,0.20844662954691637
1219,0.1359,50,327,50,319196,286414,32496,75460,2.6530623587387456,0.20852561941449232
1220,0.136,70,382,70,319578,286032,32566,75390,2.6495238800992995,0.20859272540133142
1221,0.1361,51,273,51,319851,285759,32617,75339,2.6469950720663973,0.20863865211106125
1222,0.1362,36,277,36,320128,285482,32653,75303,2.6444292119011448,0.20871987471762962
1223,0.1363,27,251,27,320379,285231,32680,75276,2.642104190596169,0.20880593164626485
1224,0.1364,62,378,62,320757,284853,32742,75214,2.6386027640890735,0.20888890123227066
1225,0.1365,53,315,53,321072,284538,32795,75161,2.635684908666494,0.20895526537466047
1226,0.1366,73,491,73,321563,284047,32868,75088,2.631136759420505,0.20908015091817841
1227,0.1367,42,289,42,321852,283758,32910,75046,2.6284597428582015,0.20915597373496395
1228,0.1368,43,255,43,322107,283503,32953,75003,2.6260976694208753,0.20920988770062426
1229,0.1369,75,479,75,322586,283024,33028,74928,2.6216606765719366,0.2093241551939925
1230,0.137,73,383,73,322969,282641,33101,74855,2.6181129348994037,0.2093869581757558
1231,0.1371,40,234,40,323203,282407,33141,74815,2.6159453851569157,0.20943558907346133
1232,0.1372,38,263,38,323466,282144,33179,74777,2.613509207454889,0.2095057449687746
1233,0.1373,52,331,52,323797,281813,33231,74725,2.6104431435029087,0.2095849530765304
1234,0.1374,64,403,64,324200,281410,33295,74661,2.6067101411686244,0.20968009189178563
1235,0.1375,90,428,90,324628,280982,33385,74571,2.602745563007151,0.2097324449519481
1236,0.1376,72,370,72,324998,280612,33457,74499,2.599318240764756,0.2097907414864648
1237,0.1377,71,424,71,325422,280188,33528,74428,2.595390714735633,0.20988336679676045
1238,0.1378,54,283,54,325705,279905,33582,74374,2.5927692763718553,0.20993059142653106
1239,0.1379,69,392,69,326097,279513,33651,74305,2.589138167401534,0.2100091007241011
1240,0.138,58,436,58,326533,279077,33709,74247,2.5850994849753604,0.2101385696980675
1241,0.1381,64,392,64,326925,278685,33773,74183,2.581468376005039,0.2102287540950157
1242,0.1382,78,482,78,327407,278203,33851,74105,2.577003594056838,0.21034151935238485
1243,0.1383,49,262,49,327669,277941,33900,74056,2.574576679387899,0.21038815671724476
1244,0.1384,44,223,44,327892,277718,33944,74012,2.5725110230093744,0.21042276746367952
1245,0.1385,34,254,34,328146,277464,33978,73978,2.5701582126051354,0.21049846062792724
1246,0.1386,79,402,79,328548,277062,34057,73899,2.566434473303939,0.2105618573003838
1247,0.1387,47,279,47,328827,276783,34104,73852,2.563850087072511,0.21062358292811614
1248,0.1388,46,286,46,329113,276497,34150,73806,2.5612008596094706,0.21069188673805248
1249,0.1389,52,315,52,329428,276182,34202,73754,2.558283004186891,0.21076425403502355
1250,0.139,74,383,74,329811,275799,34276,73680,2.554735262514358,0.21082811842771668
1251,0.1391,49,289,49,330100,275510,34325,73631,2.5520582459520544,0.2108918746294477
1252,0.1392,38,219,38,330319,275291,34363,73593,2.5500296417058803,0.2109383061418695
1253,0.1393,47,237,47,330556,275054,34410,73546,2.5478343028641297,0.21097532989099255
1254,0.1394,55,340,55,330896,274714,34465,73491,2.5446848716143613,0.21105670510187963
1255,0.1395,55,332,55,331228,274382,34520,73436,2.5416095446292934,0.2111334088517558
1256,0.1396,30,203,30,331431,274179,34550,73406,2.53972914891252,0.2111886301192514
1257,0.1397,69,397,69,331828,273782,34619,73337,2.536051724776761,0.2112733673466448
1258,0.1398,40,280,40,332108,273502,34659,73297,2.5334580755122458,0.21135297391284288
1259,0.1399,70,463,70,332571,273039,34729,73227,2.529169291192708,0.2114761483945868
1260,0.14,64,295,64,332866,272744,34793,73163,2.5264366964318796,0.21151060834270483
1261,0.1401,77,474,77,333340,272270,34870,73086,2.522046018748379,0.21162510568804363
1262,0.1402,37,338,37,333678,271932,34907,73049,2.518915113564786,0.21174789336224314
1263,0.1403,48,364,48,334042,271568,34955,73001,2.5155433695209157,0.21186177514518137
1264,0.1404,48,303,48,334345,271265,35003,72953,2.512736670495387,0.21193836464101237
1265,0.1405,48,271,48,334616,270994,35051,72905,2.5102263885286598,0.21199538236517118
1266,0.1406,80,522,80,335138,270472,35131,72825,2.5053910852569565,0.21213409962801888
1267,0.1407,45,291,45,335429,270181,35176,72780,2.5026955426284783,0.21221071783672196
1268,0.1408,65,301,65,335730,269880,35241,72715,2.4999073696691245,0.21224769771888088
1269,0.1409,37,296,37,336026,269584,35278,72678,2.4971655118752083,0.2123460974341294
1270,0.141,43,305,43,336331,269279,35321,72635,2.4943402867835043,0.21243646063045094
1271,0.1411,60,355,60,336686,268924,35381,72575,2.4910519100374224,0.21251892392071425
1272,0.1412,27,213,27,336899,268711,35408,72548,2.4890788839897735,0.21258926504502446
1273,0.1413,52,356,52,337255,268355,35460,72496,2.4857812442106044,0.21269117590970835
1274,0.1414,76,383,76,337638,267972,35536,72420,2.482233502538071,0.21275470633857435
1275,0.1415,32,243,32,337881,267729,35568,72388,2.4799825854977953,0.2128326428846544
1276,0.1416,70,384,70,338265,267345,35638,72318,2.4764255807921747,0.21291103240564913
1277,0.1417,50,254,50,338519,267091,35688,72268,2.4740727703879357,0.21295442289728578
1278,0.1418,69,363,69,338882,266728,35757,72199,2.4707102893771538,0.21302227323287906
1279,0.1419,45,239,45,339121,266489,35802,72154,2.4684964244692282,0.21306803920352702
1280,0.142,63,501,63,339622,265988,35865,72091,2.4638556448923636,0.21323714279798509
1281,0.1421,69,315,69,339937,265673,35934,72022,2.460937789469784,0.2132752927937932
1282,0.1422,48,309,48,340246,265364,35982,71974,2.45807551224573,0.21335870847636496
1283,0.1423,45,288,45,340534,265076,36027,71929,2.455407758716514,0.21343600243319832
1284,0.1424,56,352,56,340886,264724,36083,71873,2.452147171069695,0.21352834398405215
1285,0.1425,60,293,60,341179,264431,36143,71813,2.4494331023750417,0.2135740712101926
1286,0.1426,43,301,43,341480,264130,36186,71770,2.446644929415688,0.21366478118487645
1287,0.1427,61,368,61,341848,263762,36247,71709,2.443236133239468,0.21375618160735205
1288,0.1428,63,404,63,342252,263358,36310,71646,2.439493867872096,0.21386610309130638
1289,0.1429,60,297,60,342549,263061,36370,71586,2.4367427470450926,0.21391496113815453
1290,0.143,27,216,27,342765,262845,36397,71559,2.4347419318981807,0.2139896651953924
1291,0.1431,52,289,52,343054,262556,36449,71507,2.4320649153358778,0.21405243921056807
1292,0.1432,68,368,68,343422,262188,36517,71439,2.428656119159658,0.21412835292107654
1293,0.1433,75,333,75,343755,261855,36592,71364,2.4255715291415023,0.21416545875235204
1294,0.1434,52,245,52,344000,261610,36644,71312,2.423302086035051,0.21420032319882734
1295,0.1435,63,459,63,344459,261151,36707,71249,2.419050353847864,0.21434717208182913
1296,0.1436,48,257,48,344716,260894,36755,71201,2.4166697543443627,0.21439949412065826
1297,0.1437,35,241,35,344957,260653,36790,71166,2.414437363370262,0.21447234787640249
1298,0.1438,84,583,84,345540,260070,36874,71082,2.409037015080218,0.21465067401072618
1299,0.1439,49,229,49,345769,259841,36923,71033,2.406915780503168,0.21468293066242738
1300,0.144,58,327,58,346096,259514,36981,70975,2.4038867686835377,0.21475752596909428
1301,0.1441,79,442,79,346538,259072,37060,70896,2.3997925080588387,0.214857198273772
1302,0.1442,33,167,33,346705,258905,37093,70863,2.3982455815332173,0.2148874360156231
1303,0.1443,58,316,58,347021,258589,37151,70805,2.39531846307755,0.21495534223452764
1304,0.1444,41,241,41,347262,258348,37192,70764,2.3930860721034497,0.21501494931816525
1305,0.1445,62,394,62,347656,257954,37254,70702,2.389436437066953,0.2151246287911981
1306,0.1446,60,285,60,347941,257669,37314,70642,2.386796472637,0.21516793528087697
1307,0.1447,68,451,68,348392,257218,37382,70574,2.3826188447145134,0.2153011665934495
1308,0.1448,43,339,43,348731,256879,37425,70531,2.3794786764978326,0.2154210317339116
1309,0.1449,38,247,38,348978,256632,37463,70493,2.3771907073252065,0.2154925487199083
1310,0.145,39,295,39,349273,256337,37502,70454,2.374458112564378,0.21559345269606567
1311,0.1451,74,392,74,349665,255945,37576,70380,2.370827003594057,0.21567455757297174
1312,0.1452,48,263,48,349928,255682,37624,70332,2.36839082589203,0.21573306667811812
1313,0.1453,51,332,51,350260,255350,37675,70281,2.3653154989069622,0.2158301881577614
1314,0.1454,55,289,55,350549,255061,37730,70226,2.362638482344659,0.21588935309434437
1315,0.1455,26,227,26,350776,254834,37756,70200,2.360535773833784,0.2159774054406616
1316,0.1456,40,292,40,351068,254542,37796,70160,2.3578309681722183,0.21607504727411597
1317,0.1457,92,452,92,351520,254090,37888,70068,2.353644077216644,0.21615385089986983
1318,0.1458,64,335,64,351855,253755,37952,70004,2.3505409611323134,0.21622256060835374
1319,0.1459,52,351,52,352206,253404,38004,69952,2.347289636518582,0.21633122626455054
1320,0.146,51,314,51,352520,253090,38055,69901,2.3443810441290895,0.21641779492307836
1321,0.1461,37,251,37,352771,252839,38092,69864,2.3420560228241136,0.21649628295987333
1322,0.1462,46,334,46,353105,252505,38138,69818,2.3389621697728704,0.21660880545291525
1323,0.1463,48,255,48,353360,252250,38186,69770,2.336600096335544,0.21666356126948635
1324,0.1464,70,370,70,353730,251880,38256,69700,2.333172774093149,0.2167423347223086
1325,0.1465,71,389,71,354119,251491,38327,69629,2.3295694542220904,0.21683171400099652
1326,0.1466,59,368,59,354487,251123,38386,69570,2.3261606580458705,0.21693644700695058
1327,0.1467,61,316,61,354803,250807,38447,69509,2.3232335395902033,0.21700133618052173
1328,0.1468,44,219,44,355022,250588,38491,69465,2.321204935344029,0.21704217738936987
1329,0.1469,83,386,83,355408,250202,38574,69382,2.317629404572233,0.21710098127565836
1330,0.147,46,327,46,355735,249875,38620,69336,2.314600392752603,0.21721055978647352
1331,0.1471,69,365,69,356100,249510,38689,69267,2.3112193856756456,0.21728982956737783
1332,0.1472,68,314,68,356414,249196,38757,69199,2.3083107932861537,0.21733695566827368
1333,0.1473,79,425,79,356839,248771,38836,69120,2.304374004223943,0.21743301949410332
1334,0.1474,30,202,30,357041,248569,38866,69090,2.3025028715402573,0.2174973792651869
1335,0.1475,40,207,40,357248,248362,38906,69050,2.3005854236911336,0.21754060968079342
1336,0.1476,42,311,42,357559,248051,38948,69008,2.297704620400904,0.2176503426806998
1337,0.1477,56,321,56,357880,247730,39004,68952,2.2947311867797993,0.21773261505232377
1338,0.1478,41,261,41,358141,247469,39045,68911,2.2923135351439474,0.2178108603577976
1339,0.1479,47,248,47,358389,247221,39092,68864,2.290016302938234,0.2178654475853014
1340,0.148,46,275,46,358664,246946,39138,68818,2.2874689688391565,0.21794124726061237
1341,0.1481,58,336,58,359000,246610,39196,68760,2.2843565897217384,0.21802961600659543
1342,0.1482,73,291,73,359291,246319,39269,68687,2.28166104709326,0.21804981492416017
1343,0.1483,56,338,56,359629,245981,39325,68631,2.278530141909667,0.2181448895782742
1344,0.1484,59,358,59,359987,245623,39384,68572,2.2752139760643226,0.2182466302773755
1345,0.1485,76,395,76,360382,245228,39460,68496,2.2715550779947384,0.2183320370771761
1346,0.1486,44,244,44,360626,244984,39504,68452,2.2692948979213754,0.21839227146849755
1347,0.1487,68,294,68,360920,244690,39572,68384,2.2665715661936345,0.21842759219864952
1348,0.1488,54,263,54,361183,244427,39626,68330,2.264135388491608,0.2184763250702622
1349,0.1489,24,219,24,361402,244208,39650,68306,2.262106784245433,0.21856940809051756
1350,0.149,71,344,71,361746,243864,39721,68235,2.2589203008633145,0.2186325492872454
1351,0.1491,74,318,74,362064,243546,39795,68161,2.2559746563414724,0.21867009723875305
1352,0.1492,49,295,49,362359,243251,39844,68112,2.253242061580644,0.21875431570225107
1353,0.1493,52,290,52,362649,242961,39896,68060,2.2505557819852533,0.218827667585147
1354,0.1494,32,186,32,362835,242775,39928,68028,2.248832857830968,0.21887819615640774
1355,0.1495,42,305,42,363140,242470,39970,67986,2.246007632739264,0.21898755379184168
1356,0.1496,51,264,51,363404,242206,40021,67935,2.2435621920041497,0.21904553090368575
1357,0.1497,72,397,72,363801,241809,40093,67863,2.2398847678683906,0.21914477253351933
1358,0.1498,32,220,32,364021,241589,40125,67831,2.237846900589129,0.21921983065089523
1359,0.1499,36,197,36,364218,241392,40161,67795,2.2360220830708806,0.21926859796821987
1360,0.15,57,321,57,364539,241071,40218,67738,2.233048649449776,0.21935241524696494
1361,0.1501,61,300,61,364839,240771,40279,67677,2.2302697395235094,0.21941137566137567
1362,0.1502,44,261,44,365100,240510,40323,67633,2.227852087887658,0.21948575823562436
1363,0.1503,33,224,33,365324,240286,40356,67600,2.225777168476046,0.21956178585580377
1364,0.1504,39,260,39,365584,240026,40395,67561,2.2233687798732817,0.21964842467334444
1365,0.1505,54,372,54,365956,239654,40449,67507,2.2199229315647115,0.21977725036707135
1366,0.1506,56,270,56,366226,239384,40505,67451,2.217421912631072,0.21982824645167598
1367,0.1507,42,232,42,366458,239152,40547,67409,2.2152728889547593,0.21988772218253463
1368,0.1508,83,352,83,366810,238800,40630,67326,2.2120123013079405,0.21992904882303366
1369,0.1509,59,376,59,367186,238424,40689,67267,2.20852940086702,0.22004900373252728
1370,0.151,66,371,66,367557,238053,40755,67201,2.2050928155915375,0.22014781133089165
1371,0.1511,62,346,62,367903,237707,40817,67139,2.2018878061432434,0.22023907153119937
1372,0.1512,50,321,50,368224,237386,40867,67089,2.1989143725221387,0.22034321372854915
1373,0.1513,58,271,58,368495,237115,40925,67031,2.1964040905554114,0.22039086491356125
1374,0.1514,34,257,34,368752,236858,40959,66997,2.19402349105191,0.22049003636602985
1375,0.1515,46,277,46,369029,236581,41005,66951,2.1914576308866573,0.22057311914394528
1376,0.1516,68,317,68,369346,236264,41073,66883,2.188521249397903,0.22062893579682463
1377,0.1517,58,258,58,369604,236006,41131,66825,2.1861313868613137,0.22066763310229137
1378,0.1518,58,305,58,369909,235701,41189,66767,2.1833061617696097,0.2207407064548977
1379,0.1519,69,263,69,370172,235438,41258,66698,2.180869984067583,0.22075489183678873
1380,0.152,55,221,55,370393,235217,41313,66643,2.1788228537552334,0.22077453123964752
1381,0.1521,63,300,63,370693,234917,41376,66580,2.1760439438289674,0.22083138472356276
1382,0.1522,29,179,29,370872,234738,41405,66551,2.174385860906295,0.22088758633737043
1383,0.1523,59,250,59,371122,234488,41464,66492,2.1720701026344065,0.22091833344408265
1384,0.1524,36,285,36,371407,234203,41500,66456,2.169430138204454,0.22103446096740825
1385,0.1525,29,234,29,371641,233969,41529,66427,2.167262588461966,0.2211314398327541
1386,0.1526,49,296,49,371937,233673,41578,66378,2.16452073066805,0.22122239219332712
1387,0.1527,50,320,50,372257,233353,41628,66328,2.1615565600800326,0.22132867949586393
1388,0.1528,48,277,48,372534,233076,41676,66280,2.15899069991478,0.22140862384585577
1389,0.1529,55,242,55,372776,232834,41731,66225,2.156749045907592,0.22144459788871093
1390,0.153,42,298,42,373074,232536,41773,66183,2.153988662047501,0.22155604430920028
1391,0.1531,63,297,63,373371,232239,41836,66120,2.1512375412204974,0.2216122188370386
1392,0.1532,50,318,50,373689,231921,41886,66070,2.148291896698655,0.2217181055803699
1393,0.1533,61,384,61,374073,231537,41947,66009,2.1447348919930342,0.22184468956060577
1394,0.1534,56,306,56,374379,231231,42003,65953,2.1419004038682425,0.22192648325616454
1395,0.1535,90,478,90,374857,230753,42093,65863,2.1374726740523915,0.2220480351700515
1396,0.1536,25,221,25,375078,230532,42118,65838,2.1354255437400425,0.22214799068731653
1397,0.1537,43,252,43,375330,230280,42161,65795,2.1330912594019784,0.22222409862365955
1398,0.1538,70,405,70,375735,229875,42231,65725,2.129339731001519,0.22234438430311232
1399,0.1539,61,333,61,376068,229542,42292,65664,2.1262551409833637,0.22243450336375276
1400,0.154,70,287,70,376355,229255,42362,65594,2.1235966504872357,0.22246641501243009
1401,0.1541,50,362,50,376717,228893,42412,65544,2.120243432509541,0.22260789235048584
1402,0.1542,56,353,56,377070,228540,42468,65488,2.1169735818296345,0.2227270872161835
1403,0.1543,50,280,50,377350,228260,42518,65438,2.114379932565119,0.22280710117195215
1404,0.1544,61,292,61,377642,227968,42579,65377,2.1116751269035534,0.22286727232439618
1405,0.1545,59,293,59,377935,227675,42638,65318,2.1089610582089,0.22293365370503732
1406,0.1546,56,286,56,378221,227389,42694,65262,2.1063118307458595,0.223002825891591
1407,0.1547,48,331,48,378552,227058,42742,65214,2.103245766793879,0.22312777139103301
1408,0.1548,36,225,36,378777,226833,42778,65178,2.101161584349179,0.22320392040025888
1409,0.1549,52,199,52,378976,226634,42830,65126,2.099318240764756,0.2232177131889224
1410,0.155,54,300,54,379276,226334,42884,65072,2.09653933083849,0.22330356959019376
1411,0.1551,32,210,32,379486,226124,42916,65040,2.0945940938901035,0.2233792639199901
1412,0.1552,48,232,48,379718,225892,42964,64992,2.092445070213791,0.2234292707746043
1413,0.1553,54,306,54,380024,225586,43018,64938,2.089610582088999,0.223520259944101
1414,0.1554,51,216,51,380240,225370,43069,64887,2.0876097669420877,0.2235501641648608
1415,0.1555,34,203,34,380443,225167,43103,64853,2.085729371225314,0.22361561271636438
1416,0.1556,69,275,69,380718,224892,43172,64784,2.0831820371262366,0.22364296662478078
1417,0.1557,37,282,37,381000,224610,43209,64747,2.080569861795546,0.22376165083270838
1418,0.1558,44,257,44,381257,224353,43253,64703,2.078189262292045,0.22384243883538138
1419,0.1559,41,184,41,381441,224169,43294,64662,2.076484864203935,0.2238748610779314
1420,0.156,59,319,59,381760,223850,43353,64603,2.073529956649005,0.22396369599206803
1421,0.1561,68,321,68,382081,223529,43421,64535,2.0705565230279004,0.22403007664963343
1422,0.1562,48,270,48,382351,223259,43469,64487,2.0680555040942608,0.2241108477615675
1423,0.1563,53,321,53,382672,222938,43522,64434,2.0650820704731556,0.22421808666119178
1424,0.1564,60,279,60,382951,222659,43582,64374,2.062497684241728,0.22427386398079663
1425,0.1565,51,307,51,383258,222352,43633,64323,2.059653933083849,0.22437603558036104
1426,0.1566,51,316,51,383574,222036,43684,64272,2.0567268146281816,0.22448551909132822
1427,0.1567,50,252,50,383826,221784,43734,64222,2.054392530290118,0.22454773676076725
1428,0.1568,53,289,53,384115,221495,43787,64169,2.051715513727815,0.22463103506217094
1429,0.1569,36,202,36,384317,221293,43823,64133,2.049844381044129,0.22469221444437437
1430,0.157,45,210,45,384527,221083,43868,64088,2.0478991440957426,0.22473533423805367
1431,0.1571,39,227,39,384754,220856,43907,64049,2.045796435584868,0.22480826942314105
1432,0.1572,34,210,34,384964,220646,43941,64015,2.0438511986364816,0.22488152574465767
1433,0.1573,40,225,40,385189,220421,43981,63975,2.041767016191782,0.22495042124361805
1434,0.1574,41,227,41,385416,220194,44022,63934,2.039664307680907,0.22501830161054173
1435,0.1575,43,280,43,385696,219914,44065,63891,2.037070658416392,0.22512288367012562
1436,0.1576,55,272,55,385968,219642,44120,63836,2.034551113416577,0.22518855078700992
1437,0.1577,51,300,51,386268,219342,44171,63785,2.031772203490311,0.22528759178743107
1438,0.1578,67,366,67,386634,218976,44238,63718,2.028381933380266,0.2253956574953837
1439,0.1579,74,351,74,386985,218625,44312,63644,2.0251306087665344,0.22547286453701965
1440,0.158,41,267,41,387252,218358,44353,63603,2.0226573789321574,0.2255737495611095
1441,0.1581,44,195,44,387447,218163,44397,63559,2.0208510874800845,0.2256089336296065
1442,0.1582,66,360,66,387807,217803,44463,63493,2.017516395568565,0.22571597178772537
1443,0.1583,32,205,32,388012,217598,44495,63461,2.0156174737856163,0.22579244927221687
1444,0.1584,58,276,58,388288,217322,44553,63403,2.0130608766534515,0.2258544839255499
1445,0.1585,41,235,41,388523,217087,44594,63362,2.010884063877876,0.22593056134983544
1446,0.1586,61,264,61,388787,216823,44655,63301,2.008438623142762,0.22597492539018435
1447,0.1587,67,304,67,389091,216519,44722,63234,2.0056226610841454,0.2260351095430612
1448,0.1588,54,257,54,389348,216262,44776,63180,2.003242061580644,0.2260934290478883
1449,0.1589,39,252,39,389600,216010,44815,63141,2.0009077772425803,0.22618941003256302
1450,0.159,52,243,52,389843,215767,44867,63089,1.9986568602023047,0.2262422182058123
1451,0.1591,65,335,65,390178,215432,44932,63024,1.995553744117974,0.22633378343436664
1452,0.1592,35,206,35,390384,215226,44967,62989,1.9936455593019378,0.2264040400409755
1453,0.1593,30,182,30,390566,215044,44997,62959,1.991959687280003,0.22646877911389446
1454,0.1594,49,266,49,390832,214778,45046,62910,1.9894957204787136,0.22654922070813288
1455,0.1595,57,226,57,391058,214552,45103,62853,1.9874022750009264,0.2265748634667724
1456,0.1596,52,239,52,391297,214313,45155,62801,1.9851884100930008,0.22662514344277085
1457,0.1597,42,200,42,391497,214113,45197,62759,1.98333580347549,0.2266715305267416
1458,0.1598,28,150,28,391647,213963,45225,62731,1.981946348512357,0.22671615575328702
1459,0.1599,35,186,35,391833,213777,45260,62696,1.9802234243580719,0.22677078774419202
1460,0.16,61,280,61,392113,213497,45321,62635,1.9776297750935565,0.22682992192139992
1461,0.1601,31,184,31,392297,213313,45352,62604,1.9759253770054466,0.226894319668596
1462,0.1602,43,239,43,392536,213074,45395,62561,1.9737115120975213,0.2269704500516988
1463,0.1603,50,247,50,392783,212827,45445,62511,1.9714235429248954,0.22703368223783132
1464,0.1604,60,328,60,393111,212499,45505,62451,1.9683852680721776,0.22713584288052374
1465,0.1605,54,282,54,393393,212217,45559,62397,1.9657730927414874,0.2272171120190522
1466,0.1606,41,219,41,393612,211998,45600,62356,1.9637444884953128,0.2272829993366235
1467,0.1607,56,256,56,393868,211742,45656,62300,1.961373152024899,0.22733741543267091
1468,0.1608,42,209,42,394077,211533,45698,62258,1.9594371781096003,0.22739242707028354
1469,0.1609,49,238,49,394315,211295,45747,62209,1.9572325762347622,0.2274518837018837
1470,0.161,43,253,43,394568,211042,45790,62166,1.9548890288636112,0.22754092120289304
1471,0.1611,52,225,52,394793,210817,45842,62114,1.9528048464189114,0.22758133007976375
1472,0.1612,43,263,43,395056,210554,45885,62071,1.9503686687168846,0.22767904630903255
1473,0.1613,53,286,53,395342,210268,45938,62018,1.947719441253844,0.22776786173361832
1474,0.1614,43,202,43,395544,210066,45981,61975,1.9458483085701581,0.2278149249561647
1475,0.1615,50,251,50,395795,209815,46031,61925,1.9435232872651822,0.22788327077353351
1476,0.1616,63,297,63,396092,209518,46094,61862,1.9407721664381785,0.2279534232441595
1477,0.1617,47,211,47,396303,209307,46141,61815,1.9388176664567045,0.22799699028481643
1478,0.1618,37,137,37,396440,209170,46178,61778,1.9375486309237098,0.22800685002288262
1479,0.1619,34,173,34,396613,208997,46212,61744,1.9359461261995627,0.22805559556919713
1480,0.162,60,317,60,396930,208680,46272,61684,1.933009744710808,0.22815167699841696
1481,0.1621,57,322,57,397252,208358,46329,61627,1.9300270480566157,0.22826082930533179
1482,0.1622,25,188,25,397440,208170,46354,61602,1.9282855978361555,0.22834838307904454
1483,0.1623,31,222,31,397662,207948,46385,61571,1.9262292044907185,0.228447716116489
1484,0.1624,32,150,32,397812,207798,46417,61539,1.9248397495275853,0.2284832755989708
1485,0.1625,57,308,57,398120,207490,46474,61482,1.9219867353366187,0.22858141367874724
1486,0.1626,42,229,42,398349,207261,46516,61440,1.9198655007595686,0.22865564326146906
1487,0.1627,57,266,57,398615,206995,46573,61383,1.9174015339582793,0.2287184493512881
1488,0.1628,59,308,59,398923,206687,46632,61324,1.9145485197673127,0.22881150400543263
1489,0.1629,42,208,42,399131,206479,46674,61282,1.9126218088851012,0.22886828178861
1490,0.163,44,263,44,399394,206216,46718,61238,1.9101856311830745,0.22896647647819812
1491,0.1631,56,242,56,399636,205974,46774,61182,1.9079439771758864,0.22901226249831558
1492,0.1632,42,189,42,399825,205785,46816,61140,1.9061932639223387,0.22905310480472044
1493,0.1633,59,288,59,400113,205497,46875,61081,1.9035255103931232,0.22912993570362145
1494,0.1634,51,264,51,400377,205233,46926,61030,1.9010800696580088,0.2292094658288985
1495,0.1635,57,272,57,400649,204961,46983,60973,1.898560524658194,0.22927869320959335
1496,0.1636,41,231,41,400880,204730,47024,60932,1.896420764014969,0.22935911044861515
1497,0.1637,44,301,44,401181,204429,47068,60888,1.8936325910556153,0.22949151392485215
1498,0.1638,70,326,70,401507,204103,47138,60818,1.8906128422690727,0.2295703247383182
1499,0.1639,57,222,57,401729,203881,47195,60761,1.8885564489236355,0.2295969649564317
1500,0.164,57,281,57,402010,203600,47252,60704,1.885953536626033,0.2296749197893335
1501,0.1641,22,156,22,402166,203444,47274,60682,1.8845085034643745,0.2297464089108986
1502,0.1642,45,243,45,402409,203201,47319,60637,1.8822575864240987,0.22982663604181353
1503,0.1643,73,354,73,402763,202847,47392,60564,1.8789784727111045,0.22992206096176698
1504,0.1644,41,225,41,402988,202622,47433,60523,1.8768942902664048,0.22999866993482682
1505,0.1645,53,302,53,403290,202320,47486,60470,1.8740968542739636,0.23010769055139085
1506,0.1646,72,334,72,403624,201986,47558,60398,1.8710030012227203,0.23018934081346423
1507,0.1647,75,347,75,403971,201639,47633,60323,1.867788728741339,0.23027385651354013
1508,0.1648,54,316,54,404287,201323,47687,60269,1.8648616102856719,0.2303931312884186
1509,0.1649,40,251,40,404538,201072,47727,60229,1.8625365889806957,0.23049663032288434
1510,0.165,40,168,40,404706,200904,47767,60189,1.8609803994219867,0.23052705357860992
1511,0.1651,102,490,102,405196,200414,47869,60087,1.8564415132090852,0.23065938326532337
1512,0.1652,47,222,47,405418,200192,47916,60040,1.854385119863648,0.23071720618525007
1513,0.1653,53,261,53,405679,199931,47969,59987,1.8519674682277965,0.23079201902138366
1514,0.1654,36,211,36,405890,199720,48005,59951,1.8500129682463227,0.23087291226205467
1515,0.1655,32,180,32,406070,199540,48037,59919,1.8483456222905628,0.2309382214531005
1516,0.1656,34,187,34,406257,199353,48071,59885,1.8466134351031902,0.2310039423232705
1517,0.1657,35,141,35,406398,199212,48106,59850,1.845307347437845,0.23102577761308105
1518,0.1658,34,182,34,406580,199030,48140,59816,1.8436214754159101,0.23108721015584557
1519,0.1659,44,226,44,406806,198804,48184,59772,1.841528029938123,0.23115834416187117
1520,0.166,66,377,66,407183,198427,48250,59706,1.838035866464115,0.23129936892997022
1521,0.1661,26,151,26,407334,198276,48276,59680,1.8366371484678943,0.2313572857386531
1522,0.1662,35,213,35,407547,198063,48311,59645,1.8346641224202453,0.2314441150449346
1523,0.1663,42,189,42,407736,197874,48353,59603,1.8329134091666976,0.23148863782007714
1524,0.1664,45,212,45,407948,197662,48398,59558,1.830949646152136,0.2315449809501594
1525,0.1665,35,160,35,408108,197502,48433,59523,1.8294675608581275,0.2315844762182667
1526,0.1666,55,337,55,408445,197165,48488,59468,1.8263459187076216,0.23172390144681315
1527,0.1667,60,275,60,408720,196890,48548,59408,1.8237985846085443,0.23179267883479387
1528,0.1668,40,186,40,408906,196704,48588,59368,1.8220756604542592,0.2318410447061764
1529,0.1669,39,175,39,409081,196529,48627,59329,1.8204546296639372,0.2318825285900773
1530,0.167,49,274,49,409355,196255,48676,59280,1.8179165585979473,0.23198387696401668
1531,0.1671,58,274,58,409629,195981,48734,59222,1.8153784875319574,0.23205840056739144
1532,0.1672,30,209,30,409838,195772,48764,59192,1.8134425136166585,0.23215826548061688
1533,0.1673,44,281,44,410119,195491,48808,59148,1.810839601319056,0.23228177930324892
1534,0.1674,37,146,37,410265,195345,48845,59111,1.809487198488273,0.2323034237746408
1535,0.1675,51,275,51,410540,195070,48896,59060,1.8069398643891956,0.23240073977885334
1536,0.1676,37,174,37,410714,194896,48933,59023,1.8053280966319611,0.23244814291171595
1537,0.1677,60,382,60,411096,194514,48993,58963,1.8017896179925155,0.23261676601821862
1538,0.1678,91,426,91,411522,194088,49084,58872,1.7978435658972174,0.2327324478178368
1539,0.1679,52,301,52,411823,193787,49136,58820,1.7950553929378636,0.2328518212084384
1540,0.168,64,325,64,412148,193462,49200,58756,1.7920449071844085,0.23295720368887232
1541,0.1681,45,201,45,412349,193261,49245,58711,1.7901830375338101,0.23300604829107996
1542,0.1682,45,248,45,412597,193013,49290,58666,1.7878858053280966,0.23309851040412588
1543,0.1683,64,322,64,412919,192691,49354,58602,1.7849031086739042,0.23320187987727473
1544,0.1684,62,299,62,413218,192392,49416,58540,1.7821334617807254,0.23329029378477037
1545,0.1685,70,278,70,413496,192114,49486,58470,1.7795583385823854,0.23333492960444402
1546,0.1686,45,179,45,413675,191935,49531,58425,1.7779002556597132,0.23336395590349895
1547,0.1687,40,243,40,413918,191692,49571,58385,1.7756493386194376,0.23346809182771705
1548,0.1688,33,197,33,414115,191495,49604,58352,1.7738245211011894,0.2335509331711007
1549,0.1689,64,331,64,414446,191164,49668,58288,1.770758457149209,0.2336641919086638
1550,0.169,39,191,39,414637,190973,49707,58249,1.7689892178294861,0.2337233470560384
1551,0.1691,47,247,47,414884,190726,49754,58202,1.7667012486568603,0.23381057976603675
1552,0.1692,70,296,70,415180,190430,49824,58132,1.763959390862944,0.23387323886998013
1553,0.1693,73,342,73,415522,190088,49897,58059,1.7607914335470007,0.23397018702623848
1554,0.1694,45,253,45,415775,189835,49942,58014,1.7584478861758495,0.23406993774435242
1555,0.1695,42,246,42,416021,189589,49984,57972,1.756169180036311,0.2341725877662475
1556,0.1696,50,377,50,416398,189212,50034,57922,1.7526770165623031,0.23437487355038158
1557,0.1697,42,229,42,416627,188983,50076,57880,1.7505557819852533,0.23446202954675266
1558,0.1698,48,304,48,416931,188679,50124,57832,1.7477398199266367,0.2346021070053669
1559,0.1699,48,240,48,417171,188439,50172,57784,1.7455166919856238,0.23468156914666785
1560,0.17,23,114,23,417285,188325,50195,57761,1.7444607062136426,0.2347187568573588
1561,0.1701,27,136,27,417421,188189,50222,57734,1.7432009337137353,0.23476454012028156
1562,0.1702,50,200,50,417621,187989,50272,57684,1.7413483270962244,0.234799916962792
1563,0.1703,45,221,45,417842,187768,50317,57639,1.739301196783875,0.23487105094801697
1564,0.1704,55,245,55,418087,187523,50372,57584,1.7370317536774242,0.23493413080817765
1565,0.1705,41,172,41,418259,187351,50413,57543,1.735438511986365,0.23497104869862062
1566,0.1706,41,213,41,418472,187138,50454,57502,1.7334654859387157,0.2350474166121648
1567,0.1707,51,268,51,418740,186870,50505,57451,1.7309829930712513,0.23514556669299816
1568,0.1708,78,347,78,419087,186523,50583,57373,1.72776872058987,0.23523551021746975
1569,0.1709,39,168,39,419255,186355,50622,57334,1.726212531031161,0.23527528940575898
1570,0.171,48,171,48,419426,186184,50670,57286,1.724628552373189,0.2352897687600115
1571,0.1711,70,297,70,419723,185887,50740,57216,1.7218774315461856,0.23535702973636688
1572,0.1712,67,273,67,419996,185614,50807,57149,1.719348623513283,0.23541066801777866
1573,0.1713,49,308,49,420304,185306,50856,57100,1.7164956093223165,0.2355552255307212
1574,0.1714,67,233,67,420537,185073,50923,57033,1.7143373226129164,0.23557037000322173
1575,0.1715,54,248,54,420785,184825,50977,56979,1.7120400904072028,0.23564126317182513
1576,0.1716,76,294,76,421079,184531,51053,56903,1.709316758679462,0.23568759992378868
1577,0.1717,58,350,58,421429,184181,51111,56845,1.706074697098818,0.23584592533585588
1578,0.1718,45,219,45,421648,183962,51156,56800,1.7040460928526437,0.23591762819714074
1579,0.1719,44,176,44,421824,183786,51200,56756,1.7024157990292341,0.2359504785027147
1580,0.172,33,196,33,422020,183590,51233,56723,1.7006002445440735,0.2360380004410914
1581,0.1721,40,252,40,422272,183338,51273,56683,1.69826596020601,0.23615850279767187
1582,0.1722,48,276,48,422548,183062,51321,56635,1.695709363073845,0.23627746696871466
1583,0.1723,70,297,70,422845,182765,51391,56565,1.6929582422468412,0.23634730288722683
1584,0.1724,25,127,25,422972,182638,51416,56540,1.691781837044722,0.23639297928739264
1585,0.1725,42,195,42,423167,182443,51458,56498,1.6899755455926488,0.23645167635525088
1586,0.1726,57,265,57,423432,182178,51515,56441,1.687520841824447,0.23653187717658694
1587,0.1727,30,183,30,423615,181995,51545,56411,1.6858257067694247,0.23661736701257519
1588,0.1728,35,134,35,423749,181861,51580,56376,1.6845844603356923,0.23663830555287382
1589,0.1729,47,243,47,423992,181618,51627,56329,1.6823335432954167,0.2367291875921949
1590,0.173,65,251,65,424243,181367,51692,56264,1.6800085219904406,0.23677045503322378
1591,0.1731,70,291,70,424534,181076,51762,56194,1.6773129793619623,0.2368356724406794
1592,0.1732,73,323,73,424857,180753,51835,56121,1.6743210196746823,0.23692342764507712
1593,0.1733,33,218,33,425075,180535,51868,56088,1.6723016784615954,0.2370352839749306
1594,0.1734,43,203,43,425278,180332,51911,56045,1.670421282744822,0.23710005626604957
1595,0.1735,49,214,49,425492,180118,51960,55996,1.6684389936640853,0.23715662773067248
1596,0.1736,68,295,68,425787,179823,52028,55928,1.6657063989032568,0.2372333521384851
1597,0.1737,35,202,35,425989,179621,52063,55893,1.663835266219571,0.2373234712161485
1598,0.1738,38,193,38,426182,179428,52101,55855,1.662047500833673,0.2373949669121866
1599,0.1739,34,168,34,426350,179260,52135,55821,1.660491311274964,0.23745432425419324
1600,0.174,26,125,26,426475,179135,52161,55795,1.6593334321390196,0.23749627548631508
1601,0.1741,40,183,40,426658,178952,52201,55755,1.6576382970839971,0.2375515003813265
1602,0.1742,63,224,63,426882,178728,52264,55692,1.655563377672385,0.23757358587151267
1603,0.1743,38,192,38,427074,178536,52302,55654,1.6537848753195747,0.2376446475084333
1604,0.1744,51,286,51,427360,178250,52353,55603,1.6511356478565342,0.23776902584101978
1605,0.1745,43,223,43,427583,178027,52396,55560,1.6490699914780096,0.23785570258618843
1606,0.1746,22,170,22,427753,177857,52418,55538,1.6474952758531254,0.2379571113348615
1607,0.1747,44,266,44,428019,177591,52462,55494,1.645031309051836,0.23808481884291138
1608,0.1748,68,276,68,428295,177315,52530,55426,1.642474711919671,0.23814454694273893
1609,0.1749,45,255,45,428550,177060,52575,55381,1.6401126384823446,0.23825831071110518
1610,0.175,52,209,52,428759,176851,52627,55329,1.638176664567046,0.23830217934361272
1611,0.1751,33,173,33,428932,176678,52660,55296,1.636574159842899,0.23837154163828705
1612,0.1752,38,179,38,429111,176499,52698,55258,1.6349160769202267,0.23843077016012462
1613,0.1753,48,252,48,429363,176247,52746,55210,1.632581792582163,0.23853242718949957
1614,0.1754,44,205,44,429568,176042,52790,55166,1.6306828707992145,0.23859901041486453
1615,0.1755,56,178,56,429746,175864,52846,55110,1.62903405090963,0.23859828378951745
1616,0.1756,42,184,42,429930,175680,52888,55068,1.62732965282152,0.23864995579593323
1617,0.1757,32,133,32,430063,175547,52920,55036,1.626097669420875,0.23868194966671438
1618,0.1758,69,308,69,430371,175239,52989,54967,1.6232446552299085,0.2387730988766583
1619,0.1759,39,154,39,430525,175085,53028,54928,1.6218181481344252,0.23880389369296517
1620,0.176,51,303,51,430828,174782,53079,54877,1.6190114491088963,0.23894992140521382
1621,0.1761,33,221,33,431049,174561,53112,54844,1.6169643187965468,0.2390706392624398
1622,0.1762,50,258,50,431307,174303,53162,54794,1.6145744562599578,0.23917379974421316
1623,0.1763,39,226,39,431533,174077,53201,54755,1.6124810107821705,0.23928034540623688
1624,0.1764,30,171,30,431704,173906,53231,54725,1.6108970321241987,0.23935949193241512
1625,0.1765,40,184,40,431888,173722,53271,54685,1.6091926340360887,0.23941910712018458
1626,0.1766,53,205,53,432093,173517,53324,54632,1.60729371225314,0.23945754747993636
1627,0.1767,50,249,50,432342,173268,53374,54582,1.604987217014339,0.2395523370638578
1628,0.1768,46,243,46,432585,173025,53420,54536,1.6027362999740635,0.2396544223307157
1629,0.1769,40,237,40,432822,172788,53460,54496,1.6005409611323131,0.23977050738283381
1630,0.177,42,187,42,433009,172601,53502,54454,1.5988087739449406,0.23982735460571228
1631,0.1771,25,106,25,433115,172495,53527,54429,1.5978268924376597,0.23985563448555464
1632,0.1772,38,190,38,433305,172305,53565,54391,1.5960669161510246,0.23992924445071814
1633,0.1773,49,196,49,433501,172109,53614,54342,1.5942513616658638,0.23997244436986367
1634,0.1774,27,138,27,433639,171971,53641,54315,1.5929730630997814,0.24002810602511865
1635,0.1775,33,179,33,433818,171792,53674,54282,1.5913149801771092,0.24010722152923378
1636,0.1776,58,204,58,434022,171588,53732,54224,1.5894253214272482,0.24012895683134644
1637,0.1777,40,162,40,434184,171426,53772,54184,1.5879247100670644,0.24016665927928726
1638,0.1778,39,162,39,434346,171264,53811,54145,1.5864240987068805,0.24020780004347653
1639,0.1779,32,185,32,434531,171079,53843,54113,1.584710437585683,0.24029716863831752
1640,0.178,72,298,72,434829,170781,53915,54041,1.581950053725592,0.24037238348560194
1641,0.1781,40,239,40,435068,170542,53955,54001,1.5797361888176664,0.24049291227070094
1642,0.1782,35,159,35,435227,170383,53990,53966,1.5782633665567454,0.24054486536601455
1643,0.1783,64,300,64,435527,170083,54054,53902,1.575484456630479,0.24065004352970065
1644,0.1784,43,157,43,435684,169926,54097,53859,1.5740301604357332,0.24067296735706145
1645,0.1785,49,164,49,435848,169762,54146,53810,1.5725110230093742,0.24068309090583795
1646,0.1786,39,195,39,436043,169567,54185,53771,1.570704731557301,0.24076064082243057
1647,0.1787,19,139,19,436182,169428,54204,53752,1.5694171699581312,0.24084595393852495
1648,0.1788,70,299,70,436481,169129,54274,53682,1.5666475230649524,0.24093065423161333
1649,0.1789,35,139,35,436620,168990,54309,53647,1.5653599614657823,0.2409617449031383
1650,0.179,46,209,46,436829,168781,54355,53601,1.5634239875504836,0.24103119856822944
1651,0.1791,48,207,48,437036,168574,54403,53553,1.5615065397013599,0.2410918078396593
1652,0.1792,45,258,45,437294,168316,54448,53508,1.5591166771647709,0.24121826312752453
1653,0.1793,49,216,49,437510,168100,54497,53459,1.5571158620178591,0.2412856169237088
1654,0.1794,35,202,35,437712,167898,54532,53424,1.5552447293341731,0.2413858540949386
1655,0.1795,46,180,46,437892,167718,54578,53378,1.5535773833784134,0.24142453956652313
1656,0.1796,39,193,39,438085,167525,54617,53339,1.5517896179925155,0.24150155751955954
1657,0.1797,22,104,22,438189,167421,54639,53317,1.5508262625514098,0.24153974394984098
1658,0.1798,44,166,44,438355,167255,54683,53273,1.5492885990588758,0.24157023144453313
1659,0.1799,62,270,62,438625,166985,54745,53211,1.5467875801252362,0.24165289106069138
1660,0.18,58,227,58,438852,166758,54803,53153,1.5446848716143613,0.24170232503149
1661,0.1801,69,244,69,439096,166514,54872,53084,1.5424246915409983,0.24173262051566954
1662,0.1802,78,317,78,439413,166197,54950,53006,1.5394883100522434,0.24181238395459917
1663,0.1803,33,199,33,439612,165998,54983,52973,1.5376449664678202,0.24191787953655963
1664,0.1804,44,222,44,439834,165776,55027,52929,1.5355885731223833,0.24201092796232368
1665,0.1805,35,175,35,440009,165601,55062,52894,1.5339675423320611,0.24208334286825786
1666,0.1806,22,106,22,440115,165495,55084,52872,1.5329856608247805,0.24212449683331272
1667,0.1807,36,119,36,440234,165376,55120,52836,1.5318833598873616,0.24213150514178872
1668,0.1808,49,212,49,440446,165164,55169,52787,1.5299195968728,0.2421966405292933
1669,0.1809,49,182,49,440628,164982,55218,52738,1.528233724850865,0.2422285504317472
1670,0.181,15,110,15,440738,164872,55233,52723,1.5272147912112342,0.24229876605620534
1671,0.1811,47,256,47,440994,164616,55280,52676,1.5248434547408203,0.24242033761022036
1672,0.1812,47,229,47,441223,164387,55327,52629,1.5227222201637705,0.24251207284255538
1673,0.1813,36,136,36,441359,164251,55363,52593,1.521462447663863,0.24253841471288115
1674,0.1814,20,157,20,441516,164094,55383,52573,1.520008151469117,0.24264424208578142
1675,0.1815,56,264,56,441780,163830,55439,52517,1.5175627107340028,0.24274429504453493
1676,0.1816,45,178,45,441958,163652,55484,52472,1.515913890844418,0.24278654846291944
1677,0.1817,54,269,54,442227,163383,55538,52418,1.5134221349438661,0.242899708527764
1678,0.1818,50,191,50,442418,163192,55588,52368,1.511652895624143,0.2429393208387456
1679,0.1819,25,191,25,442609,163001,55613,52343,1.5098836563044202,0.24306690690244445
1680,0.182,16,167,16,442776,162834,55629,52327,1.5083367297787988,0.24319927867968638
1681,0.1821,46,199,46,442975,162635,55675,52281,1.5064933861943755,0.24326248394721658
1682,0.1822,53,204,53,443179,162431,55728,52228,1.5046037274445145,0.243306826175469
1683,0.1823,39,245,39,443424,162186,55767,52189,1.5023342843380636,0.2434472303206997
1684,0.1824,44,213,44,443637,161973,55811,52145,1.5003612582904147,0.2435339392297705
1685,0.1825,59,279,59,443916,161694,55870,52086,1.497776872058987,0.24364299747403872
1686,0.1826,47,246,47,444162,161448,55917,52039,1.4954981659194486,0.24375723111945927
1687,0.1827,53,215,53,444377,161233,55970,51986,1.4935066138056245,0.24381504462547895
1688,0.1828,53,240,53,444617,160993,56023,51933,1.4912834858646116,0.2439016371885068
1689,0.1829,21,139,21,444756,160854,56044,51912,1.4899959242654415,0.24398635120272977
1690,0.183,36,173,36,444929,160681,56080,51876,1.4883934195412947,0.24405688826996993
1691,0.1831,39,160,39,445089,160521,56119,51837,1.486911334247286,0.24410194106179187
1692,0.1832,37,203,37,445292,160318,56156,51800,1.4850309385305125,0.24420369794171168
1693,0.1833,48,230,48,445522,160088,56204,51752,1.482900440920375,0.24429758308157098
1694,0.1834,33,217,33,445739,159871,56237,51719,1.4808903627403758,0.24443026608062762
1695,0.1835,33,155,33,445894,159716,56270,51686,1.4794545926118048,0.24449153744997681
1696,0.1836,54,179,54,446073,159537,56324,51632,1.4777965096891326,0.24450558557364008
1697,0.1837,59,241,59,446314,159296,56383,51573,1.4755641187150321,0.24457364524894604
1698,0.1838,34,158,34,446472,159138,56417,51539,1.4741005594871985,0.2446351523896771
1699,0.1839,27,169,27,446641,158969,56444,51512,1.4725351068954018,0.24473467913968483
1700,0.184,42,231,42,446872,158738,56486,51470,1.4703953462521768,0.24485271730857056
1701,0.1841,53,212,53,447084,158526,56539,51417,1.4684315832376154,0.24490933253311614
1702,0.1842,40,168,40,447252,158358,56579,51377,1.4668753936789063,0.2449614990344959
1703,0.1843,47,163,47,447415,158195,56626,51330,1.465365519285635,0.24498269896193772
1704,0.1844,32,129,32,447544,158066,56658,51298,1.4641705880173403,0.2450182457347013
1705,0.1845,32,142,32,447686,157924,56690,51266,1.4628552373189077,0.2450690759596539
1706,0.1846,26,128,26,447814,157796,56716,51240,1.4616695690837007,0.2451252415851815
1707,0.1847,57,247,57,448061,157549,56773,51183,1.4593815999110749,0.24520916773661922
1708,0.1848,36,158,36,448219,157391,56809,51147,1.4579180406832413,0.24526465200586944
1709,0.1849,33,139,33,448358,157252,56842,51114,1.4566304790840714,0.24530873559025945
1710,0.185,53,239,53,448597,157013,56895,51061,1.4544166141761459,0.24539827176869766
1711,0.1851,40,198,40,448795,156815,56935,51021,1.4525825336248102,0.2454868261513886
1712,0.1852,33,188,33,448983,156627,56968,50988,1.45084108340435,0.24558919153240372
1713,0.1853,58,212,58,449195,156415,57026,50930,1.4488773203897884,0.2456292652342714
1714,0.1854,51,264,51,449459,156151,57077,50879,1.4464318796546742,0.24575665362507848
1715,0.1855,27,143,27,449602,156008,57104,50852,1.4451072659231539,0.24582809629701247
1716,0.1856,25,158,25,449760,155850,57129,50827,1.4436437066953203,0.24592480053416685
1717,0.1857,62,207,62,449967,155643,57191,50765,1.4417262588461965,0.245944924615325
1718,0.1858,39,219,39,450186,155424,57230,50726,1.4396976546000222,0.2460635459616784
1719,0.1859,66,238,66,450424,155186,57296,50660,1.4374930527251844,0.24610631248603324
1720,0.186,73,283,73,450707,154903,57369,50587,1.4348716143614064,0.246177429558616
1721,0.1861,61,229,61,450936,154674,57430,50526,1.4327503797843566,0.2462280701754386
1722,0.1862,40,224,40,451160,154450,57470,50486,1.4306754603727445,0.2463500800249834
1723,0.1863,77,369,77,451529,154081,57547,50409,1.427257401163437,0.24651083182551714
1724,0.1864,36,185,36,451714,153896,57583,50373,1.4255437400422395,0.2466012953507385
1725,0.1865,19,130,19,451844,153766,57602,50354,1.4243395457408574,0.24668822261414855
1726,0.1866,60,207,60,452051,153559,57662,50294,1.4224220978917337,0.24671699705179712
1727,0.1867,44,144,44,452195,153415,57706,50250,1.4210882211271259,0.24672869663417868
1728,0.1868,44,177,44,452372,153238,57750,50206,1.4194486642706288,0.24678044080926448
1729,0.1869,32,127,32,452499,153111,57782,50174,1.4182722590685093,0.24681604643726787
1730,0.187,35,152,35,452651,152959,57817,50139,1.4168642780392011,0.24687096869491576
1731,0.1871,66,336,66,452987,152623,57883,50073,1.413751898921783,0.24703496862296245
1732,0.1872,41,150,41,453137,152473,57924,50032,1.4123624439586497,0.24706550455544307
1733,0.1873,47,161,47,453298,152312,57971,49985,1.4108710956315536,0.2470872034681681
1734,0.1874,33,134,33,453432,152178,58004,49952,1.4096298491978214,0.24712808588532134
1735,0.1875,51,193,51,453625,151985,58055,49901,1.4078420838119234,0.24717414778637448
1736,0.1876,39,155,39,453780,151830,58094,49862,1.4064063136833524,0.24721853122582949
1737,0.1877,41,221,41,454001,151609,58135,49821,1.404359183371003,0.24733654371245595
1738,0.1878,29,169,29,454170,151440,58164,49792,1.4027937307792064,0.24743579549972172
1739,0.1879,36,106,36,454276,151334,58200,49756,1.4018118492719256,0.24743149833407926
1740,0.188,52,214,52,454490,151120,58252,49704,1.399829560191189,0.24750029876907143
1741,0.1881,34,173,34,454663,150947,58286,49670,1.3982270554670422,0.24758619658353978
1742,0.1882,33,125,33,454788,150822,58319,49637,1.3970691763310978,0.2476167196284527
1743,0.1883,38,161,38,454949,150661,58357,49599,1.3955778280040017,0.24767302506741237
1744,0.1884,31,94,31,455043,150567,58388,49568,1.3947071028937716,0.247672820845929
1745,0.1885,43,161,43,455204,150406,58431,49525,1.3932157545666752,0.2477104601087375
1746,0.1886,51,185,51,455389,150221,58482,49474,1.3915020934454778,0.24774781541851323
1747,0.1887,40,209,40,455598,150012,58522,49434,1.389566119530179,0.24785656267861977
1748,0.1888,37,150,37,455748,149862,58559,49397,1.388176664567046,0.24790348240230053
1749,0.1889,64,200,64,455948,149662,58623,49333,1.386324057949535,0.24791075152642025
1750,0.189,68,235,68,456183,149427,58691,49265,1.3841472451739598,0.24794657057153785
1751,0.1891,41,213,41,456396,149214,58732,49224,1.3821742191263107,0.24805732772956793
1752,0.1892,47,228,47,456624,148986,58779,49177,1.3800622475823483,0.2481643899214283
1753,0.1893,37,184,37,456808,148802,58816,49140,1.3783578494942383,0.248254539208455
1754,0.1894,55,218,55,457026,148584,58871,49085,1.3763385082811517,0.2483191598075571
1755,0.1895,31,163,31,457189,148421,58902,49054,1.3748286338878803,0.2484061273578934
1756,0.1896,67,284,67,457473,148137,58969,48987,1.372197932491015,0.24850855299202532
1757,0.1897,37,177,37,457650,147960,59006,48950,1.3705583756345177,0.24859072672794677
1758,0.1898,64,201,64,457851,147759,59070,48886,1.3686965059839193,0.24860026952121844
1759,0.1899,50,238,50,458089,147521,59120,48836,1.3664919041090815,0.24871025733740076
1760,0.19,31,171,31,458260,147350,59151,48805,1.3649079254511096,0.248808340343096
1761,0.1901,35,193,35,458453,147157,59186,48770,1.3631201600652119,0.24891924032930632
1762,0.1902,40,151,40,458604,147006,59226,48730,1.3617214420689912,0.24895777986675932
1763,0.1903,66,230,66,458834,146776,59292,48664,1.3595909444588536,0.24899713467048712
1764,0.1904,37,158,37,458992,146618,59329,48627,1.35812738523102,0.24905631386207072
1765,0.1905,59,268,59,459260,146350,59388,48568,1.3556448923635556,0.24917144645440648
1766,0.1906,47,221,47,459481,146129,59435,48521,1.353597762051206,0.24927305419984588
1767,0.1907,47,144,47,459625,145985,59482,48474,1.3522638852865982,0.2492761970389645
1768,0.1908,49,269,49,459894,145716,59531,48425,1.349772129386046,0.24943211377297944
1769,0.1909,35,149,35,460043,145567,59566,48390,1.3483919374560005,0.2494882886412968
1770,0.191,64,231,64,460274,145336,59630,48326,1.3462521768127755,0.2495378546126757
1771,0.1911,40,189,40,460463,145147,59670,48286,1.3445014635592278,0.24962648565653223
1772,0.1912,42,144,42,460607,145003,59712,48244,1.34316758679462,0.24964941241002447
1773,0.1913,21,138,21,460745,144865,59733,48223,1.3418892882285376,0.24974622969837587
1774,0.1914,53,162,53,460907,144703,59786,48170,1.3403886768683537,0.24974983538390547
1775,0.1915,53,201,53,461108,144502,59839,48117,1.3385268072177554,0.24980401725686457
1776,0.1916,41,207,41,461315,144295,59880,48076,1.3366093593686317,0.24991292866388384
1777,0.1917,41,158,41,461473,144137,59921,48035,1.335145800140798,0.24995837062631393
1778,0.1918,36,140,36,461613,143997,59957,47999,1.3338489755085405,0.25
1779,0.1919,37,134,37,461747,143863,59994,47962,1.3326077290748082,0.250029975237847
1780,0.192,40,176,40,461923,143687,60034,47922,1.3309774352513988,0.25010307449023794
1781,0.1921,28,130,28,462053,143557,60062,47894,1.3297732409500167,0.25016322714428235
1782,0.1922,35,155,35,462208,143402,60097,47859,1.3283374708214457,0.25022874501335873
1783,0.1923,66,269,66,462477,143133,60163,47793,1.3258457149208938,0.25032211432701673
1784,0.1924,44,195,44,462672,142938,60207,47749,1.3240394234688206,0.2504051141399256
1785,0.1925,53,226,53,462898,142712,60260,47696,1.3219459779910334,0.2504936767362716
1786,0.1926,25,104,25,463002,142608,60285,47671,1.3209826225499277,0.2505321133703667
1787,0.1927,44,244,44,463246,142364,60329,47627,1.3187224424765644,0.2506802953824129
1788,0.1928,49,206,49,463452,142158,60378,47578,1.3168142576605284,0.25075894927689
1789,0.1929,35,130,35,463582,142028,60413,47543,1.3156100633591463,0.25079257903371294
1790,0.193,32,138,32,463720,141890,60445,47511,1.314331764793064,0.25084872835940675
1791,0.1931,55,220,55,463940,141670,60500,47456,1.3122938975138019,0.2509226653130717
1792,0.1932,51,183,51,464123,141487,60551,47405,1.3105987624587796,0.25096351354212987
1793,0.1933,33,178,33,464301,141309,60584,47372,1.3089499425691948,0.251069265055835
1794,0.1934,47,194,47,464495,141115,60631,47325,1.3071529141502094,0.2511409467204415
1795,0.1935,45,226,45,464721,140889,60676,47280,1.3050594686724222,0.2512634918610398
1796,0.1936,36,211,36,464932,140678,60712,47244,1.3031049686909482,0.2514021774991752
1797,0.1937,71,257,71,465189,140421,60783,47173,1.3007243691874468,0.2514632664157702
1798,0.1938,19,151,19,465340,140270,60802,47154,1.2993256511912261,0.2515899778043367
1799,0.1939,35,154,35,465494,140116,60837,47119,1.2978991440957428,0.25165700857211526
1800,0.194,56,202,56,465696,139914,60893,47063,1.2960280114120568,0.25170475513031015
1801,0.1941,15,77,15,465773,139837,60908,47048,1.2953147578643152,0.2517484014233352
1802,0.1942,43,194,43,465967,139643,60951,47005,1.2935177294453295,0.25183768376837684
1803,0.1943,74,248,74,466215,139395,61025,46931,1.2912204972396162,0.2518757446625806
1804,0.1944,41,173,41,466388,139222,61066,46890,1.2896179925154692,0.2519450653370014
1805,0.1945,30,174,30,466562,139048,61096,46860,1.288006224758235,0.2520601587882178
1806,0.1946,45,173,45,466735,138875,61141,46815,1.2864037200340879,0.25211373795034736
1807,0.1947,48,173,48,466908,138702,61189,46767,1.284801215309941,0.2521553467156236
1808,0.1948,36,169,36,467077,138533,61225,46731,1.2832357627181443,0.2522400466361516
1809,0.1949,50,204,50,467281,138329,61275,46681,1.2813461039682834,0.2523160910221069
1810,0.195,61,213,61,467494,138116,61336,46620,1.2793730779206343,0.2523601247185172
1811,0.1951,33,155,33,467649,137961,61369,46587,1.2779373077920635,0.2524383900123545
1812,0.1952,47,142,47,467791,137819,61416,46540,1.2766219570936308,0.2524422458355708
1813,0.1953,56,219,56,468010,137600,61472,46484,1.2745933528474565,0.252515156124378
1814,0.1954,56,237,56,468247,137363,61528,46428,1.272398014005706,0.252613022400444
1815,0.1955,57,191,57,468438,137172,61585,46371,1.2706287746859832,0.25264379464212744
1816,0.1956,68,312,68,468750,136860,61653,46303,1.2677387083626663,0.2527966892876837
1817,0.1957,22,117,22,468867,136743,61675,46281,1.2666549334914223,0.2528684762654078
1818,0.1958,49,175,49,469042,136568,61724,46232,1.2650339027011004,0.25291028446389496
1819,0.1959,45,234,45,469276,136334,61769,46187,1.2628663529586128,0.2530503339341774
1820,0.196,49,200,49,469476,136134,61818,46138,1.261013746341102,0.2531271945224719
1821,0.1961,47,173,47,469649,135961,61865,46091,1.259411241616955,0.2531749170566651
1822,0.1962,40,181,40,469830,135780,61905,46051,1.2577346326281078,0.2532626449835287
1823,0.1963,43,121,43,469951,135659,61948,46008,1.2566138056245137,0.2532545811842547
1824,0.1964,54,268,54,470219,135391,62002,45954,1.2541313127570493,0.2534064903912432
1825,0.1965,37,165,37,470384,135226,62039,45917,1.2526029122976028,0.2534848158637099
1826,0.1966,53,178,53,470562,135048,62092,45864,1.250954092408018,0.2535155213584505
1827,0.1967,50,207,50,470769,134841,62142,45814,1.2490366445588943,0.2535994021754172
1828,0.1968,49,219,49,470988,134622,62191,45765,1.24700804031272,0.2537045352492142
1829,0.1969,34,175,34,471163,134447,62225,45731,1.245387009522398,0.2538101211024653
1830,0.197,29,127,29,471290,134320,62254,45702,1.2442106043202785,0.25386897157014143
1831,0.1971,40,177,40,471467,134143,62294,45662,1.2425710474637814,0.25395289341230776
1832,0.1972,55,265,55,471732,133878,62349,45607,1.2401163436955798,0.2540992283477728
1833,0.1973,50,196,50,471928,133682,62399,45557,1.238300789210419,0.2541690145559839
1834,0.1974,52,262,52,472190,133420,62451,45505,1.23587387454148,0.25432443761352524
1835,0.1975,41,170,41,472360,133250,62492,45464,1.2342991589165957,0.2543952907998254
1836,0.1976,40,138,40,472498,133112,62532,45424,1.2330208603505133,0.2544248778957745
1837,0.1977,46,182,46,472680,132930,62578,45378,1.2313349883285782,0.2544922269331718
1838,0.1978,42,161,42,472841,132769,62620,45336,1.229843640001482,0.25454647539372843
1839,0.1979,28,183,28,473024,132586,62648,45308,1.2281485049464598,0.25469099576152093
1840,0.198,28,107,28,473131,132479,62676,45280,1.2271573604060915,0.25472690552939653
1841,0.1981,50,213,50,473344,132266,62726,45230,1.2251843343584423,0.2548226438905665
1842,0.1982,63,192,63,473536,132074,62789,45167,1.223405832005632,0.25483381384668335
1843,0.1983,31,125,31,473661,131949,62820,45136,1.2222479528696877,0.2548832481576644
1844,0.1984,55,242,55,473903,131707,62875,45081,1.2200062988624996,0.2550003393895513
1845,0.1985,55,235,55,474138,131472,62930,45026,1.2178294860869243,0.25510770660290766
1846,0.1986,22,112,22,474250,131360,62952,45004,1.2167920263811183,0.2551767934499104
1847,0.1987,34,128,34,474378,131232,62986,44970,1.2156063581459113,0.2552184424694385
1848,0.1988,53,182,53,474560,131050,63039,44917,1.2139204861239765,0.25525808816425805
1849,0.1989,37,165,37,474725,130885,63076,44880,1.21239208566453,0.2553409381845077
1850,0.199,36,134,36,474859,130751,63112,44844,1.2111508392307977,0.2553831259432216
1851,0.1991,39,169,39,475028,130582,63151,44805,1.2095853866390012,0.2554636318541283
1852,0.1992,16,55,16,475083,130527,63167,44789,1.2090759198191856,0.2554758265075635
1853,0.1993,53,225,53,475308,130302,63220,44736,1.2069917373744858,0.2555787886059027
1854,0.1994,35,145,35,475453,130157,63255,44701,1.2056485975767905,0.2556417207105194
1855,0.1995,42,211,42,475664,129946,63297,44659,1.2036940975953165,0.2557715987514676
1856,0.1996,37,149,37,475813,129797,63334,44622,1.202313905665271,0.25583222011363443
1857,0.1997,20,79,20,475892,129718,63354,44602,1.2015821260513542,0.25586278109224414
1858,0.1998,48,195,48,476087,129523,63402,44554,1.1997758345992813,0.25594420859734485
1859,0.1999,41,155,41,476242,129368,63443,44513,1.1983400644707103,0.25599691743203684
1860,0.2,43,250,43,476492,129118,63486,44470,1.1960243061988218,0.25618130285503604
1861,0.2001,27,155,27,476647,128963,63513,44443,1.1945885360702508,0.25629447654637094
1862,0.2002,68,206,68,476853,128757,63581,44375,1.1926803512542148,0.25630732620197305
1863,0.2003,58,232,58,477085,128525,63639,44317,1.1905313275779021,0.25640180048830724
1864,0.2004,34,148,34,477233,128377,63673,44283,1.189160398680944,0.2564751534808294
1865,0.2005,36,165,36,477398,128212,63709,44247,1.1876319982214976,0.25656532857084874
1866,0.2006,38,121,38,477519,128091,63747,44209,1.1865111712179035,0.2565815438189205
1867,0.2007,70,241,70,477760,127850,63817,44139,1.184278780243803,0.256638505950962
1868,0.2008,23,80,23,477840,127770,63840,44116,1.1835377375967986,0.2566584829480004
1869,0.2009,49,170,49,478010,127600,63889,44067,1.1819630219719144,0.25670047242626715
1870,0.201,22,124,22,478134,127476,63911,44045,1.1808144058690577,0.25679071367354434
1871,0.2011,28,104,28,478238,127372,63939,44017,1.179851050427952,0.25682511713120443
1872,0.2012,47,194,47,478432,127178,63986,43970,1.1780540220089666,0.2569121462126347
1873,0.2013,68,272,68,478704,126906,64054,43902,1.1755344770091518,0.25702543206407197
1874,0.2014,66,279,66,478983,126627,64120,43836,1.1729500907777242,0.25715844494113094
1875,0.2015,79,272,79,479255,126355,64199,43757,1.1704305457779096,0.2572246519939804
1876,0.2016,39,127,39,479382,126228,64238,43718,1.1692541405757901,0.2572464194508844
1877,0.2017,34,122,34,479504,126106,64272,43684,1.1681240505391086,0.2572825254726427
1878,0.2018,42,160,42,479664,125946,64314,43642,1.1666419652450999,0.2573413213199047
1879,0.2019,56,242,56,479906,125704,64370,43586,1.1644003112379118,0.2574635241301908
1880,0.202,29,119,29,480025,125585,64399,43557,1.1632980103004928,0.25751735228387984
1881,0.2021,36,141,36,480166,125444,64435,43521,1.1619919226351476,0.25757405379812387
1882,0.2022,74,202,74,480368,125242,64509,43447,1.1601207899514616,0.2575568057194008
1883,0.2023,47,227,47,480595,125015,64556,43400,1.158018081440587,0.2576967609773476
1884,0.2024,46,213,46,480808,124802,64602,43354,1.1560450553929378,0.2578201194129261
1885,0.2025,30,143,30,480951,124659,64632,43324,1.1547204416614176,0.2579070501181667
1886,0.2026,48,194,48,481145,124465,64680,43276,1.1529234132424322,0.2579929772685271
1887,0.2027,39,164,39,481309,124301,64719,43237,1.1514042758160732,0.2580727954255154
1888,0.2028,69,230,69,481539,124071,64788,43168,1.1492737782059357,0.258121610389921
1889,0.2029,33,177,33,481716,123894,64821,43135,1.1476342213494386,0.25824856761400716
1890,0.203,43,175,43,481891,123719,64864,43092,1.1460131905591167,0.2583282877028493
1891,0.2031,45,158,45,482049,123561,64909,43047,1.144549631331283,0.25837294727744164
1892,0.2032,55,258,55,482307,123303,64964,42992,1.142159768794694,0.25852851859647014
1893,0.2033,55,238,55,482545,123065,65019,42937,1.1399551669198562,0.25865351019867233
1894,0.2034,25,120,25,482665,122945,65044,42912,1.1388436029493498,0.25872890502059004
1895,0.2035,35,129,35,482794,122816,65079,42877,1.1376486716810552,0.25877375628421234
1896,0.2036,39,174,39,482968,122642,65118,42838,1.1360369039238207,0.25887116267826926
1897,0.2037,51,193,51,483161,122449,65169,42787,1.1342491385379228,0.2589447820087632
1898,0.2038,40,207,40,483368,122242,65209,42747,1.1323316906887992,0.2590899999393899
1899,0.2039,35,140,35,483508,122102,65244,42712,1.1310348660565415,0.2591527418787239
1900,0.204,54,149,54,483657,121953,65298,42658,1.129654674126496,0.2591442856188226
1901,0.2041,31,162,31,483819,121791,65329,42627,1.1281540627663122,0.2592599350436084
1902,0.2042,16,82,16,483901,121709,65345,42611,1.1273944940531329,0.2593171859785784
1903,0.2043,27,120,27,484021,121589,65372,42584,1.1262829300826263,0.2593849171301006
1904,0.2044,30,153,30,484174,121436,65402,42554,1.1248656860202304,0.2594914324044149
1905,0.2045,62,217,62,484391,121219,65464,42492,1.1228556078402312,0.25955494743786306
1906,0.2046,45,166,45,484557,121053,65509,42447,1.1213179443476973,0.2596146788990826
1907,0.2047,14,62,14,484619,120991,65523,42433,1.1207436362962688,0.2596497454474251
1908,0.2048,45,213,45,484832,120778,65568,42388,1.11877061024862,0.25978451393059826
1909,0.2049,26,99,26,484931,120679,65594,42362,1.117853569972952,0.2598242159947498
1910,0.205,34,111,34,485042,120568,65628,42328,1.1168253733002333,0.25984677340143403
1911,0.2051,38,117,38,485159,120451,65666,42290,1.1157415984289896,0.25986076034926664
1912,0.2052,35,166,35,485325,120285,65701,42255,1.1142039349364556,0.2599667774086379
1913,0.2053,49,174,49,485499,120111,65750,42206,1.1125921671792212,0.2600220556072377
1914,0.2054,70,213,70,485712,119898,65820,42136,1.1106191411315722,0.2600441882567856
1915,0.2055,64,260,64,485972,119638,65884,42072,1.108210752528808,0.2601694391194113
1916,0.2056,46,142,46,486114,119496,65930,42026,1.1068954018303754,0.26018746672279935
1917,0.2057,22,91,22,486205,119405,65952,42004,1.106052465819408,0.2602333203229064
1918,0.2058,41,135,41,486340,119270,65993,41963,1.1048019563525882,0.2602630975048532
1919,0.2059,60,192,60,486532,119078,66053,41903,1.1030234539997776,0.2602977991191507
1920,0.206,34,176,34,486708,118902,66087,41869,1.1013931601763682,0.26042632066728455
1921,0.2061,69,211,69,486919,118691,66156,41800,1.0994386601948942,0.26045074178614375
1922,0.2062,52,203,52,487122,118488,66208,41748,1.0975582644781208,0.2605407024638658
1923,0.2063,45,174,45,487296,118314,66253,41703,1.0959464967208863,0.2606160595436735
1924,0.2064,40,137,40,487433,118177,66293,41663,1.0946774611878913,0.2606544044044044
1925,0.2065,22,92,22,487525,118085,66315,41641,1.0938252621438365,0.26070270337953744
1926,0.2066,69,249,69,487774,117836,66384,41572,1.0915187669050355,0.26078992271404194
1927,0.2067,36,147,36,487921,117689,66420,41536,1.0901571010411648,0.2608635578583765
1928,0.2068,40,180,40,488101,117509,66460,41496,1.0884897550854051,0.26097292537970507
1929,0.2069,38,135,38,488236,117374,66498,41458,1.0872392456185853,0.26101793089553743
1930,0.207,38,185,38,488421,117189,66536,41420,1.085525584497388,0.26114533223209274
1931,0.2071,34,179,34,488600,117010,66570,41386,1.0838675015747157,0.2612818505517816
1932,0.2072,24,103,24,488703,116907,66594,41362,1.0829134091666976,0.26133987072642145
1933,0.2073,30,88,30,488791,116819,66624,41332,1.0820982622549928,0.26134517012222497
1934,0.2074,45,220,45,489011,116599,66669,41287,1.0800603949757308,0.2614988029337623
1935,0.2075,53,198,53,489209,116401,66722,41234,1.078226314424395,0.26157896406254955
1936,0.2076,22,95,22,489304,116306,66744,41212,1.0773463262810774,0.2616335910816542
1937,0.2077,54,199,54,489503,116107,66798,41158,1.0755029826966542,0.2617111245350205
1938,0.2078,32,154,32,489657,115953,66830,41126,1.074076475601171,0.26181730212186227
1939,0.2079,23,120,23,489777,115833,66853,41103,1.0729649116306643,0.26190931335066525
1940,0.208,21,87,21,489864,115746,66874,41082,1.0721590277520472,0.2619557732037646
1941,0.2081,42,167,42,490031,115579,66916,41040,1.0706121012264256,0.26203717301221435
1942,0.2082,51,198,51,490229,115381,66967,40989,1.0687780206750899,0.2621282854767539
1943,0.2083,58,214,58,490443,115167,67025,40931,1.0667957315943533,0.26221348127458394
1944,0.2084,25,135,25,490578,115032,67050,40906,1.0655452221275334,0.26232220497890185
1945,0.2085,64,211,64,490789,114821,67114,40842,1.0635907221460594,0.26237448847831535
1946,0.2086,46,158,46,490947,114663,67160,40796,1.0621271629182258,0.2624228896364958
1947,0.2087,57,142,57,491089,114521,67217,40739,1.0608118122197931,0.2623921164498261
1948,0.2088,19,116,19,491205,114405,67236,40720,1.059737300381637,0.2624979854955681
1949,0.2089,59,219,59,491424,114186,67295,40661,1.0577086961354627,0.26258823225506467
1950,0.209,32,99,32,491523,114087,67327,40629,1.0567916558597947,0.2626037384627317
1951,0.2091,28,114,28,491637,113973,67355,40601,1.0557356700878135,0.26266383738533
1952,0.2092,29,102,29,491739,113871,67384,40572,1.054790840712883,0.26269885977350865
1953,0.2093,36,106,36,491845,113765,67420,40536,1.0538089592056024,0.2627073058502537
1954,0.2094,36,120,36,491965,113645,67456,40500,1.0526973952350958,0.26273962827208147
1955,0.2095,50,185,50,492150,113460,67506,40450,1.0509837341138983,0.26281593138847376
1956,0.2096,41,138,41,492288,113322,67547,40409,1.0497054355478157,0.26285524715249364
1957,0.2097,29,103,29,492391,113219,67576,40380,1.0487513431397977,0.26289233653864935
1958,0.2098,22,93,22,492484,113126,67598,40358,1.0478898810626551,0.2629459748247374
1959,0.2099,46,155,46,492639,112971,67644,40312,1.0464541109340844,0.26299067737452947
1960,0.21,29,121,29,492760,112850,67673,40283,1.0453332839304903,0.26305890957533645
1961,0.2101,30,122,30,492882,112728,67703,40253,1.0442031938938086,0.263124178819592
1962,0.2102,32,143,32,493025,112585,67735,40221,1.0428785801622884,0.2632161040796827
1963,0.2103,39,83,39,493108,112502,67774,40182,1.0421097484160213,0.26317099368630636
1964,0.2104,34,117,34,493225,112385,67808,40148,1.0410259735447775,0.2632086171516983
1965,0.2105,33,137,33,493362,112248,67841,40115,1.0397569380117826,0.2632857058472201
1966,0.2106,31,124,31,493486,112124,67872,40084,1.038608321908926,0.2633501524230001
1967,0.2107,30,100,30,493586,112024,67902,40054,1.0376820186001705,0.2633780033929957
1968,0.2108,22,148,22,493734,111876,67924,40032,1.0363110897032124,0.26352792479658743
1969,0.2109,44,177,44,493911,111699,67968,39988,1.0346715328467153,0.263621800154265
1970,0.211,35,164,35,494075,111535,68003,39953,1.0331523954203565,0.26373706168145333
1971,0.2111,37,180,37,494255,111355,68040,39916,1.0314850494645966,0.2638708014093911
1972,0.2112,48,156,48,494411,111199,68088,39868,1.0300400163029382,0.26390939119728335
1973,0.2113,42,137,42,494548,111062,68130,39826,1.0287709807699432,0.26394411749111923
1974,0.2114,37,129,37,494677,110933,68167,39789,1.0275760495016488,0.26398933135176017
1975,0.2115,75,273,75,494950,110660,68242,39714,1.0250472414687466,0.2641015069094391
1976,0.2116,63,214,63,495164,110446,68305,39651,1.02306495238801,0.26416917060301004
1977,0.2117,60,231,60,495395,110215,68365,39591,1.020925191744785,0.2642818044671108
1978,0.2118,22,80,22,495475,110135,68387,39569,1.0201841490977805,0.2643149147651365
1979,0.2119,59,172,59,495647,109963,68446,39510,1.0185909074067212,0.2643286747439337
1980,0.212,41,150,41,495797,109813,68487,39469,1.0172014524435882,0.26439222411275304
1981,0.2121,46,160,46,495957,109653,68533,39423,1.0157193671495794,0.26444900587619735
1982,0.2122,39,150,39,496107,109503,68572,39384,1.0143299121864464,0.2645227588708215
1983,0.2123,59,185,59,496292,109318,68631,39325,1.0126162510652488,0.2645600532820247
1984,0.2124,25,117,25,496409,109201,68656,39300,1.011532476194005,0.2646446825273904
1985,0.2125,31,136,31,496545,109065,68687,39269,1.0102727036940975,0.2647336416465544
1986,0.2126,28,105,28,496650,108960,68715,39241,1.0093000852199043,0.26478228891842837
1987,0.2127,28,93,28,496743,108867,68743,39213,1.0084386231427618,0.2648095623987034
1988,0.2128,29,130,29,496873,108737,68772,39184,1.00723442884138,0.2648981550963014
1989,0.2129,40,137,40,497010,108600,68812,39144,1.005965393308385,0.26494476933073424
1990,0.213,43,180,43,497190,108420,68855,39101,1.004298047352625,0.2650537889520814
1991,0.2131,44,142,44,497332,108278,68899,39057,1.0029826966541924,0.26508976142803814
1992,0.2132,21,128,21,497460,108150,68920,39036,1.0017970284189854,0.2652154416860299
1993,0.2133,63,240,63,497700,107910,68983,38973,0.9995739004779725,0.26533363289148504
1994,0.2134,48,173,48,497873,107737,69031,38925,0.9979713957538257,0.2654061720145641
1995,0.2135,36,155,36,498028,107582,69067,38889,0.9965356256252548,0.26550648251189657
1996,0.2136,37,117,37,498145,107465,69104,38852,0.9954518507540109,0.2655330549423512
1997,0.2137,50,158,50,498303,107307,69154,38802,0.9939882915261773,0.2655688561279593
1998,0.2138,25,109,25,498412,107198,69179,38777,0.992978620919634,0.2656413769481076
1999,0.2139,40,140,40,498552,107058,69219,38737,0.9916817962873763,0.26569498268116193
2000,0.214,33,144,33,498696,106914,69252,38704,0.9903479195227686,0.2657913170075128
2001,0.2141,18,76,18,498772,106838,69270,38686,0.9896439290081144,0.26583931172864955
2002,0.2142,47,201,47,498973,106637,69317,38639,0.9877820593575161,0.26596960268729863
2003,0.2143,44,158,44,499131,106479,69361,38595,0.9863185001296825,0.2660366433682121
2004,0.2144,30,119,30,499250,106360,69391,38565,0.9852161991922636,0.2661031568052441
2005,0.2145,45,197,45,499447,106163,69436,38520,0.9833913816740153,0.26623722206478995
2006,0.2146,36,140,36,499587,106023,69472,38484,0.9820945570417577,0.2663123585708651
2007,0.2147,42,129,42,499716,105894,69514,38442,0.9808996257734632,0.2663368806119056
2008,0.2148,38,129,38,499845,105765,69552,38404,0.9797046945051687,0.26638181578564046
2009,0.2149,41,179,41,500024,105586,69593,38363,0.9780466115824966,0.2665041090941931
2010,0.215,38,145,38,500169,105441,69631,38325,0.9767034717848012,0.2665790242477359
2011,0.2151,41,202,41,500371,105239,69672,38284,0.9748323391011152,0.2667447029395985
2012,0.2152,36,143,36,500514,105096,69708,38248,0.9735077253695951,0.26682665476057593
2013,0.2153,48,164,48,500678,104932,69756,38200,0.9719885879432362,0.26688651035407873
2014,0.2154,55,217,55,500895,104715,69811,38145,0.9699785097632369,0.26700965980680386
2015,0.2155,20,94,20,500989,104621,69831,38125,0.9691077846530067,0.2670827904109397
2016,0.2156,34,105,34,501094,104516,69865,38091,0.9681351661788136,0.26710470033027833
2017,0.2157,40,107,40,501201,104409,69905,38051,0.9671440216384453,0.26709953671205955
2018,0.2158,33,149,33,501350,104260,69938,38018,0.9657638297083997,0.26720926636584713
2019,0.2159,28,133,28,501483,104127,69966,37990,0.964531846307755,0.2673149588015508
2020,0.216,48,162,48,501645,103965,70014,37942,0.9630312349475713,0.2673722931215514
2021,0.2161,41,99,41,501744,103866,70055,37901,0.9621141946719034,0.26734712591787935
2022,0.2162,34,150,34,501894,103716,70089,37867,0.9607247397087703,0.26745442602572345
2023,0.2163,63,239,63,502133,103477,70152,37804,0.9585108748008447,0.2675802124843397
2024,0.2164,25,105,25,502238,103372,70177,37779,0.9575382563266516,0.2676495384375598
2025,0.2165,71,264,71,502502,103108,70248,37708,0.9550928155915372,0.2677820702192933
2026,0.2166,31,66,31,502568,103042,70279,37677,0.9544814554077587,0.2677463597666271
2027,0.2167,29,96,29,502664,102946,70308,37648,0.9535922042313535,0.2677781413147076
2028,0.2168,27,99,27,502763,102847,70335,37621,0.9526751639556856,0.267826124099439
2029,0.2169,42,115,42,502878,102732,70377,37579,0.9516099151506169,0.2678264711961286
2030,0.217,31,129,31,503007,102603,70408,37548,0.9504149838823224,0.26791103880814265
2031,0.2171,23,76,23,503083,102527,70431,37525,0.9497109933676683,0.26793619512752403
2032,0.2172,54,155,54,503238,102372,70485,37471,0.9482752232390974,0.26795048733222254
2033,0.2173,21,138,21,503376,102234,70506,37450,0.9469969246730149,0.2681051516279603
2034,0.2174,52,106,52,503482,102128,70558,37398,0.9460150431657341,0.26803606496280263
2035,0.2175,26,109,26,503591,102019,70584,37372,0.9450053725591908,0.26810913186647634
2036,0.2176,33,131,33,503722,101888,70617,37339,0.9437919152247212,0.26818792331947106
2037,0.2177,42,139,42,503861,101749,70659,37297,0.9425043536255512,0.26823497259899604
2038,0.2178,32,122,32,503983,101627,70691,37265,0.9413742635888696,0.2683019900354232
2039,0.2179,62,205,62,504188,101422,70753,37203,0.939475341805921,0.2683715058611362
2040,0.218,53,255,53,504443,101167,70806,37150,0.9371132683685947,0.2685859294229921
2041,0.2181,41,179,41,504622,100988,70847,37109,0.9354551854459224,0.26871691637037737
2042,0.2182,63,162,63,504784,100826,70910,37046,0.9339545740857387,0.26869850295926656
2043,0.2183,29,151,29,504935,100675,70939,37017,0.932555856089518,0.2688391482439067
2044,0.2184,29,77,29,505012,100598,70968,36988,0.9318426025417763,0.26883549198319595
2045,0.2185,33,129,33,505141,100469,71001,36955,0.9306476712734818,0.268912271510071
2046,0.2186,29,131,29,505272,100338,71030,36926,0.9294342139390122,0.2690144538990558
2047,0.2187,36,158,36,505430,100180,71066,36890,0.9279706547111787,0.2691325600058364
2048,0.2188,34,111,34,505541,100069,71100,36856,0.9269424580384601,0.26916925324082525
2049,0.2189,40,148,40,505689,99921,71140,36816,0.9255715291415021,0.26924680225542463
2050,0.219,37,80,37,505769,99841,71177,36779,0.9248304864944977,0.26920655833699314
2051,0.2191,33,133,33,505902,99708,71210,36746,0.923598503093853,0.26929221569173495
2052,0.2192,46,192,46,506094,99516,71256,36700,0.9218200007410426,0.26942503083338226
2053,0.2193,52,186,52,506280,99330,71308,36648,0.9200970765867575,0.26951418611834266
2054,0.2194,48,203,48,506483,99127,71356,36600,0.9182166808699841,0.26965894774068533
2055,0.2195,52,199,52,506682,98928,71408,36548,0.9163733372855608,0.26977472024565236
2056,0.2196,45,158,45,506840,98770,71453,36503,0.9149097780577272,0.2698469021903854
2057,0.2197,36,117,36,506957,98653,71489,36467,0.9138260031864834,0.26988602723505034
2058,0.2198,35,145,35,507102,98508,71524,36432,0.912482863388788,0.26998666073810584
2059,0.2199,36,149,36,507251,98359,71560,36396,0.9111026714587425,0.27009016363029204
2060,0.22,61,199,61,507450,98160,71621,36335,0.9092593278743192,0.2701587419606677
2061,0.2201,40,164,40,507614,97996,71661,36295,0.9077401904479603,0.27027127655613553
2062,0.2202,40,135,40,507749,97861,71701,36255,0.9064896809811405,0.2703256882102061
2063,0.2203,28,78,28,507827,97783,71729,36227,0.9057671644003112,0.27033057234534735
2064,0.2204,38,123,38,507950,97660,71767,36189,0.904627811330542,0.27037183692070915
2065,0.2205,33,122,33,508072,97538,71800,36156,0.9034977212938604,0.2704384639550017
2066,0.2206,53,176,53,508248,97362,71853,36103,0.9018674274704509,0.270505375941258
2067,0.2207,36,122,36,508370,97240,71889,36067,0.9007373374337693,0.2705559347971224
2068,0.2208,63,172,63,508542,97068,71952,36004,0.89914409574271,0.2705602981844415
2069,0.2209,38,127,38,508669,96941,71990,35966,0.8979676905405906,0.2706102763586568
2070,0.221,50,153,50,508822,96788,72040,35916,0.8965504464781948,0.27064745599228357
2071,0.2211,40,124,40,508946,96664,72080,35876,0.895401830375338,0.27068054926814544
2072,0.2212,56,213,56,509159,96451,72136,35820,0.893428804327689,0.27080766003129936
2073,0.2213,56,182,56,509341,96269,72192,35764,0.8917429323057542,0.27087167602038886
2074,0.2214,29,99,29,509440,96170,72221,35735,0.8908258920300863,0.2709146734392176
2075,0.2215,55,172,55,509612,95998,72276,35680,0.889232650339027,0.27096401828703354
2076,0.2216,38,159,38,509771,95839,72314,35642,0.8877598280781059,0.27108099269095914
2077,0.2217,27,103,27,509874,95736,72341,35615,0.8868057356700878,0.27114372939680703
2078,0.2218,48,138,48,510012,95598,72389,35567,0.8855274371040054,0.27116227652193803
2079,0.2219,24,84,24,510096,95514,72413,35543,0.8847493423246507,0.27120260649946204
2080,0.222,38,103,38,510199,95411,72451,35505,0.8837952499166327,0.2712044364325216
2081,0.2221,45,145,45,510344,95266,72496,35460,0.8824521101189373,0.2712543793889509
2082,0.2222,32,90,32,510434,95176,72528,35428,0.8816184371410575,0.2712627484609966
2083,0.2223,38,93,38,510527,95083,72566,35390,0.8807569750639149,0.2712438588826807
2084,0.2224,47,154,47,510681,94929,72613,35343,0.8793304679684316,0.2713015843773029
2085,0.2225,26,114,26,510795,94815,72639,35317,0.8782744821964504,0.27139366182030555
2086,0.2226,19,75,19,510870,94740,72658,35298,0.8775797547148838,0.27144373183223364
2087,0.2227,56,186,56,511056,94554,72714,35242,0.8758568305605987,0.27151838269284106
2088,0.2228,14,118,14,511174,94436,72728,35228,0.8747637926562674,0.27168682132280353
2089,0.2229,54,168,54,511342,94268,72782,35174,0.8732076030975583,0.2717356035907974
2090,0.223,76,227,76,511569,94041,72858,35098,0.8711048945866835,0.27178466613493985
2091,0.2231,39,160,39,511729,93881,72897,35059,0.8696228092926748,0.27190165968667596
2092,0.2232,57,194,57,511923,93687,72954,35002,0.8678257808736893,0.27198905889392255
2093,0.2233,25,105,25,512028,93582,72979,34977,0.8668531623994961,0.27206963339789514
2094,0.2234,28,119,28,512147,93463,73007,34949,0.8657508614620771,0.27216303772233125
2095,0.2235,18,88,18,512235,93375,73025,34931,0.8649357145503723,0.2722475955917884
2096,0.2236,18,97,18,512332,93278,73043,34913,0.8640372003408796,0.27235141312572647
2097,0.2237,30,105,30,512437,93173,73073,34883,0.8630645818666864,0.2724042606359718
2098,0.2238,33,113,33,512550,93060,73106,34850,0.8620178591277928,0.2724571964662653
2099,0.2239,55,142,55,512692,92918,73161,34795,0.8607025084293601,0.2724468143415314
2100,0.224,41,144,41,512836,92774,73202,34754,0.8593686316647523,0.2725205445078728
2101,0.2241,22,78,22,512914,92696,73224,34732,0.8586461150839231,0.27256176036663843
2102,0.2242,30,92,30,513006,92604,73254,34702,0.8577939160398681,0.2725873093177069
2103,0.2243,35,104,35,513110,92500,73289,34667,0.8568305605987625,0.27261003247697907
2104,0.2244,27,83,27,513193,92417,73316,34640,0.8560617288524954,0.27263354242584037
2105,0.2245,34,124,34,513317,92293,73350,34606,0.8549131127496388,0.27270506465771993
2106,0.2246,25,80,25,513397,92213,73375,34581,0.8541720701026344,0.2727337255706106
2107,0.2247,23,84,23,513481,92129,73398,34558,0.8533939753232799,0.2727825270154002
2108,0.2248,62,174,62,513655,91955,73460,34496,0.8517822075660454,0.2728013222513068
2109,0.2249,52,164,52,513819,91791,73512,34444,0.8502630701396865,0.272856180932388
2110,0.225,34,145,34,513964,91646,73546,34410,0.8489199303419912,0.272973916354636
2111,0.2251,23,97,23,514061,91549,73569,34387,0.8480214161324984,0.273051391182823
2112,0.2252,28,160,28,514221,91389,73597,34359,0.8465393308384898,0.2732369500906575
2113,0.2253,71,193,71,514414,91196,73668,34288,0.8447515654525918,0.27324599152083134
2114,0.2254,22,140,22,514554,91056,73690,34266,0.8434547408203342,0.27342366065016516
2115,0.2255,54,169,54,514723,90887,73744,34212,0.8418892882285376,0.2734794043117851
2116,0.2256,60,194,60,514917,90693,73804,34152,0.840092259809552,0.2735552084584885
2117,0.2257,32,120,32,515037,90573,73836,34120,0.8389806958390456,0.27363204029095456
2118,0.2258,35,106,35,515143,90467,73871,34085,0.8379988143317648,0.273660800308305
2119,0.2259,50,132,50,515275,90335,73921,34035,0.8367760939642076,0.27365924258261637
2120,0.226,40,140,40,515415,90195,73961,33995,0.83547926933195,0.2737337949915452
2121,0.2261,35,80,35,515495,90115,73996,33960,0.8347382266849457,0.27370542010880516
2122,0.2262,48,148,48,515643,89967,74044,33912,0.8333672977879877,0.2737509989586613
2123,0.2263,46,160,46,515803,89807,74090,33866,0.8318852124939791,0.27383503270721987
2124,0.2264,48,191,48,515994,89616,74138,33818,0.8301159731742562,0.2739763760390168
2125,0.2265,28,126,28,516120,89490,74166,33790,0.8289488310052243,0.2740914990266061
2126,0.2266,24,79,24,516199,89411,74190,33766,0.8282170513913075,0.2741258514170665
2127,0.2267,24,100,24,516299,89311,74214,33742,0.8272907480825521,0.2742070489951484
2128,0.2268,64,168,64,516467,89143,74278,33678,0.825734558523843,0.2742039227819347
2129,0.2269,32,99,32,516566,89044,74310,33646,0.8248175182481752,0.27423587904474694
2130,0.227,27,91,27,516657,88953,74337,33619,0.8239745822372078,0.27427960708807886
2131,0.2271,40,160,40,516817,88793,74377,33579,0.822492496943199,0.27440100676625373
2132,0.2272,30,126,30,516943,88667,74407,33549,0.8213253547741672,0.27450579302219025
2133,0.2273,32,148,32,517091,88519,74439,33517,0.8199544258772092,0.27464846438755774
2134,0.2274,18,55,18,517146,88464,74457,33499,0.8194449590573938,0.27466526733517543
2135,0.2275,52,161,52,517307,88303,74509,33447,0.8179536107302975,0.2747186858316222
2136,0.2276,50,160,50,517467,88143,74559,33397,0.8164715254362889,0.2747819647852559
2137,0.2277,56,147,56,517614,87996,74615,33341,0.8151098595724184,0.2747801577424858
2138,0.2278,40,123,40,517737,87873,74655,33301,0.8139705065026492,0.27481968078960833
2139,0.2279,35,67,35,517804,87806,74690,33266,0.8133498832857831,0.2747621250165191
2140,0.228,39,115,39,517919,87691,74729,33227,0.8122846344807144,0.27478952678674806
2141,0.2281,39,105,39,518024,87586,74768,33188,0.8113120160065211,0.2747942437941941
2142,0.2282,40,163,40,518187,87423,74808,33148,0.8098021416132498,0.2749251478382032
2143,0.2283,48,165,48,518352,87258,74856,33100,0.8082737411538033,0.2750128782465644
2144,0.2284,48,189,48,518541,87069,74904,33052,0.8065230279002557,0.27515588448314615
2145,0.2285,37,106,37,518647,86963,74941,33015,0.8055411463929749,0.2751754488322859
2146,0.2286,44,147,44,518794,86816,74985,32971,0.8041794805291045,0.27524689657475354
2147,0.2287,68,200,68,518994,86616,75053,32903,0.8023268739115936,0.27529514135827776
2148,0.2288,18,71,18,519065,86545,75071,32885,0.8016691985623773,0.275349577158168
2149,0.2289,20,94,20,519159,86451,75091,32865,0.8007984734521472,0.2754450367092427
2150,0.229,60,191,60,519350,86260,75151,32805,0.7990292341324243,0.2755217738210221
2151,0.2291,41,163,41,519513,86097,75192,32764,0.797519359739153,0.27564970848301795
2152,0.2292,41,114,41,519627,85983,75233,32723,0.7964633739671718,0.27566424612066787
2153,0.2293,63,192,63,519819,85791,75296,32660,0.7946848716143614,0.2757258275573866
2154,0.2294,28,92,28,519911,85699,75324,32632,0.7938326725703064,0.2757688179766925
2155,0.2295,41,105,41,520016,85594,75365,32591,0.7928600540961133,0.275762575622964
2156,0.2296,44,146,44,520162,85448,75409,32547,0.7915076512653303,0.2758337217678715
2157,0.2297,48,150,48,520312,85298,75457,32499,0.7901181963021972,0.27588987835004286
2158,0.2298,46,124,46,520436,85174,75503,32453,0.7889695801993405,0.27589754053066046
2159,0.2299,22,72,22,520508,85102,75525,32431,0.7883026418170366,0.275931015119158
2160,0.23,50,186,50,520694,84916,75575,32381,0.7865797176627515,0.2760599162808938
2161,0.2301,27,114,27,520808,84802,75602,32354,0.7855237318907703,0.2761616989313394
2162,0.2302,56,193,56,521001,84609,75658,32298,0.7837359665048723,0.2762708819831148
2163,0.2303,41,128,41,521129,84481,75699,32257,0.7825502982696654,0.2763196217170073
2164,0.2304,49,161,49,521290,84320,75748,32208,0.7810589499425692,0.2763970891116298
2165,0.2305,27,89,27,521379,84231,75775,32181,0.7802345399977769,0.27644057313679005
2166,0.2306,39,99,39,521478,84132,75814,32142,0.779317499722109,0.27643325248980855
2167,0.2307,39,134,39,521612,83998,75853,32103,0.7780762532883767,0.2765092462597221
2168,0.2308,18,78,18,521690,83920,75871,32085,0.7773537367075475,0.27658290590922807
2169,0.2309,29,114,29,521804,83806,75900,32056,0.7762977509355663,0.27667397421069895
2170,0.231,27,96,27,521900,83710,75927,32029,0.7754084997591612,0.27673472209022026
2171,0.2311,68,199,68,522099,83511,75995,31961,0.7735651561747379,0.2767857142857143
2172,0.2312,31,150,31,522249,83361,76026,31930,0.7721757012116047,0.27695136654205443
2173,0.2313,24,48,24,522297,83313,76050,31906,0.7717310756234022,0.2769161336237947
2174,0.2314,60,228,60,522525,83085,76110,31846,0.7696191040794398,0.27708799192559014
2175,0.2315,31,82,31,522607,83003,76141,31815,0.7688595353662603,0.2770907000644498
2176,0.2316,42,143,42,522750,82860,76183,31773,0.7675349216347401,0.2771714951192065
2177,0.2317,25,108,25,522858,82752,76208,31748,0.7665345140612843,0.2772751091703057
2178,0.2318,20,77,20,522935,82675,76228,31728,0.7658212605135426,0.2773353845615937
2179,0.2319,39,119,39,523054,82556,76267,31689,0.7647189595761236,0.2773775657578012
2180,0.232,32,143,32,523197,82413,76299,31657,0.7633943458446033,0.27752257385815726
2181,0.2321,15,55,15,523252,82358,76314,31642,0.7628848790247879,0.27756140350877195
2182,0.2322,20,77,20,523329,82281,76334,31622,0.7621716254770462,0.27762218729971994
2183,0.2323,46,119,46,523448,82162,76380,31576,0.7610693245396273,0.27762049622817353
2184,0.2324,30,114,30,523562,82048,76410,31546,0.7600133387676461,0.27770832966529924
2185,0.2325,45,95,45,523657,81953,76455,31501,0.7591333506243284,0.27765437974862056
2186,0.2326,51,152,51,523809,81801,76506,31450,0.7577253695950202,0.2777017421479722
2187,0.2327,20,66,20,523875,81735,76526,31430,0.7571140094112416,0.2777360491317987
2188,0.2328,52,189,52,524064,81546,76578,31378,0.7553632961576938,0.27786830080408065
2189,0.2329,24,135,24,524199,81411,76602,31354,0.7541127866908741,0.2780472664390547
2190,0.233,15,90,15,524289,81321,76617,31339,0.7532791137129942,0.27817326469021836
2191,0.2331,39,135,39,524424,81186,76656,31300,0.7520286042461743,0.27825684974130116
2192,0.2332,44,123,44,524547,81063,76700,31256,0.7508892511764051,0.27827883083004656
2193,0.2333,31,84,31,524631,80979,76731,31225,0.7501111563970506,0.27828776157712737
2194,0.2334,38,151,38,524782,80828,76769,31187,0.74871243840083,0.27841806900861493
2195,0.2335,41,157,41,524939,80671,76810,31146,0.747258142206084,0.27854440737991537
2196,0.2336,44,169,44,525108,80502,76854,31102,0.7456926896142873,0.27868176767857783
2197,0.2337,39,147,39,525255,80355,76893,31063,0.7443310237504168,0.2787969627887774
2198,0.2338,48,137,48,525392,80218,76941,31015,0.7430619882174219,0.2788291244504778
2199,0.2339,23,69,23,525461,80149,76964,30992,0.7424228389343807,0.2788529885460811
2200,0.234,31,108,31,525569,80041,76995,30961,0.7414224313609248,0.27892290229004885
2201,0.2341,35,121,35,525690,79920,77030,30926,0.7403016043573307,0.2789996932681378
2202,0.2342,27,102,27,525792,79818,77057,30899,0.7393567749824003,0.2790808999521302
2203,0.2343,26,104,26,525896,79714,77083,30873,0.7383934195412946,0.27917386311230075
2204,0.2344,34,122,34,526018,79592,77117,30839,0.737263329504613,0.27926035261837706
2205,0.2345,35,125,35,526143,79467,77152,30804,0.7361054503686687,0.27934815137252766
2206,0.2346,34,97,34,526240,79370,77186,30770,0.735206936159176,0.27937170873433814
2207,0.2347,33,98,33,526338,79272,77219,30737,0.7342991589165957,0.27940441236626096
2208,0.2348,31,91,31,526429,79181,77250,30706,0.7334562229056282,0.2794325079399747
2209,0.2349,34,142,34,526571,79039,77284,30672,0.7321408722071955,0.27957087256519403
2210,0.235,60,153,60,526724,78886,77344,30612,0.7307236281447997,0.279566750077627
2211,0.2351,44,189,44,526913,78697,77388,30568,0.728972914891252,0.2797602159886514
2212,0.2352,33,103,33,527016,78594,77421,30535,0.7280188224832339,0.2798064675750717
2213,0.2353,27,143,27,527159,78451,77448,30508,0.7266942087517136,0.2799952275626612
2214,0.2354,37,137,37,527296,78314,77485,30471,0.7254251732187187,0.2801029553706853
2215,0.2355,54,215,54,527511,78099,77539,30417,0.7234336211048946,0.2802996793099635
2216,0.2356,30,76,30,527587,78023,77569,30387,0.7227296305902404,0.2802970205700581
2217,0.2357,48,153,48,527740,77870,77617,30339,0.7213123865278447,0.2803740908796865
2218,0.2358,32,76,32,527816,77794,77649,30307,0.7206083960131906,0.28035818355056846
2219,0.2359,17,65,17,527881,77729,77666,30290,0.7200062988624996,0.2804136309352984
2220,0.236,35,141,35,528022,77588,77701,30255,0.7187002111971544,0.2805467206958263
2221,0.2361,34,104,34,528126,77484,77735,30221,0.7177368557560487,0.2805905018337125
2222,0.2362,26,112,26,528238,77372,77761,30195,0.7166993960502427,0.2807087675588238
2223,0.2363,31,105,31,528343,77267,77792,30164,0.7157267775760495,0.2807755675736054
2224,0.2364,31,97,31,528440,77170,77823,30133,0.7148282633665567,0.2808215986505503
2225,0.2365,30,75,30,528515,77095,77853,30103,0.7141335358849902,0.2808168062836993
2226,0.2366,40,97,40,528612,76998,77893,30063,0.7132350216754975,0.2808025331353154
2227,0.2367,58,170,58,528782,76828,77951,30005,0.7116603060506133,0.28085891063622664
2228,0.2368,40,151,40,528933,76677,77991,29965,0.7102615880543925,0.28098685320980477
2229,0.2369,47,88,47,529021,76589,78038,29918,0.7094464411426877,0.280901724769264
2230,0.237,22,87,22,529108,76502,78060,29896,0.7086405572640705,0.2809827252391962
2231,0.2371,41,108,41,529216,76394,78101,29855,0.7076401496906147,0.2809908799141639
2232,0.2372,47,169,47,529385,76225,78148,29808,0.706074697098818,0.2811200286703196
2233,0.2373,25,84,25,529469,76141,78173,29783,0.7052966023194635,0.281173294059892
2234,0.2374,32,151,32,529620,75990,78205,29751,0.7038978843232429,0.28135727863364257
2235,0.2375,49,116,49,529736,75874,78254,29702,0.7028233724850865,0.28133287868454954
2236,0.2376,24,106,24,529842,75768,78278,29678,0.7018414909778058,0.28145211767160444
2237,0.2377,37,138,37,529980,75630,78315,29641,0.7005631924117233,0.2815685231450257
2238,0.2378,25,100,25,530080,75530,78340,29616,0.6996368891029678,0.28166549369448196
2239,0.2379,30,97,30,530177,75433,78370,29586,0.6987383748934751,0.28172045058513223
2240,0.238,29,137,29,530314,75296,78399,29557,0.6974693393604802,0.28188988393274395
2241,0.2381,22,84,22,530398,75212,78421,29535,0.6966912445811256,0.2819651159460414
2242,0.2382,19,85,19,530483,75127,78440,29516,0.6959038867686835,0.2820637787525205
2243,0.2383,26,114,26,530597,75013,78466,29490,0.6948479009967024,0.28219285570749164
2244,0.2384,51,151,51,530748,74862,78517,29439,0.6934491830004816,0.2822504098714298
2245,0.2385,31,126,31,530874,74736,78548,29408,0.6922820408314498,0.28237824550622215
2246,0.2386,37,125,37,530999,74611,78585,29371,0.6911241616955056,0.28246234925275526
2247,0.2387,26,107,26,531106,74504,78611,29345,0.6901330171551373,0.2825737368679525
2248,0.2388,37,124,37,531230,74380,78648,29308,0.6889844010522805,0.282655659285549
2249,0.2389,30,106,30,531336,74274,78678,29278,0.6880025195449998,0.28273717552533995
2250,0.239,48,120,48,531456,74154,78726,29230,0.6868909555744933,0.2827323376924863
2251,0.2391,52,154,52,531610,74000,78778,29178,0.68546444847901,0.2827928434356161
2252,0.2392,35,121,35,531731,73879,78813,29143,0.6843436214754159,0.2828813263186504
2253,0.2393,33,127,33,531858,73752,78846,29110,0.6831672162732966,0.2830005249752095
2254,0.2394,28,95,28,531953,73657,78874,29082,0.6822872281299789,0.2830668003387224
2255,0.2395,33,105,33,532058,73552,78907,29049,0.6813146096557857,0.2831258954591086
2256,0.2396,43,107,43,532165,73445,78950,29006,0.6803234651154174,0.28312071136445716
2257,0.2397,39,120,39,532285,73325,78989,28967,0.6792119011449109,0.28317952528056933
2258,0.2398,25,80,25,532365,73245,79014,28942,0.6784708584979066,0.283225850646364
2259,0.2399,39,116,39,532481,73129,79053,28903,0.6773963466597502,0.28327387486278816
2260,0.24,40,102,40,532583,73027,79093,28863,0.6764515172848198,0.2832760820492688
2261,0.2401,64,153,64,532736,72874,79157,28799,0.6750342732224239,0.2832512073018402
2262,0.2402,42,121,42,532857,72753,79199,28757,0.6739134462188299,0.283292286474239
2263,0.2403,26,96,26,532953,72657,79225,28731,0.6730241950424247,0.2833767309740798
2264,0.2404,28,105,28,533058,72552,79253,28703,0.6720515765682316,0.28347242111500665
2265,0.2405,15,48,15,533106,72504,79268,28688,0.6716069509800289,0.2835006719898806
2266,0.2406,50,133,50,533239,72371,79318,28638,0.6703749675793842,0.2835192903602649
2267,0.2407,37,120,37,533359,72251,79355,28601,0.6692634036088777,0.2835937809859993
2268,0.2408,18,48,18,533407,72203,79373,28583,0.6688187780206751,0.2836008969499732
2269,0.2409,42,144,42,533551,72059,79415,28541,0.6674849012560673,0.28370775347912525
2270,0.241,21,62,21,533613,71997,79436,28520,0.666910593204639,0.2837330998736532
2271,0.2411,50,141,50,533754,71856,79486,28470,0.6656045055392937,0.28377489384606186
2272,0.2412,28,156,28,533910,71700,79514,28442,0.6641594723776353,0.2840166962912664
2273,0.2413,28,78,28,533988,71622,79542,28414,0.6634369557968061,0.2840377464112919
2274,0.2414,21,103,21,534091,71519,79563,28393,0.662482863388788,0.28418007846905274
2275,0.2415,45,135,45,534226,71384,79608,28348,0.6612323539219682,0.28424176793807404
2276,0.2416,34,106,34,534332,71278,79642,28314,0.6602504724146875,0.284299943770584
2277,0.2417,46,135,46,534467,71143,79688,28268,0.6589999629478677,0.284354850066894
2278,0.2418,28,96,28,534563,71047,79716,28240,0.6581107117714624,0.28442797143634113
2279,0.2419,45,101,45,534664,70946,79761,28195,0.6571751454296195,0.2843929353143503
2280,0.242,44,161,44,534825,70785,79805,28151,0.6556837971025232,0.284537478774157
2281,0.2421,26,88,26,534913,70697,79831,28125,0.6548686501908185,0.2846026188500536
2282,0.2422,44,131,44,535044,70566,79875,28081,0.6536551928563489,0.28466146968483585
2283,0.2423,27,89,27,535133,70477,79902,28054,0.6528307829115566,0.2847225746211852
2284,0.2424,37,131,37,535264,70346,79939,28017,0.651617325577087,0.28483271148704287
2285,0.2425,28,103,28,535367,70243,79967,27989,0.6506632331690689,0.28492751852756737
2286,0.2426,27,76,27,535443,70167,79994,27962,0.6499592426544147,0.28495144146990187
2287,0.2427,29,90,29,535533,70077,80023,27933,0.6491255696765349,0.2850015304560759
2288,0.2428,18,57,18,535590,70020,80041,27915,0.6485975767905443,0.2850359932608363
2289,0.2429,29,74,29,535664,69946,80070,27886,0.6479121123420652,0.2850396598250061
2290,0.243,28,92,28,535756,69854,80098,27858,0.6470599132980103,0.28510316030784344
2291,0.2431,35,114,35,535870,69740,80133,27823,0.6460039275260291,0.28517983251847523
2292,0.2432,33,85,33,535955,69655,80166,27790,0.645216569713587,0.2851865154702653
2293,0.2433,32,86,32,536041,69569,80198,27758,0.6444199488680573,0.2852034892681373
2294,0.2434,24,94,24,536135,69475,80222,27734,0.6435492237578273,0.28530280118096063
2295,0.2435,27,101,27,536236,69374,80249,27707,0.6426136574159843,0.28540085083589994
2296,0.2436,30,115,30,536351,69259,80279,27677,0.6415484086109156,0.28551828010233554
2297,0.2437,37,122,37,536473,69137,80316,27640,0.6404183185742339,0.2856050507868605
2298,0.2438,53,153,53,536626,68984,80369,27587,0.6390010745118382,0.2856654689295958
2299,0.2439,36,116,36,536742,68868,80405,27551,0.6379265626736819,0.28574243665667554
2300,0.244,50,98,50,536840,68770,80455,27501,0.6370187854311016,0.28566234899398574
2301,0.2441,32,104,32,536944,68666,80487,27469,0.636055429989996,0.2857336037863421
2302,0.2442,43,140,43,537084,68526,80530,27426,0.6347586053577383,0.2858304152076038
2303,0.2443,53,182,53,537266,68344,80583,27373,0.6330727333358035,0.2859784573273295
2304,0.2444,25,74,25,537340,68270,80608,27348,0.6323872688873244,0.2860130937689556
2305,0.2445,34,101,34,537441,68169,80642,27314,0.6314517025454814,0.28606139312757245
2306,0.2446,34,147,34,537588,68022,80676,27280,0.630090036681611,0.2862479276405532
2307,0.2447,39,117,39,537705,67905,80715,27241,0.6290062618103672,0.28630735921636224
2308,0.2448,35,89,35,537794,67816,80750,27206,0.6281818518655748,0.286312643387847
2309,0.2449,39,106,39,537900,67710,80789,27167,0.6271999703582941,0.28633915490582545
2310,0.245,30,87,30,537987,67623,80819,27137,0.6263940864796769,0.2863761080624736
2311,0.2451,31,116,31,538103,67507,80850,27106,0.6253195746415207,0.28649339942714
2312,0.2452,36,119,36,538222,67388,80886,27070,0.6242172737041016,0.28658239640898603
2313,0.2453,21,96,21,538318,67292,80907,27049,0.6233280225276965,0.2867152139578762
2314,0.2454,32,112,32,538430,67180,80939,27017,0.6222905628218904,0.28681380511056614
2315,0.2455,28,111,28,538541,67069,80967,26989,0.6212623661491719,0.28693997320802056
2316,0.2456,16,64,16,538605,67005,80983,26973,0.6206695320315684,0.28701398199578626
2317,0.2457,41,112,41,538717,66893,81024,26932,0.6196320723257623,0.2870450306421529
2318,0.2458,32,112,32,538829,66781,81056,26900,0.6185946126199563,0.2871446718117868
2319,0.2459,17,57,17,538886,66724,81073,26883,0.6180666197339657,0.2871900605723931
2320,0.246,35,100,35,538986,66624,81108,26848,0.6171403164252103,0.2872304005477576
2321,0.2461,45,121,45,539107,66503,81153,26803,0.6160194894216162,0.28725912588686686
2322,0.2462,18,59,18,539166,66444,81171,26785,0.6154729704694505,0.28730330691093975
2323,0.2463,40,157,40,539323,66287,81211,26745,0.6140186742747045,0.2874817267176885
2324,0.2464,50,106,50,539429,66181,81261,26695,0.6130367927674237,0.28742624574701753
2325,0.2465,17,31,17,539460,66150,81278,26678,0.6127496387417096,0.28739173525229456
2326,0.2466,47,126,47,539586,66024,81325,26631,0.6115824965726777,0.2874210781932977
2327,0.2467,43,105,43,539691,65919,81368,26588,0.6106098780984845,0.28741608743122143
2328,0.2468,29,112,29,539803,65807,81397,26559,0.6095724183926785,0.2875408700171059
2329,0.2469,25,118,25,539921,65689,81422,26534,0.6084793804883472,0.28771564577166214
2330,0.247,42,162,42,540083,65527,81464,26492,0.6069787691281633,0.28789706473663046
2331,0.2471,38,127,38,540210,65400,81502,26454,0.6058023639260439,0.2880005225684238
2332,0.2472,43,113,43,540323,65287,81545,26411,0.6047556411871503,0.28802154899779714
2333,0.2473,27,83,27,540406,65204,81572,26384,0.6039868094408833,0.288072673275975
2334,0.2474,28,98,28,540504,65106,81600,26356,0.6030790321983031,0.288163390260436
2335,0.2475,40,145,40,540649,64961,81640,26316,0.6017358924006077,0.28830921261654086
2336,0.2476,24,66,24,540715,64895,81664,26292,0.601124532216829,0.2883305734370031
2337,0.2477,31,113,31,540828,64782,81695,26261,0.6000778094779354,0.288446118866909
2338,0.2478,34,100,34,540928,64682,81729,26227,0.59915150616918,0.2884972884972885
2339,0.2479,33,103,33,541031,64579,81762,26194,0.598197413761162,0.28856598327696564
2340,0.248,21,68,21,541099,64511,81783,26173,0.5975675275112082,0.2886176172202373
2341,0.2481,30,106,30,541205,64405,81813,26143,0.5965856460039275,0.28871979502584266
2342,0.2482,39,115,39,541320,64290,81852,26104,0.5955203971988587,0.2887802287762462
2343,0.2483,48,140,48,541460,64150,81900,26056,0.5942235725666012,0.288849965634215
2344,0.2484,30,86,30,541546,64064,81930,26026,0.5934269517210715,0.28888888888888886
2345,0.2485,13,43,13,541589,64021,81943,26013,0.5930286412983067,0.2889241841970811
2346,0.2486,24,115,24,541704,63906,81967,25989,0.591963392493238,0.289103954613716
2347,0.2487,50,177,50,541881,63729,82017,25939,0.5903238356367408,0.28927822634607664
2348,0.2488,39,98,39,541979,63631,82056,25900,0.5894160583941606,0.28928527549117067
2349,0.2489,31,81,31,542060,63550,82087,25869,0.5886657527140687,0.28930093156935327
2350,0.249,34,98,34,542158,63452,82121,25835,0.5877579754714883,0.2893478333911992
2351,0.2491,32,72,32,542230,63380,82153,25803,0.5870910370891845,0.289326441137885
2352,0.2492,21,60,21,542290,63320,82174,25782,0.5865352551039312,0.2893537743260533
2353,0.2493,18,73,18,542363,63247,82192,25764,0.5858590536885397,0.289447371673164
2354,0.2494,43,104,43,542467,63143,82235,25721,0.5848956982474341,0.2894422938422758
2355,0.2495,40,97,40,542564,63046,82275,25681,0.5839971840379414,0.28943838966718133
2356,0.2496,33,117,33,542681,62929,82308,25648,0.5829134091666975,0.28955597954322226
2357,0.2497,22,47,22,542728,62882,82330,25626,0.5824780466115825,0.2895331495458038
2358,0.2498,34,106,34,542834,62776,82364,25592,0.5814961651043018,0.28960709759188846
2359,0.2499,29,127,29,542961,62649,82393,25563,0.5803197599021823,0.289790504693239
2360,0.25,25,72,25,543033,62577,82418,25538,0.5796528215198785,0.28982579583498835
2361,0.2501,22,124,22,543157,62453,82440,25516,0.5785042054170217,0.2900567245279587
2362,0.2502,28,103,28,543260,62350,82468,25488,0.5775501130090037,0.2901705412236162
2363,0.2503,31,99,31,543359,62251,82499,25457,0.5766330727333357,0.29024718383727827
2364,0.2504,27,116,27,543475,62135,82526,25430,0.5755585608951795,0.29041283617883856
2365,0.2505,42,125,42,543600,62010,82568,25388,0.5744006817592352,0.2904871965033525
2366,0.2506,57,186,57,543786,61824,82625,25331,0.5726777576049502,0.29064310710802593
2367,0.2507,26,90,26,543876,61734,82651,25305,0.5718440846270703,0.2907317409437149
2368,0.2508,30,80,30,543956,61654,82681,25275,0.571103041980066,0.29075452380678485
2369,0.2509,32,145,32,544101,61509,82713,25243,0.5697599021823706,0.2909788823312431
2370,0.251,27,103,27,544204,61406,82740,25216,0.5688058097743525,0.2911038766133315
2371,0.2511,23,70,23,544274,61336,82763,25193,0.5681573974582237,0.2911509436142796
2372,0.2512,37,83,37,544357,61253,82800,25156,0.5673885657119567,0.2911270816697335
2373,0.2513,46,116,46,544473,61137,82846,25110,0.5663140538738004,0.29114056141083167
2374,0.2514,30,82,30,544555,61055,82876,25080,0.565554485160621,0.2911708364776223
2375,0.2515,24,47,24,544602,61008,82900,25056,0.5651191226055059,0.29113218070273283
2376,0.2516,42,96,42,544698,60912,82942,25014,0.5642298714291007,0.2911109559388311
2377,0.2517,39,143,39,544841,60769,82981,24975,0.5629052576975805,0.29127402500466504
2378,0.2518,44,127,44,544968,60642,83025,24931,0.5617288524954611,0.2913418952239608
2379,0.2519,25,93,25,545061,60549,83050,24906,0.5608673904183186,0.2914516412146744
2380,0.252,38,93,38,545154,60456,83088,24868,0.560005928341176,0.2914537527542075
2381,0.2521,27,96,27,545250,60360,83115,24841,0.5591166771647709,0.291557610826164
2382,0.2522,40,109,40,545359,60251,83155,24801,0.5581070065582274,0.2915980811738701
2383,0.2523,38,127,38,545486,60124,83193,24763,0.5569306013561081,0.2917172240743577
2384,0.2524,28,104,28,545590,60020,83221,24735,0.5559672459150025,0.2918411893103652
2385,0.2525,55,157,55,545747,59863,83276,24680,0.5545129497202564,0.2919224536626332
2386,0.2526,34,105,34,545852,59758,83310,24646,0.5535403312460632,0.2920003791289512
2387,0.2527,72,179,72,546031,59579,83382,24574,0.5518822483233911,0.2920157332477749
2388,0.2528,56,171,56,546202,59408,83438,24518,0.5502982696654193,0.29213831232276055
2389,0.2529,46,127,46,546329,59281,83484,24472,0.5491218644632999,0.2921925184769501
2390,0.253,26,84,26,546413,59197,83510,24446,0.5483437696839453,0.2922659397678228
2391,0.2531,35,88,35,546501,59109,83545,24411,0.5475286227722406,0.2922772988505747
2392,0.2532,60,168,60,546669,58941,83605,24351,0.5459724332135314,0.292357009076502
2393,0.2533,52,146,52,546815,58795,83657,24299,0.5446200303827485,0.29242785279322214
2394,0.2534,50,136,50,546951,58659,83707,24249,0.5433602578828411,0.29248082211608045
2395,0.2535,33,122,33,547073,58537,83740,24216,0.5422301678461595,0.2926298744456394
2396,0.2536,26,83,26,547156,58454,83766,24190,0.5414613360998926,0.2927012245293064
2397,0.2537,36,97,36,547253,58357,83802,24154,0.5405628218903998,0.2927367260122893
2398,0.2538,26,98,26,547351,58259,83828,24128,0.5396550446478194,0.29286173789554176
2399,0.2539,20,76,20,547427,58183,83848,24108,0.5389510541331654,0.29296034803319926
2400,0.254,44,130,44,547557,58053,83892,24064,0.5377468598317833,0.2930452890388105
2401,0.2541,29,113,29,547670,57940,83921,24035,0.5367001370928897,0.2931991460811223
2402,0.2542,35,126,35,547796,57814,83956,24000,0.5355329949238579,0.29334832669225314
2403,0.2543,25,90,25,547886,57724,83981,23975,0.534699321945978,0.2934552442502356
2404,0.2544,11,38,11,547924,57686,83992,23964,0.5343473266886509,0.2934966319657073
2405,0.2545,30,65,30,547989,57621,84022,23934,0.5337452295379599,0.2934706639691006
2406,0.2546,15,43,15,548032,57578,84037,23919,0.533346919115195,0.29349546609077637
2407,0.2547,33,93,33,548125,57485,84070,23886,0.5324854570380525,0.2935443831340404
2408,0.2548,68,190,68,548315,57295,84138,23818,0.5307254807514172,0.2936397371568059
2409,0.2549,58,143,58,548458,57152,84196,23760,0.529400867019897,0.2936523630611034
2410,0.255,46,112,46,548570,57040,84242,23714,0.5283634073140909,0.2936572801347302
2411,0.2551,52,196,52,548766,56844,84294,23662,0.5265478528289304,0.2939159814175341
2412,0.2552,30,91,30,548857,56753,84324,23632,0.5257049168179628,0.29398519624308017
2413,0.2553,28,113,28,548970,56640,84352,23604,0.5246581940790692,0.29415283385673696
2414,0.2554,55,109,55,549079,56531,84407,23549,0.5236485234725259,0.29406843156843154
2415,0.2555,30,55,30,549134,56476,84437,23519,0.5231390566527103,0.29400587536721046
2416,0.2556,36,103,36,549237,56373,84473,23483,0.5221849642446923,0.2940668202764977
2417,0.2557,17,44,17,549281,56329,84490,23466,0.5217773907888399,0.29407857635190177
2418,0.2558,31,97,31,549378,56232,84521,23435,0.5208788765793472,0.2941619491131836
2419,0.2559,31,102,31,549480,56130,84552,23404,0.5199340472044166,0.29426408831443157
2420,0.256,33,101,33,549581,56029,84585,23371,0.5189984808625736,0.2943450881612091
2421,0.2561,52,113,52,549694,55916,84637,23319,0.51795175812368,0.2943017605855998
2422,0.2562,27,61,27,549755,55855,84664,23292,0.5173867131053392,0.29428784413812276
2423,0.2563,27,84,27,549839,55771,84691,23265,0.5166086183259847,0.29435953236499823
2424,0.2564,24,58,24,549897,55713,84715,23241,0.5160713624069065,0.2943612736530131
2425,0.2565,44,98,44,549995,55615,84759,23197,0.5151635851643263,0.29433335025123075
2426,0.2566,49,126,49,550121,55489,84808,23148,0.5139964429952943,0.2943652479112886
2427,0.2567,29,83,29,550204,55406,84837,23119,0.5132276112490274,0.2944157911493155
2428,0.2568,31,62,31,550266,55344,84868,23088,0.512653303197599,0.29436964504283963
2429,0.2569,38,100,38,550366,55244,84906,23050,0.5117269998888436,0.294403147112167
2430,0.257,25,85,25,550451,55159,84931,23025,0.5109396420764015,0.2944975954159419
2431,0.2571,34,135,34,550586,55024,84965,22991,0.5096891326095817,0.29469973723001985
2432,0.2572,37,120,37,550706,54904,85002,22954,0.5085775686390752,0.29481877263736544
2433,0.2573,48,143,48,550849,54761,85050,22906,0.507252954907555,0.29492577285076027
2434,0.2574,34,80,34,550929,54681,85084,22872,0.5065119122605506,0.2949208928087888
2435,0.2575,36,106,36,551035,54575,85120,22836,0.5055300307532699,0.29499683507511854
2436,0.2576,26,61,26,551096,54514,85146,22810,0.5049649857349291,0.2949924990947183
2437,0.2577,17,69,17,551165,54445,85163,22793,0.5043258364518878,0.29510085709106915
2438,0.2578,31,92,31,551257,54353,85194,22762,0.5034736374078328,0.2951695519678402
2439,0.2579,23,49,23,551306,54304,85217,22739,0.5030197487865427,0.2951468660358501
2440,0.258,21,71,21,551377,54233,85238,22718,0.5023620734373263,0.29522683265974453
2441,0.2581,20,75,20,551452,54158,85258,22698,0.5016673459557598,0.2953315290933694
2442,0.2582,29,93,29,551545,54065,85287,22669,0.5008058838786172,0.29542315010295306
2443,0.2583,40,97,40,551642,53968,85327,22629,0.49990736966912447,0.2954293249082862
2444,0.2584,17,89,17,551731,53879,85344,22612,0.49908295972433214,0.29561647775555294
2445,0.2585,33,83,33,551814,53796,85377,22579,0.4983141279780651,0.295633387888707
2446,0.2586,47,122,47,551936,53674,85424,22532,0.49718403794138355,0.29567225677768155
2447,0.2587,42,108,42,552044,53566,85466,22490,0.4961836303679277,0.29570316608814556
2448,0.2588,34,94,34,552138,53472,85500,22456,0.49531290525769756,0.2957538720893478
2449,0.2589,29,100,29,552238,53372,85529,22427,0.4943866019489422,0.2958746157601024
2450,0.259,31,102,31,552340,53270,85560,22396,0.4934417725740116,0.2959849866518648
2451,0.2591,37,61,37,552401,53209,85597,22359,0.4928767275556708,0.29587920813042556
2452,0.2592,26,110,26,552511,53099,85623,22333,0.49185779391603984,0.29606798175840493
2453,0.2593,39,150,39,552661,52949,85662,22294,0.49046833895290676,0.2962933429023298
2454,0.2594,15,37,15,552698,52912,85677,22279,0.49012560672866723,0.29629875916000586
2455,0.2595,21,78,21,552776,52834,85698,22258,0.489403090147838,0.29640973738880305
2456,0.2596,21,63,21,552839,52771,85719,22237,0.4888195190633221,0.29646171075085326
2457,0.2597,28,73,28,552912,52698,85747,22209,0.4881433176479306,0.2964876446794025
2458,0.2598,32,101,32,553013,52597,85779,22177,0.4872077513060877,0.2965870489742424
2459,0.2599,39,92,39,553105,52505,85818,22138,0.4863555522620327,0.2965850783060702
2460,0.26,23,67,23,553172,52438,85841,22115,0.4857349290451666,0.2966346089359248
2461,0.2601,31,106,31,553278,52332,85872,22084,0.4847530475378858,0.2967641367447861
2462,0.2602,42,100,42,553378,52232,85914,22042,0.4838267442291304,0.2967660284891079
2463,0.2603,42,97,42,553475,52135,85956,22000,0.48292823001963764,0.2967559182572334
2464,0.2604,37,71,37,553546,52064,85993,21963,0.4822705546704213,0.29668904588866224
2465,0.2605,47,126,47,553672,51938,86040,21916,0.48110341250138944,0.29674763723021097
2466,0.2606,27,80,27,553752,51858,86067,21889,0.48036236985438513,0.296812073711473
2467,0.2607,27,79,27,553831,51779,86094,21862,0.47963059024046834,0.2968726660420146
2468,0.2608,56,176,56,554007,51603,86150,21806,0.4780002964170588,0.297048045879933
2469,0.2609,25,79,25,554086,51524,86175,21781,0.47726851680314203,0.2971284359866312
2470,0.261,17,73,17,554159,51451,86192,21764,0.47659231538775054,0.2972614901318036
2471,0.2611,36,50,36,554209,51401,86228,21728,0.47612916373337283,0.2971187900832775
2472,0.2612,46,141,46,554350,51260,86274,21682,0.4748230760680277,0.297249869759535
2473,0.2613,25,80,25,554430,51180,86299,21657,0.4740820334210234,0.29733514559907737
2474,0.2614,36,109,36,554539,51071,86335,21621,0.47307236281447995,0.2974330050074286
2475,0.2615,32,110,32,554649,50961,86367,21589,0.472053429174849,0.29757408683666436
2476,0.2616,30,84,30,554733,50877,86397,21559,0.47127533439549446,0.2976282511458391
2477,0.2617,66,155,66,554888,50722,86463,21493,0.4698395642669236,0.29762514713009763
2478,0.2618,23,43,23,554931,50679,86486,21470,0.46944125384415875,0.2975786220183232
2479,0.2619,20,76,20,555007,50603,86506,21450,0.4687372633295046,0.2976975282084022
2480,0.262,42,93,42,555100,50510,86548,21408,0.46787580125236206,0.297672349064212
2481,0.2621,55,150,55,555250,50360,86603,21353,0.46648634628922897,0.29775633427690934
2482,0.2622,63,179,63,555429,50181,86666,21290,0.46482826336655675,0.29788305746386645
2483,0.2623,26,80,26,555509,50101,86692,21264,0.4640872207195524,0.297961185455055
2484,0.2624,21,61,21,555570,50040,86713,21243,0.4635221757012116,0.2980093430411178
2485,0.2625,50,130,50,555700,49910,86763,21193,0.46231798139982955,0.2980605600326287
2486,0.2626,62,138,62,555838,49772,86825,21131,0.4610396828337471,0.29802688179625686
2487,0.2627,27,61,27,555899,49711,86852,21104,0.46047463781540626,0.29801595707124195
2488,0.2628,39,118,39,556017,49593,86891,21065,0.45938159991107486,0.2981261852868748
2489,0.2629,27,67,27,556084,49526,86918,21038,0.45876097669420873,0.29814069497194035
2490,0.263,25,56,25,556140,49470,86943,21013,0.4582422468413057,0.29812862676106294
2491,0.2631,28,91,28,556231,49379,86971,20985,0.4573993108303383,0.29823489284293103
2492,0.2632,29,109,29,556340,49270,87000,20956,0.45638964022379486,0.29840799703813403
2493,0.2633,35,92,35,556432,49178,87035,20921,0.4555374411797399,0.2984493359391717
2494,0.2634,28,84,28,556516,49094,87063,20893,0.45475934640038534,0.29852686927572264
2495,0.2635,33,83,33,556599,49011,87096,20860,0.4539905146541183,0.298550185341558
2496,0.2636,35,79,35,556678,48932,87131,20825,0.4532587350402016,0.2985363476066918
2497,0.2637,28,60,28,556738,48872,87159,20797,0.4527029530549483,0.29851153310654666
2498,0.2638,20,67,20,556805,48805,87179,20777,0.45208232983808216,0.2985973383921129
2499,0.2639,20,53,20,556858,48752,87199,20757,0.4515913890844418,0.2986231998733977
2500,0.264,46,156,46,557014,48596,87245,20711,0.45014635592278335,0.29882984402729884
2501,0.2641,34,112,34,557126,48484,87279,20677,0.4491088962169773,0.29896907216494845
2502,0.2642,18,76,18,557202,48408,87297,20659,0.44840490570232316,0.29911535175988535
2503,0.2643,36,125,36,557327,48283,87333,20623,0.4472470265663789,0.29929178881374624
2504,0.2644,21,44,21,557371,48239,87354,20602,0.44683945311052653,0.29926933077671736
2505,0.2645,41,88,41,557459,48151,87395,20561,0.4460243061988217,0.2992344859704273
2506,0.2646,32,84,32,557543,48067,87427,20529,0.4452462114194672,0.29927401014636423
2507,0.2647,42,106,42,557649,47961,87469,20487,0.44426432991218645,0.29930750350631136
2508,0.2648,28,109,28,557758,47852,87497,20459,0.44325465930564306,0.2994978846745034
2509,0.2649,39,103,39,557861,47749,87536,20420,0.442300566897625,0.2995496486672828
2510,0.265,36,66,36,557927,47683,87572,20384,0.44168920671384637,0.29946964020744266
2511,0.2651,47,136,47,558063,47547,87619,20337,0.440429434213939,0.29958458546933003
2512,0.2652,24,92,24,558155,47455,87643,20313,0.439577235169884,0.29974324164797544
2513,0.2653,24,84,24,558239,47371,87667,20289,0.4387991403905295,0.29986698196866685
2514,0.2654,31,67,31,558306,47304,87698,20258,0.43817851717366335,0.2998431070720227
2515,0.2655,26,72,26,558378,47232,87724,20232,0.43751157879135943,0.29989327641408753
2516,0.2656,15,70,15,558448,47162,87739,20217,0.43686316647523066,0.30004897668413005
2517,0.2657,24,52,24,558500,47110,87763,20193,0.4363814887546778,0.3000312021752374
2518,0.2658,48,141,48,558641,46969,87811,20145,0.4350754010893327,0.30016092022528834
2519,0.2659,36,59,36,558700,46910,87847,20109,0.434528882137167,0.30004923976782705
2520,0.266,26,95,26,558795,46815,87873,20083,0.43364889399384937,0.30020329456784955
2521,0.2661,16,63,16,558858,46752,87889,20067,0.4330653229093334,0.3003187716068783
2522,0.2662,18,66,18,558924,46686,87907,20049,0.43245396272555486,0.30042706226118226
2523,0.2663,26,60,26,558984,46626,87933,20023,0.4318981807403016,0.3004246125223184
2524,0.2664,38,128,38,559112,46498,87971,19985,0.4307125125050947,0.30060316171051243
2525,0.2665,14,54,14,559166,46444,87985,19971,0.43021230871836674,0.3007001430399759
2526,0.2666,38,89,38,559255,46355,88023,19933,0.4293878987735744,0.3007029930002414
2527,0.2667,37,106,37,559361,46249,88060,19896,0.4284060172662937,0.30079371078690753
2528,0.2668,37,102,37,559463,46147,88097,19859,0.42746118789136317,0.3008665878859498
2529,0.2669,23,54,23,559517,46093,88120,19836,0.42696098410463523,0.30086911677713907
2530,0.267,20,47,20,559564,46046,88140,19816,0.4265256215495202,0.3008715192371929
2531,0.2671,24,65,24,559629,45981,88164,19792,0.42592352439882913,0.3009137488027002
2532,0.2672,32,99,32,559728,45882,88196,19760,0.4250064841231613,0.3010267816337101
2533,0.2673,16,44,16,559772,45838,88212,19744,0.4245989106673089,0.3010582171937422
2534,0.2674,17,67,17,559839,45771,88229,19727,0.42397828745044275,0.30118476900058017
2535,0.2675,49,108,49,559947,45663,88278,19678,0.42297787987698693,0.3011585375185565
2536,0.2676,53,100,53,560047,45563,88331,19625,0.4220515765682315,0.301052340921642
2537,0.2677,55,105,55,560152,45458,88386,19570,0.42107895809403834,0.300947284246786
2538,0.2678,25,78,25,560230,45380,88411,19545,0.4203564415132091,0.3010396611474779
2539,0.2679,51,118,51,560348,45262,88462,19494,0.4192634036088777,0.301037741676447
2540,0.268,14,59,14,560407,45203,88476,19480,0.418716884656712,0.3011610469520585
2541,0.2681,32,80,32,560487,45123,88508,19448,0.41797584200970767,0.3011878397422992
2542,0.2682,25,86,25,560573,45037,88533,19423,0.417179221164178,0.3013186472230841
2543,0.2683,34,90,34,560663,44947,88567,19389,0.4163455481862981,0.3013709276299428
2544,0.2684,27,67,27,560730,44880,88594,19362,0.415724924969432,0.3013916129634818
2545,0.2685,14,73,14,560803,44807,88608,19348,0.41504872355404054,0.301582105837425
2546,0.2686,49,131,49,560934,44676,88657,19299,0.41383526621957095,0.3016647127784291
2547,0.2687,45,129,45,561063,44547,88702,19254,0.41264033495127644,0.30178210372878167
2548,0.2688,15,53,15,561116,44494,88717,19239,0.4121493941976361,0.3018687336230838
2549,0.2689,23,78,23,561194,44416,88740,19216,0.41142687761680685,0.30198642192607494
2550,0.269,28,79,28,561273,44337,88768,19188,0.41069509800289006,0.3020543093270366
2551,0.2691,30,84,30,561357,44253,88798,19158,0.4099170032235355,0.3021242371197426
2552,0.2692,34,104,34,561461,44149,88832,19124,0.4089536477824299,0.30224582365305896
2553,0.2693,25,69,25,561530,44080,88857,19099,0.40831449849938867,0.30229981481188367
2554,0.2694,29,50,29,561580,44030,88886,19070,0.40785134684501095,0.3022187004754358
2555,0.2695,52,114,52,561694,43916,88938,19018,0.40679536107302977,0.30218959544920077
2556,0.2696,18,61,18,561755,43855,88956,19000,0.40623031605468896,0.3022830323761037
2557,0.2697,26,71,26,561826,43784,88982,18974,0.4055726407054726,0.3023359571688072
2558,0.2698,13,50,13,561876,43734,88995,18961,0.4051094890510949,0.30243241087806044
2559,0.2699,42,113,42,561989,43621,89037,18919,0.4040627663122013,0.30251039334825713
2560,0.27,19,45,19,562034,43576,89056,18900,0.4036459298232613,0.3025161662078238
2561,0.2701,26,95,26,562129,43481,89082,18874,0.4027659416799437,0.3026862320583754
2562,0.2702,23,56,23,562185,43425,89105,18851,0.40224721182704065,0.3027008799537543
2563,0.2703,16,70,16,562255,43355,89121,18835,0.4015987995109119,0.30286219649461327
2564,0.2704,31,51,31,562306,43304,89152,18804,0.4011263848234466,0.3027629290912604
2565,0.2705,24,81,24,562387,43223,89176,18780,0.4003760791433547,0.3028885699079077
2566,0.2706,49,165,49,562552,43058,89225,18731,0.39884767868390825,0.3031445726585638
2567,0.2707,26,60,26,562612,42998,89251,18705,0.398291896698655,0.30314571414679997
2568,0.2708,30,99,30,562711,42899,89281,18675,0.39737485642298714,0.3032935979471855
2569,0.2709,39,110,39,562821,42789,89320,18636,0.3963559227833562,0.3033943833943834
2570,0.271,23,71,23,562892,42718,89343,18613,0.39569824743413984,0.30348437168805337
2571,0.2711,22,67,22,562959,42651,89365,18591,0.3950776242172737,0.30356618007249925
2572,0.2712,38,74,38,563033,42577,89403,18553,0.3943921597687947,0.3035007361361034
2573,0.2713,24,67,24,563100,42510,89427,18529,0.39377153655192854,0.3035600190042432
2574,0.2714,26,75,26,563175,42435,89453,18503,0.393076809070362,0.30363648298270374
2575,0.2715,21,85,21,563260,42350,89474,18482,0.3922894512579199,0.30382035770647026
2576,0.2716,23,63,23,563323,42287,89497,18459,0.39170588017340396,0.3038718598755474
2577,0.2717,51,156,51,563479,42131,89548,18408,0.3902608470117455,0.3040684517418524
2578,0.2718,23,83,23,563562,42048,89571,18385,0.38949201526547855,0.30422120364701405
2579,0.2719,24,73,24,563635,41975,89595,18361,0.38881581385008707,0.3043125165738531
2580,0.272,22,83,22,563718,41892,89617,18339,0.38804698210382005,0.3044777606216068
2581,0.2721,37,98,37,563816,41794,89654,18302,0.38713920486123976,0.30454605963791265
2582,0.2722,49,111,49,563927,41683,89703,18253,0.38611100818852123,0.30454151094500803
2583,0.2723,28,59,28,563986,41624,89731,18225,0.38556448923635556,0.3045163661882404
2584,0.2724,26,59,26,564045,41565,89757,18199,0.3850179702841899,0.30451442339870155
2585,0.2725,25,59,25,564104,41506,89782,18174,0.38447145133202415,0.30452412868632706
2586,0.2726,10,50,10,564154,41456,89792,18164,0.38400829967764644,0.3046628648104663
2587,0.2727,37,112,37,564266,41344,89829,18127,0.3829708399718404,0.30480402212843233
2588,0.2728,28,76,28,564342,41268,89857,18099,0.38226684945718625,0.30486633988579515
2589,0.2729,21,60,21,564402,41208,89878,18078,0.381711067471933,0.3049286509462605
2590,0.273,28,69,28,564471,41139,89906,18050,0.38107191818889175,0.3049553126425518
2591,0.2731,35,87,35,564558,41052,89941,18015,0.38026603431027456,0.30499263548174105
2592,0.2732,12,68,12,564626,40984,89953,18003,0.37963614806032087,0.30520284130401615
2593,0.2733,27,79,27,564705,40905,89980,17976,0.37890436844640407,0.3052937280277169
2594,0.2734,54,120,54,564825,40785,90034,17922,0.3777928044758976,0.305278757218049
2595,0.2735,33,59,33,564884,40726,90067,17889,0.3772462855237319,0.30519491597713894
2596,0.2736,21,66,21,564950,40660,90088,17868,0.3766349253399533,0.30528977583378897
2597,0.2737,22,56,22,565006,40604,90110,17846,0.3761161954870503,0.3053207869974337
2598,0.2738,14,62,14,565068,40542,90124,17832,0.37554188743562195,0.3054784664405386
2599,0.2739,54,140,54,565208,40402,90178,17778,0.37424506280336434,0.3055689240288759
2600,0.274,21,61,21,565269,40341,90199,17757,0.3736800177850235,0.3056387483218011
2601,0.2741,40,100,40,565369,40241,90239,17717,0.3727537144762681,0.30568687670382
2602,0.2742,29,82,29,565451,40159,90268,17688,0.37199414576308865,0.305772123014158
2603,0.2743,15,41,15,565492,40118,90283,17673,0.37161436140649895,0.305808862971743
2604,0.2744,28,85,28,565577,40033,90311,17645,0.37082700359405685,0.3059225354554596
2605,0.2745,37,111,37,565688,39922,90348,17608,0.3697988069213383,0.3060664001390579
2606,0.2746,35,82,35,565770,39840,90383,17573,0.36903923820815887,0.3060805044153763
2607,0.2747,16,51,16,565821,39789,90399,17557,0.36856682352069364,0.3061591043839152
2608,0.2748,30,54,30,565875,39735,90429,17527,0.3680666197339657,0.3060843142048828
2609,0.2749,30,46,30,565921,39689,90459,17497,0.3676405202119382,0.30596649529605147
2610,0.275,34,85,34,566006,39604,90493,17463,0.3668531623994961,0.306008726584541
2611,0.2751,32,105,32,566111,39499,90525,17431,0.3658805439253029,0.30618303179343054
2612,0.2752,20,65,20,566176,39434,90545,17411,0.36527844677461185,0.30628903157709564
2613,0.2753,20,41,20,566217,39393,90565,17391,0.36489866241802216,0.3062658495350803
2614,0.2754,21,70,21,566287,39323,90586,17370,0.3642502501018934,0.30638703190870126
2615,0.2755,49,82,49,566369,39241,90635,17321,0.36349068138871393,0.3062303313178459
2616,0.2756,21,48,21,566417,39193,90656,17300,0.3630460558005113,0.3062326305914007
2617,0.2757,11,32,11,566449,39161,90667,17289,0.36274963874170957,0.3062710363153233
2618,0.2758,43,106,43,566555,39055,90710,17246,0.36176775723442883,0.30631782739205343
2619,0.2759,15,48,15,566603,39007,90725,17231,0.36132313164622626,0.30639425299619477
2620,0.276,27,90,27,566693,38917,90752,17204,0.36048945866834636,0.3065519146130682
2621,0.2761,20,72,20,566765,38845,90772,17184,0.35982252028604245,0.30669831694301164
2622,0.2762,27,75,27,566840,38770,90799,17157,0.3591277928044759,0.3067749029985517
2623,0.2763,35,82,35,566922,38688,90834,17122,0.35836822409129643,0.30679089768858625
2624,0.2764,44,84,44,567006,38604,90878,17078,0.3575901293119419,0.3067059372867354
2625,0.2765,20,91,20,567097,38513,90898,17058,0.3567471933009745,0.3069586654909935
2626,0.2766,34,69,34,567166,38444,90932,17024,0.3561080440179332,0.3069156991418476
2627,0.2767,26,63,26,567229,38381,90958,16998,0.3555244729334173,0.30693945358348834
2628,0.2768,27,77,27,567306,38304,90985,16971,0.35481121938567567,0.30702849389416553
2629,0.2769,20,37,20,567343,38267,91005,16951,0.35446848716143614,0.3069832301061248
2630,0.277,21,62,21,567405,38205,91026,16930,0.35389417911000776,0.307064478099211
2631,0.2771,24,59,24,567464,38146,91050,16906,0.3533476601578421,0.3070914771488774
2632,0.2772,37,86,37,567550,38060,91087,16869,0.3525510393123124,0.30710553623768866
2633,0.2773,17,46,17,567596,38014,91104,16852,0.3521249397902849,0.3071483250100244
2634,0.2774,25,66,25,567662,37948,91129,16827,0.35151357960650637,0.30720219078046557
2635,0.2775,17,84,17,567746,37864,91146,16810,0.3507354848271518,0.3074587555327944
2636,0.2776,15,52,15,567798,37812,91161,16795,0.350253807106599,0.30756130166462176
2637,0.2777,23,62,23,567860,37750,91184,16772,0.34967949905517065,0.30761894281207586
2638,0.2778,21,74,21,567934,37676,91205,16751,0.3489940346066916,0.30777004060484686
2639,0.2779,17,51,17,567985,37625,91222,16734,0.34852161991922637,0.307842307621553
2640,0.278,19,40,19,568025,37585,91241,16715,0.3481510985957242,0.3078268876611418
2641,0.2781,23,30,23,568055,37555,91264,16692,0.34787320760309753,0.3077036518148469
2642,0.2782,30,71,30,568126,37484,91294,16662,0.3472155322538812,0.30772356222066266
2643,0.2783,29,85,29,568211,37399,91323,16633,0.3464281744414391,0.30783609712762805
2644,0.2784,38,92,38,568303,37307,91361,16595,0.3455759753973841,0.30787354829134356
2645,0.2785,30,48,30,568351,37259,91391,16565,0.34513134980918153,0.30776233650416174
2646,0.2786,19,48,19,568399,37211,91410,16546,0.3446867242209789,0.3077924735383299
2647,0.2787,25,77,25,568476,37134,91435,16521,0.34397347067323725,0.30791165781381047
2648,0.2788,29,81,29,568557,37053,91464,16492,0.34322316499314537,0.3080026146232141
2649,0.2789,29,56,29,568613,36997,91493,16463,0.34270443514024235,0.30794986906098015
2650,0.279,26,81,26,568694,36916,91519,16437,0.3419541294601504,0.30808014544636664
2651,0.2791,22,78,22,568772,36838,91541,16415,0.3412316128793212,0.30824554485193323
2652,0.2792,36,103,36,568875,36735,91577,16379,0.3402775204713031,0.308374439884023
2653,0.2793,38,107,38,568982,36628,91615,16341,0.3392863759309348,0.30850119881440086
2654,0.2794,40,77,40,569059,36551,91655,16301,0.33857312238319315,0.30842730644062666
2655,0.2795,40,112,40,569171,36439,91695,16261,0.3375356626773871,0.3085578747628083
2656,0.2796,28,105,28,569276,36334,91723,16233,0.3365630442031939,0.3088059048452451
2657,0.2797,5,20,5,569296,36314,91728,16228,0.3363777835414428,0.3088576757641506
2658,0.2798,23,59,23,569355,36255,91751,16205,0.3358312645892771,0.30890202058711397
2659,0.2799,32,98,32,569453,36157,91783,16173,0.3349234873466968,0.3090579017771833
2660,0.28,26,60,26,569513,36097,91809,16147,0.33436770536144356,0.30906898399816246
2661,0.2801,27,79,27,569592,36018,91836,16120,0.33363592574752676,0.30917948521232114
2662,0.2802,26,73,26,569665,35945,91862,16094,0.33295972433213533,0.30926804896327753
2663,0.2803,21,56,21,569721,35889,91883,16073,0.33244099447923225,0.30932219699010816
2664,0.2804,39,67,39,569788,35822,91922,16034,0.33182037126236613,0.3092024066646097
2665,0.2805,23,74,23,569862,35748,91945,16011,0.33113490681388713,0.3093375065206051
2666,0.2806,21,54,21,569916,35694,91966,15990,0.3306347030271592,0.3093800789412584
2667,0.2807,23,75,23,569991,35619,91989,15967,0.3299399755455926,0.30952196332338233
2668,0.2808,14,44,14,570035,35575,92003,15953,0.3295324020897403,0.30959866480360193
2669,0.2809,34,96,34,570131,35479,92037,15919,0.32864315091333507,0.30972022257675397
2670,0.281,16,53,16,570184,35426,92053,15903,0.3281522101596947,0.3098248553449317
2671,0.2811,27,106,27,570290,35320,92080,15876,0.32717032865241397,0.3101023517462302
2672,0.2812,21,54,21,570344,35266,92101,15855,0.32667012486568603,0.3101465151307682
2673,0.2813,17,41,17,570385,35225,92118,15838,0.3262903405090963,0.31016587352877817
2674,0.2814,21,52,21,570437,35173,92139,15817,0.3258086627885435,0.3101980780545205
2675,0.2815,40,85,40,570522,35088,92179,15777,0.3250213049761014,0.31017398997345913
2676,0.2816,14,35,14,570557,35053,92193,15763,0.324697098818037,0.31019757556675065
2677,0.2817,26,65,26,570622,34988,92219,15737,0.32409500166734595,0.3102414982750123
2678,0.2818,34,99,34,570721,34889,92253,15703,0.3231779613916781,0.31038504111321946
2679,0.2819,29,55,29,570776,34834,92282,15674,0.3226684945718626,0.31032707689870914
2680,0.282,26,68,26,570844,34766,92308,15648,0.32203860832190895,0.31038997103979055
2681,0.2821,17,49,17,570893,34717,92325,15631,0.32158471970061875,0.3104592039405736
2682,0.2822,28,82,28,570975,34635,92353,15603,0.3208251509874393,0.3105816314343724
2683,0.2823,27,65,27,571040,34570,92380,15576,0.3202230538367483,0.3106130100107686
2684,0.2824,18,42,18,571082,34528,92398,15558,0.31983400644707105,0.31062572375514114
2685,0.2825,52,121,52,571203,34407,92450,15506,0.318713179443477,0.3106605493558792
2686,0.2826,20,65,20,571268,34342,92470,15486,0.31811108229278595,0.310789114554066
2687,0.2827,30,76,30,571344,34266,92500,15456,0.3174070917781318,0.3108483166405213
2688,0.2828,55,141,55,571485,34125,92555,15401,0.3161010041127867,0.31096797641642776
2689,0.2829,48,121,48,571606,34004,92603,15353,0.3149801771091926,0.3110602346171769
2690,0.283,25,73,25,571679,33931,92628,15328,0.3143039756938012,0.31117156255709616
2691,0.2831,22,65,22,571744,33866,92650,15306,0.31370187854311016,0.3112747091840885
2692,0.2832,43,82,43,571826,33784,92693,15263,0.3129423098299307,0.31119130629804065
2693,0.2833,13,53,13,571879,33731,92706,15250,0.31245136907629034,0.3113452154917213
2694,0.2834,41,75,41,571954,33656,92747,15209,0.31175664159472377,0.3112452675739282
2695,0.2835,34,68,34,572022,33588,92781,15175,0.3111267553447701,0.311199064864754
2696,0.2836,26,81,26,572103,33507,92807,15149,0.3103764496646782,0.3113490628082867
2697,0.2837,32,78,32,572181,33429,92839,15117,0.309653933083849,0.31139537758002717
2698,0.2838,9,34,9,572215,33395,92848,15108,0.30933898995887216,0.3114858874708781
2699,0.2839,18,61,18,572276,33334,92866,15090,0.30877394494053134,0.3116223360317198
2700,0.284,14,15,14,572291,33319,92880,15076,0.308634999444218,0.3115197851017667
2701,0.2841,12,76,12,572367,33243,92892,15064,0.3079310089295639,0.3118388639327634
2702,0.2842,24,79,24,572446,33164,92916,15040,0.30719922931564714,0.31200730229856444
2703,0.2843,36,72,36,572518,33092,92952,15004,0.3065322909333432,0.3119594145043247
2704,0.2844,35,96,35,572614,32996,92987,14969,0.305643039756938,0.3120817262587303
2705,0.2845,11,21,11,572635,32975,92998,14958,0.3054485160620994,0.31206058456595664
2706,0.2846,12,48,12,572683,32927,93010,14946,0.30500389047389675,0.31220103189689385
2707,0.2847,51,148,51,572831,32779,93061,14895,0.30363296157693875,0.31243445064395686
2708,0.2848,28,70,28,572901,32709,93089,14867,0.30298454926081,0.3124894904994115
2709,0.2849,56,122,56,573023,32587,93145,14811,0.30185445922412835,0.3124815393054559
2710,0.285,18,49,18,573072,32538,93163,14793,0.3014005706028382,0.3125435760917792
2711,0.2851,24,50,24,573122,32488,93187,14769,0.3009374189484605,0.3125251285523838
2712,0.2852,32,64,32,573186,32424,93219,14737,0.300344584830857,0.3124827717817688
2713,0.2853,30,66,30,573252,32358,93249,14707,0.29973322464707847,0.3124827366408159
2714,0.2854,37,84,37,573336,32274,93286,14670,0.2989551298677239,0.3125
2715,0.2855,33,117,33,573453,32157,93319,14637,0.29787135499648004,0.3127965123733812
2716,0.2856,37,62,37,573515,32095,93356,14600,0.2972970469450517,0.31266730913374025
2717,0.2857,26,85,26,573600,32010,93382,14574,0.29650968913260956,0.3128541988665636
2718,0.2858,16,47,16,573647,31963,93398,14558,0.29607432657749455,0.31293394381032225
2719,0.2859,48,111,48,573758,31852,93446,14510,0.295046129904776,0.3129718303783271
2720,0.286,18,45,18,573803,31807,93464,14492,0.2946292934158361,0.3130089202790557
2721,0.2861,37,57,37,573860,31750,93501,14455,0.2941013005298455,0.31284493020235904
2722,0.2862,14,35,14,573895,31715,93515,14441,0.2937770943717811,0.31287373255914724
2723,0.2863,14,32,14,573927,31683,93529,14427,0.2934806773129794,0.3128822381262199
2724,0.2864,28,90,28,574017,31593,93557,14399,0.2926470043350995,0.31307618716298485
2725,0.2865,31,54,31,574071,31539,93588,14368,0.29214680054837155,0.3129805911952426
2726,0.2866,22,75,22,574146,31464,93610,14346,0.291452073066805,0.3131630648330059
2727,0.2867,29,50,29,574196,31414,93639,14317,0.29098892141242727,0.3130699088145897
2728,0.2868,12,36,12,574232,31378,93651,14305,0.2906554522212753,0.3131361775715255
2729,0.2869,44,79,44,574311,31299,93695,14261,0.2899236726073586,0.3130158033362599
2730,0.287,27,65,27,574376,31234,93722,14234,0.28932157545666753,0.3130553356206563
2731,0.2871,18,63,18,574439,31171,93740,14216,0.28873800437215164,0.3132174411175006
2732,0.2872,17,56,17,574495,31115,93757,14199,0.28821927451924856,0.31334686851745597
2733,0.2873,22,66,22,574561,31049,93779,14177,0.28760791433547,0.3134701278025914
2734,0.2874,18,56,18,574617,30993,93797,14159,0.287089184482567,0.31358522324592486
2735,0.2875,26,75,26,574692,30918,93823,14133,0.2863944570010004,0.3137111273889592
2736,0.2876,42,77,42,574769,30841,93865,14091,0.28568120345325876,0.3136072287011484
2737,0.2877,24,58,24,574827,30783,93889,14067,0.2851439475341806,0.3136454849498328
2738,0.2878,26,64,26,574891,30719,93915,14041,0.28455111341657713,0.3136952636282395
2739,0.2879,19,82,19,574973,30637,93934,14022,0.2837915447033977,0.31397926509774066
2740,0.288,24,54,24,575027,30583,93958,13998,0.28329134091666974,0.31399026491106075
2741,0.2881,15,26,15,575053,30557,93973,13983,0.28305050205639337,0.31394252357431524
2742,0.2882,28,57,28,575110,30500,94001,13955,0.2825225091704028,0.31391294567540207
2743,0.2883,18,38,18,575148,30462,94019,13937,0.2821705139130757,0.3139034662942859
2744,0.2884,37,95,37,575243,30367,94056,13900,0.28129052576975805,0.3140036596109969
2745,0.2885,27,64,27,575307,30303,94083,13873,0.2806976916521546,0.3140392973560304
2746,0.2886,26,50,26,575357,30253,94109,13847,0.28023453999777687,0.3139909297052154
2747,0.2887,20,52,20,575409,30201,94129,13827,0.27975286227722407,0.31405014990460617
2748,0.2888,26,66,26,575475,30135,94155,13801,0.27914150209344546,0.31411598689002185
2749,0.2889,16,58,16,575533,30077,94171,13785,0.27860424617436735,0.3142811545301172
2750,0.289,21,60,21,575593,30017,94192,13764,0.2780484641891141,0.3143829515086453
2751,0.2891,15,66,15,575659,29951,94207,13749,0.2774371040053355,0.3146224256292906
2752,0.2892,10,48,10,575707,29903,94217,13739,0.2769924784171329,0.3148114201915586
2753,0.2893,28,90,28,575797,29813,94245,13711,0.27615880543925303,0.3150215972796618
2754,0.2894,37,77,37,575874,29736,94282,13674,0.2754455518915114,0.3149965445749827
2755,0.2895,16,60,16,575934,29676,94298,13658,0.27488976990625813,0.3151797664651313
2756,0.2896,26,56,26,575990,29620,94324,13632,0.27437104005335505,0.3151761768241931
2757,0.2897,24,66,24,576056,29554,94348,13608,0.2737596798695765,0.31527732727862473
2758,0.2898,18,32,18,576088,29522,94366,13590,0.27346326281077477,0.31522545926888107
2759,0.2899,25,78,25,576166,29444,94391,13565,0.27274074622994554,0.3153991025134274
2760,0.29,25,80,25,576246,29364,94416,13540,0.2719997035829412,0.31558829013611783
2761,0.2901,22,80,22,576326,29284,94438,13518,0.27125866093593687,0.31582636325405355
2762,0.2902,29,47,29,576373,29237,94467,13489,0.2708232983808218,0.31570940410990966
2763,0.2903,34,82,34,576455,29155,94501,13455,0.27006372966764236,0.31577094578737386
2764,0.2904,29,64,29,576519,29091,94530,13426,0.2694708955500389,0.31577957052473127
2765,0.2905,17,36,17,576555,29055,94547,13409,0.26913742635888693,0.31577336096458175
2766,0.2906,22,43,22,576598,29012,94569,13387,0.2687391159361221,0.3157385787400646
2767,0.2907,24,62,24,576660,28950,94593,13363,0.26816480788469377,0.3158131070829296
2768,0.2908,18,50,18,576710,28900,94611,13345,0.26770165623031605,0.3158953722334004
2769,0.2909,26,39,26,576749,28861,94637,13319,0.26734039793990144,0.31576576576576576
2770,0.291,20,64,20,576813,28797,94657,13299,0.266747563822298,0.3159207525655644
2771,0.2911,37,101,37,576914,28696,94694,13262,0.265811997480455,0.31607798274464943
2772,0.2912,18,44,18,576958,28652,94712,13244,0.2654044240246026,0.3161160970021004
2773,0.2913,32,94,32,577052,28558,94744,13212,0.2645336989143725,0.3163035671534594
2774,0.2914,18,62,18,577114,28496,94762,13194,0.2639593908629442,0.31647877188774287
2775,0.2915,25,80,25,577194,28416,94787,13169,0.2632183482159398,0.3166766863051581
2776,0.2916,24,53,24,577247,28363,94811,13145,0.26272740746229944,0.31668594005974754
2777,0.2917,7,40,7,577287,28323,94818,13138,0.26235688613879726,0.31687610043173103
2778,0.2918,20,85,20,577372,28238,94838,13118,0.26156952832635516,0.3171970209884902
2779,0.2919,40,101,40,577473,28137,94878,13078,0.2606339619845122,0.3173116583768046
2780,0.292,25,51,25,577524,28086,94903,13053,0.26016154729704694,0.31729016261941223
2781,0.2921,28,72,28,577596,28014,94931,13025,0.259494608914743,0.3173810278028217
2782,0.2922,20,32,20,577628,27982,94951,13005,0.2591981918559413,0.31729572791372873
2783,0.2923,34,84,34,577712,27898,94985,12971,0.25842009707658675,0.31737992121167635
2784,0.2924,22,93,22,577805,27805,95007,12949,0.2575586349994442,0.31773568238700495
2785,0.2925,16,54,16,577859,27751,95023,12933,0.25705843121271627,0.31788909645069313
2786,0.2926,9,19,9,577878,27732,95032,12924,0.25688243358405277,0.31788665879574973
2787,0.2927,34,82,34,577960,27650,95066,12890,0.2561228648708733,0.3179575727676369
2788,0.2928,37,77,37,578037,27573,95103,12853,0.25540961132313167,0.31793895018057683
2789,0.2929,28,64,28,578101,27509,95131,12825,0.2548167772055282,0.3179699509099023
2790,0.293,11,43,11,578144,27466,95142,12814,0.25441846678276336,0.31812313803376363
2791,0.2931,32,72,32,578216,27394,95174,12782,0.25375152840045945,0.3181501393866985
2792,0.2932,46,94,46,578310,27300,95220,12736,0.25288080329022933,0.31811369767209513
2793,0.2933,35,81,35,578391,27219,95255,12701,0.25213049761013745,0.31816132264529057
2794,0.2934,34,80,34,578471,27139,95289,12667,0.25138945496313314,0.31821835904135054
2795,0.2935,23,55,23,578526,27084,95312,12644,0.25087998814331763,0.31826419653644783
2796,0.2936,42,103,42,578629,26981,95354,12602,0.24992589573529958,0.31836899679155195
2797,0.2937,21,58,21,578687,26923,95375,12581,0.24938863981622142,0.3184740785743216
2798,0.2938,20,53,20,578740,26870,95395,12561,0.24889769906258105,0.31855646572493723
2799,0.2939,24,80,24,578820,26790,95419,12537,0.24815665641557672,0.3187886185063697
2800,0.294,16,53,16,578873,26737,95435,12521,0.24766571566193635,0.31894136227011055
2801,0.2941,15,38,15,578911,26699,95450,12506,0.24731372040460928,0.3189899247544956
2802,0.2942,11,20,11,578931,26679,95461,12495,0.24712845974285821,0.3189615561341706
2803,0.2943,21,63,21,578994,26616,95482,12474,0.2465448886583423,0.31910974673829623
2804,0.2944,37,50,37,579044,26566,95519,12437,0.24608173700396457,0.31887290721226574
2805,0.2945,15,60,15,579104,26506,95534,12422,0.24552595501871133,0.31910193177147556
2806,0.2946,24,64,24,579168,26442,95558,12398,0.24493312090110786,0.3192070030895984
2807,0.2947,28,80,28,579248,26362,95586,12370,0.24419207825410352,0.3193741609005474
2808,0.2948,20,47,20,579295,26315,95606,12350,0.24375671569898846,0.3194103194103194
2809,0.2949,21,66,21,579361,26249,95627,12329,0.2431453555152099,0.31958629270568717
2810,0.295,29,79,29,579440,26170,95656,12300,0.24241357590129312,0.3197296594749155
2811,0.2951,20,44,20,579484,26126,95676,12280,0.24200600244544074,0.31974170702494403
2812,0.2952,23,42,23,579526,26084,95699,12257,0.24161695505576347,0.3196838893090947
2813,0.2953,14,39,14,579565,26045,95713,12243,0.24125569676534886,0.31976076055160885
2814,0.2954,23,48,23,579613,25997,95736,12220,0.24081107117714626,0.3197529895072873
2815,0.2955,22,55,22,579668,25942,95758,12198,0.24030160435733078,0.31982170949134764
2816,0.2956,28,67,28,579735,25875,95786,12170,0.23968098114046463,0.3198843474832435
2817,0.2957,19,37,19,579772,25838,95805,12151,0.23933824891622513,0.31985574771644426
2818,0.2958,20,63,20,579835,25775,95825,12131,0.23875467783170923,0.3200284915316836
2819,0.2959,26,62,26,579897,25713,95851,12105,0.23818036978028084,0.32008567348881484
2820,0.296,33,89,33,579986,25624,95884,12072,0.23735595983548854,0.32024617996604415
2821,0.2961,26,52,26,580038,25572,95910,12046,0.23687428211493572,0.32021904407464513
2822,0.2962,14,33,14,580071,25539,95924,12032,0.23656860202304641,0.3202469990151979
2823,0.2963,15,53,15,580124,25486,95939,12017,0.23607766126940605,0.32042769911740393
2824,0.2964,26,69,26,580193,25417,95965,11991,0.2354385119863648,0.32054640718562877
2825,0.2965,22,52,22,580245,25365,95987,11969,0.234956834265812,0.3205924894198318
2826,0.2966,10,55,10,580300,25310,95997,11959,0.2344473674459965,0.3208833078429794
2827,0.2967,22,58,22,580358,25252,96019,11937,0.23391011152691837,0.320982010809648
2828,0.2968,47,107,47,580465,25145,96066,11890,0.23291896698655007,0.32104765762116916
2829,0.2969,27,53,27,580518,25092,96093,11863,0.2324280262329097,0.3210120416723041
2830,0.297,20,53,20,580571,25039,96113,11843,0.23193708547926933,0.32110514614174934
2831,0.2971,7,26,7,580597,25013,96120,11836,0.23169624661899293,0.32120274634318435
2832,0.2972,17,44,17,580641,24969,96137,11819,0.23128867316314053,0.3212732412743286
2833,0.2973,9,39,9,580680,24930,96146,11810,0.23092741487272592,0.32144801306477955
2834,0.2974,11,35,11,580715,24895,96157,11799,0.23060320871466153,0.32155120728184444
2835,0.2975,13,34,13,580749,24861,96170,11786,0.23028826558968468,0.32160886293557456
2836,0.2976,11,44,11,580793,24817,96181,11775,0.2298806921338323,0.32179164844774816
2837,0.2977,18,65,18,580858,24752,96199,11757,0.2292785949831413,0.3220301843381084
2838,0.2978,14,39,14,580897,24713,96213,11743,0.22891733669272665,0.3221143296028089
2839,0.2979,24,40,24,580937,24673,96237,11719,0.2285468153692245,0.3220213233677731
2840,0.298,29,93,29,581030,24580,96266,11690,0.22768535329208195,0.322304935208161
2841,0.2981,37,98,37,581128,24482,96303,11653,0.22677757604950166,0.32248512522485123
2842,0.2982,24,52,24,581180,24430,96327,11629,0.22629589832894884,0.32249923736099173
2843,0.2983,25,53,25,581233,24377,96352,11604,0.22580495757530847,0.32250354353686667
2844,0.2984,24,32,24,581265,24345,96376,11580,0.22550854051650673,0.32233820459290186
2845,0.2985,13,12,13,581277,24333,96389,11567,0.22539738411945606,0.32220055710306406
2846,0.2986,11,46,11,581323,24287,96400,11556,0.22497128459742857,0.32240604860084254
2847,0.2987,20,77,20,581400,24210,96420,11536,0.22425803104968692,0.3227214233760421
2848,0.2988,11,21,11,581421,24189,96431,11525,0.22406350735484828,0.32270258162065296
2849,0.2989,11,56,11,581477,24133,96442,11514,0.22354477750194524,0.32300053300417986
2850,0.299,27,66,27,581543,24067,96469,11487,0.22293341731816665,0.3230860100129381
2851,0.2991,4,31,4,581574,24036,96473,11483,0.2226462632924525,0.32329175934007154
2852,0.2992,18,38,18,581612,23998,96491,11465,0.22229426803512542,0.323294701519894
2853,0.2993,16,57,16,581669,23941,96507,11449,0.22176627514913483,0.3235094659508336
2854,0.2994,37,84,37,581753,23857,96544,11412,0.22098818036978027,0.323570274178457
2855,0.2995,24,57,24,581810,23800,96568,11388,0.2204601874837897,0.32363305672388315
2856,0.2996,11,49,11,581859,23751,96579,11377,0.22000629886249953,0.3238726941471191
2857,0.2997,12,27,12,581886,23724,96591,11365,0.21975619696913556,0.32389067799025334
2858,0.2998,32,55,32,581941,23669,96623,11333,0.21924673014932008,0.3237814982001028
2859,0.2999,7,24,7,581965,23645,96630,11326,0.2190244173552188,0.323868348059821
2860,0.3,18,34,18,581999,23611,96648,11308,0.21870947423024195,0.3238351613734643
2861,0.3001,45,69,45,582068,23542,96693,11263,0.21807032494720072,0.3236029306134176
2862,0.3002,20,40,20,582108,23502,96713,11243,0.21769980362369853,0.32358612750035975
2863,0.3003,17,40,17,582148,23462,96730,11226,0.21732928230019638,0.3236277675276753
2864,0.3004,37,93,37,582241,23369,96767,11189,0.21646782022305383,0.32377452398865675
2865,0.3005,15,32,15,582273,23337,96782,11174,0.2161714031642521,0.32378082350554893
2866,0.3006,21,47,21,582320,23290,96803,11153,0.21573604060913706,0.323810353337398
2867,0.3007,16,19,16,582339,23271,96819,11137,0.21556004298047352,0.32367472680771914
2868,0.3008,18,58,18,582397,23213,96837,11119,0.21502278706139538,0.3238669462891763
2869,0.3009,13,46,13,582443,23167,96850,11106,0.2145966875393679,0.3240451667493362
2870,0.301,21,59,21,582502,23108,96871,11085,0.2140501685872022,0.3241891615242886
2871,0.3011,25,58,25,582560,23050,96896,11060,0.21351291266812406,0.32424508941659336
2872,0.3012,29,60,29,582620,22990,96925,11031,0.2129571306828708,0.3242409100261603
2873,0.3013,17,31,17,582651,22959,96942,11014,0.21266997665715662,0.3241986283224914
2874,0.3014,14,37,14,582688,22922,96956,11000,0.21232724443291712,0.32427333294027477
2875,0.3015,24,52,24,582740,22870,96980,10976,0.2118455667123643,0.3242923831471961
2876,0.3016,15,25,15,582765,22845,96995,10961,0.21161399088517543,0.3242323847837662
2877,0.3017,23,55,23,582820,22790,97018,10938,0.21110452406535996,0.324300284629981
2878,0.3018,23,43,23,582863,22747,97041,10915,0.21070621364259512,0.3242528667340027
2879,0.3019,19,71,19,582934,22676,97060,10896,0.21004853829337877,0.3245561777671869
2880,0.302,22,52,22,582986,22624,97082,10874,0.20956686057282597,0.32461639500865724
2881,0.3021,42,78,42,583064,22546,97124,10832,0.20884434399199675,0.32452513631733476
2882,0.3022,18,43,18,583107,22503,97142,10814,0.20844603356923191,0.3245790437314284
2883,0.3023,25,64,25,583171,22439,97167,10789,0.20785319945162845,0.3246960394847719
2884,0.3024,22,28,22,583199,22411,97189,10767,0.20759383452517693,0.3245222737958888
2885,0.3025,20,49,20,583248,22362,97209,10747,0.20713994590388676,0.32459452112718595
2886,0.3026,17,53,17,583301,22309,97226,10730,0.2066490051502464,0.32476769878022943
2887,0.3027,19,34,19,583335,22275,97245,10711,0.20633406202526955,0.324713514824471
2888,0.3028,17,55,17,583390,22220,97262,10694,0.20582459520545407,0.32490733426505436
2889,0.3029,27,88,27,583478,22132,97289,10667,0.2050094482937493,0.32522332997957254
2890,0.303,38,88,38,583566,22044,97327,10629,0.20419430138204453,0.3253144798457442
2891,0.3031,13,45,13,583611,21999,97340,10616,0.2037774648931046,0.32549440441514643
2892,0.3032,18,48,18,583659,21951,97358,10598,0.203332839304902,0.32560140096469936
2893,0.3033,12,35,12,583694,21916,97370,10586,0.2030086331468376,0.3257030336594671
2894,0.3034,20,44,20,583738,21872,97390,10566,0.2026010596909852,0.32572908317405513
2895,0.3035,31,84,31,583822,21788,97421,10535,0.20182296491163065,0.3259289051140055
2896,0.3036,17,53,17,583875,21735,97438,10518,0.20133202415799029,0.32610919914426567
2897,0.3037,16,61,16,583936,21674,97454,10502,0.2007669791396495,0.32639234211834905
2898,0.3038,23,41,23,583977,21633,97477,10479,0.20038719478305977,0.32632660687593423
2899,0.3039,24,75,24,584052,21558,97501,10455,0.1996924673014932,0.32658607440727205
2900,0.304,6,17,6,584069,21541,97507,10449,0.19953499573900477,0.32663332291341046
2901,0.3041,22,66,22,584135,21475,97529,10427,0.1989236355552262,0.3268447119302865
2902,0.3042,11,34,11,584169,21441,97540,10416,0.19860869243024937,0.3269611074489123
2903,0.3043,11,37,11,584206,21404,97551,10405,0.19826596020600987,0.3271086799333522
2904,0.3044,15,55,15,584261,21349,97566,10390,0.1977564933861944,0.327357509688396
2905,0.3045,22,66,22,584327,21283,97588,10368,0.1971451332024158,0.3275725885438059
2906,0.3046,20,32,20,584359,21251,97608,10348,0.19684871614361407,0.3274787176809393
2907,0.3047,17,37,17,584396,21214,97625,10331,0.19650598391937457,0.3275003962593121
2908,0.3048,14,35,14,584431,21179,97639,10317,0.19618177776131016,0.3275654051308103
2909,0.3049,26,50,26,584481,21129,97665,10291,0.19571862610693244,0.32753023551877786
2910,0.305,16,43,16,584524,21086,97681,10275,0.19532031568416763,0.3276362360894104
2911,0.3051,22,78,22,584602,21008,97703,10253,0.1945977991033384,0.32798055084610217
2912,0.3052,13,34,13,584636,20974,97716,10240,0.19428285597836156,0.3280579227269815
2913,0.3053,19,48,19,584684,20926,97735,10221,0.19383823039015896,0.3281535942466369
2914,0.3054,10,29,10,584713,20897,97745,10211,0.19356960243061988,0.3282435386395782
2915,0.3055,14,22,14,584735,20875,97759,10197,0.19336581570269368,0.32817327497425336
2916,0.3056,6,40,6,584775,20835,97765,10191,0.19299529437919152,0.3284664474956488
2917,0.3057,13,38,13,584813,20797,97778,10178,0.19264329912186445,0.3285875706214689
2918,0.3058,18,39,18,584852,20758,97796,10160,0.19228204083144984,0.3286111650171421
2919,0.3059,8,39,8,584891,20719,97804,10152,0.19192078254103523,0.32885232094846295
2920,0.306,11,33,11,584924,20686,97815,10141,0.19161510244914595,0.3289648684594674
2921,0.3061,14,31,14,584955,20655,97829,10127,0.19132794842343176,0.32899096874796957
2922,0.3062,16,36,16,584991,20619,97845,10111,0.19099447923227983,0.3290270094370322
2923,0.3063,16,28,16,585019,20591,97861,10095,0.1907351143058283,0.3289773838232419
2924,0.3064,26,42,26,585061,20549,97887,10069,0.19034606691615102,0.3288588412045202
2925,0.3065,21,50,21,585111,20499,97908,10048,0.1898829152617733,0.3289357383703801
2926,0.3066,7,24,7,585135,20475,97915,10041,0.18966060246767202,0.32904050334250884
2927,0.3067,14,48,14,585183,20427,97929,10027,0.18921597687946942,0.32925067314638473
2928,0.3068,24,51,24,585234,20376,97953,10003,0.18874356219200414,0.329273511307153
2929,0.3069,26,48,26,585282,20328,97979,9977,0.18829893660380154,0.3292196007259528
2930,0.307,5,23,5,585305,20305,97984,9972,0.1880858868427878,0.32935891931168876
2931,0.3071,15,23,15,585328,20282,97999,9957,0.18787283708177405,0.3292767617976785
2932,0.3072,28,55,28,585383,20227,98027,9929,0.18736337026195857,0.3292545430428439
2933,0.3073,13,26,13,585409,20201,98040,9916,0.18712253140168217,0.3292492612145964
2934,0.3074,15,32,15,585441,20169,98055,9901,0.18682611434288043,0.3292650482208181
2935,0.3075,15,21,15,585462,20148,98070,9886,0.1866315906480418,0.32916028501032163
2936,0.3076,23,37,23,585499,20111,98093,9863,0.1862888584238023,0.32905184493227463
2937,0.3077,20,64,20,585563,20047,98113,9843,0.18569602430619883,0.3293074606891937
2938,0.3078,15,41,15,585604,20006,98128,9828,0.1853162399496091,0.329422806194275
2939,0.3079,16,39,16,585643,19967,98144,9812,0.1849549816591945,0.3294939386816213
2940,0.308,15,52,15,585695,19915,98159,9797,0.18447330393864167,0.32973209477652127
2941,0.3081,19,60,19,585755,19855,98178,9778,0.18391752195338842,0.329969965916377
2942,0.3082,21,59,21,585814,19796,98199,9757,0.18337100300122272,0.3301526071803201
2943,0.3083,30,52,30,585866,19744,98229,9727,0.1828893252806699,0.33005327270876456
2944,0.3084,18,40,18,585906,19704,98247,9709,0.18251880395716774,0.33009213613028254
2945,0.3085,14,42,14,585948,19662,98261,9695,0.18212975656749045,0.3302449160336547
2946,0.3086,14,43,14,585991,19619,98275,9681,0.18173144614472564,0.33040955631399316
2947,0.3087,28,49,28,586040,19570,98303,9653,0.18127755752343547,0.33032200663860656
2948,0.3088,3,12,3,586052,19558,98306,9650,0.18116640112638482,0.3303889345384826
2949,0.3089,17,47,17,586099,19511,98323,9633,0.18073103857126976,0.33053115564095525
2950,0.309,10,29,10,586128,19482,98333,9623,0.1804624106117307,0.3306304758632537
2951,0.3091,15,52,15,586180,19430,98348,9608,0.17998073289117789,0.3308767821475308
2952,0.3092,22,41,22,586221,19389,98370,9586,0.17960094853458816,0.3308369283865401
2953,0.3093,14,45,14,586266,19344,98384,9572,0.17918411204564821,0.3310278046756121
2954,0.3094,11,41,11,586307,19303,98395,9561,0.17880432768905852,0.3312430709534368
2955,0.3095,18,25,18,586332,19278,98413,9543,0.17857275186186966,0.33111273030082233
2956,0.3096,9,25,9,586357,19253,98422,9534,0.1783411760346808,0.3311911626775975
2957,0.3097,14,32,14,586389,19221,98436,9520,0.17804475897587907,0.33123412546536307
2958,0.3098,21,39,21,586428,19182,98457,9499,0.17768350068546446,0.33119486768243783
2959,0.3099,26,58,26,586486,19124,98483,9473,0.1771462447663863,0.3312585236213589
2960,0.31,12,14,12,586500,19110,98495,9461,0.17701656230316054,0.3311399670995065
2961,0.3101,30,52,30,586552,19058,98525,9431,0.17653488458260774,0.3310400505458247
2962,0.3102,12,45,12,586597,19013,98537,9419,0.1761180480936678,0.3312816544738323
2963,0.3103,30,72,30,586669,18941,98567,9389,0.17545110971136388,0.3314154606424285
2964,0.3104,20,47,20,586716,18894,98587,9369,0.17501574715624885,0.33149347203057
2965,0.3105,13,37,13,586753,18857,98600,9356,0.17467301493200935,0.3316201750965867
2966,0.3106,5,11,5,586764,18846,98605,9351,0.17457112156804624,0.33163102457708266
2967,0.3107,25,45,25,586809,18801,98630,9326,0.1741542850791063,0.33156753297543284
2968,0.3108,21,34,21,586843,18767,98651,9305,0.17383934195412945,0.33146907950983184
2969,0.3109,27,65,27,586908,18702,98678,9278,0.17323724480343844,0.3315939957112223
2970,0.311,10,32,10,586940,18670,98688,9268,0.1729408277446367,0.33173455508626243
2971,0.3111,25,42,25,586982,18628,98713,9243,0.17255178035495944,0.3316350328298231
2972,0.3112,35,71,35,587053,18557,98748,9208,0.1718941050057431,0.33164055465514136
2973,0.3113,21,34,21,587087,18523,98769,9187,0.17157916188076625,0.33154095994225913
2974,0.3114,14,29,14,587116,18494,98783,9173,0.17131053392122716,0.33155022228647846
2975,0.3115,16,41,16,587157,18453,98799,9157,0.17093074956463744,0.3316551973922492
2976,0.3116,21,60,21,587217,18393,98820,9136,0.1703749675793842,0.3318682117040212
2977,0.3117,14,26,14,587243,18367,98834,9122,0.1701341287191078,0.33184182764014697
2978,0.3118,14,48,14,587291,18319,98848,9108,0.1696895031309052,0.33208152550406533
2979,0.3119,12,27,12,587318,18292,98860,9096,0.16943940123754123,0.33211625529428945
2980,0.312,7,18,7,587336,18274,98867,9089,0.16927266664196525,0.3321638709205862
2981,0.3121,29,55,29,587391,18219,98896,9060,0.16876319982214977,0.33212361156933906
2982,0.3122,20,48,20,587439,18171,98916,9040,0.16831857423394717,0.3322185880710007
2983,0.3123,23,48,23,587487,18123,98939,9017,0.16787394864574456,0.33224023581429624
2984,0.3124,11,45,11,587532,18078,98950,9006,0.16745711215680462,0.33252104563579976
2985,0.3125,19,40,19,587572,18038,98969,8987,0.16708659083330246,0.33254394079555966
2986,0.3126,18,35,18,587607,18003,98987,8969,0.16676238467523807,0.33253003114340796
2987,0.3127,11,23,11,587630,17980,98998,8958,0.1665493349142243,0.33254139134308414
2988,0.3128,18,41,18,587671,17939,99016,8940,0.1661695505576346,0.33260165928791996
2989,0.3129,5,22,5,587693,17917,99021,8935,0.1659657638297084,0.3327498882764785
2990,0.313,14,23,14,587716,17894,99035,8921,0.16575271406869466,0.33268692895767293
2991,0.3131,12,27,12,587743,17867,99047,8909,0.1655026121753307,0.33272333432925005
2992,0.3132,32,77,32,587820,17790,99079,8877,0.164789358627589,0.332883338958263
2993,0.3133,22,28,22,587848,17762,99101,8855,0.1645299937011375,0.33268212044933687
2994,0.3134,9,20,9,587868,17742,99110,8846,0.1643447330393864,0.3327064841281781
2995,0.3135,32,86,32,587954,17656,99142,8814,0.16354811219385676,0.33298073290517566
2996,0.3136,16,25,16,587979,17631,99158,8798,0.1633165363666679,0.33289189905028566
2997,0.3137,22,56,22,588035,17575,99180,8776,0.16279780651376485,0.3330423892831392
2998,0.3138,11,48,11,588083,17527,99191,8765,0.16235318092556228,0.3333713677164156
2999,0.3139,7,36,7,588119,17491,99198,8758,0.16201971173441032,0.33365080574498074
3000,0.314,23,57,23,588176,17434,99221,8735,0.16149171884841973,0.33379189116894037
3001,0.3141,8,27,8,588203,17407,99229,8727,0.16124161695505576,0.3339328078365348
3002,0.3142,36,66,36,588269,17341,99265,8691,0.16063025677127718,0.3338583282114321
3003,0.3143,34,61,34,588330,17280,99299,8657,0.1600652117529364,0.33377028954775034
3004,0.3144,14,47,14,588377,17233,99313,8643,0.15962984919782133,0.3340160766733653
3005,0.3145,7,20,7,588397,17213,99320,8636,0.15944458853607024,0.33409416224999033
3006,0.3146,15,43,15,588440,17170,99335,8621,0.15904627811330543,0.33426389050443955
3007,0.3147,11,52,11,588492,17118,99346,8610,0.1585646003927526,0.33465485074626866
3008,0.3148,20,38,20,588530,17080,99366,8590,0.15821260513542554,0.3346318659914297
3009,0.3149,16,32,16,588562,17048,99382,8574,0.1579161880766238,0.334634298649598
3010,0.315,6,40,6,588602,17008,99388,8568,0.15754566675312165,0.33500156396621833
3011,0.3151,15,45,15,588647,16963,99403,8553,0.1571288302641817,0.33520144223232484
3012,0.3152,21,69,21,588716,16894,99424,8532,0.15648968098114047,0.3355620231259341
3013,0.3153,20,50,20,588766,16844,99444,8512,0.15602652932676275,0.33569963716674556
3014,0.3154,15,21,15,588787,16823,99459,8497,0.15583200563192412,0.33558451816745655
3015,0.3155,13,44,13,588831,16779,99472,8484,0.15542443217607174,0.33582709891936824
3016,0.3156,11,22,11,588853,16757,99483,8473,0.15522064544814554,0.3358303606817281
3017,0.3157,12,22,12,588875,16735,99495,8461,0.15501685872021934,0.3358072709953961
3018,0.3158,17,32,17,588907,16703,99512,8444,0.1547204416614176,0.33578558078498427
3019,0.3159,24,50,24,588957,16653,99536,8420,0.15425729000703992,0.3358194073305947
3020,0.316,10,11,10,588968,16642,99546,8410,0.15415539664307681,0.3357017403800096
3021,0.3161,17,36,17,589004,16606,99563,8393,0.15382192745192486,0.3357334293371735
3022,0.3162,11,16,11,589020,16590,99574,8382,0.153673718922524,0.33565593464680443
3023,0.3163,36,79,36,589099,16511,99610,8346,0.15294193930860722,0.3357605503479905
3024,0.3164,21,36,21,589135,16475,99631,8325,0.15260847011745526,0.33568548387096775
3025,0.3165,19,45,19,589180,16430,99650,8306,0.15219163362851532,0.33578589909443723
3026,0.3166,17,38,17,589218,16392,99667,8289,0.15183963837118827,0.3358453871399052
3027,0.3167,22,69,22,589287,16323,99689,8267,0.151200489088147,0.3361935746238308
3028,0.3168,18,49,18,589336,16274,99707,8249,0.15074660046685687,0.336378094034172
3029,0.3169,13,36,13,589372,16238,99720,8236,0.1504131312757049,0.33652038898422815
3030,0.317,6,23,6,589395,16215,99726,8230,0.15020008151469116,0.336674166496216
3031,0.3171,30,46,30,589441,16169,99756,8200,0.14977398199266367,0.3364930854774509
3032,0.3172,10,23,10,589464,16146,99766,8190,0.14956093223164993,0.33653846153846156
3033,0.3173,19,48,19,589512,16098,99785,8171,0.14911630664344733,0.3366846594420866
3034,0.3174,33,64,33,589576,16034,99818,8138,0.14852347252584386,0.33667052788350155
3035,0.3175,12,41,12,589617,15993,99830,8126,0.14814368816925413,0.3369128073303205
3036,0.3176,16,32,16,589649,15961,99846,8110,0.1478472711104524,0.3369199451622284
3037,0.3177,7,12,7,589661,15949,99853,8103,0.14773611471340176,0.33689506070181274
3038,0.3178,7,29,7,589690,15920,99860,8096,0.14746748675386268,0.33710859427048634
3039,0.3179,22,33,22,589723,15887,99882,8074,0.1471618066619734,0.3369642335461792
3040,0.318,20,30,20,589753,15857,99902,8054,0.14688391566934678,0.33683242022500104
3041,0.3181,18,19,18,589772,15838,99920,8036,0.14670791804068326,0.33660048588422553
3042,0.3182,7,16,7,589788,15822,99927,8029,0.1465597095112824,0.3366315877740975
3043,0.3183,9,30,9,589818,15792,99936,8020,0.14628181851865574,0.3368049722828826
3044,0.3184,7,22,7,589840,15770,99943,8013,0.14607803179072956,0.3369213303620233
3045,0.3185,28,54,28,589894,15716,99971,7985,0.14557782800400162,0.33690561579680184
3046,0.3186,7,18,7,589912,15698,99978,7978,0.14541109340842565,0.3369657036661598
3047,0.3187,14,25,14,589937,15673,99992,7964,0.1451795175812368,0.33692939036256714
3048,0.3188,12,48,12,589985,15625,100004,7952,0.1447348919930342,0.33727785553717604
3049,0.3189,4,23,4,590008,15602,100008,7948,0.14452184223202044,0.33749469214437366
3050,0.319,14,31,14,590039,15571,100022,7934,0.14423468820630628,0.3375452031482663
3051,0.3191,15,47,15,590086,15524,100037,7919,0.14379932565119122,0.33779806338779167
3052,0.3192,15,30,15,590116,15494,100052,7904,0.1435214346585646,0.3378066501410377
3053,0.3193,9,34,9,590150,15460,100061,7895,0.14320649153358775,0.33804324555769644
3054,0.3194,9,23,9,590173,15437,100070,7886,0.142993441772574,0.33812116794580455
3055,0.3195,11,29,11,590202,15408,100081,7875,0.14272481381303495,0.33822960958639353
3056,0.3196,27,57,27,590259,15351,100108,7848,0.14219682092704436,0.33829044355360144
3057,0.3197,21,48,21,590307,15303,100129,7827,0.14175219533884176,0.3383916990920882
3058,0.3198,32,54,32,590361,15249,100161,7795,0.14125199155211382,0.33826592605450445
3059,0.3199,13,33,13,590394,15216,100174,7782,0.14094631146022454,0.33837725019566917
3060,0.32,13,42,13,590436,15174,100187,7769,0.14055726407054725,0.3386218018567755
3061,0.3201,22,29,22,590465,15145,100209,7747,0.1402886361110082,0.3384151668705225
3062,0.3202,7,46,7,590511,15099,100216,7740,0.1398625365889807,0.33889399711020624
3063,0.3203,9,27,9,590538,15072,100225,7731,0.13961243469561674,0.33903433758715956
3064,0.3204,22,58,22,590596,15014,100247,7709,0.13907517877653858,0.3392597808387977
3065,0.3205,13,35,13,590631,14979,100260,7696,0.1387509726184742,0.33940463065049614
3066,0.3206,21,38,21,590669,14941,100281,7675,0.13839897736114715,0.33936151397240893
3067,0.3207,53,100,53,590769,14841,100334,7622,0.13747267405239172,0.33931353781774476
3068,0.3208,13,37,13,590806,14804,100347,7609,0.13712994182815222,0.33949047427832063
3069,0.3209,14,25,14,590831,14779,100361,7595,0.13689836600096336,0.3394565120228837
3070,0.321,18,35,18,590866,14744,100379,7577,0.13657415984289895,0.3394561175574571
3071,0.3211,21,59,21,590925,14685,100400,7556,0.13602764089073327,0.3397329256778023
3072,0.3212,14,21,14,590946,14664,100414,7542,0.13583311719589464,0.33963793569305595
3073,0.3213,9,20,9,590966,14644,100423,7533,0.13564785653414355,0.33967624115074174
3074,0.3214,16,41,16,591007,14603,100439,7517,0.13526807217755382,0.3398282097649186
3075,0.3215,13,22,13,591029,14581,100452,7504,0.13506428544962762,0.33977812995245643
3076,0.3216,20,47,20,591076,14534,100472,7484,0.1346289228945126,0.3399037151421564
3077,0.3217,14,43,14,591119,14491,100486,7470,0.13423061247174775,0.34014844497062974
3078,0.3218,7,18,7,591137,14473,100493,7463,0.13406387787617177,0.3402169948942378
3079,0.3219,12,51,12,591188,14422,100505,7451,0.13359146318870652,0.34064828784345996
3080,0.322,9,18,9,591206,14404,100514,7442,0.13342472859313054,0.34065732857273645
3081,0.3221,15,35,15,591241,14369,100529,7427,0.13310052243506615,0.3407505964397137
3082,0.3222,26,51,26,591292,14318,100555,7401,0.13262810774760087,0.3407615451908467
3083,0.3223,9,34,9,591326,14284,100564,7392,0.13231316462262402,0.34102232884295997
3084,0.3224,11,36,11,591362,14248,100575,7381,0.1319796954314721,0.3412547968005918
3085,0.3225,7,16,7,591378,14232,100582,7374,0.13183148690207122,0.34129408497639546
3086,0.3226,6,13,6,591391,14219,100588,7368,0.131711067471933,0.3413165330986242
3087,0.3227,9,23,9,591414,14196,100597,7359,0.13149801771091926,0.34140570633263745
3088,0.3228,3,13,3,591427,14183,100600,7356,0.13137759828078105,0.34152003342773574
3089,0.3229,12,27,12,591454,14156,100612,7344,0.1311274963874171,0.3415813953488372
3090,0.323,21,51,21,591505,14105,100633,7323,0.13065508169995182,0.34174911330968827
3091,0.3231,10,40,10,591545,14065,100643,7313,0.13028456037644967,0.3420806436523529
3092,0.3232,27,41,27,591586,14024,100670,7286,0.12990477601985995,0.3419052088221492
3093,0.3233,13,31,13,591617,13993,100683,7273,0.12961762199414575,0.34200131665569455
3094,0.3234,11,13,11,591630,13980,100694,7262,0.12949720256400757,0.341869880425572
3095,0.3235,12,32,12,591662,13948,100706,7250,0.12920078550520583,0.3420133974903293
3096,0.3236,9,15,9,591677,13933,100715,7241,0.1290618400088925,0.34197600831208086
3097,0.3237,20,42,20,591719,13891,100735,7221,0.12867279261921524,0.34203296703296704
3098,0.3238,16,45,16,591764,13846,100751,7205,0.1282559561302753,0.3422640254619733
3099,0.3239,11,30,11,591794,13816,100762,7194,0.12797806513764867,0.3424083769633508
3100,0.324,15,25,15,591819,13791,100777,7179,0.12774648931045982,0.34234620886981404
3101,0.3241,12,24,12,591843,13767,100789,7167,0.12752417651635853,0.34236170822585266
3102,0.3242,21,49,21,591892,13718,100810,7146,0.12707028789506836,0.3425038343558282
3103,0.3243,13,36,13,591928,13682,100823,7133,0.1267368187039164,0.3426855632957002
3104,0.3244,15,45,15,591973,13637,100838,7118,0.12631998221497648,0.3429535051794748
3105,0.3245,9,18,9,591991,13619,100847,7109,0.1261532476194005,0.3429660362794288
3106,0.3246,18,17,18,592008,13602,100865,7091,0.12599577605691206,0.3426762673367805
3107,0.3247,17,37,17,592045,13565,100882,7074,0.12565304383267256,0.34274916420369206
3108,0.3248,18,53,18,592098,13512,100900,7056,0.1251621030790322,0.34305717619603265
3109,0.3249,3,15,3,592113,13497,100903,7053,0.1250231575827189,0.3432116788321168
3110,0.325,5,26,5,592139,13471,100908,7048,0.12478231872244247,0.3434865246844388
3111,0.3251,9,22,9,592161,13449,100917,7039,0.12457853199451628,0.34356696602889497
3112,0.3252,23,54,23,592215,13395,100940,7016,0.12407832820778836,0.3437362206653275
3113,0.3253,7,24,7,592239,13371,100947,7009,0.12385601541368706,0.34391560353287537
3114,0.3254,14,47,14,592286,13324,100961,6995,0.12342065285857201,0.34425906786751315
3115,0.3255,12,14,12,592300,13310,100973,6983,0.12329097039534626,0.34410880599221405
3116,0.3256,16,30,16,592330,13280,100989,6967,0.12301307940271963,0.3441003605472416
3117,0.3257,17,31,17,592361,13249,101006,6950,0.12272592537700544,0.34407643942769445
3118,0.3258,8,28,8,592389,13221,101014,6942,0.12246656045055393,0.344294003868472
3119,0.3259,12,28,12,592417,13193,101026,6930,0.12220719552410242,0.3443820503901009
3120,0.326,11,40,11,592457,13153,101037,6919,0.12183667420060025,0.3447090474292547
3121,0.3261,9,20,9,592477,13133,101046,6910,0.12165141353884916,0.34475876864740806
3122,0.3262,12,28,12,592505,13105,101058,6898,0.12139204861239765,0.34484827275908614
3123,0.3263,12,37,12,592542,13068,101070,6886,0.12104931638815813,0.34509371554575524
3124,0.3264,3,22,3,592564,13046,101073,6883,0.12084552966023195,0.3453760851021125
3125,0.3265,18,40,18,592604,13006,101091,6865,0.12047500833672978,0.34547833526244276
3126,0.3266,14,25,14,592629,12981,101105,6851,0.12024343250954092,0.34545179507866075
3127,0.3267,22,38,22,592667,12943,101127,6829,0.11989143725221386,0.3453874165486547
3128,0.3268,12,18,12,592685,12925,101139,6817,0.11972470265663789,0.3453044271097153
3129,0.3269,16,36,16,592721,12889,101155,6801,0.11939123346548594,0.34540375825292025
3130,0.327,11,30,11,592751,12859,101166,6790,0.11911334247285932,0.3455646597791236
3131,0.3271,13,21,13,592772,12838,101179,6777,0.11891881877802067,0.34550089217435637
3132,0.3272,13,31,13,592803,12807,101192,6764,0.11863166475230649,0.345613407592867
3133,0.3273,8,20,8,592823,12787,101200,6756,0.11844640409055542,0.34569922734482933
3134,0.3274,7,18,7,592841,12769,101207,6749,0.11827966949497944,0.34578337944461524
3135,0.3275,27,39,27,592880,12730,101234,6722,0.11791841120456482,0.3455685790664199
3136,0.3276,10,21,10,592901,12709,101244,6712,0.11772388750972619,0.34560527264301527
3137,0.3277,13,30,13,592931,12679,101257,6699,0.11744599651709955,0.34570131076478483
3138,0.3278,20,33,20,592964,12646,101277,6679,0.11714031642521026,0.345614489003881
3139,0.3279,14,19,14,592983,12627,101291,6665,0.11696431879654674,0.3454799917064068
3140,0.328,22,35,22,593018,12592,101313,6643,0.11664011263848234,0.345360020795425
3141,0.3281,10,17,10,593035,12575,101323,6633,0.11648264107599392,0.34532486463973344
3142,0.3282,16,33,16,593068,12542,101339,6617,0.11617696098410464,0.3453729317814082
3143,0.3283,15,22,15,593090,12520,101354,6602,0.11597317425617844,0.3452567723041523
3144,0.3284,13,31,13,593121,12489,101367,6589,0.11568602023046426,0.34537163224656675
3145,0.3285,7,13,7,593134,12476,101374,6582,0.11556560080032606,0.34536677510756636
3146,0.3286,16,36,16,593170,12440,101390,6566,0.1152321316091741,0.3454698516258024
3147,0.3287,3,23,3,593193,12417,101393,6563,0.11501908184816036,0.34578503688092727
3148,0.3288,4,14,4,593207,12403,101397,6559,0.1148893993849346,0.345902330977745
3149,0.3289,16,26,16,593233,12377,101413,6543,0.11464856052465819,0.3458245243128964
3150,0.329,11,24,11,593257,12353,101424,6532,0.11442624773055689,0.34588297590680434
3151,0.3291,21,52,21,593309,12301,101445,6511,0.11394457001000408,0.346108866680842
3152,0.3292,10,17,10,593326,12284,101455,6501,0.11378709844751565,0.34607399520894333
3153,0.3293,19,36,19,593362,12248,101474,6482,0.11345362925636371,0.34607581420181527
3154,0.3294,6,5,6,593367,12243,101480,6476,0.11340731409092593,0.34595865163737377
3155,0.3295,6,17,6,593384,12226,101486,6470,0.1132498425284375,0.34606332905434317
3156,0.3296,20,49,20,593433,12177,101506,6450,0.11279595390714736,0.3462715413110002
3157,0.3297,20,39,20,593472,12138,101526,6430,0.11243469561673275,0.3462947005601034
3158,0.3298,22,33,22,593505,12105,101548,6408,0.11212901552484346,0.34613514827418573
3159,0.3299,12,34,12,593539,12071,101560,6396,0.11181407239986661,0.3463475388530893
3160,0.33,12,25,12,593564,12046,101572,6384,0.11158249657267776,0.3463917525773196
3161,0.3301,13,25,13,593589,12021,101585,6371,0.1113509207454889,0.3464006089604176
3162,0.3302,14,26,14,593615,11995,101599,6357,0.1111100818852125,0.34639276373147343
3163,0.3303,11,15,11,593630,11980,101610,6346,0.11097113638889917,0.3462839681327076
3164,0.3304,10,13,10,593643,11967,101620,6336,0.11085071695876098,0.3461727585641698
3165,0.3305,11,18,11,593661,11949,101631,6325,0.110683982363185,0.34612017073437673
3166,0.3306,5,10,5,593671,11939,101636,6320,0.11059135203230946,0.3461306752834219
3167,0.3307,25,43,25,593714,11896,101661,6295,0.11019304160954463,0.3460502446264636
3168,0.3308,4,22,4,593736,11874,101665,6291,0.10998925488161844,0.3463253509496284
3169,0.3309,18,29,18,593765,11845,101683,6273,0.10972062692207936,0.34623026824152775
3170,0.331,15,24,15,593789,11821,101698,6258,0.10949831412797807,0.346147463908402
3171,0.3311,11,23,11,593812,11798,101709,6247,0.10928526436696431,0.34619008035466886
3172,0.3312,13,32,13,593844,11766,101722,6234,0.10898884730816258,0.3463333333333333
3173,0.3313,10,17,10,593861,11749,101732,6224,0.10883137574567417,0.3462972236131976
3174,0.3314,6,13,6,593874,11736,101738,6218,0.10871095631553596,0.34632950874456947
3175,0.3315,9,28,9,593902,11708,101747,6209,0.10845159138908445,0.346542389909025
3176,0.3316,13,23,13,593925,11685,101760,6196,0.1082385416280707,0.3465130585537722
3177,0.3317,7,14,7,593939,11671,101767,6189,0.10810885916484493,0.34652855543113104
3178,0.3318,10,16,10,593955,11655,101777,6179,0.10796065063544406,0.34647302904564314
3179,0.3319,8,8,8,593963,11647,101785,6171,0.10788654637074363,0.34633516668537434
3180,0.332,3,12,3,593975,11635,101788,6168,0.10777538997369299,0.3464584620569567
3181,0.3321,6,9,6,593984,11626,101794,6162,0.107692022675905,0.3464133123454014
3182,0.3322,8,25,8,594009,11601,101802,6154,0.10746044684871614,0.3466065896930442
3183,0.3323,24,59,24,594068,11542,101826,6130,0.10691392789655045,0.34687641466727026
3184,0.3324,9,14,9,594082,11528,101835,6121,0.10678424543332468,0.34681851662983737
3185,0.3325,5,19,5,594101,11509,101840,6116,0.10660824780466116,0.34700709219858156
3186,0.3326,7,9,7,594110,11500,101847,6109,0.10652488050687317,0.346924867965245
3187,0.3327,8,42,8,594152,11458,101855,6101,0.10613583311719589,0.34745714448431003
3188,0.3328,15,27,15,594179,11431,101870,6086,0.10588573122383194,0.34743392133356166
3189,0.3329,13,38,13,594217,11393,101883,6073,0.10553373596650487,0.34770411084392533
3190,0.333,9,23,9,594240,11370,101892,6064,0.10532068620549112,0.34782608695652173
3191,0.3331,29,51,29,594291,11319,101921,6035,0.10484827151802587,0.34775844185778493
3192,0.3332,11,22,11,594313,11297,101932,6024,0.10464448479009968,0.3477859246001963
3193,0.3333,9,29,9,594342,11268,101941,6015,0.1043758568305606,0.3480298559277903
3194,0.3334,9,21,9,594363,11247,101950,6006,0.10418133313572196,0.34811337158755
3195,0.3335,18,28,18,594391,11219,101968,5988,0.10392196820927044,0.34799790782820944
3196,0.3336,9,10,9,594401,11209,101977,5979,0.1038293378783949,0.3478589713753782
3197,0.3337,10,20,10,594421,11189,101987,5969,0.10364407721664382,0.3478843688075533
3198,0.3338,12,26,12,594447,11163,101999,5957,0.1034032383563674,0.3479556074766355
3199,0.3339,27,51,27,594498,11112,102026,5930,0.10293082366890215,0.34796385400774554
3200,0.334,10,20,10,594518,11092,102036,5920,0.10274556300715106,0.3479896543616271
3201,0.3341,11,25,11,594543,11067,102047,5909,0.10251398717996221,0.3480796418473139
3202,0.3342,22,41,22,594584,11026,102069,5887,0.10213420282337249,0.3480754449240229
3203,0.3343,10,23,10,594607,11003,102079,5877,0.10192115306235874,0.34816350710900473
3204,0.3344,7,19,7,594626,10984,102086,5870,0.10174515543369521,0.3482852735255726
3205,0.3345,5,9,5,594635,10975,102091,5865,0.10166178813590722,0.34827790973871736
3206,0.3346,23,53,23,594688,10922,102114,5842,0.10117084738226685,0.3484848484848485
3207,0.3347,9,18,9,594706,10904,102123,5833,0.10100411278669087,0.34850929079285414
3208,0.3348,11,30,11,594736,10874,102134,5822,0.10072622179406425,0.3487062769525635
3209,0.3349,12,26,12,594762,10848,102146,5810,0.10048538293378784,0.34878136631048146
3210,0.335,16,43,16,594805,10805,102162,5794,0.10008707251102301,0.34905717211880233
3211,0.3351,5,5,5,594810,10800,102167,5789,0.10004075734558524,0.34896618241003075
3212,0.3352,22,38,22,594848,10762,102189,5767,0.09968876208825818,0.34890192994131525
3213,0.3353,35,58,35,594906,10704,102224,5732,0.09915150616918003,0.34874665368702845
3214,0.3354,9,29,9,594935,10675,102233,5723,0.09888287820964096,0.3490059763385779
3215,0.3355,5,16,5,594951,10659,102238,5718,0.0987346696802401,0.34914819564022714
3216,0.3356,13,39,13,594990,10620,102251,5705,0.09837341138982549,0.34946401225114854
3217,0.3357,9,15,9,595005,10605,102260,5696,0.09823446589351217,0.3494264155573278
3218,0.3358,8,9,8,595014,10596,102268,5688,0.09815109859572418,0.3492999263080324
3219,0.3359,15,20,15,595034,10576,102283,5673,0.0979658379339731,0.34912917718013414
3220,0.336,6,13,6,595047,10563,102289,5667,0.0978454185038349,0.34916820702402956
3221,0.3361,26,42,26,595089,10521,102315,5641,0.09745637111415761,0.3490285855710927
3222,0.3362,15,32,15,595121,10489,102330,5626,0.09715995405535588,0.34911573068569657
3223,0.3363,11,18,11,595139,10471,102341,5615,0.09699321945977991,0.34906129553649135
3224,0.3364,3,14,3,595153,10457,102344,5612,0.09686353699655414,0.34924388574273446
3225,0.3365,6,16,6,595169,10441,102350,5606,0.09671532846715329,0.34934878793543966
3226,0.3366,16,12,16,595181,10429,102366,5590,0.09660417207010263,0.3489606092764842
3227,0.3367,7,19,7,595200,10410,102373,5583,0.0964281744414391,0.34909022697430125
3228,0.3368,5,17,5,595217,10393,102378,5578,0.09627070287895069,0.3492580301797007
3229,0.3369,13,32,13,595249,10361,102391,5565,0.09597428582014896,0.3494286073088032
3230,0.337,6,22,6,595271,10339,102397,5559,0.09577049909222275,0.3496666247326708
3231,0.3371,18,26,18,595297,10313,102415,5541,0.09552966023194635,0.3495017030402422
3232,0.3372,17,25,17,595322,10288,102432,5524,0.0952980844047575,0.3493549203136858
3233,0.3373,8,10,8,595332,10278,102440,5516,0.09520545407388195,0.3492465493225275
3234,0.3374,6,8,6,595340,10270,102446,5510,0.09513134980918152,0.34917617237008874
3235,0.3375,14,20,14,595360,10250,102460,5496,0.09494608914743044,0.3490410262923917
3236,0.3376,11,23,11,595383,10227,102471,5485,0.09473303938641668,0.3490962321792261
3237,0.3377,6,11,6,595394,10216,102477,5479,0.0946311460224536,0.3490920675374323
3238,0.3378,18,34,18,595428,10182,102495,5461,0.09431620289747675,0.34910183468644124
3239,0.3379,16,48,16,595476,10134,102511,5445,0.09387157730927415,0.34950895436164064
3240,0.338,1,12,1,595488,10122,102512,5444,0.0937604209122235,0.34973660542207374
3241,0.3381,10,29,10,595517,10093,102522,5434,0.09349179295268442,0.34997101822631543
3242,0.3382,11,24,11,595541,10069,102533,5423,0.09326948015858312,0.3500516395558998
3243,0.3383,16,35,16,595576,10034,102549,5407,0.09294527400051873,0.350171621009002
3244,0.3384,3,10,3,595586,10024,102552,5404,0.09285264366964319,0.3502722323049002
3245,0.3385,8,25,8,595611,9999,102560,5396,0.09262106784245433,0.35050341019811626
3246,0.3386,13,37,13,595648,9962,102573,5383,0.09227833561821483,0.3507983056370153
3247,0.3387,3,18,3,595666,9944,102576,5380,0.09211160102263885,0.3510832680762203
3248,0.3388,10,22,10,595688,9922,102586,5370,0.09190781429471266,0.35116400732409103
3249,0.3389,5,13,5,595701,9909,102591,5365,0.09178739486457446,0.35125049103050937
3250,0.339,11,24,11,595725,9885,102602,5354,0.09156508207047316,0.35133538946125076
3251,0.3391,12,21,12,595746,9864,102614,5342,0.09137055837563451,0.35130869393660397
3252,0.3392,6,13,6,595759,9851,102620,5336,0.09125013894549631,0.35135313096727466
3253,0.3393,12,22,12,595781,9829,102632,5324,0.09104635221757013,0.35134956774236126
3254,0.3394,25,32,25,595813,9797,102657,5299,0.09074993515876839,0.35102013778484364
3255,0.3395,2,7,2,595820,9790,102659,5297,0.09068509392715551,0.3510969709021011
3256,0.3396,10,47,10,595867,9743,102669,5287,0.09024973137204047,0.3517631403858949
3257,0.3397,11,12,11,595879,9731,102680,5276,0.09013857497498981,0.35156926767508495
3258,0.3398,19,33,19,595912,9698,102699,5257,0.08983289488310052,0.3515212303577399
3259,0.3399,14,18,14,595930,9680,102713,5243,0.08966616028752454,0.3513368625611472
3260,0.34,7,4,7,595934,9676,102720,5236,0.08962910815517433,0.3511266094420601
3261,0.3401,13,12,13,595946,9664,102733,5223,0.08951795175812367,0.35084301739772955
3262,0.3402,18,38,18,595984,9626,102751,5205,0.08916595650079662,0.3509540826646888
3263,0.3403,8,21,8,596005,9605,102759,5197,0.08897143280595798,0.3511012025401973
3264,0.3404,9,29,9,596034,9576,102768,5188,0.08870280484641892,0.35139528583039825
3265,0.3405,14,17,14,596051,9559,102782,5174,0.0885453332839305,0.35118441593701216
3266,0.3406,16,21,16,596072,9538,102798,5158,0.08835080958909185,0.3509798584648884
3267,0.3407,5,6,5,596078,9532,102803,5153,0.08829523139056653,0.3509022812393599
3268,0.3408,5,18,5,596096,9514,102808,5148,0.08812849679499055,0.351111717364616
3269,0.3409,10,9,10,596105,9505,102818,5138,0.08804512949720257,0.3508843816157891
3270,0.341,11,14,11,596119,9491,102829,5127,0.0879154470339768,0.35073197427828706
3271,0.3411,6,21,6,596140,9470,102835,5121,0.08772092333913817,0.35096977588924677
3272,0.3412,7,24,7,596164,9446,102842,5114,0.08749861054503687,0.3512362637362637
3273,0.3413,8,27,8,596191,9419,102850,5106,0.0872485086516729,0.3515318416523236
3274,0.3414,10,32,10,596223,9387,102860,5096,0.08695209159287116,0.3518608023199613
3275,0.3415,8,10,8,596233,9377,102868,5088,0.08685946126199563,0.3517455928102316
3276,0.3416,3,8,3,596241,9369,102871,5085,0.0867853569972952,0.3518057285180573
3277,0.3417,23,36,23,596277,9333,102894,5062,0.08645188780614324,0.35164987843001044
3278,0.3418,16,36,16,596313,9297,102910,5046,0.0861184186149913,0.3518092449278394
3279,0.3419,4,9,4,596322,9288,102914,5042,0.0860350513172033,0.3518492672714585
3280,0.342,8,14,8,596336,9274,102922,5034,0.08590536885397755,0.35183114341627064
3281,0.3421,9,21,9,596357,9253,102931,5025,0.0857108451591389,0.3519400476257179
3282,0.3422,3,10,3,596367,9243,102934,5022,0.08561821482826337,0.35205047318611987
3283,0.3423,12,16,12,596383,9227,102946,5010,0.0854700062988625,0.35189997892814495
3284,0.3424,16,35,16,596418,9192,102962,4994,0.0851458001407981,0.35203721979416325
3285,0.3425,11,27,11,596445,9165,102973,4983,0.08489569824743413,0.3522052586938083
3286,0.3426,11,19,11,596464,9146,102984,4972,0.08471970061877061,0.3521745289701091
3287,0.3427,6,11,6,596475,9135,102990,4966,0.08461780725480751,0.35217360470888587
3288,0.3428,5,13,5,596488,9122,102995,4961,0.08449738782466931,0.3522686927501243
3289,0.3429,20,38,20,596526,9084,103015,4941,0.08414539256734226,0.3522994652406417
3290,0.343,4,5,4,596531,9079,103019,4937,0.08409907740190448,0.352240296803653
3291,0.3431,23,31,23,596562,9048,103042,4914,0.0838119233761903,0.35195530726256985
3292,0.3432,11,21,11,596583,9027,103053,4903,0.08361739968135166,0.35197415649676955
3293,0.3433,10,18,10,596601,9009,103063,4893,0.08345066508577569,0.35196374622356497
3294,0.3434,16,16,16,596617,8993,103079,4877,0.08330245655637482,0.3516222062004326
3295,0.3435,5,4,5,596621,8989,103084,4872,0.08326540442402461,0.3514897915013347
3296,0.3436,10,19,10,596640,8970,103094,4862,0.08308940679536107,0.35150375939849626
3297,0.3437,8,18,8,596658,8952,103102,4854,0.0829226721997851,0.35158626684050415
3298,0.3438,7,13,7,596671,8939,103109,4847,0.0828022527696469,0.351588568112578
3299,0.3439,19,33,19,596704,8906,103128,4828,0.0824965726777576,0.3515363331877093
3300,0.344,7,6,7,596710,8900,103135,4821,0.08244099447923228,0.3513592303767947
3301,0.3441,8,30,8,596740,8870,103143,4813,0.08216310348660566,0.3517503471460937
3302,0.3442,13,19,13,596759,8851,103156,4800,0.08198710585794212,0.35162259175152005
3303,0.3443,5,16,5,596775,8835,103161,4795,0.08183889732854126,0.3517975055025679
3304,0.3444,8,20,8,596795,8815,103169,4787,0.08165363666679018,0.3519335391854139
3305,0.3445,18,34,18,596829,8781,103187,4769,0.08133869354181333,0.35195571955719557
3306,0.3446,4,11,4,596840,8770,103191,4765,0.08123680017785023,0.35205024011821207
3307,0.3447,10,15,10,596855,8755,103201,4755,0.08109785468153692,0.35196150999259807
3308,0.3448,8,25,8,596880,8730,103209,4747,0.08086627885434806,0.35222972471618313
3309,0.3449,20,46,20,596926,8684,103229,4727,0.08044017933232057,0.35247185146521515
3310,0.345,14,20,14,596946,8664,103243,4713,0.0802549186705695,0.3523211482395156
3311,0.3451,16,37,16,596983,8627,103259,4697,0.07991218644632998,0.352521765235665
3312,0.3452,8,32,8,597015,8595,103267,4689,0.07961576938752825,0.3529810298102981
3313,0.3453,6,14,6,597029,8581,103273,4683,0.0794860869243025,0.35306091676718937
3314,0.3454,17,37,17,597066,8544,103290,4666,0.07914335470006299,0.35321725965177897
3315,0.3455,12,14,12,597080,8530,103302,4654,0.07901367223683722,0.35300364077669905
3316,0.3456,9,16,9,597096,8514,103311,4645,0.07886546370743636,0.3529903488106999
3317,0.3457,4,18,4,597114,8496,103315,4641,0.07869872911186039,0.3532770038821649
3318,0.3458,5,20,5,597134,8476,103320,4636,0.0785134684501093,0.35356924954240393
3319,0.3459,10,13,10,597147,8463,103330,4626,0.0783930490199711,0.3534265413706166
3320,0.346,9,14,9,597161,8449,103339,4617,0.07826336655674535,0.35335986529924995
3321,0.3461,4,7,4,597168,8442,103343,4613,0.07819852532513247,0.35335120643431633
3322,0.3462,8,25,8,597193,8417,103351,4605,0.07796694949794361,0.3536323145446168
3323,0.3463,5,14,5,597207,8403,103356,4600,0.07783726703471784,0.35376451588095054
3324,0.3464,15,43,15,597250,8360,103371,4585,0.07743895661195302,0.35419080726149094
3325,0.3465,8,31,8,597281,8329,103379,4577,0.07715180258623884,0.3546412521307919
3326,0.3466,12,23,12,597304,8306,103391,4565,0.0769387528252251,0.354673296558154
3327,0.3467,9,15,9,597319,8291,103400,4556,0.07679980732891178,0.35463532342181053
3328,0.3468,7,20,7,597339,8271,103407,4549,0.0766145466671607,0.3548361934477379
3329,0.3469,5,4,5,597343,8267,103412,4544,0.07657749453481048,0.3546951838263992
3330,0.347,6,29,6,597372,8238,103418,4538,0.0763088665752714,0.3551972448340639
3331,0.3471,6,21,6,597393,8217,103424,4532,0.07611434288043277,0.3554788610871441
3332,0.3472,2,9,2,597402,8208,103426,4530,0.07603097558264478,0.3556288271314178
3333,0.3473,14,16,14,597418,8192,103440,4516,0.07588276705324391,0.3553666981429021
3334,0.3474,9,8,9,597426,8184,103449,4507,0.07580866278854348,0.35513355921519185
3335,0.3475,16,20,16,597446,8164,103465,4491,0.0756234021267924,0.3548794942710391
3336,0.3476,1,13,1,597459,8151,103466,4490,0.07550298269665419,0.35519341824222767
3337,0.3477,1,8,1,597467,8143,103467,4489,0.07542887843195376,0.35536732108929703
3338,0.3478,18,41,18,597508,8102,103485,4471,0.07504909407536403,0.3556032768631194
3339,0.3479,13,21,13,597529,8081,103498,4458,0.0748545703805254,0.3555307440784752
3340,0.348,7,3,7,597532,8078,103505,4451,0.07482678128126273,0.3552558065288531
3341,0.3481,5,10,5,597542,8068,103510,4446,0.0747341509503872,0.35528208406584627
3342,0.3482,5,29,5,597571,8039,103515,4441,0.07446552299084812,0.355849358974359
3343,0.3483,9,8,9,597579,8031,103524,4432,0.07439141872614768,0.355612613335473
3344,0.3484,17,11,17,597590,8020,103541,4415,0.0742895253621846,0.3550462404503418
3345,0.3485,3,13,3,597603,8007,103544,4412,0.07416910593204638,0.3552620983976166
3346,0.3486,9,17,9,597620,7990,103553,4403,0.07401163436955797,0.355281207133059
3347,0.3487,2,11,2,597631,7979,103555,4401,0.07390974100559487,0.35549273021001615
3348,0.3488,11,25,11,597656,7954,103566,4390,0.07367816517840602,0.35563836681788724
3349,0.3489,9,19,9,597675,7935,103575,4381,0.07350216754974248,0.355716141604417
3350,0.349,5,8,5,597683,7927,103580,4376,0.07342806328504205,0.35568560513695846
3351,0.3491,8,8,8,597691,7919,103588,4368,0.07335395902034163,0.3554976804752991
3352,0.3492,7,7,7,597698,7912,103595,4361,0.07328911778872874,0.3553328444553084
3353,0.3493,8,10,8,597708,7902,103603,4353,0.0731964874578532,0.35520195838433294
3354,0.3494,4,15,4,597723,7887,103607,4349,0.07305754196153989,0.35542661000326903
3355,0.3495,13,26,13,597749,7861,103620,4336,0.07281670310126348,0.35549725342297284
3356,0.3496,8,20,8,597769,7841,103628,4328,0.07263144243951239,0.35565781904840166
3357,0.3497,7,3,7,597772,7838,103635,4321,0.07260365334024974,0.3553746196233243
3358,0.3498,14,22,14,597794,7816,103649,4307,0.07239986661232353,0.3552750969232038
3359,0.3499,2,9,2,597803,7807,103651,4305,0.07231649931453556,0.3554326287978864
3360,0.35,7,13,7,597816,7794,103658,4298,0.07219607988439734,0.35544161429043997
3361,0.3501,19,26,19,597842,7768,103677,4279,0.07195524102412094,0.3551921640242384
3362,0.3502,4,16,4,597858,7752,103681,4275,0.07180703249472008,0.35545023696682465
3363,0.3503,31,63,31,597921,7689,103712,4244,0.07122346141020416,0.35565239252493086
3364,0.3504,14,21,14,597942,7668,103726,4230,0.07102893771536552,0.3555219364599092
3365,0.3505,1,19,1,597961,7649,103727,4229,0.070852940086702,0.3560363697592187
3366,0.3506,3,8,3,597969,7641,103730,4226,0.07077883582200156,0.3561135923148226
3367,0.3507,8,15,8,597984,7626,103738,4218,0.07063989032568824,0.35612968591691996
3368,0.3508,6,12,6,597996,7614,103744,4212,0.0705287339286376,0.3561643835616438
3369,0.3509,8,16,8,598012,7598,103752,4204,0.07038052539923673,0.35621081172682595
3370,0.351,11,12,11,598024,7586,103763,4193,0.07026936900218607,0.3559724934204941
3371,0.3511,6,35,6,598059,7551,103769,4187,0.06994516284412168,0.35670471971375023
3372,0.3512,7,13,7,598072,7538,103776,4180,0.06982474341398348,0.35671616316777605
3373,0.3513,1,12,1,598084,7526,103777,4179,0.06971358701693282,0.35702691157624944
3374,0.3514,1,7,1,598091,7519,103778,4178,0.06964874578531995,0.3571856031461058
3375,0.3515,6,8,6,598099,7511,103784,4172,0.06957464152061951,0.35710005991611743
3376,0.3516,9,25,9,598124,7486,103793,4163,0.06934306569343066,0.35736973130740834
3377,0.3517,5,6,5,598130,7480,103798,4158,0.06928748749490533,0.3572778827977316
3378,0.3518,12,9,12,598139,7471,103810,4146,0.06920412019711734,0.356890763536197
3379,0.3519,4,17,4,598156,7454,103814,4142,0.06904664863462892,0.35719213521904103
3380,0.352,9,10,9,598166,7444,103823,4133,0.06895401830375338,0.3570009501597996
3381,0.3521,3,14,3,598180,7430,103826,4130,0.06882433584052762,0.35726643598615915
3382,0.3522,8,14,8,598194,7416,103834,4122,0.06869465337730186,0.35725429017160687
3383,0.3523,7,36,7,598230,7380,103841,4115,0.0683611841861499,0.35798173118747284
3384,0.3524,19,15,19,598245,7365,103860,4096,0.0682222386898366,0.3573859174592095
3385,0.3525,7,18,7,598263,7347,103867,4089,0.06805550409426063,0.35755508919202517
3386,0.3526,11,28,11,598291,7319,103878,4078,0.0677961391678091,0.35781345968237255
3387,0.3527,12,19,12,598310,7300,103890,4066,0.06762014153914558,0.3577335914129861
3388,0.3528,6,19,6,598329,7281,103896,4060,0.06744414391048205,0.3579931222996208
3389,0.3529,2,9,2,598338,7272,103898,4058,0.06736077661269406,0.35816416593115624
3390,0.353,10,14,10,598352,7258,103908,4048,0.0672310941494683,0.3580399787723333
3391,0.3531,9,10,9,598362,7248,103917,4039,0.06713846381859276,0.3578453087622929
3392,0.3532,8,9,8,598371,7239,103925,4031,0.06705509652080477,0.35767524401064776
3393,0.3533,14,41,14,598412,7198,103939,4017,0.06667531216421504,0.35818100757913507
3394,0.3534,4,22,4,598434,7176,103943,4013,0.06647152543628886,0.35865582268299223
3395,0.3535,3,10,3,598444,7166,103946,4010,0.06637889510541331,0.3588045812455261
3396,0.3536,3,4,3,598448,7162,103949,4007,0.0663418429730631,0.35876085594054974
3397,0.3537,7,11,7,598459,7151,103956,4000,0.0662399496091,0.3587122231190028
3398,0.3538,6,10,6,598469,7141,103962,3994,0.06614731927822447,0.358688819039066
3399,0.3539,25,38,25,598507,7103,103987,3969,0.0657953240208974,0.35847182080924855
3400,0.354,2,5,2,598512,7098,103989,3967,0.06574900885545963,0.3585178490736557
3401,0.3541,1,11,1,598523,7087,103990,3966,0.06564711549149653,0.3588166108748756
3402,0.3542,13,15,13,598538,7072,104003,3953,0.06550816999518322,0.35854875283446713
3403,0.3543,8,16,8,598554,7056,104011,3945,0.06535996146578235,0.358603763294246
3404,0.3544,6,25,6,598579,7031,104017,3939,0.0651283856385935,0.3590701914311759
3405,0.3545,9,16,9,598595,7015,104026,3930,0.06498017710919263,0.3590680676107812
3406,0.3546,7,11,7,598606,7004,104033,3923,0.06487828374522954,0.35901894390043015
3407,0.3547,12,24,12,598630,6980,104045,3911,0.06465597095112824,0.35910384721329536
3408,0.3548,16,44,16,598674,6936,104061,3895,0.06424839749527585,0.3596159172744899
3409,0.3549,11,26,11,598700,6910,104072,3884,0.06400755863499945,0.3598295349268112
3410,0.355,11,25,11,598725,6885,104083,3873,0.06377598280781059,0.3600111544896821
3411,0.3551,3,21,3,598746,6864,104086,3870,0.06358145911297196,0.3605366126327557
3412,0.3552,6,13,6,598759,6851,104092,3864,0.06346103968283374,0.3606159589360709
3413,0.3553,4,11,4,598770,6840,104096,3860,0.06335914631887066,0.36074766355140186
3414,0.3554,5,13,5,598783,6827,104101,3855,0.06323872688873244,0.36088747425575735
3415,0.3555,7,22,7,598805,6805,104108,3848,0.06303494016080625,0.36121280390500327
3416,0.3556,22,27,22,598832,6778,104130,3826,0.06278483826744229,0.36080724254998114
3417,0.3557,6,13,6,598845,6765,104136,3820,0.06266441883730409,0.3608880491261219
3418,0.3558,4,6,4,598851,6759,104140,3816,0.06260884063877876,0.3608510638297872
3419,0.3559,3,13,3,598864,6746,104143,3813,0.06248842120864056,0.3611137418316128
3420,0.356,15,19,15,598883,6727,104158,3798,0.06231242357997703,0.36085510688836103
3421,0.3561,7,17,7,598900,6710,104165,3791,0.06215495201748861,0.3610132368345872
3422,0.3562,19,14,19,598914,6696,104184,3772,0.062025269554262845,0.3603362628964463
3423,0.3563,6,6,6,598920,6690,104190,3766,0.06196969135573752,0.36017597551644986
3424,0.3564,9,26,9,598946,6664,104199,3757,0.06172885249546111,0.3605220228384992
3425,0.3565,7,12,7,598958,6652,104206,3750,0.06161769609841047,0.3605075946933282
3426,0.3566,4,11,4,598969,6641,104210,3746,0.061515802734447365,0.3606431115817849
3427,0.3567,7,17,7,598986,6624,104217,3739,0.06135833117195895,0.36080285631573866
3428,0.3568,9,23,9,599009,6601,104226,3730,0.0611452814109452,0.36104926918981706
3429,0.3569,9,22,9,599031,6579,104235,3721,0.06094149468301901,0.3612621359223301
3430,0.357,4,8,4,599039,6571,104239,3717,0.060867390418318575,0.3612947122861586
3431,0.3571,17,35,17,599074,6536,104256,3700,0.06054318426025418,0.3614693239546698
3432,0.3572,3,12,3,599086,6524,104259,3697,0.06043202786320353,0.36170629096957246
3433,0.3573,11,19,11,599105,6505,104270,3686,0.06025603023454,0.36169168874497104
3434,0.3574,8,22,8,599127,6483,104278,3678,0.060052243506613805,0.3619722468260998
3435,0.3575,9,25,9,599152,6458,104287,3669,0.05982066767942495,0.3622988051742866
3436,0.3576,12,27,12,599179,6431,104299,3657,0.059570565786060986,0.3625099127676447
3437,0.3577,14,43,14,599222,6388,104313,3643,0.05917225536329616,0.3631741601036786
3438,0.3578,8,15,8,599237,6373,104321,3635,0.059033309866982846,0.36320943245403675
3439,0.3579,4,5,4,599242,6368,104325,3631,0.05898699470154507,0.3631363136313631
3440,0.358,1,11,1,599253,6357,104326,3630,0.05888510133758198,0.3634725142685491
3441,0.3581,6,12,6,599265,6345,104332,3624,0.05877394494053133,0.36352693349383086
3442,0.3582,6,9,6,599274,6336,104338,3618,0.05869057764274334,0.36347197106690776
3443,0.3583,13,19,13,599293,6317,104351,3605,0.05851458001407981,0.36333400524087883
3444,0.3584,7,14,7,599307,6303,104358,3598,0.058384897550854055,0.3633976366023634
3445,0.3585,4,4,4,599311,6299,104362,3594,0.05834784541850384,0.36328717274840794
3446,0.3586,2,7,2,599318,6292,104364,3592,0.05828300418689095,0.36341562120598947
3447,0.3587,20,40,20,599358,6252,104384,3572,0.057912482863388785,0.36359934853420195
3448,0.3588,9,5,9,599363,6247,104393,3563,0.05786616769795102,0.3632008154943935
3449,0.3589,14,14,14,599377,6233,104407,3549,0.05773648523472526,0.3628092414639133
3450,0.359,6,6,6,599383,6227,104413,3543,0.057680907036199935,0.36264073694984644
3451,0.3591,7,14,7,599397,6213,104420,3536,0.05755122457297417,0.36270386706328855
3452,0.3592,11,17,11,599414,6196,104431,3525,0.05739375301048576,0.36261701471042074
3453,0.3593,5,8,5,599422,6188,104436,3520,0.05731964874578532,0.36258755665430575
3454,0.3594,2,8,2,599430,6180,104438,3518,0.05724554448108489,0.3627552072592287
3455,0.3595,13,29,13,599459,6151,104451,3505,0.056976916521545816,0.362986743993372
3456,0.3596,9,13,9,599472,6138,104460,3496,0.05685649709140761,0.3628814614905543
3457,0.3597,6,11,6,599483,6127,104466,3490,0.056754603727444515,0.3628990329624623
3458,0.3598,1,12,1,599495,6115,104467,3489,0.056643447330393865,0.36328613077884214
3459,0.3599,17,14,17,599509,6101,104484,3472,0.0565137648671681,0.362686723075316
3460,0.36,13,19,13,599528,6082,104497,3459,0.056337767238504574,0.36254061419138456
3461,0.3601,6,12,6,599540,6070,104503,3453,0.056226610841453924,0.3625958206447548
3462,0.3602,11,17,11,599557,6053,104514,3442,0.05606913927896551,0.3625065824117957
3463,0.3603,8,17,8,599574,6036,104522,3434,0.055911667716477084,0.36261879619852166
3464,0.3604,16,12,16,599586,6024,104538,3418,0.055800511319426434,0.3619995763609405
3465,0.3605,13,16,13,599602,6008,104551,3405,0.055652302790025567,0.36173377244236693
3466,0.3606,9,10,9,599612,5998,104560,3396,0.05555967245915002,0.3615073451139025
3467,0.3607,3,9,3,599621,5989,104563,3393,0.05547630516136204,0.3616499680238755
3468,0.3608,12,25,12,599646,5964,104575,3381,0.05524472933417318,0.36179775280898874
3469,0.3609,10,3,10,599649,5961,104585,3371,0.05521694023491052,0.36123017573939137
3470,0.361,7,5,7,599654,5956,104592,3364,0.05517062506947275,0.3609442060085837
3471,0.3611,8,14,8,599668,5942,104600,3356,0.05504094260624699,0.3609378360937836
3472,0.3612,27,46,27,599714,5896,104627,3329,0.054614843084219496,0.3608672086720867
3473,0.3613,11,14,11,599728,5882,104638,3318,0.05448516062099374,0.3606521739130435
3474,0.3614,0,9,0,599737,5873,104638,3318,0.05440179332320575,0.361005331302361
3475,0.3615,2,18,2,599755,5855,104640,3316,0.05423505872762978,0.3615745284047541
3476,0.3616,17,39,17,599794,5816,104657,3299,0.05387380043721516,0.361930883159627
3477,0.3617,8,26,8,599820,5790,104665,3291,0.053632961576938754,0.36240502147340603
3478,0.3618,8,9,8,599829,5781,104673,3283,0.053549594279150764,0.3622021182700794
3479,0.3619,5,9,5,599838,5772,104678,3278,0.053466226981362774,0.36220994475138124
3480,0.362,6,18,6,599856,5754,104684,3272,0.0532994923857868,0.3625083093286062
3481,0.3621,6,12,6,599868,5742,104690,3266,0.05318833598873615,0.36256660746003555
3482,0.3622,0,7,0,599875,5735,104690,3266,0.053123494757123274,0.36284857238084656
3483,0.3623,5,13,5,599888,5722,104695,3261,0.05300307532698507,0.3630190359568073
3484,0.3624,4,15,4,599903,5707,104699,3257,0.052864129830671756,0.3633422579205712
3485,0.3625,1,9,1,599912,5698,104700,3256,0.05278076253288377,0.36363636363636365
3486,0.3626,4,4,4,599916,5694,104704,3252,0.05274371040053355,0.36351441985244803
3487,0.3627,4,13,4,599929,5681,104708,3248,0.052623290970395344,0.3637585395900997
3488,0.3628,3,4,3,599933,5677,104711,3245,0.05258623883804513,0.36370768885900023
3489,0.3629,9,16,9,599949,5661,104720,3236,0.05243803030864426,0.3637181072271552
3490,0.363,2,6,2,599955,5655,104722,3234,0.05238245211011894,0.36382045224434695
3491,0.3631,3,7,3,599962,5648,104725,3231,0.05231761087850606,0.36389233021736683
3492,0.3632,8,14,8,599976,5634,104733,3223,0.0521879284152803,0.3638929660155809
3493,0.3633,5,11,5,599987,5623,104738,3218,0.0520860350513172,0.36398597443728087
3494,0.3634,6,10,6,599997,5613,104744,3212,0.051993404720441665,0.3639660056657224
3495,0.3635,4,3,4,600000,5610,104748,3208,0.051965615621179,0.36380131549104106
3496,0.3636,11,11,11,600011,5599,104759,3197,0.0518637222572159,0.3634606639381537
3497,0.3637,4,6,4,600017,5593,104763,3193,0.05180814405869058,0.36341907580241295
3498,0.3638,2,13,2,600030,5580,104765,3191,0.051687724628552374,0.36381256413179797
3499,0.3639,8,4,8,600034,5576,104773,3183,0.05165067249620216,0.36339764813334857
3500,0.364,1,3,1,600037,5573,104774,3182,0.051622883396939497,0.36344945745288404
3501,0.3641,6,10,6,600047,5563,104780,3176,0.05153025306606395,0.36342830987527175
3502,0.3642,6,13,6,600060,5550,104786,3170,0.051409833635925745,0.36353211009174313
3503,0.3643,8,11,8,600071,5539,104794,3162,0.05130794027196265,0.36340650499942534
3504,0.3644,2,0,2,600071,5539,104796,3160,0.05130794027196265,0.36326014484423497
3505,0.3645,18,35,18,600106,5504,104814,3142,0.050983734113898255,0.36340504279435576
3506,0.3646,14,29,14,600135,5475,104828,3128,0.05071510615435918,0.3635940950831105
3507,0.3647,7,18,7,600153,5457,104835,3121,0.05054837155878321,0.3638377244112847
3508,0.3648,10,14,10,600167,5443,104845,3111,0.05041868909555745,0.3636895019873743
3509,0.3649,15,19,15,600186,5424,104860,3096,0.05024269146689392,0.36338028169014086
3510,0.365,10,11,10,600197,5413,104870,3086,0.050140798102930824,0.3631015413578068
3511,0.3651,11,7,11,600204,5406,104881,3075,0.050075956871317946,0.36257516802263884
3512,0.3652,3,11,3,600215,5395,104884,3072,0.04997406350735485,0.36282036140309437
3513,0.3653,4,11,4,600226,5384,104888,3068,0.04987217014339175,0.36299100804543305
3514,0.3654,18,39,18,600265,5345,104906,3050,0.04951091185297714,0.3633114949374628
3515,0.3655,3,8,3,600273,5337,104909,3047,0.049436807588276704,0.36343034351145037
3516,0.3656,9,16,9,600289,5321,104918,3038,0.04928859905887584,0.36344060294293573
3517,0.3657,9,22,9,600311,5299,104927,3029,0.04908481233094965,0.3637127761767531
3518,0.3658,7,11,7,600322,5288,104934,3022,0.04898291896698655,0.3636582430806258
3519,0.3659,12,16,12,600338,5272,104946,3010,0.048834710437585686,0.3634387829026805
3520,0.366,5,3,5,600341,5269,104951,3005,0.04880692133832302,0.363185883490452
3521,0.3661,4,20,4,600361,5249,104955,3001,0.048621660676571934,0.3637575757575758
3522,0.3662,3,4,3,600365,5245,104958,2998,0.04858460854422172,0.36370253548465364
3523,0.3663,1,12,1,600377,5233,104959,2997,0.04847345214717107,0.36415552855407046
3524,0.3664,0,2,0,600379,5231,104959,2997,0.04845492608099596,0.3642440447253282
3525,0.3665,6,13,6,600392,5218,104965,2991,0.048334506650857756,0.36435619442075773
3526,0.3666,7,7,7,600399,5211,104972,2984,0.04826966541924488,0.36412446613788896
3527,0.3667,6,2,6,600401,5209,104978,2978,0.048251139353069766,0.36374740442164405
3528,0.3668,5,12,5,600413,5197,104983,2973,0.048139982956019116,0.3638922888616891
3529,0.3669,3,18,3,600431,5179,104986,2970,0.047973248360443144,0.36446189716529637
3530,0.367,7,8,7,600439,5171,104993,2963,0.04789914409574271,0.3642734202114581
3531,0.3671,6,18,6,600457,5153,104999,2957,0.04773240950016674,0.3646115906288533
3532,0.3672,3,6,3,600463,5147,105002,2954,0.04767683130164141,0.36464633995802986
3533,0.3673,7,16,7,600479,5131,105009,2947,0.04752862277224054,0.3648180242634315
3534,0.3674,3,10,3,600489,5121,105012,2944,0.047435992441365,0.3650340979541227
3535,0.3675,7,12,7,600501,5109,105019,2937,0.04732483604431435,0.3650260999254288
3536,0.3676,16,12,16,600513,5097,105035,2921,0.0472136796472637,0.3643053130456473
3537,0.3677,4,4,4,600517,5093,105039,2917,0.047176627514913486,0.3641697877652934
3538,0.3678,3,4,3,600521,5089,105042,2914,0.04713957538256327,0.36411345745345497
3539,0.3679,3,17,3,600538,5072,105045,2911,0.046982103820074846,0.36464988099711887
3540,0.368,18,14,18,600552,5058,105063,2893,0.04685242135684908,0.36385360332033706
3541,0.3681,3,13,3,600565,5045,105066,2890,0.046732001926710884,0.36420919974795213
3542,0.3682,7,14,7,600579,5031,105073,2883,0.04660231946348512,0.36429112964366944
3543,0.3683,1,6,1,600585,5025,105074,2882,0.0465467412649598,0.3644871632730492
3544,0.3684,5,8,5,600593,5017,105079,2877,0.046472637000259366,0.36445401570813274
3545,0.3685,11,7,11,600600,5010,105090,2866,0.04640779576864649,0.3638902996444896
3546,0.3686,5,11,5,600611,4999,105095,2861,0.04630590240468339,0.36399491094147585
3547,0.3687,5,9,5,600620,4990,105100,2856,0.046222535106895404,0.36400713739485085
3548,0.3688,13,34,13,600654,4956,105113,2843,0.04590759198191856,0.36453391460443646
3549,0.3689,6,10,6,600664,4946,105119,2837,0.04581496165104302,0.3645123988179365
3550,0.369,2,6,2,600670,4940,105121,2835,0.04575938345251769,0.36463022508038584
3551,0.3691,15,32,15,600702,4908,105136,2820,0.045462966393715956,0.36490683229813664
3552,0.3692,9,13,9,600715,4895,105145,2811,0.04534254696357776,0.36478069037113936
3553,0.3693,3,11,3,600726,4884,105148,2808,0.045240653599614655,0.36505460218408736
3554,0.3694,11,27,11,600753,4857,105159,2797,0.044990551706250693,0.36542984060621897
3555,0.3695,11,13,11,600766,4844,105170,2786,0.04487013227611249,0.3651376146788991
3556,0.3696,2,9,2,600775,4835,105172,2784,0.044786764978324504,0.3654022837642735
3557,0.3697,1,5,1,600780,4830,105173,2783,0.04474044981288673,0.36555891238670696
3558,0.3698,0,7,0,600787,4823,105173,2783,0.044675608581273854,0.36589534577964766
3559,0.3699,3,2,3,600789,4821,105176,2780,0.04465708251509874,0.3657413498223918
3560,0.37,1,2,1,600791,4819,105177,2779,0.04463855644892364,0.36575414582784943
3561,0.3701,10,17,10,600808,4802,105187,2769,0.044481084886435214,0.3657376832650905
3562,0.3702,5,8,5,600816,4794,105192,2764,0.04440698062173478,0.3657052130193173
3563,0.3703,1,3,1,600819,4791,105193,2763,0.04437919152247212,0.3657664813343924
3564,0.3704,1,7,1,600826,4784,105194,2762,0.04431435029085924,0.36602173336867216
3565,0.3705,6,13,6,600839,4771,105200,2756,0.044193930860721035,0.36614853195164077
3566,0.3706,7,6,7,600845,4765,105207,2749,0.04413835266219571,0.3658504125632153
3567,0.3707,4,5,4,600850,4760,105211,2745,0.04409203749675794,0.36575616255829446
3568,0.3708,7,14,7,600864,4746,105218,2738,0.04396235503353218,0.36584714056654194
3569,0.3709,3,8,3,600872,4738,105221,2735,0.043888250768831745,0.36598420982202595
3570,0.371,10,12,10,600884,4726,105231,2725,0.043777094371781095,0.3657227217823111
3571,0.3711,5,15,5,600899,4711,105236,2720,0.04363814887546778,0.3660341811330911
3572,0.3712,13,12,13,600911,4699,105249,2707,0.04352699247841713,0.3655144477450716
3573,0.3713,2,1,2,600912,4698,105251,2705,0.04351772944532958,0.36539240848304744
3574,0.3714,3,4,3,600916,4694,105254,2702,0.04348067731297936,0.36533261222282315
3575,0.3715,3,6,3,600922,4688,105257,2699,0.04342509911445404,0.3653715987545688
3576,0.3716,4,10,4,600932,4678,105261,2695,0.04333246878357849,0.3655228536552285
3577,0.3717,2,8,2,600940,4670,105263,2693,0.04325836451887806,0.3657476572049436
3578,0.3718,14,11,14,600951,4659,105277,2679,0.043156471154914965,0.36508585445625513
3579,0.3719,0,6,0,600957,4653,105277,2679,0.04310089295638964,0.36538461538461536
3580,0.372,4,12,4,600969,4641,105281,2675,0.04298973655933899,0.3656369600874795
3581,0.3721,9,12,9,600981,4629,105290,2666,0.04287858016228834,0.3654557916381083
3582,0.3722,4,11,4,600992,4618,105294,2662,0.04277668679832524,0.36565934065934064
3583,0.3723,14,21,14,601013,4597,105308,2648,0.04258216310348661,0.3654934437543133
3584,0.3724,3,8,3,601021,4589,105311,2645,0.042508058838786174,0.3656345037323749
3585,0.3725,4,1,4,601022,4588,105315,2641,0.04249879580569862,0.3653340711025038
3586,0.3726,8,13,8,601035,4575,105323,2633,0.04237837637556041,0.3652885682574917
3587,0.3727,4,2,4,601037,4573,105327,2629,0.04235985030938531,0.36503748958622606
3588,0.3728,14,18,14,601055,4555,105341,2615,0.04219311571380933,0.3647140864714086
3589,0.3729,3,1,3,601056,4554,105344,2612,0.04218385268072178,0.3644990231649456
3590,0.373,9,25,9,601081,4529,105353,2603,0.04195227685353292,0.36497476163768927
3591,0.3731,4,6,4,601087,4523,105357,2599,0.04189669865500759,0.36492558270148834
3592,0.3732,6,13,6,601100,4510,105363,2593,0.04177627922486939,0.3650570181613403
3593,0.3733,5,4,5,601104,4506,105368,2588,0.04173922709251918,0.3648153369044263
3594,0.3734,8,20,8,601124,4486,105376,2580,0.04155396643076809,0.36512878573450325
3595,0.3735,5,18,5,601142,4468,105381,2575,0.04138723183519211,0.365611245208008
3596,0.3736,2,5,2,601147,4463,105383,2573,0.04134091666975435,0.36569073337123364
3597,0.3737,8,4,8,601151,4459,105391,2565,0.04130386453740413,0.3651765375854214
3598,0.3738,2,4,2,601155,4455,105393,2563,0.041266812405053914,0.3652037617554859
3599,0.3739,3,7,3,601162,4448,105396,2560,0.04120197117344103,0.365296803652968
3600,0.374,8,15,8,601177,4433,105404,2552,0.04106302567712772,0.3653543307086614
3601,0.3741,6,9,6,601186,4424,105410,2546,0.04097965837933973,0.3652797704447633
3602,0.3742,5,6,5,601192,4418,105415,2541,0.04092408018081441,0.3651386693490444
3603,0.3743,3,9,3,601201,4409,105418,2538,0.04084071288302642,0.36533755577947313
3604,0.3744,1,6,1,601207,4403,105419,2537,0.040785134684501095,0.36556195965417865
3605,0.3745,12,13,12,601220,4390,105431,2525,0.04066471525436289,0.36514822848879247
3606,0.3746,10,13,10,601233,4377,105441,2515,0.04054429582422468,0.3649158444573418
3607,0.3747,3,11,3,601244,4366,105444,2512,0.04044240246026159,0.36522244838615875
3608,0.3748,4,9,4,601253,4357,105448,2508,0.0403590351624736,0.36533139111434815
3609,0.3749,1,4,1,601257,4353,105449,2507,0.04032198303012338,0.36545189504373177
3610,0.375,2,7,2,601264,4346,105451,2505,0.040257141798510504,0.36564005254707344
3611,0.3751,1,5,1,601269,4341,105452,2504,0.04021082663307273,0.3658144631117604
3612,0.3752,4,7,4,601276,4334,105456,2500,0.040145985401459854,0.3658179689786362
3613,0.3753,2,7,2,601283,4327,105458,2498,0.040081144169846976,0.366007326007326
3614,0.3754,7,10,7,601293,4317,105465,2491,0.03998851383897143,0.3658930669800235
3615,0.3755,2,8,2,601301,4309,105467,2489,0.039914409574271,0.36613709914680787
3616,0.3756,4,8,4,601309,4301,105471,2485,0.03984030530957056,0.3661951075744179
3617,0.3757,2,7,2,601316,4294,105473,2483,0.039775464077957685,0.36638630662535043
3618,0.3758,16,26,16,601342,4268,105489,2467,0.03953462521768128,0.36629547141796587
3619,0.3759,13,31,13,601373,4237,105502,2454,0.0392474711919671,0.3667613211777014
3620,0.376,1,5,1,601378,4232,105503,2453,0.03920115602652933,0.3669409124906507
3621,0.3761,2,3,2,601381,4229,105505,2451,0.03917336692726667,0.36691616766467067
3622,0.3762,11,17,11,601398,4212,105516,2440,0.039015895364778244,0.3668069753457607
3623,0.3763,1,2,1,601400,4210,105517,2439,0.03899736929860313,0.3668220785080463
3624,0.3764,8,13,8,601413,4197,105525,2431,0.03887694986846493,0.3667773083886542
3625,0.3765,7,15,7,601428,4182,105532,2424,0.038738004372151615,0.36693914623069934
3626,0.3766,4,6,4,601434,4176,105536,2420,0.03868242617362629,0.36688902365069737
3627,0.3767,6,18,6,601452,4158,105542,2414,0.038515691578050314,0.36731588557516737
3628,0.3768,3,13,3,601465,4145,105545,2411,0.038395272147912114,0.3677547284929835
3629,0.3769,3,11,3,601476,4134,105548,2408,0.03829337878394902,0.36808315499847144
3630,0.377,20,22,20,601498,4112,105568,2388,0.038089592056022824,0.36738461538461537
3631,0.3771,2,20,2,601518,4092,105570,2386,0.03790433139427174,0.36832355665328803
3632,0.3772,6,9,6,601527,4083,105576,2380,0.03782096409648375,0.36825003868172673
3633,0.3773,2,11,2,601538,4072,105578,2378,0.037719070732520656,0.36868217054263563
3634,0.3774,8,13,8,601551,4059,105586,2370,0.03759865130238245,0.3686420905272982
3635,0.3775,8,18,8,601569,4041,105594,2362,0.03743191670680648,0.36888958300796504
3636,0.3776,8,11,8,601580,4030,105602,2354,0.03733002334284338,0.36873433583959897
3637,0.3777,10,12,10,601592,4018,105612,2344,0.03721886694579273,0.3684375982395473
3638,0.3778,3,6,3,601598,4012,105615,2341,0.0371632887472674,0.3684873288210294
3639,0.3779,2,6,2,601604,4006,105617,2339,0.03710771054874208,0.36863672182821117
3640,0.378,2,3,2,601607,4003,105619,2337,0.03707992144947942,0.3686119873817035
3641,0.3781,0,2,0,601609,4001,105619,2337,0.03706139538330431,0.3687283054591354
3642,0.3782,6,10,6,601619,3991,105625,2331,0.03696876505242877,0.3687124327744385
3643,0.3783,5,9,5,601628,3982,105630,2326,0.03688539775464078,0.36873811033608117
3644,0.3784,2,1,2,601629,3981,105632,2324,0.036876134721553225,0.36859635210150676
3645,0.3785,0,2,0,601631,3979,105632,2324,0.03685760865537812,0.3687133111216881
3646,0.3786,1,4,1,601635,3975,105633,2323,0.0368205565230279,0.368847253096221
3647,0.3787,14,16,14,601651,3959,105647,2309,0.036672347993627036,0.368379068283344
3648,0.3788,9,12,9,601663,3947,105656,2300,0.036561191596576385,0.3681767248279174
3649,0.3789,5,5,5,601668,3942,105661,2295,0.03651487643113861,0.36796536796536794
3650,0.379,6,7,6,601675,3935,105667,2289,0.036450035199525735,0.36776992287917737
3651,0.3791,1,3,1,601678,3932,105668,2288,0.03642224610026307,0.36784565916398715
3652,0.3792,3,14,3,601692,3918,105671,2285,0.03629256363703731,0.3683701434789618
3653,0.3793,3,2,3,601694,3916,105674,2282,0.0362740375708622,0.3681832849306228
3654,0.3794,8,19,8,601713,3897,105682,2274,0.03609803994219867,0.3684978123480797
3655,0.3795,6,5,6,601718,3892,105688,2268,0.036051724776760906,0.36818181818181817
3656,0.3796,4,3,4,601721,3889,105692,2264,0.03602393567749824,0.3679505932065659
3657,0.3797,3,4,3,601725,3885,105695,2261,0.03598688354514802,0.3678815489749431
3658,0.3798,8,20,8,601745,3865,105703,2253,0.03580162288339694,0.36825760052304674
3659,0.3799,10,24,10,601769,3841,105713,2243,0.035579310089295636,0.36867192636423407
3660,0.38,9,10,9,601779,3831,105722,2234,0.0354866797584201,0.3683429513602638
3661,0.3801,6,16,6,601795,3815,105728,2228,0.03533847122901923,0.36869104749296705
3662,0.3802,9,8,9,601803,3807,105737,2219,0.0352643669643188,0.3682376369067375
3663,0.3803,2,6,2,601809,3801,105739,2217,0.03520878876579347,0.36839481555333997
3664,0.3804,9,14,9,601823,3787,105748,2208,0.03507910630256771,0.3683069224353628
3665,0.3805,3,8,3,601831,3779,105751,2205,0.03500500203786728,0.3684826203208556
3666,0.3806,4,10,4,601841,3769,105755,2201,0.03491237170699174,0.368676716917923
3667,0.3807,8,15,8,601856,3754,105763,2193,0.03477342621067842,0.368757356650412
3668,0.3808,8,19,8,601875,3735,105771,2185,0.034597428582014894,0.36908783783783783
3669,0.3809,10,10,10,601885,3725,105781,2175,0.034504798251139356,0.3686440677966102
3670,0.381,1,4,1,601889,3721,105782,2174,0.03446774611878914,0.36878710771840545
3671,0.3811,2,5,2,601894,3716,105784,2172,0.034421430953351366,0.3688858695652174
3672,0.3812,7,17,7,601911,3699,105791,2165,0.03426395939086294,0.3692019099590723
3673,0.3813,3,6,3,601917,3693,105794,2162,0.03420838119233762,0.36925704526046116
3674,0.3814,5,11,5,601928,3682,105799,2157,0.03410648782837452,0.3694125706456585
3675,0.3815,10,9,10,601937,3673,105809,2147,0.03402312053058654,0.3689003436426117
3676,0.3816,6,13,6,601950,3660,105815,2141,0.03390270110044833,0.3690742975349078
3677,0.3817,0,3,0,601953,3657,105815,2141,0.03387491200118567,0.36926526388409797
3678,0.3818,10,17,10,601970,3640,105825,2131,0.033717440438697246,0.3692600935713048
3679,0.3819,8,9,8,601979,3631,105833,2123,0.03363407314090926,0.3689607229753215
3680,0.382,7,6,7,601985,3625,105840,2116,0.033578494942383935,0.36857690297857515
3681,0.3821,10,16,10,602001,3609,105850,2106,0.03343028641298307,0.36850393700787404
3682,0.3822,5,12,5,602013,3597,105855,2101,0.03331913001593242,0.3687258687258687
3683,0.3823,10,30,10,602043,3567,105865,2091,0.03304123902330579,0.3695652173913043
3684,0.3824,4,4,4,602047,3563,105869,2087,0.03300418689095557,0.3693805309734513
3685,0.3825,10,11,10,602058,3552,105879,2077,0.03290229352699248,0.3689820572037662
3686,0.3826,6,11,6,602069,3541,105885,2071,0.03280040016302938,0.3690306486101212
3687,0.3827,19,29,19,602098,3512,105904,2052,0.03253177220349031,0.3687994248741912
3688,0.3828,10,18,10,602116,3494,105914,2042,0.032365037607914336,0.3688583815028902
3689,0.3829,5,7,5,602123,3487,105919,2037,0.03230019637630146,0.36875452570601014
3690,0.383,3,9,3,602132,3478,105922,2034,0.03221682907851347,0.36901306240928883
3691,0.3831,4,4,4,602136,3474,105926,2030,0.03217977694616325,0.36882267441860467
3692,0.3832,9,14,9,602150,3460,105935,2021,0.03205009448293749,0.3687283342455756
3693,0.3833,8,15,8,602165,3445,105943,2013,0.03191114898662418,0.36881641626969586
3694,0.3834,3,6,3,602171,3439,105946,2010,0.03185557078809886,0.368875022939989
3695,0.3835,8,6,8,602177,3433,105954,2002,0.03179999258957353,0.36835326586936523
3696,0.3836,4,11,4,602188,3422,105958,1998,0.031698099225610434,0.36863468634686347
3697,0.3837,3,6,3,602194,3416,105961,1995,0.03164252102708511,0.36869340232858994
3698,0.3838,0,2,0,602196,3414,105961,1995,0.03162399496091,0.3688297282307266
3699,0.3839,4,6,4,602202,3408,105965,1991,0.03156841676238468,0.3687719948138544
3700,0.384,5,8,5,602210,3400,105970,1986,0.031494312497684245,0.3687337541774972
3701,0.3841,12,14,12,602224,3386,105982,1974,0.03136463003445848,0.36828358208955225
3702,0.3842,1,5,1,602229,3381,105983,1973,0.03131831486902071,0.36850952558834515
3703,0.3843,4,8,4,602237,3373,105987,1969,0.03124421060432028,0.36858854361662297
3704,0.3844,3,4,3,602241,3369,105990,1966,0.031207158471970062,0.36850984067478915
3705,0.3845,4,5,4,602246,3364,105994,1962,0.03116084330653229,0.36838152459631995
3706,0.3846,6,7,6,602253,3357,106000,1956,0.031096002074919412,0.3681535855448899
3707,0.3847,7,9,7,602262,3348,106007,1949,0.031012634777131422,0.36794411931281856
3708,0.3848,9,6,9,602268,3342,106016,1940,0.030957056578606097,0.36728511927300267
3709,0.3849,3,8,3,602276,3334,106019,1937,0.030882952313905664,0.36748245114778977
3710,0.385,4,11,4,602287,3323,106023,1933,0.03078105894994257,0.3677701674277017
3711,0.3851,9,13,9,602300,3310,106032,1924,0.030660639519804366,0.3675964845242644
3712,0.3852,12,21,12,602321,3289,106044,1912,0.030466115824965726,0.36762161122860987
3713,0.3853,1,5,1,602326,3284,106045,1911,0.030419800659527957,0.3678537054860443
3714,0.3854,5,4,5,602330,3280,106050,1906,0.03038274852717774,0.367527959892017
3715,0.3855,7,14,7,602344,3266,106057,1899,0.03025306606395198,0.3676669893514037
3716,0.3856,5,10,5,602354,3256,106062,1894,0.03016043573307644,0.36776699029126214
3717,0.3857,9,18,9,602372,3238,106071,1885,0.029993701137500463,0.3679484676947101
3718,0.3858,9,27,9,602399,3211,106080,1876,0.0297435992441365,0.36878317279339495
3719,0.3859,12,15,12,602414,3196,106092,1864,0.029604653747823187,0.3683794466403162
3720,0.386,3,19,3,602433,3177,106095,1861,0.02942865611915966,0.36939261611750696
3721,0.3861,3,6,3,602439,3171,106098,1858,0.029373077920634334,0.36945714853847683
3722,0.3862,2,3,2,602442,3168,106100,1856,0.02934528882137167,0.36942675159235666
3723,0.3863,1,2,1,602444,3166,106101,1855,0.02932676275519656,0.3694483170683131
3724,0.3864,1,5,1,602449,3161,106102,1854,0.02928044758975879,0.36969092721834496
3725,0.3865,8,13,8,602462,3148,106110,1846,0.029160028159620585,0.3696435722867441
3726,0.3866,4,3,4,602465,3145,106114,1842,0.029132239060357924,0.36936033687587727
3727,0.3867,1,7,1,602472,3138,106115,1841,0.029067397828745043,0.36975296244225747
3728,0.3868,4,4,4,602476,3134,106119,1837,0.029030345696394826,0.3695433514383424
3729,0.3869,1,7,1,602483,3127,106120,1836,0.02896550446478195,0.36993753777956884
3730,0.387,4,8,4,602491,3119,106124,1832,0.028891400200081515,0.3700262573217532
3731,0.3871,4,7,4,602498,3112,106128,1828,0.028826558968468634,0.3700404858299595
3732,0.3872,4,13,4,602511,3099,106132,1824,0.02870613953833043,0.3705057891529555
3733,0.3873,6,37,6,602548,3062,106138,1818,0.028363407314090927,0.37254098360655735
3734,0.3874,0,2,0,602550,3060,106138,1818,0.02834488124791582,0.3726937269372694
3735,0.3875,4,3,4,602553,3057,106142,1814,0.028317092148653154,0.3724081297474851
3736,0.3876,2,10,2,602563,3047,106144,1812,0.028224461817777612,0.3729162379090348
3737,0.3877,8,15,8,602578,3032,106152,1804,0.0280855163214643,0.3730355665839537
3738,0.3878,1,14,1,602592,3018,106153,1803,0.027955833858238542,0.37398879900435594
3739,0.3879,7,26,7,602618,2992,106160,1796,0.027714994997962133,0.37510442773600666
3740,0.388,1,3,1,602621,2989,106161,1795,0.02768720589869947,0.37520903010033446
3741,0.3881,0,5,0,602626,2984,106161,1795,0.0276408907332617,0.3756015902908558
3742,0.3882,0,2,0,602628,2982,106161,1795,0.02762236466708659,0.37575884446305213
3743,0.3883,11,9,11,602637,2973,106172,1784,0.027538997369298605,0.37502627706537733
3744,0.3884,14,17,14,602654,2956,106186,1770,0.02738152580681018,0.3745239102835379
3745,0.3885,2,2,2,602656,2954,106188,1768,0.027362999740635073,0.37441761965268955
3746,0.3886,5,10,5,602666,2944,106193,1763,0.02727036940975953,0.3745485447206289
3747,0.3887,2,4,2,602670,2940,106195,1761,0.027233317277409314,0.3746011486917677
3748,0.3888,5,11,5,602681,2929,106200,1756,0.02713142391344622,0.37481323372465314
3749,0.3889,4,8,4,602689,2921,106204,1752,0.027057319648745786,0.37491975176546116
3750,0.389,0,5,0,602694,2916,106204,1752,0.027011004483308013,0.37532133676092544
3751,0.3891,2,2,2,602696,2914,106206,1750,0.026992478417132905,0.3752144082332762
3752,0.3892,6,12,6,602708,2902,106212,1744,0.026881322020082254,0.37537666810159276
3753,0.3893,0,2,0,602710,2900,106212,1744,0.026862795953907146,0.37553832902670115
3754,0.3894,3,14,3,602724,2886,106215,1741,0.026733113490681387,0.37626972120164254
3755,0.3895,8,3,8,602727,2883,106223,1733,0.026705324391418726,0.37543327556325823
3756,0.3896,10,20,10,602747,2863,106233,1723,0.026520063729667642,0.3757086785870039
3757,0.3897,5,1,5,602748,2862,106238,1718,0.02651080069658009,0.37510917030567686
3758,0.3898,7,8,7,602756,2854,106245,1711,0.026436696431879656,0.3748083242059146
3759,0.3899,1,4,1,602760,2850,106246,1710,0.02639964429952944,0.375
3760,0.39,5,9,5,602769,2841,106251,1705,0.02631627700174145,0.3750549934007919
3761,0.3901,1,1,1,602770,2840,106252,1704,0.026307013968653897,0.375
3762,0.3902,1,5,1,602775,2835,106253,1703,0.026260698803216125,0.375275451740855
3763,0.3903,6,10,6,602785,2825,106259,1697,0.026168068472340583,0.3752764263600177
3764,0.3904,0,2,0,602787,2823,106259,1697,0.026149542406165474,0.3754424778761062
3765,0.3905,11,17,11,602804,2806,106270,1686,0.025992070843677054,0.3753339269813001
3766,0.3906,4,3,4,602807,2803,106274,1682,0.02596428174441439,0.3750278706800446
3767,0.3907,2,13,2,602820,2790,106276,1680,0.025843862314276187,0.37583892617449666
3768,0.3908,7,8,7,602828,2782,106283,1673,0.025769758049575753,0.3755331088664422
3769,0.3909,6,16,6,602844,2766,106289,1667,0.025621549520174886,0.3760433115271825
3770,0.391,1,4,1,602848,2762,106290,1666,0.02558449738782467,0.37624209575429085
3771,0.3911,4,7,4,602855,2755,106294,1662,0.02551965615621179,0.37627348879329864
3772,0.3912,3,2,3,602857,2753,106297,1659,0.025501130090036683,0.3760199456029012
3773,0.3913,7,9,7,602866,2744,106304,1652,0.025417762792248694,0.37579617834394907
3774,0.3914,7,12,7,602878,2732,106311,1645,0.025306606395198043,0.3758281928261366
3775,0.3915,7,6,7,602884,2726,106318,1638,0.025251028196672718,0.37534372135655364
3776,0.3916,11,13,11,602897,2713,106329,1627,0.025130608766534515,0.37488479262672814
3777,0.3917,1,4,1,602901,2709,106330,1626,0.0250935566341843,0.3750865051903114
3778,0.3918,11,6,11,602907,2703,106341,1615,0.025037978435658973,0.37401574803149606
3779,0.3919,1,6,1,602913,2697,106342,1614,0.024982400237133648,0.3743910925539318
3780,0.392,1,2,1,602915,2695,106343,1613,0.02496387417095854,0.3744196843082637
3781,0.3921,3,11,3,602926,2684,106346,1610,0.02486198080699544,0.37494177922682814
3782,0.3922,1,4,1,602930,2680,106347,1609,0.024824928674645225,0.3751457216134297
3783,0.3923,5,8,5,602938,2672,106352,1604,0.02475082440994479,0.37511693171188026
3784,0.3924,0,3,0,602941,2669,106352,1604,0.02472303531068213,0.37538029487479524
3785,0.3925,0,3,0,602944,2666,106352,1604,0.024695246211419466,0.3756440281030445
3786,0.3926,4,12,4,602956,2654,106356,1600,0.024584089814368815,0.3761165961448049
3787,0.3927,0,2,0,602958,2652,106356,1600,0.024565563748193707,0.37629350893697083
3788,0.3928,1,1,1,602959,2651,106357,1599,0.024556300715106155,0.37623529411764706
3789,0.3929,0,2,0,602961,2649,106357,1599,0.024537774648931046,0.3764124293785311
3790,0.393,8,10,8,602971,2639,106365,1591,0.024445144318055504,0.37612293144208037
3791,0.3931,1,3,1,602974,2636,106366,1590,0.024417355218792843,0.3762423095125414
3792,0.3932,0,5,0,602979,2631,106366,1590,0.02437104005335507,0.3766879886282871
3793,0.3933,2,8,2,602987,2623,106368,1588,0.024296935788654637,0.37710757539776774
3794,0.3934,3,11,3,602998,2612,106371,1585,0.024195042424691542,0.37765070288301167
3795,0.3935,4,4,4,603002,2608,106375,1581,0.024157990292341325,0.37741704464072573
3796,0.3936,1,2,1,603004,2606,106376,1580,0.024139464226166217,0.3774486383182035
3797,0.3937,0,4,0,603008,2602,106376,1580,0.024102412093816,0.37780966044954567
3798,0.3938,2,6,2,603014,2596,106378,1578,0.024046833895290675,0.3780546238620029
3799,0.3939,3,2,3,603016,2594,106381,1575,0.024028307829115567,0.3777884384744543
3800,0.394,8,11,8,603027,2583,106389,1567,0.02392641446515247,0.3775903614457831
3801,0.3941,2,1,2,603028,2582,106391,1565,0.023917151432064916,0.37738123945020496
3802,0.3942,0,4,0,603032,2578,106391,1565,0.0238800992997147,0.37774559497948346
3803,0.3943,4,14,4,603046,2564,106395,1561,0.02375041683648894,0.37842424242424244
3804,0.3944,8,5,8,603051,2559,106403,1553,0.023704101671051168,0.3776750972762646
3805,0.3945,1,0,1,603051,2559,106404,1552,0.023704101671051168,0.37752371685721237
3806,0.3946,9,18,9,603069,2541,106413,1543,0.023537367075475192,0.3778158667972576
3807,0.3947,9,11,9,603080,2530,106422,1534,0.023435473711512098,0.37746062992125984
3808,0.3948,3,6,3,603086,2524,106425,1531,0.023379895512986772,0.3775585696670777
3809,0.3949,1,5,1,603091,2519,106426,1530,0.023333580347549003,0.3778710792788343
3810,0.395,3,1,3,603092,2518,106429,1527,0.023324317314461447,0.37750309023485784
3811,0.3952,5,10,5,603102,2508,106434,1522,0.023231686983585905,0.37766749379652603
3812,0.3953,6,7,6,603109,2501,106440,1516,0.023166845751973027,0.3773960667164551
3813,0.3954,2,3,2,603112,2498,106442,1514,0.023139056652710363,0.3773678963110668
3814,0.3955,2,5,2,603117,2493,106444,1512,0.023092741487272594,0.3775280898876405
3815,0.3956,0,1,0,603118,2492,106444,1512,0.023083478454185038,0.3776223776223776
3816,0.3957,2,1,2,603119,2491,106446,1510,0.023074215421097485,0.377405648587853
3817,0.3958,0,5,0,603124,2486,106446,1510,0.023027900255659713,0.37787787787787785
3818,0.3959,4,5,4,603129,2481,106450,1506,0.022981585090221943,0.37772761474793076
3819,0.396,3,6,3,603135,2475,106453,1503,0.022926006891696618,0.3778280542986425
3820,0.3961,3,4,3,603139,2471,106456,1500,0.0228889547593464,0.37773860488541927
3821,0.3962,0,5,0,603144,2466,106456,1500,0.02284263959390863,0.37821482602118
3822,0.3963,1,4,1,603148,2462,106457,1499,0.02280558746155841,0.37843978793234034
3823,0.3964,8,15,8,603163,2447,106465,1491,0.0226666419652451,0.3786185881157948
3824,0.3965,1,3,1,603166,2444,106466,1490,0.022638852865982436,0.3787493645144891
3825,0.3966,6,9,6,603175,2435,106472,1484,0.02255548556819445,0.3786680275580505
3826,0.3967,1,1,1,603176,2434,106473,1483,0.022546222535106894,0.3786060760786316
3827,0.3968,4,6,4,603182,2428,106477,1479,0.02249064433658157,0.3785513181469158
3828,0.3969,1,4,1,603186,2424,106478,1478,0.022453592204231352,0.3787801127626858
3829,0.397,12,12,12,603198,2412,106490,1466,0.0223424358071807,0.3780299123259412
3830,0.3971,5,14,5,603212,2398,106495,1461,0.022212753343954946,0.37859549105986007
3831,0.3972,2,3,2,603215,2395,106497,1459,0.022184964244692282,0.37856772184743126
3832,0.3973,0,2,0,603217,2393,106497,1459,0.022166438178517173,0.37876427829698855
3833,0.3974,2,4,2,603221,2389,106499,1457,0.022129386046166957,0.37883515340613627
3834,0.3975,3,2,3,603223,2387,106502,1454,0.022110859979991848,0.37854725331944805
3835,0.3976,1,2,1,603225,2385,106503,1453,0.02209233391381674,0.3785825951016154
3836,0.3977,2,5,2,603230,2380,106505,1451,0.02204601874837897,0.3787522839989559
3837,0.3978,2,4,2,603234,2376,106507,1449,0.022008966616028754,0.3788235294117647
3838,0.3979,11,25,11,603259,2351,106518,1438,0.021777390788839897,0.3795196621799947
3839,0.398,3,2,3,603261,2349,106521,1435,0.02175886472266479,0.37922832980972515
3840,0.3981,4,7,4,603268,2342,106525,1431,0.02169402349105191,0.37927378743705276
3841,0.3982,4,9,4,603277,2333,106529,1427,0.02161065619326392,0.3795212765957447
3842,0.3983,9,14,9,603291,2319,106538,1418,0.021480973730038162,0.3794487556863794
3843,0.3984,8,19,8,603310,2300,106546,1410,0.021304976101374634,0.38005390835579517
3844,0.3985,2,1,2,603311,2299,106548,1408,0.021295713068287078,0.3798219584569733
3845,0.3986,3,7,3,603318,2292,106551,1405,0.0212308718366742,0.3800378685420611
3846,0.3987,3,0,3,603318,2292,106554,1402,0.0212308718366742,0.3795343800757986
3847,0.3988,3,10,3,603328,2282,106557,1399,0.02113824150579866,0.38005976636783484
3848,0.3989,5,6,5,603334,2276,106562,1394,0.021082663307273333,0.3798365122615804
3849,0.399,2,5,2,603339,2271,106564,1392,0.021036348141835564,0.38001638001638
3850,0.3991,2,5,2,603344,2266,106566,1390,0.02099003297639779,0.38019693654266956
3851,0.3992,0,1,0,603345,2265,106566,1390,0.02098076994331024,0.3803009575923393
3852,0.3993,6,24,6,603369,2241,106572,1384,0.020758457149208938,0.3817931034482759
3853,0.3994,0,4,0,603373,2237,106572,1384,0.02072140501685872,0.38221485777409553
3854,0.3995,8,12,8,603385,2225,106580,1376,0.02061024861980807,0.3821160788669814
3855,0.3996,9,13,9,603398,2212,106589,1367,0.020489829189669864,0.381950265437273
3856,0.3997,5,7,5,603405,2205,106594,1362,0.020424987958056987,0.38183347350714886
3857,0.3998,4,11,4,603416,2194,106598,1358,0.02032309459409389,0.38231981981981983
3858,0.3999,6,8,6,603424,2186,106604,1352,0.020248990329393455,0.3821368004522329
3859,0.4,7,19,7,603443,2167,106611,1345,0.020072992700729927,0.3829726651480638
3860,0.4001,1,4,1,603447,2163,106612,1344,0.02003594056837971,0.38323353293413176
3861,0.4002,0,3,0,603450,2160,106612,1344,0.02000815146911705,0.3835616438356164
3862,0.4003,2,1,2,603451,2159,106614,1342,0.019998888436029493,0.3833190516995144
3863,0.4004,3,11,3,603462,2148,106617,1339,0.0198969950720664,0.3839977057642673
3864,0.4005,7,6,7,603468,2142,106624,1332,0.019841416873541073,0.38341968911917096
3865,0.4006,0,3,0,603471,2139,106624,1332,0.01981362777427841,0.3837510803802939
3866,0.4007,3,3,3,603474,2136,106627,1329,0.019785838675015748,0.38354978354978353
3867,0.4008,0,7,0,603481,2129,106627,1329,0.019720997443402867,0.3843262001156738
3868,0.4009,1,8,1,603489,2121,106628,1328,0.019646893178702433,0.38503914178022614
3869,0.401,1,2,1,603491,2119,106629,1327,0.019628367112527325,0.3850841555426582
3870,0.4011,7,10,7,603501,2109,106636,1320,0.019535736781651783,0.38495188101487315
3871,0.4012,7,10,7,603511,2099,106643,1313,0.01944310645077624,0.38481828839390386
3872,0.4013,8,10,8,603521,2089,106651,1305,0.0193504761199007,0.3845020624631703
3873,0.4014,1,3,1,603524,2086,106652,1304,0.019322687020638038,0.3846607669616519
3874,0.4015,4,5,4,603529,2081,106656,1300,0.019276371855200265,0.3845016267376516
3875,0.4016,4,3,4,603532,2078,106660,1296,0.019248582755937604,0.38411381149970364
3876,0.4017,2,7,2,603539,2071,106662,1294,0.019183741524324723,0.3845468053491828
3877,0.4018,3,9,3,603548,2062,106665,1291,0.019100374226536737,0.38502833283626603
3878,0.4019,2,6,2,603554,2056,106667,1289,0.019044796028011412,0.3853512705530643
3879,0.402,6,13,6,603567,2043,106673,1283,0.01892437659787321,0.3857486470234516
3880,0.4021,4,7,4,603574,2036,106677,1279,0.018859535366260328,0.3858220211161388
3881,0.4022,6,10,6,603584,2026,106683,1273,0.018766905035384786,0.3858745074264929
3882,0.4023,0,1,0,603585,2025,106683,1273,0.018757642002297233,0.3859915100060643
3883,0.4024,3,3,3,603588,2022,106686,1270,0.01872985290303457,0.38578371810449574
3884,0.4025,1,2,1,603590,2020,106687,1269,0.01871132683685946,0.3858315597446032
3885,0.4026,1,3,1,603593,2017,106688,1268,0.0186835377375968,0.38599695585996957
3886,0.4027,1,1,1,603594,2016,106689,1267,0.018674274704509244,0.3859275053304904
3887,0.4028,1,4,1,603598,2012,106690,1266,0.018637222572159027,0.3862111043319097
3888,0.4029,4,2,4,603600,2010,106694,1262,0.01861869650598392,0.3856968215158924
3889,0.403,3,7,3,603607,2003,106697,1259,0.01855385527437104,0.38595953402820354
3890,0.4031,13,30,13,603637,1973,106710,1246,0.018275964281744415,0.3870767319043181
3891,0.4032,2,5,2,603642,1968,106712,1244,0.018229649116306642,0.38729763387297633
3892,0.4033,5,3,5,603645,1965,106717,1239,0.01820186001704398,0.38670411985018727
3893,0.4034,7,8,7,603653,1957,106724,1232,0.018127755752343547,0.38632800250862337
3894,0.4035,4,3,4,603656,1954,106728,1228,0.018099966653080883,0.3859208045254557
3895,0.4036,5,4,5,603660,1950,106733,1223,0.01806291452073067,0.385439647021746
3896,0.4039,0,4,0,603664,1946,106733,1223,0.018025862388380453,0.38592615967182076
3897,0.404,1,4,1,603668,1942,106734,1222,0.017988810256030236,0.3862199747155499
3898,0.4041,3,4,3,603672,1938,106737,1219,0.01795175812368002,0.3861260690528983
3899,0.4042,3,3,3,603675,1935,106740,1216,0.017923969024417355,0.38590923516344017
3900,0.4043,0,1,0,603676,1934,106740,1216,0.017914705991329802,0.38603174603174606
3901,0.4044,4,5,4,603681,1929,106744,1212,0.01786839082589203,0.3858643744030564
3902,0.4045,2,4,2,603685,1925,106746,1210,0.017831338693541813,0.38596491228070173
3903,0.4046,0,1,0,603686,1924,106746,1210,0.01782207566045426,0.3860880663688577
3904,0.4047,0,1,0,603687,1923,106746,1210,0.017812812627366705,0.38621129907436963
3905,0.4048,3,4,3,603691,1919,106749,1207,0.017775760495016488,0.38611644273832374
3906,0.4049,2,5,2,603696,1914,106751,1205,0.01772944532957872,0.38634177621032384
3907,0.405,1,0,1,603696,1914,106752,1204,0.01772944532957872,0.386144964720975
3908,0.4051,2,5,2,603701,1909,106754,1202,0.017683130164140946,0.38637094181935067
3909,0.4052,13,13,13,603714,1896,106767,1189,0.017562710734002743,0.3854132901134522
3910,0.4053,4,14,4,603728,1882,106771,1185,0.017433028270776984,0.3863710466253668
3911,0.4054,0,3,0,603731,1879,106771,1185,0.01740523917151432,0.38674934725848564
3912,0.4056,5,4,5,603735,1875,106776,1180,0.017368187039164103,0.3862520458265139
3913,0.4057,6,3,6,603738,1872,106782,1174,0.017340397939901442,0.3854235062376888
3914,0.4058,2,2,2,603740,1870,106784,1172,0.017321871873726333,0.38527284681130836
3915,0.4059,1,3,1,603743,1867,106785,1171,0.01729408277446367,0.38545095457537853
3916,0.406,5,2,5,603745,1865,106790,1166,0.01727555670828856,0.38469152095018144
3917,0.4061,2,3,2,603748,1862,106792,1164,0.0172477676090259,0.38466622604097817
3918,0.4062,1,4,1,603752,1858,106793,1163,0.017210715476675683,0.38497186362131747
3919,0.4063,1,2,1,603754,1856,106794,1162,0.017192189410500575,0.38502319416832337
3920,0.4064,2,2,2,603756,1854,106796,1160,0.017173663344325466,0.384870603848706
3921,0.4065,5,6,5,603762,1848,106801,1155,0.01711808514580014,0.38461538461538464
3922,0.4067,3,2,3,603764,1846,106804,1152,0.017099559079625033,0.3842561707805203
3923,0.4068,15,16,15,603780,1830,106819,1137,0.016951350550224165,0.3832153690596562
3924,0.4069,2,1,2,603781,1829,106821,1135,0.016942087517136613,0.38292847503373817
3925,0.407,3,6,3,603787,1823,106824,1132,0.016886509318611288,0.38307952622673436
3926,0.4072,3,2,3,603789,1821,106827,1129,0.01686798325243618,0.3827118644067797
3927,0.4073,1,0,1,603789,1821,106828,1128,0.01686798325243618,0.38250254323499494
3928,0.4075,5,6,5,603795,1815,106833,1123,0.016812405053910854,0.38223281143635124
3929,0.4076,1,2,1,603797,1813,106834,1122,0.016793878987735746,0.38228279386712094
3930,0.4077,8,9,8,603806,1804,106842,1114,0.016710511689947756,0.38176833447566827
3931,0.4078,0,3,0,603809,1801,106842,1114,0.016682722590685095,0.3821612349914237
3932,0.4079,0,3,0,603812,1798,106842,1114,0.01665493349142243,0.38255494505494503
3933,0.408,2,3,2,603815,1795,106844,1112,0.01662714439215977,0.3825249398004816
3934,0.4081,1,3,1,603818,1792,106845,1111,0.016599355292897106,0.38270754392008266
3935,0.4082,3,11,3,603829,1781,106848,1108,0.01649746192893401,0.38352371062651436
3936,0.4083,1,8,1,603837,1773,106849,1107,0.016423357664233577,0.384375
3937,0.4084,1,2,1,603839,1771,106850,1106,0.01640483159805847,0.3844282238442822
3938,0.4085,3,2,3,603841,1769,106853,1103,0.01638630553188336,0.3840529247910863
3939,0.4086,1,0,1,603841,1769,106854,1102,0.01638630553188336,0.3838383838383838
3940,0.4087,4,4,4,603845,1765,106858,1098,0.016349253399533144,0.3835137967167307
3941,0.4088,1,3,1,603848,1762,106859,1097,0.01632146430027048,0.3837005946135012
3942,0.4089,5,6,5,603854,1756,106864,1092,0.016265886101745154,0.38342696629213485
3943,0.409,0,1,0,603855,1755,106864,1092,0.0162566230686576,0.3835616438356164
3944,0.4091,5,5,5,603860,1750,106869,1087,0.01621030790321983,0.38315121607331687
3945,0.4092,2,5,2,603865,1745,106871,1085,0.01616399273778206,0.3833922261484099
3946,0.4093,5,7,5,603872,1738,106876,1080,0.01609915150616918,0.38325053229240597
3947,0.4094,4,13,4,603885,1725,106880,1076,0.015978732076030976,0.3841485183862906
3948,0.4095,1,2,1,603887,1723,106881,1075,0.015960206009855867,0.38420300214438885
3949,0.4096,4,7,4,603894,1716,106885,1071,0.01589536477824299,0.38428417653390745
3950,0.4097,8,4,8,603898,1712,106893,1063,0.015858312645892773,0.38306306306306304
3951,0.4098,2,4,2,603902,1708,106895,1061,0.015821260513542556,0.3831708197905381
3952,0.4099,1,3,1,603905,1705,106896,1060,0.01579347141427989,0.3833634719710669
3953,0.41,3,3,3,603908,1702,106899,1057,0.01576568231501723,0.3831098223994201
3954,0.4101,6,13,6,603921,1689,106905,1051,0.015645262884879024,0.38357664233576644
3955,0.4102,4,5,4,603926,1684,106909,1047,0.015598947719441253,0.3833760527279385
3956,0.4103,7,7,7,603933,1677,106916,1040,0.015534106487828374,0.3827751196172249
3957,0.4104,6,9,6,603942,1668,106922,1034,0.015450739190040386,0.382679496669134
3958,0.4105,15,16,15,603958,1652,106937,1019,0.01530253066063952,0.381505054286784
3959,0.4106,1,5,1,603963,1647,106938,1018,0.01525621549520175,0.3819887429643527
3960,0.4107,5,5,5,603968,1642,106943,1013,0.015209900329763978,0.3815442561205273
3961,0.4108,3,0,3,603968,1642,106946,1010,0.015209900329763978,0.3808446455505279
3962,0.4109,3,8,3,603976,1634,106949,1007,0.015135796065063545,0.381294964028777
3963,0.411,6,8,6,603984,1626,106955,1001,0.015061691800363111,0.38104301484583175
3964,0.4111,2,2,2,603986,1624,106957,999,0.015043165734188003,0.38086160884483417
3965,0.4112,1,0,1,603986,1624,106958,998,0.015043165734188003,0.38062547673531655
3966,0.4113,1,6,1,603992,1618,106959,997,0.014987587535662678,0.38126195028680687
3967,0.4114,2,3,2,603995,1615,106961,995,0.014959798436400015,0.38122605363984674
3968,0.4115,2,2,2,603997,1613,106963,993,0.014941272370224907,0.3810437452033768
3969,0.4116,9,14,9,604011,1599,106972,984,0.014811589906999148,0.38095238095238093
3970,0.4117,9,23,9,604034,1576,106981,975,0.014598540145985401,0.382203057624461
3971,0.4118,2,2,2,604036,1574,106983,973,0.014580014079810293,0.3820180604632901
3972,0.4119,1,0,1,604036,1574,106984,972,0.014580014079810293,0.38177533385703066
3973,0.412,1,5,1,604041,1569,106985,971,0.014533698914372522,0.38228346456692913
3974,0.4121,8,3,8,604044,1566,106993,963,0.014505909815109859,0.3807829181494662
3975,0.4122,5,9,5,604053,1557,106998,958,0.014422542517321871,0.3809145129224652
3976,0.4123,0,1,0,604054,1556,106998,958,0.014413279484234317,0.381066030230708
3977,0.4124,6,4,6,604058,1552,107004,952,0.0143762273518841,0.3801916932907348
3978,0.4125,0,3,0,604061,1549,107004,952,0.01434843825262144,0.38064774090363857
3979,0.4126,2,2,2,604063,1547,107006,950,0.01432991218644633,0.38045654785742894
3980,0.4127,4,7,4,604070,1540,107010,946,0.014265070954833451,0.3805309734513274
3981,0.4128,0,3,0,604073,1537,107010,946,0.014237281855570789,0.3809907370116794
3982,0.4129,2,4,2,604077,1533,107012,944,0.014200229723220572,0.38110617682680664
3983,0.413,0,3,0,604080,1530,107012,944,0.01417244062395791,0.38156831042845596
3984,0.4131,0,1,0,604081,1529,107012,944,0.014163177590870355,0.38172260412454506
3985,0.4132,1,6,1,604087,1523,107013,943,0.01410759939234503,0.3824006488240065
3986,0.4133,1,2,1,604089,1521,107014,942,0.014089073326169922,0.38246041412911086
3987,0.4135,7,4,7,604093,1517,107021,935,0.014052021193819705,0.38132137030995106
3988,0.4136,2,6,2,604099,1511,107023,933,0.01399644299529438,0.38175122749590834
3989,0.4137,0,3,0,604102,1508,107023,933,0.013968653896031717,0.3822204014748054
3990,0.4138,3,4,3,604106,1504,107026,930,0.0139316017636815,0.3820870994248151
3991,0.414,0,6,0,604112,1498,107026,930,0.013876023565156175,0.3830313014827018
3992,0.4141,6,9,6,604121,1489,107032,924,0.013792656267368187,0.38292581848321594
3993,0.4143,6,5,6,604126,1484,107038,918,0.013746341101930416,0.38218151540383016
3994,0.4144,1,8,1,604134,1476,107039,917,0.013672236837229982,0.3832010029251985
3995,0.4145,2,5,2,604139,1471,107041,915,0.013625921671792211,0.3834870075440067
3996,0.4146,6,8,6,604147,1463,107047,909,0.013551817407091778,0.38322091062394603
3997,0.4148,1,6,1,604153,1457,107048,908,0.013496239208566452,0.3839323467230444
3998,0.4149,5,5,5,604158,1452,107053,903,0.013449924043128681,0.3834394904458599
3999,0.415,1,1,1,604159,1451,107054,902,0.013440661010041127,0.3833404164895878
4000,0.4151,3,3,3,604162,1448,107057,899,0.013412871910778465,0.3830421815083085
4001,0.4152,1,1,1,604163,1447,107058,898,0.01340360887769091,0.3829424307036247
4002,0.4153,4,8,4,604171,1439,107062,894,0.013329504612990477,0.3831975996570939
4003,0.4154,0,1,0,604172,1438,107062,894,0.013320241579902923,0.3833619210977702
4004,0.4155,4,11,4,604183,1427,107066,890,0.013218348215939828,0.38411739318083726
4005,0.4156,3,1,3,604184,1426,107069,887,0.013209085182852274,0.38348465196714226
4006,0.4157,2,3,2,604187,1423,107071,885,0.013181296083589611,0.3834488734835355
4007,0.4158,0,2,0,604189,1421,107071,885,0.013162770017414503,0.38378143972246315
4008,0.4159,0,3,0,604192,1418,107071,885,0.01313498091815184,0.3842813721233174
4009,0.416,7,12,7,604204,1406,107078,878,0.01302382452110119,0.38441330998248685
4010,0.4161,3,5,3,604209,1401,107081,875,0.012977509355663419,0.3844463971880492
4011,0.4162,1,1,1,604210,1400,107082,874,0.012968246322575865,0.3843447669305189
4012,0.4163,3,1,3,604211,1399,107085,871,0.01295898328948831,0.38370044052863433
4013,0.4164,6,14,6,604225,1385,107091,865,0.012829300826262552,0.3844444444444444
4014,0.4165,13,7,13,604232,1378,107104,852,0.012764459594649672,0.3820627802690583
4015,0.4166,2,8,2,604240,1370,107106,850,0.012690355329949238,0.38288288288288286
4016,0.4167,1,1,1,604241,1369,107107,849,0.012681092296861684,0.38277727682596935
4017,0.4168,2,2,2,604243,1367,107109,847,0.012662566230686576,0.3825654923215899
4018,0.4169,0,1,0,604244,1366,107109,847,0.012653303197599022,0.3827383642114776
4019,0.417,2,1,2,604245,1365,107111,845,0.012644040164511467,0.38235294117647056
4020,0.4171,1,3,1,604248,1362,107112,844,0.012616251065248805,0.3825929283771532
4021,0.4172,0,1,0,604249,1361,107112,844,0.01260698803216125,0.38276643990929704
4022,0.4173,1,1,1,604250,1360,107113,843,0.012597724999073696,0.38266000907852926
4023,0.4174,7,8,7,604258,1352,107120,836,0.012523620734373263,0.3820840950639854
4024,0.4175,5,6,5,604264,1346,107125,831,0.012468042535847938,0.3817179604960955
4025,0.4176,1,7,1,604271,1339,107126,830,0.012403201304235058,0.38266482249884737
4026,0.4177,1,1,1,604272,1338,107127,829,0.012393938271147504,0.3825565297646516
4027,0.4178,5,5,5,604277,1333,107132,824,0.012347623105709733,0.3820120537783959
4028,0.4179,0,2,0,604279,1331,107132,824,0.012329097039534625,0.3823665893271462
4029,0.418,1,0,1,604279,1331,107133,823,0.012329097039534625,0.38207985143918294
4030,0.4181,1,0,1,604279,1331,107134,822,0.012329097039534625,0.3817928471899675
4031,0.4182,3,5,3,604284,1326,107137,819,0.012282781874096853,0.38181818181818183
4032,0.4183,2,6,2,604290,1320,107139,817,0.01222720367557153,0.3823116518483856
4033,0.4184,0,5,0,604295,1315,107139,817,0.012180888510133759,0.38320825515947465
4034,0.4185,2,2,2,604297,1313,107141,815,0.01216236244395865,0.38298872180451127
4035,0.4186,3,6,3,604303,1307,107144,812,0.012106784245433325,0.38319962246342615
4036,0.4188,2,2,2,604305,1305,107146,810,0.012088258179258217,0.3829787234042553
4037,0.4189,0,2,0,604307,1303,107146,810,0.012069732113083109,0.38334122101277807
4038,0.419,0,7,0,604314,1296,107146,810,0.012004890881470229,0.38461538461538464
4039,0.4191,2,10,2,604324,1286,107148,808,0.011912260550594687,0.3858643744030564
4040,0.4192,1,5,1,604329,1281,107149,807,0.011865945385156916,0.3864942528735632
4041,0.4193,0,2,0,604331,1279,107149,807,0.011847419318981808,0.3868648130393097
4042,0.4194,1,1,1,604332,1278,107150,806,0.011838156285894253,0.3867562380038388
4043,0.4195,0,1,0,604333,1277,107150,806,0.0118288932528067,0.38694191070571293
4044,0.4196,4,9,4,604342,1268,107154,802,0.011745525955018711,0.38743961352657
4045,0.4197,4,6,4,604348,1262,107158,798,0.011689947756493386,0.38737864077669903
4046,0.4198,3,2,3,604350,1260,107161,795,0.011671421690318278,0.38686131386861317
4047,0.4199,1,4,1,604354,1256,107162,794,0.011634369557968061,0.3873170731707317
4048,0.42,1,5,1,604359,1251,107163,793,0.01158805439253029,0.38796477495107634
4049,0.4201,2,1,2,604360,1250,107165,791,0.011578791359442736,0.38755512003919645
4050,0.4203,4,5,4,604365,1245,107169,787,0.011532476194004965,0.3873031496062992
4051,0.4204,6,14,6,604379,1231,107175,781,0.011402793730779206,0.38817097415506957
4052,0.4205,2,3,2,604382,1228,107177,779,0.011375004631516543,0.388141504733433
4053,0.4206,6,5,6,604387,1223,107183,773,0.011328689466078772,0.3872745490981964
4054,0.4207,3,1,3,604388,1222,107186,770,0.011319426432991218,0.3865461847389558
4055,0.4208,2,3,2,604391,1219,107188,768,0.011291637333728555,0.38651233014594866
4056,0.421,1,3,1,604394,1216,107189,767,0.011263848234465893,0.38678769541099345
4057,0.4211,2,12,2,604406,1204,107191,765,0.011152691837415244,0.38852209243270697
4058,0.4212,2,1,2,604407,1203,107193,763,0.01114342880432769,0.38809766022380465
4059,0.4213,1,4,1,604411,1199,107194,762,0.011106376671977473,0.3885772565017848
4060,0.4214,0,1,0,604412,1198,107194,762,0.011097113638889919,0.38877551020408163
4061,0.4215,3,2,3,604414,1196,107197,759,0.01107858757271481,0.38823529411764707
4062,0.4216,11,13,11,604427,1183,107208,748,0.010958168142576606,0.3873640600725013
4063,0.4217,0,1,0,604428,1182,107208,748,0.010948905109489052,0.38756476683937824
4064,0.4218,0,1,0,604429,1181,107208,748,0.010939642076401497,0.3877656817003629
4065,0.4219,2,3,2,604432,1178,107210,746,0.010911852977138835,0.3877338877338877
4066,0.422,1,3,1,604435,1175,107211,745,0.010884063877876172,0.3880208333333333
4067,0.4222,3,2,3,604437,1173,107214,742,0.010865537811701064,0.38746736292428197
4068,0.4223,2,2,2,604439,1171,107216,740,0.010847011745525955,0.3872318158032444
4069,0.4224,1,4,1,604443,1167,107217,739,0.010809959613175739,0.3877229800629591
4070,0.4225,0,2,0,604445,1165,107217,739,0.01079143354700063,0.38813025210084034
4071,0.4226,1,1,1,604446,1164,107218,738,0.010782170513913076,0.38801261829652994
4072,0.4227,2,1,2,604447,1163,107220,736,0.010772907480825522,0.3875724065297525
4073,0.4228,5,9,5,604456,1154,107225,731,0.010689540183037534,0.3877984084880637
4074,0.4229,0,3,0,604459,1151,107225,731,0.010661751083774871,0.3884165781083953
4075,0.423,3,4,3,604463,1147,107228,728,0.010624698951424654,0.38826666666666665
4076,0.4231,3,5,3,604468,1142,107231,725,0.010578383785986883,0.38832351365827533
4077,0.4232,2,2,2,604470,1140,107233,723,0.010559857719811775,0.38808373590982287
4078,0.4233,3,4,3,604474,1136,107236,720,0.010522805587461558,0.3879310344827586
4079,0.4234,0,1,0,604475,1135,107236,720,0.010513542554374004,0.3881401617250674
4080,0.4235,1,0,1,604475,1135,107237,719,0.010513542554374004,0.3878101402373247
4081,0.4236,2,5,2,604480,1130,107239,717,0.010467227388936233,0.3881970763400108
4082,0.4237,0,5,0,604485,1125,107239,717,0.010420912223498462,0.38925081433224756
4083,0.4238,5,8,5,604493,1117,107244,712,0.010346807958798028,0.3892837616183707
4084,0.4239,0,2,0,604495,1115,107244,712,0.01032828189262292,0.38970990695128627
4085,0.424,2,2,2,604497,1113,107246,710,0.010309755826447812,0.38946791003839826
4086,0.4241,0,5,0,604502,1108,107246,710,0.01026344066101004,0.39053905390539057
4087,0.4242,3,5,3,604507,1103,107249,707,0.01021712549557227,0.39060773480662986
4088,0.4243,4,4,4,604511,1099,107253,703,0.010180073363222053,0.39012208657047726
4089,0.4244,2,3,2,604514,1096,107255,701,0.01015228426395939,0.3900946021146355
4090,0.4245,1,3,1,604517,1093,107256,700,0.010124495164696727,0.39040713887339656
4091,0.4246,5,2,5,604519,1091,107261,695,0.01010596909852162,0.3891377379619261
4092,0.4247,5,4,5,604523,1087,107266,690,0.010068916966171404,0.38829487900956666
4093,0.4249,1,4,1,604527,1083,107267,689,0.010031864833821187,0.3888261851015801
4094,0.425,8,17,8,604544,1066,107275,681,0.009874393271332766,0.3898111047510017
4095,0.4251,7,3,7,604547,1063,107282,674,0.009846604172070103,0.3880253310305124
4096,0.4252,4,6,4,604553,1057,107286,670,0.009791025973544778,0.38795599305153444
4097,0.4253,7,5,7,604558,1052,107293,663,0.009744710808107007,0.3865889212827988
4098,0.4254,1,1,1,604559,1051,107294,662,0.009735447775019453,0.386456509048453
4099,0.4255,8,17,8,604576,1034,107302,654,0.009577976212531031,0.38744075829383884
4100,0.4256,3,2,3,604578,1032,107305,651,0.009559450146355923,0.3868092691622103
4101,0.4257,1,2,1,604580,1030,107306,650,0.009540924080180814,0.3869047619047619
4102,0.4258,2,0,2,604580,1030,107308,648,0.009540924080180814,0.38617401668653156
4103,0.4259,4,6,4,604586,1024,107312,644,0.009485345881655489,0.38609112709832133
4104,0.426,4,3,4,604589,1021,107316,640,0.009457556782392827,0.38531005418422637
4105,0.4261,3,2,3,604591,1019,107319,637,0.009439030716217718,0.38466183574879226
4106,0.4265,9,7,9,604598,1012,107328,628,0.009374189484604839,0.3829268292682927
4107,0.4266,2,2,2,604600,1010,107330,626,0.00935566341842973,0.38264058679706603
4108,0.4267,2,7,2,604607,1003,107332,624,0.00929082218681685,0.3835279655808236
4109,0.4268,1,1,1,604608,1002,107333,623,0.009281559153729297,0.3833846153846154
4110,0.4269,0,1,0,604609,1001,107333,623,0.009272296120641742,0.38362068965517243
4111,0.427,0,3,0,604612,998,107333,623,0.00924450702137908,0.38433066008636646
4112,0.4271,1,0,1,604612,998,107334,622,0.00924450702137908,0.38395061728395063
4113,0.4272,0,1,0,604613,997,107334,622,0.009235243988291526,0.3841877702285361
4114,0.4273,2,6,2,604619,991,107336,620,0.0091796657897662,0.38485412787088763
4115,0.4274,0,3,0,604622,988,107336,620,0.009151876690503538,0.3855721393034826
4116,0.4275,1,5,1,604627,983,107337,619,0.009105561525065767,0.3863920099875156
4117,0.4276,0,2,0,604629,981,107337,619,0.009087035458890658,0.386875
4118,0.4277,0,3,0,604632,978,107337,619,0.009059246359627996,0.3876017532874139
4119,0.4279,3,3,3,604635,975,107340,616,0.009031457260365335,0.3871778755499686
4120,0.428,1,1,1,604636,974,107341,615,0.00902219422727778,0.3870358716173694
4121,0.4281,6,3,6,604639,971,107347,609,0.008994405128015118,0.38544303797468354
4122,0.4282,2,1,2,604640,970,107349,607,0.008985142094927564,0.3849080532656944
4123,0.4287,3,5,3,604645,965,107352,604,0.008938826929489793,0.3849585723390695
4124,0.4288,1,4,1,604649,961,107353,603,0.008901774797139576,0.38554987212276215
4125,0.4289,0,2,0,604651,959,107353,603,0.008883248730964468,0.3860435339308579
4126,0.429,1,1,1,604652,958,107354,602,0.008873985697876913,0.3858974358974359
4127,0.4291,1,0,1,604652,958,107355,601,0.008873985697876913,0.3855035279025016
4128,0.4292,2,5,2,604657,953,107357,599,0.008827670532439142,0.3859536082474227
4129,0.4294,0,6,0,604663,947,107357,599,0.008772092333913817,0.3874514877102199
4130,0.4295,9,13,9,604676,934,107366,590,0.008651672903775613,0.38713910761154857
4131,0.4296,2,7,2,604683,927,107368,588,0.008586831672162733,0.38811881188118813
4132,0.4297,1,5,1,604688,922,107369,587,0.008540516506724962,0.3889993373094765
4133,0.4298,0,4,0,604692,918,107369,587,0.008503464374374745,0.39003322259136214
4134,0.4299,0,1,0,604693,917,107369,587,0.008494201341287191,0.39029255319148937
4135,0.43,6,15,6,604708,902,107375,581,0.008355255844973878,0.39177343223196226
4136,0.4301,0,3,0,604711,899,107375,581,0.008327466745711215,0.39256756756756755
4137,0.4302,1,5,1,604716,894,107376,580,0.008281151580273444,0.39348710990502034
4138,0.4303,1,3,1,604719,891,107377,579,0.008253362481010782,0.39387755102040817
4139,0.4304,1,3,1,604722,888,107378,578,0.00822557338174812,0.3942701227830832
4140,0.4305,1,2,1,604724,886,107379,577,0.00820704731557301,0.3943950786056049
4141,0.4306,6,12,6,604736,874,107385,571,0.00809589091852236,0.39515570934256056
4142,0.4307,3,1,3,604737,873,107388,568,0.008086627885434806,0.3941707147814018
4143,0.4309,1,3,1,604740,870,107389,567,0.008058838786172143,0.3945720250521921
4144,0.431,1,8,1,604748,862,107390,566,0.00798473452147171,0.3963585434173669
4145,0.4311,2,0,2,604748,862,107392,564,0.00798473452147171,0.3955119214586255
4146,0.4312,0,1,0,604749,861,107392,564,0.007975471488384157,0.3957894736842105
4147,0.4318,5,5,5,604754,856,107397,559,0.007929156322946386,0.3950530035335689
4148,0.4319,0,2,0,604756,854,107397,559,0.007910630256771278,0.39561217268223636
4149,0.432,7,16,7,604772,838,107404,552,0.00776242172737041,0.3971223021582734
4150,0.4321,1,5,1,604777,833,107405,551,0.007716106561932639,0.398121387283237
4151,0.4322,2,3,2,604780,830,107407,549,0.007688317462669977,0.3981145757795504
4152,0.4323,1,0,1,604780,830,107408,548,0.007688317462669977,0.397677793904209
4153,0.4324,1,1,1,604781,829,107409,547,0.007679054429582423,0.39752906976744184
4154,0.4325,3,1,3,604782,828,107412,544,0.007669791396494869,0.3965014577259475
4155,0.4326,1,3,1,604785,825,107413,543,0.007642002297232206,0.3969298245614035
4156,0.4327,3,2,3,604787,823,107416,540,0.007623476231057098,0.3961848862802641
4157,0.4328,7,14,7,604801,809,107423,533,0.007493793767831339,0.39716840536512665
4158,0.4329,4,14,4,604815,795,107427,529,0.00736411130460558,0.3995468277945619
4159,0.433,0,1,0,604816,794,107427,529,0.007354848271518026,0.399848828420257
4160,0.4331,3,1,3,604817,793,107430,526,0.0073455852384304715,0.39878695981804396
4161,0.4333,0,2,0,604819,791,107430,526,0.007327059172255363,0.39939255884586183
4162,0.4334,1,0,1,604819,791,107431,525,0.007327059172255363,0.39893617021276595
4163,0.4335,0,1,0,604820,790,107431,525,0.007317796139167809,0.39923954372623577
4164,0.4336,2,1,2,604821,789,107433,523,0.007308533106080255,0.3986280487804878
4165,0.4337,0,3,0,604824,786,107433,523,0.007280744006817592,0.3995416348357525
4166,0.4339,1,2,1,604826,784,107434,522,0.007262217940642484,0.3996937212863706
4167,0.434,4,2,4,604828,782,107438,518,0.007243691874467375,0.3984615384615385
4168,0.4341,1,2,1,604830,780,107439,517,0.007225165808292267,0.39861218195836545
4169,0.4342,3,5,3,604835,775,107442,514,0.007178850642854497,0.39875872769588827
4170,0.4343,8,7,8,604842,768,107450,506,0.007114009411241617,0.39717425431711145
4171,0.4344,1,6,1,604848,762,107451,505,0.007058431212716292,0.39857932123125495
4172,0.4345,0,1,0,604849,761,107451,505,0.007049168179628738,0.3988941548183254
4173,0.4346,1,5,1,604854,756,107452,504,0.007002853014190967,0.4
4174,0.4347,3,19,3,604873,737,107455,501,0.006826855385527437,0.40468497576736673
4175,0.4348,1,1,1,604874,736,107456,500,0.006817592352439883,0.4045307443365696
4176,0.435,0,5,0,604879,731,107456,500,0.006771277187002112,0.4061738424045491
4177,0.4351,2,2,2,604881,729,107458,498,0.006752751120827003,0.4058679706601467
4178,0.4352,1,4,1,604885,725,107459,497,0.0067156989884767865,0.4067103109656301
4179,0.4353,1,0,1,604885,725,107460,496,0.0067156989884767865,0.4062244062244062
4180,0.4355,4,3,4,604888,722,107464,492,0.006687909889214124,0.4052718286655684
4181,0.4356,0,1,0,604889,721,107464,492,0.00667864685612657,0.40560593569661996
4182,0.4357,2,1,2,604890,720,107466,490,0.0066693838230390155,0.4049586776859504
4183,0.4358,0,3,0,604893,717,107466,490,0.006641594723776354,0.40596520298260147
4184,0.4359,2,3,2,604896,714,107468,488,0.006613805624513691,0.4059900166389351
4185,0.436,2,7,2,604903,707,107470,486,0.006548964392900812,0.40737636211232187
4186,0.4361,0,3,0,604906,704,107470,486,0.006521175293638149,0.4084033613445378
4187,0.4362,1,1,1,604907,703,107471,485,0.006511912260550595,0.40824915824915825
4188,0.4363,1,5,1,604912,698,107472,484,0.006465597095112824,0.40947546531302875
4189,0.4365,2,1,2,604913,697,107474,482,0.00645633406202527,0.40882103477523324
4190,0.4366,1,1,1,604914,696,107475,481,0.0064470710289377155,0.4086661002548853
4191,0.4367,0,1,0,604915,695,107475,481,0.006437807995850161,0.40901360544217685
4192,0.4368,0,1,0,604916,694,107475,481,0.006428544962762607,0.4093617021276596
4193,0.4369,0,1,0,604917,693,107475,481,0.006419281929675053,0.4097103918228279
4194,0.437,6,12,6,604929,681,107481,475,0.006308125532624402,0.4108996539792388
4195,0.4371,0,2,0,604931,679,107481,475,0.006289599466449294,0.41161178509532065
4196,0.4372,1,0,1,604931,679,107482,474,0.006289599466449294,0.4111014744145707
4197,0.4373,0,4,0,604935,675,107482,474,0.006252547334099077,0.412532637075718
4198,0.4375,1,5,1,604940,670,107483,473,0.006206232168661306,0.4138232720909886
4199,0.4376,0,2,0,604942,668,107483,473,0.006187706102486198,0.4145486415425066
4200,0.4377,2,0,2,604942,668,107485,471,0.006187706102486198,0.4135206321334504
4201,0.4379,2,2,2,604944,666,107487,469,0.006169180036311089,0.413215859030837
4202,0.4382,2,1,2,604945,665,107489,467,0.006159917003223535,0.4125441696113074
4203,0.4383,0,4,0,604949,661,107489,467,0.006122864870873318,0.41400709219858156
4204,0.4384,2,1,2,604950,660,107491,465,0.006113601837785765,0.41333333333333333
4205,0.4385,1,0,1,604950,660,107492,464,0.006113601837785765,0.4128113879003559
4206,0.4386,2,3,2,604953,657,107494,462,0.006085812738523102,0.4128686327077748
4207,0.4387,4,2,4,604955,655,107498,458,0.006067286672347994,0.4115004492362983
4208,0.4389,2,6,2,604961,649,107500,456,0.006011708473822669,0.41266968325791853
4209,0.439,2,1,2,604962,648,107502,454,0.0060024454407351146,0.41197822141560797
4210,0.4393,1,1,1,604963,647,107503,453,0.00599318240764756,0.4118181818181818
4211,0.4394,1,0,1,604963,647,107504,452,0.00599318240764756,0.41128298453139217
4212,0.4395,1,1,1,604964,646,107505,451,0.005983919374560006,0.41112123974475845
4213,0.4397,1,0,1,604964,646,107506,450,0.005983919374560006,0.41058394160583944
4214,0.4398,0,2,0,604966,644,107506,450,0.005965393308384898,0.4113345521023766
4215,0.4399,1,4,1,604970,640,107507,449,0.005928341176034681,0.4123048668503214
4216,0.4401,3,2,3,604972,638,107510,446,0.0059098151098595725,0.4114391143911439
4217,0.4402,0,3,0,604975,635,107510,446,0.00588202601059691,0.4125809435707678
4218,0.4405,1,0,1,604975,635,107511,445,0.00588202601059691,0.41203703703703703
4219,0.4406,1,0,1,604975,635,107512,444,0.00588202601059691,0.4114921223354958
4220,0.4407,2,0,2,604975,635,107514,442,0.00588202601059691,0.4103992571959146
4221,0.4408,3,0,3,604975,635,107517,439,0.00588202601059691,0.40875232774674114
4222,0.4409,2,3,2,604978,632,107519,437,0.005854236911334247,0.4087932647333957
4223,0.441,1,3,1,604981,629,107520,436,0.005826447812071585,0.40938967136150234
4224,0.4411,2,1,2,604982,628,107522,434,0.0058171847789840305,0.4086629001883239
4225,0.4412,0,1,0,604983,627,107522,434,0.005807921745896476,0.40904806786050896
4226,0.4413,3,3,3,604986,624,107525,431,0.005780132646633814,0.4085308056872038
4227,0.4414,4,1,4,604987,623,107529,427,0.0057708696135462595,0.4066666666666667
4228,0.4417,3,2,3,604989,621,107532,424,0.005752343547371151,0.40574162679425835
4229,0.4419,2,1,2,604990,620,107534,422,0.005743080514283597,0.4049904030710173
4230,0.442,1,0,1,604990,620,107535,421,0.005743080514283597,0.404418828049952
4231,0.4421,3,0,3,604990,620,107538,418,0.005743080514283597,0.4026974951830443
4232,0.4422,2,8,2,604998,612,107540,416,0.005668976249583163,0.4046692607003891
4233,0.4423,1,1,1,604999,611,107541,415,0.005659713216495609,0.4044834307992203
4234,0.4424,0,3,0,605002,608,107541,415,0.005631924117232946,0.4056695992179863
4235,0.4425,3,3,3,605005,605,107544,412,0.005604135017970284,0.4051130776794494
4236,0.4426,1,0,1,605005,605,107545,411,0.005604135017970284,0.4045275590551181
4237,0.4427,2,1,2,605006,604,107547,409,0.00559487198488273,0.403751233958539
4238,0.443,0,1,0,605007,603,107547,409,0.005585608951795175,0.4041501976284585
4239,0.4432,0,2,0,605009,601,107547,409,0.005567082885620068,0.404950495049505
4240,0.4433,1,1,1,605010,600,107548,408,0.005557819852532514,0.40476190476190477
4241,0.4434,1,2,1,605012,598,107549,407,0.005539293786357405,0.40497512437810945
4242,0.4436,1,1,1,605013,597,107550,406,0.005530030753269851,0.4047856430707876
4243,0.4438,0,4,0,605017,593,107550,406,0.005492978620919634,0.4064064064064064
4244,0.4439,3,4,3,605021,589,107553,403,0.005455926488569417,0.40625
4245,0.444,0,1,0,605022,588,107553,403,0.005446663455481863,0.4066599394550959
4246,0.4442,1,0,1,605022,588,107554,402,0.005446663455481863,0.40606060606060607
4247,0.4445,0,1,0,605023,587,107554,402,0.005437400422394309,0.4064711830131446
4248,0.4446,1,5,1,605028,582,107555,401,0.005391085256956538,0.40793489318413023
4249,0.4447,2,1,2,605029,581,107557,399,0.005381822223868984,0.40714285714285714
4250,0.4448,2,1,2,605030,580,107559,397,0.0053725591907814296,0.406345957011259
4251,0.4449,0,3,0,605033,577,107559,397,0.005344770091518767,0.4075975359342916
4252,0.4453,0,1,0,605034,576,107559,397,0.005335507058431213,0.408016443987667
4253,0.4454,1,2,1,605036,574,107560,396,0.005316980992256104,0.40824742268041236
4254,0.4457,3,2,3,605038,572,107563,393,0.005298454926080996,0.4072538860103627
4255,0.4458,1,0,1,605038,572,107564,392,0.005298454926080996,0.4066390041493776
4256,0.4459,0,1,0,605039,571,107564,392,0.005289191892993442,0.407061266874351
4257,0.446,0,2,0,605041,569,107564,392,0.005270665826818333,0.40790842872008326
4258,0.4461,0,4,0,605045,565,107564,392,0.0052336136944681165,0.4096133751306165
4259,0.4462,0,1,0,605046,564,107564,392,0.005224350661380562,0.4100418410041841
4260,0.4463,2,2,2,605048,562,107566,390,0.005205824595205454,0.4096638655462185
4261,0.4464,2,2,2,605050,560,107568,388,0.0051872985290303455,0.4092827004219409
4262,0.4466,0,4,0,605054,556,107568,388,0.005150246396680129,0.4110169491525424
4263,0.4467,2,9,2,605063,547,107570,386,0.005066879098892141,0.4137191854233655
4264,0.4469,0,1,0,605064,546,107570,386,0.005057616065804587,0.41416309012875535
4265,0.447,1,1,1,605065,545,107571,385,0.005048353032717033,0.41397849462365593
4266,0.4471,3,2,3,605067,543,107574,382,0.005029826966541925,0.412972972972973
4267,0.4472,2,0,2,605067,543,107576,380,0.005029826966541925,0.41170097508125675
4268,0.4473,0,5,0,605072,538,107576,380,0.004983511801104154,0.4139433551198257
4269,0.4475,4,3,4,605075,535,107580,376,0.004955722701841491,0.4127332601536773
4270,0.4476,2,0,2,605075,535,107582,374,0.004955722701841491,0.41144114411441146
4271,0.4479,1,1,1,605076,534,107583,373,0.004946459668753937,0.41124586549062847
4272,0.4482,1,1,1,605077,533,107584,372,0.004937196635666383,0.41104972375690607
4273,0.4483,0,1,0,605078,532,107584,372,0.004927933602578829,0.41150442477876104
4274,0.4485,3,0,3,605078,532,107587,369,0.004927933602578829,0.4095449500554939
4275,0.4488,3,4,3,605082,528,107590,366,0.004890881470228612,0.40939597315436244
4276,0.4489,4,3,4,605085,525,107594,362,0.004863092370965949,0.4081172491544532
4277,0.4491,0,1,0,605086,524,107594,362,0.004853829337878395,0.40857787810383744
4278,0.4492,0,1,0,605087,523,107594,362,0.004844566304790841,0.4090395480225989
4279,0.4493,1,1,1,605088,522,107595,361,0.004835303271703287,0.4088335220838052
4280,0.4494,0,1,0,605089,521,107595,361,0.004826040238615732,0.409297052154195
4281,0.4496,1,4,1,605093,517,107596,360,0.004788988106265516,0.4104903078677309
4282,0.4498,0,3,0,605096,514,107596,360,0.004761199007002853,0.41189931350114417
4283,0.45,1,0,1,605096,514,107597,359,0.004761199007002853,0.41122565864833904
4284,0.4502,1,6,1,605102,508,107598,358,0.004705620808477528,0.4133949191685912
4285,0.4505,0,1,0,605103,507,107598,358,0.0046963577753899735,0.4138728323699422
4286,0.4506,0,1,0,605104,506,107598,358,0.004687094742302419,0.41435185185185186
4287,0.4509,6,8,6,605112,498,107604,352,0.004612990477601986,0.41411764705882353
4288,0.4511,0,2,0,605114,496,107604,352,0.004594464411426877,0.41509433962264153
4289,0.4512,1,4,1,605118,492,107605,351,0.0045574122790766605,0.41637010676156583
4290,0.4514,0,1,0,605119,491,107605,351,0.004548149245989106,0.4168646080760095
4291,0.4515,1,0,1,605119,491,107606,350,0.004548149245989106,0.4161712247324614
4292,0.4516,0,1,0,605120,490,107606,350,0.004538886212901552,0.4166666666666667
4293,0.4517,0,2,0,605122,488,107606,350,0.0045203601467264445,0.41766109785202865
4294,0.4518,2,5,2,605127,483,107608,348,0.0044740449812886735,0.4187725631768953
4295,0.4519,4,0,4,605127,483,107612,344,0.0044740449812886735,0.4159613059250302
4296,0.452,1,1,1,605128,482,107613,343,0.004464781948201119,0.41575757575757577
4297,0.4523,1,0,1,605128,482,107614,342,0.004464781948201119,0.41504854368932037
4298,0.4525,1,0,1,605128,482,107615,341,0.004464781948201119,0.41433778857837184
4299,0.4526,2,1,2,605129,481,107617,339,0.004455518915113565,0.41341463414634144
4300,0.4528,0,1,0,605130,480,107617,339,0.004446255882026011,0.4139194139194139
4301,0.4529,3,3,3,605133,477,107620,336,0.004418466782763348,0.4132841328413284
4302,0.4533,7,5,7,605138,472,107627,329,0.004372151617325577,0.4107365792759051
4303,0.4535,4,4,4,605142,468,107631,325,0.0043350994849753605,0.4098360655737705
4304,0.4536,1,0,1,605142,468,107632,324,0.0043350994849753605,0.4090909090909091
4305,0.4537,4,1,4,605143,467,107636,320,0.004325836451887806,0.40660736975857686
4306,0.4538,0,1,0,605144,466,107636,320,0.004316573418800252,0.4071246819338422
4307,0.4539,2,0,2,605144,466,107638,318,0.004316573418800252,0.40561224489795916
4308,0.454,0,2,0,605146,464,107638,318,0.004298047352625144,0.40664961636828645
4309,0.4541,1,2,1,605148,462,107639,317,0.004279521286450035,0.4069319640564827
4310,0.4543,0,2,0,605150,460,107639,317,0.004260995220274927,0.40797940797940796
4311,0.4544,3,2,3,605152,458,107642,314,0.004242469154099818,0.4067357512953368
4312,0.4549,1,0,1,605152,458,107643,313,0.004242469154099818,0.4059662775616083
4313,0.4551,0,1,0,605153,457,107643,313,0.004233206121012264,0.4064935064935065
4314,0.4553,4,6,4,605159,451,107647,309,0.004177627922486939,0.40657894736842104
4315,0.4554,1,1,1,605160,450,107648,308,0.004168364889399385,0.40633245382585753
4316,0.4555,0,1,0,605161,449,107648,308,0.004159101856311831,0.40686922060766184
4317,0.4556,1,1,1,605162,448,107649,307,0.004149838823224276,0.4066225165562914
4318,0.4557,0,1,0,605163,447,107649,307,0.004140575790136722,0.40716180371352784
4319,0.4558,2,1,2,605164,446,107651,305,0.004131312757049168,0.40612516644474034
4320,0.4559,1,4,1,605168,442,107652,304,0.004094260624698951,0.4075067024128686
4321,0.4561,1,4,1,605172,438,107653,303,0.004057208492348734,0.4089068825910931
4322,0.4568,0,1,0,605173,437,107653,303,0.00404794545926118,0.40945945945945944
4323,0.4569,2,4,2,605177,433,107655,301,0.004010893326910963,0.4100817438692098
4324,0.457,0,1,0,605178,432,107655,301,0.004001630293823409,0.4106412005457026
4325,0.4571,1,2,1,605180,430,107656,300,0.003983104227648302,0.410958904109589
4326,0.4572,0,3,0,605183,427,107656,300,0.003955315128385639,0.4126547455295736
4327,0.4575,1,1,1,605184,426,107657,299,0.003946052095298085,0.4124137931034483
4328,0.4577,0,1,0,605185,425,107657,299,0.0039367890622105306,0.4129834254143646
4329,0.4578,2,2,2,605187,423,107659,297,0.003918262996035422,0.4125
4330,0.458,1,2,1,605189,421,107660,296,0.0038997369298603133,0.41283124128312415
4331,0.4581,6,4,6,605193,417,107666,290,0.0038626847975100965,0.4101838755304102
4332,0.4582,5,9,5,605202,408,107671,285,0.003779317499722109,0.41125541125541126
4333,0.4583,0,1,0,605203,407,107671,285,0.003770054466634555,0.41184971098265893
4334,0.4584,0,1,0,605204,406,107671,285,0.0037607914335470007,0.41244573082489144
4335,0.4585,1,0,1,605204,406,107672,284,0.0037607914335470007,0.4115942028985507
4336,0.4587,0,1,0,605205,405,107672,284,0.0037515284004594465,0.41219158200290273
4337,0.4588,0,1,0,605206,404,107672,284,0.0037422653673718923,0.4127906976744186
4338,0.4589,1,1,1,605207,403,107673,283,0.003733002334284338,0.41253644314868804
4339,0.459,4,3,4,605210,400,107677,279,0.0037052132350216755,0.4108983799705449
4340,0.4592,8,3,8,605213,397,107685,271,0.003677424135759013,0.405688622754491
4341,0.4593,3,3,3,605216,394,107688,268,0.0036496350364963502,0.40483383685800606
4342,0.4594,3,6,3,605222,388,107691,265,0.003594056837971025,0.4058192955589586
4343,0.4595,3,1,3,605223,387,107694,262,0.0035847938048834713,0.4036979969183359
4344,0.4596,1,0,1,605223,387,107695,261,0.0035847938048834713,0.4027777777777778
4345,0.46,1,2,1,605225,385,107696,260,0.003566267738708363,0.40310077519379844
4346,0.4602,0,2,0,605227,383,107696,260,0.0035477416725332544,0.40435458786936235
4347,0.4605,1,0,1,605227,383,107697,259,0.0035477416725332544,0.40342679127725856
4348,0.4607,0,1,0,605228,382,107697,259,0.0035384786394457002,0.4040561622464899
4349,0.4609,3,3,3,605231,379,107700,256,0.0035106895401830376,0.4031496062992126
4350,0.4611,8,6,8,605237,373,107708,248,0.0034551113416577124,0.3993558776167472
4351,0.4613,2,5,2,605242,368,107710,246,0.0034087961762199414,0.4006514657980456
4352,0.4614,2,1,2,605243,367,107712,244,0.003399533143132387,0.3993453355155483
4353,0.4615,0,1,0,605244,366,107712,244,0.003390270110044833,0.4
4354,0.4616,3,0,3,605244,366,107715,241,0.003390270110044833,0.3970345963756178
4355,0.4617,0,1,0,605245,365,107715,241,0.0033810070769572788,0.3976897689768977
4356,0.4619,2,4,2,605249,361,107717,239,0.003343954944607062,0.3983333333333333
4357,0.462,1,1,1,605250,360,107718,238,0.0033346919115195077,0.3979933110367893
4358,0.4622,4,6,4,605256,354,107722,234,0.003279113712994183,0.3979591836734694
4359,0.4624,0,1,0,605257,353,107722,234,0.0032698506799066288,0.3986371379897785
4360,0.4626,1,1,1,605258,352,107723,233,0.0032605876468190746,0.39829059829059826
4361,0.4627,0,2,0,605260,350,107723,233,0.003242061580643966,0.3996569468267582
4362,0.4629,0,3,0,605263,347,107723,233,0.0032142724813813035,0.4017241379310345
4363,0.463,5,4,5,605267,343,107728,228,0.0031772203490310867,0.39929947460595444
4364,0.4631,3,1,3,605268,342,107731,225,0.0031679573159435325,0.3968253968253968
4365,0.4632,0,2,0,605270,340,107731,225,0.003149431249768424,0.39823008849557523
4366,0.4637,0,1,0,605271,339,107731,225,0.00314016821668087,0.39893617021276595
4367,0.464,2,8,2,605279,331,107733,223,0.0030660639519804363,0.40252707581227437
4368,0.4641,2,7,2,605286,324,107735,221,0.0030012227203675573,0.4055045871559633
4369,0.4644,1,0,1,605286,324,107736,220,0.0030012227203675573,0.40441176470588236
4370,0.4645,0,2,0,605288,322,107736,220,0.002982696654192449,0.4059040590405904
4371,0.4647,1,1,1,605289,321,107737,219,0.0029734336211048947,0.40555555555555556
4372,0.4648,0,1,0,605290,320,107737,219,0.0029641705880173405,0.40630797773654914
4373,0.465,2,5,2,605295,315,107739,217,0.0029178554225795694,0.40789473684210525
4374,0.4654,2,0,2,605295,315,107741,215,0.0029178554225795694,0.4056603773584906
4375,0.4655,0,1,0,605296,314,107741,215,0.0029085923894920152,0.4064272211720227
4376,0.4656,1,1,1,605297,313,107742,214,0.002899329356404461,0.4060721062618596
4377,0.4657,4,3,4,605300,310,107746,210,0.0028715402571417984,0.40384615384615385
4378,0.4659,1,0,1,605300,310,107747,209,0.0028715402571417984,0.4026974951830443
4379,0.4662,2,0,2,605300,310,107749,207,0.0028715402571417984,0.40038684719535783
4380,0.4664,1,1,1,605301,309,107750,206,0.0028622772240542442,0.4
4381,0.4667,0,2,0,605303,307,107750,206,0.002843751157879136,0.4015594541910331
4382,0.4668,1,2,1,605305,305,107751,205,0.0028252250917040274,0.4019607843137255
4383,0.4669,1,1,1,605306,304,107752,204,0.002815962058616473,0.4015748031496063
4384,0.4674,0,2,0,605308,302,107752,204,0.002797435992441365,0.4031620553359684
4385,0.4675,0,2,0,605310,300,107752,204,0.002778909926266257,0.40476190476190477
4386,0.4676,0,2,0,605312,298,107752,204,0.0027603838600911484,0.4063745019920319
4387,0.4679,1,2,1,605314,296,107753,203,0.00274185779391604,0.40681362725450904
4388,0.468,1,0,1,605314,296,107754,202,0.00274185779391604,0.40562248995983935
4389,0.4681,1,1,1,605315,295,107755,201,0.002732594760828486,0.40524193548387094
4390,0.4684,3,6,3,605321,289,107758,198,0.0026770165623031606,0.406570841889117
4391,0.4685,1,1,1,605322,288,107759,197,0.0026677535292156064,0.4061855670103093
4392,0.4686,3,2,3,605324,286,107762,194,0.002649227463040498,0.4041666666666667
4393,0.4687,0,1,0,605325,285,107762,194,0.0026399644299529438,0.40501043841336115
4394,0.469,3,0,3,605325,285,107765,191,0.0026399644299529438,0.4012605042016807
4395,0.4697,0,3,0,605328,282,107765,191,0.002612175330690281,0.40380549682875266
4396,0.4698,0,1,0,605329,281,107765,191,0.002602912297602727,0.4046610169491525
4397,0.47,2,1,2,605330,280,107767,189,0.0025936492645151727,0.40298507462686567
4398,0.4701,1,1,1,605331,279,107768,188,0.0025843862314276185,0.4025695931477516
4399,0.4702,2,2,2,605333,277,107770,186,0.00256586016525251,0.4017278617710583
4400,0.471,0,1,0,605334,276,107770,186,0.002556597132164956,0.4025974025974026
4401,0.4713,4,2,4,605336,274,107774,182,0.0025380710659898475,0.3991228070175439
4402,0.4714,3,1,3,605337,273,107777,179,0.0025288080329022933,0.39601769911504425
4403,0.4717,1,1,1,605338,272,107778,178,0.0025195449998147395,0.39555555555555555
4404,0.4721,1,1,1,605339,271,107779,177,0.0025102819667271853,0.3950892857142857
4405,0.4723,2,1,2,605340,270,107781,175,0.002501018933639631,0.39325842696629215
4406,0.4724,0,1,0,605341,269,107781,175,0.002491755900552077,0.39414414414414417
4407,0.4725,1,0,1,605341,269,107782,174,0.002491755900552077,0.3927765237020316
4408,0.4728,0,1,0,605342,268,107782,174,0.0024824928674645227,0.3936651583710407
4409,0.4729,6,5,6,605347,263,107788,168,0.0024361777020267517,0.38979118329466356
4410,0.473,0,2,0,605349,261,107788,168,0.0024176516358516433,0.3916083916083916
4411,0.4731,1,0,1,605349,261,107789,167,0.0024176516358516433,0.3901869158878505
4412,0.4733,2,0,2,605349,261,107791,165,0.0024176516358516433,0.3873239436619718
4413,0.4735,1,0,1,605349,261,107792,164,0.0024176516358516433,0.38588235294117645
4414,0.4736,2,0,2,605349,261,107794,162,0.0024176516358516433,0.3829787234042553
4415,0.4738,0,4,0,605353,257,107794,162,0.0023805995035014265,0.38663484486873506
4416,0.4739,0,1,0,605354,256,107794,162,0.0023713364704138723,0.3875598086124402
4417,0.4741,0,1,0,605355,255,107794,162,0.002362073437326318,0.38848920863309355
4418,0.4744,3,1,3,605356,254,107797,159,0.002352810404238764,0.38498789346246975
4419,0.4746,1,0,1,605356,254,107798,158,0.002352810404238764,0.38349514563106796
4420,0.4748,0,1,0,605357,253,107798,158,0.0023435473711512097,0.3844282238442822
4421,0.4749,1,2,1,605359,251,107799,157,0.0023250213049761013,0.38480392156862747
4422,0.475,0,2,0,605361,249,107799,157,0.002306495238800993,0.3866995073891626
4423,0.4753,1,1,1,605362,248,107800,156,0.0022972322057134387,0.38613861386138615
4424,0.4754,1,2,1,605364,246,107801,155,0.0022787061395383302,0.3865336658354115
4425,0.4759,1,0,1,605364,246,107802,154,0.0022787061395383302,0.385
4426,0.476,0,2,0,605366,244,107802,154,0.0022601800733632223,0.3869346733668342
4427,0.4763,1,2,1,605368,242,107803,153,0.002241654007188114,0.38734177215189874
4428,0.4765,0,2,0,605370,240,107803,153,0.0022231279410130055,0.3893129770992366
4429,0.4769,0,1,0,605371,239,107803,153,0.0022138649079254513,0.3903061224489796
4430,0.4771,0,5,0,605376,234,107803,153,0.0021675497424876802,0.3953488372093023
4431,0.4772,1,1,1,605377,233,107804,152,0.002158286709400126,0.3948051948051948
4432,0.4773,1,1,1,605378,232,107805,151,0.002149023676312572,0.39425587467362927
4433,0.4774,2,0,2,605378,232,107807,149,0.002149023676312572,0.3910761154855643
4434,0.4775,1,0,1,605378,232,107808,148,0.002149023676312572,0.3894736842105263
4435,0.4776,0,1,0,605379,231,107808,148,0.0021397606432250176,0.39050131926121373
4436,0.4781,2,2,2,605381,229,107810,146,0.002121234577049909,0.3893333333333333
4437,0.4783,1,2,1,605383,227,107811,145,0.002102708510874801,0.3897849462365591
4438,0.4784,0,1,0,605384,226,107811,145,0.0020934454777872466,0.3908355795148248
4439,0.4787,2,1,2,605385,225,107813,143,0.0020841824446996924,0.38858695652173914
4440,0.4789,1,3,1,605388,222,107814,142,0.00205639334543703,0.3901098901098901
4441,0.4791,0,1,0,605389,221,107814,142,0.0020471303123494756,0.39118457300275483
4442,0.4792,1,0,1,605389,221,107815,141,0.0020471303123494756,0.38950276243093923
4443,0.4793,0,3,0,605392,218,107815,141,0.002019341213086813,0.39275766016713093
4444,0.4801,1,0,1,605392,218,107816,140,0.002019341213086813,0.39106145251396646
4445,0.4802,1,0,1,605392,218,107817,139,0.002019341213086813,0.38935574229691877
4446,0.4808,1,0,1,605392,218,107818,138,0.002019341213086813,0.38764044943820225
4447,0.4809,0,1,0,605393,217,107818,138,0.0020100781799992588,0.38873239436619716
4448,0.481,1,1,1,605394,216,107819,137,0.0020008151469117046,0.3881019830028329
4449,0.4811,1,1,1,605395,215,107820,136,0.001991552113824151,0.38746438746438744
4450,0.4813,1,2,1,605397,213,107821,135,0.0019730260476490424,0.3879310344827586
4451,0.4814,1,0,1,605397,213,107822,134,0.0019730260476490424,0.3861671469740634
4452,0.4815,3,4,3,605401,209,107825,131,0.0019359739152988254,0.38529411764705884
4453,0.4823,1,2,1,605403,207,107826,130,0.0019174478491237172,0.3857566765578635
4454,0.4826,2,4,2,605407,203,107828,128,0.0018803957167735003,0.3867069486404834
4455,0.4827,0,3,0,605410,200,107828,128,0.0018526066175108377,0.3902439024390244
4456,0.4829,1,0,1,605410,200,107829,127,0.0018526066175108377,0.38837920489296635
4457,0.4835,1,0,1,605410,200,107830,126,0.0018526066175108377,0.38650306748466257
4458,0.4843,0,3,0,605413,197,107830,126,0.0018248175182481751,0.39009287925696595
4459,0.4847,1,0,1,605413,197,107831,125,0.0018248175182481751,0.38819875776397517
4460,0.485,0,2,0,605415,195,107831,125,0.0018062914520730667,0.390625
4461,0.4851,2,1,2,605416,194,107833,123,0.0017970284189855125,0.38801261829652994
4462,0.4852,1,1,1,605417,193,107834,122,0.0017877653858979585,0.3873015873015873
4463,0.4853,1,0,1,605417,193,107835,121,0.0017877653858979585,0.3853503184713376
4464,0.4855,1,0,1,605417,193,107836,120,0.0017877653858979585,0.38338658146964855
4465,0.4857,7,8,7,605425,185,107843,113,0.001713661121197525,0.37919463087248323
4466,0.4859,0,2,0,605427,183,107843,113,0.0016951350550224165,0.38175675675675674
4467,0.4861,3,3,3,605430,180,107846,110,0.0016673459557597539,0.3793103448275862
4468,0.4862,2,0,2,605430,180,107848,108,0.0016673459557597539,0.375
4469,0.4869,1,0,1,605430,180,107849,107,0.0016673459557597539,0.37282229965156793
4470,0.4872,0,1,0,605431,179,107849,107,0.0016580829226721999,0.3741258741258741
4471,0.4875,0,2,0,605433,177,107849,107,0.0016395568564970915,0.3767605633802817
4472,0.4876,1,2,1,605435,175,107850,106,0.001621030790321983,0.37722419928825623
4473,0.4878,3,5,3,605440,170,107853,103,0.001574715624884212,0.3772893772893773
4474,0.4883,0,1,0,605441,169,107853,103,0.0015654525917966578,0.3786764705882353
4475,0.4887,1,0,1,605441,169,107854,102,0.0015654525917966578,0.3763837638376384
4476,0.4891,0,2,0,605443,167,107854,102,0.0015469265256215494,0.379182156133829
4477,0.4893,0,2,0,605445,165,107854,102,0.0015284004594464412,0.38202247191011235
4478,0.4897,0,1,0,605446,164,107854,102,0.001519137426358887,0.38345864661654133
4479,0.4898,0,1,0,605447,163,107854,102,0.0015098743932713328,0.3849056603773585
4480,0.4899,0,4,0,605451,159,107854,102,0.001472822260921116,0.39080459770114945
4481,0.4901,0,1,0,605452,158,107854,102,0.0014635592278335618,0.3923076923076923
4482,0.4909,0,2,0,605454,156,107854,102,0.0014450331616584534,0.3953488372093023
4483,0.491,3,2,3,605456,154,107857,99,0.001426507095483345,0.391304347826087
4484,0.4911,4,4,4,605460,150,107861,95,0.0013894549631331284,0.3877551020408163
4485,0.4914,0,1,0,605461,149,107861,95,0.0013801919300455742,0.38934426229508196
4486,0.4915,0,1,0,605462,148,107861,95,0.00137092889695802,0.39094650205761317
4487,0.4916,0,1,0,605463,147,107861,95,0.0013616658638704658,0.3925619834710744
4488,0.4917,1,1,1,605464,146,107862,94,0.0013524028307829116,0.39166666666666666
4489,0.492,0,1,0,605465,145,107862,94,0.0013431397976953574,0.39330543933054396
4490,0.4924,0,3,0,605468,142,107862,94,0.0013153506984326948,0.3983050847457627
4491,0.4931,1,0,1,605468,142,107863,93,0.0013153506984326948,0.39574468085106385
4492,0.4932,0,1,0,605469,141,107863,93,0.0013060876653451406,0.3974358974358974
4493,0.4938,0,2,0,605471,139,107863,93,0.0012875615991700322,0.40086206896551724
4494,0.4939,2,2,2,605473,137,107865,91,0.0012690355329949238,0.3991228070175439
4495,0.4941,1,2,1,605475,135,107866,90,0.0012505094668198156,0.4
4496,0.4943,1,1,1,605476,134,107867,89,0.0012412464337322614,0.3991031390134529
4497,0.4944,2,1,2,605477,133,107869,87,0.0012319834006447072,0.39545454545454545
4498,0.4945,2,1,2,605478,132,107871,85,0.001222720367557153,0.391705069124424
4499,0.4948,0,3,0,605481,129,107871,85,0.0011949312682944903,0.397196261682243
4500,0.495,1,1,1,605482,128,107872,84,0.0011856682352069361,0.39622641509433965
4501,0.4957,1,0,1,605482,128,107873,83,0.0011856682352069361,0.3933649289099526
4502,0.4959,0,1,0,605483,127,107873,83,0.001176405202119382,0.3952380952380952
4503,0.4962,0,2,0,605485,125,107873,83,0.0011578791359442735,0.39903846153846156
4504,0.4971,0,2,0,605487,123,107873,83,0.0011393530697691651,0.4029126213592233
4505,0.4972,2,3,2,605490,120,107875,81,0.0011115639705065027,0.40298507462686567
4506,0.4976,1,1,1,605491,119,107876,80,0.0011023009374189485,0.4020100502512563
4507,0.4978,1,0,1,605491,119,107877,79,0.0011023009374189485,0.398989898989899
4508,0.4981,2,0,2,605491,119,107879,77,0.0011023009374189485,0.39285714285714285
4509,0.4982,0,1,0,605492,118,107879,77,0.0010930379043313943,0.39487179487179486
4510,0.4983,1,2,1,605494,116,107880,76,0.001074511838156286,0.3958333333333333
4511,0.499,1,1,1,605495,115,107881,75,0.0010652488050687317,0.39473684210526316
4512,0.4994,2,0,2,605495,115,107883,73,0.0010652488050687317,0.3882978723404255
4513,0.4998,0,1,0,605496,114,107883,73,0.0010559857719811775,0.39037433155080214
4514,0.5003,1,0,1,605496,114,107884,72,0.0010559857719811775,0.3870967741935484
4515,0.5008,1,0,1,605496,114,107885,71,0.0010559857719811775,0.3837837837837838
4516,0.5025,0,1,0,605497,113,107885,71,0.0010467227388936233,0.3858695652173913
4517,0.5028,0,1,0,605498,112,107885,71,0.001037459705806069,0.3879781420765027
4518,0.5034,3,4,3,605502,108,107888,68,0.0010004075734558523,0.38636363636363635
4519,0.5042,0,1,0,605503,107,107888,68,0.0009911445403682983,0.38857142857142857
4520,0.5043,5,4,5,605507,103,107893,63,0.0009540924080180815,0.3795180722891566
4521,0.505,0,1,0,605508,102,107893,63,0.0009448293749305273,0.38181818181818183
4522,0.506,0,1,0,605509,101,107893,63,0.0009355663418429731,0.38414634146341464
4523,0.5061,0,2,0,605511,99,107893,63,0.0009170402756678647,0.3888888888888889
4524,0.5067,0,5,0,605516,94,107893,63,0.0008707251102300938,0.4012738853503185
4525,0.5072,1,0,1,605516,94,107894,62,0.0008707251102300938,0.3974358974358974
4526,0.5073,1,0,1,605516,94,107895,61,0.0008707251102300938,0.3935483870967742
4527,0.5074,1,1,1,605517,93,107896,60,0.0008614620771425395,0.39215686274509803
4528,0.5078,1,5,1,605522,88,107897,59,0.0008151469117047686,0.4013605442176871
4529,0.5089,0,1,0,605523,87,107897,59,0.0008058838786172144,0.4041095890410959
4530,0.5098,0,1,0,605524,86,107897,59,0.0007966208455296602,0.4068965517241379
4531,0.5104,2,0,2,605524,86,107899,57,0.0007966208455296602,0.3986013986013986
4532,0.5107,0,1,0,605525,85,107899,57,0.000787357812442106,0.4014084507042254
4533,0.5114,0,3,0,605528,82,107899,57,0.0007595687131794435,0.41007194244604317
4534,0.5116,0,1,0,605529,81,107899,57,0.0007503056800918893,0.41304347826086957
4535,0.5119,0,1,0,605530,80,107899,57,0.0007410426470043351,0.41605839416058393
4536,0.5121,0,1,0,605531,79,107899,57,0.0007317796139167809,0.41911764705882354
4537,0.5122,1,0,1,605531,79,107900,56,0.0007317796139167809,0.4148148148148148
4538,0.5124,0,1,0,605532,78,107900,56,0.0007225165808292267,0.417910447761194
4539,0.5131,1,1,1,605533,77,107901,55,0.0007132535477416725,0.4166666666666667
4540,0.5134,1,1,1,605534,76,107902,54,0.0007039905146541183,0.4153846153846154
4541,0.5143,0,2,0,605536,74,107902,54,0.00068546444847901,0.421875
4542,0.5146,1,0,1,605536,74,107903,53,0.00068546444847901,0.41732283464566927
4543,0.515,1,0,1,605536,74,107904,52,0.00068546444847901,0.4126984126984127
4544,0.5151,0,1,0,605537,73,107904,52,0.0006762014153914558,0.416
4545,0.5159,1,2,1,605539,71,107905,51,0.0006576753492163474,0.4180327868852459
4546,0.5162,0,2,0,605541,69,107905,51,0.000639149283041239,0.425
4547,0.5166,0,1,0,605542,68,107905,51,0.0006298862499536849,0.42857142857142855
4548,0.5169,1,1,1,605543,67,107906,50,0.0006206232168661307,0.42735042735042733
4549,0.5176,0,1,0,605544,66,107906,50,0.0006113601837785765,0.43103448275862066
4550,0.5181,0,2,0,605546,64,107906,50,0.0005928341176034681,0.43859649122807015
4551,0.5182,1,1,1,605547,63,107907,49,0.0005835710845159139,0.4375
4552,0.5185,2,1,2,605548,62,107909,47,0.0005743080514283597,0.43119266055045874
4553,0.5186,0,1,0,605549,61,107909,47,0.0005650450183408056,0.4351851851851852
4554,0.5192,1,0,1,605549,61,107910,46,0.0005650450183408056,0.42990654205607476
4555,0.5195,1,3,1,605552,58,107911,45,0.000537255919078143,0.4368932038834951
4556,0.5196,1,0,1,605552,58,107912,44,0.000537255919078143,0.43137254901960786
4557,0.5198,1,0,1,605552,58,107913,43,0.000537255919078143,0.42574257425742573
4558,0.5201,0,1,0,605553,57,107913,43,0.0005279928859905888,0.43
4559,0.5209,2,0,2,605553,57,107915,41,0.0005279928859905888,0.41836734693877553
4560,0.5211,1,1,1,605554,56,107916,40,0.0005187298529030345,0.4166666666666667
4561,0.5216,0,2,0,605556,54,107916,40,0.0005002037867279261,0.425531914893617
4562,0.5221,0,3,0,605559,51,107916,40,0.00047241468746526364,0.43956043956043955
4563,0.5226,0,1,0,605560,50,107916,40,0.00046315165437770943,0.4444444444444444
4564,0.5251,1,0,1,605560,50,107917,39,0.00046315165437770943,0.43820224719101125
4565,0.5256,1,0,1,605560,50,107918,38,0.00046315165437770943,0.4318181818181818
4566,0.5269,3,3,3,605563,47,107921,35,0.0004353625551150469,0.4268292682926829
4567,0.5295,0,1,0,605564,46,107921,35,0.00042609952202749267,0.43209876543209874
4568,0.5297,3,2,3,605566,44,107924,32,0.0004075734558523843,0.42105263157894735
4569,0.5302,0,2,0,605568,42,107924,32,0.0003890473896772759,0.43243243243243246
4570,0.5306,1,0,1,605568,42,107925,31,0.0003890473896772759,0.4246575342465753
4571,0.5315,0,1,0,605569,41,107925,31,0.00037978435658972176,0.4305555555555556
4572,0.5323,1,0,1,605569,41,107926,30,0.00037978435658972176,0.4225352112676056
4573,0.5328,0,1,0,605570,40,107926,30,0.00037052132350216756,0.42857142857142855
4574,0.5355,0,1,0,605571,39,107926,30,0.00036125829041461335,0.43478260869565216
4575,0.5361,1,0,1,605571,39,107927,29,0.00036125829041461335,0.4264705882352941
4576,0.5371,1,4,1,605575,35,107928,28,0.0003242061580643966,0.4444444444444444
4577,0.5381,1,0,1,605575,35,107929,27,0.0003242061580643966,0.43548387096774194
4578,0.5398,0,1,0,605576,34,107929,27,0.00031494312497684244,0.4426229508196721
4579,0.5414,0,1,0,605577,33,107929,27,0.00030568009188928824,0.45
4580,0.542,1,0,1,605577,33,107930,26,0.00030568009188928824,0.4406779661016949
4581,0.5423,2,0,2,605577,33,107932,24,0.00030568009188928824,0.42105263157894735
4582,0.5425,0,1,0,605578,32,107932,24,0.00029641705880173404,0.42857142857142855
4583,0.5434,0,4,0,605582,28,107932,24,0.0002593649264515173,0.46153846153846156
4584,0.5437,0,1,0,605583,27,107932,24,0.00025010189336396307,0.47058823529411764
4585,0.5441,0,1,0,605584,26,107932,24,0.00024083886027640892,0.48
4586,0.5451,0,1,0,605585,25,107932,24,0.00023157582718885472,0.4897959183673469
4587,0.5455,1,0,1,605585,25,107933,23,0.00023157582718885472,0.4791666666666667
4588,0.5485,0,3,0,605588,22,107933,23,0.00020378672792619216,0.5111111111111111
4589,0.5501,2,0,2,605588,22,107935,21,0.00020378672792619216,0.4883720930232558
4590,0.5504,0,6,0,605594,16,107935,21,0.00014820852940086702,0.5675675675675675
4591,0.5523,0,1,0,605595,15,107935,21,0.00013894549631331284,0.5833333333333334
4592,0.5524,1,0,1,605595,15,107936,20,0.00013894549631331284,0.5714285714285714
4593,0.5527,0,1,0,605596,14,107936,20,0.00012968246322575864,0.5882352941176471
4594,0.5537,0,1,0,605597,13,107936,20,0.00012041943013820446,0.6060606060606061
4595,0.5542,0,1,0,605598,12,107936,20,0.00011115639705065027,0.625
4596,0.555,0,1,0,605599,11,107936,20,0.00010189336396309608,0.6451612903225806
4597,0.5563,1,1,1,605600,10,107937,19,9.263033087554189e-05,0.6551724137931034
4598,0.5612,1,0,1,605600,10,107938,18,9.263033087554189e-05,0.6428571428571429
4599,0.5617,1,0,1,605600,10,107939,17,9.263033087554189e-05,0.6296296296296297
4600,0.5628,1,0,1,605600,10,107940,16,9.263033087554189e-05,0.6153846153846154
4601,0.5633,1,0,1,605600,10,107941,15,9.263033087554189e-05,0.6
4602,0.57,3,0,3,605600,10,107944,12,9.263033087554189e-05,0.5454545454545454
4603,0.5714,0,1,0,605601,9,107944,12,8.33672977879877e-05,0.5714285714285714
4604,0.5719,0,2,0,605603,7,107944,12,6.484123161287932e-05,0.631578947368421
4605,0.5744,1,0,1,605603,7,107945,11,6.484123161287932e-05,0.6111111111111112
4606,0.5748,0,1,0,605604,6,107945,11,5.5578198525325135e-05,0.6470588235294118
4607,0.5866,2,0,2,605604,6,107947,9,5.5578198525325135e-05,0.6
4608,0.5947,0,1,0,605605,5,107947,9,4.6315165437770945e-05,0.6428571428571429
4609,0.5957,1,0,1,605605,5,107948,8,4.6315165437770945e-05,0.6153846153846154
4610,0.6001,1,0,1,605605,5,107949,7,4.6315165437770945e-05,0.5833333333333334
4611,0.6078,0,1,0,605606,4,107949,7,3.7052132350216754e-05,0.6363636363636364
4612,0.6132,1,0,1,605606,4,107950,6,3.7052132350216754e-05,0.6
4613,0.6159,2,1,2,605607,3,107952,4,2.7789099262662567e-05,0.5714285714285714
4614,0.622,0,1,0,605608,2,107952,4,1.8526066175108377e-05,0.6666666666666666
4615,0.6271,2,0,2,605608,2,107954,2,1.8526066175108377e-05,0.5
4616,0.6453,2,1,2,605609,1,107956,0,9.263033087554189e-06,0.0
4617,0.6512,0,1,0,605610,0,107956,0,0.0,
