,y_proba,y_test,Neg,Pos,TN,FP,FN,TP,FP/P,Prec
0,0.0,0,29,0,29,605581,0,107956,5.6095168401941535,0.15129698950439852
1,0.0001,0,56,0,85,605525,0,107956,5.6089981103412505,0.151308864566821
2,0.0002,0,39,0,124,605486,0,107956,5.608636852050836,0.1513171358008079
3,0.0003,0,58,0,182,605428,0,107956,5.6080995961317575,0.1513294382828883
4,0.0004,0,62,0,244,605366,0,107956,5.607525288080329,0.15134259142434972
5,0.0005,0,57,0,301,605309,0,107956,5.606997295194338,0.15135468584607403
6,0.0006,1,64,1,365,605245,1,107955,5.606404461076735,0.1513670779584969
7,0.0007,0,66,0,431,605179,1,107955,5.6057931008929565,0.15138108686446025
8,0.0008,0,74,0,505,605105,1,107955,5.605107636444477,0.15139679690348637
9,0.0009,1,73,1,578,605032,2,107954,5.604431435029086,0.15141110765148263
10,0.001,0,80,0,658,604952,2,107954,5.603690392382082,0.15142809851509176
11,0.0011,1,98,1,756,604854,3,107953,5.6027826151395015,0.15144772708461057
12,0.0012,2,108,2,864,604746,5,107951,5.601782207566045,0.15146829578348162
13,0.0013,0,104,0,968,604642,5,107951,5.60081885212494,0.1514904019545519
14,0.0014,0,113,0,1081,604529,5,107951,5.5997721293860465,0.15151442847518526
15,0.0015,0,105,0,1186,604424,5,107951,5.598799510911853,0.15153676083523426
16,0.0016,0,90,0,1276,604334,5,107951,5.597965837933973,0.15155590809858413
17,0.0017,0,130,0,1406,604204,5,107951,5.596761643632591,0.15158357380064733
18,0.0018,1,116,1,1522,604088,6,107950,5.595687131794435,0.1516070771503768
19,0.0019,0,125,0,1647,603963,6,107950,5.59452925265849,0.151633696814077
20,0.002,1,144,1,1791,603819,7,107949,5.593195375893883,0.1516631823852716
21,0.0021,0,144,0,1935,603675,7,107949,5.5918614991292745,0.1516938720447877
22,0.0022,0,169,0,2104,603506,7,107949,5.590296046537478,0.15172990561595603
23,0.0023,0,160,0,2264,603346,7,107949,5.58881396124347,0.15176403601881075
24,0.0024,1,171,1,2435,603175,8,107948,5.587229982585498,0.1517993371048328
25,0.0025,1,151,1,2586,603024,9,107947,5.585831264589277,0.15183038408036334
26,0.0026,3,199,3,2785,602825,12,107944,5.583987921004854,0.1518693133774827
27,0.0027,3,171,3,2956,602654,15,107941,5.582403942346882,0.1519022790759856
28,0.0028,1,196,1,3152,602458,16,107940,5.580588387861721,0.15194299533500938
29,0.0029,0,182,0,3334,602276,16,107940,5.578902515839786,0.15198193225722878
30,0.003,0,177,0,3511,602099,16,107940,5.577262958983289,0.1520198186296809
31,0.0031,0,208,0,3719,601891,16,107940,5.575336248101078,0.15206436461636644
32,0.0032,1,178,1,3897,601713,17,107939,5.573687428211493,0.15210131162879834
33,0.0033,2,188,2,4085,601525,19,107937,5.571945977991033,0.15213922662524562
34,0.0034,1,203,1,4288,601322,20,107936,5.5700655822742595,0.1521815756748602
35,0.0035,1,225,1,4513,601097,21,107935,5.56798139982956,0.15222867233072696
36,0.0036,1,200,1,4713,600897,22,107934,5.56612879321205,0.15227042835316176
37,0.0037,3,216,3,4929,600681,25,107931,5.564127978065137,0.15231325464429052
38,0.0038,1,263,1,5192,600418,26,107930,5.561691800363111,0.15236860977937397
39,0.0039,2,241,2,5433,600177,28,107928,5.55945940938901,0.15241807359078102
40,0.004,3,228,3,5661,599949,31,107925,5.557347437845048,0.15246357402588595
41,0.0041,1,228,1,5889,599721,32,107924,5.5552354663010854,0.1525114994100149
42,0.0042,3,239,3,6128,599482,35,107921,5.55302160139316,0.15255943217656695
43,0.0043,1,271,1,6399,599211,36,107920,5.550511319426433,0.15261670044164377
44,0.0044,0,214,0,6613,598997,36,107920,5.548529030345696,0.15266290101949734
45,0.0045,1,261,1,6874,598736,37,107919,5.546111378709845,0.15271808732691342
46,0.0046,4,249,4,7123,598487,41,107915,5.543804883471044,0.15276712127089107
47,0.0047,3,283,3,7406,598204,44,107912,5.541183445107266,0.15282474834163226
48,0.0048,2,250,2,7656,597954,46,107910,5.538867686835378,0.15287647478834449
49,0.0049,6,259,6,7915,597695,52,107904,5.536468561265701,0.15292538679901757
50,0.005,4,287,4,8202,597408,56,107900,5.533810070769573,0.15298281034668543
51,0.0051,4,257,4,8459,597151,60,107896,5.531429471266072,0.15303376937991367
52,0.0052,4,281,4,8740,596870,64,107892,5.528826558968468,0.15308997931216495
53,0.0053,2,317,2,9057,596553,66,107890,5.525890177479714,0.15315646546278408
54,0.0054,3,272,3,9329,596281,69,107887,5.5233706324798995,0.15321201758671227
55,0.0055,0,289,0,9618,595992,69,107887,5.520693615917596,0.15327492367296083
56,0.0056,7,299,7,9917,595693,76,107880,5.517923969024418,0.15333163722883056
57,0.0057,2,328,2,10245,595365,78,107878,5.514885694171699,0.15340074483500013
58,0.0058,0,296,0,10541,595069,78,107878,5.512143836377784,0.15346533949216656
59,0.0059,0,295,0,10836,594774,78,107878,5.509411241616955,0.15352977007110205
60,0.006,4,260,4,11096,594514,82,107874,5.507002853014191,0.15358178100992614
61,0.0061,2,306,2,11402,594208,84,107872,5.5041683648893995,0.15364630811303556
62,0.0062,3,291,3,11693,593917,87,107869,5.501472822260921,0.15370640052665627
63,0.0063,5,314,5,12007,593603,92,107864,5.4985642298714295,0.15376917232029447
64,0.0064,2,322,2,12329,593281,94,107862,5.495581533217237,0.1538373769687496
65,0.0065,1,303,1,12632,592978,95,107861,5.4927748341917075,0.15390267950271033
66,0.0066,3,312,3,12944,592666,98,107858,5.489884767868391,0.1539676013955268
67,0.0067,4,299,4,13243,592367,102,107854,5.487115120975212,0.1540285138549115
68,0.0068,3,310,3,13553,592057,105,107851,5.48424358071807,0.15409310938008997
69,0.0069,4,319,4,13872,591738,109,107847,5.4812886731631405,0.1541585368468449
70,0.007,5,322,5,14194,591416,114,107842,5.478305976508948,0.15422347688549862
71,0.0071,5,346,5,14540,591070,119,107837,5.475100967060654,0.1542937758528674
72,0.0072,1,329,1,14869,590741,120,107836,5.472053429174849,0.15436523103394473
73,0.0073,1,314,1,15183,590427,121,107835,5.469144836785357,0.154433436160066
74,0.0074,1,339,1,15522,590088,122,107834,5.466004668568676,0.15450723719842618
75,0.0075,2,308,2,15830,589780,124,107832,5.463151654377709,0.15457302913367316
76,0.0076,4,334,4,16164,589446,128,107828,5.4600578013264665,0.1546422209920347
77,0.0077,3,376,3,16540,589070,131,107825,5.4565749008855455,0.15472201694659884
78,0.0078,2,375,2,16915,588695,133,107823,5.453101263477713,0.15480289095184904
79,0.0079,6,324,6,17239,588371,139,107817,5.450100040757346,0.15486765069205444
80,0.008,3,335,3,17574,588036,142,107814,5.446996924673015,0.15493856434576417
81,0.0081,5,328,5,17902,587708,147,107809,5.443958649820297,0.15500555701729793
82,0.0082,4,337,4,18239,587371,151,107805,5.440837007669791,0.15507583691036514
83,0.0083,7,362,7,18601,587009,158,107798,5.437483789692097,0.15514812026936978
84,0.0084,3,320,3,18921,586689,161,107795,5.43451961910408,0.15521595889898113
85,0.0085,6,328,6,19249,586361,167,107789,5.431481344251361,0.15528199956781674
86,0.0086,7,366,7,19615,585995,174,107782,5.428091074141316,0.15535539517741292
87,0.0087,9,360,9,19975,585635,183,107773,5.4247563822297975,0.15542508883658682
88,0.0088,2,347,2,20322,585288,185,107771,5.421542109748416,0.15550046965698447
89,0.0089,4,345,4,20667,584943,189,107767,5.418346363333209,0.15557303922276278
90,0.009,6,349,6,21016,584594,195,107761,5.415113564785654,0.15564414209473465
91,0.0091,4,335,4,21351,584259,199,107757,5.412010448701323,0.155714607754734
92,0.0092,4,390,4,21741,583869,203,107753,5.408397865797177,0.1557975310212804
93,0.0093,4,376,4,22117,583493,207,107749,5.404914965356256,0.1558773917094158
94,0.0094,2,338,2,22455,583155,209,107747,5.4017840601726625,0.15595120581500704
95,0.0095,5,354,5,22809,582801,214,107742,5.398504946459669,0.15602504116325847
96,0.0096,4,363,4,23172,582438,218,107738,5.395142465448886,0.1561022116097923
97,0.0097,3,411,3,23583,582027,221,107735,5.391335358849902,0.15619155592798675
98,0.0098,9,352,9,23935,581675,230,107726,5.388074771203082,0.1562602897297799
99,0.0099,8,374,8,24309,581301,238,107718,5.384610396828338,0.15633531150810065
100,0.01,4,367,4,24676,580934,242,107714,5.381210863685205,0.1564137266063359
101,0.0101,0,365,0,25041,580569,242,107714,5.377829856608248,0.15649667360664146
102,0.0102,4,397,4,25438,580172,246,107710,5.3741524324724885,0.156582088206989
103,0.0103,4,373,4,25811,579799,250,107706,5.370697321130831,0.1566621333663028
104,0.0104,3,393,3,26204,579406,253,107703,5.367056949127423,0.1567480559852949
105,0.0105,5,351,5,26555,579055,258,107698,5.363805624513691,0.156822030628188
106,0.0106,4,414,4,26969,578641,262,107694,5.359970728815443,0.15691171221050945
107,0.0107,4,406,4,27375,578235,266,107690,5.356209937381896,0.15699967197579912
108,0.0108,3,380,3,27755,577855,269,107687,5.352689984808626,0.1570830087726208
109,0.0109,2,386,2,28141,577469,271,107685,5.34911445403683,0.15716904520735483
110,0.011,6,392,6,28533,577077,277,107679,5.3454833450665085,0.15725163415873683
111,0.0111,6,375,6,28908,576702,283,107673,5.342009707658676,0.1573304109589041
112,0.0112,7,361,7,29269,576341,290,107666,5.338665752714069,0.15740482188047783
113,0.0113,4,378,4,29647,575963,294,107662,5.335164326206973,0.15748692631194003
114,0.0114,5,407,5,30054,575556,299,107657,5.331394271740339,0.15757457776710923
115,0.0115,6,388,6,30442,575168,305,107651,5.327800214902368,0.15765671429763964
116,0.0116,7,400,7,30842,574768,312,107644,5.324095001667346,0.15774048522007234
117,0.0117,8,403,8,31245,574365,320,107636,5.320361999333062,0.15782381550760188
118,0.0118,2,350,2,31595,574015,322,107634,5.317119937752418,0.1579023808441001
119,0.0119,7,374,7,31969,573641,329,107627,5.313655563377672,0.15798041299459242
120,0.012,8,397,8,32366,573244,337,107619,5.309978139241913,0.1580626352144264
121,0.0121,3,393,3,32759,572851,340,107616,5.306337767238505,0.1581502115458942
122,0.0122,8,413,8,33172,572438,348,107608,5.302512134573345,0.1582363545995418
123,0.0123,4,428,4,33600,572010,352,107604,5.298547556411871,0.15833105262693234
124,0.0124,7,405,7,34005,571605,359,107597,5.294796028011412,0.1584167891142841
125,0.0125,9,419,9,34424,571186,368,107588,5.290914817147727,0.15850341940027166
126,0.0126,4,418,4,34842,570768,372,107584,5.287042869317129,0.15859612708446352
127,0.0127,6,413,6,35255,570355,378,107578,5.28321723665197,0.15868529780966556
128,0.0128,2,409,2,35664,569946,380,107576,5.279428656119159,0.15877860792712267
129,0.0129,8,423,8,36087,569523,388,107568,5.275510393123124,0.15886786266543199
130,0.013,8,391,8,36478,569132,396,107560,5.271888547185891,0.1589497141978921
131,0.0131,5,397,5,36875,568735,401,107555,5.268211123050132,0.15903680373804138
132,0.0132,11,395,11,37270,568340,412,107544,5.264552224980547,0.1591160613359689
133,0.0133,8,411,8,37681,567929,420,107536,5.260745118381563,0.15920291947029083
134,0.0134,14,406,14,38087,567523,434,107522,5.256984326948015,0.15928123310297831
135,0.0135,2,418,2,38505,567105,436,107520,5.253112379117418,0.1593774319066148
136,0.0136,8,382,8,38887,566723,444,107512,5.249573900477973,0.15945775582697427
137,0.0137,4,436,4,39323,566287,448,107508,5.245535218051799,0.15955594802573483
138,0.0138,10,394,10,39717,565893,458,107498,5.241885583015303,0.15963682318296502
139,0.0139,4,451,4,40168,565442,462,107494,5.237707955092816,0.15973881617271182
140,0.014,10,401,10,40569,565041,472,107484,5.233993478824706,0.15982156797145086
141,0.0141,4,407,4,40976,564634,476,107480,5.230223424358072,0.15991334803322055
142,0.0142,9,450,9,41426,564184,485,107471,5.226055059468672,0.1600092309295695
143,0.0143,5,421,5,41847,563763,490,107466,5.222155322538812,0.16010333284169784
144,0.0144,10,444,10,42291,563319,500,107456,5.218042535847938,0.16019678729827438
145,0.0145,11,400,11,42691,562919,511,107445,5.214337322612916,0.16027859491261465
146,0.0146,8,406,8,43097,562513,519,107437,5.2105765311793695,0.16036569893275618
147,0.0147,11,396,11,43493,562117,530,107426,5.206908370076698,0.16044675248639745
148,0.0148,6,416,6,43909,561701,536,107420,5.203054948312276,0.16053897576073684
149,0.0149,7,404,7,44313,561297,543,107413,5.199312682944903,0.16062717770034843
150,0.015,7,394,7,44707,560903,550,107406,5.195663047908407,0.16071308331924306
151,0.0151,10,422,10,45129,560481,560,107396,5.19175404794546,0.16080206385307474
152,0.0152,3,426,3,45555,560055,563,107393,5.187807995850161,0.16090092411693496
153,0.0153,8,446,8,46001,559609,571,107385,5.183676683093112,0.16099844976116726
154,0.0154,8,461,8,46462,559148,579,107377,5.179406424839749,0.16109973369340985
155,0.0155,7,435,7,46897,558713,586,107370,5.175377005446664,0.1611961272093718
156,0.0156,3,402,3,47299,558311,589,107367,5.171653266145467,0.16128969261414677
157,0.0157,6,408,6,47707,557903,595,107361,5.167873948645744,0.1613810457201953
158,0.0158,6,433,6,48140,557470,601,107355,5.163863055318833,0.16147858458992967
159,0.0159,7,395,7,48535,557075,608,107348,5.160204157249249,0.16156574953004335
160,0.016,7,436,7,48971,556639,615,107341,5.156165474823076,0.1616630018976475
161,0.0161,9,377,9,49348,556262,624,107332,5.152673311349068,0.1617434756794064
162,0.0162,10,416,10,49764,555846,634,107322,5.1488198895846455,0.16183229588882456
163,0.0163,8,414,8,50178,555432,642,107314,5.144984993886398,0.161923270755312
164,0.0164,9,438,9,50616,554994,651,107305,5.14092778539405,0.16201896726403028
165,0.0165,7,436,7,51052,554558,658,107298,5.136889102967876,0.16211683508195135
166,0.0166,11,418,11,51470,554140,669,107287,5.133017155137278,0.16220535297168093
167,0.0167,10,435,10,51905,553705,679,107277,5.128987735744192,0.16229942721586973
168,0.0168,10,430,10,52335,553275,689,107267,5.125004631516544,0.16239239896933125
169,0.0169,11,384,11,52719,552891,700,107256,5.121447626810923,0.16247290376234383
170,0.017,10,415,10,53134,552476,710,107246,5.117603468079588,0.16256241265260216
171,0.0171,10,415,10,53549,552061,720,107236,5.113759309348253,0.16265203694237954
172,0.0172,7,434,7,53983,551627,727,107229,5.109739152988254,0.16275028230751484
173,0.0173,5,399,5,54382,551228,732,107224,5.106043202786321,0.16284254584996324
174,0.0174,14,414,14,54796,550814,746,107210,5.102208307088073,0.16292718806608877
175,0.0175,4,416,4,55212,550398,750,107206,5.09835488532365,0.16302516408051046
176,0.0176,11,424,11,55636,549974,761,107195,5.094427359294527,0.163116336893554
177,0.0177,8,368,8,56004,549606,769,107187,5.091018563118308,0.1631975371235686
178,0.0178,9,421,9,56425,549185,778,107178,5.087118826188447,0.16329074003257343
179,0.0179,10,411,10,56836,548774,788,107168,5.083311719589462,0.1633802988678877
180,0.018,12,418,12,57254,548356,800,107156,5.079439771758865,0.16346916608696713
181,0.0181,3,439,3,57693,547917,803,107153,5.075373300233428,0.16357488512678034
182,0.0182,12,457,12,58150,547460,815,107141,5.071140094112416,0.1636737493526591
183,0.0183,7,444,7,58594,547016,822,107134,5.067027307421542,0.1637758923794237
184,0.0184,8,411,8,59005,546605,830,107126,5.063220200822557,0.1638686248625199
185,0.0185,9,431,9,59436,546174,839,107117,5.059227833561821,0.16396521611349307
186,0.0186,9,429,9,59865,545745,848,107108,5.055253992367261,0.16406143496315403
187,0.0187,11,443,11,60308,545302,859,107097,5.051150468709475,0.1641587433457133
188,0.0188,11,405,11,60713,544897,870,107086,5.047398940309015,0.1642466137920774
189,0.0189,9,421,9,61134,544476,879,107077,5.043499203379154,0.16434119710906098
190,0.019,11,383,11,61517,544093,890,107066,5.039951461706621,0.16442374289536044
191,0.0191,9,461,9,61978,543632,899,107057,5.035681203453259,0.1645286765259594
192,0.0192,7,445,7,62423,543187,906,107050,5.031559153729297,0.16463228023013146
193,0.0193,23,400,23,62823,542787,929,107027,5.027853940494276,0.16470405377538802
194,0.0194,10,412,10,63235,542375,939,107017,5.024037570862203,0.16479568581072757
195,0.0195,10,443,10,63678,541932,949,107007,5.0199340472044165,0.1648953137351893
196,0.0196,11,409,11,64087,541523,960,106996,5.016145466671607,0.1649851430721382
197,0.0197,11,418,11,64505,541105,971,106985,5.01227351884101,0.16507738122791588
198,0.0198,8,423,8,64928,540682,979,106977,5.0083552558449735,0.16517488369651315
199,0.0199,11,428,11,65356,540254,990,106966,5.0043906776835,0.16526992367355767
200,0.02,11,407,11,65763,539847,1001,106955,5.000620623216866,0.16535972368669238
201,0.0201,8,422,8,66185,539425,1009,106947,4.996711623253918,0.16545735273186338
202,0.0202,5,445,5,66630,538980,1014,106942,4.992589573529957,0.16556488244710663
203,0.0203,18,421,18,67051,538559,1032,106924,4.988689836600097,0.16564959882754465
204,0.0204,6,434,6,67485,538125,1038,106918,4.984669680240097,0.16575329086588025
205,0.0205,13,420,13,67905,537705,1051,106905,4.980779206343325,0.16584446409456882
206,0.0206,9,436,9,68341,537269,1060,106896,4.976740523917152,0.1659450606599241
207,0.0207,11,414,11,68755,536855,1071,106885,4.972905628218904,0.16603753068008822
208,0.0208,8,452,8,69207,536403,1079,106877,4.9687187372633295,0.1661438253948514
209,0.0209,10,420,10,69627,535983,1089,106867,4.964828263366557,0.16623940266002957
210,0.021,6,425,6,70052,535558,1095,106861,4.960891474304346,0.166341593259228
211,0.0211,14,421,14,70473,535137,1109,106847,4.956991737374486,0.16643249676004387
212,0.0212,6,438,6,70911,534699,1115,106841,4.952934528882137,0.1665383296442934
213,0.0213,7,436,7,71347,534263,1122,106834,4.948895846455963,0.16664248935808465
214,0.0214,12,385,12,71732,533878,1134,106822,4.9453295787172555,0.166727017324801
215,0.0215,9,384,9,72116,533494,1143,106813,4.941772574011634,0.16681529328900044
216,0.0216,8,407,8,72523,533087,1151,106805,4.938002519545,0.16691097872766028
217,0.0217,13,455,13,72978,532632,1164,106792,4.933787839490162,0.16701281153037734
218,0.0218,16,417,16,73395,532215,1180,106776,4.929925154692652,0.16710094508373358
219,0.0219,11,456,11,73851,531759,1191,106765,4.925701211604728,0.16720593117878108
220,0.022,14,428,14,74279,531331,1205,106751,4.921736633443254,0.16729981413047226
221,0.0221,12,404,12,74683,530927,1217,106739,4.917994368075883,0.16739013841101769
222,0.0222,12,413,12,75096,530514,1229,106727,4.914168735410723,0.1674829460125761
223,0.0223,9,432,9,75528,530082,1238,106718,4.9101671051169,0.1675847989949749
224,0.0224,12,422,12,75950,529660,1250,106706,4.9062581051539516,0.1676802343305582
225,0.0225,14,435,14,76385,529225,1264,106692,4.902228685760866,0.16777661235664404
226,0.0226,15,429,15,76814,528796,1279,106677,4.8982548445663046,0.1678702320948333
227,0.0227,10,417,10,77231,528379,1289,106667,4.8943921597687945,0.16796735984479866
228,0.0228,15,379,15,77610,528000,1304,106652,4.890881470228612,0.16804800110926932
229,0.0229,12,465,12,78075,527535,1316,106640,4.886574159842899,0.16815547758899357
230,0.023,15,431,15,78506,527104,1331,106625,4.8825817925821635,0.16825015108981914
231,0.0231,16,419,16,78925,526685,1347,106609,4.878700581718478,0.16834045482824722
232,0.0232,7,386,7,79311,526299,1354,106602,4.875125050946682,0.16843392568505974
233,0.0233,11,404,11,79715,525895,1365,106591,4.87138278557931,0.1685270504011156
234,0.0234,12,414,12,80129,525481,1377,106579,4.867547889881062,0.1686216498433693
235,0.0235,8,427,8,80556,525054,1385,106571,4.863592574752677,0.16872511379378588
236,0.0236,9,439,9,80995,524615,1394,106562,4.859526103227241,0.1688306132828034
237,0.0237,6,425,6,81420,524190,1400,106556,4.85558931416503,0.16893646570885903
238,0.0238,10,440,10,81860,523750,1410,106546,4.8515135796065065,0.1690412123827535
239,0.0239,10,443,10,82303,523307,1420,106536,4.847410055948719,0.1691469143897765
240,0.024,11,446,11,82749,522861,1431,106525,4.843278743191671,0.16925225537269656
241,0.0241,13,433,13,83182,522428,1444,106512,4.839267849864759,0.169351607466531
242,0.0242,17,441,17,83623,521987,1461,106495,4.835182852273149,0.1694479714613943
243,0.0243,11,458,11,84081,521529,1472,106484,4.8309403831190485,0.16955699961624998
244,0.0244,13,395,13,84476,521134,1485,106471,4.827281485049465,0.16964651333243044
245,0.0245,5,431,5,84907,520703,1490,106466,4.823289117788729,0.1697564771217965
246,0.0246,14,406,14,85313,520297,1504,106452,4.819528326355182,0.16984789764323516
247,0.0247,9,452,9,85765,519845,1513,106443,4.815341435399607,0.16995854942135247
248,0.0248,10,399,10,86164,519446,1523,106433,4.8116454851976735,0.17005363656553424
249,0.0249,7,430,7,86594,519016,1530,106426,4.807662380970025,0.17016126195554504
250,0.025,14,421,14,87015,518595,1544,106412,4.803762644040164,0.17025729311831708
251,0.0251,7,436,7,87451,518159,1551,106405,4.799723961613991,0.1703668479131042
252,0.0252,9,420,9,87871,517739,1560,106396,4.795833487717218,0.17046952982928373
253,0.0253,12,410,12,88281,517329,1572,106384,4.792035644151321,0.17056562874270698
254,0.0254,11,394,11,88675,516935,1583,106373,4.7883860091148245,0.17065880752372825
255,0.0255,8,449,8,89124,516486,1591,106365,4.784226907258513,0.17077117962401922
256,0.0256,13,394,13,89518,516092,1604,106352,4.780577272222017,0.1708619570595909
257,0.0257,12,421,12,89939,515671,1616,106340,4.776677535292156,0.17096160678830438
258,0.0258,8,434,8,90373,515237,1624,106332,4.772657378932157,0.1710703075603835
259,0.0259,17,416,17,90789,514821,1641,106315,4.768803957167735,0.17116219314288658
260,0.026,12,441,12,91230,514380,1653,106303,4.764718959576124,0.17126778081564986
261,0.0261,15,412,15,91642,513968,1668,106288,4.760902589944052,0.17136150234741784
262,0.0262,9,425,9,92067,513543,1677,106279,4.756965800881841,0.17146696954932222
263,0.0263,13,410,13,92477,513133,1690,106266,4.753167957315943,0.17156307969499465
264,0.0264,18,415,18,92892,512718,1708,106248,4.749323798584609,0.1716540165372573
265,0.0265,12,451,12,93343,512267,1720,106236,4.745146170662122,0.17176311190083152
266,0.0266,17,398,17,93741,511869,1737,106219,4.741459483493275,0.17185093384760747
267,0.0267,12,411,12,94152,511458,1749,106207,4.737652376894291,0.17194919576145645
268,0.0268,15,437,15,94589,511021,1764,106192,4.733604431435029,0.17205081552073595
269,0.0269,13,432,13,95021,510589,1777,106179,4.729602801141206,0.17215387309328628
270,0.027,13,447,13,95468,510142,1790,106166,4.725462225351069,0.17226127196142188
271,0.0271,14,424,14,95892,509718,1804,106152,4.721534699321946,0.1723610502216377
272,0.0272,14,410,14,96302,509308,1818,106138,4.717736855756049,0.1724570474095209
273,0.0273,14,435,14,96737,508873,1832,106124,4.713707436362963,0.17256019135052691
274,0.0274,19,390,19,97127,508483,1851,106105,4.710094853458816,0.1726441128040248
275,0.0275,9,453,9,97580,508030,1860,106096,4.705898699470154,0.17275933603201948
276,0.0276,19,429,19,98009,507601,1879,106077,4.701924858275594,0.17285449372472209
277,0.0277,15,413,15,98422,507188,1894,106062,4.6980992256104335,0.1729506726457399
278,0.0278,16,444,16,98866,506744,1910,106046,4.69398643891956,0.17305439057425873
279,0.0279,14,425,14,99291,506319,1924,106032,4.690049649857349,0.17315559213588286
280,0.028,22,415,22,99706,505904,1946,106010,4.686205491126015,0.17324329889494275
281,0.0281,9,417,9,100123,505487,1955,106001,4.682342806328505,0.17334927259406563
282,0.0282,11,427,11,100550,505060,1966,105990,4.678387491200119,0.1734555273709189
283,0.0283,17,447,17,100997,504613,1983,105973,4.674246915409982,0.1735594985800526
284,0.0284,11,464,11,101461,504149,1994,105962,4.669948868057356,0.17367659327564985
285,0.0285,9,380,9,101841,503769,2003,105953,4.666428915484086,0.1737726373658815
286,0.0286,20,416,20,102257,503353,2023,105933,4.662575493719664,0.17386416231457805
287,0.0287,12,416,12,102673,502937,2035,105921,4.658722071955241,0.17396667203190236
288,0.0288,13,400,13,103073,502537,2048,105908,4.655016858720219,0.17406339110355085
289,0.0289,11,425,11,103498,502112,2059,105897,4.651080069658009,0.1741701191923146
290,0.029,11,405,11,103903,501707,2070,105886,4.64732854125755,0.17427126382298677
291,0.0291,11,403,11,104306,501304,2081,105875,4.643595538923265,0.17437197268021457
292,0.0292,9,410,9,104716,500894,2090,105866,4.639797695357368,0.17447755290394884
293,0.0293,18,367,18,105083,500527,2108,105848,4.636398162214236,0.17455864770150484
294,0.0294,17,465,17,105548,500062,2125,105831,4.632090851828523,0.17466945483773538
295,0.0295,9,436,9,105984,499626,2134,105822,4.628052169402349,0.17478297062670947
296,0.0296,15,420,15,106404,499206,2149,105807,4.624161695505577,0.17488384547108904
297,0.0297,12,425,12,106829,498781,2161,105795,4.620224906443366,0.17499040649976183
298,0.0298,17,416,17,107245,498365,2178,105778,4.616371484678943,0.17508768619350054
299,0.0299,8,429,8,107674,497936,2186,105770,4.612397643484383,0.17520117408142374
300,0.03,14,431,14,108105,497505,2200,105756,4.608405276223647,0.17530720533898264
301,0.0301,13,412,13,108517,497093,2213,105743,4.604588906591574,0.1754092323617037
302,0.0302,13,425,13,108942,496668,2226,105730,4.600652117529364,0.17551519095348922
303,0.0303,22,408,22,109350,496260,2248,105708,4.596872800029642,0.17560401881827606
304,0.0304,14,386,14,109736,495874,2262,105694,4.593297269257846,0.17569751050587798
305,0.0305,13,425,13,110161,495449,2275,105681,4.589360480195635,0.17580390265000914
306,0.0306,13,384,13,110545,495065,2288,105668,4.585803475490015,0.17589844406749755
307,0.0307,10,428,10,110973,494637,2298,105658,4.5818388973285415,0.1760101283535595
308,0.0308,23,416,23,111389,494221,2321,105635,4.577985475564119,0.17610059747672774
309,0.0309,10,407,10,111796,493814,2331,105625,4.574215421097485,0.17620641966905723
310,0.031,15,407,15,112203,493407,2346,105610,4.5704453666308495,0.17630551386688526
311,0.0311,17,401,17,112604,493006,2363,105593,4.566730890362741,0.17640022786539905
312,0.0312,16,414,16,113018,492592,2379,105577,4.562895994664493,0.17650028670827142
313,0.0313,25,416,25,113434,492176,2404,105552,4.55904257290007,0.1765886824776487
314,0.0314,19,397,19,113831,491779,2423,105533,4.555365148764311,0.1766798591021108
315,0.0315,11,452,11,114283,491327,2434,105522,4.551178257808737,0.1767984867194215
316,0.0316,21,447,21,114730,490880,2455,105501,4.5470376820186,0.17690201398099537
317,0.0317,16,417,16,115147,490463,2471,105485,4.54317499722109,0.17700369830924845
318,0.0318,25,429,25,115576,490034,2496,105460,4.53920115602653,0.1770966626028138
319,0.0319,23,437,23,116013,489597,2519,105437,4.535153210567268,0.1771949165930014
320,0.032,21,386,21,116399,489211,2540,105416,4.531577679795472,0.17728088364638672
321,0.0321,9,403,9,116802,488808,2549,105407,4.527844677461188,0.17738865562128187
322,0.0322,19,417,19,117219,488391,2568,105388,4.5239819926636775,0.17748691011302184
323,0.0323,19,429,19,117648,487962,2587,105369,4.520008151469117,0.17758890063050808
324,0.0324,8,399,8,118047,487563,2595,105361,4.516312201267183,0.17769731027922633
325,0.0325,13,416,13,118463,487147,2608,105348,4.512458779502761,0.17780403210153672
326,0.0326,11,418,11,118881,486729,2619,105337,4.5085868316721625,0.17791428658291475
327,0.0327,9,395,9,119276,486334,2628,105328,4.504927933602579,0.1780205590353952
328,0.0328,15,420,15,119696,485914,2643,105313,4.501037459705806,0.1781261681215506
329,0.0329,16,383,16,120079,485531,2659,105297,4.497489718033273,0.17821938025956793
330,0.033,16,375,16,120454,485156,2675,105281,4.49401608062544,0.1783103023692621
331,0.0331,12,417,12,120871,484739,2687,105269,4.49015339582793,0.1784196146492929
332,0.0332,15,415,15,121286,484324,2702,105254,4.486309237096595,0.1785243004318343
333,0.0333,11,431,11,121717,483893,2713,105243,4.482316869835859,0.17863956709486434
334,0.0334,11,389,11,122106,483504,2724,105232,4.478713549964801,0.17874225459289053
335,0.0335,19,394,19,122500,483110,2743,105213,4.475063914928304,0.17883543563654658
336,0.0336,13,390,13,122890,482720,2756,105200,4.471451332024158,0.1789359096475711
337,0.0337,19,388,19,123278,482332,2775,105181,4.467857275186187,0.17902752790151027
338,0.0338,18,390,18,123668,481942,2793,105163,4.4642446922820405,0.17912128154248388
339,0.0339,17,377,17,124045,481565,2810,105146,4.460752528808033,0.17921259359377956
340,0.034,22,390,22,124435,481175,2832,105124,4.4571399459038865,0.17930100511854874
341,0.0341,15,405,15,124840,480770,2847,105109,4.453388417503428,0.17940393835587212
342,0.0342,16,433,16,125273,480337,2863,105093,4.4493775241765166,0.17951420323522882
343,0.0343,15,431,15,125704,479906,2878,105078,4.445385156915781,0.17962542565266743
344,0.0344,24,409,24,126113,479497,2902,105054,4.441596576382971,0.17971742414263256
345,0.0345,9,393,9,126506,479104,2911,105045,4.437956204379562,0.17982569515654395
346,0.0346,4,410,4,126916,478694,2915,105041,4.434158360813665,0.17994637977849537
347,0.0347,22,385,22,127301,478309,2937,105019,4.4305920930749565,0.18003421745570244
348,0.0348,22,419,22,127720,477890,2959,104997,4.426710882211271,0.1801326843796482
349,0.0349,13,412,13,128132,477478,2972,104984,4.422894512579199,0.18024180118187969
350,0.035,16,394,16,128526,477084,2988,104968,4.4192448775427025,0.18034127534996874
351,0.0351,24,415,24,128941,476669,3012,104944,4.415400718811368,0.18043613192965083
352,0.0352,19,413,19,129354,476256,3031,104925,4.4115750861462075,0.18053756058783751
353,0.0353,16,400,16,129754,475856,3047,104909,4.407869872911186,0.18063932916067602
354,0.0354,15,431,15,130185,475425,3062,104894,4.40387750565045,0.18075231036722905
355,0.0355,12,399,12,130584,475026,3074,104882,4.400181555448516,0.1808597225766846
356,0.0356,15,386,15,130970,474640,3089,104867,4.3966060246767205,0.18095898755321332
357,0.0357,23,397,23,131367,474243,3112,104844,4.392928600540961,0.18105051572561637
358,0.0358,6,387,6,131754,473856,3118,104838,4.389343806736077,0.18116310174289002
359,0.0359,16,412,16,132166,473444,3134,104822,4.385527437104005,0.18126951956366102
360,0.036,17,378,17,132544,473066,3151,104805,4.38202601059691,0.18136400684581852
361,0.0361,11,399,11,132943,472667,3162,104794,4.378330060394975,0.18147372723006402
362,0.0362,24,389,24,133332,472278,3186,104770,4.374726740523917,0.18156201910412997
363,0.0363,12,393,12,133725,471885,3198,104758,4.371086368520508,0.18166872744488358
364,0.0364,15,438,15,134163,471447,3213,104743,4.367029160028159,0.18178552213679516
365,0.0365,17,398,17,134561,471049,3230,104726,4.363342472859313,0.18188702184012853
366,0.0366,14,378,14,134939,470671,3244,104712,4.3598410463522175,0.1819866071816512
367,0.0367,19,416,19,135355,470255,3263,104693,4.355987624587795,0.18209124999130355
368,0.0368,17,396,17,135751,469859,3280,104676,4.352319463485124,0.18219255571897272
369,0.0369,14,405,14,136156,469454,3294,104662,4.348567935084664,0.18230113774916568
370,0.037,16,391,16,136547,469063,3310,104646,4.34494608914743,0.1824025769161718
371,0.0371,29,407,29,136954,468656,3339,104617,4.341176034680796,0.18249071559274552
372,0.0372,25,398,25,137352,468258,3364,104592,4.33748934751195,0.18258182770358733
373,0.0373,13,391,13,137743,467867,3377,104579,4.333867501574716,0.1826879740621823
374,0.0374,12,388,12,138131,467479,3389,104567,4.330273444736744,0.1827947402831241
375,0.0375,22,380,22,138511,467099,3411,104545,4.326753492163474,0.18288480242948407
376,0.0376,13,419,13,138930,466680,3424,104532,4.322872281299789,0.18300035713535429
377,0.0377,18,441,18,139371,466239,3442,104514,4.318787283708177,0.18311598887785083
378,0.0378,18,398,18,139769,465841,3460,104496,4.315100596539331,0.18321799216954188
379,0.0379,8,380,8,140149,465461,3468,104488,4.31158064396606,0.18332868379451495
380,0.038,16,388,16,140537,465073,3484,104472,4.307986587128089,0.18343063322476713
381,0.0381,18,440,18,140977,464633,3502,104454,4.303910852569565,0.18354662819568887
382,0.0382,19,359,19,141336,464274,3521,104435,4.300585423691134,0.18363521590127815
383,0.0383,21,401,21,141737,463873,3542,104414,4.296870947423024,0.1837346270458413
384,0.0384,26,410,26,142147,463463,3568,104388,4.293073103857127,0.18382991312862001
385,0.0385,19,403,19,142550,463060,3587,104369,4.289340101522843,0.18393314405855182
386,0.0386,19,360,19,142910,462700,3606,104350,4.286005409611323,0.18402257296534696
387,0.0387,23,415,23,143325,462285,3629,104327,4.282161250879988,0.18412423316131674
388,0.0388,17,364,17,143689,461921,3646,104310,4.278789506836119,0.18421810179944229
389,0.0389,27,443,27,144132,461478,3673,104283,4.2746859831783315,0.1843234157179445
390,0.039,21,383,21,144515,461095,3694,104262,4.271138241505799,0.18441798721869546
391,0.0391,11,403,11,144918,460692,3705,104251,4.267405239171515,0.1845336609180041
392,0.0392,17,402,17,145320,460290,3722,104234,4.263681499870318,0.1846405112980139
393,0.0393,20,410,20,145730,459880,3742,104214,4.25988365630442,0.18474580477721797
394,0.0394,9,413,9,146143,459467,3751,104205,4.256058023639261,0.18486815027178927
395,0.0395,20,404,20,146547,459063,3771,104185,4.252315758271888,0.18497180638013805
396,0.0396,16,363,16,146910,458700,3787,104169,4.248953277261107,0.18506792877205885
397,0.0397,14,422,14,147332,458278,3801,104155,4.245044277298159,0.185186502214486
398,0.0398,21,397,21,147729,457881,3822,104134,4.2413668531624,0.18528686956753823
399,0.0399,14,372,14,148101,457509,3836,104120,4.237921004853829,0.1853892872340994
400,0.04,19,389,19,148490,457120,3855,104101,4.234317684982771,0.18549020795729312
401,0.0401,21,389,21,148879,456731,3876,104080,4.230714365111712,0.18558837112681456
402,0.0402,15,385,15,149264,456346,3891,104065,4.227148097373004,0.18569407095863572
403,0.0403,13,410,13,149674,455936,3904,104052,4.223350253807107,0.18581112452409695
404,0.0404,10,397,10,150071,455539,3914,104042,4.219672829671348,0.18592839999928518
405,0.0405,16,358,16,150429,455181,3930,104026,4.216356663826003,0.18602413775220983
406,0.0406,18,402,18,150831,454779,3948,104008,4.212632924524806,0.1861317460857178
407,0.0407,17,378,17,151209,454401,3965,103991,4.209131498017711,0.18623296895370994
408,0.0408,19,419,19,151628,453982,3984,103972,4.205250287154025,0.18634511088727745
409,0.0409,23,405,23,152033,453577,4007,103949,4.201498758753567,0.18644691009925995
410,0.041,8,354,8,152387,453223,4015,103941,4.198219645040572,0.18655368975741432
411,0.0411,25,370,25,152757,452853,4040,103916,4.194792322798177,0.18664113842545113
412,0.0412,18,377,18,153134,452476,4058,103898,4.191300159324169,0.18674129272755377
413,0.0413,15,400,15,153534,452076,4073,103883,4.187594946089147,0.18685370683809419
414,0.0414,24,372,24,153906,451704,4097,103859,4.184149097780577,0.18694369495448762
415,0.0415,14,368,14,154274,451336,4111,103845,4.180740301604358,0.18704710715964704
416,0.0416,22,388,22,154662,450948,4133,103823,4.177146244766386,0.18714568713937824
417,0.0417,26,376,26,155038,450572,4159,103797,4.173663344325466,0.1872344954353508
418,0.0418,15,348,15,155386,450224,4174,103782,4.170439808810997,0.18733010111803844
419,0.0419,20,367,20,155753,449857,4194,103762,4.167040275667865,0.18742492580637587
420,0.042,21,364,21,156117,449493,4215,103741,4.163668531623995,0.1875173977015151
421,0.0421,23,364,23,156481,449129,4238,103718,4.160296787580125,0.18760705945767997
422,0.0422,18,417,18,156898,448712,4256,103700,4.156434102782615,0.18772220733800135
423,0.0423,14,396,14,157294,448316,4270,103686,4.152765941679943,0.1878362759555219
424,0.0424,14,395,14,157689,447921,4284,103672,4.14910704361036,0.18795017340684164
425,0.0425,21,381,21,158070,447540,4305,103651,4.145577828004002,0.1880491517459465
426,0.0426,17,360,17,158430,447180,4322,103634,4.142243136092482,0.18814699698990947
427,0.0427,19,389,19,158819,446791,4341,103615,4.138639816221423,0.18825194492792593
428,0.0428,15,399,15,159218,446392,4356,103600,4.13494386601949,0.18836637623819982
429,0.0429,22,385,22,159603,446007,4378,103578,4.131377598280781,0.18846584240836267
430,0.043,21,413,21,160016,445594,4399,103557,4.127551965615621,0.18857654816252725
431,0.0431,17,383,17,160399,445211,4416,103540,4.124004223943088,0.18868302745689758
432,0.0432,20,356,20,160755,444855,4436,103520,4.120706584163918,0.18877592888078412
433,0.0433,22,404,22,161159,444451,4458,103498,4.116964318796547,0.18888254198839674
434,0.0434,12,367,12,161526,444084,4470,103486,4.1135647856534145,0.18899136183501652
435,0.0435,29,353,29,161879,443731,4499,103457,4.110294934973508,0.1890703012492964
436,0.0436,26,372,26,162251,443359,4525,103431,4.106849086664938,0.18916037235501745
437,0.0437,25,352,25,162603,443007,4550,103406,4.103588499018119,0.1892451314298891
438,0.0438,11,384,11,162987,442623,4561,103395,4.100031494312498,0.18936188916848895
439,0.0439,16,350,16,163337,442273,4577,103379,4.096789432731854,0.18945958229787482
440,0.044,19,380,19,163717,441893,4596,103360,4.093269480158583,0.18956337700113526
441,0.0441,25,376,25,164093,441517,4621,103335,4.0897865797176625,0.18965700777458833
442,0.0442,19,394,19,164487,441123,4640,103316,4.086136944681167,0.18976597929244599
443,0.0443,25,372,25,164859,440751,4665,103291,4.082691096372597,0.18985850357141545
444,0.0444,20,383,20,165242,440368,4685,103271,4.079143354700063,0.1899624567038053
445,0.0445,16,406,16,165648,439962,4701,103255,4.075382563266516,0.19008057553427082
446,0.0446,14,377,14,166025,439585,4715,103241,4.071890399792508,0.19019170047123757
447,0.0447,23,351,23,166376,439234,4738,103218,4.068639075178776,0.19028043034222383
448,0.0448,21,360,21,166736,438874,4759,103197,4.065304383267257,0.19037543052478365
449,0.0449,15,388,15,167124,438486,4774,103182,4.061710326429286,0.19048937725691753
450,0.045,20,397,20,167521,438089,4794,103162,4.058032902293527,0.19059918595993355
451,0.0451,13,377,13,167898,437712,4807,103149,4.054540738819519,0.1907125860433642
452,0.0452,23,371,23,168269,437341,4830,103126,4.051104153544037,0.19080905957255484
453,0.0453,14,378,14,168647,436963,4844,103112,4.047602727036941,0.1909216312549183
454,0.0454,24,389,24,169036,436574,4868,103088,4.043999407165883,0.19102327012092754
455,0.0455,20,396,20,169432,436178,4888,103068,4.040331246063211,0.1911335457286656
456,0.0456,17,393,17,169825,435785,4905,103051,4.036690874059802,0.19124742964464142
457,0.0457,11,374,11,170199,435411,4916,103040,4.033226499685057,0.19136374526187155
458,0.0458,22,404,22,170603,435007,4938,103018,4.029484234317685,0.19147437386738533
459,0.0459,20,379,20,170982,434628,4958,102998,4.025973544777502,0.19157927629988133
460,0.046,20,393,20,171375,434235,4978,102978,4.022333172774093,0.19168932993058618
461,0.0461,18,384,18,171759,433851,4996,102960,4.018776168068472,0.19179934837400872
462,0.0462,19,371,19,172130,433480,5015,102941,4.01533958279299,0.19190337440182245
463,0.0463,19,378,19,172508,433102,5034,102922,4.0118381562858945,0.1920100592510783
464,0.0464,23,363,23,172871,432739,5057,102899,4.008475675275112,0.192105489154989
465,0.0465,12,360,12,173231,432379,5069,102887,4.005140983363592,0.19221658016761758
466,0.0466,21,342,21,173573,432037,5090,102866,4.001973026047649,0.19230776421145515
467,0.0467,16,381,16,173954,431656,5106,102850,3.998443810441291,0.1924206650626934
468,0.0468,17,376,17,174330,431280,5123,102833,3.9949609100003705,0.1925304195928577
469,0.0469,25,358,25,174688,430922,5148,102808,3.991644744155026,0.1926217375826729
470,0.047,15,368,15,175056,430554,5163,102793,3.988235947978806,0.19273193624413373
471,0.0471,20,343,20,175399,430211,5183,102773,3.985058727629775,0.19282567581766058
472,0.0472,14,333,14,175732,429878,5197,102759,3.9819741376116196,0.1929250127197322
473,0.0473,15,356,15,176088,429522,5212,102744,3.9786764978324505,0.19303130389692372
474,0.0474,21,366,21,176454,429156,5233,102723,3.9752862277224055,0.19313227256575274
475,0.0475,25,369,25,176823,428787,5258,102698,3.971868168513098,0.193228407198698
476,0.0476,22,337,22,177160,428450,5280,102676,3.968746526362592,0.1933175931888102
477,0.0477,17,394,17,177554,428056,5297,102659,3.965096891326096,0.19343527128496463
478,0.0478,23,357,23,177911,427699,5320,102636,3.961789988513839,0.19353050430388338
479,0.0479,14,378,14,178289,427321,5334,102622,3.9582885620067434,0.19364724130708397
480,0.048,19,343,19,178632,426978,5353,102603,3.9551113416577124,0.19374373325327005
481,0.0481,22,377,22,179009,426601,5375,102581,3.9516191781837047,0.19384824124781266
482,0.0482,21,380,21,179389,426221,5396,102560,3.948099225610434,0.19395553168513996
483,0.0483,24,361,24,179750,425860,5420,102536,3.944755270665827,0.19405143112362697
484,0.0484,21,363,21,180113,425497,5441,102515,3.9413927896550445,0.194152784406415
485,0.0485,21,351,21,180464,425146,5462,102494,3.9381414650413133,0.19424986733378818
486,0.0486,14,364,14,180828,424782,5476,102480,3.9347697209974433,0.194362574962732
487,0.0487,22,336,22,181164,424446,5498,102458,3.931657341880025,0.19445287946191336
488,0.0488,21,346,21,181510,424100,5519,102437,3.9284523324317315,0.19454853125231467
489,0.0489,18,368,18,181878,423732,5537,102419,3.9250435362555116,0.19465704712145374
490,0.049,22,383,22,182261,423349,5559,102397,3.9214957945829783,0.1947651527543719
491,0.0491,28,370,28,182631,422979,5587,102369,3.9180684723405834,0.1948594074784714
492,0.0492,20,375,20,183006,422604,5607,102349,3.91459483493275,0.19496793046234615
493,0.0493,18,373,18,183379,422231,5625,102331,3.9111397235910927,0.19507894205070134
494,0.0494,20,373,20,183752,421858,5645,102311,3.907684612249435,0.19518704845193058
495,0.0495,26,342,26,184094,421516,5671,102285,3.9045166549334915,0.19527454128571728
496,0.0496,19,352,19,184446,421164,5690,102266,3.9012560672866723,0.195376650172898
497,0.0497,16,333,16,184779,420831,5706,102250,3.8981714772685168,0.1954764176102745
498,0.0498,23,363,23,185142,420468,5729,102227,3.894808996257735,0.19557677039191115
499,0.0499,24,364,24,185506,420104,5753,102203,3.8914372522138647,0.1956761061980789
500,0.05,23,367,23,185873,419737,5776,102180,3.8880377190707325,0.19577825592958267
501,0.0501,14,342,14,186215,419395,5790,102166,3.884869761754789,0.1958850450858097
502,0.0502,28,353,28,186568,419042,5818,102138,3.8815999110748822,0.19597451935991403
503,0.0503,24,355,24,186923,418687,5842,102114,3.878311534328801,0.1960710520909138
504,0.0504,10,371,10,187294,418316,5852,102104,3.874874949053318,0.1961953806540871
505,0.0505,16,337,16,187631,417979,5868,102088,3.871753306902812,0.1962977847085087
506,0.0506,14,354,14,187985,417625,5882,102074,3.868474193189818,0.19640984492946878
507,0.0507,26,361,26,188346,417264,5908,102048,3.865130238245211,0.19650614659395507
508,0.0508,20,326,20,188672,416938,5928,102028,3.862110489458668,0.19659862110427273
509,0.0509,19,369,19,189041,416569,5947,102009,3.858692430249361,0.19670907751582212
510,0.051,22,367,22,189408,416202,5969,101987,3.8552928971062284,0.19681428976686113
511,0.0511,15,371,15,189779,415831,5984,101972,3.851856311830746,0.19693203785995833
512,0.0512,19,361,19,190140,415470,6003,101953,3.848512356886139,0.19703994604028038
513,0.0513,21,379,21,190519,415091,6024,101932,3.8450016673459557,0.1971517708109697
514,0.0514,22,376,22,190895,414715,6046,101910,3.8415187669050352,0.19726106944108396
515,0.0515,28,394,28,191289,414321,6074,101882,3.837869131868539,0.19736808968564692
516,0.0516,22,349,22,191638,413972,6096,101860,3.8346363333209825,0.19746739248437475
517,0.0517,37,383,37,192021,413589,6133,101823,3.831088591648449,0.19755651789248213
518,0.0518,23,357,23,192378,413232,6156,101800,3.8277816888361924,0.19765762127401793
519,0.0519,23,335,23,192713,412897,6179,101777,3.824678572751862,0.19775042065462797
520,0.052,24,349,24,193062,412548,6203,101753,3.8214457742043053,0.19784717509785127
521,0.0521,20,376,20,193438,412172,6223,101733,3.8179628737633853,0.19796071258306497
522,0.0522,24,354,24,193792,411818,6247,101709,3.814683760050391,0.19805969306385057
523,0.0523,27,372,27,194164,411446,6274,101682,3.811237911741821,0.19816108261486412
524,0.0524,20,368,20,194532,411078,6294,101662,3.807829115565601,0.19827202870850724
525,0.0525,14,364,14,194896,410714,6308,101648,3.804457371521731,0.19839098137644867
526,0.0526,12,332,12,195228,410382,6320,101636,3.801382044536663,0.19850083395505627
527,0.0527,25,369,25,195597,410013,6345,101611,3.7979639853273555,0.19860483480055666
528,0.0528,15,357,15,195954,409656,6360,101596,3.7946570825150987,0.19872000500731538
529,0.0529,18,362,18,196316,409294,6378,101578,3.791303864537404,0.19883258428725786
530,0.053,17,342,17,196658,408952,6395,101561,3.7881359072214607,0.19893910634988726
531,0.0531,18,332,18,196990,408620,6413,101543,3.785060580236393,0.19904030672549752
532,0.0532,31,342,31,197332,408278,6444,101512,3.781892622920449,0.19912512995547185
533,0.0533,18,408,18,197740,407870,6462,101494,3.7781133054207268,0.1992563274986061
534,0.0534,20,353,20,198093,407517,6482,101474,3.7748434547408203,0.1993630535706918
535,0.0535,20,377,20,198470,407140,6502,101454,3.7713512912668126,0.19947934895024322
536,0.0536,19,348,19,198818,406792,6521,101435,3.7681277557523436,0.19958601176246046
537,0.0537,31,315,31,199133,406477,6552,101404,3.765209900329764,0.1996609441975581
538,0.0538,33,369,33,199502,406108,6585,101371,3.7617918411204565,0.1997540784938884
539,0.0539,17,366,17,199868,405742,6602,101354,3.7584015710104115,0.19987142474008865
540,0.054,23,345,23,200213,405397,6625,101331,3.7552058245952056,0.19997118769833125
541,0.0541,21,349,21,200562,405048,6646,101310,3.751973026047649,0.20007583567357481
542,0.0542,16,347,16,200909,404701,6662,101294,3.7487587535662676,0.20018774889079932
543,0.0543,31,358,31,201267,404343,6693,101263,3.745442587720923,0.20028045553256885
544,0.0544,23,330,23,201597,404013,6716,101240,3.7423857868020303,0.20037486170294883
545,0.0545,24,376,24,201973,403637,6740,101216,3.7389028863611102,0.20048608208726104
546,0.0546,14,361,14,202334,403276,6754,101202,3.735558931416503,0.2006073604795452
547,0.0547,23,352,23,202686,402924,6777,101179,3.732298343769684,0.200710965814526
548,0.0548,26,358,26,203044,402566,6803,101153,3.7289821779243395,0.20081235768354977
549,0.0549,23,358,23,203402,402208,6826,101130,3.725666012078995,0.20091866697924654
550,0.055,23,349,23,203751,401859,6849,101107,3.722433213531439,0.20102154022339483
551,0.0551,19,327,19,204078,401532,6868,101088,3.7194042017118085,0.2011221200907246
552,0.0552,23,347,23,204425,401185,6891,101065,3.7161899292304272,0.20122448979591837
553,0.0553,24,318,24,204743,400867,6915,101041,3.713244284708585,0.20131378659037114
554,0.0554,24,358,24,205101,400509,6939,101017,3.7099281188632407,0.20141926839286498
555,0.0555,22,318,22,205419,400191,6961,100995,3.706982474341398,0.20151201350396858
556,0.0556,16,363,16,205782,399828,6977,100979,3.703619993330616,0.20163256504002539
557,0.0557,15,369,15,206151,399459,6992,100964,3.7002019341213086,0.20175731331293725
558,0.0558,25,323,25,206474,399136,7017,100939,3.6972099744340285,0.20184772284157376
559,0.0559,30,355,30,206829,398781,7047,100909,3.693921597687947,0.20194320478696792
560,0.056,19,342,19,207171,398439,7066,100890,3.6907536403720034,0.20205115264685208
561,0.0561,24,308,24,207479,398131,7090,100866,3.6879006261810368,0.20213748780052787
562,0.0562,24,378,24,207857,397753,7114,100842,3.6843991996739414,0.20225232904461538
563,0.0563,20,314,20,208171,397439,7134,100822,3.681490607284449,0.20234776552850814
564,0.0564,22,339,22,208510,397100,7156,100800,3.6783504390677684,0.20245029122313718
565,0.0565,18,339,18,208849,396761,7174,100782,3.6752102708510876,0.20255937677748456
566,0.0566,26,362,26,209211,396399,7200,100756,3.671857052873393,0.20266516478764168
567,0.0567,24,344,24,209555,396055,7224,100732,3.6686705694912742,0.20276698061744772
568,0.0568,28,338,28,209893,395717,7252,100704,3.6655396643076807,0.2028600723982265
569,0.0569,23,338,23,210231,395379,7275,100681,3.6624087591240877,0.20296133532234004
570,0.057,21,356,21,210587,395023,7296,100660,3.659111119344918,0.2030733351759088
571,0.0571,20,349,20,210936,394674,7316,100640,3.655878320797362,0.20318424272279806
572,0.0572,21,362,21,211298,394312,7337,100619,3.6525251028196672,0.20329904572556579
573,0.0573,30,367,30,211665,393945,7367,100589,3.649125569676535,0.20340158613967896
574,0.0574,21,352,21,212017,393593,7388,100568,3.6458649820297158,0.20351262038080706
575,0.0575,30,343,30,212360,393250,7418,100538,3.6426877616806848,0.20360559592375677
576,0.0576,24,366,24,212726,392884,7442,100514,3.6392974915706398,0.2037178910332024
577,0.0577,11,334,11,213060,392550,7453,100503,3.636203638519397,0.20383812693564385
578,0.0578,22,342,22,213402,392208,7475,100481,3.633035681203453,0.20394407019438227
579,0.0579,25,324,25,213726,391884,7500,100456,3.6300344584830855,0.2040378600154365
580,0.058,25,311,25,214037,391573,7525,100431,3.6271536551928563,0.20412638921634785
581,0.0581,26,363,26,214400,391210,7551,100405,3.6237911741820743,0.20423502130732382
582,0.0582,22,331,22,214731,390879,7573,100383,3.6207251102300937,0.20433699329482027
583,0.0583,28,318,28,215049,390561,7601,100355,3.6177794657082516,0.20442397477368837
584,0.0584,15,332,15,215381,390229,7616,100340,3.6147041387231833,0.20453799567441072
585,0.0585,20,328,20,215709,389901,7636,100320,3.6116658638704657,0.20464239598058834
586,0.0586,26,363,26,216072,389538,7662,100294,3.6083033828596838,0.20475183328161492
587,0.0587,29,369,29,216441,389169,7691,100265,3.604885323650376,0.20485908212343237
588,0.0588,21,349,21,216790,388820,7712,100244,3.6016525251028195,0.2049711285230563
589,0.0589,25,339,25,217129,388481,7737,100219,3.598512356886139,0.20507264170247597
590,0.059,20,340,20,217469,388141,7757,100199,3.5953629256363704,0.20518286439775565
591,0.0591,22,306,22,217775,387835,7779,100177,3.5925284375115787,0.20527568994205062
592,0.0592,20,341,20,218116,387494,7799,100157,3.5893697432287226,0.20538663921534048
593,0.0593,23,361,23,218477,387133,7822,100134,3.5860257882841156,0.20550129600403885
594,0.0594,24,363,24,218840,386770,7846,100110,3.5826633072733336,0.20561534669733816
595,0.0595,26,335,26,219175,386435,7872,100084,3.579560191189003,0.20571447363823406
596,0.0596,18,336,18,219511,386099,7890,100066,3.5764478120715846,0.20582723972313927
597,0.0597,29,362,29,219873,385737,7919,100037,3.5730945940938903,0.20593321174043897
598,0.0598,36,348,36,220221,385389,7955,100001,3.5698710585794213,0.2060219617215023
599,0.0599,26,330,26,220551,385059,7981,99975,3.5668142576605284,0.20611957099914646
600,0.06,27,349,27,220900,384710,8008,99948,3.5635814591129717,0.20622377016370305
601,0.0601,18,331,18,221231,384379,8026,99930,3.5605153951609916,0.20633521161076915
602,0.0602,27,360,27,221591,384019,8053,99903,3.557180703249472,0.206444426994433
603,0.0603,26,317,26,221908,383702,8079,99877,3.5542443217607174,0.20653709114746505
604,0.0604,20,344,20,222252,383358,8099,99857,3.5510578383785987,0.20665128359012033
605,0.0605,26,348,26,222600,383010,8125,99831,3.5478343028641297,0.2067575040230635
606,0.0606,27,347,27,222947,382663,8152,99804,3.5446200303827484,0.2068618164558405
607,0.0607,21,315,21,223262,382348,8173,99783,3.541702174960169,0.20696242307588603
608,0.0608,22,355,22,223617,381993,8195,99761,3.538413798214087,0.20707871652337084
609,0.0609,24,350,24,223967,381643,8219,99737,3.535171736633443,0.2071897461464955
610,0.061,17,359,17,224326,381284,8236,99720,3.5318463077550115,0.2073163632734863
611,0.0611,29,344,29,224670,380940,8265,99691,3.528659824372893,0.20741691651183547
612,0.0612,18,313,18,224983,380627,8283,99673,3.5257604950164882,0.20752238184468041
613,0.0613,19,336,19,225319,380291,8302,99654,3.52264811589907,0.20763629165841918
614,0.0614,21,323,21,225642,379968,8323,99633,3.51965615621179,0.2077414350679002
615,0.0615,17,325,17,225967,379643,8340,99616,3.516645670458335,0.20785420826734605
616,0.0616,23,327,23,226294,379316,8363,99593,3.5136166586387048,0.2079580880710114
617,0.0617,23,346,23,226640,378970,8386,99570,3.5104116491904107,0.2080703807414218
618,0.0618,30,324,30,226964,378646,8416,99540,3.5074104264700434,0.20816167767354127
619,0.0619,20,322,20,227286,378324,8436,99520,3.504427729815851,0.20826880739320783
620,0.062,26,337,26,227623,377987,8462,99494,3.5013060876653452,0.20837268917506666
621,0.0621,25,331,25,227954,377656,8487,99469,3.4982400237133646,0.20847576630861933
622,0.0622,20,325,20,228279,377331,8507,99449,3.4952295379599096,0.2085846721758463
623,0.0623,20,350,20,228629,376981,8527,99429,3.4919874763792658,0.20870468713922882
624,0.0624,22,341,22,228970,376640,8549,99407,3.4888287820964097,0.20881761674792615
625,0.0625,15,355,15,229325,376285,8564,99392,3.485540405350328,0.20894850917744603
626,0.0626,21,318,21,229643,375967,8585,99371,3.4825947608284857,0.20905334730234065
627,0.0627,17,310,17,229953,375657,8602,99354,3.4797232205713438,0.20916147205012095
628,0.0628,18,332,18,230285,375325,8620,99336,3.476647893586276,0.20927777929933153
629,0.0629,17,309,17,230594,375016,8637,99319,3.4737856163622216,0.20938577165927036
630,0.063,21,349,21,230943,374667,8658,99298,3.4705528178146654,0.20950492124945935
631,0.0631,16,354,16,231297,374313,8674,99282,3.4672737041016712,0.20963481455674152
632,0.0632,25,342,25,231639,373971,8699,99257,3.4641057467857275,0.20974456287455517
633,0.0633,16,318,16,231957,373653,8715,99241,3.4611601022638854,0.20985886900658499
634,0.0634,26,319,26,232276,373334,8741,99215,3.4582051947089556,0.20995706265382003
635,0.0635,28,343,28,232619,372991,8769,99187,3.4550279743599246,0.21006273058041672
636,0.0636,20,315,20,232934,372676,8789,99167,3.4521101189373447,0.21016948434118976
637,0.0637,27,335,27,233269,372341,8816,99140,3.449007002853014,0.2102735847255775
638,0.0638,21,279,21,233548,372062,8837,99119,3.4464226166215868,0.21036289663632446
639,0.0639,19,339,19,233887,371723,8856,99100,3.4432824484049056,0.21048249554503498
640,0.064,34,313,34,234200,371410,8890,99066,3.440383119048501,0.2105654698645627
641,0.0641,22,333,22,234533,371077,8912,99044,3.4372985290303455,0.2106776765981524
642,0.0642,24,322,24,234855,370755,8936,99020,3.434315832376153,0.2107817572242031
643,0.0643,15,318,15,235173,370437,8951,99005,3.431370187854311,0.21089932302606074
644,0.0644,24,281,24,235454,370156,8975,98981,3.4287672755567082,0.21098527722179236
645,0.0645,24,312,24,235766,369844,8999,98957,3.4258772092333913,0.21108530058596292
646,0.0646,25,365,25,236131,369479,9024,98932,3.422496202156434,0.2112076787265884
647,0.0647,24,295,24,236426,369184,9048,98908,3.4197636073956055,0.21130034266768072
648,0.0648,29,308,29,236734,368876,9077,98879,3.416910593204639,0.21139057840108605
649,0.0649,25,328,25,237062,368548,9102,98854,3.4138723183519213,0.21149674156293727
650,0.065,28,325,28,237387,368223,9130,98826,3.410861832598466,0.21159664189410532
651,0.0651,27,330,27,237717,367893,9157,98799,3.407805031679573,0.21170065053611375
652,0.0652,21,339,21,238056,367554,9178,98778,3.404664863462892,0.21181904737397392
653,0.0653,24,317,24,238373,367237,9202,98754,3.401728481974138,0.2119225478603664
654,0.0654,37,309,37,238682,366928,9239,98717,3.3988662047500835,0.21200055836527826
655,0.0655,29,339,29,239021,366589,9268,98688,3.3957260365334023,0.2121059068039039
656,0.0656,24,317,24,239338,366272,9292,98664,3.392789655044648,0.21220985253884406
657,0.0657,20,302,20,239640,365970,9312,98644,3.3899922190522065,0.21231387775658933
658,0.0658,23,355,23,239995,365615,9335,98621,3.3867038423061246,0.21243720866111201
659,0.0659,19,294,19,240289,365321,9354,98602,3.383980510578384,0.212539580921834
660,0.066,23,303,23,240592,365018,9377,98579,3.3811738115528547,0.21263942605323158
661,0.0661,27,327,27,240919,364691,9404,98552,3.378144799733225,0.21274363562968032
662,0.0662,24,342,24,241261,364349,9428,98528,3.374976842417281,0.21286000384551404
663,0.0663,27,349,27,241610,364000,9455,98501,3.371744043869725,0.2129746746493521
664,0.0664,29,317,29,241927,363683,9484,98472,3.36880766238097,0.21307137215869135
665,0.0665,24,315,24,242242,363368,9508,98448,3.3658898069583905,0.21317581027941865
666,0.0666,22,339,22,242581,363029,9530,98426,3.3627496387417097,0.21329490416183594
667,0.0667,40,333,40,242914,362696,9570,98386,3.359665048723554,0.21338070017914385
668,0.0668,32,305,32,243219,362391,9602,98354,3.35683982363185,0.21346731923298137
669,0.0669,31,282,31,243501,362109,9633,98323,3.3542276483011597,0.2135451054661709
670,0.067,21,298,21,243799,361811,9654,98302,3.3514672644410686,0.21364751702299217
671,0.0671,20,285,20,244084,361526,9674,98282,3.3488273000111155,0.21374573735124225
672,0.0672,40,347,40,244431,361179,9714,98242,3.345613027529734,0.2138387230884091
673,0.0673,34,327,34,244758,360852,9748,98208,3.3425840157101043,0.21393281923931512
674,0.0674,30,300,30,245058,360552,9778,98178,3.339805105783838,0.21402131973056046
675,0.0675,29,283,29,245341,360269,9807,98149,3.33718366742006,0.21410372193063973
676,0.0676,20,314,20,245655,359955,9827,98129,3.334275075030568,0.21421616996009465
677,0.0677,24,317,24,245972,359638,9851,98105,3.3313386935418134,0.21432332116493316
678,0.0678,15,305,15,246277,359333,9866,98090,3.3285134684501094,0.21444046320364302
679,0.0679,20,313,20,246590,359020,9886,98070,3.325614139093705,0.21455293268284145
680,0.068,27,305,27,246895,358715,9913,98043,3.322788914002001,0.21464977077577185
681,0.0681,19,286,19,247181,358429,9932,98024,3.3201396865389605,0.21475157354645494
682,0.0682,27,350,27,247531,358079,9959,97997,3.316897624958316,0.21486989010603497
683,0.0683,24,314,24,247845,357765,9983,97973,3.3139890325688244,0.21497658742523115
684,0.0684,25,313,25,248158,357452,10008,97948,3.31108970321242,0.21508124725516028
685,0.0685,24,329,24,248487,357123,10032,97924,3.3080421653266145,0.21519535344700658
686,0.0686,20,290,20,248777,356833,10052,97904,3.305355885731224,0.21529807339187265
687,0.0687,30,296,30,249073,356537,10082,97874,3.3026140279373077,0.21538651133005143
688,0.0688,33,349,33,249422,356188,10115,97841,3.2993812293897515,0.21549504547066378
689,0.0689,23,307,23,249729,355881,10138,97818,3.296537478231872,0.21560109235418196
690,0.069,23,297,23,250026,355584,10161,97795,3.2937863574048687,0.21570253584749183
691,0.0691,23,282,23,250308,355302,10184,97772,3.2911741820741782,0.21579697797710748
692,0.0692,25,311,25,250619,354991,10209,97747,3.288293378783949,0.21590191236432552
693,0.0693,21,296,21,250915,354695,10230,97726,3.285551520990033,0.21600677245309124
694,0.0694,38,286,38,251201,354409,10268,97688,3.2829022935269925,0.21607752318639584
695,0.0695,23,321,23,251522,354088,10291,97665,3.279928859905888,0.21619114870294165
696,0.0696,25,324,25,251846,353764,10316,97640,3.27692763718552,0.2163029126901844
697,0.0697,32,302,32,252148,353462,10348,97608,3.2741302011930786,0.2163921342585408
698,0.0698,16,279,16,252427,353183,10364,97592,3.271545814961651,0.21649825300870723
699,0.0699,21,294,21,252721,352889,10385,97571,3.26882248323391,0.21660302801580605
700,0.07,28,296,28,253017,352593,10413,97543,3.266080625439994,0.21669673165443332
701,0.0701,29,317,29,253334,352276,10442,97514,3.2631442439512393,0.2167989506214011
702,0.0702,23,298,23,253632,351978,10465,97491,3.260383860091148,0.21690261174852993
703,0.0703,17,294,17,253926,351684,10482,97474,3.2576605283634072,0.21701494796931148
704,0.0704,24,303,24,254229,351381,10506,97450,3.2548538293378786,0.21711958398595463
705,0.0705,32,302,32,254531,351079,10538,97418,3.252056393345437,0.21720992559593486
706,0.0706,25,289,25,254820,350790,10563,97393,3.249379376783134,0.21730632353302112
707,0.0707,22,305,22,255125,350485,10585,97371,3.24655415169143,0.21741586581401165
708,0.0708,19,298,19,255423,350187,10604,97352,3.2437937678313387,0.21752741101892795
709,0.0709,26,311,26,255734,349876,10630,97326,3.2409129645411094,0.2176331948425991
710,0.071,25,323,25,256057,349553,10655,97301,3.2379210048538294,0.21774673607039435
711,0.0711,18,330,18,256387,349223,10673,97283,3.2348642039349365,0.21787613156374158
712,0.0712,23,304,23,256691,348919,10696,97260,3.23204824187632,0.21798426192178474
713,0.0713,26,315,26,257006,348604,10722,97234,3.2291303864537406,0.2180926704318609
714,0.0714,14,287,14,257293,348317,10736,97220,3.226471895957612,0.2182085887367379
715,0.0715,27,304,27,257597,348013,10763,97193,3.223655933898996,0.21831017551425633
716,0.0716,20,300,20,257897,347713,10783,97173,3.22087702397273,0.21842224749711162
717,0.0717,35,304,35,258201,347409,10818,97138,3.218061061914113,0.21851007879931705
718,0.0718,35,268,35,258469,347141,10853,97103,3.2155785690466487,0.21858032972870764
719,0.0719,25,298,25,258767,346843,10878,97078,3.2128181851865576,0.2186830539668094
720,0.072,35,309,35,259076,346534,10913,97043,3.2099559079625033,0.21877374165026592
721,0.0721,26,318,26,259394,346216,10939,97017,3.207010263440661,0.2188848754492558
722,0.0722,17,306,17,259700,345910,10956,97000,3.2041757753158695,0.21900611862455127
723,0.0723,29,315,29,260015,345595,10985,96971,3.20125791989329,0.21911082188871264
724,0.0724,26,306,26,260321,345289,11011,96945,3.1984234317684983,0.21921652337902559
725,0.0725,28,300,28,260621,344989,11039,96917,3.195644521842232,0.2193158726063914
726,0.0726,31,314,31,260935,344675,11070,96886,3.19273592945274,0.21941702278960326
727,0.0727,27,293,27,261228,344382,11097,96859,3.190021860758087,0.21951495894533826
728,0.0728,22,285,22,261513,344097,11119,96837,3.1873818963281337,0.21961790199893863
729,0.0729,27,313,27,261826,343784,11146,96810,3.184482566971729,0.21972609704172094
730,0.073,29,321,29,262147,343463,11175,96781,3.1815091333506245,0.21983490973187597
731,0.0731,25,279,25,262426,343184,11200,96756,3.1789247471191966,0.21992999045324363
732,0.0732,24,318,24,262744,342866,11224,96732,3.1759791025973545,0.22004649702682905
733,0.0733,25,311,25,263055,342555,11249,96707,3.1730982993071253,0.2201579012070245
734,0.0734,29,279,29,263334,342276,11278,96678,3.1705139130756974,0.22024631282548968
735,0.0735,23,297,23,263631,341979,11301,96655,3.167762792248694,0.2203545552784326
736,0.0736,20,270,20,263901,341709,11321,96635,3.1652617733150543,0.22045471136824046
737,0.0737,28,282,28,264183,341427,11349,96607,3.162649597984364,0.22054680686887318
738,0.0738,23,306,23,264489,341121,11372,96584,3.1598151098595726,0.22066003358426337
739,0.0739,29,276,29,264765,340845,11401,96555,3.1572585127274073,0.22074759945130315
740,0.074,24,285,24,265050,340560,11425,96531,3.1546185482974547,0.22084874774360488
741,0.0741,27,299,27,265349,340261,11452,96504,3.151848901404276,0.22095177040284822
742,0.0742,29,294,29,265643,339967,11481,96475,3.149125569676535,0.221048844978256
743,0.0743,15,313,15,265956,339654,11496,96460,3.1462262403201304,0.22118070045905427
744,0.0744,16,282,16,266238,339372,11512,96444,3.14361406498944,0.22129522550801256
745,0.0745,27,305,27,266543,339067,11539,96417,3.140788839897736,0.22140193439942685
746,0.0746,19,303,19,266846,338764,11558,96398,3.1379821408722073,0.2215220998157008
747,0.0747,28,273,28,267119,338491,11586,96370,3.135453332839305,0.22161104352885175
748,0.0748,11,294,11,267413,338197,11597,96359,3.132730001111564,0.22174127155073226
749,0.0749,34,302,34,267715,337895,11631,96325,3.1299325651191228,0.2218345539127631
750,0.075,27,316,27,268031,337579,11658,96298,3.1270054466634556,0.22194769485361057
751,0.0751,31,276,31,268307,337303,11689,96267,3.1244488495312903,0.22203335101598357
752,0.0752,24,273,24,268580,337030,11713,96243,3.121920041498388,0.22213015812201545
753,0.0753,29,289,29,268869,336741,11742,96214,3.119243024936085,0.2222263283713088
754,0.0754,30,307,30,269176,336434,11772,96184,3.116399273778206,0.22233009259901346
755,0.0755,26,292,26,269468,336142,11798,96158,3.1136944681166403,0.22243349525792275
756,0.0756,22,294,22,269762,335848,11820,96136,3.110971136388899,0.22254527945479463
757,0.0757,38,299,38,270061,335549,11858,96098,3.1082014894957206,0.22263099245448248
758,0.0758,25,294,25,270355,335255,11883,96073,3.1054781577679798,0.22273768454633133
759,0.0759,23,265,23,270620,334990,11906,96050,3.1030234539997776,0.22283314773570898
760,0.076,27,309,27,270929,334681,11933,96023,3.1001611767757233,0.2229442958505145
761,0.0761,29,281,29,271210,334400,11962,95994,3.0975582644781205,0.22303749587587188
762,0.0762,17,276,17,271486,334124,11979,95977,3.0950016673459557,0.22314991129990397
763,0.0763,33,330,33,271816,333794,12012,95944,3.091944866427063,0.22326161521671345
764,0.0764,20,278,20,272094,333516,12032,95924,3.0893697432287226,0.2233699701937407
765,0.0765,31,269,31,272363,333247,12063,95893,3.0868779873281706,0.22345388451321246
766,0.0766,24,310,24,272673,332937,12087,95869,3.084006447071029,0.22357196494452036
767,0.0767,30,330,30,273003,332607,12117,95839,3.080949646152136,0.22368979988143198
768,0.0768,19,287,19,273290,332320,12136,95820,3.078291155656008,0.2238052973326482
769,0.0769,26,285,26,273575,332035,12162,95794,3.075651191226055,0.2239072152659123
770,0.077,32,276,32,273851,331759,12194,95762,3.0730945940938903,0.22399367516449484
771,0.0771,30,283,30,274134,331476,12224,95732,3.070473155730112,0.2240875639032977
772,0.0772,30,281,30,274415,331195,12254,95702,3.0678702434325094,0.22418054003658963
773,0.0773,28,301,28,274716,330894,12282,95674,3.0650820704731556,0.22428780405468765
774,0.0774,26,288,26,275004,330606,12308,95648,3.06241431694394,0.22439202916570872
775,0.0775,20,273,20,275277,330333,12328,95628,3.0598855089110377,0.22449942600378908
776,0.0776,33,276,33,275553,330057,12361,95595,3.057328911778873,0.22458487214907952
777,0.0777,21,326,21,275879,329731,12382,95574,3.0543091629923302,0.22471873126344624
778,0.0778,14,315,14,276194,329416,12396,95560,3.0513913075697507,0.22485975678626557
779,0.0779,21,306,21,276500,329110,12417,95539,3.048556819444959,0.2249834569256021
780,0.078,25,274,25,276774,328836,12442,95514,3.046018748378969,0.22508306822198657
781,0.0781,30,290,30,277064,328546,12472,95484,3.0433324687835785,0.22518218050609626
782,0.0782,18,297,18,277361,328249,12490,95466,3.040581347956575,0.22530710501162338
783,0.0783,24,271,24,277632,327978,12514,95442,3.0380710659898478,0.22540739691086864
784,0.0784,27,291,27,277923,327687,12541,95415,3.0353755233613695,0.22551299686600393
785,0.0785,31,255,31,278178,327432,12572,95384,3.0330134499240433,0.22559221978354652
786,0.0786,18,292,18,278470,327140,12590,95366,3.0303086442624774,0.22571513777319138
787,0.0787,24,286,24,278756,326854,12614,95342,3.0276594167994366,0.22582402486049133
788,0.0788,26,272,26,279028,326582,12640,95316,3.025139871799622,0.22592190529464468
789,0.0789,22,292,22,279320,326290,12662,95294,3.022435066138056,0.22603799005654865
790,0.079,24,291,24,279611,325999,12686,95270,3.019739523509578,0.22615003714965973
791,0.0791,25,313,25,279924,325686,12711,95245,3.0168401941531737,0.2262722393931547
792,0.0792,22,276,22,280200,325410,12733,95223,3.0142835970210085,0.22638024120789382
793,0.0793,26,268,26,280468,325142,12759,95197,3.011801104153544,0.22647672473884176
794,0.0794,18,290,18,280758,324852,12777,95179,3.009114824558153,0.22659994143289425
795,0.0795,30,313,30,281071,324539,12807,95149,3.006215495201749,0.22671365395245993
796,0.0796,25,299,25,281370,324240,12832,95124,3.00344584830857,0.2268291985005866
797,0.0797,33,312,33,281682,323928,12865,95091,3.0005557819852533,0.22693720332490888
798,0.0798,26,312,26,281994,323616,12891,95065,2.9976657156619364,0.22705830930947427
799,0.0799,29,306,29,282300,323310,12920,95036,2.9948312275371447,0.22717081076429557
800,0.08,28,292,28,282592,323018,12948,95008,2.9921264218755788,0.22727772913646518
801,0.0801,25,281,25,282873,322737,12973,94983,2.9895235095779764,0.22738437230680839
802,0.0802,21,304,21,283177,322433,12994,94962,2.9867075475193596,0.22751111057870843
803,0.0803,26,254,26,283431,322179,13020,94936,2.984354737115121,0.22760150078515518
804,0.0804,21,293,21,283724,321886,13041,94915,2.9816406684204675,0.227722582239486
805,0.0805,22,332,22,284056,321554,13063,94893,2.9785653414353996,0.22786332954733735
806,0.0806,34,306,34,284362,321248,13097,94859,2.975730853310608,0.2279678063574994
807,0.0807,27,274,27,284636,320974,13124,94832,2.973192782244618,0.22806789704814265
808,0.0808,23,308,23,284944,320666,13147,94809,2.9703397680536514,0.2281942355135688
809,0.0809,35,293,35,285237,320373,13182,94774,2.9676256993589982,0.22829022009071487
810,0.081,21,269,21,285506,320104,13203,94753,2.965133943458446,0.22839918333305212
811,0.0811,32,280,32,285786,319824,13235,94721,2.9625402941939307,0.22849389089242422
812,0.0812,20,292,20,286078,319532,13255,94701,2.959835488532365,0.22861771032245137
813,0.0813,34,258,34,286336,319274,13289,94667,2.957445625995776,0.2286968432699346
814,0.0814,27,235,27,286571,319039,13316,94640,2.9552688132202007,0.2287764184307156
815,0.0815,29,268,29,286839,318771,13345,94611,2.9527863203527365,0.22887063297385954
816,0.0816,21,269,21,287108,318502,13366,94590,2.950294564452184,0.22898046924171855
817,0.0817,28,260,28,287368,318242,13394,94562,2.94788617584942,0.22907239270937296
818,0.0818,26,298,26,287666,317944,13420,94536,2.945125791989329,0.22918929402637703
819,0.0819,21,276,21,287942,317668,13441,94515,2.942569194857164,0.22930348898426184
820,0.082,25,284,25,288226,317384,13466,94490,2.9399384934602986,0.22941482103750177
821,0.0821,25,271,25,288497,317113,13491,94465,2.9374282114935713,0.22951907050425435
822,0.0822,28,283,28,288780,316830,13519,94437,2.9348067731297935,0.22962455047450925
823,0.0823,23,280,23,289060,316550,13542,94414,2.9322131238652784,0.2297378845835645
824,0.0824,31,294,31,289354,316256,13573,94383,2.9294897921375376,0.22984421840107735
825,0.0825,20,246,20,289600,316010,13593,94363,2.927211085997999,0.2299444651573081
826,0.0826,10,263,10,289863,315747,13603,94353,2.9247749082959724,0.23007315288953914
827,0.0827,28,282,28,290145,315465,13631,94325,2.922162732965282,0.2301788721052246
828,0.0828,20,297,20,290442,315168,13651,94305,2.9194116121382785,0.23030822545076232
829,0.0829,34,299,34,290741,314869,13685,94271,2.9166419652450997,0.2304125727134966
830,0.083,25,251,25,290992,314618,13710,94246,2.9143169439401237,0.23050696564138687
831,0.0831,29,249,29,291241,314369,13739,94217,2.9120104487013228,0.23059282501113595
832,0.0832,32,287,32,291528,314082,13771,94185,2.9093519582051948,0.23069461896259066
833,0.0833,24,297,24,291825,313785,13795,94161,2.9066008373781913,0.23081731405627215
834,0.0834,22,276,22,292101,313509,13817,94139,2.904044240246026,0.23093207865609547
835,0.0835,31,255,31,292356,313254,13848,94108,2.9016821668087,0.23101811165498992
836,0.0836,30,270,30,292626,312984,13878,94078,2.89918114787506,0.23111467049245568
837,0.0837,26,275,26,292901,312709,13904,94052,2.8966338137759826,0.23122177396554733
838,0.0838,24,242,24,293143,312467,13928,94028,2.8943921597687945,0.23131403830305416
839,0.0839,26,287,26,293430,312180,13954,94002,2.8917336692726665,0.23142827599450494
840,0.084,23,267,23,293697,311913,13977,93979,2.8892604394382895,0.23153696057079223
841,0.0841,24,261,24,293958,311652,14001,93955,2.886842787802438,0.2316404795775221
842,0.0842,28,273,28,294231,311379,14029,93927,2.884313979769536,0.23174342348743912
843,0.0843,28,285,28,294516,311094,14057,93899,2.881674015339583,0.2318533900585936
844,0.0844,20,255,20,294771,310839,14077,93879,2.8793119419022566,0.23196151394304182
845,0.0845,25,250,25,295021,310589,14102,93854,2.876996183630368,0.23205742218310121
846,0.0846,41,262,41,295283,310327,14143,93813,2.874569268961429,0.23212995496610087
847,0.0847,38,272,38,295555,310055,14181,93775,2.872049723961614,0.23221405046678056
848,0.0848,34,251,34,295806,309804,14215,93741,2.869724702656638,0.23229379623090363
849,0.0849,21,282,21,296088,309522,14236,93720,2.8671125273259475,0.2324162661627509
850,0.085,25,249,25,296337,309273,14261,93695,2.8648060320871465,0.23251225903793848
851,0.0851,21,251,21,296588,309022,14282,93674,2.8624810107821705,0.23261716033931304
852,0.0852,17,235,17,296823,308787,14299,93657,2.8603041980065953,0.2327205772728628
853,0.0853,22,244,22,297067,308543,14321,93635,2.8580440179332323,0.23281979620963852
854,0.0854,31,289,31,297356,308254,14352,93604,2.855367001370929,0.232928049211413
855,0.0855,25,268,25,297624,307986,14377,93579,2.852884508503464,0.23303574763736878
856,0.0856,26,261,26,297885,307725,14403,93553,2.850466856867613,0.23313762528720738
857,0.0857,27,266,27,298151,307459,14430,93526,2.8480028900663235,0.23324064491190444
858,0.0858,35,272,35,298423,307187,14465,93491,2.8454833450665085,0.23333200225617579
859,0.0859,31,315,31,298738,306872,14496,93460,2.842565489643929,0.23345623132799775
860,0.086,23,224,23,298962,306648,14519,93437,2.840490570232317,0.23354287213967032
861,0.0861,27,257,27,299219,306391,14546,93410,2.8381099707288153,0.2336412365151663
862,0.0862,26,249,26,299468,306142,14572,93384,2.8358034754900143,0.23373697831930837
863,0.0863,23,239,23,299707,305903,14595,93361,2.833589610582089,0.23383275226416605
864,0.0864,28,264,28,299971,305639,14623,93333,2.831144169846975,0.23393370963375876
865,0.0865,30,272,30,300243,305367,14653,93303,2.82862462484716,0.23403566859808864
866,0.0866,27,276,27,300519,305091,14680,93276,2.826068027714995,0.2341459006393602
867,0.0867,29,291,29,300810,304800,14709,93247,2.8233724850865167,0.23426128070303257
868,0.0868,24,259,24,301069,304541,14733,93223,2.8209733595168403,0.23436761496766928
869,0.0869,15,244,15,301313,304297,14748,93208,2.8187131794434768,0.23448258512471543
870,0.087,27,264,27,301577,304033,14775,93181,2.8162677387083628,0.2345863942358527
871,0.0871,25,254,25,301831,303779,14800,93156,2.813914928304124,0.23468829909179084
872,0.0872,33,276,33,302107,303503,14833,93123,2.811358331171959,0.23478793624220298
873,0.0873,19,260,19,302367,303243,14852,93104,2.808949942569195,0.2349052724001948
874,0.0874,29,269,29,302636,302974,14881,93075,2.806458186668643,0.23500879941623384
875,0.0875,13,258,13,302894,302716,14894,93062,2.8040683241320536,0.23513686965925343
876,0.0876,38,279,38,303173,302437,14932,93024,2.801483937900626,0.23522926407408062
877,0.0877,35,271,35,303444,302166,14967,92989,2.798973655933899,0.23532284799635586
878,0.0878,20,239,20,303683,301927,14987,92969,2.7967597910259734,0.2354265426846562
879,0.0879,28,271,28,303954,301656,15015,92941,2.7942495090592465,0.23553397516960342
880,0.088,24,269,24,304223,301387,15039,92917,2.791757753158694,0.23564812936211654
881,0.0881,17,278,17,304501,301109,15056,92900,2.7891826299603544,0.23578141616054454
882,0.0882,25,269,25,304770,300840,15081,92875,2.786690874059802,0.2358939842271694
883,0.0883,26,258,26,305028,300582,15107,92849,2.784301011523213,0.23599818011290416
884,0.0884,25,252,25,305280,300330,15132,92824,2.7819667271851496,0.23610086632718985
885,0.0885,28,253,28,305533,300077,15160,92796,2.7796231798139983,0.23619846617100182
886,0.0886,28,233,28,305766,299844,15188,92768,2.777464893104598,0.2362841685939299
887,0.0887,23,258,23,306024,299586,15211,92745,2.775075030568009,0.23639477889843016
888,0.0888,21,276,21,306300,299310,15232,92724,2.7725184334358444,0.23652030181055725
889,0.0889,26,273,26,306573,299037,15258,92698,2.769989625402942,0.23663445951982845
890,0.089,37,263,37,306836,298774,15295,92661,2.7675534477009154,0.23672129472326184
891,0.0891,20,289,20,307125,298485,15315,92641,2.764876431138612,0.23685717645975976
892,0.0892,25,231,25,307356,298254,15340,92616,2.762736670495387,0.23694834599739042
893,0.0893,28,255,28,307611,297999,15368,92588,2.760374597058061,0.2370483400625213
894,0.0894,25,247,25,307858,297752,15393,92563,2.758086627885435,0.23714948182877932
895,0.0895,19,262,19,308120,297490,15412,92544,2.7556597132164957,0.23727162247393818
896,0.0896,23,258,23,308378,297232,15435,92521,2.7532698506799065,0.2373836763283413
897,0.0897,32,270,32,308648,296962,15467,92489,2.750768831746267,0.23748558868766545
898,0.0898,18,245,18,308893,296717,15485,92471,2.748499388639816,0.23759982322168208
899,0.0899,22,253,22,309146,296464,15507,92449,2.746155841268665,0.2377112619017621
900,0.09,25,271,25,309417,296193,15532,92424,2.743645559301938,0.23782799002616972
901,0.0901,24,281,24,309698,295912,15556,92400,2.741042647004335,0.23795298625847258
902,0.0902,24,265,24,309963,295647,15580,92376,2.738587943236133,0.23806836192699918
903,0.0903,37,274,37,310237,295373,15617,92339,2.736049872170143,0.2381638948497854
904,0.0904,28,255,28,310492,295118,15645,92311,2.733687798732817,0.23826559188909452
905,0.0905,21,258,21,310750,294860,15666,92290,2.731297936196228,0.23838305566317963
906,0.0906,33,220,33,310970,294640,15699,92257,2.7292600689169664,0.23845364528543772
907,0.0907,28,262,28,311232,294378,15727,92229,2.726833154248027,0.23856008815153373
908,0.0908,29,227,29,311459,294151,15756,92200,2.724730445737152,0.23864309915077223
909,0.0909,23,259,23,311718,293892,15779,92177,2.7223313201674757,0.2387578386247018
910,0.091,34,301,34,312019,293591,15813,92143,2.719543147208122,0.23887704998781545
911,0.0911,34,269,34,312288,293322,15847,92109,2.7170513913075696,0.23897662616655121
912,0.0912,23,241,23,312529,293081,15870,92086,2.714819000333469,0.23908071044507967
913,0.0913,21,231,21,312760,292850,15891,92065,2.712679239690244,0.2391826766948547
914,0.0914,21,251,21,313011,292599,15912,92044,2.7103542183852682,0.2392972184597146
915,0.0915,21,266,21,313277,292333,15933,92023,2.7078902515839784,0.23942126570158914
916,0.0916,25,249,25,313526,292084,15958,91998,2.7055837563451774,0.23952697601033113
917,0.0917,19,208,19,313734,291876,15977,91979,2.7036570454629665,0.2396191270141069
918,0.0918,29,234,29,313968,291642,16006,91950,2.701489495720479,0.23970781455296253
919,0.0919,26,249,26,314217,291393,16032,91924,2.699183000481678,0.2398119572051331
920,0.092,25,235,25,314452,291158,16057,91899,2.6970061877061027,0.23990946517097977
921,0.0921,29,255,29,314707,290903,16086,91870,2.694644114268776,0.24001170406481126
922,0.0922,27,255,27,314962,290648,16113,91843,2.69228204083145,0.24011806813755096
923,0.0923,28,235,28,315197,290413,16141,91815,2.6901052280558746,0.24021003170882302
924,0.0924,26,208,26,315405,290205,16167,91789,2.688178517173663,0.24028911448870924
925,0.0925,25,247,25,315652,289958,16192,91764,2.6858905480010375,0.2403948423198034
926,0.0926,31,251,31,315903,289707,16223,91733,2.683565526696061,0.2404912961409396
927,0.0927,37,237,37,316140,289470,16260,91696,2.681370187854311,0.24056710199755488
928,0.0928,22,234,22,316374,289236,16282,91674,2.6792026381118235,0.24067102465149248
929,0.0929,19,283,19,316657,288953,16301,91655,2.6765811997480453,0.24081206911047587
930,0.093,24,261,24,316918,288692,16325,91631,2.674163548112194,0.24092942051887475
931,0.0931,34,272,34,317190,288420,16359,91597,2.671644003112379,0.2410339537441746
932,0.0932,27,248,27,317438,288172,16386,91570,2.6693467709066656,0.24113740381627527
933,0.0933,18,259,18,317697,287913,16404,91552,2.666947645336989,0.24126599291107217
934,0.0934,21,245,21,317942,287668,16425,91531,2.6646782022305384,0.24137985595953576
935,0.0935,27,229,27,318171,287439,16452,91504,2.6625569676534884,0.24147167252066934
936,0.0936,27,244,27,318415,287195,16479,91477,2.6602967875801253,0.2415731820678582
937,0.0937,20,261,20,318676,286934,16499,91457,2.6578791359442735,0.241699723302087
938,0.0938,33,227,33,318903,286707,16532,91424,2.655776427433399,0.241778642851287
939,0.0939,21,269,21,319172,286438,16553,91403,2.653284671532847,0.24190863352574232
940,0.094,22,254,22,319426,286184,16575,91381,2.650931861128608,0.24202720061446373
941,0.0941,24,257,24,319683,285927,16599,91357,2.6485512616251063,0.24214384919583126
942,0.0942,19,251,19,319934,285676,16618,91338,2.6462262403201304,0.24226686542144324
943,0.0943,30,243,30,320177,285433,16648,91308,2.6439753232798546,0.24236279035199249
944,0.0944,31,262,31,320439,285171,16679,91277,2.6415484086109156,0.2424690793947637
945,0.0945,32,255,32,320694,284916,16711,91245,2.6391863351735894,0.24256900635632084
946,0.0946,27,222,27,320916,284694,16738,91218,2.637129941828152,0.24265785609397944
947,0.0947,34,243,34,321159,284451,16772,91184,2.6348790247878764,0.24274628296085296
948,0.0948,31,214,31,321373,284237,16803,91153,2.63289673570714,0.24282213164975092
949,0.0949,28,227,28,321600,284010,16831,91125,2.630794027196265,0.24291255148146668
950,0.095,37,269,37,321869,283741,16868,91088,2.628302271295713,0.2430121468723071
951,0.0951,27,243,27,322112,283498,16895,91061,2.6260513542554373,0.24311523685187114
952,0.0952,21,227,21,322339,283271,16916,91040,2.6239486457445627,0.24322020993238244
953,0.0953,27,260,27,322599,283011,16943,91013,2.6215402571417985,0.24333465232177615
954,0.0954,34,255,34,322854,282756,16977,90979,2.6191781837044723,0.24343184341846497
955,0.0955,27,242,27,323096,282514,17004,90952,2.616936529697284,0.2435348867099013
956,0.0956,23,243,23,323339,282271,17027,90929,2.6146856126570084,0.24364683815648447
957,0.0957,39,204,39,323543,282067,17066,90890,2.6127959539071473,0.2437010164710677
958,0.0958,25,263,25,323806,281804,17091,90865,2.6103597762051205,0.2438222658713228
959,0.0959,29,243,29,324049,281561,17120,90836,2.608108859164845,0.2439224805785224
960,0.096,24,235,24,324284,281326,17144,90812,2.60593204638927,0.24402775314533856
961,0.0961,24,237,24,324521,281089,17168,90788,2.6037367075475193,0.24413448532713775
962,0.0962,19,227,19,324748,280862,17187,90769,2.6016339990366446,0.2442449634180141
963,0.0963,28,239,28,324987,280623,17215,90741,2.599420134128719,0.24434517077584256
964,0.0964,34,219,34,325206,280404,17249,90707,2.597391529882545,0.24442013305992008
965,0.0965,32,229,32,325435,280175,17281,90675,2.595270295305495,0.2445058649049481
966,0.0966,26,220,26,325655,279955,17307,90649,2.593232428026233,0.24459800757682054
967,0.0967,28,236,28,325891,279719,17335,90621,2.59104635221757,0.24469676513474106
968,0.0968,20,230,20,326121,279489,17355,90601,2.5889158546074325,0.24480801967089086
969,0.0969,24,269,24,326390,279220,17379,90577,2.5864240987068805,0.24493708710454654
970,0.097,41,237,41,326627,278983,17420,90536,2.5842287598651303,0.2450104054189365
971,0.0971,29,258,29,326885,278725,17449,90507,2.581838897328541,0.24512230792564024
972,0.0972,16,239,16,327124,278486,17465,90491,2.579625032420616,0.24524834881306964
973,0.0973,23,268,23,327392,278218,17488,90468,2.5771425395531513,0.24537953705863527
974,0.0974,33,225,33,327617,277993,17521,90435,2.5750583571084515,0.24546179986320257
975,0.0975,23,240,23,327857,277753,17544,90412,2.572835229167439,0.2455746743987071
976,0.0976,27,245,27,328102,277508,17571,90385,2.5705657860609876,0.24568284800200058
977,0.0977,19,225,19,328327,277283,17590,90366,2.5684816036162883,0.24579422220650676
978,0.0978,30,242,30,328569,277041,17620,90336,2.5662399496091,0.2458945442964584
979,0.0979,24,223,24,328792,276818,17644,90312,2.5641742932305753,0.24599460681502466
980,0.098,33,235,33,329027,276583,17677,90279,2.561997480455,0.24608435869618547
981,0.0981,39,242,39,329269,276341,17716,90240,2.559755826447812,0.2461666043793868
982,0.0982,20,210,20,329479,276131,17736,90220,2.5578105894994256,0.24626655857360838
983,0.0983,24,229,24,329708,275902,17760,90196,2.5556893549223756,0.24637119022775322
984,0.0984,24,228,24,329936,275674,17784,90172,2.5535773833784132,0.24647529288279768
985,0.0985,19,223,19,330159,275451,17803,90153,2.551511726999889,0.24658647060754257
986,0.0986,42,237,42,330396,275214,17845,90111,2.5493163881581387,0.24665982344487786
987,0.0987,27,221,27,330617,274993,17872,90084,2.547269257845789,0.24675342462001168
988,0.0988,23,208,23,330825,274785,17895,90061,2.5453425469635778,0.24684661473608044
989,0.0989,22,238,22,331063,274547,17917,90039,2.54313794508874,0.2469623079328334
990,0.099,27,272,27,331335,274275,17944,90012,2.540618400088925,0.24709089262037898
991,0.0991,21,221,21,331556,274054,17965,89991,2.5385712697765754,0.24719746185224353
992,0.0992,32,247,32,331803,273807,17997,89959,2.53628330060395,0.2472990878751725
993,0.0993,24,221,24,332024,273586,18021,89935,2.5342361702916003,0.24739973756674305
994,0.0994,26,241,26,332265,273345,18047,89909,2.5320037793175,0.24751000677212087
995,0.0995,38,226,38,332491,273119,18085,89871,2.5299103338397124,0.2475853329292818
996,0.0996,21,232,21,332723,272887,18106,89850,2.5277613101633998,0.24770012433250538
997,0.0997,29,237,29,332960,272650,18135,89821,2.5255659713216496,0.2478018931169666
998,0.0998,28,226,28,333186,272424,18163,89793,2.523472525843862,0.24789835927082385
999,0.0999,17,243,17,333429,272181,18180,89776,2.521221608803587,0.24802946206317325
1000,0.1,23,257,23,333686,271924,18203,89753,2.5188410093000853,0.24815788673319011
1001,0.1001,21,231,21,333917,271693,18224,89732,2.5167012486568603,0.24827280901985196
1002,0.1002,30,257,30,334174,271436,18254,89702,2.5143206491533587,0.24838704318016935
1003,0.1003,32,225,32,334399,271211,18286,89670,2.512236466708659,0.2484752591574508
1004,0.1004,18,219,18,334618,270992,18304,89652,2.510207862462485,0.24858863588469515
1005,0.1005,26,231,26,334849,270761,18330,89626,2.50806810181926,0.2486937653133992
1006,0.1006,26,250,26,335099,270511,18356,89600,2.505752343547371,0.24881217180258308
1007,0.1007,29,223,29,335322,270288,18385,89571,2.5036866871688463,0.24890582144673332
1008,0.1008,29,226,29,335548,270062,18414,89542,2.5015932416910593,0.24900167962536568
1009,0.1009,29,219,29,335767,269843,18443,89513,2.4995646374448848,0.24909282160308996
1010,0.101,22,228,22,335995,269615,18465,89491,2.4974526659009224,0.24920497012024304
1011,0.1011,24,208,24,336203,269407,18489,89467,2.4955259550187114,0.24929919693262817
1012,0.1012,29,252,29,336455,269155,18518,89438,2.493191670680648,0.24941368069092257
1013,0.1013,29,218,29,336673,268937,18547,89409,2.491172329467561,0.24950466867217716
1014,0.1014,28,236,28,336909,268701,18575,89381,2.488986253658898,0.24961042442792433
1015,0.1015,24,237,24,337146,268464,18599,89357,2.486790914817148,0.24972542136990283
1016,0.1016,21,239,21,337385,268225,18620,89336,2.4845770499092223,0.24984827763654313
1017,0.1017,27,237,27,337622,267988,18647,89309,2.4823817110674717,0.24995731842136934
1018,0.1018,29,244,29,337866,267744,18676,89280,2.4801215309941087,0.2500672223716053
1019,0.1019,37,226,37,338092,267518,18713,89243,2.4780280855163213,0.25014785808986967
1020,0.102,30,240,30,338332,267278,18743,89213,2.4758049575753085,0.25025316207141274
1021,0.1021,39,214,39,338546,267064,18782,89174,2.473822668494572,0.2503214143353601
1022,0.1022,33,240,33,338786,266824,18815,89141,2.4715995405535587,0.2504206874271347
1023,0.1023,23,220,23,339006,266604,18838,89118,2.469561673274297,0.2505270970027156
1024,0.1024,29,255,29,339261,266349,18867,89089,2.4671995998369707,0.2506456822286869
1025,0.1025,30,242,30,339503,266107,18897,89059,2.4649579458297826,0.2507531689407207
1026,0.1026,25,231,25,339734,265876,18922,89034,2.4628181851865576,0.2508635992223381
1027,0.1027,21,234,21,339968,265642,18943,89013,2.4606506354440696,0.25098475983702473
1028,0.1028,28,223,28,340191,265419,18971,88985,2.458584979065545,0.2510835092154716
1029,0.1029,34,222,34,340413,265197,19005,88951,2.456528585720108,0.2511690027897941
1030,0.103,21,209,21,340622,264988,19026,88930,2.4545926118048094,0.2512728937211444
1031,0.1031,32,222,32,340844,264766,19058,88898,2.452536218459372,0.25136287549764746
1032,0.1032,24,215,24,341059,264551,19082,88874,2.4505446663455484,0.2514649501308623
1033,0.1033,26,225,26,341284,264326,19108,88848,2.4484604839008486,0.25157004762524987
1034,0.1034,30,242,30,341526,264084,19138,88818,2.4462188298936605,0.25167893636193617
1035,0.1035,37,211,37,341737,263873,19175,88781,2.4442643299121865,0.25175100807023315
1036,0.1036,25,228,25,341965,263645,19200,88756,2.442152358368224,0.25186080629737145
1037,0.1037,30,226,30,342191,263419,19230,88726,2.4400589128904366,0.2519587101904045
1038,0.1038,24,230,24,342421,263189,19254,88702,2.4379284152802994,0.2520723746842062
1039,0.1039,28,203,28,342624,262986,19282,88674,2.436048019563526,0.25215833475516125
1040,0.104,34,215,34,342839,262771,19316,88640,2.4340564674497016,0.2522402542891372
1041,0.1041,34,224,34,343063,262547,19350,88606,2.4319815480380895,0.25232875698057544
1042,0.1042,33,216,33,343279,262331,19383,88573,2.429980732891178,0.2524137655883091
1043,0.1043,22,236,22,343515,262095,19405,88551,2.427794657082515,0.252536746462244
1044,0.1044,28,232,28,343747,261863,19433,88523,2.4256456334062024,0.2526442266528914
1045,0.1045,31,233,31,343980,261630,19464,88492,2.4234873466968025,0.2527461856152998
1046,0.1046,31,196,31,344176,261434,19495,88461,2.421671792211642,0.25282156075394047
1047,0.1047,20,233,20,344409,261201,19515,88441,2.4195135055022416,0.2529473003815331
1048,0.1048,26,218,26,344627,260983,19541,88415,2.4174941642891548,0.25304953090744653
1049,0.1049,34,219,34,344846,260764,19575,88381,2.4154655600429806,0.25313551676237667
1050,0.105,28,218,28,345064,260546,19603,88353,2.4134462188298937,0.2532337438628371
1051,0.1051,26,213,26,345277,260333,19629,88327,2.411473192782245,0.25333275970859864
1052,0.1052,23,225,23,345502,260108,19652,88304,2.409389010337545,0.25344706841325787
1053,0.1053,32,213,32,345715,259895,19684,88272,2.4074159842898957,0.25353350547294834
1054,0.1054,25,215,25,345930,259680,19709,88247,2.405424432176072,0.2536365386992099
1055,0.1055,26,227,26,346157,259453,19735,88221,2.403321723665197,0.25374632558086024
1056,0.1056,23,206,23,346363,259247,19758,88198,2.4014135388491606,0.25384737152642867
1057,0.1057,26,208,26,346571,259039,19784,88172,2.3994868279669497,0.2539435674561002
1058,0.1058,34,209,34,346780,258830,19818,88138,2.3975508540516506,0.25402342579142745
1059,0.1059,24,225,24,347005,258605,19842,88114,2.395466671606951,0.25413663514257945
1060,0.106,30,219,30,347224,258386,19872,88084,2.3934380673607767,0.25423268969896384
1061,0.1061,33,197,33,347421,258189,19905,88051,2.3916132498425284,0.2543062615526802
1062,0.1062,38,216,38,347637,257973,19943,88013,2.389612434695617,0.25438312532877055
1063,0.1063,30,215,30,347852,257758,19973,87983,2.3876208825817926,0.25447661688952133
1064,0.1064,23,219,23,348071,257539,19996,87960,2.385592278335618,0.25458829113832454
1065,0.1065,31,225,31,348296,257314,20027,87929,2.3835080958909187,0.2546872782359092
1066,0.1066,23,217,23,348513,257097,20050,87906,2.381498017710919,0.25479778436709244
1067,0.1067,34,223,34,348736,256874,20084,87872,2.3794323613323947,0.25488910676266
1068,0.1068,27,211,27,348947,256663,20111,87845,2.3774778613509207,0.25498682178643167
1069,0.1069,34,232,34,349179,256431,20145,87811,2.375328837674608,0.25508508549218284
1070,0.107,33,203,33,349382,256228,20178,87778,2.3734484419578346,0.25516415411359106
1071,0.1071,34,214,34,349596,256014,20212,87744,2.371466152877098,0.25524933237917374
1072,0.1072,30,192,30,349788,255822,20242,87714,2.3696876505242876,0.25532695263378513
1073,0.1073,24,197,24,349985,255625,20266,87690,2.3678628330060394,0.25542140599740765
1074,0.1074,21,193,21,350178,255432,20287,87669,2.3660750676201414,0.2555195117472698
1075,0.1075,32,252,32,350430,255180,20319,87637,2.363740783282078,0.2556378475979896
1076,0.1076,25,190,25,350620,254990,20344,87612,2.3619808069954424,0.25572530224575457
1077,0.1077,29,226,29,350846,254764,20373,87583,2.3598873615176554,0.25583107198252064
1078,0.1078,25,209,25,351055,254555,20398,87558,2.3579513876023563,0.25593298120796343
1079,0.1079,32,239,32,351294,254316,20430,87526,2.3557375226944313,0.2560422651400355
1080,0.108,23,210,23,351504,254106,20453,87503,2.3537922857460445,0.256149574513552
1081,0.1081,23,224,23,351728,253882,20476,87480,2.3517173663344324,0.2562675400308177
1082,0.1082,31,212,31,351940,253670,20507,87449,2.349753603319871,0.25635921775099013
1083,0.1083,35,215,35,352155,253455,20542,87414,2.347762051206047,0.2564445578800067
1084,0.1084,33,226,33,352381,253229,20575,87381,2.34566860572826,0.25654267343883036
1085,0.1085,33,210,33,352591,253019,20608,87348,2.343723368779873,0.2566288741270452
1086,0.1086,26,218,26,352809,252801,20634,87322,2.3417040275667866,0.25673653354815756
1087,0.1087,21,241,21,353050,252560,20655,87301,2.3394716365926858,0.2568726626473764
1088,0.1088,37,211,37,353261,252349,20692,87264,2.337517136611212,0.25695129456175114
1089,0.1089,22,223,22,353484,252126,20714,87242,2.3354514802326873,0.2570719690719219
1090,0.109,17,206,17,353690,251920,20731,87225,2.3335432954166513,0.2571908770584853
1091,0.1091,33,194,33,353884,251726,20764,87192,2.3317462669976656,0.2572657693011289
1092,0.1092,30,203,30,354087,251523,20794,87162,2.329865871280892,0.2573541786615882
1093,0.1093,35,220,35,354307,251303,20829,87127,2.3278280040016304,0.257444670980705
1094,0.1094,24,227,24,354534,251076,20853,87103,2.3257252954907557,0.2575647807817753
1095,0.1095,31,202,31,354736,250874,20884,87072,2.3238541628070695,0.2576506305741154
1096,0.1096,24,258,24,354994,250616,20908,87048,2.3214643002704807,0.2577947308567096
1097,0.1097,31,213,31,355207,250403,20939,87017,2.3194912742228317,0.2578892774583605
1098,0.1098,20,218,20,355425,250185,20959,86997,2.317471933009745,0.2580119935227859
1099,0.1099,37,202,37,355627,249983,20996,86960,2.3156008003260586,0.2580851954188097
1100,0.11,27,210,27,355837,249773,21023,86933,2.3136555633776723,0.258186667300256
1101,0.1101,26,250,26,356087,249523,21049,86907,2.3113398051057836,0.2583211960883393
1102,0.1102,31,217,31,356304,249306,21080,86876,2.3093297269257844,0.25841954655513977
1103,0.1103,21,189,21,356493,249117,21101,86855,2.3075790136722367,0.25851856702344245
1104,0.1104,30,211,30,356704,248906,21131,86825,2.3056245136907627,0.2586147838596972
1105,0.1105,29,213,29,356917,248693,21160,86796,2.303651487643114,0.2587148908011887
1106,0.1106,42,230,42,357147,248463,21202,86754,2.3015209900329765,0.2587995238904948
1107,0.1107,29,209,29,357356,248254,21231,86725,2.2995850161176774,0.2588968263682201
1108,0.1108,25,208,25,357564,248046,21256,86700,2.2976583052354664,0.2590023480489685
1109,0.1109,27,216,27,357780,247830,21283,86673,2.2956574900885545,0.25910978376875543
1110,0.111,26,212,26,357992,247618,21309,86647,2.293693727073993,0.2592164899106996
1111,0.1111,36,238,36,358230,247380,21345,86611,2.2914891251991554,0.25932135895877434
1112,0.1112,22,200,22,358430,247180,21367,86589,2.2896365185816445,0.25942792769849804
1113,0.1113,29,192,29,358622,246988,21396,86560,2.287858016228834,0.2595128737093312
1114,0.1114,13,198,13,358820,246790,21409,86547,2.2860239356774983,0.25963814398041624
1115,0.1115,35,202,35,359022,246588,21444,86512,2.2841528029938125,0.2597178024617232
1116,0.1116,34,219,34,359241,246369,21478,86478,2.282124198747638,0.25981306726513986
1117,0.1117,30,196,30,359437,246173,21508,86448,2.2803086442624774,0.259899405028546
1118,0.1118,27,214,27,359651,245959,21535,86421,2.2783263551817408,0.2600066189301402
1119,0.1119,27,206,27,359857,245753,21562,86394,2.2764181703657047,0.26010772338753624
1120,0.112,16,200,16,360057,245553,21578,86378,2.274565563748194,0.2602287824879267
1121,0.1121,26,226,26,360283,245327,21604,86352,2.2724721182704064,0.2603481076583082
1122,0.1122,31,214,31,360497,245113,21635,86321,2.27048982918967,0.260447027160762
1123,0.1123,39,214,39,360711,244899,21674,86282,2.268507540108933,0.2605282307861864
1124,0.1124,31,222,31,360933,244677,21705,86251,2.2664511467634965,0.26063373301745396
1125,0.1125,35,194,35,361127,244483,21740,86216,2.264654118344511,0.26070837831381405
1126,0.1126,28,211,28,361338,244272,21768,86188,2.262699618363037,0.2608122011741209
1127,0.1127,26,199,26,361537,244073,21794,86162,2.2608562747786136,0.2609111693188184
1128,0.1128,30,212,30,361749,243861,21824,86132,2.258892511764052,0.2610115972156985
1129,0.1129,28,225,28,361974,243636,21852,86104,2.256808329319352,0.26112694850488266
1130,0.113,28,205,28,362179,243431,21880,86076,2.254909407536404,0.26122662037528793
1131,0.1131,32,209,32,362388,243222,21912,86044,2.2529734336211047,0.26132063438071346
1132,0.1132,26,210,26,362598,243012,21938,86018,2.2510281966727184,0.26142904902288544
1133,0.1133,24,180,24,362778,242832,21962,85994,2.249360850716959,0.2615182497734364
1134,0.1134,20,229,20,363007,242603,21982,85974,2.247239616139909,0.2616555632317539
1135,0.1135,25,195,25,363202,242408,22007,85949,2.245433324687836,0.2617547364606206
1136,0.1136,28,192,28,363394,242216,22035,85921,2.2436548223350252,0.2618449001484136
1137,0.1137,27,206,27,363600,242010,22062,85894,2.241746637518989,0.26194861910803163
1138,0.1138,37,209,37,363809,241801,22099,85857,2.2398106636036905,0.2620323630126534
1139,0.1139,23,198,23,364007,241603,22122,85834,2.2379765830523546,0.26213897635270295
1140,0.114,21,230,21,364237,241373,22143,85813,2.2358460854422173,0.26227589200026896
1141,0.1141,41,225,41,364462,241148,22184,85772,2.2337619029975175,0.26236388107182185
1142,0.1142,27,230,27,364692,240918,22211,85745,2.2316314053873803,0.2624876401673896
1143,0.1143,25,216,25,364908,240702,22236,85720,2.2296305902404683,0.26260484893787794
1144,0.1144,28,190,28,365098,240512,22264,85692,2.227870613953833,0.26269451018381135
1145,0.1145,28,199,28,365297,240313,22292,85664,2.2260272703694097,0.2627915466428613
1146,0.1146,20,196,20,365493,240117,22312,85644,2.224211715884249,0.26290439923747777
1147,0.1147,25,211,25,365704,239906,22337,85619,2.222257215902775,0.2630182013670225
1148,0.1148,34,192,34,365896,239714,22371,85585,2.220478713549965,0.26309641283865
1149,0.1149,25,185,25,366081,239529,22396,85560,2.2187650524287674,0.26318946503880475
1150,0.115,31,176,31,366257,239353,22427,85529,2.217134758605358,0.26326173810799
1151,0.1151,23,190,23,366447,239163,22450,85506,2.2153747823187224,0.2633636103231291
1152,0.1152,30,214,30,366661,238949,22480,85476,2.213392493237986,0.2634692147645835
1153,0.1153,33,204,33,366865,238745,22513,85443,2.2115028344881247,0.2635600330672326
1154,0.1154,18,217,18,367082,238528,22531,85425,2.2094927563081255,0.2636956595555528
1155,0.1155,31,188,31,367270,238340,22562,85394,2.2077513060876655,0.2637782871122588
1156,0.1156,25,209,25,367479,238131,22587,85369,2.2058153321723664,0.2638918083462133
1157,0.1157,33,207,33,367686,237924,22620,85336,2.2038978843232426,0.26398564622904164
1158,0.1158,24,182,24,367868,237742,22644,85312,2.202212012301308,0.264079689463681
1159,0.1159,21,198,21,368066,237544,22665,85291,2.2003779317499723,0.26419378320194525
1160,0.116,23,207,23,368273,237337,22688,85268,2.1984604839008486,0.2643108445312379
1161,0.1161,28,214,28,368487,237123,22716,85240,2.196478194820112,0.26442240579719134
1162,0.1162,22,176,22,368663,236947,22738,85218,2.1948479009967024,0.26451662967733924
1163,0.1163,24,199,24,368862,236748,22762,85194,2.193004557412279,0.26462530517919375
1164,0.1164,35,204,35,369066,236544,22797,85159,2.191114898662418,0.26471310494462286
1165,0.1165,39,204,39,369270,236340,22836,85120,2.189225239912557,0.26479188701549183
1166,0.1166,28,187,28,369457,236153,22864,85092,2.187493052725184,0.2648819436878395
1167,0.1167,34,227,34,369684,235926,22898,85058,2.1853903442143094,0.26499140144057026
1168,0.1168,27,203,27,369887,235723,22925,85031,2.183509948497536,0.2650972396291239
1169,0.1169,30,192,30,370079,235531,22955,85001,2.1817314461447257,0.2651872511948885
1170,0.117,36,176,36,370255,235355,22991,84965,2.180101152321316,0.26525037462537465
1171,0.1171,24,171,24,370426,235184,23015,84941,2.1785171736633444,0.26533697774306914
1172,0.1172,30,210,30,370636,234974,23045,84911,2.176571936714958,0.26544226831517576
1173,0.1173,26,206,26,370842,234768,23071,84885,2.1746637518989216,0.26555358466837475
1174,0.1174,28,195,28,371037,234573,23099,84857,2.1728574604468487,0.26565131640735057
1175,0.1175,25,191,25,371228,234382,23124,84832,2.171088221127126,0.2657527552049722
1176,0.1176,34,194,34,371422,234188,23158,84798,2.1692911927081404,0.26583611819954484
1177,0.1177,36,209,36,371631,233979,23194,84762,2.1673552187928413,0.26592750854141767
1178,0.1178,28,193,28,371824,233786,23222,84734,2.165567453406944,0.2660241115157604
1179,0.1179,34,205,34,372029,233581,23256,84700,2.163668531623995,0.26611704751461757
1180,0.118,26,181,26,372210,233400,23282,84674,2.161991922635148,0.26620849236341226
1181,0.1181,23,218,23,372428,233182,23305,84651,2.159972581422061,0.2663379825254143
1182,0.1182,29,191,29,372619,232991,23334,84622,2.158203342102338,0.2664311599336299
1183,0.1183,33,202,33,372821,232789,23367,84589,2.156332209418652,0.2665244597924242
1184,0.1184,39,183,39,373004,232606,23406,84550,2.1546370743636296,0.2665880513059819
1185,0.1185,38,199,38,373203,232407,23444,84512,2.1527937307792064,0.2666675081014392
1186,0.1186,27,176,27,373379,232231,23471,84485,2.151163436955797,0.26675317950466665
1187,0.1187,26,179,26,373558,232052,23497,84459,2.1495053540331246,0.26684380637639765
1188,0.1188,32,188,32,373746,231864,23529,84427,2.1477639038126646,0.26692824013329497
1189,0.1189,29,183,29,373929,231681,23558,84398,2.146068768757642,0.2670155245998627
1190,0.119,23,199,23,374128,231482,23581,84375,2.144225425173219,0.26713037862070493
1191,0.1191,25,209,25,374337,231273,23606,84350,2.14228945125792,0.2672492182128679
1192,0.1192,38,222,38,374559,231051,23644,84312,2.140233057912483,0.26734905489864064
1193,0.1193,27,231,27,374790,230820,23671,84285,2.1380932972692577,0.26748226781549006
1194,0.1194,24,204,24,374994,230616,23695,84261,2.136203638519397,0.26759972941815374
1195,0.1195,21,171,21,375165,230445,23716,84240,2.134619659861425,0.2676962676962677
1196,0.1196,26,201,26,375366,230244,23742,84214,2.132757790210827,0.2678068295289037
1197,0.1197,25,204,25,375570,230040,23767,84189,2.1308681314609657,0.2679224387309892
1198,0.1198,26,193,26,375763,229847,23793,84163,2.1290803660750677,0.2680264959714659
1199,0.1199,30,207,30,375970,229640,23823,84133,2.127162918225944,0.2681333320585264
1200,0.12,32,199,32,376169,229441,23855,84101,2.1253195746415208,0.2682288178298282
1201,0.1201,20,199,20,376368,229242,23875,84081,2.123476231057097,0.26835246694305875
1202,0.1202,22,212,22,376580,229030,23897,84059,2.121512468042536,0.26848276368700275
1203,0.1203,34,194,34,376774,228836,23931,84025,2.1197154396235502,0.26856974822684837
1204,0.1204,38,186,38,376960,228650,23969,83987,2.117992515469265,0.2686406279487073
1205,0.1205,27,192,27,377152,228458,23996,83960,2.116214013116455,0.2687425180367328
1206,0.1206,33,191,33,377343,228267,24029,83927,2.114444773796732,0.2688296379815115
1207,0.1207,34,198,34,377541,228069,24063,83893,2.1126106932453963,0.2689205736596124
1208,0.1208,22,200,22,377741,227869,24085,83871,2.1107580866278854,0.2690415089497658
1209,0.1209,26,199,26,377940,227670,24111,83845,2.1089147430434623,0.26915236826477057
1210,0.121,25,232,25,378172,227438,24136,83820,2.1067657193671496,0.26929428319914667
1211,0.1211,26,204,26,378376,227234,24162,83794,2.1048760606172885,0.2694098280540659
1212,0.1212,22,181,22,378557,227053,24184,83772,2.1031994516284414,0.26951500040215554
1213,0.1213,27,189,27,378746,226864,24211,83745,2.1014487383748937,0.2696154972972451
1214,0.1214,29,185,29,378931,226679,24240,83716,2.099735077253696,0.26970795276985776
1215,0.1215,29,226,29,379157,226453,24269,83687,2.097641631775909,0.2698362030050945
1216,0.1216,25,218,25,379375,226235,24294,83662,2.095622290562822,0.2699671181069839
1217,0.1217,34,181,34,379556,226054,24328,83628,2.0939456815739748,0.27004475558799024
1218,0.1218,28,192,28,379748,225862,24356,83600,2.092167179221164,0.27014625382114765
1219,0.1219,32,198,32,379946,225664,24388,83568,2.0903330986698285,0.270243700522585
1220,0.122,19,184,19,380130,225480,24407,83549,2.0886287005817183,0.2703597397008048
1221,0.1221,28,182,28,380312,225298,24435,83521,2.0869428285597835,0.2704529190237647
1222,0.1222,27,184,27,380496,225114,24462,83494,2.085238430471674,0.27055034218166735
1223,0.1223,30,179,30,380675,224935,24492,83464,2.0835803475490016,0.27063641581198383
1224,0.1224,21,177,21,380852,224758,24513,83443,2.0819407906925043,0.27074214554787296
1225,0.1225,25,173,25,381025,224585,24538,83418,2.0803382859683577,0.27083502433417855
1226,0.1226,33,195,33,381220,224390,24571,83385,2.0785319945162843,0.27092843798229227
1227,0.1227,20,187,20,381407,224203,24591,83365,2.0767998073289116,0.27104575248400353
1228,0.1228,30,157,30,381564,224046,24621,83335,2.0753455111341657,0.2711130486269483
1229,0.1229,29,197,29,381761,223849,24650,83306,2.0735206936159174,0.2712181146326773
1230,0.123,32,210,32,381971,223639,24682,83274,2.071575456667531,0.27132770524546046
1231,0.1231,38,206,38,382177,223433,24720,83236,2.069667271851495,0.27141967398074146
1232,0.1232,36,177,36,382354,223256,24756,83200,2.068027714994998,0.27149085023624925
1233,0.1233,30,199,30,382553,223057,24786,83170,2.0661843714105745,0.2715959076110206
1234,0.1234,26,188,26,382741,222869,24812,83144,2.0644429211901145,0.27170087545300364
1235,0.1235,32,213,32,382954,222656,24844,83112,2.0624698951424656,0.27181392428246254
1236,0.1236,24,180,24,383134,222476,24868,83088,2.0608025491867057,0.27191684884345013
1237,0.1237,32,221,32,383355,222255,24900,83056,2.058755418874356,0.2720373651784574
1238,0.1238,39,186,39,383541,222069,24939,83017,2.057032494720071,0.27211015910267927
1239,0.1239,37,186,37,383727,221883,24976,82980,2.055309570565786,0.27218783519154505
1240,0.124,23,149,23,383876,221734,24999,82957,2.0539293786357407,0.27226600063671064
1241,0.1241,35,193,35,384069,221541,25034,82922,2.0521416132498427,0.272354933111741
1242,0.1242,27,188,27,384257,221353,25061,82895,2.050400163029382,0.2724586521521916
1243,0.1243,31,187,31,384444,221166,25092,82864,2.04866797584201,0.27255205078446204
1244,0.1244,20,185,20,384629,220981,25112,82844,2.046954314720812,0.2726701226034724
1245,0.1245,31,179,31,384808,220802,25143,82813,2.04529623179814,0.27275661610921725
1246,0.1246,28,189,28,384997,220613,25171,82785,2.043545518544592,0.2728594123890072
1247,0.1247,26,195,26,385192,220418,25197,82759,2.041739227092519,0.2729725539866151
1248,0.1248,28,193,28,385385,220225,25225,82731,2.0399514617066212,0.27307925903431524
1249,0.1249,32,193,32,385578,220032,25257,82699,2.0381636963207233,0.273176516445293
1250,0.125,30,201,30,385779,219831,25287,82669,2.0363018266701247,0.2732859504132231
1251,0.1251,20,191,20,385970,219640,25307,82649,2.034532587350402,0.2734105442143115
1252,0.1252,25,160,25,386130,219480,25332,82624,2.033050502056393,0.27349522018907396
1253,0.1253,33,174,33,386304,219306,25365,82591,2.031438734299159,0.27357343729815137
1254,0.1254,30,179,30,386483,219127,25395,82561,2.0297806513764867,0.2736635199278725
1255,0.1255,31,193,31,386676,218934,25426,82530,2.0279928859905887,0.27376403152615236
1256,0.1256,30,171,30,386847,218763,25456,82500,2.026408907332617,0.27384710369345056
1257,0.1257,25,187,25,387034,218576,25481,82475,2.0246767201452442,0.273956904311894
1258,0.1258,35,196,35,387230,218380,25516,82440,2.0228611656600837,0.2740509274649292
1259,0.1259,26,195,26,387425,218185,25542,82414,2.0210548742080108,0.2741659153889401
1260,0.126,30,171,30,387596,218014,25572,82384,2.019470895550039,0.274249495669079
1261,0.1261,30,170,30,387766,217844,25602,82354,2.0178961799251547,0.2743322740324719
1262,0.1262,38,203,38,387969,217641,25640,82316,2.0160157842083812,0.27442600106015197
1263,0.1263,36,187,36,388156,217454,25676,82280,2.0142835970210085,0.2745100655914911
1264,0.1264,22,173,22,388329,217281,25698,82258,2.012681092296862,0.27461532555026225
1265,0.1265,22,173,22,388502,217108,25720,82236,2.011078587572715,0.27472072264685443
1266,0.1266,23,189,23,388691,216919,25743,82213,2.009327874319167,0.27483853282163057
1267,0.1267,19,199,19,388890,216720,25762,82194,2.007484530734744,0.2749754109877757
1268,0.1268,24,184,24,389074,216536,25786,82170,2.005780132646634,0.2750865399422844
1269,0.1269,32,193,32,389267,216343,25818,82138,2.003992367260736,0.2751866953005384
1270,0.127,19,184,19,389451,216159,25837,82119,2.002287969172626,0.2753102810130147
1271,0.1271,28,178,28,389629,215981,25865,82091,2.000639149283041,0.2754066131672884
1272,0.1272,24,177,24,389806,215804,25889,82067,1.9989995924265442,0.2755118826606148
1273,0.1273,26,192,26,389998,215612,25915,82041,1.9972210900737337,0.275626316549808
1274,0.1274,23,174,23,390172,215438,25938,82018,1.9956093223164992,0.27573153676510137
1275,0.1275,32,181,32,390353,215257,25970,81986,1.993932713327652,0.2758214659386428
1276,0.1276,20,183,20,390536,215074,25990,81966,1.9922375782726296,0.2759426339886884
1277,0.1277,34,189,34,390725,214885,26024,81932,1.990486865019082,0.2760354022849096
1278,0.1278,25,175,25,390900,214710,26049,81907,1.98886583422876,0.2761372409538226
1279,0.1279,20,181,20,391081,214529,26069,81887,1.9871892252399126,0.2762570171650653
1280,0.128,28,193,28,391274,214336,26097,81859,1.9854014598540146,0.27636860851803713
1281,0.1281,22,174,22,391448,214162,26119,81837,1.9837896920967801,0.27647728539623445
1282,0.1282,28,154,28,391602,214008,26147,81809,1.9823631850012968,0.27655273361571514
1283,0.1283,29,171,29,391773,213837,26176,81780,1.9807792063433252,0.2766417357594455
1284,0.1284,27,158,27,391931,213679,26203,81753,1.9793156471154916,0.27672357767608113
1285,0.1285,31,176,31,392107,213503,26234,81722,1.977685353292082,0.2768126005588958
1286,0.1286,24,166,24,392273,213337,26258,81698,1.976147689799548,0.2769095192095853
1287,0.1287,27,182,27,392455,213155,26285,81671,1.9744618177776132,0.2770142389070163
1288,0.1288,23,177,23,392632,212978,26308,81648,1.972822260921116,0.2771242185007433
1289,0.1289,28,163,28,392795,212815,26336,81620,1.9713123865278446,0.2772088916059572
1290,0.129,19,166,19,392961,212649,26355,81601,1.9697747230353106,0.27731860662701785
1291,0.1291,30,185,30,393146,212464,26385,81571,1.9680610619141132,0.27741935483870966
1292,0.1292,28,182,28,393328,212282,26413,81543,1.9663751898921782,0.27752233472304944
1293,0.1293,29,170,29,393498,212112,26442,81514,1.964800474267294,0.2776116556435738
1294,0.1294,27,163,27,393661,211949,26469,81487,1.9632905998740227,0.27769939612044875
1295,0.1295,32,177,32,393838,211772,26501,81455,1.9616510430175256,0.2777881982218554
1296,0.1296,25,159,25,393997,211613,26526,81430,1.9601782207566045,0.27787730810836636
1297,0.1297,25,191,25,394188,211422,26551,81405,1.9584089814368817,0.2779969060230102
1298,0.1298,21,161,21,394349,211261,26572,81384,1.9569176331097855,0.27809803687061113
1299,0.1299,24,171,24,394520,211090,26596,81360,1.9553336544518136,0.27820140194905113
1300,0.13,23,168,23,394688,210922,26619,81337,1.9537774648931046,0.27830451756832125
1301,0.1301,25,186,25,394874,210736,26644,81312,1.9520545407388195,0.27841998575576615
1302,0.1302,32,170,32,395044,210566,26676,81280,1.9504798251139353,0.278503046127067
1303,0.1303,28,163,28,395207,210403,26704,81252,1.948969950720664,0.27858942929145736
1304,0.1304,26,182,26,395389,210221,26730,81226,1.947284078698729,0.278699043050709
1305,0.1305,20,163,20,395552,210058,26750,81206,1.9457742043054578,0.27880548231157987
1306,0.1306,26,187,26,395739,209871,26776,81180,1.9440420171180852,0.27892018924518386
1307,0.1307,31,177,31,395916,209694,26807,81149,1.9424024602615881,0.2790130757831545
1308,0.1308,28,192,28,396108,209502,26835,81121,1.9406239579087776,0.2791279423858401
1309,0.1309,26,184,26,396292,209318,26861,81095,1.9389195598206677,0.2792402543963252
1310,0.131,13,179,13,396471,209139,26874,81082,1.9372614768979954,0.27938019647096524
1311,0.1311,29,157,29,396628,208982,26903,81053,1.9358071807032495,0.27945937559260087
1312,0.1312,24,181,24,396809,208801,26927,81029,1.9341305717144022,0.2795742331711693
1313,0.1313,34,175,34,396984,208626,26961,80995,1.9325095409240802,0.279658588292976
1314,0.1314,21,173,21,397157,208453,26982,80974,1.9309070361999332,0.2797734834690613
1315,0.1315,23,180,23,397337,208273,27005,80951,1.9292396902441735,0.2798903272204243
1316,0.1316,25,167,25,397504,208106,27030,80926,1.927692763718552,0.2799897589194276
1317,0.1317,28,186,28,397690,207920,27058,80898,1.9259698395642668,0.2801002707587477
1318,0.1318,26,176,26,397866,207744,27084,80872,1.9243395457408574,0.2802062255730798
1319,0.1319,33,166,33,398032,207578,27117,80839,1.9228018822483235,0.28028514269269844
1320,0.132,27,190,27,398222,207388,27144,80812,1.9210419059616881,0.28040249826509367
1321,0.1321,32,163,32,398385,207225,27176,80780,1.9195320315684168,0.28048124164511035
1322,0.1322,26,196,26,398581,207029,27202,80754,1.9177164770832562,0.28060726311144163
1323,0.1323,28,180,28,398761,206849,27230,80726,1.9160491311274963,0.28071285751543074
1324,0.1324,25,170,25,398931,206679,27255,80701,1.914474415502612,0.2808163407335236
1325,0.1325,29,171,29,399102,206508,27284,80672,1.9128904368446404,0.2809109269447733
1326,0.1326,33,183,33,399285,206325,27317,80639,1.911195301789618,0.2810073737472296
1327,0.1327,20,170,20,399455,206155,27337,80619,1.9096205861647337,0.28112381178210016
1328,0.1328,33,175,33,399630,205980,27370,80586,1.9079995553744118,0.28121270492661377
1329,0.1329,23,177,23,399807,205803,27393,80563,1.9063599985179147,0.28132878903221753
1330,0.133,31,188,31,399995,205615,27424,80532,1.9046185482974545,0.2814357655331001
1331,0.1331,31,177,31,400172,205438,27455,80501,1.9029789914409574,0.28153207502299443
1332,0.1332,28,169,28,400341,205269,27483,80473,1.9014135388491609,0.28162818206633955
1333,0.1333,36,181,36,400522,205088,27519,80437,1.8997369298603135,0.2817161369407232
1334,0.1334,31,172,31,400694,204916,27550,80406,1.8981436881692542,0.28180792227728674
1335,0.1335,24,178,24,400872,204738,27574,80382,1.8964948682796694,0.28192340067340066
1336,0.1336,25,178,25,401050,204560,27599,80357,1.8948460483900849,0.28203652291720044
1337,0.1337,28,193,28,401243,204367,27627,80329,1.8930582830041869,0.28215710793267207
1338,0.1338,16,176,16,401419,204191,27643,80313,1.8914279891807773,0.2822912858870174
1339,0.1339,23,166,23,401585,204025,27666,80290,1.8898903256882433,0.2823980444225595
1340,0.134,34,179,34,401764,203846,27700,80256,1.8882322427655711,0.2824900915868245
1341,0.1341,25,179,25,401943,203667,27725,80231,1.886574159842899,0.28260502011285743
1342,0.1342,27,175,27,402118,203492,27752,80204,1.884953129052577,0.28271107100558346
1343,0.1343,29,168,29,402286,203324,27781,80175,1.8833969394938679,0.2828052303535462
1344,0.1344,39,175,39,402461,203149,27820,80136,1.881775908703546,0.28288119738072964
1345,0.1345,23,169,23,402630,202980,27843,80113,1.8802104561117492,0.28299180834566734
1346,0.1346,27,160,27,402790,202820,27870,80086,1.8787283708177405,0.28308342700402256
1347,0.1347,32,195,32,402985,202625,27902,80054,1.8769220793656676,0.28319754916353884
1348,0.1348,33,185,33,403170,202440,27935,80021,1.87520841824447,0.28329928733524273
1349,0.1349,27,163,27,403333,202277,27962,79994,1.8736985438511986,0.28339432672856935
1350,0.135,24,196,24,403529,202081,27986,79970,1.871882989366038,0.28353028353028353
1351,0.1351,31,182,31,403711,201899,28017,79939,1.8701971173441032,0.2836345702140946
1352,0.1352,27,156,27,403867,201743,28044,79912,1.8687520841824448,0.2837229944435568
1353,0.1353,20,159,20,404026,201584,28064,79892,1.8672792619215235,0.2838323693671929
1354,0.1354,28,185,28,404211,201399,28092,79864,1.865565600800326,0.2839477641922329
1355,0.1355,23,147,23,404358,201252,28115,79841,1.8642039349364556,0.2840376672489176
1356,0.1356,26,155,26,404513,201097,28141,79815,1.8627681648078847,0.28412812553397504
1357,0.1357,35,183,35,404696,200914,28176,79780,1.8610730297528624,0.2842241016908092
1358,0.1358,25,173,25,404869,200741,28201,79755,1.8594705250287153,0.28433560549883063
1359,0.1359,26,186,26,405055,200555,28227,79729,1.8577476008744302,0.28445790698006307
1360,0.136,26,180,26,405235,200375,28253,79703,1.8560802549186706,0.2845742971600768
1361,0.1361,23,185,23,405420,200190,28276,79680,1.8543665937974732,0.28470361239146746
1362,0.1362,29,156,29,405576,200034,28305,79651,1.8529215606358147,0.28478824391726404
1363,0.1363,23,181,23,405757,199853,28328,79628,1.8512449516469673,0.2849138224065321
1364,0.1364,30,171,30,405928,199682,28358,79598,1.8496609729889955,0.285011458034947
1365,0.1365,31,164,31,406092,199518,28389,79567,1.8481418355626367,0.28509952165110986
1366,0.1366,35,156,35,406248,199362,28424,79532,1.8466968024009782,0.2851692757821968
1367,0.1367,32,167,32,406415,199195,28456,79500,1.8451498758753566,0.2852580778270152
1368,0.1368,31,172,31,406587,199023,28487,79469,1.8435566341842973,0.28535469600563035
1369,0.1369,32,187,32,406774,198836,28519,79437,1.8418244469969247,0.2854642742917926
1370,0.137,23,177,23,406951,198659,28542,79414,1.8401848901404276,0.2855868782657791
1371,0.1371,33,183,33,407134,198476,28575,79381,1.8384897550854051,0.2856901211774402
1372,0.1372,32,176,32,407310,198300,28607,79349,1.8368594612619957,0.2857888917302061
1373,0.1373,16,158,16,407468,198142,28623,79333,1.8353959020341621,0.2859104423821966
1374,0.1374,28,124,28,407592,198018,28651,79305,1.8342472859313053,0.2859661838361766
1375,0.1375,35,157,35,407749,197861,28686,79270,1.8327929897365594,0.28603801090459025
1376,0.1376,28,166,28,407915,197695,28714,79242,1.8312553262440254,0.2861372803200728
1377,0.1377,22,171,22,408086,197524,28736,79220,1.8296713475860535,0.28625733529904895
1378,0.1378,24,192,24,408278,197332,28760,79196,1.8278928452332432,0.28639414453509227
1379,0.1379,28,196,28,408474,197136,28788,79168,1.8260772907480824,0.28652498697087264
1380,0.138,33,198,33,408672,196938,28821,79135,1.8242432101967467,0.2866451989147798
1381,0.1381,37,143,37,408815,196795,28858,79098,1.8229185964652266,0.28669810397509177
1382,0.1382,23,159,23,408974,196636,28881,79075,1.8214457742043055,0.286803936005455
1383,0.1383,28,171,28,409145,196465,28909,79047,1.8198617955463336,0.2869094631086849
1384,0.1384,27,167,27,409312,196298,28936,79020,1.818314869020712,0.28701356249863796
1385,0.1385,35,149,35,409461,196149,28971,78985,1.8169346770906665,0.2870782963937572
1386,0.1386,27,167,27,409628,195982,28998,78958,1.815387750565045,0.28718265803448023
1387,0.1387,29,149,29,409777,195833,29027,78929,1.8140075586349995,0.2872631586609502
1388,0.1388,22,171,22,409948,195662,29049,78907,1.8124235799770276,0.28738495605840425
1389,0.1389,30,153,30,410101,195509,29079,78877,1.8110063359146318,0.2874672906052058
1390,0.139,21,164,21,410265,195345,29100,78856,1.809487198488273,0.2875846550523156
1391,0.1391,21,170,21,410435,195175,29121,78835,1.8079124828633888,0.2877084777927813
1392,0.1392,28,143,28,410578,195032,29149,78807,1.8065878691318686,0.2877858887886678
1393,0.1393,39,159,39,410737,194873,29188,78768,1.8051150468709474,0.28785160118549485
1394,0.1394,21,175,21,410912,194698,29209,78747,1.8034940160806254,0.2879811296604436
1395,0.1395,28,167,28,411079,194531,29237,78719,1.8019470895550038,0.28808417200365966
1396,0.1396,27,172,27,411251,194359,29264,78692,1.8003538478639445,0.2881952455768336
1397,0.1397,28,173,28,411424,194186,29292,78664,1.7987513431397977,0.2883049294484149
1398,0.1398,28,164,28,411588,194022,29320,78636,1.797232205713439,0.28840525493475344
1399,0.1399,27,190,27,411778,193832,29347,78609,1.7954722294268035,0.28853586648118307
1400,0.14,26,182,26,411960,193650,29373,78583,1.7937863574048687,0.28866081628604906
1401,0.1401,24,161,24,412121,193489,29397,78559,1.7922950090777725,0.2887688937246368
1402,0.1402,26,180,26,412301,193309,29423,78533,1.7906276631220126,0.2888920770153251
1403,0.1403,19,161,19,412462,193148,29442,78514,1.7891363147949164,0.28901355360705583
1404,0.1404,26,205,26,412667,192943,29468,78488,1.7872373930119678,0.28916372853506045
1405,0.1405,25,169,25,412836,192774,29493,78463,1.785671940420171,0.2892783801619985
1406,0.1406,29,165,29,413001,192609,29522,78434,1.7841435399607248,0.28937843810760655
1407,0.1407,29,174,29,413175,192435,29551,78405,1.7825317722034904,0.28948825875055384
1408,0.1408,24,193,24,413368,192242,29575,78381,1.7807440068175924,0.2896317016661555
1409,0.1409,24,169,24,413537,192073,29599,78357,1.7791785542257956,0.2897496579521503
1410,0.141,23,176,23,413713,191897,29622,78334,1.7775482604023862,0.2898779192616687
1411,0.1411,21,146,21,413859,191751,29643,78313,1.7761958575716033,0.28997941228745777
1412,0.1412,27,156,27,414015,191595,29670,78286,1.7747508244099448,0.29007599645769805
1413,0.1413,28,172,28,414187,191423,29698,78258,1.7731575827188855,0.2901872953600736
1414,0.1414,20,157,20,414344,191266,29718,78238,1.7717032865241396,0.29030366896224175
1415,0.1415,31,182,31,414526,191084,29749,78207,1.7700174145022045,0.29041817216319893
1416,0.1416,24,140,24,414666,190944,29773,78183,1.768720589869947,0.2905059693007391
1417,0.1417,27,157,27,414823,190787,29800,78156,1.767266293675201,0.29060432879829556
1418,0.1418,23,157,23,414980,190630,29823,78133,1.765811997480455,0.2907133794458315
1419,0.1419,35,165,35,415145,190465,29858,78098,1.7642835970210085,0.2907995516880583
1420,0.142,24,163,24,415308,190302,29882,78074,1.7627737226277371,0.29091274927713356
1421,0.1421,29,159,29,415467,190143,29911,78045,1.761300900366816,0.29100854624367983
1422,0.1422,18,152,18,415619,189991,29929,78027,1.759892919337508,0.29112596915132566
1423,0.1423,24,171,24,415790,189820,29953,78003,1.758308940679536,0.2912483244530903
1424,0.1424,29,154,29,415944,189666,29982,77974,1.7568824335840527,0.29133911224032283
1425,0.1425,25,152,25,416096,189514,30007,77949,1.7554744525547445,0.2914384419527187
1426,0.1426,26,171,26,416267,189343,30033,77923,1.7538904738967727,0.29155597793958077
1427,0.1427,34,140,34,416407,189203,30067,77889,1.752593649264515,0.2916186183038054
1428,0.1428,25,140,25,416547,189063,30092,77864,1.7512968246322576,0.29170522277626465
1429,0.1429,26,179,26,416726,188884,30118,77838,1.7496387417095853,0.29183194487143915
1430,0.143,33,152,33,416878,188732,30151,77805,1.7482307606802772,0.29191069157377775
1431,0.1431,29,137,29,417015,188595,30180,77776,1.7469617251472822,0.29198373696836366
1432,0.1432,29,143,29,417158,188452,30209,77747,1.745637111415762,0.2920634562864624
1433,0.1433,30,138,30,417296,188314,30239,77717,1.7443588128496794,0.29213512710924666
1434,0.1434,27,165,27,417461,188149,30266,77690,1.742830412390233,0.2922445540345848
1435,0.1435,26,152,26,417613,187997,30292,77664,1.7414224313609248,0.2923424966404553
1436,0.1436,27,166,27,417779,187831,30319,77637,1.7398847678683909,0.29245332770804766
1437,0.1437,30,151,30,417930,187680,30349,77607,1.7384860498721701,0.2925397776747447
1438,0.1438,24,155,24,418085,187525,30373,77583,1.7370502797435992,0.2926467703728292
1439,0.1439,21,154,21,418239,187371,30394,77562,1.7356237726481158,0.29276081122396985
1440,0.144,30,169,30,418408,187202,30424,77532,1.7340583200563193,0.29286755762387906
1441,0.1441,31,174,31,418582,187028,30455,77501,1.7324465522990848,0.29297732951774663
1442,0.1442,21,156,21,418738,186872,30476,77480,1.7310015191374264,0.29309405640963565
1443,0.1443,19,173,19,418911,186699,30495,77461,1.7293990144132796,0.29323516050878257
1444,0.1444,25,140,25,419051,186559,30520,77436,1.7281021897810218,0.2933237371919923
1445,0.1445,34,150,34,419201,186409,30554,77402,1.7267127348178888,0.2933994412666644
1446,0.1446,26,176,26,419377,186233,30580,77376,1.7250824409944792,0.29352563835073914
1447,0.1447,31,170,31,419547,186063,30611,77345,1.723507725369595,0.2936319322116261
1448,0.1448,25,162,25,419709,185901,30636,77320,1.7220071140094113,0.2937455598147564
1449,0.1449,20,165,20,419874,185736,30656,77300,1.7204787135499648,0.29387612342036834
1450,0.145,33,158,33,420032,185578,30689,77267,1.7190151543221313,0.2939641233426544
1451,0.1451,33,149,33,420181,185429,30722,77234,1.7176349623920857,0.29404217571565083
1452,0.1452,25,155,25,420336,185274,30747,77209,1.7161991922635147,0.2941485734314222
1453,0.1453,33,142,33,420478,185132,30780,77176,1.714883841565082,0.2942190097137716
1454,0.1454,21,138,21,420616,184994,30801,77155,1.7136055429989996,0.29431735387127167
1455,0.1455,26,164,26,420780,184830,30827,77129,1.7120864055726408,0.29443157135276893
1456,0.1456,22,136,22,420916,184694,30849,77107,1.7108266330727333,0.29452523099606187
1457,0.1457,23,166,23,421082,184528,30872,77084,1.7092889695801994,0.29465009250340196
1458,0.1458,32,162,32,421244,184366,30904,77052,1.7077883582200155,0.29474634493416674
1459,0.1459,28,178,28,421422,184188,30932,77024,1.706139538330431,0.2948715985483056
1460,0.146,31,143,31,421565,184045,30963,76993,1.7048149245989106,0.29494939434105377
1461,0.1461,25,133,25,421698,183912,30988,76968,1.703582941198266,0.2950321987120515
1462,0.1462,24,185,24,421883,183727,31012,76944,1.7018692800770685,0.29517667864856467
1463,0.1463,35,153,35,422036,183574,31047,76909,1.7004520360146727,0.2952553525565968
1464,0.1464,27,150,27,422186,183424,31074,76882,1.6990625810515396,0.29535239295290927
1465,0.1465,38,154,38,422340,183270,31112,76844,1.697636073956056,0.29542431395465063
1466,0.1466,26,141,26,422481,183129,31138,76818,1.696329986290711,0.29551408556359565
1467,0.1467,24,155,24,422636,182974,31162,76794,1.69489421616214,0.2956253272150534
1468,0.1468,36,144,36,422780,182830,31198,76758,1.6935603393975323,0.29569163443610647
1469,0.1469,30,153,30,422933,182677,31228,76728,1.6921430953351366,0.2957845839517357
1470,0.147,26,150,26,423083,182527,31254,76702,1.6907536403720034,0.29588510544730723
1471,0.1471,22,152,22,423235,182375,31276,76680,1.6893456593426952,0.2959989191484434
1472,0.1472,26,151,26,423386,182224,31302,76654,1.6879469413464745,0.2961008660450096
1473,0.1473,34,144,34,423530,182080,31336,76620,1.6866130645818667,0.29617317356010825
1474,0.1474,20,138,20,423668,181942,31356,76600,1.6853347660157842,0.29627681382521986
1475,0.1475,19,133,19,423801,181809,31375,76581,1.6841027826151396,0.2963775687913619
1476,0.1476,24,160,24,423961,181649,31399,76557,1.6826206973211308,0.2964958211660457
1477,0.1477,24,159,24,424120,181490,31423,76533,1.6811478750602098,0.29661309263127705
1478,0.1478,22,143,22,424263,181347,31445,76511,1.6798232613286894,0.2967175732379837
1479,0.1479,25,154,25,424417,181193,31470,76486,1.6783967542332061,0.29682667194455115
1480,0.148,23,137,23,424554,181056,31493,76463,1.6771277187002112,0.29692178052881535
1481,0.1481,22,142,22,424696,180914,31515,76441,1.6758123680017785,0.2970255095102096
1482,0.1482,27,138,27,424834,180776,31542,76414,1.674534069435696,0.2971110851899374
1483,0.1483,37,168,37,425002,180608,31579,76377,1.672977879876987,0.2972041169718077
1484,0.1484,34,141,34,425143,180467,31613,76343,1.6716717922116417,0.29727424944511505
1485,0.1485,33,149,33,425292,180318,31646,76310,1.6702916002815962,0.29735648487304583
1486,0.1486,24,146,24,425438,180172,31670,76286,1.6689391974508132,0.29746001294558955
1487,0.1487,28,157,28,425595,180015,31698,76258,1.6674849012560673,0.29756548680508677
1488,0.1488,21,167,21,425762,179848,31719,76237,1.6659379747304457,0.29770193490442626
1489,0.1489,24,184,24,425946,179664,31743,76213,1.6642335766423357,0.2978501389339409
1490,0.149,23,187,23,426133,179477,31766,76190,1.6625013894549632,0.2980048265908389
1491,0.1491,28,138,28,426271,179339,31794,76162,1.6612230908888808,0.298088852881202
1492,0.1492,22,134,22,426405,179205,31816,76140,1.6599818444551484,0.2981848087881102
1493,0.1493,30,150,30,426555,179055,31846,76110,1.6585923894920154,0.2982775850919993
1494,0.1494,27,151,27,426706,178904,31873,76083,1.6571936714957947,0.2983799174075541
1495,0.1495,34,150,34,426856,178754,31907,76049,1.6558042165326614,0.29846194903513695
1496,0.1496,25,150,25,427006,178604,31932,76024,1.6544147615695284,0.2985688926590948
1497,0.1497,34,136,34,427142,178468,31966,75990,1.6531549890696209,0.29863474522318023
1498,0.1498,31,148,31,427290,178320,31997,75959,1.651784060172663,0.29872305617058426
1499,0.1499,26,145,26,427435,178175,32023,75933,1.6504409203749675,0.29882176082610545
1500,0.15,43,152,43,427587,178023,32066,75890,1.6490329393456593,0.2988819004934761
1501,0.1501,32,139,32,427726,177884,32098,75858,1.6477453777464892,0.29895720850312524
1502,0.1502,24,161,24,427887,177723,32122,75834,1.646254029419393,0.29908068008376815
1503,0.1503,35,142,35,428029,177581,32157,75799,1.6449386787209603,0.29915147209724524
1504,0.1504,27,158,27,428187,177423,32184,75772,1.6434751194931267,0.2992634135745177
1505,0.1505,23,144,23,428331,177279,32207,75749,1.6421412427285191,0.2993700301942868
1506,0.1506,27,149,27,428480,177130,32234,75722,1.6407610507984733,0.29947162767152324
1507,0.1507,21,169,21,428649,176961,32255,75701,1.6391955982066768,0.29961371318203767
1508,0.1508,29,157,29,428806,176804,32284,75672,1.6377413020119307,0.29971957730635784
1509,0.1509,28,145,28,428951,176659,32312,75644,1.6363981622142354,0.2998141123966025
1510,0.151,25,148,25,429099,176511,32337,75619,1.6350272333172775,0.29992067584182763
1511,0.1511,25,134,25,429233,176377,32362,75594,1.6337859868835451,0.3000107155188494
1512,0.1512,27,153,27,429386,176224,32389,75567,1.6323687428211493,0.3001179549705907
1513,0.1513,22,154,22,429540,176070,32411,75545,1.630942235725666,0.3002404467142261
1514,0.1514,33,132,33,429672,175938,32444,75512,1.6297195153581088,0.300306223901372
1515,0.1515,21,160,21,429832,175778,32465,75491,1.6282374300641003,0.30043897177924855
1516,0.1516,21,155,21,429987,175623,32486,75470,1.6268016599355293,0.30056592577252256
1517,0.1517,31,126,31,430113,175497,32517,75439,1.6256345177664975,0.30063043963401026
1518,0.1518,30,147,30,430260,175350,32547,75409,1.624272851902627,0.3007230049569507
1519,0.1519,31,146,31,430406,175204,32578,75378,1.622920449071844,0.30081171033833237
1520,0.152,34,140,34,430546,175064,32612,75344,1.6216236244395865,0.3008849557522124
1521,0.1521,16,166,16,430712,174898,32628,75328,1.6200859609470526,0.3010398599665902
1522,0.1522,27,127,27,430839,174771,32655,75301,1.6189095557449331,0.3011172782238715
1523,0.1523,24,166,24,431005,174605,32679,75277,1.6173718922523992,0.30125019008972237
1524,0.1524,31,143,31,431148,174462,32710,75246,1.6160472785208788,0.30133596040174926
1525,0.1525,31,156,31,431304,174306,32741,75215,1.6146022453592204,0.30143755435414255
1526,0.1526,17,119,17,431423,174187,32758,75198,1.6134999444218014,0.3015337730817812
1527,0.1527,18,157,18,431580,174030,32776,75180,1.6120456482270555,0.30167328758878054
1528,0.1528,24,159,24,431739,173871,32800,75156,1.6105728259661343,0.3017986001517908
1529,0.1529,27,143,27,431882,173728,32827,75129,1.6092482122346141,0.3018962697452754
1530,0.153,25,140,25,432022,173588,32852,75104,1.6079513876023566,0.30199604329853796
1531,0.1531,29,142,29,432164,173446,32881,75075,1.6066360369039239,0.3020871475649945
1532,0.1532,30,156,30,432320,173290,32911,75045,1.6051910037422654,0.30219260273420984
1533,0.1533,26,156,26,432476,173134,32937,75019,1.603745970580607,0.30230946230752803
1534,0.1534,24,135,24,432611,172999,32961,74995,1.6024954611137872,0.30240650983491535
1535,0.1535,27,142,27,432753,172857,32988,74968,1.6011801104153545,0.30250378291132857
1536,0.1536,31,129,31,432882,172728,33019,74937,1.5999851791470598,0.3025740415480589
1537,0.1537,28,147,28,433029,172581,33047,74909,1.5986235132831894,0.3026748555497192
1538,0.1538,30,151,30,433180,172430,33077,74879,1.5972247952869687,0.30277507086276684
1539,0.1539,33,150,33,433330,172280,33110,74846,1.5958353403238357,0.30286574459992066
1540,0.154,30,154,30,433484,172126,33140,74816,1.5944088332283524,0.30296992816126866
1541,0.1541,21,151,21,433635,171975,33161,74795,1.5930101152321317,0.30309600032418854
1542,0.1542,22,156,22,433791,171819,33183,74773,1.5915650820704732,0.3032255709836491
1543,0.1543,31,129,31,433920,171690,33214,74742,1.5903701508021786,0.3032966497857421
1544,0.1544,32,113,32,434033,171577,33246,74710,1.589323428063285,0.3033452841603495
1545,0.1545,22,167,22,434200,171410,33268,74688,1.5877765015376635,0.3034888540337589
1546,0.1546,28,129,28,434329,171281,33296,74660,1.586581570269369,0.3035687420966817
1547,0.1547,24,141,24,434470,171140,33320,74636,1.5852754826040238,0.30367489095761996
1548,0.1548,19,144,19,434614,170996,33339,74617,1.583941605839416,0.3037990660103496
1549,0.1549,32,159,32,434773,170837,33371,74585,1.582468783578495,0.3039051103813024
1550,0.155,27,150,27,434923,170687,33398,74558,1.5810793286153617,0.3040143529939448
1551,0.1551,24,159,24,435082,170528,33422,74534,1.5796065063544407,0.30414344125160164
1552,0.1552,24,140,24,435222,170388,33446,74510,1.578309681722183,0.3042491159584807
1553,0.1553,31,149,31,435371,170239,33477,74479,1.5769294897921375,0.3043462270858703
1554,0.1554,28,149,28,435520,170090,33505,74451,1.575549297862092,0.30445201418167095
1555,0.1555,19,145,19,435665,169945,33524,74432,1.5742061580643967,0.3045785814540648
1556,0.1556,34,134,34,435799,169811,33558,74398,1.5729649116306643,0.3046488868141633
1557,0.1557,23,138,23,435937,169673,33581,74375,1.571686613064582,0.304755621844883
1558,0.1558,23,154,23,436091,169519,33604,74352,1.5702601059690986,0.3048824993541667
1559,0.1559,24,157,24,436248,169362,33628,74328,1.5688058097743525,0.3050104641142435
1560,0.156,38,155,38,436403,169207,33666,74290,1.5673700396457817,0.30509616134901046
1561,0.1561,29,137,29,436540,169070,33695,74261,1.5661010041127867,0.30518511821346234
1562,0.1562,24,146,24,436686,168924,33719,74237,1.5647486012820038,0.30529978080366504
1563,0.1563,25,143,25,436829,168781,33744,74212,1.5634239875504836,0.305407974715321
1564,0.1564,21,146,21,436975,168635,33765,74191,1.5620715847197006,0.3055315328671559
1565,0.1565,31,146,31,437121,168489,33796,74160,1.5607191818889177,0.30562664589592375
1566,0.1566,22,121,22,437242,168368,33818,74138,1.5595983548853236,0.3057161472293469
1567,0.1567,25,140,25,437382,168228,33843,74113,1.558301530253066,0.30582113633268826
1568,0.1568,35,155,35,437537,168073,33878,74078,1.556865760124495,0.30591655619840513
1569,0.1569,27,148,27,437685,167925,33905,74051,1.5554948312275372,0.30602621747611336
1570,0.157,21,147,21,437832,167778,33926,74030,1.5541331653636667,0.3061519883543969
1571,0.1571,22,139,22,437971,167639,33948,74008,1.5528456037644967,0.3062649236282677
1572,0.1572,25,146,25,438117,167493,33973,73983,1.5514932009337137,0.3063782736172539
1573,0.1573,12,123,12,438240,167370,33985,73971,1.5503538478639445,0.3064999316320062
1574,0.1574,22,150,22,438390,167220,34007,73949,1.5489643929008114,0.3066273028457223
1575,0.1575,21,146,21,438536,167074,34028,73928,1.5476119900700285,0.3067526410569207
1576,0.1576,28,146,28,438682,166928,34056,73900,1.5462595872392457,0.30685800654408957
1577,0.1577,33,128,33,438810,166800,34089,73867,1.5450739190040388,0.30692616769228853
1578,0.1578,27,155,27,438965,166645,34116,73840,1.5436381488754678,0.3070461775162692
1579,0.1579,25,141,25,439106,166504,34141,73815,1.5423320612101226,0.30715424082157466
1580,0.158,34,137,34,439243,166367,34175,73781,1.5410630256771278,0.30723137398604194
1581,0.1581,18,132,18,439375,166235,34193,73763,1.5398403053095706,0.3073483945699548
1582,0.1582,30,150,30,439525,166085,34223,73733,1.5384508503464374,0.3074539859393373
1583,0.1583,28,136,28,439661,165949,34251,73705,1.53719107784653,0.3075475477146219
1584,0.1584,30,135,30,439796,165814,34281,73675,1.5359405683797103,0.3076341710892776
1585,0.1585,28,154,28,439950,165660,34309,73647,1.534514061284227,0.3077511313918941
1586,0.1586,21,144,21,440094,165516,34330,73626,1.5331801845196191,0.30787565546829915
1587,0.1587,31,139,31,440233,165377,34361,73595,1.531892622920449,0.30796494986860384
1588,0.1588,34,126,34,440359,165251,34395,73561,1.5307254807514172,0.3080289097700283
1589,0.1589,24,145,24,440504,165106,34419,73537,1.529382340953722,0.30814647821222496
1590,0.159,20,153,20,440657,164953,34439,73517,1.527965096891326,0.3082861575879566
1591,0.1591,28,145,28,440802,164808,34467,73489,1.5266219570936308,0.30839246822242833
1592,0.1592,29,123,29,440925,164685,34496,73460,1.5254826040238616,0.3084675302861702
1593,0.1593,25,126,25,441051,164559,34521,73435,1.5243154618548298,0.3085581989461919
1594,0.1594,28,129,28,441180,164430,34549,73407,1.5231205305865352,0.30864415545100216
1595,0.1595,23,135,23,441315,164295,34572,73384,1.5218700211197154,0.30875256122753797
1596,0.1596,31,159,31,441474,164136,34603,73353,1.5203971988587943,0.30886904235564594
1597,0.1597,24,127,24,441601,164009,34627,73329,1.5192207936566748,0.3089644304746817
1598,0.1598,25,148,25,441749,163861,34652,73304,1.517849864759717,0.30908439272236626
1599,0.1599,21,121,21,441870,163740,34673,73283,1.5167290377561229,0.3091809655603043
1600,0.16,31,119,31,441989,163621,34704,73252,1.515626736818704,0.3092458828148417
1601,0.1601,26,144,26,442133,163477,34730,73226,1.5142928600540961,0.30935814079246987
1602,0.1602,25,144,25,442277,163333,34755,73201,1.5129589832894883,0.30947347949977594
1603,0.1603,20,127,20,442404,163206,34775,73181,1.5117825780873688,0.30958132215392553
1604,0.1604,24,131,24,442535,163075,34799,73157,1.5105691207528993,0.3096828541433845
1605,0.1605,21,141,21,442676,162934,34820,73136,1.5092630330875543,0.3098064133519719
1606,0.1606,22,141,22,442817,162793,34842,73114,1.507956945422209,0.30992721708130744
1607,0.1607,34,136,34,442953,162657,34876,73080,1.5066971729223018,0.31000649028366356
1608,0.1608,24,138,24,443091,162519,34900,73056,1.5054188743562191,0.31011779687997454
1609,0.1609,25,125,25,443216,162394,34925,73031,1.504260995220275,0.3102091961346501
1610,0.161,31,108,31,443324,162286,34956,73000,1.503260587646819,0.3102607039942878
1611,0.1611,27,154,27,443478,162132,34983,72973,1.5018340805513357,0.3103847217200825
1612,0.1612,29,121,29,443599,162011,35012,72944,1.5007132535477417,0.31045944968185396
1613,0.1613,34,141,34,443740,161870,35046,72910,1.4994071658823966,0.31054604310418266
1614,0.1614,26,147,26,443887,161723,35072,72884,1.498045500018526,0.3106642171802205
1615,0.1615,43,135,43,444022,161588,35115,72841,1.4967949905517062,0.3107166775441605
1616,0.1616,26,123,26,444145,161465,35141,72815,1.4956556374819372,0.3108033122759092
1617,0.1617,28,140,28,444285,161325,35169,72787,1.4943588128496794,0.31090674548933844
1618,0.1618,18,141,18,444426,161184,35187,72769,1.4930527251843344,0.3110411065470415
1619,0.1619,26,115,26,444541,161069,35213,72743,1.4919874763792655,0.3111174790002224
1620,0.162,30,123,30,444664,160946,35243,72713,1.4908481233094966,0.3111928066113439
1621,0.1621,29,114,29,444778,160832,35272,72684,1.4897921375375154,0.3112591856660786
1622,0.1622,29,141,29,444919,160691,35301,72655,1.4884860498721701,0.31136166893797196
1623,0.1623,26,120,26,445039,160571,35327,72629,1.4873744859016635,0.3114451114922813
1624,0.1624,28,141,28,445180,160430,35355,72601,1.4860683982363185,0.31155082371015014
1625,0.1625,29,144,29,445324,160286,35384,72572,1.4847345214717107,0.3116577484990853
1626,0.1626,28,150,28,445474,160136,35412,72544,1.4833450665085777,0.31177582946536014
1627,0.1627,24,135,24,445609,160001,35436,72520,1.4820945570417579,0.3118858081635637
1628,0.1628,26,140,26,445749,159861,35462,72494,1.4807977324095,0.3119967291429063
1629,0.1629,31,133,31,445882,159728,35493,72463,1.4795657490088554,0.31208358635778305
1630,0.163,31,119,31,446001,159609,35524,72432,1.4784634480714365,0.312151731806017
1631,0.1631,30,127,30,446128,159482,35554,72402,1.4772870428693172,0.31223370305842574
1632,0.1632,25,123,25,446251,159359,35579,72377,1.476147689799548,0.31232523216073466
1633,0.1633,27,130,27,446381,159229,35606,72350,1.474943495498166,0.3124203835408219
1634,0.1634,24,134,24,446515,159095,35630,72326,1.4737022490644336,0.3125299778326081
1635,0.1635,21,130,21,446645,158965,35651,72305,1.4724980547630515,0.3126432308557098
1636,0.1636,34,143,34,446788,158822,35685,72271,1.4711734410315314,0.3127355653351681
1637,0.1637,24,127,24,446915,158695,35709,72247,1.4699970358294119,0.31283612335564775
1638,0.1638,21,122,21,447037,158573,35730,72226,1.4688669457927304,0.3129389642069506
1639,0.1639,22,103,22,447140,158470,35752,72204,1.4679128533847123,0.31301317010152857
1640,0.164,29,148,29,447288,158322,35781,72175,1.4665419244877542,0.3131277196666334
1641,0.1641,31,133,31,447421,158189,35812,72144,1.4653099410871095,0.3132160828018564
1642,0.1642,24,145,24,447566,158044,35836,72120,1.4639668012894143,0.3133417910707148
1643,0.1643,22,140,22,447706,157904,35858,72098,1.4626699766571567,0.31346683941878767
1644,0.1644,31,125,31,447831,157779,35889,72067,1.4615120975212124,0.31354472124814003
1645,0.1645,32,112,32,447943,157667,35921,72035,1.4604746378154063,0.3136019712497061
1646,0.1646,24,127,24,448070,157540,35945,72011,1.4592982326132868,0.3137037085440708
1647,0.1647,36,142,36,448212,157398,35981,71975,1.4579828819148541,0.3137902019854124
1648,0.1648,20,132,20,448344,157266,36001,71955,1.4567601615472971,0.31391102909419294
1649,0.1649,28,123,28,448467,157143,36029,71927,1.455620808477528,0.3139957218317545
1650,0.165,32,132,32,448599,157011,36061,71895,1.4543980881099707,0.31408088909858195
1651,0.1651,29,130,29,448729,156881,36090,71866,1.4531938938085887,0.31417242630504444
1652,0.1652,26,142,26,448871,156739,36116,71840,1.451878543110156,0.31428958915735916
1653,0.1653,16,109,16,448980,156630,36132,71824,1.4508688725036125,0.3143915186427027
1654,0.1654,33,135,33,449115,156495,36165,71791,1.4496183630367927,0.3144783298143557
1655,0.1655,25,129,25,449244,156366,36190,71766,1.4484234317684983,0.31458103203408555
1656,0.1656,28,124,28,449368,156242,36218,71738,1.4472748156656416,0.3146679533292394
1657,0.1657,26,129,26,449497,156113,36244,71712,1.446079884397347,0.3147679139690552
1658,0.1658,22,108,22,449605,156005,36266,71690,1.4450794768238913,0.31485100682931116
1659,0.1659,36,133,36,449738,155872,36302,71654,1.4438474934232466,0.31492664574598067
1660,0.166,23,128,23,449866,155744,36325,71631,1.4426618251880396,0.31503463441451346
1661,0.1661,28,110,28,449976,155634,36353,71603,1.4416428915484085,0.31510273414980833
1662,0.1662,30,149,30,450125,155485,36383,71573,1.440262699618363,0.3152190189290842
1663,0.1663,25,139,25,450264,155346,36408,71548,1.438975138019193,0.3153366770386172
1664,0.1664,19,121,19,450385,155225,36427,71529,1.437854311015599,0.3154475775510024
1665,0.1665,37,154,37,450539,155071,36464,71492,1.4364278039201157,0.3155502001650755
1666,0.1666,24,137,24,450676,154934,36488,71468,1.4351587683871208,0.31566858950009274
1667,0.1667,35,121,35,450797,154813,36523,71433,1.4340379413835267,0.31573154884506244
1668,0.1668,31,138,31,450935,154675,36554,71402,1.432759642817444,0.31583044714853786
1669,0.1669,30,132,30,451067,154543,36584,71372,1.431536922449887,0.31592413075714315
1670,0.167,23,143,23,451210,154400,36607,71349,1.4302123087183667,0.31605455616636174
1671,0.1671,22,119,22,451329,154281,36629,71327,1.4291100077809478,0.31615456898691535
1672,0.1672,28,137,28,451466,154144,36657,71299,1.4278409722479528,0.3162617601788479
1673,0.1673,22,125,22,451591,154019,36679,71277,1.4266830931120087,0.3163704637454726
1674,0.1674,23,142,23,451733,153877,36702,71254,1.425367742413576,0.3165001710115444
1675,0.1675,30,126,30,451859,153751,36732,71224,1.424200600244544,0.3165862873652628
1676,0.1676,24,118,24,451977,153633,36756,71200,1.4231075623402127,0.31667949099998666
1677,0.1677,25,127,25,452104,153506,36781,71175,1.4219311571380933,0.31678246046617203
1678,0.1678,23,148,23,452252,153358,36804,71152,1.4205602282411354,0.3169212952652443
1679,0.1679,39,138,39,452390,153220,36843,71113,1.4192819296750527,0.31699749925334214
1680,0.168,33,113,33,452503,153107,36876,71080,1.4182352069361592,0.317056742808459
1681,0.1681,28,119,28,452622,152988,36904,71052,1.4171329059987403,0.31713979646491697
1682,0.1682,25,125,25,452747,152863,36929,71027,1.415975026862796,0.3172406092277458
1683,0.1683,29,147,29,452894,152716,36958,70998,1.4146133609989255,0.3173605585703175
1684,0.1684,27,117,27,453011,152599,36985,70971,1.4135295861276818,0.3174442009214116
1685,0.1685,32,120,32,453131,152479,37017,70939,1.4124180221571752,0.3175169413386567
1686,0.1686,27,148,27,453279,152331,37044,70912,1.411047093260217,0.31764489816030067
1687,0.1687,26,140,26,453419,152191,37070,70886,1.4097502686279595,0.3177647180121662
1688,0.1688,28,128,28,453547,152063,37098,70858,1.4085646003927526,0.3178614845617954
1689,0.1689,21,113,21,453660,151950,37119,70837,1.407517877653859,0.31795840870427805
1690,0.169,29,138,29,453798,151812,37148,70808,1.4062395790877764,0.3180666606773875
1691,0.1691,27,133,27,453931,151679,37175,70781,1.4050075956871317,0.31817405376247415
1692,0.1692,25,126,25,454057,151553,37200,70756,1.4038404535181,0.31827771255324794
1693,0.1693,28,117,28,454174,151436,37228,70728,1.4027566786468562,0.3183594101654634
1694,0.1694,21,130,21,454304,151306,37249,70707,1.401552484345474,0.318481350191205
1695,0.1695,31,103,31,454407,151203,37280,70676,1.400598391937456,0.31853397572550807
1696,0.1696,27,111,27,454518,151092,37307,70649,1.3995701952647375,0.31861045093149215
1697,0.1697,32,131,32,454649,150961,37339,70617,1.398356737930268,0.3187004124958254
1698,0.1698,27,119,27,454768,150842,37366,70590,1.397254436992849,0.3187886123053579
1699,0.1699,30,126,30,454894,150716,37396,70560,1.3960872948238172,0.31887778159402735
1700,0.17,24,119,24,455013,150597,37420,70536,1.394984993886398,0.3189754582084085
1701,0.1701,34,136,34,455149,150461,37454,70502,1.3937252213864908,0.3190669931164946
1702,0.1702,24,135,24,455284,150326,37478,70478,1.392474711919671,0.3191880581873517
1703,0.1703,20,122,20,455406,150204,37498,70458,1.3913446218829895,0.31930282513527475
1704,0.1704,27,119,27,455525,150085,37525,70431,1.3902423209455703,0.319391790164886
1705,0.1705,23,114,23,455639,149971,37548,70408,1.3891863351735891,0.31948597643151116
1706,0.1706,26,129,26,455768,149842,37574,70382,1.3879914039052947,0.3195927782621331
1707,0.1707,22,132,22,455900,149710,37596,70360,1.3867686835377375,0.3197164538555914
1708,0.1708,28,118,28,456018,149592,37624,70332,1.3856756456334063,0.3198013859333224
1709,0.1709,21,116,21,456134,149476,37645,70311,1.38460113379525,0.31990518092516845
1710,0.171,19,114,19,456248,149362,37664,70292,1.3835451480232688,0.320012383111621
1711,0.1711,27,110,27,456358,149252,37691,70265,1.3825262143836379,0.32008910471626345
1712,0.1712,21,108,21,456466,149144,37712,70244,1.3815258068101819,0.3201815960763579
1713,0.1713,34,116,34,456582,149028,37746,70210,1.3804512949720256,0.3202455778651511
1714,0.1714,26,117,26,456699,148911,37772,70184,1.3793675201007818,0.32033592733745636
1715,0.1715,37,129,37,456828,148782,37809,70147,1.3781725888324874,0.3204098132271193
1716,0.1716,22,124,22,456952,148658,37831,70125,1.3770239727296305,0.32052307537605756
1717,0.1717,27,144,27,457096,148514,37858,70098,1.375690095965023,0.3206502845223501
1718,0.1718,31,133,31,457229,148381,37889,70067,1.374458112564378,0.32074910276129787
1719,0.1719,32,119,32,457348,148262,37921,70035,1.373355811626959,0.3208243814619532
1720,0.172,16,124,16,457472,148138,37937,70019,1.3722071955241024,0.3209569255169442
1721,0.1721,29,133,29,457605,148005,37966,69990,1.3709752121234577,0.3210624096882956
1722,0.1722,34,99,34,457704,147906,38000,69956,1.3700581718477898,0.3211023491935262
1723,0.1723,33,124,33,457828,147782,38033,69923,1.3689095557449331,0.3211823338921936
1724,0.1724,23,139,23,457967,147643,38056,69900,1.367621994145763,0.3213157858446376
1725,0.1725,26,124,26,458091,147519,38082,69874,1.3664733780429064,0.32141789294043505
1726,0.1726,35,99,35,458190,147420,38117,69839,1.3655563377672386,0.3214550375358443
1727,0.1727,26,136,26,458326,147284,38143,69813,1.3642965652673311,0.3215751484359526
1728,0.1728,25,117,25,458443,147167,38168,69788,1.3632127903960873,0.32167039247770274
1729,0.1729,26,110,26,458553,147057,38194,69762,1.3621938567564564,0.3217522449600819
1730,0.173,28,118,28,458671,146939,38222,69734,1.361100818852125,0.3218398231436312
1731,0.1731,19,122,19,458793,146817,38241,69715,1.3599707288154432,0.32196165001016014
1732,0.1732,23,118,23,458911,146699,38264,69692,1.358877690911112,0.32206515058389673
1733,0.1733,25,120,25,459031,146579,38289,69667,1.3577661269406054,0.3221654967028292
1734,0.1734,19,134,19,459165,146445,38308,69648,1.3565248805068733,0.32230567394593995
1735,0.1735,28,111,28,459276,146334,38336,69620,1.3554966838341547,0.32238347055391425
1736,0.1736,23,122,23,459398,146212,38359,69597,1.3543665937974732,0.32249350119781844
1737,0.1737,27,118,27,459516,146094,38386,69570,1.3532735558931417,0.3225851324282217
1738,0.1738,28,129,28,459645,145965,38414,69542,1.352078624624847,0.32269021423898064
1739,0.1739,36,128,36,459773,145837,38450,69506,1.3508929563896401,0.32276879211304754
1740,0.174,39,115,39,459888,145722,38489,69467,1.3498277075845715,0.32281854555762607
1741,0.1741,29,124,29,460012,145598,38518,69438,1.3486790914817148,0.3229133726445804
1742,0.1742,29,108,29,460120,145490,38547,69409,1.3476786839082588,0.32298428564116166
1743,0.1743,14,122,14,460242,145368,38561,69395,1.3465485938715773,0.3231236293029991
1744,0.1744,34,101,34,460343,145267,38595,69361,1.3456130275297344,0.3231684589149598
1745,0.1745,30,119,30,460462,145148,38625,69331,1.3445107265923153,0.3232530923773423
1746,0.1746,29,130,29,460592,145018,38654,69302,1.3433065322909334,0.32335759611795445
1747,0.1747,33,110,33,460702,144908,38687,69269,1.3422875986513023,0.32341941478309993
1748,0.1748,28,104,28,460806,144804,38715,69241,1.3413242432101968,0.3234880515779392
1749,0.1749,37,108,37,460914,144696,38752,69204,1.3403238356367408,0.3235343618513324
1750,0.175,24,123,24,461037,144573,38776,69180,1.3391844825669716,0.3236445804269414
1751,0.1751,24,130,24,461167,144443,38800,69156,1.3379802882655898,0.3237655607001905
1752,0.1752,38,102,38,461269,144341,38838,69118,1.3370354588906592,0.32379988662928244
1753,0.1753,25,133,25,461402,144208,38863,69093,1.3358034754900145,0.3239225320087576
1754,0.1754,29,112,29,461514,144096,38892,69064,1.3347660157842083,0.32400075060987055
1755,0.1755,16,125,16,461639,143971,38908,69048,1.3336081366482642,0.3241401001788573
1756,0.1756,39,126,39,461765,143845,38947,69009,1.3324409944792324,0.3242081426705629
1757,0.1757,20,110,20,461875,143735,38967,68989,1.3314220608396012,0.3243122543765631
1758,0.1758,26,122,26,461997,143613,38993,68963,1.3302919708029197,0.32441573837121784
1759,0.1759,35,126,35,462123,143487,39028,68928,1.329124828633888,0.32449685756655605
1760,0.176,24,130,24,462253,143357,39052,68904,1.3279206343325058,0.32461921879195893
1761,0.1761,26,100,26,462353,143257,39078,68878,1.3269943310237504,0.32468946661324155
1762,0.1762,35,98,35,462451,143159,39113,68843,1.3260865537811701,0.32472806860312636
1763,0.1763,25,136,25,462587,143023,39138,68818,1.3248267812812626,0.3248568501848084
1764,0.1764,20,104,20,462691,142919,39158,68798,1.3238634258401571,0.32495264905510657
1765,0.1765,22,120,22,462811,142799,39180,68776,1.3227518618696505,0.3250667611957935
1766,0.1766,36,112,36,462923,142687,39216,68740,1.3217144021638445,0.32512403808406687
1767,0.1767,23,125,23,463048,142562,39239,68717,1.3205565230279002,0.32524292523156584
1768,0.1768,24,108,24,463156,142454,39263,68693,1.3195561154544444,0.3253325881968486
1769,0.1769,27,109,27,463265,142345,39290,68666,1.318546444847901,0.32541431489353634
1770,0.177,24,117,24,463382,142228,39314,68642,1.3174626699766572,0.3255180917152748
1771,0.1771,30,115,30,463497,142113,39344,68612,1.3163974211715885,0.3255997152687152
1772,0.1772,22,120,22,463617,141993,39366,68590,1.315285857201082,0.3257148012897527
1773,0.1773,26,95,26,463712,141898,39392,68564,1.3144058690577642,0.3257785253394912
1774,0.1774,34,106,34,463818,141792,39426,68530,1.3134239875504836,0.3258337216268388
1775,0.1775,21,114,21,463932,141678,39447,68509,1.3123680017785024,0.3259430887733304
1776,0.1776,27,141,27,464073,141537,39474,68482,1.3110619141131572,0.32607525985744146
1777,0.1777,28,112,28,464185,141425,39502,68454,1.3100244544073512,0.3261593584875095
1778,0.1778,22,110,22,464295,141315,39524,68432,1.3090055207677203,0.3262597319627933
1779,0.1779,29,142,29,464437,141173,39553,68403,1.3076901700692876,0.3263875634614651
1780,0.178,28,109,28,464546,141064,39581,68375,1.3066804994627441,0.32646737236140355
1781,0.1781,20,118,20,464664,140946,39601,68355,1.3055874615584127,0.3265870683847664
1782,0.1782,32,140,32,464804,140806,39633,68323,1.304290636926155,0.32670265721157754
1783,0.1783,33,137,33,464941,140669,39666,68290,1.3030216013931601,0.3268105226384123
1784,0.1784,23,122,23,465063,140547,39689,68267,1.3018915113564786,0.3269273133027479
1785,0.1785,26,98,26,465161,140449,39715,68241,1.3009837341138983,0.32699698116824
1786,0.1786,22,115,22,465276,140334,39737,68219,1.2999184853088295,0.32710629911820976
1787,0.1787,34,114,34,465390,140220,39771,68185,1.2988624995368483,0.32717545164463424
1788,0.1788,31,126,31,465516,140094,39802,68154,1.2976953573678165,0.32727325112366024
1789,0.1789,25,121,25,465637,139973,39827,68129,1.2965745303642224,0.3273827257787047
1790,0.179,28,107,28,465744,139866,39855,68101,1.2955833858238541,0.32746060673087557
1791,0.1791,24,122,24,465866,139744,39879,68077,1.2944532957871726,0.3275751728651099
1792,0.1792,30,105,30,465971,139639,39909,68047,1.2934806773129794,0.3276436543628362
1793,0.1793,24,131,24,466102,139508,39933,68023,1.2922672199785097,0.3277727182926888
1794,0.1794,24,132,24,466234,139376,39957,67999,1.2910444996109527,0.32790355635925256
1795,0.1795,23,99,23,466333,139277,39980,67976,1.2901274593352847,0.32798560213844913
1796,0.1796,20,96,20,466429,139181,40000,67956,1.2892382081588796,0.3280727248149775
1797,0.1797,34,126,34,466555,139055,40034,67922,1.2880710659898478,0.32816206631654726
1798,0.1798,32,109,32,466664,138946,40066,67890,1.2870613953833043,0.32823106229089716
1799,0.1799,22,92,22,466756,138854,40088,67868,1.2862091963392492,0.3283056471976858
1800,0.18,22,135,22,466891,138719,40110,67846,1.2849586868724294,0.3284486723307434
1801,0.1801,27,112,27,467003,138607,40137,67819,1.2839212271666234,0.3285390406247275
1802,0.1802,28,115,28,467118,138492,40165,67791,1.2828559783615547,0.3286310553947732
1803,0.1803,22,157,22,467275,138335,40187,67769,1.2814016821668086,0.32880972712805184
1804,0.1804,26,112,26,467387,138223,40213,67743,1.2803642224610026,0.32890379965625394
1805,0.1805,29,128,29,467515,138095,40242,67714,1.2791785542257956,0.32901379434329886
1806,0.1806,30,109,30,467624,137986,40272,67684,1.2781688836192522,0.3290902902708222
1807,0.1807,31,106,31,467730,137880,40303,67653,1.2771870021119716,0.3291588212111924
1808,0.1808,33,116,33,467846,137764,40336,67620,1.2761124902738152,0.3292369415339072
1809,0.1809,36,100,36,467946,137664,40372,67584,1.2751861869650598,0.3292797006548176
1810,0.181,22,110,22,468056,137554,40394,67562,1.274167253325429,0.32938434836872793
1811,0.1811,26,120,26,468176,137434,40420,67536,1.2730556893549223,0.3294921207981656
1812,0.1812,31,121,31,468297,137313,40451,67505,1.2719348623513282,0.32958529035533984
1813,0.1813,21,118,21,468415,137195,40472,67484,1.270841824446997,0.32970651605685
1814,0.1814,31,111,31,468526,137084,40503,67453,1.2698136277742784,0.3297838532881581
1815,0.1815,23,113,23,468639,136971,40526,67430,1.2687669050353847,0.32989075395912937
1816,0.1816,19,105,19,468744,136866,40545,67411,1.2677942865611915,0.3299979929213764
1817,0.1817,22,92,22,468836,136774,40567,67389,1.2669420875171367,0.33007449929713023
1818,0.1818,22,97,22,468933,136677,40589,67367,1.2660435733076438,0.3301591813530415
1819,0.1819,26,125,26,469058,136552,40615,67341,1.2648856941716995,0.3302761742678758
1820,0.182,19,118,19,469176,136434,40634,67322,1.2637926562673683,0.3304049942087595
1821,0.1821,17,113,17,469289,136321,40651,67305,1.2627459335284745,0.33053244674059307
1822,0.1822,32,102,32,469391,136219,40683,67273,1.261801104153544,0.3305928488589232
1823,0.1823,27,112,27,469503,136107,40710,67246,1.260763644447738,0.3306860483985975
1824,0.1824,19,127,19,469630,135980,40729,67227,1.2595872392456187,0.330830138725536
1825,0.1825,27,108,27,469738,135872,40756,67200,1.2585868316721627,0.3309171131421368
1826,0.1826,19,120,19,469858,135752,40775,67181,1.2574752677016563,0.3310501495567503
1827,0.1827,24,128,24,469986,135624,40799,67157,1.2562895994664494,0.3311799428940581
1828,0.1828,30,98,30,470084,135526,40829,67127,1.255381822223869,0.3312410869811945
1829,0.1829,24,103,24,470187,135423,40853,67103,1.2544277298158508,0.331330298332066
1830,0.183,20,111,20,470298,135312,40873,67083,1.2533995331431325,0.3314459349292226
1831,0.1831,18,109,18,470407,135203,40891,67065,1.252389862536589,0.3315650523068404
1832,0.1832,23,104,23,470511,135099,40914,67042,1.2514265070954833,0.33165958415165653
1833,0.1833,22,125,22,470636,134974,40936,67020,1.250268627959539,0.33179203342673547
1834,0.1834,36,111,36,470747,134863,40972,66984,1.2492404312868206,0.3318553161553057
1835,0.1835,27,110,27,470857,134753,40999,66957,1.2482214976471897,0.3319468543949234
1836,0.1836,25,116,25,470973,134637,41024,66932,1.2471469858090334,0.33205502830296324
1837,0.1837,19,110,19,471083,134527,41043,66913,1.2461280521694023,0.3321733518665608
1838,0.1838,22,104,22,471187,134423,41065,66891,1.2451646967282968,0.33227197313649326
1839,0.1839,25,106,25,471293,134317,41090,66866,1.244182815221016,0.3323640665463782
1840,0.184,19,122,19,471415,134195,41109,66847,1.2430527251843344,0.3325026611354841
1841,0.1841,20,100,20,471515,134095,41129,66827,1.242126421875579,0.33260170613471896
1842,0.1842,24,116,24,471631,133979,41153,66803,1.2410519100374227,0.33271408791624746
1843,0.1843,27,132,27,471763,133847,41180,66776,1.2398291896698654,0.33284319345239577
1844,0.1844,27,123,27,471886,133724,41207,66749,1.2386898366000962,0.3329575553815227
1845,0.1845,26,109,26,471995,133615,41233,66723,1.237680165993553,0.3330521418802224
1846,0.1846,27,117,27,472112,133498,41260,66696,1.236596391122309,0.33315683786726874
1847,0.1847,24,112,24,472224,133386,41284,66672,1.235558931416503,0.333263353627448
1848,0.1848,24,97,24,472321,133289,41308,66648,1.2346604172070104,0.333345003676158
1849,0.1849,28,143,28,472464,133146,41336,66620,1.23333580347549,0.3334901835147122
1850,0.185,17,115,17,472579,133031,41353,66603,1.2322705546704213,0.3336255347285533
1851,0.1851,24,107,24,472686,132924,41377,66579,1.231279410130053,0.3337243048976707
1852,0.1852,21,140,21,472826,132784,41398,66558,1.2299825854977955,0.3338884931424386
1853,0.1853,18,129,18,472955,132655,41416,66540,1.2287876542295009,0.3340445292301514
1854,0.1854,23,110,23,473065,132545,41439,66517,1.22776872058987,0.3341521736946278
1855,0.1855,37,116,37,473181,132429,41476,66480,1.2266942087517136,0.33422318748774565
1856,0.1856,23,112,23,473293,132317,41499,66457,1.2256567490459076,0.33433447030295715
1857,0.1857,30,97,30,473390,132220,41529,66427,1.2247582348364148,0.33439719703796184
1858,0.1858,21,113,21,473503,132107,41550,66406,1.2237115120975213,0.33451713489796636
1859,0.1859,26,100,26,473603,132007,41576,66380,1.2227852087887658,0.33459853720253846
1860,0.186,35,102,35,473705,131905,41611,66345,1.2218403794138353,0.3346532156368222
1861,0.1861,27,91,27,473796,131814,41638,66318,1.2209974434028679,0.33471624977287867
1862,0.1862,34,102,34,473898,131712,41672,66284,1.2200526140279373,0.3347744398876745
1863,0.1863,31,100,31,473998,131612,41703,66253,1.2191263107191819,0.334839410709322
1864,0.1864,32,118,32,474116,131494,41735,66221,1.2180332728148504,0.33493159345522594
1865,0.1865,20,100,20,474216,131394,41755,66201,1.217106969506095,0.3350337812191604
1866,0.1866,17,120,17,474336,131274,41772,66184,1.2159954055355886,0.33518013957398535
1867,0.1867,24,98,24,474434,131176,41796,66160,1.2150876282930083,0.3352657396521669
1868,0.1868,29,86,29,474520,131090,41825,66131,1.2142910074474786,0.33531419067949153
1869,0.1869,17,97,17,474617,130993,41842,66114,1.2133924932379858,0.3354218774574216
1870,0.187,32,109,32,474726,130884,41874,66082,1.2123828226314424,0.3354995278372917
1871,0.1871,15,100,15,474826,130784,41889,66067,1.211456519322687,0.33561932629247504
1872,0.1872,28,101,28,474927,130683,41917,66039,1.210520952980844,0.33569707506023727
1873,0.1873,18,87,18,475014,130596,41935,66021,1.209715069102227,0.33578479989014176
1874,0.1874,20,106,20,475120,130490,41955,66001,1.208733187594946,0.3358983363105689
1875,0.1875,30,99,30,475219,130391,41985,65971,1.2078161473192783,0.335966225644473
1876,0.1876,27,110,27,475329,130281,42012,65944,1.2067972136796472,0.33606319276340935
1877,0.1877,24,106,24,475435,130175,42036,65920,1.2058153321723666,0.3361635941762921
1878,0.1878,20,103,20,475538,130072,42056,65900,1.2048612397643483,0.33627252872859387
1879,0.1879,32,102,32,475640,129970,42088,65868,1.203916410389418,0.3363392191505224
1880,0.188,21,108,21,475748,129862,42109,65847,1.202916002815962,0.3364536122508418
1881,0.1881,26,101,26,475849,129761,42135,65821,1.2019804364741191,0.33653914981951305
1882,0.1882,21,110,21,475959,129651,42156,65800,1.2009615028344882,0.3366572695969834
1883,0.1883,19,92,19,476051,129559,42175,65781,1.2001093037904331,0.3367513054161974
1884,0.1884,26,111,26,476162,129448,42201,65755,1.1990811071177145,0.33685445408113607
1885,0.1885,30,102,30,476264,129346,42231,65725,1.1981362777427842,0.3369286054821065
1886,0.1886,24,105,24,476369,129241,42255,65701,1.1971636592685908,0.3370284494875399
1887,0.1887,28,103,28,476472,129138,42283,65673,1.1962095668605728,0.3371113540816484
1888,0.1888,33,119,33,476591,129019,42316,65640,1.1951072659231539,0.33720506115823057
1889,0.1889,28,109,28,476700,128910,42344,65612,1.1940975953166104,0.33729860889770824
1890,0.189,28,99,28,476799,128811,42372,65584,1.1931805550409427,0.33737493248283135
1891,0.1891,36,104,36,476903,128707,42408,65548,1.192217199599837,0.3374327559136187
1892,0.1892,31,110,31,477013,128597,42439,65517,1.191198265960206,0.3375181594320863
1893,0.1893,22,118,22,477131,128479,42461,65495,1.1901052280558746,0.33764834462350624
1894,0.1894,34,109,34,477240,128370,42495,65461,1.1890955574493312,0.3377220362067987
1895,0.1895,27,113,27,477353,128257,42522,65434,1.1880488347104377,0.3378267446603095
1896,0.1896,13,104,13,477457,128153,42535,65421,1.187085479269332,0.3379637761269592
1897,0.1897,25,93,25,477550,128060,42560,65396,1.1862240171921894,0.33804069142337273
1898,0.1898,27,112,27,477662,127948,42587,65369,1.1851865574863834,0.33814408458645645
1899,0.1899,20,106,20,477768,127842,42607,65349,1.1842046759791025,0.3382610991195242
1900,0.19,25,113,25,477881,127729,42632,65324,1.183157953240209,0.3383734000507633
1901,0.1901,28,104,28,477985,127625,42660,65296,1.1821945977991033,0.3384597840566864
1902,0.1902,20,121,20,478106,127504,42680,65276,1.1810737707955092,0.33860358958398173
1903,0.1903,22,96,22,478202,127408,42702,65254,1.180184519619104,0.33869678504323636
1904,0.1904,24,106,24,478308,127302,42726,65230,1.1792026381118232,0.3388008227203789
1905,0.1905,34,87,34,478395,127215,42760,65196,1.1783967542332061,0.33883717666869356
1906,0.1906,31,106,31,478501,127109,42791,65165,1.1774148727259255,0.3389173783246825
1907,0.1907,24,100,24,478601,127009,42815,65141,1.17648856941717,0.33901118917512363
1908,0.1908,24,102,24,478703,126907,42839,65117,1.1755437400422395,0.339108653085031
1909,0.1909,30,129,30,478832,126778,42869,65087,1.1743488087739449,0.33923331509134025
1910,0.191,19,130,19,478962,126648,42888,65068,1.1731446144725628,0.3393978593335976
1911,0.1911,22,117,22,479079,126531,42910,65046,1.172060839601319,0.3395292754349426
1912,0.1912,22,103,22,479182,126428,42932,65024,1.171106747193301,0.3396360445438021
1913,0.1913,31,106,31,479288,126322,42963,64993,1.1701248656860201,0.3397172202911429
1914,0.1914,27,115,27,479403,126207,42990,64966,1.1690596168809515,0.33982832303724897
1915,0.1915,22,110,22,479513,126097,43012,64944,1.1680406832413206,0.3399479692840804
1916,0.1916,26,92,26,479605,126005,43038,64918,1.1671884841972655,0.34002189364298696
1917,0.1917,19,112,19,479717,125893,43057,64899,1.1661510244914595,0.3401557717304709
1918,0.1918,27,110,27,479827,125783,43084,64872,1.1651320908518286,0.34025858225590727
1919,0.1919,23,99,23,479926,125684,43107,64849,1.1642150505761606,0.34035573890087284
1920,0.192,27,81,27,480007,125603,43134,64822,1.1634647448960687,0.34040698437705136
1921,0.1921,21,109,21,480116,125494,43155,64801,1.1624550742895254,0.3405291783809349
1922,0.1922,19,103,19,480219,125391,43174,64782,1.1615009818815072,0.34064772601788895
1923,0.1923,26,134,26,480353,125257,43200,64756,1.160259735447775,0.3407977348918232
1924,0.1924,23,103,23,480456,125154,43223,64733,1.159305643039757,0.34090274742346766
1925,0.1925,25,104,25,480560,125050,43248,64708,1.1583422875986513,0.3410027508721635
1926,0.1926,32,119,32,480679,124931,43280,64676,1.1572399866612324,0.34110554990058384
1927,0.1927,32,109,32,480788,124822,43312,64644,1.156230316054689,0.34119050383710003
1928,0.1928,22,93,22,480881,124729,43334,64622,1.1553688539775464,0.34128153534969446
1929,0.1929,26,101,26,480982,124628,43360,64596,1.1544332876357035,0.3413731873335306
1930,0.193,25,102,25,481084,124526,43385,64571,1.153488458260773,0.3414702507178855
1931,0.1931,30,114,30,481198,124412,43415,64541,1.1524324724887918,0.3415717136007367
1932,0.1932,23,88,23,481286,124324,43438,64518,1.151617325577087,0.3416506921129833
1933,0.1933,32,98,32,481384,124226,43470,64486,1.1507095483345067,0.34171647801941585
1934,0.1934,27,98,27,481482,124128,43497,64459,1.1498017710919264,0.3417998059251168
1935,0.1935,28,105,28,481587,124023,43525,64431,1.1488291526177332,0.3418924512082524
1936,0.1936,25,94,25,481681,123929,43550,64406,1.147958427507503,0.34197573472801124
1937,0.1937,22,124,22,481805,123805,43572,64384,1.1468098114046463,0.34212414115596557
1938,0.1938,36,105,36,481910,123700,43608,64348,1.1458371929304532,0.3421892282821407
1939,0.1939,21,115,21,482025,123585,43629,64327,1.1447719441253845,0.34232513091234196
1940,0.194,17,104,17,482129,123481,43646,64310,1.1438085886842788,0.3424551762331528
1941,0.1941,30,111,30,482240,123370,43676,64280,1.1427803920115602,0.3425526245670131
1942,0.1942,29,113,29,482353,123257,43705,64251,1.1417336692726667,0.34265737995178874
1943,0.1943,31,95,31,482448,123162,43736,64220,1.140853681129349,0.34272235326765643
1944,0.1944,16,87,16,482535,123075,43752,64204,1.1400477972507317,0.34282541021684226
1945,0.1945,26,93,26,482628,122982,43778,64178,1.1391863351735891,0.34290446676640307
1946,0.1946,25,99,25,482727,122883,43803,64153,1.1382692948979214,0.34299813939562435
1947,0.1947,16,102,16,482829,122781,43819,64137,1.1373244655229908,0.3431290726414791
1948,0.1948,24,109,24,482938,122672,43843,64113,1.1363147949164474,0.34324490724629925
1949,0.1949,22,94,22,483032,122578,43865,64091,1.1354440698062174,0.34334035110275407
1950,0.195,20,93,20,483125,122485,43885,64071,1.1345826077290748,0.3434411115161131
1951,0.1951,23,101,23,483226,122384,43908,64048,1.133647041387232,0.3435461723309303
1952,0.1952,22,100,22,483326,122284,43930,64026,1.1327207380784765,0.3436530513660029
1953,0.1953,22,104,22,483430,122180,43952,64004,1.1317573826373708,0.34376745585012675
1954,0.1954,31,104,31,483534,122076,43983,63973,1.130794027196265,0.34385027600255846
1955,0.1955,20,104,20,483638,121972,44003,63953,1.1298306717551596,0.34397203173322577
1956,0.1956,20,97,20,483735,121875,44023,63933,1.1289321575456668,0.3440809868251098
1957,0.1957,28,92,28,483827,121783,44051,63905,1.1280799585016117,0.34415255697729524
1958,0.1958,25,101,25,483928,121682,44076,63880,1.1271443921597688,0.3442515170131816
1959,0.1959,23,102,23,484030,121580,44099,63857,1.1261995627848382,0.34435953989764717
1960,0.196,23,108,23,484138,121472,44122,63834,1.1251991552113825,0.3444788619904374
1961,0.1961,25,96,25,484234,121376,44147,63809,1.124309904034977,0.34456894456894455
1962,0.1962,17,88,17,484322,121288,44164,63792,1.1234947571232725,0.34467257402204454
1963,0.1963,20,89,20,484411,121199,44184,63772,1.12267034717848,0.3447675581577653
1964,0.1964,21,102,21,484513,121097,44205,63751,1.1217255178035497,0.34488336362849475
1965,0.1965,21,98,21,484611,120999,44226,63730,1.1208177405609694,0.344991852930509
1966,0.1966,27,92,27,484703,120907,44253,63703,1.1199655415169143,0.3450679811494502
1967,0.1967,21,118,21,484821,120789,44274,63682,1.1188725036125828,0.3452141529020822
1968,0.1968,26,101,26,484922,120688,44300,63656,1.11793693727074,0.3453109404157445
1969,0.1969,27,83,27,485005,120605,44327,63629,1.1171681055244729,0.34537056135132493
1970,0.197,28,91,28,485096,120514,44355,63601,1.1163251695135055,0.34544170762838444
1971,0.1971,27,89,27,485185,120425,44382,63574,1.1155007595687132,0.3455127473518878
1972,0.1972,28,107,28,485292,120318,44410,63546,1.114509615028345,0.3456141495888265
1973,0.1973,21,103,21,485395,120215,44431,63525,1.1135555226203269,0.34573310112114947
1974,0.1974,27,95,27,485490,120120,44458,63498,1.1126755344770092,0.3458157696957815
1975,0.1975,25,102,25,485592,120018,44483,63473,1.1117307051020786,0.34591887340523514
1976,0.1976,33,101,33,485693,119917,44516,63440,1.1107951387602357,0.3459916992533691
1977,0.1977,21,100,21,485793,119817,44537,63419,1.1098688354514803,0.34610556877469495
1978,0.1978,29,94,29,485887,119723,44566,63390,1.10899811034125,0.3461796813989176
1979,0.1979,19,100,19,485987,119623,44585,63371,1.1080718070324946,0.3463009716165557
1980,0.198,28,99,28,486086,119524,44613,63343,1.107154766756827,0.346388358752536
1981,0.1981,14,100,14,486186,119424,44627,63329,1.1062284634480715,0.34652782717657166
1982,0.1982,43,104,43,486290,119320,44670,63286,1.1052651080069658,0.3465713065288107
1983,0.1983,32,97,32,486387,119223,44702,63254,1.1043665937974732,0.34664094653024763
1984,0.1984,20,82,20,486469,119141,44722,63234,1.1036070250842935,0.3467251542152159
1985,0.1985,25,97,25,486566,119044,44747,63209,1.102708510874801,0.34682007977920803
1986,0.1986,31,95,31,486661,118949,44778,63178,1.1018285227314832,0.34688980766168664
1987,0.1987,32,92,32,486753,118857,44810,63146,1.1009763236874281,0.34695032499464296
1988,0.1988,34,97,34,486850,118760,44844,63112,1.1000778094779355,0.3470132840679159
1989,0.1989,23,97,23,486947,118663,44867,63089,1.0991792952684427,0.34711585016946167
1990,0.199,35,101,35,487048,118562,44902,63054,1.0982437289265998,0.3471830675711391
1991,0.1991,23,117,23,487165,118445,44925,63031,1.0971599540553558,0.3473241640767925
1992,0.1992,24,90,24,487255,118355,44949,63007,1.096326281077476,0.3474101520715475
1993,0.1993,17,99,17,487354,118256,44966,62990,1.0954092408018081,0.34753870430243977
1994,0.1994,25,109,25,487463,118147,44991,62965,1.0943995701952647,0.3476578029064888
1995,0.1995,28,101,28,487564,118046,45019,62937,1.0934640038534218,0.34775089373035034
1996,0.1996,28,97,28,487661,117949,45047,62909,1.092565489643929,0.34783642415596766
1997,0.1997,34,103,34,487764,117846,45081,62875,1.091611397235911,0.34791197481200303
1998,0.1998,21,103,21,487867,117743,45102,62854,1.090657304827893,0.34803457421773343
1999,0.1999,23,91,23,487958,117652,45125,62831,1.0898143688169255,0.34812697040718515
2000,0.2,19,94,19,488052,117558,45144,62812,1.0889436437066953,0.3482397294450297
2001,0.2001,16,81,16,488133,117477,45160,62796,1.0881933380266033,0.34833835349719594
2002,0.2002,22,95,22,488228,117382,45182,62774,1.0873133498832859,0.34844246097826326
2003,0.2003,21,101,21,488329,117281,45203,62753,1.0863777835414428,0.3485619383005432
2004,0.2004,20,117,20,488446,117164,45223,62733,1.085294008670199,0.3487162098311812
2005,0.2005,17,98,17,488544,117066,45240,62716,1.0843862314276187,0.34884471192889166
2006,0.2006,31,104,31,488648,116962,45271,62685,1.083422875986513,0.34893429893068073
2007,0.2007,25,105,25,488753,116857,45296,62660,1.0824502575123198,0.34904772249981897
2008,0.2008,16,94,16,488847,116763,45312,62644,1.0815795324020898,0.34917255179563783
2009,0.2009,21,108,21,488955,116655,45333,62623,1.0805791248286338,0.3493066633942815
2010,0.201,27,94,27,489049,116561,45360,62596,1.0797083997184038,0.3493918741662341
2011,0.2011,22,110,22,489159,116451,45382,62574,1.078689466078773,0.34952660242982825
2012,0.2012,22,90,22,489249,116361,45404,62552,1.077855793100893,0.34962244219257405
2013,0.2013,28,87,28,489336,116274,45432,62524,1.0770499092222758,0.34969071242407634
2014,0.2014,19,93,19,489429,116181,45451,62505,1.0761884471451333,0.34980356603203383
2015,0.2015,18,111,18,489540,116070,45469,62487,1.0751602504724147,0.3499554764024933
2016,0.2016,24,108,24,489648,115962,45493,62463,1.074159842898959,0.35007986548970155
2017,0.2017,27,77,27,489725,115885,45520,62436,1.073446589351217,0.35013262599469497
2018,0.2018,22,96,22,489821,115789,45542,62414,1.072557338174812,0.35024101726682494
2019,0.2019,24,83,24,489904,115706,45566,62390,1.071788506428545,0.35031668313718445
2020,0.202,14,86,14,489990,115620,45580,62376,1.0709918855830154,0.3504348412323872
2021,0.2021,19,85,19,490075,115535,45599,62357,1.0702045277705732,0.35053290760686256
2022,0.2022,17,103,17,490178,115432,45616,62340,1.0692504353625552,0.3506738969016493
2023,0.2023,22,102,22,490280,115330,45638,62318,1.0683056059876246,0.350794830226065
2024,0.2024,29,97,29,490377,115233,45667,62289,1.0674070917781318,0.3508804542535573
2025,0.2025,29,98,29,490475,115135,45696,62260,1.0664993145355515,0.35096817835902927
2026,0.2026,28,101,28,490576,115034,45724,62232,1.0655637481937086,0.351065630182889
2027,0.2027,21,96,21,490672,114938,45745,62211,1.0646744970173034,0.35117895105250385
2028,0.2028,25,86,25,490758,114852,45770,62186,1.0638778761717738,0.3512579220280392
2029,0.2029,22,95,22,490853,114757,45792,62164,1.062997888028456,0.35136586386014096
2030,0.203,31,119,31,490972,114638,45823,62133,1.0618955870910372,0.351488649156253
2031,0.2031,24,108,24,491080,114530,45847,62109,1.0608951795175812,0.3516154416635058
2032,0.2032,22,96,22,491176,114434,45869,62087,1.060005928341176,0.3517258569801893
2033,0.2033,33,102,33,491278,114332,45902,62054,1.0590610989662455,0.35180796661866587
2034,0.2034,21,83,21,491361,114249,45923,62033,1.0582922672199786,0.3518963932789508
2035,0.2035,24,90,24,491451,114159,45947,62009,1.0574585942420986,0.3519878752100268
2036,0.2036,29,85,29,491536,114074,45976,61980,1.0566712364296564,0.35205107523827917
2037,0.2037,34,89,34,491625,113985,46010,61946,1.0558468264848642,0.3521039498439729
2038,0.2038,28,101,28,491726,113884,46038,61918,1.0549112601430213,0.3522030466092536
2039,0.2039,22,90,22,491816,113794,46060,61896,1.0540775871651413,0.3523023507314019
2040,0.204,32,89,32,491905,113705,46092,61864,1.053253177220349,0.35236288866485543
2041,0.2041,25,78,25,491983,113627,46117,61839,1.0525306606395197,0.35242725086341514
2042,0.2042,17,110,17,492093,113517,46134,61822,1.0515117269998888,0.3525855628240152
2043,0.2043,19,95,19,492188,113422,46153,61803,1.0506317388565711,0.35270652018832926
2044,0.2044,20,81,20,492269,113341,46173,61783,1.0498814331764794,0.35279573330896963
2045,0.2045,24,86,24,492355,113255,46197,61759,1.0490848123309497,0.35288034100129134
2046,0.2046,18,101,18,492456,113154,46215,61741,1.0481492459891066,0.3530175248005946
2047,0.2047,20,94,20,492550,113060,46235,61721,1.0472785208788766,0.353133349734811
2048,0.2048,20,92,20,492642,112968,46255,61701,1.0464263218348215,0.35324528107448944
2049,0.2049,31,77,31,492719,112891,46286,61670,1.0457130682870799,0.35328624377724693
2050,0.205,26,83,26,492802,112808,46312,61644,1.044944236540813,0.3533579437323734
2051,0.2051,33,91,33,492893,112717,46345,61611,1.0441013005298454,0.35341998990408885
2052,0.2052,24,96,24,492989,112621,46369,61587,1.0432120493534403,0.3535256704628949
2053,0.2053,24,85,24,493074,112536,46393,61563,1.0424246915409983,0.3536091534127135
2054,0.2054,34,97,34,493171,112439,46427,61529,1.0415261773315054,0.3536799871240688
2055,0.2055,26,82,26,493253,112357,46453,61503,1.040766608618326,0.3537501437938571
2056,0.2056,29,82,29,493335,112275,46482,61474,1.0400070399051466,0.35380923055672264
2057,0.2057,23,98,23,493433,112177,46505,61451,1.0390992626625661,0.35392333033842466
2058,0.2058,28,86,28,493519,112091,46533,61423,1.0383026418170365,0.35399449035812675
2059,0.2059,29,101,29,493620,111990,46562,61394,1.0373670754751936,0.3540926498408158
2060,0.206,25,108,25,493728,111882,46587,61369,1.0363666679017378,0.3542201776613122
2061,0.2061,24,98,24,493826,111784,46611,61345,1.0354588906591575,0.35433116346770327
2062,0.2062,19,113,19,493939,111671,46630,61326,1.0344121679202638,0.35449169638779865
2063,0.2063,25,83,25,494022,111588,46655,61301,1.0336433361739967,0.35456853819502687
2064,0.2064,25,88,25,494110,111500,46680,61276,1.0328281892622921,0.3546557392230402
2065,0.2065,22,87,22,494197,111413,46702,61254,1.0320223053836748,0.35475221090306774
2066,0.2066,24,80,24,494277,111333,46726,61230,1.0312812627366705,0.35482693277237876
2067,0.2067,23,107,23,494384,111226,46749,61207,1.0302901181963022,0.35496105733821254
2068,0.2068,28,92,28,494476,111134,46777,61179,1.0294379191522471,0.35504575975115055
2069,0.2069,21,80,21,494556,111054,46798,61158,1.0286968765052429,0.3551320465472789
2070,0.207,20,91,20,494647,110963,46818,61138,1.0278539404942755,0.3552448852708584
2071,0.2071,19,98,19,494745,110865,46837,61119,1.0269461632516952,0.3553760814959531
2072,0.2072,17,90,17,494835,110775,46854,61102,1.0261124902738152,0.35549840874578914
2073,0.2073,24,94,24,494929,110681,46878,61078,1.0252417651635852,0.3556029087267625
2074,0.2074,20,104,20,495033,110577,46898,61058,1.0242784097224795,0.3557432924520057
2075,0.2075,26,80,26,495113,110497,46924,61032,1.0235373670754753,0.355811553731439
2076,0.2076,29,95,29,495208,110402,46953,61003,1.0226573789321576,0.3558997695516467
2077,0.2077,18,91,18,495299,110311,46971,60985,1.0218144429211902,0.35602115636091913
2078,0.2078,32,97,32,495396,110214,47003,60953,1.0209159287116973,0.3561025197614026
2079,0.2079,20,81,20,495477,110133,47023,60933,1.0201656230316054,0.3561958542317
2080,0.208,25,78,25,495555,110055,47048,60908,1.0194431064507763,0.356264220913297
2081,0.2081,20,99,20,495654,109956,47068,60888,1.0185260661751083,0.35639530800028096
2082,0.2082,26,80,26,495734,109876,47094,60862,1.017785023528104,0.3564642903161569
2083,0.2083,20,96,20,495830,109780,47114,60842,1.016895772351699,0.35658941988723614
2084,0.2084,19,91,19,495921,109689,47133,60823,1.0160528363407315,0.3567080322792531
2085,0.2085,14,92,14,496013,109597,47147,60809,1.0152006372966764,0.3568477635763999
2086,0.2086,22,85,22,496098,109512,47169,60787,1.0144132794842342,0.356942788859594
2087,0.2087,31,105,31,496203,109407,47200,60756,1.013440661010041,0.3570458912924666
2088,0.2088,17,87,17,496290,109320,47217,60739,1.012634777131424,0.3571642782798911
2089,0.2089,23,86,23,496376,109234,47240,60716,1.0118381562858942,0.3572580170638423
2090,0.209,26,77,26,496453,109157,47266,60690,1.0111249027381526,0.3573215894304874
2091,0.2091,19,93,19,496546,109064,47285,60671,1.01026344066101,0.35744542964032167
2092,0.2092,25,103,25,496649,108961,47310,60646,1.009309348252992,0.3575677890653098
2093,0.2093,25,86,25,496735,108875,47335,60621,1.0085127274074623,0.3576544579223109
2094,0.2094,23,81,23,496816,108794,47358,60598,1.0077624217273704,0.3577382639085671
2095,0.2095,19,76,19,496892,108718,47377,60579,1.0070584312127162,0.35782677779287286
2096,0.2096,23,102,23,496994,108616,47400,60556,1.0061136018377859,0.3579552171754191
2097,0.2097,24,69,24,497063,108547,47424,60532,1.0054744525547445,0.3580101609306892
2098,0.2098,36,80,36,497143,108467,47460,60496,1.0047334099077403,0.3580428851286968
2099,0.2099,21,89,21,497232,108378,47481,60475,1.0039089999629478,0.3581517651448301
2100,0.21,19,80,19,497312,108298,47500,60456,1.0031679573159435,0.3582492859428517
2101,0.2101,23,86,23,497398,108212,47523,60433,1.0023713364704139,0.3583444513623292
2102,0.2102,25,95,25,497493,108117,47548,60408,1.0014913483270962,0.35845126835781044
2103,0.2103,21,91,21,497584,108026,47569,60387,1.0006484123161288,0.3585649563869773
2104,0.2104,29,89,29,497673,107937,47598,60358,0.9998240023713365,0.3586440476544164
2105,0.2105,19,87,19,497760,107850,47617,60339,0.9990181184927193,0.3587571125341134
2106,0.2106,29,76,29,497836,107774,47646,60310,0.9983141279780652,0.35880869089264894
2107,0.2107,27,98,27,497934,107676,47673,60283,0.9974063507354848,0.35891497329705463
2108,0.2108,37,84,37,498018,107592,47710,60246,0.9966282559561302,0.358953276373646
2109,0.2109,30,86,30,498104,107506,47740,60216,0.9958316351106006,0.35902266846329045
2110,0.211,30,104,30,498208,107402,47770,60186,0.994868279669495,0.35913072535026375
2111,0.2111,35,88,35,498296,107314,47805,60151,0.9940531327577902,0.35918550144806377
2112,0.2112,26,81,26,498377,107233,47831,60125,0.9933028270776983,0.3592597903894645
2113,0.2113,30,74,30,498451,107159,47861,60095,0.9926173626292193,0.3593038133617133
2114,0.2114,27,89,27,498540,107070,47888,60068,0.991792952684427,0.3593916404408333
2115,0.2115,27,97,27,498637,106973,47915,60041,0.9908944384749342,0.35949680865077177
2116,0.2116,24,73,24,498710,106900,47939,60017,0.9902182370595428,0.3595619379691703
2117,0.2117,13,73,13,498783,106827,47952,60004,0.9895420356441513,0.35966936600511895
2118,0.2118,27,74,27,498857,106753,47979,59977,0.9888565711956723,0.359725304384334
2119,0.2119,23,86,23,498943,106667,48002,59954,0.9880599503501426,0.35982259139004086
2120,0.212,28,82,28,499025,106585,48030,59926,0.9873003816369632,0.359892139258067
2121,0.2121,20,94,20,499119,106491,48050,59906,0.9864296565267331,0.3600185099490976
2122,0.2122,32,71,32,499190,106420,48082,59874,0.9857719811775167,0.3600490697198937
2123,0.2123,39,80,39,499270,106340,48121,59835,0.9850309385305124,0.3600722130284339
2124,0.2124,23,77,23,499347,106263,48144,59812,0.9843176849827707,0.36015053439710976
2125,0.2125,20,78,20,499425,106185,48164,59792,0.9835951684019415,0.3602426842273327
2126,0.2126,19,96,19,499521,106089,48183,59773,0.9827059172255364,0.36037790452303725
2127,0.2127,26,70,26,499591,106019,48209,59747,0.9820575049094076,0.3604297624362052
2128,0.2128,26,72,26,499663,105947,48235,59721,0.9813905665271037,0.360486032305575
2129,0.2129,15,74,15,499737,105873,48250,59706,0.9807051020786246,0.36058920515282733
2130,0.213,29,92,29,499829,105781,48279,59677,0.9798529030345696,0.3606776342032419
2131,0.2131,24,77,24,499906,105704,48303,59653,0.979139649486828,0.36075279546677796
2132,0.2132,23,79,23,499985,105625,48326,59630,0.9784078698729112,0.360836283319718
2133,0.2133,16,72,16,500057,105553,48342,59614,0.9777409314906073,0.36093166310461533
2134,0.2134,26,89,26,500146,105464,48368,59588,0.976916521545815,0.3610256161694496
2135,0.2135,23,84,23,500230,105380,48391,59565,0.9761384267664605,0.3611203734578193
2136,0.2136,30,85,30,500315,105295,48421,59535,0.9753510689540184,0.3611903172966086
2137,0.2137,34,71,34,500386,105224,48455,59501,0.974693393604802,0.36121414478676583
2138,0.2138,22,88,22,500474,105136,48477,59479,0.9738782466930972,0.36132187224736506
2139,0.2139,25,80,25,500554,105056,48502,59454,0.9731372040460928,0.3614005227645736
2140,0.214,23,82,23,500636,104974,48525,59431,0.9723776353329134,0.36149143882485324
2141,0.2141,20,82,20,500718,104892,48545,59411,0.9716180666197339,0.36159412792219253
2142,0.2142,27,73,27,500791,104819,48572,59384,0.9709418652043426,0.3616499089541604
2143,0.2143,28,88,28,500879,104731,48600,59356,0.9701267182926377,0.36173493329757994
2144,0.2144,19,74,19,500953,104657,48619,59337,0.9694412538441587,0.36182421308096635
2145,0.2145,23,94,23,501047,104563,48642,59314,0.9685705287339287,0.3619421883485785
2146,0.2146,18,86,18,501133,104477,48660,59296,0.967773907888399,0.36206212257209675
2147,0.2147,23,96,23,501229,104381,48683,59273,0.9668846567119938,0.3621848534102436
2148,0.2148,20,83,20,501312,104298,48703,59253,0.9661158249657268,0.36229066162848284
2149,0.2149,25,77,25,501389,104221,48728,59228,0.9654025714179851,0.3623637954346616
2150,0.215,28,79,28,501468,104142,48756,59200,0.9646707918040683,0.36242974862558314
2151,0.2151,25,88,25,501556,104054,48781,59175,0.9638556448923635,0.36252749205104484
2152,0.2152,18,94,18,501650,103960,48799,59157,0.9629849197821334,0.36266606178387295
2153,0.2153,26,100,26,501750,103860,48825,59131,0.9620586164733781,0.3627869023443012
2154,0.2154,25,77,25,501827,103783,48850,59106,0.9613453629256363,0.36286059832155637
2155,0.2155,24,73,24,501900,103710,48874,59082,0.960669161510245,0.3629293822792275
2156,0.2156,21,90,21,501990,103620,48895,59061,0.959835488532365,0.3630479281538717
2157,0.2157,16,86,16,502076,103534,48911,59045,0.9590388676868353,0.3631772861193635
2158,0.2158,22,72,22,502148,103462,48933,59023,0.9583719293045315,0.3632519924916146
2159,0.2159,24,100,24,502248,103362,48957,58999,0.9574456259957761,0.36338160026114646
2160,0.216,21,89,21,502337,103273,48978,58978,0.9566212160509837,0.3634985300552847
2161,0.2161,22,84,22,502421,103189,49000,58956,0.9558431212716292,0.3636004810509112
2162,0.2162,23,113,23,502534,103076,49023,58933,0.9547963985327356,0.3637637415205328
2163,0.2163,29,96,29,502630,102980,49052,58904,0.9539071473563303,0.3638654839267624
2164,0.2164,26,92,26,502722,102888,49078,58878,0.9530549483122753,0.3639701791476577
2165,0.2165,16,93,16,502815,102795,49094,58862,0.9521934862351328,0.36411661728227046
2166,0.2166,13,92,13,502907,102703,49107,58849,0.9513412871910778,0.36427280380310983
2167,0.2167,18,70,18,502977,102633,49125,58831,0.950692874874949,0.3643598573056533
2168,0.2168,27,104,27,503081,102529,49152,58804,0.9497295194338434,0.3644883563809016
2169,0.2169,21,80,21,503161,102449,49173,58783,0.9489884767868391,0.3645864344546988
2170,0.217,21,88,21,503249,102361,49194,58762,0.9481733298751344,0.36470274262519936
2171,0.2171,18,69,18,503318,102292,49212,58744,0.947534180592093,0.3647879977147967
2172,0.2172,31,83,31,503401,102209,49243,58713,0.9467653488458261,0.3648537800922186
2173,0.2173,18,85,18,503486,102124,49261,58695,0.945977991033384,0.3649755314981439
2174,0.2174,25,80,25,503566,102044,49286,58670,0.9452369483863796,0.36505842677053646
2175,0.2175,32,82,32,503648,101962,49318,58638,0.9444773796732002,0.3651183063511831
2176,0.2176,20,77,20,503725,101885,49338,58618,0.9437641261254586,0.3652143573640368
2177,0.2177,35,90,35,503815,101795,49373,58583,0.9429304531475786,0.36528077417102095
2178,0.2178,19,96,19,503911,101699,49392,58564,0.9420412019711735,0.36542433375139616
2179,0.2179,14,86,14,503997,101613,49406,58550,0.9412445811256438,0.3655650805741651
2180,0.218,35,95,35,504092,101518,49441,58515,0.9403645929823261,0.3656433360619372
2181,0.2181,26,82,26,504174,101436,49467,58489,0.9396050242691467,0.3657276848522745
2182,0.2182,20,89,20,504263,101347,49487,58469,0.9387806143243543,0.3658519797767433
2183,0.2183,28,99,28,504362,101248,49515,58441,0.9378635740486865,0.36596759952157004
2184,0.2184,25,75,25,504437,101173,49540,58416,0.93716884656712,0.36604026593311567
2185,0.2185,22,71,22,504508,101102,49562,58394,0.9365111712179036,0.36611576465867485
2186,0.2186,13,86,13,504594,101016,49575,58381,0.9357145503723739,0.3662615983989661
2187,0.2187,22,88,22,504682,100928,49597,58359,0.9348994034606691,0.36637641489889317
2188,0.2188,27,93,27,504775,100835,49624,58332,0.9340379413835266,0.3664830021298385
2189,0.2189,32,91,32,504866,100744,49656,58300,0.9331950053725592,0.36656522723271545
2190,0.219,26,75,26,504941,100669,49682,58274,0.9325002778909927,0.3666345796920909
2191,0.2191,26,81,26,505022,100588,49708,58248,0.9317499722109007,0.3667178725226019
2192,0.2192,30,87,30,505109,100501,49738,58218,0.9309440883322835,0.3667991859827746
2193,0.2193,25,78,25,505187,100423,49763,58193,0.9302215717514543,0.3668797599233369
2194,0.2194,28,75,28,505262,100348,49791,58165,0.9295268442698877,0.3669415126835023
2195,0.2195,21,90,21,505352,100258,49812,58144,0.9286931712920079,0.36706607239807576
2196,0.2196,23,92,23,505444,100166,49835,58121,0.9278409722479529,0.36718745064345143
2197,0.2197,23,87,23,505531,100079,49858,58098,0.9270350883693357,0.36729739469075784
2198,0.2198,18,68,18,505599,100011,49876,58080,0.9264052021193819,0.36738334250526594
2199,0.2199,25,89,25,505688,99922,49901,58055,0.9255807921745897,0.36749020427024187
2200,0.22,20,84,20,505772,99838,49921,58035,0.9248026973952351,0.367605607038569
2201,0.2201,22,95,22,505867,99743,49943,58013,0.9239227092519174,0.36773878648038744
2202,0.2202,23,83,23,505950,99660,49966,57990,0.9231538775056505,0.3678401522359657
2203,0.2203,26,76,26,506026,99584,49992,57964,0.9224498869909963,0.3679132708761774
2204,0.2204,22,85,22,506111,99499,50014,57942,0.9216625291785542,0.3680235770860195
2205,0.2205,26,84,26,506195,99415,50040,57916,0.9208844343991996,0.3681156288334785
2206,0.2206,19,69,19,506264,99346,50059,57897,0.9202452851161584,0.36820081021094736
2207,0.2207,27,67,27,506331,99279,50086,57870,0.9196246618992923,0.36824924116602714
2208,0.2208,19,81,19,506412,99198,50105,57851,0.9188743562192004,0.36836274029124666
2209,0.2209,28,85,28,506497,99113,50133,57823,0.9180869984067583,0.36844955905592086
2210,0.221,21,84,21,506581,99029,50154,57802,0.9173089036274038,0.3685623378031129
2211,0.2211,24,92,24,506673,98937,50178,57778,0.9164567045833488,0.36868200236097376
2212,0.2212,32,103,32,506776,98834,50210,57746,0.9155026121753307,0.36879550389577215
2213,0.2213,28,97,28,506873,98737,50238,57718,0.914604097965838,0.3689111885206609
2214,0.2214,19,80,19,506953,98657,50257,57699,0.9138630553188336,0.36902325462406305
2215,0.2215,16,84,16,507037,98573,50273,57683,0.9130849605394791,0.3691570243702642
2216,0.2216,24,65,24,507102,98508,50297,57659,0.912482863388788,0.36921372633142724
2217,0.2217,20,88,20,507190,98420,50317,57639,0.9116677164770832,0.36934108253929604
2218,0.2218,19,80,19,507270,98340,50336,57620,0.910926673830079,0.36945370607848166
2219,0.2219,31,78,31,507348,98262,50367,57589,0.9102041572492497,0.3695131888791217
2220,0.222,24,76,24,507424,98186,50391,57565,0.9095001667345955,0.36959634288062354
2221,0.2221,28,76,28,507500,98110,50419,57537,0.9087961762199415,0.36966340501262474
2222,0.2222,27,63,27,507563,98047,50446,57510,0.9082126051354256,0.36970370989412243
2223,0.2223,23,82,23,507645,97965,50469,57487,0.9074530364222461,0.36980547049893214
2224,0.2224,25,81,25,507726,97884,50494,57462,0.9067027307421542,0.3698968753620949
2225,0.2225,18,91,18,507817,97793,50512,57444,0.9058597947311868,0.3700406475260408
2226,0.2226,27,75,27,507892,97718,50539,57417,0.9051650672496202,0.3701099042769201
2227,0.2227,15,83,15,507975,97635,50554,57402,0.9043962355033532,0.37024710230461116
2228,0.2228,22,102,22,508077,97533,50576,57380,0.9034514061284227,0.37040145113708983
2229,0.2229,22,79,22,508156,97454,50598,57358,0.9027196265145059,0.37050099475492854
2230,0.223,20,66,20,508222,97388,50618,57338,0.9021082663307274,0.37057766632628003
2231,0.2231,15,80,15,508302,97308,50633,57323,0.901367223683723,0.3707083314471225
2232,0.2232,28,91,28,508393,97217,50661,57295,0.9005242876727556,0.3708126229677954
2233,0.2233,11,61,11,508454,97156,50672,57284,0.8999592426544147,0.3709142709142709
2234,0.2234,21,82,21,508536,97074,50693,57263,0.8991996739412353,0.3710257423689718
2235,0.2235,27,92,27,508628,96982,50720,57236,0.8983474748971804,0.3711369619629356
2236,0.2236,25,72,25,508700,96910,50745,57211,0.8976805365148764,0.3712083363071872
2237,0.2237,25,84,25,508784,96826,50770,57186,0.8969024417355219,0.37130872918993324
2238,0.2238,20,78,20,508862,96748,50790,57166,0.8961799251546927,0.3714152058942007
2239,0.2239,28,91,28,508953,96657,50818,57138,0.8953369891437252,0.37152053057641665
2240,0.224,17,87,17,509040,96570,50835,57121,0.894531105265108,0.37166132044166544
2241,0.2241,24,108,24,509148,96462,50859,57097,0.8935306976916522,0.3718245104487526
2242,0.2242,27,88,27,509236,96374,50886,57070,0.8927155507799474,0.3719272177471912
2243,0.2243,29,85,29,509321,96289,50915,57041,0.8919281929675053,0.3720146090132394
2244,0.2244,23,73,23,509394,96216,50938,57018,0.8912519915521139,0.3720975762559223
2245,0.2245,14,85,14,509479,96131,50952,57004,0.8904646337396717,0.37224671041891144
2246,0.2246,20,80,20,509559,96051,50972,56984,0.8897235910926674,0.3723592642206031
2247,0.2247,26,85,26,509644,95966,50998,56958,0.8889362332802253,0.3724595223771285
2248,0.2248,23,74,23,509718,95892,51021,56935,0.8882507688317463,0.3725454271823696
2249,0.2249,22,79,22,509797,95813,51043,56913,0.8875189892178295,0.372647748255045
2250,0.225,26,79,26,509876,95734,51069,56887,0.8867872096039127,0.3727337653402874
2251,0.2251,21,73,21,509949,95661,51090,56866,0.8861110081885213,0.3728257947773181
2252,0.2252,28,87,28,510036,95574,51118,56838,0.885305124309904,0.37292339185890877
2253,0.2253,23,90,23,510126,95484,51141,56815,0.8844714513320242,0.3730490679518579
2254,0.2254,24,66,24,510192,95418,51165,56791,0.8838600911482456,0.37311197103982024
2255,0.2255,16,81,16,510273,95337,51181,56775,0.8831097854681537,0.37324471442095297
2256,0.2256,21,81,21,510354,95256,51202,56754,0.8823594797880618,0.3733570159857904
2257,0.2257,24,62,24,510416,95194,51226,56730,0.8817851717366334,0.3734103894052289
2258,0.2258,26,56,26,510472,95138,51252,56704,0.8812664418837304,0.37344081347716707
2259,0.2259,22,89,22,510561,95049,51274,56682,0.8804420319389381,0.3735690135832493
2260,0.226,25,77,25,510638,94972,51299,56657,0.8797287783911965,0.37365543530591117
2261,0.2261,28,64,28,510702,94908,51327,56629,0.879135944273593,0.37369751281865154
2262,0.2262,25,79,25,510781,94829,51352,56604,0.8784041646596762,0.3737890684329043
2263,0.2263,26,92,26,510873,94737,51378,56578,0.8775519656156212,0.3739087334368701
2264,0.2264,22,67,22,510940,94670,51400,56556,0.876931342398755,0.3739833097483237
2265,0.2265,14,87,14,511027,94583,51414,56542,0.8761254585201378,0.37414061207609595
2266,0.2266,22,74,22,511101,94509,51436,56520,0.8754399940716588,0.3742327632441452
2267,0.2267,25,80,25,511181,94429,51461,56495,0.8746989514246545,0.37432747608067635
2268,0.2268,22,79,22,511260,94350,51483,56473,0.8739671718107377,0.37443228154857017
2269,0.2269,25,77,25,511337,94273,51508,56448,0.873253918262996,0.3745198081222922
2270,0.227,20,74,20,511411,94199,51528,56428,0.872568453814517,0.3746207519236259
2271,0.2271,23,82,23,511493,94117,51551,56405,0.8718088851013376,0.3747292754547508
2272,0.2272,25,72,25,511565,94045,51576,56380,0.8711419467190337,0.374804719960113
2273,0.2273,29,78,29,511643,93967,51605,56351,0.8704194301382044,0.3748785907210048
2274,0.2274,25,60,25,511703,93907,51630,56326,0.8698636481529513,0.37492428427842084
2275,0.2275,21,78,21,511781,93829,51651,56305,0.869141131572122,0.3750316384030266
2276,0.2276,30,67,30,511848,93762,51681,56275,0.8685205083552558,0.37507414837673375
2277,0.2277,18,72,18,511920,93690,51699,56257,0.8678535699729519,0.3751792299945981
2278,0.2278,25,71,25,511991,93619,51724,56232,0.8671958946237356,0.37525275106605893
2279,0.2279,24,73,24,512064,93546,51748,56208,0.8665196932083441,0.3753355503024961
2280,0.228,29,85,29,512149,93461,51777,56179,0.865732335395902,0.3754276931301791
2281,0.2281,17,81,17,512230,93380,51794,56162,0.8649820297158102,0.37556004333230797
2282,0.2282,27,67,27,512297,93313,51821,56135,0.864361406498944,0.3756155987366843
2283,0.2283,24,83,24,512380,93230,51845,56111,0.863592574752677,0.37572401416891543
2284,0.2284,30,78,30,512458,93152,51875,56081,0.8628700581718478,0.37579489791131987
2285,0.2285,18,76,18,512534,93076,51893,56063,0.8621660676571937,0.3759110628340005
2286,0.2286,19,80,19,512614,92996,51912,56044,0.8614250250101894,0.37603327965646804
2287,0.2287,25,79,25,512693,92917,51937,56019,0.8606932453962726,0.3761280012891443
2288,0.2288,21,80,21,512773,92837,51958,55998,0.8599522027492682,0.37624214734437467
2289,0.2289,34,76,34,512849,92761,51992,55964,0.8592482122346141,0.37629181375021015
2290,0.229,20,74,20,512923,92687,52012,55944,0.8585627477861351,0.3763952338341261
2291,0.2291,24,66,24,512989,92621,52036,55920,0.8579513876023566,0.3764617176402475
2292,0.2292,27,72,27,513061,92549,52063,55893,0.8572844492200526,0.3765309009579499
2293,0.2293,22,80,22,513141,92469,52085,55871,0.8565434065730483,0.3766414992584603
2294,0.2294,20,55,20,513196,92414,52105,55851,0.8560339397532328,0.3766971301386032
2295,0.2295,23,72,23,513268,92342,52128,55828,0.8553670013709289,0.3767834244448944
2296,0.2296,16,72,16,513340,92270,52144,55812,0.854700062988625,0.3768992855309896
2297,0.2297,26,80,26,513420,92190,52170,55786,0.8539590203416206,0.3769935665243012
2298,0.2298,15,77,15,513497,92113,52185,55771,0.853245766793879,0.3771266668469882
2299,0.2299,26,95,26,513592,92018,52211,55745,0.8523657786505613,0.37725953046432464
2300,0.23,35,78,35,513670,91940,52246,55710,0.8516432620697321,0.377311208940061
2301,0.2301,20,72,20,513742,91868,52266,55690,0.8509763236874283,0.37741091638542135
2302,0.2302,23,70,23,513812,91798,52289,55667,0.8503279113712994,0.3774929644322382
2303,0.2303,19,80,19,513892,91718,52308,55648,0.8495868687242951,0.3776176322896733
2304,0.2304,23,91,23,513983,91627,52331,55625,0.8487439327133276,0.37775378263113574
2305,0.2305,21,63,21,514046,91564,52352,55604,0.8481603616288117,0.37782670145683844
2306,0.2306,18,85,18,514131,91479,52370,55586,0.8473730038163696,0.3779689253051372
2307,0.2307,20,71,20,514202,91408,52390,55566,0.8467153284671532,0.3780668689700219
2308,0.2308,16,59,16,514261,91349,52406,55550,0.8461688095149876,0.3781509744790639
2309,0.2309,23,65,23,514326,91284,52429,55527,0.8455667123642966,0.3782209779921123
2310,0.231,16,74,16,514400,91210,52445,55511,0.8448812479158175,0.378343931679855
2311,0.2311,28,88,28,514488,91122,52473,55483,0.8440661010041128,0.3784523038095563
2312,0.2312,18,87,18,514575,91035,52491,55465,0.8432602171254956,0.37860068259385665
2313,0.2313,12,67,12,514642,90968,52503,55453,0.8426395939086294,0.37872299738425497
2314,0.2314,18,74,18,514716,90894,52521,55435,0.8419541294601505,0.37883809771132176
2315,0.2315,23,61,23,514777,90833,52544,55412,0.8413890844418096,0.3788984238777394
2316,0.2316,20,89,20,514866,90744,52564,55392,0.8405646744970173,0.3790441780259484
2317,0.2317,21,82,21,514948,90662,52585,55371,0.8398051057838378,0.37916772236412316
2318,0.2318,19,76,19,515024,90586,52604,55352,0.8391011152691837,0.37928435362962354
2319,0.2319,12,69,12,515093,90517,52616,55340,0.8384619659861425,0.3794127124512365
2320,0.232,27,73,27,515166,90444,52643,55313,0.837785764570751,0.3794877776024479
2321,0.2321,23,67,23,515233,90377,52666,55290,0.8371651413538849,0.3795643488230004
2322,0.2322,23,65,23,515298,90312,52689,55267,0.8365630442031939,0.3796357991193785
2323,0.2323,23,68,23,515366,90244,52712,55244,0.8359331579532402,0.37971516551193224
2324,0.2324,19,88,19,515454,90156,52731,55225,0.8351180110415355,0.37986394370653664
2325,0.2325,22,73,22,515527,90083,52753,55203,0.834441809626144,0.37996090469831917
2326,0.2326,21,87,21,515614,89996,52774,55182,0.8336359257475268,0.3800989130584524
2327,0.2327,17,80,17,515694,89916,52791,55165,0.8328948831005224,0.3802358682391216
2328,0.2328,18,81,18,515775,89835,52809,55147,0.8321445774204306,0.38037135644424824
2329,0.2329,17,71,17,515846,89764,52826,55130,0.8314869020712142,0.38048504423923696
2330,0.233,17,73,17,515919,89691,52843,55113,0.8308107006558227,0.38060412695781887
2331,0.2331,30,60,30,515979,89631,52873,55083,0.8302549186705694,0.38063352543637796
2332,0.2332,19,77,19,516056,89554,52892,55064,0.8295416651228278,0.3807548161363039
2333,0.2333,26,76,26,516132,89478,52918,55038,0.8288376746081737,0.3808436436103961
2334,0.2334,23,63,23,516195,89415,52941,55015,0.8282541035236578,0.3809111680398809
2335,0.2335,23,67,23,516262,89348,52964,54992,0.8276334803067916,0.3809893307468477
2336,0.2336,19,63,19,516325,89285,52983,54973,0.8270499092222757,0.38107418652691705
2337,0.2337,22,91,22,516416,89194,53005,54951,0.8262069732113083,0.3812202990044747
2338,0.2338,31,85,31,516501,89109,53036,54920,0.8254196153988662,0.38131209686938045
2339,0.2339,12,61,12,516562,89048,53048,54908,0.8248545703805255,0.3814221011975881
2340,0.234,12,60,12,516622,88988,53060,54896,0.8242987883952722,0.381529565483306
2341,0.2341,30,80,30,516702,88908,53090,54866,0.8235577457482678,0.38161280899189004
2342,0.2342,28,65,28,516767,88843,53118,54838,0.8229556485975767,0.38166493830081916
2343,0.2343,15,61,15,516828,88782,53133,54823,0.822390603579236,0.3817624734514815
2344,0.2344,23,86,23,516914,88696,53156,54800,0.8215939827337063,0.3818921781791827
2345,0.2345,18,76,18,516990,88620,53174,54782,0.8208899922190522,0.3820169872107781
2346,0.2346,26,84,26,517074,88536,53200,54756,0.8201118974396977,0.3821287999330039
2347,0.2347,25,79,25,517153,88457,53225,54731,0.8193801178257809,0.3822317512640724
2348,0.2348,27,60,27,517213,88397,53252,54704,0.8188243358405276,0.3822754557969546
2349,0.2349,24,67,24,517280,88330,53276,54680,0.8182037126236615,0.3823508845535277
2350,0.235,35,78,35,517358,88252,53311,54645,0.8174811960428323,0.3824083080820451
2351,0.2351,28,88,28,517446,88164,53339,54617,0.8166660491311275,0.3825228846975438
2352,0.2352,22,76,22,517522,88088,53361,54595,0.8159620586164734,0.38263142771037895
2353,0.2353,21,71,21,517593,88017,53382,54574,0.8153043832672571,0.382731027904987
2354,0.2354,19,59,19,517652,87958,53401,54555,0.8147578643150913,0.3828071825026489
2355,0.2355,14,57,14,517709,87901,53415,54541,0.8142298714291007,0.3828997065472262
2356,0.2356,26,77,26,517786,87824,53441,54515,0.8135166178813591,0.38299411967205055
2357,0.2357,20,70,20,517856,87754,53461,54495,0.8128682055652303,0.3830958389865658
2358,0.2358,21,83,21,517939,87671,53482,54474,0.8120993738189632,0.3832283935418059
2359,0.2359,24,87,24,518026,87584,53506,54450,0.8112934899403461,0.38335891406283
2360,0.236,20,69,20,518095,87515,53526,54430,0.8106543406573048,0.383458381767586
2361,0.2361,18,85,18,518180,87430,53544,54412,0.8098669828448627,0.3836099321780573
2362,0.2362,16,80,16,518260,87350,53560,54396,0.8091259401978584,0.3837568608637986
2363,0.2363,17,71,17,518331,87279,53577,54379,0.8084682648486421,0.3838752488387525
2364,0.2364,22,67,22,518398,87212,53599,54357,0.8078476416317759,0.3839611779414985
2365,0.2365,18,71,18,518469,87141,53617,54339,0.8071899662825596,0.3840754877014419
2366,0.2366,25,58,25,518527,87083,53642,54314,0.8066527103634814,0.38412413276094964
2367,0.2367,19,80,19,518607,87003,53661,54295,0.805911667716477,0.3842588005491939
2368,0.2368,19,78,19,518685,86925,53680,54276,0.8051891511356478,0.38438821254806976
2369,0.2369,20,75,20,518760,86850,53700,54256,0.8044944236540813,0.3845052655450512
2370,0.237,20,83,20,518843,86767,53720,54236,0.8037255919078143,0.3846442983482621
2371,0.2371,20,68,20,518911,86699,53740,54216,0.8030957056578606,0.3847425753113579
2372,0.2372,27,74,27,518985,86625,53767,54189,0.8024102412093816,0.3848267927904896
2373,0.2373,21,76,21,519061,86549,53788,54168,0.8017062506947275,0.38494282851396777
2374,0.2374,25,53,25,519114,86496,53813,54143,0.8012153099410871,0.38497856213425863
2375,0.2375,24,72,24,519186,86424,53837,54119,0.8005483715587832,0.38507076126167794
2376,0.2376,25,62,25,519248,86362,53862,54094,0.7999740635073549,0.38513128666628693
2377,0.2377,29,75,29,519323,86287,53891,54065,0.7992793360257883,0.3852100433196534
2378,0.2378,23,77,23,519400,86210,53914,54042,0.7985660824780466,0.3853207084390953
2379,0.2379,31,73,31,519473,86137,53945,54011,0.7978898810626551,0.3853854496674944
2380,0.238,19,83,19,519556,86054,53964,53992,0.7971210493163882,0.3855304685603302
2381,0.2381,13,81,13,519637,85973,53977,53979,0.7963707436362962,0.3856965245226935
2382,0.2382,23,61,23,519698,85912,54000,53956,0.7958056986179555,0.38576372007893156
2383,0.2383,18,59,18,519757,85853,54018,53938,0.7952591796657897,0.3858474436837851
2384,0.2384,29,59,29,519816,85794,54047,53909,0.7947126607136241,0.3858829087421172
2385,0.2385,24,72,24,519888,85722,54071,53885,0.7940457223313202,0.38597634789086505
2386,0.2386,14,77,14,519965,85645,54085,53871,0.7933324687835785,0.3861277559563061
2387,0.2387,22,72,22,520037,85573,54107,53849,0.7926655304012746,0.3862302936408888
2388,0.2388,21,75,21,520112,85498,54128,53828,0.791970802919708,0.38634569283550807
2389,0.2389,18,73,18,520185,85425,54146,53810,0.7912946015043165,0.3864689194527238
2390,0.239,24,74,24,520259,85351,54170,53786,0.7906091370558376,0.38656863379259293
2391,0.2391,10,66,10,520325,85285,54180,53776,0.789997776872059,0.3867079914569865
2392,0.2392,27,71,27,520396,85214,54207,53749,0.7893401015228426,0.3867864107712125
2393,0.2393,22,58,22,520454,85156,54229,53727,0.7888028456037645,0.3868508024740249
2394,0.2394,24,74,24,520528,85082,54253,53703,0.7881173811552855,0.38695103937745434
2395,0.2395,14,70,14,520598,85012,54267,53689,0.7874689688391567,0.38708444784103935
2396,0.2396,19,73,19,520671,84939,54286,53670,0.7867927674237652,0.38720429409345714
2397,0.2397,12,68,12,520739,84871,54298,53658,0.7861628811738115,0.38734127872142293
2398,0.2398,28,73,28,520812,84798,54326,53630,0.7854866797584201,0.3874216199034877
2399,0.2399,24,68,24,520880,84730,54350,53606,0.7848567935084664,0.3875057830210502
2400,0.24,18,84,18,520964,84646,54368,53588,0.7840786987291118,0.3876615015119291
2401,0.2401,27,79,27,521043,84567,54395,53561,0.783346919115195,0.3877635236881733
2402,0.2402,22,66,22,521109,84501,54417,53539,0.7827355589314166,0.38785134743552596
2403,0.2403,26,78,26,521187,84423,54443,53513,0.7820130423505873,0.38795528360979004
2404,0.2404,27,71,27,521258,84352,54470,53486,0.781355367001371,0.3880352297624748
2405,0.2405,25,82,25,521340,84270,54495,53461,0.7805957982881915,0.38815517203824845
2406,0.2406,21,80,21,521420,84190,54516,53440,0.7798547556411871,0.388287437331977
2407,0.2407,26,65,26,521485,84125,54542,53414,0.7792526584904961,0.38835530285955255
2408,0.2408,14,46,14,521531,84079,54556,53400,0.7788265589684686,0.3884229591428509
2409,0.2409,15,71,15,521602,84008,54571,53385,0.7781688836192523,0.38855691337986653
2410,0.241,22,60,22,521662,83948,54593,53363,0.777613101633999,0.3886287333134272
2411,0.2411,22,64,22,521726,83884,54615,53341,0.7770202675163955,0.38871196939333214
2412,0.2412,23,52,23,521778,83832,54638,53318,0.7765385897958428,0.3887568355814801
2413,0.2413,19,74,19,521852,83758,54657,53299,0.7758531253473637,0.3888819980008318
2414,0.2414,22,73,22,521925,83685,54679,53277,0.7751769239319722,0.38899110702238576
2415,0.2415,21,62,21,521987,83623,54700,53256,0.7746026158805439,0.3890735613205824
2416,0.2416,16,73,16,522060,83550,54716,53240,0.7739264144651524,0.38920973755391475
2417,0.2417,26,64,26,522124,83486,54742,53214,0.773333580347549,0.38927578639356253
2418,0.2418,28,58,28,522182,83428,54770,53186,0.7727963244284709,0.3893158827060184
2419,0.2419,22,74,22,522256,83354,54792,53164,0.7721108599799918,0.38942850027102655
2420,0.242,27,58,27,522314,83296,54819,53137,0.7715736040609137,0.3894732212881048
2421,0.2421,14,64,14,522378,83232,54833,53123,0.7709807699433102,0.3895933409115911
2422,0.2422,33,65,33,522443,83167,54866,53090,0.7703786727926192,0.3896313583889268
2423,0.2423,28,64,28,522507,83103,54894,53062,0.7697858386750157,0.3896889802812764
2424,0.2424,27,68,27,522575,83035,54921,53035,0.7691559524250621,0.38976262217976043
2425,0.2425,21,61,21,522636,82974,54942,53014,0.7685909074067212,0.38984322146071715
2426,0.2426,16,79,16,522715,82895,54958,52998,0.7678591277928045,0.38999801314269317
2427,0.2427,27,73,27,522788,82822,54985,52971,0.767182926377413,0.3900863814776903
2428,0.2428,27,68,27,522856,82754,55012,52944,0.7665530401274593,0.39016050347094283
2429,0.2429,25,80,25,522936,82674,55037,52919,0.765811997480455,0.3902782592021712
2430,0.243,14,64,14,523000,82610,55051,52905,0.7652191633628516,0.3903995867616131
2431,0.2431,27,62,27,523062,82548,55078,52878,0.7646448553114231,0.3904567808249524
2432,0.2432,26,77,26,523139,82471,55104,52852,0.7639316017636815,0.39056184092874086
2433,0.2433,24,76,24,523215,82395,55128,52828,0.7632276112490274,0.390673184295571
2434,0.2434,22,64,22,523279,82331,55150,52806,0.7626347771314239,0.39075900752569614
2435,0.2435,33,75,33,523354,82256,55183,52773,0.7619400496498574,0.390827155648046
2436,0.2436,26,51,26,523405,82205,55209,52747,0.7614676349623921,0.3908574900705436
2437,0.2437,27,72,27,523477,82133,55236,52720,0.7608006965800882,0.3909442133285874
2438,0.2438,31,77,31,523554,82056,55267,52689,0.7600874430323465,0.391027496382055
2439,0.2439,21,67,21,523621,81989,55288,52668,0.7594668198154804,0.39112708585517275
2440,0.244,17,71,17,523692,81918,55305,52651,0.758809144466264,0.3912565301072312
2441,0.2441,20,53,20,523745,81865,55325,52631,0.7583182037126237,0.3913201879609802
2442,0.2442,22,85,22,523830,81780,55347,52609,0.7575308459001816,0.39146805170066
2443,0.2443,26,71,26,523901,81709,55373,52583,0.7568731705509653,0.39155720370535846
2444,0.2444,14,60,14,523961,81649,55387,52569,0.756317388565712,0.3916687776602244
2445,0.2445,23,57,23,524018,81592,55410,52546,0.7557893956797214,0.3917309039943938
2446,0.2446,18,64,18,524082,81528,55428,52528,0.7551965615621179,0.3918362475383422
2447,0.2447,14,73,14,524155,81455,55442,52514,0.7545203601467264,0.39198620576402005
2448,0.2448,29,71,29,524226,81384,55471,52485,0.7538626847975101,0.39206238935078325
2449,0.2449,21,75,21,524301,81309,55492,52464,0.7531679573159435,0.3921867641452311
2450,0.245,18,76,18,524377,81233,55510,52446,0.7524639668012895,0.39232788994531675
2451,0.2451,25,69,25,524446,81164,55535,52421,0.7518248175182481,0.39241681326496236
2452,0.2452,27,50,27,524496,81114,55562,52394,0.7513616658638704,0.39244090241783264
2453,0.2453,33,76,33,524572,81038,55595,52361,0.7506576753492163,0.3925141867630192
2454,0.2454,26,69,26,524641,80969,55621,52335,0.7500185260661751,0.39259887175178537
2455,0.2455,23,57,23,524698,80912,55644,52312,0.7494905331801845,0.39266198282591724
2456,0.2456,25,64,25,524762,80848,55669,52287,0.7488976990625811,0.39273669583505466
2457,0.2457,11,76,11,524838,80772,55680,52276,0.7481937085479269,0.39291082917443326
2458,0.2458,24,64,24,524902,80708,55704,52252,0.7476008744303234,0.39299037304452467
2459,0.2459,17,75,17,524977,80633,55721,52235,0.7469061469487569,0.3931345395430051
2460,0.246,21,62,21,525039,80571,55742,52214,0.7463318388973286,0.3932221259931468
2461,0.2461,18,75,18,525114,80496,55760,52196,0.7456371114157619,0.3933620715642239
2462,0.2462,16,65,16,525179,80431,55776,52180,0.7450350142650709,0.3934816870395367
2463,0.2463,20,81,20,525260,80350,55796,52160,0.7442847085849791,0.39363066938344277
2464,0.2464,23,56,23,525316,80294,55819,52137,0.7437659787320761,0.3936918093195702
2465,0.2465,14,53,14,525369,80241,55833,52123,0.7432750379784356,0.3937853192711009
2466,0.2466,33,63,33,525432,80178,55866,52090,0.7426914668939197,0.3938216348625518
2467,0.2467,18,51,18,525483,80127,55884,52072,0.7422190522064545,0.39389102792002967
2468,0.2468,23,53,23,525536,80074,55907,52049,0.7417281114528141,0.3939435223238952
2469,0.2469,16,73,16,525609,80001,55923,52033,0.7410519100374227,0.39408788645348924
2470,0.247,22,71,22,525680,79930,55945,52011,0.7403942346882063,0.39419892224554914
2471,0.2471,15,75,15,525755,79855,55960,51996,0.7396995072066398,0.3943542331874616
2472,0.2472,22,62,22,525817,79793,55982,51974,0.7391251991552114,0.39443866825532947
2473,0.2473,23,70,23,525887,79723,56005,51951,0.7384767868390826,0.3945425824384465
2474,0.2474,29,67,29,525954,79656,56034,51922,0.7378561636222165,0.3946100411922966
2475,0.2475,22,68,22,526022,79588,56056,51900,0.7372262773722628,0.39471282550498904
2476,0.2476,25,68,25,526090,79520,56081,51875,0.7365963911223091,0.39480193310247724
2477,0.2477,19,47,19,526137,79473,56100,51856,0.736161028567194,0.3948556678266034
2478,0.2478,22,61,22,526198,79412,56122,51834,0.7355959835488532,0.3949377504838243
2479,0.2479,22,73,22,526271,79339,56144,51812,0.7349197821334618,0.3950560803958796
2480,0.248,16,52,16,526323,79287,56160,51796,0.7344381044129089,0.39513895775958746
2481,0.2481,15,72,15,526395,79215,56175,51781,0.7337711660306051,0.39528687898867143
2482,0.2482,20,49,20,526444,79166,56195,51761,0.733317277409315,0.3953424427352647
2483,0.2483,24,49,24,526493,79117,56219,51737,0.7328633887880247,0.3953795833524386
2484,0.2484,26,64,26,526557,79053,56245,51711,0.7322705546704212,0.395452876938607
2485,0.2485,21,76,21,526633,78977,56266,51690,0.7315665641557672,0.3955857255466185
2486,0.2486,15,66,15,526699,78911,56281,51675,0.7309552039719885,0.3957162329805645
2487,0.2487,22,59,22,526758,78852,56303,51653,0.7304086850198229,0.3957932646258764
2488,0.2488,19,64,19,526822,78788,56322,51634,0.7298158509022195,0.39589946481421845
2489,0.2489,14,63,14,526885,78725,56336,51620,0.7292322798177036,0.3960259311826307
2490,0.249,26,64,26,526949,78661,56362,51594,0.7286394457001001,0.3960999577751334
2491,0.2491,23,65,23,527014,78596,56385,51571,0.728037348549409,0.3961910468859235
2492,0.2492,17,61,17,527075,78535,56402,51554,0.7274723035310682,0.39629791911691226
2493,0.2493,24,60,24,527135,78475,56426,51530,0.726916521545815,0.3963693704088304
2494,0.2494,26,68,26,527203,78407,56452,51504,0.7262866352958612,0.3964560352856956
2495,0.2495,36,78,36,527281,78329,56488,51468,0.725564118715032,0.3965268842885429
2496,0.2496,20,53,20,527334,78276,56508,51448,0.7250731779613917,0.3965958496500262
2497,0.2497,20,58,20,527392,78218,56528,51428,0.7245359220423135,0.3966801906730636
2498,0.2498,24,65,24,527457,78153,56552,51404,0.7239338248916225,0.39676744598902414
2499,0.2499,21,65,21,527522,78088,56573,51383,0.7233317277409315,0.39686879687343113
2500,0.25,30,55,30,527577,78033,56603,51353,0.722822260921116,0.39689765507860203
2501,0.2501,16,57,16,527634,77976,56619,51337,0.7222942680351254,0.3969979816414436
2502,0.2502,24,55,24,527689,77921,56643,51313,0.72178480121531,0.3970549545785165
2503,0.2503,22,68,22,527757,77853,56665,51291,0.7211549149653562,0.39716130830700613
2504,0.2504,14,54,14,527811,77799,56679,51277,0.7206547111786283,0.3972620781555053
2505,0.2505,15,46,15,527857,77753,56694,51262,0.7202286116566008,0.39733364337480137
2506,0.2506,16,49,16,527906,77704,56710,51246,0.7197747230353106,0.39740984877859636
2507,0.2507,13,66,13,527972,77638,56723,51233,0.7191633628515322,0.397552591351041
2508,0.2508,21,77,21,528049,77561,56744,51212,0.7184501093037904,0.397692062777135
2509,0.2509,16,54,16,528103,77507,56760,51196,0.7179499055170625,0.39778404543794627
2510,0.251,27,61,27,528164,77446,56787,51169,0.7173848604987217,0.3978462854254947
2511,0.2511,26,67,26,528231,77379,56813,51143,0.7167642372818556,0.3979318715861876
2512,0.2512,20,68,20,528299,77311,56833,51123,0.7161343510319019,0.398048803276391
2513,0.2513,13,63,13,528362,77248,56846,51110,0.7155507799473859,0.3981832063447545
2514,0.2514,16,68,16,528430,77180,56862,51094,0.7149208936974323,0.3983192229134509
2515,0.2515,27,57,27,528487,77123,56889,51067,0.7143929008114417,0.39836960761369844
2516,0.2516,22,74,22,528561,77049,56911,51045,0.7137074363629627,0.39849641669399033
2517,0.2517,19,56,19,528617,76993,56930,51026,0.7131887065100596,0.3985814605644475
2518,0.2518,29,52,29,528669,76941,56959,50997,0.7127070287895069,0.39860713783238755
2519,0.2519,15,64,15,528733,76877,56974,50982,0.7121141946719034,0.3987361077436864
2520,0.252,15,63,15,528796,76814,56989,50967,0.7115306235873875,0.3988621156509966
2521,0.2521,27,55,27,528851,76759,57016,50940,0.7110211567675719,0.39890680428194425
2522,0.2522,22,82,22,528933,76677,57038,50918,0.7102615880543925,0.39905952427602964
2523,0.2523,13,59,13,528992,76618,57051,50905,0.7097150691022268,0.3991828924978239
2524,0.2524,22,52,22,529044,76566,57073,50883,0.709233391381674,0.3992420497610809
2525,0.2525,12,72,12,529116,76494,57085,50871,0.7085664529993702,0.39941114120833826
2526,0.2526,14,55,14,529171,76439,57099,50857,0.7080569861795546,0.39951765962795377
2527,0.2527,16,59,16,529230,76380,57115,50841,0.707510467227389,0.3996274200014149
2528,0.2528,26,60,26,529290,76320,57141,50815,0.7069546852421357,0.39969323946985486
2529,0.2529,18,64,18,529354,76256,57159,50797,0.7063618511245322,0.39980952830708444
2530,0.253,32,60,32,529414,76196,57191,50765,0.705806069139279,0.3998471971707847
2531,0.2531,17,59,17,529473,76137,57208,50748,0.7052595501871133,0.39995271308665326
2532,0.2532,26,55,26,529528,76082,57234,50722,0.7047500833672978,0.40000315447462226
2533,0.2533,23,62,23,529590,76020,57257,50699,0.7041757753158694,0.40008996283114606
2534,0.2534,18,58,18,529648,75962,57275,50681,0.7036385193967913,0.4001879298500509
2535,0.2535,28,62,28,529710,75900,57303,50653,0.7030642113453629,0.40025127812062933
2536,0.2536,16,56,16,529766,75844,57319,50637,0.7025454814924599,0.40035262213296857
2537,0.2537,24,60,24,529826,75784,57343,50613,0.7019896995072067,0.40042880764575106
2538,0.2538,22,50,22,529876,75734,57365,50591,0.701526547852829,0.40048288145656047
2539,0.2539,18,76,18,529952,75658,57383,50573,0.7008225573381748,0.40063851193446937
2540,0.254,26,65,26,530017,75593,57409,50547,0.7002204601874837,0.4007214206437292
2541,0.2541,22,44,22,530061,75549,57431,50525,0.6998128867316314,0.40075669844694384
2542,0.2542,10,57,10,530118,75492,57441,50515,0.6992848938456409,0.40089042672232494
2543,0.2543,30,50,30,530168,75442,57471,50485,0.6988217421912631,0.40090687461783414
2544,0.2544,19,75,19,530243,75367,57490,50466,0.6981270147096965,0.40105536703408484
2545,0.2545,34,63,34,530306,75304,57524,50432,0.6975434436251806,0.40109435642934405
2546,0.2546,14,60,14,530366,75244,57538,50418,0.6969876616399274,0.4012191434164664
2547,0.2547,21,67,21,530433,75177,57559,50397,0.6963670384230612,0.40133307850351185
2548,0.2548,14,58,14,530491,75119,57573,50383,0.6958297825039831,0.40145176969291324
2549,0.2549,13,58,13,530549,75061,57586,50370,0.6952925265849049,0.4015753681306854
2550,0.255,24,56,24,530605,75005,57610,50346,0.6947737967320019,0.40164019433430925
2551,0.2551,22,60,22,530665,74945,57632,50324,0.6942180147467487,0.4017274824577509
2552,0.2552,20,56,20,530721,74889,57652,50304,0.6936992848938457,0.40181160288514534
2553,0.2553,19,71,19,530792,74818,57671,50285,0.6930416095446293,0.4019487941935845
2554,0.2554,12,52,12,530844,74766,57683,50273,0.6925599318240765,0.4020585577299882
2555,0.2555,22,66,22,530910,74700,57705,50251,0.6919485716402979,0.4021656489343823
2556,0.2556,22,66,22,530976,74634,57727,50229,0.6913372114565193,0.4022728910886331
2557,0.2557,26,51,26,531027,74583,57753,50203,0.6908647967690541,0.40231275944416844
2558,0.2558,20,59,20,531086,74524,57773,50183,0.6903182778168884,0.40240724257659954
2559,0.2559,19,70,19,531156,74454,57792,50164,0.6896698655007596,0.40254216886806077
2560,0.256,26,72,26,531228,74382,57818,50138,0.6890029271184557,0.4026501766784452
2561,0.2561,21,63,21,531291,74319,57839,50117,0.6884193560339398,0.40275322254010093
2562,0.2562,26,74,26,531365,74245,57865,50091,0.6877338915854607,0.40286803500193025
2563,0.2563,21,52,21,531417,74193,57886,50070,0.687252213864908,0.4029357089399097
2564,0.2564,21,62,21,531479,74131,57907,50049,0.6866779058134795,0.40303591560637786
2565,0.2565,27,73,27,531552,74058,57934,50022,0.6860017043980882,0.4031431334622824
2566,0.2566,25,58,25,531610,74000,57959,49997,0.68546444847901,0.40321136801696816
2567,0.2567,22,70,22,531680,73930,57981,49975,0.6848160361628812,0.4033331988216779
2568,0.2568,26,65,26,531745,73865,58007,49949,0.6842139390121902,0.4034196455974284
2569,0.2569,23,50,23,531795,73815,58030,49926,0.6837507873578125,0.4034717676437074
2570,0.257,27,52,27,531847,73763,58057,49899,0.6832691096372596,0.40351118371043654
2571,0.2571,23,61,23,531908,73702,58080,49876,0.6827040646189189,0.4035993461619382
2572,0.2572,22,61,22,531969,73641,58102,49854,0.682139019600578,0.4036924571845014
2573,0.2573,22,50,22,532019,73591,58124,49832,0.6816758679462003,0.4037497062946128
2574,0.2574,28,57,28,532076,73534,58152,49804,0.6811478750602097,0.40380093726183336
2575,0.2575,24,66,24,532142,73468,58176,49780,0.6805365148764312,0.40390107750227183
2576,0.2576,17,72,17,532214,73396,58193,49763,0.6798695764941273,0.40405492087464173
2577,0.2577,19,58,19,532272,73338,58212,49744,0.6793323205750491,0.40415332867519216
2578,0.2578,20,63,20,532335,73275,58232,49724,0.6787487494905332,0.40426344929633573
2579,0.2579,19,73,19,532408,73202,58251,49705,0.6780725480751417,0.40441146557966595
2580,0.258,22,73,22,532481,73129,58273,49683,0.6773963466597502,0.4045451584535713
2581,0.2581,24,54,24,532535,73075,58297,49659,0.6768961428730224,0.40460671044698293
2582,0.2582,26,54,26,532589,73021,58323,49633,0.6763959390862944,0.4046586332284312
2583,0.2583,21,59,21,532648,72962,58344,49612,0.6758494201341287,0.4047514154714703
2584,0.2584,30,56,30,532704,72906,58374,49582,0.6753306902812257,0.4047906733720854
2585,0.2585,22,55,22,532759,72851,58396,49560,0.6748212234614102,0.40486557580609583
2586,0.2586,15,51,15,532810,72800,58411,49545,0.674348808773945,0.4049613797049328
2587,0.2587,15,53,15,532863,72747,58426,49530,0.6738578680203046,0.4050639122647759
2588,0.2588,24,55,24,532918,72692,58450,49506,0.6733484012004891,0.4051293801862551
2589,0.2589,14,70,14,532988,72622,58464,49492,0.6726999888843603,0.4052934143505249
2590,0.259,20,62,20,533050,72560,58484,49472,0.6721256808329319,0.4054018618067392
2591,0.2591,16,66,16,533116,72494,58500,49456,0.6715143206491534,0.4055432554325543
2592,0.2592,23,59,23,533175,72435,58523,49433,0.6709678016969877,0.4056274001378541
2593,0.2593,19,45,19,533220,72390,58542,49414,0.6705509652080477,0.4056845423795606
2594,0.2594,22,56,22,533276,72334,58564,49392,0.6700322353551447,0.4057637645203161
2595,0.2595,32,71,32,533347,72263,58596,49360,0.6693745600059283,0.4058442893202766
2596,0.2596,19,56,19,533403,72207,58615,49341,0.6688558301530253,0.40593839470826343
2597,0.2597,17,59,17,533462,72148,58632,49324,0.6683093112008596,0.40605242360379346
2598,0.2598,19,57,19,533519,72091,58651,49305,0.667781318314869,0.4061501202675541
2599,0.2599,18,60,18,533579,72031,58669,49287,0.6672255363296158,0.40626287937486605
2600,0.26,25,66,25,533645,71965,58694,49262,0.6666141761458372,0.40636161911125407
2601,0.2601,17,65,17,533710,71900,58711,49245,0.6660120789951461,0.40649634735234635
2602,0.2602,17,56,17,533766,71844,58728,49228,0.6654933491422431,0.4066010307915951
2603,0.2603,19,56,19,533822,71788,58747,49209,0.6649746192893401,0.40669603378596164
2604,0.2604,21,61,21,533883,71727,58768,49188,0.6644095742709993,0.4067981639995038
2605,0.2605,15,59,15,533942,71668,58783,49173,0.6638630553188336,0.40692314694515935
2606,0.2606,21,55,21,533997,71613,58804,49152,0.6633535884990182,0.4070053409514346
2607,0.2607,20,64,20,534061,71549,58824,49132,0.6627607543814147,0.4071229108144613
2608,0.2608,16,55,16,534116,71494,58840,49116,0.6622512875615991,0.4072299146007794
2609,0.2609,18,59,18,534175,71435,58858,49098,0.6617047686094335,0.40734072826528833
2610,0.261,20,57,20,534232,71378,58878,49078,0.6611767757234429,0.4074350800292223
2611,0.2611,21,51,21,534283,71327,58899,49057,0.6607043610359776,0.40750431951089844
2612,0.2612,20,49,20,534332,71278,58919,49037,0.6602504724146875,0.40757179071603705
2613,0.2613,20,58,20,534390,71220,58939,49017,0.6597132164956093,0.4076698520422166
2614,0.2614,23,62,23,534452,71158,58962,48994,0.659138908444181,0.40776682868366737
2615,0.2615,23,52,23,534504,71106,58985,48971,0.6586572307236281,0.4078299757655504
2616,0.2616,21,57,21,534561,71049,59006,48950,0.6581292378376375,0.40792006600055003
2617,0.2617,20,50,20,534611,70999,59026,48930,0.6576660861832598,0.40799139490865427
2618,0.2618,18,63,18,534674,70936,59044,48912,0.6570825150987439,0.40811694813430344
2619,0.2619,20,72,20,534746,70864,59064,48892,0.65641557671644,0.4082634690537426
2620,0.262,14,53,14,534799,70811,59078,48878,0.6559246359627997,0.40837503864181335
2621,0.2621,17,48,17,534847,70763,59095,48861,0.655480010374597,0.4084548251187053
2622,0.2622,21,55,21,534902,70708,59116,48840,0.6549705435547816,0.40853882959146115
2623,0.2623,25,67,25,534969,70641,59141,48815,0.6543499203379154,0.40864418698098043
2624,0.2624,24,58,24,535027,70583,59165,48791,0.6538126644188373,0.40872384271281853
2625,0.2625,18,57,18,535084,70526,59183,48773,0.6532846715328468,0.40882991475200964
2626,0.2626,21,66,21,535150,70460,59204,48752,0.6526733113490681,0.40895211891420324
2627,0.2627,11,66,11,535216,70394,59215,48741,0.6520619511652895,0.4091241029084652
2628,0.2628,25,55,25,535271,70339,59240,48716,0.6515524843454741,0.40918903028012266
2629,0.2629,17,58,17,535329,70281,59257,48699,0.6510152284263959,0.40930408472012103
2630,0.263,23,57,23,535386,70224,59280,48676,0.6504872355404053,0.4093860386879731
2631,0.2631,18,67,18,535453,70157,59298,48658,0.6498666123235393,0.40952741657198166
2632,0.2632,15,57,15,535510,70100,59313,48643,0.6493386194375487,0.4096494109126433
2633,0.2633,16,58,16,535568,70042,59329,48627,0.6488013635184705,0.4097700326117183
2634,0.2634,23,51,23,535619,69991,59352,48604,0.6483289488310052,0.40983178042919177
2635,0.2635,22,54,22,535673,69937,59374,48582,0.6478287450442773,0.40990895974485103
2636,0.2636,20,67,20,535740,69870,59394,48562,0.6472081218274112,0.4100412050797082
2637,0.2637,22,49,22,535789,69821,59416,48540,0.646754233206121,0.41010130025937597
2638,0.2638,16,58,16,535847,69763,59432,48524,0.6462169772870429,0.4102225941988553
2639,0.2639,24,65,24,535912,69698,59456,48500,0.6456148801363518,0.4103284319531633
2640,0.264,23,52,23,535964,69646,59479,48477,0.6451332024157991,0.4103942500613767
2641,0.2641,22,60,22,536024,69586,59501,48455,0.6445774204305458,0.4104929643090113
2642,0.2642,18,66,18,536090,69520,59519,48437,0.6439660602467672,0.41063268818298193
2643,0.2643,23,57,23,536147,69463,59542,48414,0.6434380673607766,0.4107162550794472
2644,0.2644,25,48,25,536195,69415,59567,48389,0.642993441772574,0.4107585480968388
2645,0.2645,17,58,17,536253,69357,59584,48372,0.6424561858534958,0.41087582498789593
2646,0.2646,20,73,20,536326,69284,59604,48352,0.6417799844381045,0.4110306368798667
2647,0.2647,20,48,20,536374,69236,59624,48332,0.6413353588499018,0.41109825802939576
2648,0.2648,20,66,20,536440,69170,59644,48312,0.6407239986661233,0.41122895422277456
2649,0.2649,13,53,13,536493,69117,59657,48299,0.6402330579124829,0.41134939020235745
2650,0.265,24,62,24,536555,69055,59681,48275,0.6396587498610545,0.41144634790761103
2651,0.2651,13,59,13,536614,68996,59694,48262,0.6391122309088888,0.41158812191918676
2652,0.2652,19,42,19,536656,68954,59713,48243,0.6387231835192115,0.41164022969871245
2653,0.2653,23,43,23,536699,68911,59736,48220,0.6383248730964467,0.4116758159667381
2654,0.2654,18,64,18,536763,68847,59754,48202,0.6377320389788432,0.41181043836342046
2655,0.2655,21,51,21,536814,68796,59775,48181,0.637259624291378,0.4118843875291724
2656,0.2656,19,46,19,536860,68750,59794,48162,0.6368335247693505,0.4119508690296976
2657,0.2657,22,71,22,536931,68679,59816,48140,0.6361758494201342,0.41209049897704997
2658,0.2658,18,49,18,536980,68630,59834,48122,0.635721960798844,0.4121728107441414
2659,0.2659,18,58,18,537038,68572,59852,48104,0.6351847048797659,0.4122870170386369
2660,0.266,22,56,22,537094,68516,59874,48082,0.6346659750268628,0.4123741402082369
2661,0.2661,27,61,27,537155,68455,59901,48055,0.634100930008522,0.4124538666208909
2662,0.2662,23,49,23,537204,68406,59924,48032,0.6336470413872318,0.4125113794465724
2663,0.2663,24,51,24,537255,68355,59948,48008,0.6331746266997665,0.41257100624769044
2664,0.2664,25,61,25,537316,68294,59973,47983,0.6326095816814258,0.41266114536838755
2665,0.2665,17,53,17,537369,68241,59990,47966,0.6321186409277854,0.412763430774394
2666,0.2666,24,48,24,537417,68193,60014,47942,0.6316740153395828,0.4128126749042063
2667,0.2667,23,51,23,537468,68142,60037,47919,0.6312016006521175,0.41287771085894487
2668,0.2668,16,59,16,537527,68083,60053,47903,0.6306550816999519,0.4130067421930233
2669,0.2669,13,46,13,537573,68037,60066,47890,0.6302289821779243,0.4131047987095327
2670,0.267,16,45,16,537618,67992,60082,47874,0.6298121456889844,0.4131841955362229
2671,0.2671,15,61,15,537679,67931,60097,47859,0.6292471006706436,0.4133258485188704
2672,0.2672,25,64,25,537743,67867,60122,47834,0.6286542665530401,0.4134277145400645
2673,0.2673,18,70,18,537813,67797,60140,47816,0.6280058542369114,0.41358670737719805
2674,0.2674,19,54,19,537867,67743,60159,47797,0.6275056504501834,0.41368357278864465
2675,0.2675,17,59,17,537926,67684,60176,47780,0.6269591314980177,0.4138086329938336
2676,0.2676,11,44,11,537970,67640,60187,47769,0.6265515580421653,0.41391052690864666
2677,0.2677,21,39,21,538009,67601,60208,47748,0.6261902997517507,0.41394377064387206
2678,0.2678,19,59,19,538068,67542,60227,47729,0.625643780799585,0.4140590434714716
2679,0.2679,15,54,15,538122,67488,60242,47714,0.625143577012857,0.4141768372076874
2680,0.268,15,42,15,538164,67446,60257,47699,0.6247545296231798,0.4142515958139737
2681,0.2681,14,43,14,538207,67403,60271,47685,0.624356219200415,0.41433511747532326
2682,0.2682,20,60,20,538267,67343,60291,47665,0.6238004372151618,0.41444942960489706
2683,0.2683,21,51,21,538318,67292,60312,47644,0.6233280225276965,0.41452634509640146
2684,0.2684,26,50,26,538368,67242,60338,47618,0.6228648708733188,0.414574264321783
2685,0.2685,18,74,18,538442,67168,60356,47600,0.6221794064248397,0.41474975602955527
2686,0.2686,19,60,19,538502,67108,60375,47581,0.6216236244395865,0.41486977826993
2687,0.2687,21,58,21,538560,67050,60396,47560,0.6210863685205084,0.4149725154873048
2688,0.2688,21,50,21,538610,67000,60417,47539,0.6206232168661306,0.415046403408446
2689,0.2689,22,55,22,538665,66945,60439,47517,0.6201137500463152,0.4151334067201342
2690,0.269,15,53,15,538718,66892,60454,47502,0.6196228092926748,0.4152490515236813
2691,0.2691,31,55,31,538773,66837,60485,47471,0.6191133424728593,0.4152902683976625
2692,0.2692,22,60,22,538833,66777,60507,47449,0.618557560487606,0.41539579430252305
2693,0.2693,20,63,20,538896,66714,60527,47429,0.6179739894030901,0.41552263388906896
2694,0.2694,19,40,19,538936,66674,60546,47410,0.617603468079588,0.41557098278461485
2695,0.2695,25,57,25,538993,66617,60571,47385,0.6170754751935974,0.41565060262100667
2696,0.2696,18,50,18,539043,66567,60589,47367,0.6166123235392197,0.41574069197956715
2697,0.2697,17,51,17,539094,66516,60606,47350,0.6161399088517544,0.4158396711924543
2698,0.2698,16,58,16,539152,66458,60622,47334,0.6156026529326762,0.4159694881889764
2699,0.2699,22,67,22,539219,66391,60644,47312,0.6149820297158102,0.41610159802291935
2700,0.27,21,45,21,539264,66346,60665,47291,0.6145651932268702,0.41615846951257074
2701,0.2701,25,65,25,539329,66281,60690,47266,0.6139630960761792,0.416268153275736
2702,0.2702,19,57,19,539386,66224,60709,47247,0.6134351031901886,0.4163795154709133
2703,0.2703,24,49,24,539435,66175,60733,47223,0.6129812145688984,0.4164359159773541
2704,0.2704,21,45,21,539480,66130,60754,47202,0.6125643780799584,0.41649313521335546
2705,0.2705,19,47,19,539527,66083,60773,47183,0.6121290155248434,0.4165680786820405
2706,0.2706,22,49,22,539576,66034,60795,47161,0.6116751269035533,0.41663501038031714
2707,0.2707,16,45,16,539621,65989,60811,47145,0.6112582904146133,0.41671822794208635
2708,0.2708,27,44,27,539665,65945,60838,47118,0.610850716958761,0.41674110893926397
2709,0.2709,16,49,16,539714,65896,60854,47102,0.6103968283374708,0.4168392360926742
2710,0.271,25,60,25,539774,65836,60879,47077,0.6098410463522176,0.41693161991976124
2711,0.2711,16,60,16,539834,65776,60895,47061,0.6092852643669643,0.41707064172213015
2712,0.2712,21,56,21,539890,65720,60916,47040,0.6087665345140613,0.4171692089393402
2713,0.2713,19,53,19,539943,65667,60935,47021,0.608275593760421,0.4172671446826636
2714,0.2714,14,51,14,539994,65616,60949,47007,0.6078031790729557,0.4173836605311526
2715,0.2715,19,47,19,540041,65569,60968,46988,0.6073678165178406,0.4174595982479988
2716,0.2716,25,54,25,540095,65515,60993,46963,0.6068676127311127,0.4175305393054642
2717,0.2717,21,50,21,540145,65465,61014,46942,0.606404461076735,0.4176074443762399
2718,0.2718,13,42,13,540187,65423,61027,46929,0.6060154136870577,0.4176961691825691
2719,0.2719,26,49,26,540236,65374,61053,46903,0.6055615250657675,0.41774361623484774
2720,0.272,23,50,23,540286,65324,61076,46880,0.6050983734113898,0.41781041674093616
2721,0.2721,22,41,22,540327,65283,61098,46858,0.6047185890548001,0.4178489580082218
2722,0.2722,19,54,19,540381,65229,61117,46839,0.6042183852680721,0.4179516008137916
2723,0.2723,15,58,15,540439,65171,61132,46824,0.603681129348994,0.41809009330773694
2724,0.2724,19,49,19,540488,65122,61151,46805,0.6032272407277038,0.4181743457789452
2725,0.2725,15,60,15,540548,65062,61166,46790,0.6026714587424506,0.41832063798590996
2726,0.2726,22,37,22,540585,65025,61188,46768,0.6023287265182111,0.41834461907275056
2727,0.2727,16,45,16,540630,64980,61204,46752,0.6019118900292711,0.41842981419826014
2728,0.2728,27,58,27,540688,64922,61231,46725,0.6013746341101931,0.4185065429433841
2729,0.2729,20,62,20,540750,64860,61251,46705,0.6008003260587647,0.4186348765293775
2730,0.273,15,58,15,540808,64802,61266,46690,0.6002630701396865,0.4187744412155132
2731,0.2731,22,50,22,540858,64752,61288,46668,0.5997999184853088,0.41884760366182017
2732,0.2732,13,43,13,540901,64709,61301,46655,0.599401608062544,0.4189414891706476
2733,0.2733,15,56,15,540957,64653,61316,46640,0.5988828782096409,0.41907397590144935
2734,0.2734,19,52,19,541009,64601,61335,46621,0.5984012004890882,0.4191706676736617
2735,0.2735,15,54,15,541063,64547,61350,46606,0.5979009967023602,0.4192959254361106
2736,0.2736,30,52,30,541115,64495,61380,46576,0.5974193189818074,0.41933538007220605
2737,0.2737,24,47,24,541162,64448,61404,46552,0.5969839564266923,0.4193873873873874
2738,0.2738,15,54,15,541216,64394,61419,46537,0.5964837526399644,0.4195130306226393
2739,0.2739,14,57,14,541273,64337,61433,46523,0.5959557597539739,0.4196554212520296
2740,0.274,20,64,20,541337,64273,61453,46503,0.5953629256363704,0.41979309597746806
2741,0.2741,21,52,21,541389,64221,61474,46482,0.5948812479158175,0.41988022004823716
2742,0.2742,20,47,20,541436,64174,61494,46462,0.5944458853607025,0.41995372211576704
2743,0.2743,15,51,15,541487,64123,61509,46447,0.5939734706732372,0.4200687347381749
2744,0.2744,25,51,25,541538,64072,61534,46422,0.593501055985772,0.4201314098503086
2745,0.2745,14,46,14,541584,64026,61548,46408,0.5930749564637445,0.4202328992882627
2746,0.2746,21,52,21,541636,63974,61569,46387,0.5925932787431917,0.42032058426436875
2747,0.2747,18,45,18,541681,63929,61587,46369,0.5921764422542517,0.42039746867576927
2748,0.2748,24,46,24,541727,63883,61611,46345,0.5917503427322243,0.4204467104546939
2749,0.2749,19,50,19,541777,63833,61630,46326,0.5912871910778466,0.4205375865793989
2750,0.275,18,68,18,541845,63765,61648,46308,0.5906573048278928,0.4207026246218419
2751,0.2751,19,64,19,541909,63701,61667,46289,0.5900644707102893,0.420847349759069
2752,0.2752,20,52,20,541961,63649,61687,46269,0.5895827929897366,0.420941065157663
2753,0.2753,22,60,22,542021,63589,61709,46247,0.5890270110044833,0.4210550274955388
2754,0.2754,22,42,22,542063,63547,61731,46225,0.588637963614806,0.421100098385745
2755,0.2755,24,49,24,542112,63498,61755,46201,0.5881840749935159,0.42116154203775785
2756,0.2756,24,40,24,542152,63458,61779,46177,0.5878135536700138,0.42118848907739315
2757,0.2757,20,50,20,542202,63408,61799,46157,0.587350402015636,0.4212750422123853
2758,0.2758,28,55,28,542257,63353,61827,46129,0.5868409351958205,0.4213386675435231
2759,0.2759,33,45,33,542302,63308,61860,46096,0.5864240987068806,0.42133742824759607
2760,0.276,16,53,16,542355,63255,61876,46080,0.5859331579532402,0.42145698998490877
2761,0.2761,11,31,11,542386,63224,61887,46069,0.5856460039275261,0.42151830400849094
2762,0.2762,14,53,14,542439,63171,61901,46055,0.5851550631738857,0.42164869170344055
2763,0.2763,16,60,16,542499,63111,61917,46039,0.5845992811886324,0.42179569399908384
2764,0.2764,28,52,28,542551,63059,61945,46011,0.5841176034680796,0.42184835426790135
2765,0.2765,14,44,14,542595,63015,61959,45997,0.5837100300122272,0.4219443730965398
2766,0.2766,23,52,23,542647,62963,61982,45974,0.5832283522916744,0.42202373849105446
2767,0.2767,23,47,23,542694,62916,62005,45951,0.5827929897365594,0.42208382705503045
2768,0.2768,19,58,19,542752,62858,62024,45932,0.5822557338174812,0.42220792352238257
2769,0.2769,24,46,24,542798,62812,62048,45908,0.5818296342954538,0.4222590139808683
2770,0.277,22,51,22,542849,62761,62070,45886,0.5813572196079885,0.42234023949119626
2771,0.2771,16,45,16,542894,62716,62086,45870,0.5809403831190485,0.42243014753283115
2772,0.2772,21,53,21,542947,62663,62107,45849,0.5804494423654081,0.4225246977292834
2773,0.2773,24,62,24,543009,62601,62131,45825,0.5798751343139797,0.4226384815450169
2774,0.2774,16,57,16,543066,62544,62147,45809,0.5793471414279892,0.4227755576679926
2775,0.2775,19,59,19,543125,62485,62166,45790,0.5788006224758235,0.4229046409605172
2776,0.2776,16,40,16,543165,62445,62182,45774,0.5784301011523213,0.4229756327447121
2777,0.2777,23,53,23,543218,62392,62205,45751,0.577939160398681,0.4230602073180881
2778,0.2778,13,56,13,543274,62336,62218,45738,0.577420430545778,0.42321002276218145
2779,0.2779,17,51,17,543325,62285,62235,45721,0.5769480158583127,0.4233190748662111
2780,0.278,18,46,18,543371,62239,62253,45703,0.5765219163362851,0.4234033091845621
2781,0.2781,24,40,24,543411,62199,62277,45679,0.576151395012783,0.4234320250653516
2782,0.2782,24,60,24,543471,62139,62301,45655,0.5755956130275297,0.4235393435627215
2783,0.2783,25,40,25,543511,62099,62326,45630,0.5752250917040276,0.4235628289504219
2784,0.2784,16,51,16,543562,62048,62342,45614,0.5747526770165623,0.4236778064683918
2785,0.2785,20,51,20,543613,61997,62362,45594,0.574280262329097,0.42377150505153777
2786,0.2786,18,50,18,543663,61947,62380,45576,0.5738171106747193,0.4238721017828744
2787,0.2787,18,55,18,543718,61892,62398,45558,0.5733076438549038,0.42399255467659375
2788,0.2788,20,41,20,543759,61851,62418,45538,0.5729278594983142,0.4240471556677127
2789,0.2789,23,39,23,543798,61812,62441,45515,0.5725666012078995,0.42407781825635676
2790,0.279,20,48,20,543846,61764,62461,45495,0.5721219756196969,0.42416021033200013
2791,0.2791,20,43,20,543889,61721,62481,45475,0.5717236651969321,0.42422291876562557
2792,0.2792,18,58,18,543947,61663,62499,45457,0.5711864092778539,0.4243558625840179
2793,0.2793,23,45,23,543992,61618,62522,45434,0.570769572788914,0.42441056682733624
2794,0.2794,23,52,23,544044,61566,62545,45411,0.5702878950683612,0.42449311534255024
2795,0.2795,17,59,17,544103,61507,62562,45394,0.5697413761161955,0.42463587805539704
2796,0.2796,10,62,10,544165,61445,62572,45384,0.5691670680647671,0.42482846418107445
2797,0.2797,22,61,22,544226,61384,62594,45362,0.5686020230464264,0.42495269143574466
2798,0.2798,18,51,18,544277,61333,62612,45344,0.5681296083589611,0.42505882242657744
2799,0.2799,24,54,24,544331,61279,62636,45320,0.5676294045722331,0.4251447011698046
2800,0.28,17,47,17,544378,61232,62653,45303,0.5671940420171181,0.42524053128079975
2801,0.2801,31,49,31,544427,61183,62684,45272,0.566740153395828,0.42526889295946646
2802,0.2802,13,60,13,544487,61123,62697,45259,0.5661843714105746,0.42543851403432914
2803,0.2803,29,44,29,544531,61079,62726,45230,0.5657767979547222,0.4254578633982071
2804,0.2804,27,41,27,544572,61038,62753,45203,0.5653970135981325,0.4254760403234156
2805,0.2805,16,46,16,544618,60992,62769,45187,0.5649709140761051,0.42557379519490673
2806,0.2806,15,60,15,544678,60932,62784,45172,0.5644151320908518,0.42573324285606573
2807,0.2807,13,52,13,544730,60880,62797,45159,0.563933454370299,0.4258716132743613
2808,0.2808,23,44,23,544774,60836,62820,45136,0.5635258809144467,0.4259238289359453
2809,0.2809,11,56,11,544830,60780,62831,45125,0.5630071510615436,0.42608941976299514
2810,0.281,14,54,14,544884,60726,62845,45111,0.5625069472748156,0.42623090223645793
2811,0.2811,15,50,15,544934,60676,62860,45096,0.5620437956204379,0.4263510191733162
2812,0.2812,16,47,16,544981,60629,62876,45080,0.5616084330653229,0.42645375512018846
2813,0.2813,14,49,14,545030,60580,62890,45066,0.5611545444440328,0.4265755447437669
2814,0.2814,23,43,23,545073,60537,62913,45043,0.560756234021268,0.42662436067437015
2815,0.2815,13,47,13,545120,60490,62926,45030,0.5603208714661528,0.4267437452615618
2816,0.2816,18,45,18,545165,60445,62944,45012,0.559904034977213,0.42682799624491496
2817,0.2817,20,53,20,545218,60392,62964,44992,0.5594130942235725,0.42693387990586806
2818,0.2818,13,52,13,545270,60340,62977,44979,0.5589314165030197,0.42707393727627496
2819,0.2819,17,46,17,545316,60294,62994,44962,0.5585053169809923,0.42716804742722503
2820,0.282,22,56,22,545372,60238,63016,44940,0.5579865871280892,0.4272756660138052
2821,0.2821,20,51,20,545423,60187,63036,44920,0.557514172440624,0.42737400934286013
2822,0.2822,26,62,26,545485,60125,63062,44894,0.5569398643891956,0.42748455041468686
2823,0.2823,19,49,19,545534,60076,63081,44875,0.5564859757679055,0.42758048994292575
2824,0.2824,21,33,21,545567,60043,63102,44854,0.5561802956760161,0.4276004080192951
2825,0.2825,14,45,14,545612,59998,63116,44840,0.5557634591870763,0.4277075106354566
2826,0.2826,18,49,18,545661,59949,63134,44822,0.5553095705657861,0.427809222017543
2827,0.2827,17,63,17,545724,59886,63151,44805,0.5547259994812701,0.42797375132532883
2828,0.2828,22,54,22,545778,59832,63173,44783,0.5542257956945422,0.4280743679204703
2829,0.2829,21,56,21,545834,59776,63194,44762,0.5537070658416392,0.42818879259216747
2830,0.283,15,54,15,545888,59722,63209,44747,0.5532068620549112,0.42832802075256776
2831,0.2831,24,52,24,545940,59670,63233,44723,0.5527251843343585,0.42840995085877404
2832,0.2832,18,45,18,545985,59625,63251,44705,0.5523083478454185,0.42849611808683985
2833,0.2833,19,53,19,546038,59572,63270,44686,0.5518174070917782,0.4286097949318038
2834,0.2834,21,57,21,546095,59515,63291,44665,0.5512894142057876,0.42872912267229796
2835,0.2835,21,44,21,546139,59471,63312,44644,0.5508818407499352,0.428795082360851
2836,0.2836,27,42,27,546181,59429,63339,44617,0.5504927933602579,0.42881994502431614
2837,0.2837,15,40,15,546221,59389,63354,44602,0.5501222720367557,0.42890250117798656
2838,0.2838,24,67,24,546288,59322,63378,44578,0.5495016488198896,0.4290471607314726
2839,0.2839,24,46,24,546334,59276,63402,44554,0.5490755492978621,0.42910526822690936
2840,0.284,21,45,21,546379,59231,63423,44533,0.5486587128089222,0.4291758220577464
2841,0.2841,10,47,10,546426,59184,63433,44523,0.5482233502538071,0.42931528247852124
2842,0.2842,22,48,22,546474,59136,63455,44501,0.5477787246656045,0.4293929774115422
2843,0.2843,11,52,11,546526,59084,63466,44490,0.5472970469450517,0.4295479560507463
2844,0.2844,21,42,21,546568,59042,63487,44469,0.5469079995553744,0.429606515249587
2845,0.2845,18,41,18,546609,59001,63505,44451,0.5465282151987847,0.4296775316088621
2846,0.2846,19,45,19,546654,58956,63524,44432,0.5461113787098447,0.42975974000851164
2847,0.2847,20,38,20,546692,58918,63544,44412,0.5457593834525177,0.42980741314235943
2848,0.2848,14,39,14,546731,58879,63558,44398,0.5453981251621031,0.4298924252253648
2849,0.2849,25,45,25,546776,58834,63583,44373,0.5449812886731631,0.4299417675157693
2850,0.285,26,36,26,546812,58798,63609,44347,0.5446478194820112,0.429948131271511
2851,0.2851,24,48,24,546860,58750,63633,44323,0.5442031938938086,0.4300156199974775
2852,0.2852,21,53,21,546913,58697,63654,44302,0.5437122531401682,0.43012068078330856
2853,0.2853,18,47,18,546960,58650,63672,44284,0.5432768905850531,0.43021742087162645
2854,0.2854,10,53,10,547013,58597,63682,44274,0.5427859498314128,0.4303836844202934
2855,0.2855,20,38,20,547051,58559,63702,44254,0.5424339545740857,0.43043194926711603
2856,0.2856,14,50,14,547101,58509,63716,44240,0.541970802919708,0.4305638011075534
2857,0.2857,13,43,13,547144,58466,63729,44227,0.5415724924969432,0.4306720029602797
2858,0.2858,13,40,13,547184,58426,63742,44214,0.541201971173441,0.43076773187841
2859,0.2859,14,42,14,547226,58384,63756,44200,0.5408129237837638,0.43086641191608827
2860,0.286,19,63,19,547289,58321,63775,44181,0.5402293526992479,0.4310257360831984
2861,0.2861,17,45,17,547334,58276,63792,44164,0.5398125162103079,0.43112065599375243
2862,0.2862,21,36,21,547370,58240,63813,44143,0.5394790470191559,0.4311555629352529
2863,0.2863,23,53,23,547423,58187,63836,44120,0.5389881062655156,0.43125103854086233
2864,0.2864,16,52,16,547475,58135,63852,44104,0.5385064285449628,0.4313813711010476
2865,0.2865,21,58,21,547533,58077,63873,44083,0.5379691726258846,0.43150939702427565
2866,0.2866,25,36,25,547569,58041,63898,44058,0.5376357034347327,0.43152234595833455
2867,0.2867,8,45,8,547614,57996,63906,44050,0.5372188669457927,0.43166807126197987
2868,0.2868,20,50,20,547664,57946,63926,44030,0.536755715291415,0.43176825919824274
2869,0.2869,16,34,16,547698,57912,63942,44014,0.5364407721664382,0.43182308733787256
2870,0.287,20,39,20,547737,57873,63962,43994,0.5360795138760236,0.4318768590416916
2871,0.2871,11,49,11,547786,57824,63973,43983,0.5356256252547335,0.4320233382773287
2872,0.2872,13,40,13,547826,57784,63986,43970,0.5352551039312312,0.43212060459539675
2873,0.2873,21,43,21,547869,57741,64007,43949,0.5348567935084664,0.43218605565935686
2874,0.2874,18,47,18,547916,57694,64025,43931,0.5344214309533514,0.43228536285362856
2875,0.2875,18,60,18,547976,57634,64043,43913,0.5338656489680981,0.43244015086610144
2876,0.2876,18,45,18,548021,57589,64061,43895,0.5334488124791582,0.43253123645106617
2877,0.2877,19,48,19,548069,57541,64080,43876,0.5330041868909555,0.43262963802912724
2878,0.2878,19,51,19,548120,57490,64099,43857,0.5325317722034904,0.4327409790126989
2879,0.2879,16,63,16,548183,57427,64115,43841,0.5319482011189745,0.43292056720780503
2880,0.288,20,48,20,548231,57379,64135,43821,0.5315035755307718,0.43301383399209487
2881,0.2881,20,47,20,548278,57332,64155,43801,0.5310682129756568,0.4331029436484629
2882,0.2882,22,54,22,548332,57278,64177,43779,0.5305680091889288,0.4332109601512018
2883,0.2883,18,61,18,548393,57217,64195,43761,0.530002964170588,0.43337162550258473
2884,0.2884,13,32,13,548425,57185,64208,43748,0.5297065471117863,0.43343604173065303
2885,0.2885,14,47,14,548472,57138,64222,43734,0.5292711845566712,0.4335593623602189
2886,0.2886,17,48,17,548520,57090,64239,43717,0.5288265589684686,0.43367028083367226
2887,0.2887,21,49,21,548569,57041,64260,43696,0.5283726703471785,0.43376316547048255
2888,0.2888,20,35,20,548604,57006,64280,43676,0.5280484641891141,0.4338014739476768
2889,0.2889,15,39,15,548643,56967,64295,43661,0.5276872058986994,0.4338852009381087
2890,0.289,13,42,13,548685,56925,64308,43648,0.5272981585090222,0.4339932188559554
2891,0.2891,18,62,18,548747,56863,64326,43630,0.5267238504575938,0.4341595932054969
2892,0.2892,19,46,19,548793,56817,64345,43611,0.5262977509355663,0.4342514039909189
2893,0.2893,26,34,26,548827,56783,64371,43585,0.5259828078105895,0.43425195281364576
2894,0.2894,25,45,25,548872,56738,64396,43560,0.5255659713216495,0.43430576880894933
2895,0.2895,20,48,20,548920,56690,64416,43540,0.5251213457334469,0.43440087798064453
2896,0.2896,13,48,13,548968,56642,64429,43527,0.5246767201452444,0.4345356347772265
2897,0.2897,23,45,23,549013,56597,64452,43504,0.5242598836563044,0.4346010529365341
2898,0.2898,22,40,22,549053,56557,64474,43482,0.5238893623328023,0.434650486310339
2899,0.2899,13,44,13,549097,56513,64487,43469,0.5234817888769498,0.43476825828649157
2900,0.29,17,48,17,549145,56465,64504,43452,0.5230371632887473,0.4348809511894873
2901,0.2901,14,45,14,549190,56420,64518,43438,0.5226203267998073,0.4349976967293557
2902,0.2902,22,51,22,549241,56369,64540,43416,0.522147912112342,0.43509545522874177
2903,0.2903,18,37,18,549278,56332,64558,43398,0.5218051798881026,0.43515491827935426
2904,0.2904,21,39,21,549317,56293,64579,43377,0.5214439215976879,0.4352061803953045
2905,0.2905,20,41,20,549358,56252,64599,43357,0.5210641372410982,0.4352719131805359
2906,0.2906,17,40,17,549398,56212,64616,43340,0.5206936159175961,0.43535036965605917
2907,0.2907,15,55,15,549453,56157,64631,43325,0.5201841490977805,0.43550592066906574
2908,0.2908,22,38,22,549491,56119,64653,43303,0.5198321538404536,0.4355474643439078
2909,0.2909,14,49,14,549540,56070,64667,43289,0.5193782652191634,0.4356827262754255
2910,0.291,17,57,17,549597,56013,64684,43272,0.5188502723331728,0.435836229037619
2911,0.2911,14,38,14,549635,55975,64698,43258,0.5184982770758457,0.43592353350196006
2912,0.2912,28,35,28,549670,55940,64726,43230,0.5181740709177813,0.4359181203993143
2913,0.2913,26,34,26,549704,55906,64752,43204,0.5178591277928045,0.4359196851982646
2914,0.2914,19,45,19,549749,55861,64771,43185,0.5174422913038645,0.43600953092502476
2915,0.2915,14,46,14,549795,55815,64785,43171,0.517016191781837,0.436132382357101
2916,0.2916,17,37,17,549832,55778,64802,43154,0.5166734595575976,0.43619860105931346
2917,0.2917,15,29,15,549861,55749,64817,43139,0.5164048315980585,0.43624099991910037
2918,0.2918,13,48,13,549909,55701,64830,43126,0.5159602060098558,0.43637872241391523
2919,0.2919,25,53,25,549962,55648,64855,43101,0.5154692652562155,0.4364702427366353
2920,0.292,22,39,22,550001,55609,64877,43079,0.5151080069658008,0.4365171044098573
2921,0.2921,20,39,20,550040,55570,64897,43059,0.5147467486753863,0.4365754494114307
2922,0.2922,23,45,23,550085,55525,64920,43036,0.5143299121864463,0.4366432970444699
2923,0.2923,13,44,13,550129,55481,64933,43023,0.5139223387305939,0.4367639892796232
2924,0.2924,15,43,15,550172,55438,64948,43008,0.5135240283078291,0.43686894338012716
2925,0.2925,17,45,17,550217,55393,64965,42991,0.5131071918188892,0.43697145877378435
2926,0.2926,19,35,19,550252,55358,64984,42972,0.5127829856608248,0.4370182040069155
2927,0.2927,23,42,23,550294,55316,65007,42949,0.5123939382711475,0.4370732203734799
2928,0.2928,17,43,17,550337,55273,65024,42932,0.5119956278483827,0.43716715034876025
2929,0.2929,31,50,31,550387,55223,65055,42901,0.511532476194005,0.43721209897680485
2930,0.293,17,48,17,550435,55175,65072,42884,0.5110878506058024,0.4373285470991954
2931,0.2931,20,43,20,550478,55132,65092,42864,0.5106895401830376,0.4374056083921793
2932,0.2932,30,56,30,550534,55076,65122,42834,0.5101708103301344,0.4374834031253192
2933,0.2933,19,37,19,550571,55039,65141,42815,0.509828078105895,0.4375395998119648
2934,0.2934,11,47,11,550618,54992,65152,42804,0.5093927155507799,0.43768661294940486
2935,0.2935,26,50,26,550668,54942,65178,42778,0.5089295638964022,0.43776094965206713
2936,0.2936,15,45,15,550713,54897,65193,42763,0.5085127274074623,0.4378763055498669
2937,0.2937,15,43,15,550756,54854,65208,42748,0.5081144169846975,0.4379828282207332
2938,0.2938,12,40,12,550796,54814,65220,42736,0.5077438956611953,0.4380932854946181
2939,0.2939,12,48,12,550844,54766,65232,42724,0.5072992700729927,0.43823981946866347
2940,0.294,17,41,17,550885,54725,65249,42707,0.506919485716403,0.43832621725921667
2941,0.2941,19,51,19,550936,54674,65268,42688,0.5064470710289377,0.43844621104743126
2942,0.2942,19,48,19,550984,54626,65287,42669,0.5060024454407351,0.4385528547201809
2943,0.2943,17,45,17,551029,54581,65304,42652,0.5055856089517952,0.4386576573796962
2944,0.2944,12,40,12,551069,54541,65316,42640,0.505215087628293,0.4387688951544026
2945,0.2945,12,36,12,551105,54505,65328,42628,0.5048816184371411,0.4388621786622466
2946,0.2946,15,45,15,551150,54460,65343,42613,0.5044647819482011,0.43897891277698226
2947,0.2947,25,56,25,551206,54404,65368,42588,0.5039460520952981,0.4390877598152425
2948,0.2948,21,48,21,551254,54356,65389,42567,0.5035014265070955,0.439183681891811
2949,0.2949,17,45,17,551299,54311,65406,42550,0.5030845900181555,0.43928929083945034
2950,0.295,20,40,20,551339,54271,65426,42530,0.5027140686946534,0.4393549653412671
2951,0.2951,16,38,16,551377,54233,65442,42514,0.5023620734373263,0.4394348145162124
2952,0.2952,31,53,31,551430,54180,65473,42483,0.501871132683686,0.43949598088203345
2953,0.2953,20,42,20,551472,54138,65493,42463,0.5014820852940086,0.43957101893355144
2954,0.2954,15,43,15,551515,54095,65508,42448,0.5010837748712439,0.43967972820401274
2955,0.2955,18,46,18,551561,54049,65526,42430,0.5006576753492163,0.4397848236403777
2956,0.2956,20,39,20,551600,54010,65546,42410,0.5002964170588017,0.4398465048745074
2957,0.2957,18,36,18,551636,53974,65564,42392,0.4999629478676498,0.4399061909802212
2958,0.2958,18,43,18,551679,53931,65582,42374,0.49956463744488494,0.439997923264628
2959,0.2959,19,38,19,551717,53893,65601,42355,0.4992126421875579,0.4400610921785388
2960,0.296,10,46,10,551763,53847,65611,42345,0.4987865426655304,0.44021332335329344
2961,0.2961,11,24,11,551787,53823,65622,42334,0.4985642298714291,0.4402591594995684
2962,0.2962,15,45,15,551832,53778,65637,42319,0.49814739338248915,0.4403779514448942
2963,0.2963,18,42,18,551874,53736,65655,42301,0.4977583459928119,0.4404656538625738
2964,0.2964,19,40,19,551914,53696,65674,42282,0.4973878246693097,0.44053845672966724
2965,0.2965,12,56,12,551970,53640,65686,42270,0.4968690948164067,0.44072568032530496
2966,0.2966,22,41,22,552011,53599,65708,42248,0.496489310459817,0.4407858357590744
2967,0.2967,23,43,23,552054,53556,65731,42225,0.49609100003705214,0.44084943777993546
2968,0.2968,17,56,17,552110,53500,65748,42208,0.4955722701841491,0.44100806620136246
2969,0.2969,21,42,21,552152,53458,65769,42187,0.4951832227944718,0.4410789900151602
2970,0.297,19,40,19,552192,53418,65788,42168,0.4948127014709697,0.44115247002699143
2971,0.2971,13,42,13,552234,53376,65801,42155,0.49442365408129235,0.4412703729679371
2972,0.2972,18,52,18,552286,53324,65819,42137,0.49394197636073955,0.4414053906831062
2973,0.2973,16,41,16,552327,53283,65835,42121,0.49356219200414986,0.4415014045532682
2974,0.2974,20,40,20,552367,53243,65855,42101,0.4931916706806477,0.4415694747440846
2975,0.2975,12,48,12,552415,53195,65867,42089,0.49274704509244505,0.44172159019352675
2976,0.2976,14,45,14,552460,53150,65881,42075,0.4923302086035051,0.44184825413494355
2977,0.2977,19,46,19,552506,53104,65900,42056,0.49190410908147764,0.4419503993274485
2978,0.2978,11,33,11,552539,53071,65911,42045,0.49159842898958833,0.4420391942470247
2979,0.2979,12,46,12,552585,53025,65923,42033,0.49117232946756084,0.44218266742409895
2980,0.298,13,48,13,552633,52977,65936,42020,0.49072770387935827,0.4423297577818247
2981,0.2981,19,37,19,552670,52940,65955,42001,0.49038497165511874,0.4423905372810482
2982,0.2982,17,40,17,552710,52900,65972,41984,0.49001445033161656,0.44247712996922556
2983,0.2983,18,39,18,552749,52861,65990,41966,0.48965319204120195,0.4425532812384658
2984,0.2984,12,44,12,552793,52817,66002,41954,0.4892456185853496,0.44268816410083256
2985,0.2985,21,47,21,552840,52770,66023,41933,0.48881025603023454,0.4427842834968269
2986,0.2986,19,53,19,552893,52717,66042,41914,0.48831931527659417,0.4429203960647145
2987,0.2987,21,49,21,552942,52668,66063,41893,0.487865426655304,0.44302619473144317
2988,0.2988,20,39,20,552981,52629,66083,41873,0.4875041683648894,0.44309115151002093
2989,0.2989,16,38,16,553019,52591,66099,41857,0.4871521731075623,0.4431750804675589
2990,0.299,26,44,26,553063,52547,66125,41831,0.48674459965170996,0.44322829472970393
2991,0.2991,21,49,21,553112,52498,66146,41810,0.4862907110304198,0.4433346057598507
2992,0.2992,21,34,21,553146,52464,66167,41789,0.48597576790544295,0.443370502795667
2993,0.2993,15,49,15,553195,52415,66182,41774,0.4855218792841528,0.4435125120767818
2994,0.2994,15,35,15,553230,52380,66197,41759,0.4851976731260884,0.4435887358055641
2995,0.2995,15,43,15,553273,52337,66212,41744,0.4847993627033236,0.443702766764809
2996,0.2996,18,41,18,553314,52296,66230,41726,0.4844195783467339,0.443789751334794
2997,0.2997,23,50,23,553364,52246,66253,41703,0.48395642669235617,0.44388976998158575
2998,0.2998,18,44,18,553408,52202,66271,41685,0.48354885323650376,0.4439911808876628
2999,0.2999,16,49,16,553457,52153,66287,41669,0.4830949646152136,0.44412824284283003
3000,0.3,23,45,23,553502,52108,66310,41646,0.48267812812627364,0.44420504725131726
3001,0.3001,17,43,17,553545,52065,66327,41629,0.48227981770350886,0.4443080666851666
3002,0.3002,17,41,17,553586,52024,66344,41612,0.4819000333469191,0.444401725831945
3003,0.3003,23,42,23,553628,51982,66367,41589,0.48151098595724184,0.4444646311357151
3004,0.3004,23,39,23,553667,51943,66390,41566,0.48114972766682723,0.4445133623501481
3005,0.3005,17,47,17,553714,51896,66407,41549,0.48071436511171217,0.44463588206966664
3006,0.3006,20,50,20,553764,51846,66427,41529,0.48025121345733446,0.4447550200803213
3007,0.3007,19,47,19,553811,51799,66446,41510,0.4798158509022194,0.44486598291697477
3008,0.3008,18,42,18,553853,51757,66464,41492,0.47942680351254213,0.44495919527287153
3009,0.3009,25,37,25,553890,51720,66489,41467,0.47908407128830266,0.44498696170066643
3010,0.301,25,34,25,553924,51686,66514,41442,0.4787691281633258,0.4450004295163646
3011,0.3011,23,39,23,553963,51647,66537,41419,0.4784078698729112,0.4450497496400404
3012,0.3012,13,41,13,554004,51606,66550,41406,0.4780280855163215,0.44516836537221005
3013,0.3013,24,32,24,554036,51574,66574,41382,0.47773166845751974,0.445178363957141
3014,0.3014,23,48,23,554084,51526,66597,41359,0.4772870428693171,0.44527103407439306
3015,0.3015,22,47,22,554131,51479,66619,41337,0.4768516803142021,0.4453650232718497
3016,0.3016,12,42,12,554173,51437,66631,41325,0.4764626329245248,0.44549492248981265
3017,0.3017,24,54,24,554227,51383,66655,41301,0.4759624291377969,0.44561089292650297
3018,0.3018,13,48,13,554275,51335,66668,41288,0.4755178035495943,0.4457640110987552
3019,0.3019,10,43,10,554318,51292,66678,41278,0.47511949312682944,0.44591120233336934
3020,0.302,15,45,15,554363,51247,66693,41263,0.4747026566378895,0.446038266133391
3021,0.3021,13,47,13,554410,51200,66706,41250,0.47426729408277446,0.4461871281773932
3022,0.3022,13,50,13,554460,51150,66719,41237,0.47380414242839675,0.44635067704330694
3023,0.3023,20,52,20,554512,51098,66739,41217,0.47332246470784395,0.44648215349618153
3024,0.3024,18,35,18,554547,51063,66757,41199,0.47299825854977956,0.44654353905183064
3025,0.3025,16,32,16,554579,51031,66773,41183,0.4727018414909778,0.4466024681718611
3026,0.3026,13,40,13,554619,50991,66786,41170,0.47233132016747564,0.44671824307461944
3027,0.3027,11,44,11,554663,50947,66797,41159,0.47192374671162324,0.4468655679325994
3028,0.3028,24,37,24,554700,50910,66821,41135,0.47158101448738377,0.44690097235048076
3029,0.3029,16,31,16,554731,50879,66837,41119,0.47129386046166954,0.4469553685949695
3030,0.303,17,34,17,554765,50845,66854,41102,0.4709789173366927,0.4470183910296149
3031,0.3031,25,37,25,554802,50808,66879,41077,0.4706361851124532,0.4470479403602329
3032,0.3032,16,37,16,554839,50771,66895,41061,0.4702934528882137,0.44713171879083546
3033,0.3033,16,32,16,554871,50739,66911,41045,0.469997035829412,0.44719123158720475
3034,0.3034,17,39,17,554910,50700,66928,41028,0.4696357775389974,0.44727891156462585
3035,0.3035,18,35,18,554945,50665,66946,41010,0.469311571380933,0.44734115080447234
3036,0.3036,17,38,17,554983,50627,66963,40993,0.4689595761236059,0.44742414320017465
3037,0.3037,17,35,17,555018,50592,66980,40976,0.4686353699655415,0.44749257382491703
3038,0.3038,15,35,15,555053,50557,66995,40961,0.4683111638074771,0.447573155007758
3039,0.3039,21,41,21,555094,50516,67016,40940,0.4679313794508874,0.447646955913226
3040,0.304,17,52,17,555146,50464,67033,40923,0.46744970173033457,0.44779892107192487
3041,0.3041,17,43,17,555189,50421,67050,40906,0.46705139130756973,0.4479069716513189
3042,0.3042,9,48,9,555237,50373,67059,40897,0.46660676571936716,0.44808809028158214
3043,0.3043,19,33,19,555270,50340,67078,40878,0.46630108562747785,0.4481352364664869
3044,0.3044,15,35,15,555305,50305,67093,40863,0.46597687946941346,0.44821647946647947
3045,0.3045,10,47,10,555352,50258,67103,40853,0.4655415169142984,0.4483871321794295
3046,0.3046,17,43,17,555395,50215,67120,40836,0.46514320649153357,0.44849589790337285
3047,0.3047,13,36,13,555431,50179,67133,40823,0.46480973730038166,0.44859453638381575
3048,0.3048,12,32,12,555463,50147,67145,40811,0.46451332024157993,0.4486796103696211
3049,0.3049,24,41,24,555504,50106,67169,40787,0.4641335358849902,0.4487364263474635
3050,0.305,14,49,14,555553,50057,67183,40773,0.46367964726370003,0.4488935373775184
3051,0.3051,15,43,15,555596,50014,67198,40758,0.4632813368409352,0.449015114793108
3052,0.3052,18,33,18,555629,49981,67216,40740,0.4629756567490459,0.4490691240175924
3053,0.3053,18,31,18,555660,49950,67234,40722,0.46268850272333173,0.4491132874536792
3054,0.3054,13,38,13,555698,49912,67247,40709,0.4623365074660047,0.44922258637622625
3055,0.3055,24,44,24,555742,49868,67271,40685,0.4619289340101523,0.449294888076596
3056,0.3056,21,37,21,555779,49831,67292,40664,0.46158620178591275,0.44935079286148405
3057,0.3057,22,48,22,555827,49783,67314,40642,0.4611415761977102,0.4494553497373514
3058,0.3058,24,42,24,555869,49741,67338,40618,0.4607525288080329,0.4495180336214434
3059,0.3059,19,33,19,555902,49708,67357,40599,0.4604468487161436,0.4495664787890197
3060,0.306,18,44,18,555946,49664,67375,40581,0.4600392752602912,0.44967588232035016
3061,0.3061,16,38,16,555984,49626,67391,40565,0.45968728000296416,0.4497677151822244
3062,0.3062,19,38,19,556022,49588,67410,40546,0.4593352847456371,0.4498413473273127
3063,0.3063,23,33,23,556055,49555,67433,40523,0.4590296046537478,0.4498656719731788
3064,0.3064,24,34,24,556089,49521,67457,40499,0.458714661528771,0.4498889135747612
3065,0.3065,19,46,19,556135,49475,67476,40480,0.4582885620067435,0.4500027791673615
3066,0.3066,15,51,15,556186,49424,67491,40465,0.4578161473192782,0.45016631623446696
3067,0.3067,17,31,17,556217,49393,67508,40448,0.45752899329356406,0.450217606660656
3068,0.3068,15,45,15,556262,49348,67523,40433,0.4571121568046241,0.4503514106548156
3069,0.3069,19,35,19,556297,49313,67542,40414,0.4567879506465597,0.4504106902047321
3070,0.307,18,48,18,556345,49265,67560,40396,0.4563433250583571,0.450541484034307
3071,0.3071,17,46,17,556391,49219,67577,40379,0.45591722553632963,0.4506685417085203
3072,0.3072,19,34,19,556425,49185,67596,40360,0.45560228241135275,0.45072310011725947
3073,0.3073,15,47,15,556472,49138,67611,40345,0.45516691985623775,0.4508677625917772
3074,0.3074,20,42,20,556514,49096,67631,40325,0.45477787246656043,0.4509567103924134
3075,0.3075,14,45,14,556559,49051,67645,40311,0.4543610359776205,0.4510977820550122
3076,0.3076,14,33,14,556592,49018,67659,40297,0.4540553558857312,0.45117841348037846
3077,0.3077,12,35,12,556627,48983,67671,40285,0.4537311497276668,0.45128153425639644
3078,0.3078,15,28,15,556655,48955,67686,40270,0.4534717848012153,0.45133090501541046
3079,0.3079,13,42,13,556697,48913,67699,40257,0.45308273741153804,0.4514634966917125
3080,0.308,14,40,14,556737,48873,67713,40243,0.45271221608803586,0.4515799631940392
3081,0.3081,18,33,18,556770,48840,67731,40225,0.45240653599614655,0.4516364452927637
3082,0.3082,17,42,17,556812,48798,67748,40208,0.4520174886064693,0.4517448261914927
3083,0.3083,19,53,19,556865,48745,67767,40189,0.4515265478528289,0.45189691231699913
3084,0.3084,18,40,18,556905,48705,67785,40171,0.45115602652932674,0.4519892884468248
3085,0.3085,11,25,11,556930,48680,67796,40160,0.45092445070213794,0.4520486267447096
3086,0.3086,24,37,24,556967,48643,67820,40136,0.4505817184778984,0.4520888948963156
3087,0.3087,21,36,21,557003,48607,67841,40115,0.45024824928674645,0.45214264782128444
3088,0.3088,12,37,12,557040,48570,67853,40103,0.4499055170625069,0.45225716960066764
3089,0.3089,18,35,18,557075,48535,67871,40085,0.44958131090444253,0.45232453170841797
3090,0.309,16,37,16,557112,48498,67887,40069,0.44923857868020306,0.45241455621168153
3091,0.3091,19,43,19,557155,48455,67906,40050,0.4488402682574382,0.45251680696005875
3092,0.3092,21,40,21,557195,48415,67927,40029,0.44846974693393604,0.452591470308896
3093,0.3093,21,38,21,557233,48377,67948,40008,0.448117751676609,0.45265599366408327
3094,0.3094,16,39,16,557272,48338,67964,39992,0.4477564933861944,0.45275670780029437
3095,0.3095,14,32,14,557304,48306,67978,39978,0.44746007632739265,0.452834035612342
3096,0.3096,13,42,13,557346,48264,67991,39965,0.4470710289377154,0.45296897845379636
3097,0.3097,20,47,20,557393,48217,68011,39945,0.4466356663826003,0.4530863637394796
3098,0.3098,18,49,18,557442,48168,68029,39927,0.4461817777613102,0.45322663034224414
3099,0.3099,17,29,17,557471,48139,68046,39910,0.4459131498017711,0.4532703381071903
3100,0.31,23,37,23,557508,48102,68069,39887,0.4455704175775316,0.45331802838991236
3101,0.3101,22,39,22,557547,48063,68091,39865,0.44520915928711696,0.45338231280138297
3102,0.3102,15,49,15,557596,48014,68106,39850,0.4447552706658268,0.4535418373850496
3103,0.3103,14,41,14,557637,47973,68120,39836,0.4443754863092371,0.45366648065688026
3104,0.3104,17,35,17,557672,47938,68137,39819,0.4440512801511727,0.4537415818681131
3105,0.3105,15,48,15,557720,47890,68152,39804,0.4436066545629701,0.453896503751682
3106,0.3106,15,40,15,557760,47850,68167,39789,0.4432361332394679,0.4540102009379386
3107,0.3107,18,34,18,557794,47816,68185,39771,0.4429211901144911,0.45407423476086634
3108,0.3108,16,35,16,557829,47781,68201,39755,0.4425969839564267,0.45415600438676657
3109,0.3109,20,36,20,557865,47745,68221,39735,0.44226351476527476,0.4542181069958848
3110,0.311,20,33,20,557898,47712,68241,39715,0.44195783467338545,0.45426470083612613
3111,0.3111,19,34,19,557932,47678,68260,39696,0.44164289154840863,0.4543227962551789
3112,0.3112,10,34,10,557966,47644,68270,39686,0.44132794842343176,0.45443719225924656
3113,0.3113,12,35,12,558001,47609,68282,39674,0.44100374226536737,0.4545444130013863
3114,0.3114,12,30,12,558031,47579,68294,39662,0.4407258512727407,0.4546256920484634
3115,0.3115,21,34,21,558065,47545,68315,39641,0.4404109081477639,0.45467162159062235
3116,0.3116,12,35,12,558100,47510,68327,39629,0.4400867019896995,0.4547791459621983
3117,0.3117,12,29,12,558129,47481,68339,39617,0.43981807403016043,0.45485545018255297
3118,0.3118,14,26,14,558155,47455,68353,39603,0.439577235169884,0.4549036274667463
3119,0.3119,17,51,17,558206,47404,68370,39586,0.4391048204824188,0.4550638004368318
3120,0.312,14,43,14,558249,47361,68384,39572,0.43870651005965394,0.4552011319061806
3121,0.3121,20,32,20,558281,47329,68404,39552,0.4384100930008522,0.4552433788745526
3122,0.3122,20,40,20,558321,47289,68424,39532,0.43803957167735,0.45532762810840693
3123,0.3123,23,40,23,558361,47249,68447,39509,0.43766905035384784,0.4553931625901934
3124,0.3124,13,41,13,558402,47208,68460,39496,0.43728926599725815,0.4555268499723196
3125,0.3125,9,29,9,558431,47179,68469,39487,0.43702063803771907,0.4556227355595043
3126,0.3126,27,39,27,558470,47140,68496,39460,0.43665937974730445,0.4556581986143187
3127,0.3127,13,51,13,558521,47089,68509,39447,0.43618696505983917,0.455844966256818
3128,0.3128,15,41,15,558562,47048,68524,39432,0.4358071807032495,0.45596669750231267
3129,0.3129,14,40,14,558602,47008,68538,39418,0.4354366593797473,0.45608960266586446
3130,0.313,11,27,11,558629,46981,68549,39407,0.43518655748638335,0.4561628929943974
3131,0.3131,18,32,18,558661,46949,68567,39389,0.4348901404275816,0.4562185827793092
3132,0.3132,21,41,21,558702,46908,68588,39368,0.43451035607099187,0.4563030274931615
3133,0.3133,21,34,21,558736,46874,68609,39347,0.43419541294601505,0.456350541051484
3134,0.3134,7,41,7,558777,46833,68616,39340,0.4338156285894253,0.4565235050421826
3135,0.3135,14,46,14,558823,46787,68630,39326,0.4333895290673978,0.4566790147829015
3136,0.3136,14,30,14,558853,46757,68644,39312,0.4331116380747712,0.45674981700728484
3137,0.3137,20,41,20,558894,46716,68664,39292,0.43273185371818146,0.4568412240721793
3138,0.3138,12,47,12,558941,46669,68676,39280,0.43229649116306645,0.4570152066923408
3139,0.3139,15,42,15,558983,46627,68691,39265,0.43190744377338913,0.4571438550738136
3140,0.314,24,28,24,559011,46599,68715,39241,0.4316480788469376,0.45714119291705496
3141,0.3141,13,46,13,559057,46553,68728,39228,0.43122197932491013,0.4573040650027395
3142,0.3142,17,30,17,559087,46523,68745,39211,0.43094408833228354,0.45735647467749085
3143,0.3143,16,32,16,559119,46491,68761,39195,0.4306476712734818,0.457425950563686
3144,0.3144,19,46,19,559165,46445,68780,39176,0.4302215717514543,0.4575513016666472
3145,0.3145,8,30,8,559195,46415,68788,39168,0.42994368075882766,0.4576609840739399
3146,0.3146,15,41,15,559236,46374,68803,39153,0.42956389640223797,0.4577852607948367
3147,0.3147,21,40,21,559276,46334,68824,39132,0.4291933750787358,0.4578662860084712
3148,0.3148,14,34,14,559310,46300,68838,39118,0.42887843195375897,0.45795968062937553
3149,0.3149,18,36,18,559346,46264,68856,39100,0.428544962762607,0.45803851740780654
3150,0.315,14,37,14,559383,46227,68870,39086,0.4282022305383675,0.4581482306330805
3151,0.3151,20,38,20,559421,46189,68890,39066,0.42785023528104044,0.45822532402791627
3152,0.3152,13,46,13,559467,46143,68903,39053,0.42742413575901295,0.4583900652612799
3153,0.3153,12,41,12,559508,46102,68915,39041,0.4270443514024232,0.45853446554619876
3154,0.3154,25,31,25,559539,46071,68940,39016,0.42675719737670903,0.4585424330391247
3155,0.3155,20,34,20,559573,46037,68960,38996,0.4264422542517322,0.4585984264932438
3156,0.3156,19,27,19,559600,46010,68979,38977,0.4261921523583682,0.4586230835304223
3157,0.3157,22,35,22,559635,45975,69001,38955,0.4258679462003038,0.4586718474037443
3158,0.3158,19,27,19,559662,45948,69020,38936,0.4256178443069399,0.4586965741482494
3159,0.3159,17,40,17,559702,45908,69037,38919,0.4252473229834377,0.458804390111639
3160,0.316,24,34,24,559736,45874,69061,38895,0.42493237985846083,0.4588351873916172
3161,0.3161,15,40,15,559776,45834,69076,38880,0.4245618585349587,0.4589560167150648
3162,0.3162,18,36,18,559812,45798,69094,38862,0.42422838934380674,0.45903614457831327
3163,0.3163,20,34,20,559846,45764,69114,38842,0.42391344621882987,0.45909273573978204
3164,0.3164,12,38,12,559884,45726,69126,38830,0.42356145096150283,0.4592222905530063
3165,0.3165,12,41,12,559925,45685,69138,38818,0.42318166660491313,0.45936830645065857
3166,0.3166,15,37,15,559962,45648,69153,38803,0.4228389343806736,0.45947354086985354
3167,0.3167,16,32,16,559994,45616,69169,38787,0.42254251732187187,0.4595452768266531
3168,0.3168,17,36,17,560030,45580,69186,38770,0.4222090481307199,0.4596324836988737
3169,0.3169,22,34,22,560064,45546,69208,38748,0.4218941050057431,0.45967684532706954
3170,0.317,21,44,21,560108,45502,69229,38727,0.4214865315498907,0.45978226026665403
3171,0.3171,14,29,14,560137,45473,69243,38713,0.4212179035903516,0.45985080654740695
3172,0.3172,19,38,19,560175,45435,69262,38694,0.42086590833302456,0.4599365260492815
3173,0.3173,23,42,23,560217,45393,69285,38671,0.4204768609433473,0.46001855728968405
3174,0.3174,20,37,20,560254,45356,69305,38651,0.42013412871910777,0.4600926113300082
3175,0.3175,17,36,17,560290,45320,69322,38634,0.4198006595279558,0.4601805750768278
3176,0.3176,17,33,17,560323,45287,69339,38617,0.41949497943606656,0.4602521929824561
3177,0.3177,13,43,13,560366,45244,69352,38604,0.4190966690133017,0.46040454155137867
3178,0.3178,17,35,17,560401,45209,69369,38587,0.41877246285523734,0.46048737409900237
3179,0.3179,16,26,16,560427,45183,69385,38571,0.4185316239949609,0.46052725839959885
3180,0.318,13,38,13,560465,45145,69398,38558,0.41817962873763387,0.46065254530900923
3181,0.3181,13,40,13,560505,45105,69411,38545,0.4178091074141317,0.4607890017931859
3182,0.3182,21,39,21,560544,45066,69432,38524,0.4174478491237171,0.46086852494317504
3183,0.3183,18,37,18,560581,45029,69450,38506,0.41710511689947755,0.46095648530556055
3184,0.3184,18,47,18,560628,44982,69468,38488,0.41666975434436254,0.4610997963340122
3185,0.3185,19,28,19,560656,44954,69487,38469,0.416410389417911,0.46113182215935655
3186,0.3186,22,35,22,560691,44919,69509,38447,0.4160861832598466,0.4611832161792577
3187,0.3187,14,32,14,560723,44887,69523,38433,0.41578976620104485,0.46126980316850696
3188,0.3188,19,35,19,560758,44852,69542,38414,0.41546556004298046,0.4613407633367761
3189,0.3189,13,42,13,560800,44810,69555,38401,0.4150765126533032,0.4614894665368761
3190,0.319,12,30,12,560830,44780,69567,38389,0.41479862166067655,0.46157823227404443
3191,0.3191,16,34,16,560864,44746,69583,38373,0.41448367853569973,0.46166339826032554
3192,0.3192,12,37,12,560901,44709,69595,38361,0.4141409463114602,0.46179126038280965
3193,0.3193,19,31,19,560932,44678,69614,38342,0.41385379228574604,0.4618405203565406
3194,0.3194,20,32,20,560964,44646,69634,38322,0.4135573752269443,0.4618889210297946
3195,0.3195,15,35,15,560999,44611,69649,38307,0.4132331690688799,0.461986540919945
3196,0.3196,13,48,13,561047,44563,69662,38294,0.41278854348067734,0.46216976236165924
3197,0.3197,20,35,20,561082,44528,69682,38274,0.4124643373226129,0.4622352117098621
3198,0.3198,16,29,16,561111,44499,69698,38258,0.41219570936307387,0.4622932199088899
3199,0.3199,16,33,16,561144,44466,69714,38242,0.41189002927118457,0.4623736518837355
3200,0.32,19,38,19,561182,44428,69733,38223,0.4115380340138575,0.46246264413013755
3201,0.3201,15,36,15,561218,44392,69748,38208,0.41120456482270556,0.4625665859564165
3202,0.3202,15,26,15,561244,44366,69763,38193,0.41096372596242914,0.4626146150026042
3203,0.3203,21,31,21,561275,44335,69784,38172,0.410676571936715,0.4626516537990716
3204,0.3204,13,36,13,561311,44299,69797,38159,0.410343102745563,0.46276892478595166
3205,0.3205,13,38,13,561349,44261,69810,38146,0.409991107488236,0.4628975693812419
3206,0.3206,17,38,17,561387,44223,69827,38129,0.4096391122309089,0.4630002914319021
3207,0.3207,18,30,18,561417,44193,69845,38111,0.4093612212382823,0.4630516135303266
3208,0.3208,19,28,19,561445,44165,69864,38092,0.40910185631183077,0.4630852085536793
3209,0.3209,15,33,15,561478,44132,69879,38077,0.40879617621994147,0.46317313189553455
3210,0.321,17,30,17,561508,44102,69896,38060,0.4085182852273148,0.46323117742995545
3211,0.3211,17,36,17,561544,44066,69913,38043,0.40818481603616286,0.46332314362615545
3212,0.3212,15,26,15,561570,44040,69928,38028,0.4079439771758865,0.46337183798800996
3213,0.3213,11,38,11,561608,44002,69939,38017,0.4075919819185594,0.4635145515063583
3214,0.3214,20,35,20,561643,43967,69959,37997,0.407267775760495,0.463581572397638
3215,0.3215,13,41,13,561684,43926,69972,37984,0.4068879914039053,0.4637284824807716
3216,0.3216,17,44,17,561728,43882,69989,37967,0.4064804179480529,0.4638663881049249
3217,0.3217,16,39,16,561767,43843,70005,37951,0.4061191596576383,0.4639826882167396
3218,0.3218,16,34,16,561801,43809,70021,37935,0.40580421653266147,0.464070757486788
3219,0.3219,16,29,16,561830,43780,70037,37919,0.4055355885731224,0.46413052791343834
3220,0.322,18,19,18,561849,43761,70055,37901,0.40535959094445884,0.4641203987166614
3221,0.3221,16,39,16,561888,43722,70071,37885,0.4049983326540442,0.46423713652015147
3222,0.3222,14,30,14,561918,43692,70085,37871,0.40472044166141763,0.464315927565195
3223,0.3223,10,31,10,561949,43661,70095,37861,0.4044332876357034,0.4644267805009691
3224,0.3224,13,30,13,561979,43631,70108,37848,0.4041553966430768,0.4645123283299991
3225,0.3225,18,48,18,562027,43583,70126,37830,0.4037107710548742,0.464667804896024
3226,0.3226,16,27,16,562054,43556,70142,37814,0.40346066916151024,0.46471672606611775
3227,0.3227,17,25,17,562079,43531,70159,37797,0.4032290933343214,0.46474768837300806
3228,0.3228,19,40,19,562119,43491,70178,37778,0.4028585720108192,0.464851296312247
3229,0.3229,19,28,19,562147,43463,70197,37759,0.4025992070843677,0.46488636083819657
3230,0.323,13,37,13,562184,43426,70210,37746,0.4022564748601282,0.4650125659094269
3231,0.3231,19,31,19,562215,43395,70229,37727,0.401969320834414,0.4650649638815611
3232,0.3232,14,41,14,562256,43354,70243,37713,0.4015895364778243,0.4652077910863853
3233,0.3233,12,42,12,562298,43312,70255,37701,0.40120048908814704,0.4653697554713441
3234,0.3234,14,28,14,562326,43284,70269,37687,0.40094112416169553,0.4654382433216831
3235,0.3235,15,40,15,562366,43244,70284,37672,0.40057060283819335,0.46556923229027636
3236,0.3236,9,32,9,562398,43212,70293,37663,0.4002741857793916,0.46569397217928904
3237,0.3237,20,39,20,562437,43173,70313,37643,0.399912927488977,0.4657864779251633
3238,0.3238,17,30,17,562467,43143,70330,37626,0.39963503649635035,0.4658470452772722
3239,0.3239,19,30,19,562497,43113,70349,37607,0.39935714550372375,0.465894449950446
3240,0.324,18,36,18,562533,43077,70367,37589,0.3990236763125718,0.46598318994371857
3241,0.3241,17,20,17,562553,43057,70384,37572,0.39883841565082073,0.4659861836311997
3242,0.3242,19,38,19,562591,43019,70403,37553,0.39848642039349363,0.46608002780122126
3243,0.3243,24,31,24,562622,42988,70427,37529,0.39819926636777947,0.46610032663909484
3244,0.3244,16,44,16,562666,42944,70443,37513,0.39779169291192706,0.4662490522888002
3245,0.3245,16,42,16,562708,42902,70459,37497,0.3974026455222498,0.4663863978407692
3246,0.3246,16,38,16,562746,42864,70475,37481,0.39705065026492276,0.46650071566370027
3247,0.3247,12,34,12,562780,42830,70487,37469,0.3967357071399459,0.4666185133065169
3248,0.3248,15,28,15,562808,42802,70502,37454,0.39647634221349437,0.4666816188197767
3249,0.3249,12,33,12,562841,42769,70514,37442,0.3961706621216051,0.46679383127002533
3250,0.325,17,37,17,562878,42732,70531,37425,0.3958279298973656,0.4668962161757551
3251,0.3251,16,27,16,562905,42705,70547,37409,0.39557782800400165,0.4669471003819557
3252,0.3252,19,38,19,562943,42667,70566,37390,0.39522583274667455,0.4670422324094083
3253,0.3253,15,33,15,562976,42634,70581,37375,0.3949201526547853,0.4671349473184267
3254,0.3254,13,27,13,563003,42607,70594,37362,0.3946700507614213,0.4672060423414073
3255,0.3255,9,28,9,563031,42579,70603,37353,0.3944106858349698,0.4673097132562678
3256,0.3256,15,26,15,563057,42553,70618,37338,0.39416984697469337,0.4673617804258302
3257,0.3257,22,33,22,563090,42520,70640,37316,0.3938641668828041,0.46740818678290497
3258,0.3258,15,35,15,563125,42485,70655,37301,0.39353996072473973,0.46751309753590853
3259,0.3259,26,30,26,563155,42455,70681,37275,0.3932620697321131,0.4675153643546971
3260,0.326,21,38,21,563193,42417,70702,37254,0.39291007447478604,0.4675979967616824
3261,0.3261,15,49,15,563242,42368,70717,37239,0.39245618585349584,0.4677854962503297
3262,0.3262,17,40,17,563282,42328,70734,37222,0.3920856645299937,0.467906976744186
3263,0.3263,9,38,9,563320,42290,70743,37213,0.3917336692726666,0.4680703872809831
3264,0.3264,10,35,10,563355,42255,70753,37203,0.39140946311460223,0.46820962017669715
3265,0.3265,15,29,15,563384,42226,70768,37188,0.39114083515506315,0.4682801521142368
3266,0.3266,16,30,16,563414,42196,70784,37172,0.39086294416243655,0.46834996472129825
3267,0.3267,11,33,11,563447,42163,70795,37161,0.39055726407054725,0.4684710806313348
3268,0.3268,18,34,18,563481,42129,70813,37143,0.39024232094557043,0.4685513169845595
3269,0.3269,16,33,16,563514,42096,70829,37127,0.3899366408536811,0.46863915782032994
3270,0.327,19,24,19,563538,42072,70848,37108,0.38971432805957984,0.46865370042940135
3271,0.3271,9,30,9,563568,42042,70857,37099,0.3894364370669532,0.46877092783765684
3272,0.3272,18,26,18,563594,42016,70875,37081,0.3891955982066768,0.46880412657875775
3273,0.3273,13,44,13,563638,41972,70888,37068,0.3887880247508244,0.4689777327935223
3274,0.3274,16,36,16,563674,41936,70904,37052,0.38845455555967245,0.4690839114802248
3275,0.3275,16,38,16,563712,41898,70920,37036,0.3881025603023454,0.46920211822535285
3276,0.3276,19,35,19,563747,41863,70939,37017,0.387778354144281,0.46928245436105476
3277,0.3277,18,37,18,563784,41826,70957,36999,0.3874356219200415,0.46938154138915317
3278,0.3278,17,30,17,563814,41796,70974,36982,0.3871577309274149,0.4694457843560385
3279,0.3279,23,37,23,563851,41759,70997,36959,0.3868149987031754,0.46951142051373257
3280,0.328,17,38,17,563889,41721,71014,36942,0.38646300344584833,0.4696235841501087
3281,0.3281,17,32,17,563921,41689,71031,36925,0.3861665863870466,0.4697000534255985
3282,0.3282,17,27,17,563948,41662,71048,36908,0.3859164844936826,0.46974672266768486
3283,0.3283,18,38,18,563986,41624,71066,36890,0.38556448923635556,0.46985251038031434
3284,0.3284,20,32,20,564018,41592,71086,36870,0.3852680721775538,0.46990900053529094
3285,0.3285,18,24,18,564042,41568,71104,36852,0.38504575938345253,0.46993114001530223
3286,0.3286,19,37,19,564079,41531,71123,36833,0.384703027159213,0.47002450104639887
3287,0.3287,21,31,21,564110,41500,71144,36812,0.38441587313349884,0.4700684441720298
3288,0.3288,19,36,19,564146,41464,71163,36793,0.3840824039423469,0.4701560243812055
3289,0.3289,15,36,15,564182,41428,71178,36778,0.3837489347511949,0.47027082321049535
3290,0.329,17,32,17,564214,41396,71195,36761,0.3834525176923932,0.4703481453996443
3291,0.3291,10,32,10,564246,41364,71205,36751,0.38315610063359146,0.47047302054663
3292,0.3292,20,37,20,564283,41327,71225,36731,0.382813368409352,0.47056035255835404
3293,0.3293,21,31,21,564314,41296,71246,36710,0.38252621438363776,0.47060482526985103
3294,0.3294,11,35,11,564349,41261,71257,36699,0.3822020082255734,0.4707414058491534
3295,0.3295,13,29,13,564378,41232,71270,36686,0.3819333802660343,0.470828306681383
3296,0.3296,13,37,13,564415,41195,71283,36673,0.3815906480417948,0.4709636821287307
3297,0.3297,19,32,19,564447,41163,71302,36654,0.3812942309829931,0.4710281815027565
3298,0.3298,17,32,17,564479,41131,71319,36637,0.38099781392419135,0.4711063676576484
3299,0.3299,16,41,16,564520,41090,71335,36621,0.3806180295676016,0.4712460269459922
3300,0.33,13,29,13,564549,41061,71348,36608,0.3803494016080625,0.4713334792516963
3301,0.3301,19,40,19,564589,41021,71367,36589,0.3799788802845604,0.4714469784821544
3302,0.3302,23,40,23,564629,40981,71390,36566,0.3796083589610582,0.471533392652198
3303,0.3303,18,24,18,564653,40957,71408,36548,0.3793860461669569,0.47155667376298305
3304,0.3304,16,37,16,564690,40920,71424,36532,0.3790433139427174,0.471672777978619
3305,0.3305,15,39,15,564729,40881,71439,36517,0.3786820556523028,0.47180805705573786
3306,0.3306,18,27,18,564756,40854,71457,36499,0.37843195375893884,0.471849831292904
3307,0.3307,15,27,15,564783,40827,71472,36484,0.37818185186557485,0.47191214704246487
3308,0.3308,17,47,17,564830,40780,71489,36467,0.37774648931045984,0.472083058241744
3309,0.3309,18,33,18,564863,40747,71507,36449,0.37744080921857054,0.47216177003989845
3310,0.331,16,36,16,564899,40711,71523,36433,0.3771073400274186,0.4722726329980297
3311,0.3311,10,23,10,564922,40688,71533,36423,0.3768942902664048,0.47234506101593804
3312,0.3312,9,40,9,564962,40648,71542,36414,0.3765237689429027,0.47252861332433627
3313,0.3313,8,33,8,564995,40615,71550,36406,0.3762180888510134,0.47267628309162435
3314,0.3314,18,29,18,565024,40586,71568,36388,0.3759494608914743,0.47273105204354715
3315,0.3315,25,27,25,565051,40559,71593,36363,0.37569935899811036,0.4727256181586542
3316,0.3316,11,39,11,565090,40520,71604,36352,0.37533810070769574,0.472889998959309
3317,0.3317,17,24,17,565114,40496,71621,36335,0.3751157879135944,0.47292108654058906
3318,0.3318,13,21,13,565135,40475,71634,36322,0.37492126421875577,0.4729611833795591
3319,0.3319,18,39,18,565174,40436,71652,36304,0.37456000592834116,0.47307792546260097
3320,0.332,12,27,12,565201,40409,71664,36292,0.3743099040349772,0.47316201874812586
3321,0.3321,17,27,17,565228,40382,71681,36275,0.3740598021416133,0.47321183975370806
3322,0.3322,8,34,8,565262,40348,71689,36267,0.3737448590166364,0.4733668341708543
3323,0.3323,18,26,18,565288,40322,71707,36249,0.37350402015636,0.47340376905094617
3324,0.3324,8,31,8,565319,40291,71715,36241,0.3732168661306458,0.47354047979929964
3325,0.3325,11,28,11,565347,40263,71726,36230,0.3729575012041943,0.47363811067679396
3326,0.3326,14,29,14,565376,40234,71740,36216,0.3726888732446552,0.4737213865271419
3327,0.3327,24,28,24,565404,40206,71764,36192,0.3724295083182037,0.4737296787874028
3328,0.3328,10,38,10,565442,40168,71774,36182,0.37207751306087666,0.4738965291421087
3329,0.3329,14,31,14,565473,40137,71788,36168,0.3717903590351625,0.47399252997837626
3330,0.333,11,29,11,565502,40108,71799,36157,0.3715217310756234,0.4740968989706943
3331,0.3331,12,41,12,565543,40067,71811,36145,0.37114194671903367,0.4742691439668294
3332,0.3332,13,25,13,565568,40042,71824,36132,0.3709103708918448,0.4743350749599601
3333,0.3333,24,29,24,565597,40013,71848,36108,0.37064174293230573,0.4743500479499744
3334,0.3334,14,33,14,565630,39980,71862,36094,0.3703360628404165,0.47445907931750664
3335,0.3335,11,33,11,565663,39947,71873,36083,0.3700303827485272,0.4745889780349862
3336,0.3336,16,31,16,565694,39916,71889,36067,0.369743228722813,0.47467196609767975
3337,0.3337,17,27,17,565721,39889,71906,36050,0.369493126829449,0.47472313304099345
3338,0.3338,16,34,16,565755,39855,71922,36034,0.3691781837044722,0.47482507346255715
3339,0.3339,12,35,12,565790,39820,71934,36022,0.3688539775464078,0.4749611033464307
3340,0.334,19,44,19,565834,39776,71953,36003,0.3684464040905554,0.47510524023806067
3341,0.3341,18,26,18,565860,39750,71971,35985,0.368205565230279,0.4751435927906516
3342,0.3342,18,34,18,565894,39716,71989,35967,0.36789062210530216,0.4752322185959859
3343,0.3343,16,21,16,565915,39695,72005,35951,0.3676960984104635,0.47525315284350794
3344,0.3344,22,39,22,565954,39656,72027,35929,0.3673348401200489,0.47534563736191043
3345,0.3345,16,33,16,565987,39623,72043,35913,0.3670291600281596,0.47544217326837535
3346,0.3346,13,26,13,566013,39597,72056,35900,0.36678832116788324,0.4755155834006649
3347,0.3347,16,36,16,566049,39561,72072,35884,0.3664548519767313,0.4756312545562993
3348,0.3348,27,27,27,566076,39534,72099,35857,0.3662047500833673,0.4756138000557096
3349,0.3349,18,33,18,566109,39501,72117,35839,0.36589906999147803,0.47569684098752324
3350,0.335,18,22,18,566131,39479,72135,35821,0.36569528326355183,0.47571049136786187
3351,0.3351,19,29,19,566160,39450,72154,35802,0.36542665530401275,0.47576144155637057
3352,0.3352,16,28,16,566188,39422,72170,35786,0.36516729037756124,0.47582703967663015
3353,0.3353,13,32,13,566220,39390,72183,35773,0.3648708733187595,0.475938959328393
3354,0.3354,14,32,14,566252,39358,72197,35759,0.36457445625995777,0.47604403796743744
3355,0.3355,10,35,10,566287,39323,72207,35749,0.3642502501018934,0.4761961849957374
3356,0.3356,13,41,13,566328,39282,72220,35736,0.36387046574530363,0.4763656722386627
3357,0.3357,8,27,8,566355,39255,72228,35728,0.3636203638519397,0.4764813357694411
3358,0.3358,10,40,10,566395,39215,72238,35718,0.3632498425284375,0.47666582146717734
3359,0.3359,19,33,19,566428,39182,72257,35699,0.3629441624365482,0.47674309905049345
3360,0.336,11,31,11,566459,39151,72268,35688,0.36265700841083404,0.47686366733922153
3361,0.3361,11,31,11,566490,39120,72279,35677,0.36236985438511987,0.4769843710309237
3362,0.3362,21,25,21,566515,39095,72300,35656,0.362138278557931,0.47699696325132773
3363,0.3363,17,28,17,566543,39067,72317,35639,0.3618789136314795,0.4770567290445212
3364,0.3364,15,23,15,566566,39044,72332,35624,0.36166586387046573,0.47709862323887076
3365,0.3365,18,33,18,566599,39011,72350,35606,0.3613601837785765,0.4771834836565394
3366,0.3366,14,40,14,566639,38971,72364,35592,0.3609896624550743,0.4773413086919786
3367,0.3367,12,32,12,566671,38939,72376,35580,0.36069324539627257,0.4774621237536736
3368,0.3368,15,39,15,566710,38900,72391,35565,0.36033198710585795,0.47760692942993355
3369,0.3369,15,39,15,566749,38861,72406,35550,0.35997072881544334,0.477751945276908
3370,0.337,15,29,15,566778,38832,72421,35535,0.35970210085590426,0.47783290975836057
3371,0.3371,16,34,16,566812,38798,72437,35519,0.35938715773092744,0.477939098725729
3372,0.3372,10,26,10,566838,38772,72447,35509,0.359146318870651,0.47803610613750486
3373,0.3373,8,30,8,566868,38742,72455,35501,0.35886842787802437,0.47817302641326453
3374,0.3374,14,32,14,566900,38710,72469,35487,0.35857201081922263,0.4782807930239767
3375,0.3375,19,33,19,566933,38677,72488,35468,0.3582663307273334,0.47835997032841054
3376,0.3376,16,34,16,566967,38643,72504,35452,0.3579513876023565,0.4784668331196437
3377,0.3377,14,41,14,567008,38602,72518,35438,0.3575716032457668,0.478633171258779
3378,0.3378,16,26,16,567034,38576,72534,35422,0.3573307643854904,0.47868861320576234
3379,0.3379,15,34,15,567068,38542,72549,35407,0.35701582126051357,0.47880295879592694
3380,0.338,12,35,12,567103,38507,72561,35395,0.3566916151024491,0.4789450894427756
3381,0.3381,14,25,14,567128,38482,72575,35381,0.35646003927526027,0.4790084345342052
3382,0.3382,13,37,13,567165,38445,72588,35368,0.3561173070510208,0.4791567880996572
3383,0.3383,17,26,17,567191,38419,72605,35351,0.35587646819074437,0.47920563914870545
3384,0.3384,11,23,11,567214,38396,72616,35340,0.35566341842973065,0.47927742215471414
3385,0.3385,23,30,23,567244,38366,72639,35317,0.355385527437104,0.4793100172359974
3386,0.3386,10,34,10,567278,38332,72649,35307,0.3550705843121272,0.47946061190401823
3387,0.3387,14,37,14,567315,38295,72663,35293,0.35472785208788765,0.4796026526064032
3388,0.3388,7,34,7,567349,38261,72670,35286,0.35441290896291083,0.47977483785878416
3389,0.3389,19,35,19,567384,38226,72689,35267,0.35408870280484644,0.47986883104513356
3390,0.339,21,17,21,567401,38209,72710,35246,0.353931231242358,0.47983118916343337
3391,0.3391,13,30,13,567431,38179,72723,35233,0.3536533402497314,0.4799351604642293
3392,0.3392,15,28,15,567459,38151,72738,35218,0.3533939753232799,0.48001199416647355
3393,0.3393,16,39,16,567498,38112,72754,35202,0.35303271703286526,0.4801538587445781
3394,0.3394,14,28,14,567526,38084,72768,35188,0.35277335210641375,0.48023801725079157
3395,0.3395,17,29,17,567555,38055,72785,35171,0.35250472414687467,0.48030754103733647
3396,0.3396,12,36,12,567591,38019,72797,35159,0.3521712549557227,0.480458607778294
3397,0.3397,19,32,19,567623,37987,72816,35140,0.351874837896921,0.48053386574042417
3398,0.3398,14,36,14,567659,37951,72830,35126,0.351541368705769,0.4806710729778179
3399,0.3399,17,34,17,567693,37917,72847,35109,0.3512264255807922,0.48077397091446883
3400,0.34,16,33,16,567726,37884,72863,35093,0.3509207454889029,0.4808775367581567
3401,0.3401,13,23,13,567749,37861,72876,35080,0.3507076957278891,0.4809366474273728
3402,0.3402,24,36,24,567785,37825,72900,35056,0.35037422653673717,0.48100327931834086
3403,0.3403,15,23,15,567808,37802,72915,35041,0.35016117677572345,0.4810482819213926
3404,0.3404,17,30,17,567838,37772,72932,35024,0.3498832857830968,0.48112533655695366
3405,0.3405,19,23,19,567861,37749,72951,35005,0.3496702360220831,0.4811419303405998
3406,0.3406,13,33,13,567894,37716,72964,34992,0.3493645559301938,0.4812675358970127
3407,0.3407,16,28,16,567922,37688,72980,34976,0.34910519100374227,0.481338764725311
3408,0.3408,18,25,18,567947,37663,72998,34958,0.3488736151765534,0.48137591054929013
3409,0.3409,19,25,19,567972,37638,73017,34939,0.34864203934936455,0.48140595505463163
3410,0.341,11,29,11,568001,37609,73028,34928,0.34837341138982547,0.48151977611425895
3411,0.3411,14,34,14,568035,37575,73042,34914,0.34805846826484865,0.48164549104001986
3412,0.3412,20,23,20,568058,37552,73062,34894,0.3478454185038349,0.481655301880021
3413,0.3413,15,27,15,568085,37525,73077,34879,0.34759531661047094,0.4817275288658085
3414,0.3414,8,36,8,568121,37489,73085,34871,0.347261847419319,0.48190989496959646
3415,0.3415,18,26,18,568147,37463,73103,34853,0.34702100855904255,0.48195420100669284
3416,0.3416,21,25,21,568172,37438,73124,34832,0.3467894327318537,0.4819703888197039
3417,0.3417,20,43,20,568215,37395,73144,34812,0.34639112230908886,0.4821139224728904
3418,0.3418,11,30,11,568245,37365,73155,34801,0.34611323131646227,0.4822354017127179
3419,0.3419,10,29,10,568274,37336,73165,34791,0.3458446033569232,0.48235750828399904
3420,0.342,25,30,25,568304,37306,73190,34766,0.3455667123642966,0.48237873237873236
3421,0.3421,12,29,12,568333,37277,73202,34754,0.3452980844047575,0.4824867071122156
3422,0.3422,18,33,18,568366,37244,73220,34736,0.3449924043128682,0.48257849402611835
3423,0.3423,19,30,19,568396,37214,73239,34717,0.34471451332024156,0.4826430885153828
3424,0.3424,20,30,20,568426,37184,73259,34697,0.34443662232761496,0.48270057456073234
3425,0.3425,23,31,23,568457,37153,73282,34674,0.3441494683019008,0.48274325810628316
3426,0.3426,16,32,16,568489,37121,73298,34658,0.34385305124309906,0.48284317140110616
3427,0.3427,6,29,6,568518,37092,73304,34652,0.34358442328356,0.48299509366636934
3428,0.3428,15,29,15,568547,37063,73319,34637,0.3433157953240209,0.4830822873082287
3429,0.3429,15,30,15,568577,37033,73334,34622,0.34303790433139425,0.4831763310306329
3430,0.343,13,25,13,568602,37008,73347,34609,0.3428063285042054,0.4832511833782482
3431,0.3431,21,38,21,568640,36970,73368,34588,0.34245433324687835,0.4833561586405433
3432,0.3432,14,27,14,568667,36943,73382,34574,0.3422042313535144,0.48343750436959043
3433,0.3433,11,33,11,568700,36910,73393,34563,0.3418985512616251,0.4835812124858338
3434,0.3434,15,29,15,568729,36881,73408,34548,0.341629923302086,0.4836690979854121
3435,0.3435,17,28,17,568757,36853,73425,34531,0.3413705583756345,0.48373585117113077
3436,0.3436,17,31,17,568788,36822,73442,34514,0.34108340434992035,0.48382303465291016
3437,0.3437,14,34,14,568822,36788,73456,34500,0.3407684612249435,0.48395241835933117
3438,0.3438,17,21,17,568843,36767,73473,34483,0.34057393753010484,0.4839719298245614
3439,0.3439,7,30,7,568873,36737,73480,34476,0.34029604653747825,0.48412508952017186
3440,0.344,18,27,18,568900,36710,73498,34458,0.34004594464411425,0.4841782823741007
3441,0.3441,8,29,8,568929,36681,73506,34450,0.33977731668457517,0.4843176674023984
3442,0.3442,12,37,12,568966,36644,73518,34438,0.3394345844603357,0.48448271010945104
3443,0.3443,12,33,12,568999,36611,73530,34426,0.3391289043684464,0.4846206906260118
3444,0.3444,16,31,16,569030,36580,73546,34410,0.33884175034273223,0.4847161572052402
3445,0.3445,17,23,17,569053,36557,73563,34393,0.33862870058171846,0.48474982381959125
3446,0.3446,14,35,14,569088,36522,73577,34379,0.33830449442365407,0.48488737817520206
3447,0.3447,13,16,13,569104,36506,73590,34366,0.33815628589425323,0.484902359182752
3448,0.3448,12,39,12,569143,36467,73602,34354,0.3377950276038386,0.48508210841417093
3449,0.3449,12,25,12,569168,36442,73614,34342,0.33756345177664976,0.48516613924050633
3450,0.345,13,27,13,569195,36415,73627,34329,0.33731334988328576,0.4852567002148592
3451,0.3451,14,34,14,569229,36381,73641,34315,0.33699840675830894,0.4853881407717551
3452,0.3452,14,27,14,569256,36354,73655,34301,0.336748304864945,0.48547165805675463
3453,0.3453,10,30,10,569286,36324,73665,34291,0.33647041387231835,0.4856050414217942
3454,0.3454,6,30,6,569316,36294,73671,34285,0.3361925228796917,0.48576772127686707
3455,0.3455,10,32,10,569348,36262,73681,34275,0.33589610582088997,0.4859151934445752
3456,0.3456,12,36,12,569384,36226,73693,34263,0.33556263662973806,0.4860758416206784
3457,0.3457,13,26,13,569410,36200,73706,34250,0.33532179776946164,0.48616039744499645
3458,0.3458,19,31,19,569441,36169,73725,34231,0.3350346437437475,0.4862357954545454
3459,0.3459,22,25,22,569466,36144,73747,34209,0.3348030679165586,0.4862479211973903
3460,0.346,13,22,13,569488,36122,73760,34196,0.3345992811886324,0.4863050712477602
3461,0.3461,17,28,17,569516,36094,73777,34179,0.3343399162621809,0.4863745677571756
3462,0.3462,17,25,17,569541,36069,73794,34162,0.33410834043499205,0.4864233742934032
3463,0.3463,14,17,14,569558,36052,73808,34148,0.33395086887250364,0.48643874643874646
3464,0.3464,14,27,14,569585,36025,73822,34134,0.33370076697913964,0.48652346812240765
3465,0.3465,7,22,7,569607,36003,73829,34127,0.33349698025121344,0.4866248395836304
3466,0.3466,11,26,11,569633,35977,73840,34116,0.33325614139093707,0.4867247799352289
3467,0.3467,11,33,11,569666,35944,73851,34105,0.33295046129904776,0.4868734742822881
3468,0.3468,7,22,7,569688,35922,73858,34098,0.33274667457112156,0.4869751499571551
3469,0.3469,16,38,16,569726,35884,73874,34082,0.3323946793137945,0.4871223165537547
3470,0.347,14,23,14,569749,35861,73888,34068,0.33218162955278074,0.48717985385176393
3471,0.3471,8,29,8,569778,35832,73896,34060,0.3319130015932417,0.4873232988038688
3472,0.3472,16,25,16,569803,35807,73912,34044,0.33168142576605286,0.4873802808835951
3473,0.3473,10,34,10,569837,35773,73922,34034,0.331366482641076,0.4875442290887733
3474,0.3474,12,28,12,569865,35745,73934,34022,0.3311071177146245,0.48765175512778247
3475,0.3475,20,34,20,569899,35711,73954,34002,0.33079217458964766,0.4877426018102793
3476,0.3476,21,25,21,569924,35686,73975,33981,0.3305605987624588,0.48776321644394044
3477,0.3477,12,39,12,569963,35647,73987,33969,0.3301993404720442,0.4879481728338313
3478,0.3478,14,28,14,569991,35619,74001,33955,0.3299399755455926,0.48804150975939287
3479,0.3479,20,21,20,570012,35598,74021,33935,0.329745451850754,0.4880416492888269
3480,0.348,14,28,14,570040,35570,74035,33921,0.3294860869243025,0.48813515419262926
3481,0.3481,15,29,15,570069,35541,74050,33906,0.3292174589647634,0.4882284331936585
3482,0.3482,12,34,12,570103,35507,74062,33894,0.3289025158397866,0.4883791299837178
3483,0.3483,15,28,15,570131,35479,74077,33879,0.32864315091333507,0.48846564203120046
3484,0.3484,18,34,18,570165,35445,74095,33861,0.3283282077883582,0.4885724179724699
3485,0.3485,18,41,18,570206,35404,74113,33843,0.3279484234317685,0.4887287535922134
3486,0.3486,21,26,21,570232,35378,74134,33822,0.32770758457149207,0.488757225433526
3487,0.3487,17,25,17,570257,35353,74151,33805,0.3274760087443032,0.4888082362127303
3488,0.3488,16,30,16,570287,35323,74167,33789,0.3271981177516766,0.488902071999074
3489,0.3489,15,27,15,570314,35296,74182,33774,0.3269480158583126,0.4889821919791516
3490,0.349,16,26,16,570340,35270,74198,33758,0.32670717699803625,0.4890479225821406
3491,0.3491,16,30,16,570370,35240,74214,33742,0.3264292860054096,0.48914209503928563
3492,0.3492,19,19,19,570389,35221,74233,33723,0.3262532883767461,0.48913611046646555
3493,0.3493,18,20,18,570409,35201,74251,33705,0.326068027714995,0.4891446318172583
3494,0.3494,13,32,13,570441,35169,74264,33692,0.32577161065619326,0.4892754970157273
3495,0.3495,14,22,14,570463,35147,74278,33678,0.32556782392826705,0.4893280058118416
3496,0.3496,11,24,11,570487,35123,74289,33667,0.32534551113416577,0.48941706643407473
3497,0.3497,9,24,9,570511,35099,74298,33658,0.3251231983400645,0.48952106694591097
3498,0.3498,14,23,14,570534,35076,74312,33644,0.3249101485790507,0.489580908032596
3499,0.3499,14,20,14,570554,35056,74326,33630,0.32472488791729964,0.4896194275398189
3500,0.35,11,28,11,570582,35028,74337,33619,0.32446552299084813,0.4897373519600274
3501,0.3501,18,24,18,570606,35004,74355,33601,0.32424321019674684,0.48977479775526567
3502,0.3502,18,42,18,570648,34962,74373,33583,0.3238541628070695,0.48994091472755125
3503,0.3503,6,29,6,570677,34933,74379,33577,0.3235855348475305,0.49010363450591155
3504,0.3504,16,18,16,570695,34915,74395,33561,0.3234188002519545,0.49011332437642385
3505,0.3505,17,23,17,570718,34892,74412,33544,0.32320575049094075,0.49015138231340233
3506,0.3506,15,34,15,570752,34858,74427,33529,0.3228908073659639,0.49028324096685044
3507,0.3507,11,27,11,570779,34831,74438,33518,0.32264070547259993,0.4903948850751291
3508,0.3508,19,34,19,570813,34797,74457,33499,0.3223257623476231,0.49049724727656085
3509,0.3509,16,39,16,570852,34758,74473,33483,0.3219645040572085,0.49065810876159494
3510,0.351,17,23,17,570875,34735,74490,33466,0.3217514542961947,0.4906966173516517
3511,0.3511,23,29,23,570904,34706,74513,33443,0.32148282633665565,0.4907335397437967
3512,0.3512,16,33,16,570937,34673,74529,33427,0.3211771462447664,0.49085168869309836
3513,0.3513,15,26,15,570963,34647,74544,33412,0.32093630738448997,0.4909269898176582
3514,0.3514,15,39,15,571002,34608,74559,33397,0.32057504909407536,0.49109624292331444
3515,0.3515,16,34,16,571036,34574,74575,33381,0.32026010596909854,0.4912221322934295
3516,0.3516,23,24,23,571060,34550,74598,33358,0.3200377931749972,0.49122341992106966
3517,0.3517,12,33,12,571093,34517,74610,33346,0.31973211308310795,0.49137232365206374
3518,0.3518,18,28,18,571121,34489,74628,33328,0.31947274815665644,0.49144019936004246
3519,0.3519,13,21,13,571142,34468,74641,33315,0.31927822446181775,0.49149491760470915
3520,0.352,10,25,10,571167,34443,74651,33305,0.31904664863462895,0.49160122808053375
3521,0.3521,7,24,7,571191,34419,74658,33298,0.3188243358405276,0.49172290562192655
3522,0.3522,18,28,18,571219,34391,74676,33280,0.3185649709140761,0.4917911660829602
3523,0.3523,17,33,17,571252,34358,74693,33263,0.3182592908221868,0.4919034027890744
3524,0.3524,17,29,17,571281,34329,74710,33246,0.31799066286264777,0.4919866814650388
3525,0.3525,19,23,19,571304,34306,74729,33227,0.317777613101634,0.49201131298772455
3526,0.3526,15,26,15,571330,34280,74744,33212,0.31753677424135757,0.4920879511645825
3527,0.3527,10,23,10,571353,34257,74754,33202,0.31732372448034385,0.49218043552379964
3528,0.3528,17,29,17,571382,34228,74771,33185,0.31705509652080477,0.49226410336285287
3529,0.3529,10,32,10,571414,34196,74781,33175,0.31675867946200303,0.49242255569903964
3530,0.353,10,26,10,571440,34170,74791,33165,0.3165178406017266,0.4925373134328358
3531,0.3531,12,39,12,571479,34131,74803,33153,0.316156582311312,0.4927322989120742
3532,0.3532,17,32,17,571511,34099,74820,33136,0.31586016525251026,0.4928385513497434
3533,0.3533,12,28,12,571539,34071,74832,33124,0.31560080032605875,0.4929533447429124
3534,0.3534,14,27,14,571566,34044,74846,33110,0.3153506984326948,0.4930458349465408
3535,0.3535,20,28,20,571594,34016,74866,33090,0.3150913335062433,0.4931004679164307
3536,0.3536,16,25,16,571619,33991,74882,33074,0.31485975767905444,0.49316334898978603
3537,0.3537,21,28,21,571647,33963,74903,33053,0.31460039275260293,0.49321057657872747
3538,0.3538,11,19,11,571666,33944,74914,33042,0.3144243951239394,0.4932672498731078
3539,0.3539,18,36,18,571702,33908,74932,33024,0.3140909259327874,0.493396282794478
3540,0.354,17,25,17,571727,33883,74949,33007,0.31385935010559857,0.49345193601435194
3541,0.3541,11,32,11,571759,33851,74960,32996,0.31356293304679683,0.49360479901865456
3542,0.3542,18,20,18,571779,33831,74978,32978,0.31337767238504577,0.4936161295633822
3543,0.3543,15,42,15,571821,33789,74993,32963,0.3129886249953685,0.49381291946308725
3544,0.3544,10,26,10,571847,33763,75003,32953,0.3127477861350921,0.4939294921757899
3545,0.3545,16,30,16,571877,33733,75019,32937,0.3124698951424654,0.49403029848507574
3546,0.3546,11,26,11,571903,33707,75030,32926,0.31222905628218905,0.4941395404679363
3547,0.3547,9,29,9,571932,33678,75039,32917,0.31196042832265,0.4942863578346723
3548,0.3548,19,27,19,571959,33651,75058,32898,0.311710326429286,0.49434251453815986
3549,0.3549,11,28,11,571987,33623,75069,32887,0.31145096150283447,0.49446699744399336
3550,0.355,19,14,19,572001,33609,75088,32868,0.3113212790396087,0.4944266438016156
3551,0.3551,11,26,11,572027,33583,75099,32857,0.31108044017933234,0.4945364238410596
3552,0.3552,14,36,14,572063,33547,75113,32843,0.3107469709881804,0.4946979966862479
3553,0.3553,23,29,23,572092,33518,75136,32820,0.3104783430286413,0.4947390635834665
3554,0.3554,8,38,8,572130,33480,75144,32812,0.31012634777131426,0.49496168466783325
3555,0.3555,11,25,11,572155,33455,75155,32801,0.3098947719441254,0.49506459792320695
3556,0.3556,9,35,9,572190,33420,75164,32792,0.309570565786061,0.4952576572222558
3557,0.3557,15,28,15,572218,33392,75179,32777,0.30931120085960945,0.49535280871707293
3558,0.3558,13,26,13,572244,33366,75192,32764,0.3090703619993331,0.495448359292303
3559,0.3559,15,22,15,572266,33344,75207,32749,0.3088665752714069,0.4954987668890805
3560,0.356,9,28,9,572294,33316,75216,32740,0.30860721034495536,0.49564006297686813
3561,0.3561,14,24,14,572318,33292,75230,32726,0.3083848975508541,0.49571329031476263
3562,0.3562,14,28,14,572346,33264,75244,32712,0.3081255326244025,0.49581666060385593
3563,0.3563,12,28,12,572374,33236,75256,32700,0.307866167697951,0.4959354525600582
3564,0.3564,18,24,18,572398,33212,75274,32682,0.3076438549038497,0.49597838953470724
3565,0.3565,24,24,24,572422,33188,75298,32658,0.3074215421097484,0.49597545788658387
3566,0.3566,12,25,12,572447,33163,75310,32646,0.30718996628255957,0.49607196584053853
3567,0.3567,11,24,11,572471,33139,75321,32635,0.3069676534884583,0.4961686988779761
3568,0.3568,12,31,12,572502,33108,75333,32623,0.30668049946274406,0.4963107209687971
3569,0.3569,13,22,13,572524,33086,75346,32610,0.3064767127348179,0.4963772528007793
3570,0.357,11,23,11,572547,33063,75357,32599,0.30626366297380414,0.49646675398251655
3571,0.3571,11,28,11,572575,33035,75368,32588,0.30600429804735263,0.4965941819179251
3572,0.3572,20,18,20,572593,33017,75388,32568,0.30583756345177665,0.4965769611953953
3573,0.3573,17,28,17,572621,32989,75405,32551,0.30557819852532514,0.4966585291425084
3574,0.3574,14,22,14,572643,32967,75419,32537,0.30537441179739894,0.49671775769418663
3575,0.3575,21,24,21,572667,32943,75440,32516,0.30515209900329765,0.49673841641332744
3576,0.3576,12,33,12,572700,32910,75452,32504,0.30484641891140835,0.4968966887822179
3577,0.3577,19,27,19,572727,32883,75471,32485,0.3045963170180444,0.49695569697711417
3578,0.3578,15,23,15,572750,32860,75486,32470,0.30438326725703063,0.49701515383437933
3579,0.3579,13,25,13,572775,32835,75499,32457,0.3041516914298418,0.497105311523617
3580,0.358,16,27,16,572802,32808,75515,32441,0.30390158953647783,0.4971876963631627
3581,0.3581,13,29,13,572831,32779,75528,32428,0.30363296157693875,0.4973085711656724
3582,0.3582,7,31,7,572862,32748,75535,32421,0.3033458075512246,0.49749113842471115
3583,0.3583,17,20,17,572882,32728,75552,32404,0.30316054688947347,0.49751274335196216
3584,0.3584,20,24,20,572906,32704,75572,32384,0.3029382340953722,0.4975417895771878
3585,0.3585,17,31,17,572937,32673,75589,32367,0.302651080069658,0.4976476014760148
3586,0.3586,16,19,16,572956,32654,75605,32351,0.30247508244099447,0.4976694100453811
3587,0.3587,13,38,13,572994,32616,75618,32338,0.3021230871836674,0.49786002401699664
3588,0.3588,14,19,14,573013,32597,75632,32324,0.3019470895550039,0.49789744458649743
3589,0.3589,15,25,15,573038,32572,75647,32309,0.301715513727815,0.49797321249672477
3590,0.359,16,22,16,573060,32550,75663,32293,0.3015117269998888,0.49801829033203276
3591,0.3591,19,17,19,573077,32533,75682,32274,0.3013542554374004,0.4980017590692363
3592,0.3592,18,27,18,573104,32506,75700,32256,0.30110415354403647,0.49806985577962387
3593,0.3593,14,15,14,573119,32491,75714,32242,0.30096520804772314,0.498076715122117
3594,0.3594,17,17,17,573136,32474,75731,32225,0.30080773648523473,0.4980757044158333
3595,0.3595,17,23,17,573159,32451,75748,32208,0.30059468672422096,0.4981209112420545
3596,0.3596,14,25,14,573184,32426,75762,32194,0.3003631108970321,0.49820489012689567
3597,0.3597,15,34,15,573218,32392,75777,32179,0.3000481677720553,0.49835065276981927
3598,0.3598,12,26,12,573244,32366,75789,32167,0.29980732891177886,0.49845815319294007
3599,0.3599,14,32,14,573276,32334,75803,32153,0.2995109118529771,0.4985966163722921
3600,0.36,20,27,20,573303,32307,75823,32133,0.2992608099596132,0.49864990689013033
3601,0.3601,22,24,22,573327,32283,75845,32111,0.2990384971655119,0.49866447184520296
3602,0.3602,18,32,18,573359,32251,75863,32093,0.29874208010671016,0.49877222429441753
3603,0.3603,7,16,7,573375,32235,75870,32086,0.29859387157730927,0.49884174686338834
3604,0.3604,13,26,13,573401,32209,75883,32073,0.29835303271703284,0.4989421611026415
3605,0.3605,13,23,13,573424,32186,75896,32060,0.2981399829560191,0.4990193942035302
3606,0.3606,16,17,16,573441,32169,75912,32044,0.2979825113935307,0.4990266768411381
3607,0.3607,11,31,11,573472,32138,75923,32033,0.2976953573678165,0.49918187343192405
3608,0.3608,19,30,19,573502,32108,75942,32014,0.2974174663751899,0.49926702223885716
3609,0.3609,17,30,17,573532,32078,75959,31997,0.29713957538256325,0.49936792820912995
3610,0.361,13,28,13,573560,32050,75972,31984,0.29688021045611174,0.49948464878033544
3611,0.3611,19,24,19,573584,32026,75991,31965,0.29665789766201045,0.4995233704739729
3612,0.3612,17,24,17,573608,32002,76008,31948,0.29643558486790916,0.49957779515246287
3613,0.3613,16,25,16,573633,31977,76024,31932,0.2962040090407203,0.4996479369102943
3614,0.3614,13,27,13,573660,31950,76037,31919,0.2959539071473563,0.49975731575568744
3615,0.3615,15,29,15,573689,31921,76052,31904,0.2956852791878173,0.4998668233450842
3616,0.3616,15,25,15,573714,31896,76067,31889,0.29545370336062843,0.49994512816492903
3617,0.3617,11,24,11,573738,31872,76078,31878,0.2952313905665271,0.5000470588235294
3618,0.3618,10,30,10,573768,31842,76088,31868,0.2949534995739005,0.5002040495997488
3619,0.3619,17,21,17,573789,31821,76105,31851,0.29475897587906186,0.5002355823595929
3620,0.362,11,22,11,573811,31799,76116,31840,0.29455518915113565,0.5003221295117773
3621,0.3621,11,41,11,573852,31758,76127,31829,0.2941754047945459,0.5005582902165537
3622,0.3622,11,32,11,573884,31726,76138,31818,0.29387898773574417,0.5007239078433842
3623,0.3623,14,21,14,573905,31705,76152,31804,0.29368446404090554,0.5007794170904911
3624,0.3624,17,18,17,573923,31687,76169,31787,0.29351772944532956,0.5007877241075086
3625,0.3625,13,24,13,573947,31663,76182,31774,0.29329541665122827,0.5008748837429261
3626,0.3626,18,24,18,573971,31639,76200,31756,0.293073103857127,0.5009227857086521
3627,0.3627,11,22,11,573993,31617,76211,31745,0.2928693171292008,0.5010100691266058
3628,0.3628,12,26,12,574019,31591,76223,31733,0.29262847826892435,0.5011212178636851
3629,0.3629,20,18,20,574037,31573,76243,31713,0.29246174367334843,0.5011060898144929
3630,0.363,8,16,8,574053,31557,76251,31705,0.29231353514394753,0.5011697385476274
3631,0.3631,12,25,12,574078,31532,76263,31693,0.2920819593167587,0.5012732305258996
3632,0.3632,11,22,11,574100,31510,76274,31682,0.2918781725888325,0.5013609317635144
3633,0.3633,14,22,14,574122,31488,76288,31668,0.29167438586090627,0.5014250427512825
3634,0.3634,19,33,19,574155,31455,76307,31649,0.291368705769017,0.501537145030426
3635,0.3635,14,24,14,574179,31431,76321,31635,0.2911463929749157,0.5016173532489773
3636,0.3636,12,22,12,574201,31409,76333,31623,0.29094260624698953,0.5016975504505647
3637,0.3637,15,25,15,574226,31384,76348,31608,0.2907110304198007,0.5017780035560071
3638,0.3638,14,35,14,574261,31349,76362,31594,0.2903868242617363,0.5019462052968559
3639,0.3639,12,31,12,574292,31318,76374,31582,0.29009967023602207,0.5020985691573927
3640,0.364,17,20,17,574312,31298,76391,31565,0.289914409574271,0.5021236657493279
3641,0.3641,16,26,16,574338,31272,76407,31549,0.2896735707139946,0.5022046767800576
3642,0.3642,10,20,10,574358,31252,76417,31539,0.2894883100522435,0.5022853593667882
3643,0.3643,11,25,11,574383,31227,76428,31528,0.28925673422505466,0.5023982152816509
3644,0.3644,15,27,15,574410,31200,76443,31513,0.2890066323316907,0.5024954953518409
3645,0.3645,17,22,17,574432,31178,76460,31496,0.2888028456037645,0.5025369371669273
3646,0.3646,14,20,14,574452,31158,76474,31482,0.2886175849420134,0.5025862068965518
3647,0.3647,17,26,17,574478,31132,76491,31465,0.288376746081737,0.5026598718788441
3648,0.3648,16,25,16,574503,31107,76507,31449,0.28814517025454817,0.5027335507385383
3649,0.3649,11,23,11,574526,31084,76518,31438,0.2879321204935344,0.5028310034867727
3650,0.365,13,33,13,574559,31051,76531,31425,0.2876264404016451,0.5029931493693578
3651,0.3651,14,27,14,574586,31024,76545,31411,0.28737633850828115,0.5030992231921199
3652,0.3652,9,29,9,574615,30995,76554,31402,0.28710771054874207,0.5032613747455807
3653,0.3653,15,22,15,574637,30973,76569,31387,0.28690392382081586,0.5033194355355998
3654,0.3654,15,17,15,574654,30956,76584,31372,0.28674645225832746,0.5033371839301758
3655,0.3655,8,18,8,574672,30938,76592,31364,0.2865797176627515,0.5034188308561522
3656,0.3656,15,32,15,574704,30906,76607,31349,0.28628330060394974,0.5035579471528391
3657,0.3657,19,24,19,574728,30882,76626,31330,0.28606098780984845,0.5036005915257507
3658,0.3658,19,33,19,574761,30849,76645,31311,0.28575530771795915,0.5037162162162162
3659,0.3659,7,22,7,574783,30827,76652,31304,0.285551520990033,0.5038386634691217
3660,0.366,15,24,15,574807,30803,76667,31289,0.28532920819593166,0.5039135476389873
3661,0.3661,9,24,9,574831,30779,76676,31280,0.2851068954018304,0.5040364814128491
3662,0.3662,15,26,15,574857,30753,76691,31265,0.28486605654155395,0.5041278338546874
3663,0.3663,11,16,11,574873,30737,76702,31254,0.2847178480121531,0.5041699601555064
3664,0.3664,15,21,15,574894,30716,76717,31239,0.2845233243173145,0.5042208054232911
3665,0.3665,15,27,15,574921,30689,76732,31224,0.2842732224239505,0.504320578876811
3666,0.3666,19,23,19,574944,30666,76751,31205,0.28406017266293676,0.5043558371450275
3667,0.3667,10,17,10,574961,30649,76761,31195,0.28390270110044835,0.504414332837462
3668,0.3668,17,16,17,574977,30633,76778,31178,0.28375449257104746,0.50440860041093
3669,0.3669,17,26,17,575003,30607,76795,31161,0.28351365371077103,0.5044845227302163
3670,0.367,15,21,15,575024,30586,76810,31146,0.2833191300159324,0.5045357351130694
3671,0.3671,16,19,16,575043,30567,76826,31130,0.2831431323872689,0.5045626205488112
3672,0.3672,9,29,9,575072,30538,76835,31121,0.2828745044277298,0.5047276147845408
3673,0.3673,16,17,16,575089,30521,76851,31105,0.2827170328652414,0.5047382598253983
3674,0.3674,13,22,13,575111,30499,76864,31092,0.2825132461373152,0.5048140150346642
3675,0.3675,11,38,11,575149,30461,76875,31081,0.28216125087998817,0.5050372103604043
3676,0.3676,21,26,21,575175,30435,76896,31060,0.28192041201971174,0.5050817139604846
3677,0.3677,11,22,11,575197,30413,76907,31049,0.28171662529178554,0.5051739286062933
3678,0.3678,16,23,16,575220,30390,76923,31033,0.2815035755307718,0.5052341956596064
3679,0.3679,22,16,22,575236,30374,76945,31011,0.2813553670013709,0.5051885639814286
3680,0.368,15,35,15,575271,30339,76960,30996,0.28103116084330654,0.5053558327219368
3681,0.3681,17,17,17,575288,30322,76977,30979,0.28087368928081813,0.5053588032821651
3682,0.3682,17,21,17,575309,30301,76994,30962,0.2806791655859795,0.5053947733542269
3683,0.3683,14,27,14,575336,30274,77008,30948,0.2804290636926155,0.5055045571853255
3684,0.3684,11,24,11,575360,30250,77019,30937,0.2802067508985142,0.5056139376011244
3685,0.3685,17,28,17,575388,30222,77036,30920,0.2799473859720627,0.505708023944261
3686,0.3686,6,26,6,575414,30196,77042,30914,0.2797065471117863,0.5058746522664048
3687,0.3687,15,21,15,575435,30175,77057,30899,0.27951202341694764,0.5059272358122933
3688,0.3688,13,23,13,575458,30152,77070,30886,0.2792989736559339,0.5060126478587109
3689,0.3689,9,28,9,575486,30124,77079,30877,0.27903960872948236,0.5061720299667218
3690,0.369,20,26,20,575512,30098,77099,30857,0.278798769869206,0.5062259043556722
3691,0.3691,8,21,8,575533,30077,77107,30849,0.27860424617436735,0.5063355546072285
3692,0.3692,19,22,19,575555,30055,77126,30830,0.27840045944644115,0.5063644575839698
3693,0.3693,12,40,12,575595,30015,77138,30818,0.27802993812293897,0.5066000361645817
3694,0.3694,12,31,12,575626,29984,77150,30806,0.2777427840972248,0.5067609804244119
3695,0.3695,7,26,7,575652,29958,77157,30799,0.2775019452369484,0.5069210132165841
3696,0.3696,10,21,10,575673,29937,77167,30789,0.27730742154210974,0.5070151170832922
3697,0.3697,12,18,12,575691,29919,77179,30777,0.27714068694653377,0.5070680110715697
3698,0.3698,13,19,13,575710,29900,77192,30764,0.2769646893178702,0.5071211921403138
3699,0.3699,18,15,18,575725,29885,77210,30746,0.27682574382155695,0.5071003282149396
3700,0.37,20,21,20,575746,29864,77230,30726,0.2766312201267183,0.5071133850470375
3701,0.3701,8,22,8,575768,29842,77238,30718,0.2764274333987921,0.50723249669749
3702,0.3702,7,10,7,575778,29832,77245,30711,0.2763348030679166,0.507259303305089
3703,0.3703,11,37,11,575815,29795,77256,30700,0.27599207084367705,0.5074799570212414
3704,0.3704,13,24,13,575839,29771,77269,30687,0.27576975804957576,0.5075755069635118
3705,0.3705,11,28,11,575867,29743,77280,30676,0.27551039312312425,0.5077210811168672
3706,0.3706,11,17,11,575884,29726,77291,30665,0.2753529215606358,0.5077743372356808
3707,0.3707,10,22,10,575906,29704,77301,30655,0.27514913483270964,0.5078778641130569
3708,0.3708,17,19,17,575925,29685,77318,30638,0.2749731372040461,0.5078991429471346
3709,0.3709,13,24,13,575949,29661,77331,30625,0.2747508244099448,0.507995222771456
3710,0.371,20,26,20,575975,29635,77351,30605,0.2745099855496684,0.5080511288180611
3711,0.3711,7,24,7,575999,29611,77358,30598,0.2742876727555671,0.5081964490358585
3712,0.3712,9,18,9,576017,29593,77367,30589,0.2741209381599911,0.5082748994716028
3713,0.3713,18,25,18,576042,29568,77385,30571,0.27388936233280226,0.5083390146161393
3714,0.3714,16,22,16,576064,29546,77401,30555,0.27368557560487605,0.5083942030914627
3715,0.3715,11,24,11,576088,29522,77412,30544,0.27346326281077477,0.5085073086271767
3716,0.3716,20,27,20,576115,29495,77432,30524,0.2732131609174108,0.5085722854429431
3717,0.3717,12,21,12,576136,29474,77444,30512,0.27301863722257214,0.5086520188043877
3718,0.3718,10,25,10,576161,29449,77454,30502,0.2727870613953833,0.5087821721072209
3719,0.3719,14,23,14,576184,29426,77468,30488,0.27257401163436956,0.5088627032079314
3720,0.372,15,21,15,576205,29405,77483,30473,0.27237948793953093,0.5089181335381944
3721,0.3721,13,18,13,576223,29387,77496,30460,0.27221275334395495,0.5089645262084983
3722,0.3722,16,19,16,576242,29368,77512,30444,0.2720367557152914,0.5089948505316659
3723,0.3723,9,20,9,576262,29348,77521,30435,0.27185149505354034,0.5090912132211498
3724,0.3724,14,24,14,576286,29324,77535,30421,0.27162918225943905,0.5091806845761152
3725,0.3725,12,23,12,576309,29301,77547,30409,0.2714161324984253,0.509278177859655
3726,0.3726,8,22,8,576331,29279,77555,30401,0.2712123457704991,0.5094001340482573
3727,0.3727,10,29,10,576360,29250,77565,30391,0.27094371781096,0.5095655673110779
3728,0.3728,11,23,11,576383,29227,77576,30380,0.2707306680499463,0.5096716828560404
3729,0.3729,11,21,11,576404,29206,77587,30369,0.27053614435510764,0.5097608057070919
3730,0.373,18,28,18,576432,29178,77605,30351,0.27027677942865613,0.5098523408758756
3731,0.3731,18,21,18,576453,29157,77623,30333,0.2700822557338175,0.5098840141200202
3732,0.3732,13,20,13,576473,29137,77636,30320,0.2698969950720664,0.5099483660460501
3733,0.3733,8,23,8,576496,29114,77644,30312,0.26968394531105266,0.5100797630666711
3734,0.3734,18,26,18,576522,29088,77662,30294,0.26944310645077624,0.5101545923006972
3735,0.3735,13,27,13,576549,29061,77675,30281,0.2691930045574123,0.5102793973913923
3736,0.3736,10,18,10,576567,29043,77685,30271,0.2690262699618363,0.5103516876285531
3737,0.3737,13,25,13,576592,29018,77698,30258,0.26879469413464746,0.5104595451784871
3738,0.3738,20,26,20,576618,28992,77718,30238,0.26855385527437103,0.5105183184197197
3739,0.3739,13,23,13,576641,28969,77731,30225,0.2683408055133573,0.5106091833631787
3740,0.374,10,20,10,576661,28949,77741,30215,0.2681555448516062,0.5106990737610709
3741,0.3741,11,19,11,576680,28930,77752,30204,0.2679795472229427,0.510772144620692
3742,0.3742,11,15,11,576695,28915,77763,30193,0.2678406017266294,0.5108107193611694
3743,0.3743,12,23,12,576718,28892,77775,30181,0.2676275519656156,0.5109102297157754
3744,0.3744,8,23,8,576741,28869,77783,30173,0.2674145022046019,0.5110429863487009
3745,0.3745,6,23,6,576764,28846,77789,30167,0.2672014524435881,0.5111924491213801
3746,0.3746,14,19,14,576783,28827,77803,30153,0.2670254548149246,0.5112410986775178
3747,0.3747,19,28,19,576811,28799,77822,30134,0.26676608988847306,0.5113264215295336
3748,0.3748,14,25,14,576836,28774,77836,30120,0.2665345140612842,0.5114273100825212
3749,0.3749,13,21,13,576857,28753,77849,30107,0.26633999036644557,0.5115018688413184
3750,0.375,10,23,10,576880,28730,77859,30097,0.26612694060543185,0.5116188144899451
3751,0.3751,8,16,8,576896,28714,77867,30089,0.26597873207603095,0.5116915803615462
3752,0.3752,19,20,19,576916,28694,77886,30070,0.2657934714142799,0.5117078483425226
3753,0.3753,15,19,15,576935,28675,77901,30055,0.26561747378561634,0.511748680401839
3754,0.3754,14,18,14,576953,28657,77915,30041,0.26545073919004036,0.511789158063307
3755,0.3755,11,21,11,576974,28636,77926,30030,0.26525621549520173,0.511880816827464
3756,0.3756,17,18,17,576992,28618,77943,30013,0.26508948089962575,0.5118964370384268
3757,0.3757,10,23,10,577015,28595,77953,30003,0.26487643113861203,0.5120140619133758
3758,0.3758,9,25,9,577040,28570,77962,29994,0.2646448553114232,0.5121576395054983
3759,0.3759,13,20,13,577060,28550,77975,29981,0.2644595946496721,0.5122242914011379
3760,0.376,13,13,13,577073,28537,77988,29968,0.2643391752195339,0.5122297239552175
3761,0.3761,8,19,8,577092,28518,77996,29960,0.2641631775908704,0.5123294230308834
3762,0.3762,11,20,11,577112,28498,78007,29949,0.26397791692911926,0.5124129553270484
3763,0.3763,12,24,12,577136,28474,78019,29937,0.263755604135018,0.51252332608584
3764,0.3764,12,23,12,577159,28451,78031,29925,0.2635425543740042,0.5126250513909826
3765,0.3765,14,20,14,577179,28431,78045,29911,0.26335729371225314,0.5126838298309966
3766,0.3766,11,23,11,577202,28408,78056,29900,0.2631442439512394,0.5127941277354737
3767,0.3767,12,28,12,577230,28380,78068,29888,0.26288487902478785,0.5129402073179103
3768,0.3768,16,20,16,577250,28360,78084,29872,0.2626996183630368,0.512982552548427
3769,0.3769,13,16,13,577266,28344,78097,29859,0.26255140983363595,0.5130147930519046
3770,0.377,14,27,14,577293,28317,78111,29845,0.26230130794027195,0.5131357243561088
3771,0.3771,23,20,23,577313,28297,78134,29822,0.2621160472785209,0.5131196338546775
3772,0.3772,16,31,16,577344,28266,78150,29806,0.26182889325280667,0.5132594021215043
3773,0.3773,17,18,17,577362,28248,78167,29789,0.26166215865723075,0.5132760135775454
3774,0.3774,12,16,12,577378,28232,78179,29777,0.26151395012782985,0.5133168991018635
3775,0.3775,11,18,11,577396,28214,78190,29766,0.2613472155322539,0.5133839254915488
3776,0.3776,21,15,21,577411,28199,78211,29745,0.26120827003594055,0.5133404666574624
3777,0.3777,12,33,12,577444,28166,78223,29733,0.2609025899440513,0.5135321853572601
3778,0.3778,11,22,11,577466,28144,78234,29722,0.2606988032161251,0.5136349497114022
3779,0.3779,15,30,15,577496,28114,78249,29707,0.26042091222349845,0.5137752719600145
3780,0.378,10,38,10,577534,28076,78259,29697,0.2600689169661714,0.5140290447094663
3781,0.3781,16,22,16,577556,28054,78275,29681,0.2598651302382452,0.5140902398891487
3782,0.3782,21,22,21,577578,28032,78296,29660,0.259661343510319,0.5141094085835124
3783,0.3783,14,27,14,577605,28005,78310,29646,0.25941124161695506,0.5142321902482178
3784,0.3784,14,22,14,577627,27983,78324,29632,0.25920745488902885,0.5143105094159507
3785,0.3785,14,22,14,577649,27961,78338,29618,0.25900366816110265,0.5143889265183487
3786,0.3786,12,24,12,577673,27937,78350,29606,0.25878135536700136,0.5145021983560121
3787,0.3787,11,21,11,577694,27916,78361,29595,0.25858683167216273,0.5145972074907409
3788,0.3788,17,27,17,577721,27889,78378,29578,0.2583367297787988,0.5146953903979675
3789,0.3789,13,26,13,577747,27863,78391,29565,0.25809589091852236,0.5148185554085115
3790,0.379,14,26,14,577773,27837,78405,29551,0.25785505205824594,0.5149334355614414
3791,0.3791,10,25,10,577798,27812,78415,29541,0.2576234762310571,0.5150733178735202
3792,0.3792,11,22,11,577820,27790,78426,29530,0.25741968950313093,0.5151779483600838
3793,0.3793,4,20,4,577840,27770,78430,29526,0.2572344288413798,0.5153239318626082
3794,0.3794,15,24,15,577864,27746,78445,29511,0.2570121160472785,0.5154129626071922
3795,0.3795,10,35,10,577899,27711,78455,29501,0.25668790988921414,0.5156435712787527
3796,0.3796,9,17,9,577916,27694,78464,29492,0.25653043832672573,0.5157206309236526
3797,0.3797,15,23,15,577939,27671,78479,29477,0.25631738856571196,0.5158010779029887
3798,0.3798,9,25,9,577964,27646,78488,29468,0.2560858127385231,0.5159505550302903
3799,0.3799,21,18,21,577982,27628,78509,29447,0.2559190781429471,0.5159351730179589
3800,0.38,13,28,13,578010,27600,78522,29434,0.2556597132164956,0.5160781288354315
3801,0.3801,9,19,9,578029,27581,78531,29425,0.25548371558783206,0.5161737360979546
3802,0.3802,9,21,9,578050,27560,78540,29416,0.25528919189299343,0.5162875596742488
3803,0.3803,13,15,13,578065,27545,78553,29403,0.2551502463966801,0.516313127765681
3804,0.3804,13,20,13,578085,27525,78566,29390,0.25496498573492904,0.5163840815250813
3805,0.3805,10,25,10,578110,27500,78576,29380,0.2547334099077402,0.5165260196905767
3806,0.3806,14,13,14,578123,27487,78590,29366,0.254612990477602,0.516525073434999
3807,0.3807,10,19,10,578142,27468,78600,29356,0.25443699284893845,0.5166126988596368
3808,0.3808,16,23,16,578165,27445,78616,29340,0.25422394308792473,0.5166857444747732
3809,0.3809,12,21,12,578186,27424,78628,29328,0.2540294193930861,0.5167747392162391
3810,0.381,11,23,11,578209,27401,78639,29317,0.2538163696320723,0.5168905814732536
3811,0.3811,7,21,7,578230,27380,78646,29310,0.2536218459372337,0.5170224025401305
3812,0.3812,11,18,11,578248,27362,78657,29299,0.2534551113416577,0.5170928857591641
3813,0.3813,19,20,19,578268,27342,78676,29280,0.25326985067990665,0.517113489456395
3814,0.3814,12,23,12,578291,27319,78688,29268,0.2530568009188929,0.5172212699029812
3815,0.3815,14,28,14,578319,27291,78702,29254,0.25279743599244137,0.5173578565744098
3816,0.3816,12,23,12,578342,27268,78714,29242,0.2525843862314276,0.5174659352327021
3817,0.3817,6,11,6,578353,27257,78720,29236,0.25248249286746455,0.5175154443913406
3818,0.3818,13,19,13,578372,27238,78733,29223,0.252306495238801,0.5175785055170826
3819,0.3819,11,19,11,578391,27219,78744,29212,0.25213049761013745,0.5176587336747532
3820,0.382,17,21,17,578412,27198,78761,29195,0.2519359739152988,0.5177060982746086
3821,0.3821,11,19,11,578431,27179,78772,29184,0.2517599762866353,0.5177864911378032
3822,0.3822,9,20,9,578451,27159,78781,29175,0.2515747156248842,0.5178932793694749
3823,0.3823,16,22,16,578473,27137,78797,29159,0.251370928896958,0.5179586471507744
3824,0.3824,19,23,19,578496,27114,78816,29140,0.2511578791359443,0.5180076083478509
3825,0.3825,8,13,8,578509,27101,78824,29132,0.25103745970580604,0.5180587911013106
3826,0.3826,8,17,8,578526,27084,78832,29124,0.25087998814331763,0.5181468830059778
3827,0.3827,15,14,15,578540,27070,78847,29109,0.2507503056800919,0.518147350433436
3828,0.3828,16,23,16,578563,27047,78863,29093,0.25053725591907816,0.5182223013893836
3829,0.3829,9,17,9,578580,27030,78872,29084,0.2503797843565897,0.5183020280143993
3830,0.383,14,22,14,578602,27008,78886,29070,0.25017599762866355,0.5183851064588608
3831,0.3831,13,24,13,578626,26984,78899,29057,0.24995368483456223,0.5184953873057226
3832,0.3832,10,18,10,578644,26966,78909,29047,0.24978695023898626,0.518576044846732
3833,0.3833,18,22,18,578666,26944,78927,29029,0.24958316351106005,0.5186250513640506
3834,0.3834,12,25,12,578691,26919,78939,29017,0.2493515876838712,0.5187535755148741
3835,0.3835,14,25,14,578716,26894,78953,29003,0.24912001185668234,0.5188650553696978
3836,0.3836,12,24,12,578740,26870,78965,28991,0.24889769906258105,0.5189846225452462
3837,0.3837,13,15,13,578755,26855,78978,28978,0.24875875356626773,0.5190120538033063
3838,0.3838,9,19,9,578774,26836,78987,28969,0.2485827559376042,0.5191111907535167
3839,0.3839,15,21,15,578795,26815,79002,28954,0.24838823224276557,0.519177320733741
3840,0.384,15,22,15,578817,26793,79017,28939,0.24818444551483937,0.5192528529390655
3841,0.3841,7,12,7,578829,26781,79024,28932,0.24807328911778873,0.5193042916374994
3842,0.3842,16,25,16,578854,26756,79040,28916,0.24784171329059987,0.5193993389854864
3843,0.3843,19,23,19,578877,26733,79059,28897,0.24762866352958612,0.519449937084307
3844,0.3844,14,25,14,578902,26708,79073,28883,0.24739708770239727,0.519562519112806
3845,0.3845,15,13,15,578915,26695,79088,28868,0.24727666827225908,0.5195543797131185
3846,0.3846,19,21,19,578936,26674,79107,28849,0.24708214457742042,0.519586477675918
3847,0.3847,10,19,10,578955,26655,79117,28839,0.2469061469487569,0.5196778030057303
3848,0.3848,15,23,15,578978,26632,79132,28824,0.24669309718774315,0.5197634160415464
3849,0.3849,10,22,10,579000,26610,79142,28814,0.24648931045981695,0.5198830831408776
3850,0.385,12,19,12,579019,26591,79154,28802,0.24631331283115343,0.5199573953387612
3851,0.3851,10,22,10,579041,26569,79164,28792,0.24610952610322723,0.5200773107422193
3852,0.3852,13,16,13,579057,26553,79177,28779,0.24596131757382636,0.5201149425287356
3853,0.3853,15,19,15,579076,26534,79192,28764,0.24578531994516284,0.5201634778834677
3854,0.3854,12,18,12,579094,26516,79204,28752,0.24561858534958686,0.5202287037707173
3855,0.3855,10,15,10,579109,26501,79214,28742,0.24547963985327356,0.520283112792571
3856,0.3856,18,27,18,579136,26474,79232,28724,0.2452295379599096,0.5203811732309142
3857,0.3857,14,22,14,579158,26452,79246,28710,0.2450257512319834,0.5204669881440122
3858,0.3858,14,27,14,579185,26425,79260,28696,0.24477564933861945,0.5206001342501043
3859,0.3859,9,20,9,579205,26405,79269,28687,0.24459038867686836,0.5207108110070428
3860,0.386,10,24,10,579229,26381,79279,28677,0.24436807588276704,0.5208507392204584
3861,0.3861,21,13,21,579242,26368,79300,28656,0.24424765645262886,0.5207909275952312
3862,0.3862,12,23,12,579265,26345,79312,28644,0.2440346066916151,0.5209041808361672
3863,0.3863,9,14,9,579279,26331,79321,28635,0.24390492422838933,0.5209584106538587
3864,0.3864,6,22,6,579301,26309,79327,28629,0.24370113750046316,0.521114711128909
3865,0.3865,13,17,13,579318,26292,79340,28616,0.24354366593797472,0.5211626721060684
3866,0.3866,12,11,12,579329,26281,79352,28604,0.24344177257401164,0.5211624305365765
3867,0.3867,15,16,15,579345,26265,79367,28589,0.24329356404461078,0.5211835053049915
3868,0.3868,11,13,11,579358,26252,79378,28578,0.24317314461447256,0.521211015867226
3869,0.3869,10,13,10,579371,26239,79388,28568,0.24305272518433435,0.5212472859306293
3870,0.387,19,17,19,579388,26222,79407,28549,0.24289525362184594,0.5212429935549835
3871,0.3871,11,20,11,579408,26202,79418,28538,0.24270999296009485,0.5213372305443916
3872,0.3872,11,24,11,579432,26178,79429,28527,0.24248768016599356,0.5214697011242116
3873,0.3873,13,23,13,579455,26155,79442,28514,0.24227463040497982,0.521575298615303
3874,0.3874,9,16,9,579471,26139,79451,28505,0.24212642187557895,0.5216492204084621
3875,0.3875,13,22,13,579493,26117,79464,28492,0.24192263514765275,0.521745499826036
3876,0.3876,11,23,11,579516,26094,79475,28481,0.241709585386639,0.5218689876316995
3877,0.3877,21,24,21,579540,26070,79496,28460,0.2414872725925377,0.5219145424536952
3878,0.3878,15,14,15,579554,26056,79511,28445,0.24135759012931193,0.5219170290453387
3879,0.3879,16,19,16,579573,26037,79527,28429,0.2411815925006484,0.5219586531046891
3880,0.388,14,17,14,579590,26020,79541,28415,0.24102412093816,0.5219987140626435
3881,0.3881,10,26,10,579616,25994,79551,28405,0.24078328207788358,0.522160333829666
3882,0.3882,10,32,10,579648,25962,79561,28395,0.24048686501908184,0.5223798222859981
3883,0.3883,10,25,10,579673,25937,79571,28385,0.24025528919189298,0.5225323073524539
3884,0.3884,12,32,12,579705,25905,79583,28373,0.23995887213309125,0.5227348096834813
3885,0.3885,15,29,15,579734,25876,79598,28358,0.2396902441735522,0.5228823247409374
3886,0.3886,8,19,8,579753,25857,79606,28350,0.23951424654488865,0.5229951851236925
3887,0.3887,6,16,6,579769,25841,79612,28344,0.23936603801548778,0.5230967980068285
3888,0.3888,14,24,14,579793,25817,79626,28330,0.2391437252213865,0.5232053484034204
3889,0.3889,21,16,21,579809,25801,79647,28309,0.23899551669198563,0.5231750138606542
3890,0.389,14,21,14,579830,25780,79661,28295,0.238800992997147,0.5232547387887194
3891,0.3891,7,21,7,579851,25759,79668,28288,0.23860646930230836,0.5233963032175699
3892,0.3892,9,31,9,579882,25728,79677,28279,0.23831931527659417,0.523617308867369
3893,0.3893,23,14,23,579896,25714,79700,28256,0.2381896328133684,0.52355012043728
3894,0.3894,18,18,18,579914,25696,79718,28238,0.23802289821779243,0.5235658397300404
3895,0.3895,16,21,16,579935,25675,79734,28222,0.2378283745229538,0.5236284023229494
3896,0.3896,13,31,13,579966,25644,79747,28209,0.2375412204972396,0.523814829257423
3897,0.3897,10,16,10,579982,25628,79757,28199,0.23739301196783874,0.5238820666208408
3898,0.3898,14,21,14,580003,25607,79771,28185,0.2371984882730001,0.5239626710291493
3899,0.3899,13,18,13,580021,25589,79784,28172,0.23703175367742413,0.5240229906437752
3900,0.39,11,9,11,580030,25580,79795,28161,0.23694838637963614,0.5240133231610874
3901,0.3901,12,13,12,580043,25567,79807,28149,0.23682796694949795,0.5240338074316777
3902,0.3902,17,20,17,580063,25547,79824,28132,0.23664270628774686,0.5240783174053167
3903,0.3903,8,18,8,580081,25529,79832,28124,0.23647597169217088,0.5241831770823626
3904,0.3904,15,21,15,580102,25508,79847,28109,0.23628144799733225,0.5242553667680027
3905,0.3905,9,14,9,580116,25494,79856,28100,0.2361517655341065,0.524312423032429
3906,0.3906,6,20,6,580136,25474,79862,28094,0.2359665048723554,0.5244548984468339
3907,0.3907,11,14,11,580150,25460,79873,28083,0.23583682240912965,0.5244943316586669
3908,0.3908,13,21,13,580171,25439,79886,28070,0.23564229871429102,0.5245846493113308
3909,0.3909,11,25,11,580196,25414,79897,28059,0.23541072288710216,0.5247321077927178
3910,0.391,15,18,15,580214,25396,79912,28044,0.23524398829152618,0.5247754491017964
3911,0.3911,7,15,7,580229,25381,79919,28037,0.23510504279521285,0.5248605339024299
3912,0.3912,13,13,13,580242,25368,79932,28024,0.23498462336507467,0.5248726400958945
3913,0.3913,12,17,12,580259,25351,79944,28012,0.23482715180258623,0.5249330060154039
3914,0.3914,12,20,12,580279,25331,79956,28000,0.23464189114083517,0.5250229697549268
3915,0.3915,13,23,13,580302,25308,79969,27987,0.2344288413798214,0.5251336898395722
3916,0.3916,14,19,14,580321,25289,79983,27973,0.23425284375115787,0.5251961999173895
3917,0.3917,13,25,13,580346,25264,79996,27960,0.23402126792396902,0.525326920186382
3918,0.3918,11,18,11,580364,25246,80007,27949,0.23385453332839304,0.5254065231694708
3919,0.3919,16,19,16,580383,25227,80023,27933,0.23367853569972952,0.525451467268623
3920,0.392,16,10,16,580393,25217,80039,27917,0.23358590536885399,0.5254074603831821
3921,0.3921,17,28,17,580421,25189,80056,27900,0.23332654044240245,0.5255325962063704
3922,0.3922,8,21,8,580442,25168,80064,27892,0.2331320167475638,0.5256690539012439
3923,0.3923,7,16,7,580458,25152,80071,27885,0.23298380821816295,0.5257650319588212
3924,0.3924,16,19,16,580477,25133,80087,27869,0.23280781058949943,0.5258103467793668
3925,0.3925,16,23,16,580500,25110,80103,27853,0.23259476082848568,0.5258954364367577
3926,0.3926,13,19,13,580519,25091,80116,27840,0.23241876319982216,0.5259677693601104
3927,0.3927,11,19,11,580538,25072,80127,27829,0.2322427655711586,0.5260581085423716
3928,0.3928,11,14,11,580552,25058,80138,27818,0.23211308310793285,0.5260987971858688
3929,0.3929,8,17,8,580569,25041,80146,27810,0.23195561154544445,0.5261962876766759
3930,0.393,13,17,13,580586,25024,80159,27797,0.231798139982956,0.5262490297419586
3931,0.3931,7,27,7,580613,24997,80166,27790,0.23154803808959207,0.526455377270919
3932,0.3932,9,26,9,580639,24971,80175,27781,0.23130719922931564,0.5266340612678192
3933,0.3933,5,25,5,580664,24946,80180,27776,0.23107562340212678,0.5268388907856303
3934,0.3934,14,13,14,580677,24933,80194,27762,0.2309552039719886,0.5268431539994307
3935,0.3935,14,16,14,580693,24917,80208,27748,0.23080699544258773,0.5268774328301529
3936,0.3936,17,22,17,580715,24895,80225,27731,0.23060320871466153,0.5269448561547524
3937,0.3937,13,19,13,580734,24876,80238,27718,0.230427211085998,0.5270182910598167
3938,0.3938,16,16,16,580750,24860,80254,27702,0.23027900255659714,0.5270347399261824
3939,0.3939,9,17,9,580767,24843,80263,27693,0.2301215309941087,0.5271242576518959
3940,0.394,18,24,18,580791,24819,80281,27675,0.22989921820000742,0.5272031089267345
3941,0.3941,15,15,15,580806,24804,80296,27660,0.2297602727036941,0.5272186642268984
3942,0.3942,9,11,9,580817,24793,80305,27651,0.229658379339731,0.5272481122721379
3943,0.3943,20,20,20,580837,24773,80325,27631,0.22947311867797993,0.5272689107701702
3944,0.3944,14,21,14,580858,24752,80339,27617,0.2292785949831413,0.527353968951097
3945,0.3945,12,17,12,580875,24735,80351,27605,0.22912112342065286,0.5274168895682079
3946,0.3946,19,21,19,580896,24714,80370,27586,0.22892659972581422,0.5274569789674952
3947,0.3947,13,13,13,580909,24701,80383,27573,0.228806180295676,0.5274706354975705
3948,0.3948,11,17,11,580926,24684,80394,27562,0.2286487087331876,0.5275427783945182
3949,0.3949,11,19,11,580945,24665,80405,27551,0.22847271110452408,0.5276352075992033
3950,0.395,13,21,13,580966,24644,80418,27538,0.22827818740968542,0.5277298685370434
3951,0.3951,8,20,8,580986,24624,80426,27530,0.22809292674793435,0.5278597998235993
3952,0.3952,10,24,10,581010,24600,80436,27520,0.22787061395383304,0.5280122793553338
3953,0.3953,12,21,12,581031,24579,80448,27508,0.2276760902589944,0.5281164206039894
3954,0.3954,9,17,9,581048,24562,80457,27499,0.227518618696506,0.5282072952882196
3955,0.3955,12,20,12,581068,24542,80469,27487,0.2273333580347549,0.5283015241499933
3956,0.3956,10,12,10,581080,24530,80479,27477,0.22722220163770426,0.5283327244409406
3957,0.3957,11,15,11,581095,24515,80490,27466,0.22708325614139094,0.5283853715780766
3958,0.3958,12,15,12,581110,24500,80502,27454,0.2269443106450776,0.5284289948800862
3959,0.3959,9,18,9,581128,24482,80511,27445,0.22677757604950166,0.5285304369595779
3960,0.396,11,21,11,581149,24461,80522,27434,0.226583052354663,0.5286443780711051
3961,0.3961,11,14,11,581163,24447,80533,27423,0.22645336989143725,0.5286871023713129
3962,0.3962,10,22,10,581185,24425,80543,27413,0.22624958316351107,0.5288205563486246
3963,0.3963,15,12,15,581197,24413,80558,27398,0.2261384267664604,0.5288066240759685
3964,0.3964,8,17,8,581214,24396,80566,27390,0.225980955203972,0.5289074267176457
3965,0.3965,8,22,8,581236,24374,80574,27382,0.2257771684760458,0.5290594327227761
3966,0.3966,13,19,13,581255,24355,80587,27369,0.22560117084738227,0.5291354110277627
3967,0.3967,18,22,18,581277,24333,80605,27351,0.22539738411945606,0.5291966566055258
3968,0.3968,16,16,16,581293,24317,80621,27335,0.2252491755900552,0.5292147448307907
3969,0.3969,12,25,12,581318,24292,80633,27323,0.22501759976286637,0.5293616196842004
3970,0.397,14,22,14,581340,24270,80647,27309,0.22481381303494016,0.5294596638166695
3971,0.3971,10,15,10,581355,24255,80657,27299,0.22467486753862684,0.5295224424874888
3972,0.3972,12,19,12,581374,24236,80669,27287,0.22449886990996332,0.5296081361721949
3973,0.3973,18,19,18,581393,24217,80687,27269,0.2243228722812998,0.5296391251990833
3974,0.3974,10,20,10,581413,24197,80697,27259,0.2241376116195487,0.5297535758706468
3975,0.3975,14,22,14,581435,24175,80711,27245,0.2239338248916225,0.529852197588487
3976,0.3976,10,20,10,581455,24155,80721,27235,0.22374856422987144,0.5299669196341701
3977,0.3977,17,30,17,581485,24125,80738,27218,0.22347067323724482,0.53012095124944
3978,0.3978,10,22,10,581507,24103,80748,27208,0.2232668865093186,0.5302566701097231
3979,0.3979,5,12,5,581519,24091,80753,27203,0.22315573011226797,0.5303349319608531
3980,0.398,8,22,8,581541,24069,80761,27195,0.22295194338434177,0.5304892322097379
3981,0.3981,8,22,8,581563,24047,80769,27187,0.22274815665641556,0.5306437131592302
3982,0.3982,9,18,9,581581,24029,80778,27178,0.2225814220608396,0.5307477493311461
3983,0.3983,16,17,16,581598,24012,80794,27162,0.22242395049835118,0.5307773478719663
3984,0.3984,19,18,19,581616,23994,80813,27143,0.2222572159027752,0.5307898390597806
3985,0.3985,8,24,8,581640,23970,80821,27135,0.2220349031086739,0.5309656589374817
3986,0.3986,11,14,11,581654,23956,80832,27124,0.22190522064544815,0.531010180109632
3987,0.3987,8,16,8,581670,23940,80840,27116,0.2217570121160473,0.5311031024757129
3988,0.3988,20,23,20,581693,23917,80860,27096,0.22154396235503354,0.5311587242467606
3989,0.3989,16,21,16,581714,23896,80876,27080,0.22134943866019488,0.5312303829252982
3990,0.399,18,16,18,581730,23880,80894,27062,0.22120123013079404,0.5312315967178359
3991,0.3991,10,11,10,581741,23869,80904,27052,0.22109933676683094,0.5312542958700732
3992,0.3992,10,15,10,581756,23854,80914,27042,0.22096039127051761,0.5313187676831185
3993,0.3993,15,20,15,581776,23834,80929,27027,0.22077513060876652,0.5313894732702856
3994,0.3994,12,14,12,581790,23820,80941,27015,0.22064544814554077,0.5314251991737976
3995,0.3995,11,19,11,581809,23801,80952,27004,0.22046945051687725,0.5315224879441
3996,0.3996,11,16,11,581825,23785,80963,26993,0.22032124198747638,0.5315884832013864
3997,0.3997,14,13,14,581838,23772,80977,26979,0.22020082255733817,0.5315954365431224
3998,0.3998,12,18,12,581856,23754,80989,26967,0.2200340879617622,0.5316732714260366
3999,0.3999,21,19,21,581875,23735,81010,26946,0.21985809033309867,0.5316785383082417
4000,0.4,17,20,17,581895,23715,81027,26929,0.21967282967134757,0.5317313008451149
4001,0.4001,14,13,14,581908,23702,81041,26915,0.2195524102412094,0.5317383487761029
4002,0.4002,12,18,12,581926,23684,81053,26903,0.2193856756456334,0.5318164745883329
4003,0.4003,12,19,12,581945,23665,81065,26891,0.2192096780169699,0.5319052140200965
4004,0.4004,13,21,13,581966,23644,81078,26878,0.21901515432213123,0.5320058588337754
4005,0.4005,7,17,7,581983,23627,81085,26871,0.21885768275964282,0.5321200839637213
4006,0.4006,7,17,7,582000,23610,81092,26864,0.2187002111971544,0.5322344177200142
4007,0.4007,17,26,17,582026,23584,81109,26847,0.21845937233687798,0.532351133231544
4008,0.4008,20,18,20,582044,23566,81129,26827,0.218292637741302,0.5323556843212351
4009,0.4009,7,14,7,582058,23552,81136,26820,0.21816295527807625,0.5324386563964107
4010,0.401,14,18,14,582076,23534,81150,26806,0.21799622068250027,0.5324990067540724
4011,0.4011,5,11,5,582087,23523,81155,26801,0.2178943273185372,0.5325689531833717
4012,0.4012,8,16,8,582103,23507,81163,26793,0.21774611878913633,0.5326640159045726
4013,0.4013,8,16,8,582119,23491,81171,26785,0.21759791025973546,0.5327591693849948
4014,0.4014,11,16,11,582135,23475,81182,26774,0.2174497017303346,0.5328265239109236
4015,0.4015,7,15,7,582150,23460,81189,26767,0.21731075623402127,0.5329205407450176
4016,0.4016,9,20,9,582170,23440,81198,26758,0.21712549557227018,0.5330491254631659
4017,0.4017,12,17,12,582187,23423,81210,26746,0.21696802400978177,0.5331180609539755
4018,0.4018,11,13,11,582200,23410,81221,26735,0.21684760457964355,0.5331538538239107
4019,0.4019,11,13,11,582213,23397,81232,26724,0.21672718514950534,0.5331896809720477
4020,0.402,13,21,13,582234,23376,81245,26711,0.2165326614546667,0.5332920717950765
4021,0.4021,11,19,11,582253,23357,81256,26700,0.2163566638260032,0.5333919331961564
4022,0.4022,14,19,14,582272,23338,81270,26686,0.21618066619733967,0.5334639373100911
4023,0.4023,10,20,10,582292,23318,81280,26676,0.21599540553558857,0.53358403008361
4024,0.4024,12,19,12,582311,23299,81292,26664,0.21581940790692505,0.5336749194403859
4025,0.4025,14,14,14,582325,23285,81306,26650,0.2156897254436993,0.5336938019425252
4026,0.4026,7,13,7,582338,23272,81313,26643,0.21556930601356109,0.5337674045877993
4027,0.4027,12,16,12,582354,23256,81325,26631,0.21542109748416022,0.5338264477719646
4028,0.4028,8,17,8,582371,23239,81333,26623,0.21526362592167178,0.5339336568930247
4029,0.4029,11,17,11,582388,23222,81344,26612,0.21510615435918337,0.5340129229040415
4030,0.403,15,23,15,582411,23199,81359,26597,0.21489310459816963,0.5341192063619568
4031,0.4031,16,21,16,582432,23178,81375,26581,0.214698580903331,0.5341948190277136
4032,0.4032,12,22,12,582454,23156,81387,26569,0.2144947941754048,0.5343187531422825
4033,0.4033,14,12,14,582466,23144,81401,26555,0.21438363777835415,0.5343165858467978
4034,0.4034,9,16,9,582482,23128,81410,26546,0.21423542924895328,0.5344043161412408
4035,0.4035,12,15,12,582497,23113,81422,26534,0.21409648375263995,0.534453239873507
4036,0.4036,15,13,15,582510,23100,81437,26519,0.21397606432250177,0.5344525282653823
4037,0.4037,9,20,9,582530,23080,81446,26510,0.21379080366075068,0.5345835854002823
4038,0.4038,9,13,9,582543,23067,81455,26501,0.21367038423061246,0.5346392834086507
4039,0.4039,16,18,16,582561,23049,81471,26485,0.21350364963503649,0.5346832478701498
4040,0.404,11,18,11,582579,23031,81482,26474,0.21333691503946053,0.5347742652257348
4041,0.4041,12,23,12,582602,23008,81494,26462,0.21312386527844676,0.5349100464928239
4042,0.4042,6,22,6,582624,22986,81500,26456,0.2129200785505206,0.5350916225071801
4043,0.4043,8,13,8,582637,22973,81508,26448,0.21279965912038237,0.5351571194431517
4044,0.4044,12,20,12,582657,22953,81520,26436,0.21261439845863128,0.5352608880519953
4045,0.4045,9,22,9,582679,22931,81529,26427,0.2124106117307051,0.5354147250698975
4046,0.4046,12,19,12,582698,22912,81541,26415,0.21223461410204159,0.5355079368297282
4047,0.4047,10,16,10,582714,22896,81551,26405,0.21208640557264072,0.5355875134378613
4048,0.4048,12,14,12,582728,22882,81563,26393,0.21195672310941494,0.5356265854895992
4049,0.4049,13,17,13,582745,22865,81576,26380,0.21179925154692653,0.5356889024266422
4050,0.405,10,16,10,582761,22849,81586,26370,0.21165104301752566,0.5357687072065666
4051,0.4051,12,19,12,582780,22830,81598,26358,0.21147504538886214,0.5358624054647475
4052,0.4052,12,9,12,582789,22821,81610,26346,0.21139167809107415,0.5358472145951553
4053,0.4053,19,17,19,582806,22804,81629,26327,0.2112342065285857,0.5358531273534022
4054,0.4054,12,21,12,582827,22783,81641,26315,0.21103968283374708,0.5359688785693918
4055,0.4055,9,15,9,582842,22768,81650,26306,0.21090073733743378,0.5360476015812854
4056,0.4056,7,14,7,582856,22754,81657,26299,0.210771054874208,0.536134385256763
4057,0.4057,9,9,9,582865,22745,81666,26290,0.21068768757642004,0.5361476496380136
4058,0.4058,14,25,14,582890,22720,81680,26276,0.21045611174923118,0.5362886766266634
4059,0.4059,17,18,17,582908,22702,81697,26259,0.2102893771536552,0.5363248299667082
4060,0.406,8,23,8,582931,22679,81705,26251,0.21007632739264145,0.5365011240547721
4061,0.4061,18,8,18,582939,22671,81723,26233,0.210002223127941,0.5364182888925241
4062,0.4062,9,19,9,582958,22652,81732,26224,0.20982622549927749,0.5365414518373025
4063,0.4063,12,13,12,582971,22639,81744,26212,0.20970580606913927,0.5365703875048617
4064,0.4064,5,14,5,582985,22625,81749,26207,0.20957612360591352,0.5366767693315858
4065,0.4065,8,18,8,583003,22607,81757,26199,0.20940938901033754,0.5367987542515265
4066,0.4066,9,13,9,583016,22594,81766,26190,0.20928896958019935,0.5368563463430633
4067,0.4067,9,12,9,583028,22582,81775,26181,0.20917781318314868,0.536902979718229
4068,0.4068,17,11,17,583039,22571,81792,26164,0.2090759198191856,0.5368626243972504
4069,0.4069,6,20,6,583059,22551,81798,26158,0.20889065915743452,0.5370260116200292
4070,0.407,15,20,15,583079,22531,81813,26143,0.20870539849568343,0.5371039980276945
4071,0.4071,12,14,12,583093,22517,81825,26131,0.20857571603245767,0.5371443841473442
4072,0.4072,13,10,13,583103,22507,81838,26118,0.20848308570158214,0.5371311053984575
4073,0.4073,14,29,14,583132,22478,81852,26104,0.20821445774204306,0.5373183483594747
4074,0.4074,10,16,10,583148,22462,81862,26094,0.2080662492126422,0.5374001153307522
4075,0.4075,8,13,8,583161,22449,81870,26086,0.20794582978250398,0.537467806737406
4076,0.4076,12,29,12,583190,22420,81882,26074,0.20767720182296492,0.537674763888316
4077,0.4077,11,19,11,583209,22401,81893,26063,0.20750120419430138,0.5377806206668868
4078,0.4078,21,13,21,583222,22388,81914,26042,0.2073807847641632,0.5377245508982036
4079,0.4079,12,17,12,583239,22371,81926,26030,0.20722331320167475,0.5377988058097973
4080,0.408,14,17,14,583256,22354,81940,26016,0.20706584163918634,0.5378540417614224
4081,0.4081,16,18,16,583274,22336,81956,26000,0.20689910704361036,0.5379013571665011
4082,0.4082,5,13,5,583287,22323,81961,25995,0.20677868761347215,0.5379982615174469
4083,0.4083,11,20,11,583307,22303,81972,25984,0.20659342695172106,0.5381158489862696
4084,0.4084,10,13,10,583320,22290,81982,25974,0.20647300752158287,0.5381650919940328
4085,0.4085,13,15,13,583335,22275,81995,25961,0.20633406202526955,0.5382079774442325
4086,0.4086,6,18,6,583353,22257,82001,25955,0.20616732742969357,0.5383514477723388
4087,0.4087,8,18,8,583371,22239,82009,25947,0.2060005928341176,0.538475905864774
4088,0.4088,10,11,10,583382,22228,82019,25937,0.20589869947015452,0.538503062389702
4089,0.4089,17,17,17,583399,22211,82036,25920,0.20574122790766608,0.5385302611622447
4090,0.409,12,16,12,583415,22195,82048,25908,0.2055930193782652,0.5385942664698667
4091,0.4091,13,17,13,583432,22178,82061,25895,0.2054355478157768,0.5386599546522997
4092,0.4092,7,16,7,583448,22162,82068,25888,0.20528733928637594,0.5387721123829344
4093,0.4093,13,13,13,583461,22149,82081,25875,0.20516691985623772,0.5387931034482759
4094,0.4094,7,12,7,583473,22137,82088,25868,0.20505576345918708,0.5388605353609
4095,0.4095,10,13,10,583486,22124,82098,25858,0.20493534402904887,0.5389104247426119
4096,0.4096,17,13,17,583499,22111,82115,25841,0.20481492459891068,0.538893059726393
4097,0.4097,10,18,10,583517,22093,82125,25831,0.2046481900033347,0.5389992488106168
4098,0.4098,12,15,12,583532,22078,82137,25819,0.20450924450702138,0.5390525502641084
4099,0.4099,13,19,13,583551,22059,82150,25806,0.20433324687835785,0.5391413350047007
4100,0.41,8,17,8,583568,22042,82158,25798,0.20417577531586942,0.5392558528428094
4101,0.4101,13,19,13,583587,22023,82171,25785,0.2039997776872059,0.5393448795180723
4102,0.4102,19,16,19,583603,22007,82190,25766,0.20385156915780503,0.5393423063236557
4103,0.4103,11,18,11,583621,21989,82201,25755,0.20368483456222905,0.5394395107238605
4104,0.4104,8,17,8,583638,21972,82209,25747,0.20352736299974064,0.5395544751566462
4105,0.4105,11,15,11,583653,21957,82220,25736,0.20338841750342732,0.5396179732874845
4106,0.4106,18,21,18,583674,21936,82238,25718,0.20319389380858868,0.5396818735048474
4107,0.4107,10,15,10,583689,21921,82248,25708,0.20305494831227539,0.5397551911650466
4108,0.4108,13,17,13,583706,21904,82261,25695,0.20289747674978695,0.5398222651736381
4109,0.4109,24,15,24,583721,21889,82285,25671,0.20275853125347365,0.5397603027754415
4110,0.411,15,19,15,583740,21870,82300,25656,0.2025825336248101,0.5398308294407271
4111,0.4111,10,26,10,583766,21844,82310,25646,0.2023416947645337,0.5400294798905033
4112,0.4112,8,13,8,583779,21831,82318,25638,0.2022212753343955,0.5400998546419769
4113,0.4113,10,18,10,583797,21813,82328,25628,0.2020545407388195,0.5402078371029279
4114,0.4114,10,16,10,583813,21797,82338,25618,0.20190633220941864,0.5402931561742065
4115,0.4115,5,22,5,583835,21775,82343,25613,0.20170254548149247,0.5404954840887989
4116,0.4116,11,20,11,583855,21755,82354,25602,0.20151728481974138,0.540617015435944
4117,0.4117,19,24,19,583879,21731,82373,25583,0.20129497202564006,0.5407067675529441
4118,0.4118,8,14,8,583893,21717,82381,25575,0.2011652895624143,0.5407891398122304
4119,0.4119,15,16,15,583909,21701,82396,25560,0.20101708103301344,0.5408264742599607
4120,0.412,15,16,15,583925,21685,82411,25545,0.20086887250361257,0.5408638577175524
4121,0.4121,13,21,13,583946,21664,82424,25532,0.20067434880877394,0.5409780489872023
4122,0.4122,7,23,7,583969,21641,82431,25525,0.2004612990477602,0.5411737268371284
4123,0.4123,8,16,8,583985,21625,82439,25517,0.20031309051835933,0.54127953841585
4124,0.4124,9,22,9,584007,21603,82448,25508,0.20010930379043315,0.5414446732185689
4125,0.4125,16,16,16,584023,21587,82464,25492,0.19996109526103228,0.5414728435183415
4126,0.4126,14,20,14,584043,21567,82478,25478,0.1997758345992812,0.5415665851843979
4127,0.4127,10,11,10,584054,21556,82488,25468,0.1996739412353181,0.5415957808778497
4128,0.4128,16,14,16,584068,21542,82504,25452,0.19954425877209234,0.5416010554538877
4129,0.4129,15,11,15,584079,21531,82519,25437,0.19944236540812924,0.5415815022994379
4130,0.413,10,14,10,584093,21517,82529,25427,0.19931268294490348,0.5416453646898433
4131,0.4131,8,17,8,584110,21500,82537,25419,0.19915521138241507,0.5417634646944735
4132,0.4132,13,14,13,584124,21486,82550,25406,0.1990255289191893,0.5417981745287043
4133,0.4133,16,17,16,584141,21469,82566,25390,0.19886805735670088,0.5418382807998463
4134,0.4134,17,12,17,584153,21457,82583,25373,0.19875690095965023,0.5418108050395046
4135,0.4135,19,12,19,584165,21445,82602,25354,0.1986457445625996,0.5417637128998483
4136,0.4136,10,13,10,584178,21432,82612,25344,0.19852532513246138,0.5418163160595177
4137,0.4137,14,14,14,584192,21418,82626,25330,0.19839564266923562,0.5418413621973133
4138,0.4138,14,17,14,584209,21401,82640,25316,0.19823817110674719,0.5419012350964317
4139,0.4139,11,17,11,584226,21384,82651,25305,0.19808069954425878,0.5419906187753004
4140,0.414,11,17,11,584243,21367,82662,25294,0.19792322798177034,0.5420801097276098
4141,0.4141,8,15,8,584258,21352,82670,25286,0.19778428248545704,0.5421759080578069
4142,0.4142,19,17,19,584275,21335,82689,25267,0.1976268109229686,0.5421870305995451
4143,0.4143,10,20,10,584295,21315,82699,25257,0.19744155026121754,0.5423215666065447
4144,0.4144,13,16,13,584311,21299,82712,25244,0.19729334173181667,0.5423801645789915
4145,0.4145,8,13,8,584324,21286,82720,25236,0.19717292230167846,0.5424530329736469
4146,0.4146,13,15,13,584339,21271,82733,25223,0.19703397680536514,0.542500107540758
4147,0.4147,11,17,11,584356,21254,82744,25212,0.19687650524287673,0.5425902810657255
4148,0.4148,11,14,11,584370,21240,82755,25201,0.19674682277965097,0.5426455072026872
4149,0.4149,17,21,17,584391,21219,82772,25184,0.19655229908481234,0.5427235308061978
4150,0.415,11,23,11,584414,21196,82783,25173,0.1963392493237986,0.5428842545666286
4151,0.4151,11,14,11,584428,21182,82794,25162,0.19620956686057284,0.5429397548765752
4152,0.4152,6,16,6,584444,21166,82800,25156,0.19606135833117197,0.5430680885972108
4153,0.4153,10,12,10,584456,21154,82810,25146,0.1959502019341213,0.543110151187905
4154,0.4154,11,14,11,584470,21140,82821,25135,0.19582051947089554,0.5431658562938952
4155,0.4155,13,15,13,584485,21125,82834,25122,0.19568157397458225,0.543213613856034
4156,0.4156,13,14,13,584499,21111,82847,25109,0.1955518915113565,0.5432496754651666
4157,0.4157,13,8,13,584507,21103,82860,25096,0.19547778724665604,0.543215221108682
4158,0.4158,20,16,20,584523,21087,82880,25076,0.19532957871725518,0.5432055975564847
4159,0.4159,14,17,14,584540,21070,82894,25062,0.19517210715476677,0.5432671464493194
4160,0.416,12,15,12,584555,21055,82906,25050,0.19503316165845344,0.5433250189784188
4161,0.4161,17,14,17,584569,21041,82923,25033,0.19490347919522769,0.5433216130572557
4162,0.4162,15,14,15,584583,21027,82938,25018,0.19477379673200193,0.5433380388750135
4163,0.4163,10,19,10,584602,21008,82948,25008,0.1945977991033384,0.5434631432545202
4164,0.4164,19,16,19,584618,20992,82967,24989,0.19444959057393754,0.5434636045323068
4165,0.4165,7,14,7,584632,20978,82974,24982,0.19431990811071176,0.5435596170583116
4166,0.4166,15,19,15,584651,20959,82989,24967,0.19414391048204824,0.5436354134912685
4167,0.4167,9,15,9,584666,20944,82998,24958,0.19400496498573494,0.5437235850289748
4168,0.4168,13,10,13,584676,20934,83011,24945,0.19391233465485938,0.5437128097822533
4169,0.4169,10,12,10,584688,20922,83021,24935,0.19380117825780874,0.5437555880236387
4170,0.417,16,16,16,584704,20906,83037,24919,0.19365296972840787,0.5437861429350791
4171,0.4171,9,20,9,584724,20886,83046,24910,0.19346770906665678,0.5439339680321426
4172,0.4172,6,19,6,584743,20867,83052,24904,0.19329171143799326,0.5440999759673155
4173,0.4173,13,16,13,584759,20851,83065,24891,0.1931435029085924,0.5441607275589174
4174,0.4174,8,13,8,584772,20838,83073,24883,0.19302308347845418,0.544235690382975
4175,0.4175,11,10,11,584782,20828,83084,24872,0.19293045314757865,0.5442450765864333
4176,0.4176,14,16,14,584798,20812,83098,24858,0.19278224461817778,0.5442960367856361
4177,0.4177,6,9,6,584807,20803,83104,24852,0.1926988773203898,0.5443434454057606
4178,0.4178,15,11,15,584818,20792,83119,24837,0.1925969839564267,0.5443248811063139
4179,0.4179,9,17,9,584835,20775,83128,24828,0.19243951239393828,0.5444378659298731
4180,0.418,15,19,15,584854,20756,83143,24813,0.19226351476527473,0.5445149114529615
4181,0.4181,14,13,14,584867,20743,83157,24799,0.19214309533513654,0.5445303236572834
4182,0.4182,9,15,9,584882,20728,83166,24790,0.19200414983882322,0.5446197108836065
4183,0.4183,12,9,12,584891,20719,83178,24778,0.19192078254103523,0.5446073367474779
4184,0.4184,11,21,11,584912,20698,83189,24767,0.1917262588461966,0.5447487077972066
4185,0.4185,9,8,9,584920,20690,83198,24758,0.19165215458149618,0.5447544446400282
4186,0.4186,18,25,18,584945,20665,83216,24740,0.19142057875430732,0.5448739125646955
4187,0.4187,7,19,7,584964,20646,83223,24733,0.19124458112564377,0.5450318429229379
4188,0.4188,13,12,13,584976,20634,83236,24720,0.19113342472859313,0.5450456409577986
4189,0.4189,10,17,10,584993,20617,83246,24710,0.19097595316610472,0.5451496900302248
4190,0.419,15,17,15,585010,20600,83261,24695,0.19081848160361628,0.5452036648636714
4191,0.4191,9,14,9,585024,20586,83270,24686,0.19068879914039052,0.5452818519172998
4192,0.4192,7,19,7,585043,20567,83277,24679,0.190512801511727,0.5454404809264908
4193,0.4193,8,13,8,585056,20554,83285,24671,0.1903923820815888,0.5455168601437258
4194,0.4194,5,13,5,585069,20541,83290,24666,0.1902719626514506,0.5456234653925277
4195,0.4195,15,11,15,585080,20530,83305,24651,0.1901700692874875,0.5456054536198844
4196,0.4196,11,20,11,585100,20510,83316,24640,0.1899848086257364,0.5457364341085271
4197,0.4197,13,16,13,585116,20494,83329,24627,0.18983660009633554,0.5457990736020921
4198,0.4198,7,18,7,585134,20476,83336,24620,0.18966986550075957,0.5459464254035835
4199,0.4199,6,21,6,585155,20455,83342,24614,0.18947534180592093,0.5461403625551932
4200,0.42,10,10,10,585165,20445,83352,24604,0.1893827114750454,0.5461608470776266
4201,0.4201,6,8,6,585173,20437,83358,24598,0.18930860721034495,0.5461974020206506
4202,0.4202,5,17,5,585190,20420,83363,24593,0.18915113564785654,0.5463532757203474
4203,0.4203,12,21,12,585211,20399,83375,24581,0.18895661195301788,0.5464873277012006
4204,0.4204,13,19,13,585230,20380,83388,24568,0.18878061432435436,0.5465871673934324
4205,0.4205,13,18,13,585248,20362,83401,24555,0.18861387972877838,0.5466749782932965
4206,0.4206,14,18,14,585266,20344,83415,24541,0.1884471451332024,0.5467528127436783
4207,0.4207,10,10,10,585276,20334,83425,24531,0.18835451480232687,0.546773654296222
4208,0.4208,15,16,15,585292,20318,83440,24516,0.188206306272926,0.5468171477004059
4209,0.4209,12,15,12,585307,20303,83452,24504,0.1880673607766127,0.5468788358961769
4210,0.421,10,10,10,585317,20293,83462,24494,0.18797473044573715,0.5468997700225512
4211,0.4211,8,7,8,585324,20286,83470,24486,0.18790988921412427,0.5469043151969981
4212,0.4212,13,16,13,585340,20270,83483,24473,0.1877616806847234,0.5469682408421429
4213,0.4213,10,18,10,585358,20252,83493,24463,0.18759494608914742,0.5470871072347087
4214,0.4214,15,22,15,585380,20230,83508,24448,0.18739115936122125,0.5472044406643091
4215,0.4215,10,19,10,585399,20211,83518,24438,0.1872151617325577,0.5473358865820063
4216,0.4216,12,13,12,585412,20198,83530,24426,0.18709474230241951,0.547373610613123
4217,0.4217,16,20,16,585432,20178,83546,24410,0.18690948164066842,0.54745671481116
4218,0.4218,14,12,14,585444,20166,83560,24396,0.18679832524361778,0.5474619631075804
4219,0.4219,7,10,7,585454,20156,83567,24389,0.18670569491274222,0.5475137501403076
4220,0.422,8,14,8,585468,20142,83575,24381,0.18657601244951647,0.5476046088538509
4221,0.4221,10,17,10,585485,20125,83585,24371,0.18641854088702806,0.5477121539014743
4222,0.4222,10,18,10,585503,20107,83595,24361,0.18625180629145208,0.5478321489610506
4223,0.4223,12,20,12,585523,20087,83607,24349,0.18606654562970099,0.5479566117562337
4224,0.4224,13,21,13,585544,20066,83620,24336,0.18587202193486235,0.5480834196657808
4225,0.4225,11,16,11,585560,20050,83631,24325,0.18572381340546149,0.548169014084507
4226,0.4226,11,14,11,585574,20036,83642,24314,0.18559413094223573,0.5482299887260429
4227,0.4227,8,14,8,585588,20022,83650,24306,0.18546444847900997,0.5483216025988089
4228,0.4228,9,13,9,585601,20009,83659,24297,0.18534402904887176,0.5483907371462104
4229,0.4229,13,9,13,585610,20000,83672,24284,0.18526066175108377,0.5483696143076506
4230,0.423,14,19,14,585629,19981,83686,24270,0.18508466412242025,0.5484621816456126
4231,0.4231,11,18,11,585647,19963,83697,24259,0.18491792952684427,0.5485731084075799
4232,0.4232,13,11,13,585658,19952,83710,24246,0.18481603616288117,0.5485768586813883
4233,0.4233,15,4,15,585662,19948,83725,24231,0.18477898403053095,0.5484732565245931
4234,0.4234,14,19,14,585681,19929,83739,24217,0.18460298640186742,0.5485661215059122
4235,0.4235,8,16,8,585697,19913,83747,24209,0.18445477787246656,0.5486831965912696
4236,0.4236,14,14,14,585711,19899,83761,24195,0.1843250954092408,0.5487141107633692
4237,0.4237,9,22,9,585733,19877,83770,24186,0.1841213086813146,0.5488958990536278
4238,0.4238,14,13,14,585746,19864,83784,24172,0.1840008892511764,0.5489145244799709
4239,0.4239,2,10,2,585756,19854,83786,24170,0.18390825892030085,0.54901871706342
4240,0.424,14,15,14,585771,19839,83800,24156,0.18376931342398756,0.5490623934538016
4241,0.4241,11,15,11,585786,19824,83811,24145,0.18363036792767423,0.5491368919011121
4242,0.4242,8,6,8,585792,19818,83819,24137,0.18357478972914892,0.5491297918325561
4243,0.4243,11,12,11,585804,19806,83830,24126,0.18346363333209825,0.5491668942911773
4244,0.4244,8,15,8,585819,19791,83838,24118,0.18332468783578496,0.5492723587419436
4245,0.4245,11,18,11,585837,19773,83849,24107,0.18315795324020898,0.5493846855059252
4246,0.4246,5,14,5,585851,19759,83854,24102,0.18302827077698322,0.5495086751328059
4247,0.4247,15,11,15,585862,19748,83869,24087,0.18292637741302012,0.5494924147370822
4248,0.4248,13,11,13,585873,19737,83882,24074,0.18282448404905702,0.5494967017415717
4249,0.4249,15,12,15,585885,19725,83897,24059,0.18271332765200637,0.5494929654668372
4250,0.425,11,18,11,585903,19707,83908,24048,0.1825465930564304,0.5496057593417895
4251,0.4251,12,11,12,585914,19696,83920,24036,0.1824446996924673,0.5496204152565627
4252,0.4252,8,17,8,585931,19679,83928,24028,0.18228722812997888,0.5497517560116228
4253,0.4253,17,7,17,585938,19672,83945,24011,0.182222386898366,0.5496646292608108
4254,0.4254,9,21,9,585959,19651,83954,24002,0.18202786320352737,0.549836208278927
4255,0.4255,8,24,8,585983,19627,83962,23994,0.18180555040942606,0.550056165608308
4256,0.4256,11,11,11,585994,19616,83973,23983,0.18170365704546296,0.5500814238858689
4257,0.4257,6,14,6,586008,19602,83979,23977,0.1815739745822372,0.5501961954152229
4258,0.4258,10,12,10,586020,19590,83989,23967,0.18146281818518656,0.5502445071974654
4259,0.4259,10,11,10,586031,19579,83999,23957,0.18136092482122346,0.5502802278574054
4260,0.426,7,16,7,586047,19563,84006,23950,0.1812127162918226,0.5504102222324363
4261,0.4261,14,16,14,586063,19547,84020,23936,0.18106450776242172,0.5504679989881103
4262,0.4262,14,12,14,586075,19535,84034,23922,0.18095335136537108,0.550475182364176
4263,0.4263,12,10,12,586085,19525,84046,23910,0.18086072103449555,0.55047772533671
4264,0.4264,13,18,13,586103,19507,84059,23897,0.18069398643891957,0.5505713759100543
4265,0.4265,11,23,11,586126,19484,84070,23886,0.18048093667790582,0.5507493659211437
4266,0.4266,15,15,15,586141,19469,84085,23871,0.1803419911815925,0.5507844946931242
4267,0.4267,7,12,7,586153,19457,84092,23864,0.18023083478454185,0.5508644768126313
4268,0.4268,13,10,13,586163,19447,84105,23851,0.1801382044536663,0.5508568525105085
4269,0.4269,11,19,11,586182,19428,84116,23840,0.17996220682500277,0.5509845613386336
4270,0.427,12,22,12,586204,19406,84128,23828,0.1797584200970766,0.5511403062404588
4271,0.4271,12,12,12,586216,19394,84140,23816,0.17964726370002593,0.5511687109465402
4272,0.4272,10,16,10,586232,19378,84150,23806,0.17949905517062506,0.5512689885142645
4273,0.4273,4,20,4,586252,19358,84154,23802,0.179313794508874,0.5514828544949026
4274,0.4274,9,12,9,586264,19346,84163,23793,0.17920263811182333,0.5515426875912747
4275,0.4275,11,14,11,586278,19332,84174,23782,0.17907295564859757,0.5516073665166767
4276,0.4276,14,8,14,586286,19324,84188,23768,0.17899885138389715,0.5515640954237445
4277,0.4277,12,11,12,586297,19313,84200,23756,0.17889695801993405,0.5515800227541852
4278,0.4278,12,20,12,586317,19293,84212,23744,0.17871169735818296,0.5517113181680879
4279,0.4279,8,10,8,586327,19283,84220,23736,0.17861906702730743,0.5517562007485065
4280,0.428,11,9,11,586336,19274,84231,23725,0.17853569972951944,0.5517570176050606
4281,0.4281,13,11,13,586347,19263,84244,23712,0.17843380636555634,0.5517626527050611
4282,0.4282,3,9,3,586356,19254,84247,23709,0.17835043906776835,0.5518469380629845
4283,0.4283,11,14,11,586370,19240,84258,23698,0.1782207566045426,0.5519120592482184
4284,0.4284,8,15,8,586385,19225,84266,23690,0.17808181110822927,0.552021437725737
4285,0.4285,7,19,7,586404,19206,84273,23683,0.17790581347956574,0.5521928699666581
4286,0.4286,4,16,4,586420,19190,84277,23679,0.17775760495016488,0.5523571811798735
4287,0.4287,8,10,8,586430,19180,84285,23671,0.17766497461928935,0.5524025110265804
4288,0.4288,9,15,9,586445,19165,84294,23662,0.17752602912297602,0.5525019263548696
4289,0.4289,7,17,7,586462,19148,84301,23655,0.1773685575604876,0.5526481788659673
4290,0.429,12,13,12,586475,19135,84313,23643,0.1772481381303494,0.5526906353733227
4291,0.4291,12,12,12,586487,19123,84325,23631,0.17713698173329875,0.5527202133133742
4292,0.4292,12,10,12,586497,19113,84337,23619,0.17704435140242322,0.5527239539455209
4293,0.4293,13,17,13,586514,19096,84350,23606,0.17688687983993479,0.5528078310149408
4294,0.4294,11,16,11,586530,19080,84361,23595,0.17673867131053392,0.5528998242530756
4295,0.4295,6,13,6,586543,19067,84367,23589,0.1766182518803957,0.553005438859715
4296,0.4296,12,10,12,586553,19057,84379,23577,0.17652562154952017,0.5530093352723179
4297,0.4297,15,25,15,586578,19032,84394,23562,0.17629404572233132,0.5531765037329202
4298,0.4298,14,10,14,586588,19022,84408,23548,0.17620141539145578,0.5531595019967113
4299,0.4299,6,12,6,586600,19010,84414,23542,0.17609025899440514,0.5532524910697499
4300,0.43,11,18,11,586618,18992,84425,23531,0.17592352439882916,0.5533711168073748
4301,0.4301,11,14,11,586632,18978,84436,23520,0.1757938419356034,0.5534378088380629
4302,0.4302,11,18,11,586650,18960,84447,23509,0.17562710734002743,0.5535567119546022
4303,0.4303,13,22,13,586672,18938,84460,23496,0.17542332061210122,0.5537069331196682
4304,0.4304,13,18,13,586690,18920,84473,23483,0.17525658601652525,0.5538051552956159
4305,0.4305,11,10,11,586700,18910,84484,23472,0.1751639556856497,0.553820017932141
4306,0.4306,11,15,11,586715,18895,84495,23461,0.1750250101893364,0.5539002738691094
4307,0.4307,16,17,16,586732,18878,84511,23445,0.17486753862684798,0.5539541147839236
4308,0.4308,10,13,10,586745,18865,84521,23435,0.17474711919670977,0.5540189125295508
4309,0.4309,14,17,14,586762,18848,84535,23421,0.17458964763422136,0.5540940168918119
4310,0.431,11,17,11,586779,18831,84546,23410,0.17443217607173292,0.5542008948651784
4311,0.4311,10,12,10,586791,18819,84556,23400,0.17432101967468228,0.5542528245576636
4312,0.4312,10,12,10,586803,18807,84566,23390,0.17420986327763163,0.5543048083987013
4313,0.4313,11,7,11,586810,18800,84577,23379,0.17414502204601875,0.554280566158515
4314,0.4314,15,8,15,586818,18792,84592,23364,0.1740709177813183,0.5542271562766866
4315,0.4315,9,9,9,586827,18783,84601,23355,0.17398755048353032,0.5542503203759077
4316,0.4316,11,10,11,586837,18773,84612,23344,0.17389492015265479,0.5542654984922952
4317,0.4317,16,15,16,586852,18758,84628,23328,0.17375597465634146,0.5542935893171126
4318,0.4318,6,18,6,586870,18740,84634,23322,0.1735892400607655,0.5544672150634777
4319,0.4319,9,13,9,586883,18727,84643,23313,0.1734688206306273,0.5545432921027593
4320,0.432,12,21,12,586904,18706,84655,23301,0.17327429693578866,0.5546932654081462
4321,0.4321,8,16,8,586920,18690,84663,23293,0.1731260884063878,0.554819808017531
4322,0.4322,7,20,7,586940,18670,84670,23286,0.1729408277446367,0.555010010487177
4323,0.4323,7,15,7,586955,18655,84677,23279,0.17280188224832338,0.5551342585968426
4324,0.4324,7,15,7,586970,18640,84684,23272,0.17266293675201008,0.5552586371444932
4325,0.4325,7,15,7,586985,18625,84691,23265,0.17252399125569676,0.555383146335641
4326,0.4326,8,11,8,586996,18614,84699,23257,0.17242209789173366,0.5554441021231878
4327,0.4327,11,16,11,587012,18598,84710,23246,0.17227388936233282,0.5555396233629672
4328,0.4328,14,15,14,587027,18583,84724,23232,0.1721349438660195,0.5555900992466818
4329,0.4329,13,12,13,587039,18571,84737,23219,0.17202378746896885,0.5556113902847571
4330,0.433,8,10,8,587049,18561,84745,23211,0.1719311571380933,0.5556592933065211
4331,0.4331,10,14,10,587063,18547,84755,23201,0.17180147467486753,0.5557391970872856
4332,0.4332,10,10,10,587073,18537,84765,23191,0.171708844343992,0.5557659125766872
4333,0.4333,9,7,9,587080,18530,84774,23182,0.17164400311237912,0.5557633294975067
4334,0.4334,14,13,14,587093,18517,84788,23168,0.1715235836822409,0.555787453520451
4335,0.4335,6,12,6,587105,18505,84794,23162,0.17141242728519027,0.5558835529315765
4336,0.4336,13,14,13,587119,18491,84807,23149,0.1712827448219645,0.5559317963496638
4337,0.4337,6,12,6,587131,18479,84813,23143,0.17117158842491387,0.5560280620825525
4338,0.4338,8,16,8,587147,18463,84821,23135,0.171023379895513,0.5561565459877879
4339,0.4339,14,16,14,587163,18447,84835,23121,0.17087517136611213,0.5562211316397229
4340,0.434,15,13,15,587176,18434,84850,23106,0.17075475193597392,0.5562349542609533
4341,0.4341,10,12,10,587188,18422,84860,23096,0.17064359553892328,0.5562888385760393
4342,0.4342,13,13,13,587201,18409,84873,23083,0.17052317610878506,0.5563241106719368
4343,0.4343,18,16,18,587217,18393,84891,23065,0.1703749675793842,0.5563461816778427
4344,0.4344,13,14,13,587231,18379,84904,23052,0.17024528511615844,0.5563949699500375
4345,0.4345,13,22,13,587253,18357,84917,23039,0.17004149838823224,0.5565513576190936
4346,0.4346,10,15,10,587268,18342,84927,23029,0.16990255289191894,0.5566459597302458
4347,0.4347,11,15,11,587283,18327,84938,23018,0.16976360739560561,0.5567299552545653
4348,0.4348,11,16,11,587299,18311,84949,23007,0.16961539886620475,0.5568275327944238
4349,0.4349,10,12,10,587311,18299,84959,22997,0.1695042424691541,0.5568820224719101
4350,0.435,9,11,9,587322,18288,84968,22988,0.169402349105191,0.5569338114158349
4351,0.4351,10,11,10,587333,18277,84978,22978,0.1693004557412279,0.5569749121318628
4352,0.4352,13,11,13,587344,18266,84991,22965,0.1691985623772648,0.5569838228517378
4353,0.4353,7,15,7,587359,18251,84998,22958,0.1690596168809515,0.5571113106360261
4354,0.4354,8,4,8,587363,18247,85006,22950,0.16902256474860128,0.557079398985363
4355,0.4355,13,13,13,587376,18234,85019,22937,0.16890214531846307,0.5571154453377377
4356,0.4356,9,14,9,587390,18220,85028,22928,0.1687724628552373,0.5572081267619325
4357,0.4357,10,10,10,587400,18210,85038,22918,0.16867983252436178,0.5572359463139467
4358,0.4358,11,8,11,587408,18202,85049,22907,0.16860572825966133,0.557225911600866
4359,0.4359,9,15,9,587423,18187,85058,22898,0.16846678276334803,0.5573323597419984
4360,0.436,8,12,8,587435,18175,85066,22890,0.1683556263662974,0.557408985754292
4361,0.4361,8,8,8,587443,18167,85074,22882,0.16828152210159694,0.5574313625179663
4362,0.4362,6,10,6,587453,18157,85080,22876,0.1681888917707214,0.5575024979894232
4363,0.4363,14,24,14,587477,18133,85094,22862,0.1679665789766201,0.5576777655811684
4364,0.4364,10,12,10,587489,18121,85104,22852,0.16785542257956945,0.557733141336978
4365,0.4365,8,12,8,587501,18109,85112,22844,0.1677442661825188,0.5578101726369252
4366,0.4366,7,9,7,587510,18100,85119,22837,0.16766089888473082,0.5578571952023842
4367,0.4367,6,22,6,587532,18078,85125,22831,0.16745711215680462,0.5580923513163363
4368,0.4368,14,11,14,587543,18067,85139,22817,0.16735521879284151,0.5580911848155757
4369,0.4369,9,19,9,587562,18048,85148,22808,0.167179221164178,0.5582533777168592
4370,0.437,12,17,12,587579,18031,85160,22796,0.16702174960168958,0.5583559899086389
4371,0.4371,7,15,7,587594,18016,85167,22789,0.16688280410537626,0.5584854797206225
4372,0.4372,14,14,14,587608,18002,85181,22775,0.1667531216421505,0.5585256394536136
4373,0.4373,15,17,15,587625,17985,85196,22760,0.1665956500796621,0.5585961467664744
4374,0.4374,15,17,15,587642,17968,85211,22745,0.16643817851717366,0.5586667649153833
4375,0.4375,8,14,8,587656,17954,85219,22737,0.1663084960539479,0.5587722100710231
4376,0.4376,5,5,5,587661,17949,85224,22732,0.16626218088851014,0.55878665716182
4377,0.4377,10,11,10,587672,17938,85234,22722,0.16616028752454703,0.5588293162813576
4378,0.4378,12,14,12,587686,17924,85246,22710,0.16603060506132128,0.558891568637102
4379,0.4379,7,18,7,587704,17906,85253,22703,0.1658638704657453,0.5590632618385087
4380,0.438,11,18,11,587722,17888,85264,22692,0.16569713587016932,0.5591917200591424
4381,0.4381,10,10,10,587732,17878,85274,22682,0.1656045055392938,0.5592209072978304
4382,0.4382,17,7,17,587739,17871,85291,22665,0.1655396643076809,0.5591326228537596
4383,0.4383,12,10,12,587749,17861,85303,22653,0.16544703397680535,0.5591400503529644
4384,0.4384,7,19,7,587768,17842,85310,22646,0.16527103634814183,0.5593262201146019
4385,0.4385,9,12,9,587780,17830,85319,22637,0.1651598799510912,0.559394074183903
4386,0.4386,10,12,10,587792,17818,85329,22627,0.16504872355404054,0.5594511064408456
4387,0.4387,9,15,9,587807,17803,85338,22618,0.16490977805772722,0.5595606244278963
4388,0.4388,10,14,10,587821,17789,85348,22608,0.16478009559450146,0.5596455182315518
4389,0.4389,9,14,9,587835,17775,85357,22599,0.1646504131312757,0.5597414177440927
4390,0.439,11,9,11,587844,17766,85368,22588,0.16456704583348772,0.5597462457253308
4391,0.4391,12,11,12,587855,17755,85380,22576,0.16446515246952462,0.5597679204582083
4392,0.4392,9,18,9,587873,17737,85389,22567,0.16429841787394864,0.5599196109567288
4393,0.4393,7,13,7,587886,17724,85396,22560,0.16417799844381045,0.5600238308013107
4394,0.4394,8,13,8,587899,17711,85404,22552,0.16405757901367224,0.5601172292178923
4395,0.4395,13,9,13,587908,17702,85417,22539,0.16397421171588425,0.5601003951194056
4396,0.4396,6,7,6,587915,17695,85423,22533,0.16390937048427137,0.5601322461966789
4397,0.4397,7,16,7,587931,17679,85430,22526,0.1637611619548705,0.5602785723168761
4398,0.4398,8,11,8,587942,17668,85438,22518,0.1636592685909074,0.5603443985467575
4399,0.4399,13,15,13,587957,17653,85451,22505,0.1635203230945941,0.5604113750684795
4400,0.44,10,11,10,587968,17642,85461,22495,0.163418429730631,0.5604554401175972
4401,0.4401,11,12,11,587980,17630,85472,22484,0.16330727333358036,0.560502567682106
4402,0.4402,9,12,9,587992,17618,85481,22475,0.1631961169365297,0.5605716708652383
4403,0.4403,6,16,6,588008,17602,85487,22469,0.16304790840712882,0.5607297047740261
4404,0.4404,8,20,8,588028,17582,85495,22461,0.16286264774537776,0.5609220088404965
4405,0.4405,10,26,10,588054,17556,85505,22451,0.16262180888510133,0.5611767940610393
4406,0.4406,12,12,12,588066,17544,85517,22439,0.1625106524880507,0.5612135157441913
4407,0.4407,8,12,8,588078,17532,85525,22431,0.16239949609100005,0.5612941971323474
4408,0.4408,3,13,3,588091,17519,85528,22428,0.16227907666086183,0.5614439131849701
4409,0.4409,9,6,9,588097,17513,85537,22419,0.1622234984623365,0.5614294300310528
4410,0.441,13,19,13,588116,17494,85550,22406,0.16204750083367297,0.5615538847117795
4411,0.4411,13,14,13,588130,17480,85563,22393,0.16191781837044722,0.5616081057357108
4412,0.4412,8,10,8,588140,17470,85571,22385,0.1618251880395717,0.5616610212018567
4413,0.4413,9,16,9,588156,17454,85580,22376,0.16167697951017082,0.561787597288476
4414,0.4414,15,15,15,588171,17439,85595,22361,0.1615380340138575,0.5618341708542713
4415,0.4415,10,14,10,588185,17425,85605,22351,0.16140835155063174,0.5619217618664522
4416,0.4416,8,12,8,588197,17413,85613,22343,0.1612971951535811,0.5620032196398028
4417,0.4417,7,10,7,588207,17403,85620,22336,0.16120456482270554,0.5620674903746948
4418,0.4418,10,12,10,588219,17391,85630,22326,0.1610934084256549,0.5621270488707606
4419,0.4419,6,14,6,588233,17377,85636,22320,0.16096372596242914,0.5622591127793032
4420,0.442,10,13,10,588246,17364,85646,22310,0.16084330653229093,0.5623330140646267
4421,0.4421,10,16,10,588262,17348,85656,22300,0.16069509800289006,0.5624495560936239
4422,0.4422,6,14,6,588276,17334,85662,22294,0.1605654155396643,0.56258201271828
4423,0.4423,8,11,8,588287,17323,85670,22286,0.1604635221757012,0.5626499027998687
4424,0.4424,14,15,14,588302,17308,85684,22272,0.1603245766793879,0.5627084386053562
4425,0.4425,10,9,10,588311,17299,85694,22262,0.16024120938159991,0.5627259169383989
4426,0.4426,16,11,16,588322,17288,85710,22246,0.1601393160176368,0.5627055192998431
4427,0.4427,9,9,9,588331,17279,85719,22237,0.16005594871984882,0.5627340823970037
4428,0.4428,10,11,10,588342,17268,85729,22227,0.15995405535588572,0.5627800987466768
4429,0.4429,8,14,8,588356,17254,85737,22219,0.15982437289265997,0.5628910901122286
4430,0.443,10,12,10,588368,17242,85747,22209,0.15971321649560932,0.5629515094674407
4431,0.4431,10,12,10,588380,17230,85757,22199,0.15960206009855868,0.5630119962464176
4432,0.4432,10,12,10,588392,17218,85767,22189,0.15949090370150804,0.5630725505620828
4433,0.4433,8,14,8,588406,17204,85775,22181,0.15936122123828225,0.5631839532817062
4434,0.4434,12,18,12,588424,17186,85787,22169,0.1591944866427063,0.5633083470969381
4435,0.4435,15,11,15,588435,17175,85802,22154,0.1590925932787432,0.5632993465381779
4436,0.4436,11,14,11,588449,17161,85813,22143,0.15896291081551744,0.5633777732546306
4437,0.4437,7,6,7,588455,17155,85820,22136,0.1589073326169921,0.5633860171540557
4438,0.4438,10,9,10,588464,17146,85830,22126,0.15882396531920412,0.5634039519250357
4439,0.4439,7,15,7,588479,17131,85837,22119,0.1586850198228908,0.5635414012738853
4440,0.444,12,9,12,588488,17122,85849,22107,0.15860165252510283,0.5635371791276862
4441,0.4441,8,12,8,588500,17110,85857,22099,0.15849049612805216,0.5636205973118417
4442,0.4442,10,12,10,588512,17098,85867,22089,0.15837933973100152,0.5636818332610305
4443,0.4443,11,12,11,588524,17086,85878,22078,0.15826818333395087,0.5637319987743846
4444,0.4444,10,17,10,588541,17069,85888,22068,0.15811071177146244,0.5638653959169073
4445,0.4445,8,12,8,588553,17057,85896,22060,0.1579995553744118,0.5639491781067055
4446,0.4446,4,19,4,588572,17038,85900,22056,0.15782355774574827,0.5641786463395918
4447,0.4447,10,16,10,588588,17022,85910,22046,0.1576753492163474,0.5642981468209276
4448,0.4448,10,12,10,588600,17010,85920,22036,0.15756419281929676,0.5643599856579419
4449,0.4449,8,20,8,588620,16990,85928,22028,0.15737893215754567,0.5645599466912707
4450,0.445,12,15,12,588635,16975,85940,22016,0.15723998666123234,0.5646431227719217
4451,0.4451,15,19,15,588654,16956,85955,22001,0.15706398903256882,0.5647508791744744
4452,0.4452,8,8,8,588662,16948,85963,21993,0.1569898847678684,0.5647774838858787
4453,0.4453,6,12,6,588674,16936,85969,21987,0.15687872837081773,0.5648845155820466
4454,0.4454,7,16,7,588690,16920,85976,21980,0.15673051984141687,0.5650385604113111
4455,0.4455,6,17,6,588707,16903,85982,21974,0.15657304827892846,0.565218509658667
4456,0.4456,7,13,7,588720,16890,85989,21967,0.15645262884879024,0.5653292842988393
4457,0.4457,11,18,11,588738,16872,86000,21956,0.15628589425321426,0.5654682188111672
4458,0.4458,4,9,4,588747,16863,86004,21952,0.15620252695542627,0.5655545536519386
4459,0.4459,11,10,11,588757,16853,86015,21941,0.15610989662455074,0.5655771511058411
4460,0.446,10,20,10,588777,16833,86025,21931,0.15592463596279965,0.5657568878340729
4461,0.4461,12,17,12,588794,16816,86037,21919,0.15576716440031124,0.5658706596101717
4462,0.4462,14,11,14,588805,16805,86051,21905,0.15566527103634814,0.5658744510462412
4463,0.4463,8,10,8,588815,16795,86059,21897,0.1555726407054726,0.5659309417967539
4464,0.4464,5,12,5,588827,16783,86064,21892,0.15546148430842194,0.5660504201680673
4465,0.4465,12,9,12,588836,16774,86076,21880,0.15537811701063395,0.5660474983184146
4466,0.4466,12,18,12,588854,16756,86088,21868,0.155211382415058,0.5661764705882353
4467,0.4467,8,15,8,588869,16741,86096,21860,0.15507243691874467,0.5663065723685915
4468,0.4468,12,13,12,588882,16728,86108,21848,0.15495201748860646,0.5663625051845708
4469,0.4469,14,10,14,588892,16718,86122,21834,0.15485938715773093,0.5663519402365637
4470,0.447,12,23,12,588915,16695,86134,21822,0.15464633739671718,0.5665550276501286
4471,0.4471,8,22,8,588937,16673,86142,21814,0.15444255066879098,0.5667887858237847
4472,0.4472,9,13,9,588950,16660,86151,21805,0.1543221312386528,0.5668789808917197
4473,0.4473,8,18,8,588968,16642,86159,21797,0.15415539664307681,0.5670542938161762
4474,0.4474,8,15,8,588983,16627,86167,21789,0.1540164511467635,0.5671855476884632
4475,0.4475,11,10,11,588993,16617,86178,21778,0.15392382081588796,0.5672092720406303
4476,0.4476,6,9,6,589002,16608,86184,21772,0.15384045351809997,0.567274622199062
4477,0.4477,5,16,5,589018,16592,86189,21767,0.1536922449886991,0.5674548345890144
4478,0.4478,9,16,9,589034,16576,86198,21758,0.15354403645929823,0.5675901288673241
4479,0.4479,6,20,6,589054,16556,86204,21752,0.15335877579754714,0.5678187323796596
4480,0.448,14,16,14,589070,16540,86218,21738,0.15321056726814627,0.5678980093003814
4481,0.4481,7,14,7,589084,16526,86225,21731,0.15308088480492052,0.5680267663434143
4482,0.4482,9,4,9,589088,16522,86234,21722,0.1530438326725703,0.5679845204476519
4483,0.4483,5,7,5,589095,16515,86239,21717,0.15297899144095742,0.5680320150659134
4484,0.4484,12,11,12,589106,16504,86251,21705,0.15287709807699434,0.5680598811798268
4485,0.4485,16,10,16,589116,16494,86267,21689,0.15278446774611879,0.5680276562868292
4486,0.4486,7,21,7,589137,16473,86274,21682,0.15258994405128015,0.5682610404927271
4487,0.4487,9,17,9,589154,16456,86283,21673,0.15243247248879174,0.5684124944268142
4488,0.4488,13,12,13,589166,16444,86296,21660,0.15232131609174107,0.5684442578207013
4489,0.4489,19,18,19,589184,16426,86315,21641,0.1521545814961651,0.568497648882234
4490,0.449,12,6,12,589190,16420,86327,21629,0.15209900329763978,0.5684512076532892
4491,0.4491,7,12,7,589202,16408,86334,21622,0.15198784690058914,0.5685511438338154
4492,0.4492,11,15,11,589217,16393,86345,21611,0.15184890140427582,0.5686506683506999
4493,0.4493,14,14,14,589231,16379,86359,21597,0.15171921894105006,0.5687012850221193
4494,0.4494,12,13,12,589244,16366,86371,21585,0.15159879951091185,0.5687597164765091
4495,0.4495,5,14,5,589258,16352,86376,21580,0.1514691170476861,0.5689127913107667
4496,0.4496,8,11,8,589269,16341,86384,21572,0.151367223683723,0.5689868910400127
4497,0.4497,10,16,10,589285,16325,86394,21562,0.15121901515432212,0.5691134162113654
4498,0.4498,6,13,6,589298,16312,86400,21556,0.15109859572418394,0.5692405197000105
4499,0.4499,9,8,9,589306,16304,86409,21547,0.1510244914594835,0.5692584079680854
4500,0.45,10,9,10,589315,16295,86419,21537,0.1509411241616955,0.5692799746246564
4501,0.4501,12,13,12,589328,16282,86431,21525,0.15082070473155731,0.5693390112942047
4502,0.4502,5,18,5,589346,16264,86436,21520,0.15065397013598134,0.5695532500529324
4503,0.4503,7,11,7,589357,16253,86443,21513,0.15055207677201823,0.5696393581528358
4504,0.4504,11,16,11,589373,16237,86454,21502,0.15040386824261737,0.5697554254219772
4505,0.4505,11,14,11,589387,16223,86465,21491,0.1502741857793916,0.5698414381927136
4506,0.4506,4,15,4,589402,16208,86469,21487,0.1501352402830783,0.5700225494097361
4507,0.4507,16,15,16,589417,16193,86485,21471,0.149996294786765,0.5700669073916738
4508,0.4508,10,18,10,589435,16175,86495,21461,0.149829560191189,0.5702253161866299
4509,0.4509,5,13,5,589448,16162,86500,21456,0.1497091407610508,0.570365250677867
4510,0.451,10,16,10,589464,16146,86510,21446,0.14956093223164993,0.5704937220685252
4511,0.4511,7,13,7,589477,16133,86517,21439,0.14944051280151172,0.5706110933674012
4512,0.4512,7,17,7,589494,16116,86524,21432,0.1492830412390233,0.5707893895813358
4513,0.4513,9,18,9,589512,16098,86533,21423,0.14911630664344733,0.5709602622531382
4514,0.4514,15,9,15,589521,16089,86548,21408,0.14903293934565934,0.5709256740539244
4515,0.4515,17,12,17,589533,16077,86565,21391,0.1489217829486087,0.5709138464823316
4516,0.4516,12,8,12,589541,16069,86577,21379,0.14884767868390825,0.570898312326426
4517,0.4517,11,7,11,589548,16062,86588,21368,0.14878283745229537,0.5708789740849586
4518,0.4518,13,8,13,589556,16054,86601,21355,0.14870873318759495,0.5708519340265712
4519,0.4519,5,10,5,589566,16044,86606,21350,0.14861610285671942,0.5709472107824785
4520,0.452,7,14,7,589580,16030,86613,21343,0.14848642039349363,0.5710807267278517
4521,0.4521,8,14,8,589594,16016,86621,21335,0.14835673793026788,0.571202912907285
4522,0.4522,8,14,8,589608,16002,86629,21327,0.14822705546704212,0.5713252431085751
4523,0.4523,9,12,9,589620,15990,86638,21318,0.14811589906999148,0.571405596654873
4524,0.4524,9,15,9,589635,15975,86647,21309,0.14797695357367815,0.5715320244608948
4525,0.4525,12,8,12,589643,15967,86659,21297,0.14790284930897774,0.5715167453842851
4526,0.4526,10,13,10,589656,15954,86669,21287,0.14778242987883952,0.5716011922343653
4527,0.4527,8,11,8,589667,15943,86677,21279,0.14768053651487642,0.5716780398688948
4528,0.4528,3,6,3,589673,15937,86680,21276,0.1476249583163511,0.5717356837664257
4529,0.4529,7,9,7,589682,15928,86687,21269,0.14754159101856312,0.5717934242008764
4530,0.453,12,16,12,589698,15912,86699,21257,0.14739338248916226,0.5719013156124727
4531,0.4531,13,15,13,589713,15897,86712,21244,0.14725443699284893,0.57198244527611
4532,0.4532,4,9,4,589722,15888,86716,21240,0.14717106969506094,0.5720749838396897
4533,0.4533,7,9,7,589731,15879,86723,21233,0.14708770239727295,0.572133002802328
4534,0.4534,11,8,11,589739,15871,86734,21222,0.14701359813257253,0.5721295123069042
4535,0.4535,4,20,4,589759,15851,86738,21218,0.14682833747082144,0.5723920256818366
4536,0.4536,10,15,10,589774,15836,86748,21208,0.14668939197450814,0.5725083684267358
4537,0.4537,8,11,8,589785,15825,86756,21200,0.14658749861054504,0.5725860904794058
4538,0.4538,10,8,10,589793,15817,86766,21190,0.1465133943458446,0.5725943740373443
4539,0.4539,7,8,7,589801,15809,86773,21183,0.14643929008114417,0.5726373269896193
4540,0.454,10,12,10,589813,15797,86783,21173,0.14632813368409353,0.5727076007573708
4541,0.4541,9,12,9,589825,15785,86792,21164,0.14621697728704286,0.5727895206906818
4542,0.4542,11,16,11,589841,15769,86803,21153,0.146068768757642,0.5729104598884134
4543,0.4543,10,12,10,589853,15757,86813,21143,0.14595761236059135,0.5729810298102981
4544,0.4544,6,14,6,589867,15743,86819,21137,0.1458279298973656,0.5731290672451194
4545,0.4545,8,13,8,589880,15730,86827,21129,0.14570751046722738,0.5732385577470903
4546,0.4546,12,5,12,589885,15725,86839,21117,0.14566119530178961,0.5731773519352913
4547,0.4547,12,15,12,589900,15710,86851,21105,0.14552224980547632,0.5732717642265381
4548,0.4548,9,15,9,589915,15695,86860,21096,0.145383304309163,0.5734011035307548
4549,0.4549,10,17,10,589932,15678,86870,21086,0.14522583274667458,0.5735502121640735
4550,0.455,6,16,6,589948,15662,86876,21080,0.14507762421727372,0.5737303358554243
4551,0.4551,6,10,6,589958,15652,86882,21074,0.14498499388639816,0.5738169144475304
4552,0.4552,12,7,12,589965,15645,86894,21062,0.14492015265478528,0.5737870161004713
4553,0.4553,18,15,18,589980,15630,86912,21044,0.14478120715847198,0.5738125102252277
4554,0.4554,3,1,3,589981,15629,86915,21041,0.1447719441253844,0.5737932915189529
4555,0.4555,7,10,7,589991,15619,86922,21034,0.14467931379450888,0.5738684418737893
4556,0.4556,7,13,7,590004,15606,86929,21027,0.14455889436437067,0.5739906641552699
4557,0.4557,6,11,6,590015,15595,86935,21021,0.14445700100040756,0.5740932925497051
4558,0.4558,15,5,15,590020,15590,86950,21006,0.1444106858349698,0.5739971581593617
4559,0.4559,9,12,9,590032,15578,86959,20997,0.14429952943791916,0.5740806561859193
4560,0.456,12,16,12,590048,15562,86971,20985,0.1441513209085183,0.5741921361534462
4561,0.4561,10,10,10,590058,15552,86981,20975,0.14405869057764276,0.5742327593287158
4562,0.4562,9,14,9,590072,15538,86990,20966,0.14392900811441697,0.574348016655709
4563,0.4563,6,11,6,590083,15527,86996,20960,0.1438271147504539,0.5744511743908789
4564,0.4564,12,17,12,590100,15510,87008,20948,0.14366964318796546,0.5745789675791322
4565,0.4565,18,12,18,590112,15498,87026,20930,0.14355848679091482,0.5745580322828593
4566,0.4566,9,5,9,590117,15493,87035,20921,0.14351217162547705,0.5745317734937112
4567,0.4567,5,13,5,590130,15480,87040,20916,0.14339175219533884,0.5746785361028685
4568,0.4568,8,11,8,590141,15469,87048,20908,0.14328985883137574,0.574758776149765
4569,0.4569,14,15,14,590156,15454,87062,20894,0.14315091333506244,0.5748321778364697
4570,0.457,7,18,7,590174,15436,87069,20887,0.14298417873948646,0.575035101726179
4571,0.4571,6,11,6,590185,15425,87075,20881,0.14288228537552336,0.5751390954663141
4572,0.4572,6,9,6,590194,15416,87081,20875,0.14279891807773537,0.57521148494117
4573,0.4573,6,9,6,590203,15407,87087,20869,0.14271555077994738,0.5752839342816187
4574,0.4574,7,10,7,590213,15397,87094,20862,0.14262292044907185,0.5753606001268651
4575,0.4575,9,10,9,590223,15387,87103,20853,0.1425302901181963,0.5754139072847683
4576,0.4576,6,6,6,590229,15381,87109,20847,0.14247471191967098,0.5754388870486916
4577,0.4577,13,11,13,590240,15370,87122,20834,0.14237281855570788,0.5754612749972379
4578,0.4578,11,12,11,590252,15358,87133,20823,0.14226166215865724,0.5755230645919129
4579,0.4579,9,10,9,590262,15348,87142,20814,0.14216903182778168,0.5755765720922515
4580,0.458,11,12,11,590274,15336,87153,20803,0.14205787543073103,0.5756385068762279
4581,0.4581,6,11,6,590285,15325,87159,20797,0.14195598206676793,0.5757433143236809
4582,0.4582,8,9,8,590294,15316,87167,20789,0.14187261476897994,0.5757928264783271
4583,0.4583,10,10,10,590304,15306,87177,20779,0.1417799844381044,0.5758348344187335
4584,0.4584,8,9,8,590313,15297,87185,20771,0.14169661714031642,0.5758844405012754
4585,0.4585,14,12,14,590325,15285,87199,20757,0.14158546074326578,0.5759114366572332
4586,0.4586,9,8,9,590333,15277,87208,20748,0.14151135647856533,0.5759333795975017
4587,0.4587,9,15,9,590348,15262,87217,20739,0.14137241098225203,0.5760673314630149
4588,0.4588,11,17,11,590365,15245,87228,20728,0.1412149394197636,0.5762099352291997
4589,0.4589,7,10,7,590375,15235,87235,20721,0.14112230908888806,0.5762876849482701
4590,0.459,14,11,14,590386,15224,87249,20707,0.14102041572492496,0.5762990175614372
4591,0.4591,7,14,7,590400,15210,87256,20700,0.1408907332616992,0.5764411027568922
4592,0.4592,14,11,14,590411,15199,87270,20686,0.1407888398977361,0.5764525567785983
4593,0.4593,11,12,11,590423,15187,87281,20675,0.14067768350068546,0.576515531760638
4594,0.4594,7,12,7,590435,15175,87288,20668,0.14056652710363482,0.5766258404709427
4595,0.4595,10,7,10,590442,15168,87298,20658,0.14050168587202194,0.5766203316027466
4596,0.4596,11,10,11,590452,15158,87309,20647,0.14040905554114638,0.5766513056835637
4597,0.4597,5,12,5,590464,15146,87314,20642,0.14029789914409574,0.576785514697664
4598,0.4598,6,8,6,590472,15138,87320,20636,0.14022379487939532,0.5768435176385084
4599,0.4599,14,24,14,590496,15114,87334,20622,0.140001482085294,0.5770651443922096
4600,0.46,11,11,11,590507,15103,87345,20611,0.1398995887213309,0.5771126169009352
4601,0.4601,8,11,8,590518,15092,87353,20603,0.13979769535736783,0.5771956856702619
4602,0.4602,16,12,16,590530,15080,87369,20587,0.13968653896031716,0.5772002130821208
4603,0.4603,7,11,7,590541,15069,87376,20580,0.13958464559635406,0.5772952958007237
4604,0.4604,18,8,18,590549,15061,87394,20562,0.13951054133165364,0.5772113522162647
4605,0.4605,18,15,18,590564,15046,87412,20544,0.1393715958353403,0.5772407979769598
4606,0.4606,13,12,13,590576,15034,87425,20531,0.13926043943828967,0.5772810347251511
4607,0.4607,9,11,9,590587,15023,87434,20522,0.13915854607432657,0.5773526515684344
4608,0.4608,1,7,1,590594,15016,87435,20521,0.1390937048427137,0.5774544840588682
4609,0.4609,7,11,7,590605,15005,87442,20514,0.13899181147875062,0.577550043638616
4610,0.461,6,15,6,590620,14990,87448,20508,0.1388528659824373,0.5777226886021748
4611,0.4611,20,9,20,590629,14981,87468,20488,0.1387694986846493,0.577631170881615
4612,0.4612,7,12,7,590641,14969,87475,20481,0.13865834228759866,0.5777433004231312
4613,0.4613,12,12,12,590653,14957,87487,20469,0.138547185890548,0.5777959690622706
4614,0.4614,4,13,4,590666,14944,87491,20465,0.1384267664604098,0.5779604055466124
4615,0.4615,11,10,11,590676,14934,87502,20454,0.13833413612953424,0.5779925398440149
4616,0.4616,10,8,10,590684,14926,87512,20444,0.13826003186483382,0.5780039581566299
4617,0.4617,6,16,6,590700,14910,87518,20438,0.13811182333543295,0.5781939572253028
4618,0.4618,9,12,9,590712,14898,87527,20429,0.1380006669383823,0.5782828997650522
4619,0.4619,19,12,19,590724,14886,87546,20410,0.13788951054133167,0.5782524932003626
4620,0.462,7,7,7,590731,14879,87553,20403,0.13782466930971876,0.5782835440167791
4621,0.4621,10,16,10,590747,14863,87563,20393,0.1376764607803179,0.5784263671431813
4622,0.4622,12,15,12,590762,14848,87575,20381,0.1375375152840046,0.5785290527690256
4623,0.4623,8,13,8,590775,14835,87583,20373,0.13741709585386638,0.5786468984321745
4624,0.4624,14,12,14,590787,14823,87597,20359,0.13730593945681574,0.578676595986584
4625,0.4625,12,13,12,590800,14810,87609,20347,0.13718552002667753,0.5787467645134682
4626,0.4626,10,14,10,590814,14796,87619,20337,0.13705583756345177,0.5788574844163606
4627,0.4627,15,13,15,590827,14783,87634,20322,0.13693541813331359,0.5788918957413474
4628,0.4628,14,11,14,590838,14772,87648,20308,0.13683352476935048,0.5789053591790194
4629,0.4629,7,7,7,590845,14765,87655,20301,0.1367686835377376,0.5789368619175269
4630,0.463,12,18,12,590863,14747,87667,20289,0.13660194894216163,0.579090078776116
4631,0.4631,6,8,6,590871,14739,87673,20283,0.13652784467746118,0.5791502484152818
4632,0.4632,7,9,7,590880,14730,87680,20276,0.1364444773796732,0.5792149917157059
4633,0.4633,8,6,8,590886,14724,87688,20268,0.13638889918114788,0.5792181069958847
4634,0.4634,8,15,8,590901,14709,87696,20260,0.13624995368483456,0.5793702994080471
4635,0.4635,10,11,10,590912,14698,87706,20250,0.13614806032087146,0.5794322994162756
4636,0.4636,6,6,6,590918,14692,87712,20244,0.13609248212234615,0.5794595832379208
4637,0.4637,5,20,5,590938,14672,87717,20239,0.13590722146059506,0.5797313167769471
4638,0.4638,11,14,11,590952,14658,87728,20228,0.1357775389973693,0.5798314510118672
4639,0.4639,10,17,10,590969,14641,87738,20218,0.13562006743488086,0.5799936888608394
4640,0.464,14,8,14,590977,14633,87752,20204,0.13554596317018044,0.5799580905359244
4641,0.4641,7,11,7,590988,14622,87759,20197,0.13544406980621734,0.580056865504466
4642,0.4642,5,14,5,591002,14608,87764,20192,0.1353143873429916,0.5802298850574713
4643,0.4643,12,9,12,591011,14599,87776,20180,0.1352310200452036,0.5802351994019379
4644,0.4644,9,7,9,591018,14592,87785,20171,0.13516617881359072,0.5802433621954377
4645,0.4645,2,12,2,591030,14580,87787,20169,0.13505502241654008,0.5804195804195804
4646,0.4646,6,10,6,591040,14570,87793,20163,0.13496239208566452,0.5805142083897158
4647,0.4647,12,8,12,591048,14562,87805,20151,0.1348882878209641,0.5805029815919108
4648,0.4648,11,17,11,591065,14545,87816,20140,0.1347308162584757,0.5806544615828167
4649,0.4649,13,9,13,591074,14536,87829,20127,0.1346474489606877,0.5806479531488907
4650,0.465,11,14,11,591088,14522,87840,20116,0.13451776649746192,0.5807494659044979
4651,0.4651,11,8,11,591096,14514,87851,20105,0.1344436622327615,0.5807504549524828
4652,0.4652,12,7,12,591103,14507,87863,20093,0.13437882100114862,0.5807225433526012
4653,0.4653,6,10,6,591113,14497,87869,20087,0.1342861906702731,0.5808177191764978
4654,0.4654,8,9,8,591122,14488,87877,20079,0.1342028233724851,0.5808719298753146
4655,0.4655,11,10,11,591132,14478,87888,20068,0.13411019304160954,0.5809066172639379
4656,0.4656,15,13,15,591145,14465,87903,20053,0.13398977361147135,0.5809432759719566
4657,0.4657,16,10,16,591155,14455,87919,20037,0.1338971432805958,0.5809173141598052
4658,0.4658,9,17,9,591172,14438,87928,20028,0.13373967171810738,0.5810944118841757
4659,0.4659,8,7,8,591179,14431,87936,20020,0.1336748304864945,0.5811152071057444
4660,0.466,6,11,6,591190,14420,87942,20014,0.1335729371225314,0.5812278561886508
4661,0.4661,5,10,5,591200,14410,87947,20009,0.13348030679165587,0.5813358900607223
4662,0.4662,10,8,10,591208,14402,87957,19999,0.13340620252695543,0.5813493793785064
4663,0.4663,7,10,7,591218,14392,87964,19992,0.1333135721960799,0.5814332247557004
4664,0.4664,8,9,8,591227,14383,87972,19984,0.1332302048982919,0.5814880554019844
4665,0.4665,7,11,7,591238,14372,87979,19977,0.1331283115343288,0.5815889836676468
4666,0.4666,11,15,11,591253,14357,87990,19966,0.13298936603801548,0.5817090580660199
4667,0.4667,9,10,9,591263,14347,87999,19957,0.13289673570713995,0.5817688899253731
4668,0.4668,8,10,8,591273,14337,88007,19949,0.13280410537626441,0.5818409846584611
4669,0.4669,12,5,12,591278,14332,88019,19937,0.13275779021082662,0.5817794508156059
4670,0.467,12,14,12,591292,14318,88031,19925,0.13262810774760087,0.5818707473060187
4671,0.4671,17,15,17,591307,14303,88048,19908,0.13248916225128757,0.5819180965186636
4672,0.4672,11,16,11,591323,14287,88059,19897,0.1323409537218867,0.5820559326000468
4673,0.4673,10,12,10,591335,14275,88069,19887,0.13222979732483606,0.5821380481236461
4674,0.4674,10,11,10,591346,14264,88079,19877,0.13212790396087296,0.5822032160745145
4675,0.4675,13,10,13,591356,14254,88092,19864,0.1320352736299974,0.5822146667448268
4676,0.4676,6,11,6,591367,14243,88098,19858,0.13193338026603432,0.5823289639600012
4677,0.4677,9,9,9,591376,14234,88107,19849,0.13185001296824633,0.5823724437402811
4678,0.4678,7,18,7,591394,14216,88114,19842,0.13168327837267035,0.5825943977920018
4679,0.4679,12,9,12,591403,14207,88126,19830,0.13159991107488236,0.582601286834915
4680,0.468,12,15,12,591418,14192,88138,19818,0.13146096557856904,0.5827109673625405
4681,0.4681,8,9,8,591427,14183,88146,19810,0.13137759828078105,0.5827670402729974
4682,0.4682,8,14,8,591441,14169,88154,19802,0.1312479158175553,0.5829089517529658
4683,0.4683,10,10,10,591451,14159,88164,19792,0.13115528548667976,0.5829577921121617
4684,0.4684,6,8,6,591459,14151,88170,19786,0.13108118122197931,0.5830214809794619
4685,0.4685,9,17,9,591476,14134,88179,19777,0.1309237096594909,0.5832030904426292
4686,0.4686,10,9,10,591485,14125,88189,19767,0.13084034236170292,0.5832349817065974
4687,0.4687,11,10,11,591495,14115,88200,19756,0.13074771203082738,0.5832718254554043
4688,0.4688,9,12,9,591507,14103,88209,19747,0.1306365556337767,0.583367799113737
4689,0.4689,8,15,8,591522,14088,88217,19739,0.13049761013746342,0.5835279510450232
4690,0.469,14,6,14,591528,14082,88231,19725,0.13044203193893808,0.5834590469429408
4691,0.4691,9,4,9,591532,14078,88240,19716,0.13040497980658786,0.583417174646387
4692,0.4692,6,12,6,591544,14066,88246,19710,0.1302938234095372,0.5835504500236854
4693,0.4693,6,12,6,591556,14054,88252,19704,0.13018266701248657,0.5836838675276972
4694,0.4694,7,4,7,591560,14050,88259,19697,0.13014561488013635,0.5836666962989303
4695,0.4695,7,9,7,591569,14041,88266,19690,0.13006224758234836,0.5837360291719783
4696,0.4696,5,9,5,591578,14032,88271,19685,0.12997888028456037,0.5838301153720675
4697,0.4697,11,16,11,591594,14016,88282,19674,0.1298306717551595,0.5839715048975958
4698,0.4698,7,9,7,591603,14007,88289,19667,0.1297473044573715,0.5840410999584249
4699,0.4699,9,8,9,591611,13999,88298,19658,0.1296732001926711,0.5840686929910568
4700,0.47,13,6,13,591617,13993,88311,19645,0.12961762199414575,0.5840121291396635
4701,0.4701,12,10,12,591627,13983,88323,19633,0.12952499166327022,0.5840373631603998
4702,0.4702,10,8,10,591635,13975,88333,19623,0.12945088739856977,0.5840526221798916
4703,0.4703,13,12,13,591647,13963,88346,19610,0.12933973100151913,0.584100318708486
4704,0.4704,8,11,8,591658,13952,88354,19602,0.12923783763755603,0.584192644692138
4705,0.4705,11,6,11,591664,13946,88365,19591,0.12918225943903072,0.5841607776485672
4706,0.4706,7,11,7,591675,13935,88372,19584,0.12908036607506762,0.5842656403830663
4707,0.4707,8,11,8,591686,13924,88380,19576,0.12897847271110452,0.5843582089552238
4708,0.4708,10,10,10,591696,13914,88390,19566,0.128885842380229,0.5844086021505376
4709,0.4709,13,8,13,591704,13906,88403,19553,0.12881173811552854,0.5843868615320242
4710,0.471,10,6,10,591710,13900,88413,19543,0.12875615991700323,0.5843674311515116
4711,0.4711,7,18,7,591728,13882,88420,19536,0.12858942532142725,0.5845951283739302
4712,0.4712,9,11,9,591739,13871,88429,19527,0.12848753195746415,0.584675729085574
4713,0.4713,8,10,8,591749,13861,88437,19519,0.12839490162658862,0.5847513481126423
4714,0.4714,7,9,7,591758,13852,88444,19512,0.12831153432880063,0.5848219637933102
4715,0.4715,5,11,5,591769,13841,88449,19507,0.12820964096483753,0.5849526208468274
4716,0.4716,9,12,9,591781,13829,88458,19498,0.12809848456778689,0.5850511597203468
4717,0.4717,3,10,3,591791,13819,88461,19495,0.12800585423691133,0.5851894098577175
4718,0.4718,8,6,8,591797,13813,88469,19487,0.12795027603838602,0.5851951951951953
4719,0.4719,9,16,9,591813,13797,88478,19478,0.12780206750898515,0.5853643876784372
4720,0.472,7,16,7,591829,13781,88485,19471,0.12765385897958428,0.5855587633826537
4721,0.4721,6,10,6,591839,13771,88491,19465,0.12756122864870872,0.5856601275725117
4722,0.4722,10,15,10,591854,13756,88501,19455,0.12742228315239543,0.5857998855800789
4723,0.4723,8,13,8,591867,13743,88509,19447,0.1273018637222572,0.5859294968363965
4724,0.4724,6,13,6,591880,13730,88515,19441,0.127181444292119,0.5860842302010792
4725,0.4725,12,8,12,591888,13722,88527,19429,0.12710734002741858,0.586075834816446
4726,0.4726,7,5,7,591893,13717,88534,19422,0.12706102486198081,0.586076827906696
4727,0.4727,5,8,5,591901,13709,88539,19417,0.12698692059728037,0.5861558896335205
4728,0.4728,6,8,6,591909,13701,88545,19411,0.12691281633257995,0.5862225175163083
4729,0.4729,10,8,10,591917,13693,88555,19401,0.1268387120678795,0.586239197437602
4730,0.473,12,19,12,591936,13674,88567,19389,0.12666271443921598,0.586425914163869
4731,0.4731,9,13,9,591949,13661,88576,19380,0.12654229500907777,0.58654399079931
4732,0.4732,11,8,11,591957,13653,88587,19369,0.12646819074437735,0.5865483616982617
4733,0.4733,8,13,8,591970,13640,88595,19361,0.12634777131423913,0.5866791915396503
4734,0.4734,7,14,7,591984,13626,88602,19354,0.12621808885101338,0.5868405093996362
4735,0.4735,13,8,13,591992,13618,88615,19341,0.12614398458631293,0.586819988470524
4736,0.4736,8,10,8,592002,13608,88623,19333,0.1260513542554374,0.5868977869524301
4737,0.4737,10,10,10,592012,13598,88633,19323,0.12595872392456187,0.5869505786579995
4738,0.4738,15,8,15,592020,13590,88648,19308,0.12588461965986142,0.5869049790260806
4739,0.4739,7,8,7,592028,13582,88655,19301,0.125810515395161,0.5869598272663686
4740,0.474,7,7,7,592035,13575,88662,19294,0.12574567416354812,0.5869968663482309
4741,0.4741,11,12,11,592047,13563,88673,19283,0.12563451776649745,0.5870730073677161
4742,0.4742,11,5,11,592052,13558,88684,19272,0.12558820260105968,0.587024063356686
4743,0.4743,5,8,5,592060,13550,88689,19267,0.12551409833635926,0.587104244751196
4744,0.4744,11,9,11,592069,13541,88700,19256,0.12543073103857127,0.5871268713601854
4745,0.4745,10,11,10,592080,13530,88710,19246,0.12532883767460817,0.5871979497193068
4746,0.4746,7,14,7,592094,13516,88717,19239,0.12519915521138242,0.5873607082888108
4747,0.4747,8,8,8,592102,13508,88725,19231,0.12512505094668197,0.5874034026695989
4748,0.4748,15,11,15,592113,13497,88740,19216,0.1250231575827189,0.5874117323388256
4749,0.4749,12,10,12,592123,13487,88752,19204,0.12493052725184334,0.5874399681869628
4750,0.475,9,9,9,592132,13478,88761,19195,0.12484715995405536,0.5874881400544792
4751,0.4751,8,9,8,592141,13469,88769,19187,0.12476379265626737,0.5875489955903969
4752,0.4752,8,6,8,592147,13463,88777,19179,0.12470821445774204,0.5875559095643649
4753,0.4753,9,9,9,592156,13454,88786,19170,0.12462484715995406,0.5876042177538009
4754,0.4754,11,7,11,592163,13447,88797,19159,0.12456000592834117,0.5875912408759124
4755,0.4755,9,16,9,592179,13431,88806,19150,0.12441179739894032,0.5877658758171941
4756,0.4756,9,8,9,592187,13423,88815,19141,0.12433769313423988,0.5877963395160299
4757,0.4757,9,12,9,592199,13411,88824,19132,0.12422653673718922,0.5878990873613373
4758,0.4758,6,8,6,592207,13403,88830,19126,0.12415243247248879,0.5879676596267945
4759,0.4759,6,11,6,592218,13392,88836,19120,0.12405053910852569,0.5880905511811023
4760,0.476,9,10,9,592228,13382,88845,19111,0.12395790877765016,0.5881574492967716
4761,0.4761,7,16,7,592244,13366,88852,19104,0.12380970024824929,0.5883584847551586
4762,0.4762,12,14,12,592258,13352,88864,19092,0.12368001778502352,0.5884601158919985
4763,0.4763,12,14,12,592272,13338,88876,19080,0.12355033532179777,0.5885619100499723
4764,0.4764,10,7,10,592279,13331,88886,19070,0.12348549409018489,0.5885620814172402
4765,0.4765,6,8,6,592287,13323,88892,19064,0.12341138982548445,0.5886312409300027
4766,0.4766,9,5,9,592292,13318,88901,19055,0.12336507466004669,0.5886077904426529
4767,0.4767,8,16,8,592308,13302,88909,19047,0.12321686613064582,0.5887971807474729
4768,0.4768,5,11,5,592319,13291,88914,19042,0.12311497276668272,0.5889339065351189
4769,0.4769,12,16,12,592335,13275,88926,19030,0.12296676423728185,0.5890728989320538
4770,0.477,8,10,8,592345,13265,88934,19022,0.12287413390640631,0.589153529284232
4771,0.4771,7,11,7,592356,13254,88941,19015,0.12277224054244322,0.5892652390839506
4772,0.4772,12,14,12,592370,13240,88953,19003,0.12264255807921746,0.589368234965729
4773,0.4773,10,11,10,592381,13229,88963,18993,0.12254066471525436,0.5894419961516976
4774,0.4774,7,12,7,592393,13217,88970,18986,0.1224295083182037,0.5895724000869484
4775,0.4775,9,9,9,592402,13208,88979,18977,0.12234614102041573,0.5896224949510641
4776,0.4776,11,13,11,592415,13195,88990,18966,0.12222572159027752,0.5897204688908927
4777,0.4777,7,7,7,592422,13188,88997,18959,0.12216088035866464,0.5897595421034623
4778,0.4778,8,18,8,592440,13170,89005,18951,0.12199414576308866,0.5899878584103857
4779,0.4779,12,10,12,592450,13160,89017,18939,0.12190151543221313,0.5900183806349107
4780,0.478,10,13,10,592463,13147,89027,18929,0.12178109600207492,0.5901296919815439
4781,0.4781,13,10,13,592473,13137,89040,18916,0.12168846567119938,0.5901475680903504
4782,0.4782,13,7,13,592480,13130,89053,18903,0.12162362443958649,0.5901101988574283
4783,0.4783,6,8,6,592488,13122,89059,18897,0.12154952017488606,0.5901808301321091
4784,0.4784,10,10,10,592498,13112,89069,18887,0.12145688984401053,0.5902371949123411
4785,0.4785,9,15,9,592513,13097,89078,18878,0.12131794434769722,0.590398749022674
4786,0.4786,5,13,5,592526,13084,89083,18873,0.121197524917559,0.5905748349344432
4787,0.4787,2,7,2,592533,13077,89085,18871,0.12113268368594612,0.5906786027294353
4788,0.4788,9,2,9,592535,13075,89094,18862,0.12111415761977101,0.5906002442308295
4789,0.4789,6,12,6,592547,13063,89100,18856,0.12100300122272037,0.5907453241016323
4790,0.479,5,8,5,592555,13055,89105,18851,0.12092889695801994,0.5908293111013603
4791,0.4791,15,10,15,592565,13045,89120,18836,0.12083626662714439,0.5908221197578495
4792,0.4792,7,12,7,592577,13033,89127,18829,0.12072511023009375,0.5909547423262821
4793,0.4793,9,15,9,592592,13018,89136,18820,0.12058616473378043,0.5911175325083234
4794,0.4794,9,8,9,592600,13010,89145,18811,0.12051206046908,0.5911504980987399
4795,0.4795,6,8,6,592608,13002,89151,18805,0.12043795620437957,0.5912220580375389
4796,0.4796,16,8,16,592616,12994,89167,18789,0.12036385193967913,0.5911650882547274
4797,0.4797,12,11,12,592627,12983,89179,18777,0.12026195857571603,0.5912153652392947
4798,0.4798,10,15,10,592642,12968,89189,18767,0.12012301307940272,0.5913659996848905
4799,0.4799,10,7,10,592649,12961,89199,18757,0.12005817184778984,0.5913676776593733
4800,0.48,10,14,10,592663,12947,89209,18747,0.11992848938456409,0.5914999684482868
4801,0.4801,11,11,11,592674,12936,89220,18736,0.11982659602060099,0.5915635261429654
4802,0.4802,6,8,6,592682,12928,89226,18730,0.11975249175590055,0.5916356055341462
4803,0.4803,8,11,8,592693,12917,89234,18722,0.11965059839193745,0.5917380448181042
4804,0.4804,10,10,10,592703,12907,89244,18712,0.11955796806106192,0.5917960719820361
4805,0.4805,7,8,7,592711,12899,89251,18705,0.11948386379636149,0.5918554613340083
4806,0.4806,7,18,7,592729,12881,89258,18698,0.11931712920078551,0.5921023464960892
4807,0.4807,10,13,10,592742,12868,89268,18688,0.1191967097706473,0.5922170110280137
4808,0.4808,7,9,7,592751,12859,89275,18681,0.11911334247285932,0.5922954977805961
4809,0.4809,8,11,8,592762,12848,89283,18673,0.11901144910889622,0.5923987183147743
4810,0.481,9,5,9,592767,12843,89292,18664,0.11896513394345845,0.5923762973307519
4811,0.4811,12,10,12,592777,12833,89304,18652,0.1188725036125829,0.5924090836906464
4812,0.4812,3,10,3,592787,12823,89307,18649,0.11877987328170736,0.5925584646670056
4813,0.4813,10,7,10,592794,12816,89317,18639,0.11871503205009448,0.5925608011444922
4814,0.4814,8,11,8,592805,12805,89325,18631,0.11861313868613138,0.5926644611273699
4815,0.4815,11,11,11,592816,12794,89336,18620,0.1185112453221683,0.5927293563379386
4816,0.4816,9,9,9,592825,12785,89345,18611,0.1184278780243803,0.5927825200662504
4817,0.4817,13,8,13,592833,12777,89358,18598,0.11835377375967987,0.5927649402390438
4818,0.4818,8,9,8,592842,12768,89366,18590,0.11827040646189188,0.5928311754576184
4819,0.4819,8,7,8,592849,12761,89374,18582,0.118205565230279,0.5928596496825448
4820,0.482,10,12,10,592861,12749,89384,18572,0.11809440883322835,0.5929568021455254
4821,0.4821,8,6,8,592867,12743,89392,18564,0.11803883063470302,0.5929664292330789
4822,0.4822,12,12,12,592879,12731,89404,18552,0.11792767423765238,0.5930377521337468
4823,0.4823,8,8,8,592887,12723,89412,18544,0.11785356997295195,0.5930853615633096
4824,0.4824,10,10,10,592897,12713,89422,18534,0.1177609396420764,0.5931449419144238
4825,0.4825,9,12,9,592909,12701,89431,18525,0.11764978324502576,0.593255620316403
4826,0.4826,15,9,15,592918,12692,89446,18510,0.11756641594723777,0.5932312031280046
4827,0.4827,5,8,5,592926,12684,89451,18505,0.11749231168253733,0.5933181570425471
4828,0.4828,8,9,8,592935,12675,89459,18497,0.11740894438474934,0.5933850891825998
4829,0.4829,11,13,11,592948,12662,89470,18486,0.11728852495461113,0.5934891485809682
4830,0.483,8,13,8,592961,12649,89478,18478,0.11716810552447293,0.5936325376682623
4831,0.4831,6,8,6,592969,12641,89484,18472,0.1170940012597725,0.5937068106579243
4832,0.4832,7,9,7,592978,12632,89491,18465,0.11701063396198451,0.593787182043284
4833,0.4833,7,14,7,592992,12618,89498,18458,0.11688095149875875,0.5939631870253572
4834,0.4834,11,7,11,592999,12611,89509,18447,0.11681611026714588,0.5939532487603838
4835,0.4835,5,9,5,593008,12602,89514,18442,0.11673274296935789,0.5940600438087875
4836,0.4836,7,4,7,593012,12598,89521,18435,0.11669569083700768,0.5940450488189991
4837,0.4837,7,11,7,593023,12587,89528,18428,0.11659379747304457,0.5941641141383202
4838,0.4838,8,17,8,593040,12570,89536,18420,0.11643632591055615,0.5943852855759922
4839,0.4839,6,11,6,593051,12559,89542,18414,0.11633443254659305,0.594517805830885
4840,0.484,18,10,18,593061,12549,89560,18396,0.11624180221571752,0.5944740668928744
4841,0.4841,7,13,7,593074,12536,89567,18389,0.1161213827855793,0.5946321746160065
4842,0.4842,5,6,5,593080,12530,89572,18384,0.11606580458705398,0.594682021090768
4843,0.4843,12,13,12,593093,12517,89584,18372,0.11594538515691578,0.5947748389394283
4844,0.4844,9,10,9,593103,12507,89593,18363,0.11585275482604024,0.5948493683187561
4845,0.4845,9,8,9,593111,12499,89602,18354,0.1157786505613398,0.5948854244319839
4846,0.4846,6,10,6,593121,12489,89608,18348,0.11568602023046426,0.594999513571359
4847,0.4847,11,10,11,593131,12479,89619,18337,0.11559338989958873,0.5950480269989615
4848,0.4848,9,7,9,593138,12472,89628,18328,0.11552854866797584,0.5950649350649351
4849,0.4849,12,5,12,593143,12467,89640,18316,0.11548223350253807,0.5950037358282169
4850,0.485,6,9,6,593152,12458,89646,18310,0.11539886620475008,0.5950988039521581
4851,0.4851,8,13,8,593165,12445,89654,18302,0.11527844677461188,0.5952450645591439
4852,0.4852,9,7,9,593172,12438,89663,18293,0.115213605542999,0.5952621131756207
4853,0.4853,7,12,7,593184,12426,89670,18286,0.11510244914594835,0.595402448554311
4854,0.4854,1,10,1,593194,12416,89671,18285,0.1150098188150728,0.5955832057587701
4855,0.4855,9,9,9,593203,12407,89680,18276,0.11492645151728482,0.5956392790796207
4856,0.4856,13,10,13,593213,12397,89693,18263,0.11483382118640928,0.595662100456621
4857,0.4857,9,15,9,593228,12382,89702,18254,0.11469487569009597,0.5958349654001828
4858,0.4858,12,5,12,593233,12377,89714,18242,0.11464856052465819,0.595773865900258
4859,0.4859,9,10,9,593243,12367,89723,18233,0.11455593019378266,0.5958496732026144
4860,0.486,9,15,9,593258,12352,89732,18224,0.11441698469746935,0.5960230245944532
4861,0.4861,8,10,8,593268,12342,89740,18216,0.1143243543665938,0.5961123110151187
4862,0.4862,6,6,6,593274,12336,89746,18210,0.11426877616806848,0.5961500687487723
4863,0.4863,10,6,10,593280,12330,89756,18200,0.11421319796954314,0.5961349492302653
4864,0.4864,7,8,7,593288,12322,89763,18193,0.11413909370484271,0.5961985908569556
4865,0.4865,10,8,10,593296,12314,89773,18183,0.11406498944014228,0.5962225792700921
4866,0.4866,6,10,6,593306,12304,89779,18177,0.11397235910926674,0.5963387027984646
4867,0.4867,6,11,6,593317,12293,89785,18171,0.11387046574530364,0.5964745273109243
4868,0.4868,5,12,5,593329,12281,89790,18166,0.113759309348253,0.5966433474562354
4869,0.4869,5,18,5,593347,12263,89795,18161,0.11359257475267702,0.5969300552195635
4870,0.487,9,5,9,593352,12258,89804,18152,0.11354625958723924,0.5969089115422558
4871,0.4871,15,5,15,593357,12253,89819,18137,0.11349994442180147,0.5968081605791379
4872,0.4872,9,9,9,593366,12244,89828,18128,0.11341657712401348,0.5968655340445147
4873,0.4873,9,3,9,593369,12241,89837,18119,0.11338878802475083,0.5968050065876153
4874,0.4874,14,10,14,593379,12231,89851,18105,0.11329615769387529,0.596815664556962
4875,0.4875,6,12,6,593391,12219,89857,18099,0.11318500129682463,0.5969720957846824
4876,0.4876,8,13,8,593404,12206,89865,18091,0.11306458186668643,0.5971218272436215
4877,0.4877,12,5,12,593409,12201,89877,18079,0.11301826670124866,0.5970607661822985
4878,0.4878,11,8,11,593417,12193,89888,18068,0.11294416243654823,0.5970721390568718
4879,0.4879,7,8,7,593425,12185,89895,18061,0.1128700581718478,0.5971368114792038
4880,0.488,7,14,7,593439,12171,89902,18054,0.11274037570862203,0.5973200992555832
4881,0.4881,12,7,12,593446,12164,89914,18042,0.11267553447700915,0.5972985499569622
4882,0.4882,7,9,7,593455,12155,89921,18035,0.11259216717922116,0.5973832394832727
4883,0.4883,5,7,5,593462,12148,89926,18030,0.11252732594760828,0.5974550997415335
4884,0.4884,4,8,4,593470,12140,89930,18026,0.11245322168290785,0.5975601670755155
4885,0.4885,8,5,8,593475,12135,89938,18018,0.11240690651747008,0.5975524823400656
4886,0.4886,4,8,4,593483,12127,89942,18014,0.11233280225276965,0.5976576755913872
4887,0.4887,11,13,11,593496,12114,89953,18003,0.11221238282263145,0.5977687020619583
4888,0.4888,9,5,9,593501,12109,89962,17994,0.11216606765719367,0.5977477327841079
4889,0.4889,7,8,7,593509,12101,89969,17987,0.11209196339249324,0.5978130816272268
4890,0.489,5,8,5,593517,12093,89974,17982,0.1120178591277928,0.5979052369077307
4891,0.4891,8,9,8,593526,12084,89982,17974,0.11193449183000481,0.5979772439949431
4892,0.4892,6,10,6,593536,12074,89988,17968,0.11184186149912928,0.5980959989348246
4893,0.4893,8,11,8,593547,12063,89996,17960,0.11173996813516618,0.5982080405022816
4894,0.4894,11,9,11,593556,12054,90007,17949,0.11165660083737819,0.5982401759824018
4895,0.4895,6,9,6,593565,12045,90013,17943,0.1115732335395902,0.5983393357342938
4896,0.4896,10,8,10,593573,12037,90023,17933,0.11149912927488977,0.5983650316983651
4897,0.4897,14,6,14,593579,12031,90037,17919,0.11144355107636444,0.5982971619365609
4898,0.4898,14,10,14,593589,12021,90051,17905,0.1113509207454889,0.5983091626010827
4899,0.4899,11,8,11,593597,12013,90062,17894,0.11127681648078847,0.5983214632025947
4900,0.49,8,8,8,593605,12005,90070,17886,0.11120271221608803,0.5983740925362149
4901,0.4901,12,6,12,593611,11999,90082,17874,0.11114713401756271,0.5983329427911492
4902,0.4902,10,10,10,593621,11989,90092,17864,0.11105450368668716,0.5983988208890229
4903,0.4903,9,9,9,593630,11980,90101,17855,0.11097113638889917,0.5984581866934808
4904,0.4904,10,14,10,593644,11966,90111,17845,0.11084145392567342,0.5986045419476033
4905,0.4905,5,8,5,593652,11958,90116,17840,0.11076734966097299,0.598697899187865
4906,0.4906,10,10,10,593662,11948,90126,17830,0.11067471933009744,0.5987641883269528
4907,0.4907,6,10,6,593672,11938,90132,17824,0.11058208899922191,0.5988844835696526
4908,0.4908,10,8,10,593680,11930,90142,17814,0.11050798473452147,0.5989107046799355
4909,0.4909,7,10,7,593690,11920,90149,17807,0.11041535440364593,0.5990177279913883
4910,0.491,5,8,5,593698,11912,90154,17802,0.1103412501389455,0.5991115299185569
4911,0.4911,10,16,10,593714,11896,90164,17792,0.11019304160954463,0.5992993802209647
4912,0.4912,6,9,6,593723,11887,90170,17786,0.11010967431175664,0.5994001280625485
4913,0.4913,7,15,7,593738,11872,90177,17779,0.10997072881544333,0.5996087821658629
4914,0.4914,10,7,10,593745,11865,90187,17769,0.10990588758383045,0.5996153067422555
4915,0.4915,13,12,13,593757,11853,90200,17756,0.10979473118677979,0.599682528960789
4916,0.4916,5,12,5,593769,11841,90205,17751,0.10968357478972915,0.5998580697485807
4917,0.4917,10,14,10,593783,11827,90215,17741,0.1095538923265034,0.6000067640692641
4918,0.4918,8,11,8,593794,11816,90223,17733,0.10945199896254029,0.6001218315340621
4919,0.4919,9,7,9,593801,11809,90232,17724,0.10938715773092741,0.6001422137947381
4920,0.492,11,8,11,593809,11801,90243,17713,0.10931305346622698,0.600155858236769
4921,0.4921,9,9,9,593818,11792,90252,17704,0.10922968616843899,0.6002169785733659
4922,0.4922,9,5,9,593823,11787,90261,17695,0.10918337100300123,0.6001967302082627
4923,0.4923,8,5,8,593828,11782,90269,17687,0.10913705583756345,0.6001900302012284
4924,0.4924,6,7,6,593835,11775,90275,17681,0.10907221460595057,0.6002512221618685
4925,0.4925,8,11,8,593846,11764,90283,17673,0.10897032124198748,0.6003668852124877
4926,0.4926,11,11,11,593857,11753,90294,17662,0.10886842787802438,0.6004419513853476
4927,0.4927,4,12,4,593869,11741,90298,17658,0.10875727148097374,0.6006326745807681
4928,0.4928,10,4,10,593873,11737,90308,17648,0.10872021934862351,0.6005785264590777
4929,0.4929,10,11,10,593884,11726,90318,17638,0.10861832598466041,0.6006674839940063
4930,0.493,9,11,9,593895,11715,90327,17629,0.10851643262069732,0.6007701744820065
4931,0.4931,9,10,9,593905,11705,90336,17620,0.10842380228982178,0.600852514919011
4932,0.4932,8,6,8,593911,11699,90344,17612,0.10836822409129646,0.6008665688649313
4933,0.4933,10,5,10,593916,11694,90354,17602,0.10832190892585869,0.6008328782086292
4934,0.4934,12,12,12,593928,11682,90366,17590,0.10821075252880803,0.6009155506969117
4935,0.4935,13,8,13,593936,11674,90379,17577,0.1081366482641076,0.6009025332467266
4936,0.4936,13,8,13,593944,11666,90392,17564,0.10806254399940717,0.6008894970920288
4937,0.4937,8,15,8,593959,11651,90400,17556,0.10792359850309385,0.6010887800869654
4938,0.4938,8,12,8,593971,11639,90408,17548,0.1078124421060432,0.601226573474492
4939,0.4939,7,13,7,593984,11626,90415,17541,0.107692022675905,0.6013988411561011
4940,0.494,10,12,10,593996,11614,90425,17531,0.10758086627885435,0.6015096929147367
4941,0.4941,4,5,4,594001,11609,90429,17527,0.10753455111341657,0.601558209774849
4942,0.4942,9,12,9,594013,11597,90438,17518,0.10742339471636593,0.6016829812811265
4943,0.4943,3,7,3,594020,11590,90441,17515,0.10735855348475305,0.6017866345988662
4944,0.4944,6,13,6,594033,11577,90447,17509,0.10723813405461484,0.6019734580210411
4945,0.4945,8,11,8,594044,11566,90455,17501,0.10713624069065175,0.6020917191316614
4946,0.4946,6,9,6,594053,11557,90461,17495,0.10705287339286376,0.602196062233237
4947,0.4947,13,10,13,594063,11547,90474,17482,0.10696024306198822,0.6022253608460505
4948,0.4948,6,13,6,594076,11534,90480,17476,0.10683982363185002,0.6024129610479145
4949,0.4949,7,9,7,594085,11525,90487,17469,0.10675645633406203,0.602503966337863
4950,0.495,8,8,8,594093,11517,90495,17461,0.1066823520693616,0.6025605631858652
4951,0.4951,10,8,10,594101,11509,90505,17451,0.10660824780466116,0.6025897790055249
4952,0.4952,14,11,14,594112,11498,90519,17437,0.10650635444069806,0.6026265768100916
4953,0.4953,5,8,5,594120,11490,90524,17432,0.10643225017599763,0.6027245695318443
4954,0.4954,9,12,9,594132,11478,90533,17423,0.10632109377894698,0.6028511124182554
4955,0.4955,9,12,9,594144,11466,90542,17414,0.10620993738189632,0.60297783933518
4956,0.4956,8,7,8,594151,11459,90550,17406,0.10614509615028345,0.6030140308331889
4957,0.4957,4,9,4,594160,11450,90554,17402,0.10606172885249546,0.6031470955219742
4958,0.4958,9,12,9,594172,11438,90563,17393,0.10595057245544481,0.6032742534077902
4959,0.4959,3,11,3,594183,11427,90566,17390,0.10584867909148171,0.6034632335079988
4960,0.496,6,7,6,594190,11420,90572,17384,0.10578383785986883,0.6035272878766837
4961,0.4961,11,7,11,594197,11413,90583,17373,0.10571899662825596,0.6035225456819288
4962,0.4962,10,13,10,594210,11400,90593,17363,0.10559857719811776,0.6036574766192678
4963,0.4963,8,8,8,594218,11392,90601,17355,0.10552447293341732,0.6037151702786377
4964,0.4964,10,4,10,594222,11388,90611,17345,0.1054874208010671,0.6036612953746563
4965,0.4965,5,10,5,594232,11378,90616,17340,0.10539479047019155,0.6038024932098336
4966,0.4966,3,10,3,594242,11368,90619,17337,0.10530216013931602,0.6039714335481623
4967,0.4967,13,7,13,594249,11361,90632,17324,0.10523731890770315,0.6039393411190518
4968,0.4968,7,9,7,594258,11352,90639,17317,0.10515395160991516,0.6040322299347728
4969,0.4969,9,10,9,594268,11342,90648,17308,0.10506132127903961,0.6041186736474694
4970,0.497,10,8,10,594276,11334,90658,17298,0.10498721701433918,0.604149203688181
4971,0.4971,13,9,13,594285,11325,90671,17285,0.10490384971655119,0.6041593848304788
4972,0.4972,8,9,8,594294,11316,90679,17277,0.1048204824187632,0.6042387997062219
4973,0.4973,7,9,7,594303,11307,90686,17270,0.10473711512097521,0.6043321552297302
4974,0.4974,8,13,8,594316,11294,90694,17262,0.10461669569083701,0.6044964280711584
4975,0.4975,12,9,12,594325,11285,90706,17250,0.10453332839304902,0.604520763974067
4976,0.4976,7,7,7,594332,11278,90713,17243,0.10446848716143614,0.6045720697030258
4977,0.4977,11,7,11,594339,11271,90724,17232,0.10440364592982326,0.6045679402168193
4978,0.4978,5,9,5,594348,11262,90729,17227,0.10432027863203527,0.6046895292920075
4979,0.4979,9,8,9,594356,11254,90738,17218,0.10424617436733484,0.6047344759763978
4980,0.498,5,7,5,594363,11247,90743,17213,0.10418133313572196,0.6048137737174982
4981,0.4981,4,9,4,594372,11238,90747,17209,0.10409796583793397,0.6049495553133898
4982,0.4982,8,3,8,594375,11235,90755,17201,0.1040701767386713,0.6049022366014911
4983,0.4983,5,8,5,594383,11227,90760,17196,0.10399607247397087,0.6050029905358336
4984,0.4984,6,6,6,594389,11221,90766,17190,0.10394049427544555,0.6050473408186969
4985,0.4985,4,9,4,594398,11212,90770,17186,0.10385712697765756,0.6051834636241988
4986,0.4986,5,12,5,594410,11200,90775,17181,0.10374597058060692,0.6053697896480039
4987,0.4987,10,12,10,594422,11188,90785,17171,0.10363481418355626,0.6054867943157375
4988,0.4988,7,6,7,594428,11182,90792,17164,0.10357923598503094,0.6055175333380372
4989,0.4989,8,9,8,594437,11173,90800,17156,0.10349586868724295,0.6055985033005048
4990,0.499,7,8,7,594445,11165,90807,17149,0.10342176442254251,0.6056721056721057
4991,0.4991,9,6,9,594451,11159,90816,17140,0.10336618622401719,0.6056751121947772
4992,0.4992,10,6,10,594457,11153,90826,17130,0.10331060802549187,0.6056641798960506
4993,0.4993,5,8,5,594465,11145,90831,17125,0.10323650376079144,0.605765829501238
4994,0.4994,8,10,8,594475,11135,90839,17117,0.10314387342991589,0.6058686110717826
4995,0.4995,7,7,7,594482,11128,90846,17110,0.10307903219830301,0.6059210992279906
4996,0.4996,5,9,5,594491,11119,90851,17105,0.10299566490051502,0.6060445011337868
4997,0.4997,6,6,6,594497,11113,90857,17099,0.1029400867019897,0.6060896072593223
4998,0.4998,3,7,3,594504,11106,90860,17096,0.10287524547037682,0.6061981419757464
4999,0.4999,10,3,10,594507,11103,90870,17086,0.10284745637111416,0.6061229557628862
5000,0.5,3,7,3,594514,11096,90873,17083,0.10278261513950128,0.6062315909010256
5001,0.5001,10,7,10,594521,11089,90883,17073,0.1027177739078884,0.6062424543711384
5002,0.5002,8,9,8,594530,11080,90891,17065,0.10263440661010041,0.606324391543791
5003,0.5003,6,8,6,594538,11072,90897,17059,0.10256030234539998,0.6064128541466709
5004,0.5004,7,6,7,594544,11066,90904,17052,0.10250472414687466,0.6064442705740095
5005,0.5005,5,11,5,594555,11055,90909,17047,0.10240283078291156,0.6066116290655469
5006,0.5006,7,13,7,594568,11042,90916,17040,0.10228241135277336,0.6067943878641122
5007,0.5007,10,5,10,594573,11037,90926,17030,0.10223609618733558,0.6067623899953682
5008,0.5008,7,10,7,594583,11027,90933,17023,0.10214346585646004,0.6068805704099822
5009,0.5009,7,10,7,594593,11017,90940,17016,0.1020508355255845,0.6069988941604537
5010,0.501,6,12,6,594605,11005,90946,17010,0.10193967912853384,0.6071747278243798
5011,0.5011,8,7,8,594612,10998,90954,17002,0.10187483789692096,0.6072142857142857
5012,0.5012,9,4,9,594616,10994,90963,16993,0.10183778576457075,0.6071747597098653
5013,0.5013,3,7,3,594623,10987,90966,16990,0.10177294453295788,0.6072845551703184
5014,0.5014,6,6,6,594629,10981,90972,16984,0.10171736633443254,0.6073305918111925
5015,0.5015,14,6,14,594635,10975,90986,16970,0.10166178813590722,0.6072642691000179
5016,0.5016,9,9,9,594644,10966,90995,16961,0.10157842083811923,0.607333404948616
5017,0.5017,8,8,8,594652,10958,91003,16953,0.1015043165734188,0.6073949338970298
5018,0.5018,13,12,13,594664,10946,91016,16940,0.10139316017636815,0.6074732840852041
5019,0.5019,11,14,11,594678,10932,91027,16929,0.1012634777131424,0.6076235598147949
5020,0.502,12,9,12,594687,10923,91039,16917,0.10118011041535441,0.6076508620689656
5021,0.5021,3,9,3,594696,10914,91042,16914,0.10109674311756642,0.6078050884001724
5022,0.5022,10,7,10,594703,10907,91052,16904,0.10103190188595354,0.6078170508072346
5023,0.5023,3,10,3,594713,10897,91055,16901,0.100939271555078,0.607993380818764
5024,0.5024,11,7,11,594720,10890,91066,16890,0.10087443032346512,0.6079913606911447
5025,0.5025,3,8,3,594728,10882,91069,16887,0.10080032605876468,0.6081241672368468
5026,0.5026,6,8,6,594736,10874,91075,16881,0.10072622179406425,0.6082147360835886
5027,0.5027,10,7,10,594743,10867,91085,16871,0.10066138056245137,0.6082269810368448
5028,0.5028,12,9,12,594752,10858,91097,16859,0.10057801326466338,0.6082548616372623
5029,0.5029,12,9,12,594761,10849,91109,16847,0.10049464596687539,0.6082827845176199
5030,0.503,8,7,8,594768,10842,91117,16839,0.10042980473526252,0.6083233987211445
5031,0.5031,6,16,6,594784,10826,91123,16833,0.10028159620586165,0.608590332260747
5032,0.5032,7,8,7,594792,10818,91130,16826,0.10020749194116121,0.6086673419186803
5033,0.5033,8,13,8,594805,10805,91138,16818,0.10008707251102301,0.6088404590377584
5034,0.5034,8,10,8,594815,10795,91146,16810,0.09999444218014747,0.6089476544104329
5035,0.5035,7,8,7,594823,10787,91153,16803,0.09992033791544704,0.6090250090612541
5036,0.5036,6,4,6,594827,10783,91159,16797,0.09988328578309681,0.6090282813633068
5037,0.5037,9,9,9,594836,10774,91168,16788,0.09979991848530884,0.6090994847979102
5038,0.5038,7,11,7,594847,10763,91175,16781,0.09969802512134573,0.6092433923903573
5039,0.5039,11,9,11,594856,10754,91186,16770,0.09961465782355775,0.6092864409242843
5040,0.504,6,8,6,594864,10746,91192,16764,0.09954055355885731,0.6093784078516903
5041,0.5041,7,9,7,594873,10737,91199,16757,0.09945718626106932,0.6094784316578162
5042,0.5042,3,7,3,594880,10730,91202,16754,0.09939234502945644,0.6095910347838742
5043,0.5043,4,11,4,594891,10719,91206,16750,0.09929045166549334,0.6097782955331464
5044,0.5044,5,8,5,594899,10711,91211,16745,0.09921634740079291,0.6098849067599068
5045,0.5045,7,9,7,594908,10702,91218,16738,0.09913298010300493,0.6099854227405248
5046,0.5046,7,3,7,594911,10699,91225,16731,0.09910519100374227,0.6099526066350711
5047,0.5047,11,9,11,594920,10690,91236,16720,0.09902182370595428,0.6099963516964612
5048,0.5048,7,8,7,594928,10682,91243,16713,0.09894771944125384,0.6100748311735719
5049,0.5049,10,8,10,594936,10674,91253,16703,0.09887361517655341,0.6101106768455272
5050,0.505,15,6,15,594942,10668,91268,16688,0.09881803697802809,0.6100307062436029
5051,0.5051,11,6,11,594948,10662,91279,16677,0.09876245877950277,0.6100076813343576
5052,0.5052,11,5,11,594953,10657,91290,16666,0.09871614361406499,0.6099623028217985
5053,0.5053,8,8,8,594961,10649,91298,16658,0.09864203934936455,0.6100267330721061
5054,0.5054,7,7,7,594968,10642,91305,16651,0.09857719811775167,0.6100831715091781
5055,0.5055,13,15,13,594983,10627,91318,16638,0.09843825262143836,0.6102328993214744
5056,0.5056,10,6,10,594989,10621,91328,16628,0.09838267442291304,0.6102242284120518
5057,0.5057,5,13,5,595002,10608,91333,16623,0.09826225499277483,0.6104439792883111
5058,0.5058,9,9,9,595011,10599,91342,16614,0.09817888769498685,0.6105170323007386
5059,0.5059,6,10,6,595021,10589,91348,16608,0.0980862573641113,0.6106555870132735
5060,0.506,7,4,7,595025,10585,91355,16601,0.09804920523176108,0.6106451850217024
5061,0.5061,5,13,5,595038,10572,91360,16596,0.09792878580162288,0.6108657243816255
5062,0.5062,10,6,10,595044,10566,91370,16586,0.09787320760309756,0.6108573954036535
5063,0.5063,9,9,9,595053,10557,91379,16577,0.09778984030530957,0.6109309353578536
5064,0.5064,4,2,4,595055,10555,91383,16573,0.09777131423913446,0.6109186080802124
5065,0.5065,8,3,8,595058,10552,91391,16565,0.0977435251398718,0.6108714090791755
5066,0.5066,6,5,6,595063,10547,91397,16559,0.09769720997443403,0.6108979561720652
5067,0.5067,8,7,8,595070,10540,91405,16551,0.09763236874282115,0.6109409028828763
5068,0.5068,5,5,5,595075,10535,91410,16546,0.09758605357738338,0.6109818692071932
5069,0.5069,10,6,10,595081,10529,91420,16536,0.09753047537885805,0.6109735821171255
5070,0.507,13,12,13,595093,10517,91433,16523,0.0974193189818074,0.6110576923076924
5071,0.5071,5,6,5,595099,10511,91438,16518,0.09736374078328208,0.6111213881386659
5072,0.5072,5,7,5,595106,10504,91443,16513,0.0972988995516692,0.611207758078247
5073,0.5073,9,7,9,595113,10497,91452,16504,0.09723405832005631,0.6112366208658938
5074,0.5074,8,4,8,595117,10493,91460,16496,0.0971970061877061,0.6112119752491756
5075,0.5075,6,6,6,595123,10487,91466,16490,0.09714142798918078,0.6112614449345739
5076,0.5076,13,9,13,595132,10478,91479,16477,0.09705806069139279,0.6112780560192914
5077,0.5077,5,5,5,595137,10473,91484,16472,0.09701174552595501,0.6113193542401187
5078,0.5078,9,14,9,595151,10459,91493,16463,0.09688206306272926,0.6115073174355545
5079,0.5079,16,10,16,595161,10449,91509,16447,0.09678943273185373,0.6115035693039858
5080,0.508,5,3,5,595164,10446,91514,16442,0.09676164363259106,0.6114995537042547
5081,0.5081,6,6,6,595170,10440,91520,16436,0.09670606543406574,0.6115493376990624
5082,0.5082,10,7,10,595177,10433,91530,16426,0.09664122420245286,0.6115640939722253
5083,0.5083,8,12,8,595189,10421,91538,16418,0.0965300678054022,0.611721748202243
5084,0.5084,8,10,8,595199,10411,91546,16410,0.09643743747452665,0.6118340106632862
5085,0.5085,7,8,7,595207,10403,91553,16403,0.09636333320982622,0.611915242856077
5086,0.5086,3,11,3,595218,10392,91556,16400,0.09626143984586313,0.6121230217975515
5087,0.5087,7,3,7,595221,10389,91563,16393,0.09623365074660047,0.6120902098424315
5088,0.5088,5,8,5,595229,10381,91568,16388,0.09615954648190003,0.6122006798909186
5089,0.5089,6,9,6,595238,10372,91574,16382,0.09607617918411204,0.6123196531359797
5090,0.509,4,9,4,595247,10363,91578,16378,0.09599281188632405,0.6124677461575857
5091,0.5091,8,5,8,595252,10358,91586,16370,0.09594649672088629,0.6124663274468722
5092,0.5092,10,9,10,595261,10349,91596,16360,0.0958631294230983,0.6125276124152907
5093,0.5093,1,7,1,595268,10342,91597,16359,0.09579828819148542,0.6126736826336092
5094,0.5094,9,7,9,595275,10335,91606,16350,0.09573344695987254,0.6127037661607645
5095,0.5095,4,13,4,595288,10322,91610,16346,0.09561302752973434,0.6129443527823609
5096,0.5096,8,7,8,595295,10315,91618,16338,0.09554818629812145,0.6129891569429332
5097,0.5097,4,4,4,595299,10311,91622,16334,0.09551113416577124,0.6130230812535185
5098,0.5098,8,10,8,595309,10301,91630,16326,0.0954185038348957,0.6131370413490066
5099,0.5099,11,5,11,595314,10296,91641,16315,0.09537218866945793,0.6130923302393747
5100,0.51,8,6,8,595320,10290,91649,16307,0.09531661047093261,0.6131142610068805
5101,0.5101,8,4,8,595324,10286,91657,16299,0.09527955833858238,0.6130900883957119
5102,0.5102,4,6,4,595330,10280,91661,16295,0.09522398014005706,0.613170272812794
5103,0.5103,6,5,6,595335,10275,91667,16289,0.09517766497461928,0.6131983135070019
5104,0.5104,12,6,12,595341,10269,91679,16277,0.09512208677609396,0.6131620583138703
5105,0.5105,9,6,9,595347,10263,91688,16268,0.09506650857756864,0.613169499830387
5106,0.5106,6,10,6,595357,10253,91694,16262,0.0949738782466931,0.6133132189326796
5107,0.5107,5,8,5,595365,10245,91699,16257,0.09489977398199266,0.6134254018564637
5108,0.5108,7,9,7,595374,10236,91706,16250,0.09481640668420467,0.6135316771124367
5109,0.5109,9,13,9,595387,10223,91715,16241,0.09469598725406647,0.6137016324062878
5110,0.511,7,7,7,595394,10216,91722,16234,0.0946311460224536,0.6137618147448015
5111,0.5111,6,3,6,595397,10213,91728,16228,0.09460335692319093,0.6137438069664536
5112,0.5112,7,8,7,595405,10205,91735,16221,0.09452925265849049,0.6138272913040188
5113,0.5113,7,9,7,595414,10196,91742,16214,0.0944458853607025,0.6139341158652025
5114,0.5114,11,7,11,595421,10189,91753,16203,0.09438104412908963,0.6139360412246135
5115,0.5115,4,5,4,595426,10184,91757,16199,0.09433472896365186,0.6139938596823712
5116,0.5116,6,10,6,595436,10174,91763,16193,0.09424209863277631,0.6141388857283726
5117,0.5117,12,10,12,595446,10164,91775,16181,0.09414946830190077,0.61419624217119
5118,0.5118,10,6,10,595452,10158,91785,16171,0.09409389010337545,0.6141896767822553
5119,0.5119,15,9,15,595461,10149,91800,16156,0.09401052280558746,0.6141798137236267
5120,0.512,13,11,13,595472,10138,91813,16143,0.09390862944162437,0.6142460332559644
5121,0.5121,8,6,8,595478,10132,91821,16135,0.09385305124309903,0.6142688544561618
5122,0.5122,10,7,10,595485,10125,91831,16125,0.09378821001148616,0.6142857142857143
5123,0.5123,11,8,11,595493,10117,91842,16114,0.09371410574678572,0.6143113110441843
5124,0.5124,10,1,10,595494,10116,91852,16104,0.09370484271369817,0.6141876430205949
5125,0.5125,4,11,4,595505,10105,91856,16100,0.09360294934973508,0.6143865674489601
5126,0.5126,14,7,14,595512,10098,91870,16086,0.0935381081181222,0.6143446379468378
5127,0.5127,9,7,9,595519,10091,91879,16077,0.09347326688650932,0.6143763375114644
5128,0.5128,10,8,10,595527,10083,91889,16067,0.09339916262180889,0.6144168260038241
5129,0.5129,5,7,5,595534,10076,91894,16062,0.09333432139019601,0.6145076134363762
5130,0.513,8,9,8,595543,10067,91902,16054,0.09325095409240802,0.614601278664676
5131,0.5131,5,7,5,595550,10060,91907,16049,0.09318611286079514,0.6146922517139684
5132,0.5132,11,4,11,595554,10056,91918,16038,0.09314906072844492,0.6146240515060933
5133,0.5133,8,6,8,595560,10050,91926,16030,0.0930934825299196,0.6146472392638037
5134,0.5134,3,8,3,595568,10042,91929,16027,0.09301937826521917,0.6147915148260386
5135,0.5135,3,8,3,595576,10034,91932,16024,0.09294527400051873,0.6149359121958707
5136,0.5136,6,9,6,595585,10025,91938,16018,0.09286190670273074,0.6150597089429021
5137,0.5137,10,5,10,595590,10020,91948,16008,0.09281559153729298,0.6150299677270632
5138,0.5138,8,7,8,595597,10013,91956,16000,0.09275075030568009,0.6150770768461923
5139,0.5139,6,9,6,595606,10004,91962,15994,0.09266738300789211,0.615201169320717
5140,0.514,8,7,8,595613,9997,91970,15986,0.09260254177627922,0.615248431666859
5141,0.5141,12,3,12,595616,9994,91982,15974,0.09257475267701656,0.6151417128773875
5142,0.5142,7,3,7,595619,9991,91989,15967,0.0925469635777539,0.6151090222667386
5143,0.5143,12,7,12,595626,9984,92001,15955,0.09248212234614102,0.6150969582481977
5144,0.5144,5,7,5,595633,9977,92006,15950,0.09241728111452814,0.615188799321171
5145,0.5145,5,13,5,595646,9964,92011,15945,0.09229686168438994,0.6154232120112703
5146,0.5146,6,5,6,595651,9959,92017,15939,0.09225054651895216,0.6154529307282416
5147,0.5147,8,8,8,595659,9951,92025,15931,0.09217644225425173,0.6155243026041264
5148,0.5148,8,5,8,595664,9946,92033,15923,0.09213012708881396,0.6155243728014226
5149,0.5149,2,3,2,595667,9943,92035,15921,0.0921023379895513,0.6155660377358491
5150,0.515,7,5,7,595672,9938,92042,15914,0.09205602282411353,0.6155809995358192
5151,0.5151,7,8,7,595680,9930,92049,15907,0.0919819185594131,0.6156674536517398
5152,0.5152,10,8,10,595688,9922,92059,15897,0.09190781429471266,0.6157093613230566
5153,0.5153,11,8,11,595696,9914,92070,15886,0.09183371003001223,0.6157364341085272
5154,0.5154,10,4,10,595700,9910,92080,15876,0.091796657897662,0.6156829287210114
5155,0.5155,4,5,4,595705,9905,92084,15872,0.09175034273222424,0.6157427163750631
5156,0.5156,5,5,5,595710,9900,92089,15867,0.09170402756678647,0.6157876353475376
5157,0.5157,6,7,6,595717,9893,92095,15861,0.0916391863351736,0.615865496621884
5158,0.5158,9,7,9,595724,9886,92104,15852,0.0915743451035607,0.6158986712254254
5159,0.5159,4,4,4,595728,9882,92108,15848,0.0915372929712105,0.6159347065682084
5160,0.516,4,6,4,595734,9876,92112,15844,0.09148171477268517,0.6160186625194402
5161,0.5161,5,5,5,595739,9871,92117,15839,0.09143539960724739,0.6160637884091793
5162,0.5162,8,10,8,595749,9861,92125,15831,0.09134276927637186,0.6161840261560019
5163,0.5163,4,9,4,595758,9852,92129,15827,0.09125940197858387,0.6163402001635577
5164,0.5164,9,13,9,595771,9839,92138,15818,0.09113898254844566,0.6165179093424796
5165,0.5165,4,17,4,595788,9822,92142,15814,0.09098151098595725,0.6168669059135591
5166,0.5166,6,9,6,595797,9813,92148,15808,0.09089814368816926,0.6169938722141993
5167,0.5167,6,6,6,595803,9807,92154,15802,0.09084256548964392,0.6170486938185794
5168,0.5168,7,6,7,595809,9801,92161,15795,0.0907869872911186,0.6170886075949367
5169,0.5169,9,12,9,595821,9789,92170,15786,0.09067583089406796,0.6172434017595307
5170,0.517,4,10,4,595831,9779,92174,15782,0.09058320056319241,0.6174249833731075
5171,0.5171,11,7,11,595838,9772,92185,15771,0.09051835933157953,0.6174294327212935
5172,0.5172,2,5,2,595843,9767,92187,15769,0.09047204416614175,0.6175203634085213
5173,0.5173,8,12,8,595855,9755,92195,15761,0.09036088776909111,0.6176908606364634
5174,0.5174,13,5,13,595860,9750,92208,15748,0.09031457260365335,0.6176170680053338
5175,0.5175,11,11,11,595871,9739,92219,15737,0.09021267923969024,0.6177186371486889
5176,0.5176,8,8,8,595879,9731,92227,15729,0.09013857497498981,0.6177926158680282
5177,0.5177,10,5,10,595884,9726,92237,15719,0.09009225980955204,0.6177638042837492
5178,0.5178,4,10,4,595894,9716,92241,15715,0.0899996294786765,0.6179466006055602
5179,0.5179,13,9,13,595903,9707,92254,15702,0.08991626218088851,0.6179700106261561
5180,0.518,12,9,12,595912,9698,92266,15690,0.08983289488310052,0.6180085079565149
5181,0.5181,2,15,2,595927,9683,92268,15688,0.08969394938678721,0.6183437783295889
5182,0.5182,8,13,8,595940,9670,92276,15680,0.08957352995664901,0.6185404339250493
5183,0.5183,7,5,7,595945,9665,92283,15673,0.08952721479121123,0.6185571079011761
5184,0.5184,4,10,4,595955,9655,92287,15669,0.0894345844603357,0.618741115147686
5185,0.5185,7,3,7,595958,9652,92294,15662,0.08940679536107303,0.6187090147744331
5186,0.5186,10,6,10,595964,9646,92304,15652,0.08935121716254771,0.6187050359712231
5187,0.5187,3,7,3,595971,9639,92307,15649,0.08928637593093483,0.618831066118317
5188,0.5188,9,5,9,595976,9634,92316,15640,0.08924006076549705,0.6188177573791248
5189,0.5189,9,9,9,595985,9625,92325,15631,0.08915669346770906,0.6189024390243902
5190,0.519,14,10,14,595995,9615,92339,15617,0.08906406313683353,0.6189362714013951
5191,0.5191,7,8,7,596003,9607,92346,15610,0.0889899588721331,0.619026846968315
5192,0.5192,9,9,9,596012,9598,92355,15601,0.0889065915743451,0.6191118695186317
5193,0.5193,6,8,6,596020,9590,92361,15595,0.08883248730964467,0.619217788366091
5194,0.5194,3,5,3,596025,9585,92364,15592,0.08878617214420689,0.6192953886483695
5195,0.5195,7,5,7,596030,9580,92371,15585,0.08873985697876913,0.6193125372541228
5196,0.5196,8,5,8,596035,9575,92379,15577,0.08869354181333136,0.6193145674300254
5197,0.5197,10,7,10,596042,9568,92389,15567,0.08862870058171848,0.619335587825741
5198,0.5198,8,6,8,596048,9562,92397,15559,0.08857312238319315,0.6193622865331794
5199,0.5199,10,11,10,596059,9551,92407,15549,0.08847122901923006,0.6194820717131474
5200,0.52,10,4,10,596063,9547,92417,15539,0.08843417688687984,0.6194291636769513
5201,0.5201,7,9,7,596072,9538,92424,15532,0.08835080958909185,0.6195452732349421
5202,0.5202,6,6,6,596078,9532,92430,15526,0.08829523139056653,0.6196025221486152
5203,0.5203,4,5,4,596083,9527,92434,15522,0.08824891622512876,0.6196654557068146
5204,0.5204,8,11,8,596094,9516,92442,15514,0.08814702286116566,0.6198162205353576
5205,0.5205,9,13,9,596107,9503,92451,15505,0.08802660343102746,0.6200015994881638
5206,0.5206,8,9,8,596116,9494,92459,15497,0.08794323613323947,0.6201032371653795
5207,0.5207,4,7,4,596123,9487,92463,15493,0.08787839490162659,0.6202161729383506
5208,0.5208,6,7,6,596130,9480,92469,15487,0.08781355367001371,0.6202987944086193
5209,0.5209,6,7,6,596137,9473,92475,15481,0.08774871243840084,0.6203815019636131
5210,0.521,7,9,7,596146,9464,92482,15474,0.08766534514061285,0.6204988371160478
5211,0.5211,11,8,11,596154,9456,92493,15463,0.08759124087591241,0.620530518881175
5212,0.5212,6,15,6,596169,9441,92499,15457,0.0874522953795991,0.6208129167001366
5213,0.5213,9,8,9,596177,9433,92508,15448,0.08737819111489867,0.6208753667457095
5214,0.5214,9,5,9,596182,9428,92517,15439,0.08733187594946089,0.6208629911127197
5215,0.5215,4,7,4,596189,9421,92521,15435,0.08726703471784801,0.6209768265207596
5216,0.5216,13,7,13,596196,9414,92534,15422,0.08720219348623513,0.6209534546625866
5217,0.5217,9,12,9,596208,9402,92543,15413,0.08709103708918449,0.6211162603264154
5218,0.5218,6,8,6,596216,9394,92549,15407,0.08701693282448406,0.6212249506068304
5219,0.5219,9,6,9,596222,9388,92558,15398,0.08696135462595872,0.6212377955297346
5220,0.522,3,8,3,596230,9380,92561,15395,0.08688725036125829,0.6213925327951564
5221,0.5221,6,8,6,596238,9372,92567,15389,0.08681314609655785,0.6215015548645046
5222,0.5222,6,4,6,596242,9368,92573,15383,0.08677609396420764,0.6215102420104238
5223,0.5223,10,4,10,596246,9364,92583,15373,0.08673904183185742,0.6214577353761572
5224,0.5224,2,4,2,596250,9360,92585,15371,0.08670198969950721,0.6215276373781893
5225,0.5225,7,6,7,596256,9354,92592,15364,0.08664641150098189,0.6215713245408204
5226,0.5226,11,10,11,596266,9344,92603,15353,0.08655378117010634,0.6216544519577276
5227,0.5227,6,3,6,596269,9341,92609,15347,0.08652599207084367,0.6216380427738173
5228,0.5228,2,9,2,596278,9332,92611,15345,0.08644262477305568,0.6218340965271305
5229,0.5229,10,7,10,596285,9325,92621,15335,0.0863777835414428,0.6218572587185726
5230,0.523,14,7,14,596292,9318,92635,15321,0.08631294230982993,0.6218190673322781
5231,0.5231,9,6,9,596298,9312,92644,15312,0.08625736411130461,0.621832358674464
5232,0.5232,4,5,4,596303,9307,92648,15308,0.08621104894586683,0.6218972171440179
5233,0.5233,7,10,7,596313,9297,92655,15301,0.0861184186149913,0.622042442474998
5234,0.5234,6,6,6,596319,9291,92661,15295,0.08606284041646597,0.6221020092735703
5235,0.5235,7,12,7,596331,9279,92668,15288,0.08595168401941532,0.6222982049090243
5236,0.5236,5,5,5,596336,9274,92673,15283,0.08590536885397755,0.6223480066783402
5237,0.5237,6,7,6,596343,9267,92679,15277,0.08584052762236467,0.6224331812255541
5238,0.5238,8,6,8,596349,9261,92687,15269,0.08578494942383934,0.6224622910721566
5239,0.5239,9,8,9,596357,9253,92696,15260,0.0857108451591389,0.6225268225023457
5240,0.524,8,6,8,596363,9247,92704,15252,0.08565526696061358,0.6225560226948039
5241,0.5241,6,4,6,596367,9243,92710,15246,0.08561821482826337,0.6225652333700845
5242,0.5242,8,3,8,596370,9240,92718,15238,0.0855904257290007,0.6225181795898358
5243,0.5243,11,9,11,596379,9231,92729,15227,0.08550705843121272,0.6225774797612234
5244,0.5244,5,4,5,596383,9227,92734,15222,0.0854700062988625,0.6226021514172358
5245,0.5245,8,7,8,596390,9220,92742,15214,0.08540516506724961,0.6226569534255546
5246,0.5246,3,4,3,596394,9216,92745,15211,0.0853681129348994,0.6227125721537643
5247,0.5247,2,9,2,596403,9207,92747,15209,0.08528474563711141,0.6229112057667103
5248,0.5248,7,7,7,596410,9200,92754,15202,0.08521990440549854,0.6229817228096057
5249,0.5249,7,6,7,596416,9194,92761,15195,0.08516432620697321,0.6230267743654926
5250,0.525,7,7,7,596423,9187,92768,15188,0.08509948497536034,0.6230974358974359
5251,0.5251,9,12,9,596435,9175,92777,15179,0.08498832857830968,0.6232651720456599
5252,0.5252,7,7,7,596442,9168,92784,15172,0.0849234873466968,0.6233360723089565
5253,0.5253,7,16,7,596458,9152,92791,15165,0.08477527881729593,0.6236377842661512
5254,0.5254,3,6,3,596464,9146,92794,15162,0.08471970061877061,0.6237452690472273
5255,0.5255,4,12,4,596476,9134,92798,15158,0.08460854422171996,0.6239914375102914
5256,0.5256,8,5,8,596481,9129,92806,15150,0.08456222905628219,0.6239960459656493
5257,0.5257,7,7,7,596488,9122,92813,15143,0.08449738782466931,0.6240675870595508
5258,0.5258,9,2,9,596490,9120,92822,15134,0.0844788617584942,0.6239795497649873
5259,0.5259,7,9,7,596499,9111,92829,15127,0.08439549446070621,0.6241026487333938
5260,0.526,13,6,13,596505,9105,92842,15114,0.08433991626218089,0.624055493620711
5261,0.5261,8,8,8,596513,9097,92850,15106,0.08426581199748046,0.6241375036152543
5262,0.5262,11,7,11,596520,9090,92861,15095,0.08420097076586758,0.6241471986768659
5263,0.5263,10,8,10,596528,9082,92871,15085,0.08412686650116714,0.6241982869201804
5264,0.5264,6,7,6,596535,9075,92877,15079,0.08406202526955427,0.6242858325743148
5265,0.5265,7,7,7,596542,9068,92884,15072,0.08399718403794139,0.6243579121789561
5266,0.5266,4,6,4,596548,9062,92888,15068,0.08394160583941605,0.6244508910070452
5267,0.5267,8,8,8,596556,9054,92896,15060,0.08386750157471562,0.6245334660363274
5268,0.5268,5,3,5,596559,9051,92901,15055,0.08383971247545297,0.6245333112088277
5269,0.5269,12,10,12,596569,9041,92913,15043,0.08374708214457742,0.6246055472512871
5270,0.527,5,13,5,596582,9028,92918,15038,0.08362666271443922,0.6248649547078866
5271,0.5271,10,4,10,596586,9024,92928,15028,0.083589610582089,0.6248129053716946
5272,0.5272,7,8,7,596594,9016,92935,15021,0.08351550631738856,0.6249115946249532
5273,0.5273,6,7,6,596601,9009,92941,15015,0.08345066508577569,0.625
5274,0.5274,4,9,4,596610,9000,92945,15011,0.0833672977879877,0.6251717962600475
5275,0.5275,7,5,7,596615,8995,92952,15004,0.08332098262254993,0.6251927163631817
5276,0.5276,8,5,8,596620,8990,92960,14996,0.08327466745711215,0.6251980321854415
5277,0.5277,10,10,10,596630,8980,92970,14986,0.08318203712623662,0.6253025118918468
5278,0.5278,6,5,6,596635,8975,92976,14980,0.08313572196079884,0.625339177624713
5279,0.5279,8,10,8,596645,8965,92984,14972,0.08304309162992331,0.625475205748423
5280,0.528,8,6,8,596651,8959,92992,14964,0.08298751343139797,0.6255068344271203
5281,0.5281,10,9,10,596660,8950,93002,14954,0.08290414613361,0.6255856760374833
5282,0.5282,6,9,6,596669,8941,93008,14948,0.082820778835822,0.6257273221985014
5283,0.5283,13,10,13,596679,8931,93021,14935,0.08272814850494646,0.6257856364702925
5284,0.5284,3,5,3,596684,8926,93024,14932,0.0826818333395087,0.6258697292312851
5285,0.5285,4,8,4,596692,8918,93028,14928,0.08260772907480826,0.6260169420447874
5286,0.5286,8,7,8,596699,8911,93036,14920,0.08254288784319537,0.6260752800973521
5287,0.5287,8,6,8,596705,8905,93044,14912,0.08248730964467005,0.6261074022756854
5288,0.5288,7,6,7,596711,8899,93051,14905,0.08243173144614473,0.6261552680221811
5289,0.5289,10,6,10,596717,8893,93061,14895,0.0823761532476194,0.6261560450647385
5290,0.529,4,6,4,596723,8887,93065,14891,0.08232057504909407,0.6262511565312474
5291,0.5291,2,9,2,596732,8878,93067,14889,0.0822372077513061,0.6264568519375605
5292,0.5292,9,10,9,596742,8868,93076,14880,0.08214457742043055,0.6265790803436079
5293,0.5293,3,4,3,596746,8864,93079,14877,0.08210752528808032,0.6266374626174129
5294,0.5294,5,6,5,596752,8858,93084,14872,0.082051947089555,0.626717235566793
5295,0.5295,8,8,8,596760,8850,93092,14864,0.08197784282485457,0.626802732563043
5296,0.5296,5,8,5,596768,8842,93097,14859,0.08190373856015414,0.6269355723387199
5297,0.5297,5,6,5,596774,8836,93102,14854,0.08184816036162881,0.62701561840439
5298,0.5298,12,6,12,596780,8830,93114,14842,0.08179258216310349,0.626985468063535
5299,0.5299,10,15,10,596795,8815,93124,14832,0.08165363666679018,0.6272254408593056
5300,0.53,7,10,7,596805,8805,93131,14825,0.08156100633591463,0.6273804485823106
5301,0.5301,5,7,5,596812,8798,93136,14820,0.08149616510430176,0.6274875095266322
5302,0.5302,5,5,5,596817,8793,93141,14815,0.08144984993886398,0.627541511352084
5303,0.5303,4,9,4,596826,8784,93145,14811,0.08136648264107599,0.627717736808646
5304,0.5304,8,2,8,596828,8782,93153,14803,0.08134795657490089,0.6276446894212423
5305,0.5305,8,8,8,596836,8774,93161,14795,0.08127385231020046,0.6277313420170563
5306,0.5306,11,7,11,596843,8767,93172,14784,0.08120901107858758,0.6277440448388604
5307,0.5307,3,3,3,596846,8764,93175,14781,0.08118122197932491,0.6277765980038225
5308,0.5308,6,12,6,596858,8752,93181,14775,0.08107006558227425,0.6280018701916946
5309,0.5309,10,3,10,596861,8749,93191,14765,0.0810422764830116,0.627923790082504
5310,0.531,6,8,6,596869,8741,93197,14759,0.08096817221831117,0.6280425531914894
5311,0.5311,6,3,6,596872,8738,93203,14753,0.0809403831190485,0.6280277553105444
5312,0.5312,9,5,9,596877,8733,93212,14744,0.08089406795361073,0.6280189121267624
5313,0.5313,10,2,10,596879,8731,93222,14734,0.08087554188743562,0.6279139143405071
5314,0.5314,9,7,9,596886,8724,93231,14725,0.08081070065582274,0.6279585483389484
5315,0.5315,5,6,5,596892,8718,93236,14720,0.08075512245729742,0.6280399351480501
5316,0.5316,7,6,7,596898,8712,93243,14713,0.0806995442587721,0.6280896478121665
5317,0.5317,7,8,7,596906,8704,93250,14706,0.08062543999407167,0.628193079880393
5318,0.5318,9,10,9,596916,8694,93259,14697,0.08053280966319612,0.6283185840707964
5319,0.5319,8,10,8,596926,8684,93267,14689,0.08044017933232057,0.6284601891070893
5320,0.532,10,3,10,596929,8681,93277,14679,0.0804123902330579,0.6283818493150685
5321,0.5321,7,13,7,596942,8668,93284,14672,0.08029197080291971,0.6286203941730935
5322,0.5322,14,6,14,596948,8662,93298,14658,0.08023639260439439,0.6285591766723843
5323,0.5323,5,7,5,596955,8655,93303,14653,0.08017155137278151,0.6286682684056976
5324,0.5324,7,4,7,596959,8651,93310,14646,0.08013449924043128,0.6286646349315362
5325,0.5325,4,10,4,596969,8641,93314,14642,0.08004186890955574,0.6288708499763777
5326,0.5326,3,5,3,596974,8636,93317,14639,0.07999555374411797,0.6289581095596133
5327,0.5327,8,8,8,596982,8628,93325,14631,0.07992144947941754,0.6290468205855798
5328,0.5328,8,3,8,596985,8625,93333,14623,0.07989366038015487,0.6290003441156229
5329,0.5329,8,9,8,596994,8616,93341,14615,0.0798102930823669,0.6291162670569498
5330,0.533,11,4,11,596998,8612,93352,14604,0.07977324095001667,0.6290489317711923
5331,0.5331,10,6,10,597004,8606,93362,14594,0.07971766275149135,0.6290517241379311
5332,0.5332,12,6,12,597010,8600,93374,14582,0.07966208455296603,0.6290225174704512
5333,0.5333,7,9,7,597019,8591,93381,14575,0.07957871725517804,0.6291547958214625
5334,0.5334,6,11,6,597030,8580,93387,14569,0.07947682389121494,0.6293576396388613
5335,0.5335,8,1,8,597031,8579,93395,14561,0.07946756085812738,0.6292566983578219
5336,0.5336,7,8,7,597039,8571,93402,14554,0.07939345659342695,0.6293621621621621
5337,0.5337,11,7,11,597046,8564,93413,14543,0.07932861536181407,0.6293763794521141
5338,0.5338,5,4,5,597050,8560,93418,14538,0.07929156322946386,0.6294051433024505
5339,0.5339,9,4,9,597054,8556,93427,14529,0.07925451109711364,0.6293697205977907
5340,0.534,0,10,0,597064,8546,93427,14529,0.07916188076623809,0.6296424702058505
5341,0.5341,7,9,7,597073,8537,93434,14522,0.07907851346845012,0.6297757925322001
5342,0.5342,12,7,12,597080,8530,93446,14510,0.07901367223683722,0.6297743055555556
5343,0.5343,5,6,5,597086,8524,93451,14505,0.0789580940383119,0.6298580051239742
5344,0.5344,7,5,7,597091,8519,93458,14498,0.07891177887287414,0.6298822609375679
5345,0.5345,6,5,6,597096,8514,93464,14492,0.07886546370743636,0.6299226288794227
5346,0.5346,6,5,6,597101,8509,93470,14486,0.07881914854199859,0.6299630354424876
5347,0.5347,7,11,7,597112,8498,93477,14479,0.0787172551780355,0.6301518910214562
5348,0.5348,10,5,10,597117,8493,93487,14469,0.07867094001259772,0.6301280376273843
5349,0.5349,8,7,8,597124,8486,93495,14461,0.07860609878098485,0.630191310410947
5350,0.535,8,8,8,597132,8478,93503,14453,0.07853199451628441,0.6302821508002268
5351,0.5351,2,7,2,597139,8471,93505,14451,0.07846715328467153,0.6304423697757613
5352,0.5352,10,6,10,597145,8465,93515,14441,0.07841157508614621,0.6304461713088274
5353,0.5353,4,6,4,597151,8459,93519,14437,0.07835599688762088,0.630546820405311
5354,0.5354,11,3,11,597154,8456,93530,14426,0.07832820778835822,0.6304518835766104
5355,0.5355,5,6,5,597160,8450,93535,14421,0.0782726295898329,0.6305364872546019
5356,0.5356,16,11,16,597171,8439,93551,14405,0.0781707362258698,0.6305813342672036
5357,0.5357,8,7,8,597178,8432,93559,14397,0.07810589499425692,0.6306452319418284
5358,0.5358,7,7,7,597185,8425,93566,14390,0.07804105376264404,0.6307253999561692
5359,0.5359,7,9,7,597194,8416,93573,14383,0.07795768646485605,0.6308610026755559
5360,0.536,5,10,5,597204,8406,93578,14378,0.07786505613398051,0.6310568820224719
5361,0.5361,12,4,12,597208,8402,93590,14366,0.0778280040016303,0.6309732958538299
5362,0.5362,10,5,10,597213,8397,93600,14356,0.07778168883619252,0.6309497648661715
5363,0.5363,7,7,7,597220,8390,93607,14349,0.07771684760457964,0.6310303883196271
5364,0.5364,10,5,10,597225,8385,93617,14339,0.07767053243914188,0.6310068649885584
5365,0.5365,3,7,3,597232,8378,93620,14336,0.077605691207529,0.6311525931143788
5366,0.5366,7,6,7,597238,8372,93627,14329,0.07755011300900366,0.6312056737588653
5367,0.5367,4,7,4,597245,8365,93631,14325,0.07748527177739079,0.6313353900396651
5368,0.5368,6,2,6,597247,8363,93637,14319,0.07746674571121569,0.6312935367251565
5369,0.5369,9,7,9,597254,8356,93646,14310,0.0774019044796028,0.6313420982970087
5370,0.537,8,5,8,597259,8351,93654,14302,0.07735558931416503,0.6313512559042952
5371,0.5371,7,6,7,597265,8345,93661,14295,0.07730001111563971,0.631404593639576
5372,0.5372,8,10,8,597275,8335,93669,14287,0.07720738078476416,0.6315533551410132
5373,0.5373,4,9,4,597284,8326,93673,14283,0.07712401348697617,0.6317395727365208
5374,0.5374,8,6,8,597290,8320,93681,14275,0.07706843528845085,0.6317769418012835
5375,0.5375,4,4,4,597294,8316,93685,14271,0.07703138315610063,0.6318236153539647
5376,0.5376,12,10,12,597304,8306,93697,14259,0.0769387528252251,0.6319078218479947
5377,0.5377,8,8,8,597312,8298,93705,14251,0.07686464856052466,0.6320014191316689
5378,0.5378,11,6,11,597318,8292,93716,14240,0.07680907036199933,0.6319900585833481
5379,0.5379,2,6,2,597324,8286,93718,14238,0.076753492163474,0.6321257325519446
5380,0.538,5,6,5,597330,8280,93723,14233,0.07669791396494868,0.6322124994447652
5381,0.5381,7,4,7,597334,8276,93730,14226,0.07666086183259846,0.6322104701804284
5382,0.5382,5,3,5,597337,8273,93735,14221,0.0766330727333358,0.632213034587001
5383,0.5383,6,3,6,597340,8270,93741,14215,0.07660528363407314,0.6321992439404047
5384,0.5384,5,6,5,597346,8264,93746,14210,0.07654970543554782,0.6322861973836433
5385,0.5385,11,3,11,597349,8261,93757,14199,0.07652191633628515,0.6321905609973286
5386,0.5386,4,3,4,597352,8258,93761,14195,0.0764941272370225,0.6322095042978667
5387,0.5387,9,5,9,597357,8253,93770,14186,0.07644781207158471,0.6322028610900664
5388,0.5388,10,7,10,597364,8246,93780,14176,0.07638297083997184,0.6322361965926322
5389,0.5389,8,6,8,597370,8240,93788,14168,0.07632739264144651,0.6322741877900749
5390,0.539,6,7,6,597377,8233,93794,14162,0.07626255140983364,0.6323732976110739
5391,0.5391,14,4,14,597381,8229,93808,14148,0.07622549927748341,0.6322563346293069
5392,0.5392,9,8,9,597389,8221,93817,14139,0.07615139501278298,0.632334525939177
5393,0.5393,9,8,9,597397,8213,93826,14130,0.07607729074808255,0.6324128362350624
5394,0.5394,13,10,13,597407,8203,93839,14117,0.07598466041720701,0.6324820788530466
5395,0.5395,4,7,4,597414,8196,93843,14113,0.07591981918559414,0.6326146398314582
5396,0.5396,4,12,4,597426,8184,93847,14109,0.07580866278854348,0.6328892477459293
5397,0.5397,5,6,5,597432,8178,93852,14104,0.07575308459001816,0.632977291086976
5398,0.5398,10,6,10,597438,8172,93862,14094,0.07569750639149284,0.6329830234438156
5399,0.5399,7,10,7,597448,8162,93869,14087,0.07560487606061729,0.633152051777608
5400,0.54,8,6,8,597454,8156,93877,14079,0.07554929786209197,0.6331909152237464
5401,0.5401,8,8,8,597462,8148,93885,14071,0.07547519359739153,0.6332868265898556
5402,0.5402,6,7,6,597469,8141,93891,14065,0.07541035236577866,0.633387372782131
5403,0.5403,7,3,7,597472,8138,93898,14058,0.07538256326651599,0.6333573616867905
5404,0.5404,7,7,7,597479,8131,93905,14051,0.07531772203490311,0.6334415291677937
5405,0.5405,4,8,4,597487,8123,93909,14047,0.07524361777020268,0.6336039693279206
5406,0.5406,9,6,9,597493,8117,93918,14038,0.07518803957167736,0.6336267208305123
5407,0.5407,9,3,9,597496,8114,93927,14029,0.07516025047241469,0.633563654428036
5408,0.5408,9,7,9,597503,8107,93936,14020,0.07509540924080181,0.6336150404483211
5409,0.5409,7,4,7,597507,8103,93943,14013,0.07505835710845159,0.6336136733586544
5410,0.541,8,6,8,597513,8097,93951,14005,0.07500277890992627,0.6336530630712153
5411,0.5411,10,4,10,597517,8093,93961,13995,0.07496572677757606,0.6336019558131112
5412,0.5412,8,7,8,597524,8086,93969,13987,0.07490088554596316,0.6336700946858153
5413,0.5413,8,9,8,597533,8077,93977,13979,0.07481751824817519,0.6337957925281102
5414,0.5414,11,5,11,597538,8072,93988,13968,0.07477120308273741,0.6337568058076225
5415,0.5415,13,6,13,597544,8066,94001,13955,0.07471562488421209,0.6337132736932928
5416,0.5416,4,13,4,597557,8053,94005,13951,0.07459520545407389,0.6340210870750772
5417,0.5417,4,6,4,597563,8047,94009,13947,0.07453962725554855,0.6341274893152677
5418,0.5418,8,5,8,597568,8042,94017,13939,0.07449331209011079,0.6341385742231928
5419,0.5419,5,5,5,597573,8037,94022,13934,0.07444699692467302,0.6341996267807565
5420,0.542,5,8,5,597581,8029,94027,13929,0.07437289265997259,0.6343473904727206
5421,0.5421,6,9,6,597590,8020,94033,13923,0.0742895253621846,0.634507587841225
5422,0.5422,6,10,6,597600,8010,94039,13917,0.07419689503130905,0.634696948967027
5423,0.5423,16,2,16,597602,8008,94055,13901,0.07417836896513394,0.6344881099091697
5424,0.5424,8,8,8,597610,8000,94063,13893,0.0741042647004335,0.6345863974786461
5425,0.5425,6,2,6,597612,7998,94069,13887,0.07408573863425841,0.6345442083618917
5426,0.5426,7,8,7,597620,7990,94076,13880,0.07401163436955797,0.6346593507087335
5427,0.5427,3,5,3,597625,7985,94079,13877,0.0739653192041202,0.6347543683103102
5428,0.5428,8,7,8,597632,7978,94087,13869,0.07390047797250732,0.634824003295647
5429,0.5429,9,6,9,597638,7972,94096,13860,0.073844899773982,0.6348479296445585
5430,0.543,8,5,8,597643,7967,94104,13852,0.07379858460854422,0.6348595261011045
5431,0.5431,4,4,4,597647,7963,94108,13848,0.073761532476194,0.6349089908761634
5432,0.5432,11,6,11,597653,7957,94119,13837,0.07370595427766868,0.6348995136276039
5433,0.5433,6,7,6,597660,7950,94125,13831,0.0736411130460558,0.63500298425233
5434,0.5434,12,2,12,597662,7948,94137,13819,0.0736225869798807,0.6348601093398264
5435,0.5435,3,7,3,597669,7941,94140,13816,0.07355774574826782,0.635014018476812
5436,0.5436,8,9,8,597678,7932,94148,13808,0.07347437845047983,0.6351425942962281
5437,0.5437,8,3,8,597681,7929,94156,13800,0.07344658935121716,0.6350959547148971
5438,0.5438,9,11,9,597692,7918,94165,13791,0.07334469598725407,0.6352664793403657
5439,0.5439,5,5,5,597697,7913,94170,13786,0.07329838082181629,0.6353288169961749
5440,0.544,6,5,6,597702,7908,94176,13780,0.07325206565637853,0.6353744005901881
5441,0.5441,11,6,11,597708,7902,94187,13769,0.0731964874578532,0.6353652346453786
5442,0.5442,8,2,8,597710,7900,94195,13761,0.07317796139167809,0.6352892294907899
5443,0.5443,7,5,7,597715,7895,94202,13754,0.07313164622624033,0.6353180285463532
5444,0.5444,9,5,9,597720,7890,94211,13745,0.07308533106080255,0.6353131499884447
5445,0.5445,11,7,11,597727,7883,94222,13734,0.07302048982918967,0.6353333024934079
5446,0.5446,5,4,5,597731,7879,94227,13729,0.07298343769683946,0.6353665309144761
5447,0.5447,2,5,2,597736,7874,94229,13727,0.07293712253140168,0.6354798388963474
5448,0.5448,8,5,8,597741,7869,94237,13719,0.07289080736596391,0.6354919399666481
5449,0.5449,6,5,6,597746,7864,94243,13713,0.07284449220052613,0.6355378412198174
5450,0.545,11,9,11,597755,7855,94254,13702,0.07276112490273816,0.6356172009092175
5451,0.5451,3,3,3,597758,7852,94257,13699,0.07273333580347549,0.635654958006589
5452,0.5452,7,6,7,597764,7846,94264,13692,0.07267775760495017,0.6357136224347665
5453,0.5453,6,10,6,597774,7836,94270,13686,0.07258512727407462,0.6359074435461388
5454,0.5454,5,5,5,597779,7831,94275,13681,0.07253881210863686,0.635970621048717
5455,0.5455,8,5,8,597784,7826,94283,13673,0.07249249694319908,0.6359830689799526
5456,0.5456,2,14,2,597798,7812,94285,13671,0.07236281447997332,0.6363636363636364
5457,0.5457,9,4,9,597802,7808,94294,13662,0.07232576234762311,0.6363297624592454
5458,0.5458,8,4,8,597806,7804,94302,13654,0.07228871021527289,0.6363127970919936
5459,0.5459,3,5,3,597811,7799,94305,13651,0.07224239504983512,0.6364102564102564
5460,0.546,6,6,6,597817,7793,94311,13645,0.07218681685130979,0.6364866125571416
5461,0.5461,7,2,7,597819,7791,94318,13638,0.07216829078513469,0.6364272714545709
5462,0.5462,8,6,8,597825,7785,94326,13630,0.07211271258660935,0.6364697641839832
5463,0.5463,2,4,2,597829,7781,94328,13628,0.07207566045425914,0.6365547199775795
5464,0.5464,7,6,7,597835,7775,94335,13621,0.07202008225573382,0.6366143204337259
5465,0.5465,6,13,6,597848,7762,94341,13615,0.07189966282559561,0.6368994713944894
5466,0.5466,10,10,10,597858,7752,94351,13605,0.07180703249472008,0.6370276724259025
5467,0.5467,11,8,11,597866,7744,94362,13594,0.07173292823001964,0.6370793888836817
5468,0.5468,3,10,3,597876,7734,94365,13591,0.0716402978991441,0.637327080890973
5469,0.5469,7,9,7,597885,7725,94372,13584,0.07155693060135611,0.6374771223426721
5470,0.547,7,2,7,597887,7723,94379,13577,0.071538404535181,0.6374178403755869
5471,0.5471,11,3,11,597890,7720,94390,13566,0.07151061543591834,0.637320304425444
5472,0.5472,9,6,9,597896,7714,94399,13557,0.07145503723739301,0.6373466221616285
5473,0.5473,4,4,4,597900,7710,94403,13553,0.0714179851050428,0.6373982975121102
5474,0.5474,2,5,2,597905,7705,94405,13551,0.07137166993960502,0.6375141136620248
5475,0.5475,8,7,8,597912,7698,94413,13543,0.07130682870799214,0.6375876841956594
5476,0.5476,6,6,6,597918,7692,94419,13537,0.07125125050946682,0.6376654576287154
5477,0.5477,8,7,8,597925,7685,94427,13529,0.07118640927785394,0.6377392288111624
5478,0.5478,7,7,7,597932,7678,94434,13522,0.07112156804624106,0.6378301886792452
5479,0.5479,3,6,3,597938,7672,94437,13519,0.07106598984771574,0.6379595111132085
5480,0.548,4,6,4,597944,7666,94441,13515,0.0710104116491904,0.6380718568528398
5481,0.5481,5,4,5,597948,7662,94446,13510,0.0709733595168402,0.6381069336860004
5482,0.5482,8,7,8,597955,7655,94454,13502,0.07090851828522732,0.6381812166186133
5483,0.5483,7,6,7,597961,7649,94461,13495,0.070852940086702,0.6382425274309497
5484,0.5484,13,4,13,597965,7645,94474,13482,0.07081588795435177,0.6381407677379657
5485,0.5485,3,5,3,597970,7640,94477,13479,0.070769572788914,0.6382404469908614
5486,0.5486,6,5,6,597975,7635,94483,13473,0.07072325762347623,0.6382888004548039
5487,0.5487,9,6,9,597981,7629,94492,13464,0.0706676794249509,0.6383160290143649
5488,0.5488,7,6,7,597987,7623,94499,13457,0.07061210122642558,0.6383776091081594
5489,0.5489,7,8,7,597995,7615,94506,13450,0.07053799696172515,0.6384998813197247
5490,0.549,6,5,6,598000,7610,94512,13444,0.07049168179628737,0.6385484943478674
5491,0.5491,2,6,2,598006,7604,94514,13442,0.07043610359776205,0.6386961892996293
5492,0.5492,6,5,6,598011,7599,94520,13436,0.07038978843232428,0.6387449488946993
5493,0.5493,3,7,3,598018,7592,94523,13433,0.0703249472007114,0.6389060642092746
5494,0.5494,9,5,9,598023,7587,94532,13424,0.07027863203527362,0.6389034315358622
5495,0.5495,7,9,7,598032,7578,94539,13417,0.07019526473748565,0.6390569183138842
5496,0.5496,11,4,11,598036,7574,94550,13406,0.07015821260513543,0.6389895138226883
5497,0.5497,4,4,4,598040,7570,94554,13402,0.07012116047278522,0.6390425329010109
5498,0.5498,5,2,5,598042,7568,94559,13397,0.0701026344066101,0.6390174099689959
5499,0.5499,6,6,6,598048,7562,94565,13391,0.07004705620808478,0.6390970266787572
5500,0.55,5,4,5,598052,7558,94570,13386,0.07001000407573456,0.6391329258976318
5501,0.5501,4,6,4,598058,7552,94574,13382,0.06995442587720924,0.6392471577338301
5502,0.5502,10,8,10,598066,7544,94584,13372,0.0698803216125088,0.6393191814878562
5503,0.5503,7,9,7,598075,7535,94591,13365,0.06979695431472081,0.6394736842105263
5504,0.5504,4,9,4,598084,7526,94595,13361,0.06971358701693282,0.6396801838464117
5505,0.5505,9,5,9,598089,7521,94604,13352,0.06966727185149506,0.6396780529871126
5506,0.5506,5,7,5,598096,7514,94609,13347,0.06960243061988218,0.6398063371842193
5507,0.5507,8,8,8,598104,7506,94617,13339,0.06952832635518175,0.6399136483569201
5508,0.5508,6,10,6,598114,7496,94623,13333,0.0694356960243062,0.6401171443660282
5509,0.5509,10,5,10,598119,7491,94633,13323,0.06938938085886842,0.6400980109541655
5510,0.551,3,11,3,598130,7480,94636,13320,0.06928748749490533,0.6403846153846153
5511,0.5511,6,3,6,598133,7477,94642,13314,0.06925969839564267,0.6403732384204704
5512,0.5512,4,4,4,598137,7473,94646,13310,0.06922264626329246,0.6404272722898523
5513,0.5513,3,3,3,598140,7470,94649,13307,0.06919485716402979,0.6404678249987967
5514,0.5514,7,7,7,598147,7463,94656,13300,0.06913001593241691,0.64056253913211
5515,0.5515,3,7,3,598154,7456,94659,13297,0.06906517470080403,0.640726641931287
5516,0.5516,4,5,4,598159,7451,94663,13293,0.06901885953536627,0.6408118010026995
5517,0.5517,7,13,7,598172,7438,94670,13286,0.06889844010522805,0.641092453194364
5518,0.5518,7,4,7,598176,7434,94677,13279,0.06886138797287784,0.6410949645150389
5519,0.5519,11,4,11,598180,7430,94688,13268,0.06882433584052762,0.6410281186588076
5520,0.552,5,4,5,598184,7426,94693,13263,0.06878728370817741,0.6410653004011794
5521,0.5521,4,6,4,598190,7420,94697,13259,0.06873170550965207,0.6411818753324628
5522,0.5522,5,5,5,598195,7415,94702,13254,0.06868539034421431,0.6412501814311288
5523,0.5523,8,9,8,598204,7406,94710,13246,0.06860202304642632,0.6413906643424365
5524,0.5524,4,4,4,598208,7402,94714,13242,0.06856497091407611,0.6414454563069173
5525,0.5525,4,9,4,598217,7393,94718,13238,0.06848160361628812,0.6416557607483884
5526,0.5526,3,5,3,598222,7388,94721,13235,0.06843528845085034,0.6417592008922077
5527,0.5527,5,0,5,598222,7388,94726,13230,0.06843528845085034,0.6416723251527792
5528,0.5528,7,2,7,598224,7386,94733,13223,0.06841676238467524,0.6416128875733903
5529,0.5529,13,6,13,598230,7380,94746,13210,0.0683611841861499,0.6415735794074794
5530,0.553,4,8,4,598238,7372,94750,13206,0.06828707992144947,0.6417533287977452
5531,0.5531,8,8,8,598246,7364,94758,13198,0.06821297565674904,0.641863631942418
5532,0.5532,7,9,7,598255,7355,94765,13191,0.06812960835896106,0.6420227781563321
5533,0.5533,12,3,12,598258,7352,94777,13179,0.0681018192596984,0.6419073596025522
5534,0.5534,9,4,9,598262,7348,94786,13170,0.06806476712734819,0.6418754264548202
5535,0.5535,8,6,8,598268,7342,94794,13162,0.06800918892882285,0.6419235271166601
5536,0.5536,7,2,7,598270,7340,94801,13155,0.06799066286264775,0.6418638692363992
5537,0.5537,7,5,7,598275,7335,94808,13148,0.06794434769720997,0.6418981594492994
5538,0.5538,5,9,5,598284,7326,94813,13143,0.06786098039942198,0.6420929210024916
5539,0.5539,6,6,6,598290,7320,94819,13137,0.06780540220089666,0.6421762721806716
5540,0.554,2,6,2,598296,7314,94821,13135,0.06774982400237134,0.6423296982737542
5541,0.5541,6,3,6,598299,7311,94827,13129,0.06772203490310867,0.6423189823874755
5542,0.5542,9,3,9,598302,7308,94836,13120,0.06769424580384602,0.6422557274329352
5543,0.5543,5,2,5,598304,7306,94841,13115,0.0676757197376709,0.6422310366779296
5544,0.5544,5,4,5,598308,7302,94846,13110,0.06763866760532068,0.6422692533803644
5545,0.5545,8,4,8,598312,7298,94854,13102,0.06760161547297047,0.6422549019607843
5546,0.5546,3,6,3,598318,7292,94857,13099,0.06754603727444515,0.6423912510421265
5547,0.5547,8,7,8,598325,7285,94865,13091,0.06748119604283226,0.6424715351393797
5548,0.5548,10,7,10,598332,7278,94875,13081,0.06741635481121938,0.6425168230266712
5549,0.5549,7,2,7,598334,7276,94882,13074,0.06739782874504428,0.6424570024570024
5550,0.555,4,2,4,598336,7274,94886,13070,0.06737930267886917,0.6424498623672827
5551,0.5551,4,5,4,598341,7269,94890,13066,0.06733298751343139,0.6425374969264814
5552,0.5552,6,8,6,598349,7261,94896,13060,0.06725888324873096,0.642684907238817
5553,0.5553,5,3,5,598352,7258,94901,13055,0.0672310941494683,0.642691872200069
5554,0.5554,4,6,4,598358,7252,94905,13051,0.06717551595094298,0.6428114071812048
5555,0.5555,3,3,3,598361,7249,94908,13048,0.06714772685168031,0.6428536236882297
5556,0.5556,11,8,11,598369,7241,94919,13037,0.06707362258697988,0.6429135023177828
5557,0.5557,7,6,7,598375,7235,94926,13030,0.06701804438845456,0.6429805082654824
5558,0.5558,5,5,5,598380,7230,94931,13025,0.06697172922301678,0.643051098494199
5559,0.5559,6,3,6,598383,7227,94937,13019,0.06694394012375413,0.6430406006124667
5560,0.556,2,5,2,598388,7222,94939,13017,0.06689762495831635,0.6431641879539503
5561,0.5561,9,1,9,598389,7221,94948,13008,0.0668883619252288,0.6430372237876316
5562,0.5562,10,4,10,598393,7217,94958,12998,0.06685130979287858,0.6429878802869157
5563,0.5563,8,5,8,598398,7212,94966,12990,0.06680499462744081,0.643005643005643
5564,0.5564,7,4,7,598402,7208,94973,12983,0.06676794249509059,0.6430092615521767
5565,0.5565,5,7,5,598409,7201,94978,12978,0.06670310126347771,0.6431438624312404
5566,0.5566,5,4,5,598413,7197,94983,12973,0.0666660491311275,0.643182944967774
5567,0.5567,5,3,5,598416,7194,94988,12968,0.06663826003186483,0.6431901597063784
5568,0.5568,8,10,8,598426,7184,94996,12960,0.06654562970098929,0.6433677521842732
5569,0.5569,9,8,9,598434,7176,95005,12951,0.06647152543628886,0.6434640035772843
5570,0.557,12,9,12,598443,7167,95017,12939,0.06638815813850087,0.6435392420173083
5571,0.5571,6,6,6,598449,7161,95023,12933,0.06633257993997554,0.6436249626754255
5572,0.5572,7,7,7,598456,7154,95030,12926,0.06626773870836267,0.6437250996015936
5573,0.5573,10,7,10,598463,7147,95040,12916,0.06620289747674979,0.6437721178288391
5574,0.5574,7,4,7,598467,7143,95047,12909,0.06616584534439957,0.6437761819269898
5575,0.5575,10,3,10,598470,7140,95057,12899,0.06613805624513691,0.6436947951494586
5576,0.5576,7,5,7,598475,7135,95064,12892,0.06609174107969913,0.6437309631996805
5577,0.5577,8,5,8,598480,7130,95072,12884,0.06604542591426137,0.643749375437194
5578,0.5578,4,6,4,598486,7124,95076,12880,0.06598984771573604,0.643871225754849
5579,0.5579,6,4,6,598490,7120,95082,12874,0.06595279558338582,0.6438931679503851
5580,0.558,6,4,6,598494,7116,95088,12868,0.06591574345103561,0.6439151321056845
5581,0.5581,7,5,7,598499,7111,95095,12861,0.06586942828559783,0.643951532145003
5582,0.5582,5,4,5,598503,7107,95100,12856,0.06583237615324762,0.6439913840605119
5583,0.5583,3,11,3,598514,7096,95103,12853,0.06573048278928452,0.6442929470148879
5584,0.5584,8,6,8,598520,7090,95111,12845,0.0656749045907592,0.6443441183847505
5585,0.5585,9,5,9,598525,7085,95120,12836,0.06562858942532143,0.6443451633954119
5586,0.5586,1,8,1,598533,7077,95121,12835,0.065554485160621,0.6445861791884291
5587,0.5587,6,6,6,598539,7071,95127,12829,0.06549890696209566,0.6446733668341709
5588,0.5588,5,12,5,598551,7059,95132,12824,0.06538775056504502,0.6449730925916612
5589,0.5589,4,4,4,598555,7055,95136,12820,0.0653506984326948,0.6450314465408805
5590,0.559,4,4,4,598559,7051,95140,12816,0.06531364630034459,0.6450898474857805
5591,0.5591,4,3,4,598562,7048,95144,12812,0.06528585720108192,0.645115810674723
5592,0.5592,5,3,5,598565,7045,95149,12807,0.06525806810181926,0.6451239169856942
5593,0.5593,6,9,6,598574,7036,95155,12801,0.06517470080403127,0.6453092705550234
5594,0.5594,6,3,6,598577,7033,95161,12795,0.0651469117047686,0.6452995763566673
5595,0.5595,4,10,4,598587,7023,95165,12791,0.06505428137389306,0.6455536489350964
5596,0.5596,10,7,10,598594,7016,95175,12781,0.06498944014228018,0.645602869121584
5597,0.5597,7,6,7,598600,7010,95182,12774,0.06493386194375486,0.645673271330368
5598,0.5598,9,5,9,598605,7005,95191,12765,0.0648875467783171,0.6456752655538694
5599,0.5599,7,4,7,598609,7001,95198,12758,0.06485049464596687,0.6456804494154562
5600,0.56,9,4,9,598613,6997,95207,12749,0.06481344251361666,0.6456497518484756
5601,0.5601,10,4,10,598617,6993,95217,12739,0.06477639038126644,0.6456010541252787
5602,0.5602,6,7,6,598624,6986,95223,12733,0.06471154914965356,0.64572239971601
5603,0.5603,13,8,13,598632,6978,95236,12720,0.06463744488495313,0.6457508376484923
5604,0.5604,4,5,4,598637,6973,95240,12716,0.06459112971951536,0.6458428564172889
5605,0.5605,7,6,7,598643,6967,95247,12709,0.06453555152099004,0.6459138036186217
5606,0.5606,5,5,5,598648,6962,95252,12704,0.06448923635555226,0.6459879995932065
5607,0.5607,11,6,11,598654,6956,95263,12693,0.06443365815702694,0.6459870731334928
5608,0.5608,4,10,4,598664,6946,95267,12689,0.06434102782615139,0.646243952126305
5609,0.5609,6,7,6,598671,6939,95273,12683,0.06427618659453851,0.6463663235144226
5610,0.561,10,6,10,598677,6933,95283,12673,0.06422060839601319,0.6463837600734469
5611,0.5611,3,3,3,598680,6930,95286,12670,0.06419281929675053,0.6464285714285715
5612,0.5612,5,6,5,598686,6924,95291,12665,0.0641372410982252,0.64653632140487
5613,0.5613,10,3,10,598689,6921,95301,12655,0.06410945199896254,0.6464548426644872
5614,0.5614,5,10,5,598699,6911,95306,12650,0.064016821668087,0.646694954245693
5615,0.5615,5,2,5,598701,6909,95311,12645,0.06399829560191189,0.6466707579011967
5616,0.5616,5,7,5,598708,6902,95316,12640,0.06393345437029901,0.6468119946781291
5617,0.5617,5,4,5,598712,6898,95321,12635,0.06389640223794879,0.6468540418778478
5618,0.5618,2,0,2,598712,6898,95323,12633,0.06389640223794879,0.6468178792688546
5619,0.5619,6,5,6,598717,6893,95329,12627,0.06385008707251102,0.646875
5620,0.562,4,6,4,598723,6887,95333,12623,0.0637945088739857,0.6470015376729882
5621,0.5621,14,10,14,598733,6877,95347,12609,0.06370187854311016,0.6470799548393719
5622,0.5622,6,5,6,598738,6872,95353,12603,0.06365556337767239,0.6471373555840821
5623,0.5623,6,6,6,598744,6866,95359,12597,0.06359998517914706,0.6472280737810204
5624,0.5624,8,2,8,598746,6864,95367,12589,0.06358145911297196,0.6471495399167223
5625,0.5625,6,5,6,598751,6859,95373,12583,0.06353514394753418,0.6472070774611666
5626,0.5626,13,6,13,598757,6853,95386,12570,0.06347956574900886,0.6471708798846728
5627,0.5627,4,9,4,598766,6844,95390,12566,0.06339619845122087,0.6473982483256053
5628,0.5628,8,3,8,598769,6841,95398,12558,0.0633684093519582,0.6473529563379555
5629,0.5629,10,6,10,598775,6835,95408,12548,0.06331283115343288,0.6473714079347882
5630,0.563,5,4,5,598779,6831,95413,12543,0.06327577902108267,0.6474140600805203
5631,0.5631,10,5,10,598784,6826,95423,12533,0.06322946385564489,0.647399142517692
5632,0.5632,6,5,6,598789,6821,95429,12527,0.06318314869020712,0.6474571015091999
5633,0.5633,6,4,6,598793,6817,95435,12521,0.0631460965578569,0.6474816423621884
5634,0.5634,3,1,3,598794,6816,95438,12518,0.06313683352476936,0.6474604323988828
5635,0.5635,8,6,8,598800,6810,95446,12510,0.06308125532624402,0.6475155279503105
5636,0.5636,7,4,7,598804,6806,95453,12503,0.06304420319389381,0.6475218809881402
5637,0.5637,8,6,8,598810,6800,95461,12495,0.06298862499536849,0.6475770925110133
5638,0.5638,8,5,8,598815,6795,95469,12487,0.06294230982993071,0.6475987968053106
5639,0.5639,8,5,8,598820,6790,95477,12479,0.06289599466449294,0.6476205303855934
5640,0.564,1,5,1,598825,6785,95478,12478,0.06284967949905516,0.6477703369153299
5641,0.5641,12,6,12,598831,6779,95490,12466,0.06279410130052984,0.6477526630293583
5642,0.5642,4,7,4,598838,6772,95494,12462,0.06272926006891696,0.6479151502547572
5643,0.5643,7,4,7,598842,6768,95501,12455,0.06269220793656675,0.6479217603911981
5644,0.5644,7,5,7,598847,6763,95508,12448,0.06264589277112897,0.6479621050439852
5645,0.5645,10,11,10,598858,6752,95518,12438,0.06254399940716589,0.6481500781657114
5646,0.5646,9,11,9,598869,6741,95527,12429,0.062442106043202786,0.6483568075117371
5647,0.5647,6,6,6,598875,6735,95533,12423,0.062386527844677464,0.6484497337926715
5648,0.5648,8,9,8,598884,6726,95541,12415,0.062303160546889474,0.6486077007470874
5649,0.5649,3,3,3,598887,6723,95544,12412,0.062275371447626814,0.6486542984060621
5650,0.565,6,6,6,598893,6717,95550,12406,0.062219793249101485,0.6487475814464257
5651,0.5651,6,9,6,598902,6708,95556,12400,0.062136425951313495,0.648942851161817
5652,0.5652,9,5,9,598907,6703,95565,12391,0.06209011078587573,0.6489473132921336
5653,0.5653,9,8,9,598915,6695,95574,12382,0.062016006521175296,0.6490538344603449
5654,0.5654,1,4,1,598919,6691,95575,12381,0.06197895438882508,0.6491715604026845
5655,0.5655,5,3,5,598922,6688,95580,12376,0.06195116528956241,0.6491817037347881
5656,0.5656,6,4,6,598926,6684,95586,12370,0.061914113157212194,0.6492075154823135
5657,0.5657,4,0,4,598926,6684,95590,12366,0.061914113157212194,0.6491338582677165
5658,0.5658,3,6,3,598932,6678,95593,12363,0.06185853495868687,0.6492831258862455
5659,0.5659,7,6,7,598938,6672,95600,12356,0.061802956760161544,0.6493588396047929
5660,0.566,8,7,8,598945,6665,95608,12348,0.061738115528548666,0.6494503760584863
5661,0.5661,5,3,5,598948,6662,95613,12343,0.061710326429286005,0.6494606682451987
5662,0.5662,10,5,10,598953,6657,95623,12333,0.06166401126384823,0.6494470774091627
5663,0.5663,9,4,9,598957,6653,95632,12324,0.061626959131498016,0.6494177161827476
5664,0.5664,7,9,7,598966,6644,95639,12317,0.06154359183371003,0.6495965402668635
5665,0.5665,5,5,5,598971,6639,95644,12312,0.06149727666827226,0.6496754788665505
5666,0.5666,8,2,8,598973,6637,95652,12304,0.06147875060209715,0.6495961142495117
5667,0.5667,7,5,7,598978,6632,95659,12297,0.06143243543665938,0.6496381214010248
5668,0.5668,5,7,5,598985,6625,95664,12292,0.0613675942050465,0.6497859068562668
5669,0.5669,3,7,3,598992,6618,95667,12289,0.06130275297343362,0.6499709102448828
5670,0.567,2,8,2,599000,6610,95669,12287,0.06122864870873319,0.6502090278880246
5671,0.5671,5,6,5,599006,6604,95674,12282,0.061173070510207865,0.6503229905750291
5672,0.5672,4,10,4,599016,6594,95678,12278,0.06108044017933232,0.650593471810089
5673,0.5673,3,4,3,599020,6590,95681,12275,0.0610433880469821,0.6506758547574875
5674,0.5674,6,5,6,599025,6585,95687,12269,0.06099707288154433,0.6507372440861355
5675,0.5675,4,5,4,599030,6580,95691,12265,0.060950757716106564,0.6508357654550279
5676,0.5676,5,6,5,599036,6574,95696,12260,0.060895179517581235,0.6509504088350855
5677,0.5677,6,5,6,599041,6569,95702,12254,0.06084886435214346,0.6510120597141794
5678,0.5678,9,4,9,599045,6565,95711,12245,0.060811812219793246,0.650983519404572
5679,0.5679,10,8,10,599053,6557,95721,12235,0.06073770795509281,0.6510749255002128
5680,0.568,5,2,5,599055,6555,95726,12230,0.06071918188891771,0.6510513707745542
5681,0.5681,11,2,11,599057,6553,95737,12219,0.060700655822742595,0.6509162582569785
5682,0.5682,7,5,7,599062,6548,95744,12212,0.06065434065730483,0.6509594882729212
5683,0.5683,5,5,5,599067,6543,95749,12207,0.06060802549186706,0.65104
5684,0.5684,10,3,10,599070,6540,95759,12197,0.060580236392604396,0.6509579975449645
5685,0.5685,5,8,5,599078,6532,95764,12192,0.06050613212790396,0.6511429181798761
5686,0.5686,4,5,4,599083,6527,95768,12188,0.06045981696246619,0.6512423189954581
5687,0.5687,7,5,7,599088,6522,95775,12181,0.06041350179702842,0.6512858899641769
5688,0.5688,3,0,3,599088,6522,95778,12178,0.06041350179702842,0.6512299465240642
5689,0.5689,8,3,8,599091,6519,95786,12170,0.060385712697765756,0.651185189148697
5690,0.569,1,5,1,599096,6514,95787,12169,0.06033939753232798,0.6513407910935075
5691,0.5691,10,4,10,599100,6510,95797,12159,0.060302345399977766,0.6512935883014623
5692,0.5692,7,8,7,599108,6502,95804,12152,0.06022824113527733,0.6514420499624746
5693,0.5693,9,3,9,599111,6499,95813,12143,0.06020045203601467,0.6513786074455531
5694,0.5694,8,7,8,599118,6492,95821,12135,0.060135610804401794,0.6514736672572072
5695,0.5695,5,3,5,599121,6489,95826,12130,0.06010782170513913,0.6514850421612332
5696,0.5696,13,3,13,599124,6486,95839,12117,0.060080032605876466,0.6513465570069343
5697,0.5697,5,7,5,599131,6479,95844,12112,0.06001519137426359,0.6514980366844172
5698,0.5698,3,6,3,599137,6473,95847,12109,0.059959613175738266,0.6516521364761597
5699,0.5699,8,10,8,599147,6463,95855,12101,0.05986698284486272,0.6518530489118725
5700,0.57,1,7,1,599154,6456,95856,12100,0.05980214161324984,0.6520801896960552
5701,0.5701,9,7,9,599161,6449,95865,12091,0.059737300381636965,0.6521574973031283
5702,0.5702,8,5,8,599166,6444,95873,12083,0.05969098521619919,0.6521833000485777
5703,0.5703,16,7,16,599173,6437,95889,12067,0.059626143984586315,0.6521292693471682
5704,0.5704,11,7,11,599180,6430,95900,12056,0.05956130275297344,0.6521692091312344
5705,0.5705,8,2,8,599182,6428,95908,12048,0.059542776686798325,0.6520891967958432
5706,0.5706,7,5,7,599187,6423,95915,12041,0.05949646152136055,0.6521338821490468
5707,0.5707,3,1,3,599188,6422,95918,12038,0.059487198488273,0.652112676056338
5708,0.5708,10,7,10,599195,6415,95928,12028,0.05942235725666012,0.6521715556037521
5709,0.5709,9,9,9,599204,6406,95937,12019,0.059338989958872136,0.6523202170963365
5710,0.571,6,6,6,599210,6400,95943,12013,0.05928341176034681,0.6524194862325531
5711,0.5711,5,2,5,599212,6398,95948,12008,0.0592648856941717,0.6523959578398348
5712,0.5712,11,6,11,599218,6392,95959,11997,0.059209307495646374,0.6524008918375116
5713,0.5713,7,2,7,599220,6390,95966,11990,0.05919078142947127,0.6523394994559304
5714,0.5714,4,3,4,599223,6387,95970,11986,0.0591629923302086,0.6523703260218799
5715,0.5715,8,9,8,599232,6378,95978,11978,0.05907962503242062,0.6525386794508607
5716,0.5716,6,4,6,599236,6374,95984,11972,0.0590425729000704,0.6525673171263491
5717,0.5717,8,6,8,599242,6368,95992,11964,0.05898699470154507,0.6526292821296095
5718,0.5718,9,8,9,599250,6360,96001,11955,0.05891289043684464,0.6527436527436528
5719,0.5719,9,6,9,599256,6354,96010,11946,0.05885731223831932,0.6527868852459017
5720,0.572,8,4,8,599260,6350,96018,11938,0.0588202601059691,0.6527777777777778
5721,0.5721,7,7,7,599267,6343,96025,11931,0.058755418874356216,0.652894823246142
5722,0.5722,4,6,4,599273,6337,96029,11927,0.058699840675830894,0.6530332895313185
5723,0.5723,6,3,6,599276,6334,96035,11921,0.058672051576568233,0.6530265680635442
5724,0.5724,6,5,6,599281,6329,96041,11915,0.05862573641113046,0.6530914273185705
5725,0.5725,5,4,5,599285,6325,96046,11910,0.058588684278780244,0.653139566767206
5726,0.5726,8,4,8,599289,6321,96054,11902,0.05855163214643003,0.6531306590572353
5727,0.5727,4,5,4,599294,6316,96058,11898,0.058505316980992254,0.6532337762160975
5728,0.5728,6,6,6,599300,6310,96064,11892,0.05844973878246693,0.653334798373805
5729,0.5729,5,7,5,599307,6303,96069,11887,0.058384897550854055,0.6534909290819131
5730,0.573,6,5,6,599312,6298,96075,11881,0.05833858238541628,0.6535563012266902
5731,0.5731,4,3,4,599315,6295,96079,11877,0.05831079328615362,0.6535879374862426
5732,0.5732,5,11,5,599326,6284,96084,11872,0.05820889992219052,0.6538885217008151
5733,0.5733,4,6,4,599332,6278,96088,11868,0.0581533217236652,0.6540284360189573
5734,0.5734,2,4,2,599336,6274,96090,11866,0.05811626959131498,0.6541345093715546
5735,0.5735,4,13,4,599349,6261,96094,11862,0.057995850161176775,0.6545273961264692
5736,0.5736,10,8,10,599357,6253,96104,11852,0.05792174589647634,0.6546257939795637
5737,0.5737,6,7,6,599364,6246,96110,11846,0.057856904664863464,0.6547645368118505
5738,0.5738,11,5,11,599369,6241,96121,11835,0.05781058949942569,0.6547355609648152
5739,0.5739,10,6,10,599375,6235,96131,11825,0.05775501130090037,0.6547619047619048
5740,0.574,6,6,6,599381,6229,96137,11819,0.05769943310237504,0.654864804964539
5741,0.5741,5,3,5,599384,6226,96142,11814,0.05767164400311238,0.6548780487804878
5742,0.5742,5,3,5,599387,6223,96147,11809,0.05764385490384972,0.654891304347826
5743,0.5743,5,5,5,599392,6218,96152,11804,0.057597539738411946,0.6549772500277439
5744,0.5744,10,4,10,599396,6214,96162,11794,0.05756048760606173,0.6549311417147934
5745,0.5745,1,4,1,599400,6210,96163,11793,0.05752343547371151,0.6550574904182637
5746,0.5746,3,4,3,599404,6206,96166,11790,0.057486383341361295,0.6551455879084241
5747,0.5747,4,4,4,599408,6202,96170,11786,0.05744933120901108,0.6552145875027796
5748,0.5748,2,3,2,599411,6199,96172,11784,0.05742154210974842,0.6552855474614914
5749,0.5749,2,6,2,599417,6193,96174,11782,0.05736596391122309,0.6554659248956884
5750,0.575,0,5,0,599422,6188,96174,11782,0.05731964874578532,0.6556483027267669
5751,0.5751,7,4,7,599426,6184,96181,11775,0.057282596613435106,0.6556601147057186
5752,0.5752,5,6,5,599432,6178,96186,11770,0.05722701841490978,0.6557833741921105
5753,0.5753,4,9,4,599441,6169,96190,11766,0.05714365111712179,0.6560356844159465
5754,0.5754,6,9,6,599450,6160,96196,11760,0.057060283819333805,0.65625
5755,0.5755,4,6,4,599456,6154,96200,11756,0.05700470562080848,0.656393076493579
5756,0.5756,6,4,6,599460,6150,96206,11750,0.05696765348845826,0.6564245810055865
5757,0.5757,5,5,5,599465,6145,96211,11745,0.05692133832302049,0.6565120178870878
5758,0.5758,2,5,2,599470,6140,96213,11743,0.05687502315758272,0.6566571604316949
5759,0.5759,9,5,9,599475,6135,96222,11734,0.05682870799214495,0.6566679724662824
5760,0.576,4,5,4,599480,6130,96226,11730,0.056782392826707176,0.6567749160134378
5761,0.5761,6,5,6,599485,6125,96232,11724,0.0567360776612694,0.6568435206454143
5762,0.5762,10,4,10,599489,6121,96242,11714,0.056699025528919186,0.6567984300532661
5763,0.5763,5,3,5,599492,6118,96247,11709,0.056671236429656525,0.6568126998373254
5764,0.5764,6,5,6,599497,6113,96253,11703,0.05662492126421875,0.6568814548720251
5765,0.5765,6,4,6,599501,6109,96259,11697,0.056587869131868536,0.6569133999775356
5766,0.5766,6,3,6,599504,6106,96265,11691,0.056560080032605875,0.6569084677192786
5767,0.5767,8,1,8,599505,6105,96273,11683,0.05655081699951832,0.6567910951203059
5768,0.5768,3,5,3,599510,6100,96276,11680,0.05650450183408055,0.6569178852643419
5769,0.5769,6,3,6,599513,6097,96282,11674,0.056476712734817885,0.6569129480614484
5770,0.577,8,4,8,599517,6093,96290,11666,0.05643966060246767,0.6569063573399403
5771,0.5771,2,5,2,599522,6088,96292,11664,0.0563933454370299,0.6570527264533573
5772,0.5772,10,4,10,599526,6084,96302,11654,0.056356293304679686,0.6570075544029766
5773,0.5773,7,4,7,599530,6080,96309,11647,0.05631924117232947,0.6570203644158628
5774,0.5774,3,8,3,599538,6072,96312,11644,0.056245136907629036,0.6572589749379092
5775,0.5775,7,5,7,599543,6067,96319,11637,0.05619882174219126,0.6573090826931767
5776,0.5776,4,6,4,599549,6061,96323,11633,0.05614324354366594,0.6574545043517577
5777,0.5777,8,4,8,599553,6057,96331,11625,0.056106191411315724,0.657448252460129
5778,0.5778,10,5,10,599558,6052,96341,11615,0.05605987624587795,0.6574404256523462
5779,0.5779,4,4,4,599562,6048,96345,11611,0.056022824113527735,0.6575117503822413
5780,0.578,4,3,4,599565,6045,96349,11607,0.055995035014265074,0.6575458871515976
5781,0.5781,3,6,3,599571,6039,96352,11604,0.055939456815739745,0.6577112735929264
5782,0.5782,4,6,4,599577,6033,96356,11600,0.05588387861721442,0.6578574264163783
5783,0.5783,6,2,6,599579,6031,96362,11594,0.05586535255103931,0.6578156028368795
5784,0.5784,7,2,7,599581,6029,96369,11587,0.055846826484864207,0.6577543142597638
5785,0.5785,4,5,4,599586,6024,96373,11583,0.055800511319426434,0.6578633498040553
5786,0.5786,7,3,7,599589,6021,96380,11576,0.05577272222016377,0.6578394044439393
5787,0.5787,3,5,3,599594,6016,96383,11573,0.055726407054726,0.6579680482119507
5788,0.5788,4,4,4,599598,6012,96387,11569,0.05568935492237578,0.6580399294693134
5789,0.5789,5,6,5,599604,6006,96392,11564,0.055633776723850455,0.6581673306772908
5790,0.579,1,8,1,599612,5998,96393,11563,0.05555967245915002,0.6584476966004214
5791,0.5791,9,4,9,599616,5994,96402,11554,0.055522620326799804,0.6584226122635058
5792,0.5792,4,3,4,599619,5991,96406,11550,0.05549483122753714,0.6584573285445527
5793,0.5793,8,3,8,599622,5988,96414,11542,0.05546704212827448,0.6584141471762692
5794,0.5794,7,1,7,599623,5987,96421,11535,0.055457779095186926,0.6583152608149755
5795,0.5795,5,5,5,599628,5982,96426,11530,0.055411463929749154,0.6584056646870717
5796,0.5796,6,4,6,599632,5978,96432,11524,0.05537441179739894,0.6584390355387956
5797,0.5797,6,2,6,599634,5976,96438,11518,0.05535588573122383,0.6583971647421973
5798,0.5798,3,6,3,599640,5970,96441,11515,0.05530030753269851,0.6585644838432942
5799,0.5799,4,5,4,599645,5965,96445,11511,0.05525399236726074,0.6586747539482719
5800,0.58,9,6,9,599651,5959,96454,11502,0.05519841416873541,0.6587251589256057
5801,0.5801,6,1,6,599652,5958,96460,11496,0.05518915113564786,0.6586455826744586
5802,0.5802,2,5,2,599657,5953,96462,11494,0.05514283597021009,0.6587952083452743
5803,0.5803,6,6,6,599663,5947,96468,11488,0.05508725777168476,0.6589045024376254
5804,0.5804,3,2,3,599665,5945,96471,11485,0.05506873170550965,0.6589213998852553
5805,0.5805,5,10,5,599675,5935,96476,11480,0.05497610137463411,0.6592018374964111
5806,0.5806,5,4,5,599679,5931,96481,11475,0.05493904924228389,0.6592554291623578
5807,0.5807,5,3,5,599682,5928,96486,11470,0.05491126014302123,0.6592711805954707
5808,0.5808,6,4,6,599686,5924,96492,11464,0.05487420801067101,0.6593052680009202
5809,0.5809,9,8,9,599694,5916,96501,11455,0.05480010374597058,0.659432387312187
5810,0.581,5,4,5,599698,5912,96506,11450,0.05476305161362036,0.6594862343048036
5811,0.5811,7,7,7,599705,5905,96513,11443,0.054698210382007485,0.659614941203597
5812,0.5812,2,5,2,599710,5900,96515,11441,0.05465189521656971,0.6597658727870365
5813,0.5813,7,6,7,599716,5894,96522,11434,0.05459631701804439,0.6598568790397045
5814,0.5814,5,5,5,599721,5889,96527,11429,0.05455000185260662,0.6599491858182238
5815,0.5815,7,7,7,599728,5882,96534,11422,0.05448516062099374,0.6600785945446139
5816,0.5816,2,2,2,599730,5880,96536,11420,0.05446663455481863,0.6601156069364161
5817,0.5817,5,2,5,599732,5878,96541,11415,0.054448108488643523,0.6600936795235066
5818,0.5818,6,4,6,599736,5874,96547,11409,0.05441105635629331,0.6601284499218886
5819,0.5819,8,10,8,599746,5864,96555,11401,0.05431842602541776,0.6603533159571388
5820,0.582,2,4,2,599750,5860,96557,11399,0.054281373893067544,0.6604670027232169
5821,0.5821,7,3,7,599753,5857,96564,11392,0.05425358479380488,0.660444083714998
5822,0.5822,6,7,6,599760,5850,96570,11386,0.054188743562192006,0.6605941053608726
5823,0.5823,8,2,8,599762,5848,96578,11378,0.054170217496016894,0.6605131777545571
5824,0.5824,8,7,8,599769,5841,96586,11370,0.054105376264404016,0.6606240195223985
5825,0.5825,5,4,5,599773,5837,96591,11365,0.0540683241320538,0.6606789908150215
5826,0.5826,5,4,5,599777,5833,96596,11360,0.05403127199970358,0.6607340196591636
5827,0.5827,7,7,7,599784,5826,96603,11353,0.053966430768090705,0.66086500960475
5828,0.5828,5,7,5,599791,5819,96608,11348,0.05390158953647783,0.661035708044504
5829,0.5829,1,5,1,599796,5814,96609,11347,0.053855274371040054,0.6612085542800537
5830,0.583,3,5,3,599801,5809,96612,11344,0.05380895920560228,0.6613420392934181
5831,0.5831,5,4,5,599805,5805,96617,11339,0.053771907073252065,0.6613975734951003
5832,0.5832,6,2,6,599807,5803,96623,11333,0.05375338100707696,0.6613562091503268
5833,0.5833,7,5,7,599812,5798,96630,11326,0.05370706584163919,0.6614108853071712
5834,0.5834,5,7,5,599819,5791,96635,11321,0.05364222461002631,0.6615825151940159
5835,0.5835,4,7,4,599826,5784,96639,11317,0.053577383378413425,0.661774165253494
5836,0.5836,9,6,9,599832,5778,96648,11308,0.0535218051798881,0.6618283975184361
5837,0.5837,9,4,9,599836,5774,96657,11299,0.053484753047537886,0.6618051894804662
5838,0.5838,11,5,11,599841,5769,96668,11288,0.053438437882100114,0.6617810869437768
5839,0.5839,8,3,8,599844,5766,96676,11280,0.05341064878283745,0.6617388243576205
5840,0.584,10,3,10,599847,5763,96686,11270,0.05338285968357479,0.6616567838900957
5841,0.5841,10,1,10,599848,5762,96696,11260,0.053373596650487236,0.6614968863823287
5842,0.5842,1,6,1,599854,5756,96697,11259,0.05331801845196191,0.6617102556567734
5843,0.5843,5,5,5,599859,5751,96702,11254,0.05327170328652414,0.6618053513672449
5844,0.5844,7,2,7,599861,5749,96709,11247,0.05325317722034903,0.6617439397505296
5845,0.5845,9,2,9,599863,5747,96718,11238,0.053234651154173925,0.661642625846335
5846,0.5846,3,7,3,599870,5740,96721,11235,0.05316980992256105,0.6618556701030928
5847,0.5847,4,5,4,599875,5735,96725,11231,0.053123494757123274,0.6619710008251798
5848,0.5848,4,5,4,599880,5730,96729,11227,0.0530771795916855,0.6620864539718111
5849,0.5849,3,5,3,599885,5725,96732,11224,0.05303086442624773,0.66222195999764
5850,0.585,4,3,4,599888,5722,96736,11220,0.05300307532698507,0.6622594734978161
5851,0.5851,3,3,3,599891,5719,96739,11217,0.05297528622772241,0.6623169579593765
5852,0.5852,4,2,4,599893,5717,96743,11213,0.052956760161547295,0.6623154164205552
5853,0.5853,5,7,5,599900,5710,96748,11208,0.05289191892993442,0.6624896559877054
5854,0.5854,11,3,11,599903,5707,96759,11197,0.052864129830671756,0.6623876005679129
5855,0.5855,7,4,7,599907,5703,96766,11190,0.05282707769832154,0.6624045462617653
5856,0.5856,3,4,3,599911,5699,96769,11187,0.05279002556597132,0.6625014805164041
5857,0.5857,8,4,8,599915,5695,96777,11179,0.052752973433621106,0.6624985184307218
5858,0.5858,8,2,8,599917,5693,96785,11171,0.052734447367445994,0.6624169829222012
5859,0.5859,4,5,4,599922,5688,96789,11167,0.05268813220200823,0.6625333728863838
5860,0.586,7,2,7,599924,5686,96796,11160,0.052669606135833116,0.6624718033954649
5861,0.5861,4,5,4,599929,5681,96800,11156,0.052623290970395344,0.6625883470927125
5862,0.5862,5,4,5,599933,5677,96805,11151,0.05258623883804513,0.6626455906821963
5863,0.5863,6,3,6,599936,5674,96811,11145,0.052558449738782466,0.662643438967834
5864,0.5864,2,2,2,599938,5672,96813,11143,0.05253992367260736,0.6626821290514422
5865,0.5865,3,2,3,599940,5670,96816,11140,0.05252139760643225,0.6627007733491969
5866,0.5866,5,3,5,599943,5667,96821,11135,0.05249360850716959,0.6627187239614332
5867,0.5867,4,5,4,599948,5662,96825,11131,0.052447293341731815,0.6628357053534211
5868,0.5868,5,2,5,599950,5660,96830,11126,0.05242876727555671,0.6628142499702133
5869,0.5869,8,2,8,599952,5658,96838,11118,0.0524102412093816,0.6627324749642346
5870,0.587,7,5,7,599957,5653,96845,11111,0.052363926043943826,0.6627893104271056
5871,0.5871,6,7,6,599964,5646,96851,11105,0.05229908481233095,0.662945495791296
5872,0.5872,5,6,5,599970,5640,96856,11100,0.052243506613805626,0.6630824372759857
5873,0.5873,4,6,4,599976,5634,96860,11096,0.0521879284152803,0.6632396891811118
5874,0.5874,4,3,4,599979,5631,96864,11092,0.05216013931601764,0.6632781199545537
5875,0.5875,3,3,3,599982,5628,96867,11089,0.052132350216754976,0.6633367230962494
5876,0.5876,7,5,7,599987,5623,96874,11082,0.0520860350513172,0.6633941933552828
5877,0.5877,10,6,10,599993,5617,96884,11072,0.05203045685279188,0.663431002456708
5878,0.5878,5,7,5,600000,5610,96889,11067,0.051965615621179,0.6636085626911316
5879,0.5879,6,7,6,600007,5603,96895,11061,0.05190077438956612,0.6637662025924148
5880,0.588,7,5,7,600012,5598,96902,11054,0.051854459224128346,0.6638241652654335
5881,0.5881,7,5,7,600017,5593,96909,11047,0.05180814405869058,0.6638822115384615
5882,0.5882,9,1,9,600018,5592,96918,11038,0.051798881025603025,0.663740228502706
5883,0.5883,8,5,8,600023,5587,96926,11030,0.05175256586016525,0.6637780586146718
5884,0.5884,4,3,4,600026,5584,96930,11026,0.05172477676090259,0.6638169777242625
5885,0.5885,6,3,6,600029,5581,96936,11020,0.05169698766163993,0.6638154328052527
5886,0.5886,5,5,5,600034,5576,96941,11015,0.05165067249620216,0.6639141703333132
5887,0.5887,10,6,10,600040,5570,96951,11005,0.05159509429767683,0.6639517345399698
5888,0.5888,6,6,6,600046,5564,96957,10999,0.05153951609915151,0.6640705186258528
5889,0.5889,3,4,3,600050,5560,96960,10996,0.05150246396680129,0.6641700893935734
5890,0.589,4,2,4,600052,5558,96964,10992,0.05148393790062618,0.6641691842900302
5891,0.5891,5,6,5,600058,5552,96969,10987,0.051428359702100856,0.6643086039059194
5892,0.5892,4,7,4,600065,5545,96973,10983,0.05136351847048798,0.6645087124878993
5893,0.5893,3,4,3,600069,5541,96976,10980,0.05132646633813776,0.6646086798619938
5894,0.5894,6,2,6,600071,5539,96982,10974,0.05130794027196265,0.6645673106037667
5895,0.5895,4,5,4,600076,5534,96986,10970,0.05126162510652488,0.6646873485215705
5896,0.5896,5,8,5,600084,5526,96991,10965,0.051187520841824444,0.6649081317082045
5897,0.5897,4,7,4,600091,5519,96995,10961,0.051122679610211566,0.6651092233009709
5898,0.5898,9,2,9,600093,5517,97004,10952,0.05110415354403646,0.6650069828162002
5899,0.5899,3,3,3,600096,5514,97007,10949,0.05107636444477379,0.6650671202089534
5900,0.59,7,7,7,600103,5507,97014,10942,0.051011523213160916,0.6652076114049487
5901,0.5901,6,3,6,600106,5504,97020,10936,0.050983734113898255,0.6652068126520682
5902,0.5902,10,0,10,600106,5504,97030,10926,0.050983734113898255,0.6650030432136336
5903,0.5903,5,3,5,600109,5501,97035,10921,0.050955945014635594,0.665022530751431
5904,0.5904,2,4,2,600113,5497,97037,10919,0.05091889288228538,0.6651437621832359
5905,0.5905,2,3,2,600116,5494,97039,10917,0.050891103783022716,0.6652245445128268
5906,0.5906,12,11,12,600127,5483,97051,10905,0.050789210419059615,0.6654259214059067
5907,0.5907,5,4,5,600131,5479,97056,10900,0.0507521582867094,0.6654862934245069
5908,0.5908,5,4,5,600135,5475,97061,10895,0.05071510615435918,0.6655467318265119
5909,0.5909,5,0,5,600135,5475,97066,10890,0.05071510615435918,0.6654445462878094
5910,0.591,5,3,5,600138,5472,97071,10885,0.05068731705509652,0.6654643271993642
5911,0.5911,5,3,5,600141,5469,97076,10880,0.05065952795583386,0.66548412746957
5912,0.5912,2,4,2,600145,5465,97078,10878,0.05062247582348364,0.6656060698770115
5913,0.5913,3,3,3,600148,5462,97081,10875,0.05059468672422098,0.6656668911060782
5914,0.5914,4,3,4,600151,5459,97085,10871,0.050566897624958314,0.6657072872014697
5915,0.5915,4,3,4,600154,5456,97089,10867,0.05053910852569565,0.6657477179440054
5916,0.5916,12,1,12,600155,5455,97101,10855,0.0505298454926081,0.6655426118945432
5917,0.5917,4,3,4,600158,5452,97105,10851,0.050502056393345436,0.6655830215297798
5918,0.5918,7,5,7,600163,5447,97112,10844,0.05045574122790766,0.6656436068995151
5919,0.5919,7,2,7,600165,5445,97119,10837,0.05043721516173256,0.6655816238791303
5920,0.592,6,10,6,600175,5435,97125,10831,0.05034458483085701,0.6658674535841633
5921,0.5921,8,6,8,600181,5429,97133,10823,0.05028900663233169,0.665948806300763
5922,0.5922,3,5,3,600186,5424,97136,10820,0.05024269146689392,0.6660920955429697
5923,0.5923,10,7,10,600193,5417,97146,10810,0.05017785023528104,0.6661736611819806
5924,0.5924,6,4,6,600197,5413,97152,10804,0.050140798102930824,0.6662144663007955
5925,0.5925,8,1,8,600198,5412,97160,10796,0.05013153506984327,0.6660908193484699
5926,0.5926,4,4,4,600202,5408,97164,10792,0.05009448293749305,0.6661728395061728
5927,0.5927,2,10,2,600212,5398,97166,10790,0.05000185260661751,0.6665431183592785
5928,0.5928,9,7,9,600219,5391,97175,10781,0.049937011375004635,0.6666460549097205
5929,0.5929,3,7,3,600226,5384,97178,10778,0.04987217014339175,0.6668729117683455
5930,0.593,7,6,7,600232,5378,97185,10771,0.04981659194486643,0.6669762833611989
5931,0.5931,8,4,8,600236,5374,97193,10763,0.04977953981251621,0.6669765136022805
5932,0.5932,5,2,5,600238,5372,97198,10758,0.0497610137463411,0.6669559826410415
5933,0.5933,4,3,4,600241,5369,97202,10754,0.04973322464707844,0.6669974570489363
5934,0.5934,3,3,3,600244,5366,97205,10751,0.04970543554781578,0.6670596264813551
5935,0.5935,4,5,4,600249,5361,97209,10747,0.049659120382378005,0.667184007946362
5936,0.5936,7,9,7,600258,5352,97216,10740,0.049575753084590016,0.6674123788217748
5937,0.5937,5,5,5,600263,5347,97221,10735,0.04952943791915225,0.6675164780499938
5938,0.5938,7,2,7,600265,5345,97228,10728,0.04951091185297714,0.6674547377589747
5939,0.5939,4,4,4,600269,5341,97232,10724,0.04947385972062692,0.6675381263616558
5940,0.594,9,3,9,600272,5338,97241,10715,0.04944607062136426,0.6674764841462655
5941,0.5941,6,3,6,600275,5335,97247,10709,0.0494182815221016,0.6674769384193467
5942,0.5942,5,2,5,600277,5333,97252,10704,0.04939975545592649,0.6674565068279603
5943,0.5943,4,4,4,600281,5329,97256,10700,0.04936270332357627,0.6675400835984777
5944,0.5944,7,0,7,600281,5329,97263,10693,0.04936270332357627,0.6673948321058545
5945,0.5945,7,5,7,600286,5324,97270,10686,0.0493163881581385,0.6674578388507183
5946,0.5946,6,3,6,600289,5321,97276,10680,0.04928859905887584,0.6674582838572589
5947,0.5947,3,5,3,600294,5316,97279,10677,0.049242283893438064,0.6676045770024386
5948,0.5948,6,4,6,600298,5312,97285,10671,0.04920523176108785,0.6676468748044797
5949,0.5949,9,7,9,600305,5305,97294,10662,0.04914039052947497,0.6677522389929229
5950,0.595,4,6,4,600311,5299,97298,10658,0.04908481233094965,0.667920035094316
5951,0.5951,9,3,9,600314,5296,97307,10649,0.04905702323168698,0.6678582627783004
5952,0.5952,7,2,7,600316,5294,97314,10642,0.049038497165511875,0.6677961847389559
5953,0.5953,5,7,5,600323,5287,97319,10637,0.048973655933899,0.6679854307962824
5954,0.5954,1,5,1,600328,5282,97320,10636,0.048927340768461225,0.6681743937680613
5955,0.5955,5,4,5,600332,5278,97325,10631,0.04889028863611101,0.6682381042177384
5956,0.5956,10,4,10,600336,5274,97335,10621,0.04885323650376079,0.6681975463982385
5957,0.5957,4,8,4,600344,5266,97339,10617,0.04877913223906036,0.6684505446074419
5958,0.5958,7,6,7,600350,5260,97346,10610,0.048723554040535036,0.6685570258349086
5959,0.5959,6,6,6,600356,5254,97352,10604,0.04866797584200971,0.6686845756085257
5960,0.596,4,0,4,600356,5254,97356,10600,0.04866797584200971,0.6686009839788066
5961,0.5961,6,5,6,600361,5249,97362,10594,0.048621660676571934,0.6686864861453008
5962,0.5962,7,6,7,600367,5243,97369,10587,0.04856608247804661,0.6687934301958307
5963,0.5963,6,1,6,600368,5242,97375,10581,0.04855681944495906,0.6687101055425646
5964,0.5964,4,8,4,600376,5234,97379,10577,0.04848271518025862,0.6689646448674973
5965,0.5965,8,4,8,600380,5230,97387,10569,0.048445663047908406,0.6689663902778656
5966,0.5966,5,4,5,600384,5226,97392,10564,0.04840861091555819,0.6690310322989234
5967,0.5967,3,0,3,600384,5226,97395,10561,0.04840861091555819,0.6689681383416736
5968,0.5968,7,5,7,600389,5221,97402,10554,0.04836229575012042,0.6690332805071315
5969,0.5969,10,2,10,600391,5219,97412,10544,0.04834376968394531,0.668908202753283
5970,0.597,8,6,8,600397,5213,97420,10536,0.04828819148541998,0.6689948568163058
5971,0.5971,7,7,7,600404,5206,97427,10529,0.048223350253807105,0.6691452176676199
5972,0.5972,9,7,9,600411,5199,97436,10520,0.04815850902219423,0.6692537693237484
5973,0.5973,4,8,4,600419,5191,97440,10516,0.048084404757493794,0.6695104093716178
5974,0.5974,6,3,6,600422,5188,97446,10510,0.04805661565823113,0.6695120397502866
5975,0.5975,2,1,2,600423,5187,97448,10508,0.04804735262514358,0.6695125836253584
5976,0.5976,5,3,5,600426,5184,97453,10503,0.048019563525880916,0.6695352839931153
5977,0.5977,8,4,8,600430,5180,97461,10495,0.0479825113935307,0.6695374800637959
5978,0.5978,9,8,9,600438,5172,97470,10486,0.047908407128830266,0.6696896155319965
5979,0.5979,4,2,4,600440,5170,97474,10482,0.047889881062655154,0.6696907743419371
5980,0.598,5,4,5,600444,5166,97479,10477,0.04785282893030494,0.6697564405804514
5981,0.5981,4,6,4,600450,5160,97483,10473,0.047797250731779616,0.6699289963538668
5982,0.5982,7,8,7,600458,5152,97490,10466,0.04772314646707918,0.6701242156486106
5983,0.5983,5,6,5,600464,5146,97495,10461,0.04766756826855385,0.6702761581341705
5984,0.5984,9,2,9,600466,5144,97504,10452,0.04764904220237875,0.6701718389330598
5985,0.5985,3,2,3,600468,5142,97507,10449,0.047630516136203636,0.6701943428901289
5986,0.5986,6,4,6,600472,5138,97513,10443,0.04759346400385342,0.670239394133881
5987,0.5987,3,2,3,600474,5136,97516,10440,0.047574937937678315,0.6702619414483821
5988,0.5988,4,4,4,600478,5132,97520,10436,0.0475378858053281,0.670349434737924
5989,0.5989,9,3,9,600481,5129,97529,10427,0.04751009670606544,0.6702879917716636
5990,0.599,7,9,7,600490,5120,97536,10420,0.04742672940827745,0.6705276705276705
5991,0.5991,4,3,4,600493,5117,97540,10416,0.047398940309014786,0.6705723298783236
5992,0.5992,8,3,8,600496,5114,97548,10408,0.04737115120975212,0.6705321479190826
5993,0.5993,6,4,6,600500,5110,97554,10402,0.0473340990774019,0.6705776173285198
5994,0.5994,6,4,6,600504,5106,97560,10396,0.047297046945051685,0.6706231454005934
5995,0.5995,6,8,6,600512,5098,97566,10390,0.04722294268035125,0.6708419421487604
5996,0.5996,7,6,7,600518,5092,97573,10383,0.04716736448182593,0.6709531502423264
5997,0.5997,8,9,8,600527,5083,97581,10375,0.04708399718403794,0.6711735023935826
5998,0.5998,4,3,4,600530,5080,97585,10371,0.04705620808477528,0.6712186913468384
5999,0.5999,1,4,1,600534,5076,97586,10370,0.04701915595242506,0.6713712287970995
6000,0.6,3,3,3,600537,5073,97589,10367,0.0469913668531624,0.6714378238341969
6001,0.6001,7,2,7,600539,5071,97596,10360,0.04697284078698729,0.6713758019570993
6002,0.6002,0,4,0,600543,5067,97596,10360,0.04693578865463707,0.6715498800803785
6003,0.6003,4,4,4,600547,5063,97600,10356,0.046898736522286856,0.6716388870873597
6004,0.6004,8,5,8,600552,5058,97608,10348,0.04685242135684908,0.6716863559652083
6005,0.6005,10,9,10,600561,5049,97618,10338,0.0467690540590611,0.6718658607915773
6006,0.6006,5,2,5,600563,5047,97623,10333,0.04675052799288599,0.6718465539661899
6007,0.6007,4,4,4,600567,5043,97627,10329,0.04671347586053577,0.671935987509758
6008,0.6008,6,1,6,600568,5042,97633,10323,0.04670421282744822,0.6718516108037749
6009,0.6009,4,5,4,600573,5037,97637,10319,0.04665789766201045,0.6719848918989321
6010,0.601,4,4,4,600577,5033,97641,10315,0.04662084552966023,0.6720745373990097
6011,0.6011,4,3,4,600580,5030,97645,10311,0.04659305643039757,0.6721204615083762
6012,0.6012,4,4,4,600584,5026,97649,10307,0.046556004298047356,0.6722102654405531
6013,0.6013,8,2,8,600586,5024,97657,10299,0.046537478231872244,0.6721268681067676
6014,0.6014,5,3,5,600589,5021,97662,10294,0.04650968913260958,0.6721514854717597
6015,0.6015,9,5,9,600594,5016,97671,10285,0.04646337396717181,0.6721782890007189
6016,0.6016,8,7,8,600601,5009,97679,10277,0.04639853273555893,0.6723145361768939
6017,0.6017,7,1,7,600602,5008,97686,10270,0.04638926970247138,0.6722084042413928
6018,0.6018,2,4,2,600606,5004,97688,10268,0.04635221757012116,0.6723415400733368
6019,0.6019,7,2,7,600608,5002,97695,10261,0.046333691503946055,0.6722793684072594
6020,0.602,6,9,6,600617,4993,97701,10255,0.046250324206158065,0.6725472193074502
6021,0.6021,12,5,12,600622,4988,97713,10243,0.04620400904072029,0.6725100124745584
6022,0.6022,4,4,4,600626,4984,97717,10239,0.046166956908370076,0.6726006700387571
6023,0.6023,2,3,2,600629,4981,97719,10237,0.046139167809107415,0.672690235247733
6024,0.6024,8,3,8,600632,4978,97727,10229,0.046111378709844754,0.6726507529427237
6025,0.6025,3,2,3,600634,4976,97730,10226,0.04609285264366964,0.672674648072622
6026,0.6026,9,6,9,600640,4970,97739,10217,0.04603727444514432,0.672746427865938
6027,0.6027,3,1,3,600641,4969,97742,10214,0.046028011412056764,0.6727260752157018
6028,0.6028,5,4,5,600645,4965,97747,10209,0.04599095927970655,0.6727955713720838
6029,0.6029,4,2,4,600647,4963,97751,10205,0.045972433213531436,0.6727979957805907
6030,0.603,8,3,8,600650,4960,97759,10197,0.045944644114268775,0.6727584614369598
6031,0.6031,9,2,9,600652,4958,97768,10188,0.04592611804809367,0.6726528456358114
6032,0.6032,4,4,4,600656,4954,97772,10184,0.04588906591574345,0.6727440877262518
6033,0.6033,6,6,6,600662,4948,97778,10178,0.045833487717218124,0.672881131825995
6034,0.6034,3,9,3,600671,4939,97781,10175,0.045750120419430135,0.673216885007278
6035,0.6035,7,3,7,600674,4936,97788,10168,0.045722331320167474,0.6731991525423728
6036,0.6036,10,3,10,600677,4933,97798,10158,0.04569454222090481,0.6731164270094758
6037,0.6037,6,4,6,600681,4929,97804,10152,0.045657490088554596,0.6731649094887607
6038,0.6038,9,5,9,600686,4924,97813,10143,0.04561117492311682,0.6731930709497578
6039,0.6039,7,7,7,600693,4917,97820,10136,0.045546333691503946,0.6733541486746828
6040,0.604,11,5,11,600698,4912,97831,10125,0.04550001852606617,0.6733390968943274
6041,0.6041,4,3,4,600701,4909,97835,10121,0.04547222942680351,0.6733865602129075
6042,0.6042,1,3,1,600704,4906,97836,10120,0.04544444032754085,0.6734992679355783
6043,0.6043,3,4,3,600708,4902,97839,10117,0.045407388195190634,0.6736134229975365
6044,0.6044,4,2,4,600710,4900,97843,10113,0.04538886212901552,0.6736161992939452
6045,0.6045,3,2,3,600712,4898,97846,10110,0.04537033606284042,0.6736407249466951
6046,0.6046,8,1,8,600713,4897,97854,10102,0.04536107302975286,0.6735115674378291
6047,0.6047,6,5,6,600718,4892,97860,10096,0.04531475786431509,0.6736055511075527
6048,0.6048,5,2,5,600720,4890,97865,10091,0.045296231798139984,0.6735865429544089
6049,0.6049,7,4,7,600724,4886,97872,10084,0.04525917966578977,0.6736138944555778
6050,0.605,4,2,4,600726,4884,97876,10080,0.045240653599614655,0.673616680032077
6051,0.6051,9,5,9,600731,4879,97885,10071,0.04519433843417689,0.6736454849498328
6052,0.6052,6,6,6,600737,4873,97891,10065,0.04513876023565156,0.6737849779086893
6053,0.6053,7,6,7,600743,4867,97898,10058,0.04508318203712624,0.6739028475711892
6054,0.6054,11,5,11,600748,4862,97909,10047,0.045036866871688466,0.6738882554161916
6055,0.6055,5,5,5,600753,4857,97914,10042,0.044990551706250693,0.6740049667762937
6056,0.6056,9,4,9,600757,4853,97923,10033,0.04495349957390048,0.6739889829369877
6057,0.6057,3,3,3,600760,4850,97926,10030,0.044925710474637816,0.6740591397849462
6058,0.6058,4,1,4,600761,4849,97930,10026,0.04491644744155026,0.674016806722689
6059,0.6059,5,7,5,600768,4842,97935,10021,0.04485160620993738,0.6742245845387876
6060,0.606,7,2,7,600770,4840,97942,10014,0.04483308014376227,0.6741618419281001
6061,0.6061,6,5,6,600775,4835,97948,10008,0.044786764978324504,0.6742572256282423
6062,0.6062,4,2,4,600777,4833,97952,10004,0.04476823891214939,0.6742602952079262
6063,0.6063,4,6,4,600783,4827,97956,10000,0.04471266071362407,0.6744452687664396
6064,0.6064,5,3,5,600786,4824,97961,9995,0.0446848716143614,0.674471961670828
6065,0.6065,6,5,6,600791,4819,97967,9989,0.04463855644892364,0.6745678011885468
6066,0.6066,4,3,4,600794,4816,97971,9985,0.044610767349660976,0.6746165799608135
6067,0.6067,6,3,6,600797,4813,97977,9979,0.04458297825039831,0.6746214169821525
6068,0.6068,6,7,6,600804,4806,97983,9973,0.04451813701878543,0.6748088503958319
6069,0.6069,6,2,6,600806,4804,97989,9967,0.044499610952610326,0.6747681267348182
6070,0.607,7,3,7,600809,4801,97996,9960,0.04447182185334766,0.6747510331278369
6071,0.6071,3,6,3,600815,4795,97999,9957,0.044416243654822336,0.6749593275488069
6072,0.6072,4,2,4,600817,4793,98003,9953,0.044397717588647224,0.674962701749627
6073,0.6073,8,1,8,600818,4792,98011,9945,0.044388454555559675,0.6748320553708353
6074,0.6074,7,6,7,600824,4786,98018,9938,0.04433287635703435,0.6749524585710405
6075,0.6075,6,3,6,600827,4783,98024,9932,0.044305087257771686,0.6749575263336731
6076,0.6076,5,6,5,600833,4777,98029,9927,0.04424950905924636,0.6751224156692056
6077,0.6077,10,5,10,600838,4772,98039,9917,0.04420319389380859,0.6751310504459119
6078,0.6078,6,2,6,600840,4770,98045,9911,0.04418466782763348,0.6750902527075813
6079,0.6079,3,2,3,600842,4768,98048,9908,0.044166141761458375,0.6751158353774871
6080,0.608,1,4,1,600846,4764,98049,9907,0.04412908962910816,0.6752777588439779
6081,0.6081,7,4,7,600850,4760,98056,9900,0.04409203749675794,0.6753069577080492
6082,0.6082,5,5,5,600855,4755,98061,9895,0.04404572233132017,0.6754266211604095
6083,0.6083,6,2,6,600857,4753,98067,9889,0.044027196265145056,0.6753858762464144
6084,0.6084,2,3,2,600860,4750,98069,9887,0.043999407165882395,0.6754799480767917
6085,0.6085,5,3,5,600863,4747,98074,9882,0.043971618066619735,0.6755075534896439
6086,0.6086,10,4,10,600867,4743,98084,9872,0.04393456593426952,0.6754704071159767
6087,0.6087,6,6,6,600873,4737,98090,9866,0.04387898773574419,0.6756145997397794
6088,0.6088,8,6,8,600879,4731,98098,9858,0.04382340953721887,0.6757145794776886
6089,0.6089,8,3,8,600882,4728,98106,9850,0.043795620437956206,0.6756756756756757
6090,0.609,3,6,3,600888,4722,98109,9847,0.04374004223943088,0.6758871576635321
6091,0.6091,6,2,6,600890,4720,98115,9841,0.04372151617325577,0.6758464391181924
6092,0.6092,6,3,6,600893,4717,98121,9835,0.043693727073993105,0.6758521165475536
6093,0.6093,3,4,3,600897,4713,98124,9832,0.04365667494164289,0.675971124097628
6094,0.6094,7,2,7,600899,4711,98131,9825,0.04363814887546778,0.6759080902586682
6095,0.6095,4,1,4,600900,4710,98135,9821,0.04362888584238023,0.6758653912325373
6096,0.6096,4,3,4,600903,4707,98139,9817,0.043601096743117566,0.6759157256954007
6097,0.6097,4,2,4,600905,4705,98143,9813,0.04358257067694246,0.6759195481471277
6098,0.6098,4,7,4,600912,4698,98147,9809,0.04351772944532958,0.676156338319432
6099,0.6099,9,3,9,600915,4695,98156,9800,0.043489940346066916,0.6760952052431873
6100,0.61,6,1,6,600916,4694,98162,9794,0.04348067731297936,0.6760077305356157
6101,0.6101,5,4,5,600920,4690,98167,9789,0.04344362518062914,0.6760826023896678
6102,0.6102,5,1,5,600921,4689,98172,9784,0.043434362147541594,0.676017411732191
6103,0.6103,5,6,5,600927,4683,98177,9779,0.043378783949016265,0.6761858664085189
6104,0.6104,10,2,10,600929,4681,98187,9769,0.04336025788284116,0.6760553633217993
6105,0.6105,4,3,4,600932,4678,98191,9765,0.04333246878357849,0.6761060721456761
6106,0.6106,3,4,3,600936,4674,98194,9762,0.043295416651228276,0.6762261014131339
6107,0.6107,2,4,2,600940,4670,98196,9760,0.04325836451887806,0.6763686763686764
6108,0.6108,3,4,3,600944,4666,98199,9757,0.04322131238652784,0.6764889412743534
6109,0.6109,11,3,11,600947,4663,98210,9746,0.04319352328726518,0.676382816295371
6110,0.611,4,3,4,600950,4660,98214,9742,0.04316573418800252,0.6764338286349119
6111,0.6111,7,7,7,600957,4653,98221,9735,0.04310089295638964,0.676605504587156
6112,0.6112,6,6,6,600963,4647,98227,9729,0.043045314757864314,0.6767529215358932
6113,0.6113,7,1,7,600964,4646,98234,9722,0.04303605172477676,0.6766425389755011
6114,0.6114,6,3,6,600967,4643,98240,9716,0.0430082626255141,0.6766487916985863
6115,0.6115,3,5,3,600972,4638,98243,9713,0.042961947460076325,0.6768169465542471
6116,0.6116,6,2,6,600974,4636,98249,9707,0.04294342139390122,0.6767761277278115
6117,0.6117,6,4,6,600978,4632,98255,9701,0.042906369261551,0.6768296937138073
6118,0.6118,1,3,1,600981,4629,98256,9700,0.04287858016228834,0.676948844999651
6119,0.6119,11,5,11,600986,4624,98267,9689,0.04283226499685057,0.6769370502340529
6120,0.612,7,3,7,600989,4621,98274,9682,0.04280447589758791,0.6769209256799273
6121,0.6121,6,0,6,600989,4621,98280,9676,0.04280447589758791,0.6767853395817305
6122,0.6122,3,4,3,600993,4617,98283,9673,0.04276742376523769,0.6769069279216235
6123,0.6123,4,1,4,600994,4616,98287,9669,0.042758160732150136,0.6768638431921596
6124,0.6124,8,1,8,600995,4615,98295,9661,0.04274889769906258,0.6767301765200336
6125,0.6125,11,2,11,600997,4613,98306,9650,0.042730371632887475,0.6765757554511673
6126,0.6126,3,4,3,601001,4609,98309,9647,0.04269331950053726,0.6766975308641975
6127,0.6127,6,6,6,601007,4603,98315,9641,0.04263774130201193,0.6768463914630721
6128,0.6128,8,4,8,601011,4599,98323,9633,0.04260068916966171,0.6768549747048904
6129,0.6129,5,4,5,601015,4595,98328,9628,0.042563637037311496,0.6769317302959994
6130,0.613,4,8,4,601023,4587,98332,9624,0.04248953277261106,0.6772218703820984
6131,0.6131,7,4,7,601027,4583,98339,9617,0.042452480640260845,0.6772535211267605
6132,0.6132,3,2,3,601029,4581,98342,9614,0.04243395457408574,0.6772807326523423
6133,0.6133,5,3,5,601032,4578,98347,9609,0.04240616547482308,0.6773102135758088
6134,0.6134,7,2,7,601034,4576,98354,9602,0.04238763940864797,0.6772464381436027
6135,0.6135,9,2,9,601036,4574,98363,9593,0.04236911334247286,0.6771370085409755
6136,0.6136,5,2,5,601038,4572,98368,9588,0.04235058727629775,0.6771186440677966
6137,0.6137,5,6,5,601044,4566,98373,9583,0.04229500907777243,0.677291681390911
6138,0.6138,3,5,3,601049,4561,98376,9580,0.042248693912334656,0.6774626971218443
6139,0.6139,5,0,5,601049,4561,98381,9575,0.042248693912334656,0.6773486134691568
6140,0.614,4,3,4,601052,4558,98385,9571,0.042220904813071995,0.6774010899568264
6141,0.6141,4,3,4,601055,4555,98389,9567,0.04219311571380933,0.6774536184676392
6142,0.6142,6,2,6,601057,4553,98395,9561,0.04217458964763422,0.6774124982287091
6143,0.6143,6,3,6,601060,4550,98401,9555,0.04214680054837156,0.6774193548387096
6144,0.6144,5,4,5,601064,4546,98406,9550,0.042109748416021345,0.6774971623155505
6145,0.6145,5,5,5,601069,4541,98411,9545,0.04206343325058357,0.677623171943774
6146,0.6146,3,2,3,601071,4539,98414,9542,0.04204490718440846,0.6776507350330232
6147,0.6147,4,2,4,601073,4537,98418,9538,0.042026381118233355,0.6776554174067495
6148,0.6148,7,5,7,601078,4532,98425,9531,0.04198006595279558,0.6777359027234587
6149,0.6149,4,2,4,601080,4530,98429,9527,0.04196153988662048,0.6777406274454009
6150,0.615,5,3,5,601083,4527,98434,9522,0.04193375078735781,0.6777706598334401
6151,0.6151,2,6,2,601089,4521,98436,9520,0.04187817258883249,0.6780143864397122
6152,0.6152,7,3,7,601092,4518,98443,9513,0.04185038348956983,0.6779987171263631
6153,0.6153,4,3,4,601095,4515,98447,9509,0.04182259439030716,0.6780519110096976
6154,0.6154,6,3,6,601098,4512,98453,9503,0.0417948052910445,0.6780592222618623
6155,0.6155,7,1,7,601099,4511,98460,9496,0.04178554225795694,0.6779467409152566
6156,0.6156,5,1,5,601100,4510,98465,9491,0.04177627922486939,0.6778801514177559
6157,0.6157,7,5,7,601105,4505,98472,9484,0.04172996405943162,0.6779612552719995
6158,0.6158,1,6,1,601111,4499,98473,9483,0.04167438586090629,0.678229151766557
6159,0.6159,5,4,5,601115,4495,98478,9478,0.041637333728556075,0.6783081657482287
6160,0.616,4,2,4,601117,4493,98482,9474,0.04161880766238097,0.6783131667501969
6161,0.6161,6,5,6,601122,4488,98488,9468,0.0415724924969432,0.6784178847807395
6162,0.6162,7,7,7,601129,4481,98495,9461,0.04150765126533032,0.6785970449003013
6163,0.6163,8,2,8,601131,4479,98503,9453,0.041489125199155215,0.6785099052540913
6164,0.6164,2,2,2,601133,4477,98505,9451,0.0414705991329801,0.6785611717403791
6165,0.6165,6,2,6,601135,4475,98511,9445,0.041452073066805,0.6785201149425287
6166,0.6166,5,2,5,601137,4473,98516,9440,0.041433547000629886,0.678502120319126
6167,0.6167,7,4,7,601141,4469,98523,9433,0.04139649486827967,0.6785354625233779
6168,0.6168,6,5,6,601146,4464,98529,9427,0.0413501797028419,0.6786408465913181
6169,0.6169,7,3,7,601149,4461,98536,9420,0.041322390603579236,0.6786254592608602
6170,0.617,4,3,4,601152,4458,98540,9416,0.041294601504316575,0.6786795444716737
6171,0.6171,7,4,7,601156,4454,98547,9409,0.04125754937196636,0.678713121258025
6172,0.6172,5,9,5,601165,4445,98552,9404,0.04117418207417837,0.6790381977038054
6173,0.6173,7,4,7,601169,4441,98559,9397,0.04113712994182815,0.6790721202485909
6174,0.6174,8,4,8,601173,4437,98567,9389,0.041100077809477935,0.6790828873137567
6175,0.6175,4,4,4,601177,4433,98571,9385,0.04106302567712772,0.679186568244319
6176,0.6176,8,3,8,601180,4430,98579,9377,0.04103523657786506,0.6791482581299341
6177,0.6177,3,2,3,601182,4428,98582,9374,0.041016710511689945,0.6791769308795826
6178,0.6178,12,4,12,601186,4424,98594,9362,0.04097965837933973,0.6790947337879008
6179,0.6179,9,3,9,601189,4421,98603,9353,0.04095186928007707,0.6790329606505009
6180,0.618,4,8,4,601197,4413,98607,9349,0.040877765015376634,0.6793343990699027
6181,0.6181,8,8,8,601205,4405,98615,9341,0.0408036607506762,0.6795431398224938
6182,0.6182,9,6,9,601211,4399,98624,9332,0.04074808255215088,0.6796300342291166
6183,0.6183,6,1,6,601212,4398,98630,9326,0.04073881951906332,0.6795394928592248
6184,0.6184,1,2,1,601214,4396,98631,9325,0.04072029345288821,0.6796151883973471
6185,0.6185,4,6,4,601220,4390,98635,9321,0.04066471525436289,0.6798191233316315
6186,0.6186,2,2,2,601222,4388,98637,9319,0.04064618918818778,0.679871598453345
6187,0.6187,10,5,10,601227,4383,98647,9309,0.04059987402275001,0.67988606485539
6188,0.6188,5,5,5,601232,4378,98652,9304,0.04055355885731224,0.6800175412951323
6189,0.6189,7,5,7,601237,4373,98659,9297,0.040507243691874466,0.6801024140453548
6190,0.619,5,0,5,601237,4373,98664,9292,0.040507243691874466,0.6799853640687888
6191,0.6191,7,4,7,601241,4369,98671,9285,0.04047019155952425,0.6800205068111909
6192,0.6192,8,3,8,601244,4366,98679,9277,0.04044240246026159,0.6799824085611669
6193,0.6193,5,1,5,601245,4365,98684,9272,0.04043313942717403,0.6799149373029258
6194,0.6194,6,2,6,601247,4363,98690,9266,0.04041461336099893,0.6798737985178663
6195,0.6195,3,3,3,601250,4360,98693,9263,0.040386824261736266,0.679953020626881
6196,0.6196,4,3,4,601253,4357,98697,9259,0.0403590351624736,0.680008813160987
6197,0.6197,3,3,3,601256,4354,98700,9256,0.04033124606321094,0.6800881704628949
6198,0.6198,7,2,7,601258,4352,98707,9249,0.04031271999703583,0.6800235276817881
6199,0.6199,9,1,9,601259,4351,98716,9240,0.04030345696394828,0.6798616731660658
6200,0.62,3,5,3,601264,4346,98719,9237,0.040257141798510504,0.6800412280055952
6201,0.6201,4,8,4,601272,4338,98723,9233,0.04018303753381007,0.6803478004568565
6202,0.6202,7,3,7,601275,4335,98730,9226,0.04015524843454741,0.6803333087530418
6203,0.6203,5,1,5,601276,4334,98735,9221,0.040145985401459854,0.6802655846551088
6204,0.6204,4,7,4,601283,4327,98739,9217,0.040081144169846976,0.6805227406969876
6205,0.6205,3,1,3,601284,4326,98742,9214,0.04007188113675942,0.6805022156573116
6206,0.6206,10,6,10,601290,4320,98752,9204,0.0400163029382341,0.6805678793256433
6207,0.6207,7,3,7,601293,4317,98759,9197,0.03998851383897143,0.6805535000739973
6208,0.6208,4,3,4,601296,4314,98763,9193,0.03996072473970877,0.6806100540460502
6209,0.6209,5,4,5,601300,4310,98768,9188,0.03992367260735855,0.6806934360646022
6210,0.621,2,2,2,601302,4308,98770,9186,0.03990514654118345,0.6807469986660738
6211,0.6211,11,3,11,601305,4305,98781,9175,0.03987735744192078,0.6806379821958457
6212,0.6212,7,1,7,601306,4304,98788,9168,0.03986809440883323,0.6805225653206651
6213,0.6213,5,2,5,601308,4302,98793,9163,0.03984956834265812,0.680505012996658
6214,0.6214,7,5,7,601313,4297,98800,9156,0.039803253177220346,0.6805916895859659
6215,0.6215,8,2,8,601315,4295,98808,9148,0.03978472711104524,0.6805028639440601
6216,0.6216,7,4,7,601319,4291,98815,9141,0.039747674978695025,0.6805390113162597
6217,0.6217,1,6,1,601325,4285,98816,9140,0.039692096780169696,0.6808193668528864
6218,0.6218,3,7,3,601332,4278,98819,9137,0.03962725554855682,0.6811032426388371
6219,0.6219,7,5,7,601337,4273,98826,9130,0.039580940383119045,0.6811907781839887
6220,0.622,5,3,5,601340,4270,98831,9125,0.039553151283856385,0.6812243374393431
6221,0.6221,5,5,5,601345,4265,98836,9120,0.03950683611841861,0.6813597310422115
6222,0.6222,5,3,5,601348,4262,98841,9115,0.03947904701915595,0.6813934364954773
6223,0.6223,5,0,5,601348,4262,98846,9110,0.03947904701915595,0.681274304516901
6224,0.6224,6,3,6,601351,4259,98852,9104,0.03945125791989329,0.6812841427823093
6225,0.6225,4,0,4,601351,4259,98856,9100,0.03945125791989329,0.6811887117299199
6226,0.6226,5,5,5,601356,4254,98861,9095,0.03940494275445552,0.6813244437785602
6227,0.6227,4,1,4,601357,4253,98865,9091,0.03939567972136796,0.6812799760191847
6228,0.6228,6,2,6,601359,4251,98871,9085,0.039377153655192856,0.6812387522495501
6229,0.6229,5,1,5,601360,4250,98876,9080,0.0393678906221053,0.6811702925731433
6230,0.623,3,2,3,601362,4248,98879,9077,0.039349364555930195,0.6812007504690432
6231,0.6231,5,2,5,601364,4246,98884,9072,0.039330838489755084,0.6811833608649948
6232,0.6232,5,4,5,601368,4242,98889,9067,0.03929378635740487,0.6812683146742806
6233,0.6233,6,2,6,601370,4240,98895,9061,0.03927526029122976,0.6812269754153824
6234,0.6234,1,3,1,601373,4237,98896,9060,0.0392474711919671,0.6813566969993231
6235,0.6235,11,5,11,601378,4232,98907,9049,0.03920115602652933,0.681349295986748
6236,0.6236,7,1,7,601379,4231,98914,9042,0.03919189299344177,0.6812325774127929
6237,0.6237,4,3,4,601382,4228,98918,9038,0.03916410389417911,0.6812905171114126
6238,0.6238,5,1,5,601383,4227,98923,9033,0.039154840861091555,0.6812217194570136
6239,0.6239,4,6,4,601389,4221,98927,9029,0.039099262662566234,0.681433962264151
6240,0.624,7,1,7,601390,4220,98934,9022,0.03908999962947868,0.6813170215979459
6241,0.6241,5,6,5,601396,4214,98939,9017,0.03903442143095335,0.6815055551356662
6242,0.6242,3,2,3,601398,4212,98942,9014,0.039015895364778244,0.6815363677604718
6243,0.6243,9,1,9,601399,4211,98951,9005,0.03900663233169069,0.6813710653753027
6244,0.6244,3,5,3,601404,4206,98954,9002,0.038960317166252915,0.681556632344034
6245,0.6245,8,1,8,601405,4205,98962,8994,0.038951054133165366,0.6814152587317222
6246,0.6246,8,7,8,601412,4198,98970,8986,0.03888621290155248,0.6815837378640777
6247,0.6247,6,3,6,601415,4195,98976,8980,0.03885842380228982,0.6815939278937382
6248,0.6248,2,3,2,601418,4192,98978,8978,0.03883063470302716,0.681700835231587
6249,0.6249,4,4,4,601422,4188,98982,8974,0.03879358257067694,0.6818112748822367
6250,0.625,5,5,5,601427,4183,98987,8969,0.03874726740523917,0.6819495133819952
6251,0.6251,1,5,1,601432,4178,98988,8968,0.0387009522398014,0.6821846949642477
6252,0.6252,9,2,9,601434,4176,98997,8959,0.03868242617362629,0.6820708031975637
6253,0.6253,4,4,4,601438,4172,99001,8955,0.038645374041276076,0.6821817627790051
6254,0.6254,11,4,11,601442,4168,99012,8944,0.03860832190892586,0.6821232458816352
6255,0.6255,4,4,4,601446,4164,99016,8940,0.03857126977657564,0.6822344322344323
6256,0.6256,10,4,10,601450,4160,99026,8930,0.038534217644225426,0.6822001527883881
6257,0.6257,10,2,10,601452,4158,99036,8920,0.038515691578050314,0.6820614772901055
6258,0.6258,3,3,3,601455,4155,99039,8917,0.03848790247878765,0.6821450428396573
6259,0.6259,5,2,5,601457,4153,99044,8912,0.03846937641261255,0.6821278224263299
6260,0.626,6,1,6,601458,4152,99050,8906,0.03846011337952499,0.6820340021442793
6261,0.6261,3,4,3,601462,4148,99053,8903,0.038423061247174775,0.6821699486629377
6262,0.6262,2,7,2,601469,4141,99055,8901,0.0383582200155619,0.6824873485661709
6263,0.6263,3,3,3,601472,4138,99058,8898,0.03833043091629923,0.6825713409021172
6264,0.6264,2,5,2,601477,4133,99060,8896,0.038284115750861464,0.68278455752552
6265,0.6265,5,2,5,601479,4131,99065,8891,0.03826558968468635,0.6827676240208878
6266,0.6266,6,2,6,601481,4129,99071,8885,0.03824706361851125,0.6827262947594898
6267,0.6267,3,3,3,601484,4126,99074,8882,0.038219274519248586,0.682810578105781
6268,0.6268,3,1,3,601485,4125,99077,8879,0.03821001148616103,0.682789910796678
6269,0.6269,1,2,1,601487,4123,99078,8878,0.03819148541998592,0.6828705484193524
6270,0.627,6,1,6,601488,4122,99084,8872,0.03818222238689837,0.6827766661536093
6271,0.6271,6,2,6,601490,4120,99090,8866,0.03816369632072326,0.6827352533497613
6272,0.6272,6,3,6,601493,4117,99096,8860,0.038135907221460597,0.6827463974724512
6273,0.6273,3,3,3,601496,4114,99099,8857,0.038108118122197936,0.6828309305373526
6274,0.6274,8,3,8,601499,4111,99107,8849,0.03808032902293527,0.6827932098765432
6275,0.6275,5,2,5,601501,4109,99112,8844,0.03806180295676016,0.68277619084382
6276,0.6276,9,4,9,601505,4105,99121,8835,0.038024750824409946,0.6827666151468316
6277,0.6277,7,3,7,601508,4102,99128,8828,0.037996961725147285,0.682753286929621
6278,0.6278,4,2,4,601510,4100,99132,8824,0.03797843565897217,0.6827607551841535
6279,0.6279,6,1,6,601511,4099,99138,8818,0.03796917262588462,0.6826662537740962
6280,0.628,6,5,6,601516,4094,99144,8812,0.03792285746044685,0.6827832016116535
6281,0.6281,5,8,5,601524,4086,99149,8807,0.03784875319574642,0.6830838439463275
6282,0.6282,5,4,5,601528,4082,99154,8802,0.0378117010633962,0.6831729276622167
6283,0.6283,6,3,6,601531,4079,99160,8796,0.03778391196413353,0.6831844660194175
6284,0.6284,4,2,4,601533,4077,99164,8792,0.03776538589795843,0.6831921672235605
6285,0.6285,8,2,8,601535,4075,99172,8784,0.037746859831783316,0.6831013298079166
6286,0.6286,5,2,5,601537,4073,99177,8779,0.03772833376560821,0.6830843448490508
6287,0.6287,5,2,5,601539,4071,99182,8774,0.0377098076994331,0.6830673413779681
6288,0.6288,5,4,5,601543,4067,99187,8769,0.03767275556708288,0.6831567466500468
6289,0.6289,3,3,3,601546,4064,99190,8766,0.03764496646782022,0.6832424006235386
6290,0.629,6,2,6,601548,4062,99196,8760,0.03762644040164512,0.6832007487131493
6291,0.6291,7,0,7,601548,4062,99203,8753,0.03762644040164512,0.683027701911822
6292,0.6292,5,4,5,601552,4058,99208,8748,0.0375893882692949,0.6831172887708886
6293,0.6293,8,8,8,601560,4050,99216,8740,0.03751528400459447,0.6833463643471462
6294,0.6294,7,8,7,601568,4042,99223,8733,0.03744117973989403,0.6836007827788649
6295,0.6295,4,4,4,601572,4038,99227,8729,0.037404127607543816,0.6837158298738937
6296,0.6296,6,6,6,601578,4032,99233,8723,0.03734854940901849,0.6838886711093689
6297,0.6297,7,1,7,601579,4031,99240,8716,0.03733928637593093,0.6837687298972307
6298,0.6298,0,1,0,601580,4030,99240,8716,0.03733002334284338,0.6838223756472619
6299,0.6299,4,0,4,601580,4030,99244,8712,0.03733002334284338,0.6837231203892639
6300,0.63,9,5,9,601585,4025,99253,8703,0.03728370817740561,0.6837680703959774
6301,0.6301,5,3,5,601588,4022,99258,8698,0.03725591907814295,0.6838050314465409
6302,0.6302,5,2,5,601590,4020,99263,8693,0.03723739301196784,0.683788248249823
6303,0.6303,3,3,3,601593,4017,99266,8690,0.037209603912705176,0.683875029511293
6304,0.6304,3,2,3,601595,4015,99269,8687,0.03719107784653007,0.6839080459770115
6305,0.6305,12,1,12,601596,4014,99281,8675,0.037181814813442515,0.6836630152100245
6306,0.6306,5,2,5,601598,4012,99286,8670,0.0371632887472674,0.6836461126005362
6307,0.6307,7,6,7,601604,4006,99293,8663,0.03710771054874208,0.6837950903780883
6308,0.6308,7,2,7,601606,4004,99300,8656,0.03708918448256697,0.6837282780410743
6309,0.6309,5,2,5,601608,4002,99305,8651,0.037070658416391865,0.6837113727969651
6310,0.631,4,3,4,601611,3999,99309,8647,0.037042869317129204,0.6837735252253677
6311,0.6311,7,2,7,601613,3997,99316,8640,0.03702434325095409,0.683706575927831
6312,0.6312,3,1,3,601614,3996,99319,8637,0.037015080217866536,0.6836855853716457
6313,0.6313,4,1,4,601615,3995,99323,8633,0.03700581718477899,0.6836395312005068
6314,0.6314,5,4,5,601619,3991,99328,8628,0.03696876505242877,0.6837308820033283
6315,0.6315,7,4,7,601623,3987,99335,8621,0.036931712920078553,0.6837722081218274
6316,0.6316,5,2,5,601625,3985,99340,8616,0.03691318685390344,0.6837552575192445
6317,0.6317,7,3,7,601628,3982,99347,8609,0.03688539775464078,0.6837423556508617
6318,0.6318,9,5,9,601633,3977,99356,8600,0.03683908258920301,0.6837878667408762
6319,0.6319,4,1,4,601634,3976,99360,8596,0.03682981955611545,0.6837416481069042
6320,0.632,8,3,8,601637,3973,99368,8588,0.03680203045685279,0.6837035267892684
6321,0.6321,8,5,8,601642,3968,99376,8580,0.03675571529141502,0.6837743066624163
6322,0.6322,5,1,5,601643,3967,99381,8575,0.03674645225832747,0.683702758730665
6323,0.6323,10,3,10,601646,3964,99391,8565,0.0367186631590648,0.683614015484077
6324,0.6324,3,5,3,601651,3959,99394,8562,0.036672347993627036,0.683811197188723
6325,0.6325,3,6,3,601657,3953,99397,8559,0.03661676979510171,0.6840632992327366
6326,0.6326,3,1,3,601658,3952,99400,8556,0.03660750676201415,0.6840422129836904
6327,0.6327,6,7,6,601665,3945,99406,8550,0.03654266553040127,0.6842737094837935
6328,0.6328,8,6,8,601671,3939,99414,8542,0.03648708733187595,0.6844002884384264
6329,0.6329,2,4,2,601675,3935,99416,8540,0.036450035199525735,0.6845691382765531
6330,0.633,6,8,6,601683,3927,99422,8534,0.0363759309348253,0.684856753069577
6331,0.6331,4,4,4,601687,3923,99426,8530,0.036338878802475084,0.6849755079097406
6332,0.6332,1,3,1,601690,3920,99427,8529,0.03631108970321242,0.6851152703028356
6333,0.6333,7,4,7,601694,3916,99434,8522,0.0362740375708622,0.6851583855925389
6334,0.6334,6,2,6,601696,3914,99440,8516,0.036255511504687095,0.6851166532582462
6335,0.6335,4,3,4,601699,3911,99444,8512,0.036227722405424434,0.6851807131932706
6336,0.6336,8,3,8,601702,3908,99452,8504,0.036199933306161766,0.6851434096036094
6337,0.6337,5,1,5,601703,3907,99457,8499,0.03619067027307422,0.6850717394808964
6338,0.6338,1,1,1,601704,3906,99458,8498,0.03618140723998666,0.6851015801354402
6339,0.6339,5,2,5,601706,3904,99463,8493,0.036162881173811556,0.6850851012341695
6340,0.634,7,6,7,601712,3898,99470,8486,0.03610730297528623,0.6852390180878553
6341,0.6341,4,0,4,601712,3898,99474,8482,0.03610730297528623,0.6851373182552504
6342,0.6342,4,7,4,601719,3891,99478,8478,0.03604246174367335,0.6854232355081251
6343,0.6343,1,4,1,601723,3887,99479,8477,0.03600540961132313,0.685619540601747
6344,0.6344,4,1,4,601724,3886,99483,8473,0.03599614657823558,0.6855732664455053
6345,0.6345,5,2,5,601726,3884,99488,8468,0.03597762051206047,0.6855569948186528
6346,0.6346,2,0,2,601726,3884,99490,8466,0.03597762051206047,0.6855060728744939
6347,0.6347,5,2,5,601728,3882,99495,8461,0.03595909444588536,0.6854897512760268
6348,0.6348,1,2,1,601730,3880,99496,8460,0.035940568379710255,0.6855753646677472
6349,0.6349,4,7,4,601737,3873,99500,8456,0.03587572714809737,0.6858626003731041
6350,0.635,8,5,8,601742,3868,99508,8448,0.035829411982659605,0.6859369925300423
6351,0.6351,8,4,8,601746,3864,99516,8440,0.03579235985030939,0.6859557867360208
6352,0.6352,2,6,2,601752,3858,99518,8438,0.03573678165178406,0.6862394274560832
6353,0.6353,5,2,5,601754,3856,99523,8433,0.035718255585608955,0.6862234518675238
6354,0.6354,5,3,5,601757,3853,99528,8428,0.03569046648634629,0.6862633336047553
6355,0.6355,8,6,8,601763,3847,99536,8420,0.035634888287820965,0.6863943914567538
6356,0.6356,4,4,4,601767,3843,99540,8416,0.03559783615547075,0.6865160290398891
6357,0.6357,6,5,6,601772,3838,99546,8410,0.035551520990032975,0.6866427171783148
6358,0.6358,8,1,8,601773,3837,99554,8402,0.03554225795694542,0.6864939946074026
6359,0.6359,0,2,0,601775,3835,99554,8402,0.035523731890770315,0.6866061943286753
6360,0.636,2,7,2,601782,3828,99556,8400,0.03545889065915744,0.6869479882237488
6361,0.6361,5,5,5,601787,3823,99561,8395,0.035412575493719664,0.6871009985267638
6362,0.6362,2,4,2,601791,3819,99563,8393,0.03537552336136945,0.6872748116606616
6363,0.6363,6,2,6,601793,3817,99569,8387,0.035356997295194335,0.687233693870862
6364,0.6364,6,3,6,601796,3814,99575,8381,0.035329208195931674,0.6872488724887249
6365,0.6365,1,6,1,601802,3808,99576,8380,0.03527362999740635,0.6875615359369872
6366,0.6366,3,6,3,601808,3802,99579,8377,0.035218051798881024,0.6878233024057805
6367,0.6367,3,4,3,601812,3798,99582,8374,0.03518099966653081,0.6879723956621755
6368,0.6368,5,6,5,601818,3792,99587,8369,0.035125421468005485,0.6881835375380314
6369,0.6369,4,3,4,601821,3789,99591,8365,0.035097632368742825,0.6882507816356755
6370,0.637,7,2,7,601823,3787,99598,8358,0.03507910630256771,0.6881844380403458
6371,0.6371,3,2,3,601825,3785,99601,8355,0.03506058023639261,0.6882207578253706
6372,0.6372,3,1,3,601826,3784,99604,8352,0.03505131720330505,0.6882003955174687
6373,0.6373,4,2,4,601828,3782,99608,8348,0.03503279113712994,0.6882110469909316
6374,0.6374,1,1,1,601829,3781,99609,8347,0.03502352810404239,0.6882420844327177
6375,0.6375,5,1,5,601830,3780,99614,8342,0.035014265070954835,0.6881702689325194
6376,0.6376,3,5,3,601835,3775,99617,8339,0.03496794990551706,0.6883770843651973
6377,0.6377,1,5,1,601840,3770,99618,8338,0.03492163474007929,0.6886356128179716
6378,0.6378,2,2,2,601842,3768,99620,8336,0.034903108673904185,0.6886979510905485
6379,0.6379,7,4,7,601846,3764,99627,8329,0.03486605654155397,0.688745555279914
6380,0.638,6,4,6,601850,3760,99633,8323,0.03482900440920375,0.6888190019035008
6381,0.6381,13,5,13,601855,3755,99646,8310,0.03478268924376598,0.6887691670120182
6382,0.6382,5,3,5,601858,3752,99651,8305,0.03475490014450332,0.6888114788089906
6383,0.6383,1,3,1,601861,3749,99652,8304,0.034727111045240656,0.6889571061146602
6384,0.6384,7,4,7,601865,3745,99659,8297,0.03469005891289044,0.6890051486464043
6385,0.6385,3,3,3,601868,3742,99662,8294,0.03466226981362777,0.6890993685609837
6386,0.6386,8,3,8,601871,3739,99670,8286,0.03463448071436511,0.6890644490644491
6387,0.6387,3,1,3,601872,3738,99673,8283,0.034625217681277555,0.6890441726977788
6388,0.6388,5,1,5,601873,3737,99678,8278,0.034615954648190006,0.6889721181856013
6389,0.6389,5,5,5,601878,3732,99683,8273,0.03456963948275223,0.6891295293627655
6390,0.639,4,3,4,601881,3729,99687,8269,0.03454185038348957,0.68919819969995
6391,0.6391,5,5,5,601886,3724,99692,8264,0.0344955352180518,0.689356022689356
6392,0.6392,6,6,6,601892,3718,99698,8258,0.03443995701952647,0.6895457581830328
6393,0.6393,7,7,7,601899,3711,99705,8251,0.03437511578791359,0.6897675973917405
6394,0.6394,2,1,2,601900,3710,99707,8249,0.03436585275482604,0.6897733924241157
6395,0.6395,7,3,7,601903,3707,99714,8242,0.034338063655563376,0.6897648338773119
6396,0.6396,5,4,5,601907,3703,99719,8237,0.03430101152321316,0.6898659966499162
6397,0.6397,6,2,6,601909,3701,99725,8231,0.034282485457038055,0.6898256788467986
6398,0.6398,6,6,6,601915,3695,99731,8225,0.034226907258512726,0.69001677852349
6399,0.6399,5,2,5,601917,3693,99736,8220,0.03420838119233762,0.6900025182573659
6400,0.64,7,1,7,601918,3692,99743,8213,0.034199118159250065,0.6898782024359513
6401,0.6401,0,3,0,601921,3689,99743,8213,0.034171329059987404,0.6900520920853638
6402,0.6402,6,0,6,601921,3689,99749,8207,0.034171329059987404,0.6898957632817754
6403,0.6403,4,3,4,601924,3686,99753,8203,0.034143539960724736,0.6899655143409875
6404,0.6404,5,5,5,601929,3681,99758,8198,0.03409722479528697,0.6901254314336224
6405,0.6405,5,8,5,601937,3673,99763,8193,0.03402312053058654,0.6904601382100118
6406,0.6406,1,1,1,601938,3672,99764,8192,0.03401385749749898,0.6904922454484154
6407,0.6407,3,5,3,601943,3667,99767,8189,0.03396754233206121,0.6907051282051282
6408,0.6408,7,1,7,601944,3666,99774,8182,0.03395827929897366,0.6905806887238353
6409,0.6409,3,2,3,601946,3664,99777,8179,0.03393975323279855,0.6906189310141012
6410,0.641,6,0,6,601946,3664,99783,8173,0.03393975323279855,0.6904621103320098
6411,0.6411,2,6,2,601952,3658,99785,8171,0.033884175034273226,0.69075999661848
6412,0.6412,9,0,9,601952,3658,99794,8162,0.033884175034273226,0.6905245346869713
6413,0.6413,3,7,3,601959,3651,99797,8159,0.03381933380266034,0.6908552074513125
6414,0.6414,8,0,8,601959,3651,99805,8151,0.03381933380266034,0.6906456532791052
6415,0.6415,10,2,10,601961,3649,99815,8141,0.033800807736485236,0.6905004240882103
6416,0.6416,6,3,6,601964,3646,99821,8135,0.033773018637222575,0.6905186316951023
6417,0.6417,8,2,8,601966,3644,99829,8127,0.03375449257104746,0.6904256222920737
6418,0.6418,2,3,2,601969,3641,99831,8125,0.0337267034717848,0.6905490396056434
6419,0.6419,5,2,5,601971,3639,99836,8120,0.03370817740560969,0.6905349094310741
6420,0.642,3,4,3,601975,3635,99839,8117,0.033671125273259474,0.6906909462219196
6421,0.6421,8,2,8,601977,3633,99847,8109,0.03365259920708437,0.6905978538579458
6422,0.6422,9,0,9,601977,3633,99856,8100,0.03365259920708437,0.6903605216057275
6423,0.6423,5,3,5,601980,3630,99861,8095,0.03362481010782171,0.6904051172707889
6424,0.6424,10,7,10,601987,3623,99871,8085,0.03355996887620882,0.6905534677143833
6425,0.6425,4,3,4,601990,3620,99875,8081,0.03353217977694616,0.6906247329288095
6426,0.6426,6,1,6,601991,3619,99881,8075,0.033522916743858606,0.6905250555840602
6427,0.6427,4,5,4,601996,3614,99885,8071,0.03347660157842084,0.6907145913564399
6428,0.6428,4,3,4,601999,3611,99889,8067,0.03344881247915817,0.6907860935091625
6429,0.6429,4,4,4,602003,3607,99893,8063,0.033411760346807956,0.690916880891174
6430,0.643,12,4,12,602007,3603,99905,8051,0.03337470821445774,0.6908357645443625
6431,0.6431,2,4,2,602011,3599,99907,8049,0.03333765608210752,0.6910199175824175
6432,0.6432,10,6,10,602017,3593,99917,8039,0.0332820778835822,0.6911107290233838
6433,0.6433,5,4,5,602021,3589,99922,8034,0.033245025751231984,0.6912156930224554
6434,0.6434,6,1,6,602022,3588,99928,8028,0.03323576271814443,0.6911157024793388
6435,0.6435,4,5,4,602027,3583,99932,8024,0.033189447552706655,0.6913069699319376
6436,0.6436,2,3,2,602030,3580,99934,8022,0.033161658453443994,0.6914325116359249
6437,0.6437,4,6,4,602036,3574,99938,8018,0.03310608025491867,0.6916839199447895
6438,0.6438,5,1,5,602037,3573,99943,8013,0.03309681722183112,0.6916105644743656
6439,0.6439,3,3,3,602040,3570,99946,8010,0.033069028122568456,0.6917098445595855
6440,0.644,7,3,7,602043,3567,99953,8003,0.03304123902330579,0.6917026793431288
6441,0.6441,5,3,5,602046,3564,99958,7998,0.03301344992404313,0.6917488323819408
6442,0.6442,2,1,2,602047,3563,99960,7996,0.03300418689095557,0.6917553421576261
6443,0.6443,2,5,2,602052,3558,99962,7994,0.032957871725517805,0.6920013850415513
6444,0.6444,8,0,8,602052,3558,99970,7986,0.032957871725517805,0.6917879417879418
6445,0.6445,1,1,1,602053,3557,99971,7985,0.03294860869243025,0.6918211748397158
6446,0.6446,7,2,7,602055,3555,99978,7978,0.032930082626255144,0.6917540969392179
6447,0.6447,7,2,7,602057,3553,99985,7971,0.03291155656008003,0.6916869142658799
6448,0.6448,3,2,3,602059,3551,99988,7968,0.03289303049390493,0.6917267123882281
6449,0.6449,4,1,4,602060,3550,99992,7964,0.03288376746081737,0.691679694285218
6450,0.645,3,2,3,602062,3548,99995,7961,0.03286524139464226,0.6917195238508993
6451,0.6451,5,2,5,602064,3546,100000,7956,0.032846715328467155,0.6917057902973396
6452,0.6452,2,4,2,602068,3542,100002,7954,0.03280966319611694,0.6918928322894919
6453,0.6453,5,3,5,602071,3539,100007,7949,0.03278187409685428,0.6919394150417827
6454,0.6454,6,1,6,602072,3538,100013,7943,0.03277261106376672,0.6918386900095811
6455,0.6455,2,2,2,602074,3536,100015,7941,0.03275408499759161,0.6919055502308966
6456,0.6456,4,1,4,602075,3535,100019,7937,0.03274482196450406,0.6918584379358438
6457,0.6457,2,0,2,602075,3535,100021,7935,0.03274482196450406,0.6918047079337402
6458,0.6458,7,3,7,602078,3532,100028,7928,0.03271703286524139,0.6917975567190227
6459,0.6459,4,2,4,602080,3530,100032,7924,0.03269850679906629,0.6918107211454514
6460,0.646,4,1,4,602081,3529,100036,7920,0.03268924376597873,0.6917634727923836
6461,0.6461,3,6,3,602087,3523,100039,7917,0.03263366556745341,0.6920454545454545
6462,0.6462,4,4,4,602091,3519,100043,7913,0.03259661343510319,0.6921798460461861
6463,0.6463,3,5,3,602096,3514,100046,7910,0.03255029826966542,0.6924019607843137
6464,0.6464,2,0,2,602096,3514,100048,7908,0.03255029826966542,0.6923481001575906
6465,0.6465,3,4,3,602100,3510,100051,7905,0.0325132461373152,0.6925098554533509
6466,0.6466,5,3,5,602103,3507,100056,7900,0.03248545703805254,0.6925572017182432
6467,0.6467,4,5,4,602108,3502,100060,7896,0.03243914187261477,0.6927531145815056
6468,0.6468,7,1,7,602109,3501,100067,7889,0.032429878839527214,0.6926251097453907
6469,0.6469,6,4,6,602113,3497,100073,7883,0.032392826707177,0.6927065026362038
6470,0.647,4,3,4,602116,3494,100077,7879,0.032365037607914336,0.692781148333773
6471,0.6471,1,3,1,602119,3491,100078,7878,0.032337248508651675,0.6929369337672618
6472,0.6472,8,2,8,602121,3489,100086,7870,0.03231872244247656,0.6928426798133639
6473,0.6473,4,2,4,602123,3487,100090,7866,0.03230019637630146,0.6928565136968202
6474,0.6474,2,3,2,602126,3484,100092,7864,0.03227240727703879,0.6929855481142051
6475,0.6475,6,2,6,602128,3482,100098,7858,0.032253881210863686,0.6929453262786596
6476,0.6476,5,1,5,602129,3481,100103,7853,0.03224461817777613,0.692871007587789
6477,0.6477,6,3,6,602132,3478,100109,7847,0.03221682907851347,0.6928918322295806
6478,0.6478,4,2,4,602134,3476,100113,7843,0.03219830301233836,0.6929057337220602
6479,0.6479,7,2,7,602136,3474,100120,7836,0.03217977694616325,0.6928381962864721
6480,0.648,10,4,10,602140,3470,100130,7826,0.032142724813813035,0.6928116147308782
6481,0.6481,1,4,1,602144,3466,100131,7825,0.03210567268146282,0.6930298467806217
6482,0.6482,3,3,3,602147,3463,100134,7822,0.03207788358220016,0.6931324767390341
6483,0.6483,5,1,5,602148,3462,100139,7817,0.0320686205491126,0.6930578952034755
6484,0.6484,6,3,6,602151,3459,100145,7811,0.03204083144984994,0.6930789707187223
6485,0.6485,3,2,3,602153,3457,100148,7808,0.03202230538367483,0.6931202840656902
6486,0.6486,2,2,2,602155,3455,100150,7806,0.032003779317499724,0.693188881982062
6487,0.6487,7,2,7,602157,3453,100157,7799,0.03198525325132461,0.6931212228937078
6488,0.6488,7,5,7,602162,3448,100164,7792,0.03193893808588684,0.6932384341637011
6489,0.6489,9,2,9,602164,3446,100173,7783,0.031920412019711734,0.6931160388280345
6490,0.649,7,6,7,602170,3440,100180,7776,0.03186483382118641,0.6932952924393724
6491,0.6491,5,4,5,602174,3436,100185,7771,0.031827781688836196,0.6934059070223967
6492,0.6492,3,1,3,602175,3435,100188,7768,0.03181851865574864,0.6933857002588593
6493,0.6493,4,1,4,602176,3434,100192,7764,0.031809255622661084,0.6933380960885872
6494,0.6494,1,2,1,602178,3432,100193,7763,0.03179072955648598,0.6934345690040197
6495,0.6495,10,6,10,602184,3426,100203,7753,0.03173515135796065,0.6935325163252527
6496,0.6496,9,4,9,602188,3422,100212,7744,0.031698099225610434,0.6935339423249149
6497,0.6497,7,2,7,602190,3420,100219,7737,0.03167957315943533,0.6934659854799677
6498,0.6498,5,1,5,602191,3419,100224,7732,0.03167031012634777,0.6933907272890324
6499,0.6499,3,1,3,602192,3418,100227,7729,0.03166104709326022,0.6933704135641877
6500,0.65,7,3,7,602195,3415,100234,7722,0.031633257993997556,0.6933644608063213
6501,0.6501,3,1,3,602196,3414,100237,7719,0.03162399496091,0.6933441120991647
6502,0.6502,5,1,5,602197,3413,100242,7714,0.031614731927822444,0.693268625865013
6503,0.6503,5,3,5,602200,3410,100247,7709,0.03158694282855978,0.693317744401475
6504,0.6504,3,5,3,602205,3405,100250,7706,0.03154062766312201,0.6935469354693546
6505,0.6505,4,2,4,602207,3403,100254,7702,0.031522101596946905,0.6935614588023413
6506,0.6506,3,3,3,602210,3400,100257,7699,0.031494312497684245,0.6936660960446888
6507,0.6507,4,2,4,602212,3398,100261,7695,0.03147578643150913,0.6936806995402506
6508,0.6508,8,4,8,602216,3394,100269,7687,0.031438734299158916,0.693709953975273
6509,0.6509,3,1,3,602217,3393,100272,7684,0.03142947126607136,0.693689627155367
6510,0.651,7,2,7,602219,3391,100279,7677,0.031410945199896255,0.6936212504517528
6511,0.6511,4,3,4,602222,3388,100283,7673,0.031383156100633594,0.6936985805984992
6512,0.6512,5,5,5,602227,3383,100288,7668,0.03133684093519582,0.6938738575694507
6513,0.6513,5,4,5,602231,3379,100293,7663,0.031299788802845604,0.6939865966310451
6514,0.6514,7,4,7,602235,3375,100300,7656,0.03126273667049539,0.6940440576556975
6515,0.6515,1,0,1,602235,3375,100301,7655,0.03126273667049539,0.6940163191296465
6516,0.6516,6,3,6,602238,3372,100307,7649,0.031234947571232723,0.6940386534797205
6517,0.6517,6,4,6,602242,3368,100313,7643,0.031197895438882507,0.6941240577604214
6518,0.6518,9,2,9,602244,3366,100322,7634,0.031179369372707398,0.694
6519,0.6519,10,2,10,602246,3364,100332,7624,0.03116084330653229,0.693847834000728
6520,0.652,1,3,1,602249,3361,100333,7623,0.03113305420726963,0.6940094683175528
6521,0.6521,5,7,5,602256,3354,100338,7618,0.031068212975656748,0.6943127962085308
6522,0.6522,2,1,2,602257,3353,100340,7616,0.031058949942569195,0.6943203573707721
6523,0.6523,4,4,4,602261,3349,100344,7612,0.03102189781021898,0.6944621841072894
6524,0.6524,6,3,6,602264,3346,100350,7606,0.030994108710956314,0.6944850255661067
6525,0.6525,4,3,4,602267,3343,100354,7602,0.030966319611693653,0.6945637277295569
6526,0.6526,3,3,3,602270,3340,100357,7599,0.03093853051243099,0.6946704451960873
6527,0.6527,4,3,4,602273,3337,100361,7595,0.030910741413168328,0.6947493596780095
6528,0.6528,6,0,6,602273,3337,100367,7589,0.030910741413168328,0.694581731649277
6529,0.6529,3,2,3,602275,3335,100370,7586,0.03089221534699322,0.6946250343375149
6530,0.653,4,4,4,602279,3331,100374,7582,0.030855163214643003,0.6947677082378815
6531,0.6531,2,7,2,602286,3324,100376,7580,0.030790321983030125,0.6951577402787967
6532,0.6532,2,4,2,602290,3320,100378,7578,0.030753269850679908,0.6953569462286658
6533,0.6533,4,3,4,602293,3317,100382,7574,0.030725480751417244,0.6954365990267193
6534,0.6534,6,5,6,602298,3312,100388,7568,0.030679165585979475,0.6955882352941176
6535,0.6535,7,3,7,602301,3309,100395,7561,0.03065137648671681,0.6955841766329347
6536,0.6536,4,4,4,602305,3305,100399,7557,0.030614324354366593,0.6957282268458848
6537,0.6537,5,3,5,602308,3302,100404,7552,0.030586535255103933,0.6957803574718998
6538,0.6538,5,1,5,602309,3301,100409,7547,0.030577272222016377,0.6957042772861357
6539,0.6539,5,3,5,602312,3298,100414,7542,0.030549483122753716,0.6957564575645756
6540,0.654,12,5,12,602317,3293,100426,7530,0.030503167957315943,0.6957405525270258
6541,0.6541,7,1,7,602318,3292,100433,7523,0.03049390492422839,0.6956079519186316
6542,0.6542,8,5,8,602323,3287,100441,7515,0.030447589758790618,0.695704499166821
6543,0.6543,7,2,7,602325,3285,100448,7508,0.03042906369261551,0.6956360604095246
6544,0.6544,3,6,3,602331,3279,100451,7505,0.030373485494090184,0.6959384272997032
6545,0.6545,4,1,4,602332,3278,100455,7501,0.03036422246100263,0.6958901567863438
6546,0.6546,4,4,4,602336,3274,100459,7497,0.030327170328652415,0.6960356512858602
6547,0.6547,6,1,6,602337,3273,100465,7491,0.03031790729556486,0.6959308807134894
6548,0.6548,5,2,5,602339,3271,100470,7486,0.03029938122938975,0.6959189365064609
6549,0.6549,5,0,5,602339,3271,100475,7481,0.03029938122938975,0.6957775297619048
6550,0.655,7,1,7,602340,3270,100482,7474,0.030290118196302198,0.6956440804169769
6551,0.6551,3,1,3,602341,3269,100485,7471,0.030280855163214642,0.6956238361266294
6552,0.6552,4,3,4,602344,3266,100489,7467,0.03025306606395198,0.6957048355538992
6553,0.6553,2,1,2,602345,3265,100491,7465,0.030243803030864425,0.695712954333644
6554,0.6554,7,4,7,602349,3261,100498,7458,0.03020675089851421,0.6957738595018192
6555,0.6555,3,2,3,602351,3259,100501,7455,0.0301882248323391,0.695818555161471
6556,0.6556,7,5,7,602356,3254,100508,7448,0.03014190966690133,0.6959446832367782
6557,0.6557,2,4,2,602360,3250,100510,7446,0.030104857534551114,0.6961480927449514
6558,0.6558,6,3,6,602363,3247,100516,7440,0.03007706843528845,0.6961729203705437
6559,0.6559,4,1,4,602364,3246,100520,7436,0.030067805402200897,0.6961243212881483
6560,0.656,6,4,6,602368,3242,100526,7430,0.03003075326985068,0.6962143928035982
6561,0.6561,1,5,1,602373,3237,100527,7429,0.029984438104412908,0.696512282017626
6562,0.6562,5,1,5,602374,3236,100532,7424,0.029975175071325355,0.6964352720450282
6563,0.6563,4,1,4,602375,3235,100536,7420,0.0299659120382378,0.6963866729235101
6564,0.6564,9,1,9,602376,3234,100545,7411,0.029956649005150247,0.696195396899953
6565,0.6565,8,1,8,602377,3233,100553,7403,0.02994738597206269,0.696032342986085
6566,0.6566,4,1,4,602378,3232,100557,7399,0.029938122938975138,0.6959834446430251
6567,0.6567,3,1,3,602379,3231,100560,7396,0.029928859905887582,0.695963112825821
6568,0.6568,5,1,5,602380,3230,100565,7391,0.02991959687280003,0.6958855098389982
6569,0.6569,4,4,4,602384,3226,100569,7387,0.029882544740449813,0.6960331668708188
6570,0.657,11,6,11,602390,3220,100580,7376,0.029826966541924488,0.6961117402793507
6571,0.6571,4,3,4,602393,3217,100584,7372,0.029799177442661823,0.6961941637548399
6572,0.6572,9,5,9,602398,3212,100593,7363,0.029752862277224054,0.6962647754137116
6573,0.6573,3,4,3,602402,3208,100596,7360,0.029715810144873837,0.6964420893262679
6574,0.6574,6,2,6,602404,3206,100602,7354,0.02969728407869873,0.6964015151515152
6575,0.6575,5,3,5,602407,3203,100607,7349,0.029669494979436068,0.6964556482183473
6576,0.6576,4,0,4,602407,3203,100611,7345,0.029669494979436068,0.6963405384907091
6577,0.6577,2,3,2,602410,3200,100613,7343,0.029641705880173404,0.6964810774921749
6578,0.6578,4,2,4,602412,3198,100617,7339,0.029623179813998295,0.6964980544747081
6579,0.6579,7,3,7,602415,3195,100624,7332,0.029595390714735634,0.6964947278426902
6580,0.658,7,4,7,602419,3191,100631,7325,0.029558338582385418,0.6965576264739445
6581,0.6581,4,2,4,602421,3189,100635,7321,0.02953981251621031,0.6965746907706946
6582,0.6582,6,3,6,602424,3186,100641,7315,0.029512023416947645,0.6966003237786877
6583,0.6583,4,5,4,602429,3181,100645,7311,0.029465708251509876,0.696816622188334
6584,0.6584,6,2,6,602431,3179,100651,7305,0.029447182185334767,0.6967760396795116
6585,0.6585,8,3,8,602434,3176,100659,7297,0.029419393086072103,0.696744008402559
6586,0.6586,8,6,8,602440,3170,100667,7289,0.029363814887546778,0.6969117506453771
6587,0.6587,2,5,2,602445,3165,100669,7287,0.02931749972210901,0.697187141216992
6588,0.6588,4,3,4,602448,3162,100673,7283,0.029289710622846344,0.6972714217328866
6589,0.6589,4,5,4,602453,3157,100677,7279,0.029243395457408575,0.697489459563051
6590,0.659,7,4,7,602457,3153,100684,7272,0.029206343325058358,0.6975539568345324
6591,0.6591,2,4,2,602461,3149,100686,7270,0.02916929119270814,0.6977637009309915
6592,0.6592,3,3,3,602464,3146,100689,7267,0.029141502093445477,0.6978776529338327
6593,0.6593,8,1,8,602465,3145,100697,7259,0.029132239060357924,0.6977124183006536
6594,0.6594,5,3,5,602468,3142,100702,7254,0.02910444996109526,0.6977683724509427
6595,0.6595,3,3,3,602471,3139,100705,7251,0.0290766608618326,0.6978825794032724
6596,0.6596,2,3,2,602474,3136,100707,7249,0.029048871762569935,0.6980259990370727
6597,0.6597,7,1,7,602475,3135,100714,7242,0.029039608729482382,0.6978895634576467
6598,0.6598,3,2,3,602477,3133,100717,7239,0.029021082663307274,0.6979367527959892
6599,0.6599,10,2,10,602479,3131,100727,7229,0.029002556597132165,0.6977799227799227
6600,0.66,5,2,5,602481,3129,100732,7224,0.028984030530957057,0.6977687626774848
6601,0.6601,4,5,4,602486,3124,100736,7220,0.028937715365519284,0.6979891724671307
6602,0.6602,2,2,2,602488,3122,100738,7218,0.028919189299344176,0.6980657640232109
6603,0.6603,1,5,1,602493,3117,100739,7217,0.028872874133906407,0.6983742984323592
6604,0.6604,5,3,5,602496,3114,100744,7212,0.028845085034643742,0.6984311446833237
6605,0.6605,7,3,7,602499,3111,100751,7205,0.02881729593538108,0.6984296238852268
6606,0.6606,5,3,5,602502,3108,100756,7200,0.028789506836118417,0.6984866123399301
6607,0.6607,2,3,2,602505,3105,100758,7198,0.028761717736855756,0.6986314665631369
6608,0.6608,3,2,3,602507,3103,100761,7195,0.028743191670680648,0.6986793552146048
6609,0.6609,7,3,7,602510,3100,100768,7188,0.028715402571417987,0.6986780715396579
6610,0.661,6,2,6,602512,3098,100774,7182,0.02869687650524288,0.6986381322957198
6611,0.6611,5,5,5,602517,3093,100779,7177,0.028650561339805106,0.6988315481986368
6612,0.6612,4,3,4,602520,3090,100783,7173,0.028622772240542445,0.6989184448991523
6613,0.6613,5,4,5,602524,3086,100788,7168,0.028585720108192228,0.6990442754047201
6614,0.6614,5,6,5,602530,3080,100793,7163,0.028530141909666903,0.6993068436981353
6615,0.6615,7,2,7,602532,3078,100800,7156,0.028511615843491794,0.6992378346687512
6616,0.6616,4,3,4,602535,3075,100804,7152,0.02848382674422913,0.6993253153417425
6617,0.6617,6,6,6,602541,3069,100810,7146,0.028428248545703805,0.6995594713656388
6618,0.6618,4,1,4,602542,3068,100814,7142,0.028418985512616252,0.6995102840352595
6619,0.6619,7,3,7,602545,3065,100821,7135,0.028391196413353588,0.6995098039215686
6620,0.662,6,0,6,602545,3065,100827,7129,0.028391196413353588,0.6993329409456543
6621,0.6621,4,1,4,602546,3064,100831,7125,0.028381933380266035,0.6992835410737069
6622,0.6622,1,5,1,602551,3059,100832,7124,0.028335618214828263,0.699597368162624
6623,0.6623,6,3,6,602554,3056,100838,7118,0.028307829115565602,0.6996264989188127
6624,0.6624,9,2,9,602556,3054,100847,7109,0.028289303049390493,0.6994981796713569
6625,0.6625,8,2,8,602558,3052,100855,7101,0.028270776983215385,0.6993991923569388
6626,0.6626,8,4,8,602562,3048,100863,7093,0.028233724850865168,0.6994379252539197
6627,0.6627,3,4,3,602566,3044,100866,7090,0.02819667271851495,0.6996250246694297
6628,0.6628,4,3,4,602569,3041,100870,7086,0.028168883619252287,0.6997136368124814
6629,0.6629,8,2,8,602571,3039,100878,7078,0.02815035755307718,0.6996145102303054
6630,0.663,1,1,1,602572,3038,100879,7077,0.028141094519989626,0.6996539792387543
6631,0.6631,3,3,3,602575,3035,100882,7074,0.028113305420726962,0.699772479968345
6632,0.6632,4,4,4,602579,3031,100886,7070,0.028076253288376745,0.6999306999306999
6633,0.6633,5,4,5,602583,3027,100891,7065,0.028039201156026528,0.7000594530321046
6634,0.6634,3,1,3,602584,3026,100894,7062,0.028029938122938976,0.7000396510705789
6635,0.6635,6,4,6,602588,3022,100900,7056,0.02799288599058876,0.7001389164516769
6636,0.6636,6,4,6,602592,3018,100906,7050,0.027955833858238542,0.700238379022646
6637,0.6637,1,1,1,602593,3017,100907,7049,0.027946570825150986,0.700278164116829
6638,0.6638,7,5,7,602598,3012,100914,7042,0.027900255659713217,0.7004177441814203
6639,0.6639,4,3,4,602601,3009,100918,7038,0.027872466560450553,0.700507614213198
6640,0.664,6,2,6,602603,3007,100924,7032,0.027853940494275444,0.7004681741209284
6641,0.6641,5,6,5,602609,3001,100929,7027,0.02779836229575012,0.7007379337854008
6642,0.6642,6,2,6,602611,2999,100935,7021,0.02777983622957501,0.7006986027944112
6643,0.6643,9,5,9,602616,2994,100944,7012,0.02773352106413724,0.7007795322806316
6644,0.6644,2,1,2,602617,2993,100946,7010,0.027724258031049685,0.7007897630710787
6645,0.6645,2,7,2,602624,2986,100948,7008,0.027659416799436808,0.7012207324394637
6646,0.6646,6,2,6,602626,2984,100954,7002,0.0276408907332617,0.7011816543160425
6647,0.6647,1,7,1,602633,2977,100955,7001,0.02757604950164882,0.7016436159551013
6648,0.6648,6,6,6,602639,2971,100961,6995,0.027520471303123496,0.7018864138069436
6649,0.6649,4,2,4,602641,2969,100965,6991,0.027501945236948388,0.7019076305220884
6650,0.665,6,1,6,602642,2968,100971,6985,0.027492682203860832,0.7017984527278207
6651,0.6651,1,1,1,602643,2967,100972,6984,0.02748341917077328,0.7018390111546579
6652,0.6652,9,0,9,602643,2967,100981,6975,0.02748341917077328,0.7015691007845504
6653,0.6653,1,0,1,602643,2967,100982,6974,0.02748341917077328,0.7015390805753948
6654,0.6654,7,4,7,602647,2963,100989,6967,0.027446367038423063,0.7016112789526687
6655,0.6655,5,5,5,602652,2958,100994,6962,0.02740005187298529,0.7018145161290322
6656,0.6656,2,2,2,602654,2956,100996,6960,0.02738152580681018,0.7018959257765228
6657,0.6657,1,0,1,602654,2956,100997,6959,0.02738152580681018,0.7018658598083711
6658,0.6658,2,4,2,602658,2952,100999,6957,0.027344473674459965,0.7020890099909174
6659,0.6659,4,1,4,602659,2951,101003,6953,0.027335210641372412,0.7020395799676898
6660,0.666,6,5,6,602664,2946,101009,6947,0.02728889547593464,0.7022136864449611
6661,0.6661,4,3,4,602667,2943,101013,6943,0.02726110637667198,0.7023062917256727
6662,0.6662,8,3,8,602670,2940,101021,6935,0.027233317277409314,0.7022784810126582
6663,0.6663,2,2,2,602672,2938,101023,6933,0.027214791211234206,0.7023604498024516
6664,0.6664,4,1,4,602673,2937,101027,6929,0.027205528178146653,0.7023109669572268
6665,0.6665,7,2,7,602675,2935,101034,6922,0.027187002111971545,0.7022420614791519
6666,0.6666,5,1,5,602676,2934,101039,6917,0.02717773907888399,0.7021622170338037
6667,0.6667,6,7,6,602683,2927,101045,6911,0.02711289784727111,0.7024801788981501
6668,0.6668,3,2,3,602685,2925,101048,6908,0.027094371781096003,0.7025322892301434
6669,0.6669,5,1,5,602686,2924,101053,6903,0.027085108748008447,0.7024524269868729
6670,0.667,4,3,4,602689,2921,101057,6899,0.027057319648745786,0.7025458248472505
6671,0.6671,2,3,2,602692,2918,101059,6897,0.02702953054948312,0.7026999490575649
6672,0.6672,5,4,5,602696,2914,101064,6892,0.026992478417132905,0.7028349989802162
6673,0.6673,6,4,6,602700,2910,101070,6886,0.026955426284782688,0.7029399755002042
6674,0.6674,6,3,6,602703,2907,101076,6880,0.026927637185520027,0.7029733319709819
6675,0.6675,5,2,5,602705,2905,101081,6875,0.02690911111934492,0.7029652351738241
6676,0.6676,4,2,4,602707,2903,101085,6871,0.02689058505316981,0.702987517904645
6677,0.6677,6,6,6,602713,2897,101091,6865,0.026835006854644485,0.7032370415898381
6678,0.6678,6,7,6,602720,2890,101097,6859,0.026770165623031604,0.7035593394194276
6679,0.6679,6,3,6,602723,2887,101103,6853,0.026742376523768943,0.7035934291581109
6680,0.668,8,3,8,602726,2884,101111,6845,0.02671458742450628,0.703566656388118
6681,0.6681,2,3,2,602729,2881,101113,6843,0.026686798325243618,0.7037227478403949
6682,0.6682,8,4,8,602733,2877,101121,6835,0.0266497461928934,0.7037685337726524
6683,0.6683,5,5,5,602738,2872,101126,6830,0.02660343102745563,0.7039785611214182
6684,0.6684,2,6,2,602744,2866,101128,6828,0.026547852828930307,0.704353208170002
6685,0.6685,3,4,3,602748,2862,101131,6825,0.02651080069658009,0.7045524930318984
6686,0.6686,3,3,3,602751,2859,101134,6822,0.026483011597317425,0.7046792686705918
6687,0.6687,7,0,7,602751,2859,101141,6815,0.026483011597317425,0.7044655778375026
6688,0.6688,8,4,8,602755,2855,101149,6807,0.02644595946496721,0.7045125232871041
6689,0.6689,2,2,2,602757,2853,101151,6805,0.0264274333987921,0.7045972250983641
6690,0.669,6,4,6,602761,2849,101157,6799,0.026390381266441883,0.7047056384742952
6691,0.6691,3,4,3,602765,2845,101160,6796,0.026353329134091667,0.7049061300694949
6692,0.6692,7,2,7,602767,2843,101167,6789,0.026334803067916558,0.7048380398671097
6693,0.6693,3,3,3,602770,2840,101170,6786,0.026307013968653897,0.7049657178474964
6694,0.6694,3,4,3,602774,2836,101173,6783,0.02626996183630368,0.7051668572616696
6695,0.6695,6,5,6,602779,2831,101179,6777,0.026223646670865908,0.7053497085761865
6696,0.6696,7,0,7,602779,2831,101186,6770,0.026223646670865908,0.7051348817831475
6697,0.6697,4,1,4,602780,2830,101190,6766,0.026214383637778355,0.7050854522717799
6698,0.6698,6,1,6,602781,2829,101196,6760,0.0262051206046908,0.7049744498904995
6699,0.6699,4,3,4,602784,2826,101200,6756,0.02617733150542814,0.7050720100187852
6700,0.67,4,0,4,602784,2826,101204,6752,0.02617733150542814,0.7049488410941741
6701,0.6701,2,2,2,602786,2824,101206,6750,0.02615880543925303,0.7050344683517861
6702,0.6702,3,1,3,602787,2823,101209,6747,0.026149542406165474,0.7050156739811912
6703,0.6703,4,2,4,602789,2821,101213,6743,0.026131016339990366,0.7050397323295692
6704,0.6704,4,4,4,602793,2817,101217,6739,0.02609396420764015,0.7052113855169527
6705,0.6705,4,1,4,602794,2816,101221,6735,0.026084701174552596,0.7051617631661606
6706,0.6706,5,1,5,602795,2815,101226,6730,0.02607543814146504,0.7050811943425878
6707,0.6707,2,2,2,602797,2813,101228,6728,0.026056912075289932,0.7051671732522796
6708,0.6708,6,4,6,602801,2809,101234,6722,0.026019859942939715,0.7052775154758157
6709,0.6709,8,4,8,602805,2805,101242,6714,0.0259828078105895,0.7053261897258115
6710,0.671,4,5,4,602810,2800,101246,6710,0.02593649264515173,0.7055730809674028
6711,0.6711,5,1,5,602811,2799,101251,6705,0.025927229612064173,0.7054924242424242
6712,0.6712,2,2,2,602813,2797,101253,6703,0.025908703545889065,0.7055789473684211
6713,0.6713,6,0,6,602813,2797,101259,6697,0.025908703545889065,0.7053928797135033
6714,0.6714,4,1,4,602814,2796,101263,6693,0.025899440512801512,0.7053430287701549
6715,0.6715,3,3,3,602817,2793,101266,6690,0.025871651413538848,0.7054729515975957
6716,0.6716,3,4,3,602821,2789,101269,6687,0.02583459928118863,0.7056775010552976
6717,0.6717,5,1,5,602822,2788,101274,6682,0.02582533624810108,0.7055966209081309
6718,0.6718,4,5,4,602827,2783,101278,6678,0.025779021082663306,0.7058450480921679
6719,0.6719,10,3,10,602830,2780,101288,6668,0.025751231983400645,0.70575783234547
6720,0.672,5,4,5,602834,2776,101293,6663,0.025714179851050428,0.7059010488399194
6721,0.6721,3,3,3,602837,2773,101296,6660,0.025686390751787764,0.706032015265557
6722,0.6722,7,3,7,602840,2770,101303,6653,0.025658601652525103,0.7060384166401359
6723,0.6723,3,2,3,602842,2768,101306,6650,0.025640075586349995,0.7060947122531323
6724,0.6724,4,1,4,602843,2767,101310,6646,0.02563081255326244,0.7060448316158504
6725,0.6725,3,2,3,602845,2765,101313,6643,0.02561228648708733,0.7061011904761905
6726,0.6726,6,1,6,602846,2764,101319,6637,0.025603023453999778,0.7059887246037656
6727,0.6727,4,4,4,602850,2760,101323,6633,0.02556597132164956,0.7061641648035771
6728,0.6728,4,4,4,602854,2756,101327,6629,0.025528919189299344,0.7063399041022909
6729,0.6729,2,2,2,602856,2754,101329,6627,0.025510393123124236,0.7064278861528621
6730,0.673,3,2,3,602858,2752,101332,6624,0.025491867056949127,0.7064846416382252
6731,0.6731,2,0,2,602858,2752,101334,6622,0.025491867056949127,0.7064220183486238
6732,0.6732,5,7,5,602865,2745,101339,6617,0.02542702582533625,0.706793420209357
6733,0.6733,10,1,10,602866,2744,101349,6607,0.025417762792248694,0.7065554486151214
6734,0.6734,6,3,6,602869,2741,101355,6601,0.025389973692986033,0.7065938771141084
6735,0.6735,4,5,4,602874,2736,101359,6597,0.02534365852754826,0.7068466730954677
6736,0.6736,5,3,5,602877,2733,101364,6592,0.0253158694282856,0.7069168900804289
6737,0.6737,1,2,1,602879,2731,101365,6591,0.02529734336211049,0.7070371164986055
6738,0.6738,4,3,4,602882,2728,101369,6587,0.025269554262847826,0.707139023081052
6739,0.6739,10,3,10,602885,2725,101379,6577,0.025241765163585166,0.707052246828639
6740,0.674,6,3,6,602888,2722,101385,6571,0.0252139760643225,0.7070913590874852
6741,0.6741,6,2,6,602890,2720,101391,6565,0.025195449998147393,0.7070543887991384
6742,0.6742,6,5,6,602895,2715,101397,6559,0.025149134832709624,0.707246064265689
6743,0.6743,5,0,5,602895,2715,101402,6554,0.025149134832709624,0.7070881432732765
6744,0.6744,1,0,1,602895,2715,101403,6553,0.025149134832709624,0.7070565386275356
6745,0.6745,3,3,3,602898,2712,101406,6550,0.02512134573344696,0.7071906715612178
6746,0.6746,8,2,8,602900,2710,101414,6542,0.02510281966727185,0.7070903588413316
6747,0.6747,3,1,3,602901,2709,101417,6539,0.0250935566341843,0.7070717993079585
6748,0.6748,6,4,6,602905,2705,101423,6533,0.02505650450183408,0.70718770296601
6749,0.6749,6,7,6,602912,2698,101429,6527,0.0249916632702212,0.7075338753387533
6750,0.675,13,2,13,602914,2696,101442,6514,0.024973137204046092,0.7072747014115093
6751,0.6751,6,0,6,602914,2696,101448,6508,0.024973137204046092,0.707083876575402
6752,0.6752,3,4,3,602918,2692,101451,6505,0.024936085071695875,0.7072958573447864
6753,0.6753,5,3,5,602921,2689,101456,6500,0.024908295972433214,0.7073675046250952
6754,0.6754,2,1,2,602922,2688,101458,6498,0.02489903293934566,0.7073807968647943
6755,0.6755,6,2,6,602924,2686,101464,6492,0.02488050687317055,0.7073436478535629
6756,0.6756,5,3,5,602927,2683,101469,6487,0.02485271777390789,0.7074154852780807
6757,0.6757,7,1,7,602928,2682,101476,6480,0.024843454740820333,0.7072691552062869
6758,0.6758,14,4,14,602932,2678,101490,6466,0.024806402608470116,0.7071303587051618
6759,0.6759,7,3,7,602935,2675,101497,6459,0.024778613509207455,0.7071381650974381
6760,0.676,5,2,5,602937,2673,101502,6454,0.024760087443032347,0.7071326832475074
6761,0.6761,5,3,5,602940,2670,101507,6449,0.024732298343769683,0.7072047373615528
6762,0.6762,4,1,4,602941,2669,101511,6445,0.02472303531068213,0.7071538292736449
6763,0.6763,10,5,10,602946,2664,101521,6435,0.024676720145244357,0.7072205736894164
6764,0.6764,6,3,6,602949,2661,101527,6429,0.024648931045981697,0.7072607260726073
6765,0.6765,4,1,4,602950,2660,101531,6425,0.02463966801289414,0.7072096862960925
6766,0.6766,6,3,6,602953,2657,101537,6419,0.02461187891363148,0.7072498898193037
6767,0.6767,4,1,4,602954,2656,101541,6415,0.024602615880543924,0.7071987652959982
6768,0.6768,4,6,4,602960,2650,101545,6411,0.0245470376820186,0.707537799359894
6769,0.6769,8,2,8,602962,2648,101553,6403,0.02452851161584349,0.7074356424704452
6770,0.677,3,1,3,602963,2647,101556,6400,0.024519248582755938,0.707416823256328
6771,0.6771,4,3,4,602966,2644,101560,6396,0.024491459483493273,0.7075221238938053
6772,0.6772,3,6,3,602972,2638,101563,6393,0.02443588128496795,0.7078950282360758
6773,0.6773,4,3,4,602975,2635,101567,6389,0.024408092185705287,0.7080008865248227
6774,0.6774,4,4,4,602979,2631,101571,6385,0.02437104005335507,0.7081854480922803
6775,0.6775,7,0,7,602979,2631,101578,6378,0.02437104005335507,0.707958707958708
6776,0.6776,2,1,2,602980,2630,101580,6376,0.024361777020267518,0.7079724628025761
6777,0.6777,2,1,2,602981,2629,101582,6374,0.024352513987179962,0.7079862268132845
6778,0.6778,4,4,4,602985,2625,101586,6370,0.024315461854829745,0.708171206225681
6779,0.6779,5,1,5,602986,2624,101591,6365,0.024306198821742193,0.7080876626988541
6780,0.678,5,4,5,602990,2620,101596,6360,0.024269146689391976,0.7082405345211581
6781,0.6781,4,2,4,602992,2618,101600,6356,0.024250620623216868,0.7082683307332294
6782,0.6782,2,5,2,602997,2613,101602,6354,0.024204305457779095,0.708598193375711
6783,0.6783,1,3,1,603000,2610,101603,6353,0.024176516358516434,0.7088028561865447
6784,0.6784,7,0,7,603000,2610,101610,6346,0.024176516358516434,0.7085752568110764
6785,0.6785,5,3,5,603003,2607,101615,6341,0.02414872725925377,0.7086499776486366
6786,0.6786,1,2,1,603005,2605,101616,6340,0.02413020119307866,0.708775852431526
6787,0.6787,4,0,4,603005,2605,101620,6336,0.02413020119307866,0.7086455653730008
6788,0.6788,4,2,4,603007,2603,101624,6332,0.024111675126903553,0.7086737548964746
6789,0.6789,8,4,8,603011,2599,101632,6324,0.024074622994553336,0.708730247674549
6790,0.679,4,2,4,603013,2597,101636,6320,0.024056096928378227,0.7087585510822025
6791,0.6791,4,0,4,603013,2597,101640,6316,0.024056096928378227,0.7086278469651072
6792,0.6792,1,4,1,603017,2593,101641,6315,0.02401904479602801,0.7089133363268971
6793,0.6793,4,2,4,603019,2591,101645,6311,0.024000518729852902,0.7089418108290272
6794,0.6794,2,3,2,603022,2588,101647,6309,0.02397272963059024,0.7091154321681465
6795,0.6795,4,2,4,603024,2586,101651,6305,0.023954203564415133,0.7091440782814081
6796,0.6796,3,3,3,603027,2583,101654,6302,0.02392641446515247,0.7092853123241418
6797,0.6797,5,3,5,603030,2580,101659,6297,0.023898625365889808,0.7093612706995607
6798,0.6798,7,0,7,603030,2580,101666,6290,0.023898625365889808,0.7091319052987599
6799,0.6799,5,4,5,603034,2576,101671,6285,0.02386157323353959,0.7092878907572508
6800,0.68,6,5,6,603039,2571,101677,6279,0.023815258068101818,0.7094915254237288
6801,0.6801,6,2,6,603041,2569,101683,6273,0.02379673200192671,0.7094548744627912
6802,0.6802,3,2,3,603043,2567,101686,6270,0.0237782059357516,0.7095168043453661
6803,0.6803,4,5,4,603048,2562,101690,6266,0.023731890770313832,0.7097870412324422
6804,0.6804,4,3,4,603051,2559,101694,6262,0.023704101671051168,0.7098968370933001
6805,0.6805,4,3,4,603054,2556,101698,6258,0.023676312571788507,0.7100068073519401
6806,0.6806,5,2,5,603056,2554,101703,6253,0.0236577865056134,0.7100034063812876
6807,0.6807,6,2,6,603058,2552,101709,6247,0.02363926043943829,0.7099670417092852
6808,0.6808,4,1,4,603059,2551,101713,6243,0.023629997406350734,0.7099158517170798
6809,0.6809,2,1,2,603060,2550,101715,6241,0.02362073437326318,0.7099306108520077
6810,0.681,6,3,6,603063,2547,101721,6235,0.023592945274000517,0.7099749487588248
6811,0.6811,8,3,8,603066,2544,101729,6227,0.023565156174737856,0.7099532550450348
6812,0.6812,3,3,3,603069,2541,101732,6224,0.023537367075475192,0.7100969766115232
6813,0.6813,5,5,5,603074,2536,101737,6219,0.023491051910037423,0.7103369503141063
6814,0.6814,6,0,6,603074,2536,101743,6213,0.023491051910037423,0.7101383015201738
6815,0.6815,5,4,5,603078,2532,101748,6208,0.023453999777687206,0.7102974828375286
6816,0.6816,3,3,3,603081,2529,101751,6205,0.02342621067842454,0.7104419509961072
6817,0.6817,7,3,7,603084,2526,101758,6198,0.02339842157916188,0.7104539202200826
6818,0.6818,7,1,7,603085,2525,101765,6191,0.02338915854607433,0.7103028912345113
6819,0.6819,7,4,7,603089,2521,101772,6184,0.02335210641372411,0.7103963239517519
6820,0.682,9,4,9,603093,2517,101781,6175,0.023315054281373895,0.7104233778186838
6821,0.6821,4,2,4,603095,2515,101785,6171,0.023296528215198786,0.7104536034998848
6822,0.6822,2,1,2,603096,2514,101787,6169,0.02328726518211123,0.7104687320050673
6823,0.6823,5,1,5,603097,2513,101792,6164,0.023278002149023678,0.7103837731935001
6824,0.6824,7,0,7,603097,2513,101799,6157,0.023278002149023678,0.7101499423298732
6825,0.6825,0,1,0,603098,2512,101799,6157,0.023268739115936122,0.7102318606529011
6826,0.6826,8,1,8,603099,2511,101807,6149,0.02325947608284857,0.7100461893764434
6827,0.6827,1,4,1,603103,2507,101808,6148,0.023222423950498353,0.7103408434430964
6828,0.6828,3,1,3,603104,2506,101811,6145,0.023213160917410797,0.7103225060686625
6829,0.6829,5,2,5,603106,2504,101816,6140,0.02319463485123569,0.7103192966219343
6830,0.683,2,5,2,603111,2499,101818,6138,0.02314831968579792,0.7106634248002779
6831,0.6831,6,3,6,603114,2496,101824,6132,0.023120530586535255,0.7107093184979137
6832,0.6832,3,0,3,603114,2496,101827,6129,0.023120530586535255,0.7106086956521739
6833,0.6833,4,5,4,603119,2491,101831,6125,0.023074215421097485,0.710886722376973
6834,0.6834,4,2,4,603121,2489,101835,6121,0.023055689354922377,0.710917537746806
6835,0.6835,2,3,2,603124,2486,101837,6119,0.023027900255659713,0.7110981987216735
6836,0.6836,4,4,4,603128,2482,101841,6115,0.022990848123309496,0.7112946376643015
6837,0.6837,6,1,6,603129,2481,101847,6109,0.022981585090221943,0.7111757857974389
6838,0.6838,8,1,8,603130,2480,101855,6101,0.022972322057134387,0.7109893951753875
6839,0.6839,6,1,6,603131,2479,101861,6095,0.022963059024046835,0.7108700723116398
6840,0.684,5,1,5,603132,2478,101866,6090,0.02295379599095928,0.7107843137254902
6841,0.6841,5,3,5,603135,2475,101871,6085,0.022926006891696618,0.7108644859813084
6842,0.6842,5,2,5,603137,2473,101876,6080,0.02290748082552151,0.7108616859581434
6843,0.6843,5,3,5,603140,2470,101881,6075,0.022879691726258845,0.7109420713867759
6844,0.6844,3,5,3,603145,2465,101884,6072,0.022833376560821076,0.7112568818085979
6845,0.6845,4,2,4,603147,2463,101888,6068,0.022814850494645968,0.7112882428789122
6846,0.6846,4,3,4,603150,2460,101892,6064,0.022787061395383303,0.7114030971374942
6847,0.6847,8,4,8,603154,2456,101900,6056,0.022750009263033086,0.7114661654135338
6848,0.6848,4,2,4,603156,2454,101904,6052,0.022731483196857978,0.7114977662826241
6849,0.6849,2,3,2,603159,2451,101906,6050,0.022703694097595317,0.7116809787083872
6850,0.685,6,3,6,603162,2448,101912,6044,0.022675904998332653,0.71172868582195
6851,0.6851,6,5,6,603167,2443,101918,6038,0.022629589832894884,0.7119443461855913
6852,0.6852,3,1,3,603168,2442,101921,6035,0.022620326799807328,0.7119263890527309
6853,0.6853,9,3,9,603171,2439,101930,6026,0.022592537700544667,0.7118724158298878
6854,0.6854,4,5,4,603176,2434,101934,6022,0.022546222535106894,0.7121570482497634
6855,0.6855,10,7,10,603183,2427,101944,6012,0.022481381303494016,0.71240668325631
6856,0.6856,3,4,3,603187,2423,101947,6009,0.0224443291711438,0.7126423149905123
6857,0.6857,5,4,5,603191,2419,101952,6004,0.022407277038793583,0.7128101626498872
6858,0.6858,2,6,2,603197,2413,101954,6002,0.022351698840268257,0.7132501485442662
6859,0.6859,4,4,4,603201,2409,101958,5998,0.02231464670791804,0.7134530748186035
6860,0.686,5,3,5,603204,2406,101963,5993,0.02228685760865538,0.7135373258721276
6861,0.6861,6,4,6,603208,2402,101969,5987,0.022249805476305163,0.7136726665871975
6862,0.6862,3,3,3,603211,2399,101972,5984,0.0222220163770425,0.7138255994274126
6863,0.6863,3,3,3,603214,2396,101975,5981,0.022194227277779838,0.7139787513429628
6864,0.6864,4,2,4,603216,2394,101979,5977,0.02217570121160473,0.7140126627643053
6865,0.6865,6,1,6,603217,2393,101985,5971,0.022166438178517173,0.7138928742228599
6866,0.6866,9,3,9,603220,2390,101994,5962,0.022138649079254513,0.7138409961685823
6867,0.6867,4,1,4,603221,2389,101998,5958,0.022129386046166957,0.713789385407931
6868,0.6868,6,5,6,603226,2384,102004,5952,0.022083070880729187,0.7140115163147792
6869,0.6869,4,2,4,603228,2382,102008,5948,0.02206454481455408,0.714045618247299
6870,0.687,1,0,1,603228,2382,102009,5947,0.02206454481455408,0.7140112858686517
6871,0.6871,3,1,3,603229,2381,102012,5944,0.022055281781466523,0.713993993993994
6872,0.6872,2,1,2,603230,2380,102014,5942,0.02204601874837897,0.7140110550348474
6873,0.6873,4,2,4,603232,2378,102018,5938,0.022027492682203862,0.714045214045214
6874,0.6874,3,0,3,603232,2378,102021,5935,0.022027492682203862,0.7139420185252014
6875,0.6875,4,1,4,603233,2377,102025,5931,0.022018229649116306,0.7138902262879152
6876,0.6876,4,3,4,603236,2374,102029,5927,0.021990440549853645,0.7140103601975666
6877,0.6877,8,2,8,603238,2372,102037,5919,0.021971914483678537,0.7139066457604631
6878,0.6878,6,1,6,603239,2371,102043,5913,0.02196265145059098,0.7137856108160309
6879,0.6879,7,1,7,603240,2370,102050,5906,0.02195338841750343,0.7136297728371194
6880,0.688,3,3,3,603243,2367,102053,5903,0.021925599318240764,0.7137847642079806
6881,0.6881,0,3,0,603246,2364,102053,5903,0.021897810218978103,0.714043788556913
6882,0.6882,5,1,5,603247,2363,102058,5898,0.021888547185890547,0.7139571480450309
6883,0.6883,6,4,6,603251,2359,102064,5892,0.02185149505354033,0.714095261180463
6884,0.6884,9,4,9,603255,2355,102073,5883,0.021814442921190114,0.7141296431172615
6885,0.6885,3,4,3,603259,2351,102076,5880,0.021777390788839897,0.7143724942291337
6886,0.6886,6,5,6,603264,2346,102082,5874,0.021731075623402128,0.7145985401459855
6887,0.6887,2,2,2,603266,2344,102084,5872,0.02171254955722702,0.7147030185004869
6888,0.6888,2,2,2,603268,2342,102086,5870,0.02169402349105191,0.7148075986361422
6889,0.6889,6,2,6,603270,2340,102092,5864,0.021675497424876802,0.7147732813261823
6890,0.689,2,4,2,603274,2336,102094,5862,0.021638445292526585,0.7150524518175164
6891,0.6891,3,0,3,603274,2336,102097,5859,0.021638445292526585,0.714948139109213
6892,0.6892,5,2,5,603276,2334,102102,5854,0.021619919226351477,0.7149487054225696
6893,0.6893,8,2,8,603278,2332,102110,5846,0.02160139316017637,0.714844705306921
6894,0.6894,2,2,2,603280,2330,102112,5844,0.02158286709400126,0.7149498409591387
6895,0.6895,10,2,10,603282,2328,102122,5834,0.021564341027826152,0.7147757902474884
6896,0.6896,5,6,5,603288,2322,102127,5829,0.021508762829300827,0.715126978284873
6897,0.6897,7,2,7,603290,2320,102134,5822,0.021490236763125718,0.7150577253746009
6898,0.6898,5,1,5,603291,2319,102139,5817,0.021480973730038162,0.7149705014749262
6899,0.6899,1,1,1,603292,2318,102140,5816,0.02147171069695061,0.7150233587410868
6900,0.69,5,2,5,603294,2316,102145,5811,0.0214531846307755,0.7150239940937615
6901,0.6901,4,3,4,603297,2313,102149,5807,0.021425395531512837,0.7151477832512315
6902,0.6902,7,3,7,603300,2310,102156,5800,0.021397606432250176,0.7151664611590629
6903,0.6903,5,2,5,603302,2308,102161,5795,0.021379080366075068,0.715167222016537
6904,0.6904,5,3,5,603305,2305,102166,5790,0.021351291266812403,0.7152563310685608
6905,0.6905,6,1,6,603306,2304,102172,5784,0.02134202823372485,0.7151335311572701
6906,0.6906,5,3,5,603309,2301,102177,5779,0.021314239134462187,0.7152227722772277
6907,0.6907,3,2,3,603311,2299,102180,5776,0.021295713068287078,0.7152941176470589
6908,0.6908,5,3,5,603314,2296,102185,5771,0.021267923969024417,0.7153836618321557
6909,0.6909,4,3,4,603317,2293,102189,5767,0.021240134869761756,0.7155086848635236
6910,0.691,5,4,5,603321,2289,102194,5762,0.02120308273741154,0.7156874922369892
6911,0.6911,5,3,5,603324,2286,102199,5757,0.021175293638148875,0.7157776948899665
6912,0.6912,4,3,4,603327,2283,102203,5753,0.021147504538886214,0.7159034345445495
6913,0.6913,5,0,5,603327,2283,102208,5748,0.021147504538886214,0.7157265595816212
6914,0.6914,5,3,5,603330,2280,102213,5743,0.02111971543962355,0.715817026050106
6915,0.6915,3,3,3,603333,2277,102216,5740,0.02109192634036089,0.7159785455906199
6916,0.6916,2,5,2,603338,2272,102218,5738,0.021045611174923116,0.716354556803995
6917,0.6917,1,1,1,603339,2271,102219,5737,0.021036348141835564,0.7164085914085914
6918,0.6918,0,3,0,603342,2268,102219,5737,0.0210085590425729,0.7166770768269831
6919,0.6919,3,2,3,603344,2266,102222,5734,0.02099003297639779,0.71675
6920,0.692,3,0,3,603344,2266,102225,5731,0.02099003297639779,0.7166437414030261
6921,0.6921,5,2,5,603346,2264,102230,5726,0.020971506910222683,0.7166458072590739
6922,0.6922,3,3,3,603349,2261,102233,5723,0.020943717810960022,0.716808617234469
6923,0.6923,10,4,10,603353,2257,102243,5713,0.020906665678609805,0.7168130489335006
6924,0.6924,3,1,3,603354,2256,102246,5710,0.02089740264552225,0.7167963846346974
6925,0.6925,4,2,4,603356,2254,102250,5706,0.02087887657934714,0.7168341708542714
6926,0.6926,3,4,3,603360,2250,102253,5703,0.020841824446996924,0.7170878913617503
6927,0.6927,4,2,4,603362,2248,102257,5699,0.020823298380821816,0.7171259594815653
6928,0.6928,2,1,2,603363,2247,102259,5697,0.020814035347734263,0.7171450151057401
6929,0.6929,2,0,2,603363,2247,102261,5695,0.020814035347734263,0.717073784940821
6930,0.693,2,0,2,603363,2247,102263,5693,0.020814035347734263,0.7170025188916876
6931,0.6931,4,3,4,603366,2244,102267,5689,0.0207862462484716,0.7171309718895752
6932,0.6932,3,1,3,603367,2243,102270,5686,0.020776983215384046,0.7171143902131416
6933,0.6933,8,2,8,603369,2241,102278,5678,0.020758457149208938,0.7170097234499305
6934,0.6934,7,3,7,603372,2238,102285,5671,0.020730668049946274,0.7170312302440258
6935,0.6935,6,1,6,603373,2237,102291,5665,0.02072140501685872,0.716907112123513
6936,0.6936,2,4,2,603377,2233,102293,5663,0.020684352884508504,0.7171985815602837
6937,0.6937,7,2,7,603379,2231,102300,5656,0.020665826818333396,0.7171294535311272
6938,0.6938,3,4,3,603383,2227,102303,5653,0.02062877468598318,0.7173857868020305
6939,0.6939,4,5,4,603388,2222,102307,5649,0.020582459520545406,0.7176978782873841
6940,0.694,4,2,4,603390,2220,102311,5645,0.020563933454370298,0.7177368086458995
6941,0.6941,9,2,9,603392,2218,102320,5636,0.02054540738819519,0.7175961293608353
6942,0.6942,1,2,1,603394,2216,102321,5635,0.02052688132202008,0.7177429626799133
6943,0.6943,6,3,6,603397,2213,102327,5629,0.02049909222275742,0.7178015812292783
6944,0.6944,3,2,3,603399,2211,102330,5626,0.020480566156582312,0.7178767385479138
6945,0.6945,3,4,3,603403,2207,102333,5623,0.020443514024232095,0.7181353767560664
6946,0.6946,3,2,3,603405,2205,102336,5620,0.020424987958056987,0.7182108626198083
6947,0.6947,7,2,7,603407,2203,102343,5613,0.020406461891881878,0.7181422722620266
6948,0.6948,5,4,5,603411,2199,102348,5608,0.02036940975953166,0.7183297041116946
6949,0.6949,3,4,3,603415,2195,102351,5605,0.020332357627181444,0.7185897435897436
6950,0.695,5,2,5,603417,2193,102356,5600,0.020313831561006336,0.7185936096496857
6951,0.6951,2,3,2,603420,2190,102358,5598,0.02028604246174367,0.7187981510015409
6952,0.6952,9,5,9,603425,2185,102367,5589,0.020239727296305902,0.7189349112426036
6953,0.6953,8,3,8,603428,2182,102375,5581,0.02021193819704324,0.7189230967409507
6954,0.6954,4,0,4,603428,2182,102379,5577,0.02021193819704324,0.7187781930661168
6955,0.6955,9,1,9,603429,2181,102388,5568,0.020202675163955686,0.7185443283004259
6956,0.6956,2,1,2,603430,2180,102390,5566,0.020193412130868133,0.718564420345985
6957,0.6957,4,0,4,603430,2180,102394,5562,0.020193412130868133,0.7184190131748902
6958,0.6958,8,2,8,603432,2178,102402,5554,0.020174886064693025,0.7183135023279876
6959,0.6959,4,3,4,603435,2175,102406,5550,0.02014709696543036,0.7184466019417476
6960,0.696,7,0,7,603435,2175,102413,5543,0.02014709696543036,0.718191241254211
6961,0.6961,3,2,3,603437,2173,102416,5540,0.020128570899255252,0.7182678594580578
6962,0.6962,5,3,5,603440,2170,102421,5535,0.02010078179999259,0.718364698247891
6963,0.6963,5,7,5,603447,2163,102426,5530,0.02003594056837971,0.718835304822566
6964,0.6964,1,2,1,603449,2161,102427,5529,0.0200174145022046,0.7189856957087126
6965,0.6965,8,4,8,603453,2157,102435,5521,0.019980362369854385,0.7190674654858036
6966,0.6966,2,2,2,603455,2155,102437,5519,0.019961836303679276,0.7191816523325515
6967,0.6967,6,4,6,603459,2151,102443,5513,0.01992478417132906,0.7193371607515657
6968,0.6968,5,1,5,603460,2150,102448,5508,0.019915521138241507,0.7192478453904414
6969,0.6969,4,2,4,603462,2148,102452,5504,0.0198969950720664,0.7192890747516989
6970,0.697,2,2,2,603464,2146,102454,5502,0.01987846900589129,0.7194037656903766
6971,0.6971,3,2,3,603466,2144,102457,5499,0.019859942939716182,0.7194818788433861
6972,0.6972,3,1,3,603467,2143,102460,5496,0.019850679906628626,0.7194658986778374
6973,0.6973,5,4,5,603471,2139,102465,5491,0.01981362777427841,0.7196592398427261
6974,0.6974,7,5,7,603476,2134,102472,5484,0.01976731260884064,0.7198739826726175
6975,0.6975,8,1,8,603477,2133,102480,5476,0.019758049575753084,0.7196740701800499
6976,0.6976,8,3,8,603480,2130,102488,5468,0.019730260476490423,0.7196630692287445
6977,0.6977,4,4,4,603484,2126,102492,5464,0.019693208344140206,0.7198945981554677
6978,0.6978,4,1,4,603485,2125,102496,5460,0.01968394531105265,0.7198417930125247
6979,0.6979,5,2,5,603487,2123,102501,5455,0.019665419244877542,0.7198469253101082
6980,0.698,2,3,2,603490,2120,102503,5453,0.01963763014561488,0.7200581011488182
6981,0.6981,5,0,5,603490,2120,102508,5448,0.01963763014561488,0.7198731501057083
6982,0.6982,5,1,5,603491,2119,102513,5443,0.019628367112527325,0.7197831261571013
6983,0.6983,3,2,3,603493,2117,102516,5440,0.019609841046352217,0.7198623792510256
6984,0.6984,7,2,7,603495,2115,102523,5433,0.019591314980177108,0.7197933227344993
6985,0.6985,5,3,5,603498,2112,102528,5428,0.019563525880914447,0.7198938992042441
6986,0.6986,4,2,4,603500,2110,102532,5424,0.01954499981473934,0.7199362888239978
6987,0.6987,7,4,7,603504,2106,102539,5417,0.019507947682389122,0.7200584873055962
6988,0.6988,6,1,6,603505,2105,102545,5411,0.019498684649301566,0.7199308142629058
6989,0.6989,3,2,3,603507,2103,102548,5408,0.019480158583126458,0.7200106510451338
6990,0.699,4,1,4,603508,2102,102552,5404,0.019470895550038905,0.7199573674393819
6991,0.6991,2,2,2,603510,2100,102554,5402,0.019452369483863797,0.7200746467608637
6992,0.6992,5,2,5,603512,2098,102559,5397,0.01943384341768869,0.7200800533689126
6993,0.6993,9,1,9,603513,2097,102568,5388,0.019424580384601133,0.7198396793587174
6994,0.6994,5,0,5,603513,2097,102573,5383,0.019424580384601133,0.7196524064171123
6995,0.6995,2,1,2,603514,2096,102575,5381,0.01941531735151358,0.7196736659087869
6996,0.6996,5,2,5,603516,2094,102580,5376,0.01939679128533847,0.7196787148594378
6997,0.6997,4,0,4,603516,2094,102584,5372,0.01939679128533847,0.7195285293329762
6998,0.6998,5,1,5,603517,2093,102589,5367,0.019387528252250916,0.7194369973190349
6999,0.6999,4,1,4,603518,2092,102593,5363,0.019378265219163363,0.719382964453387
7000,0.7,6,1,6,603519,2091,102599,5357,0.019369002186075807,0.7192534908700322
7001,0.7001,5,2,5,603521,2089,102604,5352,0.0193504761199007,0.7192581642252386
7002,0.7002,4,9,4,603530,2080,102608,5348,0.019267108822112713,0.7199784598815293
7003,0.7003,8,2,8,603532,2078,102616,5340,0.019248582755937604,0.7198705850633594
7004,0.7004,4,3,4,603535,2075,102620,5336,0.01922079365667494,0.7200107947645392
7005,0.7005,4,2,4,603537,2073,102624,5332,0.01920226759049983,0.7200540175557056
7006,0.7006,5,1,5,603538,2072,102629,5327,0.01919300455741228,0.7199621570482497
7007,0.7007,4,0,4,603538,2072,102633,5323,0.01919300455741228,0.7198106828938472
7008,0.7008,6,1,6,603539,2071,102639,5317,0.019183741524324723,0.7196805630752572
7009,0.7009,2,4,2,603543,2067,102641,5315,0.01914668939197451,0.7199945814142509
7010,0.701,7,1,7,603544,2066,102648,5308,0.019137426358886954,0.7198264171413074
7011,0.7011,5,0,5,603544,2066,102653,5303,0.019137426358886954,0.7196363142895915
7012,0.7012,6,1,6,603545,2065,102659,5297,0.0191281633257994,0.719505569138821
7013,0.7013,1,6,1,603551,2059,102660,5296,0.019072585127274076,0.7200543847722638
7014,0.7014,6,0,6,603551,2059,102666,5290,0.019072585127274076,0.7198258266430807
7015,0.7015,1,3,1,603554,2056,102667,5289,0.019044796028011412,0.7200816882232811
7016,0.7016,4,2,4,603556,2054,102671,5285,0.019026269961836303,0.7201253576781578
7017,0.7017,6,2,6,603558,2052,102677,5279,0.019007743895661195,0.7200927567862502
7018,0.7018,9,3,9,603561,2049,102686,5270,0.018979954796398534,0.7200437218199207
7019,0.7019,10,3,10,603564,2046,102696,5260,0.01895216569713587,0.7199562003832466
7020,0.702,1,1,1,603565,2045,102697,5259,0.018942902664048317,0.7200164293537787
7021,0.7021,3,3,3,603568,2042,102700,5256,0.018915113564785653,0.7201973143326938
7022,0.7022,2,1,2,603569,2041,102702,5254,0.0189058505316981,0.7202193283070596
7023,0.7023,4,2,4,603571,2039,102706,5250,0.018887324465522992,0.7202634106187406
7024,0.7024,5,1,5,603572,2038,102711,5245,0.018878061432435436,0.7201702595084444
7025,0.7025,3,4,3,603576,2034,102714,5242,0.01884100930008522,0.7204507971412865
7026,0.7026,3,6,3,603582,2028,102717,5239,0.018785431101559894,0.7209302325581395
7027,0.7027,3,1,3,603583,2027,102720,5236,0.01877616806847234,0.7209142227729588
7028,0.7028,4,1,4,603584,2026,102724,5232,0.018766905035384786,0.7208597409754753
7029,0.7029,6,2,6,603586,2024,102730,5226,0.018748378969209677,0.7208275862068966
7030,0.703,3,2,3,603588,2022,102733,5223,0.01872985290303457,0.7209109730848862
7031,0.7031,2,1,2,603589,2021,102735,5221,0.018720589869947016,0.7209334438000552
7032,0.7032,5,2,5,603591,2019,102740,5216,0.018702063803771908,0.7209398756046994
7033,0.7033,4,3,4,603594,2016,102744,5212,0.018674274704509244,0.7210846707249585
7034,0.7034,4,2,4,603596,2014,102748,5208,0.018655748638334135,0.7211298809194129
7035,0.7035,4,2,4,603598,2012,102752,5204,0.018637222572159027,0.7211751662971175
7036,0.7036,6,5,6,603603,2007,102758,5198,0.018590907406721258,0.721443442054129
7037,0.7037,14,4,14,603607,2003,102772,5184,0.01855385527437104,0.7213023514679282
7038,0.7038,5,1,5,603608,2002,102777,5179,0.018544592241283485,0.7212087453000975
7039,0.7039,6,3,6,603611,1999,102783,5173,0.018516803142020824,0.7212771890686002
7040,0.704,5,3,5,603614,1996,102788,5168,0.01848901404275816,0.7213847012841987
7041,0.7041,6,3,6,603617,1993,102794,5162,0.0184612249434955,0.7214535290006988
7042,0.7042,3,2,3,603619,1991,102797,5159,0.01844269887732039,0.7215384615384616
7043,0.7043,3,5,3,603624,1986,102800,5156,0.018396383711882618,0.7219266311957435
7044,0.7044,3,5,3,603629,1981,102803,5153,0.01835006854644485,0.7223156714325764
7045,0.7045,4,1,4,603630,1980,102807,5149,0.018340805513357292,0.7222611867022023
7046,0.7046,2,3,2,603633,1977,102809,5147,0.01831301641409463,0.7224873666479505
7047,0.7047,5,3,5,603636,1974,102814,5142,0.018285227314831967,0.7225969645868465
7048,0.7048,6,0,6,603636,1974,102820,5136,0.018285227314831967,0.7223628691983123
7049,0.7049,6,1,6,603637,1973,102826,5130,0.018275964281744415,0.7222300436435309
7050,0.705,7,4,7,603641,1969,102833,5123,0.018238912149394198,0.7223632261703328
7051,0.7051,3,4,3,603645,1965,102836,5120,0.01820186001704398,0.7226534932956952
7052,0.7052,3,0,3,603645,1965,102839,5117,0.01820186001704398,0.7225360067777464
7053,0.7053,5,2,5,603647,1963,102844,5112,0.018183333950868873,0.7225441696113074
7054,0.7054,4,1,4,603648,1962,102848,5108,0.018174070917781317,0.7224893917963225
7055,0.7055,4,3,4,603651,1959,102852,5104,0.018146281818518656,0.7226391051960923
7056,0.7056,3,3,3,603654,1956,102855,5101,0.01811849271925599,0.7228283973359785
7057,0.7057,7,4,7,603658,1952,102862,5094,0.018081440586905778,0.7229633834799887
7058,0.7058,1,5,1,603663,1947,102863,5093,0.018035125421468005,0.7234375
7059,0.7059,2,2,2,603665,1945,102865,5091,0.018016599355292897,0.723564525298465
7060,0.706,5,1,5,603666,1944,102870,5086,0.018007336322205345,0.723470839260313
7061,0.7061,2,2,2,603668,1942,102872,5084,0.017988810256030236,0.7235980643324793
7062,0.7062,7,1,7,603669,1941,102879,5077,0.01797954722294268,0.7234254773439727
7063,0.7063,6,1,6,603670,1940,102885,5071,0.017970284189855128,0.7232919697618029
7064,0.7064,5,2,5,603672,1938,102890,5066,0.01795175812368002,0.7233009708737864
7065,0.7065,5,4,5,603676,1934,102895,5061,0.017914705991329802,0.7235167977126519
7066,0.7066,2,4,2,603680,1930,102897,5059,0.017877653858979586,0.7238517670625269
7067,0.7067,10,2,10,603682,1928,102907,5049,0.017859127792804477,0.7236634656729253
7068,0.7068,4,1,4,603683,1927,102911,5045,0.01784986475971692,0.7236087205966724
7069,0.7069,1,4,1,603687,1923,102912,5044,0.017812812627366705,0.7239844983493613
7070,0.707,2,3,2,603690,1920,102914,5042,0.017785023528104044,0.7242171789715599
7071,0.7071,5,2,5,603692,1918,102919,5037,0.017766497461928935,0.7242271746944644
7072,0.7072,3,0,3,603692,1918,102922,5034,0.017766497461928935,0.724108170310702
7073,0.7073,5,2,5,603694,1916,102927,5029,0.017747971395753827,0.7241180705543556
7074,0.7074,3,2,3,603696,1914,102930,5026,0.01772944532957872,0.7242074927953891
7075,0.7075,6,1,6,603697,1913,102936,5020,0.017720182296491162,0.7240732727534978
7076,0.7076,5,1,5,603698,1912,102941,5015,0.01771091926340361,0.7239786343294355
7077,0.7077,6,2,6,603700,1910,102947,5009,0.0176923931972285,0.7239485474779592
7078,0.7078,5,0,5,603700,1910,102952,5004,0.0176923931972285,0.7237489152444316
7079,0.7079,6,3,6,603703,1907,102958,4998,0.017664604097965837,0.7238233164373642
7080,0.708,2,1,2,603704,1906,102960,4996,0.017655341064878285,0.7238481599536366
7081,0.7081,4,2,4,603706,1904,102964,4992,0.017636814998703176,0.7238979118329466
7082,0.7082,7,1,7,603707,1903,102971,4985,0.01762755196561562,0.7237224157955865
7083,0.7083,6,2,6,603709,1901,102977,4979,0.017609025899440512,0.7236918604651162
7084,0.7084,3,3,3,603712,1898,102980,4976,0.01758123680017785,0.7238871108524876
7085,0.7085,3,1,3,603713,1897,102983,4973,0.017571973767090295,0.7238719068413392
7086,0.7086,7,3,7,603716,1894,102990,4966,0.017544184667827634,0.7239067055393587
7087,0.7087,3,2,3,603718,1892,102993,4963,0.017525658601652526,0.7239970824215901
7088,0.7088,3,1,3,603719,1891,102996,4960,0.01751639556856497,0.7239819004524887
7089,0.7089,8,2,8,603721,1889,103004,4952,0.01749786950238986,0.7238707791258588
7090,0.709,4,3,4,603724,1886,103008,4948,0.0174700804031272,0.7240269242025168
7091,0.7091,8,2,8,603726,1884,103016,4940,0.017451554336952092,0.723915592028136
7092,0.7092,2,1,2,603727,1883,103018,4938,0.017442291303864536,0.7239407711479255
7093,0.7093,5,1,5,603728,1882,103023,4933,0.017433028270776984,0.7238444607483492
7094,0.7094,2,2,2,603730,1880,103025,4931,0.017414502204601875,0.7239759213037733
7095,0.7095,2,0,2,603730,1880,103027,4929,0.017414502204601875,0.7238948450580115
7096,0.7096,9,2,9,603732,1878,103036,4920,0.017395976138426767,0.7237422771403353
7097,0.7097,6,3,6,603735,1875,103042,4914,0.017368187039164103,0.7238179407865665
7098,0.7098,6,4,6,603739,1871,103048,4908,0.017331134906813886,0.7240005900575306
7099,0.7099,6,1,6,603740,1870,103054,4902,0.017321871873726333,0.7238629651506202
7100,0.71,3,0,3,603740,1870,103057,4899,0.017321871873726333,0.7237405820652977
7101,0.7101,2,1,2,603741,1869,103059,4897,0.017312608840638778,0.7237658882648537
7102,0.7102,1,3,1,603744,1866,103060,4896,0.017284819741376117,0.7240461401952085
7103,0.7103,9,2,9,603746,1864,103069,4887,0.017266293675201008,0.7238927566286476
7104,0.7104,4,3,4,603749,1861,103073,4883,0.017238504575938344,0.7240510083036773
7105,0.7105,3,0,3,603749,1861,103076,4880,0.017238504575938344,0.7239282005637145
7106,0.7106,5,5,5,603754,1856,103081,4875,0.017192189410500575,0.7242608824840291
7107,0.7107,3,0,3,603754,1856,103084,4872,0.017192189410500575,0.7241379310344828
7108,0.7108,3,1,3,603755,1855,103087,4869,0.01718292637741302,0.7241225461035098
7109,0.7109,3,1,3,603756,1854,103090,4866,0.017173663344325466,0.7241071428571428
7110,0.711,7,4,7,603760,1850,103097,4859,0.01713661121197525,0.724251006111194
7111,0.7111,3,2,3,603762,1848,103100,4856,0.01711808514580014,0.7243436754176611
7112,0.7112,2,2,2,603764,1846,103102,4854,0.017099559079625033,0.7244776119402985
7113,0.7113,6,2,6,603766,1844,103108,4848,0.017081033013449924,0.7244471010161386
7114,0.7114,2,2,2,603768,1842,103110,4846,0.017062506947274816,0.7245813397129187
7115,0.7115,6,1,6,603769,1841,103116,4840,0.01705324391418726,0.7244424487352192
7116,0.7116,4,1,4,603770,1840,103120,4836,0.017043980881099707,0.7243858597962852
7117,0.7117,4,3,4,603773,1837,103124,4832,0.017016191781837046,0.7245464087569351
7118,0.7118,6,3,6,603776,1834,103130,4826,0.016988402682574382,0.7246246246246246
7119,0.7119,1,0,1,603776,1834,103131,4825,0.016988402682574382,0.7245832707613756
7120,0.712,4,3,4,603779,1831,103135,4821,0.01696061358331172,0.7247444377630787
7121,0.7121,7,3,7,603782,1828,103142,4814,0.016932824484049057,0.724781692261367
7122,0.7122,4,2,4,603784,1826,103146,4810,0.01691429841787395,0.7248342374924653
7123,0.7123,4,2,4,603786,1824,103150,4806,0.01689577235169884,0.7248868778280543
7124,0.7124,6,2,6,603788,1822,103156,4800,0.01687724628552373,0.7248565388100272
7125,0.7125,2,3,2,603791,1819,103158,4798,0.01684945718626107,0.7251020099743086
7126,0.7126,6,2,6,603793,1817,103164,4792,0.016830931120085962,0.7250718716901196
7127,0.7127,6,2,6,603795,1815,103170,4786,0.016812405053910854,0.7250416603544917
7128,0.7128,6,0,6,603795,1815,103176,4780,0.016812405053910854,0.7247915087187263
7129,0.7129,2,2,2,603797,1813,103178,4778,0.016793878987735746,0.7249279320285238
7130,0.713,5,0,5,603797,1813,103183,4773,0.016793878987735746,0.7247191011235955
7131,0.7131,4,1,4,603798,1812,103187,4769,0.01678461595464819,0.7246619054854885
7132,0.7132,1,2,1,603800,1810,103188,4768,0.01676608988847308,0.72484037701429
7133,0.7133,6,1,6,603801,1809,103194,4762,0.01675682685538553,0.7246994369197991
7134,0.7134,7,1,7,603802,1808,103201,4755,0.016747563822297973,0.7245162273350602
7135,0.7135,2,4,2,603806,1804,103203,4753,0.016710511689947756,0.7248741802653652
7136,0.7136,7,0,7,603806,1804,103210,4746,0.016710511689947756,0.7245801526717557
7137,0.7137,5,1,5,603807,1803,103215,4741,0.016701248656860204,0.7244804400977995
7138,0.7138,0,4,0,603811,1799,103215,4741,0.016664196524509987,0.7249235474006116
7139,0.7139,5,3,5,603814,1796,103220,4736,0.016636407425247322,0.7250459277403551
7140,0.714,3,3,3,603817,1793,103223,4733,0.01660861832598466,0.7252528348145878
7141,0.7141,5,4,5,603821,1789,103228,4728,0.016571566193634445,0.7254871873561455
7142,0.7142,3,2,3,603823,1787,103231,4725,0.016553040127459336,0.725583538083538
7143,0.7143,3,4,3,603827,1783,103234,4722,0.01651598799510912,0.7259031514219831
7144,0.7144,6,2,6,603829,1781,103240,4716,0.01649746192893401,0.7258734800677236
7145,0.7145,7,3,7,603832,1778,103247,4709,0.016469672829671347,0.7259133651919223
7146,0.7146,5,3,5,603835,1775,103252,4704,0.016441883730408686,0.7260379688223492
7147,0.7147,3,2,3,603837,1773,103255,4701,0.016423357664233577,0.7261353104726599
7148,0.7148,3,4,3,603841,1769,103258,4698,0.01638630553188336,0.726457399103139
7149,0.7149,2,4,2,603845,1765,103260,4696,0.016349253399533144,0.7268224733013465
7150,0.715,3,4,3,603849,1761,103263,4693,0.016312201267182927,0.7271459559962814
7151,0.7151,8,2,8,603851,1759,103271,4685,0.01629367520100782,0.7270328988206083
7152,0.7152,6,2,6,603853,1757,103277,4679,0.01627514913483271,0.7270043505282784
7153,0.7153,5,1,5,603854,1756,103282,4674,0.016265886101745154,0.726905132192846
7154,0.7154,2,0,2,603854,1756,103284,4672,0.016265886101745154,0.7268201617921594
7155,0.7155,2,1,2,603855,1755,103286,4670,0.0162566230686576,0.7268482490272373
7156,0.7156,5,0,5,603855,1755,103291,4665,0.0162566230686576,0.7266355140186916
7157,0.7157,6,4,6,603859,1751,103297,4659,0.016219570936307385,0.7268330733229329
7158,0.7158,3,0,3,603859,1751,103300,4656,0.016219570936307385,0.726705166224442
7159,0.7159,4,2,4,603861,1749,103304,4652,0.016201044870132277,0.7267614435244493
7160,0.716,6,3,6,603864,1746,103310,4646,0.016173255770869612,0.726846057571965
7161,0.7161,7,0,7,603864,1746,103317,4639,0.016173255770869612,0.7265465935787001
7162,0.7162,6,3,6,603867,1743,103323,4633,0.01614546667160695,0.7266311166875784
7163,0.7163,3,2,3,603869,1741,103326,4630,0.016126940605431843,0.726730497567101
7164,0.7164,4,1,4,603870,1740,103330,4626,0.016117677572344287,0.7266729500471254
7165,0.7165,5,3,5,603873,1737,103335,4621,0.016089888473081626,0.7268008807801195
7166,0.7166,9,1,9,603874,1736,103344,4612,0.01608062543999407,0.7265280403276623
7167,0.7167,7,0,7,603874,1736,103351,4605,0.01608062543999407,0.7262261472953793
7168,0.7168,2,3,2,603877,1733,103353,4603,0.01605283634073141,0.7264835858585859
7169,0.7169,5,3,5,603880,1730,103358,4598,0.016025047241468745,0.7266118836915297
7170,0.717,1,5,1,603885,1725,103359,4597,0.015978732076030976,0.7271433090794053
7171,0.7171,7,1,7,603886,1724,103366,4590,0.01596946904294342,0.7269559708584099
7172,0.7172,1,2,1,603888,1722,103367,4589,0.015950942976768315,0.7271430835049912
7173,0.7173,3,1,3,603889,1721,103370,4586,0.01594167994368076,0.7271285872839702
7174,0.7174,3,2,3,603891,1719,103373,4583,0.01592315387750565,0.7272294509679467
7175,0.7175,3,1,3,603892,1718,103376,4580,0.015913890844418098,0.7272149888853604
7176,0.7176,5,1,5,603893,1717,103381,4575,0.015904627811330542,0.7271137952956135
7177,0.7177,3,0,3,603893,1717,103384,4572,0.015904627811330542,0.7269836221974877
7178,0.7178,2,0,2,603893,1717,103386,4570,0.015904627811330542,0.7268967711149992
7179,0.7179,5,3,5,603896,1714,103391,4565,0.01587683871206788,0.727026596591814
7180,0.718,2,4,2,603900,1710,103393,4563,0.015839786579717664,0.727403156384505
7181,0.7181,2,1,2,603901,1709,103395,4561,0.01583052354663011,0.7274322169059011
7182,0.7182,7,2,7,603903,1707,103402,4554,0.015811997480455,0.7273598466698611
7183,0.7183,3,0,3,603903,1707,103405,4551,0.015811997480455,0.7272291466922339
7184,0.7184,6,0,6,603903,1707,103411,4545,0.015811997480455,0.7269673704414588
7185,0.7185,2,2,2,603905,1705,103413,4543,0.01579347141427989,0.727112676056338
7186,0.7186,1,2,1,603907,1703,103414,4542,0.015774945348104783,0.7273018414731786
7187,0.7187,5,6,5,603913,1697,103419,4537,0.015719367149579458,0.7277831247994867
7188,0.7188,4,0,4,603913,1697,103423,4533,0.015719367149579458,0.7276083467094703
7189,0.7189,4,0,4,603913,1697,103427,4529,0.015719367149579458,0.7274333440411179
7190,0.719,6,1,6,603914,1696,103433,4523,0.015710104116491905,0.7272873452323525
7191,0.7191,9,1,9,603915,1695,103442,4514,0.01570084108340435,0.727009180222258
7192,0.7192,7,3,7,603918,1692,103449,4507,0.01567305198414169,0.7270527504436199
7193,0.7193,3,0,3,603918,1692,103452,4504,0.01567305198414169,0.7269205939315687
7194,0.7194,5,4,5,603922,1688,103457,4499,0.015635999851791472,0.7271698723129142
7195,0.7195,5,2,5,603924,1686,103462,4494,0.015617473785616362,0.7271844660194174
7196,0.7196,5,2,5,603926,1684,103467,4489,0.015598947719441253,0.7271990928235866
7197,0.7197,6,0,6,603926,1684,103473,4483,0.015598947719441253,0.7269336792605805
7198,0.7198,6,1,6,603927,1683,103479,4477,0.015589684686353699,0.7267857142857143
7199,0.7199,3,5,3,603932,1678,103482,4474,0.015543369520915928,0.7272431729518856
7200,0.72,5,2,5,603934,1676,103487,4469,0.01552484345474082,0.7272579332790887
7201,0.7201,7,3,7,603937,1673,103494,4462,0.015497054355478157,0.7273023634881826
7202,0.7202,2,4,2,603941,1669,103496,4460,0.01546000222312794,0.7276880404633709
7203,0.7203,1,2,1,603943,1667,103497,4459,0.015441476156952832,0.727881162259223
7204,0.7204,2,2,2,603945,1665,103499,4457,0.015422950090777725,0.7280300555374061
7205,0.7205,4,2,4,603947,1663,103503,4453,0.015404424024602617,0.7280902550686723
7206,0.7206,7,4,7,603951,1659,103510,4446,0.0153673718922524,0.7282555282555283
7207,0.7207,1,3,1,603954,1656,103511,4445,0.015339582792989737,0.7285690870349123
7208,0.7208,5,3,5,603957,1653,103516,4440,0.015311793693727075,0.7287050713934022
7209,0.7209,3,1,3,603958,1652,103519,4437,0.01530253066063952,0.7286910822795204
7210,0.721,6,3,6,603961,1649,103525,4431,0.015274741561376858,0.7287828947368421
7211,0.7211,8,1,8,603962,1648,103533,4423,0.015265478528289304,0.7285455443913688
7212,0.7212,5,1,5,603963,1647,103538,4418,0.01525621549520175,0.728441879637263
7213,0.7213,2,5,2,603968,1642,103540,4416,0.015209900329763978,0.7289534499834929
7214,0.7214,4,3,4,603971,1639,103544,4412,0.015182111230501316,0.7291356800528839
7215,0.7215,3,3,3,603974,1636,103547,4409,0.015154322131238653,0.7293631100082713
7216,0.7216,6,0,6,603974,1636,103553,4403,0.015154322131238653,0.7290942208974995
7217,0.7217,1,2,1,603976,1634,103554,4402,0.015135796065063545,0.7292909211398277
7218,0.7218,1,1,1,603977,1633,103555,4401,0.01512653303197599,0.729366920782234
7219,0.7219,2,0,2,603977,1633,103557,4399,0.01512653303197599,0.7292771883289124
7220,0.722,5,2,5,603979,1631,103562,4394,0.015108006965800882,0.7292946058091286
7221,0.7221,2,2,2,603981,1629,103564,4392,0.015089480899625774,0.7294469357249627
7222,0.7222,5,0,5,603981,1629,103569,4387,0.015089480899625774,0.7292220744680851
7223,0.7223,6,2,6,603983,1627,103575,4381,0.015070954833450665,0.7291944074567244
7224,0.7224,5,2,5,603985,1625,103580,4376,0.015052428767275557,0.7292117980336611
7225,0.7225,12,1,12,603986,1624,103592,4364,0.015043165734188003,0.7287909151636607
7226,0.7226,3,1,3,603987,1623,103595,4361,0.015033902701100449,0.7287767379679144
7227,0.7227,6,0,6,603987,1623,103601,4355,0.015033902701100449,0.7285045165607227
7228,0.7228,7,2,7,603989,1621,103608,4348,0.01501537663492534,0.7284302228178925
7229,0.7229,3,3,3,603992,1618,103611,4345,0.014987587535662678,0.7286600704343451
7230,0.723,3,0,3,603992,1618,103614,4342,0.014987587535662678,0.728523489932886
7231,0.7231,5,1,5,603993,1617,103619,4337,0.014978324502575123,0.7284178703392677
7232,0.7232,1,1,1,603994,1616,103620,4336,0.014969061469487569,0.728494623655914
7233,0.7233,4,2,4,603996,1614,103624,4332,0.01495053540331246,0.7285570131180625
7234,0.7234,3,1,3,603997,1613,103627,4329,0.014941272370224907,0.7285425782564793
7235,0.7235,4,1,4,603998,1612,103631,4325,0.014932009337137352,0.72848239851777
7236,0.7236,4,1,4,603999,1611,103635,4321,0.014922746304049798,0.728422117329737
7237,0.7237,1,3,1,604002,1608,103636,4320,0.014894957204787136,0.728744939271255
7238,0.7238,7,3,7,604005,1605,103643,4313,0.014867168105524473,0.7287935113213924
7239,0.7239,2,3,2,604008,1602,103645,4311,0.01483937900626181,0.7290715372907154
7240,0.724,1,1,1,604009,1601,103646,4310,0.014830115973174256,0.7291490441549653
7241,0.7241,4,3,4,604012,1598,103650,4306,0.014802326873911593,0.7293360433604336
7242,0.7242,0,1,0,604013,1597,103650,4306,0.01479306384082404,0.7294595968151787
7243,0.7243,5,2,5,604015,1595,103655,4301,0.01477453777464893,0.7294776119402985
7244,0.7244,7,3,7,604018,1592,103662,4294,0.014746748675386268,0.7295276928304452
7245,0.7245,5,0,5,604018,1592,103667,4289,0.014746748675386268,0.7292977384798504
7246,0.7246,5,1,5,604019,1591,103672,4284,0.014737485642298714,0.7291914893617021
7247,0.7247,8,1,8,604020,1590,103680,4276,0.01472822260921116,0.728946471189908
7248,0.7248,5,4,5,604024,1586,103685,4271,0.014691170476860943,0.7292129076318935
7249,0.7249,8,2,8,604026,1584,103693,4263,0.014672644410685835,0.7290918419702411
7250,0.725,1,1,1,604027,1583,103694,4262,0.01466338137759828,0.7291702309666381
7251,0.7251,3,0,3,604027,1583,103697,4259,0.01466338137759828,0.7290311537144814
7252,0.7252,2,3,2,604030,1580,103699,4257,0.014635592278335618,0.7293130032550968
7253,0.7253,10,4,10,604034,1576,103709,4247,0.014598540145985401,0.7293491327494419
7254,0.7254,7,0,7,604034,1576,103716,4240,0.014598540145985401,0.7290233837689133
7255,0.7255,2,0,2,604034,1576,103718,4238,0.014598540145985401,0.7289301685586516
7256,0.7256,6,0,6,604034,1576,103724,4232,0.014598540145985401,0.7286501377410468
7257,0.7257,4,3,4,604037,1573,103728,4228,0.014570751046722738,0.7288398551973798
7258,0.7258,4,1,4,604038,1572,103732,4224,0.014561488013635184,0.7287784679089027
7259,0.7259,3,1,3,604039,1571,103735,4221,0.01455222498054763,0.7287638121546961
7260,0.726,2,3,2,604042,1568,103737,4219,0.014524435881284967,0.7290478659063419
7261,0.7261,5,0,5,604042,1568,103742,4214,0.014524435881284967,0.7288135593220338
7262,0.7262,4,0,4,604042,1568,103746,4210,0.014524435881284967,0.728625822083766
7263,0.7263,4,1,4,604043,1567,103750,4206,0.014515172848197413,0.7285640048501646
7264,0.7264,5,2,5,604045,1565,103755,4201,0.014496646782022305,0.7285813388831078
7265,0.7265,4,4,4,604049,1561,103759,4197,0.014459594649672088,0.7288989232372352
7266,0.7266,8,4,8,604053,1557,103767,4189,0.014422542517321871,0.7290288896623738
7267,0.7267,4,2,4,604055,1555,103771,4185,0.014404016451146763,0.7290940766550522
7268,0.7268,3,1,3,604056,1554,103774,4182,0.014394753418059208,0.7290794979079498
7269,0.7269,5,0,5,604056,1554,103779,4177,0.014394753418059208,0.7288431338335369
7270,0.727,2,2,2,604058,1552,103781,4175,0.0143762273518841,0.7290029683953204
7271,0.7271,3,1,3,604059,1551,103784,4172,0.014366964318796546,0.7289882928533986
7272,0.7272,6,2,6,604061,1549,103790,4166,0.01434843825262144,0.7289588801399826
7273,0.7273,4,2,4,604063,1547,103794,4162,0.01432991218644633,0.7290243475214574
7274,0.7274,1,1,1,604064,1546,103795,4161,0.014320649153358777,0.729104608375679
7275,0.7275,4,1,4,604065,1545,103799,4157,0.014311386120271222,0.7290424412486847
7276,0.7276,5,1,5,604066,1544,103804,4152,0.014302123087183668,0.7289325842696629
7277,0.7277,2,1,2,604067,1543,103806,4150,0.014292860054096114,0.7289653961004743
7278,0.7278,6,2,6,604069,1541,103812,4144,0.014274333987921006,0.7289357959542656
7279,0.7279,3,0,3,604069,1541,103815,4141,0.014274333987921006,0.7287926786342837
7280,0.728,4,2,4,604071,1539,103819,4137,0.014255807921745897,0.7288583509513742
7281,0.7281,3,3,3,604074,1536,103822,4134,0.014228018822483235,0.7291005291005291
7282,0.7282,2,0,2,604074,1536,103824,4132,0.014228018822483235,0.7290049400141143
7283,0.7283,1,6,1,604080,1530,103825,4131,0.01417244062395791,0.7297297297297297
7284,0.7284,4,2,4,604082,1528,103829,4127,0.014153914557782801,0.7297966401414677
7285,0.7285,2,2,2,604084,1526,103831,4125,0.014135388491607693,0.7299592992390728
7286,0.7286,5,2,5,604086,1524,103836,4120,0.014116862425432584,0.7299787384833452
7287,0.7287,5,0,5,604086,1524,103841,4115,0.014116862425432584,0.7297393154814683
7288,0.7288,1,1,1,604087,1523,103842,4114,0.01410759939234503,0.7298208266808586
7289,0.7289,6,1,6,604088,1522,103848,4108,0.014098336359257476,0.7296625222024867
7290,0.729,3,2,3,604090,1520,103851,4105,0.014079810293082367,0.7297777777777777
7291,0.7291,6,2,6,604092,1518,103857,4099,0.014061284226907259,0.72974897632188
7292,0.7292,6,3,6,604095,1515,103863,4093,0.014033495127644596,0.7298502139800286
7293,0.7293,4,1,4,604096,1514,103867,4089,0.014024232094557042,0.729787613778333
7294,0.7294,2,1,2,604097,1513,103869,4087,0.014014969061469488,0.7298214285714286
7295,0.7295,4,1,4,604098,1512,103873,4083,0.014005706028381934,0.7297587131367292
7296,0.7296,4,0,4,604098,1512,103877,4079,0.014005706028381934,0.7295653729207655
7297,0.7297,1,1,1,604099,1511,103878,4078,0.01399644299529438,0.7296475219180533
7298,0.7298,7,1,7,604100,1510,103885,4071,0.013987179962206825,0.7294391686077764
7299,0.7299,1,5,1,604105,1505,103886,4070,0.013940864796769054,0.7300448430493274
7300,0.73,4,2,4,604107,1503,103890,4066,0.013922338730593946,0.7301131262345125
7301,0.7301,7,2,7,604109,1501,103897,4059,0.013903812664418837,0.7300359712230216
7302,0.7302,3,4,3,604113,1497,103900,4056,0.01386676053206862,0.7304159913560238
7303,0.7303,4,2,4,604115,1495,103904,4052,0.013848234465893512,0.7304849468180998
7304,0.7304,4,5,4,604120,1490,103908,4048,0.013801919300455741,0.7309498013723366
7305,0.7305,1,3,1,604123,1487,103909,4047,0.013774130201193079,0.7312974340440911
7306,0.7306,7,2,7,604125,1485,103916,4040,0.01375560413501797,0.7312217194570135
7307,0.7307,5,0,5,604125,1485,103921,4035,0.01375560413501797,0.7309782608695652
7308,0.7308,5,0,5,604125,1485,103926,4030,0.01375560413501797,0.7307343608340888
7309,0.7309,4,2,4,604127,1483,103930,4026,0.013737078068842862,0.7308041386821564
7310,0.731,0,1,0,604128,1482,103930,4026,0.013727815035755308,0.7309368191721133
7311,0.7311,5,4,5,604132,1478,103935,4021,0.01369076290340509,0.7312238588834333
7312,0.7312,7,5,7,604137,1473,103942,4014,0.01364444773796732,0.7315472936030618
7313,0.7313,7,0,7,604137,1473,103949,4007,0.01364444773796732,0.7312043795620438
7314,0.7314,4,2,4,604139,1471,103953,4003,0.013625921671792211,0.7312751187431494
7315,0.7315,3,3,3,604142,1468,103956,4000,0.013598132572529549,0.731528895391368
7316,0.7316,2,3,2,604145,1465,103958,3998,0.013570343473266886,0.7318323265604979
7317,0.7317,6,2,6,604147,1463,103964,3992,0.013551817407091778,0.7318056828597617
7318,0.7318,3,2,3,604149,1461,103967,3989,0.01353329134091667,0.7319266055045871
7319,0.7319,6,5,6,604154,1456,103973,3983,0.013486976175478898,0.7323037323037324
7320,0.732,6,3,6,604157,1453,103979,3977,0.013459187076216236,0.7324125230202578
7321,0.7321,2,1,2,604158,1452,103981,3975,0.013449924043128681,0.732448866777225
7322,0.7322,9,1,9,604159,1451,103990,3966,0.013440661010041127,0.732139560642422
7323,0.7323,5,3,5,604162,1448,103995,3961,0.013412871910778465,0.7322980218154928
7324,0.7324,5,0,5,604162,1448,104000,3956,0.013412871910778465,0.7320503330866025
7325,0.7325,4,2,4,604164,1446,104004,3952,0.013394345844603356,0.7321230085216747
7326,0.7326,6,1,6,604165,1445,104010,3946,0.013385082811515802,0.7319606751994064
7327,0.7328,4,1,4,604166,1444,104014,3942,0.013375819778428248,0.7318975120683253
7328,0.7329,1,0,1,604166,1444,104015,3941,0.013375819778428248,0.7318477251624884
7329,0.733,3,1,3,604167,1443,104018,3938,0.013366556745340694,0.731834231555473
7330,0.7331,6,1,6,604168,1442,104024,3932,0.01335729371225314,0.731671008559732
7331,0.7332,5,3,5,604171,1439,104029,3927,0.013329504612990477,0.7318300409988818
7332,0.7333,4,1,4,604172,1438,104033,3923,0.013320241579902923,0.7317664614810669
7333,0.7334,4,1,4,604173,1437,104037,3919,0.013310978546815368,0.7317027632561613
7334,0.7335,6,2,6,604175,1435,104043,3913,0.013292452480640262,0.731675392670157
7335,0.7336,4,0,4,604175,1435,104047,3909,0.013292452480640262,0.7314745508982036
7336,0.7337,3,4,3,604179,1431,104050,3906,0.013255400348290045,0.7318718381112985
7337,0.7338,2,0,2,604179,1431,104052,3904,0.013255400348290045,0.7317713214620432
7338,0.7339,1,1,1,604180,1430,104053,3903,0.01324613731520249,0.7318582411400713
7339,0.734,2,5,2,604185,1425,104055,3901,0.01319982214976472,0.7324446113405934
7340,0.7341,4,2,4,604187,1423,104059,3897,0.013181296083589611,0.7325187969924812
7341,0.7342,5,2,5,604189,1421,104064,3892,0.013162770017414503,0.7325428194993412
7342,0.7343,1,2,1,604191,1419,104065,3891,0.013144243951239394,0.7327683615819209
7343,0.7344,3,2,3,604193,1417,104068,3888,0.013125717885064286,0.7328934967012253
7344,0.7345,5,2,5,604195,1415,104073,3883,0.013107191818889178,0.7329180822952057
7345,0.7346,4,1,4,604196,1414,104077,3879,0.013097928785801623,0.7328547137729076
7346,0.7347,3,3,3,604199,1411,104080,3876,0.01307013968653896,0.7331189710610932
7347,0.7348,7,2,7,604201,1409,104087,3869,0.013051613620363852,0.7330428192497158
7348,0.7349,1,3,1,604204,1406,104088,3868,0.01302382452110119,0.7334091770951839
7349,0.735,6,1,6,604205,1405,104094,3862,0.013014561488013636,0.7332447313461173
7350,0.7351,3,1,3,604206,1404,104097,3859,0.013005298454926081,0.7332319969599088
7351,0.7352,3,1,3,604207,1403,104100,3856,0.012996035421838527,0.7332192432021297
7352,0.7353,5,1,5,604208,1402,104105,3851,0.012986772388750973,0.7331048924424138
7353,0.7354,3,0,3,604208,1402,104108,3848,0.012986772388750973,0.7329523809523809
7354,0.7355,7,4,7,604212,1398,104115,3841,0.012949720256400756,0.733155182286696
7355,0.7356,4,4,4,604216,1394,104119,3837,0.01291266812405054,0.7335117568342573
7356,0.7357,3,1,3,604217,1393,104122,3834,0.012903405090962985,0.7334991390855176
7357,0.7358,4,2,4,604219,1391,104126,3830,0.012884879024787877,0.73357594330588
7358,0.7359,0,4,0,604223,1387,104126,3830,0.01284782689243766,0.7341383937128618
7359,0.736,3,3,3,604226,1384,104129,3827,0.012820037793174997,0.7344079831126463
7360,0.7361,4,1,4,604227,1383,104133,3823,0.012810774760087443,0.7343449865539762
7361,0.7362,3,1,3,604228,1382,104136,3820,0.012801511726999889,0.7343329488658208
7362,0.7363,3,2,3,604230,1380,104139,3817,0.01278298566082478,0.7344621897248412
7363,0.7364,6,3,6,604233,1377,104145,3811,0.012755196561562118,0.7345797995373939
7364,0.7365,2,1,2,604234,1376,104147,3809,0.012745933528474564,0.734619093539055
7365,0.7366,5,0,5,604234,1376,104152,3804,0.012745933528474564,0.7343629343629343
7366,0.7367,5,2,5,604236,1374,104157,3799,0.012727407462299455,0.7343901024550551
7367,0.7368,2,6,2,604242,1368,104159,3797,0.01267182926377413,0.7351403678606002
7368,0.7369,7,1,7,604243,1367,104166,3790,0.012662566230686576,0.7349234050804732
7369,0.737,6,1,6,604244,1366,104172,3784,0.012653303197599022,0.734757281553398
7370,0.7371,2,1,2,604245,1365,104174,3782,0.012644040164511467,0.7347969691082183
7371,0.7372,2,4,2,604249,1361,104176,3780,0.01260698803216125,0.7352655125461972
7372,0.7373,3,0,3,604249,1361,104179,3777,0.01260698803216125,0.7351109381082133
7373,0.7374,4,2,4,604251,1359,104183,3773,0.012588461965986142,0.7351909586905689
7374,0.7375,2,3,2,604254,1356,104185,3771,0.01256067286672348,0.7355178466939731
7375,0.7376,4,4,4,604258,1352,104189,3767,0.012523620734373263,0.735885915217816
7376,0.7377,7,4,7,604262,1348,104196,3760,0.012486568602023046,0.7361002349256069
7377,0.7378,5,4,5,604266,1344,104201,3755,0.01244951646967283,0.736418905667778
7378,0.7379,5,0,5,604266,1344,104206,3750,0.01244951646967283,0.7361601884570083
7379,0.738,3,2,3,604268,1342,104209,3747,0.01243099040349772,0.7362939673806249
7380,0.7381,1,1,1,604269,1341,104210,3746,0.012421727370410167,0.7363868684883035
7381,0.7382,4,3,4,604272,1338,104214,3742,0.012393938271147504,0.7366141732283464
7382,0.7383,3,3,3,604275,1335,104217,3739,0.012366149171884841,0.7368939692550256
7383,0.7384,5,1,5,604276,1334,104222,3734,0.012356886138797287,0.7367797947908445
7384,0.7385,5,6,5,604282,1328,104227,3729,0.012301307940271962,0.7373937116867708
7385,0.7386,3,1,3,604283,1327,104230,3726,0.012292044907184408,0.7373837324361765
7386,0.7387,6,3,6,604286,1324,104236,3720,0.012264255807921745,0.7375099127676448
7387,0.7388,3,4,3,604290,1320,104239,3717,0.01222720367557153,0.7379392495533056
7388,0.7389,5,3,5,604293,1317,104244,3712,0.012199414576308867,0.7381189103201432
7389,0.739,2,5,2,604298,1312,104246,3710,0.012153099410871096,0.7387495021903624
7390,0.7391,6,0,6,604298,1312,104252,3704,0.012153099410871096,0.7384370015948963
7391,0.7392,4,0,4,604298,1312,104256,3700,0.012153099410871096,0.7382282521947326
7392,0.7393,3,1,3,604299,1311,104259,3697,0.012143836377783542,0.7382188498402555
7393,0.7394,3,0,3,604299,1311,104262,3694,0.012143836377783542,0.7380619380619381
7394,0.7395,6,1,6,604300,1310,104268,3688,0.012134573344695988,0.7378951580632253
7395,0.7396,2,3,2,604303,1307,104270,3686,0.012106784245433325,0.7382335269377128
7396,0.7397,5,2,5,604305,1305,104275,3681,0.012088258179258217,0.7382671480144405
7397,0.7398,3,3,3,604308,1302,104278,3678,0.012060469079995554,0.7385542168674699
7398,0.7399,5,2,5,604310,1300,104283,3673,0.012041943013820446,0.7385883772370803
7399,0.74,1,2,1,604312,1298,104284,3672,0.012023416947645338,0.7388329979879276
7400,0.7401,5,5,5,604317,1293,104289,3667,0.011977101782207566,0.7393145161290322
7401,0.7402,2,2,2,604319,1291,104291,3665,0.011958575716032458,0.7395076674737692
7402,0.7403,5,2,5,604321,1289,104296,3660,0.01194004964985735,0.7395433420893109
7403,0.7404,4,2,4,604323,1287,104300,3656,0.011921523583682241,0.7396318025490592
7404,0.7405,3,0,3,604323,1287,104303,3653,0.011921523583682241,0.7394736842105263
7405,0.7406,3,1,3,604324,1286,104306,3650,0.011912260550594687,0.7394651539708266
7406,0.7407,2,4,2,604328,1282,104308,3648,0.01187520841824447,0.7399594320486815
7407,0.7408,4,2,4,604330,1280,104312,3644,0.011856682352069362,0.7400487408610885
7408,0.7409,4,2,4,604332,1278,104316,3640,0.011838156285894253,0.7401382675884506
7409,0.741,5,0,5,604332,1278,104321,3635,0.011838156285894253,0.7398738041929575
7410,0.7411,7,0,7,604332,1278,104328,3628,0.011838156285894253,0.7395026498165511
7411,0.7412,6,2,6,604334,1276,104334,3622,0.011819630219719145,0.7394855042874643
7412,0.7413,7,2,7,604336,1274,104341,3615,0.011801104153544037,0.7394150132951524
7413,0.7414,14,4,14,604340,1270,104355,3601,0.01176405202119382,0.7392732498460275
7414,0.7415,4,4,4,604344,1266,104359,3597,0.011726999888843603,0.7396668723010488
7415,0.7416,2,2,2,604346,1264,104361,3595,0.011708473822668495,0.7398641695822186
7416,0.7417,7,1,7,604347,1263,104368,3588,0.01169921078958094,0.7396413110698825
7417,0.7418,1,1,1,604348,1262,104369,3587,0.011689947756493386,0.7397401526087853
7418,0.7419,2,1,2,604349,1261,104371,3585,0.011680684723405832,0.7397853900123813
7419,0.742,1,1,1,604350,1260,104372,3584,0.011671421690318278,0.7398843930635838
7420,0.7421,4,2,4,604352,1258,104376,3580,0.01165289562414317,0.7399751963621332
7421,0.7422,4,2,4,604354,1256,104380,3576,0.011634369557968061,0.7400662251655629
7422,0.7423,3,1,3,604355,1255,104383,3573,0.011625106524880507,0.7400579950289975
7423,0.7424,2,0,2,604355,1255,104385,3571,0.011625106524880507,0.7399502693742229
7424,0.7425,5,0,5,604355,1255,104390,3566,0.011625106524880507,0.7396805641982991
7425,0.7426,1,4,1,604359,1251,104391,3565,0.01158805439253029,0.7402408637873754
7426,0.7427,4,2,4,604361,1249,104395,3561,0.011569528326355182,0.7403326403326403
7427,0.7428,3,3,3,604364,1246,104398,3558,0.011541739227092519,0.7406328059950041
7428,0.7429,3,1,3,604365,1245,104401,3555,0.011532476194004965,0.740625
7429,0.743,3,2,3,604367,1243,104404,3552,0.011513950127829856,0.7407716371220021
7430,0.7431,3,1,3,604368,1242,104407,3549,0.011504687094742302,0.7407639323731997
7431,0.7432,6,5,6,604373,1237,104413,3543,0.011458371929304531,0.7412133891213389
7432,0.7433,4,1,4,604374,1236,104417,3539,0.011449108896216977,0.741151832460733
7433,0.7434,5,0,5,604374,1236,104422,3534,0.011449108896216977,0.740880503144654
7434,0.7435,3,2,3,604376,1234,104425,3531,0.011430582830041868,0.7410283315844701
7435,0.7436,2,0,2,604376,1234,104427,3529,0.011430582830041868,0.7409195884946462
7436,0.7437,5,2,5,604378,1232,104432,3524,0.01141205676386676,0.7409587888982339
7437,0.7438,3,1,3,604379,1231,104435,3521,0.011402793730779206,0.7409511784511784
7438,0.7439,4,4,4,604383,1227,104439,3517,0.011365741598428989,0.7413575042158516
7439,0.744,1,2,1,604385,1225,104440,3516,0.01134721553225388,0.741615692891795
7440,0.7441,6,1,6,604386,1224,104446,3510,0.011337952499166326,0.7414448669201521
7441,0.7442,4,1,4,604387,1223,104450,3506,0.011328689466078772,0.7413829562275323
7442,0.7443,2,1,2,604388,1222,104452,3504,0.011319426432991218,0.7414303851036818
7443,0.7444,3,3,3,604391,1219,104455,3501,0.011291637333728555,0.7417372881355933
7444,0.7445,6,1,6,604392,1218,104461,3495,0.011282374300641001,0.7415658816040739
7445,0.7446,5,0,5,604392,1218,104466,3490,0.011282374300641001,0.7412914188615123
7446,0.7447,3,2,3,604394,1216,104469,3487,0.011263848234465893,0.7414416330002126
7447,0.7448,5,1,5,604395,1215,104474,3482,0.011254585201378339,0.7413242495209709
7448,0.7449,3,0,3,604395,1215,104477,3479,0.011254585201378339,0.7411589262888795
7449,0.745,3,1,3,604396,1214,104480,3476,0.011245322168290784,0.7411513859275053
7450,0.7451,5,3,5,604399,1211,104485,3471,0.011217533069028122,0.741349850491243
7451,0.7452,5,1,5,604400,1210,104490,3466,0.011208270035940568,0.7412318220701454
7452,0.7453,5,2,5,604402,1208,104495,3461,0.01118974396976546,0.741272221032341
7453,0.7454,2,2,2,604404,1206,104497,3459,0.01117121790359035,0.7414790996784566
7454,0.7455,2,2,2,604406,1204,104499,3457,0.011152691837415244,0.7416863334048488
7455,0.7456,5,0,5,604406,1204,104504,3452,0.011152691837415244,0.7414089347079038
7456,0.7457,2,0,2,604406,1204,104506,3450,0.011152691837415244,0.7412978083369145
7457,0.7458,3,3,3,604409,1201,104509,3447,0.011124902738152581,0.7416092943201377
7458,0.7459,1,4,1,604413,1197,104510,3446,0.011087850605802365,0.7421925479216024
7459,0.746,5,1,5,604414,1196,104515,3441,0.01107858757271481,0.7420746172094026
7460,0.7461,2,0,2,604414,1196,104517,3439,0.01107858757271481,0.7419633225458468
7461,0.7462,1,1,1,604415,1195,104518,3438,0.011069324539627256,0.7420677746600475
7462,0.7463,4,1,4,604416,1194,104522,3434,0.011060061506539702,0.7420051858254105
7463,0.7464,2,4,2,604420,1190,104524,3432,0.011023009374189485,0.7425356988316746
7464,0.7465,4,2,4,604422,1188,104528,3428,0.011004483308014377,0.74263431542461
7465,0.7466,3,3,3,604425,1185,104531,3425,0.010976694208751714,0.7429501084598699
7466,0.7467,4,1,4,604426,1184,104535,3421,0.01096743117566416,0.7428881650380021
7467,0.7468,2,1,2,604427,1183,104537,3419,0.010958168142576606,0.7429378531073446
7468,0.7469,10,2,10,604429,1181,104547,3409,0.010939642076401497,0.7427015250544662
7469,0.747,4,1,4,604430,1180,104551,3405,0.010930379043313943,0.742639040348964
7470,0.7471,2,2,2,604432,1178,104553,3403,0.010911852977138835,0.7428509059157389
7471,0.7472,3,1,3,604433,1177,104556,3400,0.01090258994405128,0.7428446580729736
7472,0.7473,5,2,5,604435,1175,104561,3395,0.010884063877876172,0.7428884026258206
7473,0.7474,7,0,7,604435,1175,104568,3388,0.010884063877876172,0.742493973263204
7474,0.7475,3,1,3,604436,1174,104571,3385,0.010874800844788618,0.7424873875849967
7475,0.7476,1,6,1,604442,1168,104572,3384,0.010819222646263293,0.7434094903339191
7476,0.7477,3,1,3,604443,1167,104575,3381,0.010809959613175739,0.7434036939313984
7477,0.7478,3,1,3,604444,1166,104578,3378,0.010800696580088184,0.7433978873239436
7478,0.7479,3,1,3,604445,1165,104581,3375,0.01079143354700063,0.7433920704845814
7479,0.748,8,2,8,604447,1163,104589,3367,0.010772907480825522,0.7432671081677704
7480,0.7481,7,3,7,604450,1160,104596,3360,0.010745118381562859,0.7433628318584071
7481,0.7482,7,1,7,604451,1159,104603,3353,0.010735855348475305,0.7431294326241135
7482,0.7483,3,0,3,604451,1159,104606,3350,0.010735855348475305,0.7429585273896652
7483,0.7484,4,5,4,604456,1154,104610,3346,0.010689540183037534,0.7435555555555555
7484,0.7485,1,6,1,604462,1148,104611,3345,0.010633961984512209,0.7444914311150679
7485,0.7486,5,1,5,604463,1147,104616,3340,0.010624698951424654,0.7443726320481391
7486,0.7487,2,3,2,604466,1144,104618,3338,0.010596909852161992,0.7447568049977689
7487,0.7488,4,3,4,604469,1141,104622,3334,0.01056912075289933,0.7450279329608939
7488,0.7489,2,2,2,604471,1139,104624,3332,0.01055059468672422,0.7452471482889734
7489,0.749,5,0,5,604471,1139,104629,3327,0.01055059468672422,0.744961934617107
7490,0.7491,6,0,6,604471,1139,104635,3321,0.01055059468672422,0.7446188340807175
7491,0.7492,1,1,1,604472,1138,104636,3320,0.010541331653636667,0.7447285778375954
7492,0.7493,6,4,6,604476,1134,104642,3314,0.01050427952128645,0.7450539568345323
7493,0.7494,5,2,5,604478,1132,104647,3309,0.010485753455111341,0.7451024544021617
7494,0.7495,2,3,2,604481,1129,104649,3307,0.010457964355848679,0.7454914337240758
7495,0.7496,4,2,4,604483,1127,104653,3303,0.01043943828967357,0.7455981941309255
7496,0.7497,4,1,4,604484,1126,104657,3299,0.010430175256586016,0.7455367231638418
7497,0.7498,1,0,1,604484,1126,104658,3298,0.010430175256586016,0.7454792043399638
7498,0.7499,3,1,3,604485,1125,104661,3295,0.010420912223498462,0.745475113122172
7499,0.75,4,1,4,604486,1124,104665,3291,0.010411649190410908,0.7454133635334088
7500,0.7501,1,3,1,604489,1121,104666,3290,0.010383860091148245,0.7458626161868057
7501,0.7502,3,3,3,604492,1118,104669,3287,0.010356070991885583,0.7461975028376845
7502,0.7503,3,2,3,604494,1116,104672,3284,0.010337544925710474,0.7463636363636363
7503,0.7504,5,1,5,604495,1115,104677,3279,0.01032828189262292,0.7462448793809741
7504,0.7505,1,2,1,604497,1113,104678,3278,0.010309755826447812,0.7465269870189023
7505,0.7506,2,1,2,604498,1112,104680,3276,0.010300492793360257,0.7465815861440291
7506,0.7507,3,0,3,604498,1112,104683,3273,0.010300492793360257,0.7464082098061574
7507,0.7508,2,1,2,604499,1111,104685,3271,0.010291229760272703,0.7464628023733455
7508,0.7509,5,2,5,604501,1109,104690,3266,0.010272703694097595,0.7465142857142857
7509,0.751,1,1,1,604502,1108,104691,3265,0.01026344066101004,0.7466270294991997
7510,0.7511,8,4,8,604506,1104,104699,3257,0.010226388528659824,0.7468470534281129
7511,0.7512,3,1,3,604507,1103,104702,3254,0.01021712549557227,0.7468441588248795
7512,0.7513,5,2,5,604509,1101,104707,3249,0.010198599429397161,0.7468965517241379
7513,0.7514,5,2,5,604511,1099,104712,3244,0.010180073363222053,0.7469491135160028
7514,0.7515,3,1,3,604512,1098,104715,3241,0.010170810330134498,0.7469463009910118
7515,0.7516,5,1,5,604513,1097,104720,3236,0.010161547297046944,0.7468266789753057
7516,0.7517,6,2,6,604515,1095,104726,3230,0.010143021230871836,0.7468208092485549
7517,0.7518,3,1,3,604516,1094,104729,3227,0.010133758197784282,0.746817866234668
7518,0.7519,3,2,3,604518,1092,104732,3224,0.010115232131609173,0.7469879518072289
7519,0.752,2,0,2,604518,1092,104734,3222,0.010115232131609173,0.7468706536856745
7520,0.7521,4,1,4,604519,1091,104738,3218,0.01010596909852162,0.7468090044093757
7521,0.7522,4,2,4,604521,1089,104742,3214,0.010087443032346512,0.746920752963049
7522,0.7523,2,2,2,604523,1087,104744,3212,0.010068916966171404,0.7471505001163061
7523,0.7524,3,1,3,604524,1086,104747,3209,0.01005965393308385,0.7471478463329453
7524,0.7525,2,1,2,604525,1085,104749,3207,0.010050390899996296,0.7472041006523765
7525,0.7526,3,1,3,604526,1084,104752,3204,0.010041127866908741,0.7472014925373134
7526,0.7527,5,0,5,604526,1084,104757,3199,0.010041127866908741,0.74690637403689
7527,0.7528,3,1,3,604527,1083,104760,3196,0.010031864833821187,0.7469034821219911
7528,0.7529,5,2,5,604529,1081,104765,3191,0.010013338767646079,0.7469569288389513
7529,0.753,6,0,6,604529,1081,104771,3185,0.010013338767646079,0.746601031411158
7530,0.7531,1,2,1,604531,1079,104772,3184,0.00999481270147097,0.7468918601923528
7531,0.7532,3,2,3,604533,1077,104775,3181,0.009976286635295862,0.7470643494598403
7532,0.7533,1,1,1,604534,1076,104776,3180,0.009967023602208308,0.7471804511278195
7533,0.7534,7,2,7,604536,1074,104783,3173,0.0099484975360332,0.7471156110195432
7534,0.7535,2,1,2,604537,1073,104785,3171,0.009939234502945645,0.7471724787935909
7535,0.7536,1,1,1,604538,1072,104786,3170,0.009929971469858091,0.7472890146157473
7536,0.7537,5,1,5,604539,1071,104791,3165,0.009920708436770537,0.7471671388101983
7537,0.7538,4,0,4,604539,1071,104795,3161,0.009920708436770537,0.7469281663516069
7538,0.7539,3,0,3,604539,1071,104798,3158,0.009920708436770537,0.746748640340506
7539,0.754,3,1,3,604540,1070,104801,3155,0.009911445403682983,0.7467455621301775
7540,0.7541,1,0,1,604540,1070,104802,3154,0.009911445403682983,0.7466856060606061
7541,0.7542,5,3,5,604543,1067,104807,3149,0.00988365630442032,0.7469165085388995
7542,0.7543,4,0,4,604543,1067,104811,3145,0.00988365630442032,0.74667616334283
7543,0.7544,4,0,4,604543,1067,104815,3141,0.00988365630442032,0.74643536121673
7544,0.7545,3,0,3,604543,1067,104818,3138,0.00988365630442032,0.7462544589774078
7545,0.7546,2,1,2,604544,1066,104820,3136,0.009874393271332766,0.746311280342694
7546,0.7547,0,4,0,604548,1062,104820,3136,0.009837341138982549,0.7470223916150548
7547,0.7548,2,2,2,604550,1060,104822,3134,0.00981881507280744,0.7472579876013352
7548,0.7549,1,1,1,604551,1059,104823,3133,0.009809552039719886,0.7473759541984732
7549,0.755,2,1,2,604552,1058,104825,3131,0.009800289006632332,0.7474337550728097
7550,0.7551,4,2,4,604554,1056,104829,3127,0.009781762940457224,0.7475496055462587
7551,0.7552,3,1,3,604555,1055,104832,3124,0.00977249990736967,0.7475472601100742
7552,0.7553,2,3,2,604558,1052,104834,3122,0.009744710808107007,0.747963584091998
7553,0.7554,4,0,4,604558,1052,104838,3118,0.009744710808107007,0.7477218225419664
7554,0.7555,4,1,4,604559,1051,104842,3114,0.009735447775019453,0.7476590636254502
7555,0.7556,4,2,4,604561,1049,104846,3110,0.009716921708844344,0.747775907670113
7556,0.7557,5,2,5,604563,1047,104851,3105,0.009698395642669236,0.7478323699421965
7557,0.7558,7,0,7,604563,1047,104858,3098,0.009698395642669236,0.7474065138721351
7558,0.7559,3,1,3,604564,1046,104861,3095,0.009689132609581682,0.7474040086935523
7559,0.756,2,3,2,604567,1043,104863,3093,0.009661343510319019,0.7478239845261122
7560,0.7561,4,1,4,604568,1042,104867,3089,0.009652080477231465,0.747760832728153
7561,0.7562,6,2,6,604570,1040,104873,3083,0.009633554411056356,0.747756487994179
7562,0.7563,3,3,3,604573,1037,104876,3080,0.009605765311793694,0.7481175613310663
7563,0.7564,1,3,1,604576,1034,104877,3079,0.009577976212531031,0.7486019936785802
7564,0.7565,7,5,7,604581,1029,104884,3072,0.00953166104709326,0.7490855888807608
7565,0.7566,3,6,3,604587,1023,104887,3069,0.009476082848567935,0.75
7566,0.7567,6,3,6,604590,1020,104893,3063,0.009448293749305272,0.7501836884643645
7567,0.7568,3,2,3,604592,1018,104896,3060,0.009429767683130164,0.7503678273663561
7568,0.7569,3,3,3,604595,1015,104899,3057,0.009401978583867501,0.7507367387033399
7569,0.757,7,0,7,604595,1015,104906,3050,0.009401978583867501,0.7503075030750308
7570,0.7571,1,2,1,604597,1013,104907,3049,0.009383452517692393,0.7506154603643526
7571,0.7572,2,4,2,604601,1009,104909,3047,0.009346400385342176,0.751232741617357
7572,0.7573,6,0,6,604601,1009,104915,3041,0.009346400385342176,0.7508641975308642
7573,0.7574,1,0,1,604601,1009,104916,3040,0.009346400385342176,0.7508026673252655
7574,0.7575,5,0,5,604601,1009,104921,3035,0.009346400385342176,0.7504945598417408
7575,0.7576,2,0,2,604601,1009,104923,3033,0.009346400385342176,0.7503711034141514
7576,0.7577,4,1,4,604602,1008,104927,3029,0.009337137352254622,0.750309635868219
7577,0.7578,3,1,3,604603,1007,104930,3026,0.009327874319167068,0.7503099429704935
7578,0.7579,2,5,2,604608,1002,104932,3024,0.009281559153729297,0.7511177347242921
7579,0.758,3,1,3,604609,1001,104935,3021,0.009272296120641742,0.751118846345102
7580,0.7581,8,0,8,604609,1001,104943,3013,0.009272296120641742,0.7506228201295466
7581,0.7582,4,1,4,604610,1000,104947,3009,0.009263033087554188,0.7505612372162634
7582,0.7583,2,2,2,604612,998,104949,3007,0.00924450702137908,0.7508114856429463
7583,0.7584,6,1,6,604613,997,104955,3001,0.009235243988291526,0.7506253126563281
7584,0.7585,3,2,3,604615,995,104958,2998,0.009216717922116417,0.7508139243676434
7585,0.7586,2,1,2,604616,994,104960,2996,0.009207454889028863,0.7508771929824561
7586,0.7587,2,1,2,604617,993,104962,2994,0.009198191855941309,0.7509405568096313
7587,0.7588,1,2,1,604619,991,104963,2993,0.0091796657897662,0.7512550200803213
7588,0.7589,3,1,3,604620,990,104966,2990,0.009170402756678646,0.7512562814070352
7589,0.759,5,2,5,604622,988,104971,2985,0.009151876690503538,0.7513214195821797
7590,0.7591,5,1,5,604623,987,104976,2980,0.009142613657415984,0.7511973783715654
7591,0.7592,2,2,2,604625,985,104978,2978,0.009124087591240875,0.7514509210194297
7592,0.7593,3,2,3,604627,983,104981,2975,0.009105561525065767,0.7516422435573522
7593,0.7594,2,0,2,604627,983,104983,2973,0.009105561525065767,0.7515166835187057
7594,0.7595,1,2,1,604629,981,104984,2972,0.009087035458890658,0.7518340500885403
7595,0.7596,4,3,4,604632,978,104988,2968,0.009059246359627996,0.7521540800810947
7596,0.7597,7,5,7,604637,973,104995,2961,0.009012931194190226,0.7526690391459074
7597,0.7598,2,0,2,604637,973,104997,2959,0.009012931194190226,0.7525432349949135
7598,0.7599,2,2,2,604639,971,104999,2957,0.008994405128015118,0.7528004073319755
7599,0.76,4,2,4,604641,969,105003,2953,0.00897587906184001,0.7529321774604794
7600,0.7601,3,0,3,604641,969,105006,2950,0.00897587906184001,0.7527430466955856
7601,0.7602,3,2,3,604643,967,105009,2947,0.008957352995664901,0.752938170669392
7602,0.7603,2,2,2,604645,965,105011,2945,0.008938826929489793,0.7531969309462916
7603,0.7604,5,1,5,604646,964,105016,2940,0.008929563896402239,0.7530737704918032
7604,0.7605,2,2,2,604648,962,105018,2938,0.00891103783022713,0.7533333333333333
7605,0.7606,4,4,4,604652,958,105022,2934,0.008873985697876913,0.7538540596094553
7606,0.7607,7,3,7,604655,955,105029,2927,0.00884619659861425,0.7539927872230809
7607,0.7608,6,0,6,604655,955,105035,2921,0.00884619659861425,0.7536119711042312
7608,0.7609,1,0,1,604655,955,105036,2920,0.00884619659861425,0.7535483870967742
7609,0.761,2,2,2,604657,953,105038,2918,0.008827670532439142,0.7538103849134591
7610,0.7611,3,0,3,604657,953,105041,2915,0.008827670532439142,0.7536194415718718
7611,0.7612,2,3,2,604660,950,105043,2913,0.00879988143317648,0.7540771421175252
7612,0.7613,2,0,2,604660,950,105045,2911,0.00879988143317648,0.7539497539497539
7613,0.7614,5,0,5,604660,950,105050,2906,0.00879988143317648,0.7536307053941909
7614,0.7615,3,2,3,604662,948,105053,2903,0.008781355367001371,0.7538301739807842
7615,0.7616,2,2,2,604664,946,105055,2901,0.008762829300826263,0.7540940992981544
7616,0.7617,3,1,3,604665,945,105058,2898,0.008753566267738709,0.7540983606557377
7617,0.7618,5,0,5,604665,945,105063,2893,0.008753566267738709,0.7537780093798854
7618,0.7619,2,3,2,604668,942,105065,2891,0.008725777168476046,0.7542394990868772
7619,0.762,5,2,5,604670,940,105070,2886,0.008707251102300938,0.7543125980135912
7620,0.7621,3,2,3,604672,938,105073,2883,0.00868872503612583,0.7545145249934572
7621,0.7622,4,2,4,604674,936,105077,2879,0.008670198969950721,0.7546526867627785
7622,0.7623,4,1,4,604675,935,105081,2875,0.008660935936863167,0.7545931758530183
7623,0.7624,5,0,5,604675,935,105086,2870,0.008660935936863167,0.7542706964520368
7624,0.7625,7,1,7,604676,934,105093,2863,0.008651672903775613,0.7540163286805373
7625,0.7626,3,1,3,604677,933,105096,2860,0.008642409870688058,0.7540205641972054
7626,0.7627,5,1,5,604678,932,105101,2855,0.008633146837600504,0.7538949036176393
7627,0.7628,2,2,2,604680,930,105103,2853,0.008614620771425396,0.7541633624107851
7628,0.7629,6,2,6,604682,928,105109,2847,0.008596094705250287,0.7541721854304636
7629,0.763,1,0,1,604682,928,105110,2846,0.008596094705250287,0.7541070482246953
7630,0.7631,2,1,2,604683,927,105112,2844,0.008586831672162733,0.7541766109785203
7631,0.7632,7,0,7,604683,927,105119,2837,0.008586831672162733,0.7537194473963869
7632,0.7633,5,2,5,604685,925,105124,2832,0.008568305605987625,0.7537929198828853
7633,0.7634,3,2,3,604687,923,105127,2829,0.008549779539812516,0.7539978678038379
7634,0.7635,2,3,2,604690,920,105129,2827,0.008521990440549854,0.7544702428609554
7635,0.7636,4,1,4,604691,919,105133,2823,0.0085127274074623,0.7544094067343666
7636,0.7637,5,6,5,604697,913,105138,2818,0.008457149208936974,0.7552934870008041
7637,0.7638,2,4,2,604701,909,105140,2816,0.008420097076586757,0.7559731543624161
7638,0.7639,5,0,5,604701,909,105145,2811,0.008420097076586757,0.7556451612903226
7639,0.764,1,1,1,604702,908,105146,2810,0.008410834043499203,0.7557826788596019
7640,0.7641,10,1,10,604703,907,105156,2800,0.008401571010411649,0.7553277582951173
7641,0.7642,7,2,7,604705,905,105163,2793,0.00838304494423654,0.7552731206057328
7642,0.7643,5,3,5,604708,902,105168,2788,0.008355255844973878,0.7555555555555555
7643,0.7644,2,1,2,604709,901,105170,2786,0.008345992811886324,0.7556278817466775
7644,0.7645,5,0,5,604709,901,105175,2781,0.008345992811886324,0.7552960347637153
7645,0.7646,6,2,6,604711,899,105181,2775,0.008327466745711215,0.7553075666848122
7646,0.7647,4,2,4,604713,897,105185,2771,0.008308940679536107,0.7554525627044711
7647,0.7648,4,2,4,604715,895,105189,2767,0.008290414613360999,0.755598033861278
7648,0.7649,1,5,1,604720,890,105190,2766,0.008244099447923228,0.7565645514223195
7649,0.765,1,1,1,604721,889,105191,2765,0.008234836414835673,0.7567049808429118
7650,0.7651,3,3,3,604724,886,105194,2762,0.00820704731557301,0.7571271929824561
7651,0.7652,2,3,2,604727,883,105196,2760,0.008179258216310348,0.7576173483392808
7652,0.7653,4,1,4,604728,882,105200,2756,0.008169995183222794,0.7575590984057174
7653,0.7654,6,0,6,604728,882,105206,2750,0.008169995183222794,0.7571585903083701
7654,0.7655,3,0,3,604728,882,105209,2747,0.008169995183222794,0.7569578396252411
7655,0.7656,2,0,2,604728,882,105211,2745,0.008169995183222794,0.7568238213399504
7656,0.7657,2,0,2,604728,882,105213,2743,0.008169995183222794,0.7566896551724138
7657,0.7658,2,2,2,604730,880,105215,2741,0.008151469117047686,0.7569732118199393
7658,0.7659,3,1,3,604731,879,105218,2738,0.008142206083960131,0.7569809234171966
7659,0.766,6,2,6,604733,877,105224,2732,0.008123680017785023,0.7569963978941535
7660,0.7661,6,2,6,604735,875,105230,2726,0.008105153951609914,0.7570119411274646
7661,0.7662,1,0,1,604735,875,105231,2725,0.008105153951609914,0.7569444444444444
7662,0.7663,5,2,5,604737,873,105236,2720,0.008086627885434806,0.7570275535763985
7663,0.7664,4,1,4,604738,872,105240,2716,0.008077364852347252,0.7569676700111483
7664,0.7665,3,0,3,604738,872,105243,2713,0.008077364852347252,0.7567642956764296
7665,0.7666,3,0,3,604738,872,105246,2710,0.008077364852347252,0.7565605806811837
7666,0.7667,4,0,4,604738,872,105250,2706,0.008077364852347252,0.7562884292901062
7667,0.7668,8,0,8,604738,872,105258,2698,0.008077364852347252,0.7557422969187675
7668,0.7669,3,1,3,604739,871,105261,2695,0.008068101819259698,0.7557487380818845
7669,0.767,4,3,4,604742,868,105265,2691,0.008040312719997035,0.7561112672098904
7670,0.7671,7,2,7,604744,866,105272,2684,0.008021786653821927,0.756056338028169
7671,0.7672,4,2,4,604746,864,105276,2680,0.008003260587646818,0.7562076749435666
7672,0.7673,3,0,3,604746,864,105279,2677,0.008003260587646818,0.7560011296243999
7673,0.7674,1,4,1,604750,860,105280,2676,0.007966208455296603,0.7567873303167421
7674,0.7676,2,0,2,604750,860,105282,2674,0.007966208455296603,0.756649688737974
7675,0.7677,8,3,8,604753,857,105290,2666,0.00793841935603394,0.7567414135679819
7676,0.7678,4,0,4,604753,857,105294,2662,0.00793841935603394,0.7564649048025007
7677,0.7679,4,1,4,604754,856,105298,2658,0.007929156322946386,0.7564029595902105
7678,0.768,3,1,3,604755,855,105301,2655,0.007919893289858832,0.7564102564102564
7679,0.7681,3,2,3,604757,853,105304,2652,0.007901367223683724,0.7566333808844508
7680,0.7682,1,2,1,604759,851,105305,2651,0.007882841157508615,0.7569960022844089
7681,0.7683,5,0,5,604759,851,105310,2646,0.007882841157508615,0.7566485559050615
7682,0.7684,3,1,3,604760,850,105313,2643,0.007873578124421061,0.7566561694818208
7683,0.7685,6,1,6,604761,849,105319,2637,0.007864315091333507,0.7564543889845095
7684,0.7686,4,0,4,604761,849,105323,2633,0.007864315091333507,0.7561746122917863
7685,0.7687,3,1,3,604762,848,105326,2630,0.007855052058245953,0.7561817136285222
7686,0.7688,2,1,2,604763,847,105328,2628,0.007845789025158399,0.7562589928057554
7687,0.7689,5,0,5,604763,847,105333,2623,0.007845789025158399,0.7559077809798271
7688,0.769,5,1,5,604764,846,105338,2618,0.007836525992070844,0.7557736720554272
7689,0.7691,3,4,3,604768,842,105341,2615,0.007799473859720627,0.7564362163725774
7690,0.7692,6,1,6,604769,841,105347,2609,0.007790210826633072,0.756231884057971
7691,0.7693,4,1,4,604770,840,105351,2605,0.007780947793545518,0.7561683599419449
7692,0.7694,2,0,2,604770,840,105353,2603,0.007780947793545518,0.7560267208829509
7693,0.7695,3,0,3,604770,840,105356,2600,0.007780947793545518,0.7558139534883721
7694,0.7696,5,2,5,604772,838,105361,2595,0.00776242172737041,0.7558986309350423
7695,0.7697,2,2,2,604774,836,105363,2593,0.007743895661195301,0.7561971420239136
7696,0.7698,5,0,5,604774,836,105368,2588,0.007743895661195301,0.7558411214953271
7697,0.7699,2,0,2,604774,836,105370,2586,0.007743895661195301,0.755698421975453
7698,0.77,2,0,2,604774,836,105372,2584,0.007743895661195301,0.7555555555555555
7699,0.7701,2,3,2,604777,833,105374,2582,0.007716106561932639,0.7560761346998536
7700,0.7702,2,1,2,604778,832,105376,2580,0.0077068435288450855,0.7561547479484173
7701,0.7703,4,3,4,604781,829,105380,2576,0.007679054429582423,0.7565345080763582
7702,0.7704,2,0,2,604781,829,105382,2574,0.007679054429582423,0.75639141933588
7703,0.7705,2,1,2,604782,828,105384,2572,0.007669791396494869,0.7564705882352941
7704,0.7706,7,0,7,604782,828,105391,2565,0.007669791396494869,0.7559681697612732
7705,0.7707,5,1,5,604783,827,105396,2560,0.0076605283634073144,0.755831118984352
7706,0.7708,3,0,3,604783,827,105399,2557,0.0076605283634073144,0.7556146572104019
7707,0.7709,2,2,2,604785,825,105401,2555,0.007642002297232206,0.7559171597633136
7708,0.771,4,1,4,604786,824,105405,2551,0.007632739264144652,0.7558518518518519
7709,0.7711,4,2,4,604788,822,105409,2547,0.007614213197969543,0.7560106856634016
7710,0.7712,3,1,3,604789,821,105412,2544,0.007604950164881989,0.7560178306092125
7711,0.7713,3,0,3,604789,821,105415,2541,0.007604950164881989,0.7558001189767996
7712,0.7714,2,1,2,604790,820,105417,2539,0.007595687131794435,0.755879726108961
7713,0.7715,5,0,5,604790,820,105422,2534,0.007595687131794435,0.75551580202743
7714,0.7716,1,2,1,604792,818,105423,2533,0.007577161065619327,0.7558937630558042
7715,0.7717,1,2,1,604794,816,105424,2532,0.007558634999444218,0.7562724014336918
7716,0.7718,5,0,5,604794,816,105429,2527,0.007558634999444218,0.755907867185163
7717,0.7719,3,0,3,604794,816,105432,2524,0.007558634999444218,0.755688622754491
7718,0.772,3,0,3,604794,816,105435,2521,0.007558634999444218,0.7554689841174708
7719,0.7721,4,4,4,604798,812,105439,2517,0.007521582867094001,0.7560829077801141
7720,0.7722,2,2,2,604800,810,105441,2515,0.007503056800918893,0.7563909774436091
7721,0.7723,4,0,4,604800,810,105445,2511,0.007503056800918893,0.7560975609756098
7722,0.7724,7,6,7,604806,804,105452,2504,0.007447478602393568,0.7569528415961306
7723,0.7725,2,2,2,604808,802,105454,2502,0.007428952536218459,0.7572639225181598
7724,0.7726,3,2,3,604810,800,105457,2499,0.007410426470043351,0.7575022734161867
7725,0.7727,4,1,4,604811,799,105461,2495,0.007401163436955797,0.757437765634487
7726,0.7728,4,0,4,604811,799,105465,2491,0.007401163436955797,0.7571428571428571
7727,0.7729,3,0,3,604811,799,105468,2488,0.007401163436955797,0.756921204745969
7728,0.773,2,1,2,604812,798,105470,2486,0.0073919004038682425,0.7570036540803897
7729,0.7731,5,1,5,604813,797,105475,2481,0.007382637370780688,0.7568639414276999
7730,0.7732,2,1,2,604814,796,105477,2479,0.007373374337693134,0.7569465648854962
7731,0.7733,3,0,3,604814,796,105480,2476,0.007373374337693134,0.7567237163814181
7732,0.7734,3,0,3,604814,796,105483,2473,0.007373374337693134,0.7565004588559192
7733,0.7735,3,0,3,604814,796,105486,2470,0.007373374337693134,0.7562767911818739
7734,0.7736,1,3,1,604817,793,105487,2469,0.0073455852384304715,0.7568976088289393
7735,0.7737,2,0,2,604817,793,105489,2467,0.0073455852384304715,0.7567484662576687
7736,0.7738,3,0,3,604817,793,105492,2464,0.0073455852384304715,0.7565244089653055
7737,0.7739,0,1,0,604818,792,105492,2464,0.007336322205342917,0.7567567567567568
7738,0.774,3,1,3,604819,791,105495,2461,0.007327059172255363,0.7567650676506765
7739,0.7741,3,1,3,604820,790,105498,2458,0.007317796139167809,0.7567733990147784
7740,0.7742,3,0,3,604820,790,105501,2455,0.007317796139167809,0.7565485362095532
7741,0.7743,5,2,5,604822,788,105506,2450,0.0072992700729927005,0.756639901173564
7742,0.7744,3,1,3,604823,787,105509,2447,0.007290007039905146,0.756648113790971
7743,0.7745,2,0,2,604823,787,105511,2445,0.007290007039905146,0.7564975247524752
7744,0.7746,1,2,1,604825,785,105512,2444,0.007271480973730038,0.7568906782285537
7745,0.7747,4,1,4,604826,784,105516,2440,0.007262217940642484,0.7568238213399504
7746,0.7748,5,1,5,604827,783,105521,2435,0.0072529549075549295,0.7566811684275948
7747,0.7749,6,2,6,604829,781,105527,2429,0.007234428841379821,0.7566978193146418
7748,0.775,7,1,7,604830,780,105534,2422,0.007225165808292267,0.7564022485946283
7749,0.7751,2,2,2,604832,778,105536,2420,0.0072066397421171585,0.756722951844903
7750,0.7752,4,2,4,604834,776,105540,2416,0.00718811367594205,0.7568922305764411
7751,0.7753,1,3,1,604837,773,105541,2415,0.007160324576679388,0.7575282308657465
7752,0.7754,6,1,6,604838,772,105547,2409,0.007151061543591834,0.7573090223200252
7753,0.7755,4,0,4,604838,772,105551,2405,0.007151061543591834,0.7570034623858987
7754,0.7756,5,3,5,604841,769,105556,2400,0.0071232724443291715,0.757336699274219
7755,0.7757,3,2,3,604843,767,105559,2397,0.007104746378154063,0.7575853350189633
7756,0.7758,2,4,2,604847,763,105561,2395,0.007067694245803846,0.7583913869537682
7757,0.7759,4,2,4,604849,761,105565,2391,0.007049168179628738,0.7585659898477157
7758,0.776,2,0,2,604849,761,105567,2389,0.007049168179628738,0.7584126984126984
7759,0.7761,5,1,5,604850,760,105572,2384,0.007039905146541184,0.7582697201017812
7760,0.7762,5,0,5,604850,760,105577,2379,0.007039905146541184,0.7578846766486143
7761,0.7763,6,1,6,604851,759,105583,2373,0.0070306421134536294,0.7576628352490421
7762,0.7764,1,1,1,604852,758,105584,2372,0.007021379080366075,0.7578274760383387
7763,0.7765,7,0,7,604852,758,105591,2365,0.007021379080366075,0.7572846621837976
7764,0.7766,6,2,6,604854,756,105597,2359,0.007002853014190967,0.7573033707865169
7765,0.7767,2,2,2,604856,754,105599,2357,0.006984326948015858,0.7576342012214722
7766,0.7768,6,1,6,604857,753,105605,2351,0.006975063914928304,0.757409793814433
7767,0.7769,4,1,4,604858,752,105609,2347,0.00696580088184075,0.7573410777670216
7768,0.7771,4,0,4,604858,752,105613,2343,0.00696580088184075,0.7570274636510501
7769,0.7772,4,0,4,604858,752,105617,2339,0.00696580088184075,0.7567130378518279
7770,0.7773,6,1,6,604859,751,105623,2333,0.006956537848753196,0.756485084306096
7771,0.7774,1,0,1,604859,751,105624,2332,0.006956537848753196,0.7564060979565358
7772,0.7775,3,3,3,604862,748,105627,2329,0.006928748749490533,0.7569060773480663
7773,0.7776,1,1,1,604863,747,105628,2328,0.006919485716402979,0.7570731707317073
7774,0.7777,2,1,2,604864,746,105630,2326,0.006910222683315425,0.7571614583333334
7775,0.7778,1,1,1,604865,745,105631,2325,0.006900959650227871,0.757328990228013
7776,0.7779,2,1,2,604866,744,105633,2323,0.006891696617140316,0.7574176719921748
7777,0.778,3,1,3,604867,743,105636,2320,0.006882433584052762,0.7574273587985635
7778,0.7781,2,1,2,604868,742,105638,2318,0.006873170550965208,0.757516339869281
7779,0.7782,4,1,4,604869,741,105642,2314,0.006863907517877654,0.7574468085106383
7780,0.7783,2,1,2,604870,740,105644,2312,0.0068546444847901,0.7575360419397117
7781,0.7784,5,2,5,604872,738,105649,2307,0.006836118418614991,0.7576354679802956
7782,0.7785,3,1,3,604873,737,105652,2304,0.006826855385527437,0.7576455113449523
7783,0.7786,3,1,3,604874,736,105655,2301,0.006817592352439883,0.7576555811656239
7784,0.7788,8,3,8,604877,733,105663,2293,0.00678980325317722,0.7577660277594184
7785,0.7789,3,3,3,604880,730,105666,2290,0.0067620141539145575,0.7582781456953642
7786,0.779,6,0,6,604880,730,105672,2284,0.0067620141539145575,0.7577969475779694
7787,0.7791,4,1,4,604881,729,105676,2280,0.006752751120827003,0.7577268195413759
7788,0.7792,4,3,4,604884,726,105680,2276,0.006724962021564341,0.7581612258494337
7789,0.7793,8,1,8,604885,725,105688,2268,0.0067156989884767865,0.7577681256264618
7790,0.7794,3,1,3,604886,724,105691,2265,0.006706435955389232,0.7577785212445634
7791,0.7795,1,2,1,604888,722,105692,2264,0.006687909889214124,0.7582049564634963
7792,0.7796,5,1,5,604889,721,105697,2259,0.00667864685612657,0.7580536912751678
7793,0.7797,2,1,2,604890,720,105699,2257,0.0066693838230390155,0.7581457843466577
7794,0.7798,5,1,5,604891,719,105704,2252,0.006660120789951461,0.7579939414338607
7795,0.7799,3,1,3,604892,718,105707,2249,0.006650857756863907,0.7580047185709471
7796,0.78,0,3,0,604895,715,105707,2249,0.006623068657601245,0.7587719298245614
7797,0.7801,4,0,4,604895,715,105711,2245,0.006623068657601245,0.7584459459459459
7798,0.7802,4,2,4,604897,713,105715,2241,0.006604542591426137,0.7586323628977657
7799,0.7803,2,2,2,604899,711,105717,2239,0.0065860165252510285,0.7589830508474577
7800,0.7804,4,1,4,604900,710,105721,2235,0.006576753492163474,0.7589134125636672
7801,0.7805,3,2,3,604902,708,105724,2232,0.006558227425988366,0.7591836734693878
7802,0.7806,1,0,1,604902,708,105725,2231,0.006558227425988366,0.7591017352841103
7803,0.7807,3,0,3,604902,708,105728,2228,0.006558227425988366,0.7588555858310627
7804,0.7808,4,2,4,604904,706,105732,2224,0.0065397013598132575,0.7590443686006826
7805,0.7809,7,1,7,604905,705,105739,2217,0.006530438326725703,0.7587268993839835
7806,0.781,3,0,3,604905,705,105742,2214,0.006530438326725703,0.7584789311408017
7807,0.7811,4,1,4,604906,704,105746,2210,0.006521175293638149,0.75840768702814
7808,0.7812,2,2,2,604908,702,105748,2208,0.006502649227463041,0.7587628865979381
7809,0.7813,3,1,3,604909,701,105751,2205,0.0064933861943754865,0.7587749483826566
7810,0.7814,3,0,3,604909,701,105754,2202,0.0064933861943754865,0.7585256631071305
7811,0.7815,4,0,4,604909,701,105758,2198,0.0064933861943754865,0.7581924801655744
7812,0.7816,3,0,3,604909,701,105761,2195,0.0064933861943754865,0.7579419889502762
7813,0.7817,2,0,2,604909,701,105763,2193,0.0064933861943754865,0.7577747062888736
7814,0.7818,3,1,3,604910,700,105766,2190,0.006484123161287932,0.7577854671280276
7815,0.7819,3,2,3,604912,698,105769,2187,0.006465597095112824,0.7580589254766031
7816,0.782,4,0,4,604912,698,105773,2183,0.006465597095112824,0.7577230128427629
7817,0.7821,4,2,4,604914,696,105777,2179,0.0064470710289377155,0.7579130434782608
7818,0.7822,3,2,3,604916,694,105780,2176,0.006428544962762607,0.7581881533101046
7819,0.7823,1,0,1,604916,694,105781,2175,0.006428544962762607,0.7581038689438829
7820,0.7824,2,2,2,604918,692,105783,2173,0.006410018896587499,0.7584642233856893
7821,0.7825,3,2,3,604920,690,105786,2170,0.00639149283041239,0.7587412587412588
7822,0.7826,3,4,3,604924,686,105789,2167,0.006354440698062173,0.7595513494567122
7823,0.7827,2,2,2,604926,684,105791,2165,0.006335914631887065,0.7599157599157599
7824,0.7828,2,0,2,604926,684,105793,2163,0.006335914631887065,0.7597471022128557
7825,0.7829,1,2,1,604928,682,105794,2162,0.006317388565711957,0.760196905766526
7826,0.783,9,1,9,604929,681,105803,2153,0.006308125532624402,0.7597035991531405
7827,0.7831,3,3,3,604932,678,105806,2150,0.00628033643336174,0.7602545968882602
7828,0.7832,6,0,6,604932,678,105812,2144,0.00628033643336174,0.7597448618001418
7829,0.7833,1,0,1,604932,678,105813,2143,0.00628033643336174,0.7596596951435661
7830,0.7834,2,3,2,604935,675,105815,2141,0.006252547334099077,0.7602982954545454
7831,0.7835,1,1,1,604936,674,105816,2140,0.006243284301011523,0.7604832977967306
7832,0.7836,4,1,4,604937,673,105820,2136,0.006234021267923969,0.7604129583481666
7833,0.7837,3,3,3,604940,670,105823,2133,0.006206232168661306,0.7609703888690689
7834,0.7838,1,0,1,604940,670,105824,2132,0.006206232168661306,0.7608850820842256
7835,0.7839,4,2,4,604942,668,105828,2128,0.006187706102486198,0.7610872675250357
7836,0.784,3,0,3,604942,668,105831,2125,0.006187706102486198,0.7608306480486932
7837,0.7841,3,2,3,604944,666,105834,2122,0.006169180036311089,0.7611190817790531
7838,0.7842,5,0,5,604944,666,105839,2117,0.006169180036311089,0.7606899029823931
7839,0.7843,2,2,2,604946,664,105841,2115,0.006150653970135981,0.7610651313422094
7840,0.7844,1,1,1,604947,663,105842,2114,0.006141390937048427,0.761253150882247
7841,0.7845,2,3,2,604950,660,105844,2112,0.006113601837785765,0.7619047619047619
7842,0.7846,1,0,1,604950,660,105845,2111,0.006113601837785765,0.7618188379646337
7843,0.7847,6,2,6,604952,658,105851,2105,0.006095075771610657,0.7618530582699964
7844,0.7848,3,1,3,604953,657,105854,2102,0.006085812738523102,0.7618702428416093
7845,0.7849,3,0,3,604953,657,105857,2099,0.006085812738523102,0.761611030478955
7846,0.785,4,0,4,604953,657,105861,2095,0.006085812738523102,0.7612645348837209
7847,0.7851,1,0,1,604953,657,105862,2094,0.006085812738523102,0.7611777535441657
7848,0.7852,2,2,2,604955,655,105864,2092,0.006067286672347994,0.7615580633418274
7849,0.7853,8,1,8,604956,654,105872,2084,0.00605802363926044,0.7611395178962747
7850,0.7854,4,0,4,604956,654,105876,2080,0.00605802363926044,0.7607900512070227
7851,0.7855,2,3,2,604959,651,105878,2078,0.006030234539997777,0.7614510809820447
7852,0.7856,1,1,1,604960,650,105879,2077,0.006020971506910223,0.7616428309497616
7853,0.7858,3,0,3,604960,650,105882,2074,0.006020971506910223,0.7613803230543319
7854,0.7859,4,5,4,604965,645,105886,2070,0.005974656341472452,0.7624309392265194
7855,0.786,3,0,3,604965,645,105889,2067,0.005974656341472452,0.7621681415929203
7856,0.7861,1,0,1,604965,645,105890,2066,0.005974656341472452,0.7620804131316857
7857,0.7862,1,2,1,604967,643,105891,2065,0.0059561302752973435,0.7625553914327917
7858,0.7863,6,1,6,604968,642,105897,2059,0.005946867242209789,0.7623102554609404
7859,0.7864,2,0,2,604968,642,105899,2057,0.005946867242209789,0.7621341237495368
7860,0.7865,2,1,2,604969,641,105901,2055,0.005937604209122235,0.762240356083086
7861,0.7866,7,2,7,604971,639,105908,2048,0.005919078142947127,0.7621883141049498
7862,0.7867,2,1,2,604972,638,105910,2046,0.0059098151098595725,0.7622950819672131
7863,0.7868,1,0,1,604972,638,105911,2045,0.0059098151098595725,0.7622064852776742
7864,0.7869,3,0,3,604972,638,105914,2042,0.0059098151098595725,0.7619402985074627
7865,0.787,0,2,0,604974,636,105914,2042,0.005891289043684464,0.7625093353248693
7866,0.7871,0,2,0,604976,634,105914,2042,0.005872762977509356,0.7630792227204783
7867,0.7872,5,1,5,604977,633,105919,2037,0.0058634999444218015,0.7629213483146068
7868,0.7873,3,2,3,604979,631,105922,2034,0.005844973878246693,0.7632270168855535
7869,0.7874,1,3,1,604982,628,105923,2033,0.0058171847789840305,0.7639984968057122
7870,0.7875,3,2,3,604984,626,105926,2030,0.005798658712808922,0.7643072289156626
7871,0.7876,3,1,3,604985,625,105929,2027,0.005789395679721368,0.7643288084464555
7872,0.7877,3,0,3,604985,625,105932,2024,0.005789395679721368,0.7640619101547754
7873,0.7878,0,1,0,604986,624,105932,2024,0.005780132646633814,0.7643504531722054
7874,0.7879,1,3,1,604989,621,105933,2023,0.005752343547371151,0.7651285930408472
7875,0.788,2,0,2,604989,621,105935,2021,0.005752343547371151,0.7649507948523846
7876,0.7881,2,0,2,604989,621,105937,2019,0.005752343547371151,0.7647727272727273
7877,0.7882,5,0,5,604989,621,105942,2014,0.005752343547371151,0.7643263757115749
7878,0.7884,0,2,0,604991,619,105942,2014,0.005733817481196043,0.7649069502468667
7879,0.7885,3,1,3,604992,618,105945,2011,0.0057245544481084884,0.7649296310384176
7880,0.7886,4,1,4,604993,617,105949,2007,0.005715291415020934,0.7648628048780488
7881,0.7887,6,0,6,604993,617,105955,2001,0.005715291415020934,0.7643239113827349
7882,0.7888,1,1,1,604994,616,105956,2000,0.00570602838193338,0.764525993883792
7883,0.7889,2,0,2,604994,616,105958,1998,0.00570602838193338,0.764345830145371
7884,0.789,1,2,1,604996,614,105959,1997,0.005687502315758272,0.7648410570662582
7885,0.7891,3,2,3,604998,612,105962,1994,0.005668976249583163,0.7651573292402148
7886,0.7892,5,0,5,604998,612,105967,1989,0.005668976249583163,0.7647058823529411
7887,0.7893,2,1,2,604999,611,105969,1987,0.005659713216495609,0.7648190916089299
7888,0.7894,4,1,4,605000,610,105973,1983,0.005650450183408055,0.7647512533744697
7889,0.7895,4,2,4,605002,608,105977,1979,0.005631924117232946,0.7649787398531117
7890,0.7896,2,0,2,605002,608,105979,1977,0.005631924117232946,0.7647969052224372
7891,0.7897,2,0,2,605002,608,105981,1975,0.005631924117232946,0.7646147890050329
7892,0.7898,2,0,2,605002,608,105983,1973,0.005631924117232946,0.7644323905462999
7893,0.7899,3,2,3,605004,606,105986,1970,0.005613398051057838,0.764751552795031
7894,0.79,1,2,1,605006,604,105987,1969,0.00559487198488273,0.7652545666537116
7895,0.7901,2,2,2,605008,602,105989,1967,0.005576345918707622,0.7656675749318801
7896,0.7902,2,1,2,605009,601,105991,1965,0.005567082885620068,0.7657833203429463
7897,0.7903,1,0,1,605009,601,105992,1964,0.005567082885620068,0.765692007797271
7898,0.7904,2,3,2,605012,598,105994,1962,0.005539293786357405,0.76640625
7899,0.7905,2,1,2,605013,597,105996,1960,0.005530030753269851,0.7665232694563943
7900,0.7906,6,0,6,605013,597,106002,1954,0.005530030753269851,0.7659741277930223
7901,0.7907,1,2,1,605015,595,106003,1953,0.005511504687094743,0.7664835164835165
7902,0.7908,1,0,1,605015,595,106004,1952,0.005511504687094743,0.7663918335296427
7903,0.7909,3,0,3,605015,595,106007,1949,0.005511504687094743,0.7661163522012578
7904,0.791,6,2,6,605017,593,106013,1943,0.005492978620919634,0.7661671924290221
7905,0.7911,4,1,4,605018,592,106017,1939,0.00548371558783208,0.7661003555906756
7906,0.7912,2,1,2,605019,591,106019,1937,0.005474452554744526,0.7662183544303798
7907,0.7913,4,0,4,605019,591,106023,1933,0.005474452554744526,0.7658478605388273
7908,0.7914,0,1,0,605020,590,106023,1933,0.005465189521656972,0.7661514070550931
7909,0.7915,1,0,1,605020,590,106024,1932,0.005465189521656972,0.7660586835844568
7910,0.7916,3,0,3,605020,590,106027,1929,0.005465189521656972,0.7657800714569274
7911,0.7917,3,0,3,605020,590,106030,1926,0.005465189521656972,0.7655007949125596
7912,0.7918,4,2,4,605022,588,106034,1922,0.005446663455481863,0.7657370517928287
7913,0.7919,6,1,6,605023,587,106040,1916,0.005437400422394309,0.7654814222932481
7914,0.792,4,0,4,605023,587,106044,1912,0.005437400422394309,0.7651060424169668
7915,0.7921,3,1,3,605024,586,106047,1909,0.005428137389306755,0.765130260521042
7916,0.7922,4,1,4,605025,585,106051,1905,0.005418874356219201,0.7650602409638554
7917,0.7923,0,1,0,605026,584,106051,1905,0.005409611323131646,0.7653676175170752
7918,0.7924,2,0,2,605026,584,106053,1903,0.005409611323131646,0.765178930438279
7919,0.7925,4,0,4,605026,584,106057,1899,0.005409611323131646,0.7648006443817962
7920,0.7926,2,0,2,605026,584,106059,1897,0.005409611323131646,0.7646110439338977
7921,0.7927,1,2,1,605028,582,106060,1896,0.005391085256956538,0.7651331719128329
7922,0.7928,3,0,3,605028,582,106063,1893,0.005391085256956538,0.7648484848484849
7923,0.7929,5,0,5,605028,582,106068,1888,0.005391085256956538,0.7643724696356275
7924,0.793,3,2,3,605030,580,106071,1885,0.0053725591907814296,0.7647058823529411
7925,0.7931,5,1,5,605031,579,106076,1880,0.005363296157693875,0.7645384302562017
7926,0.7932,6,3,6,605034,576,106082,1874,0.005335507058431213,0.7648979591836734
7927,0.7933,1,2,1,605036,574,106083,1873,0.005316980992256104,0.7654270535349408
7928,0.7934,2,1,2,605037,573,106085,1871,0.00530771795916855,0.7655482815057283
7929,0.7935,3,2,3,605039,571,106088,1868,0.005289191892993442,0.7658876588765887
7930,0.7936,3,1,3,605040,570,106091,1865,0.0052799288599058875,0.7659137577002053
7931,0.7937,1,2,1,605042,568,106092,1864,0.005261402793730779,0.7664473684210527
7932,0.7938,2,1,2,605043,567,106094,1862,0.005252139760643225,0.7665706051873199
7933,0.7939,4,0,4,605043,567,106098,1858,0.005252139760643225,0.7661855670103093
7934,0.794,2,1,2,605044,566,106100,1856,0.005242876727555671,0.7663088356729976
7935,0.7941,2,3,2,605047,563,106102,1854,0.005215087628293008,0.7670666115018618
7936,0.7942,7,0,7,605047,563,106109,1847,0.005215087628293008,0.766390041493776
7937,0.7943,6,1,6,605048,562,106115,1841,0.005205824595205454,0.7661256762380357
7938,0.7944,3,1,3,605049,561,106118,1838,0.0051965615621179,0.7661525635681534
7939,0.7945,2,1,2,605050,560,106120,1836,0.0051872985290303455,0.7662771285475793
7940,0.7946,4,1,4,605051,559,106124,1832,0.005178035495942791,0.76620660811376
7941,0.7947,1,1,1,605052,558,106125,1831,0.005168772462855237,0.7664294683968188
7942,0.7948,4,0,4,605052,558,106129,1827,0.005168772462855237,0.7660377358490567
7943,0.7949,2,1,2,605053,557,106131,1825,0.005159509429767683,0.7661628883291351
7944,0.795,3,1,3,605054,556,106134,1822,0.005150246396680129,0.7661900756938604
7945,0.7951,2,0,2,605054,556,106136,1820,0.005150246396680129,0.765993265993266
7946,0.7952,3,0,3,605054,556,106139,1817,0.005150246396680129,0.7656974294142436
7947,0.7953,3,0,3,605054,556,106142,1814,0.005150246396680129,0.7654008438818566
7948,0.7954,4,2,4,605056,554,106146,1810,0.00513172033050502,0.7656514382402707
7949,0.7955,2,1,2,605057,553,106148,1808,0.005122457297417466,0.7657772130453198
7950,0.7956,2,2,2,605059,551,106150,1806,0.005103931231242358,0.766228256257955
7951,0.7957,3,2,3,605061,549,106153,1803,0.005085405165067249,0.7665816326530612
7952,0.7958,0,1,0,605062,548,106153,1803,0.005076142131979695,0.7669076988515525
7953,0.7959,1,1,1,605063,547,106154,1802,0.005066879098892141,0.767134951042997
7954,0.796,1,1,1,605064,546,106155,1801,0.005057616065804587,0.7673625905411163
7955,0.7961,3,1,3,605065,545,106158,1798,0.005048353032717033,0.7673922321809645
7956,0.7962,1,0,1,605065,545,106159,1797,0.005048353032717033,0.7672929120409906
7957,0.7963,3,0,3,605065,545,106162,1794,0.005048353032717033,0.7669944420692604
7958,0.7964,3,0,3,605065,545,106165,1791,0.005048353032717033,0.766695205479452
7959,0.7965,6,0,6,605065,545,106171,1785,0.005048353032717033,0.7660944206008584
7960,0.7966,1,3,1,605068,542,106172,1784,0.005020563933454371,0.766981943250215
7961,0.7967,4,0,4,605068,542,106176,1780,0.005020563933454371,0.7665805340223945
7962,0.7968,1,2,1,605070,540,106177,1779,0.005002037867279262,0.7671410090556274
7963,0.7969,3,1,3,605071,539,106180,1776,0.004992774834191708,0.767170626349892
7964,0.797,7,0,7,605071,539,106187,1769,0.004992774834191708,0.7664644714038128
7965,0.7971,1,3,1,605074,536,106188,1768,0.0049649857349290455,0.7673611111111112
7966,0.7972,3,2,3,605076,534,106191,1765,0.004946459668753937,0.7677250978686385
7967,0.7973,2,0,2,605076,534,106193,1763,0.004946459668753937,0.7675228558989987
7968,0.7975,6,2,6,605078,532,106199,1757,0.004927933602578829,0.7675840978593272
7969,0.7976,6,2,6,605080,530,106205,1751,0.00490940753640372,0.7676457693993862
7970,0.7977,1,1,1,605081,529,106206,1750,0.004900144503316166,0.7678806494076349
7971,0.7979,5,2,5,605083,527,106211,1745,0.004881618437141058,0.7680457746478874
7972,0.798,0,2,0,605085,525,106211,1745,0.004863092370965949,0.7687224669603524
7973,0.7981,2,2,2,605087,523,106213,1743,0.004844566304790841,0.7691968225948809
7974,0.7982,3,0,3,605087,523,106216,1740,0.004844566304790841,0.7688908528501989
7975,0.7983,1,1,1,605088,522,106217,1739,0.004835303271703287,0.7691287041132242
7976,0.7984,2,0,2,605088,522,106219,1737,0.004835303271703287,0.7689243027888446
7977,0.7985,3,0,3,605088,522,106222,1734,0.004835303271703287,0.7686170212765957
7978,0.7986,0,1,0,605089,521,106222,1734,0.004826040238615732,0.7689578713968958
7979,0.7987,3,0,3,605089,521,106225,1731,0.004826040238615732,0.7686500888099467
7980,0.7988,1,1,1,605090,520,106226,1730,0.004816777205528178,0.7688888888888888
7981,0.7989,1,2,1,605092,518,106227,1729,0.00479825113935307,0.7694704049844237
7982,0.799,2,0,2,605092,518,106229,1727,0.00479825113935307,0.7692650334075724
7983,0.7991,4,0,4,605092,518,106233,1723,0.00479825113935307,0.7688531905399375
7984,0.7992,2,0,2,605092,518,106235,1721,0.00479825113935307,0.768646717284502
7985,0.7993,4,0,4,605092,518,106239,1717,0.00479825113935307,0.7682326621923937
7986,0.7994,5,1,5,605093,517,106244,1712,0.004788988106265516,0.7680574248541947
7987,0.7995,2,3,2,605096,514,106246,1710,0.004761199007002853,0.7688848920863309
7988,0.7996,2,1,2,605097,513,106248,1708,0.004751935973915299,0.7690229626294462
7989,0.7997,1,1,1,605098,512,106249,1707,0.0047426729408277446,0.7692654348805769
7990,0.7998,4,2,4,605100,510,106253,1703,0.004724146874652636,0.7695436059647537
7991,0.7999,0,1,0,605101,509,106253,1703,0.004714883841565082,0.7698915009041591
7992,0.8,5,3,5,605104,506,106258,1698,0.004687094742302419,0.7704174228675136
7993,0.8001,4,1,4,605105,505,106262,1694,0.004677831709214865,0.770350159163256
7994,0.8002,3,0,3,605105,505,106265,1691,0.004677831709214865,0.7700364298724954
7995,0.8003,2,0,2,605105,505,106267,1689,0.004677831709214865,0.7698268003646308
7996,0.8004,1,0,1,605105,505,106268,1688,0.004677831709214865,0.7697218422252622
7997,0.8005,1,2,1,605107,503,106269,1687,0.004659305643039757,0.7703196347031963
7998,0.8006,3,1,3,605108,502,106272,1684,0.0046500426099522025,0.7703568161024703
7999,0.8007,6,1,6,605109,501,106278,1678,0.004640779576864648,0.7700780174391922
8000,0.8008,2,1,2,605110,500,106280,1676,0.004631516543777094,0.7702205882352942
8001,0.8009,2,0,2,605110,500,106282,1674,0.004631516543777094,0.7700091996320148
8002,0.801,4,0,4,605110,500,106286,1670,0.004631516543777094,0.7695852534562212
8003,0.8011,1,0,1,605110,500,106287,1669,0.004631516543777094,0.7694790225910558
8004,0.8012,1,0,1,605110,500,106288,1668,0.004631516543777094,0.7693726937269373
8005,0.8013,6,1,6,605111,499,106294,1662,0.00462225351068954,0.7690883850069412
8006,0.8014,2,1,2,605112,498,106296,1660,0.004612990477601986,0.7692307692307693
8007,0.8015,1,0,1,605112,498,106297,1659,0.004612990477601986,0.7691237830319889
8008,0.8016,3,2,3,605114,496,106300,1656,0.004594464411426877,0.7695167286245354
8009,0.8017,2,2,2,605116,494,106302,1654,0.004575938345251769,0.7700186219739292
8010,0.8018,5,0,5,605116,494,106307,1649,0.004575938345251769,0.7694820345310313
8011,0.8019,6,1,6,605117,493,106313,1643,0.004566675312164215,0.7691947565543071
8012,0.802,2,2,2,605119,491,106315,1641,0.004548149245989106,0.7696998123827392
8013,0.8022,1,1,1,605120,490,106316,1640,0.004538886212901552,0.7699530516431925
8014,0.8023,3,1,3,605121,489,106319,1637,0.004529623179813998,0.7699905926622765
8015,0.8024,4,0,4,605121,489,106323,1633,0.004529623179813998,0.7695570216776626
8016,0.8025,3,0,3,605121,489,106326,1630,0.004529623179813998,0.7692307692307693
8017,0.8026,6,2,6,605123,487,106332,1624,0.00451109711363889,0.7693036475603979
8018,0.8027,3,0,3,605123,487,106335,1621,0.00451109711363889,0.7689753320683111
8019,0.8028,3,1,3,605124,486,106338,1618,0.004501834080551336,0.7690114068441065
8020,0.8029,2,3,2,605127,483,106340,1616,0.0044740449812886735,0.769890424011434
8021,0.803,3,0,3,605127,483,106343,1613,0.0044740449812886735,0.7695610687022901
8022,0.8031,2,3,2,605130,480,106345,1611,0.004446255882026011,0.7704447632711621
8023,0.8032,1,1,1,605131,479,106346,1610,0.004436992848938457,0.7707036859741503
8024,0.8033,0,1,0,605132,478,106346,1610,0.0044277298158509025,0.7710727969348659
8025,0.8034,2,1,2,605133,477,106348,1608,0.004418466782763348,0.7712230215827338
8026,0.8036,2,0,2,605133,477,106350,1606,0.004418466782763348,0.771003360537686
8027,0.8037,3,1,3,605134,476,106353,1603,0.004409203749675794,0.7710437710437711
8028,0.8038,5,0,5,605134,476,106358,1598,0.004409203749675794,0.7704918032786885
8029,0.8039,4,0,4,605134,476,106362,1594,0.004409203749675794,0.770048309178744
8030,0.804,3,0,3,605134,476,106365,1591,0.004409203749675794,0.7697145621673923
8031,0.8041,6,2,6,605136,474,106371,1585,0.004390677683500686,0.7697911607576493
8032,0.8043,5,1,5,605137,473,106376,1580,0.0043814146504131315,0.7696054554310765
8033,0.8044,5,2,5,605139,471,106381,1575,0.004362888584238023,0.7697947214076246
8034,0.8045,3,0,3,605139,471,106384,1572,0.004362888584238023,0.7694566813509545
8035,0.8046,2,2,2,605141,469,106386,1570,0.004344362518062915,0.7699852869053457
8036,0.8047,6,2,6,605143,467,106392,1564,0.004325836451887806,0.7700640078778926
8037,0.8048,3,1,3,605144,466,106395,1561,0.004316573418800252,0.7701036013813517
8038,0.8049,1,0,1,605144,466,106396,1560,0.004316573418800252,0.769990128331688
8039,0.8051,4,0,4,605144,466,106400,1556,0.004316573418800252,0.7695351137487636
8040,0.8052,3,1,3,605145,465,106403,1553,0.004307310385712698,0.7695738354806739
8041,0.8053,5,0,5,605145,465,106408,1548,0.004307310385712698,0.7690014903129657
8042,0.8054,3,0,3,605145,465,106411,1545,0.004307310385712698,0.7686567164179104
8043,0.8055,4,1,4,605146,464,106415,1541,0.004298047352625144,0.7685785536159601
8044,0.8056,1,1,1,605147,463,106416,1540,0.0042887843195375894,0.7688467299051422
8045,0.8057,5,2,5,605149,461,106421,1535,0.004270258253362481,0.7690380761523046
8046,0.8058,3,2,3,605151,459,106424,1532,0.004251732187187373,0.7694625816172778
8047,0.8059,1,0,1,605151,459,106425,1531,0.004251732187187373,0.7693467336683417
8048,0.806,2,3,2,605154,456,106427,1529,0.00422394308792471,0.7702770780856423
8049,0.8061,3,0,3,605154,456,106430,1526,0.00422394308792471,0.7699293642785066
8050,0.8062,2,0,2,605154,456,106432,1524,0.00422394308792471,0.7696969696969697
8051,0.8063,2,2,2,605156,454,106434,1522,0.004205417021749602,0.770242914979757
8052,0.8065,1,3,1,605159,451,106435,1521,0.004177627922486939,0.7712981744421906
8053,0.8066,6,1,6,605160,450,106441,1515,0.004168364889399385,0.7709923664122137
8054,0.8067,3,0,3,605160,450,106444,1512,0.004168364889399385,0.7706422018348624
8055,0.8068,0,1,0,605161,449,106444,1512,0.004159101856311831,0.7710351861295257
8056,0.8069,4,5,4,605166,444,106448,1508,0.00411278669087406,0.7725409836065574
8057,0.807,4,2,4,605168,442,106452,1504,0.004094260624698951,0.7728674203494348
8058,0.8071,2,0,2,605168,442,106454,1502,0.004094260624698951,0.772633744855967
8059,0.8072,2,1,2,605169,441,106456,1500,0.004084997591611397,0.7727975270479135
8060,0.8074,4,1,4,605170,440,106460,1496,0.004075734558523843,0.7727272727272727
8061,0.8075,4,0,4,605170,440,106464,1492,0.004075734558523843,0.772256728778468
8062,0.8076,2,0,2,605170,440,106466,1490,0.004075734558523843,0.772020725388601
8063,0.8077,5,0,5,605170,440,106471,1485,0.004075734558523843,0.7714285714285715
8064,0.8078,3,1,3,605171,439,106474,1482,0.0040664715254362886,0.77147319104633
8065,0.8079,5,2,5,605173,437,106479,1477,0.00404794545926118,0.7716823406478579
8066,0.808,4,0,4,605173,437,106483,1473,0.00404794545926118,0.7712041884816754
8067,0.8081,6,1,6,605174,436,106489,1467,0.004038682426173626,0.7708880714661062
8068,0.8082,1,0,1,605174,436,106490,1466,0.004038682426173626,0.7707676130389064
8069,0.8083,8,0,8,605174,436,106498,1458,0.004038682426173626,0.7697993664202746
8070,0.8084,4,0,4,605174,436,106502,1454,0.004038682426173626,0.7693121693121693
8071,0.8085,2,1,2,605175,435,106504,1452,0.004029419393086072,0.7694753577106518
8072,0.8086,2,0,2,605175,435,106506,1450,0.004029419393086072,0.7692307692307693
8073,0.8087,1,2,1,605177,433,106507,1449,0.004010893326910963,0.7699256110520722
8074,0.8088,3,3,3,605180,430,106510,1446,0.003983104227648302,0.7707889125799574
8075,0.8089,2,2,2,605182,428,106512,1444,0.003964578161473193,0.7713675213675214
8076,0.809,3,0,3,605182,428,106515,1441,0.003964578161473193,0.7710005350454788
8077,0.8091,6,0,6,605182,428,106521,1435,0.003964578161473193,0.7702630166398282
8078,0.8092,3,0,3,605182,428,106524,1432,0.003964578161473193,0.7698924731182796
8079,0.8093,5,2,5,605184,426,106529,1427,0.003946052095298085,0.770102536427415
8080,0.8094,0,1,0,605185,425,106529,1427,0.0039367890622105306,0.7705183585313174
8081,0.8095,0,3,0,605188,422,106529,1427,0.003908999962947868,0.7717685235262304
8082,0.8096,2,1,2,605189,421,106531,1425,0.0038997369298603133,0.7719393282773565
8083,0.8097,1,0,1,605189,421,106532,1424,0.0038997369298603133,0.7718157181571815
8084,0.8098,3,1,3,605190,420,106535,1421,0.003890473896772759,0.7718631178707225
8085,0.8099,1,0,1,605190,420,106536,1420,0.003890473896772759,0.7717391304347826
8086,0.81,3,1,3,605191,419,106539,1417,0.003881210863685205,0.7717864923747276
8087,0.8101,3,1,3,605192,418,106542,1414,0.0038719478305976507,0.7718340611353712
8088,0.8102,1,0,1,605192,418,106543,1413,0.0038719478305976507,0.7717094483888586
8089,0.8103,3,3,3,605195,415,106546,1410,0.0038441587313349885,0.7726027397260274
8090,0.8104,5,0,5,605195,415,106551,1405,0.0038441587313349885,0.771978021978022
8091,0.8105,3,0,3,605195,415,106554,1402,0.0038441587313349885,0.7716015410016511
8092,0.8106,6,0,6,605195,415,106560,1396,0.0038441587313349885,0.7708448371065709
8093,0.8107,6,3,6,605198,412,106566,1390,0.003816369632072326,0.7713651498335183
8094,0.8108,4,3,4,605201,409,106570,1386,0.0037885805328096633,0.7721448467966574
8095,0.8109,1,1,1,605202,408,106571,1385,0.003779317499722109,0.7724484104852203
8096,0.811,2,0,2,605202,408,106573,1383,0.003779317499722109,0.7721943048576214
8097,0.8111,1,0,1,605202,408,106574,1382,0.003779317499722109,0.7720670391061453
8098,0.8112,4,0,4,605202,408,106578,1378,0.003779317499722109,0.7715565509518477
8099,0.8113,4,0,4,605202,408,106582,1374,0.003779317499722109,0.7710437710437711
8100,0.8114,4,0,4,605202,408,106586,1370,0.003779317499722109,0.7705286839145107
8101,0.8115,1,0,1,605202,408,106587,1369,0.003779317499722109,0.7703995498030388
8102,0.8116,1,1,1,605203,407,106588,1368,0.003770054466634555,0.7707042253521127
8103,0.8117,4,1,4,605204,406,106592,1364,0.0037607914335470007,0.7706214689265537
8104,0.8118,4,1,4,605205,405,106596,1360,0.0037515284004594465,0.7705382436260623
8105,0.8119,2,2,2,605207,403,106598,1358,0.003733002334284338,0.771152754116979
8106,0.8121,2,0,2,605207,403,106600,1356,0.003733002334284338,0.770892552586697
8107,0.8122,4,2,4,605209,401,106604,1352,0.0037144762681092297,0.7712492869366799
8108,0.8123,1,2,1,605211,399,106605,1351,0.0036959502019341213,0.772
8109,0.8124,4,0,4,605211,399,106609,1347,0.0036959502019341213,0.7714776632302406
8110,0.8125,1,1,1,605212,398,106610,1346,0.003686687168846567,0.7717889908256881
8111,0.8126,2,0,2,605212,398,106612,1344,0.003686687168846567,0.7715269804822044
8112,0.8127,2,0,2,605212,398,106614,1342,0.003686687168846567,0.771264367816092
8113,0.8128,2,0,2,605212,398,106616,1340,0.003686687168846567,0.7710011507479861
8114,0.8129,2,0,2,605212,398,106618,1338,0.003686687168846567,0.7707373271889401
8115,0.813,2,0,2,605212,398,106620,1336,0.003686687168846567,0.7704728950403691
8116,0.8131,1,0,1,605212,398,106621,1335,0.003686687168846567,0.7703404500865552
8117,0.8132,4,0,4,605212,398,106625,1331,0.003686687168846567,0.7698091382301908
8118,0.8133,1,1,1,605213,397,106626,1330,0.003677424135759013,0.7701215981470758
8119,0.8134,2,0,2,605213,397,106628,1328,0.003677424135759013,0.7698550724637682
8120,0.8135,4,0,4,605213,397,106632,1324,0.003677424135759013,0.7693201626961069
8121,0.8137,0,1,0,605214,396,106632,1324,0.0036681611026714587,0.7697674418604651
8122,0.8138,4,0,4,605214,396,106636,1320,0.0036681611026714587,0.7692307692307693
8123,0.8139,2,0,2,605214,396,106638,1318,0.0036681611026714587,0.7689614935822637
8124,0.814,2,1,2,605215,395,106640,1316,0.0036588980695839044,0.7691408533021625
8125,0.8142,1,1,1,605216,394,106641,1315,0.0036496350364963502,0.7694558221181977
8126,0.8144,2,1,2,605217,393,106643,1313,0.003640372003408796,0.7696365767878077
8127,0.8145,2,1,2,605218,392,106645,1311,0.003631108970321242,0.7698179682912507
8128,0.8146,7,1,7,605219,391,106652,1304,0.0036218459372336876,0.7693215339233038
8129,0.8147,2,1,2,605220,390,106654,1302,0.0036125829041461334,0.7695035460992907
8130,0.8148,2,2,2,605222,388,106656,1300,0.003594056837971025,0.7701421800947867
8131,0.8149,1,1,1,605223,387,106657,1299,0.0035847938048834713,0.7704626334519573
8132,0.815,3,1,3,605224,386,106660,1296,0.003575530771795917,0.7705112960760999
8133,0.8151,2,1,2,605225,385,106662,1294,0.003566267738708363,0.7706968433591423
8134,0.8152,3,1,3,605226,384,106665,1291,0.0035570047056208086,0.7707462686567165
8135,0.8153,3,0,3,605226,384,106668,1288,0.0035570047056208086,0.7703349282296651
8136,0.8154,4,0,4,605226,384,106672,1284,0.0035570047056208086,0.7697841726618705
8137,0.8155,3,2,3,605228,382,106675,1281,0.0035384786394457002,0.7702946482260974
8138,0.8156,2,0,2,605228,382,106677,1279,0.0035384786394457002,0.7700180614087899
8139,0.8157,4,1,4,605229,381,106681,1275,0.003529215606358146,0.769927536231884
8140,0.8158,2,0,2,605229,381,106683,1273,0.003529215606358146,0.7696493349455864
8141,0.8159,4,0,4,605229,381,106687,1269,0.003529215606358146,0.769090909090909
8142,0.816,5,1,5,605230,380,106692,1264,0.003519952573270592,0.7688564476885644
8143,0.8161,2,1,2,605231,379,106694,1262,0.0035106895401830376,0.7690432663010359
8144,0.8162,1,1,1,605232,378,106695,1261,0.0035014265070954834,0.7693715680292862
8145,0.8163,3,0,3,605232,378,106698,1258,0.0035014265070954834,0.7689486552567237
8146,0.8164,2,0,2,605232,378,106700,1256,0.0035014265070954834,0.7686658506731946
8147,0.8165,3,2,3,605234,376,106703,1253,0.003482900440920375,0.7691835481890731
8148,0.8166,1,1,1,605235,375,106704,1252,0.003473637407832821,0.7695144437615242
8149,0.8167,4,1,4,605236,374,106708,1248,0.0034643743747452666,0.7694204685573366
8150,0.8168,0,1,0,605237,373,106708,1248,0.0034551113416577124,0.769895126465145
8151,0.8169,0,2,0,605239,371,106708,1248,0.003436585275482604,0.7708462013588635
8152,0.817,3,1,3,605240,370,106711,1245,0.00342732224239505,0.7708978328173375
8153,0.8171,4,0,4,605240,370,106715,1241,0.00342732224239505,0.7703289882060832
8154,0.8172,3,0,3,605240,370,106718,1238,0.00342732224239505,0.7699004975124378
8155,0.8173,1,1,1,605241,369,106719,1237,0.0034180592093074956,0.7702366127023661
8156,0.8174,1,0,1,605241,369,106720,1236,0.0034180592093074956,0.7700934579439253
8157,0.8175,3,0,3,605241,369,106723,1233,0.0034180592093074956,0.7696629213483146
8158,0.8176,4,2,4,605243,367,106727,1229,0.003399533143132387,0.7700501253132832
8159,0.8177,4,0,4,605243,367,106731,1225,0.003399533143132387,0.7694723618090452
8160,0.8178,6,1,6,605244,366,106737,1219,0.003390270110044833,0.7690851735015772
8161,0.8179,1,1,1,605245,365,106738,1218,0.0033810070769572788,0.7694251421351863
8162,0.818,4,2,4,605247,363,106742,1214,0.0033624810107821704,0.7698161065313888
8163,0.8181,2,0,2,605247,363,106744,1212,0.0033624810107821704,0.7695238095238095
8164,0.8182,3,0,3,605247,363,106747,1209,0.0033624810107821704,0.7690839694656488
8165,0.8183,2,1,2,605248,362,106749,1207,0.003353217977694616,0.7692797960484385
8166,0.8184,1,1,1,605249,361,106750,1206,0.003343954944607062,0.7696234843650287
8167,0.8185,0,1,0,605250,360,106750,1206,0.0033346919115195077,0.7701149425287356
8168,0.8186,2,1,2,605251,359,106752,1204,0.0033254288784319535,0.7703134996801023
8169,0.8187,1,3,1,605254,356,106753,1203,0.0032976397791692914,0.7716484926234766
8170,0.8188,2,3,2,605257,353,106755,1201,0.0032698506799066288,0.7728442728442728
8171,0.8189,7,2,7,605259,351,106762,1194,0.0032513246137315203,0.7728155339805826
8172,0.819,2,0,2,605259,351,106764,1192,0.0032513246137315203,0.7725210628645496
8173,0.8191,2,0,2,605259,351,106766,1190,0.0032513246137315203,0.772225827384815
8174,0.8192,1,1,1,605260,350,106767,1189,0.003242061580643966,0.7725795971410007
8175,0.8193,2,1,2,605261,349,106769,1187,0.003232798547556412,0.7727864583333334
8176,0.8194,1,0,1,605261,349,106770,1186,0.003232798547556412,0.7726384364820847
8177,0.8195,1,0,1,605261,349,106771,1185,0.003232798547556412,0.772490221642764
8178,0.8196,3,0,3,605261,349,106774,1182,0.003232798547556412,0.7720444154147615
8179,0.8197,2,0,2,605261,349,106776,1180,0.003232798547556412,0.7717462393721386
8180,0.8198,3,0,3,605261,349,106779,1177,0.003232798547556412,0.77129750982962
8181,0.8199,1,1,1,605262,348,106780,1176,0.0032235355144688577,0.7716535433070866
8182,0.82,3,1,3,605263,347,106783,1173,0.0032142724813813035,0.7717105263157895
8183,0.8201,2,1,2,605264,346,106785,1171,0.0032050094482937493,0.7719182597231378
8184,0.8202,2,0,2,605264,346,106787,1169,0.0032050094482937493,0.7716171617161716
8185,0.8203,1,1,1,605265,345,106788,1168,0.003195746415206195,0.7719762062128223
8186,0.8204,4,2,4,605267,343,106792,1164,0.0031772203490310867,0.7723954877239548
8187,0.8205,1,2,1,605269,341,106793,1163,0.0031586942828559783,0.7732712765957447
8188,0.8206,1,2,1,605271,339,106794,1162,0.00314016821668087,0.7741505662891406
8189,0.8209,3,0,3,605271,339,106797,1159,0.00314016821668087,0.7736982643524699
8190,0.821,2,1,2,605272,338,106799,1157,0.0031309051835933157,0.7739130434782608
8191,0.8211,2,0,2,605272,338,106801,1155,0.0031309051835933157,0.7736101808439384
8192,0.8212,4,0,4,605272,338,106805,1151,0.0031309051835933157,0.7730020147750168
8193,0.8213,2,1,2,605273,337,106807,1149,0.0031216421505057615,0.7732166890982504
8194,0.8214,5,1,5,605274,336,106812,1144,0.0031123791174182073,0.772972972972973
8195,0.8215,2,2,2,605276,334,106814,1142,0.003093853051243099,0.7737127371273713
8196,0.8216,2,0,2,605276,334,106816,1140,0.003093853051243099,0.7734056987788331
8197,0.8217,2,1,2,605277,333,106818,1138,0.0030845900181555447,0.7736233854520734
8198,0.8218,0,1,0,605278,332,106818,1138,0.0030753269850679905,0.7741496598639456
8199,0.8219,3,0,3,605278,332,106821,1135,0.0030753269850679905,0.7736877982276755
8200,0.822,3,1,3,605279,331,106824,1132,0.0030660639519804363,0.7737525632262474
8201,0.8221,2,0,2,605279,331,106826,1130,0.0030660639519804363,0.7734428473648186
8202,0.8222,1,0,1,605279,331,106827,1129,0.0030660639519804363,0.7732876712328767
8203,0.8223,1,1,1,605280,330,106828,1128,0.0030568009188928825,0.7736625514403292
8204,0.8224,2,1,2,605281,329,106830,1126,0.0030475378858053283,0.7738831615120275
8205,0.8225,2,2,2,605283,327,106832,1124,0.00302901181963022,0.7746381805651275
8206,0.8226,3,1,3,605284,326,106835,1121,0.0030197487865426657,0.7747062888735314
8207,0.8227,3,2,3,605286,324,106838,1118,0.0030012227203675573,0.7753120665742025
8208,0.8228,1,2,1,605288,322,106839,1117,0.002982696654192449,0.7762334954829743
8209,0.8229,3,0,3,605288,322,106842,1114,0.002982696654192449,0.775766016713092
8210,0.823,2,1,2,605289,321,106844,1112,0.0029734336211048947,0.7759944173063503
8211,0.8231,3,0,3,605289,321,106847,1109,0.0029734336211048947,0.7755244755244756
8212,0.8232,1,0,1,605289,321,106848,1108,0.0029734336211048947,0.7753673897830651
8213,0.8233,3,0,3,605289,321,106851,1105,0.0029734336211048947,0.7748948106591865
8214,0.8235,1,1,1,605290,320,106852,1104,0.0029641705880173405,0.7752808988764045
8215,0.8236,2,0,2,605290,320,106854,1102,0.0029641705880173405,0.7749648382559775
8216,0.8237,1,0,1,605290,320,106855,1101,0.0029641705880173405,0.7748064743138635
8217,0.8238,2,0,2,605290,320,106857,1099,0.0029641705880173405,0.7744890768146582
8218,0.8239,1,1,1,605291,319,106858,1098,0.0029549075549297863,0.7748764996471419
8219,0.824,0,1,0,605292,318,106858,1098,0.002945644521842232,0.7754237288135594
8220,0.8241,1,0,1,605292,318,106859,1097,0.002945644521842232,0.7752650176678445
8221,0.8242,2,3,2,605295,315,106861,1095,0.0029178554225795694,0.776595744680851
8222,0.8243,2,1,2,605296,314,106863,1093,0.0029085923894920152,0.7768301350390903
8223,0.8244,2,1,2,605297,313,106865,1091,0.002899329356404461,0.7770655270655271
8224,0.8245,1,3,1,605300,310,106866,1090,0.0028715402571417984,0.7785714285714286
8225,0.8246,1,0,1,605300,310,106867,1089,0.0028715402571417984,0.7784131522516083
8226,0.8247,4,0,4,605300,310,106871,1085,0.0028715402571417984,0.7777777777777778
8227,0.8248,2,0,2,605300,310,106873,1083,0.0028715402571417984,0.7774587221823402
8228,0.8249,2,0,2,605300,310,106875,1081,0.0028715402571417984,0.7771387491013659
8229,0.825,1,1,1,605301,309,106876,1080,0.0028622772240542442,0.7775377969762419
8230,0.8251,1,1,1,605302,308,106877,1079,0.00285301419096669,0.7779379956741168
8231,0.8252,2,1,2,605303,307,106879,1077,0.002843751157879136,0.778179190751445
8232,0.8254,1,2,1,605305,305,106880,1076,0.0028252250917040274,0.779145546705286
8233,0.8255,2,0,2,605305,305,106882,1074,0.0028252250917040274,0.7788252356780275
8234,0.8256,1,0,1,605305,305,106883,1073,0.0028252250917040274,0.7786647314949202
8235,0.8257,2,0,2,605305,305,106885,1071,0.0028252250917040274,0.778343023255814
8236,0.8258,1,2,1,605307,303,106886,1070,0.002806699025528919,0.7793153678077204
8237,0.8259,2,0,2,605307,303,106888,1068,0.002806699025528919,0.7789934354485777
8238,0.826,1,0,1,605307,303,106889,1067,0.002806699025528919,0.7788321167883212
8239,0.8261,3,1,3,605308,302,106892,1064,0.002797435992441365,0.7789165446559297
8240,0.8262,3,0,3,605308,302,106895,1061,0.002797435992441365,0.7784299339691856
8241,0.8263,0,2,0,605310,300,106895,1061,0.002778909926266257,0.7795738427626745
8242,0.8264,1,0,1,605310,300,106896,1060,0.002778909926266257,0.7794117647058824
8243,0.8265,2,0,2,605310,300,106898,1058,0.002778909926266257,0.7790868924889544
8244,0.8266,2,1,2,605311,299,106900,1056,0.0027696468931787026,0.7793357933579336
8245,0.8267,2,2,2,605313,297,106902,1054,0.002751120827003594,0.7801628423390081
8246,0.8268,1,2,1,605315,295,106903,1053,0.002732594760828486,0.7811572700296736
8247,0.8269,4,1,4,605316,294,106907,1049,0.0027233317277409316,0.7810871183916605
8248,0.8272,2,2,2,605318,292,106909,1047,0.002704805661565823,0.7819268110530246
8249,0.8273,1,0,1,605318,292,106910,1046,0.002704805661565823,0.7817638266068759
8250,0.8274,1,0,1,605318,292,106911,1045,0.002704805661565823,0.7816005983545251
8251,0.8275,4,2,4,605320,290,106915,1041,0.0026862795953907148,0.7821187077385424
8252,0.8276,2,1,2,605321,289,106917,1039,0.0026770165623031606,0.7823795180722891
8253,0.8277,0,1,0,605322,288,106917,1039,0.0026677535292156064,0.7829691032403918
8254,0.8279,1,0,1,605322,288,106918,1038,0.0026677535292156064,0.7828054298642534
8255,0.828,2,2,2,605324,286,106920,1036,0.002649227463040498,0.783661119515885
8256,0.8281,3,1,3,605325,285,106923,1033,0.0026399644299529438,0.783763277693475
8257,0.8282,1,1,1,605326,284,106924,1032,0.0026307013968653896,0.78419452887538
8258,0.8283,2,0,2,605326,284,106926,1030,0.0026307013968653896,0.7838660578386606
8259,0.8284,1,1,1,605327,283,106927,1029,0.0026214383637778354,0.7842987804878049
8260,0.8285,2,0,2,605327,283,106929,1027,0.0026214383637778354,0.783969465648855
8261,0.8286,3,1,3,605328,282,106932,1024,0.002612175330690281,0.7840735068912711
8262,0.8287,3,2,3,605330,280,106935,1021,0.0025936492645151727,0.7847809377401999
8263,0.8288,1,1,1,605331,279,106936,1020,0.0025843862314276185,0.7852193995381063
8264,0.8289,3,0,3,605331,279,106939,1017,0.0025843862314276185,0.7847222222222222
8265,0.829,1,1,1,605332,278,106940,1016,0.0025751231983400643,0.7851622874806801
8266,0.8291,4,1,4,605333,277,106944,1012,0.00256586016525251,0.7851047323506595
8267,0.8292,1,0,1,605333,277,106945,1011,0.00256586016525251,0.7849378881987578
8268,0.8293,1,1,1,605334,276,106946,1010,0.002556597132164956,0.7853810264385692
8269,0.8294,1,0,1,605334,276,106947,1009,0.002556597132164956,0.7852140077821012
8270,0.8295,3,0,3,605334,276,106950,1006,0.002556597132164956,0.7847113884555382
8271,0.8296,5,2,5,605336,274,106955,1001,0.0025380710659898475,0.7850980392156863
8272,0.8297,2,0,2,605336,274,106957,999,0.0025380710659898475,0.7847604084838963
8273,0.8298,2,2,2,605338,272,106959,997,0.0025195449998147395,0.7856579984239559
8274,0.8299,1,1,1,605339,271,106960,996,0.0025102819667271853,0.7861089187056038
8275,0.83,2,1,2,605340,270,106962,994,0.002501018933639631,0.7863924050632911
8276,0.8301,3,2,3,605342,268,106965,991,0.0024824928674645227,0.7871326449563145
8277,0.8302,4,0,4,605342,268,106969,987,0.0024824928674645227,0.7864541832669323
8278,0.8303,2,0,2,605342,268,106971,985,0.0024824928674645227,0.7861133280127693
8279,0.8305,0,1,0,605343,267,106971,985,0.0024732298343769685,0.786741214057508
8280,0.8306,0,1,0,605344,266,106971,985,0.0024639668012894143,0.7873701039168665
8281,0.8307,2,2,2,605346,264,106973,983,0.002445440735114306,0.7882919005613472
8282,0.8308,5,0,5,605346,264,106978,978,0.002445440735114306,0.7874396135265701
8283,0.831,3,0,3,605346,264,106981,975,0.002445440735114306,0.7869249394673123
8284,0.8311,3,0,3,605346,264,106984,972,0.002445440735114306,0.7864077669902912
8285,0.8312,3,1,3,605347,263,106987,969,0.0024361777020267517,0.786525974025974
8286,0.8314,4,2,4,605349,261,106991,965,0.0024176516358516433,0.7871125611745514
8287,0.8315,3,1,3,605350,260,106994,962,0.002408388602764089,0.7872340425531915
8288,0.8316,1,0,1,605350,260,106995,961,0.002408388602764089,0.7870597870597871
8289,0.8317,3,4,3,605354,256,106998,958,0.0023713364704138723,0.7891268533772653
8290,0.8318,1,0,1,605354,256,106999,957,0.0023713364704138723,0.7889530090684254
8291,0.8319,2,1,2,605355,255,107001,955,0.002362073437326318,0.7892561983471075
8292,0.832,4,1,4,605356,254,107005,951,0.002352810404238764,0.7892116182572614
8293,0.8321,4,2,4,605358,252,107009,947,0.0023342843380636555,0.7898248540450375
8294,0.8322,4,0,4,605358,252,107013,943,0.0023342843380636555,0.7891213389121339
8295,0.8323,3,0,3,605358,252,107016,940,0.0023342843380636555,0.7885906040268457
8296,0.8324,1,0,1,605358,252,107017,939,0.0023342843380636555,0.7884130982367759
8297,0.8325,2,0,2,605358,252,107019,937,0.0023342843380636555,0.7880571909167368
8298,0.8326,4,0,4,605358,252,107023,933,0.0023342843380636555,0.7873417721518987
8299,0.8327,0,1,0,605359,251,107023,933,0.0023250213049761013,0.7880067567567568
8300,0.8329,0,1,0,605360,250,107023,933,0.002315758271888547,0.7886728655959425
8301,0.833,2,0,2,605360,250,107025,931,0.002315758271888547,0.7883149872988993
8302,0.8331,2,0,2,605360,250,107027,929,0.002315758271888547,0.7879558948261238
8303,0.8332,1,0,1,605360,250,107028,928,0.002315758271888547,0.7877758913412564
8304,0.8333,1,0,1,605360,250,107029,927,0.002315758271888547,0.7875955819881053
8305,0.8334,1,1,1,605361,249,107030,926,0.002306495238800993,0.7880851063829787
8306,0.8335,1,1,1,605362,248,107031,925,0.0022972322057134387,0.7885763000852515
8307,0.8336,1,1,1,605363,247,107032,924,0.0022879691726258844,0.7890691716481639
8308,0.8337,1,1,1,605364,246,107033,923,0.0022787061395383302,0.7895637296834902
8309,0.8339,3,1,3,605365,245,107036,920,0.002269443106450776,0.7896995708154506
8310,0.834,1,1,1,605366,244,107037,919,0.0022601800733632223,0.7901977644024075
8311,0.8341,1,1,1,605367,243,107038,918,0.002250917040275668,0.7906976744186046
8312,0.8342,2,1,2,605368,242,107040,916,0.002241654007188114,0.7910189982728842
8313,0.8343,3,0,3,605368,242,107043,913,0.002241654007188114,0.7904761904761904
8314,0.8344,5,1,5,605369,241,107048,908,0.0022323909741005597,0.7902523933855526
8315,0.8345,5,1,5,605370,240,107053,903,0.0022231279410130055,0.7900262467191601
8316,0.8346,1,0,1,605370,240,107054,902,0.0022231279410130055,0.7898423817863398
8317,0.8347,2,0,2,605370,240,107056,900,0.0022231279410130055,0.7894736842105263
8318,0.8348,2,1,2,605371,239,107058,898,0.0022138649079254513,0.7897977132805629
8319,0.835,3,0,3,605371,239,107061,895,0.0022138649079254513,0.7892416225749559
8320,0.8351,2,0,2,605371,239,107063,893,0.0022138649079254513,0.7888692579505301
8321,0.8352,1,0,1,605371,239,107064,892,0.0022138649079254513,0.78868258178603
8322,0.8353,0,1,0,605372,238,107064,892,0.002204601874837897,0.7893805309734513
8323,0.8354,1,1,1,605373,237,107065,891,0.002195338841750343,0.7898936170212766
8324,0.8356,1,0,1,605373,237,107066,890,0.002195338841750343,0.7897071872227152
8325,0.8357,4,1,4,605374,236,107070,886,0.0021860758086627886,0.7896613190730838
8326,0.8358,3,2,3,605376,234,107073,883,0.0021675497424876802,0.7905102954341987
8327,0.8359,3,3,3,605379,231,107076,880,0.0021397606432250176,0.7920792079207921
8328,0.836,1,0,1,605379,231,107077,879,0.0021397606432250176,0.7918918918918919
8329,0.8361,2,0,2,605379,231,107079,877,0.0021397606432250176,0.7915162454873647
8330,0.8362,3,1,3,605380,230,107082,874,0.0021304976101374634,0.7916666666666666
8331,0.8363,2,1,2,605381,229,107084,872,0.002121234577049909,0.7920072661217076
8332,0.8364,2,0,2,605381,229,107086,870,0.002121234577049909,0.7916287534121929
8333,0.8365,1,0,1,605381,229,107087,869,0.002121234577049909,0.7914389799635702
8334,0.8366,3,0,3,605381,229,107090,866,0.002121234577049909,0.7908675799086758
8335,0.8368,1,2,1,605383,227,107091,865,0.002102708510874801,0.7921245421245421
8336,0.8371,0,2,0,605385,225,107091,865,0.0020841824446996924,0.7935779816513762
8337,0.8372,3,0,3,605385,225,107094,862,0.0020841824446996924,0.7930082796688133
8338,0.8373,1,0,1,605385,225,107095,861,0.0020841824446996924,0.7928176795580111
8339,0.8374,0,1,0,605386,224,107095,861,0.002074919411612138,0.7935483870967742
8340,0.8375,3,0,3,605386,224,107098,858,0.002074919411612138,0.7929759704251387
8341,0.8376,1,0,1,605386,224,107099,857,0.002074919411612138,0.7927844588344126
8342,0.8377,2,1,2,605387,223,107101,855,0.002065656378524584,0.7931354359925789
8343,0.8378,2,0,2,605387,223,107103,853,0.002065656378524584,0.7927509293680297
8344,0.8379,0,2,0,605389,221,107103,853,0.0020471303123494756,0.7942271880819367
8345,0.8381,3,1,3,605390,220,107106,850,0.0020378672792619214,0.794392523364486
8346,0.8382,1,1,1,605391,219,107107,849,0.002028604246174367,0.7949438202247191
8347,0.8383,3,0,3,605391,219,107110,846,0.002028604246174367,0.7943661971830986
8348,0.8384,2,0,2,605391,219,107112,844,0.002028604246174367,0.7939793038570084
8349,0.8385,1,0,1,605391,219,107113,843,0.002028604246174367,0.7937853107344632
8350,0.8387,2,1,2,605392,218,107115,841,0.002019341213086813,0.7941454202077431
8351,0.8388,1,2,1,605394,216,107116,840,0.0020008151469117046,0.7954545454545454
8352,0.8389,1,0,1,605394,216,107117,839,0.0020008151469117046,0.795260663507109
8353,0.839,2,1,2,605395,215,107119,837,0.001991552113824151,0.7956273764258555
8354,0.8391,2,1,2,605396,214,107121,835,0.0019822890807365966,0.7959961868446139
8355,0.8393,1,0,1,605396,214,107122,834,0.0019822890807365966,0.7958015267175572
8356,0.8394,3,1,3,605397,213,107125,831,0.0019730260476490424,0.7959770114942529
8357,0.8395,2,0,2,605397,213,107127,829,0.0019730260476490424,0.7955854126679462
8358,0.8396,0,1,0,605398,212,107127,829,0.001963763014561488,0.7963496637848223
8359,0.8398,1,1,1,605399,211,107128,828,0.001954499981473934,0.7969201154956689
8360,0.8399,0,1,0,605400,210,107128,828,0.0019452369483863796,0.7976878612716763
8361,0.84,1,0,1,605400,210,107129,827,0.0019452369483863796,0.7974927675988428
8362,0.8401,2,0,2,605400,210,107131,825,0.0019452369483863796,0.7971014492753623
8363,0.8402,1,0,1,605400,210,107132,824,0.0019452369483863796,0.7969052224371374
8364,0.8403,1,1,1,605401,209,107133,823,0.0019359739152988254,0.7974806201550387
8365,0.8404,1,0,1,605401,209,107134,822,0.0019359739152988254,0.7972841901066925
8366,0.8405,4,0,4,605401,209,107138,818,0.0019359739152988254,0.7964946445959105
8367,0.8406,2,1,2,605402,208,107140,816,0.0019267108822112714,0.796875
8368,0.8407,2,0,2,605402,208,107142,814,0.0019267108822112714,0.7964774951076321
8369,0.8408,2,0,2,605402,208,107144,812,0.0019267108822112714,0.796078431372549
8370,0.8409,4,0,4,605402,208,107148,808,0.0019267108822112714,0.7952755905511811
8371,0.841,1,0,1,605402,208,107149,807,0.0019267108822112714,0.7950738916256158
8372,0.8411,3,1,3,605403,207,107152,804,0.0019174478491237172,0.7952522255192879
8373,0.8413,3,0,3,605403,207,107155,801,0.0019174478491237172,0.7946428571428571
8374,0.8414,2,0,2,605403,207,107157,799,0.0019174478491237172,0.794234592445328
8375,0.8415,4,2,4,605405,205,107161,795,0.0018989217829486088,0.795
8376,0.8416,2,0,2,605405,205,107163,793,0.0018989217829486088,0.7945891783567134
8377,0.8417,3,0,3,605405,205,107166,790,0.0018989217829486088,0.7939698492462312
8378,0.8418,2,0,2,605405,205,107168,788,0.0018989217829486088,0.7935548841893253
8379,0.8419,2,0,2,605405,205,107170,786,0.0018989217829486088,0.79313824419778
8380,0.842,0,3,0,605408,202,107170,786,0.0018711326836859461,0.7955465587044535
8381,0.8421,1,0,1,605408,202,107171,785,0.0018711326836859461,0.795339412360689
8382,0.8422,2,1,2,605409,201,107173,783,0.001861869650598392,0.7957317073170732
8383,0.8423,1,0,1,605409,201,107174,782,0.001861869650598392,0.7955239064089522
8384,0.8424,1,1,1,605410,200,107175,781,0.0018526066175108377,0.7961264016309888
8385,0.8425,2,1,2,605411,199,107177,779,0.0018433435844232835,0.7965235173824131
8386,0.8426,3,0,3,605411,199,107180,776,0.0018433435844232835,0.7958974358974359
8387,0.8427,1,0,1,605411,199,107181,775,0.0018433435844232835,0.795687885010267
8388,0.8428,3,1,3,605412,198,107184,772,0.0018340805513357293,0.7958762886597938
8389,0.8429,3,0,3,605412,198,107187,769,0.0018340805513357293,0.795243019648397
8390,0.843,2,2,2,605414,196,107189,767,0.001815554485160621,0.7964693665628245
8391,0.8431,1,1,1,605415,195,107190,766,0.0018062914520730667,0.7970863683662851
8392,0.8432,4,2,4,605417,193,107194,762,0.0017877653858979585,0.7979057591623037
8393,0.8433,3,0,3,605417,193,107197,759,0.0017877653858979585,0.7972689075630253
8394,0.8434,2,1,2,605418,192,107199,757,0.0017785023528104043,0.79768177028451
8395,0.8435,2,0,2,605418,192,107201,755,0.0017785023528104043,0.7972544878563886
8396,0.8436,2,3,2,605421,189,107203,753,0.0017507132535477417,0.7993630573248408
8397,0.8437,1,0,1,605421,189,107204,752,0.0017507132535477417,0.7991498405951116
8398,0.8438,3,2,3,605423,187,107207,749,0.0017321871873726333,0.8002136752136753
8399,0.8439,1,0,1,605423,187,107208,748,0.0017321871873726333,0.8
8400,0.8441,2,1,2,605424,186,107210,746,0.001722924154285079,0.8004291845493562
8401,0.8442,2,0,2,605424,186,107212,744,0.001722924154285079,0.8
8402,0.8443,6,0,6,605424,186,107218,738,0.001722924154285079,0.7987012987012987
8403,0.8444,3,1,3,605425,185,107221,735,0.001713661121197525,0.7989130434782609
8404,0.8445,1,1,1,605426,184,107222,734,0.0017043980881099707,0.7995642701525054
8405,0.8446,1,0,1,605426,184,107223,733,0.0017043980881099707,0.7993456924754635
8406,0.8447,2,0,2,605426,184,107225,731,0.0017043980881099707,0.7989071038251366
8407,0.8448,2,1,2,605427,183,107227,729,0.0016951350550224165,0.7993421052631579
8408,0.8449,2,0,2,605427,183,107229,727,0.0016951350550224165,0.798901098901099
8409,0.845,1,0,1,605427,183,107230,726,0.0016951350550224165,0.7986798679867987
8410,0.8452,1,0,1,605427,183,107231,725,0.0016951350550224165,0.7984581497797357
8411,0.8453,4,0,4,605427,183,107235,721,0.0016951350550224165,0.797566371681416
8412,0.8454,1,0,1,605427,183,107236,720,0.0016951350550224165,0.7973421926910299
8413,0.8456,1,0,1,605427,183,107237,719,0.0016951350550224165,0.7971175166297118
8414,0.8457,2,0,2,605427,183,107239,717,0.0016951350550224165,0.7966666666666666
8415,0.8458,2,0,2,605427,183,107241,715,0.0016951350550224165,0.7962138084632516
8416,0.8459,3,0,3,605427,183,107244,712,0.0016951350550224165,0.7955307262569833
8417,0.846,1,1,1,605428,182,107245,711,0.0016858720219348623,0.7961926091825308
8418,0.8461,3,0,3,605428,182,107248,708,0.0016858720219348623,0.7955056179775281
8419,0.8462,1,0,1,605428,182,107249,707,0.0016858720219348623,0.7952755905511811
8420,0.8463,3,1,3,605429,181,107252,704,0.001676608988847308,0.7954802259887006
8421,0.8464,2,0,2,605429,181,107254,702,0.001676608988847308,0.7950169875424689
8422,0.8465,2,0,2,605429,181,107256,700,0.001676608988847308,0.7945516458569807
8423,0.8466,1,0,1,605429,181,107257,699,0.001676608988847308,0.7943181818181818
8424,0.8467,1,2,1,605431,179,107258,698,0.0016580829226721999,0.7958950969213227
8425,0.8468,1,0,1,605431,179,107259,697,0.0016580829226721999,0.795662100456621
8426,0.8469,1,1,1,605432,178,107260,696,0.0016488198895846457,0.7963386727688787
8427,0.847,0,1,0,605433,177,107260,696,0.0016395568564970915,0.7972508591065293
8428,0.8472,6,1,6,605434,176,107266,690,0.0016302938234095373,0.7967667436489607
8429,0.8473,4,0,4,605434,176,107270,686,0.0016302938234095373,0.7958236658932715
8430,0.8474,1,0,1,605434,176,107271,685,0.0016302938234095373,0.7955865272938444
8431,0.8475,2,0,2,605434,176,107273,683,0.0016302938234095373,0.7951105937136205
8432,0.8476,4,0,4,605434,176,107277,679,0.0016302938234095373,0.7941520467836257
8433,0.8477,2,1,2,605435,175,107279,677,0.001621030790321983,0.7946009389671361
8434,0.8478,2,0,2,605435,175,107281,675,0.001621030790321983,0.7941176470588235
8435,0.8479,1,0,1,605435,175,107282,674,0.001621030790321983,0.7938751472320377
8436,0.848,1,1,1,605436,174,107283,673,0.0016117677572344289,0.79456906729634
8437,0.8481,1,0,1,605436,174,107284,672,0.0016117677572344289,0.7943262411347518
8438,0.8482,2,1,2,605437,173,107286,670,0.0016025047241468747,0.7947805456702254
8439,0.8485,0,1,0,605438,172,107286,670,0.0015932416910593205,0.7957244655581948
8440,0.8486,2,0,2,605438,172,107288,668,0.0015932416910593205,0.7952380952380952
8441,0.8487,2,2,2,605440,170,107290,666,0.001574715624884212,0.7966507177033493
8442,0.8488,1,0,1,605440,170,107291,665,0.001574715624884212,0.7964071856287425
8443,0.8489,2,0,2,605440,170,107293,663,0.001574715624884212,0.7959183673469388
8444,0.849,2,1,2,605441,169,107295,661,0.0015654525917966578,0.7963855421686747
8445,0.8491,1,0,1,605441,169,107296,660,0.0015654525917966578,0.7961399276236429
8446,0.8492,1,0,1,605441,169,107297,659,0.0015654525917966578,0.7958937198067633
8447,0.8493,2,0,2,605441,169,107299,657,0.0015654525917966578,0.7953995157384988
8448,0.8494,1,0,1,605441,169,107300,656,0.0015654525917966578,0.7951515151515152
8449,0.8495,1,0,1,605441,169,107301,655,0.0015654525917966578,0.7949029126213593
8450,0.8496,4,0,4,605441,169,107305,651,0.0015654525917966578,0.7939024390243903
8451,0.8497,2,1,2,605442,168,107307,649,0.0015561895587091036,0.7943696450428397
8452,0.8498,3,0,3,605442,168,107310,646,0.0015561895587091036,0.7936117936117936
8453,0.8499,2,0,2,605442,168,107312,644,0.0015561895587091036,0.7931034482758621
8454,0.85,3,0,3,605442,168,107315,641,0.0015561895587091036,0.792336217552534
8455,0.8503,1,1,1,605443,167,107316,640,0.0015469265256215494,0.7930607187112764
8456,0.8504,2,0,2,605443,167,107318,638,0.0015469265256215494,0.7925465838509317
8457,0.8506,1,1,1,605444,166,107319,637,0.0015376634925339952,0.7932752179327521
8458,0.8507,2,1,2,605445,165,107321,635,0.0015284004594464412,0.79375
8459,0.8508,2,0,2,605445,165,107323,633,0.0015284004594464412,0.793233082706767
8460,0.8509,1,0,1,605445,165,107324,632,0.0015284004594464412,0.7929736511919699
8461,0.851,1,1,1,605446,164,107325,631,0.001519137426358887,0.7937106918238994
8462,0.8511,1,2,1,605448,162,107326,630,0.0015006113601837786,0.7954545454545454
8463,0.8512,1,0,1,605448,162,107327,629,0.0015006113601837786,0.7951959544879899
8464,0.8513,2,0,2,605448,162,107329,627,0.0015006113601837786,0.7946768060836502
8465,0.8514,2,1,2,605449,161,107331,625,0.0014913483270962244,0.7951653944020356
8466,0.8517,2,2,2,605451,159,107333,623,0.001472822260921116,0.7966751918158568
8467,0.8518,2,0,2,605451,159,107335,621,0.001472822260921116,0.7961538461538461
8468,0.852,1,1,1,605452,158,107336,620,0.0014635592278335618,0.7969151670951157
8469,0.8521,0,2,0,605454,156,107336,620,0.0014450331616584534,0.7989690721649485
8470,0.8522,2,1,2,605455,155,107338,618,0.0014357701285708992,0.7994825355756792
8471,0.8523,1,0,1,605455,155,107339,617,0.0014357701285708992,0.7992227979274611
8472,0.8524,1,1,1,605456,154,107340,616,0.001426507095483345,0.8
8473,0.8526,2,0,2,605456,154,107342,614,0.001426507095483345,0.7994791666666666
8474,0.8527,1,1,1,605457,153,107343,613,0.0014172440623957908,0.8002610966057441
8475,0.8528,1,1,1,605458,152,107344,612,0.0014079810293082366,0.8010471204188482
8476,0.853,3,0,3,605458,152,107347,609,0.0014079810293082366,0.8002628120893561
8477,0.8531,2,1,2,605459,151,107349,607,0.0013987179962206824,0.8007915567282322
8478,0.8532,2,0,2,605459,151,107351,605,0.0013987179962206824,0.8002645502645502
8479,0.8533,2,1,2,605460,150,107353,603,0.0013894549631331284,0.8007968127490039
8480,0.8534,1,0,1,605460,150,107354,602,0.0013894549631331284,0.800531914893617
8481,0.8535,3,0,3,605460,150,107357,599,0.0013894549631331284,0.7997329773030708
8482,0.8536,2,0,2,605460,150,107359,597,0.0013894549631331284,0.7991967871485943
8483,0.8537,2,0,2,605460,150,107361,595,0.0013894549631331284,0.7986577181208053
8484,0.8538,2,1,2,605461,149,107363,593,0.0013801919300455742,0.7991913746630728
8485,0.8539,1,0,1,605461,149,107364,592,0.0013801919300455742,0.7989203778677463
8486,0.854,0,1,0,605462,148,107364,592,0.00137092889695802,0.8
8487,0.8541,3,1,3,605463,147,107367,589,0.0013616658638704658,0.8002717391304348
8488,0.8543,3,0,3,605463,147,107370,586,0.0013616658638704658,0.7994542974079127
8489,0.8544,2,1,2,605464,146,107372,584,0.0013524028307829116,0.8
8490,0.8545,0,1,0,605465,145,107372,584,0.0013431397976953574,0.8010973936899863
8491,0.8546,1,1,1,605466,144,107373,583,0.0013338767646078032,0.8019257221458047
8492,0.8547,0,1,0,605467,143,107373,583,0.001324613731520249,0.803030303030303
8493,0.8549,0,1,0,605468,142,107373,583,0.0013153506984326948,0.8041379310344827
8494,0.855,2,1,2,605469,141,107375,581,0.0013060876653451406,0.8047091412742382
8495,0.8552,3,0,3,605469,141,107378,578,0.0013060876653451406,0.803894297635605
8496,0.8553,2,0,2,605469,141,107380,576,0.0013060876653451406,0.803347280334728
8497,0.8554,4,0,4,605469,141,107384,572,0.0013060876653451406,0.8022440392706872
8498,0.8555,5,0,5,605469,141,107389,567,0.0013060876653451406,0.8008474576271186
8499,0.8556,1,1,1,605470,140,107390,566,0.0012968246322575864,0.8016997167138811
8500,0.8557,2,0,2,605470,140,107392,564,0.0012968246322575864,0.8011363636363636
8501,0.8558,0,1,0,605471,139,107392,564,0.0012875615991700322,0.802275960170697
8502,0.8559,2,0,2,605471,139,107394,562,0.0012875615991700322,0.8017118402282454
8503,0.856,1,2,1,605473,137,107395,561,0.0012690355329949238,0.8037249283667621
8504,0.8561,1,0,1,605473,137,107396,560,0.0012690355329949238,0.8034433285509326
8505,0.8562,1,0,1,605473,137,107397,559,0.0012690355329949238,0.8031609195402298
8506,0.8563,3,0,3,605473,137,107400,556,0.0012690355329949238,0.8023088023088023
8507,0.8564,1,0,1,605473,137,107401,555,0.0012690355329949238,0.8020231213872833
8508,0.8565,2,0,2,605473,137,107403,553,0.0012690355329949238,0.8014492753623188
8509,0.8566,2,0,2,605473,137,107405,551,0.0012690355329949238,0.8008720930232558
8510,0.8567,3,1,3,605474,136,107408,548,0.0012597724999073698,0.8011695906432749
8511,0.8568,4,0,4,605474,136,107412,544,0.0012597724999073698,0.8
8512,0.8569,2,1,2,605475,135,107414,542,0.0012505094668198156,0.8005908419497785
8513,0.857,1,0,1,605475,135,107415,541,0.0012505094668198156,0.8002958579881657
8514,0.8572,3,1,3,605476,134,107418,538,0.0012412464337322614,0.8005952380952381
8515,0.8574,2,0,2,605476,134,107420,536,0.0012412464337322614,0.8
8516,0.8575,1,0,1,605476,134,107421,535,0.0012412464337322614,0.7997010463378177
8517,0.8576,2,0,2,605476,134,107423,533,0.0012412464337322614,0.7991004497751124
8518,0.8577,2,0,2,605476,134,107425,531,0.0012412464337322614,0.7984962406015037
8519,0.8578,0,1,0,605477,133,107425,531,0.0012319834006447072,0.7996987951807228
8520,0.8579,3,0,3,605477,133,107428,528,0.0012319834006447072,0.7987897125567323
8521,0.8581,1,0,1,605477,133,107429,527,0.0012319834006447072,0.7984848484848485
8522,0.8583,2,1,2,605478,132,107431,525,0.001222720367557153,0.7990867579908676
8523,0.8585,2,0,2,605478,132,107433,523,0.001222720367557153,0.7984732824427481
8524,0.8586,0,1,0,605479,131,107433,523,0.0012134573344695988,0.7996941896024465
8525,0.8587,1,0,1,605479,131,107434,522,0.0012134573344695988,0.7993874425727412
8526,0.8589,2,0,2,605479,131,107436,520,0.0012134573344695988,0.7987711213517665
8527,0.859,2,3,2,605482,128,107438,518,0.0011856682352069361,0.8018575851393189
8528,0.8591,1,0,1,605482,128,107439,517,0.0011856682352069361,0.8015503875968992
8529,0.8592,3,0,3,605482,128,107442,514,0.0011856682352069361,0.8006230529595015
8530,0.8593,3,0,3,605482,128,107445,511,0.0011856682352069361,0.7996870109546166
8531,0.8594,1,1,1,605483,127,107446,510,0.001176405202119382,0.8006279434850864
8532,0.8596,4,0,4,605483,127,107450,506,0.001176405202119382,0.7993680884676145
8533,0.8597,1,0,1,605483,127,107451,505,0.001176405202119382,0.7990506329113924
8534,0.8598,2,0,2,605483,127,107453,503,0.001176405202119382,0.7984126984126985
8535,0.8599,1,1,1,605484,126,107454,502,0.0011671421690318277,0.7993630573248408
8536,0.8601,1,0,1,605484,126,107455,501,0.0011671421690318277,0.7990430622009569
8537,0.8602,5,0,5,605484,126,107460,496,0.0011671421690318277,0.797427652733119
8538,0.8603,1,0,1,605484,126,107461,495,0.0011671421690318277,0.7971014492753623
8539,0.8604,2,0,2,605484,126,107463,493,0.0011671421690318277,0.7964458804523424
8540,0.8605,1,0,1,605484,126,107464,492,0.0011671421690318277,0.7961165048543689
8541,0.8606,0,1,0,605485,125,107464,492,0.0011578791359442735,0.7974068071312804
8542,0.8607,1,1,1,605486,124,107465,491,0.0011486161028567193,0.7983739837398374
8543,0.8609,3,0,3,605486,124,107468,488,0.0011486161028567193,0.7973856209150327
8544,0.861,2,0,2,605486,124,107470,486,0.0011486161028567193,0.7967213114754098
8545,0.8613,2,3,2,605489,121,107472,484,0.001120827003594057,0.8
8546,0.8614,1,0,1,605489,121,107473,483,0.001120827003594057,0.7996688741721855
8547,0.8615,2,1,2,605490,120,107475,481,0.0011115639705065027,0.800332778702163
8548,0.8616,1,1,1,605491,119,107476,480,0.0011023009374189485,0.8013355592654424
8549,0.8617,1,0,1,605491,119,107477,479,0.0011023009374189485,0.8010033444816054
8550,0.8619,1,0,1,605491,119,107478,478,0.0011023009374189485,0.8006700167504187
8551,0.862,1,3,1,605494,116,107479,477,0.001074511838156286,0.8043844856661045
8552,0.8621,2,0,2,605494,116,107481,475,0.001074511838156286,0.8037225042301185
8553,0.8622,2,0,2,605494,116,107483,473,0.001074511838156286,0.8030560271646859
8554,0.8623,2,0,2,605494,116,107485,471,0.001074511838156286,0.8023850085178875
8555,0.8624,3,0,3,605494,116,107488,468,0.001074511838156286,0.8013698630136986
8556,0.8625,0,1,0,605495,115,107488,468,0.0010652488050687317,0.8027444253859348
8557,0.8626,3,0,3,605495,115,107491,465,0.0010652488050687317,0.8017241379310345
8558,0.8628,1,1,1,605496,114,107492,464,0.0010559857719811775,0.8027681660899654
8559,0.8629,1,1,1,605497,113,107493,463,0.0010467227388936233,0.8038194444444444
8560,0.863,1,0,1,605497,113,107494,462,0.0010467227388936233,0.8034782608695652
8561,0.8632,1,0,1,605497,113,107495,461,0.0010467227388936233,0.8031358885017421
8562,0.8635,2,1,2,605498,112,107497,459,0.001037459705806069,0.8038528896672504
8563,0.8636,2,0,2,605498,112,107499,457,0.001037459705806069,0.8031634446397188
8564,0.8637,1,0,1,605498,112,107500,456,0.001037459705806069,0.8028169014084507
8565,0.8639,1,0,1,605498,112,107501,455,0.001037459705806069,0.8024691358024691
8566,0.864,1,2,1,605500,110,107502,454,0.0010189336396309607,0.8049645390070922
8567,0.8641,4,1,4,605501,109,107506,450,0.0010096706065434065,0.8050089445438283
8568,0.8642,2,0,2,605501,109,107508,448,0.0010096706065434065,0.8043087971274686
8569,0.8643,0,1,0,605502,108,107508,448,0.0010004075734558523,0.8057553956834532
8570,0.8644,1,0,1,605502,108,107509,447,0.0010004075734558523,0.8054054054054054
8571,0.8645,1,0,1,605502,108,107510,446,0.0010004075734558523,0.8050541516245487
8572,0.8646,1,0,1,605502,108,107511,445,0.0010004075734558523,0.8047016274864376
8573,0.8647,1,0,1,605502,108,107512,444,0.0010004075734558523,0.8043478260869565
8574,0.8649,1,0,1,605502,108,107513,443,0.0010004075734558523,0.8039927404718693
8575,0.865,1,1,1,605503,107,107514,442,0.0009911445403682983,0.8051001821493625
8576,0.8651,2,0,2,605503,107,107516,440,0.0009911445403682983,0.8043875685557587
8577,0.8653,2,1,2,605504,106,107518,438,0.000981881507280744,0.8051470588235294
8578,0.8654,2,0,2,605504,106,107520,436,0.000981881507280744,0.8044280442804428
8579,0.8655,1,0,1,605504,106,107521,435,0.000981881507280744,0.8040665434380776
8580,0.8657,1,1,1,605505,105,107522,434,0.0009726184741931898,0.8051948051948052
8581,0.8659,1,0,1,605505,105,107523,433,0.0009726184741931898,0.8048327137546468
8582,0.866,0,2,0,605507,103,107523,433,0.0009540924080180815,0.8078358208955224
8583,0.8662,5,0,5,605507,103,107528,428,0.0009540924080180815,0.8060263653483992
8584,0.8664,2,0,2,605507,103,107530,426,0.0009540924080180815,0.8052930056710775
8585,0.8665,1,0,1,605507,103,107531,425,0.0009540924080180815,0.8049242424242424
8586,0.8666,2,0,2,605507,103,107533,423,0.0009540924080180815,0.8041825095057035
8587,0.8668,0,1,0,605508,102,107533,423,0.0009448293749305273,0.8057142857142857
8588,0.8669,1,0,1,605508,102,107534,422,0.0009448293749305273,0.8053435114503816
8589,0.867,1,0,1,605508,102,107535,421,0.0009448293749305273,0.8049713193116634
8590,0.8671,1,0,1,605508,102,107536,420,0.0009448293749305273,0.8045977011494253
8591,0.8672,3,0,3,605508,102,107539,417,0.0009448293749305273,0.8034682080924855
8592,0.8675,1,1,1,605509,101,107540,416,0.0009355663418429731,0.804642166344294
8593,0.8676,1,0,1,605509,101,107541,415,0.0009355663418429731,0.8042635658914729
8594,0.8677,1,0,1,605509,101,107542,414,0.0009355663418429731,0.8038834951456311
8595,0.8678,1,0,1,605509,101,107543,413,0.0009355663418429731,0.8035019455252919
8596,0.8679,1,1,1,605510,100,107544,412,0.0009263033087554189,0.8046875
8597,0.868,1,0,1,605510,100,107545,411,0.0009263033087554189,0.8043052837573386
8598,0.8681,0,1,0,605511,99,107545,411,0.0009170402756678647,0.8058823529411765
8599,0.8682,1,0,1,605511,99,107546,410,0.0009170402756678647,0.8055009823182712
8600,0.8683,1,0,1,605511,99,107547,409,0.0009170402756678647,0.8051181102362205
8601,0.8684,1,0,1,605511,99,107548,408,0.0009170402756678647,0.8047337278106509
8602,0.8685,2,0,2,605511,99,107550,406,0.0009170402756678647,0.803960396039604
8603,0.8686,1,0,1,605511,99,107551,405,0.0009170402756678647,0.8035714285714286
8604,0.8688,3,0,3,605511,99,107554,402,0.0009170402756678647,0.8023952095808383
8605,0.8689,2,1,2,605512,98,107556,400,0.0009077772425803105,0.8032128514056225
8606,0.869,1,1,1,605513,97,107557,399,0.0008985142094927563,0.8044354838709677
8607,0.8691,5,0,5,605513,97,107562,394,0.0008985142094927563,0.8024439918533605
8608,0.8693,1,0,1,605513,97,107563,393,0.0008985142094927563,0.8020408163265306
8609,0.8694,1,0,1,605513,97,107564,392,0.0008985142094927563,0.8016359918200409
8610,0.8695,1,0,1,605513,97,107565,391,0.0008985142094927563,0.8012295081967213
8611,0.8696,1,0,1,605513,97,107566,390,0.0008985142094927563,0.8008213552361396
8612,0.8698,1,0,1,605513,97,107567,389,0.0008985142094927563,0.8004115226337448
8613,0.87,1,0,1,605513,97,107568,388,0.0008985142094927563,0.8
8614,0.8701,3,1,3,605514,96,107571,385,0.0008892511764052022,0.8004158004158004
8615,0.8704,1,0,1,605514,96,107572,384,0.0008892511764052022,0.8
8616,0.8709,1,0,1,605514,96,107573,383,0.0008892511764052022,0.7995824634655533
8617,0.871,4,1,4,605515,95,107577,379,0.000879988143317648,0.79957805907173
8618,0.8712,1,0,1,605515,95,107578,378,0.000879988143317648,0.7991543340380549
8619,0.8713,2,0,2,605515,95,107580,376,0.000879988143317648,0.7983014861995754
8620,0.8714,2,0,2,605515,95,107582,374,0.000879988143317648,0.7974413646055437
8621,0.8715,2,0,2,605515,95,107584,372,0.000879988143317648,0.7965738758029979
8622,0.8716,0,1,0,605516,94,107584,372,0.0008707251102300938,0.7982832618025751
8623,0.8717,2,0,2,605516,94,107586,370,0.0008707251102300938,0.7974137931034483
8624,0.8719,1,0,1,605516,94,107587,369,0.0008707251102300938,0.796976241900648
8625,0.872,1,1,1,605517,93,107588,368,0.0008614620771425395,0.7982646420824295
8626,0.8721,4,0,4,605517,93,107592,364,0.0008614620771425395,0.7964989059080962
8627,0.8723,1,0,1,605517,93,107593,363,0.0008614620771425395,0.7960526315789473
8628,0.8725,1,0,1,605517,93,107594,362,0.0008614620771425395,0.7956043956043956
8629,0.8726,2,1,2,605518,92,107596,360,0.0008521990440549853,0.7964601769911505
8630,0.8727,3,1,3,605519,91,107599,357,0.0008429360109674311,0.796875
8631,0.8728,1,0,1,605519,91,107600,356,0.0008429360109674311,0.796420581655481
8632,0.873,3,0,3,605519,91,107603,353,0.0008429360109674311,0.795045045045045
8633,0.8731,0,1,0,605520,90,107603,353,0.0008336729778798769,0.7968397291196389
8634,0.8732,3,0,3,605520,90,107606,350,0.0008336729778798769,0.7954545454545454
8635,0.8733,0,2,0,605522,88,107606,350,0.0008151469117047686,0.7990867579908676
8636,0.8734,2,0,2,605522,88,107608,348,0.0008151469117047686,0.7981651376146789
8637,0.8735,1,0,1,605522,88,107609,347,0.0008151469117047686,0.7977011494252874
8638,0.8737,0,1,0,605523,87,107609,347,0.0008058838786172144,0.7995391705069125
8639,0.8738,2,0,2,605523,87,107611,345,0.0008058838786172144,0.7986111111111112
8640,0.874,1,0,1,605523,87,107612,344,0.0008058838786172144,0.7981438515081206
8641,0.8743,2,1,2,605524,86,107614,342,0.0007966208455296602,0.7990654205607477
8642,0.8744,1,0,1,605524,86,107615,341,0.0007966208455296602,0.7985948477751756
8643,0.8745,0,1,0,605525,85,107615,341,0.000787357812442106,0.8004694835680751
8644,0.8746,1,2,1,605527,83,107616,340,0.0007688317462669976,0.8037825059101655
8645,0.8748,1,0,1,605527,83,107617,339,0.0007688317462669976,0.8033175355450237
8646,0.875,1,0,1,605527,83,107618,338,0.0007688317462669976,0.8028503562945368
8647,0.8751,2,1,2,605528,82,107620,336,0.0007595687131794435,0.8038277511961722
8648,0.8752,3,0,3,605528,82,107623,333,0.0007595687131794435,0.8024096385542169
8649,0.8753,2,0,2,605528,82,107625,331,0.0007595687131794435,0.801452784503632
8650,0.8754,1,0,1,605528,82,107626,330,0.0007595687131794435,0.8009708737864077
8651,0.8757,2,0,2,605528,82,107628,328,0.0007595687131794435,0.8
8652,0.8758,3,1,3,605529,81,107631,325,0.0007503056800918893,0.8004926108374384
8653,0.8759,2,1,2,605530,80,107633,323,0.0007410426470043351,0.8014888337468983
8654,0.876,1,0,1,605530,80,107634,322,0.0007410426470043351,0.8009950248756219
8655,0.8762,0,1,0,605531,79,107634,322,0.0007317796139167809,0.8029925187032418
8656,0.8763,0,1,0,605532,78,107634,322,0.0007225165808292267,0.805
8657,0.8766,1,0,1,605532,78,107635,321,0.0007225165808292267,0.8045112781954887
8658,0.8767,2,0,2,605532,78,107637,319,0.0007225165808292267,0.8035264483627204
8659,0.8768,1,0,1,605532,78,107638,318,0.0007225165808292267,0.803030303030303
8660,0.8769,2,2,2,605534,76,107640,316,0.0007039905146541183,0.8061224489795918
8661,0.877,1,1,1,605535,75,107641,315,0.0006947274815665642,0.8076923076923077
8662,0.8772,1,0,1,605535,75,107642,314,0.0006947274815665642,0.8071979434447301
8663,0.8774,1,0,1,605535,75,107643,313,0.0006947274815665642,0.8067010309278351
8664,0.8775,1,1,1,605536,74,107644,312,0.00068546444847901,0.8082901554404145
8665,0.8776,1,1,1,605537,73,107645,311,0.0006762014153914558,0.8098958333333334
8666,0.8777,2,1,2,605538,72,107647,309,0.0006669383823039016,0.8110236220472441
8667,0.8778,1,0,1,605538,72,107648,308,0.0006669383823039016,0.8105263157894737
8668,0.8779,1,0,1,605538,72,107649,307,0.0006669383823039016,0.8100263852242744
8669,0.878,1,1,1,605539,71,107650,306,0.0006576753492163474,0.8116710875331565
8670,0.8781,2,0,2,605539,71,107652,304,0.0006576753492163474,0.8106666666666666
8671,0.8784,2,0,2,605539,71,107654,302,0.0006576753492163474,0.8096514745308311
8672,0.8785,1,0,1,605539,71,107655,301,0.0006576753492163474,0.8091397849462365
8673,0.8786,0,1,0,605540,70,107655,301,0.0006484123161287932,0.8113207547169812
8674,0.8787,0,1,0,605541,69,107655,301,0.000639149283041239,0.8135135135135135
8675,0.8788,1,0,1,605541,69,107656,300,0.000639149283041239,0.8130081300813008
8676,0.879,1,1,1,605542,68,107657,299,0.0006298862499536849,0.8147138964577657
8677,0.8791,3,0,3,605542,68,107660,296,0.0006298862499536849,0.8131868131868132
8678,0.8792,1,0,1,605542,68,107661,295,0.0006298862499536849,0.8126721763085399
8679,0.8794,1,0,1,605542,68,107662,294,0.0006298862499536849,0.8121546961325967
8680,0.8796,2,0,2,605542,68,107664,292,0.0006298862499536849,0.8111111111111111
8681,0.8797,1,0,1,605542,68,107665,291,0.0006298862499536849,0.8105849582172702
8682,0.8799,1,0,1,605542,68,107666,290,0.0006298862499536849,0.8100558659217877
8683,0.88,2,1,2,605543,67,107668,288,0.0006206232168661307,0.8112676056338028
8684,0.8802,1,0,1,605543,67,107669,287,0.0006206232168661307,0.8107344632768362
8685,0.8803,1,0,1,605543,67,107670,286,0.0006206232168661307,0.8101983002832861
8686,0.8804,2,0,2,605543,67,107672,284,0.0006206232168661307,0.8091168091168092
8687,0.8805,2,0,2,605543,67,107674,282,0.0006206232168661307,0.8080229226361032
8688,0.8806,1,0,1,605543,67,107675,281,0.0006206232168661307,0.8074712643678161
8689,0.8811,3,1,3,605544,66,107678,278,0.0006113601837785765,0.8081395348837209
8690,0.8812,1,0,1,605544,66,107679,277,0.0006113601837785765,0.8075801749271136
8691,0.8813,1,0,1,605544,66,107680,276,0.0006113601837785765,0.8070175438596491
8692,0.8814,2,0,2,605544,66,107682,274,0.0006113601837785765,0.8058823529411765
8693,0.8815,1,1,1,605545,65,107683,273,0.0006020971506910223,0.8076923076923077
8694,0.8816,2,1,2,605546,64,107685,271,0.0005928341176034681,0.808955223880597
8695,0.8817,1,0,1,605546,64,107686,270,0.0005928341176034681,0.8083832335329342
8696,0.8821,1,0,1,605546,64,107687,269,0.0005928341176034681,0.8078078078078078
8697,0.8823,1,0,1,605546,64,107688,268,0.0005928341176034681,0.8072289156626506
8698,0.8824,1,0,1,605546,64,107689,267,0.0005928341176034681,0.8066465256797583
8699,0.8828,2,0,2,605546,64,107691,265,0.0005928341176034681,0.8054711246200608
8700,0.8829,1,0,1,605546,64,107692,264,0.0005928341176034681,0.8048780487804879
8701,0.883,2,0,2,605546,64,107694,262,0.0005928341176034681,0.803680981595092
8702,0.8831,1,0,1,605546,64,107695,261,0.0005928341176034681,0.803076923076923
8703,0.8832,1,0,1,605546,64,107696,260,0.0005928341176034681,0.8024691358024691
8704,0.8835,2,0,2,605546,64,107698,258,0.0005928341176034681,0.8012422360248447
8705,0.8836,0,1,0,605547,63,107698,258,0.0005835710845159139,0.8037383177570093
8706,0.8838,1,0,1,605547,63,107699,257,0.0005835710845159139,0.803125
8707,0.8839,1,0,1,605547,63,107700,256,0.0005835710845159139,0.8025078369905956
8708,0.8842,0,1,0,605548,62,107700,256,0.0005743080514283597,0.8050314465408805
8709,0.8843,1,0,1,605548,62,107701,255,0.0005743080514283597,0.804416403785489
8710,0.8844,1,0,1,605548,62,107702,254,0.0005743080514283597,0.8037974683544303
8711,0.8845,3,0,3,605548,62,107705,251,0.0005743080514283597,0.8019169329073482
8712,0.8846,1,0,1,605548,62,107706,250,0.0005743080514283597,0.8012820512820513
8713,0.8847,1,0,1,605548,62,107707,249,0.0005743080514283597,0.8006430868167203
8714,0.8848,2,0,2,605548,62,107709,247,0.0005743080514283597,0.7993527508090615
8715,0.8849,2,0,2,605548,62,107711,245,0.0005743080514283597,0.7980456026058632
8716,0.885,2,0,2,605548,62,107713,243,0.0005743080514283597,0.7967213114754098
8717,0.8851,3,0,3,605548,62,107716,240,0.0005743080514283597,0.7947019867549668
8718,0.8853,1,0,1,605548,62,107717,239,0.0005743080514283597,0.7940199335548173
8719,0.8854,1,0,1,605548,62,107718,238,0.0005743080514283597,0.7933333333333333
8720,0.8856,2,0,2,605548,62,107720,236,0.0005743080514283597,0.7919463087248322
8721,0.8857,1,0,1,605548,62,107721,235,0.0005743080514283597,0.7912457912457912
8722,0.8858,0,1,0,605549,61,107721,235,0.0005650450183408056,0.793918918918919
8723,0.8859,1,0,1,605549,61,107722,234,0.0005650450183408056,0.7932203389830509
8724,0.886,2,0,2,605549,61,107724,232,0.0005650450183408056,0.7918088737201365
8725,0.8862,0,1,0,605550,60,107724,232,0.0005557819852532514,0.7945205479452054
8726,0.8863,2,2,2,605552,58,107726,230,0.000537255919078143,0.7986111111111112
8727,0.8864,1,0,1,605552,58,107727,229,0.000537255919078143,0.7979094076655052
8728,0.8865,2,0,2,605552,58,107729,227,0.000537255919078143,0.7964912280701755
8729,0.8867,0,1,0,605553,57,107729,227,0.0005279928859905888,0.7992957746478874
8730,0.8868,1,0,1,605553,57,107730,226,0.0005279928859905888,0.7985865724381626
8731,0.8869,1,0,1,605553,57,107731,225,0.0005279928859905888,0.7978723404255319
8732,0.887,2,0,2,605553,57,107733,223,0.0005279928859905888,0.7964285714285714
8733,0.8872,0,1,0,605554,56,107733,223,0.0005187298529030345,0.7992831541218638
8734,0.8873,0,1,0,605555,55,107733,223,0.0005094668198154803,0.802158273381295
8735,0.8874,1,0,1,605555,55,107734,222,0.0005094668198154803,0.8014440433212996
8736,0.8877,1,0,1,605555,55,107735,221,0.0005094668198154803,0.8007246376811594
8737,0.8878,0,2,0,605557,53,107735,221,0.000490940753640372,0.8065693430656934
8738,0.888,2,1,2,605558,52,107737,219,0.00048167772055281784,0.8081180811808119
8739,0.8882,2,0,2,605558,52,107739,217,0.00048167772055281784,0.8066914498141264
8740,0.8883,1,1,1,605559,51,107740,216,0.00047241468746526364,0.8089887640449438
8741,0.8886,2,0,2,605559,51,107742,214,0.00047241468746526364,0.8075471698113208
8742,0.8887,0,1,0,605560,50,107742,214,0.00046315165437770943,0.8106060606060606
8743,0.889,2,0,2,605560,50,107744,212,0.00046315165437770943,0.8091603053435115
8744,0.8891,2,0,2,605560,50,107746,210,0.00046315165437770943,0.8076923076923077
8745,0.8895,1,0,1,605560,50,107747,209,0.00046315165437770943,0.806949806949807
8746,0.8896,1,0,1,605560,50,107748,208,0.00046315165437770943,0.8062015503875969
8747,0.8898,0,1,0,605561,49,107748,208,0.00045388862129015523,0.8093385214007782
8748,0.8899,1,2,1,605563,47,107749,207,0.0004353625551150469,0.8149606299212598
8749,0.8901,0,2,0,605565,45,107749,207,0.00041683648893993847,0.8214285714285714
8750,0.8904,1,0,1,605565,45,107750,206,0.00041683648893993847,0.8207171314741036
8751,0.8905,1,2,1,605567,43,107751,205,0.0003983104227648301,0.8266129032258065
8752,0.891,2,0,2,605567,43,107753,203,0.0003983104227648301,0.8252032520325203
8753,0.8913,0,1,0,605568,42,107753,203,0.0003890473896772759,0.8285714285714286
8754,0.8914,1,0,1,605568,42,107754,202,0.0003890473896772759,0.8278688524590164
8755,0.8916,0,1,0,605569,41,107754,202,0.00037978435658972176,0.831275720164609
8756,0.8917,2,0,2,605569,41,107756,200,0.00037978435658972176,0.8298755186721992
8757,0.8918,2,1,2,605570,40,107758,198,0.00037052132350216756,0.8319327731092437
8758,0.8921,1,0,1,605570,40,107759,197,0.00037052132350216756,0.8312236286919831
8759,0.8922,1,0,1,605570,40,107760,196,0.00037052132350216756,0.8305084745762712
8760,0.8923,1,0,1,605570,40,107761,195,0.00037052132350216756,0.8297872340425532
8761,0.8924,2,0,2,605570,40,107763,193,0.00037052132350216756,0.8283261802575107
8762,0.8925,2,0,2,605570,40,107765,191,0.00037052132350216756,0.8268398268398268
8763,0.8926,0,1,0,605571,39,107765,191,0.00036125829041461335,0.8304347826086956
8764,0.8929,1,0,1,605571,39,107766,190,0.00036125829041461335,0.8296943231441049
8765,0.893,1,1,1,605572,38,107767,189,0.00035199525732705915,0.8325991189427313
8766,0.8933,1,1,1,605573,37,107768,188,0.000342732224239505,0.8355555555555556
8767,0.8936,1,0,1,605573,37,107769,187,0.000342732224239505,0.8348214285714286
8768,0.8939,1,0,1,605573,37,107770,186,0.000342732224239505,0.8340807174887892
8769,0.8942,1,0,1,605573,37,107771,185,0.000342732224239505,0.8333333333333334
8770,0.8943,2,0,2,605573,37,107773,183,0.000342732224239505,0.8318181818181818
8771,0.8944,1,0,1,605573,37,107774,182,0.000342732224239505,0.8310502283105022
8772,0.8947,1,0,1,605573,37,107775,181,0.000342732224239505,0.8302752293577982
8773,0.8948,1,0,1,605573,37,107776,180,0.000342732224239505,0.8294930875576036
8774,0.895,0,1,0,605574,36,107776,180,0.0003334691911519508,0.8333333333333334
8775,0.8951,1,0,1,605574,36,107777,179,0.0003334691911519508,0.8325581395348837
8776,0.8957,1,0,1,605574,36,107778,178,0.0003334691911519508,0.8317757009345794
8777,0.8958,1,0,1,605574,36,107779,177,0.0003334691911519508,0.8309859154929577
8778,0.896,3,0,3,605574,36,107782,174,0.0003334691911519508,0.8285714285714286
8779,0.8964,0,1,0,605575,35,107782,174,0.0003242061580643966,0.8325358851674641
8780,0.8969,1,0,1,605575,35,107783,173,0.0003242061580643966,0.8317307692307693
8781,0.8971,1,0,1,605575,35,107784,172,0.0003242061580643966,0.8309178743961353
8782,0.8972,2,0,2,605575,35,107786,170,0.0003242061580643966,0.8292682926829268
8783,0.8973,1,0,1,605575,35,107787,169,0.0003242061580643966,0.8284313725490197
8784,0.8975,0,1,0,605576,34,107787,169,0.00031494312497684244,0.8325123152709359
8785,0.8976,2,0,2,605576,34,107789,167,0.00031494312497684244,0.8308457711442786
8786,0.8977,2,0,2,605576,34,107791,165,0.00031494312497684244,0.8291457286432161
8787,0.8978,1,0,1,605576,34,107792,164,0.00031494312497684244,0.8282828282828283
8788,0.8979,1,0,1,605576,34,107793,163,0.00031494312497684244,0.8274111675126904
8789,0.8982,1,0,1,605576,34,107794,162,0.00031494312497684244,0.826530612244898
8790,0.8985,1,0,1,605576,34,107795,161,0.00031494312497684244,0.8256410256410256
8791,0.8986,1,0,1,605576,34,107796,160,0.00031494312497684244,0.8247422680412371
8792,0.8987,0,1,0,605577,33,107796,160,0.00030568009188928824,0.8290155440414507
8793,0.8988,0,1,0,605578,32,107796,160,0.00029641705880173404,0.8333333333333334
8794,0.8989,2,0,2,605578,32,107798,158,0.00029641705880173404,0.8315789473684211
8795,0.8991,2,0,2,605578,32,107800,156,0.00029641705880173404,0.8297872340425532
8796,0.8995,2,0,2,605578,32,107802,154,0.00029641705880173404,0.8279569892473119
8797,0.8997,2,0,2,605578,32,107804,152,0.00029641705880173404,0.8260869565217391
8798,0.8999,1,0,1,605578,32,107805,151,0.00029641705880173404,0.825136612021858
8799,0.9,1,0,1,605578,32,107806,150,0.00029641705880173404,0.8241758241758241
8800,0.9003,1,0,1,605578,32,107807,149,0.00029641705880173404,0.8232044198895028
8801,0.9004,1,0,1,605578,32,107808,148,0.00029641705880173404,0.8222222222222222
8802,0.9007,1,0,1,605578,32,107809,147,0.00029641705880173404,0.8212290502793296
8803,0.9009,1,0,1,605578,32,107810,146,0.00029641705880173404,0.8202247191011236
8804,0.9011,1,0,1,605578,32,107811,145,0.00029641705880173404,0.8192090395480226
8805,0.9018,2,0,2,605578,32,107813,143,0.00029641705880173404,0.8171428571428572
8806,0.9019,2,0,2,605578,32,107815,141,0.00029641705880173404,0.815028901734104
8807,0.902,1,0,1,605578,32,107816,140,0.00029641705880173404,0.813953488372093
8808,0.9021,3,0,3,605578,32,107819,137,0.00029641705880173404,0.8106508875739645
8809,0.9024,1,0,1,605578,32,107820,136,0.00029641705880173404,0.8095238095238095
8810,0.9027,1,0,1,605578,32,107821,135,0.00029641705880173404,0.8083832335329342
8811,0.9028,1,1,1,605579,31,107822,134,0.00028715402571417983,0.8121212121212121
8812,0.9035,1,0,1,605579,31,107823,133,0.00028715402571417983,0.8109756097560976
8813,0.9038,1,0,1,605579,31,107824,132,0.00028715402571417983,0.8098159509202454
8814,0.9043,1,0,1,605579,31,107825,131,0.00028715402571417983,0.808641975308642
8815,0.9044,2,0,2,605579,31,107827,129,0.00028715402571417983,0.80625
8816,0.9045,1,0,1,605579,31,107828,128,0.00028715402571417983,0.8050314465408805
8817,0.9051,1,0,1,605579,31,107829,127,0.00028715402571417983,0.8037974683544303
8818,0.9053,2,0,2,605579,31,107831,125,0.00028715402571417983,0.8012820512820513
8819,0.9054,1,0,1,605579,31,107832,124,0.00028715402571417983,0.8
8820,0.9055,0,1,0,605580,30,107832,124,0.0002778909926266257,0.8051948051948052
8821,0.9059,1,0,1,605580,30,107833,123,0.0002778909926266257,0.803921568627451
8822,0.9065,1,1,1,605581,29,107834,122,0.0002686279595390715,0.8079470198675497
8823,0.9067,1,0,1,605581,29,107835,121,0.0002686279595390715,0.8066666666666666
8824,0.907,1,0,1,605581,29,107836,120,0.0002686279595390715,0.8053691275167785
8825,0.9071,1,0,1,605581,29,107837,119,0.0002686279595390715,0.8040540540540541
8826,0.9073,1,0,1,605581,29,107838,118,0.0002686279595390715,0.8027210884353742
8827,0.9076,2,0,2,605581,29,107840,116,0.0002686279595390715,0.8
8828,0.9078,1,0,1,605581,29,107841,115,0.0002686279595390715,0.7986111111111112
8829,0.9087,0,1,0,605582,28,107841,115,0.0002593649264515173,0.8041958041958042
8830,0.9092,1,0,1,605582,28,107842,114,0.0002593649264515173,0.8028169014084507
8831,0.9094,3,3,3,605585,25,107845,111,0.00023157582718885472,0.8161764705882353
8832,0.9096,1,0,1,605585,25,107846,110,0.00023157582718885472,0.8148148148148148
8833,0.9107,1,0,1,605585,25,107847,109,0.00023157582718885472,0.8134328358208955
8834,0.9108,0,1,0,605586,24,107847,109,0.00022231279410130054,0.8195488721804511
8835,0.9111,1,0,1,605586,24,107848,108,0.00022231279410130054,0.8181818181818182
8836,0.9115,1,0,1,605586,24,107849,107,0.00022231279410130054,0.816793893129771
8837,0.9121,1,0,1,605586,24,107850,106,0.00022231279410130054,0.8153846153846154
8838,0.9122,1,0,1,605586,24,107851,105,0.00022231279410130054,0.813953488372093
8839,0.9123,1,0,1,605586,24,107852,104,0.00022231279410130054,0.8125
8840,0.9125,1,0,1,605586,24,107853,103,0.00022231279410130054,0.8110236220472441
8841,0.9131,0,1,0,605587,23,107853,103,0.00021304976101374634,0.8174603174603174
8842,0.9136,1,0,1,605587,23,107854,102,0.00021304976101374634,0.816
8843,0.9137,2,0,2,605587,23,107856,100,0.00021304976101374634,0.8130081300813008
8844,0.9138,1,0,1,605587,23,107857,99,0.00021304976101374634,0.8114754098360656
8845,0.9139,1,0,1,605587,23,107858,98,0.00021304976101374634,0.8099173553719008
8846,0.9145,0,1,0,605588,22,107858,98,0.00020378672792619216,0.8166666666666667
8847,0.9156,0,1,0,605589,21,107858,98,0.00019452369483863796,0.8235294117647058
8848,0.9161,0,1,0,605590,20,107858,98,0.00018526066175108378,0.8305084745762712
8849,0.9168,1,0,1,605590,20,107859,97,0.00018526066175108378,0.8290598290598291
8850,0.9169,1,0,1,605590,20,107860,96,0.00018526066175108378,0.8275862068965517
8851,0.9178,1,0,1,605590,20,107861,95,0.00018526066175108378,0.8260869565217391
8852,0.9184,0,1,0,605591,19,107861,95,0.00017599762866352957,0.8333333333333334
8853,0.9185,1,0,1,605591,19,107862,94,0.00017599762866352957,0.831858407079646
8854,0.9187,1,0,1,605591,19,107863,93,0.00017599762866352957,0.8303571428571429
8855,0.9189,2,0,2,605591,19,107865,91,0.00017599762866352957,0.8272727272727273
8856,0.9191,1,1,1,605592,18,107866,90,0.0001667345955759754,0.8333333333333334
8857,0.9192,1,0,1,605592,18,107867,89,0.0001667345955759754,0.8317757009345794
8858,0.9196,1,0,1,605592,18,107868,88,0.0001667345955759754,0.8301886792452831
8859,0.9211,2,0,2,605592,18,107870,86,0.0001667345955759754,0.8269230769230769
8860,0.9214,2,0,2,605592,18,107872,84,0.0001667345955759754,0.8235294117647058
8861,0.9217,1,0,1,605592,18,107873,83,0.0001667345955759754,0.8217821782178217
8862,0.9218,0,1,0,605593,17,107873,83,0.00015747156248842122,0.83
8863,0.922,1,0,1,605593,17,107874,82,0.00015747156248842122,0.8282828282828283
8864,0.9226,1,0,1,605593,17,107875,81,0.00015747156248842122,0.826530612244898
8865,0.9228,1,0,1,605593,17,107876,80,0.00015747156248842122,0.8247422680412371
8866,0.923,1,0,1,605593,17,107877,79,0.00015747156248842122,0.8229166666666666
8867,0.9238,1,0,1,605593,17,107878,78,0.00015747156248842122,0.8210526315789474
8868,0.924,1,0,1,605593,17,107879,77,0.00015747156248842122,0.8191489361702128
8869,0.9242,1,0,1,605593,17,107880,76,0.00015747156248842122,0.8172043010752689
8870,0.9246,1,0,1,605593,17,107881,75,0.00015747156248842122,0.8152173913043478
8871,0.9259,2,0,2,605593,17,107883,73,0.00015747156248842122,0.8111111111111111
8872,0.9272,1,0,1,605593,17,107884,72,0.00015747156248842122,0.8089887640449438
8873,0.9275,1,0,1,605593,17,107885,71,0.00015747156248842122,0.8068181818181818
8874,0.9282,0,1,0,605594,16,107885,71,0.00014820852940086702,0.8160919540229885
8875,0.9284,1,0,1,605594,16,107886,70,0.00014820852940086702,0.813953488372093
8876,0.929,1,1,1,605595,15,107887,69,0.00013894549631331284,0.8214285714285714
8877,0.9293,0,1,0,605596,14,107887,69,0.00012968246322575864,0.8313253012048193
8878,0.9296,3,0,3,605596,14,107890,66,0.00012968246322575864,0.825
8879,0.9302,2,0,2,605596,14,107892,64,0.00012968246322575864,0.8205128205128205
8880,0.9303,2,0,2,605596,14,107894,62,0.00012968246322575864,0.8157894736842105
8881,0.9304,0,1,0,605597,13,107894,62,0.00012041943013820446,0.8266666666666667
8882,0.9307,1,0,1,605597,13,107895,61,0.00012041943013820446,0.8243243243243243
8883,0.9308,0,1,0,605598,12,107895,61,0.00011115639705065027,0.8356164383561644
8884,0.9314,1,0,1,605598,12,107896,60,0.00011115639705065027,0.8333333333333334
8885,0.9317,1,0,1,605598,12,107897,59,0.00011115639705065027,0.8309859154929577
8886,0.9318,1,0,1,605598,12,107898,58,0.00011115639705065027,0.8285714285714286
8887,0.9319,1,0,1,605598,12,107899,57,0.00011115639705065027,0.8260869565217391
8888,0.9335,1,0,1,605598,12,107900,56,0.00011115639705065027,0.8235294117647058
8889,0.9336,1,0,1,605598,12,107901,55,0.00011115639705065027,0.8208955223880597
8890,0.9339,1,0,1,605598,12,107902,54,0.00011115639705065027,0.8181818181818182
8891,0.9345,1,0,1,605598,12,107903,53,0.00011115639705065027,0.8153846153846154
8892,0.9352,1,0,1,605598,12,107904,52,0.00011115639705065027,0.8125
8893,0.9372,0,1,0,605599,11,107904,52,0.00010189336396309608,0.8253968253968254
8894,0.9374,1,0,1,605599,11,107905,51,0.00010189336396309608,0.8225806451612904
8895,0.9378,1,0,1,605599,11,107906,50,0.00010189336396309608,0.819672131147541
8896,0.9421,1,0,1,605599,11,107907,49,0.00010189336396309608,0.8166666666666667
8897,0.9423,1,0,1,605599,11,107908,48,0.00010189336396309608,0.8135593220338984
8898,0.9429,2,0,2,605599,11,107910,46,0.00010189336396309608,0.8070175438596491
8899,0.9432,1,0,1,605599,11,107911,45,0.00010189336396309608,0.8035714285714286
8900,0.9438,1,1,1,605600,10,107912,44,9.263033087554189e-05,0.8148148148148148
8901,0.9453,1,0,1,605600,10,107913,43,9.263033087554189e-05,0.8113207547169812
8902,0.9458,1,0,1,605600,10,107914,42,9.263033087554189e-05,0.8076923076923077
8903,0.9471,1,0,1,605600,10,107915,41,9.263033087554189e-05,0.803921568627451
8904,0.9497,1,0,1,605600,10,107916,40,9.263033087554189e-05,0.8
8905,0.9498,0,1,0,605601,9,107916,40,8.33672977879877e-05,0.8163265306122449
8906,0.9509,1,0,1,605601,9,107917,39,8.33672977879877e-05,0.8125
8907,0.9512,1,0,1,605601,9,107918,38,8.33672977879877e-05,0.8085106382978723
8908,0.9515,0,1,0,605602,8,107918,38,7.410426470043351e-05,0.8260869565217391
8909,0.9516,2,0,2,605602,8,107920,36,7.410426470043351e-05,0.8181818181818182
8910,0.9521,0,1,0,605603,7,107920,36,6.484123161287932e-05,0.8372093023255814
8911,0.9532,0,1,0,605604,6,107920,36,5.5578198525325135e-05,0.8571428571428571
8912,0.9535,1,0,1,605604,6,107921,35,5.5578198525325135e-05,0.8536585365853658
8913,0.9544,1,0,1,605604,6,107922,34,5.5578198525325135e-05,0.85
8914,0.9545,0,1,0,605605,5,107922,34,4.6315165437770945e-05,0.8717948717948718
8915,0.9547,0,1,0,605606,4,107922,34,3.7052132350216754e-05,0.8947368421052632
8916,0.9554,2,0,2,605606,4,107924,32,3.7052132350216754e-05,0.8888888888888888
8917,0.9557,1,0,1,605606,4,107925,31,3.7052132350216754e-05,0.8857142857142857
8918,0.9565,1,0,1,605606,4,107926,30,3.7052132350216754e-05,0.8823529411764706
8919,0.9568,1,0,1,605606,4,107927,29,3.7052132350216754e-05,0.8787878787878788
8920,0.9569,5,0,5,605606,4,107932,24,3.7052132350216754e-05,0.8571428571428571
8921,0.9577,0,1,0,605607,3,107932,24,2.7789099262662567e-05,0.8888888888888888
8922,0.9579,1,0,1,605607,3,107933,23,2.7789099262662567e-05,0.8846153846153846
8923,0.9618,0,1,0,605608,2,107933,23,1.8526066175108377e-05,0.92
8924,0.9629,3,0,3,605608,2,107936,20,1.8526066175108377e-05,0.9090909090909091
8925,0.9642,1,0,1,605608,2,107937,19,1.8526066175108377e-05,0.9047619047619048
8926,0.9668,1,0,1,605608,2,107938,18,1.8526066175108377e-05,0.9
8927,0.968,2,0,2,605608,2,107940,16,1.8526066175108377e-05,0.8888888888888888
8928,0.9683,1,0,1,605608,2,107941,15,1.8526066175108377e-05,0.8823529411764706
8929,0.9688,3,0,3,605608,2,107944,12,1.8526066175108377e-05,0.8571428571428571
8930,0.9696,1,0,1,605608,2,107945,11,1.8526066175108377e-05,0.8461538461538461
8931,0.9722,0,1,0,605609,1,107945,11,9.263033087554189e-06,0.9166666666666666
8932,0.9741,1,0,1,605609,1,107946,10,9.263033087554189e-06,0.9090909090909091
8933,0.9822,1,0,1,605609,1,107947,9,9.263033087554189e-06,0.9
8934,0.9826,2,0,2,605609,1,107949,7,9.263033087554189e-06,0.875
8935,0.9836,0,1,0,605610,0,107949,7,0.0,1.0
8936,0.985,1,0,1,605610,0,107950,6,0.0,1.0
8937,0.9851,1,0,1,605610,0,107951,5,0.0,1.0
8938,0.989,1,0,1,605610,0,107952,4,0.0,1.0
8939,0.9965,1,0,1,605610,0,107953,3,0.0,1.0
8940,0.9975,2,0,2,605610,0,107955,1,0.0,1.0
8941,0.9995,1,0,1,605610,0,107956,0,0.0,
