,y_proba,y_test,Neg,Pos,TN,FP,FN,TP,FP/P,Prec
0,0.49094,0,1,0,1,605609,0,107956,5.609776205120605,0.1512910526721462
1,0.49106,1,0,1,1,605609,1,107955,5.609776205120605,0.15128986327785596
2,0.4911,1,0,1,1,605609,2,107954,5.609776205120605,0.151288673880232
3,0.49111,0,1,0,2,605608,2,107954,5.609766942087517,0.15128888589919307
4,0.49123,0,1,0,3,605607,2,107954,5.60975767905443,0.15128909791874837
5,0.49129,1,0,1,3,605607,3,107953,5.60975767905443,0.1512879085150513
6,0.49137,0,4,0,7,605603,3,107953,5.609720626922079,0.15128875659373617
7,0.49142,0,1,0,8,605602,3,107953,5.609711363888992,0.15128896861489305
8,0.49143,0,1,0,9,605601,3,107953,5.6097021008559045,0.15128918063664418
9,0.49145,0,1,0,10,605600,3,107953,5.609692837822816,0.15128939265898958
10,0.49148,0,1,0,11,605599,3,107953,5.609683574789729,0.15128960468192929
11,0.49149,0,3,0,14,605596,3,107953,5.6096557856904665,0.151290240754314
12,0.4915,0,1,0,15,605595,3,107953,5.609646522657379,0.1512904527796308
13,0.4916,0,1,0,16,605594,3,107953,5.609637259624291,0.1512906648055419
14,0.49163,0,1,0,17,605593,3,107953,5.609627996591204,0.15129087683204726
15,0.49164,1,0,1,17,605593,4,107952,5.609627996591204,0.15128968740583987
16,0.49165,0,1,0,18,605592,4,107952,5.609618733558117,0.15128989943156973
17,0.49168,0,1,0,19,605591,4,107952,5.609609470525029,0.15129011145789392
18,0.49169,0,2,0,21,605589,4,107952,5.609590944458853,0.15129053551232516
19,0.4917,0,1,0,22,605588,4,107952,5.609581681425766,0.1512907475404322
20,0.49173,0,1,0,23,605587,4,107952,5.609572418392679,0.15129095956913358
21,0.49176,1,0,1,23,605587,5,107951,5.609572418392679,0.1512897701313735
22,0.49177,1,0,1,23,605587,6,107950,5.609572418392679,0.15128858069027956
23,0.49178,0,2,0,25,605585,6,107950,5.609553892326503,0.15128900474398593
24,0.49182,0,2,0,27,605583,6,107950,5.609535366260328,0.15128942880006951
25,0.49183,0,1,0,28,605582,6,107950,5.609526103227241,0.15128964082900276
26,0.49185,0,3,0,31,605579,6,107950,5.609498314127978,0.1512902769193684
27,0.49186,0,2,0,33,605577,6,107950,5.609479788061803,0.1512907009825837
28,0.49187,0,1,0,34,605576,6,107950,5.609470525028716,0.15129091301508285
29,0.49189,1,1,1,35,605575,7,107949,5.6094612619956274,0.1512899355873103
30,0.4919,0,2,0,37,605573,7,107949,5.609442735929453,0.1512903596525405
31,0.49191,0,3,0,40,605570,7,107949,5.60941494683019,0.15129099575484325
32,0.49193,0,2,0,42,605568,7,107949,5.609396420764015,0.15129141982601677
33,0.49195,0,1,0,43,605567,7,107949,5.609387157730928,0.15129163186249503
34,0.49196,0,1,0,44,605566,7,107949,5.60937789469784,0.15129184389956762
35,0.49197,0,5,0,49,605561,7,107949,5.609331579532402,0.1512929040938459
36,0.49198,0,1,0,50,605560,7,107949,5.6093223164993145,0.15129311613448465
37,0.49199,1,1,1,51,605559,8,107948,5.609313053466227,0.1512921386895994
38,0.492,0,1,0,52,605558,8,107948,5.609303790433139,0.15129235073005692
39,0.49202,0,1,0,53,605557,8,107948,5.609294527400052,0.15129256277110883
40,0.49203,0,3,0,56,605554,8,107948,5.609266738300789,0.1512931988978307
41,0.49204,0,2,0,58,605552,8,107948,5.609248212234614,0.15129362298528382
42,0.49205,0,2,0,60,605550,8,107948,5.609229686168439,0.15129404707511443
43,0.49206,1,2,1,62,605548,9,107947,5.609211160102264,0.15129328166280073
44,0.49207,1,3,1,65,605545,10,107946,5.6091833710030015,0.1512927282894949
45,0.49208,0,1,0,66,605544,10,107946,5.609174107969913,0.15129294033553378
46,0.49209,2,2,2,68,605542,12,107944,5.609155581903739,0.15129098538723956
47,0.4921,2,1,2,69,605541,14,107942,5.609146318870651,0.1512888183740888
48,0.49211,0,1,0,70,605540,14,107942,5.6091370558375635,0.15128903041702524
49,0.49214,0,2,0,72,605538,14,107942,5.609118529771388,0.1512894545046813
50,0.49215,0,1,0,73,605537,14,107942,5.609109266738301,0.1512896665494009
51,0.49216,0,2,0,75,605535,14,107942,5.6090907406721255,0.15129009064062332
52,0.49217,0,1,0,76,605534,14,107942,5.609081477639038,0.15129030268712612
53,0.49219,0,3,0,79,605531,14,107942,5.609053688539776,0.151290938830201
54,0.49221,0,4,0,83,605527,14,107942,5.609016636407425,0.15129178702928928
55,0.49222,0,1,0,84,605526,14,107942,5.609007373374338,0.1512919990805474
56,0.49223,0,2,0,86,605524,14,107942,5.608988847308162,0.15129242318484692
57,0.49224,0,3,0,89,605521,14,107942,5.6089610582089,0.15129305934575443
58,0.49225,0,1,0,90,605520,14,107942,5.6089517951758125,0.15129327140057916
59,0.49226,0,5,0,95,605515,14,107942,5.608905480010375,0.15129433168361933
60,0.49227,0,4,0,99,605511,14,107942,5.608868427878025,0.15129517992075162
61,0.49228,0,3,0,102,605508,14,107942,5.608840638778762,0.15129581610484266
62,0.49229,2,3,2,105,605505,16,107940,5.608812849679499,0.15129407312406704
63,0.4923,0,3,0,108,605502,16,107940,5.608785060580236,0.15129470931063774
64,0.49231,0,4,0,112,605498,16,107940,5.608748008447886,0.15129555756772137
65,0.49232,2,3,2,115,605495,18,107938,5.608720219348624,0.15129381455581672
66,0.49233,1,1,1,116,605494,19,107937,5.608710956315536,0.1512928370087647
67,0.49234,1,2,1,118,605492,20,107936,5.608692430249361,0.1512920715194806
68,0.49235,0,3,0,121,605489,20,107936,5.608664641150098,0.1512927077127939
69,0.49236,0,1,0,122,605488,20,107936,5.60865537811701,0.1512929197784207
70,0.49237,1,1,1,123,605487,21,107935,5.608646115083923,0.15129194221652822
71,0.49238,0,1,0,124,605486,21,107935,5.608636852050836,0.15129215428197376
72,0.49239,0,1,0,125,605485,21,107935,5.608627589017748,0.1512923663480138
73,0.4924,1,3,1,128,605482,22,107934,5.608599799918485,0.15129181291140092
74,0.49241,1,2,1,130,605480,23,107933,5.60858127385231,0.15129104740171542
75,0.49242,1,4,1,134,605476,24,107932,5.60854422171996,0.15129070601955683
76,0.49243,0,5,0,139,605471,24,107932,5.608497906554522,0.1512917663648737
77,0.49244,0,4,0,143,605467,24,107932,5.608460854422172,0.15129261465182878
78,0.49245,1,6,1,149,605461,25,107931,5.608405276223647,0.15129269742301568
79,0.49246,0,3,0,152,605458,25,107931,5.608377487124384,0.15129333365106554
80,0.49247,2,3,2,155,605455,27,107929,5.608349698025122,0.15129159050385207
81,0.49249,1,2,1,157,605453,28,107928,5.608331171958946,0.15129082495889293
82,0.4925,1,0,1,157,605453,29,107927,5.608331171958946,0.15128963525750652
83,0.49251,0,3,0,160,605450,29,107927,5.608303382859684,0.15129027148338114
84,0.49252,1,1,1,161,605449,30,107926,5.608294119826596,0.1512892938496583
85,0.49253,0,6,0,167,605443,30,107926,5.6082385416280705,0.15129056631280585
86,0.49254,0,2,0,169,605441,30,107926,5.608220015561896,0.15129099047194502
87,0.49255,0,4,0,173,605437,30,107926,5.608182963429545,0.15129183879735844
88,0.49256,0,3,0,176,605434,30,107926,5.608155174330283,0.15129247504766177
89,0.49257,2,4,2,180,605430,32,107924,5.608118122197933,0.1512909439072326
90,0.49258,0,3,0,183,605427,32,107924,5.60809033309867,0.15129158016179972
91,0.49259,0,3,0,186,605424,32,107924,5.608062543999407,0.15129221642171845
92,0.4926,1,4,1,190,605420,33,107923,5.608025491867057,0.15129187501664698
93,0.49261,0,6,0,196,605414,33,107923,5.607969913668532,0.1512931475585873
94,0.49262,0,9,0,205,605405,33,107923,5.607886546370744,0.15129505641163674
95,0.49263,1,8,1,213,605397,34,107922,5.607812442106043,0.15129556341552658
96,0.49264,0,3,0,216,605394,34,107922,5.607784653006781,0.15129619972074088
97,0.49265,0,4,0,220,605390,34,107922,5.60774760087443,0.15129704813601902
98,0.49266,1,2,1,222,605388,35,107921,5.6077290748082556,0.15129628253674074
99,0.49267,0,6,0,228,605382,35,107921,5.6076734966097295,0.15129755517641172
100,0.49268,1,9,1,237,605373,36,107920,5.607590129311942,0.15129827434168006
101,0.49269,0,6,0,243,605367,36,107920,5.6075345511134165,0.15129954702665266
102,0.4927,1,2,1,245,605365,37,107919,5.607516025047241,0.15129878141105085
103,0.49271,0,4,0,249,605361,37,107919,5.607478972914891,0.15129962987886944
104,0.49272,0,2,0,251,605359,37,107919,5.607460446848716,0.15130005411634734
105,0.49273,1,5,1,256,605354,38,107918,5.607414131683278,0.15129992485335186
106,0.49274,1,5,1,261,605349,39,107917,5.607367816517841,0.15129979558818168
107,0.49275,1,5,1,266,605344,40,107916,5.607321501352403,0.15129966632083672
108,0.49276,0,7,0,273,605337,40,107916,5.60725666012079,0.15130115120441134
109,0.49277,2,8,2,281,605329,42,107914,5.60718255585609,0.15130046842380507
110,0.49278,0,7,0,288,605322,42,107914,5.607117714624477,0.15130195335064411
111,0.49279,0,4,0,292,605318,42,107914,5.607080662492127,0.15130280189335307
112,0.4928,0,6,0,298,605312,42,107914,5.607025084293601,0.1513040747252624
113,0.49281,3,7,3,305,605305,45,107911,5.606960243061988,0.15130198986001436
114,0.49282,1,7,1,312,605298,46,107910,5.606895401830375,0.15130228488743816
115,0.49283,1,8,1,320,605290,47,107909,5.606821297565675,0.15130279206785202
116,0.49284,1,8,1,328,605282,48,107908,5.606747193300975,0.15130329926106648
117,0.49285,2,4,2,332,605278,50,107906,5.606710141168624,0.1513017678467268
118,0.49286,1,5,1,337,605273,51,107905,5.606663826003187,0.1513016385811116
119,0.49287,0,8,0,345,605265,51,107905,5.606589721738486,0.15130333581053607
120,0.49288,0,5,0,350,605260,51,107905,5.606543406573048,0.15130439659826267
121,0.49289,1,8,1,358,605252,52,107904,5.606469302308348,0.15130490383590686
122,0.4929,0,7,0,365,605245,52,107904,5.606404461076735,0.1513063889874346
123,0.49291,0,7,0,372,605238,52,107904,5.606339619845122,0.151307874168118
124,0.49292,2,4,2,376,605234,54,107902,5.606302567712772,0.15130634268919252
125,0.49293,0,15,0,391,605219,54,107902,5.606163622216458,0.1513095253119737
126,0.49294,2,1,2,392,605218,56,107900,5.606154359183371,0.15130735726766117
127,0.49295,0,4,0,396,605214,56,107900,5.60611730705102,0.15130820598109138
128,0.49296,0,8,0,404,605206,56,107900,5.606043202786321,0.15130990343651574
129,0.49297,2,8,2,412,605198,58,107898,5.60596909852162,0.15130922063789448
130,0.49298,0,10,0,422,605188,58,107898,5.605876468190744,0.15131134253091494
131,0.49299,3,5,3,427,605183,61,107895,5.605830153025306,0.15130883297479378
132,0.493,0,10,0,437,605173,61,107895,5.605737522694431,0.15131095491594068
133,0.49301,0,8,0,445,605165,61,107895,5.605663418429731,0.15131265251171008
134,0.49302,2,13,2,458,605152,63,107893,5.605542998999592,0.15131303073438562
135,0.49303,0,2,0,460,605150,63,107893,5.605524472933418,0.1513134551492687
136,0.49304,0,8,0,468,605142,63,107893,5.605450368668717,0.1513151528326099
137,0.49305,2,3,2,471,605139,65,107891,5.6054225795694546,0.1513134089729745
138,0.49306,2,7,2,478,605132,67,107889,5.605357738337841,0.15131251393717718
139,0.49307,1,7,1,485,605125,68,107888,5.605292897106229,0.15131280916336728
140,0.49308,0,4,0,489,605121,68,107888,5.605255844973878,0.15131365803236704
141,0.49309,1,6,1,495,605115,69,107887,5.605200266775353,0.1513137410554248
142,0.4931,1,7,1,502,605108,70,107886,5.6051354255437404,0.1513140363032508
143,0.49311,1,7,1,509,605101,71,107885,5.605070584312127,0.1513143315577024
144,0.49312,2,7,2,516,605094,73,107883,5.605005743080515,0.15131343647831558
145,0.49313,1,8,1,524,605086,74,107882,5.604931638815814,0.15131394396382447
146,0.49314,1,6,1,530,605080,75,107881,5.604876060617289,0.15131402699446395
147,0.49315,1,11,1,541,605069,76,107880,5.604774167253326,0.15131517121140503
148,0.49316,2,8,2,549,605061,78,107878,5.604700062988625,0.15131448833630928
149,0.49317,0,1,0,550,605060,78,107878,5.604690799955537,0.15131470057704877
150,0.49318,3,17,3,567,605043,81,107875,5.604533328393049,0.15131473745928703
151,0.49319,0,11,0,578,605032,81,107875,5.604431435029086,0.15131707221278512
152,0.4932,1,8,1,586,605024,82,107874,5.604357330764386,0.15131757979402383
153,0.49321,0,10,0,596,605014,82,107874,5.60426470043351,0.1513197023936439
154,0.49322,1,10,1,606,605004,83,107873,5.604172070102634,0.1513206345554703
155,0.49323,1,7,1,613,604997,84,107872,5.604107228871022,0.151320929932428
156,0.49324,0,7,0,620,604990,84,107872,5.604042387639408,0.1513224158392508
157,0.49325,2,5,2,625,604985,86,107870,5.603996072473971,0.15132109615559966
158,0.49326,2,2,2,627,604983,88,107868,5.603977546407796,0.15131913962384846
159,0.49327,0,6,0,633,604977,88,107868,5.603921968209271,0.1513204132735728
160,0.49328,1,7,1,640,604970,89,107867,5.603857126977657,0.15132070866130687
161,0.49329,1,11,1,651,604959,90,107866,5.603755233613694,0.1513218531897731
162,0.4933,2,10,2,661,604949,92,107864,5.603662603282819,0.1513215948642912
163,0.49331,2,8,2,669,604941,94,107862,5.603588499018119,0.15132091194902378
164,0.49332,2,5,2,674,604936,96,107860,5.603542183852681,0.15131959214137003
165,0.49333,0,13,0,687,604923,96,107860,5.603421764422542,0.151322351964062
166,0.49334,1,14,1,701,604909,97,107859,5.603292081959316,0.15132413351890095
167,0.49335,1,11,1,712,604898,98,107858,5.603190188595353,0.151325278215827
168,0.49336,0,13,0,725,604885,98,107858,5.603069769165216,0.1513280382971141
169,0.49337,1,9,1,734,604876,99,107857,5.602986401867428,0.15132875845512977
170,0.49338,0,13,0,747,604863,99,107857,5.602865982437289,0.15133151868896622
171,0.49339,3,4,3,751,604859,102,107854,5.6028289303049394,0.15132879574246577
172,0.4934,2,13,2,764,604846,104,107852,5.602708510874801,0.15132917448905428
173,0.49341,4,8,4,772,604838,108,107848,5.6026344066101,0.15132610995585713
174,0.49342,1,8,1,780,604830,109,107847,5.6025603023454,0.1513266178086286
175,0.49343,2,16,2,796,604814,111,107845,5.602412093815999,0.1513276335526528
176,0.49344,4,7,4,803,604807,115,107841,5.602347252584386,0.15132435648454778
177,0.49345,1,16,1,819,604791,116,107840,5.602199044054985,0.15132656311611478
178,0.49346,0,13,0,832,604778,116,107840,5.6020786246248475,0.1513293237049864
179,0.49347,2,15,2,847,604763,118,107838,5.601939679128534,0.1513301272381038
180,0.49348,0,11,0,858,604752,118,107838,5.6018377857645705,0.15133246326779776
181,0.49349,3,20,3,878,604732,121,107835,5.6016525251028195,0.15133313779616514
182,0.4935,1,14,1,892,604718,122,107834,5.601522842639594,0.15133492011811067
183,0.49351,2,10,2,902,604708,124,107832,5.601430212308719,0.1513346619137171
184,0.49352,0,10,0,912,604698,124,107832,5.601337581977843,0.15133678581954443
185,0.49353,1,18,1,930,604680,125,107831,5.601170847382267,0.15133941791775846
186,0.49354,2,13,2,943,604667,127,107829,5.601050427952129,0.15133979699535155
187,0.49355,3,13,3,956,604654,130,107826,5.60093000852199,0.1513389849539636
188,0.49356,0,11,0,967,604643,130,107826,5.600828115158027,0.15134132151714672
189,0.49357,1,16,1,983,604627,131,107825,5.600679906628627,0.15134352910792587
190,0.49358,2,11,2,994,604616,133,107823,5.600578013264664,0.15134348344209117
191,0.49359,3,20,3,1014,604596,136,107820,5.600392752602913,0.151344158469209
192,0.4936,3,15,3,1029,604581,139,107817,5.600253807106599,0.15134377131884144
193,0.49361,3,15,3,1044,604566,142,107814,5.600114861610286,0.1513433841489093
194,0.49362,4,19,4,1063,604547,146,107810,5.599938863981622,0.15134265543821426
195,0.49363,0,11,0,1074,604536,146,107810,5.599836970617659,0.15134499246152852
196,0.49364,1,18,1,1092,604518,147,107809,5.599670236022083,0.1513476254585324
197,0.49365,0,14,0,1106,604504,147,107809,5.599540553558858,0.15135060008732115
198,0.49366,3,15,3,1121,604489,150,107806,5.599401608062544,0.15135021304375293
199,0.49367,3,27,3,1148,604462,153,107803,5.59915150616918,0.15135237587134
200,0.49368,2,13,2,1161,604449,155,107801,5.599031086739042,0.15135275535275536
201,0.49369,0,20,0,1181,604429,155,107801,5.598845826077291,0.15135700546171882
202,0.4937,2,8,2,1189,604421,157,107799,5.59877172181259,0.15135632248462555
203,0.49371,1,21,1,1210,604400,158,107798,5.598577198117752,0.15135959382081948
204,0.49372,5,12,5,1222,604388,163,107793,5.598466041720701,0.15135618613807444
205,0.49373,3,18,3,1240,604370,166,107790,5.598299307125125,0.15135643675578522
206,0.49374,0,13,0,1253,604357,166,107790,5.598178887694987,0.151359199715789
207,0.49375,4,12,4,1265,604345,170,107786,5.598067731297936,0.15135698347635476
208,0.49376,1,12,1,1277,604333,171,107785,5.597956574900886,0.15135834229720355
209,0.49377,0,16,0,1293,604317,171,107785,5.597808366371485,0.15136174312106973
210,0.49378,4,17,4,1310,604300,175,107781,5.5976508948089965,0.15136058959584653
211,0.49379,4,18,4,1328,604282,179,107777,5.59748416021342,0.15135964856844727
212,0.4938,0,19,0,1347,604263,179,107777,5.597308162584757,0.15136368743329026
213,0.49381,2,13,2,1360,604250,181,107775,5.597187743154619,0.1513640672729188
214,0.49382,3,14,3,1374,604236,184,107772,5.597058060691393,0.1513634678262042
215,0.49383,4,16,4,1390,604220,188,107768,5.596909852161992,0.15136210160845406
216,0.49384,5,12,5,1402,604208,193,107763,5.596798695764941,0.15135869298047253
217,0.49385,2,17,2,1419,604191,195,107761,5.596641224202453,0.1513599231408859
218,0.49386,4,19,4,1438,604172,199,107757,5.596465226573789,0.15135919452642047
219,0.49387,1,28,1,1466,604144,200,107756,5.596205861647338,0.15136395561174323
220,0.49388,2,19,2,1485,604125,202,107754,5.596029864018674,0.15136561129068282
221,0.49389,4,20,4,1505,604105,206,107750,5.595844603356923,0.1513650954197133
222,0.4939,4,26,4,1531,604079,210,107746,5.595603764496647,0.1513658553717557
223,0.49391,2,17,2,1548,604062,212,107744,5.595446292934159,0.15136708597567314
224,0.49392,1,18,1,1566,604044,213,107743,5.595279558338582,0.15136972155996106
225,0.49393,2,19,2,1585,604025,215,107741,5.595103560709918,0.1513713776718753
226,0.49394,0,15,0,1600,604010,215,107741,5.594964615213605,0.15137456779126407
227,0.49395,8,21,8,1621,603989,223,107733,5.594770091518767,0.15136949539286407
228,0.49396,2,28,2,1649,603961,225,107731,5.594510726592316,0.15137306587681187
229,0.49397,4,21,4,1670,603940,229,107727,5.594316202897477,0.15137276282306192
230,0.49398,2,29,2,1699,603911,231,107725,5.594047574937938,0.15137654643666143
231,0.49399,4,20,4,1719,603891,235,107721,5.593862314276187,0.15137603075833458
232,0.494,8,23,8,1742,603868,243,107713,5.5936492645151725,0.15137138287840737
233,0.49401,6,20,6,1762,603848,249,107707,5.593464003853422,0.15136848170556036
234,0.49402,3,21,3,1783,603827,252,107704,5.593269480158583,0.15136937111664847
235,0.49403,6,26,6,1809,603801,258,107698,5.593028641298306,0.15136774612473103
236,0.49404,3,21,3,1830,603780,261,107695,5.592834117603468,0.15136863558101127
237,0.49405,3,13,3,1843,603767,264,107692,5.59271369817333,0.15136782302283056
238,0.49406,2,23,2,1866,603744,266,107690,5.592500648412316,0.15137033090912158
239,0.49407,5,19,5,1885,603725,271,107685,5.592324650783652,0.1513684092155016
240,0.49408,1,25,1,1910,603700,272,107684,5.5920930749564635,0.15137253578939083
241,0.49409,5,29,5,1939,603671,277,107679,5.591824446996925,0.15137274196949463
242,0.4941,6,19,6,1958,603652,283,107673,5.591648449368261,0.1513696271043475
243,0.49411,7,30,7,1988,603622,290,107666,5.591370558375634,0.15136765979462607
244,0.49412,7,33,7,2021,603589,297,107659,5.5910648782837455,0.1513663307313342
245,0.49413,2,27,2,2048,603562,299,107657,5.590814776390381,0.15136969062974978
246,0.49414,4,28,4,2076,603534,303,107653,5.59055541146393,0.1513708771392053
247,0.49415,1,18,1,2094,603516,304,107652,5.590388676868354,0.1513735151187905
248,0.49416,1,18,1,2112,603498,305,107651,5.590221942272778,0.1513761532393352
249,0.49417,5,29,5,2141,603469,310,107646,5.589953314313239,0.15137635966053312
250,0.49418,2,20,2,2161,603449,312,107644,5.589768053651488,0.15137823041430587
251,0.49419,3,22,3,2183,603427,315,107641,5.589564266923562,0.15137933362210085
252,0.4942,4,26,4,2209,603401,319,107637,5.589323428063285,0.15138009501601885
253,0.49421,5,23,5,2232,603378,324,107632,5.589110378302271,0.15137902420500415
254,0.49422,3,19,3,2251,603359,327,107629,5.588934380673607,0.15137948882400265
255,0.49423,3,24,3,2275,603335,330,107626,5.588712067879507,0.15138101808678675
256,0.49424,3,29,3,2304,603306,333,107623,5.588443439919968,0.15138361214692325
257,0.49425,3,32,3,2336,603274,336,107620,5.588147022861166,0.1513868452962045
258,0.49426,2,28,2,2364,603246,338,107618,5.587887657934714,0.15139042067118325
259,0.49427,2,26,2,2390,603220,340,107616,5.587646819074438,0.15139357038754367
260,0.49428,2,37,2,2427,603183,342,107614,5.587304086850199,0.15139906330499425
261,0.49429,5,26,5,2453,603157,347,107609,5.587063247989922,0.15139863189854327
262,0.4943,4,26,4,2479,603131,351,107605,5.5868224091296455,0.15139939443056213
263,0.49431,3,31,3,2510,603100,354,107602,5.586535255103931,0.15140241620257155
264,0.49432,6,29,6,2539,603071,360,107596,5.586266627144393,0.1514014299242824
265,0.49433,3,34,3,2573,603037,363,107593,5.585951684019415,0.1514050912570536
266,0.49434,4,37,4,2610,603000,367,107589,5.585608951795176,0.1514081979878664
267,0.49435,4,37,4,2647,602963,371,107585,5.585266219570936,0.151411305077208
268,0.49436,10,32,10,2679,602931,381,107575,5.584969802512134,0.15140618094709968
269,0.49437,6,30,6,2709,602901,387,107569,5.584691911519508,0.1514054076878686
270,0.49438,7,33,7,2742,602868,394,107562,5.584386231427619,0.15140407921962756
271,0.49439,4,36,4,2778,602832,398,107558,5.584052762236467,0.15140697363420094
272,0.4944,5,35,5,2813,602797,403,107553,5.583728556078403,0.1514084606180052
273,0.49441,9,29,9,2842,602768,412,107544,5.583459928118863,0.15140389012152405
274,0.49442,3,39,3,2881,602729,415,107541,5.583098669828448,0.15140861925746546
275,0.49443,5,29,5,2910,602700,420,107536,5.58283004186891,0.15140882748832782
276,0.49444,5,35,5,2945,602665,425,107531,5.582505835710845,0.15141031489898563
277,0.49445,7,39,7,2984,602626,432,107524,5.58214457742043,0.15141026543687952
278,0.49446,5,46,5,3030,602580,437,107519,5.581718477898403,0.1514140985975195
279,0.49447,2,39,2,3069,602541,439,107517,5.581357219607988,0.15142002484304098
280,0.49448,7,41,7,3110,602500,446,107510,5.580977435251398,0.15142040252954184
281,0.49449,9,43,9,3153,602457,455,107501,5.580579124828634,0.15141881632434595
282,0.4945,9,34,9,3187,602423,464,107492,5.580264181703657,0.1514153102836255
283,0.49451,4,39,4,3226,602384,468,107488,5.5799029234132425,0.15141884734149255
284,0.49452,7,31,7,3257,602353,475,107481,5.579615769387528,0.15141709188345445
285,0.49453,5,42,5,3299,602311,480,107476,5.579226721997851,0.1514200739094968
286,0.49454,3,34,3,3333,602277,483,107473,5.578911778872874,0.15142374075378653
287,0.49455,8,38,8,3371,602239,491,107465,5.578559783615547,0.1514222830926696
288,0.49456,5,37,5,3408,602202,496,107460,5.578217051391308,0.151424199125781
289,0.49457,9,42,9,3450,602160,505,107451,5.57782800400163,0.15142239903270946
290,0.49458,3,48,3,3498,602112,508,107448,5.577383378413428,0.15142905462540165
291,0.49459,4,49,4,3547,602063,512,107444,5.576929489792137,0.15143472862142304
292,0.4946,9,39,9,3586,602024,521,107435,5.576568231501723,0.15143228854662497
293,0.49461,4,45,4,3631,601979,525,107431,5.576151395012783,0.1514371097108865
294,0.49462,4,49,4,3680,601930,529,107427,5.575697506391493,0.1514427855085662
295,0.49463,8,55,8,3735,601875,537,107419,5.575188039571677,0.15144495794409651
296,0.49464,3,61,3,3796,601814,540,107416,5.574622994553336,0.15145439420216292
297,0.49465,6,46,6,3842,601768,546,107410,5.574196895031309,0.15145703899444146
298,0.49466,6,47,6,3889,601721,552,107404,5.573761532476194,0.15145989776132557
299,0.49467,5,40,5,3929,601681,557,107399,5.573391011152692,0.15146245839679584
300,0.49468,13,56,13,3985,601625,570,107386,5.572872281299789,0.1514588631206004
301,0.49469,5,47,5,4032,601578,575,107381,5.572436918744674,0.15146291957644942
302,0.4947,7,48,7,4080,601530,582,107374,5.571992293156471,0.15146479636170765
303,0.49471,5,48,5,4128,601482,587,107369,5.571547667568269,0.15146906754734069
304,0.49472,5,56,5,4184,601426,592,107364,5.571028937715366,0.1514750490272154
305,0.49473,8,58,8,4242,601368,600,107356,5.5704916817962875,0.15147786726567747
306,0.49474,10,43,10,4285,601325,610,107346,5.570093371373522,0.1514750850535721
307,0.49475,9,52,9,4337,601273,619,107337,5.56961169365297,0.15147542371685413
308,0.49476,7,49,7,4386,601224,626,107330,5.569157805031679,0.15147751618084154
309,0.49477,5,53,5,4439,601171,631,107325,5.568666864278039,0.15148285946568504
310,0.49478,9,48,9,4487,601123,640,107316,5.568222238689836,0.15148234357509963
311,0.49479,6,63,6,4550,601060,646,107310,5.567638667605321,0.1514886288239197
312,0.4948,8,49,8,4599,601011,654,107302,5.56718477898403,0.15148952511107378
313,0.49481,9,52,9,4651,600959,663,107293,5.566703101263478,0.15148986518922644
314,0.49482,9,61,9,4712,600898,672,107284,5.566138056245137,0.15149213055401012
315,0.49483,6,58,6,4770,600840,678,107278,5.565600800326059,0.15149734931183786
316,0.49484,6,50,6,4820,600790,684,107272,5.565137648671681,0.15150085726956114
317,0.49485,13,60,13,4880,600730,697,107259,5.564581866686428,0.15149811649616024
318,0.49486,7,52,7,4932,600678,704,107252,5.564100188965875,0.1515008546042688
319,0.49487,10,57,10,4989,600621,714,107242,5.5635721960798845,0.15150106729692045
320,0.49488,9,54,9,5043,600567,723,107233,5.563071992293157,0.1515018366770274
321,0.49489,5,57,5,5100,600510,728,107228,5.562543999407166,0.1515080439371632
322,0.4949,8,73,8,5173,600437,736,107220,5.561867797991774,0.1515140809742573
323,0.49491,12,53,12,5226,600384,748,107208,5.561376857238134,0.1515110402604891
324,0.49492,11,58,11,5284,600326,759,107197,5.5608396013190555,0.15151026892411978
325,0.49493,7,60,7,5344,600266,766,107190,5.560283819333803,0.15151472317713044
326,0.49494,10,68,10,5412,600198,776,107180,5.559653933083849,0.1515172934414132
327,0.49495,11,62,11,5474,600136,787,107169,5.559079625032421,0.15151737934837164
328,0.49496,9,67,9,5541,600069,796,107160,5.558459001815555,0.15152093593447102
329,0.49497,6,62,6,5603,600007,802,107154,5.557884693764126,0.1515270214279351
330,0.49498,2,68,2,5671,599939,804,107152,5.557254807514172,0.15153919368228416
331,0.49499,6,56,6,5727,599883,810,107146,5.556736077661269,0.15154399607371127
332,0.495,8,84,8,5811,599799,818,107138,5.555957982881915,0.15155240141625068
333,0.49501,18,68,18,5879,599731,836,107120,5.555328096631961,0.1515453751922258
334,0.49502,12,64,12,5943,599667,848,107108,5.554735262514358,0.1515446924410173
335,0.49503,9,67,9,6010,599600,857,107099,5.554114639297492,0.15154825463174562
336,0.49504,14,77,14,6087,599523,871,107085,5.5534013857497495,0.151547958698458
337,0.49505,14,65,14,6152,599458,885,107071,5.552799288599059,0.15154508873662653
338,0.49506,9,72,9,6224,599386,894,107062,5.5521323502167546,0.1515497248205105
339,0.49507,13,69,13,6293,599317,907,107049,5.551493200933714,0.1515489137359386
340,0.49508,13,66,13,6359,599251,920,107036,5.550881840749935,0.1515474587526034
341,0.49509,11,61,11,6420,599190,931,107025,5.550316795731594,0.15154733331917333
342,0.4951,9,80,9,6500,599110,940,107016,5.54957575308459,0.15155368871844402
343,0.49511,10,70,10,6570,599040,950,107006,5.548927340768461,0.15155669743897707
344,0.49512,6,66,6,6636,598974,956,107000,5.5483159805846824,0.15156365531875113
345,0.49513,9,91,9,6727,598883,965,106991,5.5474730445737155,0.15157237693979378
346,0.49514,9,70,9,6797,598813,974,106982,5.546824632257587,0.15157659093646172
347,0.49515,8,80,8,6877,598733,982,106974,5.546083589610582,0.15158415603076064
348,0.49516,17,81,17,6958,598652,999,106957,5.54533328393049,0.15158111645401348
349,0.49517,13,67,13,7025,598585,1012,106944,5.544712660713624,0.1515798783607761
350,0.49518,5,69,5,7094,598516,1017,106939,5.544073511430583,0.1515886909866682
351,0.49519,11,88,11,7182,598428,1028,106928,5.543258364518878,0.15159437220353977
352,0.4952,7,84,7,7266,598344,1035,106921,5.5424802697395235,0.1516040070044593
353,0.49521,13,81,13,7347,598263,1048,106908,5.5417299640594315,0.15160578072552616
354,0.49522,8,68,8,7415,598195,1056,106900,5.541100077809478,0.15161077585289925
355,0.49523,9,82,9,7497,598113,1065,106891,5.540340509096298,0.15161757947472637
356,0.49524,11,64,11,7561,598049,1076,106880,5.539747674978695,0.15161810622062646
357,0.49525,14,77,14,7638,597972,1090,106866,5.539034421430953,0.15161781856256332
358,0.49526,9,98,9,7736,597874,1099,106857,5.538126644188373,0.15162806801460416
359,0.49527,9,88,9,7824,597786,1108,106848,5.537311497276669,0.1516361685641056
360,0.49528,13,73,13,7897,597713,1121,106835,5.536635295861277,0.15163622634653706
361,0.49529,15,83,15,7980,597630,1136,106820,5.53586646411501,0.15163602810703386
362,0.4953,13,80,13,8060,597550,1149,106807,5.535125421468005,0.15163759286838918
363,0.49531,12,101,12,8161,597449,1161,106795,5.534189855126162,0.15164488444345994
364,0.49532,14,103,14,8264,597346,1175,106781,5.533235762718144,0.15165019946685754
365,0.49533,10,89,10,8353,597257,1185,106771,5.5324113527733525,0.1516573204474822
366,0.49534,10,86,10,8439,597171,1195,106761,5.531614731927823,0.15166379707130803
367,0.49535,17,75,17,8514,597096,1212,106744,5.530920004446256,0.15165946806092293
368,0.49536,12,96,12,8610,597000,1224,106732,5.530030753269851,0.15166569091642843
369,0.49537,13,105,13,8715,596895,1237,106719,5.529058134795657,0.15167265006097094
370,0.49538,15,84,15,8799,596811,1252,106704,5.528280040016303,0.15167267222447284
371,0.49539,4,82,4,8881,596729,1256,106700,5.527520471303124,0.15168552902993762
372,0.4954,12,85,12,8966,596644,1268,106688,5.526733113490681,0.15168938708888546
373,0.49541,28,89,28,9055,596555,1296,106660,5.525908703545889,0.15167480784681783
374,0.49542,8,101,8,9156,596454,1304,106652,5.5249731372040465,0.1516869433627362
375,0.49543,18,106,18,9262,596348,1322,106634,5.523991255696766,0.15168809443200537
376,0.49544,21,102,21,9364,596246,1343,106613,5.523046426321835,0.1516847618085562
377,0.49545,10,76,10,9440,596170,1353,106603,5.522342435807181,0.1516890944871246
378,0.49546,15,91,15,9531,596079,1368,106588,5.521499499796214,0.15169063012778458
379,0.49547,16,98,16,9629,595981,1384,106572,5.520591722553633,0.15169247017662724
380,0.49548,13,87,13,9716,595894,1397,106559,5.519785838675015,0.15169555827934394
381,0.49549,15,88,15,9804,595806,1412,106544,5.518970691763311,0.15169644764006548
382,0.4955,7,87,7,9891,595719,1419,106537,5.518164807884694,0.15170678499008908
383,0.49551,13,93,13,9984,595626,1432,106524,5.5173033458075516,0.15171117282631916
384,0.49552,16,108,16,10092,595518,1448,106508,5.516302938234095,0.15171517864010733
385,0.49553,14,92,14,10184,595426,1462,106494,5.51545073919004,0.15171814451789378
386,0.49554,13,111,13,10295,595315,1475,106481,5.5144225425173214,0.15172642762284197
387,0.49555,13,82,13,10377,595233,1488,106468,5.513662973804142,0.15172844274128156
388,0.49556,10,111,10,10488,595122,1498,106458,5.512634777131424,0.1517403574788335
389,0.49557,16,97,16,10585,595025,1514,106442,5.511736262921931,0.15174199213933087
390,0.49558,13,100,13,10685,594925,1527,106429,5.510809959613176,0.15174790476706485
391,0.49559,15,99,15,10784,594826,1542,106414,5.509892919337508,0.15175118361759168
392,0.4956,17,98,17,10882,594728,1559,106397,5.508985142094928,0.1517518274202175
393,0.49561,10,116,10,10998,594612,1569,106387,5.507910630256771,0.15176483846624603
394,0.49562,13,106,13,11104,594506,1582,106374,5.50692874874949,0.15177205798424837
395,0.49563,14,94,14,11198,594412,1596,106360,5.506058023639261,0.15177547048112652
396,0.49564,11,105,11,11303,594307,1607,106349,5.505085405165067,0.151784898723482
397,0.49565,10,118,10,11421,594189,1617,106339,5.503992367260736,0.15179835781010895
398,0.49566,16,116,16,11537,594073,1633,106323,5.50291785542258,0.15180412223941883
399,0.49567,6,132,6,11669,593941,1639,106317,5.501695135055022,0.15182547004104202
400,0.49568,21,113,21,11782,593828,1660,106296,5.500648412316129,0.1518245339397021
401,0.49569,7,129,7,11911,593699,1667,106289,5.499453481047834,0.1518440316119705
402,0.4957,18,118,18,12029,593581,1685,106271,5.498360443143503,0.15184781925321353
403,0.49571,18,105,18,12134,593476,1703,106253,5.4973878246693095,0.15184878717331995
404,0.49572,17,112,17,12246,593364,1720,106236,5.4963503649635035,0.151852487135506
405,0.49573,18,105,18,12351,593259,1738,106218,5.495377746489311,0.1518534562251511
406,0.49574,25,108,25,12459,593151,1763,106193,5.494377338915855,0.15184658765929213
407,0.49575,13,117,13,12576,593034,1776,106180,5.4932935640446106,0.1518562271350402
408,0.49576,9,124,9,12700,592910,1785,106171,5.492144947941754,0.1518722437028041
409,0.49577,21,110,21,12810,592800,1806,106150,5.491126014302123,0.15187066313756348
410,0.49578,15,97,15,12907,592703,1821,106135,5.49022750009263,0.15187353864558023
411,0.49579,18,130,18,13037,592573,1839,106117,5.489023305791248,0.15187994675750333
412,0.4958,13,139,13,13176,592434,1852,106104,5.487735744192078,0.151894385130086
413,0.49581,18,119,18,13295,592315,1870,106086,5.486633443254659,0.15189840793469656
414,0.49582,15,123,15,13418,592192,1885,106071,5.48549409018489,0.15190694623658993
415,0.49583,15,140,15,13558,592052,1900,106056,5.484197265552632,0.15191918728907275
416,0.49584,14,124,14,13682,591928,1914,106042,5.483048649449776,0.15192916601000042
417,0.49585,17,138,17,13820,591790,1931,106025,5.481770350883694,0.15193855104863035
418,0.49586,30,146,30,13966,591644,1961,105995,5.48041794805291,0.15193387984330003
419,0.49587,21,134,21,14100,591510,1982,105974,5.479176701619179,0.15193753548468494
420,0.49588,16,155,16,14255,591355,1998,105958,5.477740931490607,0.1519518494564134
421,0.49589,22,149,22,14404,591206,2020,105936,5.476360739560562,0.15195756388225068
422,0.4959,16,119,16,14523,591087,2036,105920,5.475258438623142,0.15196404053330884
423,0.49591,15,142,15,14665,590945,2051,105905,5.47394308792471,0.15197675252923873
424,0.49592,22,144,22,14809,590801,2073,105883,5.472609211160102,0.15198138610905373
425,0.49593,15,151,15,14960,590650,2088,105868,5.471210493163881,0.15199607188902511
426,0.49594,20,137,20,15097,590513,2108,105848,5.4699414576308865,0.15200161984947463
427,0.49595,24,127,24,15224,590386,2132,105824,5.468765052428767,0.15200011490785825
428,0.49596,33,147,33,15371,590239,2165,105791,5.4674033865648966,0.15199201183857017
429,0.49597,20,152,20,15523,590087,2185,105771,5.465995405535589,0.15200083925168642
430,0.49598,15,145,15,15668,589942,2200,105756,5.464652265737893,0.1520142360621994
431,0.49599,21,165,21,15833,589777,2221,105735,5.463123865278447,0.15202469547613845
432,0.496,21,157,21,15990,589620,2242,105714,5.461669569083701,0.15203341128148487
433,0.49601,24,151,24,16141,589469,2266,105690,5.46027085108748,0.1520371598440069
434,0.49602,20,170,20,16311,589299,2286,105670,5.458696135462596,0.1520499475516174
435,0.49603,22,174,22,16485,589125,2308,105648,5.457084367705361,0.1520611768160248
436,0.49604,22,183,22,16668,588942,2330,105626,5.455389232650339,0.15207438292578984
437,0.49605,26,165,26,16833,588777,2356,105600,5.453860832190893,0.15207876989013172
438,0.49606,27,158,27,16991,588619,2383,105573,5.452397272963059,0.1520804042685597
439,0.49607,25,164,25,17155,588455,2408,105548,5.4508781355367,0.1520857979000091
440,0.49608,15,161,15,17316,588294,2423,105533,5.449386787209604,0.15210275760384073
441,0.49609,20,167,20,17483,588127,2443,105513,5.447839860683982,0.15211492993483652
442,0.4961,18,162,18,17645,587965,2461,105495,5.446339249323799,0.15212845730107
443,0.49611,19,167,19,17812,587798,2480,105476,5.444792322798177,0.15214186598660848
444,0.49612,32,150,32,17962,587648,2512,105444,5.443402867835044,0.15213564721566544
445,0.49613,17,176,17,18138,587472,2529,105427,5.441772574011634,0.152153488459357
446,0.49614,20,171,20,18309,587301,2549,105407,5.440188595353662,0.15216656946361237
447,0.49615,19,181,19,18490,587120,2568,105388,5.438511986364816,0.15218307947345014
448,0.49616,30,150,30,18640,586970,2598,105358,5.437122531401682,0.15217931385123815
449,0.49617,20,167,20,18807,586803,2618,105338,5.43557560487606,0.15219153322805612
450,0.49618,21,158,21,18965,586645,2639,105317,5.434112045648227,0.15220055436570215
451,0.49619,24,171,24,19136,586474,2663,105293,5.432528066990256,0.15220876393352098
452,0.4962,19,155,19,19291,586319,2682,105274,5.431092296861684,0.15221958579684872
453,0.49621,25,172,25,19463,586147,2707,105249,5.429499055170625,0.15222679911367726
454,0.49622,18,161,18,19624,585986,2725,105231,5.428007706843529,0.15224017927799807
455,0.49623,18,160,18,19784,585826,2743,105213,5.42652562154952,0.15225334604848642
456,0.49624,20,174,20,19958,585652,2763,105193,5.424913853792286,0.15226715109756891
457,0.49625,23,163,23,20121,585489,2786,105170,5.423403979399015,0.1522748563328647
458,0.49626,21,181,21,20302,585308,2807,105149,5.421727370410167,0.15228899120437622
459,0.49627,29,146,29,20448,585162,2836,105120,5.420374967579384,0.15228558762940364
460,0.49628,22,153,22,20601,585009,2858,105098,5.418957723516988,0.15229232568282888
461,0.49629,15,166,15,20767,584843,2873,105083,5.417420060024455,0.15231053765186411
462,0.4963,24,174,24,20941,584669,2897,105059,5.41580829226722,0.15231946506448918
463,0.49631,26,169,26,21110,584500,2923,105033,5.414242839675423,0.1523248343444041
464,0.49632,33,163,33,21273,584337,2956,105000,5.412732965282152,0.15232027295792913
465,0.49633,39,165,39,21438,584172,2995,104961,5.411204564822706,0.15230877058564893
466,0.49634,27,164,27,21602,584008,3022,104934,5.409685427396346,0.15231180563821048
467,0.49635,28,161,28,21763,583847,3050,104906,5.408194079069251,0.15231294818316582
468,0.49636,20,151,20,21914,583696,3070,104886,5.40679536107303,0.1523217278406929
469,0.49637,18,172,18,22086,583524,3088,104868,5.40520211938197,0.15233762158770003
470,0.49638,27,160,27,22246,583364,3115,104841,5.403720034087962,0.1523397824776048
471,0.49639,19,174,19,22420,583190,3134,104822,5.402108266330727,0.15235490078661418
472,0.4964,36,161,36,22581,583029,3170,104786,5.400616918003631,0.15234619774212543
473,0.49641,25,134,25,22715,582895,3195,104761,5.399375671569899,0.1523450678827786
474,0.49642,26,177,26,22892,582718,3221,104735,5.3977361147134015,0.15235223353451072
475,0.49643,18,150,18,23042,582568,3239,104717,5.396346659750269,0.15236328451806747
476,0.49644,20,159,20,23201,582409,3259,104697,5.394873837489348,0.15237386953395837
477,0.49645,25,165,25,23366,582244,3284,104672,5.393345437029901,0.15237962138019787
478,0.49646,26,173,26,23539,582071,3310,104646,5.391742932305754,0.15238591734295204
479,0.49647,22,162,22,23701,581909,3332,104624,5.39024232094557,0.15239471372825486
480,0.49648,23,165,23,23866,581744,3355,104601,5.388713920486124,0.15240294604025673
481,0.49649,27,170,27,24036,581574,3382,104574,5.387139204861239,0.15240735234963884
482,0.4965,24,173,24,24209,581401,3406,104550,5.385536700137093,0.15241613468017395
483,0.49651,18,170,18,24379,581231,3424,104532,5.383961984512209,0.15243167100003938
484,0.49652,15,176,15,24555,581055,3439,104517,5.382331690688799,0.15245225884371008
485,0.49653,22,182,22,24737,580873,3461,104495,5.380645818666864,0.15246553676273183
486,0.49654,24,154,24,24891,580719,3485,104471,5.379219311571381,0.15247011777755076
487,0.49655,32,180,32,25071,580539,3517,104439,5.377551965615621,0.15247059029633067
488,0.49656,31,175,31,25246,580364,3548,104408,5.375930934825299,0.1524711874901427
489,0.49657,22,160,22,25406,580204,3570,104386,5.374448849531291,0.15247958632174002
490,0.49658,26,165,26,25571,580039,3596,104360,5.372920449071844,0.15248415032751364
491,0.49659,18,175,18,25746,579864,3614,104342,5.371299418281522,0.1525008550056562
492,0.4966,19,181,19,25927,579683,3633,104323,5.369622809292675,0.15251766797367275
493,0.49661,19,169,19,26096,579514,3652,104304,5.368057356700878,0.15253181402068972
494,0.49662,23,185,23,26281,579329,3675,104281,5.366343695579681,0.15254457951170988
495,0.49663,26,164,26,26445,579165,3701,104255,5.364824558153321,0.15254894501185215
496,0.49664,21,147,21,26592,579018,3722,104234,5.363462892289451,0.15255571882702137
497,0.49665,31,166,31,26758,578852,3753,104203,5.361925228796918,0.15255433310641164
498,0.49666,28,161,28,26919,578691,3781,104175,5.360433880469821,0.15255555262672324
499,0.49667,25,158,25,27077,578533,3806,104150,5.358970321241988,0.15255982644946484
500,0.49668,26,174,26,27251,578359,3832,104124,5.357358553484753,0.15256643755229068
501,0.49669,32,182,32,27433,578177,3864,104092,5.355672681462818,0.15256738910898782
502,0.4967,21,152,21,27585,578025,3885,104071,5.35426470043351,0.15257529731885247
503,0.49671,20,172,20,27757,577853,3905,104051,5.35267145874245,0.15258892747366198
504,0.49672,28,189,28,27946,577664,3933,104023,5.350920745488903,0.1525964262190712
505,0.49673,22,186,22,28132,577478,3955,104001,5.349197821334617,0.15261071874555196
506,0.49674,27,177,27,28309,577301,3982,103974,5.3475582644781205,0.15261678470514844
507,0.49675,31,208,31,28517,577093,4013,103943,5.34563155359591,0.1526248245320365
508,0.49676,23,196,23,28713,576897,4036,103920,5.343815999110749,0.15264013677684313
509,0.49677,30,164,30,28877,576733,4066,103890,5.34229686168439,0.15263956698495348
510,0.49678,26,180,26,29057,576553,4092,103864,5.34062951572863,0.15264756759457804
511,0.49679,25,191,25,29248,576362,4117,103839,5.338860276408908,0.1526592874753198
512,0.4968,30,162,30,29410,576200,4147,103809,5.337359665048724,0.15265827364049595
513,0.49681,21,201,21,29611,575999,4168,103788,5.335497795398125,0.152677235663524
514,0.49682,28,193,28,29804,575806,4196,103760,5.333710030012227,0.1526856846869914
515,0.49683,28,199,28,30003,575607,4224,103732,5.331866686427804,0.15269548781977776
516,0.49684,27,186,27,30189,575421,4251,103705,5.330143762273519,0.15270362200828713
517,0.49685,29,199,29,30388,575222,4280,103676,5.328300418689095,0.15271218945997778
518,0.49686,31,187,31,30575,575035,4311,103645,5.326568231501723,0.15271556550951848
519,0.49687,35,204,35,30779,574831,4346,103610,5.3246785727518615,0.1527177750165453
520,0.49688,24,208,24,30987,574623,4370,103586,5.3227518618696505,0.15273462900079474
521,0.49689,16,220,16,31207,574403,4386,103570,5.320713994590388,0.1527641956243095
522,0.4969,27,183,27,31390,574220,4413,103543,5.319018859535366,0.15277169157950493
523,0.49691,35,191,35,31581,574029,4448,103508,5.317249620215644,0.152770992580479
524,0.49692,36,190,36,31771,573839,4484,103472,5.315489643929008,0.15276881668834552
525,0.49693,20,189,20,31960,573650,4504,103452,5.31373893067546,0.1527864339493902
526,0.49694,26,190,26,32150,573460,4530,103426,5.311978954388825,0.15279677818716889
527,0.49695,27,191,27,32341,573269,4557,103399,5.310209715069102,0.15280610284511756
528,0.49696,28,222,28,32563,573047,4585,103371,5.308153321723665,0.15282118453382376
529,0.49697,28,200,28,32763,572847,4613,103343,5.306300715106154,0.15283130481077803
530,0.49698,42,219,42,32982,572628,4655,103301,5.30427211085998,0.15282818165813272
531,0.49699,26,225,26,33207,572403,4681,103275,5.302187928415281,0.15284647420812872
532,0.497,25,201,25,33408,572202,4706,103250,5.300326058764682,0.15286060297400852
533,0.49701,39,231,39,33639,571971,4745,103211,5.298186298121457,0.15286396852996673
534,0.49702,30,245,30,33884,571726,4775,103181,5.295916855015006,0.15288180445602134
535,0.49703,35,191,35,34075,571535,4810,103146,5.294147615695283,0.15288113938290837
536,0.49704,26,206,26,34281,571329,4836,103120,5.292239430879247,0.152895178138006
537,0.49705,38,217,38,34498,571112,4874,103082,5.290229352699248,0.15289664399267866
538,0.49706,27,238,27,34736,570874,4901,103055,5.28802475082441,0.15291670190776774
539,0.49707,35,226,35,34962,570648,4936,103020,5.285931305346622,0.15292399223356312
540,0.49708,30,231,30,35193,570417,4966,102990,5.283791544703398,0.15293871314079005
541,0.49709,35,222,35,35415,570195,5001,102955,5.28173515135796,0.15294510881675705
542,0.4971,22,239,22,35654,569956,5023,102933,5.279521286450035,0.15297173828075655
543,0.49711,28,245,28,35899,569711,5051,102905,5.277251843343584,0.15299219762836447
544,0.49712,37,215,37,36114,569496,5088,102868,5.275260291229761,0.15299450892671232
545,0.49713,29,221,29,36335,569275,5117,102839,5.273213160917411,0.1530082694304835
546,0.49714,39,226,39,36561,569049,5156,102800,5.271119715439624,0.1530105723161008
547,0.49715,30,265,30,36826,568784,5186,102770,5.2686650116714215,0.15303311423951016
548,0.49716,20,256,20,37082,568528,5206,102750,5.266293675201008,0.1530662408123013
549,0.49717,24,220,24,37302,568308,5230,102726,5.264255807921746,0.15308613274439148
550,0.49718,39,232,39,37534,568076,5269,102687,5.262106784245433,0.1530898394813071
551,0.49719,38,204,38,37738,567872,5307,102649,5.260217125495572,0.1530884193037951
552,0.4972,33,234,33,37972,567638,5340,102616,5.258049575753085,0.15310016799601345
553,0.49721,32,219,32,38191,567419,5372,102584,5.25602097150691,0.15310976219509465
554,0.49722,33,232,33,38423,567187,5405,102551,5.253871947830597,0.15312107122486704
555,0.49723,35,260,35,38683,566927,5440,102516,5.251463559227833,0.1531362640284535
556,0.49724,26,226,26,38909,566701,5466,102490,5.249370113750047,0.1531550782960321
557,0.49725,37,210,37,39119,566491,5503,102453,5.24742487680166,0.1531563180176517
558,0.49726,31,229,31,39348,566262,5534,102422,5.24530364222461,0.1531695090655676
559,0.49727,30,232,30,39580,566030,5564,102392,5.243154618548298,0.15318466477764048
560,0.49728,25,260,25,39840,565770,5589,102367,5.240746229945533,0.15321258963356318
561,0.49729,32,282,32,40122,565488,5621,102335,5.238134054614843,0.15323671092490077
562,0.4973,41,267,41,40389,565221,5662,102294,5.235660824780466,0.15324599447203432
563,0.49731,36,263,36,40652,564958,5698,102258,5.23322464707844,0.153260713172346
564,0.49732,37,248,37,40900,564710,5735,102221,5.230927414872726,0.15327072815628603
565,0.49733,40,256,40,41156,564454,5775,102181,5.228556078402312,0.15327878074208526
566,0.49734,38,275,38,41431,564179,5813,102143,5.226008744303234,0.15329375287023392
567,0.49735,39,258,39,41689,563921,5852,102104,5.223618881766646,0.1533035546713712
568,0.49736,41,272,41,41961,563649,5893,102063,5.221099336766831,0.1533140457134617
569,0.49737,32,275,32,42236,563374,5925,102031,5.218552002667754,0.1533366896852293
570,0.49738,48,261,48,42497,563113,5973,101983,5.216134351031902,0.15333575904831784
571,0.49739,43,275,43,42772,562838,6016,101940,5.2135870169328244,0.15334442475533186
572,0.4974,38,259,38,43031,562579,6054,101902,5.2111878913631475,0.15335577691461458
573,0.49741,28,239,28,43270,562340,6082,101874,5.2089740264552225,0.1533752676095355
574,0.49742,29,290,29,43560,562050,6111,101845,5.206287746859831,0.15340528246183507
575,0.49743,36,259,36,43819,561791,6147,101809,5.203888621290155,0.15341922845087402
576,0.49744,42,235,42,44054,561556,6189,101767,5.20171180851458,0.1534199778991532
577,0.49745,43,267,43,44321,561289,6232,101724,5.199238578680203,0.15342685588367044
578,0.49746,38,293,38,44614,560996,6270,101686,5.19652450998555,0.15344614762435074
579,0.49747,47,240,47,44854,560756,6317,101639,5.194301382044537,0.15344167754889454
580,0.49748,48,242,48,45096,560514,6365,101591,5.192059728037348,0.1534363884882307
581,0.49749,44,238,44,45334,560276,6409,101547,5.18985512616251,0.15343528405631113
582,0.4975,31,258,31,45592,560018,6440,101516,5.1874652636259215,0.15345545353677967
583,0.49751,40,238,40,45830,559780,6480,101476,5.185260661751084,0.1534594771162757
584,0.49752,26,251,26,46081,559529,6506,101450,5.182935640446107,0.15348445260742022
585,0.49753,38,259,38,46340,559270,6544,101412,5.180536514876431,0.15349593299045533
586,0.49754,48,247,48,46587,559023,6592,101364,5.178248545703806,0.15349181616234117
587,0.49755,40,261,40,46848,558762,6632,101324,5.175830894067953,0.1535012104483355
588,0.49756,36,261,36,47109,558501,6668,101288,5.173413242432102,0.15351574518520314
589,0.49757,43,269,43,47378,558232,6711,101245,5.17092148653155,0.15352317063369914
590,0.49758,38,270,38,47648,557962,6749,101207,5.16842046759791,0.15353725675813032
591,0.49759,46,249,46,47897,557713,6795,101161,5.166113972359109,0.15353618446015474
592,0.4976,42,226,42,48123,557487,6837,101119,5.164020526881322,0.1535348903593347
593,0.49761,36,259,36,48382,557228,6873,101083,5.1616214013116455,0.15354900647262465
594,0.49762,39,254,39,48636,556974,6912,101044,5.1592685909074065,0.1535581093526317
595,0.49763,35,263,35,48899,556711,6947,101009,5.15683241320538,0.15357446937906707
596,0.49764,37,268,37,49167,556443,6984,100972,5.154349920337915,0.15358943741776504
597,0.49765,29,248,29,49415,556195,7013,100943,5.152052688132202,0.15361004842209702
598,0.49766,35,267,35,49682,555928,7048,100908,5.149579458297825,0.15362738948535098
599,0.49767,37,269,37,49951,555659,7085,100871,5.147087702397273,0.153642636284709
600,0.49768,39,232,39,50183,555427,7124,100832,5.14493867872096,0.1536466547506396
601,0.49769,33,254,33,50437,555173,7157,100799,5.142585868316722,0.15366357100607952
602,0.4977,47,226,47,50663,554947,7204,100752,5.140492422838935,0.15365586953769947
603,0.49771,41,264,41,50927,554683,7245,100711,5.13804698210382,0.153664818414572
604,0.49772,31,217,31,51144,554466,7276,100680,5.136036903923821,0.15367566924013884
605,0.49773,43,238,43,51382,554228,7319,100637,5.133832302048983,0.15367594847793056
606,0.49774,50,230,50,51612,553998,7369,100587,5.131701804438846,0.15366529938816195
607,0.49775,35,224,35,51836,553774,7404,100552,5.129626885027234,0.1536726341303876
608,0.49776,29,240,29,52076,553534,7433,100523,5.1274037570862205,0.15369149783581554
609,0.49777,41,239,41,52315,553295,7474,100482,5.125189892178295,0.15369460840623025
610,0.49778,42,268,42,52583,553027,7516,100440,5.122707399310831,0.15370324744784358
611,0.49779,55,218,55,52801,552809,7571,100385,5.120688058097744,0.15368328551701332
612,0.4978,46,244,46,53045,552565,7617,100339,5.11842787802438,0.15368109247301287
613,0.49781,34,230,34,53275,552335,7651,100305,5.116297380414243,0.15369116204952193
614,0.49782,37,226,37,53501,552109,7688,100268,5.114203934936455,0.15369640560596098
615,0.49783,30,226,30,53727,551883,7718,100238,5.112110489458669,0.15371073773118793
616,0.49784,35,205,35,53932,551678,7753,100203,5.110211567675719,0.15371363791857717
617,0.49785,30,245,30,54177,551433,7783,100173,5.107942124569269,0.15373247023508071
618,0.49786,42,234,42,54411,551199,7825,100131,5.105774574826781,0.15373313067108837
619,0.49787,37,225,37,54636,550974,7862,100094,5.103690392382082,0.15373816559867787
620,0.49788,28,220,28,54856,550754,7890,100066,5.1016525251028195,0.15375372606865184
621,0.49789,34,222,34,55078,550532,7924,100032,5.099596131757383,0.1537619665398024
622,0.4979,30,230,30,55308,550302,7954,100002,5.0974656341472455,0.15377731030410394
623,0.49791,31,239,31,55547,550063,7985,99971,5.0952517692393196,0.15379349387878172
624,0.49792,37,216,37,55763,549847,8022,99934,5.093250954092408,0.15379643295202539
625,0.49793,47,201,47,55964,549646,8069,99887,5.0913890844418095,0.15378279471558798
626,0.49794,39,221,39,56185,549425,8108,99848,5.08934195412946,0.15378430952773334
627,0.49795,50,214,50,56399,549211,8158,99798,5.087359665048724,0.153769824455439
628,0.49796,41,218,41,56617,548993,8199,99757,5.085340323835637,0.1537680154142582
629,0.49797,25,238,25,56855,548755,8224,99732,5.083135721960799,0.15379182620468876
630,0.49798,31,216,31,57071,548539,8255,99701,5.081134906813888,0.15380260397383685
631,0.49799,33,239,33,57310,548300,8288,99668,5.078921041905962,0.15381623783890563
632,0.498,39,241,39,57551,548059,8327,99629,5.076688650931861,0.15382251948469017
633,0.49801,31,203,31,57754,547856,8358,99598,5.074808255215087,0.15383023349921385
634,0.49802,38,236,38,57990,547620,8396,99560,5.072622179406425,0.1538366451373652
635,0.49803,34,214,34,58204,547406,8430,99526,5.070639890325689,0.153843062331126
636,0.49804,30,244,30,58448,547162,8460,99496,5.068379710252325,0.15386185588054274
637,0.49805,33,209,33,58657,546953,8493,99463,5.0664437363370265,0.15386840672260588
638,0.49806,33,174,33,58831,546779,8526,99430,5.064831968579791,0.1538666282889901
639,0.49807,41,172,41,59003,546607,8567,99389,5.063238726888732,0.15385389383215994
640,0.49808,48,213,48,59216,546394,8615,99341,5.0612657008410835,0.15384174622716748
641,0.49809,35,215,35,59431,546179,8650,99306,5.059274148727259,0.1538471072139554
642,0.4981,45,236,45,59667,545943,8695,99261,5.057088072918597,0.1538443655030037
643,0.49811,39,198,39,59865,545745,8734,99222,5.055253992367261,0.15384042904520698
644,0.49812,32,225,32,60090,545520,8766,99190,5.0531698099225615,0.15385211955763056
645,0.49813,40,216,40,60306,545304,8806,99150,5.051168994775649,0.15385116703441984
646,0.49814,34,221,34,60527,545083,8840,99116,5.0491218644633,0.1538592888222428
647,0.49815,34,182,34,60709,544901,8874,99082,5.047435992441365,0.1538580987386313
648,0.49816,37,193,37,60902,544708,8911,99045,5.045648227055467,0.1538555936826702
649,0.49817,38,214,38,61116,544494,8949,99007,5.043665937974731,0.1538567927633368
650,0.49818,33,190,33,61306,544304,8982,98974,5.041905961688095,0.15385882930863484
651,0.49819,39,232,39,61538,544072,9021,98935,5.039756938011783,0.1538630217089394
652,0.4982,30,239,30,61777,543833,9051,98905,5.0375430731038575,0.1538807414529715
653,0.49821,28,200,28,61977,543633,9079,98877,5.035690466486346,0.15389176822150627
654,0.49822,31,235,31,62212,543398,9110,98846,5.033513653710771,0.1539072377476473
655,0.49823,37,210,37,62422,543188,9147,98809,5.031568416762385,0.15390881888856178
656,0.49824,33,221,33,62643,542967,9180,98776,5.029521286450035,0.15391831309418255
657,0.49825,41,202,41,62845,542765,9221,98735,5.027650153766349,0.15391270459859704
658,0.49826,34,200,34,63045,542565,9255,98701,5.025797547148838,0.15391584771374126
659,0.49827,31,211,31,63256,542354,9286,98670,5.0238430471673645,0.15392559404952078
660,0.49828,27,217,27,63473,542137,9313,98643,5.021832968987365,0.15394207060145448
661,0.49829,33,219,33,63692,541918,9346,98610,5.019804364741191,0.15395111532985287
662,0.4983,43,213,43,63905,541705,9389,98567,5.017831338693542,0.15394551065797035
663,0.49831,41,210,41,64115,541495,9430,98526,5.0158861017451555,0.15394182378390708
664,0.49832,31,221,31,64336,541274,9461,98495,5.013838971432806,0.1539540052737785
665,0.49833,42,210,42,64546,541064,9503,98453,5.01189373448442,0.15394899588283031
666,0.49834,39,227,39,64773,540837,9542,98414,5.009791025973545,0.15395204700501056
667,0.49835,49,254,49,65027,540583,9591,98365,5.007438215569306,0.1539483651251745
668,0.49836,35,222,35,65249,540361,9626,98330,5.005381822223869,0.15395551213341035
669,0.49837,36,224,36,65473,540137,9662,98294,5.003306902812257,0.15396182202931874
670,0.49838,40,215,40,65688,539922,9702,98254,5.001315350698433,0.15396066288923432
671,0.49839,36,211,36,65899,539711,9738,98218,4.9993608507169585,0.15396384237117297
672,0.4984,37,204,37,66103,539507,9775,98181,4.997471191967097,0.1539640074770107
673,0.49841,32,240,32,66343,539267,9807,98149,4.995248064026085,0.15397950475042987
674,0.49842,35,209,35,66552,539058,9842,98114,4.993312090110786,0.15398353976634252
675,0.49843,41,251,41,66803,538807,9883,98073,4.99098706880581,0.1539897625926391
676,0.49844,34,223,34,67026,538584,9917,98039,4.988921412427286,0.15399852031736208
677,0.49845,40,237,40,67263,538347,9957,97999,4.986726073585535,0.1540026966461642
678,0.49846,26,182,26,67445,538165,9983,97973,4.9850402015636,0.15401217974716178
679,0.49847,39,257,39,67702,537908,10022,97934,4.982659602060099,0.1540225401908021
680,0.49848,34,238,34,67940,537670,10056,97900,4.980455000185261,0.1540349607438992
681,0.49849,46,239,46,68179,537431,10102,97854,4.978241135277335,0.1540316550839387
682,0.4985,30,230,30,68409,537201,10132,97824,4.9761106376671975,0.1540474784457305
683,0.49851,35,238,35,68647,536963,10167,97789,4.97390603579236,0.1540585929622908
684,0.49852,33,226,33,68873,536737,10200,97756,4.971812590314572,0.15406946963953896
685,0.49853,32,239,32,69112,536498,10232,97724,4.969598725406647,0.1540848472616844
686,0.49854,43,255,43,69367,536243,10275,97681,4.967236651969321,0.15408944920842246
687,0.49855,37,224,37,69591,536019,10312,97644,4.965161732557709,0.15409452658589817
688,0.49856,33,236,33,69827,535783,10345,97611,4.9629756567490455,0.15410786966722134
689,0.49857,33,270,33,70097,535513,10378,97578,4.960474637815406,0.1541295011301693
690,0.49858,49,247,49,70344,535266,10427,97529,4.958186668642781,0.15412416343365545
691,0.49859,46,257,46,70601,535009,10473,97483,4.955806069139279,0.15412526956862696
692,0.4986,43,267,43,70868,534742,10516,97440,4.953332839304902,0.15413282883726523
693,0.49861,41,250,41,71118,534492,10557,97399,4.951017081033013,0.15413892585904848
694,0.49862,51,268,51,71386,534224,10608,97348,4.948534588165549,0.15413602882965047
695,0.49863,40,237,40,71623,533987,10648,97308,4.946339249323799,0.1541402989093847
696,0.49864,40,247,40,71870,533740,10688,97268,4.9440512801511725,0.1541470155687408
697,0.49865,31,238,31,72108,533502,10719,97237,4.941846678276335,0.1541636080851192
698,0.49866,48,269,48,72377,533233,10767,97189,4.939354922375783,0.15416498789699598
699,0.49867,47,296,47,72673,532937,10814,97142,4.936613064581866,0.154174317823638
700,0.49868,28,244,28,72917,532693,10842,97114,4.934352884508503,0.15419644430754184
701,0.49869,35,255,35,73172,532438,10877,97079,4.931990811071177,0.15421187990157534
702,0.4987,38,248,38,73420,532190,10915,97041,4.929693578865463,0.15422158158132704
703,0.49871,37,266,37,73686,531924,10952,97004,4.927229612064174,0.1542370509819884
704,0.49872,40,244,40,73930,531680,10992,96964,4.924969431990811,0.15424310102379088
705,0.49873,52,266,52,74196,531414,11044,96912,4.922505465189522,0.15423840490446042
706,0.49874,40,251,40,74447,531163,11084,96872,4.920180443884545,0.1542461805472625
707,0.49875,36,235,36,74682,530928,11120,96836,4.91800363110897,0.15425542082693497
708,0.49876,51,259,51,74941,530669,11171,96785,4.915604505539294,0.15425035142018378
709,0.49877,44,250,44,75191,530419,11215,96741,4.913288747267405,0.15425250334842783
710,0.49878,39,255,39,75446,530164,11254,96702,4.910926673830079,0.1542626334814777
711,0.49879,43,302,43,75748,529862,11297,96659,4.908129237837637,0.15427894675517662
712,0.4988,38,235,38,75983,529627,11335,96621,4.905952425062062,0.15428552266833587
713,0.49881,46,249,46,76232,529378,11381,96575,4.903645929823261,0.15428474661835634
714,0.49882,42,255,42,76487,529123,11423,96533,4.901283856385935,0.15429085631720946
715,0.49883,36,274,36,76761,528849,11459,96497,4.898745785319945,0.15430977410905322
716,0.49884,38,269,38,77030,528580,11497,96459,4.896254029419393,0.15432477013434362
717,0.49885,54,236,54,77266,528344,11551,96405,4.8940679536107305,0.15430997088430715
718,0.49886,56,264,56,77530,528080,11607,96349,4.891622512875616,0.15429936790251575
719,0.49887,37,254,37,77784,527826,11644,96312,4.889269702471378,0.1543120271478423
720,0.49888,32,254,32,78038,527572,11676,96280,4.886916892067139,0.15433147605521821
721,0.49889,39,237,39,78275,527335,11715,96241,4.884721553225388,0.15433724197210924
722,0.4989,34,284,34,78559,527051,11749,96207,4.882090851828523,0.1543614361949626
723,0.49891,48,267,48,78826,526784,11797,96159,4.879617621994146,0.1543624376548095
724,0.49892,37,293,37,79119,526491,11834,96122,4.876903553299492,0.1543848265294814
725,0.49893,46,274,46,79393,526217,11880,96076,4.874365482233503,0.15439029524677284
726,0.49894,42,291,42,79684,525926,11922,96034,4.871669939605025,0.15440542800180077
727,0.49895,43,303,43,79987,525623,11965,95991,4.868863240579495,0.15442219769825005
728,0.49896,51,300,51,80287,525323,12016,95940,4.866084330653229,0.15442735202321722
729,0.49897,49,302,49,80589,525021,12065,95891,4.863286894660788,0.15443573324400237
730,0.49898,51,294,51,80883,524727,12116,95840,4.860563562933047,0.15443940783186988
731,0.49899,36,313,36,81196,524414,12152,95804,4.857664233576642,0.154468267609131
732,0.499,39,304,39,81500,524110,12191,95765,4.8548482715180254,0.15449082476305706
733,0.49901,63,325,63,81825,523785,12254,95702,4.8518377857645705,0.15448588913084535
734,0.49902,42,267,42,82092,523518,12296,95660,4.849364555930194,0.154495153251569
735,0.49903,55,311,55,82403,523207,12351,95605,4.846483752639965,0.15449765033645113
736,0.49904,52,338,52,82741,522869,12403,95553,4.843352847456371,0.15451099734485513
737,0.49905,55,337,55,83078,522532,12458,95498,4.840231205305865,0.1545200071193955
738,0.49906,53,347,53,83425,522185,12511,95445,4.837016932824484,0.15453426808930915
739,0.49907,60,354,60,83779,521831,12571,95385,4.83373781911149,0.1545407118415595
740,0.49908,60,315,60,84094,521516,12631,95325,4.83081996368891,0.15453739294242763
741,0.49909,59,374,59,84468,521142,12690,95266,4.827355589314165,0.15455023296258322
742,0.4991,53,347,53,84815,520795,12743,95213,4.824141316832784,0.15456455110972583
743,0.49911,57,381,57,85196,520414,12800,95156,4.820612101226425,0.15458193219292687
744,0.49912,56,369,56,85565,520045,12856,95100,4.817194042017118,0.15459769647806615
745,0.49913,65,378,65,85943,519667,12921,95035,4.813692615510023,0.1546033687868268
746,0.49914,56,424,56,86367,519243,12977,94979,4.8097650894809,0.15463301542439054
747,0.49915,73,379,73,86746,518864,13050,94906,4.806254399940717,0.15462795509718624
748,0.49916,49,338,49,87084,518526,13099,94857,4.8031234947571235,0.15464562923980613
749,0.49917,65,415,65,87499,518111,13164,94792,4.799279336025788,0.15466068855920104
750,0.49918,64,391,64,87890,517720,13228,94728,4.795657490088555,0.15467109044359684
751,0.49919,69,362,69,88252,517358,13297,94659,4.79230427211086,0.15466727231433114
752,0.4992,60,380,60,88632,516978,13357,94599,4.788784319537589,0.15468044089297014
753,0.49921,60,442,60,89074,516536,13417,94539,4.78469005891289,0.15470932373276602
754,0.49922,62,400,62,89474,516136,13479,94477,4.780984845677869,0.1547248420849212
755,0.49923,77,461,77,89935,515675,13556,94400,4.7767145874245065,0.15473507355652993
756,0.49924,63,461,63,90396,515214,13619,94337,4.772444329171144,0.15476473666682525
757,0.49925,79,409,79,90805,514805,13698,94258,4.768655748638334,0.1547590314959208
758,0.49926,56,434,56,91239,514371,13754,94202,4.764635592278336,0.15479161908267372
759,0.49927,61,432,61,91671,513939,13815,94141,4.760633961984512,0.15481680042099724
760,0.49928,69,460,69,92131,513479,13884,94072,4.756372966764237,0.15483803005838193
761,0.49929,79,476,79,92607,513003,13963,93993,4.751963763014562,0.15484945535061187
762,0.4993,69,482,69,93089,512521,14032,93924,4.747498981066361,0.15487636966254154
763,0.49931,72,487,72,93576,512034,14104,93852,4.742987883952721,0.15490042681296481
764,0.49932,85,511,85,94087,511523,14189,93767,4.7382544740449815,0.15491252127079583
765,0.49933,121,522,121,94609,511001,14310,93646,4.733419170773278,0.15487714319263968
766,0.49934,92,534,92,95143,510467,14402,93554,4.728472711104524,0.15488534339037882
767,0.49935,88,512,88,95655,509955,14490,93466,4.723730038163696,0.15489351547261365
768,0.49936,90,556,90,96211,509399,14580,93376,4.7185797917670165,0.15491020695947907
769,0.49937,83,545,83,96756,508854,14663,93293,4.713531438734299,0.1549339280939704
770,0.49938,71,496,71,97252,508358,14734,93222,4.708936974322873,0.15496193357491939
771,0.49939,74,584,74,97836,507774,14808,93148,4.703527362999741,0.1550084703172791
772,0.4994,87,619,87,98455,507155,14895,93061,4.697793545518545,0.15504585016060884
773,0.49941,86,654,86,99109,506501,14981,92975,4.691735521879284,0.15509378190286183
774,0.49942,81,669,81,99778,505832,15062,92894,4.685538552743711,0.1551527743909568
775,0.49943,99,771,99,100549,505061,15161,92795,4.678396754233206,0.15521296098057058
776,0.49944,87,736,87,101285,504325,15248,92708,4.671579161880766,0.15528119886170447
777,0.49945,92,823,92,102108,503502,15340,92616,4.663955685649709,0.15536521292764185
778,0.49946,89,825,89,102933,502677,15429,92527,4.656313683352477,0.155454264420266
779,0.49947,125,854,125,103787,501823,15554,92402,4.648403053095706,0.15550002103580293
780,0.49948,82,864,82,104651,500959,15636,92320,4.640399792508059,0.15560975527534263
781,0.49949,99,930,99,105581,500029,15735,92221,4.631785171736634,0.15571295905445334
782,0.4995,92,1037,92,106618,498992,15827,92129,4.62217940642484,0.1558547234830094
783,0.49951,108,1090,108,107708,497902,15935,92021,4.612082700359406,0.1559881543862504
784,0.49952,100,1180,100,108888,496722,16035,91921,4.601152321316092,0.1561574672594425
785,0.49953,126,1282,126,110170,495440,16161,91795,4.589277112897848,0.15631731759857637
786,0.49954,103,1425,103,111595,494015,16264,91692,4.576077290748082,0.15654926439328878
787,0.49955,129,1525,129,113120,492490,16393,91563,4.561951165289562,0.15677173133260167
788,0.49956,129,1662,129,114782,490828,16522,91434,4.546556004298047,0.15703240122144327
789,0.49957,140,1856,140,116638,488972,16662,91294,4.529363814887547,0.1573312928898126
790,0.49958,141,2101,141,118739,486871,16803,91153,4.509902182370595,0.15769760425172658
791,0.49959,136,2313,136,121052,484558,16939,91017,4.488476786839082,0.15813230248012858
792,0.4996,181,2698,181,123750,481860,17120,90836,4.463485123568861,0.15861120035760684
793,0.49961,178,2902,178,126652,478958,17298,90658,4.436603801548779,0.15915634392292352
794,0.49962,205,3159,205,129811,475799,17503,90453,4.407341880025196,0.1597398331484922
795,0.49963,242,3530,242,133341,472269,17745,90211,4.374643373226129,0.16038081354003697
796,0.49964,210,3659,210,137000,468610,17955,90001,4.340749935158768,0.16111569589571276
797,0.49965,255,3973,255,140973,464637,18210,89746,4.303947904701916,0.16188447336949366
798,0.49966,293,4205,293,145178,460432,18503,89453,4.2649968505687506,0.16267583221946408
799,0.49967,295,4366,295,149544,456066,18798,89158,4.2245544481084885,0.16352545009023814
800,0.49968,350,4591,350,154135,451475,19148,88808,4.182027863203527,0.16437311557091377
801,0.49969,308,4881,308,159016,446594,19456,88500,4.1368149987031755,0.16539150130631253
802,0.4997,395,5044,395,164060,441550,19851,88105,4.090092259809552,0.16634412966931306
803,0.49971,376,5322,376,169382,436228,20227,87729,4.040794397717589,0.16743549566090346
804,0.49972,436,5506,436,174888,430722,20663,87293,3.989792137537515,0.16851442525795585
805,0.49973,436,5855,436,180743,424867,21099,86857,3.9355570788098855,0.16973407540002033
806,0.49974,463,6093,463,186836,418774,21562,86394,3.879117418207418,0.1710203338295379
807,0.49975,523,6383,523,193219,412391,22085,85871,3.8199914780095594,0.17234105751592535
808,0.49976,529,6606,529,199825,405785,22614,85342,3.7587998814331764,0.17376768127185024
809,0.49977,541,6688,541,206513,399097,23155,84801,3.696848716143614,0.17524560961194302
810,0.49978,635,6785,635,213298,392312,23790,84166,3.6339990366445587,0.17664194359445767
811,0.49979,659,7271,659,220569,385041,24449,83507,3.5666475230649524,0.17822506979007488
812,0.4998,682,7407,682,227976,377634,25131,82825,3.4980362369854383,0.17987486399440558
813,0.49981,691,7805,691,235781,369829,25822,82134,3.425738263737078,0.18172726528499014
814,0.49982,751,8048,751,243829,361781,26573,81383,3.351189373448442,0.18364081920011555
815,0.49983,791,8083,791,251912,353698,27364,80592,3.2763162770017416,0.1855718529093463
816,0.49984,912,8531,912,260443,345167,28276,79680,3.197293341731817,0.18754987089469857
817,0.49985,903,8966,903,269409,336201,29179,78777,3.114240987068806,0.18983415988317454
818,0.49986,981,9018,981,278427,327183,30160,77796,3.0307069546852423,0.1920988495699777
819,0.49987,1047,9411,1047,287838,317772,31207,76749,2.94353255029827,0.19453717292615602
820,0.49988,1048,9508,1048,297346,308264,32255,75701,2.8554596317018044,0.19715599078040968
821,0.49989,1167,9664,1167,307010,298600,33422,74534,2.7659416799436807,0.1997512957811403
822,0.4999,1234,9893,1234,316903,288707,34656,73300,2.6743024936085074,0.2024822724422456
823,0.49991,1267,10039,1267,326942,278668,35923,72033,2.581310904442551,0.20539719019905844
824,0.49992,1315,9978,1315,336920,268690,37238,70718,2.488884360294935,0.2083569037854146
825,0.49993,1398,9926,1398,346846,258764,38636,69320,2.396939493867872,0.2112873532388047
826,0.49994,1508,10094,1508,356940,248670,40144,67812,2.3034384378821002,0.21426811003469393
827,0.49995,1417,9794,1417,366734,238876,41561,66395,2.2127162918225944,0.2174952746903571
828,0.49996,1553,10044,1553,376778,228832,43114,64842,2.1196783874912,0.22079584845781378
829,0.49997,1576,9933,1576,386711,218899,44690,63266,2.0276686798325243,0.22421632732620983
830,0.49998,1451,9626,1451,396337,209273,46141,61815,1.9385027233317278,0.2280255857876409
831,0.49999,1610,9337,1610,405674,199936,47751,60205,1.8520137833932342,0.23143218485359862
832,0.5,1716,9419,1716,415093,190517,49467,58489,1.7647652747415614,0.2348899223311888
833,0.50001,1671,8996,1671,424089,181521,51138,56818,1.681435029085924,0.2383915347467263
834,0.50002,1746,8814,1746,432903,172707,52884,55072,1.5997906554522212,0.24177821484860326
835,0.50003,1714,8552,1714,441455,164155,54598,53358,1.5205731964874578,0.2453094757554721
836,0.50004,1718,8207,1718,449662,155948,56316,51640,1.4445514839379006,0.24876197082683008
837,0.50005,1669,7894,1669,457556,148054,57985,49971,1.3714291007447479,0.2523469258931953
838,0.50006,1731,7394,1731,464950,140660,59716,48240,1.3029382340953721,0.25537321334039176
839,0.50007,1661,7208,1661,472158,133452,61377,46579,1.2361702916002817,0.258727663569052
840,0.50008,1640,6618,1640,478776,126834,63017,44939,1.174867538626848,0.2616185314339273
841,0.50009,1562,6578,1562,485354,120256,64579,43377,1.1139353069769165,0.2650871156796001
842,0.5001,1522,6140,1522,491494,114116,66101,41855,1.0570602838193337,0.26835116784530455
843,0.50011,1523,5596,1523,497090,108520,67624,40332,1.0052243506613805,0.2709536989761642
844,0.50012,1475,5387,1475,502477,103133,69099,38857,0.9553243914187262,0.27366011690964154
845,0.50013,1375,5024,1375,507501,98109,70474,37482,0.9087869131868539,0.2764342766112795
846,0.50014,1348,4933,1348,512434,93176,71822,36134,0.863092370965949,0.27943701183203157
847,0.50015,1307,4333,1307,516767,88843,73129,34827,0.8229556485975767,0.28161235546211694
848,0.50016,1278,4157,1278,520924,84686,74407,33549,0.7844492200526141,0.28374846703598766
849,0.50017,1210,3863,1210,524787,80823,75617,32339,0.7486661232353922,0.28577614393524325
850,0.50018,1126,3582,1126,528369,77241,76743,31213,0.715485938715773,0.2877994357054604
851,0.50019,1113,3309,1113,531678,73932,77856,30100,0.6848345622290563,0.28933405106121196
852,0.5002,1042,3052,1042,534730,70880,78898,29058,0.6565637852458409,0.29076027136824834
853,0.50021,996,2975,996,537705,67905,79894,28062,0.6290062618103672,0.292413016974585
854,0.50022,947,2769,947,540474,65136,80841,27115,0.6033569231909296,0.2939263531018634
855,0.50023,969,2470,969,542944,62666,81810,26146,0.5804772314646708,0.2943971535378102
856,0.50024,901,2432,901,545376,60234,82711,25245,0.557949534995739,0.2953356964868564
857,0.50025,822,2207,822,547583,58027,83533,24423,0.5375060209715069,0.2962158884172226
858,0.50026,765,2041,765,549624,55986,84298,23658,0.5186001704398088,0.29704685852041585
859,0.50027,764,2013,764,551637,53973,85062,22894,0.4999536848345622,0.29783912472192225
860,0.50028,789,1971,789,553608,52002,85851,22105,0.4816962466189929,0.29828491235645754
861,0.50029,729,1811,729,555419,50191,86580,21376,0.4649208936974323,0.2986851481828217
862,0.5003,727,1715,727,557134,48476,87307,20649,0.44903479195227686,0.29871971066907776
863,0.50031,750,1568,750,558702,46908,88057,19899,0.43451035607099187,0.29785800889128383
864,0.50032,665,1529,665,560231,45379,88722,19234,0.42034717848012154,0.29768003342980515
865,0.50033,629,1498,629,561729,43881,89351,18605,0.4064711549149654,0.2977466952597382
866,0.50034,615,1383,615,563112,42498,89966,17990,0.3936603801548779,0.2974143631794736
867,0.50035,644,1358,644,564470,41140,90610,17346,0.3810811812219793,0.29658379783195976
868,0.50036,615,1244,615,565714,39896,91225,16731,0.3695579680610619,0.29545976301057797
869,0.50037,600,1198,600,566912,38698,91825,16131,0.358460854422172,0.2942056211129147
870,0.50038,597,1210,597,568122,37488,92422,15534,0.3472525843862314,0.29297272830145976
871,0.50039,545,1122,545,569244,36366,92967,14989,0.3368594612619956,0.29187031447765555
872,0.5004,537,1054,537,570298,35312,93504,14452,0.3270962243877135,0.2904107386866008
873,0.50041,564,974,564,571272,34338,94068,13888,0.31807403016043573,0.28797743955542654
874,0.50042,465,1010,465,572282,33328,94533,13423,0.308718366742006,0.2871168531154414
875,0.50043,476,920,476,573202,32408,95009,12947,0.3001963763014561,0.28545915555065593
876,0.50044,491,879,491,574081,31529,95500,12456,0.292054170217496,0.28318745026713654
877,0.50045,431,876,431,574957,30653,95931,12025,0.2839397532327986,0.28176109470921784
878,0.50046,401,758,401,575715,29895,96332,11624,0.2769183741524325,0.2799682073267661
879,0.50047,362,687,362,576402,29208,96694,11262,0.27055467042128273,0.2782802075611564
880,0.50048,335,646,335,577048,28562,97029,10927,0.26457075104672273,0.2767099698650257
881,0.50049,314,620,314,577668,27942,97343,10613,0.25882767053243916,0.27526909609648553
882,0.5005,302,614,302,578282,27328,97645,10311,0.2531401682166809,0.2739445787613911
883,0.50051,292,588,292,578870,26740,97937,10019,0.247693504761199,0.272559101172502
884,0.50052,255,548,255,579418,26192,98192,9764,0.24261736262921932,0.27155412170430526
885,0.50053,237,505,237,579923,25687,98429,9527,0.23793953092000444,0.2705458056454819
886,0.50054,244,507,244,580430,25180,98673,9283,0.23324317314461449,0.2693613440501407
887,0.50055,205,443,205,580873,24737,98878,9078,0.22913964948682797,0.2684607422741387
888,0.50056,199,442,199,581315,24295,99077,8879,0.22504538886212902,0.2676493639597275
889,0.50057,194,412,194,581727,23883,99271,8685,0.2212290192300567,0.2666728076639646
890,0.50058,174,345,174,582072,23538,99445,8511,0.2180332728148505,0.2655621080220912
891,0.50059,165,336,165,582408,23202,99610,8346,0.21492089369743228,0.26454925827310766
892,0.5006,150,328,150,582736,22874,99760,8196,0.21188261884471452,0.2637914386868362
893,0.50061,132,326,132,583062,22548,99892,8064,0.20886287005817183,0.26342610740885924
894,0.50062,126,305,126,583367,22243,100018,7938,0.20603764496646781,0.26301315397104136
895,0.50063,113,310,113,583677,21933,100131,7825,0.20316610470932603,0.2629544996303515
896,0.50064,123,302,123,583979,21631,100254,7702,0.20036866871688466,0.26257116558142707
897,0.50065,114,276,114,584255,21355,100368,7588,0.1978120715847197,0.26217047299865254
898,0.50066,119,297,119,584552,21058,100487,7469,0.1950609507577161,0.26182213341746413
899,0.50067,104,248,104,584800,20810,100591,7365,0.19276371855200267,0.2614019520851819
900,0.50068,111,247,111,585047,20563,100702,7254,0.19047574937937678,0.2607757845921559
901,0.50069,95,262,95,585309,20301,100797,7159,0.1880488347104376,0.26070648215586306
902,0.5007,91,244,91,585553,20057,100888,7068,0.18578865463707436,0.26057142857142856
903,0.50071,79,230,79,585783,19827,100967,6989,0.1836581570269369,0.2606279832935561
904,0.50072,88,254,88,586037,19573,101055,6901,0.18130534662269815,0.2606708468686258
905,0.50073,101,233,101,586270,19340,101156,6800,0.17914705991329802,0.26013771996939555
906,0.50074,73,202,73,586472,19138,101229,6727,0.17727592722961205,0.26008119079837616
907,0.50075,101,226,101,586698,18912,101330,6626,0.17518248175182483,0.2594564962017386
908,0.50076,76,210,76,586908,18702,101406,6550,0.17323724480343844,0.2593853952162205
909,0.50077,89,184,89,587092,18518,101495,6461,0.17153284671532848,0.2586572721085712
910,0.50078,97,218,97,587310,18300,101592,6364,0.16951350550224165,0.25802789490755756
911,0.50079,95,216,95,587526,18084,101687,6269,0.16751269035532995,0.2574220835215374
912,0.5008,72,193,72,587719,17891,101759,6197,0.165724924969432,0.257265028229824
913,0.50081,77,193,77,587912,17698,101836,6120,0.16393715958353403,0.25694852632462845
914,0.50082,81,189,81,588101,17509,101917,6039,0.1621864463299863,0.25645490062850346
915,0.50083,71,185,71,588286,17324,101988,5968,0.16047278520878877,0.2562253134123304
916,0.50084,81,174,81,588460,17150,102069,5887,0.15886101745155434,0.25554542692190824
917,0.50085,73,183,73,588643,16967,102142,5814,0.15716588239653193,0.25521267723102586
918,0.50086,57,183,57,588826,16784,102199,5757,0.1554707473415095,0.25540126879907726
919,0.50087,72,173,72,588999,16611,102271,5685,0.15386824261736262,0.254978471474704
920,0.50088,59,174,59,589173,16437,102330,5626,0.1522564748601282,0.2549970538911299
921,0.50089,72,176,72,589349,16261,102402,5554,0.15062618103671865,0.2545954618381847
922,0.5009,77,154,77,589503,16107,102479,5477,0.14919967394123532,0.25375277983691624
923,0.50091,74,179,74,589682,15928,102553,5403,0.14754159101856312,0.2532933289578548
924,0.50092,69,171,69,589853,15757,102622,5334,0.14595761236059135,0.25290408230999006
925,0.50093,68,150,68,590003,15607,102690,5266,0.14456815739745824,0.2522876443252048
926,0.50094,64,151,64,590154,15456,102754,5202,0.14316943940123755,0.2518152773743828
927,0.50095,60,150,60,590304,15306,102814,5142,0.1417799844381044,0.25146713615023475
928,0.50096,57,136,57,590440,15170,102871,5085,0.14052021193819705,0.2510491236731671
929,0.50097,47,127,47,590567,15043,102918,5038,0.13934380673607766,0.2508839201234998
930,0.50098,68,145,68,590712,14898,102986,4970,0.1380006669383823,0.2501509965774109
931,0.50099,66,154,66,590866,14744,103052,4904,0.13657415984289895,0.2495928338762215
932,0.501,49,139,49,591005,14605,103101,4855,0.13528659824372893,0.24948612538540596
933,0.50101,71,124,71,591129,14481,103172,4784,0.13413798214087222,0.24832597975603427
934,0.50102,55,128,55,591257,14353,103227,4729,0.13295231390566528,0.2478251755581176
935,0.50103,52,144,52,591401,14209,103279,4677,0.13161843714105748,0.24764375728052526
936,0.50104,56,104,56,591505,14105,103335,4621,0.13065508169995182,0.24676919790665386
937,0.50105,42,95,42,591600,14010,103377,4579,0.1297750935566342,0.2463284738286083
938,0.50106,61,142,61,591742,13868,103438,4518,0.1284597428582015,0.24573044707929947
939,0.50107,49,119,49,591861,13749,103487,4469,0.12735744192078255,0.24530683938961467
940,0.50108,52,129,52,591990,13620,103539,4417,0.12616251065248804,0.24488551311193657
941,0.50109,56,116,56,592106,13504,103595,4361,0.12508799881433177,0.24410859221942346
942,0.5011,46,110,46,592216,13394,103641,4315,0.1240690651747008,0.24366141509966682
943,0.50111,47,102,47,592318,13292,103688,4268,0.12312423579977028,0.2430523917995444
944,0.50112,47,102,47,592420,13190,103735,4221,0.12217940642483975,0.24243294469013843
945,0.50113,39,105,39,592525,13085,103774,4182,0.12120678795064656,0.24219609660045172
946,0.50114,44,94,44,592619,12991,103818,4138,0.12033606284041647,0.2415786093759122
947,0.50115,34,90,34,592709,12901,103852,4104,0.11950238986253658,0.24134078212290502
948,0.50116,36,93,36,592802,12808,103888,4068,0.11864092778539405,0.24105238208106186
949,0.50117,42,96,42,592898,12712,103930,4026,0.11775167660898885,0.24053052933444857
950,0.50118,34,79,34,592977,12633,103964,3992,0.11701989699507206,0.2401203007518797
951,0.50119,31,83,31,593060,12550,103995,3961,0.11625106524880507,0.23990067227908668
952,0.5012,32,92,32,593152,12458,104027,3929,0.11539886620475008,0.23976322694819063
953,0.50121,29,92,29,593244,12366,104056,3900,0.1145466671606951,0.23976392475101438
954,0.50122,39,96,39,593340,12270,104095,3861,0.1136574159842899,0.23935279895852707
955,0.50123,17,70,17,593410,12200,104112,3844,0.1130090036681611,0.23959112440787833
956,0.50124,22,89,22,593499,12111,104134,3822,0.11218459372336878,0.2398794953869328
957,0.50125,36,85,36,593584,12026,104170,3786,0.11139723591092668,0.23943840121426765
958,0.50126,32,69,32,593653,11957,104202,3754,0.11075808662788543,0.2389408694545223
959,0.50127,36,77,36,593730,11880,104238,3718,0.11004483308014376,0.2383638928067701
960,0.50128,28,97,28,593827,11783,104266,3690,0.109146318870651,0.2384799327861436
961,0.50129,21,62,21,593889,11721,104287,3669,0.10857201081922264,0.23840155945419103
962,0.5013,17,94,17,593983,11627,104304,3652,0.10770128570899255,0.23902087832973362
963,0.50131,21,78,21,594061,11549,104325,3631,0.10697876912816333,0.23919631093544136
964,0.50132,20,84,20,594145,11465,104345,3611,0.10620067434880877,0.23951976651631732
965,0.50133,20,67,20,594212,11398,104365,3591,0.10558005113194265,0.23957568883848154
966,0.50134,30,74,30,594286,11324,104395,3561,0.10489458668346363,0.23923412831709776
967,0.50135,30,76,30,594362,11248,104425,3531,0.10419059616880952,0.23892008931592124
968,0.50136,20,68,20,594430,11180,104445,3511,0.10356070991885583,0.23898985773602885
969,0.50137,20,65,20,594495,11115,104465,3491,0.10295861276816481,0.2390113651923867
970,0.50138,14,74,14,594569,11041,104479,3477,0.1022731483196858,0.23949579831932774
971,0.50139,25,62,25,594631,10979,104504,3452,0.10169884026825744,0.23920726214399557
972,0.5014,26,65,26,594696,10914,104530,3426,0.10109674311756642,0.23891213389121338
973,0.50141,19,63,19,594759,10851,104549,3407,0.1005131720330505,0.23895356992565578
974,0.50142,15,67,15,594826,10784,104564,3392,0.09989254881618437,0.23927765237020315
975,0.50143,21,80,21,594906,10704,104585,3371,0.09915150616918003,0.23950266429840142
976,0.50144,17,61,17,594967,10643,104602,3354,0.09858646115083923,0.2396227763092091
977,0.50145,10,69,10,595036,10574,104612,3344,0.097947311867798,0.24026440580543182
978,0.50146,16,67,16,595103,10507,104628,3328,0.09732668865093186,0.24054933140585472
979,0.50147,16,67,16,595170,10440,104644,3312,0.09670606543406574,0.24083769633507854
980,0.50148,19,63,19,595233,10377,104663,3293,0.09612249434954982,0.24089246525237748
981,0.50149,22,66,22,595299,10311,104685,3271,0.09551113416577124,0.24083345604476514
982,0.5015,19,75,19,595374,10236,104704,3252,0.09481640668420467,0.2411032028469751
983,0.50151,18,78,18,595452,10158,104722,3234,0.09409389010337545,0.2414874551971326
984,0.50152,18,58,18,595510,10100,104740,3216,0.09355663418429731,0.24151396815860618
985,0.50153,17,71,17,595581,10029,104757,3199,0.09289895883508095,0.24183550045358332
986,0.50154,19,56,19,595637,9973,104776,3180,0.09238022898217793,0.24176993841709116
987,0.50155,11,47,11,595684,9926,104787,3169,0.09194486642706287,0.2420007636502482
988,0.50156,18,54,18,595738,9872,104805,3151,0.09144466264033495,0.2419565384320049
989,0.50157,23,74,23,595812,9798,104828,3128,0.09075919819185595,0.24199288256227758
990,0.50158,19,65,19,595877,9733,104847,3109,0.09015710104116492,0.24209624669054663
991,0.50159,16,61,16,595938,9672,104863,3093,0.08959205602282411,0.24230317273795535
992,0.5016,13,66,13,596004,9606,104876,3080,0.08898069583904554,0.2427873246098061
993,0.50161,11,62,11,596066,9544,104887,3069,0.08840638778761718,0.24332038373107112
994,0.50162,11,52,11,596118,9492,104898,3058,0.08792471006706436,0.24366533864541834
995,0.50163,24,62,24,596180,9430,104922,3034,0.087350402015636,0.24342105263157895
996,0.50164,22,45,22,596225,9385,104944,3012,0.08693356552669607,0.24296200693716222
997,0.50165,10,56,10,596281,9329,104954,3002,0.08641483567379303,0.24345146379044685
998,0.50166,16,67,16,596348,9262,104970,2986,0.0857942124569269,0.2437949052906597
999,0.50167,18,48,18,596396,9214,104988,2968,0.08534958686872429,0.24363815465440813
1000,0.50168,13,61,13,596457,9153,105001,2955,0.08478454185038349,0.24405351833498512
1001,0.50169,14,42,14,596499,9111,105015,2941,0.08439549446070621,0.24402588781944906
1002,0.5017,17,53,17,596552,9058,105032,2924,0.08390455370706584,0.24403271574027707
1003,0.50171,11,65,11,596617,8993,105043,2913,0.08330245655637482,0.24466655467831347
1004,0.50172,14,40,14,596657,8953,105057,2899,0.08293193523287265,0.24460006749915625
1005,0.50173,14,44,14,596701,8909,105071,2885,0.08252436177702027,0.24461590639308123
1006,0.50174,15,57,15,596758,8852,105086,2870,0.08199636889102968,0.24483876471591878
1007,0.50175,14,40,14,596798,8812,105100,2856,0.08162584756752751,0.24477202605416523
1008,0.50176,12,51,12,596849,8761,105112,2844,0.08115343288006224,0.24506678155967254
1009,0.50177,11,66,11,596915,8695,105123,2833,0.08054207269628368,0.24574947952810547
1010,0.50178,16,41,16,596956,8654,105139,2817,0.08016228833969395,0.24557579984308256
1011,0.50179,15,63,15,597019,8591,105154,2802,0.07957871725517804,0.2459404897744229
1012,0.5018,11,58,11,597077,8533,105165,2791,0.07904146133609989,0.2464676792652773
1013,0.50181,14,48,14,597125,8485,105179,2777,0.07859683574789729,0.24658142425856863
1014,0.50182,14,28,14,597153,8457,105193,2763,0.07833747082144578,0.2462566844919786
1015,0.50183,14,59,14,597212,8398,105207,2749,0.07779095186928008,0.2466134385933435
1016,0.50184,10,40,10,597252,8358,105217,2739,0.07742043054577791,0.246823465801568
1017,0.50185,13,50,13,597302,8308,105230,2726,0.0769572788914002,0.24705455863694037
1018,0.50186,12,54,12,597356,8254,105242,2714,0.07645707510467227,0.2474471188913202
1019,0.50187,10,55,10,597411,8199,105252,2704,0.07594760828485679,0.24800513620104558
1020,0.50188,19,50,19,597461,8149,105271,2685,0.07548445663047909,0.24783090271367916
1021,0.50189,14,51,14,597512,8098,105285,2671,0.07501204194301382,0.24802674343021636
1022,0.5019,15,43,15,597555,8055,105300,2656,0.07461373152024899,0.24796937727569787
1023,0.50191,9,69,9,597624,7986,105309,2647,0.07397458223720775,0.2489419731026051
1024,0.50192,17,32,17,597656,7954,105326,2630,0.07367816517840602,0.2484882842025699
1025,0.50193,17,47,17,597703,7907,105343,2613,0.07324280262329097,0.24838403041825094
1026,0.50194,8,53,8,597756,7854,105351,2605,0.0727518618696506,0.2490677885075055
1027,0.50195,10,49,10,597805,7805,105361,2595,0.07229797324836044,0.24951923076923077
1028,0.50196,13,42,13,597847,7763,105374,2582,0.07190892585868316,0.24958917351377477
1029,0.50197,8,44,8,597891,7719,105382,2574,0.07150135240283079,0.2500728650539201
1030,0.50198,10,33,10,597924,7686,105392,2564,0.0711956723109415,0.25014634146341463
1031,0.50199,13,56,13,597980,7630,105405,2551,0.07067694245803846,0.25056477752676554
1032,0.502,12,47,12,598027,7583,105417,2539,0.07024157990292342,0.2508397549891326
1033,0.50201,14,44,14,598071,7539,105431,2525,0.06983400644707102,0.25089427662957076
1034,0.50202,10,49,10,598120,7490,105441,2515,0.06938011782578088,0.2513743128435782
1035,0.50203,12,42,12,598162,7448,105453,2503,0.0689910704361036,0.2515325092955482
1036,0.50204,11,40,11,598202,7408,105464,2492,0.06862054911260143,0.25171717171717173
1037,0.50205,9,49,9,598251,7359,105473,2483,0.06816666049131127,0.2522861207071733
1038,0.50206,10,40,10,598291,7319,105483,2473,0.0677961391678091,0.2525531045751634
1039,0.50207,13,37,13,598328,7282,105496,2460,0.0674534069435696,0.2525148840073907
1040,0.50208,11,44,11,598372,7238,105507,2449,0.06704583348771721,0.2528130484154021
1041,0.50209,13,51,13,598423,7187,105520,2436,0.06657341880025196,0.25314351033981086
1042,0.5021,14,36,14,598459,7151,105534,2422,0.0662399496091,0.25300323827431315
1043,0.50211,11,47,11,598506,7104,105545,2411,0.06580458705398495,0.25338938518129267
1044,0.50212,8,42,8,598548,7062,105553,2403,0.06541553966430769,0.25388272583201266
1045,0.50213,16,41,16,598589,7021,105569,2387,0.06503575530771796,0.2537202380952381
1046,0.50214,16,45,16,598634,6976,105585,2371,0.06461891881877802,0.2536642773082272
1047,0.50215,10,44,10,598678,6932,105595,2361,0.06421134536292564,0.25406219735284624
1048,0.50216,14,35,14,598713,6897,105609,2347,0.06388713920486123,0.25389441800086543
1049,0.50217,25,45,25,598758,6852,105634,2322,0.0634703027159213,0.25310660562459125
1050,0.50218,15,63,15,598821,6789,105649,2307,0.06288673163140539,0.2536279683377309
1051,0.50219,13,40,13,598861,6749,105662,2294,0.06251621030790322,0.25367687714254117
1052,0.5022,10,29,10,598890,6720,105672,2284,0.062247582348364146,0.25366503776099514
1053,0.50221,13,26,13,598916,6694,105685,2271,0.06200674348808774,0.25331846068042385
1054,0.50222,8,46,8,598962,6648,105693,2263,0.06158064396606025,0.25395578498485016
1055,0.50223,9,38,9,599000,6610,105702,2254,0.06122864870873319,0.2542870036101083
1056,0.50224,12,47,12,599047,6563,105714,2242,0.06079328615361814,0.25462805224304375
1057,0.50225,9,57,9,599104,6506,105723,2233,0.06026529326762755,0.2555212266849754
1058,0.50226,9,25,9,599129,6481,105732,2224,0.0600337174404387,0.25548535324526134
1059,0.50227,6,39,6,599168,6442,105738,2218,0.05967245915002408,0.2561200923787529
1060,0.50228,12,40,12,599208,6402,105750,2206,0.05930193782652192,0.2562732342007435
1061,0.50229,14,36,14,599244,6366,105764,2192,0.05896846863536997,0.25613461089039496
1062,0.5023,7,35,7,599279,6331,105771,2185,0.058644262477305566,0.25657585720995774
1063,0.50231,9,36,9,599315,6295,105780,2176,0.05831079328615362,0.2568764018415772
1064,0.50232,10,44,10,599359,6251,105790,2166,0.057903219830301236,0.25733634311512416
1065,0.50233,14,45,14,599404,6206,105804,2152,0.057486383341361295,0.2574778655180665
1066,0.50234,13,31,13,599435,6175,105817,2139,0.05719922931564712,0.2572768823670917
1067,0.50235,15,43,15,599478,6132,105832,2124,0.05680091889288229,0.25726744186046513
1068,0.50236,9,40,9,599518,6092,105841,2115,0.05643039756938012,0.25770683562812235
1069,0.50237,6,35,6,599553,6057,105847,2109,0.056106191411315724,0.2582659808963997
1070,0.50238,6,35,6,599588,6022,105853,2103,0.05578198525325132,0.25883076923076925
1071,0.50239,7,29,7,599617,5993,105860,2096,0.055513357293712255,0.2591173198170355
1072,0.5024,8,43,8,599660,5950,105868,2088,0.055115046870947426,0.2597661109728788
1073,0.50241,9,33,9,599693,5917,105877,2079,0.054809366779058136,0.26000500250125064
1074,0.50242,12,47,12,599740,5870,105889,2067,0.05437400422394309,0.260425853597077
1075,0.50243,15,45,15,599785,5825,105904,2052,0.05395716773500315,0.2605052685032373
1076,0.50244,15,37,15,599822,5788,105919,2037,0.05361443551076364,0.26031948881789135
1077,0.50245,8,37,8,599859,5751,105927,2029,0.05327170328652414,0.26079691516709513
1078,0.50246,13,42,13,599901,5709,105940,2016,0.05288265589684686,0.26097087378640776
1079,0.50247,4,36,4,599937,5673,105944,2012,0.05254918670569491,0.26180871828236824
1080,0.50248,13,32,13,599969,5641,105957,1999,0.052252769646893175,0.2616492146596859
1081,0.50249,11,40,11,600009,5601,105968,1988,0.051882248323391014,0.261958097246014
1082,0.5025,8,38,8,600047,5563,105976,1980,0.05153025306606395,0.262495028503248
1083,0.50251,11,36,11,600083,5527,105987,1969,0.051196783874912,0.2626734258271078
1084,0.50252,9,33,9,600116,5494,105996,1960,0.050891103783022716,0.2629460692245774
1085,0.50253,6,34,6,600150,5460,106002,1954,0.05057616065804587,0.2635554356622606
1086,0.50254,11,36,11,600186,5424,106013,1943,0.05024269146689392,0.26374372200352925
1087,0.50255,14,24,14,600210,5400,106027,1929,0.05002037867279262,0.2632009823986901
1088,0.50256,15,34,15,600244,5366,106042,1914,0.04970543554781578,0.2629120879120879
1089,0.50257,11,32,11,600276,5334,106053,1903,0.049409018489014044,0.26295426281608403
1090,0.50258,8,45,8,600321,5289,106061,1895,0.0489921820000741,0.2637806236080178
1091,0.50259,10,33,10,600354,5256,106071,1885,0.04868650190818482,0.2639686318442795
1092,0.5026,16,25,16,600379,5231,106087,1869,0.04845492608099596,0.2632394366197183
1093,0.50261,3,32,3,600411,5199,106090,1866,0.04815850902219423,0.2641188959660297
1094,0.50262,13,29,13,600440,5170,106103,1853,0.047889881062655154,0.26384735867862735
1095,0.50263,14,44,14,600484,5126,106117,1839,0.04748230760680277,0.26403445800430725
1096,0.50264,14,40,14,600524,5086,106131,1825,0.0471117862833006,0.26407176964259876
1097,0.50265,12,52,12,600576,5034,106143,1813,0.04663010856274779,0.26478749817438296
1098,0.50266,8,49,8,600625,4985,106151,1805,0.04617621994145763,0.2658321060382916
1099,0.50267,10,35,10,600660,4950,106161,1795,0.045852013783393236,0.26612305411415865
1100,0.50268,13,27,13,600687,4923,106174,1782,0.045601911890029274,0.2657718120805369
1101,0.50269,7,27,7,600714,4896,106181,1775,0.045351809996665306,0.2660770499175536
1102,0.5027,7,45,7,600759,4851,106188,1768,0.04493497350772537,0.2671098353225563
1103,0.50271,8,28,8,600787,4823,106196,1760,0.044675608581273854,0.26735530912957617
1104,0.50272,12,22,12,600809,4801,106208,1748,0.04447182185334766,0.26691097877538555
1105,0.50273,9,32,9,600841,4769,106217,1739,0.044175404794545924,0.26720958819913954
1106,0.50274,13,39,13,600880,4730,106230,1726,0.04381414650413131,0.2673482032218092
1107,0.50275,5,36,5,600916,4694,106235,1721,0.04348067731297936,0.26827747466874513
1108,0.50276,12,32,12,600948,4662,106247,1709,0.043184260254177625,0.26824674305446555
1109,0.50277,9,30,9,600978,4632,106256,1700,0.042906369261551,0.26847757422615287
1110,0.50278,8,29,8,601007,4603,106264,1692,0.04263774130201193,0.2687847498014297
1111,0.50279,8,32,8,601039,4571,106272,1684,0.042341324243210195,0.269224620303757
1112,0.5028,10,38,10,601077,4533,106282,1674,0.04198932898588314,0.2696955050749154
1113,0.50281,7,32,7,601109,4501,106289,1667,0.041692911927081404,0.2702658884565499
1114,0.50282,9,21,9,601130,4480,106298,1658,0.041498388232242764,0.2701205604431411
1115,0.50283,10,31,10,601161,4449,106308,1648,0.041211234206528585,0.2702968673117927
1116,0.50284,12,26,12,601187,4423,106320,1636,0.04097039534625218,0.2700115530615613
1117,0.50285,11,34,11,601221,4389,106331,1625,0.04065545222127533,0.27020285999334887
1118,0.50286,8,17,8,601238,4372,106339,1617,0.04049798065878691,0.2699949908164969
1119,0.50287,6,29,6,601267,4343,106345,1611,0.04022935269924784,0.2705744037621767
1120,0.50288,7,25,7,601292,4318,106352,1604,0.039997776872058986,0.270854441067207
1121,0.50289,10,23,10,601315,4295,106362,1594,0.03978472711104524,0.2706741382238071
1122,0.5029,9,24,9,601339,4271,106371,1585,0.03956241431694394,0.27066256830601093
1123,0.50291,6,31,6,601370,4240,106377,1579,0.03927526029122976,0.2713524660594604
1124,0.50292,10,25,10,601395,4215,106387,1569,0.039043684464040905,0.2712655601659751
1125,0.50293,10,16,10,601411,4199,106397,1559,0.03889547593464004,0.27075373393539426
1126,0.50294,16,23,16,601434,4176,106413,1543,0.03868242617362629,0.26980241300926733
1127,0.50295,9,25,9,601459,4151,106422,1534,0.038450850346437436,0.26983289357959545
1128,0.50296,4,22,4,601481,4129,106426,1530,0.03824706361851125,0.27036578900865876
1129,0.50297,9,32,9,601513,4097,106435,1521,0.03795064655970951,0.27073691705233177
1130,0.50298,8,28,8,601541,4069,106443,1513,0.037691281633257995,0.27104980293801506
1131,0.50299,5,29,5,601570,4040,106448,1508,0.03742265367371892,0.27180966113914923
1132,0.503,15,25,15,601595,4015,106463,1493,0.03719107784653007,0.27106027596223675
1133,0.50301,9,28,9,601623,3987,106472,1484,0.036931712920078553,0.271248400658015
1134,0.50302,12,22,12,601645,3965,106484,1472,0.03672792619215236,0.2707375390840537
1135,0.50303,10,41,10,601686,3924,106494,1462,0.03634814183556263,0.2714444857036762
1136,0.50304,8,25,8,601711,3899,106502,1454,0.036116566008373784,0.27162338875396974
1137,0.50305,6,21,6,601732,3878,106508,1448,0.035922042313535144,0.27187382651145325
1138,0.50306,10,30,10,601762,3848,106518,1438,0.03564415132090852,0.27203934922436623
1139,0.50307,4,25,4,601787,3823,106522,1434,0.035412575493719664,0.27277915160738064
1140,0.50308,12,33,12,601820,3790,106534,1422,0.035106895401830374,0.272831926323868
1141,0.50309,10,22,10,601842,3768,106544,1412,0.034903108673904185,0.2725868725868726
1142,0.5031,13,17,13,601859,3751,106557,1399,0.03474563711141576,0.2716504854368932
1143,0.50311,14,23,14,601882,3728,106571,1385,0.034532587350402016,0.270878153725797
1144,0.50312,12,34,12,601916,3694,106583,1373,0.03421764422542517,0.2709690151963687
1145,0.50313,5,36,5,601952,3658,106588,1368,0.033884175034273226,0.27218463987266217
1146,0.50314,6,35,6,601987,3623,106594,1362,0.03355996887620882,0.2732196589769308
1147,0.50315,13,36,13,602023,3587,106607,1349,0.03322649968505687,0.27329821717990277
1148,0.50316,9,22,9,602045,3565,106616,1340,0.03302271295713068,0.273190621814475
1149,0.50317,11,27,11,602072,3538,106627,1329,0.03277261106376672,0.2730634888021368
1150,0.50318,7,36,7,602108,3502,106634,1322,0.03243914187261477,0.2740464344941957
1151,0.50319,13,25,13,602133,3477,106647,1309,0.03220756604542591,0.2735060593397409
1152,0.5032,8,18,8,602151,3459,106655,1301,0.03204083144984994,0.2733193277310924
1153,0.50321,7,21,7,602172,3438,106662,1294,0.0318463077550113,0.27345731191885037
1154,0.50322,14,38,14,602210,3400,106676,1280,0.031494312497684245,0.27350427350427353
1155,0.50323,5,26,5,602236,3374,106681,1275,0.03125347363740783,0.27425252742525275
1156,0.50324,8,24,8,602260,3350,106689,1267,0.03103116084330653,0.27442061944985924
1157,0.50325,9,31,9,602291,3319,106698,1258,0.030744006817592352,0.27485252348700023
1158,0.50326,5,31,5,602322,3288,106703,1253,0.030456852791878174,0.2759304118035675
1159,0.50327,2,20,2,602342,3268,106705,1251,0.03027159213012709,0.27683115733569374
1160,0.50328,8,25,8,602367,3243,106713,1243,0.030040016302938233,0.2770842621489077
1161,0.50329,15,24,15,602391,3219,106728,1228,0.029817703508836932,0.27614121879919046
1162,0.5033,6,19,6,602410,3200,106734,1222,0.029641705880173404,0.27634554500226144
1163,0.50331,7,23,7,602433,3177,106741,1215,0.02942865611915966,0.2766393442622951
1164,0.50332,6,24,6,602457,3153,106747,1209,0.029206343325058358,0.27716643741403024
1165,0.50333,8,24,8,602481,3129,106755,1201,0.028984030530957057,0.27736720554272515
1166,0.50334,6,25,6,602506,3104,106761,1195,0.0287524547037682,0.27797162130728076
1167,0.50335,5,24,5,602530,3080,106766,1190,0.028530141909666903,0.2786885245901639
1168,0.50336,4,23,4,602553,3057,106770,1186,0.028317092148653154,0.2795192081074711
1169,0.50337,10,19,10,602572,3038,106780,1176,0.028141094519989626,0.27906976744186046
1170,0.50338,6,27,6,602599,3011,106786,1170,0.02789099262662566,0.2798373594833772
1171,0.50339,10,23,10,602622,2988,106796,1160,0.027677942865611916,0.2796528447444552
1172,0.5034,8,23,8,602645,2965,106804,1152,0.02746489310459817,0.27981539956278845
1173,0.50341,12,15,12,602660,2950,106816,1140,0.027325947608284856,0.2787286063569682
1174,0.50342,7,16,7,602676,2934,106823,1133,0.02717773907888399,0.27858372264568476
1175,0.50343,6,18,6,602694,2916,106829,1127,0.027011004483308013,0.2787534009398961
1176,0.50344,6,17,6,602711,2899,106835,1121,0.026853532920819594,0.2788557213930348
1177,0.50345,3,21,3,602732,2878,106838,1118,0.026659009225980954,0.2797797797797798
1178,0.50346,3,21,3,602753,2857,106841,1115,0.026464485531142317,0.2807150050352467
1179,0.50347,8,19,8,602772,2838,106849,1107,0.02628848790247879,0.28060836501901143
1180,0.50348,5,30,5,602802,2808,106854,1102,0.026010596909852163,0.2818414322250639
1181,0.50349,6,24,6,602826,2784,106860,1096,0.025788284115750862,0.2824742268041237
1182,0.5035,10,22,10,602848,2762,106870,1086,0.02558449738782467,0.2822245322245322
1183,0.50351,13,23,13,602871,2739,106883,1073,0.025371447626810924,0.2814795383001049
1184,0.50352,6,20,6,602891,2719,106889,1067,0.02518618696505984,0.28182778658214475
1185,0.50353,4,26,4,602917,2693,106893,1063,0.02494534810478343,0.283013844515442
1186,0.50354,4,13,4,602930,2680,106897,1059,0.024824928674645225,0.2832308103771062
1187,0.50355,3,27,3,602957,2653,106900,1056,0.024574826781281263,0.28471286060932866
1188,0.50356,11,20,11,602977,2633,106911,1045,0.02438956611953018,0.2841218053289831
1189,0.50357,8,20,8,602997,2613,106919,1037,0.024204305457779095,0.2841095890410959
1190,0.50358,7,21,7,603018,2592,106926,1030,0.024009781762940458,0.28437327443401433
1191,0.50359,5,22,5,603040,2570,106931,1025,0.023805995035014266,0.2851182197496523
1192,0.5036,7,15,7,603055,2555,106938,1018,0.02366704953870095,0.2849146375594738
1193,0.50361,4,15,4,603070,2540,106942,1014,0.02352810404238764,0.28531232414181207
1194,0.50362,6,17,6,603087,2523,106948,1008,0.02337063247989922,0.2854715378079864
1195,0.50363,9,20,9,603107,2503,106957,999,0.023185371818148136,0.2852655625356939
1196,0.50364,5,21,5,603128,2482,106962,994,0.022990848123309496,0.2859608745684695
1197,0.50365,9,21,9,603149,2461,106971,985,0.02279632442847086,0.2858386535113175
1198,0.50366,8,26,8,603175,2435,106979,977,0.02255548556819445,0.28634232121922626
1199,0.50367,5,21,5,603196,2414,106984,972,0.02236096187335581,0.28706438275251034
1200,0.50368,9,23,9,603219,2391,106993,963,0.022147912112342065,0.28711985688729874
1201,0.50369,7,23,7,603242,2368,107000,956,0.02193486235132832,0.28760529482551145
1202,0.5037,4,19,4,603261,2349,107004,952,0.02175886472266479,0.28839745531657074
1203,0.50371,9,32,9,603293,2317,107013,943,0.021462447663863054,0.2892638036809816
1204,0.50372,7,18,7,603311,2299,107020,936,0.021295713068287078,0.2893353941267388
1205,0.50373,8,24,8,603335,2275,107028,928,0.02107340027418578,0.28972837964408366
1206,0.50374,3,16,3,603351,2259,107031,925,0.020925191744784914,0.2905150753768844
1207,0.50375,7,16,7,603367,2243,107038,918,0.020776983215384046,0.29041442581461563
1208,0.50376,13,20,13,603387,2223,107051,905,0.020591722553632962,0.2893222506393862
1209,0.50377,7,14,7,603401,2209,107058,898,0.020462040090407203,0.28902478274863214
1210,0.50378,7,26,7,603427,2183,107065,891,0.020221201230130794,0.28985035783994795
1211,0.50379,3,25,3,603452,2158,107068,888,0.01998962540294194,0.29152987524622453
1212,0.5038,6,12,6,603464,2146,107074,882,0.01987846900589129,0.2912813738441215
1213,0.50381,2,24,2,603488,2122,107076,880,0.01965615621178999,0.2931379080612925
1214,0.50382,11,20,11,603508,2102,107087,869,0.019470895550038905,0.2924941097273645
1215,0.50383,9,15,9,603523,2087,107096,860,0.01933195005372559,0.29182219205972176
1216,0.50384,6,21,6,603544,2066,107102,854,0.019137426358886954,0.2924657534246575
1217,0.50385,13,24,13,603568,2042,107115,841,0.018915113564785653,0.2917100242802636
1218,0.50386,5,13,5,603581,2029,107120,836,0.01879469413464745,0.2917975567190227
1219,0.50387,7,18,7,603599,2011,107127,829,0.018627959539071474,0.2919014084507042
1220,0.50388,3,23,3,603622,1988,107130,826,0.018414909778057726,0.2935323383084577
1221,0.50389,7,16,7,603638,1972,107137,819,0.01826670124865686,0.2934432103188821
1222,0.5039,2,10,2,603648,1962,107139,817,0.018174070917781317,0.2939906441165887
1223,0.50391,7,19,7,603667,1943,107146,810,0.01799807328911779,0.2942244823828551
1224,0.50392,6,23,6,603690,1920,107152,804,0.017785023528104044,0.29515418502202645
1225,0.50393,6,17,6,603707,1903,107158,798,0.01762755196561562,0.2954461310625694
1226,0.50394,7,19,7,603726,1884,107165,791,0.017451554336952092,0.29570093457943925
1227,0.50395,6,11,6,603737,1873,107171,785,0.017349660972988994,0.29533483822422874
1228,0.50396,7,13,7,603750,1860,107178,778,0.01722924154285079,0.29492039423805916
1229,0.50397,7,23,7,603773,1837,107185,771,0.017016191781837046,0.2956288343558282
1230,0.50398,3,18,3,603791,1819,107188,768,0.01684945718626107,0.2968689601855431
1231,0.50399,5,19,5,603810,1800,107193,763,0.01667345955759754,0.2976980101443621
1232,0.504,5,18,5,603828,1782,107198,758,0.016506724962021564,0.2984251968503937
1233,0.50401,4,16,4,603844,1766,107202,754,0.016358516432620696,0.2992063492063492
1234,0.50402,0,13,0,603857,1753,107202,754,0.016238097002482493,0.30075787794176306
1235,0.50403,6,19,6,603876,1734,107208,748,0.01606209937381896,0.3013698630136986
1236,0.50404,6,24,6,603900,1710,107214,742,0.015839786579717664,0.30261011419249595
1237,0.50405,3,18,3,603918,1692,107217,739,0.01567305198414169,0.3039901275195393
1238,0.50406,3,10,3,603928,1682,107220,736,0.015580421653266145,0.304383788254756
1239,0.50407,5,13,5,603941,1669,107225,731,0.01546000222312794,0.3045833333333333
1240,0.50408,7,13,7,603954,1656,107232,724,0.015339582792989737,0.3042016806722689
1241,0.50409,5,13,5,603967,1643,107237,719,0.015219163362851533,0.3044030482641829
1242,0.5041,5,12,5,603979,1631,107242,714,0.015108006965800882,0.3044776119402985
1243,0.50411,6,19,6,603998,1612,107248,708,0.014932009337137352,0.30517241379310345
1244,0.50412,9,11,9,604009,1601,107257,699,0.014830115973174256,0.30391304347826087
1245,0.50413,5,16,5,604025,1585,107262,694,0.014681907443773389,0.3045195261079421
1246,0.50414,9,18,9,604043,1567,107271,685,0.014515172848197413,0.30417406749555953
1247,0.50415,7,11,7,604054,1556,107278,678,0.014413279484234317,0.3034914950760967
1248,0.50416,5,21,5,604075,1535,107283,673,0.01421875578939568,0.30480072463768115
1249,0.50417,10,11,10,604086,1524,107293,663,0.014116862425432584,0.30315500685871055
1250,0.50418,4,14,4,604100,1510,107297,659,0.013987179962206825,0.30382664822498845
1251,0.50419,7,15,7,604115,1495,107304,652,0.013848234465893512,0.303679552864462
1252,0.5042,6,12,6,604127,1483,107310,646,0.013737078068842862,0.3034288398309065
1253,0.50421,8,14,8,604141,1469,107318,638,0.013607395605617103,0.3028001898433792
1254,0.50422,10,17,10,604158,1452,107328,628,0.013449924043128681,0.3019230769230769
1255,0.50423,3,17,3,604175,1435,107331,625,0.013292452480640262,0.30339805825242716
1256,0.50424,7,11,7,604186,1424,107338,618,0.013190559116677165,0.30264446620959845
1257,0.50425,7,16,7,604202,1408,107345,611,0.013042350587276298,0.3026250619118375
1258,0.50426,9,12,9,604214,1396,107354,602,0.012931194190225648,0.3013013013013013
1259,0.50427,6,8,6,604222,1388,107360,596,0.012857089925525214,0.3004032258064516
1260,0.50428,0,13,0,604235,1375,107360,596,0.01273667049538701,0.3023845763571791
1261,0.50429,7,18,7,604253,1357,107367,589,0.012569935899811034,0.302672147995889
1262,0.5043,6,16,6,604269,1341,107373,583,0.012421727370410167,0.303014553014553
1263,0.50431,6,12,6,604281,1329,107379,577,0.012310570973359516,0.30272822665267574
1264,0.50432,5,11,5,604292,1318,107384,572,0.012208677609396422,0.30264550264550266
1265,0.50433,4,16,4,604308,1302,107388,568,0.012060469079995554,0.3037433155080214
1266,0.50434,4,11,4,604319,1291,107392,564,0.011958575716032458,0.3040431266846361
1267,0.50435,5,12,5,604331,1279,107397,559,0.011847419318981808,0.3041349292709467
1268,0.50436,9,19,9,604350,1260,107406,550,0.011671421690318278,0.30386740331491713
1269,0.50437,4,9,4,604359,1251,107410,546,0.01158805439253029,0.3038397328881469
1270,0.50438,5,6,5,604365,1245,107415,541,0.011532476194004965,0.30291153415453526
1271,0.50439,6,8,6,604373,1237,107421,535,0.011458371929304531,0.30191873589164786
1272,0.5044,5,13,5,604386,1224,107426,530,0.011337952499166326,0.30216647662485746
1273,0.50441,2,12,2,604398,1212,107428,528,0.011226796102115676,0.30344827586206896
1274,0.50442,3,9,3,604407,1203,107431,525,0.01114342880432769,0.3038194444444444
1275,0.50443,2,17,2,604424,1186,107433,523,0.010985957241839268,0.30602691632533646
1276,0.50444,6,12,6,604436,1174,107439,517,0.010874800844788618,0.30573625073920757
1277,0.50445,7,8,7,604444,1166,107446,510,0.010800696580088184,0.3042959427207637
1278,0.50446,9,10,9,604454,1156,107455,501,0.010708066249212642,0.3023536511768256
1279,0.50447,5,13,5,604467,1143,107460,496,0.010587646819074438,0.3026235509456986
1280,0.50448,7,6,7,604473,1137,107467,489,0.010532068620549112,0.3007380073800738
1281,0.50449,4,7,4,604480,1130,107471,485,0.010467227388936233,0.30030959752321984
1282,0.5045,6,5,6,604485,1125,107477,479,0.010420912223498462,0.2986284289276808
1283,0.50451,6,15,6,604500,1110,107483,473,0.010281966727185149,0.29879974731522424
1284,0.50452,2,11,2,604511,1099,107485,471,0.010180073363222053,0.3
1285,0.50453,7,14,7,604525,1085,107492,464,0.010050390899996296,0.29954809554551326
1286,0.50454,3,18,3,604543,1067,107495,461,0.00988365630442032,0.30170157068062825
1287,0.50455,3,13,3,604556,1054,107498,458,0.009763236874282115,0.3029100529100529
1288,0.50456,2,6,2,604562,1048,107500,456,0.00970765867575679,0.30319148936170215
1289,0.50457,6,9,6,604571,1039,107506,450,0.009624291377968802,0.3022162525184688
1290,0.50458,2,11,2,604582,1028,107508,448,0.009522398014005706,0.3035230352303523
1291,0.50459,5,13,5,604595,1015,107513,443,0.009401978583867501,0.303840877914952
1292,0.5046,3,9,3,604604,1006,107516,440,0.009318611286079513,0.30428769017980634
1293,0.50461,5,10,5,604614,996,107521,435,0.009225980955203971,0.3039832285115304
1294,0.50462,5,15,5,604629,981,107526,430,0.009087035458890658,0.30474840538625086
1295,0.50463,5,16,5,604645,965,107531,425,0.008938826929489793,0.3057553956834532
1296,0.50464,7,5,7,604650,960,107538,418,0.008892511764052022,0.3033381712626996
1297,0.50465,5,13,5,604663,947,107543,413,0.008772092333913817,0.30367647058823527
1298,0.50466,1,13,1,604676,934,107544,412,0.008651672903775613,0.3060921248142645
1299,0.50467,2,13,2,604689,921,107546,410,0.008531253473637408,0.3080390683696469
1300,0.50468,4,8,4,604697,913,107550,406,0.008457149208936974,0.3078089461713419
1301,0.50469,5,5,5,604702,908,107555,401,0.008410834043499203,0.306340718105424
1302,0.5047,4,5,4,604707,903,107559,397,0.008364518878061432,0.30538461538461537
1303,0.50471,4,14,4,604721,889,107563,393,0.008234836414835673,0.30655226209048364
1304,0.50472,4,12,4,604733,877,107567,389,0.008123680017785023,0.30726698262243285
1305,0.50473,4,10,4,604743,867,107571,385,0.00803104968690948,0.3075079872204473
1306,0.50474,4,10,4,604753,857,107575,381,0.00793841935603394,0.3077544426494346
1307,0.50475,5,9,5,604762,848,107580,376,0.007855052058245953,0.30718954248366015
1308,0.50476,2,13,2,604775,835,107582,374,0.007734632628107747,0.3093465674110835
1309,0.50477,6,8,6,604783,827,107588,368,0.0076605283634073144,0.3079497907949791
1310,0.50478,3,4,3,604787,823,107591,365,0.007623476231057098,0.30723905723905726
1311,0.50479,6,8,6,604795,815,107597,359,0.007549371966356664,0.30579216354344124
1312,0.5048,3,9,3,604804,806,107600,356,0.007466004668568676,0.306368330464716
1313,0.50481,2,15,2,604819,791,107602,354,0.007327059172255363,0.3091703056768559
1314,0.50482,4,8,4,604827,783,107606,350,0.0072529549075549295,0.3089143865842895
1315,0.50483,5,6,5,604833,777,107611,345,0.007197376709029604,0.3074866310160428
1316,0.50484,3,8,3,604841,769,107614,342,0.0071232724443291715,0.30783078307830786
1317,0.50485,5,4,5,604845,765,107619,337,0.007086220311978955,0.3058076225045372
1318,0.50486,4,2,4,604847,763,107623,333,0.007067694245803846,0.30383211678832117
1319,0.50487,4,6,4,604853,757,107627,329,0.007012116047278521,0.3029465930018416
1320,0.50488,7,10,7,604863,747,107634,322,0.006919485716402979,0.30121608980355474
1321,0.50489,0,14,0,604877,733,107634,322,0.00678980325317722,0.3052132701421801
1322,0.5049,2,5,2,604882,728,107636,320,0.006743488087739449,0.3053435114503817
1323,0.50491,1,4,1,604886,724,107637,319,0.006706435955389232,0.3058485139022052
1324,0.50492,3,3,3,604889,721,107640,316,0.00667864685612657,0.304725168756027
1325,0.50493,5,10,5,604899,711,107645,311,0.0065860165252510285,0.30430528375733856
1326,0.50494,5,12,5,604911,699,107650,306,0.006474860128200378,0.3044776119402985
1327,0.50495,2,3,2,604914,696,107652,304,0.0064470710289377155,0.304
1328,0.50496,5,4,5,604918,692,107657,299,0.006410018896587499,0.30171543895055497
1329,0.50497,3,4,3,604922,688,107660,296,0.006372966764237282,0.3008130081300813
1330,0.50498,3,9,3,604931,679,107663,293,0.006289599466449294,0.301440329218107
1331,0.50499,6,8,6,604939,671,107669,287,0.00621549520174886,0.29958246346555323
1332,0.505,2,7,2,604946,664,107671,285,0.006150653970135981,0.30031612223393045
1333,0.50501,3,5,3,604951,659,107674,282,0.006104338804698211,0.29968119022316686
1334,0.50502,6,9,6,604960,650,107680,276,0.006020971506910223,0.2980561555075594
1335,0.50503,1,6,1,604966,644,107681,275,0.005965393308384898,0.2992383025027203
1336,0.50504,3,8,3,604974,636,107684,272,0.005891289043684464,0.29955947136563876
1337,0.50505,4,5,4,604979,631,107688,268,0.005844973878246693,0.29810901001112344
1338,0.50506,3,4,3,604983,627,107691,265,0.005807921745896476,0.297085201793722
1339,0.50507,2,9,2,604992,618,107693,263,0.0057245544481084884,0.2985244040862656
1340,0.50508,4,4,4,604996,614,107697,259,0.005687502315758272,0.29667812142038946
1341,0.50509,2,8,2,605004,606,107699,257,0.005613398051057838,0.29779837775202783
1342,0.5051,2,4,2,605008,602,107701,255,0.005576345918707622,0.2975495915985998
1343,0.50511,1,4,1,605012,598,107702,254,0.005539293786357405,0.2981220657276995
1344,0.50512,1,5,1,605017,593,107703,253,0.005492978620919634,0.2990543735224586
1345,0.50513,3,0,3,605017,593,107706,250,0.005492978620919634,0.29655990510083036
1346,0.50514,3,8,3,605025,585,107709,247,0.005418874356219201,0.296875
1347,0.50515,0,8,0,605033,577,107709,247,0.005344770091518767,0.29975728155339804
1348,0.50516,2,8,2,605041,569,107711,245,0.005270665826818333,0.300982800982801
1349,0.50517,3,9,3,605050,560,107714,242,0.0051872985290303455,0.30174563591022446
1350,0.50518,0,9,0,605059,551,107714,242,0.005103931231242358,0.3051702395964691
1351,0.50519,4,12,4,605071,539,107718,238,0.004992774834191708,0.3063063063063063
1352,0.5052,9,10,9,605081,529,107727,229,0.004900144503316166,0.3021108179419525
1353,0.50521,3,8,3,605089,521,107730,226,0.004826040238615732,0.30254350736278446
1354,0.50522,5,2,5,605091,519,107735,221,0.004807514172440624,0.29864864864864865
1355,0.50523,3,5,3,605096,514,107738,218,0.004761199007002853,0.2978142076502732
1356,0.50524,0,8,0,605104,506,107738,218,0.004687094742302419,0.3011049723756906
1357,0.50525,4,7,4,605111,499,107742,214,0.00462225351068954,0.30014025245441794
1358,0.50526,3,2,3,605113,497,107745,211,0.0046037274445144315,0.2980225988700565
1359,0.50527,2,15,2,605128,482,107747,209,0.004464781948201119,0.3024602026049204
1360,0.50528,1,9,1,605137,473,107748,208,0.0043814146504131315,0.3054331864904552
1361,0.50529,6,2,6,605139,471,107754,202,0.004362888584238023,0.300148588410104
1362,0.5053,5,6,5,605145,465,107759,197,0.004307310385712698,0.297583081570997
1363,0.50531,2,3,2,605148,462,107761,195,0.004279521286450035,0.2968036529680365
1364,0.50532,2,1,2,605149,461,107763,193,0.004270258253362481,0.29510703363914376
1365,0.50533,5,6,5,605155,455,107768,188,0.004214680054837156,0.29237947122861585
1366,0.50534,6,5,6,605160,450,107774,182,0.004168364889399385,0.2879746835443038
1367,0.50535,2,7,2,605167,443,107776,180,0.004103523657786505,0.28892455858747995
1368,0.50536,2,14,2,605181,429,107778,178,0.003973841194560747,0.2932454695222405
1369,0.50537,2,8,2,605189,421,107780,176,0.0038997369298603133,0.2948073701842546
1370,0.50538,2,3,2,605192,418,107782,174,0.0038719478305976507,0.2939189189189189
1371,0.50539,1,2,1,605194,416,107783,173,0.0038534217644225427,0.2937181663837012
1372,0.5054,1,3,1,605197,413,107784,172,0.00382563266515988,0.294017094017094
1373,0.50541,1,6,1,605203,407,107785,171,0.003770054466634555,0.2958477508650519
1374,0.50542,1,5,1,605208,402,107786,170,0.003723739301196784,0.2972027972027972
1375,0.50543,1,4,1,605212,398,107787,169,0.003686687168846567,0.2980599647266314
1376,0.50544,2,9,2,605221,389,107789,167,0.0036033198710585792,0.30035971223021585
1377,0.50545,3,10,3,605231,379,107792,164,0.0035106895401830376,0.3020257826887661
1378,0.50546,2,2,2,605233,377,107794,162,0.003492163474007929,0.300556586270872
1379,0.50547,1,5,1,605238,372,107795,161,0.003445848308570158,0.30206378986866794
1380,0.50548,2,2,2,605240,370,107797,159,0.00342732224239505,0.3005671077504726
1381,0.50549,3,2,3,605242,368,107800,156,0.0034087961762199414,0.29770992366412213
1382,0.5055,0,5,0,605247,363,107800,156,0.0033624810107821704,0.30057803468208094
1383,0.50551,2,10,2,605257,353,107802,154,0.0032698506799066288,0.3037475345167653
1384,0.50552,2,4,2,605261,349,107804,152,0.003232798547556412,0.3033932135728543
1385,0.50553,0,7,0,605268,342,107804,152,0.0031679573159435325,0.3076923076923077
1386,0.50554,1,2,1,605270,340,107805,151,0.003149431249768424,0.3075356415478615
1387,0.50555,2,2,2,605272,338,107807,149,0.0031309051835933157,0.3059548254620123
1388,0.50556,3,3,3,605275,335,107810,146,0.003103116084330653,0.30353430353430355
1389,0.50557,3,5,3,605280,330,107813,143,0.0030568009188928825,0.3023255813953488
1390,0.50558,1,6,1,605286,324,107814,142,0.0030012227203675573,0.30472103004291845
1391,0.50559,0,1,0,605287,323,107814,142,0.002991959687280003,0.3053763440860215
1392,0.5056,1,5,1,605292,318,107815,141,0.002945644521842232,0.30718954248366015
1393,0.50561,2,2,2,605294,316,107817,139,0.0029271184556671236,0.3054945054945055
1394,0.50562,1,2,1,605296,314,107818,138,0.0029085923894920152,0.3053097345132743
1395,0.50563,2,8,2,605304,306,107820,136,0.0028344881247915816,0.3076923076923077
1396,0.50564,1,5,1,605309,301,107821,135,0.002788172959353811,0.30963302752293576
1397,0.50565,4,2,4,605311,299,107825,131,0.0027696468931787026,0.30465116279069765
1398,0.50566,3,1,3,605312,298,107828,128,0.0027603838600911484,0.3004694835680751
1399,0.50567,0,8,0,605320,290,107828,128,0.0026862795953907148,0.3062200956937799
1400,0.50568,2,2,2,605322,288,107830,126,0.0026677535292156064,0.30434782608695654
1401,0.50569,1,4,1,605326,284,107831,125,0.0026307013968653896,0.3056234718826406
1402,0.5057,2,3,2,605329,281,107833,123,0.002602912297602727,0.30445544554455445
1403,0.50571,2,3,2,605332,278,107835,121,0.0025751231983400643,0.3032581453634085
1404,0.50572,4,7,4,605339,271,107839,117,0.0025102819667271853,0.3015463917525773
1405,0.50573,0,1,0,605340,270,107839,117,0.002501018933639631,0.3023255813953488
1406,0.50574,2,3,2,605343,267,107841,115,0.0024732298343769685,0.3010471204188482
1407,0.50575,3,5,3,605348,262,107844,112,0.0024269146689391975,0.2994652406417112
1408,0.50576,1,7,1,605355,255,107845,111,0.002362073437326318,0.30327868852459017
1409,0.50577,2,5,2,605360,250,107847,109,0.002315758271888547,0.30362116991643456
1410,0.50578,1,4,1,605364,246,107848,108,0.0022787061395383302,0.3050847457627119
1411,0.50579,2,1,2,605365,245,107850,106,0.002269443106450776,0.301994301994302
1412,0.5058,3,6,3,605371,239,107853,103,0.0022138649079254513,0.30116959064327486
1413,0.50581,1,1,1,605372,238,107854,102,0.002204601874837897,0.3
1414,0.50582,5,3,5,605375,235,107859,97,0.0021768127755752344,0.2921686746987952
1415,0.50583,2,3,2,605378,232,107861,95,0.002149023676312572,0.290519877675841
1416,0.50584,1,2,1,605380,230,107862,94,0.0021304976101374634,0.29012345679012347
1417,0.50585,1,2,1,605382,228,107863,93,0.002111971543962355,0.2897196261682243
1418,0.50586,1,1,1,605383,227,107864,92,0.002102708510874801,0.2884012539184953
1419,0.50587,3,2,3,605385,225,107867,89,0.0020841824446996924,0.28343949044585987
1420,0.50588,2,2,2,605387,223,107869,87,0.002065656378524584,0.2806451612903226
1421,0.50589,1,4,1,605391,219,107870,86,0.002028604246174367,0.2819672131147541
1422,0.5059,0,5,0,605396,214,107870,86,0.0019822890807365966,0.2866666666666667
1423,0.50591,1,5,1,605401,209,107871,85,0.0019359739152988254,0.2891156462585034
1424,0.50592,4,2,4,605403,207,107875,81,0.0019174478491237172,0.28125
1425,0.50593,2,2,2,605405,205,107877,79,0.0018989217829486088,0.27816901408450706
1426,0.50594,0,1,0,605406,204,107877,79,0.0018896587498610545,0.2791519434628975
1427,0.50595,2,2,2,605408,202,107879,77,0.0018711326836859461,0.27598566308243727
1428,0.50596,1,3,1,605411,199,107880,76,0.0018433435844232835,0.27636363636363637
1429,0.50597,3,3,3,605414,196,107883,73,0.001815554485160621,0.27137546468401486
1430,0.50598,3,2,3,605416,194,107886,70,0.0017970284189855125,0.26515151515151514
1431,0.50599,1,4,1,605420,190,107887,69,0.001759976286635296,0.26640926640926643
1432,0.506,1,1,1,605421,189,107888,68,0.0017507132535477417,0.26459143968871596
1433,0.50601,1,1,1,605422,188,107889,67,0.0017414502204601875,0.2627450980392157
1434,0.50602,1,3,1,605425,185,107890,66,0.001713661121197525,0.26294820717131473
1435,0.50603,1,5,1,605430,180,107891,65,0.0016673459557597539,0.2653061224489796
1436,0.50604,2,3,2,605433,177,107893,63,0.0016395568564970915,0.2625
1437,0.50605,1,1,1,605434,176,107894,62,0.0016302938234095373,0.2605042016806723
1438,0.50606,2,2,2,605436,174,107896,60,0.0016117677572344289,0.2564102564102564
1439,0.50607,0,4,0,605440,170,107896,60,0.001574715624884212,0.2608695652173913
1440,0.50608,0,4,0,605444,166,107896,60,0.0015376634925339952,0.26548672566371684
1441,0.50609,1,3,1,605447,163,107897,59,0.0015098743932713328,0.26576576576576577
1442,0.5061,1,2,1,605449,161,107898,58,0.0014913483270962244,0.2648401826484018
1443,0.50611,1,2,1,605451,159,107899,57,0.001472822260921116,0.2638888888888889
1444,0.50612,1,3,1,605454,156,107900,56,0.0014450331616584534,0.2641509433962264
1445,0.50613,0,1,0,605455,155,107900,56,0.0014357701285708992,0.26540284360189575
1446,0.50614,0,2,0,605457,153,107900,56,0.0014172440623957908,0.2679425837320574
1447,0.50615,1,0,1,605457,153,107901,55,0.0014172440623957908,0.2644230769230769
1448,0.50618,0,2,0,605459,151,107901,55,0.0013987179962206824,0.2669902912621359
1449,0.50619,2,1,2,605460,150,107903,53,0.0013894549631331284,0.26108374384236455
1450,0.5062,2,3,2,605463,147,107905,51,0.0013616658638704658,0.25757575757575757
1451,0.50621,1,0,1,605463,147,107906,50,0.0013616658638704658,0.25380710659898476
1452,0.50622,1,1,1,605464,146,107907,49,0.0013524028307829116,0.2512820512820513
1453,0.50623,1,2,1,605466,144,107908,48,0.0013338767646078032,0.25
1454,0.50624,2,1,2,605467,143,107910,46,0.001324613731520249,0.24338624338624337
1455,0.50625,0,2,0,605469,141,107910,46,0.0013060876653451406,0.24598930481283424
1456,0.50627,2,3,2,605472,138,107912,44,0.001278298566082478,0.24175824175824176
1457,0.50628,1,4,1,605476,134,107913,43,0.0012412464337322614,0.24293785310734464
1458,0.50629,1,5,1,605481,129,107914,42,0.0011949312682944903,0.24561403508771928
1459,0.5063,1,0,1,605481,129,107915,41,0.0011949312682944903,0.2411764705882353
1460,0.50631,0,1,0,605482,128,107915,41,0.0011856682352069361,0.24260355029585798
1461,0.50632,0,1,0,605483,127,107915,41,0.001176405202119382,0.24404761904761904
1462,0.50633,1,0,1,605483,127,107916,40,0.001176405202119382,0.23952095808383234
1463,0.50635,0,2,0,605485,125,107916,40,0.0011578791359442735,0.24242424242424243
1464,0.50636,0,2,0,605487,123,107916,40,0.0011393530697691651,0.24539877300613497
1465,0.50637,0,1,0,605488,122,107916,40,0.0011300900366816111,0.24691358024691357
1466,0.50638,0,2,0,605490,120,107916,40,0.0011115639705065027,0.25
1467,0.5064,0,1,0,605491,119,107916,40,0.0011023009374189485,0.25157232704402516
1468,0.50641,1,2,1,605493,117,107917,39,0.0010837748712438401,0.25
1469,0.50642,0,1,0,605494,116,107917,39,0.001074511838156286,0.25161290322580643
1470,0.50643,2,0,2,605494,116,107919,37,0.001074511838156286,0.24183006535947713
1471,0.50644,1,0,1,605494,116,107920,36,0.001074511838156286,0.23684210526315788
1472,0.50645,1,4,1,605498,112,107921,35,0.001037459705806069,0.23809523809523808
1473,0.50646,0,1,0,605499,111,107921,35,0.001028196672718515,0.23972602739726026
1474,0.50647,1,2,1,605501,109,107922,34,0.0010096706065434065,0.23776223776223776
1475,0.50648,1,1,1,605502,108,107923,33,0.0010004075734558523,0.23404255319148937
1476,0.50649,1,2,1,605504,106,107924,32,0.000981881507280744,0.2318840579710145
1477,0.5065,0,1,0,605505,105,107924,32,0.0009726184741931898,0.23357664233576642
1478,0.50651,2,0,2,605505,105,107926,30,0.0009726184741931898,0.2222222222222222
1479,0.50653,1,0,1,605505,105,107927,29,0.0009726184741931898,0.21641791044776118
1480,0.50654,1,1,1,605506,104,107928,28,0.0009633554411056357,0.21212121212121213
1481,0.50655,1,0,1,605506,104,107929,27,0.0009633554411056357,0.20610687022900764
1482,0.50656,2,5,2,605511,99,107931,25,0.0009170402756678647,0.20161290322580644
1483,0.50657,0,7,0,605518,92,107931,25,0.0008521990440549853,0.21367521367521367
1484,0.50658,1,2,1,605520,90,107932,24,0.0008336729778798769,0.21052631578947367
1485,0.5066,2,2,2,605522,88,107934,22,0.0008151469117047686,0.2
1486,0.50661,0,1,0,605523,87,107934,22,0.0008058838786172144,0.2018348623853211
1487,0.50662,0,2,0,605525,85,107934,22,0.000787357812442106,0.205607476635514
1488,0.50663,1,2,1,605527,83,107935,21,0.0007688317462669976,0.20192307692307693
1489,0.50664,1,2,1,605529,81,107936,20,0.0007503056800918893,0.19801980198019803
1490,0.50665,0,1,0,605530,80,107936,20,0.0007410426470043351,0.2
1491,0.50666,0,1,0,605531,79,107936,20,0.0007317796139167809,0.20202020202020202
1492,0.50668,0,1,0,605532,78,107936,20,0.0007225165808292267,0.20408163265306123
1493,0.5067,2,0,2,605532,78,107938,18,0.0007225165808292267,0.1875
1494,0.50671,0,2,0,605534,76,107938,18,0.0007039905146541183,0.19148936170212766
1495,0.50672,0,1,0,605535,75,107938,18,0.0006947274815665642,0.1935483870967742
1496,0.50673,0,1,0,605536,74,107938,18,0.00068546444847901,0.1956521739130435
1497,0.50674,0,3,0,605539,71,107938,18,0.0006576753492163474,0.20224719101123595
1498,0.50675,0,1,0,605540,70,107938,18,0.0006484123161287932,0.20454545454545456
1499,0.50676,1,2,1,605542,68,107939,17,0.0006298862499536849,0.2
1500,0.50678,0,1,0,605543,67,107939,17,0.0006206232168661307,0.20238095238095238
1501,0.50679,0,1,0,605544,66,107939,17,0.0006113601837785765,0.20481927710843373
1502,0.5068,0,2,0,605546,64,107939,17,0.0005928341176034681,0.20987654320987653
1503,0.50681,0,1,0,605547,63,107939,17,0.0005835710845159139,0.2125
1504,0.50682,0,1,0,605548,62,107939,17,0.0005743080514283597,0.21518987341772153
1505,0.50685,0,1,0,605549,61,107939,17,0.0005650450183408056,0.21794871794871795
1506,0.50688,0,1,0,605550,60,107939,17,0.0005557819852532514,0.22077922077922077
1507,0.50689,1,0,1,605550,60,107940,16,0.0005557819852532514,0.21052631578947367
1508,0.5069,0,2,0,605552,58,107940,16,0.000537255919078143,0.21621621621621623
1509,0.50691,0,2,0,605554,56,107940,16,0.0005187298529030345,0.2222222222222222
1510,0.50692,0,3,0,605557,53,107940,16,0.000490940753640372,0.2318840579710145
1511,0.50694,0,1,0,605558,52,107940,16,0.00048167772055281784,0.23529411764705882
1512,0.50697,0,1,0,605559,51,107940,16,0.00047241468746526364,0.23880597014925373
1513,0.50698,0,1,0,605560,50,107940,16,0.00046315165437770943,0.24242424242424243
1514,0.50699,0,2,0,605562,48,107940,16,0.0004446255882026011,0.25
1515,0.50702,2,0,2,605562,48,107942,14,0.0004446255882026011,0.22580645161290322
1516,0.50703,0,1,0,605563,47,107942,14,0.0004353625551150469,0.22950819672131148
1517,0.50704,1,0,1,605563,47,107943,13,0.0004353625551150469,0.21666666666666667
1518,0.50706,0,2,0,605565,45,107943,13,0.00041683648893993847,0.22413793103448276
1519,0.50708,0,2,0,605567,43,107943,13,0.0003983104227648301,0.23214285714285715
1520,0.5071,0,1,0,605568,42,107943,13,0.0003890473896772759,0.23636363636363636
1521,0.50714,0,1,0,605569,41,107943,13,0.00037978435658972176,0.24074074074074073
1522,0.50715,0,1,0,605570,40,107943,13,0.00037052132350216756,0.24528301886792453
1523,0.50716,0,3,0,605573,37,107943,13,0.000342732224239505,0.26
1524,0.50721,0,1,0,605574,36,107943,13,0.0003334691911519508,0.2653061224489796
1525,0.50723,0,1,0,605575,35,107943,13,0.0003242061580643966,0.2708333333333333
1526,0.50725,1,0,1,605575,35,107944,12,0.0003242061580643966,0.2553191489361702
1527,0.50726,0,1,0,605576,34,107944,12,0.00031494312497684244,0.2608695652173913
1528,0.5073,0,1,0,605577,33,107944,12,0.00030568009188928824,0.26666666666666666
1529,0.50731,0,1,0,605578,32,107944,12,0.00029641705880173404,0.2727272727272727
1530,0.50733,0,2,0,605580,30,107944,12,0.0002778909926266257,0.2857142857142857
1531,0.50735,0,2,0,605582,28,107944,12,0.0002593649264515173,0.3
1532,0.50737,0,1,0,605583,27,107944,12,0.00025010189336396307,0.3076923076923077
1533,0.50738,2,0,2,605583,27,107946,10,0.00025010189336396307,0.2702702702702703
1534,0.50741,1,0,1,605583,27,107947,9,0.00025010189336396307,0.25
1535,0.50747,0,1,0,605584,26,107947,9,0.00024083886027640892,0.2571428571428571
1536,0.50749,0,1,0,605585,25,107947,9,0.00023157582718885472,0.2647058823529412
1537,0.50756,0,1,0,605586,24,107947,9,0.00022231279410130054,0.2727272727272727
1538,0.5076,0,1,0,605587,23,107947,9,0.00021304976101374634,0.28125
1539,0.50767,0,2,0,605589,21,107947,9,0.00019452369483863796,0.3
1540,0.50769,0,1,0,605590,20,107947,9,0.00018526066175108378,0.3103448275862069
1541,0.5077,0,1,0,605591,19,107947,9,0.00017599762866352957,0.32142857142857145
1542,0.50773,0,1,0,605592,18,107947,9,0.0001667345955759754,0.3333333333333333
1543,0.50777,0,1,0,605593,17,107947,9,0.00015747156248842122,0.34615384615384615
1544,0.50781,0,1,0,605594,16,107947,9,0.00014820852940086702,0.36
1545,0.50784,1,0,1,605594,16,107948,8,0.00014820852940086702,0.3333333333333333
1546,0.50795,0,1,0,605595,15,107948,8,0.00013894549631331284,0.34782608695652173
1547,0.50798,0,1,0,605596,14,107948,8,0.00012968246322575864,0.36363636363636365
1548,0.50807,0,1,0,605597,13,107948,8,0.00012041943013820446,0.38095238095238093
1549,0.50811,1,0,1,605597,13,107949,7,0.00012041943013820446,0.35
1550,0.50812,2,0,2,605597,13,107951,5,0.00012041943013820446,0.2777777777777778
1551,0.50816,0,1,0,605598,12,107951,5,0.00011115639705065027,0.29411764705882354
1552,0.50828,0,1,0,605599,11,107951,5,0.00010189336396309608,0.3125
1553,0.50831,1,0,1,605599,11,107952,4,0.00010189336396309608,0.26666666666666666
1554,0.5085,0,1,0,605600,10,107952,4,9.263033087554189e-05,0.2857142857142857
1555,0.50855,1,0,1,605600,10,107953,3,9.263033087554189e-05,0.23076923076923078
1556,0.50877,1,0,1,605600,10,107954,2,9.263033087554189e-05,0.16666666666666666
1557,0.50889,1,0,1,605600,10,107955,1,9.263033087554189e-05,0.09090909090909091
1558,0.50891,0,1,0,605601,9,107955,1,8.33672977879877e-05,0.1
1559,0.50892,0,1,0,605602,8,107955,1,7.410426470043351e-05,0.1111111111111111
1560,0.50899,1,0,1,605602,8,107956,0,7.410426470043351e-05,0.0
1561,0.50931,0,1,0,605603,7,107956,0,6.484123161287932e-05,0.0
1562,0.50977,0,1,0,605604,6,107956,0,5.5578198525325135e-05,0.0
1563,0.51003,0,1,0,605605,5,107956,0,4.6315165437770945e-05,0.0
1564,0.51029,0,1,0,605606,4,107956,0,3.7052132350216754e-05,0.0
1565,0.51143,0,1,0,605607,3,107956,0,2.7789099262662567e-05,0.0
1566,0.51173,0,1,0,605608,2,107956,0,1.8526066175108377e-05,0.0
1567,0.51289,0,1,0,605609,1,107956,0,9.263033087554189e-06,0.0
1568,0.51333,0,1,0,605610,0,107956,0,0.0,
