,y_proba,y_test,Neg,Pos,TN,FP,FN,TP,FP/P,Prec
0,0.0,0,152,0,152,676292,0,126256,5.356513749841592,0.15731893917871578
1,0.01,1,252,1,404,676040,1,126255,5.354517805094411,0.15736730255080736
2,0.02,5,575,5,979,675465,6,126250,5.349963566087948,0.15747491315492412
3,0.0233,0,2,0,981,675463,6,126250,5.349947725256621,0.1574753060010253
4,0.025,0,2,0,983,675461,6,126250,5.3499318844252945,0.15747569884908652
5,0.0267,0,1,0,984,675460,6,126250,5.349923964009632,0.15747589527385214
6,0.03,3,931,3,1915,674529,9,126247,5.342550057026993,0.15765582385086466
7,0.0333,0,1,0,1916,674528,9,126247,5.342542136611329,0.15765602072991788
8,0.035,0,3,0,1919,674525,9,126247,5.342518375364339,0.15765661137002793
9,0.0367,0,3,0,1922,674522,9,126247,5.342494614117349,0.1576572020145635
10,0.0371,0,1,0,1923,674521,9,126247,5.3424866937016855,0.15765739889705882
11,0.04,9,1424,9,3347,673097,18,126238,5.331208021796984,0.15792877829695934
12,0.0425,0,1,0,3348,673096,18,126238,5.33120010138132,0.15792897587241378
13,0.0433,0,2,0,3350,673094,18,126238,5.3311842605499935,0.15792937102480573
14,0.044,0,4,0,3354,673090,18,126238,5.33115257888734,0.15793016133552185
15,0.045,0,5,0,3359,673085,18,126238,5.331112976809023,0.15793114923504015
16,0.0467,0,4,0,3363,673081,18,126238,5.331081295146369,0.15793193956355348
17,0.0471,0,2,0,3365,673079,18,126238,5.331065454315042,0.1579323347307764
18,0.048,0,1,0,3366,673078,18,126238,5.331057533899379,0.15793253231512944
19,0.05,18,1904,18,5270,671174,36,126220,5.315977062476239,0.15829063173286984
20,0.0525,0,2,0,5272,671172,36,126220,5.315961221644912,0.15829102875373718
21,0.0533,0,4,0,5276,671168,36,126220,5.315929539982259,0.1582918228014467
22,0.054,0,1,0,5277,671167,36,126220,5.315921619566595,0.15829202131461886
23,0.055,0,5,0,5282,671162,36,126220,5.315882017488278,0.1582930138879483
24,0.056,0,1,0,5283,671161,36,126220,5.315874097072614,0.15829321240410796
25,0.0567,0,6,0,5289,671155,36,126220,5.315826574578634,0.15829440351152219
26,0.0575,0,1,0,5290,671154,36,126220,5.31581865416297,0.1582946020311673
27,0.058,0,1,0,5291,671153,36,126220,5.315810733747307,0.15829480055131037
28,0.06,25,2391,25,7682,668762,61,126195,5.2968730198960845,0.15874443523360382
29,0.0625,0,6,0,7688,668756,61,126195,5.296825497402104,0.15874563337866107
30,0.0633,0,3,0,7691,668753,61,126195,5.296801736155113,0.1587462324579721
31,0.065,0,11,0,7702,668742,61,126195,5.296714611582816,0.15874842912079826
32,0.066,0,2,0,7704,668740,61,126195,5.296698770751489,0.15874882852057087
33,0.0662,0,1,0,7705,668739,61,126195,5.296690850335826,0.15874902822121081
34,0.0667,0,3,0,7708,668736,61,126195,5.296667089088835,0.15874962732614528
35,0.0675,0,4,0,7712,668732,61,126195,5.296635407426182,0.15875042613975873
36,0.07,32,2954,32,10666,665778,93,126163,5.273238499556457,0.15930858485670019
37,0.072,0,1,0,10667,665777,93,126163,5.273230579140793,0.15930878601914286
38,0.0725,0,5,0,10672,665772,93,126163,5.273190977062476,0.15930979183897667
39,0.0733,0,11,0,10683,665761,93,126163,5.273103852490179,0.1593120046873185
40,0.0738,0,1,0,10684,665760,93,126163,5.273095932074515,0.15931220585839784
41,0.074,0,4,0,10688,665756,93,126163,5.273064250411862,0.15931301054779592
42,0.075,0,11,0,10699,665745,93,126163,5.272977125839564,0.1593152234855564
43,0.0767,0,2,0,10701,665743,93,126163,5.272961285008237,0.15931562584448153
44,0.0775,0,1,0,10702,665742,93,126163,5.272953364592574,0.15931582702470626
45,0.078,0,1,0,10703,665741,93,126163,5.27294544417691,0.15931602820543905
46,0.08,44,3498,44,14201,662243,137,126119,5.245239830186288,0.15997600087269553
47,0.082,0,2,0,14203,662241,137,126119,5.245223989354962,0.15997640671774316
48,0.0825,0,4,0,14207,662237,137,126119,5.2451923076923075,0.159977218414016
49,0.0833,0,13,0,14220,662224,137,126119,5.245089342288684,0.15997985648378943
50,0.084,0,1,0,14221,662223,137,126119,5.24508142187302,0.1599800594158373
51,0.085,0,27,0,14248,662196,137,126119,5.244867570650108,0.1599855387757432
52,0.086,0,2,0,14250,662194,137,126119,5.244851729818781,0.15998594466918598
53,0.0867,0,9,0,14259,662185,137,126119,5.24478044607781,0.15998777121516572
54,0.0875,0,4,0,14263,662181,137,126119,5.2447487644151565,0.15998858302676647
55,0.088,0,3,0,14266,662178,137,126119,5.244725003168166,0.15998919189087363
56,0.09,42,3946,42,18212,658232,179,126077,5.213471042960334,0.16074914351358968
57,0.091,0,1,0,18213,658231,179,126077,5.213463122544671,0.16074934847024383
58,0.0917,0,1,0,18214,658230,179,126077,5.2134552021290075,0.16074955342742064
59,0.0925,0,3,0,18217,658227,179,126077,5.213431440882018,0.16075016830208694
60,0.0929,0,1,0,18218,658226,179,126077,5.213423520466354,0.16075037326135436
61,0.0933,0,16,0,18234,658210,179,126077,5.213296793815739,0.1607536526807151
62,0.094,0,1,0,18235,658209,179,126077,5.213288873400076,0.16075385764886788
63,0.095,1,26,1,18261,658183,180,126076,5.213082942592827,0.16075811689760652
64,0.096,1,4,1,18265,658179,181,126075,5.213051260930174,0.1607578667115501
65,0.0967,1,13,1,18278,658166,182,126074,5.212948295526549,0.1607594613893706
66,0.0971,0,1,0,18279,658165,182,126074,5.212940375110886,0.1607596663772141
67,0.0975,0,10,0,18289,658155,182,126074,5.212861170954252,0.1607617162844016
68,0.098,0,3,0,18292,658152,182,126074,5.212837409707261,0.16076233126675218
69,0.0983,0,1,0,18293,658151,182,126074,5.212829489291598,0.16076253626191464
70,0.1,60,4538,60,22831,653613,242,126014,5.176886643011025,0.16163370432270815
71,0.1005,0,1,0,22832,653612,242,126014,5.176878722595362,0.1616339116448143
72,0.1008,0,1,0,22833,653611,242,126014,5.176870802179699,0.1616341189674523
73,0.1013,0,1,0,22834,653610,242,126014,5.176862881764035,0.16163432629062213
74,0.1017,0,1,0,22835,653609,242,126014,5.176854961348371,0.16163453361432384
75,0.102,0,1,0,22836,653608,242,126014,5.176847040932708,0.1616347409385574
76,0.1025,0,7,0,22843,653601,242,126014,5.1767915980230645,0.16163619222308448
77,0.1033,1,15,1,22858,653586,243,126013,5.176672791788113,0.16163822683199952
78,0.104,0,2,0,22860,653584,243,126013,5.176656950956787,0.1616386415032382
79,0.105,0,51,0,22911,653533,243,126013,5.176253009757952,0.16164921633874074
80,0.106,0,3,0,22914,653530,243,126013,5.176229248510962,0.16164983843097816
81,0.1067,0,14,0,22928,653516,243,126013,5.176118362691674,0.16165274159139686
82,0.1075,0,4,0,22932,653512,243,126013,5.1760866810290205,0.1616535710849556
83,0.108,0,3,0,22935,653509,243,126013,5.17606291978203,0.16165419321071117
84,0.11,77,4994,77,27929,648515,320,125936,5.13650836395894,0.16261325764961243
85,0.1117,0,1,0,27930,648514,320,125936,5.1365004435432775,0.16261346762218348
86,0.112,0,1,0,27931,648513,320,125936,5.136492523127614,0.1626136775952968
87,0.1125,0,11,0,27942,648502,320,125936,5.136405398555316,0.1626159873353322
88,0.1129,0,3,0,27945,648499,320,125936,5.136381637308326,0.16261661727582044
89,0.1133,0,18,0,27963,648481,320,125936,5.1362390698263845,0.1626203970212431
90,0.114,0,4,0,27967,648477,320,125936,5.136207388163731,0.16262123698853195
91,0.1143,0,1,0,27968,648476,320,125936,5.136199467748067,0.16262144698171
92,0.115,0,58,0,28026,648418,320,125936,5.13574008363959,0.16263362751403104
93,0.116,0,9,0,28035,648409,320,125936,5.135668799898618,0.1626355177601715
94,0.1167,0,17,0,28052,648392,320,125936,5.13553415283234,0.16263908834499075
95,0.1175,0,9,0,28061,648383,320,125936,5.13546286909137,0.16264097871807356
96,0.118,0,4,0,28065,648379,320,125936,5.135431187428717,0.1626418188979937
97,0.12,99,5767,99,33832,642612,419,125837,5.089754150297807,0.16375452372245913
98,0.1217,0,1,0,33833,642611,419,125837,5.089746229882144,0.16375473682018823
99,0.122,0,1,0,33834,642610,419,125837,5.0897383094664805,0.16375494991847192
100,0.1225,0,13,0,33847,642597,419,125837,5.089635344062857,0.16375772024663146
101,0.1233,0,14,0,33861,642583,419,125837,5.089524458243568,0.163760703781786
102,0.124,1,3,1,33864,642580,420,125836,5.089500696996579,0.16376025486194978
103,0.125,1,57,1,33921,642523,421,125835,5.089049233303764,0.16377131493392402
104,0.126,0,9,0,33930,642514,421,125835,5.088977949562793,0.16377323325728282
105,0.1267,1,19,1,33949,642495,422,125834,5.088827461665188,0.16377619483320296
106,0.1275,0,16,0,33965,642479,422,125834,5.088700735014574,0.1637796054472591
107,0.128,0,4,0,33969,642475,422,125834,5.08866905335192,0.16378045812296876
108,0.1283,0,4,0,33973,642471,422,125834,5.088637371689266,0.1637813108075569
109,0.129,0,1,0,33974,642470,422,125834,5.0886294512736026,0.16378152398009121
110,0.1293,0,1,0,33975,642469,422,125834,5.08862153085794,0.16378173715318045
111,0.13,94,6229,94,40204,636240,516,125740,5.039285261690534,0.16501745452636551
112,0.1308,0,1,0,40205,636239,516,125740,5.03927734127487,0.1650176710906731
113,0.1317,0,2,0,40207,636237,516,125740,5.039261500443543,0.16501810422099356
114,0.132,0,3,0,40210,636234,516,125740,5.039237739196553,0.16501875392073745
115,0.1325,0,10,0,40220,636224,516,125740,5.039158535039919,0.16502091962349927
116,0.1329,0,2,0,40222,636222,516,125740,5.039142694208592,0.1650213527708731
117,0.1333,0,31,0,40253,636191,516,125740,5.0388971613230265,0.16502806684594798
118,0.1338,0,1,0,40254,636190,516,125740,5.038889240907363,0.1650282834381111
119,0.134,0,5,0,40259,636185,516,125740,5.038849638829046,0.1650293664074548
120,0.135,1,67,1,40326,636118,517,125739,5.038318970979597,0.16504278361949815
121,0.136,0,7,0,40333,636111,517,125739,5.038263528069953,0.16504430005906676
122,0.1367,1,32,1,40365,636079,518,125738,5.0380100747687235,0.16505013671262259
123,0.1375,0,15,0,40380,636064,518,125738,5.037891268533772,0.16505338657551438
124,0.138,0,3,0,40383,636061,518,125738,5.037867507286783,0.16505403656345047
125,0.1383,0,2,0,40385,636059,518,125738,5.037851666455456,0.1650544698915853
126,0.1394,0,1,0,40386,636058,518,125738,5.037843746039792,0.16505468655650593
127,0.14,136,6924,136,47310,629134,654,125602,4.9830027879863135,0.16641845625490237
128,0.1417,0,2,0,47312,629132,654,125602,4.982986947154987,0.16641889725386694
129,0.142,0,1,0,47313,629131,654,125602,4.982979026739323,0.16641911775422566
130,0.1425,0,13,0,47326,629118,654,125602,4.982876061335699,0.16642198431206276
131,0.1429,0,2,0,47328,629116,654,125602,4.982860220504372,0.16642242532972581
132,0.1433,0,37,0,47365,629079,654,125602,4.982567165124825,0.16643058457811977
133,0.144,0,4,0,47369,629075,654,125602,4.982535483462172,0.1664314667069488
134,0.1442,0,1,0,47370,629074,654,125602,4.982527563046509,0.16643168724061716
135,0.145,0,63,0,47433,629011,654,125602,4.9820285768597135,0.16644558204006557
136,0.146,0,8,0,47441,629003,654,125602,4.981965213534406,0.1664473466250555
137,0.1462,0,1,0,47442,629002,654,125602,4.981957293118743,0.16644756720080997
138,0.1467,1,37,1,47479,628965,655,125601,4.981664237739197,0.16645462424758073
139,0.1471,0,1,0,47480,628964,655,125601,4.981656317323533,0.16645484484438053
140,0.1473,0,1,0,47481,628963,655,125601,4.98164839690787,0.16645506544176505
141,0.1475,0,18,0,47499,628945,655,125601,4.981505829425928,0.16645903629467257
142,0.148,0,5,0,47504,628940,655,125601,4.981466227347611,0.1664601393429913
143,0.1483,0,1,0,47505,628939,655,125601,4.981458306931947,0.1664603599544093
144,0.15,127,7519,127,55024,621420,782,125474,4.921904701558738,0.16799438742311493
145,0.1517,0,2,0,55026,621418,782,125474,4.921888860727411,0.16799483727232317
146,0.152,0,1,0,55027,621417,782,125474,4.921880940311747,0.16799506219783075
147,0.1525,1,13,1,55040,621404,783,125473,4.921777974908123,0.16799687230963065
148,0.1533,0,34,0,55074,621370,783,125473,4.921508680775567,0.16800452036103974
149,0.154,0,11,0,55085,621359,783,125473,4.92142155620327,0.16800699487970522
150,0.155,0,79,0,55164,621280,783,125473,4.92079584336586,0.16802476856470613
151,0.1557,0,1,0,55165,621279,783,125473,4.920787922950196,0.1680249935721632
152,0.156,0,8,0,55173,621271,783,125473,4.920724559624889,0.16802679365351444
153,0.1562,0,1,0,55174,621270,783,125473,4.920716639209226,0.16802701866639527
154,0.1567,0,35,0,55209,621235,783,125473,4.920439424661006,0.16803489449691178
155,0.1575,1,21,1,55230,621214,784,125472,4.920273095932075,0.168038506145823
156,0.158,0,5,0,55235,621209,784,125472,4.9202334938537575,0.16803963138207614
157,0.1593,0,1,0,55236,621208,784,125472,4.920225573438094,0.16803985643113517
158,0.16,166,8086,166,63322,613122,950,125306,4.8561810923837285,0.16969291521989957
159,0.161,0,1,0,63323,613121,950,125306,4.856173171968065,0.169693145023137
160,0.1617,0,1,0,63324,613120,950,125306,4.856165251552402,0.1696933748269969
161,0.162,0,1,0,63325,613119,950,125306,4.856157331136738,0.16969360463147917
162,0.1625,0,11,0,63336,613108,950,125306,4.85607020656444,0.16969613252186444
163,0.1629,0,2,0,63338,613106,950,125306,4.856054365733113,0.16969659214638982
164,0.1633,1,39,1,63377,613067,951,125305,4.85574546952224,0.16970443082890468
165,0.164,0,14,0,63391,613053,951,125305,4.855634583702953,0.16970764859322984
166,0.165,1,104,1,63495,612949,952,125304,4.8548108604739575,0.16973043116655132
167,0.1657,0,2,0,63497,612947,952,125304,4.854795019642631,0.16973089098423166
168,0.166,0,7,0,63504,612940,952,125304,4.854739576732987,0.16973250036573273
169,0.1667,2,39,2,63543,612901,954,125302,4.854430680522114,0.16973921807416117
170,0.1671,0,1,0,63544,612900,954,125302,4.85442276010645,0.16973944801016524
171,0.1673,0,1,0,63545,612899,954,125302,4.854414839690787,0.16973967794679226
172,0.1675,1,15,1,63560,612884,955,125301,4.854296033455836,0.16974200234358597
173,0.168,0,5,0,63565,612879,955,125301,4.854256431377519,0.16974315207672924
174,0.1683,0,1,0,63566,612878,955,125301,4.854248510961855,0.16974338202522693
175,0.1687,0,1,0,63567,612877,955,125301,4.854240590546192,0.16974361197434765
176,0.169,0,1,0,63568,612876,955,125301,4.8542326701305285,0.16974384192409137
177,0.1695,0,1,0,63569,612875,955,125301,4.854224749714865,0.1697440718744581
178,0.17,192,8596,192,72165,604279,1147,125109,4.786140856672158,0.17152599165327645
179,0.1717,0,2,0,72167,604277,1147,125109,4.786125015840831,0.17152646198309263
180,0.172,0,1,0,72168,604276,1147,125109,4.786117095425168,0.17152669714896795
181,0.1725,0,15,0,72183,604261,1147,125109,4.785998289190217,0.17153022471447962
182,0.1733,0,43,0,72226,604218,1147,125109,4.78565771131669,0.1715403378731351
183,0.174,0,14,0,72240,604204,1147,125109,4.785546825497402,0.17154363078678153
184,0.1743,0,3,0,72243,604201,1147,125109,4.785523064250412,0.17154433642758224
185,0.175,5,105,5,72348,604096,1152,125104,4.784691420605753,0.17156335710367526
186,0.176,0,7,0,72355,604089,1152,125104,4.78463597769611,0.17156500405242509
187,0.1767,0,48,0,72403,604041,1152,125104,4.784255797744265,0.1715762982671485
188,0.1775,0,16,0,72419,604025,1152,125104,4.784129071093651,0.17158006333584316
189,0.178,1,5,1,72424,604020,1153,125103,4.784089469015334,0.17158010376849997
190,0.1782,0,4,0,72428,604016,1153,125103,4.784057787352681,0.17158104506946054
191,0.1783,0,6,0,72434,604010,1153,125103,4.7840102648587,0.17158245704026673
192,0.1785,0,2,0,72436,604008,1153,125103,4.783994424027373,0.1715829277023663
193,0.18,227,8953,227,81389,595055,1380,124876,4.713082942592827,0.17345551170876097
194,0.181,0,1,0,81390,595054,1380,124876,4.713075022177164,0.17345575264261803
195,0.1817,0,7,0,81397,595047,1380,124876,4.71301957926752,0.1734574391983587
196,0.182,0,1,0,81398,595046,1380,124876,4.7130116588518565,0.17345768013757046
197,0.1825,0,14,0,81412,595032,1380,124876,4.712900773032569,0.17346105335681783
198,0.1827,0,1,0,81413,595031,1380,124876,4.712892852616905,0.1734612943060701
199,0.1829,0,1,0,81414,595030,1380,124876,4.712884932201242,0.17346153525599176
200,0.1833,4,54,4,81468,594976,1384,124872,4.712457229755418,0.17346995476822885
201,0.184,0,10,0,81478,594966,1384,124872,4.712378025598784,0.1734723646153718
202,0.185,2,110,2,81588,594856,1386,124870,4.7115067798758075,0.1734965806431892
203,0.1857,0,1,0,81589,594855,1386,124870,4.711498859460145,0.17349682170273367
204,0.1858,0,1,0,81590,594854,1386,124870,4.711490939044481,0.17349706276294802
205,0.186,0,13,0,81603,594841,1386,124870,4.711387973640857,0.17350019660669352
206,0.1867,1,52,1,81655,594789,1387,124869,4.710976112026359,0.17351158466938463
207,0.1875,0,25,0,81680,594764,1387,124869,4.710778101634774,0.1735176124496792
208,0.188,0,10,0,81690,594754,1387,124869,4.71069889747814,0.1735200236790653
209,0.1883,0,2,0,81692,594752,1387,124869,4.710683056646813,0.17352050593298418
210,0.1892,0,1,0,81693,594751,1387,124869,4.710675136231149,0.17352074706094883
211,0.1897,1,0,1,81693,594751,1388,124868,4.710675136231149,0.17351959856535196
212,0.19,246,9461,246,91154,585290,1634,124622,4.63574008363959,0.1755457014390516
213,0.1908,0,1,0,91155,585289,1634,124622,4.635732163223926,0.1755459487175153
214,0.1917,0,1,0,91156,585288,1634,124622,4.635724242808263,0.17554619599667565
215,0.192,0,1,0,91157,585287,1634,124622,4.635716322392599,0.17554644327653263
216,0.1925,0,11,0,91168,585276,1634,124622,4.635629197820301,0.1755491634009393
217,0.1929,0,1,0,91169,585275,1634,124622,4.635621277404638,0.1755494106891563
218,0.1933,2,65,2,91234,585210,1636,124620,4.635106450386516,0.17556316301086175
219,0.194,0,11,0,91245,585199,1636,124620,4.635019325814219,0.1755658836971115
220,0.1942,0,1,0,91246,585198,1636,124620,4.635011405398555,0.1755661310364065
221,0.1943,0,2,0,91248,585196,1636,124620,4.6349955645672285,0.17556662571708725
222,0.195,3,115,3,91363,585081,1639,124617,4.634084716765936,0.1755915896620816
223,0.1957,0,1,0,91364,585080,1639,124617,4.634076796350272,0.17559183707976783
224,0.196,1,9,1,91373,585071,1640,124616,4.634005512609302,0.1755929022230927
225,0.1962,0,1,0,91374,585070,1640,124616,4.633997592193638,0.17559314964646336
226,0.1967,3,43,3,91417,585027,1643,124613,4.633657014320112,0.17560030437968546
227,0.1971,0,1,0,91418,585026,1643,124613,4.633649093904448,0.17560055182987405
228,0.1973,0,1,0,91419,585025,1643,124613,4.633641173488785,0.17560079928076006
229,0.1975,0,21,0,91440,585004,1643,124613,4.633474844759853,0.17560599591047002
230,0.198,0,7,0,91447,584997,1643,124613,4.633419401850209,0.1756077281887234
231,0.1983,0,5,0,91452,584992,1643,124613,4.633379799771892,0.17560896555125738
232,0.199,0,1,0,91453,584991,1643,124613,4.633371879356228,0.17560921302585666
233,0.2,307,9947,307,101400,575044,1950,124306,4.5545875047522495,0.17774504897404733
234,0.2008,0,1,0,101401,575043,1950,124306,4.554579584336586,0.17774530313191267
235,0.201,0,2,0,101403,575041,1950,124306,4.554563743505259,0.1777458114498239
236,0.2013,0,1,0,101404,575040,1950,124306,4.554555823089596,0.1777460656098698
237,0.2017,0,6,0,101410,575034,1950,124306,4.554508300595615,0.1777475905854091
238,0.202,1,4,1,101414,575030,1951,124305,4.554476618932962,0.17774743148848549
239,0.2025,0,21,0,101435,575009,1951,124305,4.55431029020403,0.1777527691423309
240,0.2029,0,2,0,101437,575007,1951,124305,4.554294449372703,0.17775327750703548
241,0.203,0,1,0,101438,575006,1951,124305,4.554286528957039,0.1777535316904782
242,0.2033,2,66,2,101504,574940,1953,124303,4.553763781523254,0.1777679576341844
243,0.2035,0,1,0,101505,574939,1953,124303,4.553755861107591,0.17776821186370384
244,0.2037,0,1,0,101506,574938,1953,124303,4.5537479406919275,0.17776846609395044
245,0.204,0,11,0,101517,574927,1953,124303,4.55366081611963,0.1777712626746564
246,0.2042,0,1,0,101518,574926,1953,124303,4.553652895703967,0.17777151691362916
247,0.2043,0,1,0,101519,574925,1953,124303,4.553644975288303,0.1777717711533291
248,0.2044,0,1,0,101520,574924,1953,124303,4.55363705487264,0.17777202539375625
249,0.2047,0,3,0,101523,574921,1953,124303,4.5536132936256495,0.17777278811940095
250,0.205,2,123,2,101646,574798,1955,124301,4.5526390824990495,0.177801713348181
251,0.2053,0,1,0,101647,574797,1955,124301,4.552631162083386,0.17780196767835124
252,0.206,0,8,0,101655,574789,1955,124301,4.552567798758079,0.17780400234590682
253,0.2067,1,51,1,101706,574738,1956,124300,4.552163857559245,0.1778157982827829
254,0.2071,0,1,0,101707,574737,1956,124300,4.552155937143581,0.1778160526552958
255,0.2075,0,19,0,101726,574718,1956,124300,4.552005449245977,0.17782088587132233
256,0.208,0,7,0,101733,574711,1956,124300,4.551950006336333,0.17782266659609075
257,0.2083,0,6,0,101739,574705,1956,124300,4.551902483842352,0.17782419295999313
258,0.2086,0,1,0,101740,574704,1956,124300,4.551894563426688,0.17782444735652442
259,0.21,274,10373,274,112113,564331,2230,124026,4.469736091750095,0.18017685590471225
260,0.2105,0,1,0,112114,564330,2230,124026,4.469728171334432,0.18017711765423705
261,0.2114,0,1,0,112115,564329,2230,124026,4.469720250918768,0.1801773794045224
262,0.2117,0,8,0,112123,564321,2230,124026,4.469656887593461,0.18017947343418364
263,0.212,1,4,1,112127,564317,2231,124025,4.469625205930807,0.1801793294612271
264,0.2125,0,25,0,112152,564292,2231,124025,4.469427195539222,0.1801858736599561
265,0.2129,0,1,0,112153,564291,2231,124025,4.469419275123559,0.1801861354377931
266,0.213,0,1,0,112154,564290,2231,124025,4.469411354707895,0.18018639721639076
267,0.2133,2,71,2,112225,564219,2233,124023,4.468849005195793,0.18020260315412312
268,0.2135,0,2,0,112227,564217,2233,124023,4.468833164364466,0.1802031268162269
269,0.214,0,6,0,112233,564211,2233,124023,4.468785641870485,0.18020469782079931
270,0.215,3,135,3,112368,564076,2236,124020,4.467716385755924,0.1802364786308887
271,0.2157,0,3,0,112371,564073,2236,124020,4.467692624508934,0.18023726443954524
272,0.216,0,10,0,112381,564063,2236,124020,4.4676134203523,0.18023988385122144
273,0.2162,0,1,0,112382,564062,2236,124020,4.467605499936637,0.18024014579657657
274,0.2163,0,1,0,112383,564061,2236,124020,4.467597579520973,0.1802404077426931
275,0.2167,1,61,1,112444,564000,2237,124019,4.467114434165505,0.18025519644079596
276,0.2171,0,2,0,112446,563998,2237,124019,4.467098593334178,0.18025572042551274
277,0.2175,2,17,2,112463,563981,2239,124017,4.4669639462679,0.18025779144706816
278,0.218,0,6,0,112469,563975,2239,124017,4.466916423773919,0.1802593634809707
279,0.2183,0,9,0,112478,563966,2239,124017,4.466845140032949,0.1802617215832368
280,0.2186,0,1,0,112479,563965,2239,124017,4.466837219617285,0.1802619835984081
281,0.2192,0,1,0,112480,563964,2239,124017,4.466829299201622,0.1802622456143411
282,0.22,381,10666,381,123146,553298,2620,123636,4.382350145735648,0.18264114374518048
283,0.2207,0,1,0,123147,553297,2620,123636,4.382342225319984,0.1826414135520059
284,0.2208,0,1,0,123148,553296,2620,123636,4.3823343049043215,0.18264168335962844
285,0.2214,0,1,0,123149,553295,2620,123636,4.382326384488658,0.18264195316804815
286,0.2217,0,4,0,123153,553291,2620,123636,4.382294702826004,0.18264303240969854
287,0.222,0,7,0,123160,553284,2620,123636,4.382239259916361,0.1826449211132778
288,0.2225,0,16,0,123176,553268,2620,123636,4.382112533265746,0.18264923829671564
289,0.2233,3,70,3,123246,553198,2623,123633,4.381558104169307,0.18266450561513878
290,0.2238,1,0,1,123246,553198,2624,123632,4.381558104169307,0.1826632980216598
291,0.224,0,13,0,123259,553185,2624,123632,4.381455138765682,0.18266680653706985
292,0.225,2,145,2,123404,553040,2626,123630,4.380306678494487,0.18270353348013063
293,0.2253,0,1,0,123405,553039,2626,123630,4.380298758078824,0.18270380348442147
294,0.2257,0,1,0,123406,553038,2626,123630,4.380290837663161,0.18270407348951037
295,0.226,1,11,1,123417,553027,2627,123629,4.380203713090863,0.18270583575701685
296,0.2267,1,73,1,123490,552954,2628,123628,4.379625522747434,0.18272434087811973
297,0.2271,0,2,0,123492,552952,2628,123628,4.379609681916107,0.18272488101924383
298,0.2275,0,26,0,123518,552926,2628,123628,4.379403751108859,0.18273190314446444
299,0.2278,0,1,0,123519,552925,2628,123628,4.379395830693195,0.18273217323698218
300,0.228,1,7,1,123526,552918,2629,123627,4.379340387783551,0.1827328559075893
301,0.2283,0,3,0,123529,552915,2629,123627,4.379316626536561,0.18273366620254175
302,0.2293,0,1,0,123530,552914,2629,123627,4.379308706120897,0.18273393630245616
303,0.23,342,11125,342,134655,541789,2971,123285,4.291194081865417,0.18537034976559
304,0.2307,0,3,0,134658,541786,2971,123285,4.291170320618426,0.1853711859335319
305,0.2317,0,3,0,134661,541783,2971,123285,4.291146559371436,0.18537202210901743
306,0.232,0,9,0,134670,541774,2971,123285,4.291075275630465,0.1853745306807366
307,0.2325,0,12,0,134682,541762,2971,123285,4.2909802306425044,0.18537787554864543
308,0.2327,0,1,0,134683,541761,2971,123285,4.290972310226841,0.1853781542930865
309,0.2333,2,56,2,134739,541705,2973,123283,4.29052876694969,0.18539131533200598
310,0.2338,0,2,0,134741,541703,2973,123283,4.290512926118363,0.18539187291161016
311,0.2339,0,1,0,134742,541702,2973,123283,4.290505005702699,0.18539215170266998
312,0.234,2,4,2,134746,541698,2975,123281,4.290473324040046,0.18539081685286302
313,0.2342,0,1,0,134747,541697,2975,123281,4.290465403624382,0.18539109564526945
314,0.2343,0,2,0,134749,541695,2975,123281,4.2904495627930554,0.18539165323259787
315,0.235,8,141,8,134890,541554,2983,123273,4.289332784184514,0.18542116971783637
316,0.2358,0,1,0,134891,541553,2983,123273,4.289324863768851,0.18542144861963883
317,0.236,0,20,0,134911,541533,2983,123273,4.289166455455582,0.1854270268318878
318,0.2367,0,70,0,134981,541463,2983,123273,4.288612026359143,0.18544655321811968
319,0.237,0,1,0,134982,541462,2983,123273,4.28860410594348,0.18544683219628874
320,0.2371,1,1,1,134983,541461,2984,123272,4.288596185527816,0.18544588579173893
321,0.2373,0,1,0,134984,541460,2984,123272,4.288588265112153,0.185446164770163
322,0.2375,2,34,2,135018,541426,2986,123270,4.288318970979597,0.1854531996581896
323,0.238,0,8,0,135026,541418,2986,123270,4.28825560765429,0.18545543172134896
324,0.2383,0,10,0,135036,541408,2986,123270,4.288176403497656,0.18545822187585567
325,0.2386,0,2,0,135038,541406,2986,123270,4.288160562666329,0.18545877991683166
326,0.239,0,2,0,135040,541404,2986,123270,4.2881447218350015,0.18545933796116593
327,0.2393,0,1,0,135041,541403,2986,123270,4.288136801419339,0.18545961698459243
328,0.24,425,11769,425,146810,529634,3411,122845,4.194921429476619,0.18827425863514383
329,0.2404,0,1,0,146811,529633,3411,122845,4.194913509060956,0.1882745471877979
330,0.241,0,1,0,146812,529632,3411,122845,4.194905588645292,0.18827483574133647
331,0.2413,0,1,0,146813,529631,3411,122845,4.194897668229629,0.18827512429575954
332,0.2414,0,1,0,146814,529630,3411,122845,4.194889747813965,0.18827541285106708
333,0.2417,0,5,0,146819,529625,3411,122845,4.194850145735648,0.18827685564087238
334,0.242,0,3,0,146822,529622,3411,122845,4.194826384488658,0.1882777213253697
335,0.2425,1,25,1,146847,529597,3412,122844,4.194628374097072,0.18828369155218633
336,0.243,0,1,0,146848,529596,3412,122844,4.194620453681409,0.18828398013610448
337,0.2433,6,75,6,146923,529521,3418,122838,4.194026422506653,0.18829816098191332
338,0.2438,0,1,0,146924,529520,3418,122838,4.19401850209099,0.18829844962428605
339,0.244,2,13,2,146937,529507,3420,122836,4.193915536687365,0.18829971349428137
340,0.2443,0,1,0,146938,529506,3420,122836,4.1939076162717015,0.18830000214611353
341,0.245,4,191,4,147129,529315,3424,122832,4.19239481687999,0.1883501725837886
342,0.2457,0,2,0,147131,529313,3424,122832,4.192378976048663,0.18835075021659295
343,0.246,1,14,1,147145,529299,3425,122831,4.192268090229375,0.18835354913897537
344,0.2467,2,68,2,147213,529231,3427,122829,4.1917295019642635,0.18837070208263043
345,0.2471,0,1,0,147214,529230,3427,122829,4.1917215815486,0.18837099096860868
346,0.2473,0,1,0,147215,529229,3427,122829,4.191713661132936,0.18837127985547297
347,0.2475,0,31,0,147246,529198,3427,122829,4.1914681282473705,0.1883802357877818
348,0.248,0,15,0,147261,529183,3427,122829,4.191349322012419,0.1883845696091483
349,0.2483,1,8,1,147269,529175,3428,122828,4.191285958687112,0.18838563626240984
350,0.249,0,1,0,147270,529174,3428,122828,4.191278038271449,0.18838592519654848
351,0.2493,0,2,0,147272,529172,3428,122828,4.191262197440122,0.18838650306748467
352,0.25,465,11731,465,159003,517441,3893,122363,4.098347801292612,0.19125075804465116
353,0.2508,0,1,0,159004,517440,3893,122363,4.0983398808769484,0.19125105696597233
354,0.251,0,1,0,159005,517439,3893,122363,4.098331960461285,0.19125135588822792
355,0.2517,0,8,0,159013,517431,3893,122363,4.098268597135978,0.19125374729991215
356,0.252,0,9,0,159022,517422,3893,122363,4.098197313395007,0.19125643770954304
357,0.2525,0,31,0,159053,517391,3893,122363,4.097951780509441,0.19126570525545758
358,0.2527,0,1,0,159054,517390,3893,122363,4.097943860093777,0.191266004223505
359,0.2533,1,89,1,159143,517301,3894,122362,4.097238943099734,0.19129135185245982
360,0.2537,0,2,0,159145,517299,3894,122362,4.097223102268407,0.19129194995474166
361,0.254,0,13,0,159158,517286,3894,122362,4.097120136864783,0.1912958377107409
362,0.2542,0,1,0,159159,517285,3894,122362,4.097112216449119,0.19129613677544022
363,0.2543,0,2,0,159161,517283,3894,122362,4.0970963756177925,0.1912967349076441
364,0.255,3,185,3,159346,517098,3897,122359,4.095631098720061,0.19134828456018152
365,0.2553,0,1,0,159347,517097,3897,122359,4.095623178304398,0.1913485837962268
366,0.2557,0,3,0,159350,517094,3897,122359,4.095599417057407,0.19134948150997805
367,0.2558,0,1,0,159351,517093,3897,122359,4.0955914966417435,0.191349780749767
368,0.256,1,13,1,159364,517080,3898,122358,4.09548853123812,0.1913524063318101
369,0.2562,0,1,0,159365,517079,3898,122358,4.095480610822456,0.19135270558319273
370,0.2567,2,74,2,159439,517005,3900,122356,4.094894500063363,0.19137232330404888
371,0.257,0,2,0,159441,517003,3900,122356,4.0948786592320365,0.19137292194213268
372,0.2573,0,1,0,159442,517002,3900,122356,4.094870738816373,0.19137322126257902
373,0.2575,1,29,1,159471,516973,3901,122355,4.094641046762134,0.19138063716902748
374,0.2577,0,1,0,159472,516972,3901,122355,4.094633126346471,0.19138093651605517
375,0.258,2,13,2,159485,516959,3903,122353,4.094530160942846,0.19138229847085617
376,0.2583,0,16,0,159501,516943,3903,122353,4.094403434292231,0.19138708829712683
377,0.259,0,2,0,159503,516941,3903,122353,4.094387593460905,0.1913876870422685
378,0.2592,0,1,0,159504,516940,3903,122353,4.094379673045242,0.1913879864162442
379,0.2593,0,1,0,159505,516939,3903,122353,4.094371752629578,0.19138828579115646
380,0.26,489,12199,489,171704,504740,4392,121864,3.9977506019515903,0.19448327811504554
381,0.2608,0,1,0,171705,504739,4392,121864,3.997742681535927,0.19448358849223513
382,0.2614,0,1,0,171706,504738,4392,121864,3.9977347611202636,0.19448389887041534
383,0.2617,1,8,1,171714,504730,4393,121863,3.997671397794956,0.19448509638633052
384,0.262,0,2,0,171716,504728,4393,121863,3.9976555569636294,0.19448571715840157
385,0.2625,1,25,1,171741,504703,4394,121862,3.997457546572044,0.19449219155235292
386,0.2627,0,1,0,171742,504702,4394,121862,3.9974496261563806,0.19449250196308757
387,0.2629,0,1,0,171743,504701,4394,121862,3.997441705740717,0.19449281237481306
388,0.263,0,2,0,171745,504699,4394,121862,3.9974258649093906,0.1944934332012366
389,0.2633,3,73,3,171818,504626,4397,121859,3.996847674565961,0.19451223892032532
390,0.2638,0,1,0,171819,504625,4397,121859,3.996839754150298,0.19451254940269824
391,0.264,0,17,0,171836,504608,4397,121859,3.99670510708402,0.19451782775469417
392,0.2642,0,1,0,171837,504607,4397,121859,3.9966971866683565,0.1945181382549093
393,0.2643,0,3,0,171840,504604,4397,121859,3.996673425421366,0.19451906976150227
394,0.265,8,207,8,172047,504397,4405,121851,3.9950338993790395,0.19457307648088298
395,0.2652,0,1,0,172048,504396,4405,121851,3.995025978963376,0.19457338717790265
396,0.2653,0,1,0,172049,504395,4405,121851,3.9950180585477124,0.19457369787591458
397,0.2657,0,3,0,172052,504392,4405,121851,3.9949942973007224,0.1945746299759039
398,0.2658,0,1,0,172053,504391,4405,121851,3.994986376885059,0.19457494067788492
399,0.266,0,17,0,172070,504374,4405,121851,3.9948517298187807,0.19458022276338377
400,0.2662,0,1,0,172071,504373,4405,121851,3.9948438094031173,0.19458053348322646
401,0.2667,2,76,2,172147,504297,4407,121849,3.994241857812698,0.19460157854557883
402,0.267,0,1,0,172148,504296,4407,121849,3.9942339373970346,0.19460188933873143
403,0.2671,0,1,0,172149,504295,4407,121849,3.9942260169813713,0.1946022001328768
404,0.2673,0,1,0,172150,504294,4407,121849,3.994218096565708,0.19460251092801484
405,0.2674,0,1,0,172151,504293,4407,121849,3.994210176150044,0.19460282172414564
406,0.2675,1,42,1,172193,504251,4408,121848,3.993877518692181,0.19461458970546192
407,0.268,1,15,1,172208,504236,4409,121847,3.99375871245723,0.19461796598853506
408,0.2683,0,4,0,172212,504232,4409,121847,3.993727030794576,0.1946192093968972
409,0.2687,0,1,0,172213,504231,4409,121847,3.9937191103789127,0.19461952025147025
410,0.2688,0,1,0,172214,504230,4409,121847,3.9937111899632494,0.19461983110703635
411,0.269,0,3,0,172217,504227,4409,121847,3.993687428716259,0.1946207636796928
412,0.2692,0,1,0,172218,504226,4409,121847,3.9936795083005956,0.19462107453923105
413,0.27,575,12480,575,184698,491746,4984,121272,3.8948327208211886,0.1978277962474185
414,0.2708,0,1,0,184699,491745,4984,121272,3.8948248004055253,0.19782811895918057
415,0.271,0,2,0,184701,491743,4984,121272,3.8948089595741986,0.1978287643858633
416,0.2713,0,1,0,184702,491742,4984,121272,3.8948010391585353,0.197829087100784
417,0.2714,0,1,0,184703,491741,4984,121272,3.8947931187428715,0.19782940981675756
418,0.2715,1,0,1,184703,491741,4985,121271,3.8947931187428715,0.19782810124434758
419,0.2717,0,5,0,184708,491736,4985,121271,3.8947535166645544,0.19782971483196765
420,0.272,0,13,0,184721,491723,4985,121271,3.89465055126093,0.1978339102829718
421,0.2721,0,1,0,184722,491722,4985,121271,3.894642630845267,0.19783423301734276
422,0.2725,0,31,0,184753,491691,4985,121271,3.894397097959701,0.1978442383051478
423,0.2727,0,1,0,184754,491690,4985,121271,3.8943891775440376,0.19784456107321674
424,0.2729,0,1,0,184755,491689,4985,121271,3.8943812571283742,0.1978448838423388
425,0.2733,4,88,4,184843,491601,4989,121267,3.8936842605499935,0.19786805641671615
426,0.274,3,19,3,184862,491582,4992,121264,3.893533772652389,0.1978702643078359
427,0.2742,0,1,0,184863,491581,4992,121264,3.8935258522367255,0.19787058717946626
428,0.2743,0,2,0,184865,491579,4992,121264,3.8935100114053984,0.19787123292588804
429,0.2745,0,1,0,184866,491578,4992,121264,3.893502090989735,0.19787155580067944
430,0.2747,0,1,0,184867,491577,4992,121264,3.8934941705740718,0.1978718786765246
431,0.275,12,192,12,185059,491385,5004,121252,3.891973450766696,0.19791817993363117
432,0.2755,0,1,0,185060,491384,5004,121252,3.8919655303510328,0.19791850299362101
433,0.2757,0,1,0,185061,491383,5004,121252,3.8919576099353694,0.19791882605466551
434,0.276,3,18,3,185079,491365,5007,121249,3.891815042453428,0.1979207135325017
435,0.2762,0,1,0,185080,491364,5007,121249,3.8918071220377644,0.19792103660875626
436,0.2767,2,97,2,185177,491267,5009,121247,3.891038841718413,0.1979497611483166
437,0.277,0,1,0,185178,491266,5009,121247,3.89103092130275,0.19795008432474087
438,0.2771,1,1,1,185179,491265,5010,121246,3.8910230008870865,0.1979490980570145
439,0.2775,2,29,2,185208,491236,5012,121244,3.8907933088328477,0.1979558516196447
440,0.278,0,11,0,185219,491225,5012,121244,3.89070618426055,0.19795940692508518
441,0.2783,0,13,0,185232,491212,5012,121244,3.8906032188569255,0.1979636088143475
442,0.2792,0,1,0,185233,491211,5012,121244,3.890595298441262,0.1979639320439869
443,0.28,580,12948,580,198181,478263,5592,120664,3.7880417564313773,0.20146695674097176
444,0.2804,0,1,0,198182,478262,5592,120664,3.788033836015714,0.2014672931213539
445,0.281,0,1,0,198183,478261,5592,120664,3.7880259156000506,0.2014676295028593
446,0.2817,0,4,0,198187,478257,5592,120664,3.787994233937397,0.2014689750401138
447,0.282,0,7,0,198194,478250,5592,120664,3.787938791027753,0.2014713297735568
448,0.2825,1,26,1,198220,478224,5593,120663,3.7877328602205043,0.20147874306839186
449,0.283,0,1,0,198221,478223,5593,120663,3.787724939804841,0.20147907949092148
450,0.2833,5,117,5,198338,478106,5598,120658,3.7867982511722214,0.20151178093539357
451,0.2835,0,1,0,198339,478105,5598,120658,3.786790330756558,0.20151211748220915
452,0.2839,0,1,0,198340,478104,5598,120658,3.7867824103408947,0.20151245403014886
453,0.284,1,15,1,198355,478089,5599,120657,3.7866636041059434,0.2015161687927769
454,0.2843,0,1,0,198356,478088,5599,120657,3.78665568369028,0.20151650535703847
455,0.285,7,202,7,198558,477886,5606,120650,3.7850557597262706,0.20157517676463904
456,0.2853,0,1,0,198559,477885,5606,120650,3.785047839310607,0.20157551354557376
457,0.2857,0,1,0,198560,477884,5606,120650,3.7850399188949435,0.20157585032763387
458,0.2858,0,1,0,198561,477883,5606,120650,3.78503199847928,0.2015761871108193
459,0.286,0,18,0,198579,477865,5606,120650,3.784889430997339,0.20158224940059982
460,0.2863,0,1,0,198580,477864,5606,120650,3.7848815105816755,0.20158258620516814
461,0.2867,3,95,3,198675,477769,5609,120647,3.784129071093651,0.20161058527846848
462,0.287,0,1,0,198676,477768,5609,120647,3.7841211506779877,0.2016109221861083
463,0.2875,2,30,2,198706,477738,5611,120645,3.783883538208085,0.20161836148419993
464,0.288,1,7,1,198713,477731,5612,120644,3.7838280952984413,0.2016193858366409
465,0.2883,1,9,1,198722,477722,5613,120643,3.7837568115574705,0.2016210841208961
466,0.2885,0,2,0,198724,477720,5613,120643,3.783740970726144,0.2016217580298247
467,0.2886,0,1,0,198725,477719,5613,120643,3.7837330503104805,0.20162209498597838
468,0.2889,0,1,0,198726,477718,5613,120643,3.7837251298948167,0.20162243194325832
469,0.29,606,13210,606,211936,464508,6219,120037,3.6790964389811176,0.20535117056856186
470,0.291,0,2,0,211938,464506,6219,120037,3.679080598149791,0.20535187317271783
471,0.2913,0,1,0,211939,464505,6219,120037,3.6790726777341276,0.20535222447659876
472,0.2917,0,6,0,211945,464499,6219,120037,3.679025155240147,0.20535433232512626
473,0.292,0,9,0,211954,464490,6219,120037,3.6789538714991763,0.20535749417905416
474,0.2925,0,34,0,211988,464456,6219,120037,3.6786845773666204,0.20536943983931372
475,0.2929,0,1,0,211989,464455,6219,120037,3.6786766569509566,0.20536979120330132
476,0.293,0,1,0,211990,464454,6219,120037,3.6786687365352932,0.2053701425684912
477,0.2933,1,102,1,212092,464352,6220,120036,3.677860854137625,0.20540462843179533
478,0.294,1,14,1,212106,464338,6221,120035,3.6777499683183374,0.20540818963230675
479,0.2942,0,3,0,212109,464335,6221,120035,3.677726207071347,0.2054092441432654
480,0.2943,0,1,0,212110,464334,6221,120035,3.6777182866556837,0.20540959564932432
481,0.295,9,222,9,212332,464112,6230,120026,3.675959954378406,0.20547541847987977
482,0.2958,0,2,0,212334,464110,6230,120026,3.6759441135470787,0.20547612199898654
483,0.296,1,13,1,212347,464097,6231,120025,3.6758411481434545,0.205479334796498
484,0.2961,0,1,0,212348,464096,6231,120025,3.675833227727791,0.20547968657178906
485,0.2965,0,1,0,212349,464095,6231,120025,3.675825307312128,0.2054800383482846
486,0.2967,1,95,1,212444,464000,6232,120024,3.6750728678241034,0.2055121022423736
487,0.2971,0,2,0,212446,463998,6232,120024,3.6750570269927767,0.2055128060244306
488,0.2975,1,35,1,212481,463963,6233,120023,3.674779812444557,0.20552376255595167
489,0.298,1,12,1,212493,463951,6234,120022,3.674684767456596,0.2055266253748033
490,0.2983,0,8,0,212501,463943,6234,120022,3.674621404131289,0.20552944097677087
491,0.2993,0,1,0,212502,463942,6234,120022,3.6746134837156252,0.20552979293244103
492,0.2995,0,1,0,212503,463941,6234,120022,3.674605563299962,0.20553014488931662
493,0.3,637,13067,637,225570,450874,6871,119385,3.5711094918261312,0.2093522417007009
494,0.3007,0,1,0,225571,450873,6871,119385,3.5711015714104675,0.20935260881916606
495,0.3008,0,3,0,225574,450870,6871,119385,3.5710778101634775,0.20935371018228688
496,0.3017,0,4,0,225578,450866,6871,119385,3.5710461285008237,0.20935517868447404
497,0.302,0,9,0,225587,450857,6871,119385,3.570974844759853,0.2093584828897205
498,0.3025,3,31,3,225618,450826,6874,119382,3.5707293118742873,0.20936570514619227
499,0.3029,0,2,0,225620,450824,6874,119382,3.57071347104296,0.2093664394973045
500,0.303,0,3,0,225623,450821,6874,119382,3.5706897097959702,0.2093675410336319
501,0.3033,3,120,3,225743,450701,6877,119379,3.56973925991636,0.20940745158574237
502,0.304,0,19,0,225762,450682,6877,119379,3.5695887720187556,0.20941443108719943
503,0.3043,0,3,0,225765,450679,6877,119379,3.569565010771765,0.2094155331562753
504,0.305,9,245,9,226010,450434,6886,119370,3.567624508934229,0.2094930888516051
505,0.3056,0,1,0,226011,450433,6886,119370,3.5676165885185656,0.209493456510408
506,0.3057,0,5,0,226016,450428,6886,119370,3.5675769864402485,0.20949529482377965
507,0.3058,0,2,0,226018,450426,6886,119370,3.5675611456089213,0.20949603015816187
508,0.306,3,13,3,226031,450413,6889,119367,3.567458180205297,0.20949664782898664
509,0.3065,0,1,0,226032,450412,6889,119367,3.567450259789634,0.2094970155095221
510,0.3067,4,115,4,226147,450297,6893,119363,3.5665394119883413,0.20953375697784643
511,0.307,0,4,0,226151,450293,6893,119363,3.5665077303256876,0.2095352282781187
512,0.3073,0,1,0,226152,450292,6893,119363,3.5664998099100242,0.20953559610641528
513,0.3075,1,31,1,226183,450261,6894,119362,3.5662542770244583,0.20954561174671668
514,0.308,0,16,0,226199,450245,6894,119362,3.5661275503738437,0.20955149778707075
515,0.3083,0,9,0,226208,450236,6894,119362,3.566056266632873,0.20955480883008717
516,0.3085,0,1,0,226209,450235,6894,119362,3.5660483462172095,0.2095551767302145
517,0.3092,0,4,0,226213,450231,6894,119362,3.5660166645545557,0.20955664834364188
518,0.3096,0,1,0,226214,450230,6894,119362,3.5660087441388924,0.20955701625022824
519,0.31,715,13323,715,239537,436907,7609,118647,3.4604850462552275,0.21356519798255436
520,0.3107,0,1,0,239538,436906,7609,118647,3.460477125839564,0.21356558240167905
521,0.3108,0,3,0,239541,436903,7609,118647,3.4604533645925737,0.21356673566735668
522,0.311,0,4,0,239545,436899,7609,118647,3.4604216829299204,0.21356827337430204
523,0.3113,0,2,0,239547,436897,7609,118647,3.4604058420985933,0.2135690422360785
524,0.3117,0,19,0,239566,436878,7609,118647,3.4602553542009886,0.21357634669906844
525,0.312,0,9,0,239575,436869,7609,118647,3.4601840704600177,0.21357980688225
526,0.3125,2,26,2,239601,436843,7611,118645,3.459978139652769,0.21358697217581657
527,0.3133,5,108,5,239709,436735,7616,118640,3.45912273476112,0.2136214269637632
528,0.3137,0,3,0,239712,436732,7616,118640,3.45909897351413,0.2136225809007296
529,0.314,2,16,2,239728,436716,7618,118638,3.4589722468635156,0.21362590347778174
530,0.3143,0,2,0,239730,436714,7618,118638,3.4589564060321885,0.21362667281291867
531,0.3144,0,2,0,239732,436712,7618,118638,3.458940565200862,0.21362744215359683
532,0.315,10,250,10,239982,436462,7628,118628,3.4569604612850084,0.2137094885514061
533,0.3157,0,5,0,239987,436457,7628,118628,3.4569208592066913,0.2137114135672915
534,0.3158,0,1,0,239988,436456,7628,118628,3.4569129387910276,0.21371179857463016
535,0.316,1,15,1,240003,436441,7629,118627,3.4567941325560767,0.21371615729964616
536,0.3167,3,111,3,240114,436330,7632,118624,3.4559149664174376,0.21375465353885187
537,0.317,0,1,0,240115,436329,7632,118624,3.4559070460017742,0.21375503871499027
538,0.3171,0,1,0,240116,436328,7632,118624,3.455899125586111,0.21375542389251684
539,0.3173,0,1,0,240117,436327,7632,118624,3.4558912051704476,0.21375580907143152
540,0.3175,1,33,1,240150,436294,7633,118623,3.4556298314535545,0.21376710390923329
541,0.318,0,13,0,240163,436281,7633,118623,3.4555268660499303,0.21377211193287488
542,0.3183,1,13,1,240176,436268,7634,118622,3.455423900646306,0.21377570329254447
543,0.319,0,1,0,240177,436267,7634,118622,3.4554159802306423,0.21377608855104355
544,0.3192,0,1,0,240178,436266,7634,118622,3.455408059814979,0.2137764738109312
545,0.3193,0,1,0,240179,436265,7634,118622,3.4554001393993157,0.2137768590722075
546,0.32,751,13255,751,253434,423010,8385,117871,3.350415029780763,0.21792409051159128
547,0.3207,0,1,0,253435,423009,8385,117871,3.3504071093650993,0.2179244934181334
548,0.3208,0,1,0,253436,423008,8385,117871,3.350399188949436,0.21792489632616538
549,0.321,1,2,1,253438,423006,8386,117870,3.3503833481181093,0.2179242562065982
550,0.3217,0,15,0,253453,422991,8386,117870,3.350264541883158,0.21793030002163216
551,0.322,1,12,1,253465,422979,8387,117869,3.350169496895197,0.2179336893175162
552,0.3222,0,1,0,253466,422978,8387,117869,3.350161576479534,0.21793409226638957
553,0.3224,0,1,0,253467,422977,8387,117869,3.35015365606387,0.217934495216753
554,0.3225,0,41,0,253508,422936,8387,117869,3.3498289190216703,0.21795101746470538
555,0.3229,0,3,0,253511,422933,8387,117869,3.34980515777468,0.21795222650803805
556,0.3233,11,125,11,253636,422808,8398,117858,3.3488151058167532,0.2179867052857032
557,0.3238,0,1,0,253637,422807,8398,117858,3.34880718540109,0.21798710846827518
558,0.324,0,18,0,253655,422789,8398,117858,3.3486646179191486,0.21799436600961442
559,0.3242,0,3,0,253658,422786,8398,117858,3.348640856672158,0.2179955756468212
560,0.3243,0,2,0,253660,422784,8398,117858,3.3486250158408315,0.21799638207908376
561,0.3248,0,1,0,253661,422783,8398,117858,3.3486170954251677,0.21799678529745248
562,0.325,15,255,15,253916,422528,8413,117843,3.3465973894309973,0.21807795014906425
563,0.3256,0,1,0,253917,422527,8413,117843,3.346589469015334,0.21807835372059886
564,0.3257,1,3,1,253920,422524,8414,117842,3.3465657077683435,0.21807811742411626
565,0.3258,0,1,0,253921,422523,8414,117842,3.34655778735268,0.21807852099969466
566,0.326,1,18,1,253939,422505,8415,117841,3.346415219870739,0.2180843385534454
567,0.3262,0,1,0,253940,422504,8415,117841,3.3464072994550755,0.21808474215547474
568,0.3263,0,1,0,253941,422503,8415,117841,3.346399379039412,0.21808514575899798
569,0.3267,6,84,6,254025,422419,8421,117835,3.3457340641236852,0.2181103703072999
570,0.3271,0,5,0,254030,422414,8421,117835,3.345694462045368,0.21811238891696236
571,0.3275,2,36,2,254066,422378,8423,117833,3.345409327081485,0.21812402931447156
572,0.328,0,12,0,254078,422366,8423,117833,3.345314282093524,0.21812887472949782
573,0.3283,0,13,0,254091,422353,8423,117833,3.3452113166899,0.21813412417204445
574,0.3286,0,2,0,254093,422351,8423,117833,3.345195475858573,0.21813493180101595
575,0.3287,0,1,0,254094,422350,8423,117833,3.3451875554429096,0.21813533561774437
576,0.3288,0,1,0,254095,422349,8423,117833,3.3451796350272462,0.21813573943596787
577,0.329,0,1,0,254096,422348,8423,117833,3.345171714611583,0.21813614325568653
578,0.3292,0,1,0,254097,422347,8423,117833,3.3451637941959196,0.2181365470769003
579,0.33,873,13552,873,267649,408795,9296,116960,3.2378263211253326,0.2224610322298409
580,0.3305,0,1,0,267650,408794,9296,116960,3.2378184007096693,0.22246145535744855
581,0.331,0,2,0,267652,408792,9296,116960,3.237802559878342,0.22246230161749267
582,0.3312,0,1,0,267653,408791,9296,116960,3.237794639462679,0.22246272474992915
583,0.3314,0,1,0,267654,408790,9296,116960,3.2377867190470155,0.22246314788397528
584,0.3317,0,6,0,267660,408784,9296,116960,3.237739196553035,0.22246568672205483
585,0.3318,0,1,0,267661,408783,9296,116960,3.2377312761373718,0.22246610986736864
586,0.332,1,11,1,267672,408772,9297,116959,3.2376441515650742,0.222469285623256
587,0.3321,0,1,0,267673,408771,9297,116959,3.237636231149411,0.22246970878587868
588,0.3323,0,1,0,267674,408770,9297,116959,3.237628310733747,0.22247013195011117
589,0.3325,3,32,3,267706,408738,9300,116956,3.237374857432518,0.22247923697055702
590,0.3327,0,1,0,267707,408737,9300,116956,3.2373669370168545,0.22247966018189325
591,0.333,0,2,0,267709,408735,9300,116956,3.237351096185528,0.222480506609396
592,0.3333,9,117,9,267826,408618,9309,116947,3.2364244075529083,0.2225167201012244
593,0.334,0,12,0,267838,408606,9309,116947,3.2363293625649474,0.22252180084596607
594,0.3342,0,1,0,267839,408605,9309,116947,3.236321442149284,0.22252222425183427
595,0.3343,0,1,0,267840,408604,9309,116947,3.2363135217336207,0.22252264765931376
596,0.3347,0,1,0,267841,408603,9309,116947,3.236305601317957,0.22252307106840452
597,0.335,13,281,13,268122,408322,9322,116934,3.2340799645165377,0.2226228734179143
598,0.3357,0,3,0,268125,408319,9322,116934,3.2340562032695477,0.222624144935869
599,0.3358,0,2,0,268127,408317,9322,116934,3.2340403624382206,0.22262499262257474
600,0.336,1,17,1,268144,408300,9323,116933,3.2339057153719426,0.2226307181765045
601,0.3367,7,116,7,268260,408184,9330,116926,3.232986947154987,0.2226695359067624
602,0.337,0,1,0,268261,408183,9330,116926,3.2329790267393235,0.22266995995117203
603,0.3375,2,42,2,268303,408141,9332,116924,3.23264636928146,0.22268481045203928
604,0.338,0,8,0,268311,408133,9332,116924,3.2325830059561524,0.22268820337601442
605,0.3383,0,10,0,268321,408123,9332,116924,3.2325038017995182,0.22269244467638136
606,0.339,0,1,0,268322,408122,9332,116924,3.232495881383855,0.2226928688153038
607,0.3392,0,1,0,268323,408121,9332,116924,3.2324879609681916,0.2226932929558419
608,0.34,919,13779,919,282102,394342,10251,116005,3.1233525535420097,0.2273061270077026
609,0.3407,0,1,0,282103,394341,10251,116005,3.1233446331263464,0.22730657240382016
610,0.3408,0,2,0,282105,394339,10251,116005,3.1233287922950197,0.22730746320129167
611,0.341,0,1,0,282106,394338,10251,116005,3.1233208718793564,0.22730790860264566
612,0.3417,0,12,0,282118,394326,10251,116005,3.123225826891395,0.22731325355504564
613,0.342,1,9,1,282127,394317,10252,116004,3.1231545431504246,0.22731574832311427
614,0.3425,1,42,1,282169,394275,10253,116003,3.122821885692561,0.22733294400307283
615,0.3429,0,1,0,282170,394274,10253,116003,3.122813965276898,0.22733338951197096
616,0.343,0,1,0,282171,394273,10253,116003,3.1228060448612345,0.2273338350226152
617,0.3433,3,98,3,282269,394175,10256,116000,3.1220298441262195,0.22737296025873474
618,0.3435,1,1,1,282270,394174,10257,115999,3.122021923710556,0.22737189149562992
619,0.3438,0,2,0,282272,394172,10257,115999,3.1220060828792295,0.22737278285124007
620,0.344,0,28,0,282300,394144,10257,115999,3.121784311240654,0.22738526256363412
621,0.3442,0,1,0,282301,394143,10257,115999,3.1217763908249907,0.2273857082929851
622,0.3443,0,2,0,282303,394141,10257,115999,3.1217605499936636,0.22738659975692946
623,0.3445,0,2,0,282305,394139,10257,115999,3.121744709162337,0.22738749122786384
624,0.345,8,295,8,282600,393844,10265,115991,3.1194081865416297,0.22750693851932488
625,0.3457,0,4,0,282604,393840,10265,115991,3.119376504878976,0.22750872347895676
626,0.3458,0,1,0,282605,393839,10265,115991,3.1193685844633126,0.2275091697232411
627,0.346,1,21,1,282626,393818,10266,115990,3.119202255734381,0.227517026017638
628,0.3462,0,3,0,282629,393815,10266,115990,3.119178494487391,0.2275183648649974
629,0.3465,0,1,0,282630,393814,10266,115990,3.1191705740717275,0.22751881115095213
630,0.3467,5,129,5,282759,393685,10271,115985,3.118148840451147,0.22756881903977083
631,0.347,0,1,0,282760,393684,10271,115985,3.1181409200354833,0.2275692655429308
632,0.3471,0,2,0,282762,393682,10271,115985,3.1181250792041566,0.22757015855450716
633,0.3475,3,50,3,282812,393632,10274,115982,3.117729058420986,0.22758793910685343
634,0.348,0,16,0,282828,393616,10274,115982,3.1176023317703714,0.22759508475307988
635,0.3482,0,1,0,282829,393615,10274,115982,3.117594411354708,0.22759553137086758
636,0.3483,1,4,1,282833,393611,10275,115981,3.1175627296920543,0.2275958021319016
637,0.3486,0,1,0,282834,393610,10275,115981,3.117554809276391,0.2275962487563556
638,0.3488,0,1,0,282835,393609,10275,115981,3.1175468888607276,0.22759669538256244
639,0.3489,0,1,0,282836,393608,10275,115981,3.117538968445064,0.2275971420105222
640,0.349,0,2,0,282838,393606,10275,115981,3.117523127613737,0.22759803527170042
641,0.3492,0,1,0,282839,393605,10275,115981,3.117515207198074,0.22759848190491888
642,0.35,945,13429,945,296268,380176,11220,115036,3.011151945254087,0.23229647100635686
643,0.3508,0,2,0,296270,380174,11220,115036,3.0111361044227603,0.23229740917994388
644,0.351,0,1,0,296271,380173,11220,115036,3.0111281840070965,0.2322978782695791
645,0.3513,0,1,0,296272,380172,11220,115036,3.011120263591433,0.23229834736110888
646,0.3515,0,2,0,296274,380170,11220,115036,3.0111044227601065,0.232299285549852
647,0.3517,0,9,0,296283,380161,11220,115036,3.0110331390191356,0.23230350749297754
648,0.352,1,5,1,296288,380156,11221,115035,3.0109935369408185,0.2323043027841782
649,0.3523,0,1,0,296289,380155,11221,115035,3.010985616525155,0.23230477190573315
650,0.3525,2,41,2,296330,380114,11223,115033,3.0106608794829555,0.23232090672063044
651,0.3527,0,1,0,296331,380113,11223,115033,3.0106529590672917,0.23232137591740618
652,0.353,0,1,0,296332,380112,11223,115033,3.0106450386516284,0.23232184511607712
653,0.3533,4,116,4,296448,379996,11227,115029,3.0097262704346726,0.2323700823190748
654,0.3536,0,1,0,296449,379995,11227,115029,3.009718350019009,0.23237055173082516
655,0.3538,0,1,0,296450,379994,11227,115029,3.0097104296033454,0.23237102114447208
656,0.354,0,21,0,296471,379973,11227,115029,3.0095441008744137,0.23238087926917467
657,0.3543,0,2,0,296473,379971,11227,115029,3.009528260043087,0.2323818181818182
658,0.3544,0,2,0,296475,379969,11227,115029,3.0095124192117604,0.2323827571020489
659,0.3545,0,1,0,296476,379968,11227,115029,3.0095044987960966,0.23238322656500948
660,0.355,15,282,15,296758,379686,11242,115014,3.007270941579014,0.2324924196482717
661,0.3557,0,2,0,296760,379684,11242,115014,3.0072551007476873,0.23249335958503975
662,0.3558,0,1,0,296761,379683,11242,115014,3.007247180332024,0.23249382955627385
663,0.356,0,21,0,296782,379662,11242,115014,3.0070808516030922,0.23250369939111662
664,0.3562,0,1,0,296783,379661,11242,115014,3.007072931187429,0.23250416940415425
665,0.3563,0,1,0,296784,379660,11242,115014,3.007065010771765,0.23250463941909216
666,0.3567,7,111,7,296895,379549,11249,115007,3.0061858446331264,0.23254596041702053
667,0.357,0,1,0,296896,379548,11249,115007,3.006177924217463,0.23254643062955585
668,0.3571,1,3,1,296899,379545,11250,115006,3.0061541629704727,0.232546289462563
669,0.3573,0,2,0,296901,379543,11250,115006,3.006138322139146,0.23254722990037388
670,0.3575,0,37,0,296938,379506,11250,115006,3.0058452667595996,0.23256462937198694
671,0.358,0,14,0,296952,379492,11250,115006,3.0057343809403116,0.23257121363483776
672,0.3583,2,16,2,296968,379476,11252,115004,3.005607654289697,0.2325756350105161
673,0.3586,0,2,0,296970,379474,11252,115004,3.0055918134583703,0.23257657570205348
674,0.3587,0,1,0,296971,379473,11252,115004,3.005583893042707,0.23257704605067575
675,0.3592,0,1,0,296972,379472,11252,115004,3.0055759726270437,0.23257751640120047
676,0.36,997,13468,997,310440,366004,12249,114007,2.8989038144721837,0.23750914041553214
677,0.3607,1,2,1,310442,366002,12250,114006,2.8988879736408566,0.23750854152430792
678,0.3608,0,2,0,310444,366000,12250,114006,2.89887213280953,0.23750953113086087
679,0.361,0,1,0,310445,365999,12250,114006,2.8988642123938666,0.2375100259372298
680,0.3614,0,1,0,310446,365998,12250,114006,2.898856291978203,0.23751052074566045
681,0.3617,2,3,2,310449,365995,12252,114004,2.898832530731213,0.23750882814339197
682,0.362,0,7,0,310456,365988,12252,114004,2.898777087821569,0.2375122918715312
683,0.3622,0,1,0,310457,365987,12252,114004,2.8987691674059053,0.23751278669808393
684,0.3625,2,32,2,310489,365955,12254,114002,2.898515714104676,0.23752544498778017
685,0.3629,0,1,0,310490,365954,12254,114002,2.8985077936890127,0.23752593987782214
686,0.3633,12,131,12,310621,365823,12266,113990,2.8974702192371056,0.23757172064950305
687,0.364,1,26,1,310647,365797,12267,113989,2.8972642884298567,0.23758300575673322
688,0.3642,0,1,0,310648,365796,12267,113989,2.8972563680141934,0.23758350094313077
689,0.3643,0,1,0,310649,365795,12267,113989,2.89724844759853,0.23758399613159256
690,0.3645,0,1,0,310650,365794,12267,113989,2.8972405271828667,0.23758449132211854
691,0.3647,0,1,0,310651,365793,12267,113989,2.897232606767203,0.23758498651470877
692,0.365,16,240,16,310891,365553,12283,113973,2.895331707007984,0.2376784574767583
693,0.3657,1,2,1,310893,365551,12284,113972,2.895315866176657,0.23767785903908675
694,0.3658,0,1,0,310894,365550,12284,113972,2.8953079457609934,0.23767835469488366
695,0.366,0,19,0,310913,365531,12284,113972,2.8951574578633887,0.23768777254782555
696,0.3662,0,2,0,310915,365529,12284,113972,2.8951416170320616,0.23768876394418365
697,0.3667,7,126,7,311041,365403,12291,113965,2.8941436446584716,0.23774010780861468
698,0.367,0,1,0,311042,365402,12291,113965,2.8941357242428083,0.23774060375453462
699,0.3671,1,1,1,311043,365401,12292,113964,2.894127803827145,0.23773950955952144
700,0.3675,2,55,2,311098,365346,12294,113962,2.8936921809656573,0.23776360920326806
701,0.368,1,14,1,311112,365332,12295,113961,2.8935812951463693,0.23776896386969976
702,0.3683,0,10,0,311122,365322,12295,113961,2.893502090989735,0.23777392480017026
703,0.3686,1,2,1,311124,365320,12296,113960,2.8934862501584084,0.23777332665665166
704,0.3687,0,1,0,311125,365319,12296,113960,2.893478329742745,0.23777382276294184
705,0.3692,0,3,0,311128,365316,12296,113960,2.8934545684957547,0.2377753110942338
706,0.3693,0,2,0,311130,365314,12296,113960,2.893438727664428,0.23777630332544641
707,0.3695,0,1,0,311131,365313,12296,113960,2.8934308072487642,0.23777679944415814
708,0.37,1082,13246,1082,324377,352067,13378,112878,2.7885169813711825,0.24277710266805752
709,0.3707,0,1,0,324378,352066,13378,112878,2.7885090609555188,0.24277762483223786
710,0.3708,0,2,0,324380,352064,13378,112878,2.788493220124192,0.242778669167337
711,0.371,0,3,0,324383,352061,13378,112878,2.7884694588772017,0.24278023568683205
712,0.3714,0,2,0,324385,352059,13378,112878,2.788453618045875,0.24278128004439312
713,0.3717,2,12,2,324397,352047,13380,112876,2.788358573057914,0.24278428901129864
714,0.372,1,8,1,324405,352039,13381,112875,2.7882952097326066,0.24278683799584438
715,0.3725,4,45,4,324450,351994,13385,112871,2.787938791027753,0.24280382476633
716,0.3727,0,2,0,324452,351992,13385,112871,2.7879229501964264,0.2428048693916272
717,0.3733,9,98,9,324550,351894,13394,112862,2.787146749461412,0.24284140495227605
718,0.374,1,27,1,324577,351867,13395,112861,2.7869328982384998,0.24285388442271608
719,0.3742,0,1,0,324578,351866,13395,112861,2.786924977822836,0.24285440699593525
720,0.3743,0,2,0,324580,351864,13395,112861,2.7869091369915093,0.24285545214912044
721,0.3747,0,1,0,324581,351863,13395,112861,2.786901216575846,0.24285597472908652
722,0.375,22,268,22,324849,351595,13417,112839,2.784778545178051,0.2429602483883609
723,0.3757,0,3,0,324852,351592,13417,112839,2.784754783931061,0.24296181779424716
724,0.3758,0,1,0,324853,351591,13417,112839,2.784746863515397,0.2429623409340482
725,0.376,1,25,1,324878,351566,13418,112838,2.784548853123812,0.2429737900621011
726,0.3763,0,1,0,324879,351565,13418,112838,2.7845409327081487,0.24297431325809696
727,0.3767,14,113,14,324992,351452,13432,112824,2.783645925738183,0.24301062299149645
728,0.3771,0,2,0,324994,351450,13432,112824,2.783630084906856,0.2430116698329004
729,0.3773,0,1,0,324995,351449,13432,112824,2.7836221644911925,0.2430121932569846
730,0.3775,2,35,2,325030,351414,13434,112822,2.783344949942973,0.2430272533797465
731,0.378,1,7,1,325037,351407,13435,112821,2.783289507033329,0.24302928733294846
732,0.3783,0,18,0,325055,351389,13435,112821,2.7831469395513877,0.2430387109282437
733,0.3786,0,2,0,325057,351387,13435,112821,2.783131098720061,0.24303975803949954
734,0.379,0,1,0,325058,351386,13435,112821,2.7831231783043973,0.24304028159851102
735,0.3792,1,0,1,325058,351386,13436,112820,2.7831231783043973,0.24303865094376204
736,0.3797,0,3,0,325061,351383,13436,112820,2.7830994170574073,0.24304022162717603
737,0.38,1110,13541,1110,338602,337842,14546,111710,2.675849068559118,0.24849183186817098
738,0.3807,1,1,1,338603,337841,14547,111709,2.6758411481434545,0.24849071293515737
739,0.3808,0,1,0,338604,337840,14547,111709,2.675833227727791,0.2484912656907256
740,0.381,0,1,0,338605,337839,14547,111709,2.675825307312128,0.24849181844875298
741,0.3813,0,1,0,338606,337838,14547,111709,2.6758173868964645,0.24849237120923953
742,0.3817,1,5,1,338611,337833,14548,111708,2.6757777848181474,0.24849346333259925
743,0.382,0,6,0,338617,337827,14548,111708,2.6757302623241666,0.2484967800060062
744,0.3825,9,47,9,338664,337780,14557,111699,2.6753580027879864,0.24850771671201546
745,0.3829,0,2,0,338666,337778,14557,111699,2.6753421619566593,0.24850882247589975
746,0.3833,8,115,8,338781,337663,14565,111691,2.674431314155367,0.24855904253661923
747,0.3835,0,1,0,338782,337662,14565,111691,2.6744233937397035,0.24855959568535205
748,0.3838,0,2,0,338784,337660,14565,111691,2.674407552908377,0.24856070199020364
749,0.384,0,26,0,338810,337634,14565,111691,2.674201622101128,0.24857508484949647
750,0.3843,1,1,1,338811,337633,14566,111690,2.6741937016854647,0.24857396572176363
751,0.385,21,288,21,339099,337345,14587,111669,2.671912621974401,0.2486982588516171
752,0.3857,0,5,0,339104,337340,14587,111669,2.671873019896084,0.24870102826446686
753,0.3858,0,1,0,339105,337339,14587,111669,2.6718650994804207,0.24870158215443822
754,0.386,0,19,0,339124,337320,14587,111669,2.6717146115828156,0.24871210653267675
755,0.3867,11,137,11,339261,337183,14598,111658,2.670629514636928,0.24876960883698235
756,0.3871,0,4,0,339265,337179,14598,111658,2.6705978329742743,0.24877182585214677
757,0.3873,0,1,0,339266,337178,14598,111658,2.670589912558611,0.24877238011211222
758,0.3875,4,45,4,339311,337133,14602,111654,2.6702334938537575,0.24879062896206885
759,0.3878,0,1,0,339312,337132,14602,111654,2.670225573438094,0.24879118332568306
760,0.388,3,12,3,339324,337120,14605,111651,2.670130528450133,0.24879281415242963
761,0.3883,0,10,0,339334,337110,14605,111651,2.670051324293499,0.24879835814609558
762,0.389,0,1,0,339335,337109,14605,111651,2.6700434038778353,0.24879891255905162
763,0.3892,1,2,1,339337,337107,14606,111650,2.6700275630465087,0.24879834743524892
764,0.3893,0,1,0,339338,337106,14606,111650,2.6700196426308453,0.24879890185312287
765,0.39,1077,13350,1077,352688,323756,15683,110573,2.5642820935242683,0.2545835069728247
766,0.3908,1,1,1,352689,323755,15684,110572,2.564274173108605,0.25458237687272495
767,0.391,0,2,0,352691,323753,15684,110572,2.564258332277278,0.25458354918551773
768,0.3914,0,4,0,352695,323749,15684,110572,2.564226650614624,0.2545858938434936
769,0.3917,1,10,1,352705,323739,15685,110571,2.5641474464579903,0.2545900393727982
770,0.392,1,15,1,352720,323724,15686,110570,2.564028640223039,0.25459711623922965
771,0.3921,0,1,0,352721,323723,15686,110570,2.5640207198073757,0.2545977024727546
772,0.3925,4,37,4,352758,323686,15690,110566,2.5637276644278293,0.25461252913055094
773,0.3927,0,1,0,352759,323685,15690,110566,2.563719744012166,0.25461311545626836
774,0.3929,0,3,0,352762,323682,15690,110566,2.5636959827651755,0.2546148744496233
775,0.3933,14,109,14,352871,323573,15704,110552,2.5628326574578635,0.2546547653325655
776,0.394,2,31,2,352902,323542,15706,110550,2.5625871245722975,0.2546695170608995
777,0.3942,0,2,0,352904,323540,15706,110550,2.562571283740971,0.2546706904098229
778,0.3943,0,1,0,352905,323539,15706,110550,2.562563363325307,0.25467127708833903
779,0.395,17,260,17,353165,323279,15723,110533,2.5605040552528195,0.2547947036965321
780,0.3955,0,1,0,353166,323278,15723,110533,2.560496134837156,0.2547952910368801
781,0.3957,0,4,0,353170,323274,15723,110533,2.5604644531745024,0.25479764042535047
782,0.3958,1,4,1,353174,323270,15724,110532,2.560432771511849,0.25479827202272004
783,0.396,1,10,1,353184,323260,15725,110531,2.560353567355215,0.2548024278973054
784,0.3963,1,0,1,353184,323260,15726,110530,2.560353567355215,0.25480071002097787
785,0.3964,0,1,0,353185,323259,15726,110530,2.5603456469395516,0.25480129740495955
786,0.3967,12,109,12,353294,323150,15738,110518,2.559482321632239,0.25484471992399715
787,0.397,0,1,0,353295,323149,15738,110518,2.5594744012165758,0.2548453075747059
788,0.3971,0,2,0,353297,323147,15738,110518,2.559458560385249,0.254846482884254
789,0.3973,1,0,1,353297,323147,15739,110517,2.559458560385249,0.25484476461038963
790,0.3975,4,41,4,353338,323106,15743,110513,2.559133823343049,0.25486198713617253
791,0.398,0,17,0,353355,323089,15743,110513,2.558999176276771,0.2548719793727889
792,0.3983,1,12,1,353367,323077,15744,110512,2.55890413128881,0.254877314692024
793,0.3986,1,2,1,353369,323075,15745,110511,2.558888290457483,0.25487677185148966
794,0.3988,1,0,1,353369,323075,15746,110510,2.558888290457483,0.25487505333440963
795,0.399,1,0,1,353369,323075,15747,110509,2.558888290457483,0.25487333480940255
796,0.3993,0,1,0,353370,323074,15747,110509,2.5588803700418197,0.2548739226399559
797,0.4,1232,13262,1232,366632,309812,16979,109277,2.453839817513623,0.2607489101360332
798,0.4003,0,1,0,366633,309811,16979,109277,2.4538318970979596,0.26074953231779485
799,0.4007,0,1,0,366634,309810,16979,109277,2.4538239766822962,0.26075015450252575
800,0.4008,0,3,0,366637,309807,16979,109277,2.4538002154353062,0.260752021074534
801,0.4017,1,7,1,366644,309800,16980,109276,2.453744772525662,0.2607546125285151
802,0.402,0,11,0,366655,309789,16980,109276,2.4536576479533645,0.26076145705320175
803,0.4022,0,1,0,366656,309788,16980,109276,2.453649727537701,0.2607620793005364
804,0.4025,0,36,0,366692,309752,16980,109276,2.453364592573818,0.2607844821825749
805,0.4029,0,2,0,366694,309750,16980,109276,2.4533487517424915,0.26078572690000146
806,0.4033,14,114,14,366808,309636,16994,109262,2.4524458243568623,0.26083199251369066
807,0.4038,0,2,0,366810,309634,16994,109262,2.452429983525535,0.2608332378442382
808,0.404,2,30,2,366840,309604,16996,109260,2.452192371055633,0.2608483899308606
809,0.4042,0,1,0,366841,309603,16996,109260,2.4521844506399697,0.2608490126843383
810,0.4043,1,3,1,366844,309600,16997,109259,2.4521606893929793,0.26084911628972995
811,0.4047,0,1,0,366845,309599,16997,109259,2.452152768977316,0.26084973905237574
812,0.405,23,295,23,367140,309304,17020,109236,2.4498162463566087,0.2609929755817843
813,0.4055,0,1,0,367141,309303,17020,109236,2.4498083259409453,0.260993599162802
814,0.4057,1,2,1,367143,309301,17021,109235,2.4497924851096187,0.26099308064300325
815,0.4058,0,3,0,367146,309298,17021,109235,2.4497687238626282,0.26099495141362805
816,0.406,1,21,1,367167,309277,17022,109234,2.4496023951336965,0.2610062817942659
817,0.4062,0,4,0,367171,309273,17022,109234,2.449570713471043,0.26100877643623643
818,0.4067,14,126,14,367297,309147,17036,109220,2.4485727410974527,0.2610626555153729
819,0.4071,0,1,0,367298,309146,17036,109220,2.4485648206817894,0.2610632795208024
820,0.4075,4,44,4,367342,309102,17040,109216,2.4482163223925992,0.26108367318642756
821,0.4078,0,1,0,367343,309101,17040,109216,2.448208401976936,0.261084297315194
822,0.408,4,7,4,367350,309094,17044,109212,2.4481529590672917,0.26108160055079294
823,0.4083,0,12,0,367362,309082,17044,109212,2.448057914079331,0.26108909044834494
824,0.4086,0,2,0,367364,309080,17044,109212,2.448042073248004,0.26109033880638405
825,0.4087,0,1,0,367365,309079,17044,109212,2.448034152832341,0.26109096298988027
826,0.4092,0,1,0,367366,309078,17044,109212,2.448026232416677,0.2610915871763609
827,0.41,1332,13108,1332,380474,295970,18376,107880,2.3442054239006462,0.26712888448681443
828,0.4107,0,1,0,380475,295969,18376,107880,2.344197503484983,0.2671295459441524
829,0.411,0,5,0,380480,295964,18376,107880,2.344157901406666,0.2671328532799794
830,0.4114,0,1,0,380481,295963,18376,107880,2.3441499809910025,0.2671335147569724
831,0.4115,1,1,1,380482,295962,18377,107879,2.344142060575339,0.26713236149870867
832,0.4117,1,8,1,380490,295954,18378,107878,2.3440786972500316,0.2671358386655837
833,0.412,1,6,1,380496,295948,18379,107877,2.344031174756051,0.26713799294248747
834,0.4122,0,1,0,380497,295947,18379,107877,2.344023254340388,0.26713865446333057
835,0.4125,6,48,6,380545,295899,18385,107871,2.343643074388544,0.2671595215097704
836,0.4129,0,2,0,380547,295897,18385,107871,2.3436272335572172,0.2671608448415922
837,0.413,0,2,0,380549,295895,18385,107871,2.34361139272589,0.2671621681865239
838,0.4133,11,142,11,380691,295753,18396,107860,2.3424866937016855,0.26723618912175773
839,0.4135,1,1,1,380692,295752,18397,107859,2.342478773286022,0.2672350357150821
840,0.414,3,20,3,380712,295732,18400,107856,2.3423203649727538,0.26724283179876507
841,0.4142,0,2,0,380714,295730,18400,107856,2.342304524141427,0.2672441561402031
842,0.4143,0,5,0,380719,295725,18400,107856,2.34226492206311,0.26724746705122393
843,0.4144,0,1,0,380720,295724,18400,107856,2.3422570016474467,0.26724812924327274
844,0.4147,0,1,0,380721,295723,18400,107856,2.342249081231783,0.2672487914386031
845,0.415,17,275,17,380996,295448,18417,107839,2.340070966924344,0.2674001393548515
846,0.4156,0,1,0,380997,295447,18417,107839,2.3400630465086807,0.2674008024082165
847,0.4157,1,2,1,380999,295445,18418,107838,2.340047205677354,0.26740031193975444
848,0.4158,1,1,1,381000,295444,18419,107837,2.3400392852616907,0.2673991584031978
849,0.416,1,16,1,381016,295428,18420,107836,2.339912558611076,0.26740795111887
850,0.4167,11,109,11,381125,295319,18431,107825,2.3390492333037636,0.2674602623380231
851,0.4171,0,7,0,381132,295312,18431,107825,2.33899379039412,0.2674649064710012
852,0.4173,0,2,0,381134,295310,18431,107825,2.338977949562793,0.2674662333957607
853,0.4175,4,37,4,381171,295273,18435,107821,2.3386848941832468,0.2674835150113869
854,0.418,0,20,0,381191,295253,18435,107821,2.3385264858699784,0.26749678719044145
855,0.4183,2,5,2,381196,295248,18437,107819,2.3384868837916613,0.26749647081006384
856,0.4187,0,1,0,381197,295247,18437,107819,2.338478963375998,0.2674971344643309
857,0.4189,0,1,0,381198,295246,18437,107819,2.3384710429603346,0.267497798121891
858,0.419,1,3,1,381201,295243,18438,107818,2.338447281713344,0.26749797177102225
859,0.4192,0,1,0,381202,295242,18438,107818,2.338439361297681,0.26749863543889246
860,0.4193,0,1,0,381203,295241,18438,107818,2.3384314408820175,0.2674992991100558
861,0.4196,0,1,0,381204,295240,18438,107818,2.338423520466354,0.2674999627845124
862,0.4198,0,1,0,381205,295239,18438,107818,2.338415600050691,0.26750062646226214
863,0.42,1397,12841,1397,394046,282398,19835,106421,2.2367095425167913,0.2737031883729962
864,0.4207,0,1,0,394047,282397,19835,106421,2.236701622101128,0.2737038923095124
865,0.4208,0,2,0,394049,282395,19835,106421,2.236685781269801,0.27370530019340766
866,0.421,0,2,0,394051,282393,19835,106421,2.2366699404384742,0.2737067080917868
867,0.4212,0,1,0,394052,282392,19835,106421,2.236662020022811,0.2737074120464079
868,0.4214,0,1,0,394053,282391,19835,106421,2.2366540996071476,0.27370811600465006
869,0.4217,0,15,0,394068,282376,19835,106421,2.2365352933721963,0.27371867581282777
870,0.422,1,5,1,394073,282371,19836,106420,2.236495691293879,0.27372032788824846
871,0.4222,0,1,0,394074,282370,19836,106420,2.236487770878216,0.2737210319195453
872,0.4225,3,40,3,394114,282330,19839,106417,2.236170954251679,0.27374359159041745
873,0.4227,0,1,0,394115,282329,19839,106417,2.2361630338360157,0.27374429576124254
874,0.423,0,1,0,394116,282328,19839,106417,2.2361551134203523,0.2737449999356905
875,0.4232,0,1,0,394117,282327,19839,106417,2.236147193004689,0.27374570411376126
876,0.4233,10,110,10,394227,282217,19849,106407,2.235275947281713,0.27380449997941453
877,0.4238,0,1,0,394228,282216,19849,106407,2.23526802686605,0.27380520452984
878,0.424,4,22,4,394250,282194,19853,106403,2.235093777721455,0.2738132306734226
879,0.4243,0,1,0,394251,282193,19853,106403,2.2350858573057915,0.2738139352952681
880,0.4244,0,1,0,394252,282192,19853,106403,2.235077936890128,0.2738146399207401
881,0.425,24,264,24,394516,281928,19877,106379,2.232986947154987,0.27395591632393956
882,0.4253,0,1,0,394517,281927,19877,106379,2.2329790267393235,0.2739566218394771
883,0.4256,0,1,0,394518,281926,19877,106379,2.2329711063236597,0.2739573273586485
884,0.4257,0,5,0,394523,281921,19877,106379,2.2329315042453426,0.2739608550090136
885,0.4258,0,3,0,394526,281918,19877,106379,2.2329077429983526,0.2739629716428404
886,0.426,0,19,0,394545,281899,19877,106379,2.2327572551007475,0.27397637774996264
887,0.4262,1,1,1,394546,281898,19878,106378,2.232749334685084,0.27397521350791704
888,0.4265,0,1,0,394547,281897,19878,106378,2.232741414269421,0.273975919129483
889,0.4267,10,117,10,394664,281780,19888,106368,2.2318147256368013,0.27403979925183175
890,0.4271,0,4,0,394668,281776,19888,106368,2.231783043974148,0.27404262335628016
891,0.4273,0,2,0,394670,281774,19888,106368,2.231767203142821,0.2740440354303322
892,0.4275,8,38,8,394708,281736,19896,106360,2.231466227347611,0.2740559036939314
893,0.4278,0,1,0,394709,281735,19896,106360,2.231458306931948,0.27405660985068087
894,0.428,0,9,0,394718,281726,19896,106360,2.231387023190977,0.27406296542518926
895,0.4282,0,1,0,394719,281725,19896,106360,2.2313791027753136,0.27406367161833106
896,0.4283,1,9,1,394728,281716,19897,106359,2.2313078190343427,0.2740681569284288
897,0.4285,0,1,0,394729,281715,19897,106359,2.2312998986186794,0.2740688631549653
898,0.4286,0,1,0,394730,281714,19897,106359,2.231291978203016,0.27406956938514143
899,0.4287,0,1,0,394731,281713,19897,106359,2.2312840577873527,0.2740702756189573
900,0.4288,0,1,0,394732,281712,19897,106359,2.2312761373716894,0.2740709818564129
901,0.4289,0,1,0,394733,281711,19897,106359,2.231268216956026,0.2740716880975082
902,0.429,0,2,0,394735,281709,19897,106359,2.231252376124699,0.2740731005906181
903,0.4292,1,2,1,394737,281707,19898,106358,2.2312365352933723,0.2740726424696894
904,0.43,1434,12901,1434,407638,268806,21332,104924,2.129055252819668,0.2807481336793942
905,0.4303,0,1,0,407639,268805,21332,104924,2.1290473324040047,0.2807488848871776
906,0.4304,0,1,0,407640,268804,21332,104924,2.1290394119883413,0.28074963609898107
907,0.4307,0,1,0,407641,268803,21332,104924,2.1290314915726776,0.2807503873148047
908,0.4308,1,3,1,407644,268800,21333,104923,2.1290077303256876,0.28075071643971605
909,0.431,0,3,0,407647,268797,21333,104923,2.128983969078697,0.28075297013807127
910,0.4313,0,1,0,407648,268796,21333,104923,2.128976048663034,0.280753721378897
911,0.4314,1,0,1,407648,268796,21334,104922,2.128976048663034,0.2807517968093589
912,0.4317,1,15,1,407663,268781,21335,104921,2.1288572424280825,0.28076114123017804
913,0.432,1,7,1,407670,268774,21336,104920,2.1288017995184387,0.28076447574753677
914,0.4325,2,41,2,407711,268733,21338,104918,2.1284770624762386,0.28079143371756
915,0.4329,0,2,0,407713,268731,21338,104918,2.128461221644912,0.28079293668656946
916,0.4333,12,130,12,407843,268601,21350,104906,2.127431567608668,0.28086756071506025
917,0.4335,0,1,0,407844,268600,21350,104906,2.127423647193005,0.28086831269109463
918,0.4338,0,2,0,407846,268598,21350,104906,2.1274078063616777,0.2808698166552433
919,0.434,4,17,4,407863,268581,21354,104902,2.1272731592953997,0.2808748992591363
920,0.4342,0,3,0,407866,268578,21354,104902,2.1272493980484097,0.28087715540323444
921,0.4343,2,4,2,407870,268574,21356,104900,2.127217716385756,0.28087631267504565
922,0.4347,0,1,0,407871,268573,21356,104900,2.1272097959700926,0.2808770647409585
923,0.435,27,301,27,408172,268272,21383,104873,2.124825750855405,0.281051601924185
924,0.4357,0,2,0,408174,268270,21383,104873,2.1248099100240783,0.2810531083257625
925,0.436,4,22,4,408196,268248,21387,104869,2.1246356608794827,0.28106197251800374
926,0.4362,0,1,0,408197,268247,21387,104869,2.1246277404638194,0.2810627258010914
927,0.4367,13,138,13,408335,268109,21400,104856,2.1235347231022685,0.28114166208625474
928,0.4369,0,1,0,408336,268108,21400,104856,2.123526802686605,0.2811424158900055
929,0.4375,8,45,8,408381,268063,21408,104848,2.1231703839817513,0.28116092043409824
930,0.438,1,5,1,408386,268058,21409,104847,2.123130781903434,0.2811627626339148
931,0.4383,2,7,2,408393,268051,21411,104845,2.1230753389937904,0.2811641851883635
932,0.4386,0,2,0,408395,268049,21411,104845,2.1230594981624638,0.28116569319967605
933,0.4388,0,1,0,408396,268048,21411,104845,2.1230515777468,0.28116644721139844
934,0.4389,0,1,0,408397,268047,21411,104845,2.1230436573311366,0.281167201227165
935,0.4392,0,1,0,408398,268046,21411,104845,2.1230357369154733,0.28116795524697563
936,0.4393,0,1,0,408399,268045,21411,104845,2.12302781649981,0.28116870927083054
937,0.44,1559,12417,1559,420816,255628,22970,103286,2.024680015207198,0.28777367280184113
938,0.4415,1,0,1,420816,255628,22971,103285,2.024680015207198,0.2877716884035964
939,0.4417,0,9,0,420825,255619,22971,103285,2.0246087314662273,0.2877789046653144
940,0.442,2,13,2,420838,255606,22973,103283,2.024505766062603,0.28778535981877407
941,0.4425,3,38,3,420876,255568,22976,103280,2.0242047902673934,0.28780988050650974
942,0.4429,0,1,0,420877,255567,22976,103280,2.0241968698517296,0.28781068254715797
943,0.443,0,1,0,420878,255566,22976,103280,2.0241889494360663,0.28781148459227635
944,0.4433,14,112,14,420990,255454,22990,103266,2.023301862881764,0.2878735504014273
945,0.4435,0,1,0,420991,255453,22990,103266,2.0232939424661005,0.2878743529057563
946,0.4438,1,1,1,420992,255452,22991,103265,2.023286022050437,0.28787317021496056
947,0.444,2,24,2,421016,255428,22993,103263,2.0230959320745154,0.2878884610988288
948,0.4443,1,0,1,421016,255428,22994,103262,2.0230959320745154,0.2878864757868912
949,0.445,32,263,32,421279,255165,23026,103230,2.0210128627550374,0.28803415226216883
950,0.4457,2,5,2,421284,255160,23028,103228,2.0209732606767203,0.28803419757357945
951,0.446,1,18,1,421302,255142,23029,103227,2.020830693194779,0.288046678144594
952,0.4464,1,0,1,421302,255142,23030,103226,2.020830693194779,0.28804469149031164
953,0.4467,11,108,11,421410,255034,23041,103215,2.0199752883031303,0.28810966674017235
954,0.4472,0,1,0,421411,255033,23041,103215,2.0199673678874666,0.2881104709586655
955,0.4473,0,1,0,421412,255032,23041,103215,2.0199594474718032,0.2881112751816484
956,0.4475,1,50,1,421462,254982,23042,103214,2.0195634266886326,0.28814950474042145
957,0.448,1,14,1,421476,254968,23043,103213,2.0194525408693447,0.28815878005812706
958,0.4483,1,9,1,421485,254959,23044,103212,2.0193812571283742,0.2881640333807036
959,0.4485,0,1,0,421486,254958,23044,103212,2.0193733367127105,0.28816483792612446
960,0.4487,0,1,0,421487,254957,23044,103212,2.019365416297047,0.2881656424760379
961,0.449,0,3,0,421490,254954,23044,103212,2.019341655050057,0.28816805615273366
962,0.4492,0,1,0,421491,254953,23044,103212,2.019333734634394,0.2881688607206176
963,0.4498,0,1,0,421492,254952,23044,103212,2.01932581421873,0.28816966529299426
964,0.45,1541,12283,1541,433775,242669,24585,101671,1.9220393486250158,0.2952634024510658
965,0.4508,1,1,1,433776,242668,24586,101670,1.9220314282093525,0.29526221329042973
966,0.451,0,4,0,433780,242664,24586,101670,1.9219997465466987,0.2952656432417362
967,0.4514,0,1,0,433781,242663,24586,101670,1.9219918261310354,0.29526650074201427
968,0.4517,1,9,1,433790,242654,24587,101669,1.9219205423900647,0.2952721717689495
969,0.452,0,15,0,433805,242639,24587,101669,1.9218017361551134,0.29528503549147855
970,0.4525,7,39,7,433844,242600,24594,101662,1.9214928399442404,0.2953041578797544
971,0.4533,15,133,15,433977,242467,24609,101647,1.9204394246610061,0.29538757504780394
972,0.4535,0,1,0,433978,242466,24609,101647,1.9204315042453428,0.29538843345063975
973,0.4539,0,1,0,433979,242465,24609,101647,1.9204235838296795,0.2953892918584647
974,0.454,1,14,1,433993,242451,24610,101646,1.9203126980103915,0.2953992624172835
975,0.4542,1,4,1,433997,242447,24611,101645,1.920281016347738,0.29540064866372945
976,0.4543,0,1,0,433998,242446,24611,101645,1.9202730959320746,0.2954015071594433
977,0.4544,0,1,0,433999,242445,24611,101645,1.920265175516411,0.29540236566014705
978,0.4548,0,1,0,434000,242444,24611,101645,1.9202572551007477,0.2954032241658408
979,0.455,28,245,28,434245,242199,24639,101617,1.9183167532632113,0.29555634409102544
980,0.4551,0,1,0,434246,242198,24639,101617,1.918308832847548,0.2955572037287495
981,0.4557,2,5,2,434251,242193,24641,101615,1.9182692307692308,0.2955574041325391
982,0.4558,1,0,1,434251,242193,24642,101614,1.9182692307692308,0.2955553551847403
983,0.456,0,23,0,434274,242170,24642,101614,1.9180870612089722,0.2955751285691015
984,0.4567,9,105,9,434379,242065,24651,101605,1.9172554175643137,0.29564698693514124
985,0.4571,0,1,0,434380,242064,24651,101605,1.9172474971486504,0.29564784720181336
986,0.4573,0,2,0,434382,242062,24651,101605,1.9172316563173235,0.29564956775017676
987,0.4575,6,39,6,434421,242023,24657,101599,1.9169227601064505,0.2956708243360437
988,0.458,3,11,3,434432,242012,24660,101596,1.916835635534153,0.29567414029941097
989,0.4582,0,1,0,434433,242011,24660,101596,1.9168277151184894,0.29567500080033293
990,0.4583,0,10,0,434443,242001,24660,101596,1.9167485109618552,0.2956836060850357
991,0.4586,1,1,1,434444,242000,24661,101595,1.9167405905461918,0.2956824167988475
992,0.4588,0,1,0,434445,241999,24661,101595,1.9167326701305285,0.29568327735641486
993,0.459,0,1,0,434446,241998,24661,101595,1.916724749714865,0.29568413791899134
994,0.4593,0,1,0,434447,241997,24661,101595,1.9167168292992016,0.2956849984865771
995,0.46,1646,12257,1646,446704,229740,26307,99949,1.819636294512736,0.3031614642890724
996,0.4605,0,1,0,446705,229739,26307,99949,1.8196283740970727,0.30316238382956007
997,0.4607,0,2,0,446707,229737,26307,99949,1.8196125332657458,0.3031642229272702
998,0.4608,0,1,0,446708,229736,26307,99949,1.8196046128500825,0.3031651424844928
999,0.4617,0,11,0,446719,229725,26307,99949,1.819517488277785,0.3031752579821278
1000,0.462,0,4,0,446723,229721,26307,99949,1.8194858066151312,0.30317893651226985
1001,0.4621,0,1,0,446724,229720,26307,99949,1.8194778861994678,0.30317985615875315
1002,0.4622,0,1,0,446725,229719,26307,99949,1.8194699657838043,0.3031807758108157
1003,0.4625,1,39,1,446764,229680,26308,99948,1.8191610695729312,0.3032145327460046
1004,0.4627,0,3,0,446767,229677,26308,99948,1.819137308325941,0.30321729237770195
1005,0.4629,0,1,0,446768,229676,26308,99948,1.8191293879102775,0.30321821226609713
1006,0.463,0,1,0,446769,229675,26308,99948,1.8191214674946141,0.3032191321600738
1007,0.4633,16,119,16,446888,229556,26324,99932,1.8181789380306679,0.30329480891565097
1008,0.4637,0,1,0,446889,229555,26324,99932,1.8181710176150043,0.3032957294217981
1009,0.4638,0,1,0,446890,229554,26324,99932,1.818163097199341,0.30329664993353284
1010,0.464,0,17,0,446907,229537,26324,99932,1.818028450133063,0.30331229948796395
1011,0.4642,0,5,0,446912,229532,26324,99932,1.817988848054746,0.30331690260544397
1012,0.4643,0,1,0,446913,229531,26324,99932,1.8179809276390826,0.3033178232457059
1013,0.4646,0,1,0,446914,229530,26324,99932,1.817973007223419,0.30331874389155655
1014,0.4647,0,2,0,446916,229528,26324,99932,1.8179571663920921,0.3033205852000243
1015,0.465,31,256,31,447172,229272,26355,99901,1.8159295399822584,0.3034908695427632
1016,0.4657,0,2,0,447174,229270,26355,99901,1.8159136991509315,0.3034927135136449
1017,0.4658,0,2,0,447176,229268,26355,99901,1.8158978583196046,0.3034945575069341
1018,0.466,1,16,1,447192,229252,26356,99900,1.81577113166899,0.3035071942446043
1019,0.4667,16,107,16,447299,229145,26372,99884,1.8149236471930046,0.3035720255661355
1020,0.4668,0,1,0,447300,229144,26372,99884,1.8149157267773413,0.3035729481989375
1021,0.467,0,1,0,447301,229143,26372,99884,1.814907806361678,0.3035738708373477
1022,0.4671,1,0,1,447301,229143,26373,99883,1.814907806361678,0.30357175420787413
1023,0.4673,0,1,0,447302,229142,26373,99883,1.8148998859460144,0.30357267684826383
1024,0.4675,6,38,6,447340,229104,26379,99877,1.8145989101508047,0.3035950404430651
1025,0.4676,0,1,0,447341,229103,26379,99877,1.8145909897351413,0.3035959632804426
1026,0.4678,0,1,0,447342,229102,26379,99877,1.814583069319478,0.3035968861234304
1027,0.468,0,13,0,447355,229089,26379,99877,1.8144801039158536,0.3036088835928333
1028,0.4683,0,15,0,447370,229074,26379,99877,1.8143612976809023,0.30362272800508283
1029,0.4688,0,1,0,447371,229073,26379,99877,1.814353377265239,0.3036236510107919
1030,0.4689,0,1,0,447372,229072,26379,99877,1.8143454568495754,0.30362457402211285
1031,0.47,1643,11863,1643,459235,217209,28022,98234,1.720385565834495,0.3114160085974328
1032,0.4703,1,0,1,459235,217209,28023,98233,1.720385565834495,0.3114138256795227
1033,0.4707,1,0,1,459235,217209,28024,98232,1.720385565834495,0.31141164274777217
1034,0.4708,0,3,0,459238,217206,28024,98232,1.7203618045875047,0.31141460445475816
1035,0.471,1,4,1,459242,217202,28025,98231,1.720330122924851,0.311416370512914
1036,0.4714,0,1,0,459243,217201,28025,98231,1.7203222025091878,0.3114173577823429
1037,0.4716,0,1,0,459244,217200,28025,98231,1.7203142820935242,0.31141834505803173
1038,0.4717,1,8,1,459252,217192,28026,98230,1.720250918768217,0.3114240604650278
1039,0.472,0,9,0,459261,217183,28026,98230,1.7201796350272462,0.31143294664455806
1040,0.4725,3,42,3,459303,217141,28029,98227,1.7198469775693828,0.3114678724537683
1041,0.4729,0,1,0,459304,217140,28029,98227,1.7198390571537194,0.3114688600899904
1042,0.4733,15,97,15,459401,217043,28044,98212,1.7190707768343683,0.31153193446574995
1043,0.4738,0,1,0,459402,217042,28044,98212,1.719062856418705,0.3115329226591891
1044,0.474,2,15,2,459417,217027,28046,98210,1.7189440501837536,0.31154337847397356
1045,0.4742,0,5,0,459422,217022,28046,98210,1.7189044481054365,0.311548319967516
1046,0.4743,0,2,0,459424,217020,28046,98210,1.7188886072741096,0.31155029660882533
1047,0.475,29,255,29,459679,216765,28075,98181,1.7168689012799392,0.31173915528376295
1048,0.4757,0,3,0,459682,216762,28075,98181,1.716845140032949,0.3117421247654337
1049,0.4758,0,1,0,459683,216761,28075,98181,1.7168372196172854,0.3117431146052289
1050,0.476,1,16,1,459699,216745,28076,98180,1.716710492966671,0.3117567674843217
1051,0.4767,7,103,7,459802,216642,28083,98173,1.7158946901533392,0.311843463621492
1052,0.477,0,1,0,459803,216641,28083,98173,1.7158867697376758,0.3118444541856461
1053,0.4773,0,1,0,459804,216640,28083,98173,1.7158788493220125,0.3118454447560933
1054,0.4775,4,33,4,459837,216607,28087,98169,1.7156174756051197,0.3118693928380817
1055,0.478,0,13,0,459850,216594,28087,98169,1.7155145102014955,0.3118822733294574
1056,0.4781,0,1,0,459851,216593,28087,98169,1.715506589785832,0.31188326418055545
1057,0.4783,0,9,0,459860,216584,28087,98169,1.7154353060448613,0.3118921821237605
1058,0.4786,1,0,1,459860,216584,28088,98168,1.7154353060448613,0.31188999593330624
1059,0.4788,1,1,1,459861,216583,28089,98167,1.7154273856291977,0.31188880063542496
1060,0.479,0,1,0,459862,216582,28089,98167,1.7154194652135344,0.311889791548186
1061,0.4793,0,1,0,459863,216581,28089,98167,1.715411544797871,0.3118907824672436
1062,0.48,1789,11643,1789,471506,204938,29878,96378,1.6231941452287415,0.31985689442313053
1063,0.4803,1,0,1,471506,204938,29879,96377,1.6231941452287415,0.31985463717372187
1064,0.4804,0,1,0,471507,204937,29879,96377,1.6231862248130782,0.3198556987063329
1065,0.4808,0,1,0,471508,204936,29879,96377,1.6231783043974148,0.31985676024599
1066,0.481,0,2,0,471510,204934,29879,96377,1.623162463566088,0.3198588833464427
1067,0.4813,0,1,0,471511,204933,29879,96377,1.6231545431504246,0.3198599449072384
1068,0.4814,0,1,0,471512,204932,29879,96377,1.623146622734761,0.3198610064750804
1069,0.4817,1,13,1,471525,204919,29880,96376,1.6230436573311366,0.31987255015848254
1070,0.482,2,11,2,471536,204908,29882,96374,1.622956532758839,0.319879714022079
1071,0.4821,0,1,0,471537,204907,29882,96374,1.6229486123431758,0.31988077575419627
1072,0.4823,0,1,0,471538,204906,29882,96374,1.6229406919275124,0.31988183749336163
1073,0.4824,1,0,1,471538,204906,29883,96373,1.6229406919275124,0.31987958005702355
1074,0.4825,4,25,4,471563,204881,29887,96369,1.622742681535927,0.3198970954356846
1075,0.4828,0,1,0,471564,204880,29887,96369,1.6227347611202636,0.31989815733828164
1076,0.483,0,1,0,471565,204879,29887,96369,1.6227268407046003,0.31989921924792863
1077,0.4833,16,91,16,471656,204788,29903,96353,1.6220060828792295,0.319959753072481
1078,0.484,1,18,1,471674,204770,29904,96352,1.621863515397288,0.31997662077164735
1079,0.4842,0,3,0,471677,204767,29904,96352,1.6218397541502978,0.3199798086470797
1080,0.4843,0,2,0,471679,204765,29904,96352,1.621823913318971,0.3199819339326574
1081,0.4844,0,1,0,471680,204764,29904,96352,1.6218159929033076,0.3199829965860333
1082,0.4847,1,1,1,471681,204763,29905,96351,1.6218080724876442,0.3199818009126112
1083,0.485,26,223,26,471904,204540,29931,96325,1.6200418197947029,0.32016020474299106
1084,0.4854,0,1,0,471905,204539,29931,96325,1.6200338993790395,0.3201612688789619
1085,0.4857,0,5,0,471910,204534,29931,96325,1.6199942973007224,0.3201665896649261
1086,0.4858,0,3,0,471913,204531,29931,96325,1.6199705360537322,0.32016978222139497
1087,0.486,3,21,3,471934,204510,29934,96322,1.6198042073248005,0.3201853526220615
1088,0.4862,0,2,0,471936,204508,29934,96322,1.6197883664934736,0.32018748130173186
1089,0.4863,0,1,0,471937,204507,29934,96322,1.6197804460778102,0.32018854565218113
1090,0.4867,15,91,15,472028,204416,29949,96307,1.6190596882524395,0.32025152715289484
1091,0.4871,0,1,0,472029,204415,29949,96307,1.6190517678367762,0.32025259209502466
1092,0.4875,5,52,5,472081,204363,29954,96302,1.6186399062222785,0.32029667570219345
1093,0.488,2,15,2,472096,204348,29956,96300,1.6185210999873274,0.320308134429632
1094,0.4883,0,8,0,472104,204340,29956,96300,1.61845773666202,0.3203166577967004
1095,0.4886,1,1,1,472105,204339,29957,96299,1.6184498162463565,0.32031546244985665
1096,0.489,1,1,1,472106,204338,29958,96298,1.6184418958306932,0.32031426708710864
1097,0.4892,1,2,1,472108,204336,29959,96297,1.6184260549993663,0.3203141371705701
1098,0.4893,0,1,0,472109,204335,29959,96297,1.618418134583703,0.3203152026397722
1099,0.4894,0,1,0,472110,204334,29959,96297,1.6184102141680394,0.32031626811606256
1100,0.49,1847,11197,1847,483307,193137,31806,94450,1.5297253199847929,0.3284223556697625
1101,0.4907,1,0,1,483307,193137,31807,94449,1.5297253199847929,0.3284200204460579
1102,0.4908,0,1,0,483308,193136,31807,94449,1.5297173995691293,0.3284211624389311
1103,0.4917,0,12,0,483320,193124,31807,94449,1.5296223545811685,0.32843486697290775
1104,0.4918,0,1,0,483321,193123,31807,94449,1.529614434165505,0.32843600906903314
1105,0.492,1,7,1,483328,193116,31808,94448,1.5295589912558611,0.3284416686372425
1106,0.4923,0,1,0,483329,193115,31808,94448,1.5295510708401976,0.32844281079276544
1107,0.4925,1,31,1,483360,193084,31809,94447,1.5293055379546319,0.3284758860783707
1108,0.4929,0,2,0,483362,193082,31809,94447,1.529289697123305,0.3284781708975443
1109,0.4933,10,118,10,483480,192964,31819,94437,1.528355088075022,0.3285896708779719
1110,0.4938,1,1,1,483481,192963,31820,94436,1.5283471676593587,0.3285884780392416
1111,0.494,4,11,4,483492,192952,31824,94432,1.5282600430870612,0.3285917100464883
1112,0.4942,0,1,0,483493,192951,31824,94432,1.5282521226713979,0.3285928534394867
1113,0.4943,0,1,0,483494,192950,31824,94432,1.5282442022557343,0.3285939968404423
1114,0.495,37,242,37,483736,192708,31861,94395,1.5263274616651883,0.32878444321375955
1115,0.4952,0,2,0,483738,192706,31861,94395,1.5263116208338614,0.32878673358852806
1116,0.4957,1,6,1,483744,192700,31862,94394,1.526264098339881,0.32879126697179323
1117,0.4958,0,2,0,483746,192698,31862,94394,1.526248257508554,0.32879355746589944
1118,0.496,3,26,3,483772,192672,31865,94391,1.5260423267013052,0.3288163225494055
1119,0.4963,0,1,0,483773,192671,31865,94391,1.526034406285642,0.3288174680034278
1120,0.4967,13,114,13,483887,192557,31878,94378,1.5251314789000128,0.3289176991304651
1121,0.4971,1,0,1,483887,192557,31879,94377,1.5251314789000128,0.32891536032676505
1122,0.4973,0,1,0,483888,192556,31879,94377,1.5251235584843492,0.32891650664092315
1123,0.4975,5,43,5,483931,192513,31884,94372,1.5247829806108224,0.3289541105320947
1124,0.498,1,16,1,483947,192497,31885,94371,1.5246562539602078,0.3289701186608475
1125,0.4983,3,12,3,483959,192485,31888,94368,1.524561208972247,0.3289768627136547
1126,0.4984,1,0,1,483959,192485,31889,94367,1.524561208972247,0.3289745234476315
1127,0.4985,0,1,0,483960,192484,31889,94367,1.5245532885565833,0.32897567029572844
1128,0.4987,1,0,1,483960,192484,31890,94366,1.5245532885565833,0.32897333100923826
1129,0.499,0,2,0,483962,192482,31890,94366,1.5245374477252567,0.32897562472110664
1130,0.4993,0,1,0,483963,192481,31890,94366,1.5245295273095931,0.32897677158903527
1131,0.4995,1,0,1,483963,192481,31891,94365,1.5245295273095931,0.3289744322737636
1132,0.5,1844,11162,1844,495125,181319,33735,92521,1.4361218476745659,0.33786517674554484
1133,0.5002,0,1,0,495126,181318,33735,92521,1.4361139272589025,0.3378664105551072
1134,0.5005,0,1,0,495127,181317,33735,92521,1.4361060068432392,0.3378676443736808
1135,0.5008,0,1,0,495128,181316,33735,92521,1.4360980864275756,0.3378688782012657
1136,0.5012,0,1,0,495129,181315,33735,92521,1.4360901660119123,0.3378701120378621
1137,0.5017,0,9,0,495138,181306,33735,92521,1.4360188822709417,0.3378812169727602
1138,0.5018,0,1,0,495139,181305,33735,92521,1.436010961855278,0.3378824508994763
1139,0.502,1,4,1,495143,181301,33736,92520,1.4359792801926246,0.33788496864740103
1140,0.5022,0,1,0,495144,181300,33736,92520,1.435971359776961,0.33788620261485647
1141,0.5025,7,39,7,495183,181261,33743,92513,1.435662463566088,0.33791740632784706
1142,0.5027,0,2,0,495185,181259,33743,92513,1.435646622734761,0.33791987493242553
1143,0.5029,0,2,0,495187,181257,33743,92513,1.4356307819034342,0.33792234357307227
1144,0.5033,10,123,10,495310,181134,33753,92503,1.4346565707768344,0.33805004440189007
1145,0.5034,0,1,0,495311,181133,33753,92503,1.434648650361171,0.3380512798023652
1146,0.5038,0,2,0,495313,181131,33753,92503,1.4346328095298442,0.3380537506304041
1147,0.504,2,9,2,495322,181122,33755,92501,1.4345615257888733,0.33806003150319963
1148,0.5042,0,1,0,495323,181121,33755,92501,1.43455360537321,0.33806126700338424
1149,0.5043,0,2,0,495325,181119,33755,92501,1.434537764541883,0.3380637380308457
1150,0.5047,0,1,0,495326,181118,33755,92501,1.4345298441262198,0.3380649735581228
1151,0.505,46,243,46,495569,180875,33801,92455,1.4326051831200102,0.3382541250503055
1152,0.5053,0,2,0,495571,180873,33801,92455,1.4325893422886833,0.338256600128783
1153,0.5056,0,2,0,495573,180871,33801,92455,1.4325735014573564,0.33825907524348214
1154,0.5057,0,3,0,495576,180868,33801,92455,1.4325497402103662,0.33826278798344817
1155,0.5058,0,1,0,495577,180867,33801,92455,1.4325418197947029,0.3382640255815485
1156,0.506,1,19,1,495596,180848,33802,92454,1.432391331897098,0.33828512048942194
1157,0.5062,0,1,0,495597,180847,33802,92454,1.4323834114814344,0.3382863582643313
1158,0.5067,14,98,14,495695,180749,33816,92440,1.43160721074642,0.33837379982356536
1159,0.5071,0,3,0,495698,180746,33816,92440,1.4315834494994297,0.338377515685284
1160,0.5075,5,43,5,495741,180703,33821,92435,1.431242871625903,0.3384186748090709
1161,0.508,3,5,3,495746,180698,33824,92432,1.4312032695475858,0.3384176033390693
1162,0.5083,2,13,2,495759,180685,33826,92430,1.4311003041439614,0.33842886696080404
1163,0.5085,0,2,0,495761,180683,33826,92430,1.4310844633126347,0.33843134526734353
1164,0.5086,0,3,0,495764,180680,33826,92430,1.4310607020656445,0.33843506279521074
1165,0.5088,1,0,1,495764,180680,33827,92429,1.4310607020656445,0.33843264044758686
1166,0.5089,0,1,0,495765,180679,33827,92429,1.431052781649981,0.3384338796373596
1167,0.509,0,1,0,495766,180678,33827,92429,1.4310448612343176,0.338435118836207
1168,0.5092,0,3,0,495769,180675,33827,92429,1.4310210999873274,0.338438836487199
1169,0.5098,0,1,0,495770,180674,33827,92429,1.4310131795716639,0.3384400757223465
1170,0.51,1789,10738,1789,506508,169936,35616,90640,1.3459637561779243,0.3478447746530763
1171,0.5104,0,1,0,506509,169935,35616,90640,1.3459558357622607,0.34784610956538425
1172,0.5108,0,3,0,506512,169932,35616,90640,1.3459320745152705,0.34785011436378427
1173,0.511,1,2,1,506514,169930,35617,90639,1.3459162336839436,0.34785028149933417
1174,0.5113,0,1,0,506515,169929,35617,90639,1.3459083132682803,0.34785161646863777
1175,0.5115,0,1,0,506516,169928,35617,90639,1.345900392852617,0.347852951448188
1176,0.5117,0,7,0,506523,169921,35617,90639,1.345844949942973,0.3478622965919558
1177,0.512,0,8,0,506531,169913,35617,90639,1.3457815866176657,0.3478729773711198
1178,0.5125,8,34,8,506565,169879,35625,90631,1.3455122924851097,0.3478983532302023
1179,0.5127,0,1,0,506566,169878,35625,90631,1.3455043720694462,0.3478996886863794
1180,0.5129,1,0,1,506566,169878,35626,90630,1.3455043720694462,0.34789718549910176
1181,0.5133,21,85,21,506651,169793,35647,90609,1.344831136738056,0.34795815700340244
1182,0.5135,0,1,0,506652,169792,35647,90609,1.3448232163223925,0.3479594932431135
1183,0.5138,0,2,0,506654,169790,35647,90609,1.3448073754910659,0.3479621657533247
1184,0.514,1,16,1,506670,169774,35648,90608,1.3446806488404512,0.34798104323647566
1185,0.5142,0,2,0,506672,169772,35648,90608,1.3446648080091244,0.3479837161072279
1186,0.5143,0,1,0,506673,169771,35648,90608,1.3446568875934608,0.347985052558002
1187,0.5144,0,1,0,506674,169770,35648,90608,1.3446489671777975,0.34798638901904155
1188,0.5148,0,1,0,506675,169769,35648,90608,1.3446410467621341,0.3479877254903467
1189,0.515,46,232,46,506907,169537,35694,90562,1.342803510328222,0.34818280731567597
1190,0.5152,0,1,0,506908,169536,35694,90562,1.3427955899125585,0.3481841459757476
1191,0.5153,0,1,0,506909,169535,35694,90562,1.3427876694968952,0.3481854846461128
1192,0.5155,1,3,1,506912,169532,35695,90561,1.342763908249905,0.348186994651913
1193,0.5156,0,1,0,506913,169531,35695,90561,1.3427559878342414,0.34818833335896526
1194,0.5157,0,1,0,506914,169530,35695,90561,1.342748067418578,0.34818967207631174
1195,0.5158,0,2,0,506916,169528,35695,90561,1.3427322265872512,0.3481923495418876
1196,0.516,2,21,2,506937,169507,35697,90559,1.3425658978583197,0.3482154530003922
1197,0.5162,0,1,0,506938,169506,35697,90559,1.3425579774426561,0.3482167919558572
1198,0.5165,0,1,0,506939,169505,35697,90559,1.3425500570269928,0.3482181309216193
1199,0.5167,17,109,17,507048,169396,35714,90542,1.3416867317196806,0.3483215228246736
1200,0.517,0,1,0,507049,169395,35714,90542,1.3416788113040172,0.3483228628475361
1201,0.5171,0,3,0,507052,169392,35714,90542,1.341655050057027,0.3483268829779867
1202,0.5173,1,1,1,507053,169391,35715,90541,1.3416471296413637,0.34832571595648093
1203,0.5175,4,41,4,507094,169350,35719,90537,1.3413223925991635,0.34837063800805734
1204,0.5177,0,1,0,507095,169349,35719,90537,1.3413144721835002,0.34837197848287327
1205,0.518,2,16,2,507111,169333,35721,90535,1.3411877455328856,0.3483884125786938
1206,0.5182,1,0,1,507111,169333,35722,90534,1.3411877455328856,0.34838590509760764
1207,0.5183,2,10,2,507121,169323,35724,90532,1.3411085413762514,0.34839429681938006
1208,0.5184,1,0,1,507121,169323,35725,90531,1.3411085413762514,0.3483917892354938
1209,0.5189,0,1,0,507122,169322,35725,90531,1.341100620960588,0.34839312996194
1210,0.519,0,1,0,507123,169321,35725,90531,1.3410927005449247,0.34839447069870544
1211,0.5192,0,2,0,507125,169319,35725,90531,1.3410768597135978,0.34839715220319417
1212,0.5193,1,1,1,507126,169318,35726,90530,1.3410689392979342,0.34839598534527877
1213,0.52,1931,10068,1931,517194,159250,37657,88599,1.261326194398682,0.35747168638969695
1214,0.5202,0,1,0,517195,159249,37657,88599,1.2613182739830187,0.35747312869177883
1215,0.5207,0,1,0,517196,159248,37657,88599,1.2613103535673553,0.35747457100549934
1216,0.5208,0,2,0,517198,159246,37657,88599,1.2612945127360284,0.35747745566785694
1217,0.521,0,2,0,517200,159244,37657,88599,1.2612786719047016,0.3574803403767708
1218,0.5212,0,1,0,517201,159243,37657,88599,1.2612707514890382,0.35748178274868664
1219,0.5214,0,1,0,517202,159242,37657,88599,1.2612628310733747,0.35748322513224207
1220,0.5217,2,10,2,517212,159232,37659,88597,1.2611836269167407,0.35749246456225864
1221,0.522,1,4,1,517216,159228,37660,88596,1.261151945254087,0.35749564206856477
1222,0.5225,2,35,2,517251,159193,37662,88594,1.2608747307058674,0.357540952511633
1223,0.5227,0,1,0,517252,159192,37662,88594,1.260866810290204,0.3575423954541419
1224,0.5233,19,95,19,517347,159097,37681,88575,1.2601143708021798,0.35763025291514583
1225,0.5238,0,2,0,517349,159095,37681,88575,1.260098529970853,0.35763314087293574
1226,0.5239,0,1,0,517350,159094,37681,88575,1.2600906095551894,0.35763458486932154
1227,0.524,1,24,1,517374,159070,37682,88574,1.2599005195792676,0.3576666505144482
1228,0.5242,1,1,1,517375,159069,37683,88573,1.259892599163604,0.3576655010054837
1229,0.5243,1,1,1,517376,159068,37684,88572,1.2598846787479407,0.3576643514779519
1230,0.525,30,206,30,517582,158862,37714,88542,1.2582530731212773,0.3578842702624048
1231,0.5252,0,1,0,517583,158861,37714,88542,1.258245152705614,0.3578857168263926
1232,0.5255,0,2,0,517585,158859,37714,88542,1.258229311874287,0.3578886099894503
1233,0.5257,0,3,0,517588,158856,37714,88542,1.2582055506272969,0.35789294982174474
1234,0.5258,1,0,1,517588,158856,37715,88541,1.2582055506272969,0.3578903543696973
1235,0.526,1,14,1,517602,158842,37716,88540,1.2580946648080091,0.35790801270908956
1236,0.5267,13,83,13,517685,158759,37729,88527,1.2574372703079457,0.35799438706598835
1237,0.5268,0,1,0,517686,158758,37729,88527,1.2574293498922824,0.3579958347655539
1238,0.5269,0,2,0,517688,158756,37729,88527,1.2574135090609555,0.35799873019981154
1239,0.5272,1,0,1,517688,158756,37730,88526,1.2574135090609555,0.3579961339685056
1240,0.5273,0,1,0,517689,158755,37730,88526,1.2574055886452922,0.35799758169855345
1241,0.5275,7,36,7,517725,158719,37737,88519,1.2571204536814091,0.35803153236961954
1242,0.528,0,10,0,517735,158709,37737,88519,1.2570412495247751,0.3580460142055107
1243,0.5283,4,9,4,517744,158700,37741,88515,1.2569699657838043,0.3580486620957466
1244,0.5286,0,1,0,517745,158699,37741,88515,1.256962045368141,0.35805011043063906
1245,0.5289,0,1,0,517746,158698,37741,88515,1.2569541249524776,0.35805155877724876
1246,0.529,1,0,1,517746,158698,37742,88514,1.2569541249524776,0.3580489620244972
1247,0.5292,0,2,0,517748,158696,37742,88514,1.2569382841211507,0.3580518587435783
1248,0.5293,0,2,0,517750,158694,37742,88514,1.2569224432898238,0.3580547555095304
1249,0.5297,1,0,1,517750,158694,37743,88513,1.2569224432898238,0.35805215871718843
1250,0.53,2069,9829,2069,527579,148865,39812,86444,1.1790726777341274,0.3673637642419117
1251,0.5305,0,1,0,527580,148864,39812,86444,1.179064757318464,0.3673653254457987
1252,0.5308,2,2,2,527582,148862,39814,86442,1.1790489164871372,0.3673630707510285
1253,0.531,0,1,0,527583,148861,39814,86442,1.1790409960714738,0.3673646319851426
1254,0.5312,0,1,0,527584,148860,39814,86442,1.1790330756558105,0.3673661932325267
1255,0.5317,2,7,2,527591,148853,39816,86440,1.1789776327461665,0.36737174501578884
1256,0.532,1,5,1,527596,148848,39817,86439,1.1789380306678494,0.3673768631501103
1257,0.5325,8,25,8,527621,148823,39825,86431,1.1787400202762641,0.3673943907436218
1258,0.5327,0,1,0,527622,148822,39825,86431,1.1787320998606008,0.36739595244268936
1259,0.533,0,2,0,527624,148820,39825,86431,1.178716259029274,0.3673990758806551
1260,0.5333,11,83,11,527707,148737,39836,86420,1.1780588645292105,0.367499160135569
1261,0.5334,1,2,1,527709,148735,39837,86419,1.1780430236978836,0.3674995960094236
1262,0.5335,1,0,1,527709,148735,39838,86418,1.1780430236978836,0.36749690626953513
1263,0.534,6,11,6,527720,148724,39844,86412,1.177955899125586,0.3674979586281982
1264,0.5342,1,4,1,527724,148720,39845,86411,1.1779242174629325,0.36750152042903744
1265,0.5343,0,1,0,527725,148719,39845,86411,1.177916297047269,0.36750308340067195
1266,0.5347,0,1,0,527726,148718,39845,86411,1.1779083766316056,0.3675046463856011
1267,0.535,51,212,51,527938,148506,39896,86360,1.1762292485109618,0.3676990283821413
1268,0.5352,0,1,0,527939,148505,39896,86360,1.1762213280952984,0.36770059395823135
1269,0.5355,0,1,0,527940,148504,39896,86360,1.1762134076796351,0.3677021595476531
1270,0.5357,1,4,1,527944,148500,39897,86359,1.1761817260169813,0.36770572982087124
1271,0.5358,1,3,1,527947,148497,39898,86358,1.1761579647699911,0.3677077345596219
1272,0.536,4,17,4,527964,148480,39902,86354,1.1760233177037132,0.36772358346747064
1273,0.5367,16,94,16,528058,148386,39918,86338,1.1752787986313522,0.3678277466300847
1274,0.537,0,1,0,528059,148385,39918,86338,1.1752708782156887,0.3678293137016824
1275,0.5371,0,5,0,528064,148380,39918,86338,1.1752312761373718,0.367837149259963
1276,0.5375,5,37,5,528101,148343,39923,86333,1.1749382207578254,0.367881675160647
1277,0.538,1,15,1,528116,148328,39924,86332,1.174819414522874,0.36790249723003493
1278,0.5382,0,1,0,528117,148327,39924,86332,1.1748114941072108,0.36790406504757966
1279,0.5383,4,7,4,528124,148320,39928,86328,1.1747560511975668,0.36790426511199753
1280,0.5387,0,1,0,528125,148319,39928,86328,1.1747481307819034,0.3679058330172557
1281,0.5392,0,2,0,528127,148317,39928,86328,1.1747322899505765,0.36790896886786423
1282,0.54,2065,9304,2065,537431,139013,41993,84263,1.1010407426181725,0.37739389813504365
1283,0.5402,1,1,1,537432,139012,41994,84262,1.1010328222025092,0.3773927998781766
1284,0.5403,0,1,0,537433,139011,41994,84262,1.1010249017868459,0.37739449015331006
1285,0.5407,1,0,1,537433,139011,41995,84261,1.1010249017868459,0.3773917016016339
1286,0.5408,1,2,1,537435,139009,41996,84260,1.101009060955519,0.3773922936009925
1287,0.5415,1,0,1,537435,139009,41997,84259,1.101009060955519,0.37738950498951934
1288,0.5417,1,7,1,537442,139002,41998,84258,1.100953618045875,0.3773985487772104
1289,0.542,1,7,1,537449,138995,41999,84257,1.1008981751362312,0.37740759321305073
1290,0.5425,6,30,6,537479,138965,42005,84251,1.1006605626663288,0.377441581248656
1291,0.5427,1,0,1,537479,138965,42006,84250,1.1006605626663288,0.37743879219586496
1292,0.5429,0,2,0,537481,138963,42006,84250,1.100644721835002,0.3774421740669226
1293,0.5433,19,88,19,537569,138875,42025,84231,1.0999477252566214,0.37753803124971985
1294,0.5436,0,1,0,537570,138874,42025,84231,1.099939804840958,0.37753972344860043
1295,0.544,1,9,1,537579,138865,42026,84230,1.0998685210999872,0.3775521638763755
1296,0.5442,0,1,0,537580,138864,42026,84230,1.099860600684324,0.3775538562220409
1297,0.5443,2,3,2,537583,138861,42028,84228,1.0998368394373337,0.3775533531460538
1298,0.5448,0,1,0,537584,138860,42028,84228,1.0998289190216703,0.37755504554256614
1299,0.545,45,176,45,537760,138684,42073,84183,1.0984349258649093,0.37772752359030276
1300,0.5457,1,2,1,537762,138682,42074,84182,1.0984190850335827,0.3777281211860148
1301,0.5458,1,1,1,537763,138681,42075,84181,1.098411164617919,0.37772702389819707
1302,0.546,4,12,4,537775,138669,42079,84177,1.0983161196299582,0.3777361945020328
1303,0.5467,21,90,21,537865,138579,42100,84156,1.0976032822202508,0.37783015691292343
1304,0.5468,1,0,1,537865,138579,42101,84155,1.0976032822202508,0.3778273635816714
1305,0.547,0,4,0,537869,138575,42101,84155,1.0975716005575973,0.37783414896960443
1306,0.5471,0,2,0,537871,138573,42101,84155,1.0975557597262704,0.3778375417549657
1307,0.5473,0,1,0,537872,138572,42101,84155,1.097547839310607,0.3778392381704957
1308,0.5475,5,26,5,537898,138546,42106,84150,1.0973419085033582,0.37786938247656
1309,0.548,1,11,1,537909,138535,42107,84149,1.0972547839310607,0.377885254441271
1310,0.5483,1,10,1,537919,138525,42108,84148,1.0971755797744265,0.377899431004208
1311,0.5488,0,2,0,537921,138523,42108,84148,1.0971597389430998,0.37790282524441887
1312,0.5489,1,1,1,537922,138522,42109,84147,1.0971518185274363,0.37790172857470056
1313,0.5493,1,2,1,537924,138520,42110,84146,1.0971359776961096,0.3779023290488894
1314,0.5497,0,1,0,537925,138519,42110,84146,1.097128057280446,0.3779040262277412
1315,0.55,2121,9014,2121,546939,129505,44231,82025,1.0257334304904322,0.3877700562567957
1316,0.5505,0,2,0,546941,129503,44231,82025,1.0257175896591053,0.38777372262773724
1317,0.5507,1,0,1,546941,129503,44232,82024,1.0257175896591053,0.3877708283103339
1318,0.5508,2,6,2,546947,129497,44234,82022,1.0256700671651249,0.38777603903195457
1319,0.551,0,2,0,546949,129495,44234,82022,1.025654226333798,0.38777970565013686
1320,0.5517,2,10,2,546959,129485,44236,82020,1.0255750221771638,0.38779225077421337
1321,0.552,0,3,0,546962,129482,44236,82020,1.0255512609301736,0.3877977513215005
1322,0.5521,0,1,0,546963,129481,44236,82020,1.0255433405145102,0.38779958487193916
1323,0.5525,9,37,9,547000,129444,44245,82011,1.0252502851349639,0.38784138469177837
1324,0.5527,0,1,0,547001,129443,44245,82011,1.0252423647193005,0.38784321885611056
1325,0.553,1,1,1,547002,129442,44246,82010,1.025234444303637,0.3878421580311371
1326,0.5532,1,0,1,547002,129442,44247,82009,1.025234444303637,0.387839262997101
1327,0.5533,14,69,14,547071,129373,44261,81995,1.0246879356228615,0.38792532455243933
1328,0.554,0,13,0,547084,129360,44261,81995,1.0245849702192371,0.3879491850204632
1329,0.5541,0,1,0,547085,129359,44261,81995,1.0245770498035738,0.3879510205626579
1330,0.5543,0,4,0,547089,129355,44261,81995,1.02454536814092,0.3879583629051337
1331,0.5548,1,0,1,547089,129355,44262,81994,1.02454536814092,0.387955467023738
1332,0.555,41,188,41,547277,129167,44303,81953,1.023056329996198,0.3881820765441455
1333,0.5556,1,0,1,547277,129167,44304,81952,1.023056329996198,0.38817917856753775
1334,0.5557,1,1,1,547278,129166,44305,81951,1.0230484095805348,0.38817811924193696
1335,0.556,3,11,3,547289,129155,44308,81948,1.0229612850082372,0.38818965149713647
1336,0.5564,1,0,1,547289,129155,44309,81947,1.0229612850082372,0.38818675332303815
1337,0.5567,16,91,16,547380,129064,44325,81931,1.0222405271828665,0.38830777980520864
1338,0.557,0,1,0,547381,129063,44325,81931,1.0222326067672032,0.38830962017877285
1339,0.5575,5,39,5,547420,129024,44330,81926,1.02192371055633,0.38836691159042425
1340,0.5578,0,1,0,547421,129023,44330,81926,1.0219157901406666,0.3883687526368933
1341,0.558,2,6,2,547427,129017,44332,81924,1.0218682676466861,0.3883740003128837
1342,0.5583,1,12,1,547439,129005,44333,81923,1.021773222658725,0.3883931957824471
1343,0.5586,0,2,0,547441,129003,44333,81923,1.0217573818273984,0.38839687852611815
1344,0.5588,1,0,1,547441,129003,44334,81922,1.0217573818273984,0.3883939789024535
1345,0.5589,0,1,0,547442,129002,44334,81922,1.0217494614117348,0.3883958202954619
1346,0.5592,1,0,1,547442,129002,44335,81921,1.0217494614117348,0.38839292063928543
1347,0.56,2216,8431,2216,555873,120571,46551,79705,0.9549724369534913,0.397975793405101
1348,0.5605,0,1,0,555874,120570,46551,79705,0.9549645165378279,0.3979777805517414
1349,0.5607,0,1,0,555875,120569,46551,79705,0.9549565961221644,0.397979767718226
1350,0.5608,0,1,0,555876,120568,46551,79705,0.9549486757065011,0.3979817549045553
1351,0.5609,0,1,0,555877,120567,46551,79705,0.9549407552908377,0.3979837421107294
1352,0.5613,0,1,0,555878,120566,46551,79705,0.9549328348751742,0.3979857293367487
1353,0.5615,0,1,0,555879,120565,46551,79705,0.9549249144595109,0.39798771658261345
1354,0.5617,3,9,3,555888,120556,46554,79702,0.9548536307185401,0.3979965844061161
1355,0.562,0,4,0,555892,120552,46554,79702,0.9548219490558865,0.3980045342415133
1356,0.5625,6,32,6,555924,120520,46560,79696,0.9545684957546572,0.3980501058856435
1357,0.5627,0,1,0,555925,120519,46560,79696,0.9545605753389937,0.39805209399895114
1358,0.5633,19,83,19,556008,120436,46579,79677,0.9539031808389304,0.3981600395776386
1359,0.5635,0,1,0,556009,120435,46579,79677,0.953895260423267,0.3981620292636124
1360,0.5638,1,0,1,556009,120435,46580,79676,0.953895260423267,0.39815902174293266
1361,0.564,0,11,0,556020,120424,46580,79676,0.9538081358509695,0.3981809095452274
1362,0.5642,1,4,1,556024,120420,46581,79675,0.9537764541883158,0.39818586171568504
1363,0.5643,0,3,0,556027,120417,46581,79675,0.9537526929413256,0.3981918317573916
1364,0.5645,0,1,0,556028,120416,46581,79675,0.9537447725256621,0.398193821811076
1365,0.5648,1,0,1,556028,120416,46582,79674,0.9537447725256621,0.3981908141336399
1366,0.565,47,178,47,556206,120238,46629,79627,0.9523349385375744,0.39840392264778723
1367,0.5652,0,1,0,556207,120237,46629,79627,0.952327018121911,0.39840591602289555
1368,0.566,4,8,4,556215,120229,46633,79623,0.9522636547966037,0.3984098232692192
1369,0.5661,0,1,0,556216,120228,46633,79623,0.9522557343809404,0.3984118168035186
1370,0.5667,14,77,14,556293,120151,46647,79609,0.9516458623748575,0.3985232278734481
1371,0.5668,0,2,0,556295,120149,46647,79609,0.9516300215435306,0.3985272179336998
1372,0.567,0,1,0,556296,120148,46647,79609,0.9516221011278672,0.39852921299378746
1373,0.5671,3,0,3,556296,120148,46650,79606,0.9516221011278672,0.39852017982118004
1374,0.5673,0,1,0,556297,120147,46650,79606,0.9516141807122038,0.3985221748859842
1375,0.5674,1,0,1,556297,120147,46651,79605,0.9516141807122038,0.3985191637630662
1376,0.5675,7,30,7,556327,120117,46658,79598,0.9513765682423013,0.3985579450717272
1377,0.5677,0,1,0,556328,120116,46658,79598,0.951368647826638,0.39855994071522277
1378,0.568,2,9,2,556337,120107,46660,79596,0.9512973640856672,0.3985718792406724
1379,0.5683,3,11,3,556348,120096,46663,79593,0.9512102395133697,0.3985847993630095
1380,0.5684,1,0,1,556348,120096,46664,79592,0.9512102395133697,0.39858178758863827
1381,0.5685,1,0,1,556348,120096,46665,79591,0.9512102395133697,0.3985787757841021
1382,0.5688,0,3,0,556351,120093,46665,79591,0.9511864782663794,0.39858476392700465
1383,0.5689,0,1,0,556352,120092,46665,79591,0.951178557850716,0.3985867600146232
1384,0.569,0,2,0,556354,120090,46665,79591,0.9511627170193891,0.3985907522498385
1385,0.5692,1,1,1,556355,120089,46666,79590,0.9511547966037258,0.39858973652712604
1386,0.57,2205,8154,2205,564509,111935,48871,77385,0.8865717272842478,0.4087523769279527
1387,0.5707,2,0,2,564509,111935,48873,77383,0.8865717272842478,0.40874613084862504
1388,0.5708,0,1,0,564510,111934,48873,77383,0.8865638068685845,0.4087482899052911
1389,0.5715,0,1,0,564511,111933,48873,77383,0.886555886452921,0.4087504489847662
1390,0.5717,1,2,1,564513,111931,48874,77382,0.8865400456215943,0.4087516441026237
1391,0.5718,0,1,0,564514,111930,48874,77382,0.8865321252059308,0.4087538032454361
1392,0.572,2,4,2,564518,111926,48876,77380,0.8865004435432772,0.4087561936758476
1393,0.5722,1,0,1,564518,111926,48877,77379,0.8865004435432772,0.40875307044187953
1394,0.5725,5,23,5,564541,111903,48882,77374,0.8863182739830187,0.4087871215203115
1395,0.5727,0,1,0,564542,111902,48882,77374,0.8863103535673552,0.408789281261227
1396,0.5729,0,2,0,564544,111900,48882,77374,0.8862945127360284,0.40879360081152194
1397,0.573,0,1,0,564545,111899,48882,77374,0.886286592320365,0.40879576062090206
1398,0.5733,20,69,20,564614,111830,48902,77354,0.8857400836395894,0.40888235791610283
1399,0.5738,0,2,0,564616,111828,48902,77354,0.8857242428082626,0.4088866805510038
1400,0.574,0,9,0,564625,111819,48902,77354,0.8856529590672918,0.4089061335391414
1401,0.5742,0,2,0,564627,111817,48902,77354,0.885637118235965,0.40891045667676335
1402,0.5745,1,3,1,564630,111814,48903,77353,0.8856133569889748,0.4089138168919526
1403,0.575,38,152,38,564782,111662,48941,77315,0.8844094538081358,0.4091238616339555
1404,0.5753,0,1,0,564783,111661,48941,77315,0.8844015333924724,0.4091260265853865
1405,0.5757,0,3,0,564786,111658,48941,77315,0.8843777721454822,0.4091325215771565
1406,0.576,3,16,3,564802,111642,48944,77312,0.8842510454948675,0.4091577844343068
1407,0.5762,1,0,1,564802,111642,48945,77311,0.8842510454948675,0.40915465750742247
1408,0.5767,23,78,23,564880,111564,48968,77288,0.8836332530731212,0.40925168915341115
1409,0.577,0,1,0,564881,111563,48968,77288,0.8836253326574579,0.4092538562146878
1410,0.5775,7,23,7,564904,111540,48975,77281,0.8834431630971994,0.40928180657871743
1411,0.578,1,9,1,564913,111531,48976,77280,0.8833718793562286,0.4092981870759649
1412,0.5783,4,8,4,564921,111523,48980,77276,0.8833085160309213,0.4093030153761408
1413,0.5786,0,1,0,564922,111522,48980,77276,0.8833005956152579,0.4093051833176199
1414,0.5787,1,0,1,564922,111522,48981,77275,0.8833005956152579,0.4093020545877318
1415,0.5788,0,1,0,564923,111521,48981,77275,0.8832926751995944,0.40930422254708787
1416,0.579,0,2,0,564925,111519,48981,77275,0.8832768343682676,0.4093085585346992
1417,0.5792,0,4,0,564929,111515,48981,77275,0.883245152705614,0.4093172307855289
1418,0.58,2163,7728,2163,572657,103787,51144,75112,0.8220361804587505,0.41985701429298095
1419,0.5802,0,1,0,572658,103786,51144,75112,0.822028260043087,0.419859361200237
1420,0.581,0,1,0,572659,103785,51144,75112,0.8220203396274236,0.4198617081337306
1421,0.5813,0,3,0,572662,103782,51144,75112,0.8219965783804334,0.41986874909164085
1422,0.5817,2,6,2,572668,103776,51146,75110,0.821949055886453,0.4198763458291873
1423,0.582,1,6,1,572674,103770,51147,75109,0.8219015333924724,0.41988718631029914
1424,0.5825,5,23,5,572697,103747,51152,75104,0.8217193638322139,0.41992496547405384
1425,0.5827,0,1,0,572698,103746,51152,75104,0.8217114434165504,0.4199273133911099
1426,0.5829,1,2,1,572700,103744,51153,75103,0.8216956025852237,0.41992876592841927
1427,0.5832,0,1,0,572701,103743,51153,75103,0.8216876821695602,0.41993111391923776
1428,0.5833,14,79,14,572780,103664,51167,75089,0.8210619693321506,0.4200712715311072
1429,0.5838,0,1,0,572781,103663,51167,75089,0.8210540489164871,0.4200736215538847
1430,0.584,5,9,5,572790,103654,51172,75084,0.8209827651755164,0.42007855072788103
1431,0.5842,0,1,0,572791,103653,51172,75084,0.820974844759853,0.42008090098860335
1432,0.5843,0,1,0,572792,103652,51172,75084,0.8209669243441896,0.4200832512756244
1433,0.5844,0,1,0,572793,103651,51172,75084,0.8209590039285262,0.42008560158894453
1434,0.5848,0,1,0,572794,103650,51172,75084,0.8209510835128627,0.42008795192856424
1435,0.585,49,166,49,572960,103484,51221,75035,0.819636294512736,0.4203194057775363
1436,0.5853,0,1,0,572961,103483,51221,75035,0.8196283740970726,0.420321760270673
1437,0.5855,0,3,0,572964,103480,51221,75035,0.8196046128500823,0.420328823908355
1438,0.5857,1,3,1,572967,103477,51222,75034,0.8195808516030921,0.4203326405655674
1439,0.5858,1,0,1,572967,103477,51223,75033,0.8195808516030921,0.4203293933112991
1440,0.586,3,12,3,572979,103465,51226,75030,0.8194858066151312,0.42034790890501134
1441,0.5863,1,0,1,572979,103465,51227,75029,0.8194858066151312,0.42034466144520266
1442,0.5867,16,49,16,573028,103416,51243,75013,0.8190977062476239,0.4204081175145296
1443,0.5871,1,1,1,573029,103415,51244,75012,0.8190897858319605,0.4204072253638743
1444,0.5873,0,2,0,573031,103413,51244,75012,0.8190739450006337,0.42041193778898694
1445,0.5875,6,22,6,573053,103391,51250,75006,0.8188996958560385,0.42044428998245487
1446,0.5877,1,0,1,573053,103391,51251,75005,0.8188996958560385,0.42044104127895243
1447,0.5878,1,0,1,573053,103391,51252,75004,0.8188996958560385,0.4204377925390286
1448,0.588,3,7,3,573060,103384,51255,75001,0.8188442529463946,0.42044454410404464
1449,0.5883,1,10,1,573070,103374,51256,75000,0.8187650487897605,0.42046486595580074
1450,0.5885,0,1,0,573071,103373,51256,75000,0.8187571283740971,0.42046722317839585
1451,0.5886,0,1,0,573072,103372,51256,75000,0.8187492079584336,0.42046958042742133
1452,0.5887,0,1,0,573073,103371,51256,75000,0.8187412875427702,0.4204719377028777
1453,0.589,1,2,1,573075,103369,51257,74999,0.8187254467114434,0.42047340330104055
1454,0.5893,0,3,0,573078,103366,51257,74999,0.8187016854644532,0.4204804754295966
1455,0.5895,0,1,0,573079,103365,51257,74999,0.8186937650487898,0.4204828328586486
1456,0.59,2250,7205,2250,580284,96160,53507,72749,0.7616271701938918,0.43069937066704556
1457,0.5907,1,0,1,580284,96160,53508,72748,0.7616271701938918,0.43069600018945225
1458,0.5908,2,0,2,580284,96160,53510,72746,0.7616271701938918,0.4306892591145371
1459,0.591,0,2,0,580286,96158,53510,72746,0.7616113293625649,0.43069435892578034
1460,0.5913,0,1,0,580287,96157,53510,72746,0.7616034089469015,0.43069690887669254
1461,0.5917,1,6,1,580293,96151,53511,72745,0.761555886452921,0.4307088385752179
1462,0.592,1,9,1,580302,96142,53512,72744,0.7614846027119503,0.4307284203545587
1463,0.5925,14,24,14,580326,96118,53526,72730,0.7612945127360284,0.4307424429072302
1464,0.5927,0,1,0,580327,96117,53526,72730,0.761286592320365,0.4307449939886406
1465,0.5929,0,2,0,580329,96115,53526,72730,0.7612707514890381,0.4307500962421156
1466,0.5932,1,0,1,580329,96115,53527,72729,0.7612707514890381,0.4307467247873777
1467,0.5933,22,65,22,580394,96050,53549,72707,0.7607559244709162,0.43083842448016973
1468,0.5935,1,1,1,580395,96049,53550,72706,0.7607480040552528,0.4308376048117093
1469,0.5936,0,1,0,580396,96048,53550,72706,0.7607400836395894,0.43084015786292473
1470,0.594,4,15,4,580411,96033,53554,72702,0.7606212774046381,0.43086496577473554
1471,0.5942,1,2,1,580413,96031,53555,72701,0.7606054365733114,0.430866699855392
1472,0.5943,1,1,1,580414,96030,53556,72700,0.7605975161576479,0.43086588040064006
1473,0.5945,0,1,0,580415,96029,53556,72700,0.7605895957419846,0.4308684339977123
1474,0.5947,0,1,0,580416,96028,53556,72700,0.7605816753263211,0.4308709876250533
1475,0.595,36,146,36,580562,95882,53592,72664,0.7594252946394627,0.4311226608759626
1476,0.5952,0,2,0,580564,95880,53592,72664,0.7594094538081358,0.43112777672299224
1477,0.5955,0,1,0,580565,95879,53592,72664,0.7594015333924724,0.43113033469203704
1478,0.5957,1,2,1,580567,95877,53593,72663,0.7593856925611456,0.43113207547169813
1479,0.5958,1,0,1,580567,95877,53594,72662,0.7593856925611456,0.4311287001821537
1480,0.596,4,9,4,580576,95868,53598,72658,0.7593144088201749,0.4311382219954191
1481,0.5962,0,1,0,580577,95867,53598,72658,0.7593064884045114,0.4311407802996588
1482,0.5963,0,1,0,580578,95866,53598,72658,0.7592985679888481,0.4311433386342598
1483,0.5965,0,1,0,580579,95865,53598,72658,0.7592906475731847,0.4311458969992227
1484,0.5967,21,79,21,580658,95786,53619,72637,0.7586649347357749,0.4312772008573651
1485,0.597,0,1,0,580659,95785,53619,72637,0.7586570143201116,0.4312797615513413
1486,0.5971,1,2,1,580661,95783,53620,72636,0.7586411734887847,0.4312815062433573
1487,0.5975,4,14,4,580675,95769,53624,72632,0.7585302876694969,0.4313038521148924
1488,0.598,1,11,1,580686,95758,53625,72631,0.7584431630971994,0.4313286497336524
1489,0.5983,0,7,0,580693,95751,53625,72631,0.7583877201875554,0.4313465809884667
1490,0.5986,0,1,0,580694,95750,53625,72631,0.7583797997718921,0.4313491427180026
1491,0.5992,0,2,0,580696,95748,53625,72631,0.7583639589405652,0.4313542662683589
1492,0.5993,2,2,2,580698,95746,53627,72629,0.7583481181092384,0.4313526354862658
1493,0.5999,0,1,0,580699,95745,53627,72629,0.758340197693575,0.43135519735826194
1494,0.6,2134,6955,2134,587654,88790,55761,70495,0.7032537067545305,0.44257149135197915
1495,0.6008,0,2,0,587656,88788,55761,70495,0.7032378659232037,0.44257704839813417
1496,0.6013,1,1,1,587657,88787,55762,70494,0.7032299455075403,0.442576327371124
1497,0.6015,1,0,1,587657,88787,55763,70493,0.7032299455075403,0.4425728277247614
1498,0.6017,3,7,3,587664,88780,55766,70490,0.7031745025978964,0.4425817793683682
1499,0.602,3,6,3,587670,88774,55769,70487,0.7031269801039158,0.44258795310841953
1500,0.6025,3,11,3,587681,88763,55772,70484,0.7030398555316183,0.44260802401301125
1501,0.6027,0,2,0,587683,88761,55772,70484,0.7030240147002915,0.44261358284404534
1502,0.6032,0,1,0,587684,88760,55772,70484,0.7030160942846281,0.44261636231192386
1503,0.6033,26,59,26,587743,88701,55798,70458,0.7025487897604866,0.4426893860856125
1504,0.6037,0,1,0,587744,88700,55798,70458,0.7025408693448232,0.4426921675316352
1505,0.604,5,10,5,587754,88690,55803,70453,0.7024616651881891,0.44270247513242805
1506,0.6042,1,1,1,587755,88689,55804,70452,0.7024537447725256,0.44270175504741077
1507,0.6043,0,4,0,587759,88685,55804,70452,0.702422063109872,0.44271288261058084
1508,0.6047,0,1,0,587760,88684,55804,70452,0.7024141426942085,0.4427156645887794
1509,0.6048,0,1,0,587761,88683,55804,70452,0.7024062222785452,0.44271844660194176
1510,0.605,41,125,41,587886,88558,55845,70411,0.7014161703206184,0.44292283401166266
1511,0.6055,1,0,1,587886,88558,55846,70410,0.7014161703206184,0.44291932967641284
1512,0.6057,0,1,0,587887,88557,55846,70410,0.701408249904955,0.4429221159108494
1513,0.6058,0,2,0,587889,88555,55846,70410,0.7013924090736282,0.4429276884848866
1514,0.606,4,14,4,587903,88541,55850,70406,0.7012815232543403,0.44295268234065444
1515,0.6065,0,1,0,587904,88540,55850,70406,0.701273602838677,0.4429554691530457
1516,0.6067,23,72,23,587976,88468,55873,70383,0.7007033329109111,0.44307558655595497
1517,0.607,0,1,0,587977,88467,55873,70383,0.7006954124952478,0.4430783758262512
1518,0.6071,0,1,0,587978,88466,55873,70383,0.7006874920795844,0.4430811651316659
1519,0.6075,8,27,8,588005,88439,55881,70375,0.7004736408566722,0.44312843955822534
1520,0.608,0,5,0,588010,88434,55881,70375,0.7004340387783551,0.4431423911743037
1521,0.6083,1,9,1,588019,88425,55882,70374,0.7003627550373843,0.44316399977329834
1522,0.609,0,1,0,588020,88424,55882,70374,0.700354834621721,0.4431667905137344
1523,0.6092,0,2,0,588022,88422,55882,70374,0.7003389937903941,0.4431723721000529
1524,0.6093,0,2,0,588024,88420,55882,70374,0.7003231529590673,0.4431779538269708
1525,0.6097,0,2,0,588026,88418,55882,70374,0.7003073121277404,0.4431835356944934
1526,0.61,2136,6626,2136,594652,81792,58018,68238,0.6478266379419592,0.45482903419316134
1527,0.6103,1,0,1,594652,81792,58019,68237,0.6478266379419592,0.45482540042258496
1528,0.6108,0,1,0,594653,81791,58019,68237,0.6478187175262958,0.4548284320260218
1529,0.6114,1,0,1,594653,81791,58020,68236,0.6478187175262958,0.45482479820299015
1530,0.6117,3,7,3,594660,81784,58023,68233,0.6477632746166518,0.45483511868654886
1531,0.612,1,4,1,594664,81780,58024,68232,0.6477315929539982,0.45484361251099914
1532,0.6125,7,20,7,594684,81760,58031,68225,0.64757318464073,0.45487882121545486
1533,0.6127,2,2,2,594686,81758,58033,68223,0.6475573438094031,0.45487761783159203
1534,0.6129,0,1,0,594687,81757,58033,68223,0.6475494233937397,0.4548806507534338
1535,0.6133,21,63,21,594750,81694,58054,68202,0.6470504372069447,0.4549954635213748
1536,0.6135,1,0,1,594750,81694,58055,68201,0.6470504372069447,0.4549918276126622
1537,0.614,3,11,3,594761,81683,58058,68198,0.646963312634647,0.45501431135367393
1538,0.6142,0,2,0,594763,81681,58058,68198,0.6469474718033202,0.4550203831090413
1539,0.6143,0,3,0,594766,81678,58058,68198,0.64692371055633,0.4550294910459313
1540,0.6144,0,1,0,594767,81677,58058,68198,0.6469157901406666,0.4550325271059216
1541,0.6145,1,1,1,594768,81676,58059,68197,0.6469078697250031,0.4550319270315534
1542,0.6147,1,1,1,594769,81675,58060,68196,0.6468999493093398,0.4550313269411694
1543,0.615,48,127,48,594896,81548,58108,68148,0.6458940565200861,0.45524262505344165
1544,0.6155,1,0,1,594896,81548,58109,68147,0.6458940565200861,0.4552389859380741
1545,0.6157,1,0,1,594896,81548,58110,68146,0.6458940565200861,0.4552353467740858
1546,0.616,4,10,4,594906,81538,58114,68142,0.645814852363452,0.455251202565473
1547,0.6161,0,1,0,594907,81537,58114,68142,0.6458069319477886,0.4552542440823362
1548,0.6167,16,65,16,594972,81472,58130,68126,0.6452921049296667,0.4553937886870145
1549,0.6168,1,1,1,594973,81471,58131,68125,0.6452841845140033,0.45539319233134573
1550,0.6175,12,25,12,594998,81446,58143,68113,0.645086174122418,0.45542561798353826
1551,0.6177,0,1,0,594999,81445,58143,68113,0.6450782537067545,0.4554286631273486
1552,0.618,4,6,4,595005,81439,58147,68109,0.6450307312127741,0.4554323695402145
1553,0.6182,0,1,0,595006,81438,58147,68109,0.6450228107971107,0.45543541495315853
1554,0.6183,0,7,0,595013,81431,58147,68109,0.6449673678874668,0.45545673398421826
1555,0.6186,1,0,1,595013,81431,58148,68108,0.6449673678874668,0.45545309250429655
1556,0.6187,1,0,1,595013,81431,58149,68107,0.6449673678874668,0.45544945097567174
1557,0.6192,0,1,0,595014,81430,58149,68107,0.6449594474718033,0.45545249670650073
1558,0.6198,1,0,1,595014,81430,58150,68106,0.6449594474718033,0.45544885512518724
1559,0.62,2197,6190,2197,601204,75240,60347,65909,0.5959320745152705,0.4669462766296609
1560,0.6207,1,4,1,601208,75236,60348,65908,0.5959003928526169,0.46695573315195826
1561,0.6208,0,2,0,601210,75234,60348,65908,0.5958845520212901,0.4669623499737853
1562,0.6212,2,0,2,601210,75234,60350,65906,0.5958845520212901,0.46695479665580275
1563,0.6214,0,1,0,601211,75233,60350,65906,0.5958766316056266,0.46695810513040337
1564,0.6215,1,0,1,601211,75233,60351,65905,0.5958766316056266,0.46695432838781903
1565,0.6217,3,6,3,601217,75227,60354,65902,0.5958291091116462,0.46696284959150847
1566,0.622,2,4,2,601221,75223,60356,65900,0.5957974274489926,0.46696853099778207
1567,0.6225,2,14,2,601235,75209,60358,65898,0.5956865416297047,0.4670073065120795
1568,0.6227,1,1,1,601236,75208,60359,65897,0.5956786212140414,0.4670068388788491
1569,0.623,1,0,1,601236,75208,60360,65896,0.5956786212140414,0.46700306157160676
1570,0.6233,17,65,17,601301,75143,60377,65879,0.5951637941959194,0.4671540610684858
1571,0.6238,1,1,1,601302,75142,60378,65878,0.595155873780256,0.4671535952347185
1572,0.624,3,10,3,601312,75132,60381,65875,0.5950766696236218,0.46717538845589224
1573,0.6242,0,2,0,601314,75130,60381,65875,0.595060828792295,0.4671820148221694
1574,0.6243,0,1,0,601315,75129,60381,65875,0.5950529083766316,0.46718532807579927
1575,0.625,52,102,52,601417,75027,60433,65823,0.5942450259789633,0.4673269435569755
1576,0.6253,0,1,0,601418,75026,60433,65823,0.5942371055633,0.46733026148570456
1577,0.6254,0,1,0,601419,75025,60433,65823,0.5942291851476366,0.4673335794615472
1578,0.6257,1,2,1,601421,75023,60434,65822,0.5942133443163097,0.4673364336682168
1579,0.626,2,8,2,601429,75015,60436,65820,0.5941499809910024,0.4673554159122377
1580,0.6265,1,1,1,601430,75014,60437,65819,0.594142060575339,0.46735495231941376
1581,0.6267,16,40,16,601470,74974,60453,65803,0.5938252439488024,0.4674272075694183
1582,0.627,0,1,0,601471,74973,60453,65803,0.593817323533139,0.4674305279308973
1583,0.6271,0,1,0,601472,74972,60453,65803,0.5938094031174757,0.46743384833954893
1584,0.6273,0,1,0,601473,74971,60453,65803,0.5938014827018122,0.46743716879537417
1585,0.6275,5,17,5,601490,74954,60458,65798,0.5936668356355341,0.467474707286575
1586,0.628,4,6,4,601496,74948,60462,65794,0.5936193131415537,0.4674795014991971
1587,0.6283,3,13,3,601509,74935,60465,65791,0.5935163477379293,0.46751133408183276
1588,0.6286,0,1,0,601510,74934,60465,65791,0.5935084273222658,0.4675146562444484
1589,0.6287,0,1,0,601511,74933,60465,65791,0.5935005069066025,0.4675179784542793
1590,0.6292,3,1,3,601512,74932,60468,65788,0.5934925864909391,0.4675099488345651
1591,0.6293,1,1,1,601513,74931,60469,65787,0.5934846660752756,0.46750948705922485
1592,0.6295,1,0,1,601513,74931,60470,65786,0.5934846660752756,0.4675057029356794
1593,0.63,2268,5708,2268,607221,69223,62738,63518,0.5482749334685084,0.4785107841586247
1594,0.6305,1,0,1,607221,69223,62739,63517,0.5482749334685084,0.47850685550700617
1595,0.6307,1,0,1,607221,69223,62740,63516,0.5482749334685084,0.47850292679619405
1596,0.631,1,0,1,607221,69223,62741,63515,0.5482749334685084,0.47849899802618695
1597,0.6317,3,6,3,607227,69217,62744,63512,0.548227410974528,0.47850884132329785
1598,0.632,1,6,1,607233,69211,62745,63511,0.5481798884805474,0.47852654420518076
1599,0.6321,2,0,2,607233,69211,62747,63509,0.5481798884805474,0.4785186859553948
1600,0.6323,2,0,2,607233,69211,62749,63507,0.5481798884805474,0.4785108274687684
1601,0.6325,3,28,3,607261,69183,62752,63504,0.5479581168419718,0.47860001356576004
1602,0.6327,0,1,0,607262,69182,62752,63504,0.5479501964263085,0.47860362057790573
1603,0.6328,0,1,0,607263,69181,62752,63504,0.547942276010645,0.478607227644421
1604,0.6333,12,53,12,607316,69128,62764,63492,0.5475224939804841,0.4787513195596441
1605,0.6335,0,1,0,607317,69127,62764,63492,0.5475145735648207,0.47875492953498366
1606,0.6338,0,1,0,607318,69126,62764,63492,0.5475066531491573,0.47875853956476494
1607,0.634,3,7,3,607325,69119,62767,63489,0.5474512102395134,0.4787720197876448
1608,0.6342,1,2,1,607327,69117,62768,63488,0.5474353694081865,0.47877531013159386
1609,0.635,41,113,41,607440,69004,62809,63447,0.5465403624382208,0.47902243093672375
1610,0.6352,0,1,0,607441,69003,62809,63447,0.5465324420225574,0.4790260475651189
1611,0.6353,0,1,0,607442,69002,62809,63447,0.5465245216068939,0.4790296642481257
1612,0.6357,2,0,2,607442,69002,62811,63445,0.5465245216068939,0.47902179739820455
1613,0.636,3,12,3,607454,68990,62814,63442,0.5464294766189329,0.4790534009906971
1614,0.6365,0,1,0,607455,68989,62814,63442,0.5464215562032696,0.47905701837183134
1615,0.6367,17,53,17,607508,68936,62831,63425,0.5460017741731086,0.47918193425555866
1616,0.6368,0,1,0,607509,68935,62831,63425,0.5459938537574451,0.4791855545482019
1617,0.637,1,1,1,607510,68934,62832,63424,0.5459859333417818,0.47918524003082547
1618,0.6371,0,1,0,607511,68933,62832,63424,0.5459780129261184,0.47918886043050235
1619,0.6372,0,1,0,607512,68932,62832,63424,0.5459700925104549,0.4791924808848862
1620,0.6375,6,22,6,607534,68910,62838,63418,0.5457958433658598,0.47924853394595246
1621,0.6377,1,0,1,607534,68910,62839,63417,0.5457958433658598,0.47924459860799384
1622,0.638,2,6,2,607540,68904,62841,63415,0.5457483208718794,0.47925845872474854
1623,0.6383,2,6,2,607546,68898,62843,63413,0.5457007983778989,0.47927232051756846
1624,0.6385,1,0,1,607546,68898,62844,63412,0.5457007983778989,0.47926838485375256
1625,0.6388,0,2,0,607548,68896,62844,63412,0.5456849575465721,0.4792756295915591
1626,0.639,1,1,1,607549,68895,62845,63411,0.5456770371309086,0.4792753163121854
1627,0.6392,0,2,0,607551,68893,62845,63411,0.5456611962995818,0.47928256137380576
1628,0.6393,0,1,0,607552,68892,62845,63411,0.5456532758839184,0.47928618398675765
1629,0.6397,0,1,0,607553,68891,62845,63411,0.545645355468255,0.47928980665447235
1630,0.64,2143,5257,2143,612810,63634,64988,61268,0.5040077303256875,0.49052857440233144
1631,0.6405,1,1,1,612811,63633,64989,61267,0.5039998099100241,0.49052842273819053
1632,0.6407,0,1,0,612812,63632,64989,61267,0.5039918894943607,0.4905323501389122
1633,0.6408,2,2,2,612814,63630,64991,61265,0.5039760486630338,0.4905320469194123
1634,0.641,0,1,0,612815,63629,64991,61265,0.5039681282473705,0.4905359745063814
1635,0.6415,0,1,0,612816,63628,64991,61265,0.503960207831707,0.49053990215624577
1636,0.6417,4,6,4,612822,63622,64995,61261,0.5039126853377265,0.4905471521343978
1637,0.6418,0,1,0,612823,63621,64995,61261,0.5039047649220632,0.49055108021972743
1638,0.642,2,5,2,612828,63616,64997,61259,0.503865162843746,0.4905625625625626
1639,0.6422,0,1,0,612829,63615,64997,61259,0.5038572424280826,0.49056649102295113
1640,0.6425,5,16,5,612845,63599,65002,61254,0.503730515777468,0.49060895613241173
1641,0.6427,0,1,0,612846,63598,65002,61254,0.5037225953618046,0.4906128856566174
1642,0.6429,0,1,0,612847,63597,65002,61254,0.5037146749461412,0.4906168152437706
1643,0.643,0,1,0,612848,63596,65002,61254,0.5037067545304778,0.49062074489387264
1644,0.6433,27,47,27,612895,63549,65029,61227,0.5033344949942973,0.49069532602423543
1645,0.6435,0,1,0,612896,63548,65029,61227,0.5033265745786338,0.4906992586655981
1646,0.644,3,13,3,612909,63535,65032,61224,0.5032236091750095,0.4907381431399739
1647,0.6442,2,0,2,612909,63535,65034,61222,0.5032236091750095,0.4907299790793302
1648,0.6443,0,1,0,612910,63534,65034,61222,0.5032156887593461,0.49073391259739013
1649,0.6444,2,0,2,612910,63534,65036,61220,0.5032156887593461,0.49072574827260046
1650,0.645,46,112,46,613022,63422,65082,61174,0.5023286022050437,0.4909788436225882
1651,0.6453,0,1,0,613023,63421,65082,61174,0.5023206817893803,0.49098278422087566
1652,0.6457,4,1,4,613024,63420,65086,61170,0.5023127613737169,0.49097038285576694
1653,0.646,3,6,3,613030,63414,65089,61167,0.5022652388797364,0.49098177089604356
1654,0.6462,1,3,1,613033,63411,65090,61166,0.5022414776327462,0.490989508496753
1655,0.6465,0,1,0,613034,63410,65090,61166,0.5022335572170827,0.4909934497816594
1656,0.6467,20,53,20,613087,63357,65110,61146,0.5018137751869218,0.4911206958868461
1657,0.6468,0,1,0,613088,63356,65110,61146,0.5018058547712584,0.491124640568023
1658,0.647,0,2,0,613090,63354,65110,61146,0.5017900139399316,0.4911325301204819
1659,0.6473,0,2,0,613092,63352,65110,61146,0.5017741731086047,0.49114041992642454
1660,0.6475,6,16,6,613108,63336,65116,61140,0.5016474464579901,0.4911790224621614
1661,0.648,0,7,0,613115,63329,65116,61140,0.5015920035483462,0.4912066458314922
1662,0.6483,1,8,1,613123,63321,65117,61139,0.5015286402230389,0.4912341314478547
1663,0.6485,1,0,1,613123,63321,65118,61138,0.5015286402230389,0.49123004362882555
1664,0.6487,0,2,0,613125,63319,65118,61138,0.5015127993917121,0.4912379376009385
1665,0.649,1,1,1,613126,63318,65119,61137,0.5015048789760487,0.4912377967940219
1666,0.6491,0,1,0,613127,63317,65119,61137,0.5014969585603852,0.49124174393751907
1667,0.6492,0,3,0,613130,63314,65119,61137,0.501473197313395,0.4912535857486079
1668,0.6498,0,1,0,613131,63313,65119,61137,0.5014652768977316,0.4912575331458417
1669,0.65,2284,4991,2284,618122,58322,67403,58853,0.46193448232163226,0.5022658416897803
1670,0.6503,0,1,0,618123,58321,67403,58853,0.4619265619059688,0.5022701281854336
1671,0.6507,1,0,1,618123,58321,67404,58852,0.4619265619059688,0.5022658803649305
1672,0.6508,1,1,1,618124,58320,67405,58851,0.4619186414903054,0.502265919041401
1673,0.651,1,0,1,618124,58320,67406,58850,0.4619186414903054,0.502261671076214
1674,0.6515,0,1,0,618125,58319,67406,58850,0.461910721074642,0.5022659577191919
1675,0.6517,4,5,4,618130,58314,67410,58846,0.46187111899632494,0.5022703994537385
1676,0.6518,0,1,0,618131,58313,67410,58846,0.4618631985806615,0.5022746865370992
1677,0.652,1,5,1,618136,58308,67411,58845,0.46182359650234445,0.5022918747279199
1678,0.6523,0,2,0,618138,58306,67411,58845,0.4618077556710176,0.5023004498467789
1679,0.6525,4,13,4,618151,58293,67415,58841,0.46170479026739325,0.5023392012566804
1680,0.6526,0,2,0,618153,58291,67415,58841,0.4616889494360664,0.5023477785745996
1681,0.6533,24,44,24,618197,58247,67439,58817,0.46134045114687616,0.5024345657076471
1682,0.6538,0,3,0,618200,58244,67439,58817,0.46131668989988595,0.5024474419319842
1683,0.654,2,6,2,618206,58238,67441,58815,0.46126916740590546,0.5024646954798254
1684,0.6542,0,1,0,618207,58237,67441,58815,0.46126124699024207,0.5024689881420223
1685,0.6543,0,1,0,618208,58236,67441,58815,0.4612533265745786,0.5024732808775662
1686,0.6545,0,1,0,618209,58235,67441,58815,0.46124540615891524,0.5024775736864587
1687,0.6548,0,1,0,618210,58234,67441,58815,0.4612374857432518,0.502481866568702
1688,0.655,34,109,34,618319,58125,67475,58781,0.4603741604359397,0.5028056729338101
1689,0.6552,0,1,0,618320,58124,67475,58781,0.46036624002027626,0.5028099739104401
1690,0.6557,1,3,1,618323,58121,67476,58780,0.46034247877328605,0.5028186243060367
1691,0.656,2,5,2,618328,58116,67478,58778,0.46030287669496894,0.5028316252331172
1692,0.6563,0,1,0,618329,58115,67478,58778,0.46029495627930556,0.5028359268732944
1693,0.6567,26,45,26,618374,58070,67504,58752,0.4599385375744519,0.5029189707418124
1694,0.657,0,1,0,618375,58069,67504,58752,0.45993061715878847,0.5029232757808956
1695,0.6571,2,1,2,618376,58068,67506,58750,0.4599226967431251,0.5029190706911606
1696,0.6575,2,20,2,618396,58048,67508,58748,0.4597642884298568,0.5029966779684236
1697,0.6576,0,1,0,618397,58047,67508,58748,0.4597563680141934,0.5030009846311914
1698,0.658,1,7,1,618404,58040,67509,58747,0.45970092510454946,0.5030268779915573
1699,0.6583,4,0,4,618404,58040,67513,58743,0.45970092510454946,0.5030098558865588
1700,0.6586,0,2,0,618406,58038,67513,58743,0.45968508427322263,0.5030184704703676
1701,0.6587,1,0,1,618406,58038,67514,58742,0.45968508427322263,0.5030142147628018
1702,0.659,0,2,0,618408,58036,67514,58742,0.45966924344189586,0.5030228296425696
1703,0.6592,0,2,0,618410,58034,67514,58742,0.45965340261056903,0.5030314448174282
1704,0.6593,1,0,1,618410,58034,67515,58741,0.45965340261056903,0.5030271890387498
1705,0.66,2197,4577,2197,622987,53457,69712,56544,0.42340166011912306,0.5140316906209944
1706,0.6605,0,1,0,622988,53456,69712,56544,0.4233937397034596,0.5140363636363636
1707,0.6607,0,2,0,622990,53454,69712,56544,0.4233778988721328,0.5140457099219986
1708,0.6608,1,0,1,622990,53454,69713,56543,0.4233778988721328,0.5140412920352373
1709,0.661,1,0,1,622990,53454,69714,56542,0.4233778988721328,0.5140368740681479
1710,0.6613,0,2,0,622992,53452,69714,56542,0.42336205804080596,0.5140462207029475
1711,0.6617,2,6,2,622998,53446,69716,56540,0.4233145355468255,0.5140654265088284
1712,0.662,0,6,0,623004,53440,69716,56540,0.42326701305284503,0.5140934715402801
1713,0.6622,0,1,0,623005,53439,69716,56540,0.4232590926371816,0.5140981460096927
1714,0.6625,8,15,8,623020,53424,69724,56532,0.4231402864022304,0.5141329258976318
1715,0.6633,18,31,18,623051,53393,69742,56514,0.42289475351666456,0.5141983677108828
1716,0.6638,0,2,0,623053,53391,69742,56514,0.4228789126853377,0.5142077248532824
1717,0.664,5,6,5,623059,53385,69747,56509,0.42283139019135724,0.5142136968351321
1718,0.6642,2,2,2,623061,53383,69749,56507,0.4228155493600304,0.5142142142142142
1719,0.6643,0,3,0,623064,53380,69749,56507,0.4227917881130402,0.5142282526595503
1720,0.6645,0,1,0,623065,53379,69749,56507,0.42278386769737675,0.5142329323116684
1721,0.6647,1,1,1,623066,53378,69750,56506,0.42277594728171336,0.5142331913654399
1722,0.665,47,85,47,623151,53293,69797,56459,0.4221027119503232,0.5144234273635104
1723,0.6655,0,2,0,623153,53291,69797,56459,0.42208687111899634,0.5144328018223234
1724,0.6657,0,2,0,623155,53289,69797,56459,0.4220710302876695,0.5144421766228087
1725,0.6658,1,0,1,623155,53289,69798,56458,0.4220710302876695,0.5144377522848005
1726,0.666,4,6,4,623161,53283,69802,56454,0.422023507793689,0.5144481806500998
1727,0.6662,0,1,0,623162,53282,69802,56454,0.4220155873780256,0.5144528687030692
1728,0.6667,22,39,22,623201,53243,69824,56432,0.4217066911671524,0.5145384089354912
1729,0.667,0,1,0,623202,53242,69824,56432,0.42169877075148904,0.5145431004613673
1730,0.6671,0,1,0,623203,53241,69824,56432,0.42169085033582565,0.5145477920727982
1731,0.6675,14,16,14,623219,53225,69838,56418,0.421564123685211,0.5145608930802696
1732,0.6676,1,0,1,623219,53225,69839,56417,0.421564123685211,0.5145564655880046
1733,0.6677,1,2,1,623221,53223,69840,56416,0.4215482828538842,0.5145614243106924
1734,0.6679,0,1,0,623222,53222,69840,56416,0.42154036243822074,0.514566117586968
1735,0.668,6,2,6,623224,53220,69846,56410,0.4215245216068939,0.5145489373346712
1736,0.6681,0,1,0,623225,53219,69846,56410,0.4215166011912305,0.5145536308823395
1737,0.6683,0,8,0,623233,53211,69846,56410,0.4214532378659232,0.5145911823464482
1738,0.6685,0,1,0,623234,53210,69846,56410,0.4214453174502598,0.5145958766648422
1739,0.6687,1,1,1,623235,53209,69847,56409,0.4214373970345964,0.5145961429692204
1740,0.6688,1,1,1,623236,53208,69848,56408,0.421429476618933,0.5145964092833163
1741,0.6692,1,1,1,623237,53207,69849,56407,0.42142155620326954,0.5145966756071305
1742,0.67,2265,4368,2265,627605,48839,72114,54142,0.3868251805854771,0.5257474679795302
1743,0.6703,0,1,0,627606,48838,72114,54142,0.3868172601698137,0.5257525733152069
1744,0.6708,1,1,1,627607,48837,72115,54141,0.38680933975415027,0.5257530734720037
1745,0.671,1,0,1,627607,48837,72116,54140,0.38680933975415027,0.5257484681045282
1746,0.6711,1,0,1,627607,48837,72117,54139,0.38680933975415027,0.5257438626476072
1747,0.6712,1,1,1,627608,48836,72118,54138,0.3868014193384869,0.5257443626546507
1748,0.6713,1,0,1,627608,48836,72119,54137,0.3868014193384869,0.5257397570236858
1749,0.6714,0,1,0,627609,48835,72119,54137,0.38679349892282344,0.5257448626811172
1750,0.6715,0,2,0,627611,48833,72119,54137,0.38677765809149667,0.5257550742934836
1751,0.6717,6,6,6,627617,48827,72125,54131,0.3867301355975162,0.5257580761087045
1752,0.6719,0,1,0,627618,48826,72125,54131,0.38672221518185274,0.5257631826879182
1753,0.672,2,2,2,627620,48824,72127,54129,0.3867063743505259,0.52576418365662
1754,0.6725,9,15,9,627635,48809,72136,54120,0.3865875681155747,0.5257993374073391
1755,0.6727,2,0,2,627635,48809,72138,54118,0.3865875681155747,0.5257901230969522
1756,0.6728,1,0,1,627635,48809,72139,54117,0.3865875681155747,0.5257855158074733
1757,0.6729,1,0,1,627635,48809,72140,54116,0.3865875681155747,0.5257809084284674
1758,0.673,1,0,1,627635,48809,72141,54115,0.3865875681155747,0.5257763009599316
1759,0.6732,0,1,0,627636,48808,72141,54115,0.38657964769991127,0.525781409403146
1760,0.6733,19,32,19,627668,48776,72160,54096,0.38632619439868204,0.5258573761567773
1761,0.6737,0,2,0,627670,48774,72160,54096,0.3863103535673552,0.525867599883348
1762,0.6738,0,2,0,627672,48772,72160,54096,0.3862945127360284,0.5258778240074659
1763,0.674,4,8,4,627680,48764,72164,54092,0.38623114941072106,0.5259002877809753
1764,0.6742,0,2,0,627682,48762,72164,54092,0.38621530857939423,0.5259105139323702
1765,0.6743,1,6,1,627688,48756,72165,54091,0.38616778608541374,0.5259365854132838
1766,0.6748,1,0,1,627688,48756,72166,54090,0.38616778608541374,0.5259319759640628
1767,0.675,54,92,54,627780,48664,72220,54036,0.3854391078443797,0.5261538461538462
1768,0.6753,0,1,0,627781,48663,72220,54036,0.38543118742871624,0.5261589694154762
1769,0.6757,0,2,0,627783,48661,72220,54036,0.3854153465973894,0.5261692162380596
1770,0.6758,1,0,1,627783,48661,72221,54035,0.3854153465973894,0.5261646023214147
1771,0.676,2,12,2,627795,48649,72223,54033,0.3853203016094285,0.5262168637151594
1772,0.6762,1,1,1,627796,48648,72224,54032,0.38531238119376504,0.5262173743669654
1773,0.6765,1,0,1,627796,48648,72225,54031,0.38531238119376504,0.5262127601554358
1774,0.6767,27,41,27,627837,48607,72252,54004,0.38498764415156506,0.5262983500794262
1775,0.6768,1,0,1,627837,48607,72253,54003,0.38498764415156506,0.5262937335542345
1776,0.677,0,1,0,627838,48606,72253,54003,0.38497972373590167,0.526298862672865
1777,0.6771,0,1,0,627839,48605,72253,54003,0.3849718033202382,0.5263039918914705
1778,0.6772,0,1,0,627840,48604,72253,54003,0.38496388290457484,0.5263091212100539
1779,0.6775,10,17,10,627857,48587,72263,53993,0.3848292358382968,0.5263501657243127
1780,0.6777,1,0,1,627857,48587,72264,53992,0.3848292358382968,0.5263455483091081
1781,0.678,2,6,2,627863,48581,72266,53990,0.3847817133443163,0.5263671018124031
1782,0.6783,2,5,2,627868,48576,72268,53988,0.3847421112659992,0.5263835263835264
1783,0.6785,0,1,0,627869,48575,72268,53988,0.38473419085033583,0.5263886586780808
1784,0.6788,0,3,0,627872,48572,72268,53988,0.38471042960334556,0.5264040561622465
1785,0.679,0,2,0,627874,48570,72268,53988,0.38469458877201873,0.5264143216521383
1786,0.6793,0,2,0,627876,48568,72268,53988,0.3846787479406919,0.5264245875424158
1787,0.6795,0,2,0,627878,48566,72268,53988,0.3846629071093651,0.5264348538331025
1788,0.6798,0,1,0,627879,48565,72268,53988,0.3846549866937017,0.5264399871286066
1789,0.6799,0,1,0,627880,48564,72268,53988,0.3846470662780383,0.5264451205242219
1790,0.68,2197,3976,2197,631856,44588,74465,51791,0.3531554936003041,0.5373680988597102
1791,0.6805,2,0,2,631856,44588,74467,51789,0.3531554936003041,0.5373584983969204
1792,0.6807,0,1,0,631857,44587,74467,51789,0.35314757318464074,0.5373640740433303
1793,0.6808,0,1,0,631858,44586,74467,51789,0.3531396527689773,0.5373696498054474
1794,0.681,0,2,0,631860,44584,74467,51789,0.35312381193765047,0.5373808016768182
1795,0.6813,1,0,1,631860,44584,74468,51788,0.35312381193765047,0.5373760013281866
1796,0.6817,6,4,6,631864,44580,74474,51782,0.3530921302749968,0.5373695025009859
1797,0.6818,0,2,0,631866,44578,74474,51782,0.35307628944367,0.5373806558738066
1798,0.682,0,2,0,631868,44576,74474,51782,0.3530604486123432,0.5373918097096245
1799,0.6822,1,1,1,631869,44575,74475,51781,0.35305252819667976,0.5373925858275561
1800,0.6825,1,12,1,631881,44563,74476,51780,0.3529574832087188,0.5374547190766324
1801,0.683,0,1,0,631882,44562,74476,51780,0.3529495627930554,0.5374602976894812
1802,0.6833,21,36,21,631918,44526,74497,51759,0.35266442782917246,0.5375603676585138
1803,0.684,2,3,2,631921,44523,74499,51757,0.35264066658218224,0.5375675114250104
1804,0.6842,0,4,0,631925,44519,74499,51757,0.3526089849195286,0.5375898458598197
1805,0.6843,0,3,0,631928,44516,74499,51757,0.35258522367253836,0.5376065979038775
1806,0.685,36,82,36,632010,44434,74535,51721,0.3519357495881384,0.5378919452966564
1807,0.6853,0,1,0,632011,44433,74535,51721,0.35192782917247495,0.537897539363937
1808,0.6857,1,1,1,632012,44432,74536,51720,0.35191990875681156,0.5378983276478908
1809,0.686,3,8,3,632020,44424,74539,51717,0.35185654543150424,0.5379286672699473
1810,0.6862,2,0,2,632020,44424,74541,51715,0.35185654543150424,0.537919054702046
1811,0.6863,0,1,0,632021,44423,74541,51715,0.35184862501584085,0.537924649982317
1812,0.6867,25,31,25,632052,44392,74566,51690,0.351603092130275,0.5379779771445223
1813,0.687,0,2,0,632054,44390,74566,51690,0.3515872512989482,0.5379891756869276
1814,0.6874,1,0,1,632054,44390,74567,51689,0.3515872512989482,0.5379843670312972
1815,0.6875,6,21,6,632075,44369,74573,51683,0.35142092257001645,0.5380731270561779
1816,0.688,0,3,0,632078,44366,74573,51683,0.35139716132302623,0.5380899332632302
1817,0.6881,1,0,1,632078,44366,74574,51682,0.35139716132302623,0.5380851241046144
1818,0.6883,5,3,5,632081,44363,74579,51677,0.351373400076036,0.5380778842149104
1819,0.6885,0,2,0,632083,44361,74579,51677,0.3513575592447092,0.5380890897353131
1820,0.6887,0,2,0,632085,44359,74579,51677,0.35134171841338235,0.5381002957224374
1821,0.6888,0,1,0,632086,44358,74579,51677,0.3513337979977189,0.5381058988910293
1822,0.689,0,1,0,632087,44357,74579,51677,0.3513258775820555,0.5381115021763125
1823,0.6892,0,2,0,632089,44355,74579,51677,0.3513100367507287,0.5381227090969677
1824,0.6893,0,1,0,632090,44354,74579,51677,0.35130211633506525,0.5381283127323468
1825,0.6899,0,1,0,632091,44353,74579,51677,0.35129419591940186,0.538133916484432
1826,0.69,2158,3752,2158,635843,40601,76737,49519,0.3215767963502725,0.5494784731469152
1827,0.6907,0,1,0,635844,40600,76737,49519,0.32156887593460903,0.5494845704013582
1828,0.6908,1,1,1,635845,40599,76738,49518,0.32156095551894565,0.54948566863078
1829,0.691,1,1,1,635846,40598,76739,49517,0.3215530351032822,0.5494867669089497
1830,0.6912,0,1,0,635847,40597,76739,49517,0.3215451146876188,0.5494928645937368
1831,0.6917,1,5,1,635852,40592,76740,49516,0.3215055126093017,0.5495183557508767
1832,0.692,2,4,2,635856,40588,76742,49514,0.32147383094664805,0.549532751770216
1833,0.6921,1,0,1,635856,40588,76743,49513,0.32147383094664805,0.5495277521892099
1834,0.6925,9,10,9,635866,40578,76752,49504,0.32139462679001396,0.5495437490286628
1835,0.6929,0,1,0,635867,40577,76752,49504,0.3213867063743505,0.5495498495798226
1836,0.693,0,1,0,635868,40576,76752,49504,0.32137878595868713,0.5495559502664299
1837,0.6933,12,35,12,635903,40541,76764,49492,0.32110157141046763,0.5497095509424322
1838,0.6934,0,1,0,635904,40540,76764,49492,0.3210936509948042,0.5497156566554114
1839,0.6938,0,1,0,635905,40539,76764,49492,0.3210857305791408,0.5497217625040264
1840,0.694,5,6,5,635911,40533,76769,49487,0.3210382080851603,0.5497333925794268
1841,0.6942,0,2,0,635913,40531,76769,49487,0.3210223672538335,0.5497456064342687
1842,0.6943,0,3,0,635916,40528,76769,49487,0.3209986060068432,0.5497639282341832
1843,0.6945,0,1,0,635917,40527,76769,49487,0.3209906855911798,0.5497700357722132
1844,0.695,46,82,46,635999,40445,76815,49441,0.32034121150677985,0.5500411632512293
1845,0.6955,0,2,0,636001,40443,76815,49441,0.320325370675453,0.5500534021627876
1846,0.6957,2,0,2,636001,40443,76817,49439,0.320325370675453,0.5500433902227365
1847,0.6958,1,0,1,636001,40443,76818,49438,0.320325370675453,0.5500383840856243
1848,0.696,1,4,1,636005,40439,76819,49437,0.32029368901279937,0.5500578574925453
1849,0.6963,1,0,1,636005,40439,76820,49436,0.32029368901279937,0.5500528511821975
1850,0.6965,1,1,1,636006,40438,76821,49435,0.320285768597136,0.5500539650395558
1851,0.6967,24,39,24,636045,40399,76845,49411,0.3199768723862628,0.5501725865716512
1852,0.697,1,1,1,636046,40398,76846,49410,0.31996895197059944,0.5501737039016569
1853,0.6973,1,1,1,636047,40397,76847,49409,0.319961031554936,0.5501748212814288
1854,0.6975,9,14,9,636061,40383,76856,49400,0.3198501457356482,0.550215519641803
1855,0.698,2,8,2,636069,40375,76858,49398,0.3197867824103409,0.5502545308723112
1856,0.6982,1,0,1,636069,40375,76859,49397,0.3197867824103409,0.5502495210087778
1857,0.6983,1,5,1,636074,40370,76860,49396,0.3197471803320238,0.5502751598600807
1858,0.6987,0,1,0,636075,40369,76860,49396,0.31973925991636043,0.5502812900350916
1859,0.6992,0,1,0,636076,40368,76860,49396,0.319731339500697,0.5502874203466869
1860,0.7,2131,3479,2131,639555,36889,78991,47265,0.29217621340767963,0.5616488818119163
1861,0.7005,0,1,0,639556,36888,78991,47265,0.29216829299201624,0.5616555559516595
1862,0.7007,0,1,0,639557,36887,78991,47265,0.2921603725763528,0.5616622302500238
1863,0.7012,1,1,1,639558,36886,78992,47264,0.2921524521606894,0.5616636957813428
1864,0.7015,0,1,0,639559,36885,78992,47264,0.29214453174502597,0.5616703704143841
1865,0.7017,1,3,1,639562,36882,78993,47263,0.29212077049803575,0.5616851862855785
1866,0.702,4,2,4,639564,36880,78997,47259,0.2921049296667089,0.5616776999964345
1867,0.7023,1,0,1,639564,36880,78998,47258,0.2921049296667089,0.5616724904323849
1868,0.7025,3,12,3,639576,36868,79001,47255,0.29200988467874794,0.5617369803739762
1869,0.7028,1,0,1,639576,36868,79002,47254,0.29200988467874794,0.5617317705237631
1870,0.703,1,0,1,639576,36868,79003,47253,0.29200988467874794,0.5617265605496844
1871,0.7033,20,28,20,639604,36840,79023,47233,0.2917881130401723,0.5618093799436205
1872,0.704,4,9,4,639613,36831,79027,47229,0.2917168292992016,0.5618486795146324
1873,0.7041,1,0,1,639613,36831,79028,47228,0.2917168292992016,0.5618434670885926
1874,0.7047,1,0,1,639613,36831,79029,47227,0.2917168292992016,0.5618382545385329
1875,0.7048,0,1,0,639614,36830,79029,47227,0.29170890888353823,0.5618449385536005
1876,0.7049,0,1,0,639615,36829,79029,47227,0.2917009884678748,0.5618516227277054
1877,0.705,39,64,39,639679,36765,79068,47188,0.2911940818654163,0.5620763998904149
1878,0.7057,1,2,1,639681,36763,79069,47187,0.29117824103408946,0.5620845741512805
1879,0.7058,0,2,0,639683,36761,79069,47187,0.29116240020276263,0.5620979654071568
1880,0.706,3,8,3,639691,36753,79072,47184,0.2910990368774553,0.5621358876300082
1881,0.7065,0,1,0,639692,36752,79072,47184,0.2910911164617919,0.5621425848265345
1882,0.7067,22,36,22,639728,36716,79094,47162,0.290805981497909,0.5622690097522592
1883,0.7068,0,1,0,639729,36715,79094,47162,0.2907980610822456,0.562275713246778
1884,0.7071,1,1,1,639730,36714,79095,47161,0.2907901406665822,0.5622771982116245
1885,0.7075,4,6,4,639736,36708,79099,47157,0.2907426181726017,0.5622965480236094
1886,0.7077,0,1,0,639737,36707,79099,47157,0.2907346977569383,0.5623032528856243
1887,0.7079,1,0,1,639737,36707,79100,47156,0.2907346977569383,0.5622980336978167
1888,0.708,6,2,6,639739,36705,79106,47150,0.29071885692561145,0.5622801264086816
1889,0.7083,4,9,4,639748,36696,79110,47146,0.29064757318464074,0.5623196011545526
1890,0.7086,1,0,1,639748,36696,79111,47145,0.29064757318464074,0.5623143807922139
1891,0.7088,1,0,1,639748,36696,79112,47144,0.29064757318464074,0.5623091603053435
1892,0.709,0,1,0,639749,36695,79112,47144,0.2906396527689773,0.5623158673171197
1893,0.7092,0,1,0,639750,36694,79112,47144,0.2906317323533139,0.5623225744888952
1894,0.71,2131,3252,2131,643002,33442,81243,45013,0.2648745406158915,0.5737429099483781
1895,0.7102,1,0,1,643002,33442,81244,45012,0.2648745406158915,0.573737476737961
1896,0.7108,1,4,1,643006,33438,81245,45011,0.2648428589532379,0.5737612971484659
1897,0.711,0,3,0,643009,33435,81245,45011,0.2648190977062476,0.5737832394258471
1898,0.7115,1,1,1,643010,33434,81246,45010,0.26481117729058423,0.5737851205955841
1899,0.7117,3,5,3,643015,33429,81249,45007,0.26477157521226713,0.5738053954816665
1900,0.7118,0,1,0,643016,33428,81249,45007,0.26476365479660374,0.5738127111621087
1901,0.712,3,1,3,643017,33427,81252,45004,0.2647557343809403,0.5738037255676964
1902,0.7121,0,1,0,643018,33426,81252,45004,0.2647478139652769,0.5738110416932296
1903,0.7125,7,18,7,643036,33408,81259,44997,0.26460524648333544,0.5739047254639372
1904,0.7132,0,1,0,643037,33407,81259,44997,0.26459732606767206,0.573912045303811
1905,0.7133,19,31,19,643068,33376,81278,44978,0.2643517931821062,0.5740357863031881
1906,0.7138,1,0,1,643068,33376,81279,44977,0.2643517931821062,0.5740303498270647
1907,0.714,6,9,6,643077,33367,81285,44971,0.26428050944113546,0.5740636728024714
1908,0.7142,0,2,0,643079,33365,81285,44971,0.26426466860980863,0.574078329248366
1909,0.7145,0,1,0,643080,33364,81285,44971,0.26425674819414524,0.5740856577519627
1910,0.7147,0,1,0,643081,33363,81285,44971,0.2642488277784818,0.5740929864426686
1911,0.715,41,54,41,643135,33309,81326,44930,0.26382112533265745,0.5742660310075538
1912,0.7151,0,1,0,643136,33308,81326,44930,0.26381320491699406,0.5742733709961911
1913,0.7152,0,1,0,643137,33307,81326,44930,0.2638052845013306,0.5742807111724632
1914,0.7153,0,1,0,643138,33306,81326,44930,0.26379736408566723,0.5742880515363771
1915,0.7155,0,1,0,643139,33305,81326,44930,0.2637894436700038,0.5742953920879402
1916,0.7157,1,0,1,643139,33305,81327,44929,0.2637894436700038,0.574289950660838
1917,0.7158,1,2,1,643141,33303,81328,44928,0.26377360283867696,0.5742991908578441
1918,0.716,1,6,1,643147,33297,81329,44927,0.26372608034469647,0.5743377991409286
1919,0.7167,21,43,21,643190,33254,81350,44906,0.2633855024711697,0.574539406345957
1920,0.717,0,2,0,643192,33252,81350,44906,0.2633696616398429,0.5745541083446353
1921,0.7171,1,0,1,643192,33252,81351,44905,0.2633696616398429,0.5745486648668705
1922,0.7172,0,1,0,643193,33251,81351,44905,0.26336174122417944,0.5745560161727826
1923,0.7173,1,2,1,643195,33249,81352,44904,0.2633459003928526,0.5745652758051515
1924,0.7175,7,12,7,643207,33237,81359,44897,0.2632508554048916,0.574615404305424
1925,0.7177,0,2,0,643209,33235,81359,44897,0.2632350145735648,0.5746301131418625
1926,0.718,1,4,1,643213,33231,81360,44896,0.2632033329109112,0.5746540888553253
1927,0.7183,2,4,2,643217,33227,81362,44894,0.26317165124825753,0.5746726232383098
1928,0.7187,0,1,0,643218,33226,81362,44894,0.2631637308325941,0.5746799795186892
1929,0.719,2,2,2,643220,33224,81364,44892,0.26314789000126726,0.5746838035741717
1930,0.7192,0,1,0,643221,33223,81364,44892,0.2631399695856039,0.57469116046854
1931,0.7196,1,0,1,643221,33223,81365,44891,0.2631399695856039,0.5746857157487775
1932,0.7197,1,0,1,643221,33223,81366,44890,0.2631399695856039,0.5746802708896086
1933,0.72,2251,2987,2251,646208,30236,83617,42639,0.2394816879989862,0.5850977701543739
1934,0.7205,1,0,1,646208,30236,83618,42638,0.2394816879989862,0.5850920767351867
1935,0.7207,0,1,0,646209,30235,83618,42638,0.23947376758332278,0.5851001056632772
1936,0.7208,0,2,0,646211,30233,83618,42638,0.23945792675199595,0.5851161641805382
1937,0.721,0,1,0,646212,30232,83618,42638,0.23945000633633254,0.5851241937697269
1938,0.7212,0,1,0,646213,30231,83618,42638,0.23944208592066912,0.5851322235792998
1939,0.7217,1,6,1,646219,30225,83619,42637,0.23939456342668863,0.5851747138426066
1940,0.7218,1,0,1,646219,30225,83620,42636,0.23939456342668863,0.5851690204636225
1941,0.7219,0,1,0,646220,30224,83620,42636,0.23938664301102522,0.5851770518803184
1942,0.722,1,1,1,646221,30223,83621,42635,0.2393787225953618,0.5851793900463916
1943,0.7225,12,10,12,646231,30213,83633,42623,0.23929951843872765,0.5851913888736339
1944,0.7227,0,3,0,646234,30210,83633,42623,0.2392757571917374,0.5852154929770845
1945,0.7228,0,1,0,646235,30209,83633,42623,0.23926783677607402,0.585223528119508
1946,0.723,1,1,1,646236,30208,83634,42622,0.2392599163604106,0.5852258684607992
1947,0.7233,21,21,21,646257,30187,83655,42601,0.2390935876314789,0.5852750453371435
1948,0.7234,0,1,0,646258,30186,83655,42601,0.23908566721581548,0.5852830862654045
1949,0.724,2,3,2,646261,30183,83657,42599,0.23906190596882523,0.5852958148992883
1950,0.7243,0,3,0,646264,30180,83657,42599,0.239038144721835,0.5853199411918273
1951,0.7247,1,1,1,646265,30179,83658,42598,0.2390302243061716,0.5853222858870247
1952,0.725,37,59,37,646324,30120,83695,42561,0.23856291978203015,0.5855863293020184
1953,0.7253,0,2,0,646326,30118,83695,42561,0.23854707895070335,0.5856024436219541
1954,0.7258,0,1,0,646327,30117,83695,42561,0.23853915853503993,0.5856105011145051
1955,0.726,2,1,2,646328,30116,83697,42559,0.23853123811937652,0.5856071551427589
1956,0.7263,1,0,1,646328,30116,83698,42558,0.23853123811937652,0.5856014530643696
1957,0.7267,16,32,16,646360,30084,83714,42542,0.23827778481814726,0.5857681821937047
1958,0.727,0,1,0,646361,30083,83714,42542,0.23826986440248385,0.585776247848537
1959,0.7275,8,14,8,646375,30069,83722,42534,0.23815897858319604,0.5858435601834635
1960,0.7277,0,1,0,646376,30068,83722,42534,0.23815105816753263,0.5858516294316961
1961,0.7278,1,0,1,646376,30068,83723,42533,0.23815105816753263,0.5858459249872592
1962,0.728,2,1,2,646377,30067,83725,42531,0.2381431377518692,0.5858425851951844
1963,0.7282,0,1,0,646378,30066,83725,42531,0.2381352173362058,0.5858506549857432
1964,0.7283,3,4,3,646382,30062,83728,42528,0.23810353567355214,0.5858658217385315
1965,0.7285,1,0,1,646382,30062,83729,42527,0.23810353567355214,0.5858601165465842
1966,0.7286,0,1,0,646383,30061,83729,42527,0.23809561525788872,0.5858681875792142
1967,0.7287,0,1,0,646384,30060,83729,42527,0.23808769484222533,0.5858762588342266
1968,0.7292,2,1,2,646385,30059,83731,42525,0.23807977442656192,0.5858729196517138
1969,0.7295,0,1,0,646386,30058,83731,42525,0.2380718540108985,0.5858809914167229
1970,0.7297,0,2,0,646388,30056,83731,42525,0.23805601317957167,0.5858971356140037
1971,0.73,2255,2752,2255,649140,27304,85986,40270,0.2162590292738563,0.5959392665818214
1972,0.7302,0,1,0,649141,27303,85986,40270,0.21625110885819288,0.5959480857739038
1973,0.7305,0,4,0,649145,27299,85986,40270,0.21621942719553922,0.5959833651526588
1974,0.7307,2,0,2,649145,27299,85988,40268,0.21621942719553922,0.5959714061598117
1975,0.7308,1,2,1,649147,27297,85989,40267,0.21620358636421239,0.5959830679059854
1976,0.731,0,2,0,649149,27295,85989,40267,0.21618774553288556,0.5960007104585417
1977,0.7315,1,2,1,649151,27293,85990,40266,0.21617190470155873,0.59601237436907
1978,0.7317,1,1,1,649152,27292,85991,40265,0.2161639842858953,0.5960152167799043
1979,0.732,1,0,1,649152,27292,85992,40264,0.2161639842858953,0.596009236781337
1980,0.7322,0,2,0,649154,27290,85992,40264,0.2161481434545685,0.5960268821979453
1981,0.7323,0,2,0,649156,27288,85992,40264,0.21613230262324168,0.5960445286594032
1982,0.7325,9,6,9,649162,27282,86001,40255,0.2160847801292612,0.5960436501473266
1983,0.7327,1,0,1,649162,27282,86002,40254,0.2160847801292612,0.5960376687988628
1984,0.733,0,1,0,649163,27281,86002,40254,0.21607685971359777,0.5960464944103058
1985,0.7333,29,16,29,649179,27265,86031,40225,0.21595013306298314,0.5960142243295303
1986,0.734,0,3,0,649182,27262,86031,40225,0.2159263718159929,0.5960407189532799
1987,0.7343,3,1,3,649183,27261,86034,40222,0.2159184514003295,0.5960315931419765
1988,0.7345,2,1,2,649184,27260,86036,40220,0.2159105309846661,0.5960284528749259
1989,0.7347,1,0,1,649184,27260,86037,40219,0.2159105309846661,0.5960224662487589
1990,0.7348,0,1,0,649185,27259,86037,40219,0.21590261056900267,0.5960312990900738
1991,0.735,48,52,48,649237,27207,86085,40171,0.21549074895450512,0.5962035085636261
1992,0.7353,0,1,0,649238,27206,86085,40171,0.2154828285388417,0.5962123573326209
1993,0.7357,0,1,0,649239,27205,86085,40171,0.2154749081231783,0.596221206364284
1994,0.7358,1,0,1,649239,27205,86086,40170,0.2154749081231783,0.5962152133580705
1995,0.736,3,4,3,649243,27201,86089,40167,0.21544322646052466,0.5962326327039544
1996,0.7362,1,0,1,649243,27201,86090,40166,0.21544322646052466,0.5962266391556696
1997,0.7367,24,25,24,649268,27176,86114,40142,0.2152452160689393,0.5963041088564722
1998,0.7371,0,2,0,649270,27174,86114,40142,0.21522937523761246,0.5963218254204052
1999,0.7373,1,0,1,649270,27174,86115,40141,0.21522937523761246,0.5963158285671841
2000,0.7375,5,10,5,649280,27164,86120,40136,0.21515017108097834,0.5963744427934621
2001,0.7377,0,1,0,649281,27163,86120,40136,0.21514225066531492,0.5963833043581628
2002,0.738,3,1,3,649282,27162,86123,40133,0.2151343302496515,0.5963741734155583
2003,0.7383,7,3,7,649285,27159,86130,40126,0.21511056900266126,0.5963587723861188
2004,0.7385,1,0,1,649285,27159,86131,40125,0.21511056900266126,0.5963527733190654
2005,0.7392,0,1,0,649286,27158,86131,40125,0.21510264858699785,0.5963616366689951
2006,0.7393,0,1,0,649287,27157,86131,40125,0.21509472817133443,0.5963705002823935
2007,0.74,2163,2609,2163,651896,24548,88294,37962,0.19443036370548727,0.6072948328267477
2008,0.7402,0,1,0,651897,24547,88294,37962,0.19442244328982386,0.6073045481450671
2009,0.7405,1,1,1,651898,24546,88295,37961,0.19441452287416044,0.6073079815060713
2010,0.7407,0,1,0,651899,24545,88295,37961,0.19440660245849703,0.6073176975010399
2011,0.7408,1,3,1,651902,24542,88296,37960,0.19438284121150678,0.6073405651019167
2012,0.7414,1,0,1,651902,24542,88297,37959,0.19438284121150678,0.6073342826514776
2013,0.7415,1,0,1,651902,24542,88298,37958,0.19438284121150678,0.607328
2014,0.7417,4,1,4,651903,24541,88302,37954,0.19437492079584337,0.6073125850068005
2015,0.742,0,3,0,651906,24538,88302,37954,0.19435115954885313,0.607341739742687
2016,0.7425,11,9,11,651915,24529,88313,37943,0.1942798758078824,0.607360097323601
2017,0.7427,0,3,0,651918,24526,88313,37943,0.19425611456089215,0.6073892650754774
2018,0.7433,13,21,13,651939,24505,88326,37930,0.19408978583196046,0.6075118122847761
2019,0.744,3,2,3,651941,24503,88329,37927,0.19407394500063363,0.607512413903572
2020,0.7442,2,1,2,651942,24502,88331,37925,0.19406602458497021,0.6075095711791373
2021,0.7443,0,2,0,651944,24500,88331,37925,0.19405018375364338,0.6075290348418102
2022,0.7444,0,1,0,651945,24499,88331,37925,0.19404226333797997,0.6075387671408433
2023,0.7447,1,0,1,651945,24499,88332,37924,0.19404226333797997,0.607532480015379
2024,0.745,48,37,48,651982,24462,88380,37876,0.19374920795843367,0.6075908755494241
2025,0.7457,0,1,0,651983,24461,88380,37876,0.19374128754277026,0.60760062242328
2026,0.7458,2,1,2,651984,24460,88382,37874,0.19373336712710684,0.6075977797028909
2027,0.746,2,5,2,651989,24455,88384,37872,0.19369376504878977,0.6076339307202336
2028,0.7467,28,24,28,652013,24431,88412,37844,0.19350367507286784,0.6076916900843035
2029,0.7475,7,8,7,652021,24423,88419,37837,0.19344031174756052,0.6077256665595888
2030,0.7476,0,1,0,652022,24422,88419,37837,0.1934323913318971,0.607735427809634
2031,0.748,0,2,0,652024,24420,88419,37837,0.19341655050057027,0.6077549512504618
2032,0.7481,0,2,0,652026,24418,88419,37837,0.19340070966924344,0.6077744759457072
2033,0.7483,4,6,4,652032,24412,88423,37833,0.19335318717526295,0.607807856052695
2034,0.7485,1,1,1,652033,24411,88424,37832,0.19334526675959954,0.6078113201484504
2035,0.749,0,2,0,652035,24409,88424,37832,0.1933294259282727,0.6078308510467377
2036,0.7492,2,2,2,652037,24407,88426,37830,0.19331358509694588,0.6078377813840642
2037,0.7495,1,1,1,652038,24406,88427,37829,0.19330566468128246,0.6078412468868001
2038,0.75,2115,2413,2115,654451,21993,90542,35714,0.17419370168546444,0.6188850572720814
2039,0.7503,0,2,0,654453,21991,90542,35714,0.1741778608541376,0.6189065072350749
2040,0.7507,2,0,2,654453,21991,90544,35712,0.1741778608541376,0.6188932984420221
2041,0.7508,2,1,2,654454,21990,90546,35710,0.17416994043847422,0.6188908145580589
2042,0.751,0,2,0,654456,21988,90546,35710,0.1741540996071474,0.6189122673229575
2043,0.7513,1,0,1,654456,21988,90547,35709,0.1741540996071474,0.6189056623394631
2044,0.7516,0,1,0,654457,21987,90547,35709,0.17414617919148398,0.6189163893510815
2045,0.7517,2,3,2,654460,21984,90549,35707,0.17412241794449373,0.6189353625348841
2046,0.752,0,2,0,654462,21982,90549,35707,0.1741065771131669,0.6189568201910243
2047,0.7521,0,1,0,654463,21981,90549,35707,0.1740986566975035,0.618967549577035
2048,0.7525,8,15,8,654478,21966,90557,35699,0.17397985046255227,0.6190756958293593
2049,0.7527,0,1,0,654479,21965,90557,35699,0.17397193004688885,0.6190864317425083
2050,0.753,1,0,1,654479,21965,90558,35698,0.17397193004688885,0.6190798258848829
2051,0.7533,14,16,14,654495,21949,90572,35684,0.17384520339627424,0.6191591622854962
2052,0.7538,0,1,0,654496,21948,90572,35684,0.17383728298061082,0.6191699056079956
2053,0.754,6,2,6,654498,21946,90578,35678,0.173821442149284,0.6191517423295849
2054,0.7542,0,2,0,654500,21944,90578,35678,0.17380560131795716,0.6191732324459408
2055,0.7543,0,1,0,654501,21943,90578,35678,0.17379768090229375,0.6191839780635532
2056,0.7548,1,0,1,654501,21943,90579,35677,0.17379768090229375,0.6191773689691079
2057,0.755,38,55,38,654556,21888,90617,35639,0.17336205804080598,0.619517791645662
2058,0.7552,1,0,1,654556,21888,90618,35638,0.17336205804080598,0.6195111775544971
2059,0.7553,1,0,1,654556,21888,90619,35637,0.17336205804080598,0.6195045632333768
2060,0.7555,1,0,1,654556,21888,90620,35636,0.17336205804080598,0.6194979486822891
2061,0.7558,1,0,1,654556,21888,90621,35635,0.17336205804080598,0.6194913339012221
2062,0.756,5,4,5,654560,21884,90626,35630,0.17333037637815232,0.619501338804465
2063,0.7564,1,0,1,654560,21884,90627,35629,0.17333037637815232,0.6194947229322066
2064,0.7567,24,28,24,654588,21856,90651,35605,0.17310860473957673,0.6196376672873776
2065,0.757,0,1,0,654589,21855,90651,35605,0.17310068432391332,0.6196484510964149
2066,0.7573,2,0,2,654589,21855,90653,35603,0.17310068432391332,0.6196352118068851
2067,0.7575,7,10,7,654599,21845,90660,35596,0.17302148016727917,0.6196967322992287
2068,0.7578,0,1,0,654600,21844,90660,35596,0.17301355975161575,0.6197075208913649
2069,0.758,4,2,4,654602,21842,90664,35592,0.17299771892028892,0.6197026151756799
2070,0.7581,1,0,1,654602,21842,90665,35591,0.17299771892028892,0.6196959935925339
2071,0.7583,1,0,1,654602,21842,90666,35590,0.17299771892028892,0.6196893717787992
2072,0.7586,2,0,2,654602,21842,90668,35588,0.17299771892028892,0.619676127459516
2073,0.7587,0,1,0,654603,21841,90668,35588,0.17298979850462554,0.6196869177593202
2074,0.7588,0,1,0,654604,21840,90668,35588,0.17298187808896212,0.6196977084349098
2075,0.759,0,1,0,654605,21839,90668,35588,0.1729739576732987,0.6197084994863044
2076,0.7591,1,0,1,654605,21839,90669,35587,0.1729739576732987,0.6197018771984816
2077,0.7592,0,1,0,654606,21838,90669,35587,0.1729660372576353,0.6197126686983021
2078,0.76,2122,2296,2122,656902,19542,92791,33465,0.1547807628944367,0.6313317109061067
2079,0.7602,1,1,1,656903,19541,92792,33464,0.1547728424787733,0.631336666352231
2080,0.7603,0,1,0,656904,19540,92792,33464,0.15476492206310988,0.6313485774658516
2081,0.7607,0,2,0,656906,19538,92792,33464,0.15474908123178305,0.6313724010414702
2082,0.7608,2,0,2,656906,19538,92794,33462,0.15474908123178305,0.6313584905660378
2083,0.761,0,1,0,656907,19537,92794,33462,0.15474116081611963,0.631370403215155
2084,0.7617,4,3,4,656910,19534,92798,33458,0.1547173995691294,0.6313783212560387
2085,0.7618,0,1,0,656911,19533,92798,33458,0.15470947915346597,0.6313902360778245
2086,0.762,1,3,1,656914,19530,92799,33457,0.15468571790647573,0.6314190273085851
2087,0.7622,0,1,0,656915,19529,92799,33457,0.1546777974908123,0.6314309440229494
2088,0.7623,1,0,1,656915,19529,92800,33456,0.1546777974908123,0.6314239879211098
2089,0.7625,7,5,7,656920,19524,92807,33449,0.15463819541249524,0.6314348819209786
2090,0.7626,0,1,0,656921,19523,92807,33449,0.15463027499683182,0.63144680208412
2091,0.7627,0,2,0,656923,19521,92807,33449,0.154614434165505,0.6314706437606192
2092,0.7632,0,1,0,656924,19520,92807,33449,0.15460651374984158,0.6314825652740282
2093,0.7633,20,12,20,656936,19508,92827,33429,0.15451146876188063,0.6314864839337325
2094,0.7637,1,2,1,656938,19506,92828,33428,0.1544956279305538,0.6315033815695017
2095,0.764,5,0,5,656938,19506,92833,33423,0.1544956279305538,0.6314685711046875
2096,0.7642,4,0,4,656938,19506,92837,33419,0.1544956279305538,0.6314407179971658
2097,0.7643,3,0,3,656938,19506,92840,33416,0.1544956279305538,0.6314198254034239
2098,0.7644,0,1,0,656939,19505,92840,33416,0.15448770751489038,0.6314317567695243
2099,0.765,48,50,48,656989,19455,92888,33368,0.1540916867317197,0.6316945270052818
2100,0.7653,0,1,0,656990,19454,92888,33368,0.15408376631605628,0.6317064859338912
2101,0.7657,0,3,0,656993,19451,92888,33368,0.15406000506906603,0.6317423654366799
2102,0.7658,0,2,0,656995,19449,92888,33368,0.1540441642377392,0.631766287369597
2103,0.766,7,1,7,656996,19448,92895,33361,0.15403624382207579,0.6317294400575659
2104,0.7662,0,1,0,656997,19447,92895,33361,0.15402832340641237,0.6317414028177549
2105,0.7664,1,1,1,656998,19446,92896,33360,0.15402040299074896,0.6317463924554028
2106,0.7667,20,20,20,657018,19426,92916,33340,0.15386199467748068,0.6318462646401092
2107,0.767,0,2,0,657020,19424,92916,33340,0.15384615384615385,0.6318702145402169
2108,0.7671,1,0,1,657020,19424,92917,33339,0.15384615384615385,0.6318632374959725
2109,0.7673,0,1,0,657021,19423,92917,33339,0.15383823343049044,0.6318752132216368
2110,0.7675,7,8,7,657029,19415,92924,33332,0.15377487010518312,0.6319221946271826
2111,0.7677,0,2,0,657031,19413,92924,33332,0.1537590292738563,0.6319461560337473
2112,0.7678,1,0,1,657031,19413,92925,33331,0.1537590292738563,0.6319391779159715
2113,0.768,2,2,2,657033,19411,92927,33329,0.15374318844252946,0.6319491846795601
2114,0.7682,1,0,1,657033,19411,92928,33328,0.15374318844252946,0.6319422059576405
2115,0.7683,3,6,3,657039,19405,92931,33325,0.15369566594854897,0.6319931727669259
2116,0.769,1,1,1,657040,19404,92932,33324,0.15368774553288556,0.6319981793354574
2117,0.7692,0,1,0,657041,19403,92932,33324,0.15367982511722214,0.6320101655698219
2118,0.7693,0,1,0,657042,19402,92932,33324,0.15367190470155873,0.6320221522588476
2119,0.7695,0,2,0,657044,19400,92932,33324,0.1536560638702319,0.6320461270009863
2120,0.7696,0,1,0,657045,19399,92932,33324,0.1536481434545685,0.632058115054151
2121,0.7697,2,0,2,657045,19399,92934,33322,0.1536481434545685,0.6320441569772955
2122,0.77,2192,2156,2192,659201,17243,95126,31130,0.13657172728424788,0.6435408182250429
2123,0.7707,1,0,1,659201,17243,95127,31129,0.13657172728424788,0.6435334491027868
2124,0.7708,0,2,0,659203,17241,95127,31129,0.13655588645292105,0.6435600578871201
2125,0.771,1,0,1,659203,17241,95128,31128,0.13655588645292105,0.6435526887055759
2126,0.7715,0,1,0,659204,17240,95128,31128,0.13654796603725763,0.6435659940456501
2127,0.7717,0,2,0,659206,17238,95128,31128,0.1365321252059308,0.64359260637638
2128,0.772,1,2,1,659208,17236,95129,31127,0.13651628437460397,0.6436118520356471
2129,0.7723,0,2,0,659210,17234,95129,31127,0.13650044354327714,0.6436384690142883
2130,0.7725,7,4,7,659214,17230,95136,31120,0.13646876188062348,0.6436401240951396
2131,0.7727,1,1,1,659215,17229,95137,31119,0.13646084146496007,0.6436460660213452
2132,0.7733,24,9,24,659224,17220,95161,31095,0.13638955772398936,0.6435889475318224
2133,0.7738,0,1,0,659225,17219,95161,31095,0.13638163730832595,0.6436022684936044
2134,0.774,4,3,4,659228,17216,95165,31091,0.1363578760613357,0.6436127269339847
2135,0.7742,0,2,0,659230,17214,95165,31091,0.13634203523000887,0.6436393748059207
2136,0.7743,0,2,0,659232,17212,95165,31091,0.13632619439868204,0.6436660248845827
2137,0.7748,1,1,1,659233,17211,95166,31090,0.13631827398301863,0.6436719736651415
2138,0.775,48,50,48,659283,17161,95214,31042,0.13592225319984794,0.6439848142231811
2139,0.7757,0,1,0,659284,17160,95214,31042,0.13591433278418452,0.643998174349612
2140,0.7758,2,1,2,659285,17159,95216,31040,0.1359064123685211,0.6439967634183282
2141,0.776,3,8,3,659293,17151,95219,31037,0.1358430490432138,0.6440815140698929
2142,0.7765,0,1,0,659294,17150,95219,31037,0.13583512862755037,0.6440948803619233
2143,0.7767,23,16,23,659310,17134,95242,31014,0.13570840197693576,0.6441389050427847
2144,0.777,1,0,1,659310,17134,95243,31013,0.13570840197693576,0.6441315139053316
2145,0.7772,0,1,0,659311,17133,95243,31013,0.13570048156127235,0.644144892618286
2146,0.7775,8,6,8,659317,17127,95251,31005,0.13565295906729186,0.644166043380703
2147,0.7777,0,1,0,659318,17126,95251,31005,0.13564503865162844,0.6441794269805323
2148,0.7778,0,1,0,659319,17125,95251,31005,0.13563711823596503,0.6441928111365053
2149,0.778,2,4,2,659323,17121,95253,31003,0.13560543657331137,0.6442315684481755
2150,0.7783,1,3,1,659326,17118,95254,31002,0.13558167532632112,0.6442643391521197
2151,0.7788,1,0,1,659326,17118,95255,31001,0.13558167532632112,0.6442569463205803
2152,0.779,0,1,0,659327,17117,95255,31001,0.1355737549106577,0.6442703354254126
2153,0.7792,2,0,2,659327,17117,95257,30999,0.1355737549106577,0.6442555490896998
2154,0.7793,0,2,0,659329,17115,95257,30999,0.13555791407933088,0.6442823294675146
2155,0.7796,0,1,0,659330,17114,95257,30999,0.13554999366366746,0.6442957204913433
2156,0.78,2104,1939,2104,661269,15175,97361,28895,0.1201923076923077,0.655661447696846
2157,0.7802,0,1,0,661270,15174,97361,28895,0.12018438727664428,0.6556763257618734
2158,0.7807,0,2,0,661272,15172,97361,28895,0.12016854644531745,0.6557060839176708
2159,0.7808,1,1,1,661273,15171,97362,28894,0.12016062602965404,0.6557131510268921
2160,0.781,0,1,0,661274,15170,97362,28894,0.12015270561399062,0.6557280319535221
2161,0.7813,1,1,1,661275,15169,97363,28893,0.1201447851983272,0.6557351005401479
2162,0.7817,2,2,2,661277,15167,97365,28891,0.12012894436700038,0.6557492396386582
2163,0.782,1,1,1,661278,15166,97366,28890,0.12012102395133696,0.6557563101507172
2164,0.7825,9,7,9,661285,15159,97375,28881,0.12006558104169307,0.6557901907356948
2165,0.7832,1,1,1,661286,15158,97376,28880,0.12005766062602966,0.6557972659975476
2166,0.7833,10,14,10,661300,15144,97386,28870,0.11994677480674186,0.655927659381106
2167,0.7837,0,1,0,661301,15143,97386,28870,0.11993885439107844,0.6559425624247381
2168,0.7838,0,1,0,661302,15142,97386,28870,0.11993093397541503,0.6559574661455967
2169,0.7839,0,1,0,661303,15141,97386,28870,0.11992301355975162,0.6559723705437277
2170,0.784,2,5,2,661308,15136,97388,28868,0.11988341148143454,0.656031269884556
2171,0.7842,0,5,0,661313,15131,97388,28868,0.11984380940311748,0.6561058205868315
2172,0.7843,0,2,0,661315,15129,97388,28868,0.11982796857179065,0.6561356456122008
2173,0.785,37,27,37,661342,15102,97425,28831,0.11961411734887847,0.6562492886895955
2174,0.7852,0,1,0,661343,15101,97425,28831,0.11960619693321506,0.656264226531913
2175,0.7855,0,1,0,661344,15100,97425,28831,0.11959827651755164,0.6562791650542897
2176,0.7857,1,1,1,661345,15099,97426,28830,0.11959035610188823,0.6562862801338524
2177,0.7858,1,2,1,661347,15097,97427,28829,0.1195745152705614,0.6563083367481674
2178,0.786,4,2,4,661349,15095,97431,28825,0.11955867443923457,0.6563069216757741
2179,0.7862,0,1,0,661350,15094,97431,28825,0.11955075402357115,0.656321865251941
2180,0.7864,1,0,1,661350,15094,97432,28824,0.11955075402357115,0.6563140398014482
2181,0.7865,0,1,0,661351,15093,97432,28824,0.11954283360790774,0.6563289842202337
2182,0.7867,23,18,23,661369,15075,97455,28801,0.11940026612596628,0.6564180873370408
2183,0.7871,0,1,0,661370,15074,97455,28801,0.11939234571030288,0.6564330484330484
2184,0.7872,0,1,0,661371,15073,97455,28801,0.11938442529463947,0.6564480102110589
2185,0.7874,0,1,0,661372,15072,97455,28801,0.11937650487897605,0.6564629726711189
2186,0.7875,7,2,7,661374,15070,97462,28794,0.11936066404764922,0.6564380813423308
2187,0.7878,0,1,0,661375,15069,97462,28794,0.11935274363198581,0.6564530469872102
2188,0.788,2,2,2,661377,15067,97464,28792,0.11933690280065898,0.6564673157162726
2189,0.7883,2,3,2,661380,15064,97466,28790,0.11931314155366873,0.6564965567565102
2190,0.7887,0,1,0,661381,15063,97466,28790,0.11930522113800532,0.6565115271475156
2191,0.789,1,0,1,661381,15063,97467,28789,0.11930522113800532,0.6565036942442762
2192,0.7892,1,0,1,661381,15063,97468,28788,0.11930522113800532,0.656495860983786
2193,0.79,2132,1786,2132,663167,13277,99600,26656,0.10515935876314789,0.6675180928054492
2194,0.7903,0,2,0,663169,13275,99600,26656,0.10514351793182106,0.6675515263830107
2195,0.791,1,0,1,663169,13275,99601,26655,0.10514351793182106,0.6675432006010519
2196,0.7915,1,1,1,663170,13274,99602,26654,0.10513559751615764,0.6675515928671609
2197,0.7917,1,3,1,663173,13271,99603,26653,0.10511183626916741,0.6675934275122734
2198,0.792,3,1,3,663174,13270,99606,26650,0.105103915853504,0.6675851703406813
2199,0.7925,6,9,6,663183,13261,99612,26644,0.10503263211253326,0.6676857536649543
2200,0.793,0,2,0,663185,13259,99612,26644,0.10501679128120643,0.6677192191063328
2201,0.7932,0,1,0,663186,13258,99612,26644,0.10500887086554303,0.6677359530850584
2202,0.7933,20,13,20,663199,13245,99632,26624,0.10490590546191864,0.667787002432968
2203,0.794,0,3,0,663202,13242,99632,26624,0.1048821442149284,0.667837254803592
2204,0.7942,0,2,0,663204,13240,99632,26624,0.10486630338360158,0.6678707605859924
2205,0.7943,1,0,1,663204,13240,99633,26623,0.10486630338360158,0.6678624288187041
2206,0.7947,1,0,1,663204,13240,99634,26622,0.10486630338360158,0.6678540966333851
2207,0.795,40,34,40,663238,13206,99674,26582,0.1045970092510455,0.6680908816728662
2208,0.7957,0,1,0,663239,13205,99674,26582,0.10458908883538208,0.6681076733606455
2209,0.7958,2,2,2,663241,13203,99676,26580,0.10457324800405525,0.6681245758238443
2210,0.796,5,3,5,663244,13200,99681,26575,0.104549486757065,0.6681332495285983
2211,0.7962,0,1,0,663245,13199,99681,26575,0.10454156634140159,0.6681500477699
2212,0.7965,0,1,0,663246,13198,99681,26575,0.10453364592573819,0.6681668468559073
2213,0.7967,23,19,23,663265,13179,99704,26552,0.10438315802813332,0.6682942790264529
2214,0.7968,1,0,1,663265,13179,99705,26551,0.10438315802813332,0.6682859300276869
2215,0.7971,1,1,1,663266,13178,99706,26550,0.1043752376124699,0.6682944019331454
2216,0.7972,0,1,0,663267,13177,99706,26550,0.10436731719680649,0.6683112241045133
2217,0.7975,7,6,7,663273,13171,99713,26543,0.104319794702826,0.6683537291635192
2218,0.798,1,2,1,663275,13169,99714,26542,0.10430395387149918,0.6683790385535494
2219,0.7982,0,1,0,663276,13168,99714,26542,0.10429603345583577,0.6683958700579199
2220,0.7983,1,2,1,663278,13166,99715,26541,0.10428019262450894,0.6684211851814541
2221,0.799,1,1,1,663279,13165,99716,26540,0.10427227220884552,0.668429668807455
2222,0.7992,2,4,2,663283,13161,99718,26538,0.10424059054619186,0.6684803143656012
2223,0.7993,0,1,0,663284,13160,99718,26538,0.10423267013052845,0.6684971535089929
2224,0.7998,1,0,1,663284,13160,99719,26537,0.10423267013052845,0.6684888026803033
2225,0.8,2175,1641,2175,664925,11519,101894,24362,0.09123526802686605,0.6789665839859536
2226,0.8002,1,2,1,664927,11517,101895,24361,0.09121942719553922,0.6789954846981437
2227,0.8005,1,0,1,664927,11517,101896,24360,0.09121942719553922,0.6789865373358976
2228,0.8007,1,0,1,664927,11517,101897,24359,0.09121942719553922,0.6789775894748579
2229,0.8008,1,2,1,664929,11515,101898,24358,0.0912035863642124,0.6790064951356173
2230,0.801,0,2,0,664931,11513,101898,24358,0.09118774553288557,0.67904435337738
2231,0.8014,0,1,0,664932,11512,101898,24358,0.09117982511722215,0.679063284081405
2232,0.8017,4,3,4,664935,11509,101902,24354,0.09115606387023191,0.6790842930039316
2233,0.8019,1,0,1,664935,11509,101903,24353,0.09115606387023191,0.6790753443756623
2234,0.802,2,1,2,664936,11508,101905,24351,0.0911481434545685,0.6790763824981176
2235,0.8022,0,2,0,664938,11506,101905,24351,0.09113230262324166,0.6791142594193602
2236,0.8025,7,5,7,664943,11501,101912,24344,0.0910927005449246,0.6791463244525039
2237,0.8027,0,1,0,664944,11500,101912,24344,0.09108478012926119,0.6791652717330655
2238,0.803,1,0,1,664944,11500,101913,24343,0.09108478012926119,0.6791563206204838
2239,0.8033,16,18,16,664962,11482,101929,24327,0.09094221264731973,0.6793543522578123
2240,0.8035,1,0,1,664962,11482,101930,24326,0.09094221264731973,0.6793453976764968
2241,0.8037,0,2,0,664964,11480,101930,24326,0.0909263718159929,0.6793833435737028
2242,0.804,3,1,3,664965,11479,101933,24323,0.09091845140032949,0.6793754538852578
2243,0.8042,0,1,0,664966,11478,101933,24323,0.09091053098466607,0.6793944303231754
2244,0.8043,1,0,1,664966,11478,101934,24322,0.09091053098466607,0.6793854748603352
2245,0.8045,0,1,0,664967,11477,101934,24322,0.09090261056900266,0.6794044526383418
2246,0.8048,1,0,1,664967,11477,101935,24321,0.09090261056900266,0.6793954969551371
2247,0.805,32,28,32,664995,11449,101967,24289,0.09068083893042707,0.6796407185628742
2248,0.8055,0,1,0,664996,11448,101967,24289,0.09067291851476365,0.6796597364076448
2249,0.8058,0,2,0,664998,11446,101967,24289,0.09065707768343682,0.6796977752903316
2250,0.806,3,3,3,665001,11443,101970,24286,0.09063331643644658,0.6797279520837415
2251,0.8067,21,22,21,665023,11421,101991,24265,0.09045906729185148,0.6799585271535056
2252,0.807,0,1,0,665024,11420,101991,24265,0.09045114687618806,0.6799775816169259
2253,0.8071,2,1,2,665025,11419,101993,24263,0.09044322646052465,0.679978700745474
2254,0.8073,1,1,1,665026,11418,101994,24262,0.09043530604486123,0.6799887892376681
2255,0.8075,8,3,8,665029,11415,102002,24254,0.09041154479787099,0.6799742072948499
2256,0.8077,1,1,1,665030,11414,102003,24253,0.09040362438220757,0.6799842992121569
2257,0.808,2,2,2,665032,11412,102005,24251,0.09038778355088076,0.6800044864425315
2258,0.8082,1,0,1,665032,11412,102006,24250,0.09038778355088076,0.679995513431664
2259,0.8083,2,3,2,665035,11409,102008,24248,0.09036402230389051,0.6800347757803517
2260,0.8086,1,0,1,665035,11409,102009,24247,0.09036402230389051,0.680025802109042
2261,0.8087,0,1,0,665036,11408,102009,24247,0.0903561018882271,0.6800448744916562
2262,0.8088,1,1,1,665037,11407,102010,24246,0.09034818147256368,0.6800549743359605
2263,0.809,1,0,1,665037,11407,102011,24245,0.09034818147256368,0.6800460002243913
2264,0.8092,2,1,2,665038,11406,102013,24243,0.09034026105690027,0.680047126146596
2265,0.8095,0,1,0,665039,11405,102013,24243,0.09033234064123685,0.6800662028725314
2266,0.81,2064,1436,2064,666475,9969,104077,22179,0.07895862374857432,0.6899029488615155
2267,0.8107,1,0,1,666475,9969,104078,22178,0.07895862374857432,0.6898933026409929
2268,0.8113,0,1,0,666476,9968,104078,22178,0.0789507033329109,0.689914763889753
2269,0.8117,2,6,2,666482,9962,104080,22176,0.07890318083893043,0.6900242703341838
2270,0.812,0,1,0,666483,9961,104080,22176,0.07889526042326701,0.6900457416684818
2271,0.8125,5,4,5,666487,9957,104085,22171,0.07886357876061335,0.6900834163346613
2272,0.8128,0,2,0,666489,9955,104085,22171,0.07884773792928652,0.6901263773890307
2273,0.8132,3,1,3,666490,9954,104088,22168,0.07883981751362311,0.6901189216113567
2274,0.8133,13,10,13,666500,9944,104101,22155,0.07876061335698897,0.6902084177077168
2275,0.8135,0,1,0,666501,9943,104101,22155,0.07875269294132556,0.6902299208673438
2276,0.8137,0,2,0,666503,9941,104101,22155,0.07873685210999873,0.6902729312063809
2277,0.8138,1,0,1,666503,9941,104102,22154,0.07873685210999873,0.690263280884873
2278,0.814,3,2,3,666505,9939,104105,22151,0.0787210112786719,0.6902773449672795
2279,0.8141,1,0,1,666505,9939,104106,22150,0.0787210112786719,0.6902676929789024
2280,0.8142,2,0,2,666505,9939,104108,22148,0.0787210112786719,0.6902483871973073
2281,0.8143,2,0,2,666505,9939,104110,22146,0.0787210112786719,0.6902290790088826
2282,0.8147,0,2,0,666507,9937,104110,22146,0.07870517044734508,0.6902721067231867
2283,0.8148,1,0,1,666507,9937,104111,22145,0.07870517044734508,0.6902624524655571
2284,0.815,38,25,38,666532,9912,104149,22107,0.07850716005575972,0.6904338049283238
2285,0.8152,3,0,3,666532,9912,104152,22104,0.07850716005575972,0.6904047976011994
2286,0.8157,0,1,0,666533,9911,104152,22104,0.07849923964009631,0.6904263626425113
2287,0.816,2,3,2,666536,9908,104154,22102,0.07847547839310608,0.6904717275851296
2288,0.8163,0,1,0,666537,9907,104154,22102,0.07846755797744266,0.6904932987597239
2289,0.8165,0,2,0,666539,9905,104154,22102,0.07845171714611583,0.6905364451526229
2290,0.8167,14,13,14,666552,9892,104168,22088,0.07834875174249145,0.6906816760475297
2291,0.8168,1,0,1,666552,9892,104169,22087,0.07834875174249145,0.6906720035022984
2292,0.817,2,0,2,666552,9892,104171,22085,0.07834875174249145,0.6906526565969291
2293,0.8171,1,1,1,666553,9891,104172,22084,0.07834083132682804,0.6906645817044567
2294,0.8175,9,3,9,666556,9888,104181,22075,0.07831707007983779,0.6906423051653474
2295,0.8181,0,1,0,666557,9887,104181,22075,0.07830914966417438,0.6906639133971592
2296,0.8183,5,0,5,666557,9887,104186,22070,0.07830914966417438,0.6906155145977407
2297,0.8187,0,1,0,666558,9886,104186,22070,0.07830122924851096,0.6906371260483164
2298,0.8192,2,1,2,666559,9885,104188,22068,0.07829330883284755,0.6906393765843583
2299,0.8193,0,1,0,666560,9884,104188,22068,0.07828538841718413,0.6906609914872308
2300,0.82,2042,1383,2042,667943,8501,106230,20026,0.06733145355468255,0.7020016125074491
2301,0.8207,0,2,0,667945,8499,106230,20026,0.06731561272335572,0.7020508326029798
2302,0.8208,1,2,1,667947,8497,106231,20025,0.06729977189202889,0.7020896150340088
2303,0.8215,1,1,1,667948,8496,106232,20024,0.06729185147636547,0.7021037868162693
2304,0.8217,2,2,2,667950,8494,106234,20022,0.06727601064503864,0.7021321363445083
2305,0.8218,0,1,0,667951,8493,106234,20022,0.06726809022937524,0.7021567596002104
2306,0.822,0,2,0,667953,8491,106234,20022,0.06725224939804841,0.7022060112930943
2307,0.8222,2,0,2,667953,8491,106236,20020,0.06725224939804841,0.7021851215320403
2308,0.8225,5,1,5,667954,8490,106241,20015,0.067244328982385,0.7021575162252236
2309,0.8227,0,2,0,667956,8488,106241,20015,0.06722848815105817,0.7022067852506754
2310,0.8229,1,0,1,667956,8488,106242,20014,0.06722848815105817,0.702196337099151
2311,0.823,0,1,0,667957,8487,106242,20014,0.06722056773539475,0.702220974702642
2312,0.8233,18,13,18,667970,8474,106260,19996,0.06711760233177037,0.7023533544081489
2313,0.8235,0,1,0,667971,8473,106260,19996,0.06710968191610696,0.7023780252204151
2314,0.8238,1,0,1,667971,8473,106261,19995,0.06710968191610696,0.7023675706055923
2315,0.824,6,1,6,667972,8472,106267,19989,0.06710176150044354,0.7023295035311479
2316,0.8241,0,1,0,667973,8471,106267,19989,0.06709384108478013,0.7023541813070977
2317,0.8242,1,3,1,667976,8468,106268,19988,0.06707007983778988,0.7024177677818386
2318,0.8245,1,0,1,667976,8468,106269,19987,0.06707007983778988,0.7024073097873836
2319,0.825,30,38,30,668014,8430,106299,19957,0.06676910404258016,0.7030330785218586
2320,0.8257,1,1,1,668015,8429,106300,19956,0.06676118362691674,0.7030473841817861
2321,0.826,2,3,2,668018,8426,106302,19954,0.0667374223799265,0.7031007751937984
2322,0.8264,0,1,0,668019,8425,106302,19954,0.06672950196426308,0.7031255505831777
2323,0.8267,15,12,15,668031,8413,106317,19939,0.06663445697630212,0.7032660835214447
2324,0.8269,1,0,1,668031,8413,106318,19938,0.06663445697630212,0.7032556170858171
2325,0.827,1,1,1,668032,8412,106319,19937,0.0666265365606387,0.7032699566122261
2326,0.8271,0,1,0,668033,8411,106319,19937,0.06661861614497529,0.703294765062791
2327,0.8273,1,1,1,668034,8410,106320,19936,0.06661069572931187,0.7033091088689762
2328,0.8275,9,2,9,668036,8408,106329,19927,0.06659485489798504,0.7032645138521263
2329,0.828,1,2,1,668038,8406,106330,19926,0.06657901406665821,0.7033036848792884
2330,0.8283,3,5,3,668043,8401,106333,19923,0.06653941198834115,0.703396412936026
2331,0.8288,1,0,1,668043,8401,106334,19922,0.06653941198834115,0.7033859407548635
2332,0.829,2,0,2,668043,8401,106336,19920,0.06653941198834115,0.7033649941739345
2333,0.8292,1,1,1,668044,8400,106337,19919,0.06653149157267774,0.7033793566156997
2334,0.83,2031,1222,2031,669266,7178,108368,17888,0.05685274363198581,0.7136360009574723
2335,0.8305,0,1,0,669267,7177,108368,17888,0.05684482321632239,0.7136644723718333
2336,0.8307,2,1,2,669268,7176,108370,17886,0.05683690280065898,0.7136700981565717
2337,0.8308,1,0,1,669268,7176,108371,17885,0.05683690280065898,0.7136586728382746
2338,0.8315,1,3,1,669271,7173,108372,17884,0.05681314155366873,0.7137326894680129
2339,0.8317,2,1,2,669272,7172,108374,17882,0.056805221138005325,0.7137383252175301
2340,0.832,3,0,3,669272,7172,108377,17879,0.056805221138005325,0.7137040437507485
2341,0.8325,10,3,10,669275,7169,108387,17869,0.05678145989101508,0.7136752136752137
2342,0.8327,0,1,0,669276,7168,108387,17869,0.056773539475351666,0.713703718496625
2343,0.8328,1,0,1,669276,7168,108388,17868,0.056773539475351666,0.7136922831123182
2344,0.8333,18,11,18,669287,7157,108406,17850,0.056686414903054115,0.7138001359619307
2345,0.8335,0,1,0,669288,7156,108406,17850,0.0566784944873907,0.7138286811165321
2346,0.834,5,2,5,669290,7154,108411,17845,0.05666265365606387,0.7138285531421257
2347,0.8342,0,1,0,669291,7153,108411,17845,0.056654733240400455,0.7138571085686855
2348,0.8343,0,2,0,669293,7151,108411,17845,0.056638892409073625,0.7139142262762042
2349,0.835,27,23,27,669316,7128,108438,17818,0.0564567228488151,0.7142628076645554
2350,0.8357,0,1,0,669317,7127,108438,17818,0.056448802433151694,0.7142914411705753
2351,0.8358,1,1,1,669318,7126,108439,17817,0.05644088201748828,0.7143086236619492
2352,0.836,1,2,1,669320,7124,108440,17816,0.05642504118616145,0.7143544506816359
2353,0.8362,1,1,1,669321,7123,108441,17815,0.056417120770498035,0.7143716416713449
2354,0.8367,16,10,16,669331,7113,108457,17799,0.0563379166138639,0.7144749518304432
2355,0.8372,1,0,1,669331,7113,108458,17798,0.0563379166138639,0.7144634900244872
2356,0.8373,2,1,2,669332,7112,108460,17796,0.056329996198200484,0.7144692468283282
2357,0.8375,4,4,4,669336,7108,108464,17792,0.056298314535546824,0.7145381526104417
2358,0.8376,1,0,1,669336,7108,108465,17791,0.056298314535546824,0.7145266878187879
2359,0.8377,0,1,0,669337,7107,108465,17791,0.05629039411988341,0.7145553859747771
2360,0.8378,1,0,1,669337,7107,108466,17790,0.05629039411988341,0.7145439209543318
2361,0.838,2,0,2,669337,7107,108468,17788,0.05629039411988341,0.714520988150231
2362,0.8383,1,2,1,669339,7105,108469,17787,0.056274553288556586,0.7145669291338582
2363,0.8385,1,0,1,669339,7105,108470,17786,0.056274553288556586,0.7145554618135069
2364,0.839,1,0,1,669339,7105,108471,17785,0.056274553288556586,0.7145439935717155
2365,0.8392,1,1,1,669340,7104,108472,17784,0.05626663287289317,0.7145612343297975
2366,0.84,1973,1164,1973,670504,5940,110445,15811,0.047047269040679254,0.7269091076272355
2367,0.8407,2,0,2,670504,5940,110447,15809,0.047047269040679254,0.7268839946664214
2368,0.8417,2,1,2,670505,5939,110449,15807,0.04703934862501584,0.7268923020325577
2369,0.842,0,1,0,670506,5938,110449,15807,0.047031428209352424,0.7269257300528857
2370,0.8425,2,3,2,670509,5935,110451,15805,0.047007666962362187,0.7270009199632015
2371,0.843,0,1,0,670510,5934,110451,15805,0.04699974654669877,0.7270343622061732
2372,0.8433,21,8,21,670518,5926,110472,15784,0.04693638322139146,0.727038231229848
2373,0.844,2,3,2,670521,5923,110474,15782,0.046912621974401214,0.7271135683022345
2374,0.8447,1,0,1,670521,5923,110475,15781,0.046912621974401214,0.7271009952082566
2375,0.845,32,32,32,670553,5891,110507,15749,0.04665916867317197,0.7277726432532348
2376,0.8452,0,1,0,670554,5890,110507,15749,0.046651248257508555,0.7278062757059014
2377,0.8453,1,2,1,670556,5888,110508,15748,0.046635407426181726,0.7278609724533185
2378,0.8457,1,0,1,670556,5888,110509,15747,0.046635407426181726,0.7278483938063324
2379,0.8458,0,1,0,670557,5887,110509,15747,0.04662748701051831,0.7278820375335121
2380,0.846,2,2,2,670559,5885,110511,15745,0.04661164617919148,0.72792417938049
2381,0.8467,24,6,24,670565,5879,110535,15721,0.046564123685211,0.7278240740740741
2382,0.8468,0,1,0,670566,5878,110535,15721,0.04655620326954758,0.7278577711931108
2383,0.847,1,0,1,670566,5878,110536,15720,0.04655620326954758,0.7278451708491527
2384,0.8471,1,0,1,670566,5878,110537,15719,0.04655620326954758,0.7278325693383341
2385,0.8474,1,0,1,670566,5878,110538,15718,0.04655620326954758,0.7278199666604926
2386,0.8475,2,4,2,670570,5874,110540,15716,0.04652452160689393,0.7279295970356646
2387,0.8476,1,0,1,670570,5874,110541,15715,0.04652452160689393,0.727916994765853
2388,0.848,3,2,3,670572,5872,110544,15712,0.0465086807755671,0.7279466271312083
2389,0.8483,3,1,3,670573,5871,110547,15709,0.046500760359903685,0.7279425393883225
2390,0.8487,0,1,0,670574,5870,110547,15709,0.04649283994424027,0.7279762732286019
2391,0.8488,0,1,0,670575,5869,110547,15709,0.04648491952857686,0.7280100101955695
2392,0.8492,0,1,0,670576,5868,110547,15709,0.04647699911291345,0.7280437502896603
2393,0.85,1832,1010,1832,671586,4858,112379,13877,0.03847737929286529,0.7406992260475047
2394,0.8502,0,1,0,671587,4857,112379,13877,0.03846945887720188,0.7407387637450624
2395,0.8507,1,0,1,671587,4857,112380,13876,0.03846945887720188,0.7407249239310308
2396,0.8508,0,1,0,671588,4856,112380,13876,0.038461538461538464,0.7407644672218663
2397,0.851,1,2,1,671590,4854,112381,13875,0.038445697630211634,0.7408297292968125
2398,0.8513,1,1,1,671591,4853,112382,13874,0.03843777721454822,0.7408554493512042
2399,0.8515,1,0,1,671591,4853,112383,13873,0.03843777721454822,0.7408416105948948
2400,0.8517,0,3,0,671594,4850,112383,13873,0.038414015967557974,0.740960316188645
2401,0.852,2,0,2,671594,4850,112385,13871,0.038414015967557974,0.7409326424870466
2402,0.8521,1,2,1,671596,4848,112386,13870,0.03839817513623115,0.7409979698685757
2403,0.8522,1,0,1,671596,4848,112387,13869,0.03839817513623115,0.7409841320724475
2404,0.8523,0,1,0,671597,4847,112387,13869,0.038390254720567736,0.7410237230177388
2405,0.8525,6,4,6,671601,4843,112393,13863,0.038358573057914076,0.7410991125841976
2406,0.8527,1,1,1,671602,4842,112394,13862,0.03835065264225067,0.7411248930710008
2407,0.8533,17,10,17,671612,4832,112411,13845,0.038271448485616526,0.7412860737805858
2408,0.8534,1,1,1,671613,4831,112412,13844,0.03826352806995311,0.7413119143239625
2409,0.8535,0,1,0,671614,4830,112412,13844,0.038255607654289696,0.7413516118667667
2410,0.8537,1,0,1,671614,4830,112413,13843,0.038255607654289696,0.7413377604027205
2411,0.8538,1,0,1,671614,4830,112414,13842,0.038255607654289696,0.7413239074550129
2412,0.854,5,2,5,671616,4828,112419,13837,0.038239766822962866,0.7413340476828288
2413,0.8542,0,1,0,671617,4827,112419,13837,0.03823184640729946,0.7413737676810973
2414,0.8545,0,1,0,671618,4826,112419,13837,0.03822392599163604,0.741413491935916
2415,0.8547,1,0,1,671618,4826,112420,13836,0.03822392599163604,0.7413996356231916
2416,0.855,24,13,24,671631,4813,112444,13812,0.038120960588011656,0.7415838926174496
2417,0.856,3,0,3,671631,4813,112447,13809,0.038120960588011656,0.7415422618408334
2418,0.8565,0,1,0,671632,4812,112447,13809,0.03811304017234825,0.7415820847430321
2419,0.8567,12,6,12,671638,4806,112459,13797,0.03806551767836776,0.7416545718432511
2420,0.8571,1,1,1,671639,4805,112460,13796,0.03805759726270435,0.7416805548088813
2421,0.8575,3,2,3,671641,4803,112463,13793,0.03804175643137752,0.7417186491718649
2422,0.858,3,1,3,671642,4802,112466,13790,0.038033836015714105,0.7417168674698795
2423,0.8583,2,1,2,671643,4801,112468,13788,0.03802591560005069,0.7417289795040077
2424,0.859,2,1,2,671644,4800,112470,13786,0.038017995184387275,0.7417410954481868
2425,0.8597,1,0,1,671644,4800,112471,13785,0.038017995184387275,0.741727199354318
2426,0.8598,0,2,0,671646,4798,112471,13785,0.038002154353060445,0.7418070279287521
2427,0.86,1772,886,1772,672532,3912,114243,12013,0.03098466607527563,0.7543485086342229
2428,0.8604,0,1,0,672533,3911,114243,12013,0.030976745659612216,0.7543958804320523
2429,0.8605,0,1,0,672534,3910,114243,12013,0.030968825243948804,0.7544432581799912
2430,0.8608,0,1,0,672535,3909,114243,12013,0.03096090482828539,0.7544906418791609
2431,0.861,0,1,0,672536,3908,114243,12013,0.030952984412621974,0.7545380315306828
2432,0.8617,2,3,2,672539,3905,114245,12011,0.030929223165631733,0.7546494093993465
2433,0.8623,0,1,0,672540,3904,114245,12011,0.030921302749968318,0.7546968268928683
2434,0.8625,5,5,5,672545,3899,114250,12006,0.030881700671651247,0.7548569632191134
2435,0.8628,0,1,0,672546,3898,114250,12006,0.030873780255987835,0.7549044265593562
2436,0.8633,25,5,25,672551,3893,114275,11981,0.030834178177670764,0.7547562051152829
2437,0.8638,1,0,1,672551,3893,114276,11980,0.030834178177670764,0.7547407547407547
2438,0.864,2,1,2,672552,3892,114278,11978,0.03082625776200735,0.7547574039067423
2439,0.865,26,15,26,672567,3877,114304,11952,0.03070745152705614,0.7550698085791901
2440,0.866,5,1,5,672568,3876,114309,11947,0.030699531111392727,0.7550401314542122
2441,0.8662,1,0,1,672568,3876,114310,11946,0.030699531111392727,0.7550246492226015
2442,0.8665,0,1,0,672569,3875,114310,11946,0.030691610695729312,0.75507237216358
2443,0.8667,7,7,7,672576,3868,114317,11939,0.030636167786085414,0.7552982855696844
2444,0.8668,0,1,0,672577,3867,114317,11939,0.030628247370422,0.7553460711122358
2445,0.8673,0,1,0,672578,3866,114317,11939,0.030620326954758584,0.7553938627016766
2446,0.8675,5,2,5,672580,3864,114322,11934,0.030604486123431758,0.7554120774781617
2447,0.868,3,1,3,672581,3863,114325,11931,0.030596565707768343,0.7554134481448651
2448,0.8683,3,0,3,672581,3863,114328,11928,0.030596565707768343,0.7553669811918181
2449,0.8685,1,0,1,672581,3863,114329,11927,0.030596565707768343,0.7553514882837239
2450,0.8687,0,1,0,672582,3862,114329,11927,0.030588645292104928,0.755399328646526
2451,0.869,1,0,1,672582,3862,114330,11926,0.030588645292104928,0.7553838358246769
2452,0.8692,1,0,1,672582,3862,114331,11925,0.030588645292104928,0.7553683410400963
2453,0.87,1680,751,1680,673333,3111,116011,10245,0.024640413128881003,0.7670709793351302
2454,0.8707,1,0,1,673333,3111,116012,10244,0.024640413128881003,0.7670535380007488
2455,0.8708,2,0,2,673333,3111,116014,10242,0.024640413128881003,0.767018647494945
2456,0.8713,1,0,1,673333,3111,116015,10241,0.024640413128881003,0.7670011983223487
2457,0.8717,2,2,2,673335,3109,116017,10239,0.024624572297554177,0.767081210668265
2458,0.872,2,1,2,673336,3108,116019,10237,0.02461665188189076,0.7671037841888347
2459,0.8722,0,1,0,673337,3107,116019,10237,0.024608731466227347,0.7671612709832134
2460,0.8725,3,3,3,673340,3104,116022,10234,0.024584970219237105,0.7672814514919778
2461,0.8727,0,1,0,673341,3103,116022,10234,0.02457704980357369,0.7673389817800105
2462,0.8733,5,2,5,673343,3101,116027,10229,0.024561208972246864,0.7673668417104276
2463,0.874,2,1,2,673344,3100,116029,10227,0.02455328855658345,0.7673895100172582
2464,0.8745,0,1,0,673345,3099,116029,10227,0.024545368140920034,0.7674470959027465
2465,0.8747,1,0,1,673345,3099,116030,10226,0.024545368140920034,0.7674296435272046
2466,0.875,26,10,26,673355,3089,116056,10200,0.024466163984285895,0.7675521107683047
2467,0.8757,1,0,1,673355,3089,116057,10199,0.024466163984285895,0.7675346177001806
2468,0.876,1,0,1,673355,3089,116058,10198,0.024466163984285895,0.7675171219989463
2469,0.8762,1,0,1,673355,3089,116059,10197,0.024466163984285895,0.7674996236640073
2470,0.8767,12,5,12,673360,3084,116071,10185,0.024426561905968824,0.7675785665837667
2471,0.8775,9,1,9,673361,3083,116080,10176,0.024418641490305412,0.7674786937174749
2472,0.878,0,1,0,673362,3082,116080,10176,0.024410721074641997,0.7675365816865289
2473,0.8783,0,1,0,673363,3081,116080,10176,0.024402800658978582,0.7675944783887757
2474,0.879,1,0,1,673363,3081,116081,10175,0.024402800658978582,0.7675769462884732
2475,0.8792,0,1,0,673364,3080,116081,10175,0.02439488024331517,0.7676348547717843
2476,0.88,1456,606,1456,673970,2474,117537,8719,0.019595108351286274,0.7789689984811936
2477,0.8802,1,0,1,673970,2474,117538,8718,0.019595108351286274,0.7789492494639028
2478,0.8803,0,1,0,673971,2473,117538,8718,0.019587187935622863,0.7790188544366008
2479,0.8807,0,1,0,673972,2472,117538,8718,0.019579267519959448,0.779088471849866
2480,0.8808,1,2,1,673974,2470,117539,8717,0.019563426688632618,0.7792080092965049
2481,0.881,0,1,0,673975,2469,117539,8717,0.019555506272969207,0.7792776685142142
2482,0.8815,1,0,1,673975,2469,117540,8716,0.019555506272969207,0.7792579347340187
2483,0.8817,2,0,2,673975,2469,117542,8714,0.019555506272969207,0.7792184565858893
2484,0.8819,2,0,2,673975,2469,117544,8712,0.019555506272969207,0.779178964314462
2485,0.882,0,1,0,673976,2468,117544,8712,0.01954758585730579,0.7792486583184257
2486,0.8825,3,1,3,673977,2467,117547,8709,0.019539665441642377,0.7792591267000716
2487,0.8827,1,0,1,673977,2467,117548,8708,0.019539665441642377,0.7792393736017897
2488,0.8833,16,6,16,673983,2461,117564,8692,0.019492142947661894,0.779341881108222
2489,0.884,1,0,1,673983,2461,117565,8691,0.019492142947661894,0.7793220946915351
2490,0.8842,2,0,2,673983,2461,117567,8689,0.019492142947661894,0.7792825112107623
2491,0.8843,0,1,0,673984,2460,117567,8689,0.01948422253199848,0.7793524082877388
2492,0.885,13,9,13,673993,2451,117580,8676,0.019412938791027755,0.7797249932596387
2493,0.8862,0,1,0,673994,2450,117580,8676,0.01940501837536434,0.7797950746000359
2494,0.8867,9,8,9,674002,2442,117589,8667,0.019341655050057027,0.7801782338644342
2495,0.8868,0,1,0,674003,2441,117589,8667,0.019333734634393612,0.78024846957148
2496,0.8871,1,1,1,674004,2440,117590,8666,0.019325814218730197,0.7802989375112552
2497,0.8873,0,1,0,674005,2439,117590,8666,0.019317893803066786,0.7803692030616839
2498,0.8875,4,2,4,674007,2437,117594,8662,0.019302052971739956,0.7804306694296783
2499,0.8877,1,0,1,674007,2437,117595,8661,0.019302052971739956,0.780410884844116
2500,0.888,1,1,1,674008,2436,117596,8660,0.019294132556076544,0.7804614275414564
2501,0.8883,0,2,0,674010,2434,117596,8660,0.019278291724749715,0.7806021272760051
2502,0.8887,0,1,0,674011,2433,117596,8660,0.0192703713090863,0.7806724961687551
2503,0.8892,1,0,1,674011,2433,117597,8659,0.0192703713090863,0.7806527226830148
2504,0.8895,0,3,0,674014,2430,117597,8659,0.019246610062096058,0.7808639191992064
2505,0.8896,1,0,1,674014,2430,117598,8658,0.019246610062096058,0.7808441558441559
2506,0.89,1379,500,1379,674514,1930,118977,7279,0.015286402230389051,0.7904224128569878
2507,0.8902,1,0,1,674514,1930,118978,7278,0.015286402230389051,0.7903996524761078
2508,0.8906,1,0,1,674514,1930,118979,7277,0.015286402230389051,0.7903768871510807
2509,0.8913,0,1,0,674515,1929,118979,7277,0.015278481814725638,0.790462741690202
2510,0.8917,3,0,3,674515,1929,118982,7274,0.015278481814725638,0.7903944365967619
2511,0.8918,1,0,1,674515,1929,118983,7273,0.015278481814725638,0.7903716583351446
2512,0.892,0,1,0,674516,1928,118983,7273,0.015270561399062223,0.7904575589609825
2513,0.8925,3,0,3,674516,1928,118986,7270,0.015270561399062223,0.7903892150467493
2514,0.8926,1,0,1,674516,1928,118987,7269,0.015270561399062223,0.7903664238338589
2515,0.8927,1,0,1,674516,1928,118988,7268,0.015270561399062223,0.7903436276642019
2516,0.8933,10,2,10,674518,1926,118998,7258,0.015254720567735395,0.7902874564459931
2517,0.894,3,0,3,674518,1926,119001,7255,0.015254720567735395,0.7902189303997386
2518,0.8945,0,1,0,674519,1925,119001,7255,0.015246800152071981,0.7903050108932462
2519,0.8947,0,1,0,674520,1924,119001,7255,0.015238879736408566,0.7903911101427171
2520,0.895,24,12,24,674532,1912,119025,7231,0.0151438347484476,0.7908782675270699
2521,0.896,3,1,3,674533,1911,119028,7228,0.015135914332784184,0.7908961593172119
2522,0.8967,19,4,19,674537,1907,119047,7209,0.015104232670130528,0.7908073716542343
2523,0.8971,1,0,1,674537,1907,119048,7208,0.015104232670130528,0.7907844212835985
2524,0.8973,0,1,0,674538,1906,119048,7208,0.015096312254467115,0.7908711871845513
2525,0.8975,8,0,8,674538,1906,119056,7200,0.015096312254467115,0.7906874588183616
2526,0.898,2,0,2,674538,1906,119058,7198,0.015096312254467115,0.7906414762741653
2527,0.8983,1,3,1,674541,1903,119059,7197,0.015072551007476872,0.7908791208791209
2528,0.8988,1,1,1,674542,1902,119060,7196,0.015064630591813458,0.7909430644097604
2529,0.8992,1,0,1,674542,1902,119061,7195,0.015064630591813458,0.7909200835440255
2530,0.8993,1,0,1,674542,1902,119062,7194,0.015064630591813458,0.7908970976253298
2531,0.8997,1,0,1,674542,1902,119063,7193,0.015064630591813458,0.7908741066520066
2532,0.9,1209,422,1209,674964,1480,120272,5984,0.011722215181852744,0.8017148981779206
2533,0.9008,1,0,1,674964,1480,120273,5983,0.011722215181852744,0.8016883290901782
2534,0.901,1,0,1,674964,1480,120274,5982,0.011722215181852744,0.8016617528812651
2535,0.902,3,0,3,674964,1480,120277,5979,0.011722215181852744,0.8015819814988604
2536,0.9025,4,1,4,674965,1479,120281,5975,0.011714294766189329,0.8015830426616581
2537,0.9027,1,1,1,674966,1478,120282,5974,0.011706374350525916,0.8016639828234031
2538,0.9029,0,1,0,674967,1477,120282,5974,0.011698453934862501,0.8017715742853309
2539,0.9033,12,2,12,674969,1475,120294,5962,0.011682613103535673,0.8016673389807718
2540,0.904,1,0,1,674969,1475,120295,5961,0.011682613103535673,0.8016406670252824
2541,0.9045,0,1,0,674970,1474,120295,5961,0.01167469268787226,0.8017484868863484
2542,0.905,17,4,17,674974,1470,120312,5944,0.011643011025218603,0.8017264634475317
2543,0.9053,1,0,1,674974,1470,120313,5943,0.011643011025218603,0.8016997167138811
2544,0.9054,0,1,0,674975,1469,120313,5943,0.01163509060955519,0.8018078791149488
2545,0.9059,0,1,0,674976,1468,120313,5943,0.011627170193891775,0.8019160707057077
2546,0.906,1,0,1,674976,1468,120314,5942,0.011627170193891775,0.801889338731444
2547,0.9067,8,8,8,674984,1460,120322,5934,0.011563806868584464,0.8025426021098188
2548,0.9069,1,0,1,674984,1460,120323,5933,0.011563806868584464,0.8025158934126877
2549,0.9075,2,3,2,674987,1457,120325,5931,0.011540045621594221,0.8027883053600433
2550,0.9082,0,1,0,674988,1456,120325,5931,0.011532125205930808,0.8028969811831596
2551,0.9083,4,3,4,674991,1453,120329,5927,0.011508363958940565,0.8031165311653117
2552,0.909,0,1,0,674992,1452,120329,5927,0.011500443543277152,0.8032253692912319
2553,0.9095,1,0,1,674992,1452,120330,5926,0.011500443543277152,0.8031986988343724
2554,0.91,1170,356,1170,675348,1096,121500,4756,0.008680775567101761,0.8127136021872864
2555,0.9107,0,1,0,675349,1095,121500,4756,0.008672855151438348,0.8128525038454965
2556,0.9108,1,1,1,675350,1094,121501,4755,0.008664934735774933,0.8129594802530347
2557,0.911,1,1,1,675351,1093,121502,4754,0.00865701432011152,0.8130665298443647
2558,0.9112,0,1,0,675352,1092,121502,4754,0.008649093904448105,0.8132056106739651
2559,0.9115,1,1,1,675353,1091,121503,4753,0.008641173488784692,0.8133127994524298
2560,0.9117,3,1,3,675354,1090,121506,4750,0.008633253073121277,0.8133561643835616
2561,0.9125,0,1,0,675355,1089,121506,4750,0.008625332657457864,0.8134954615516355
2562,0.9127,2,1,2,675356,1088,121508,4748,0.008617412241794449,0.8135709389993147
2563,0.9133,9,6,9,675362,1082,121517,4739,0.008569889747813966,0.8141212850025769
2564,0.914,0,1,0,675363,1081,121517,4739,0.008561969332150551,0.8142611683848797
2565,0.9142,1,0,1,675363,1081,121518,4738,0.008561969332150551,0.8142292490118577
2566,0.915,19,6,19,675369,1075,121537,4719,0.008514446838170067,0.8144632378322403
2567,0.916,2,0,2,675369,1075,121539,4717,0.008514446838170067,0.8143991712707183
2568,0.9167,9,4,9,675373,1071,121548,4708,0.008482765175516412,0.8146738189998269
2569,0.917,0,1,0,675374,1070,121548,4708,0.008474844759852997,0.8148148148148148
2570,0.9175,6,0,6,675374,1070,121554,4702,0.008474844759852997,0.8146223146223146
2571,0.918,2,0,2,675374,1070,121556,4700,0.008474844759852997,0.8145580589254766
2572,0.9183,0,1,0,675375,1069,121556,4700,0.008466924344189584,0.8146992546368521
2573,0.9195,0,2,0,675377,1067,121556,4700,0.008451083512862756,0.8149817929599446
2574,0.92,956,276,956,675653,791,122512,3744,0.006265048789760487,0.8255788313120176
2575,0.9203,1,0,1,675653,791,122513,3743,0.006265048789760487,0.825540361711513
2576,0.9207,1,0,1,675653,791,122514,3742,0.006265048789760487,0.8255018751378778
2577,0.9213,1,0,1,675653,791,122515,3741,0.006265048789760487,0.8254633715798765
2578,0.9217,2,2,2,675655,789,122517,3739,0.0062492079584336585,0.8257508833922261
2579,0.9223,1,1,1,675656,788,122518,3738,0.006241287542770244,0.8258948298718515
2580,0.9225,2,0,2,675656,788,122520,3736,0.006241287542770244,0.8258178603006189
2581,0.923,0,1,0,675657,787,122520,3736,0.00623336712710683,0.8260004421843908
2582,0.9233,4,3,4,675660,784,122524,3732,0.006209605880116588,0.8263950398582817
2583,0.9237,0,1,0,675661,783,122524,3732,0.006201685464453175,0.826578073089701
2584,0.9242,1,1,1,675662,782,122525,3731,0.006193765048789761,0.8267228007976956
2585,0.9245,1,0,1,675662,782,122526,3730,0.006193765048789761,0.8266843971631206
2586,0.925,15,5,15,675667,777,122541,3715,0.00615416297047269,0.8270258236865539
2587,0.926,1,0,1,675667,777,122542,3714,0.00615416297047269,0.8269873079492318
2588,0.9267,7,4,7,675671,773,122549,3707,0.006122481307819034,0.8274553571428571
2589,0.9271,1,0,1,675671,773,122550,3706,0.006122481307819034,0.8274168341147577
2590,0.9272,0,1,0,675672,772,122550,3706,0.00611456089215562,0.8276016078606521
2591,0.9275,1,1,1,675673,771,122551,3705,0.006106640476492206,0.8277479892761395
2592,0.928,1,1,1,675674,770,122552,3704,0.006098720060828793,0.8278945015645954
2593,0.9283,0,2,0,675676,768,122552,3704,0.0060828792295019645,0.8282647584973166
2594,0.9287,2,0,2,675676,768,122554,3702,0.0060828792295019645,0.8281879194630872
2595,0.9288,1,0,1,675676,768,122555,3701,0.0060828792295019645,0.828149474155292
2596,0.9292,1,0,1,675676,768,122556,3700,0.0060828792295019645,0.8281110116383169
2597,0.9298,0,1,0,675677,767,122556,3700,0.0060749588138385505,0.8282963957913588
2598,0.93,815,245,815,675922,522,123371,2885,0.004134456976302116,0.8467860287643088
2599,0.9318,1,0,1,675922,522,123372,2884,0.004134456976302116,0.8467410452143277
2600,0.9319,0,1,0,675923,521,123372,2884,0.004126536560638702,0.8469897209985315
2601,0.9327,2,0,2,675923,521,123374,2882,0.004126536560638702,0.8468997942991479
2602,0.9333,5,2,5,675925,519,123379,2877,0.004110695729311874,0.8471731448763251
2603,0.934,2,1,2,675926,518,123381,2875,0.00410277531364846,0.847332743884468
2604,0.9342,1,1,1,675927,517,123382,2874,0.004094854897985046,0.8475375995281628
2605,0.935,7,4,7,675931,513,123389,2867,0.0040631732353313904,0.848224852071006
2606,0.9358,2,0,2,675931,513,123391,2865,0.0040631732353313904,0.8481349911190054
2607,0.936,2,1,2,675932,512,123393,2863,0.004055252819667976,0.8482962962962963
2608,0.9367,5,1,5,675933,511,123398,2858,0.004047332404004562,0.8483229444939151
2609,0.9375,4,0,4,675933,511,123402,2854,0.004047332404004562,0.8481426448736998
2610,0.94,695,178,695,676111,333,124097,2159,0.002637498415916867,0.8663723916532905
2611,0.9424,1,0,1,676111,333,124098,2158,0.002637498415916867,0.8663187474909675
2612,0.9425,6,1,6,676112,332,124104,2152,0.002629578000253453,0.8663446054750402
2613,0.9433,2,3,2,676115,329,124106,2150,0.0026058167532632113,0.8672851956434046
2614,0.9435,0,1,0,676116,328,124106,2150,0.0025978963375997972,0.8676351896690879
2615,0.945,10,1,10,676117,327,124116,2140,0.002589975921936383,0.867450344548034
2616,0.946,0,1,0,676118,326,124116,2140,0.002582055506272969,0.8678021086780211
2617,0.9467,7,0,7,676118,326,124123,2133,0.002582055506272969,0.8674257828385522
2618,0.9475,2,0,2,676118,326,124125,2131,0.002582055506272969,0.8673178673178673
2619,0.9483,1,0,1,676118,326,124126,2130,0.002582055506272969,0.8672638436482085
2620,0.9488,1,0,1,676118,326,124127,2129,0.002582055506272969,0.8672097759674134
2621,0.9492,0,1,0,676119,325,124127,2129,0.002574135090609555,0.867563162184189
2622,0.95,604,124,604,676243,201,124731,1525,0.0015920035483462172,0.8835457705677868
2623,0.9501,1,0,1,676243,201,124732,1524,0.0015920035483462172,0.8834782608695653
2624,0.951,1,0,1,676243,201,124733,1523,0.0015920035483462172,0.8834106728538283
2625,0.9517,2,0,2,676243,201,124735,1521,0.0015920035483462172,0.8832752613240418
2626,0.9525,1,0,1,676243,201,124736,1520,0.0015920035483462172,0.8832074375363161
2627,0.9533,3,3,3,676246,198,124739,1517,0.0015682423013559752,0.8845481049562682
2628,0.954,1,0,1,676246,198,124740,1516,0.0015682423013559752,0.8844807467911319
2629,0.955,8,1,8,676247,197,124748,1508,0.001560321885692561,0.884457478005865
2630,0.9567,2,0,2,676247,197,124750,1506,0.001560321885692561,0.8843217850851439
2631,0.9586,1,0,1,676247,197,124751,1505,0.001560321885692561,0.8842538190364277
2632,0.9588,1,0,1,676247,197,124752,1504,0.001560321885692561,0.884185773074662
2633,0.96,492,78,492,676325,119,125244,1012,0.0009425294639462679,0.8947833775419982
2634,0.9617,1,0,1,676325,119,125245,1011,0.0009425294639462679,0.8946902654867257
2635,0.9625,2,0,2,676325,119,125247,1009,0.0009425294639462679,0.8945035460992907
2636,0.9632,0,1,0,676326,118,125247,1009,0.0009346090482828539,0.8952972493345164
2637,0.9633,4,1,4,676327,117,125251,1005,0.0009266886326194399,0.8957219251336899
2638,0.964,1,0,1,676327,117,125252,1004,0.0009266886326194399,0.8956289027653881
2639,0.965,1,3,1,676330,114,125253,1003,0.0009029273856291978,0.8979409131602507
2640,0.9667,2,1,2,676331,113,125255,1001,0.0008950069699657839,0.8985637342908438
2641,0.9675,1,0,1,676331,113,125256,1000,0.0008950069699657839,0.8984725965858041
2642,0.97,371,62,371,676393,51,125627,629,0.0004039411988341148,0.925
2643,0.974,1,0,1,676393,51,125628,628,0.0004039411988341148,0.9248895434462445
2644,0.975,4,0,4,676393,51,125632,624,0.0004039411988341148,0.9244444444444444
2645,0.9767,6,0,6,676393,51,125638,618,0.0004039411988341148,0.9237668161434978
2646,0.98,263,21,263,676414,30,125901,355,0.00023761246990242047,0.922077922077922
2647,0.9817,1,0,1,676414,30,125902,354,0.00023761246990242047,0.921875
2648,0.9833,2,0,2,676414,30,125904,352,0.00023761246990242047,0.9214659685863874
2649,0.985,4,0,4,676414,30,125908,348,0.00023761246990242047,0.9206349206349206
2650,0.9867,1,0,1,676414,30,125909,347,0.00023761246990242047,0.9204244031830239
2651,0.9875,1,0,1,676414,30,125910,346,0.00023761246990242047,0.9202127659574468
2652,0.99,206,18,206,676432,12,126116,140,9.50449879609682e-05,0.9210526315789473
2653,0.9933,2,0,2,676432,12,126118,138,9.50449879609682e-05,0.92
2654,0.995,1,0,1,676432,12,126119,137,9.50449879609682e-05,0.9194630872483222
2655,1.0,137,12,137,676444,0,126256,0,0.0,
