,y_proba,y_test,Neg,Pos,TN,FP,FN,TP,FP/P,Prec
0,0.0,5,247,5,247,676197,5,126251,5.355761310353567,0.15733231312184714
1,0.0017,0,1,0,248,676196,5,126251,5.355753389937904,0.15733250918752267
2,0.002,0,5,0,253,676191,5,126251,5.355713787859587,0.15733348952323034
3,0.0025,0,6,0,259,676185,5,126251,5.355666265365606,0.157334665942206
4,0.0033,0,16,0,275,676169,5,126251,5.355539538714992,0.1573378031454849
5,0.0038,0,1,0,276,676168,5,126251,5.355531618299328,0.15733799922484387
6,0.004,1,1,1,277,676167,6,126250,5.355523697883665,0.1573371451502149
7,0.005,0,19,0,296,676148,6,126250,5.35537320998606,0.15734087073995698
8,0.0067,1,5,1,301,676143,7,126249,5.355333607907743,0.15734080100499506
9,0.0075,0,4,0,305,676139,7,126249,5.355301926245089,0.15734158536767748
10,0.0078,0,3,0,308,676136,7,126249,5.355278164998099,0.15734217364482136
11,0.008,0,6,0,314,676130,7,126249,5.355230642504119,0.15734335021230617
12,0.0081,0,4,0,318,676126,7,126249,5.355198960841465,0.15734413460040506
13,0.0083,0,1,0,319,676125,7,126249,5.355191040425802,0.15734433069865175
14,0.0087,0,2,0,321,676123,7,126249,5.355175199594474,0.15734472289661156
15,0.01,5,288,5,609,675835,12,126244,5.352894119883412,0.1573959672301606
16,0.0114,0,1,0,610,675834,12,126244,5.352886199467748,0.15739616346539861
17,0.0117,0,3,0,613,675831,12,126244,5.3528624382207575,0.15739675217404855
18,0.012,0,10,0,623,675821,12,126244,5.352783234064123,0.1573987145680213
19,0.0125,1,10,1,633,675811,13,126243,5.35270402990749,0.15739962645906636
20,0.0129,0,5,0,638,675806,13,126243,5.352664427829173,0.15740060769354491
21,0.0133,1,20,1,658,675786,14,126242,5.352506019515904,0.15740348217269223
22,0.0137,0,1,0,659,675785,14,126242,5.352498099100241,0.15740367842977854
23,0.014,0,3,0,662,675782,14,126242,5.35247433785325,0.15740426720397394
24,0.0145,0,2,0,664,675780,14,126242,5.3524584970219236,0.15740465972255124
25,0.015,3,71,3,735,675709,17,126239,5.351896147509821,0.15741544339533237
26,0.0158,0,3,0,738,675706,17,126239,5.351872386262831,0.15741603227153983
27,0.016,0,7,0,745,675699,17,126239,5.351816943353187,0.15741740633315793
28,0.0162,0,2,0,747,675697,17,126239,5.35180110252186,0.15741779892659763
29,0.0164,0,3,0,750,675694,17,126239,5.35177734127487,0.15741838782042888
30,0.0166,0,6,0,756,675688,17,126239,5.35172981878089,0.15741956562130968
31,0.0167,0,16,0,772,675672,17,126239,5.351603092130275,0.15742270650982465
32,0.017,0,2,0,774,675670,17,126239,5.351587251298948,0.15742309912970176
33,0.0171,0,3,0,777,675667,17,126239,5.351563490051958,0.15742368806318946
34,0.0175,2,9,2,786,675658,19,126237,5.351492206310987,0.157423353431559
35,0.018,0,2,0,788,675656,19,126237,5.351476365479661,0.15742374606088344
36,0.0183,0,10,0,798,675646,19,126237,5.3513971613230265,0.15742570923688368
37,0.0185,0,1,0,799,675645,19,126237,5.351389240907363,0.15742590555717675
38,0.0192,0,1,0,800,675644,19,126237,5.3513813204917,0.15742610187795944
39,0.0193,0,2,0,802,675642,19,126237,5.351365479660372,0.1574264945209938
40,0.0194,0,1,0,803,675641,19,126237,5.351357559244709,0.15742669084324548
41,0.02,7,459,7,1262,675182,26,126230,5.347722088455202,0.15750949574001888
42,0.021,0,3,0,1265,675179,26,126230,5.347698327208212,0.1575100853621559
43,0.0211,1,8,1,1273,675171,27,126229,5.347634963882904,0.15751060643873221
44,0.0212,0,1,0,1274,675170,27,126229,5.3476270434672415,0.157510802983283
45,0.0215,0,4,0,1278,675166,27,126229,5.347595361804587,0.1575115891663911
46,0.0217,0,4,0,1282,675162,27,126229,5.347563680141934,0.1575123753573474
47,0.022,0,12,0,1294,675150,27,126229,5.347468635153973,0.15751473397730661
48,0.0224,0,6,0,1300,675144,27,126229,5.347421112659992,0.15751591331377524
49,0.0225,1,17,1,1317,675127,28,126228,5.347286465593714,0.15751820354274948
50,0.0227,0,1,0,1318,675126,28,126228,5.347278545178051,0.1575184001078175
51,0.0229,0,5,0,1323,675121,28,126228,5.347238943099734,0.15751938294051657
52,0.023,0,1,0,1324,675120,28,126228,5.3472310226840705,0.15751957950852813
53,0.0233,0,31,0,1355,675089,28,126228,5.346985489798505,0.1575256733602307
54,0.0238,0,3,0,1358,675086,28,126228,5.3469617285515145,0.15752626311283716
55,0.0239,0,2,0,1360,675084,28,126228,5.346945887720188,0.15752665628369475
56,0.024,0,8,0,1368,675076,28,126228,5.34688252439488,0.1575282289867516
57,0.0242,0,2,0,1370,675074,28,126228,5.346866683563554,0.15752862216742253
58,0.0243,0,1,0,1371,675073,28,126228,5.34685876314789,0.157528818758494
59,0.0245,0,1,0,1372,675072,28,126228,5.346850842732227,0.15752901535005615
60,0.0247,1,2,1,1374,675070,29,126227,5.346835001900899,0.157528357150969
61,0.0248,0,3,0,1377,675067,29,126227,5.34681124065391,0.1575289469283434
62,0.025,0,82,0,1459,674985,29,126227,5.34616176656951,0.1575450692201315
63,0.0257,0,3,0,1462,674982,29,126227,5.346138005322519,0.1575456591226509
64,0.0258,0,2,0,1464,674980,29,126227,5.3461221644911925,0.15754605239345137
65,0.026,1,10,1,1474,674970,30,126226,5.346042960334558,0.15754696728391054
66,0.0267,1,43,1,1517,674927,31,126225,5.345702382461032,0.15755437170474518
67,0.027,1,2,1,1519,674925,32,126224,5.345686541629704,0.15755371347901576
68,0.0271,0,1,0,1520,674924,32,126224,5.3456786212140415,0.1575539101389506
69,0.0273,0,5,0,1525,674919,32,126224,5.345639019135724,0.15755489344598905
70,0.0275,0,21,0,1546,674898,32,126224,5.345472690406792,0.15755902346958392
71,0.028,0,5,0,1551,674893,32,126224,5.345433088328475,0.15756000684044902
72,0.0282,0,1,0,1552,674892,32,126224,5.345425167912812,0.15756020351609504
73,0.0283,1,14,1,1566,674878,33,126223,5.345314282093525,0.1575619054276552
74,0.0286,0,3,0,1569,674875,33,126223,5.345290520846534,0.15756249547496062
75,0.0287,0,1,0,1570,674874,33,126223,5.3452826004308704,0.15756269215837782
76,0.029,0,4,0,1574,674870,33,126223,5.345250918768217,0.15756347889695704
77,0.0292,0,2,0,1576,674868,33,126223,5.3452350779368905,0.15756387226919288
78,0.03,12,732,12,2308,674136,45,126211,5.339437333671271,0.15769534964209275
79,0.0307,0,2,0,2310,674134,45,126211,5.339421492839945,0.15769574371052483
80,0.0308,0,3,0,2313,674131,45,126211,5.339397731592954,0.1576963348168658
81,0.031,0,1,0,2314,674130,45,126211,5.33938981117729,0.15769653185329754
82,0.0312,0,11,0,2325,674119,45,126211,5.339302686604993,0.1576986992865443
83,0.0314,0,9,0,2334,674110,45,126211,5.339231402864022,0.15770047268533502
84,0.0315,0,1,0,2335,674109,45,126211,5.339223482448359,0.15770066973210717
85,0.0317,1,16,1,2351,674093,46,126210,5.339096755797744,0.15770277007583378
86,0.032,0,8,0,2359,674085,46,126210,5.339033392472437,0.15770434652221993
87,0.0322,0,1,0,2360,674084,46,126210,5.339025472056774,0.15770454358023425
88,0.0323,0,2,0,2362,674082,46,126210,5.339009631225447,0.15770493769774033
89,0.0325,0,39,0,2401,674043,46,126210,5.338700735014574,0.15771262338285516
90,0.0329,0,1,0,2402,674042,46,126210,5.33869281459891,0.1577128204615546
91,0.033,0,1,0,2403,674041,46,126210,5.338684894183246,0.1577130175407466
92,0.0333,3,52,3,2455,673989,49,126207,5.3382730325687495,0.15772010857339952
93,0.0337,0,6,0,2461,673983,49,126207,5.338225510074769,0.15772129119334158
94,0.034,0,14,0,2475,673969,49,126207,5.338114624255481,0.15772405070884404
95,0.0342,0,3,0,2478,673966,49,126207,5.338090863008491,0.15772464204615752
96,0.0343,0,3,0,2481,673963,49,126207,5.3380671017615,0.15772523338790506
97,0.0347,0,3,0,2484,673960,49,126207,5.33804334051451,0.15772582473408675
98,0.035,5,132,5,2616,673828,54,126202,5.336997845646939,0.15774658450308113
99,0.0353,0,1,0,2617,673827,54,126202,5.3369899252312765,0.15774678167916414
100,0.0354,0,1,0,2618,673826,54,126202,5.336982004815613,0.15774697885574004
101,0.0357,0,5,0,2623,673821,54,126202,5.336942402737296,0.15774796474601355
102,0.0358,1,11,1,2634,673810,55,126201,5.3368552781649985,0.15774908095013693
103,0.036,0,7,0,2641,673803,55,126201,5.336799835255354,0.15775046124769376
104,0.0363,0,4,0,2645,673799,55,126201,5.3367681535927005,0.15775125
105,0.0364,0,1,0,2646,673798,55,126201,5.336760233177037,0.15775144718930897
106,0.0367,0,73,0,2719,673725,55,126201,5.336182042833608,0.157765843340509
107,0.0371,0,3,0,2722,673722,55,126201,5.336158281586617,0.15776643501937063
108,0.0375,1,33,1,2755,673689,56,126200,5.335896907869725,0.1577718908498554
109,0.0376,0,2,0,2757,673687,56,126200,5.3358810670383985,0.1577722853353036
110,0.0377,0,1,0,2758,673686,56,126200,5.335873146622735,0.15777248257876747
111,0.038,0,2,0,2760,673684,56,126200,5.335857305791408,0.15777287706717474
112,0.0381,0,1,0,2761,673683,56,126200,5.335849385375744,0.15777307431211815
113,0.0382,0,1,0,2762,673682,56,126200,5.335841464960081,0.15777327155755475
114,0.0383,0,23,0,2785,673659,56,126200,5.3356592953998225,0.1577778083387197
115,0.0385,0,2,0,2787,673657,56,126200,5.335643454568496,0.1577782028537601
116,0.039,0,5,0,2792,673652,56,126200,5.335603852490179,0.15777918914999275
117,0.0392,0,7,0,2799,673645,56,126200,5.335548409580535,0.1577805699854347
118,0.0393,0,4,0,2803,673641,56,126200,5.335516727917881,0.1577813590451102
119,0.0396,0,3,0,2806,673638,56,126200,5.335492966670891,0.15778195084504612
120,0.04,23,904,23,3710,672734,79,126177,5.328332910911165,0.1579362407076633
121,0.0401,0,3,0,3713,672731,79,126177,5.328309149664174,0.1579368337781071
122,0.0402,0,5,0,3718,672726,79,126177,5.328269547585857,0.1579378222387449
123,0.0403,0,3,0,3721,672723,79,126177,5.328245786338867,0.15793841532106648
124,0.0404,1,1,1,3722,672722,80,126176,5.328237865923204,0.15793755898750528
125,0.0407,0,3,0,3725,672719,80,126176,5.3282141046762135,0.15793815207255021
126,0.0408,0,4,0,3729,672715,80,126176,5.32818242301356,0.15793894285953902
127,0.041,1,5,1,3734,672710,81,126175,5.328142820935243,0.15793887731025116
128,0.0414,0,1,0,3735,672709,81,126175,5.328134900519579,0.15793907500963844
129,0.0416,0,1,0,3736,672708,81,126175,5.3281269801039155,0.15793927270952066
130,0.0417,0,30,0,3766,672678,81,126175,5.327889367634014,0.15794520393614345
131,0.0419,0,2,0,3768,672676,81,126175,5.327873526802686,0.157945599367091
132,0.042,0,5,0,3773,672671,81,126175,5.327833924724369,0.15794658795312239
133,0.0422,0,4,0,3777,672667,81,126175,5.327802243061716,0.15794737883085766
134,0.0423,0,4,0,3781,672663,81,126175,5.3277705613990625,0.15794816971651324
135,0.0425,0,34,0,3815,672629,81,126175,5.3275012672665065,0.15795489256438375
136,0.0427,0,5,0,3820,672624,81,126175,5.327461665188189,0.15795588126675172
137,0.0429,1,15,1,3835,672609,82,126174,5.327342858953238,0.15795779329304704
138,0.043,0,6,0,3841,672603,82,126174,5.327295336459257,0.1579589797903545
139,0.0433,2,68,2,3909,672535,84,126172,5.326756748194145,0.15797031952893864
140,0.0434,0,3,0,3912,672532,84,126172,5.326732986947155,0.15797091287886375
141,0.0435,0,1,0,3913,672531,84,126172,5.326725066531491,0.15797111066316266
142,0.0438,0,3,0,3916,672528,84,126172,5.326701305284502,0.15797170401903093
143,0.044,0,31,0,3947,672497,84,126172,5.326455772398935,0.15797783562401946
144,0.0442,0,16,0,3963,672481,84,126172,5.326329045748321,0.15798100050960806
145,0.0444,0,1,0,3964,672480,84,126172,5.326321125332657,0.1579811983191678
146,0.0447,1,0,1,3964,672480,85,126171,5.326321125332657,0.1579801440178501
147,0.045,2,159,2,4123,672321,87,126169,5.325061779242175,0.1580094929178825
148,0.0456,1,3,1,4126,672318,88,126168,5.325038017995184,0.15800903209323644
149,0.0457,0,10,0,4136,672308,88,126168,5.32495881383855,0.1580110109759091
150,0.0458,0,5,0,4141,672303,88,126168,5.324919211760233,0.158012000435833
151,0.046,1,8,1,4149,672295,89,126167,5.324855848434926,0.1580125290871701
152,0.0462,0,1,0,4150,672294,89,126167,5.324847928019262,0.15801272698353458
153,0.0467,4,49,4,4199,672245,93,126163,5.324459827651755,0.1580182062303985
154,0.0469,0,3,0,4202,672242,93,126163,5.324436066404765,0.15801879998246504
155,0.047,2,5,2,4207,672237,95,126161,5.324396464326448,0.15801768040501105
156,0.0471,0,1,0,4208,672236,95,126161,5.324388543910785,0.1580178783236911
157,0.0473,0,1,0,4209,672235,95,126161,5.324380623495121,0.15801807624286696
158,0.0474,0,1,0,4210,672234,95,126161,5.324372703079457,0.15801827416253858
159,0.0475,0,37,0,4247,672197,95,126161,5.324079647699912,0.15802559753894868
160,0.0477,0,1,0,4248,672196,95,126161,5.324071727284248,0.15802579547746184
161,0.048,1,5,1,4253,672191,96,126160,5.324032125205931,0.15802573053706953
162,0.0483,0,30,0,4283,672161,96,126160,5.323794512736028,0.1580316689652408
163,0.0486,0,3,0,4286,672158,96,126160,5.323770751489038,0.15803226283260555
164,0.0487,0,4,0,4290,672154,96,126160,5.3237390698263845,0.15803305466270165
165,0.0488,0,1,0,4291,672153,96,126160,5.323731149410721,0.1580332526214655
166,0.0489,0,1,0,4292,672152,96,126160,5.323723228995058,0.15803345058072532
167,0.049,0,11,0,4303,672141,96,126160,5.32363610442276,0.15803562816531608
168,0.0491,0,1,0,4304,672140,96,126160,5.323628184007097,0.15803582613052736
169,0.0492,1,21,1,4325,672119,97,126159,5.323461855278165,0.15803892879422957
170,0.0493,0,5,0,4330,672114,97,126159,5.323422253199848,0.15803991867443845
171,0.0496,0,3,0,4333,672111,97,126159,5.323398491952858,0.15804051260851593
172,0.0497,0,1,0,4334,672110,97,126159,5.323390571537194,0.15804071058753377
173,0.0498,0,3,0,4337,672107,97,126159,5.323366810290204,0.1580413045275635
174,0.05,33,1148,33,5485,670959,130,126126,5.314274173108605,0.15823406537571275
175,0.0504,0,4,0,5489,670955,130,126126,5.314242491445951,0.15823485944339408
176,0.0507,0,7,0,5496,670948,130,126126,5.314187048536307,0.1582362490810138
177,0.0508,0,11,0,5507,670937,130,126126,5.31409992396401,0.15823843284658803
178,0.051,1,13,1,5520,670924,131,126125,5.313996958560385,0.15823995764375842
179,0.0511,1,1,1,5521,670923,132,126124,5.3139890381447215,0.15823910007816352
180,0.0512,0,5,0,5526,670918,132,126124,5.313949436066404,0.15824009274291695
181,0.0513,0,5,0,5531,670913,132,126124,5.313909833988088,0.1582410854201248
182,0.0515,0,6,0,5537,670907,132,126124,5.313862311494107,0.1582422766492144
183,0.0517,1,20,1,5557,670887,133,126123,5.313703903180839,0.15824519140286822
184,0.052,0,10,0,5567,670877,133,126123,5.313624699024205,0.15824717691342535
185,0.0521,0,1,0,5568,670876,133,126123,5.313616778608542,0.15824737546722142
186,0.0522,0,1,0,5569,670875,133,126123,5.313608858192878,0.15824757402151574
187,0.0523,0,6,0,5575,670869,133,126123,5.313561335698897,0.15824876535774512
188,0.0524,0,1,0,5576,670868,133,126123,5.313553415283234,0.15824896391552729
189,0.0525,1,35,1,5611,670833,134,126122,5.3132762007350145,0.1582548575515556
190,0.0527,0,1,0,5612,670832,134,126122,5.313268280319351,0.1582550561262005
191,0.0529,0,10,0,5622,670822,134,126122,5.313189076162717,0.1582570419000582
192,0.053,0,5,0,5627,670817,134,126122,5.3131494740844,0.1582580348056752
193,0.0531,0,1,0,5628,670816,134,126122,5.3131415536687365,0.1582582333882937
194,0.0533,1,87,1,5715,670729,135,126121,5.312452477506019,0.15827445566919746
195,0.0534,0,1,0,5716,670728,135,126121,5.312444557090356,0.15827465429460286
196,0.0535,0,1,0,5717,670727,135,126121,5.3124366366746925,0.1582748529205068
197,0.0537,1,0,1,5717,670727,136,126120,5.3124366366746925,0.1582737966008531
198,0.0538,1,3,1,5720,670724,137,126119,5.312412875427702,0.15827333615279296
199,0.054,1,19,1,5739,670705,138,126118,5.312262387530097,0.15827605377856813
200,0.0541,0,2,0,5741,670703,138,126118,5.312246546698771,0.15827645104734941
201,0.0542,0,8,0,5749,670695,138,126118,5.312183183373463,0.15827804014241736
202,0.0543,0,2,0,5751,670693,138,126118,5.3121673425421365,0.15827843742117015
203,0.0544,0,7,0,5758,670686,138,126118,5.312111899632493,0.15827982791251047
204,0.0545,0,6,0,5764,670680,138,126118,5.312064377138512,0.15828101978167616
205,0.0547,0,3,0,5767,670677,138,126118,5.312040615891522,0.15828161572299024
206,0.0548,0,2,0,5769,670675,138,126118,5.312024775060195,0.1582820130196927
207,0.0549,0,1,0,5770,670674,138,126118,5.312016854644532,0.15828221166879186
208,0.055,7,181,7,5951,670493,145,126111,5.310583259409454,0.15831077925795
209,0.0551,0,1,0,5952,670492,145,126111,5.31057533899379,0.15831097799029129
210,0.0553,0,12,0,5964,670480,145,126111,5.3104802940058295,0.15831336281730524
211,0.0554,0,2,0,5966,670478,145,126111,5.310464453174503,0.15831376029545977
212,0.0555,0,5,0,5971,670473,145,126111,5.310424851096186,0.1583147539995782
213,0.0557,0,6,0,5977,670467,145,126111,5.310377328602205,0.15831594646098687
214,0.0558,1,6,1,5983,670461,146,126110,5.310329806108225,0.15831608230779176
215,0.056,1,13,1,5996,670448,147,126109,5.3102268407046,0.15831760941150477
216,0.0562,0,3,0,5999,670445,147,126109,5.31020307945761,0.15831820567092753
217,0.0563,0,5,0,6004,670440,147,126109,5.310163477379293,0.15831919944661282
218,0.0564,0,2,0,6006,670438,147,126109,5.310147636547966,0.15831959696038025
219,0.0565,0,1,0,6007,670437,147,126109,5.310139716132302,0.15831979571801252
220,0.0567,7,113,7,6120,670324,154,126102,5.3092447091623365,0.15833486099147945
221,0.057,2,10,2,6130,670314,156,126100,5.309165505005702,0.15833473545166207
222,0.0571,0,2,0,6132,670312,156,126100,5.309149664174376,0.15833513307182714
223,0.0572,0,2,0,6134,670310,156,126100,5.309133823343049,0.15833553069398928
224,0.0573,0,4,0,6138,670306,156,126100,5.309102141680396,0.1583363259443048
225,0.0574,0,1,0,6139,670305,156,126100,5.309094221264732,0.15833652475813184
226,0.0575,1,35,1,6174,670270,157,126099,5.308817006716512,0.1583424266891353
227,0.0577,1,1,1,6175,670269,158,126098,5.308809086300849,0.15834156864862556
228,0.0578,0,3,0,6178,670266,158,126098,5.308785325053859,0.15834216514056387
229,0.0579,0,1,0,6179,670265,158,126098,5.308777404638195,0.15834236397220866
230,0.058,2,16,2,6195,670249,160,126096,5.308650677987581,0.15834343155290734
231,0.0582,0,1,0,6196,670248,160,126096,5.308642757571917,0.15834363039088636
232,0.0583,3,36,3,6232,670212,163,126093,5.3083576226080345,0.15834761806091888
233,0.0585,0,1,0,6233,670211,163,126093,5.308349702192371,0.15834781691414335
234,0.0586,0,2,0,6235,670209,163,126093,5.308333861361044,0.15834821462209062
235,0.0587,1,3,1,6238,670206,164,126092,5.308310100114054,0.15834775423271188
236,0.0588,0,1,0,6239,670205,164,126092,5.308302179698391,0.1583479530878554
237,0.0589,0,1,0,6240,670204,164,126092,5.308294259282727,0.1583481519434984
238,0.059,1,11,1,6251,670193,165,126091,5.30820713471043,0.15834928241682616
239,0.0591,0,1,0,6252,670192,165,126091,5.308199214294766,0.15834948127738505
240,0.0592,1,14,1,6266,670178,166,126090,5.3080883284754785,0.15835120838712594
241,0.0593,1,3,1,6269,670175,167,126089,5.308064567228488,0.1583507479931279
242,0.0595,0,4,0,6273,670171,167,126089,5.308032885565835,0.15835154346570215
243,0.0596,0,1,0,6274,670170,167,126089,5.308024965150171,0.1583517423350945
244,0.0598,0,4,0,6278,670166,167,126089,5.307993283487518,0.15835253781765893
245,0.0599,0,1,0,6279,670165,167,126089,5.307985363071854,0.1583527366895488
246,0.06,37,1216,37,7495,668949,204,126052,5.298354137625142,0.15855577540154037
247,0.0603,0,1,0,7496,668948,204,126052,5.298346217209479,0.1585559748427673
248,0.0604,0,1,0,7497,668947,204,126052,5.2983382967938155,0.15855617428449595
249,0.0605,0,4,0,7501,668943,204,126052,5.298306615131162,0.15855697205642802
250,0.0607,0,4,0,7505,668939,204,126052,5.298274933468509,0.15855776983638808
251,0.0608,1,9,1,7514,668930,205,126051,5.2982036497275375,0.15855850642971342
252,0.061,1,10,1,7524,668920,206,126050,5.298124445570903,0.15855944249468534
253,0.0611,0,2,0,7526,668918,206,126050,5.298108604739577,0.15855984140242124
254,0.0612,0,5,0,7531,668913,206,126050,5.29806900266126,0.15856083868054235
255,0.0613,0,4,0,7535,668909,206,126050,5.298037320998606,0.1585616365120717
256,0.0614,1,2,1,7537,668907,207,126049,5.29802148016728,0.1585609769597311
257,0.0615,0,5,0,7542,668902,207,126049,5.2979818780889625,0.15856197426004873
258,0.0617,0,46,0,7588,668856,207,126049,5.297617538968445,0.1585711500116366
259,0.0618,0,1,0,7589,668855,207,126049,5.297609618552782,0.15857134949629137
260,0.062,0,20,0,7609,668835,207,126049,5.2974512102395135,0.15857533929479017
261,0.0621,0,2,0,7611,668833,207,126049,5.297435369408187,0.15857573828568267
262,0.0622,0,1,0,7612,668832,207,126049,5.297427448992523,0.1585759377818818
263,0.0623,0,5,0,7617,668827,207,126049,5.297387846914206,0.15857693527040695
264,0.0624,0,1,0,7618,668826,207,126049,5.297379926498543,0.15857713476961788
265,0.0625,0,61,0,7679,668765,207,126049,5.296896781143074,0.15858930517076952
266,0.0627,0,4,0,7683,668761,207,126049,5.296865099480421,0.15859010329512713
267,0.0629,1,6,1,7689,668755,208,126048,5.29681757698644,0.1585902418586744
268,0.063,0,1,0,7690,668754,208,126048,5.296809656570777,0.1585904413929507
269,0.0633,3,146,3,7836,668608,211,126045,5.295653275883918,0.15861640237940333
270,0.0635,0,2,0,7838,668606,211,126045,5.295637435052591,0.15861680158962865
271,0.0637,0,3,0,7841,668603,211,126045,5.295613673805601,0.15861740040873443
272,0.0638,0,4,0,7845,668599,211,126045,5.295581992142948,0.15861819884124212
273,0.0639,0,2,0,7847,668597,211,126045,5.295566151311621,0.15861859806051026
274,0.064,3,24,3,7871,668573,214,126042,5.295376061335699,0.15862021230407178
275,0.0641,0,2,0,7873,668571,214,126042,5.295360220504372,0.15862061154297752
276,0.0642,1,13,1,7886,668558,215,126041,5.295257255100748,0.1586221477751671
277,0.0643,1,9,1,7895,668549,216,126040,5.295185971359777,0.15862288554208528
278,0.0645,0,1,0,7896,668548,216,126040,5.295178050944114,0.15862308517118306
279,0.0647,0,7,0,7903,668541,216,126040,5.29512260803447,0.1586244825889368
280,0.0648,0,4,0,7907,668537,216,126040,5.295090926371816,0.15862528112442217
281,0.065,8,261,8,8168,668276,224,126032,5.293023697883665,0.1586689294329152
282,0.0653,0,1,0,8169,668275,224,126032,5.293015777468002,0.15866912919060264
283,0.0654,1,5,1,8174,668270,225,126031,5.2929761753896845,0.15866906877871234
284,0.0655,1,2,1,8176,668268,226,126030,5.292960334558358,0.15866840908575874
285,0.0656,0,2,0,8178,668266,226,126030,5.292944493727031,0.15866880860535618
286,0.0657,0,4,0,8182,668262,226,126030,5.292912812064377,0.15866960765058694
287,0.0658,0,9,0,8191,668253,226,126030,5.2928415283234065,0.1586714055317815
288,0.066,1,17,1,8208,668236,227,126029,5.2927068812571285,0.1586737423907638
289,0.0661,0,2,0,8210,668234,227,126029,5.292691040425802,0.15867414194039003
290,0.0662,0,1,0,8211,668233,227,126029,5.292683120010138,0.1586743417159577
291,0.0664,0,3,0,8214,668230,227,126029,5.292659358763148,0.15867494104567906
292,0.0665,0,4,0,8218,668226,227,126029,5.292627677100494,0.15867574015901695
293,0.0667,5,117,5,8335,668109,232,126024,5.291700988467875,0.15869382080835326
294,0.0668,0,1,0,8336,668108,232,126024,5.291693068052211,0.1586940206414047
295,0.0669,0,1,0,8337,668107,232,126024,5.291685147636548,0.15869422047495943
296,0.067,0,3,0,8340,668104,232,126024,5.291661386389558,0.15869481997864324
297,0.0671,0,6,0,8346,668098,232,126024,5.291613863895577,0.15869601899959956
298,0.0672,0,4,0,8350,668094,232,126024,5.291582182232924,0.1586968183569696
299,0.0673,0,10,0,8360,668084,232,126024,5.29150297807629,0.15869881678562614
300,0.0675,1,42,1,8402,668042,233,126023,5.291170320618426,0.1587061512596576
301,0.0677,0,3,0,8405,668039,233,126023,5.291146559371436,0.15870675085824532
302,0.0678,0,2,0,8407,668037,233,126023,5.291130718540109,0.15870715059315416
303,0.0679,0,6,0,8413,668031,233,126023,5.291083196046128,0.15870834980996254
304,0.068,1,11,1,8424,668020,234,126022,5.290996071473831,0.1587094889187222
305,0.0682,0,4,0,8428,668016,234,126022,5.290964389811177,0.15871028842448345
306,0.0683,3,37,3,8465,667979,237,126019,5.290671334431631,0.15871450557809968
307,0.0685,0,3,0,8468,667976,237,126019,5.290647573184641,0.15871510525884924
308,0.0686,0,1,0,8469,667975,237,126019,5.290639652768977,0.15871530515343946
309,0.0687,0,4,0,8473,667971,237,126019,5.290607971106324,0.15871610473683548
310,0.0688,0,3,0,8476,667968,237,126019,5.290584209859333,0.1587167044296695
311,0.0689,0,1,0,8477,667967,237,126019,5.29057628944367,0.15871690432828792
312,0.069,1,16,1,8493,667951,238,126018,5.2904495627930554,0.15871904318682467
313,0.0692,1,18,1,8511,667933,239,126017,5.290306995311114,0.15872158196359973
314,0.0693,0,6,0,8517,667927,239,126017,5.290259472817134,0.15872278145561905
315,0.0694,0,2,0,8519,667925,239,126017,5.290243631985807,0.15872318129032095
316,0.0695,0,3,0,8522,667922,239,126017,5.290219870738817,0.1587237810461509
317,0.0697,0,5,0,8527,667917,239,126017,5.2901802686604995,0.15872478064927312
318,0.0699,0,1,0,8528,667916,239,126017,5.290172348244836,0.1587249805714084
319,0.07,36,1466,36,9994,666450,275,125981,5.278561018882271,0.15898040334111108
320,0.0702,0,1,0,9995,666449,275,125981,5.278553098466608,0.15898060396501898
321,0.0705,0,3,0,9998,666446,275,125981,5.278529337219617,0.15898120583978081
322,0.0707,0,7,0,10005,666439,275,125981,5.278473894309974,0.1589826102319477
323,0.0708,1,16,1,10021,666423,276,125980,5.2783471676593585,0.158984759017823
324,0.071,0,12,0,10033,666411,276,125980,5.278252122671398,0.1589871666891724
325,0.0712,0,3,0,10036,666408,276,125980,5.278228361424407,0.1589877686184041
326,0.0713,0,3,0,10039,666405,276,125980,5.278204600177418,0.1589883705521937
327,0.0714,0,1,0,10040,666404,276,125980,5.278196679761754,0.15898857119780307
328,0.0715,0,7,0,10047,666397,276,125980,5.27814123685211,0.15898997573124915
329,0.0717,3,44,3,10091,666353,279,125977,5.27779273856292,0.1589956205116555
330,0.0718,0,3,0,10094,666350,279,125977,5.2777689773159295,0.15899622251923765
331,0.072,1,26,1,10120,666324,280,125976,5.277563046508681,0.15900037864445285
332,0.0721,0,5,0,10125,666319,280,125976,5.277523444430364,0.15900138206097475
333,0.0722,2,9,2,10134,666310,282,125974,5.277452160689393,0.15900106527457325
334,0.0724,0,1,0,10135,666309,282,125974,5.27744424027373,0.15900126596178385
335,0.0725,2,71,2,10206,666238,284,125972,5.2768818907616275,0.15901339291349517
336,0.0727,0,5,0,10211,666233,284,125972,5.27684228868331,0.15901439652615168
337,0.0729,1,4,1,10215,666229,285,125971,5.276810607020656,0.1590141378439788
338,0.073,0,7,0,10222,666222,285,125971,5.276755164111012,0.15901554292956388
339,0.0731,0,3,0,10225,666219,285,125971,5.276731402864022,0.1590161451167018
340,0.0733,7,162,7,10387,666057,292,125964,5.275448295526549,0.15904123754294394
341,0.0735,0,2,0,10389,666055,292,125964,5.275432454695222,0.1590416391525961
342,0.0736,0,1,0,10390,666054,292,125964,5.275424534279559,0.15904183995818277
343,0.0737,0,2,0,10392,666052,292,125964,5.275408693448232,0.15904224157087735
344,0.0738,1,2,1,10394,666050,293,125963,5.275392852616905,0.15904158138818428
345,0.074,0,25,0,10419,666025,293,125963,5.27519484222532,0.15904660171618762
346,0.0742,0,21,0,10440,666004,293,125963,5.275028513496388,0.15905081903665177
347,0.0743,0,7,0,10447,665997,293,125963,5.274973070586745,0.1590522248598414
348,0.0744,0,2,0,10449,665995,293,125963,5.274957229755418,0.15905262652817448
349,0.0745,0,4,0,10453,665991,293,125963,5.274925548092764,0.15905342987092685
350,0.0746,0,1,0,10454,665990,293,125963,5.274917627677101,0.15905363070788292
351,0.0747,0,8,0,10462,665982,293,125963,5.274854264351793,0.15905523742179065
352,0.0748,1,9,1,10471,665973,294,125962,5.274782980610823,0.15905598312992858
353,0.075,9,335,9,10806,665638,303,125953,5.272129641363579,0.1591137342390199
354,0.0751,0,1,0,10807,665637,303,125953,5.272121720947915,0.15911393524425524
355,0.0752,1,3,1,10810,665634,304,125952,5.272097959700925,0.15911347598365813
356,0.0753,0,10,0,10820,665624,304,125952,5.272018755544291,0.1591154860682992
357,0.0754,0,2,0,10822,665622,304,125952,5.272002914712965,0.15911588809132185
358,0.0755,0,1,0,10823,665621,304,125952,5.271994994297301,0.15911608910359498
359,0.0756,0,5,0,10828,665616,304,125952,5.271955392218984,0.159117094172579
360,0.0757,0,9,0,10837,665607,304,125952,5.271884108478013,0.15911890332874745
361,0.0758,0,21,0,10858,665586,304,125952,5.271717779749081,0.159123124853134
362,0.076,1,26,1,10884,665560,305,125951,5.271511848941833,0.1591272894501782
363,0.0762,0,5,0,10889,665555,305,125951,5.271472246863516,0.15912829466864434
364,0.0763,1,6,1,10895,665549,306,125950,5.271424724369535,0.15912843857035827
365,0.0764,0,1,0,10896,665548,306,125950,5.271416803953872,0.15912863961753534
366,0.0765,1,5,1,10901,665543,307,125949,5.271377201875555,0.15912858247461756
367,0.0766,0,7,0,10908,665536,307,125949,5.271321758965911,0.15912998982924503
368,0.0767,7,154,7,11062,665382,314,125942,5.2701020149537445,0.15915351992357113
369,0.0768,0,2,0,11064,665380,314,125942,5.270086174122418,0.15915392217074717
370,0.0769,0,1,0,11065,665379,314,125942,5.270078253706754,0.1591541232950977
371,0.077,1,9,1,11074,665370,315,125941,5.270006969965784,0.15915487084092095
372,0.0771,0,3,0,11077,665367,315,125941,5.269983208718793,0.15915547422748158
373,0.0773,0,3,0,11080,665364,315,125941,5.269959447471804,0.15915607761861736
374,0.0774,0,1,0,11081,665363,315,125941,5.26995152705614,0.15915627875001265
375,0.0775,0,76,0,11157,665287,315,125941,5.2693495754657205,0.15917156622364223
376,0.0776,0,1,0,11158,665286,315,125941,5.269341655050057,0.1591717673941865
377,0.0777,0,3,0,11161,665283,315,125941,5.269317893803067,0.15917237090887032
378,0.0778,0,2,0,11163,665281,315,125941,5.26930205297174,0.15917277325453538
379,0.078,0,18,0,11181,665263,315,125941,5.269159485489799,0.15917639445705534
380,0.0782,0,4,0,11185,665259,315,125941,5.2691278038271445,0.15917719919110213
381,0.0783,1,53,1,11238,665206,316,125940,5.268708021796984,0.1591867999079816
382,0.0784,0,1,0,11239,665205,316,125940,5.26870010138132,0.15918700111863185
383,0.0785,0,3,0,11242,665202,316,125940,5.268676340134331,0.1591876047536346
384,0.0786,1,2,1,11244,665200,317,125939,5.268660499303003,0.1591869443928311
385,0.0787,0,2,0,11246,665198,317,125939,5.268644658471676,0.1591873468185662
386,0.0788,0,1,0,11247,665197,317,125939,5.2686367380560135,0.15918754803219673
387,0.0789,0,4,0,11251,665193,317,125939,5.268605056393359,0.15918835289180566
388,0.079,0,14,0,11265,665179,317,125939,5.268494170574072,0.1591911699645312
389,0.0791,0,2,0,11267,665177,317,125939,5.268478329742745,0.15919157241163118
390,0.0792,1,18,1,11285,665159,318,125938,5.268335762260803,0.15919413169307936
391,0.0793,1,8,1,11293,665151,319,125937,5.268272398935496,0.1591946787209514
392,0.0794,0,2,0,11295,665149,319,125937,5.268256558104169,0.1591950811921839
393,0.0795,0,4,0,11299,665145,319,125937,5.268224876441516,0.15919588614075406
394,0.0796,0,2,0,11301,665143,319,125937,5.268209035610189,0.15919628861809174
395,0.0797,0,3,0,11304,665140,319,125937,5.268185274363199,0.159196892337914
396,0.0798,0,6,0,11310,665134,319,125937,5.268137751869218,0.1591980997912956
397,0.08,41,1685,41,12995,663449,360,125896,5.254791851476366,0.15949426423173643
398,0.0802,0,1,0,12996,663448,360,125896,5.254783931060702,0.15949446629099606
399,0.0803,0,10,0,13006,663438,360,125896,5.254704726904068,0.15949648691175092
400,0.0804,0,3,0,13009,663435,360,125896,5.254680965657077,0.15949709310796104
401,0.0805,1,2,1,13011,663433,361,125895,5.254665124825751,0.1594964324083271
402,0.0806,0,2,0,13013,663431,361,125895,5.254649283994424,0.15949683654155572
403,0.0807,1,3,1,13016,663428,362,125894,5.254625522747434,0.15949637790407464
404,0.0808,0,16,0,13032,663412,362,125894,5.2544987960968195,0.1594996110507205
405,0.0809,1,7,1,13039,663405,363,125893,5.254443353187176,0.15949996072459324
406,0.081,0,5,0,13044,663400,363,125893,5.254403751108859,0.1595009711222575
407,0.0811,0,3,0,13047,663397,363,125893,5.254379989861868,0.1595015773670007
408,0.0812,3,9,3,13056,663388,366,125890,5.254308706120897,0.1595002014499327
409,0.0813,0,2,0,13058,663386,366,125890,5.25429286528957,0.1595006056183135
410,0.0814,0,4,0,13062,663382,366,125890,5.254261183626917,0.15950141396121997
411,0.0817,2,58,2,13120,663324,368,125888,5.253801799518438,0.15951100591476056
412,0.0818,0,4,0,13124,663320,368,125888,5.253770117855785,0.15951181437593132
413,0.082,1,20,1,13144,663300,369,125887,5.2536117095425166,0.1595147918047307
414,0.0821,0,1,0,13145,663299,369,125887,5.253603789126854,0.15951499393045493
415,0.0822,0,6,0,13151,663293,369,125887,5.253556266632873,0.1595162066955574
416,0.0823,0,1,0,13152,663292,369,125887,5.25354834621721,0.15951640882486737
417,0.0825,1,73,1,13225,663219,370,125886,5.25297015587378,0.1595301005569601
418,0.0826,1,4,1,13229,663215,371,125885,5.252938474211127,0.15952984412621973
419,0.0827,0,5,0,13234,663210,371,125885,5.25289887213281,0.15953085496676572
420,0.0828,0,4,0,13238,663206,371,125885,5.252867190470156,0.15953166364842586
421,0.0829,0,9,0,13247,663197,371,125885,5.252795906729185,0.15953348321213764
422,0.083,1,15,1,13262,663182,372,125884,5.252677100494234,0.15953545077344608
423,0.0831,0,6,0,13268,663176,372,125884,5.252629578000254,0.15953666387853901
424,0.0832,0,2,0,13270,663174,372,125884,5.252613737168927,0.15953706825100308
425,0.0833,5,179,5,13449,662995,377,125879,5.251195982765175,0.15956794114142436
426,0.0834,0,5,0,13454,662990,377,125879,5.251156380686859,0.15956895251302813
427,0.0835,1,6,1,13460,662984,378,125878,5.251108858192878,0.15956910080597114
428,0.0837,0,7,0,13467,662977,378,125878,5.251053415283234,0.15957051676163553
429,0.0839,0,2,0,13469,662975,378,125878,5.2510375744519076,0.15957092132501238
430,0.084,2,26,2,13495,662949,380,125876,5.250831643644658,0.15957405001109246
431,0.0842,2,27,2,13522,662922,382,125874,5.250617792421746,0.15957738122404272
432,0.0843,1,18,1,13540,662904,383,125873,5.250475224939805,0.15957995732634192
433,0.0844,0,1,0,13541,662903,383,125873,5.2504673045241415,0.15958015963974564
434,0.0845,0,2,0,13543,662901,383,125873,5.250451463692815,0.159580564268092
435,0.0846,1,1,1,13544,662900,384,125872,5.250443543277151,0.1595797011050088
436,0.0847,0,3,0,13547,662897,384,125872,5.250419782030161,0.15958030804963177
437,0.0848,0,1,0,13548,662896,384,125872,5.250411861614498,0.15958051036553206
438,0.0849,1,1,1,13549,662895,385,125871,5.250403941198834,0.15957964719574627
439,0.085,21,363,21,13912,662532,406,125850,5.247528830313015,0.1596307373836541
440,0.0851,2,1,2,13913,662531,408,125848,5.247520909897351,0.15962880797180037
441,0.0852,0,1,0,13914,662530,408,125848,5.247512989481688,0.15962901044930225
442,0.0853,0,8,0,13922,662522,408,125848,5.2474496261563806,0.15963063028780902
443,0.0855,1,4,1,13926,662518,409,125847,5.247417944493727,0.15963037425557958
444,0.0857,0,8,0,13934,662510,409,125847,5.24735458116842,0.15963199413463697
445,0.0858,3,25,3,13959,662485,412,125844,5.247156570776834,0.1596338584524989
446,0.0859,0,1,0,13960,662484,412,125844,5.247148650361171,0.15963406094924956
447,0.086,2,40,2,14000,662444,414,125842,5.2468318337346345,0.15964002912648456
448,0.0862,0,5,0,14005,662439,414,125842,5.246792231656317,0.15964104170974563
449,0.0863,1,3,1,14008,662436,415,125841,5.246768470409327,0.15964058319600852
450,0.0864,0,5,0,14013,662431,415,125841,5.24672886833101,0.1596415957943451
451,0.0865,0,4,0,14017,662427,415,125841,5.2466971866683565,0.1596424058822634
452,0.0867,8,196,8,14213,662231,423,125833,5.2451447851983275,0.1596735798107768
453,0.0868,0,5,0,14218,662226,423,125833,5.24510518312001,0.15967459289215655
454,0.0869,0,1,0,14219,662225,423,125833,5.245097262704347,0.15967479550997515
455,0.087,1,5,1,14224,662220,424,125832,5.2450576606260295,0.15967474227589043
456,0.0871,0,2,0,14226,662218,424,125832,5.245041819794703,0.15967514751602055
457,0.0872,0,2,0,14228,662216,424,125832,5.245025978963376,0.15967555275820763
458,0.0873,0,3,0,14231,662213,424,125832,5.245002217716386,0.159676160625345
459,0.0874,0,3,0,14234,662210,424,125832,5.244978456469395,0.15967676849711057
460,0.0875,4,80,4,14314,662130,428,125828,5.244344823216323,0.15968871437310111
461,0.0876,0,4,0,14318,662126,428,125828,5.244313141553668,0.15968952502303435
462,0.0877,0,11,0,14329,662115,428,125828,5.244226016981371,0.15969175435278948
463,0.0878,0,2,0,14331,662113,428,125828,5.244210176150045,0.1596921596921597
464,0.0879,1,5,1,14336,662108,429,125827,5.2441705740717275,0.15969210658239574
465,0.088,1,21,1,14357,662087,430,125826,5.244004245342795,0.15969529630809493
466,0.0881,1,0,1,14357,662087,431,125825,5.244004245342795,0.15969422981246637
467,0.0882,0,2,0,14359,662085,431,125825,5.243988404511469,0.1596946351740681
468,0.0883,5,68,5,14427,662017,436,125820,5.243449816246357,0.15970308579058867
469,0.0885,0,8,0,14435,662009,436,125820,5.243386452921049,0.15970470749363122
470,0.0887,0,11,0,14446,661998,436,125820,5.243299328348752,0.15970693738909242
471,0.0888,0,3,0,14449,661995,436,125820,5.243275567101762,0.1597075455532073
472,0.0889,0,4,0,14453,661991,436,125820,5.2432438854391075,0.1597083564458988
473,0.089,0,27,0,14480,661964,436,125820,5.243030034216195,0.15971383018695479
474,0.0892,0,19,0,14499,661945,436,125820,5.242879546318591,0.1597176823037327
475,0.0893,0,5,0,14504,661940,436,125820,5.2428399442402736,0.15971869604955824
476,0.0894,0,2,0,14506,661938,436,125820,5.242824103408947,0.15971910155149172
477,0.0897,0,5,0,14511,661933,436,125820,5.24278450133063,0.15972011531533362
478,0.0898,0,7,0,14518,661926,436,125820,5.242729058420986,0.1597215346063325
479,0.09,48,1857,48,16375,660069,484,125772,5.228020846534026,0.160047643225538
480,0.0901,1,1,1,16376,660068,485,125771,5.228012926118363,0.16004677802959638
481,0.0902,0,1,0,16377,660067,485,125771,5.228005005702699,0.1600469816934279
482,0.0903,0,5,0,16382,660062,485,125771,5.227965403624382,0.16004800002036057
483,0.0904,1,4,1,16386,660058,486,125770,5.227933721961729,0.16004774581715084
484,0.0905,0,4,0,16390,660054,486,125770,5.227902040299075,0.16004856049191676
485,0.0906,0,2,0,16392,660052,486,125770,5.227886199467748,0.16004896783240988
486,0.0907,1,13,1,16405,660039,487,125769,5.227783234064123,0.16005054669843016
487,0.0908,2,29,2,16434,660010,489,125767,5.227553542009884,0.16005431566462242
488,0.091,0,17,0,16451,659993,489,125767,5.2274188949436065,0.16005777845652616
489,0.0912,0,4,0,16455,659989,489,125767,5.227387213280953,0.1600585932528673
490,0.0913,0,9,0,16464,659980,489,125767,5.227315929539983,0.16006042657496625
491,0.0914,0,7,0,16471,659973,489,125767,5.227260486630338,0.1600618525211902
492,0.0915,1,11,1,16482,659962,490,125766,5.227173362058041,0.160063024354484
493,0.0917,2,68,2,16550,659894,492,125764,5.226634773792929,0.16007473989954918
494,0.0918,1,2,1,16552,659892,493,125763,5.2266189329616015,0.16007407831681844
495,0.0919,0,1,0,16553,659891,493,125763,5.226611012545939,0.16007428206309648
496,0.092,0,23,0,16576,659868,493,125763,5.22642884298568,0.16007896837064728
497,0.0922,0,2,0,16578,659866,493,125763,5.226413002154353,0.16007937588861917
498,0.0923,1,7,1,16585,659859,494,125762,5.226357559244709,0.16007973310285747
499,0.0924,0,1,0,16586,659858,494,125762,5.226349638829046,0.1600799368651511
500,0.0925,8,107,8,16693,659751,502,125754,5.225502154353061,0.16009318845838028
501,0.0927,0,12,0,16705,659739,502,125754,5.2254071093651,0.1600956342067975
502,0.0928,1,6,1,16711,659733,503,125753,5.225359586871119,0.16009578783071882
503,0.0929,0,8,0,16719,659725,503,125753,5.225296223545811,0.160097418387275
504,0.093,0,3,0,16722,659722,503,125753,5.225272462298822,0.1600980298545466
505,0.0932,1,7,1,16729,659715,504,125752,5.225217019389177,0.16009838732881204
506,0.0933,5,228,5,16957,659487,509,125747,5.223411164617919,0.16013952528800332
507,0.0934,0,1,0,16958,659486,509,125747,5.223403244202256,0.16013972922686642
508,0.0935,0,9,0,16967,659477,509,125747,5.223331960461285,0.16014156470000918
509,0.0937,0,11,0,16978,659466,509,125747,5.223244835888988,0.1601438081132126
510,0.0938,0,2,0,16980,659464,509,125747,5.223228995057661,0.16014421601327541
511,0.094,2,43,2,17023,659421,511,125745,5.222888417184134,0.16015084708201832
512,0.0942,1,24,1,17047,659397,512,125744,5.222698327208212,0.16015467285493942
513,0.0943,0,15,0,17062,659382,512,125744,5.222579520973261,0.16015773264418703
514,0.0945,1,12,1,17074,659370,513,125743,5.2224844759853,0.16015911085410636
515,0.0946,0,1,0,17075,659369,513,125743,5.222476555569636,0.16015931484934634
516,0.0947,1,7,1,17082,659362,514,125742,5.222421112659992,0.16015967311337095
517,0.0948,0,9,0,17091,659353,514,125742,5.222349828919022,0.1601615091167311
518,0.095,12,451,12,17542,658902,526,125730,5.218777721454822,0.16024072431407335
519,0.0952,1,4,1,17546,658898,527,125729,5.218746039792168,0.16024047094989083
520,0.0953,0,14,0,17560,658884,527,125729,5.218635153972881,0.16024333015129752
521,0.0954,0,4,0,17564,658880,527,125729,5.218603472310227,0.16024414708472628
522,0.0956,0,5,0,17569,658875,527,125729,5.21856387023191,0.16024516826322577
523,0.0957,0,14,0,17583,658861,527,125729,5.218452984412622,0.16024802763226653
524,0.0958,0,31,0,17614,658830,527,125729,5.218207451527056,0.1602543594554393
525,0.096,1,35,1,17649,658795,528,125728,5.2179302369788365,0.16026043850849497
526,0.0961,1,1,1,17650,658794,529,125727,5.217922316563174,0.1602595724015036
527,0.0962,3,12,3,17662,658782,532,125724,5.217827271575212,0.16025881255210286
528,0.0963,1,4,1,17666,658778,533,125723,5.2177955899125585,0.1602585592625121
529,0.0964,0,3,0,17669,658775,533,125723,5.217771828665568,0.16025917210751334
530,0.0965,0,11,0,17680,658764,533,125723,5.217684704093271,0.16026141924595308
531,0.0966,0,5,0,17685,658759,533,125723,5.217645102014954,0.16026244069334925
532,0.0967,12,214,12,17899,658545,545,125711,5.215950133062983,0.1602933225885425
533,0.0968,0,2,0,17901,658543,545,125711,5.2159342922316565,0.16029373136764363
534,0.097,0,26,0,17927,658517,545,125711,5.215728361424407,0.16029904568569345
535,0.0972,0,2,0,17929,658515,545,125711,5.2157125205930805,0.16029945449398514
536,0.0973,0,16,0,17945,658499,545,125711,5.215585793942466,0.16030272503538592
537,0.0975,2,99,2,18044,658400,547,125709,5.214801672791788,0.16032082274275644
538,0.0976,0,4,0,18048,658396,547,125709,5.214769991129135,0.16032164059660378
539,0.0977,0,9,0,18057,658387,547,125709,5.214698707388163,0.1603234807982696
540,0.0978,1,4,1,18061,658383,548,125708,5.21466702572551,0.16032322778861127
541,0.0979,0,2,0,18063,658381,548,125708,5.2146511848941834,0.16032363673001407
542,0.098,0,19,0,18082,658362,548,125708,5.214500696996579,0.16032752177739232
543,0.0981,0,4,0,18086,658358,548,125708,5.214469015333925,0.16032833970609617
544,0.0982,0,3,0,18089,658355,548,125708,5.214445254086934,0.1603289531581008
545,0.0983,2,92,2,18181,658263,550,125706,5.2137165758459005,0.16034562591122864
546,0.0984,0,1,0,18182,658262,550,125706,5.213708655430237,0.16034583044205886
547,0.0985,1,7,1,18189,658255,551,125705,5.213653212520593,0.1603461911322006
548,0.0986,1,3,1,18192,658252,552,125704,5.2136294512736026,0.16034573368913563
549,0.0987,0,11,0,18203,658241,552,125704,5.2135423267013055,0.16034798359578797
550,0.0988,0,5,0,18208,658236,552,125704,5.213502724622988,0.16034900630150267
551,0.0989,0,2,0,18210,658234,552,125704,5.213486883791662,0.16034941538744135
552,0.099,1,11,1,18221,658223,553,125703,5.213399759219364,0.16035059431630028
553,0.0991,0,1,0,18222,658222,553,125703,5.213391838803701,0.1603507988646873
554,0.0992,4,34,4,18256,658188,557,125699,5.213122544671144,0.16035346931381692
555,0.0993,0,11,0,18267,658177,557,125699,5.213035420098847,0.16035571952706806
556,0.0994,0,1,0,18268,658176,557,125699,5.213027499683183,0.16035592409504065
557,0.0995,0,13,0,18281,658163,557,125699,5.212924534279559,0.1603585835261819
558,0.0996,0,2,0,18283,658161,557,125699,5.212908693448232,0.1603589926772638
559,0.0997,0,4,0,18287,658157,557,125699,5.2128770117855785,0.16035981098569124
560,0.0998,0,4,0,18291,658153,557,125699,5.212845330122925,0.16036062930247036
561,0.0999,0,7,0,18298,658146,557,125699,5.2127898872132805,0.16036206137693038
562,0.1,44,2043,44,20341,656103,601,125655,5.1966084780129265,0.16073388439900838
563,0.1001,0,2,0,20343,656101,601,125655,5.196592637181599,0.1607342956114184
564,0.1002,0,2,0,20345,656099,601,125655,5.196576796350272,0.16073470682593247
565,0.1003,0,18,0,20363,656081,601,125655,5.196434228868331,0.1607384078512439
566,0.1004,0,1,0,20364,656080,601,125655,5.196426308452668,0.1607386134687586
567,0.1005,0,8,0,20372,656072,601,125655,5.19636294512736,0.1607402584278143
568,0.1006,0,1,0,20373,656071,601,125655,5.196355024711697,0.16074046405006356
569,0.1007,2,17,2,20390,656054,603,125653,5.196220377645419,0.1607418124693779
570,0.1008,0,39,0,20429,656015,603,125653,5.195911481434545,0.16074983240966753
571,0.1009,0,1,0,20430,656014,603,125653,5.195903561018882,0.16075003805968527
572,0.101,0,28,0,20458,655986,603,125653,5.1956817893803064,0.16075579647381977
573,0.1011,0,3,0,20461,655983,603,125653,5.195658028133316,0.16075641347123212
574,0.1012,0,5,0,20466,655978,603,125653,5.195618426055,0.16075744181077772
575,0.1013,0,11,0,20477,655967,603,125653,5.195531301482702,0.16075970420408894
576,0.1014,0,3,0,20480,655964,603,125653,5.195507540235711,0.1607603212314983
577,0.1015,2,7,2,20487,655957,605,125651,5.195452097326068,0.16075961351470303
578,0.1016,0,2,0,20489,655955,605,125651,5.195436256494741,0.16076002487186639
579,0.1017,4,103,4,20592,655852,609,125647,5.194620453681409,0.16077691718095607
580,0.1018,1,5,1,20597,655847,610,125646,5.194580851603092,0.16077687196174503
581,0.102,2,22,2,20619,655825,612,125644,5.194406602458497,0.16077925036053894
582,0.1021,0,2,0,20621,655823,612,125644,5.1943907616271705,0.16077966184112702
583,0.1022,0,4,0,20625,655819,612,125644,5.194359079964516,0.16078048480862178
584,0.1023,1,6,1,20631,655813,613,125643,5.194311557470536,0.16078064535943162
585,0.1024,0,2,0,20633,655811,613,125643,5.19429571663921,0.16078105685043523
586,0.1025,8,102,8,20735,655709,621,125635,5.193487834241541,0.16079345333169512
587,0.1026,0,2,0,20737,655707,621,125635,5.193471993410214,0.16079386491446768
588,0.1027,0,5,0,20742,655702,621,125635,5.193432391331897,0.16079489388061746
589,0.1028,0,3,0,20745,655699,621,125635,5.193408630084907,0.1607955112666286
590,0.1029,0,10,0,20755,655689,621,125635,5.1933294259282725,0.16079756925424024
591,0.103,0,22,0,20777,655667,621,125635,5.193155176783677,0.16080209701242285
592,0.1031,0,4,0,20781,655663,621,125635,5.193123495121024,0.1608029202685787
593,0.1032,0,3,0,20784,655660,621,125635,5.193099733874034,0.16080353771622755
594,0.1033,9,252,9,21036,655408,630,125626,5.191103789126854,0.16084575063313505
595,0.1034,0,1,0,21037,655407,630,125626,5.19109586871119,0.16084595657289769
596,0.1035,1,2,1,21039,655405,631,125625,5.191080027879863,0.1608452940348002
597,0.1036,0,2,0,21041,655403,631,125625,5.191064187048537,0.16084570591579303
598,0.1037,0,2,0,21043,655401,631,125625,5.19104834621721,0.1608461177988953
599,0.1038,2,3,2,21046,655398,633,125623,5.1910245849702195,0.16084458676527263
600,0.1039,0,4,0,21050,655394,633,125623,5.190992903307565,0.16084541053523804
601,0.104,1,43,1,21093,655351,634,125622,5.190652325434039,0.16085319210779375
602,0.1042,3,24,3,21117,655327,637,125619,5.190462235458117,0.16085491186330425
603,0.1043,0,15,0,21132,655312,637,125619,5.190343429223166,0.16085800153918847
604,0.1044,0,3,0,21135,655309,637,125619,5.190319667976175,0.1608586194886084
605,0.1045,0,11,0,21146,655298,637,125619,5.190232543403877,0.16086088534376894
606,0.1046,0,2,0,21148,655296,637,125619,5.190216702572551,0.16086129732429266
607,0.1047,0,5,0,21153,655291,637,125619,5.190177100494234,0.16086232728483435
608,0.1048,2,3,2,21156,655288,639,125617,5.190153339247244,0.16086079612756993
609,0.1049,0,3,0,21159,655285,639,125617,5.190129578000254,0.1608614141083004
610,0.105,27,487,27,21646,654798,666,125590,5.186272335572171,0.16093276677755167
611,0.1051,0,1,0,21647,654797,666,125590,5.186264415156508,0.16093297299929393
612,0.1052,0,6,0,21653,654791,666,125590,5.186216892662527,0.16093421034084632
613,0.1053,0,7,0,21660,654784,666,125590,5.186161449752883,0.16093565393003867
614,0.1054,0,3,0,21663,654781,666,125590,5.186137688505893,0.16093627261904914
615,0.1055,0,4,0,21667,654777,666,125590,5.186106006843239,0.16093709754512942
616,0.1056,0,6,0,21673,654771,666,125590,5.1860584843492585,0.16093833495010643
617,0.1057,0,12,0,21685,654759,666,125590,5.185963439361298,0.16094080981714592
618,0.1058,3,43,3,21728,654716,669,125587,5.185622861487771,0.16094645285228942
619,0.1059,1,2,1,21730,654714,670,125586,5.185607020656444,0.16094579008073817
620,0.106,2,63,2,21793,654651,672,125584,5.185108034469649,0.16095663486001013
621,0.1062,0,9,0,21802,654642,672,125584,5.1850367507286785,0.16095849151399721
622,0.1063,0,7,0,21809,654635,672,125584,5.184981307819035,0.16095993560782293
623,0.1064,0,1,0,21810,654634,672,125584,5.184973387403371,0.1609601419090562
624,0.1065,0,6,0,21816,654628,672,125584,5.18492586490939,0.16096137972756122
625,0.1066,0,2,0,21818,654626,672,125584,5.1849100240780635,0.1609617923379603
626,0.1067,12,233,12,22051,654393,684,125572,5.183064567228488,0.16099696781265826
627,0.1068,0,2,0,22053,654391,684,125572,5.183048726397161,0.16099738064497932
628,0.107,0,16,0,22069,654375,684,125572,5.182921999746546,0.1610006833797681
629,0.1071,1,3,1,22072,654372,685,125571,5.182898238499557,0.16100022693966098
630,0.1072,0,1,0,22073,654371,685,125571,5.182890318083893,0.16100043336555794
631,0.1073,1,15,1,22088,654356,686,125570,5.182771511848942,0.16100245407897673
632,0.1074,0,3,0,22091,654353,686,125570,5.182747750601951,0.16100307338032088
633,0.1075,3,84,3,22175,654269,689,125567,5.182082435686225,0.16101718822932
634,0.1076,0,1,0,22176,654268,689,125567,5.182074515270561,0.16101739470529022
635,0.1077,0,6,0,22182,654262,689,125567,5.1820269927765805,0.16101863357223187
636,0.1078,0,2,0,22184,654260,689,125567,5.182011151945254,0.16101904653211546
637,0.1079,0,8,0,22192,654252,689,125567,5.181947788619947,0.16102069839283217
638,0.108,2,34,2,22226,654218,691,125565,5.18167849448739,0.16102556736938353
639,0.1081,0,1,0,22227,654217,691,125565,5.1816705740717275,0.16102577387013292
640,0.1082,0,3,0,22230,654214,691,125565,5.181646812824737,0.16102639337555896
641,0.1083,5,109,5,22339,654105,696,125560,5.180783487517425,0.16104352510373046
642,0.1084,0,3,0,22342,654102,696,125560,5.180759726270435,0.16104414477042617
643,0.1085,0,7,0,22349,654095,696,125560,5.18070428336079,0.16104559067792806
644,0.1086,0,1,0,22350,654094,696,125560,5.1806963629451275,0.1610457972382621
645,0.1087,0,7,0,22357,654087,696,125560,5.180640920035484,0.1610472431754371
646,0.1088,1,8,1,22365,654079,697,125559,5.180577556710176,0.1610478196291099
647,0.1089,0,3,0,22368,654076,697,125559,5.180553795463186,0.16104843933379082
648,0.109,1,28,1,22396,654048,698,125558,5.180332023824611,0.1610531473590506
649,0.1092,3,30,3,22426,654018,701,125555,5.180094411354708,0.16105611661768687
650,0.1093,0,12,0,22438,654006,701,125555,5.179999366366747,0.16105859579943071
651,0.1094,0,3,0,22441,654003,701,125555,5.179975605119757,0.16105921560679257
652,0.1095,0,11,0,22452,653992,701,125555,5.179888480547459,0.1610614882746005
653,0.1096,0,3,0,22455,653989,701,125555,5.179864719300469,0.16106210810422503
654,0.1097,0,2,0,22457,653987,701,125555,5.179848878469142,0.16106252132662513
655,0.1098,1,6,1,22463,653981,702,125554,5.179801355975162,0.16106268480568545
656,0.11,60,2311,60,24774,651670,762,125494,5.161497275377012,0.161476856879629
657,0.1102,0,1,0,24775,651669,762,125494,5.161489354961349,0.16147706465696385
658,0.1103,0,9,0,24784,651660,762,125494,5.161418071220377,0.16147893467703955
659,0.1104,0,3,0,24787,651657,762,125494,5.161394309973387,0.16147955802668978
660,0.1105,0,11,0,24798,651646,762,125494,5.16130718540109,0.16148184368324883
661,0.1106,1,6,1,24804,651640,763,125493,5.161259662907109,0.16148201144463045
662,0.1107,1,15,1,24819,651625,764,125492,5.161140856672158,0.16148404937737817
663,0.1108,2,38,2,24857,651587,766,125490,5.1608398808769484,0.16148978801328567
664,0.111,0,18,0,24875,651569,766,125490,5.160697313395007,0.16149352880540602
665,0.1112,0,12,0,24887,651557,766,125490,5.160602268407046,0.16149602276310185
666,0.1113,2,8,2,24895,651549,768,125488,5.160538905081738,0.1614955272400156
667,0.1114,0,6,0,24901,651543,768,125488,5.160491382587758,0.1614967742599716
668,0.1115,1,9,1,24910,651534,769,125487,5.160420098846788,0.16149756570285745
669,0.1116,0,1,0,24911,651533,769,125487,5.160412178431124,0.1614977735450825
670,0.1117,2,116,2,25027,651417,771,125485,5.159493410214168,0.1615197283569871
671,0.1118,0,1,0,25028,651416,771,125485,5.159485489798505,0.1615199362595749
672,0.1119,1,1,1,25029,651415,772,125484,5.159477569382841,0.16151906489775375
673,0.112,1,36,1,25065,651379,773,125483,5.159192434418959,0.1615254704181695
674,0.1121,1,8,1,25073,651371,774,125482,5.159129071093651,0.16152605447877527
675,0.1122,1,8,1,25081,651363,775,125481,5.1590657077683435,0.1615266385529141
676,0.1123,0,13,0,25094,651350,775,125481,5.158962742364719,0.16152934164573762
677,0.1124,0,2,0,25096,651348,775,125481,5.158946901533392,0.16152975751420195
678,0.1125,2,153,2,25249,651195,777,125479,5.1577350779368905,0.16155941875226928
679,0.1126,0,5,0,25254,651190,777,125479,5.157695475858573,0.16156045883123957
680,0.1127,1,8,1,25262,651182,778,125478,5.157632112533266,0.161561043442433
681,0.1128,1,1,1,25263,651181,779,125477,5.157624192117602,0.16156017191608146
682,0.1129,0,6,0,25269,651175,779,125477,5.157576669623622,0.16156142004398366
683,0.113,0,13,0,25282,651162,779,125477,5.157473704219997,0.16156412438726359
684,0.1131,0,1,0,25283,651161,779,125477,5.157465783804334,0.1615643324174197
685,0.1132,0,10,0,25293,651151,779,125477,5.1573865796477,0.16156641274844585
686,0.1133,5,268,5,25561,650883,784,125472,5.155263908249905,0.16161678613520877
687,0.1134,0,1,0,25562,650882,784,125472,5.155255987834241,0.16161699430929705
688,0.1135,0,7,0,25569,650875,784,125472,5.155200544924598,0.1616184515429312
689,0.1136,0,1,0,25570,650874,784,125472,5.155192624508934,0.16161865972130982
690,0.1137,3,3,3,25573,650871,787,125469,5.155168863261944,0.1616160445165778
691,0.1138,0,5,0,25578,650866,787,125469,5.155129261183627,0.16161708540771702
692,0.114,3,66,3,25644,650800,790,125466,5.154606513749842,0.16162758642011887
693,0.1141,0,1,0,25645,650799,790,125466,5.154598593334178,0.1616277946319878
694,0.1142,3,36,3,25681,650763,793,125463,5.154313458370296,0.1616320504595311
695,0.1143,0,15,0,25696,650748,793,125463,5.154194652135344,0.1616351739411062
696,0.1144,0,1,0,25697,650747,793,125463,5.154186731719681,0.1616353821775035
697,0.1145,0,7,0,25704,650740,793,125463,5.154131288810037,0.16163683984730798
698,0.1146,0,3,0,25707,650737,793,125463,5.154107527563046,0.16163746457098685
699,0.1147,0,6,0,25713,650731,793,125463,5.154060005069066,0.161638714032832
700,0.1148,0,9,0,25722,650722,793,125463,5.153988721328095,0.161640588261819
701,0.1149,0,1,0,25723,650721,793,125463,5.153980800912432,0.16164079651216723
702,0.115,19,515,19,26238,650206,812,125444,5.149901786845773,0.16172758331721782
703,0.1151,0,2,0,26240,650204,812,125444,5.149885946014447,0.1617280003300466
704,0.1152,0,8,0,26248,650196,812,125444,5.14982258268914,0.16172966840286732
705,0.1153,0,17,0,26265,650179,812,125444,5.149687935622861,0.16173321317186312
706,0.1154,0,2,0,26267,650177,812,125444,5.149672094791534,0.16173363021372553
707,0.1155,0,7,0,26274,650170,812,125444,5.149616651881891,0.1617350898771812
708,0.1156,0,6,0,26280,650164,812,125444,5.149569129387911,0.16173634103825643
709,0.1157,1,19,1,26299,650145,813,125443,5.149418641490305,0.1617392223706401
710,0.1158,0,43,0,26342,650102,813,125443,5.149078063616779,0.1617481899825284
711,0.116,4,62,4,26404,650040,817,125439,5.148586997845647,0.16175679805642706
712,0.1161,0,3,0,26407,650037,817,125439,5.1485632365986564,0.16175742382742986
713,0.1162,1,3,1,26410,650034,818,125438,5.148539475351667,0.16175696865908762
714,0.1163,0,3,0,26413,650031,818,125438,5.1485157141046765,0.16175759443639914
715,0.1164,0,2,0,26415,650029,818,125438,5.14849987327335,0.16175801162396336
716,0.1165,2,9,2,26424,650020,820,125436,5.1484285895323785,0.16175772706639707
717,0.1166,0,1,0,26425,650019,820,125436,5.148420669116716,0.16175793566357816
718,0.1167,13,239,13,26664,649780,833,125423,5.146527689773159,0.16179374950819334
719,0.1168,1,3,1,26667,649777,834,125422,5.146503928526169,0.1617932943669948
720,0.117,1,15,1,26682,649762,835,125421,5.146385122291218,0.16179534380913926
721,0.1171,2,8,2,26690,649754,837,125419,5.146321758965911,0.16179485095585114
722,0.1172,0,8,0,26698,649746,837,125419,5.146258395640603,0.16179652074074552
723,0.1173,2,12,2,26710,649734,839,125417,5.1461633506526425,0.16179686280479547
724,0.1175,1,125,1,26835,649609,840,125416,5.145173298694716,0.1618218767136544
725,0.1176,0,1,0,26836,649608,840,125416,5.145165378279052,0.16182208550961003
726,0.1177,1,4,1,26840,649604,841,125415,5.145133696616399,0.16182183920652268
727,0.1178,1,8,1,26848,649596,842,125414,5.145070333291091,0.16182242809770198
728,0.1179,0,9,0,26857,649587,842,125414,5.144999049550121,0.16182430732347441
729,0.118,2,43,2,26900,649544,844,125412,5.1446584716765935,0.16183112331538824
730,0.1181,0,2,0,26902,649542,844,125412,5.144642630845267,0.1618315409688833
731,0.1182,0,2,0,26904,649540,844,125412,5.14462679001394,0.16183195862453417
732,0.1183,11,132,11,27036,649408,855,125401,5.143581295146369,0.16184762954482976
733,0.1185,0,2,0,27038,649406,855,125401,5.143565454315042,0.16184804732017136
734,0.1186,0,3,0,27041,649403,855,125401,5.143541693068053,0.16184867398722774
735,0.1187,0,12,0,27053,649391,855,125401,5.143446648080091,0.1618511807039825
736,0.1188,0,9,0,27062,649382,855,125401,5.1433753643391205,0.16185306079250578
737,0.1189,0,3,0,27065,649379,855,125401,5.14335160309213,0.16185368749838663
738,0.119,3,30,3,27095,649349,858,125398,5.143113990622228,0.16185670935156896
739,0.1192,1,39,1,27134,649310,859,125397,5.142805094411354,0.1618637755951605
740,0.1193,3,16,3,27150,649294,862,125394,5.14267836776074,0.16186387293981577
741,0.1194,0,2,0,27152,649292,862,125394,5.1426625269294135,0.16186429082234607
742,0.1195,0,7,0,27159,649285,862,125394,5.14260708401977,0.16186575342819412
743,0.1196,2,9,2,27168,649276,864,125392,5.142535800278798,0.16186547011106694
744,0.1197,0,8,0,27176,649268,864,125392,5.142472436953491,0.1618671417137841
745,0.1198,1,9,1,27185,649259,865,125391,5.1424011532125204,0.16186794036016267
746,0.1199,0,4,0,27189,649255,865,125391,5.142369471549867,0.161868776189382
747,0.12,81,2534,81,29723,646721,946,125310,5.122299138258776,0.16231213513447
748,0.1201,0,1,0,29724,646720,946,125310,5.122291217843112,0.16231234537517972
749,0.1202,1,4,1,29728,646716,947,125309,5.122259536180459,0.16231210129205662
750,0.1203,0,6,0,29734,646710,947,125309,5.122212013686478,0.1623133627540255
751,0.1204,0,7,0,29741,646703,947,125309,5.122156570776834,0.16231483448443806
752,0.1205,0,10,0,29751,646693,947,125309,5.1220773666202,0.16231693700275387
753,0.1206,0,3,0,29754,646690,947,125309,5.12205360537321,0.16231756776887016
754,0.1207,0,18,0,29772,646672,947,125309,5.121911037891269,0.1623213524685193
755,0.1208,2,51,2,29823,646621,949,125307,5.121507096692435,0.16232990641614245
756,0.1209,2,6,2,29829,646615,951,125305,5.121459574198454,0.16232899782360866
757,0.121,2,29,2,29858,646586,953,125303,5.121229882144215,0.16233292610725117
758,0.1211,1,5,1,29863,646581,954,125302,5.121190280065898,0.1623328924202243
759,0.1212,0,3,0,29866,646578,954,125302,5.1211665188189075,0.16233352334559775
760,0.1213,1,10,1,29876,646568,955,125301,5.121087314662273,0.16233454122396418
761,0.1214,0,7,0,29883,646561,955,125301,5.1210318717526295,0.16233601343245296
762,0.1215,1,5,1,29888,646556,956,125300,5.120992269674312,0.16233597976824693
763,0.1217,8,155,8,30043,646401,964,125292,5.119764605246483,0.16235990218908297
764,0.1218,0,1,0,30044,646400,964,125292,5.11975668483082,0.16236011258377694
765,0.1219,0,2,0,30046,646398,964,125292,5.119740843999493,0.16236053337480078
766,0.122,2,38,2,30084,646360,966,125290,5.119439868204283,0.1623663578047042
767,0.1221,0,5,0,30089,646355,966,125290,5.119400266125966,0.16236740988407883
768,0.1222,0,3,0,30092,646352,966,125290,5.119376504878976,0.16236804113824804
769,0.1223,0,13,0,30105,646339,966,125290,5.119273539475351,0.1623707766297016
770,0.1224,0,3,0,30108,646336,966,125290,5.119249778228362,0.1623714079100497
771,0.1225,5,138,5,30246,646198,971,125285,5.11815676086681,0.1623950236103712
772,0.1226,1,12,1,30258,646186,972,125284,5.1180617158788495,0.1623964638936057
773,0.1227,3,15,3,30273,646171,975,125281,5.117942909643898,0.16239636425856696
774,0.1228,0,2,0,30275,646169,975,125281,5.1179270688125715,0.16239678527448312
775,0.1229,0,9,0,30284,646160,975,125281,5.1178557850716,0.16239867987312057
776,0.123,0,14,0,30298,646146,975,125281,5.117744899252313,0.1624016271144256
777,0.1231,0,1,0,30299,646145,975,125281,5.117736978836649,0.16240183763575508
778,0.1232,1,6,1,30305,646139,976,125280,5.117689456342669,0.16240201498796375
779,0.1233,15,336,15,30641,645803,991,125265,5.115028196679762,0.16245648892185904
780,0.1235,0,12,0,30653,645791,991,125265,5.114933151691801,0.1624590172438837
781,0.1236,0,2,0,30655,645789,991,125265,5.1149173108604735,0.16245943863853893
782,0.1237,0,8,0,30663,645781,991,125265,5.114853947535167,0.16246112423902076
783,0.1238,2,2,2,30665,645779,993,125263,5.11483810670384,0.16245937315995757
784,0.1239,0,2,0,30667,645777,993,125263,5.114822265872513,0.16245979456318738
785,0.124,2,38,2,30705,645739,995,125261,5.114521290077303,0.16246562905317768
786,0.1242,2,37,2,30742,645702,997,125259,5.114228234697757,0.16247125340970556
787,0.1243,2,19,2,30761,645683,999,125257,5.114077746800152,0.16247308480556205
788,0.1244,1,4,1,30765,645679,1000,125256,5.114046065137498,0.16247284141983437
789,0.1245,0,5,0,30770,645674,1000,125256,5.114006463059181,0.16247389516557922
790,0.1246,0,1,0,30771,645673,1000,125256,5.113998542643518,0.16247410591636843
791,0.1247,0,8,0,30779,645665,1000,125256,5.113935179318211,0.16247579194236503
792,0.1248,0,6,0,30785,645659,1000,125256,5.11388765682423,0.16247705648482647
793,0.125,27,644,27,31429,645015,1027,125229,5.108786909136992,0.16258354495458582
794,0.1252,1,3,1,31432,645012,1028,125228,5.108763147890001,0.16258309098462817
795,0.1253,1,17,1,31449,644995,1029,125227,5.108628500823723,0.1625855922058835
796,0.1254,1,18,1,31467,644977,1030,125226,5.108485933341782,0.16258830464176327
797,0.1255,0,8,0,31475,644969,1030,125226,5.108422570016474,0.16258999344321892
798,0.1256,0,1,0,31476,644968,1030,125226,5.108414649600811,0.16259020454586767
799,0.1257,1,14,1,31490,644954,1031,125225,5.108303763781524,0.1625920727519187
800,0.1258,5,46,5,31536,644908,1036,125220,5.107939424661006,0.16259634762013586
801,0.126,3,56,3,31592,644852,1039,125217,5.107495881383855,0.16260490943019393
802,0.1262,2,9,2,31601,644843,1041,125215,5.1074245976428845,0.1626046349755473
803,0.1263,0,11,0,31612,644832,1041,125215,5.1073374730705865,0.16260695775712392
804,0.1264,0,5,0,31617,644827,1041,125215,5.107297870992269,0.16260801358886917
805,0.1265,2,12,2,31629,644815,1043,125213,5.1072028260043085,0.1626083726825518
806,0.1267,15,316,15,31945,644499,1058,125198,5.10469997465467,0.16265881249374753
807,0.1268,0,5,0,31950,644494,1058,125198,5.104660372576353,0.1626598691424622
808,0.127,2,25,2,31975,644469,1060,125196,5.104462362184767,0.16266297674962485
809,0.1271,1,8,1,31983,644461,1061,125195,5.10439899885946,0.16266357957321192
810,0.1272,0,8,0,31991,644453,1061,125195,5.104335635534153,0.16266527035735817
811,0.1273,1,21,1,32012,644432,1062,125194,5.104169306805221,0.16266862086260078
812,0.1274,0,2,0,32014,644430,1062,125194,5.104153465973894,0.16266904358491938
813,0.1275,5,130,5,32144,644300,1067,125189,5.1031238119376505,0.1626910846028988
814,0.1276,1,3,1,32147,644297,1068,125188,5.10310005069066,0.16269063074653828
815,0.1277,2,11,2,32158,644286,1070,125186,5.103012926118363,0.16269078017133826
816,0.1278,0,10,0,32168,644276,1070,125186,5.102933721961729,0.16269289451590851
817,0.1279,0,9,0,32177,644267,1070,125186,5.1028624382207575,0.16269479747301005
818,0.128,1,33,1,32210,644234,1071,125185,5.102601064503865,0.1627006871418564
819,0.1281,0,2,0,32212,644232,1071,125185,5.102585223672539,0.16270111006125418
820,0.1282,1,5,1,32217,644227,1072,125184,5.1025456215942215,0.16270107913715817
821,0.1283,6,157,6,32374,644070,1078,125178,5.101302116335066,0.16272775489829028
822,0.1285,0,5,0,32379,644065,1078,125178,5.1012625142567485,0.16272881261187946
823,0.1286,0,3,0,32382,644062,1078,125178,5.101238753009758,0.16272944724663305
824,0.1287,0,19,0,32401,644043,1078,125178,5.101088265112153,0.16273346671502728
825,0.1288,0,6,0,32407,644037,1078,125178,5.1010407426181725,0.16273473606208927
826,0.1289,0,3,0,32410,644034,1078,125178,5.101016981371182,0.16273537074304614
827,0.129,2,26,2,32436,644008,1080,125176,5.100811050563934,0.16273869451262638
828,0.1291,0,1,0,32437,644007,1080,125176,5.10080313014827,0.16273890608606795
829,0.1292,2,45,2,32482,643962,1082,125174,5.100446711443417,0.16274625033804166
830,0.1293,0,27,0,32509,643935,1082,125174,5.100232860220505,0.16275196363584354
831,0.1294,2,3,2,32512,643932,1084,125172,5.100209098973514,0.1627504212694252
832,0.1295,0,12,0,32524,643920,1084,125172,5.100114053985553,0.1627529606340984
833,0.1296,0,5,0,32529,643915,1084,125172,5.100074451907236,0.1627540187260999
834,0.1297,2,7,2,32536,643908,1086,125170,5.1000190089975925,0.16275332280991006
835,0.1298,0,7,0,32543,643901,1086,125170,5.099963566087948,0.1627548041728267
836,0.1299,0,4,0,32547,643897,1086,125170,5.0999318844252945,0.16275565067802936
837,0.13,99,2743,99,35290,641154,1185,125071,5.07820618426055,0.16323012170054488
838,0.1302,1,13,1,35303,641141,1186,125070,5.078103218856926,0.1632317990736233
839,0.1303,0,9,0,35312,641132,1186,125070,5.078031935115955,0.16323371643509152
840,0.1304,0,2,0,35314,641130,1186,125070,5.078016094284628,0.16323414252153484
841,0.1305,0,12,0,35326,641118,1186,125070,5.077921049296667,0.16323669908690816
842,0.1306,0,5,0,35331,641113,1186,125070,5.07788144721835,0.16323776434611575
843,0.1307,1,16,1,35347,641097,1187,125069,5.077754720567736,0.1632400811312431
844,0.1308,3,40,3,35387,641057,1190,125066,5.077437903941199,0.16324532744742032
845,0.131,2,24,2,35411,641033,1192,125064,5.077247813965277,0.16324825707449578
846,0.1311,0,1,0,35412,641032,1192,125064,5.0772398935496135,0.16324847016561894
847,0.1312,1,15,1,35427,641017,1193,125063,5.077121087314662,0.16325057435254803
848,0.1313,0,4,0,35431,641013,1193,125063,5.077089405652009,0.16325142675139281
849,0.1314,0,9,0,35440,641004,1193,125063,5.0770181219110375,0.1632533446813399
850,0.1315,1,12,1,35452,640992,1194,125062,5.076923076923077,0.16325480971315337
851,0.1316,0,2,0,35454,640990,1194,125062,5.07690723609175,0.163255235936986
852,0.1317,9,132,9,35586,640858,1203,125053,5.0758617412241795,0.16327353961491609
853,0.1318,1,11,1,35597,640847,1204,125052,5.075774616651882,0.16327479210705328
854,0.1319,2,2,2,35599,640845,1206,125050,5.075758775820555,0.1632730335098153
855,0.132,3,50,3,35649,640795,1209,125047,5.075362755037385,0.1632804155426315
856,0.1321,0,2,0,35651,640793,1209,125047,5.075346914206057,0.16328084195132142
857,0.1322,0,2,0,35653,640791,1209,125047,5.0753310733747306,0.1632812683622385
858,0.1323,0,10,0,35663,640781,1209,125047,5.075251869218096,0.16328340045023165
859,0.1324,0,1,0,35664,640780,1209,125047,5.0752439488024335,0.1632836136620934
860,0.1325,4,149,4,35813,640631,1213,125043,5.074063806868584,0.1633110174826362
861,0.1326,0,2,0,35815,640629,1213,125043,5.0740479660372575,0.16331144406482148
862,0.1327,1,18,1,35833,640611,1214,125042,5.073905398555316,0.16331419063204872
863,0.1328,0,4,0,35837,640607,1214,125042,5.073873716892662,0.1633150438386258
864,0.1329,2,14,2,35851,640593,1216,125040,5.073762831073375,0.16331584453648157
865,0.133,2,22,2,35873,640571,1218,125038,5.07358858192878,0.16331835179576
866,0.1331,1,3,1,35876,640568,1219,125037,5.073564820681789,0.16331789891654314
867,0.1332,2,10,2,35886,640558,1221,125035,5.073485616525155,0.1633178464275405
868,0.1333,8,351,8,36237,640207,1229,125027,5.070705550627297,0.16338401064249627
869,0.1334,0,1,0,36238,640206,1229,125027,5.070697630211633,0.1633842241513369
870,0.1335,0,8,0,36246,640198,1229,125027,5.0706342668863265,0.163385932242151
871,0.1336,0,4,0,36250,640194,1229,125027,5.070602585223672,0.16338678630095096
872,0.1337,0,11,0,36261,640183,1229,125027,5.070515460651375,0.16338913500869043
873,0.1338,0,8,0,36269,640175,1229,125027,5.070452097326068,0.16339084320218714
874,0.1339,0,1,0,36270,640174,1229,125027,5.070444176910404,0.16339105672888563
875,0.134,3,59,3,36329,640115,1232,125024,5.069976872386263,0.16340037561802495
876,0.1341,0,3,0,36332,640112,1232,125024,5.069953111139273,0.16340101628991446
877,0.1342,1,49,1,36381,640063,1233,125023,5.069565010771766,0.16341038785182319
878,0.1343,1,19,1,36400,640044,1234,125022,5.06941452287416,0.16341335257350345
879,0.1344,0,2,0,36402,640042,1234,125022,5.069398682042833,0.16341377976221597
880,0.1345,1,9,1,36411,640033,1235,125021,5.069327398301863,0.16341460864200436
881,0.1346,0,16,0,36427,640017,1235,125021,5.069200671651248,0.16341802629411872
882,0.1347,1,9,1,36436,640008,1236,125020,5.0691293879102775,0.16341885525758534
883,0.1348,0,9,0,36445,639999,1236,125020,5.069058104169307,0.16342077778460404
884,0.1349,0,5,0,36450,639994,1236,125020,5.06901850209099,0.16342184587471603
885,0.135,34,701,34,37151,639293,1270,124986,5.063466290710936,0.1635345207705563
886,0.1351,1,3,1,37154,639290,1271,124985,5.063442529463947,0.16353406823460143
887,0.1352,0,1,0,37155,639289,1271,124985,5.063434609048283,0.16353428220768992
888,0.1353,3,15,3,37170,639274,1274,124982,5.063315802813332,0.16353420843277644
889,0.1354,0,2,0,37172,639272,1274,124982,5.063299961982005,0.16353463639051938
890,0.1355,1,9,1,37181,639263,1275,124981,5.0632286782410345,0.16353546773020136
891,0.1356,0,4,0,37185,639259,1275,124981,5.06319699657838,0.1635363236679577
892,0.1357,0,23,0,37208,639236,1275,124981,5.063014827018122,0.16354124548393978
893,0.1358,2,52,2,37260,639184,1277,124979,5.062602965403625,0.16355018497362472
894,0.136,2,83,2,37343,639101,1279,124977,5.0619455709035615,0.1635657616107256
895,0.1362,1,9,1,37352,639092,1280,124976,5.06187428716259,0.16356659354926525
896,0.1363,0,6,0,37358,639086,1280,124976,5.06182676466861,0.16356787799942937
897,0.1364,0,5,0,37363,639081,1280,124976,5.061787162590293,0.16356894838997615
898,0.1365,1,10,1,37373,639071,1281,124975,5.061707958433659,0.16356999447677234
899,0.1366,0,6,0,37379,639065,1281,124975,5.061660435939678,0.16357127899062876
900,0.1367,9,333,9,37712,638732,1290,124966,5.059022937523761,0.16363274488082985
901,0.1368,0,2,0,37714,638730,1290,124966,5.059007096692435,0.16363317340931471
902,0.1369,0,2,0,37716,638728,1290,124966,5.058991255861107,0.16363360194004406
903,0.137,1,19,1,37735,638709,1291,124965,5.058840767963503,0.16363657791151723
904,0.1371,0,3,0,37738,638706,1291,124965,5.058817006716512,0.16363722074034498
905,0.1372,0,8,0,37746,638698,1291,124965,5.0587536433912055,0.16363893497524432
906,0.1373,2,27,2,37773,638671,1293,124963,5.058539792168293,0.16364253032211767
907,0.1374,2,7,2,37780,638664,1295,124961,5.0584843492586495,0.16364183990833198
908,0.1375,7,131,7,37911,638533,1302,124954,5.057446774806742,0.16366224965192597
909,0.1376,0,1,0,37912,638532,1302,124954,5.057438854391078,0.16366246401374746
910,0.1377,2,14,2,37926,638518,1304,124952,5.057327968571791,0.16366327426094018
911,0.1378,0,7,0,37933,638511,1304,124952,5.057272525662147,0.16366477484828995
912,0.1379,0,11,0,37944,638500,1304,124952,5.057185401089849,0.16366713296972174
913,0.138,2,44,2,37988,638456,1306,124950,5.056836902800659,0.1636743751031561
914,0.1381,0,4,0,37992,638452,1306,124950,5.0568052211380055,0.16367523270832404
915,0.1382,0,12,0,38004,638440,1306,124950,5.056710176150045,0.16367780557775188
916,0.1383,8,150,8,38154,638290,1314,124942,5.055522113800532,0.16370120749654102
917,0.1384,0,4,0,38158,638286,1314,124942,5.055490432137878,0.16370206543785082
918,0.1385,0,12,0,38170,638274,1314,124942,5.055395387149917,0.16370463931573762
919,0.1386,1,8,1,38178,638266,1315,124941,5.055332023824611,0.16370525951674972
920,0.1387,0,8,0,38186,638258,1315,124941,5.055268660499303,0.16370697550704338
921,0.1388,1,1,1,38187,638257,1316,124940,5.055260740083639,0.1637060942325507
922,0.139,3,23,3,38210,638234,1319,124937,5.055078570523381,0.1637077404670775
923,0.1391,1,1,1,38211,638233,1320,124936,5.055070650107718,0.16370685916225633
924,0.1392,3,47,3,38258,638186,1323,124933,5.054698390571537,0.16371365409588806
925,0.1393,1,25,1,38283,638161,1324,124932,5.0545003801799515,0.16371792166878743
926,0.1394,0,3,0,38286,638158,1324,124932,5.054476618932962,0.16371856530684453
927,0.1395,0,6,0,38292,638152,1324,124932,5.054429096438981,0.16371985259814123
928,0.1396,1,11,1,38303,638141,1325,124931,5.054341971866684,0.1637211167491403
929,0.1397,0,6,0,38309,638135,1325,124931,5.054294449372703,0.163722404090865
930,0.1398,1,12,1,38321,638123,1326,124930,5.054199404384742,0.16372388287576353
931,0.1399,0,2,0,38323,638121,1326,124930,5.054183563553416,0.16372431200535745
932,0.14,111,2919,111,41242,635202,1437,124819,5.03106387023191,0.16423098835426916
933,0.1401,0,1,0,41243,635201,1437,124819,5.031055949816246,0.16423120444198838
934,0.1402,2,14,2,41257,635187,1439,124817,5.030945063996959,0.16423203035773495
935,0.1403,2,13,2,41270,635174,1441,124815,5.030842098593334,0.16423264020926617
936,0.1404,0,6,0,41276,635168,1441,124815,5.030794576099353,0.16423393681174447
937,0.1405,1,16,1,41292,635152,1442,124814,5.030667849448739,0.16423629478160864
938,0.1406,0,3,0,41295,635149,1442,124814,5.030644088201749,0.16423694311433584
939,0.1407,0,25,0,41320,635124,1442,124814,5.030446077810163,0.1642423460861281
940,0.1408,5,40,5,41360,635084,1447,124809,5.030129261183627,0.16424549245749073
941,0.141,2,29,2,41389,635055,1449,124807,5.0298995691293875,0.16424956110451636
942,0.1411,1,1,1,41390,635054,1450,124806,5.029891648713725,0.16424867738793988
943,0.1412,0,16,0,41406,635038,1450,124806,5.0297649220631095,0.16425213596475066
944,0.1413,1,11,1,41417,635027,1451,124805,5.0296777974908125,0.16425341391254908
945,0.1414,1,7,1,41424,635020,1452,124804,5.029622354581169,0.1642538272020889
946,0.1415,1,15,1,41439,635005,1453,124803,5.029503548346217,0.1642559699292453
947,0.1416,0,2,0,41441,635003,1453,124803,5.029487707514891,0.16425640229216404
948,0.1417,5,165,5,41606,634838,1458,124798,5.028180838930427,0.16428657936169427
949,0.1418,1,6,1,41612,634832,1459,124797,5.028133316436446,0.16428677683448104
950,0.1419,0,3,0,41615,634829,1459,124797,5.028109555189456,0.1642874256542035
951,0.142,2,51,2,41666,634778,1461,124795,5.027705613990622,0.16429625592273553
952,0.1421,0,4,0,41670,634774,1461,124795,5.027673932327969,0.16429712113053588
953,0.1422,0,3,0,41673,634771,1461,124795,5.027650171080978,0.1642977700423663
954,0.1423,0,16,0,41689,634755,1461,124795,5.027523444430364,0.16430123099203475
955,0.1424,0,3,0,41692,634752,1461,124795,5.027499683183374,0.16430187993633047
956,0.1425,10,181,10,41873,634571,1471,124785,5.026066087948296,0.16433003755814138
957,0.1426,1,2,1,41875,634569,1472,124784,5.026050247116968,0.16432936987145635
958,0.1427,2,24,2,41899,634545,1474,124782,5.025860157141047,0.16433236273700264
959,0.1428,0,4,0,41903,634541,1474,124782,5.025828475478393,0.16433322841531206
960,0.1429,1,9,1,41912,634532,1475,124781,5.025757191737422,0.16433407567103422
961,0.143,0,22,0,41934,634510,1475,124781,5.025582942592827,0.16433883715202735
962,0.1431,0,2,0,41936,634508,1475,124781,5.0255671017615,0.16433927002761795
963,0.1432,0,11,0,41947,634497,1475,124781,5.025479977189203,0.1643416508841294
964,0.1433,15,380,15,42327,634117,1490,124766,5.022470219237105,0.1644074251235039
965,0.1434,0,3,0,42330,634114,1490,124766,5.022446457990116,0.1644080750579802
966,0.1435,1,9,1,42339,634105,1491,124765,5.022375174249144,0.16440892379458932
967,0.1436,0,2,0,42341,634103,1491,124765,5.022359333417818,0.16440935709504156
968,0.1437,0,12,0,42353,634091,1491,124765,5.022264288429857,0.16441195694571828
969,0.1438,2,16,2,42369,634075,1493,124763,5.0221375617792425,0.16441322126725336
970,0.1439,1,3,1,42372,634072,1494,124762,5.022113800532252,0.1644127701183658
971,0.144,3,94,3,42466,633978,1497,124759,5.021369281459891,0.1644298353711497
972,0.1442,2,28,2,42494,633950,1499,124757,5.021147509821316,0.16443370102028845
973,0.1443,4,12,4,42506,633938,1503,124753,5.021052464833354,0.16443189651650014
974,0.1444,1,7,1,42513,633931,1504,124752,5.02099702192371,0.16443231230962074
975,0.1445,1,18,1,42531,633913,1505,124751,5.0208544544417695,0.1644351122499552
976,0.1446,0,5,0,42536,633908,1505,124751,5.020814852363452,0.1644361959721034
977,0.1447,0,13,0,42549,633895,1505,124751,5.020711886959828,0.16443901371654238
978,0.1448,0,8,0,42557,633887,1505,124751,5.02064852363452,0.16444074776111928
979,0.1449,1,0,1,42557,633887,1506,124750,5.02064852363452,0.16443964636578495
980,0.145,31,773,31,43330,633114,1537,124719,5.014526042326701,0.1645731975250484
981,0.1451,0,3,0,43333,633111,1537,124719,5.014502281079711,0.16457384901627015
982,0.1452,1,6,1,43339,633105,1538,124718,5.014454758585731,0.16457404961316824
983,0.1453,0,18,0,43357,633087,1538,124718,5.014312191103789,0.16457795870969444
984,0.1454,1,4,1,43361,633083,1539,124717,5.014280509441136,0.16457772499340195
985,0.1455,0,6,0,43367,633077,1539,124717,5.014232986947155,0.16457902807359256
986,0.1456,0,3,0,43370,633074,1539,124717,5.0142092257001645,0.16457967962142597
987,0.1457,1,14,1,43384,633060,1540,124716,5.014098339880877,0.1645816177867866
988,0.1458,1,60,1,43444,633000,1541,124715,5.013623114941072,0.16459354770593165
989,0.146,3,54,3,43498,632946,1544,124712,5.013195412495247,0.16460197081004885
990,0.1461,0,5,0,43503,632941,1544,124712,5.01315581041693,0.1646030570723009
991,0.1462,0,11,0,43514,632930,1544,124712,5.013068685844633,0.1646054468997231
992,0.1463,0,11,0,43525,632919,1544,124712,5.012981561272335,0.16460783679654079
993,0.1464,0,8,0,43533,632911,1544,124712,5.0129181979470285,0.1646095749469063
994,0.1465,0,9,0,43542,632902,1544,124712,5.012846914206057,0.16461153040994492
995,0.1466,0,2,0,43544,632900,1544,124712,5.0128310733747306,0.16461196496359615
996,0.1467,15,321,15,43865,632579,1559,124697,5.010288619946775,0.16466519472424848
997,0.1468,0,12,0,43877,632567,1559,124697,5.010193574958814,0.16466780409474108
998,0.1469,0,2,0,43879,632565,1559,124697,5.010177734127487,0.16466823899786334
999,0.147,0,35,0,43914,632530,1559,124697,5.009900519579268,0.16467585017438627
1000,0.1471,0,10,0,43924,632520,1559,124697,5.009821315422633,0.16467802492548372
1001,0.1472,1,7,1,43931,632513,1560,124696,5.00976587251299,0.16467844412837143
1002,0.1473,3,22,3,43953,632491,1563,124693,5.009591623368395,0.164679919279858
1003,0.1474,0,4,0,43957,632487,1563,124693,5.00955994170574,0.1646807892443012
1004,0.1475,10,193,10,44150,632294,1573,124683,5.008031301482702,0.1647117415720689
1005,0.1476,0,1,0,44151,632293,1573,124683,5.008023381067038,0.16471195916383083
1006,0.1477,4,11,4,44162,632282,1577,124679,5.007936256494741,0.1647099388211546
1007,0.1478,0,6,0,44168,632276,1577,124679,5.00788873400076,0.16471124439365617
1008,0.1479,0,4,0,44172,632272,1577,124679,5.007857052338107,0.1647121147868224
1009,0.148,2,42,2,44214,632230,1579,124677,5.007524394880243,0.16471904738627072
1010,0.1481,0,2,0,44216,632228,1579,124677,5.007508554048917,0.16471948262992053
1011,0.1482,1,8,1,44224,632220,1580,124676,5.007445190723609,0.1647201200693358
1012,0.1483,7,158,7,44382,632062,1587,124669,5.006193765048789,0.1647467858459611
1013,0.1485,1,17,1,44399,632045,1588,124668,5.006059117982511,0.1647493831875493
1014,0.1486,0,2,0,44401,632043,1588,124668,5.006043277151185,0.16474981862296173
1015,0.1487,1,15,1,44416,632028,1589,124667,5.005924470916233,0.16475198065270683
1016,0.1488,2,11,2,44427,632017,1591,124665,5.005837346343936,0.16475216801774062
1017,0.1489,0,2,0,44429,632015,1591,124665,5.00582150551261,0.1647526034783528
1018,0.149,1,40,1,44469,631975,1592,124664,5.005504688886073,0.1647602092939962
1019,0.1491,0,3,0,44472,631972,1592,124664,5.005480927639082,0.16476086255478195
1020,0.1492,4,51,4,44523,631921,1596,124660,5.0050769864402485,0.16476755297846496
1021,0.1493,1,27,1,44550,631894,1597,124659,5.004863135217336,0.16477232923536092
1022,0.1494,0,4,0,44554,631890,1597,124659,5.004831453554683,0.16477320041398508
1023,0.1495,0,11,0,44565,631879,1597,124659,5.004744328982385,0.16477559620270232
1024,0.1496,0,4,0,44569,631875,1597,124659,5.004712647319732,0.1647764674158729
1025,0.1497,1,4,1,44573,631871,1598,124658,5.004680965657077,0.16477623461889762
1026,0.1498,1,10,1,44583,631861,1599,124657,5.004601761500443,0.16477730866945664
1027,0.1499,0,3,0,44586,631858,1599,124657,5.004578000253454,0.16477796210253598
1028,0.15,102,3097,102,47683,628761,1701,124555,4.98004847294386,0.1653422999113254
1029,0.1502,2,6,2,47689,628755,1703,124553,4.980000950449879,0.1653414008612679
1030,0.1503,0,2,0,47691,628753,1703,124553,4.979985109618553,0.16534183983666664
1031,0.1504,1,6,1,47697,628747,1704,124552,4.979937587124573,0.16534204877478928
1032,0.1505,0,7,0,47704,628740,1704,124552,4.979882144214929,0.16534358522326004
1033,0.1506,0,3,0,47707,628737,1704,124552,4.979858382967938,0.16534424370991743
1034,0.1507,2,29,2,47736,628708,1706,124550,4.9796286909136995,0.1653483932464043
1035,0.1508,4,47,4,47783,628661,1710,124546,4.979256431377519,0.16535427843872932
1036,0.1509,0,6,0,47789,628655,1710,124546,4.979208908883538,0.16535559565109445
1037,0.151,1,44,1,47833,628611,1711,124545,4.978860410594348,0.16536414766661886
1038,0.1511,0,2,0,47835,628609,1711,124545,4.978844569763021,0.16536458679101484
1039,0.1512,0,11,0,47846,628598,1711,124545,4.978757445190723,0.16536700201688126
1040,0.1513,1,19,1,47865,628579,1712,124544,4.978606957293119,0.16537006571303758
1041,0.1514,0,6,0,47871,628573,1712,124544,4.978559434799139,0.16537138319809538
1042,0.1515,0,17,0,47888,628556,1712,124544,4.97842478773286,0.16537511618642942
1043,0.1516,0,5,0,47893,628551,1712,124544,4.978385185654544,0.16537621415624854
1044,0.1517,7,182,7,48075,628369,1719,124537,4.976943670003802,0.16540843080012643
1045,0.1518,0,8,0,48083,628361,1719,124537,4.976880306678495,0.1654101883654891
1046,0.1519,0,2,0,48085,628359,1719,124537,4.976864465847168,0.16541062776266577
1047,0.152,3,42,3,48127,628317,1722,124534,4.976531808389304,0.16541652996409648
1048,0.1521,0,8,0,48135,628309,1722,124534,4.976468445063997,0.16541828774392536
1049,0.1522,0,18,0,48153,628291,1722,124534,4.976325877582055,0.16542224288513266
1050,0.1523,2,21,2,48174,628270,1724,124532,4.976159548853124,0.16542464021083897
1051,0.1524,0,6,0,48180,628264,1724,124532,4.976112026359143,0.16542595869266044
1052,0.1525,9,208,9,48388,628056,1733,124523,4.974464579901153,0.16546169903757613
1053,0.1526,0,6,0,48394,628050,1733,124523,4.974417057407173,0.16546301820554285
1054,0.1527,1,22,1,48416,628028,1734,124522,4.974242808262578,0.16546674639558834
1055,0.1528,0,9,0,48425,628019,1734,124522,4.974171524521607,0.1654687252920439
1056,0.1529,0,10,0,48435,628009,1734,124522,4.9740923203649725,0.16547092412139833
1057,0.153,2,16,2,48451,627993,1736,124520,4.973965593714358,0.16547222440011003
1058,0.1531,1,6,1,48457,627987,1737,124519,4.973918071220377,0.1654724347712842
1059,0.1532,0,7,0,48464,627980,1737,124519,4.973862628310734,0.16547397405179276
1060,0.1533,23,387,23,48851,627593,1760,124496,4.970797427448993,0.1655336004116534
1061,0.1534,0,1,0,48852,627592,1760,124496,4.970789507033329,0.1655338205103658
1062,0.1535,1,17,1,48869,627575,1761,124495,4.970654859967051,0.1655364527238156
1063,0.1536,0,3,0,48872,627572,1761,124495,4.970631098720061,0.16553711304976818
1064,0.1537,0,14,0,48886,627558,1761,124495,4.970520212900773,0.1655401946405373
1065,0.1538,0,15,0,48901,627543,1761,124495,4.970401406665822,0.16554349647225272
1066,0.1539,1,2,1,48903,627541,1762,124494,4.970385565834495,0.1655428271290565
1067,0.154,3,99,3,49002,627442,1765,124491,4.969601444683817,0.1655612933599137
1068,0.1542,2,48,2,49050,627394,1767,124489,4.969221264731973,0.1655696431492666
1069,0.1543,2,32,2,49082,627362,1769,124487,4.968967811430744,0.16557447040562667
1070,0.1544,2,7,2,49089,627355,1771,124485,4.9689123685211,0.16557379229623323
1071,0.1545,3,17,3,49106,627338,1774,124482,4.968777721454822,0.1655742065920034
1072,0.1546,2,4,2,49110,627334,1776,124480,4.968746039792168,0.16557286775718463
1073,0.1547,0,15,0,49125,627319,1776,124480,4.968627233557217,0.16557617129046462
1074,0.1548,0,15,0,49140,627304,1776,124480,4.9685084273222655,0.16557947495557235
1075,0.155,34,831,34,49971,626473,1810,124446,4.961926561905969,0.16572493171700275
1076,0.1551,0,1,0,49972,626472,1810,124446,4.961918641490305,0.16572515241344593
1077,0.1552,0,5,0,49977,626467,1810,124446,4.961879039411988,0.16572625590447895
1078,0.1553,3,19,3,49996,626448,1813,124443,4.961728551514383,0.16572711618597108
1079,0.1554,1,7,1,50003,626441,1814,124442,4.96167310860474,0.165727550097685
1080,0.1555,1,12,1,50015,626429,1815,124441,4.961578063616779,0.16572908759172694
1081,0.1556,3,2,3,50017,626427,1818,124438,4.961562222785452,0.16572619578752507
1082,0.1557,1,19,1,50036,626408,1819,124437,4.961411734887847,0.1657292783463964
1083,0.1558,3,51,3,50087,626357,1822,124434,4.961007793689013,0.16573720249709972
1084,0.1559,1,2,1,50089,626355,1823,124433,4.960991952857686,0.1657365328161878
1085,0.156,3,79,3,50168,626276,1826,124430,4.960366240020276,0.16575064006415294
1086,0.1561,0,2,0,50170,626274,1826,124430,4.9603503991889495,0.1657510816513566
1087,0.1562,1,11,1,50181,626263,1827,124429,4.9602632746166515,0.1657523991197455
1088,0.1563,0,4,0,50185,626259,1827,124429,4.960231592953998,0.16575328232234962
1089,0.1564,0,3,0,50188,626256,1827,124429,4.960207831707008,0.1657539447304795
1090,0.1565,1,17,1,50205,626239,1828,124428,4.96007318464073,0.1657565871418352
1091,0.1566,0,2,0,50207,626237,1828,124428,4.960057343809403,0.16575702876782586
1092,0.1567,18,402,18,50609,625835,1846,124410,4.956873336712711,0.16582583022879194
1093,0.1568,0,9,0,50618,625826,1846,124410,4.95680205297174,0.1658278195127933
1094,0.1569,1,2,1,50620,625824,1847,124409,4.956786212140413,0.1658271496988269
1095,0.157,0,22,0,50642,625802,1847,124409,4.956611962995818,0.16583201259379027
1096,0.1571,1,8,1,50650,625794,1848,124408,4.95654859967051,0.16583266906779773
1097,0.1572,1,11,1,50661,625783,1849,124407,4.956461475098213,0.16583398872285687
1098,0.1573,0,27,0,50688,625756,1849,124407,4.956247623875301,0.1658399574492477
1099,0.1575,9,209,9,50897,625547,1858,124398,4.954592257001647,0.16587616425204516
1100,0.1576,0,3,0,50900,625544,1858,124398,4.954568495754657,0.16587682780801716
1101,0.1577,0,21,0,50921,625523,1858,124398,4.954402167025726,0.16588147284847338
1102,0.1578,1,7,1,50928,625516,1859,124397,4.954346724116082,0.16588190896810698
1103,0.1579,0,6,0,50934,625510,1859,124397,4.954299201622101,0.16588323618795398
1104,0.158,2,53,2,50987,625457,1861,124395,4.9538794195919404,0.16589273616660355
1105,0.1581,0,4,0,50991,625453,1861,124395,4.953847737929286,0.16589362110721106
1106,0.1582,1,11,1,51002,625442,1862,124394,4.953760613356989,0.16589494236072955
1107,0.1583,14,186,14,51188,625256,1876,124380,4.952287416043594,0.16592052676232197
1108,0.1584,0,6,0,51194,625250,1876,124380,4.9522398935496135,0.1659218547816923
1109,0.1585,2,11,2,51205,625239,1878,124378,4.9521527689773155,0.1659220642007852
1110,0.1586,0,12,0,51217,625227,1878,124378,4.952057723989355,0.1659247203527191
1111,0.1587,4,11,4,51228,625216,1882,124374,4.9519705994170575,0.1659227044117451
1112,0.1588,0,13,0,51241,625203,1882,124374,4.951867634013433,0.16592558202826393
1113,0.1589,2,3,2,51244,625200,1884,124372,4.9518438727664424,0.16592402064111253
1114,0.159,3,52,3,51296,625148,1887,124369,4.951432011151946,0.16593219366605427
1115,0.1591,0,2,0,51298,625146,1887,124369,4.951416170320618,0.16593263643823006
1116,0.1592,5,67,5,51365,625079,1892,124364,4.95088550247117,0.16594190618899637
1117,0.1593,3,19,3,51384,625060,1895,124361,4.9507350145735645,0.16594277448857184
1118,0.1594,0,1,0,51385,625059,1895,124361,4.950727094157902,0.16594299591684236
1119,0.1595,1,10,1,51395,625049,1896,124360,4.950647890001267,0.16594409728199155
1120,0.1596,0,5,0,51400,625044,1896,124360,4.95060828792295,0.16594520445580754
1121,0.1597,1,9,1,51409,625035,1897,124359,4.95053700418198,0.16594608443622447
1122,0.1598,0,7,0,51416,625028,1897,124359,4.950481561272335,0.16594763453329187
1123,0.1599,0,1,0,51417,625027,1897,124359,4.950473640856672,0.16594785597809406
1124,0.16,134,3140,134,54557,621887,2031,124225,4.925603535673552,0.16649645093498028
1125,0.1601,0,3,0,54560,621884,2031,124225,4.925579774426562,0.16649712039393708
1126,0.1602,0,3,0,54563,621881,2031,124225,4.9255560131795715,0.1664977898582775
1127,0.1603,5,9,5,54572,621872,2036,124220,4.925484729438601,0.16649421250998536
1128,0.1604,0,3,0,54575,621869,2036,124220,4.925460968191611,0.16649488197788737
1129,0.1605,1,14,1,54589,621855,2037,124219,4.925350082372323,0.16649688904853943
1130,0.1606,0,1,0,54590,621854,2037,124219,4.925342161956659,0.16649711221287997
1131,0.1607,1,34,1,54624,621820,2038,124218,4.925072867824103,0.16650358292741121
1132,0.1608,4,68,4,54692,621752,2042,124214,4.9245342795589915,0.16651429153607536
1133,0.1609,0,1,0,54693,621751,2042,124214,4.924526359143328,0.16651451475605425
1134,0.161,4,48,4,54741,621703,2046,124210,4.924146179191484,0.16652076046402195
1135,0.1611,0,6,0,54747,621697,2046,124210,4.924098656697503,0.16652209994007297
1136,0.1612,0,9,0,54756,621688,2046,124210,4.924027372956533,0.16652410919455476
1137,0.1613,3,18,3,54774,621670,2049,124207,4.923884805474591,0.16652477553269507
1138,0.1614,0,3,0,54777,621667,2049,124207,4.923861044227601,0.16652544531650118
1139,0.1615,0,19,0,54796,621648,2049,124207,4.923710556329996,0.166529687405729
1140,0.1617,6,223,6,55019,621425,2055,124201,4.921944303637055,0.16657278582023696
1141,0.1618,1,10,1,55029,621415,2056,124200,4.921865099480421,0.16657390208083261
1142,0.1619,0,1,0,55030,621414,2056,124200,4.921857179064757,0.1665741254858412
1143,0.162,5,70,5,55100,621344,2061,124195,4.921302749968318,0.16658417601225423
1144,0.1621,0,5,0,55105,621339,2061,124195,4.921263147890001,0.16658529322606347
1145,0.1622,1,8,1,55113,621331,2062,124194,4.921199784564694,0.16658596291204186
1146,0.1623,3,23,3,55136,621308,2065,124191,4.921017615004436,0.16658774860865005
1147,0.1625,7,203,7,55339,621105,2072,124184,4.919409770624762,0.16662529569066498
1148,0.1626,0,4,0,55343,621101,2072,124184,4.919378088962109,0.16662618998101397
1149,0.1627,1,31,1,55374,621070,2073,124183,4.919132556076543,0.1666320028232023
1150,0.1628,0,11,0,55385,621059,2073,124183,4.919045431504245,0.16663446236256144
1151,0.1629,1,16,1,55401,621043,2074,124182,4.918918704853631,0.16663692173504646
1152,0.163,6,14,6,55415,621029,2080,124176,4.918807819034343,0.16663334250306963
1153,0.1631,0,10,0,55425,621019,2080,124176,4.9187286148777085,0.1666355786069418
1154,0.1632,1,13,1,55438,621006,2081,124175,4.918625649474085,0.1666373672973412
1155,0.1633,27,453,27,55891,620553,2108,124148,4.915037701178558,0.16670851791524383
1156,0.1634,0,3,0,55894,620550,2108,124148,4.915013939931567,0.16670918949695043
1157,0.1635,2,15,2,55909,620535,2110,124146,4.914895133696616,0.16671030951508095
1158,0.1636,0,4,0,55913,620531,2110,124146,4.914863452033963,0.16671120499223152
1159,0.1637,0,20,0,55933,620511,2110,124146,4.914705043720694,0.16671568252228877
1160,0.1638,0,18,0,55951,620493,2110,124146,4.914562476238753,0.16671971250498563
1161,0.1639,1,4,1,55955,620489,2111,124145,4.914530794576099,0.16671948903756745
1162,0.164,3,95,3,56050,620394,2114,124142,4.913778355088075,0.1667374042356582
1163,0.1641,0,5,0,56055,620389,2114,124142,4.913738753009758,0.16673852398355474
1164,0.1642,4,76,4,56131,620313,2118,124138,4.913136801419339,0.16675106890849767
1165,0.1643,2,31,2,56162,620282,2120,124136,4.912891268533772,0.16675577430959487
1166,0.1644,0,3,0,56165,620279,2120,124136,4.912867507286783,0.1667564463370566
1167,0.1645,0,10,0,56175,620269,2120,124136,4.9127883031301485,0.16675868646771583
1168,0.1646,0,8,0,56183,620261,2120,124136,4.912724939804841,0.16676047861557744
1169,0.1647,3,16,3,56199,620245,2123,124133,4.912598213154227,0.1667607049106771
1170,0.1648,2,13,2,56212,620232,2125,124131,4.912495247750602,0.16676137852096357
1171,0.1649,1,6,1,56218,620226,2126,124130,4.912447725256621,0.16676160331884207
1172,0.165,30,861,30,57079,619365,2156,124100,4.905628247370422,0.1669211059027661
1173,0.1651,1,6,1,57085,619359,2157,124099,4.905580724876441,0.16692133247607802
1174,0.1652,0,11,0,57096,619348,2157,124099,4.905493600304144,0.16692380223472555
1175,0.1653,1,27,1,57123,619321,2158,124098,4.905279749081232,0.16692874408644384
1176,0.1654,0,9,0,57132,619312,2158,124098,4.9052084653402614,0.16693076498836443
1177,0.1655,0,11,0,57143,619301,2158,124098,4.9051213407679635,0.16693323504605198
1178,0.1656,0,2,0,57145,619299,2158,124098,4.905105499936637,0.1669336841553033
1179,0.1657,3,22,3,57167,619277,2161,124095,4.904931250792042,0.1669352625603332
1180,0.1658,5,71,5,57238,619206,2166,124090,4.904368901279939,0.16694560444291373
1181,0.1659,0,4,0,57242,619202,2166,124090,4.904337219617285,0.16694650285486726
1182,0.166,2,81,2,57323,619121,2168,124088,4.903695665948549,0.1669624560520661
1183,0.1661,0,4,0,57327,619117,2168,124088,4.903663984285895,0.16696335465988524
1184,0.1662,1,21,1,57348,619096,2169,124087,4.903497655556964,0.16696695161218703
1185,0.1663,0,8,0,57356,619088,2169,124087,4.9034342922316565,0.16696874894876712
1186,0.1664,1,14,1,57370,619074,2170,124086,4.903323406412368,0.16697077345389957
1187,0.1665,0,17,0,57387,619057,2170,124086,4.90318875934609,0.1669745930460221
1188,0.1666,0,2,0,57389,619055,2170,124086,4.9031729185147634,0.16697504242129016
1189,0.1667,20,426,20,57815,618629,2190,124066,4.8997988214421495,0.16704838459933083
1190,0.1668,0,12,0,57827,618617,2190,124066,4.899703776454189,0.16705108370596877
1191,0.1669,1,0,1,57827,618617,2191,124065,4.899703776454189,0.1670499621641564
1192,0.167,1,28,1,57855,618589,2192,124064,4.899482004815613,0.1670551388064143
1193,0.1671,2,5,2,57860,618584,2194,124062,4.899442402737296,0.16705402035424685
1194,0.1672,1,9,1,57869,618575,2195,124061,4.899371118996325,0.1670549232733129
1195,0.1673,0,17,0,57886,618558,2195,124061,4.899236471930047,0.16705874748693475
1196,0.1674,0,3,0,57889,618555,2195,124061,4.899212710683057,0.1670594223663374
1197,0.1675,14,214,14,58103,618341,2209,124047,4.897517741731086,0.16709187109705437
1198,0.1676,0,8,0,58111,618333,2209,124047,4.8974543784057785,0.16709367170451792
1199,0.1677,0,14,0,58125,618319,2209,124047,4.897343492586491,0.16709682286096075
1200,0.1678,1,8,1,58133,618311,2210,124046,4.897280129261183,0.16709750160637
1201,0.1679,1,5,1,58138,618306,2211,124045,4.897240527182866,0.16709750508856322
1202,0.168,1,53,1,58191,618253,2212,124044,4.896820745152706,0.1671083137881468
1203,0.1681,1,0,1,58191,618253,2213,124043,4.896820745152706,0.16710719174022223
1204,0.1682,1,11,1,58202,618242,2214,124042,4.896733620580408,0.16710854605514872
1205,0.1683,9,189,9,58391,618053,2223,124033,4.8952366620200225,0.1671410052204192
1206,0.1684,0,2,0,58393,618051,2223,124033,4.895220821188696,0.16714145568426217
1207,0.1685,1,14,1,58407,618037,2224,124032,4.895109935369408,0.16714348665690118
1208,0.1686,1,7,1,58414,618030,2225,124031,4.8950544924597645,0.1671439409967644
1209,0.1687,2,21,2,58435,618009,2227,124029,4.894888163730832,0.16714642646333477
1210,0.1688,2,16,2,58451,617993,2229,124027,4.894761437080218,0.16714778577396835
1211,0.1689,0,5,0,58456,617988,2229,124027,4.894721835001901,0.16714891208398752
1212,0.169,5,38,5,58494,617950,2234,124022,4.894420859206691,0.16715186017801212
1213,0.1691,0,2,0,58496,617948,2234,124022,4.894405018375364,0.16715231074032644
1214,0.1692,3,49,3,58545,617899,2237,124019,4.894016918007857,0.1671599826395909
1215,0.1693,1,31,1,58576,617868,2238,124018,4.8937713851222915,0.16716584488721986
1216,0.1694,0,1,0,58577,617867,2238,124018,4.893763464706628,0.16716607021303842
1217,0.1695,1,14,1,58591,617853,2239,124017,4.89365257888734,0.16716810222815318
1218,0.1696,1,9,1,58600,617844,2240,124016,4.893581295146369,0.16716900762947187
1219,0.1697,1,15,1,58615,617829,2241,124015,4.893462488911418,0.16717126511773364
1220,0.1698,2,16,2,58631,617813,2243,124013,4.893335762260803,0.16717262538654618
1221,0.1699,0,3,0,58634,617810,2243,124013,4.893312001013813,0.1671733014479195
1222,0.17,133,3404,133,62038,614406,2376,123880,4.866350906095552,0.16779405271127992
1223,0.1701,1,5,1,62043,614401,2377,123879,4.866311304017235,0.16779406187354393
1224,0.1702,0,7,0,62050,614394,2377,123879,4.866255861107591,0.16779565282761255
1225,0.1703,0,19,0,62069,614375,2377,123879,4.866105373209986,0.16779997128359617
1226,0.1704,2,6,2,62075,614369,2379,123877,4.866057850716006,0.1677990805232944
1227,0.1705,0,12,0,62087,614357,2379,123877,4.865962805728045,0.16780180809878711
1228,0.1706,2,2,2,62089,614355,2381,123875,4.865946964896718,0.16780000812754833
1229,0.1707,2,38,2,62127,614317,2383,123873,4.865645989101508,0.16780639130847072
1230,0.1708,3,84,3,62211,614233,2386,123870,4.864980674185781,0.16782210612881943
1231,0.1709,2,3,2,62214,614230,2388,123868,4.864956912938791,0.16782053331671404
1232,0.171,2,49,2,62263,614181,2390,123866,4.864568812571283,0.16782942007758314
1233,0.1711,0,2,0,62265,614179,2390,123866,4.864552971739957,0.1678298748721284
1234,0.1712,1,13,1,62278,614166,2391,123865,4.864450006336333,0.167831703546328
1235,0.1713,0,11,0,62289,614155,2391,123865,4.864362881764035,0.1678342050350939
1236,0.1714,1,12,1,62301,614143,2392,123864,4.864267836776074,0.16783580643544033
1237,0.1715,1,15,1,62316,614128,2393,123863,4.864149030541123,0.16783809016641124
1238,0.1716,0,2,0,62318,614126,2393,123863,4.864133189709796,0.1678385450189637
1239,0.1717,9,210,9,62528,613916,2402,123854,4.862469902420479,0.1678761673692343
1240,0.1718,0,20,0,62548,613896,2402,123854,4.86231149410721,0.1678807184005422
1241,0.1719,0,3,0,62551,613893,2402,123854,4.862287732860221,0.1678814010765208
1242,0.172,6,67,6,62618,613826,2408,123848,4.861757065010772,0.1678898808958971
1243,0.1721,1,8,1,62626,613818,2409,123847,4.861693701685464,0.16789057363437332
1244,0.1722,0,6,0,62632,613812,2409,123847,4.861646179191484,0.16789193922937293
1245,0.1723,3,32,3,62664,613780,2412,123844,4.861392725890255,0.16789583853019968
1246,0.1724,0,3,0,62667,613777,2412,123844,4.8613689646432645,0.16789652138428815
1247,0.1725,19,253,19,62920,613524,2431,123825,4.859365099480421,0.16793268859115562
1248,0.1726,0,2,0,62922,613522,2431,123825,4.859349258649094,0.16793314409633456
1249,0.1727,2,21,2,62943,613501,2433,123823,4.859182929920162,0.16793567007177307
1250,0.1728,3,12,3,62955,613489,2436,123820,4.859087884932201,0.16793501774696903
1251,0.1729,1,13,1,62968,613476,2437,123819,4.858984919528577,0.1679368502431184
1252,0.173,1,25,1,62993,613451,2438,123818,4.858786909136992,0.16794141622664183
1253,0.1731,0,2,0,62995,613449,2438,123818,4.858771068305665,0.1679418718049228
1254,0.1732,0,16,0,63011,613433,2438,123818,4.85864434165505,0.16794551652015394
1255,0.1733,20,505,20,63516,612928,2458,123798,4.854644531745026,0.16803804942407355
1256,0.1734,1,2,1,63518,612926,2459,123797,4.8546286909136995,0.16803737632733062
1257,0.1735,1,16,1,63534,612910,2460,123796,4.8545019642630844,0.1680398965123129
1258,0.1736,0,4,0,63538,612906,2460,123796,4.854470282600431,0.16804080890237844
1259,0.1737,0,16,0,63554,612890,2460,123796,4.854343555949816,0.168044458561721
1260,0.1738,1,8,1,63562,612882,2461,123795,4.8542801926245085,0.16804515411774767
1261,0.1739,1,6,1,63568,612876,2462,123794,4.8542326701305285,0.1680453934597581
1262,0.174,8,89,8,63657,612787,2470,123786,4.853527753136484,0.16805666240820666
1263,0.1741,1,2,1,63659,612785,2471,123785,4.853511912305158,0.16805598924745782
1264,0.1742,6,61,6,63720,612724,2477,123779,4.85302876694969,0.168063130767967
1265,0.1743,3,32,3,63752,612692,2480,123776,4.85277531364846,0.1680670443250759
1266,0.1744,0,3,0,63755,612689,2480,123776,4.85275155240147,0.16806772894842253
1267,0.1745,0,15,0,63770,612674,2480,123776,4.852632746166519,0.16807115214882204
1268,0.1746,0,1,0,63771,612673,2480,123776,4.852624825750856,0.16807138036714014
1269,0.1747,2,13,2,63784,612660,2482,123774,4.852521860347231,0.16807208792641296
1270,0.1748,0,11,0,63795,612649,2482,123774,4.852434735774933,0.16807459843052158
1271,0.1749,0,5,0,63800,612644,2482,123774,4.852395133696616,0.16807573959354605
1272,0.175,51,942,51,64742,611702,2533,123723,4.84493410214168,0.16823333446646496
1273,0.1751,1,2,1,64744,611700,2534,123722,4.844918261310354,0.16823266097560313
1274,0.1752,0,5,0,64749,611695,2534,123722,4.8448786592320365,0.16823380476654742
1275,0.1753,0,24,0,64773,611671,2534,123722,4.844688569256115,0.16823929517958425
1276,0.1754,0,6,0,64779,611665,2534,123722,4.844641046762134,0.1682406678388386
1277,0.1755,0,14,0,64793,611651,2534,123722,4.844530160942846,0.16824387079754083
1278,0.1756,0,9,0,64802,611642,2534,123722,4.844458877201876,0.16824592990682166
1279,0.1757,4,31,4,64833,611611,2538,123718,4.84421334431631,0.16824849829124106
1280,0.1758,4,77,4,64910,611534,2542,123714,4.843603472310227,0.16826159336713598
1281,0.1759,2,3,2,64913,611531,2544,123712,4.843579711063237,0.16826001743641217
1282,0.176,5,111,5,65024,611420,2549,123707,4.842700544924598,0.16827976662535862
1283,0.1761,0,5,0,65029,611415,2549,123707,4.842660942846281,0.1682809111956927
1284,0.1762,0,17,0,65046,611398,2549,123707,4.842526295780003,0.16828480285129335
1285,0.1763,1,11,1,65057,611387,2550,123706,4.842439171207705,0.16828618963858993
1286,0.1764,0,9,0,65066,611378,2550,123706,4.842367887466734,0.16828825005033438
1287,0.1765,0,16,0,65082,611362,2550,123706,4.84224116081612,0.16829191312912548
1288,0.1767,20,496,20,65578,610866,2570,123686,4.838312634647067,0.1683829054988619
1289,0.1768,1,16,1,65594,610850,2571,123685,4.8381859079964515,0.16838544112942203
1290,0.1769,1,3,1,65597,610847,2572,123684,4.838162146749461,0.16838499668495951
1291,0.177,2,39,2,65636,610808,2574,123682,4.837853250538588,0.16839167313373907
1292,0.1771,0,9,0,65645,610799,2574,123682,4.837781966797618,0.1683937365296039
1293,0.1772,1,4,1,65649,610795,2575,123681,4.837750285134964,0.16839352136761446
1294,0.1773,2,23,2,65672,610772,2577,123679,4.8375681155747055,0.16839653019738554
1295,0.1774,0,3,0,65675,610769,2577,123679,4.837544354327715,0.16839721804675076
1296,0.1775,10,237,10,65912,610532,2587,123669,4.835667215815486,0.16844025001327975
1297,0.1776,0,4,0,65916,610528,2587,123669,4.835635534152832,0.1684411676974981
1298,0.1777,2,20,2,65936,610508,2589,123667,4.835477125839564,0.16844349099329178
1299,0.1778,1,3,1,65939,610505,2590,123666,4.835453364592574,0.16844304664717075
1300,0.1779,0,7,0,65946,610498,2590,123666,4.8353979216829295,0.16844465269340364
1301,0.178,3,61,3,66007,610437,2593,123663,4.834914776327461,0.16845525132815692
1302,0.1781,0,8,0,66015,610429,2593,123663,4.834851413002155,0.168457087122595
1303,0.1782,0,13,0,66028,610416,2593,123663,4.83474844759853,0.1684600703738971
1304,0.1783,11,218,11,66246,610198,2604,123652,4.833021796983906,0.168497649383389
1305,0.1784,0,3,0,66249,610195,2604,123652,4.8329980357369156,0.16849833820946328
1306,0.1785,1,8,1,66257,610187,2605,123651,4.832934672411608,0.16849904202289878
1307,0.1786,0,6,0,66263,610181,2605,123651,4.832887149917628,0.16850041971459406
1308,0.1787,1,21,1,66284,610160,2606,123650,4.832720821188696,0.16850410869298593
1309,0.1788,0,17,0,66301,610143,2606,123650,4.832586174122418,0.16850801247763333
1310,0.1789,0,3,0,66304,610140,2606,123650,4.832562412875427,0.168508701399583
1311,0.179,2,42,2,66346,610098,2608,123648,4.832229755417564,0.1685160804965206
1312,0.1791,1,4,1,66350,610094,2609,123647,4.832198073754911,0.16851586595269993
1313,0.1792,4,61,4,66411,610033,2613,123643,4.8317149283994425,0.16852534361216667
1314,0.1793,0,32,0,66443,610001,2613,123643,4.831461475098213,0.16853269433131055
1315,0.1794,0,1,0,66444,610000,2613,123643,4.8314535546825494,0.16853292405161638
1316,0.1795,1,19,1,66463,609981,2614,123642,4.831303066784945,0.1685361554913082
1317,0.1796,0,6,0,66469,609975,2614,123642,4.831255544290965,0.1685375338902997
1318,0.1797,1,11,1,66480,609964,2615,123641,4.831168419718667,0.1685389276245391
1319,0.1798,2,16,2,66496,609948,2617,123639,4.831041693068053,0.16854033672897692
1320,0.1799,0,3,0,66499,609945,2617,123639,4.831017931821062,0.16854102597657528
1321,0.18,150,3607,150,70106,606338,2767,123489,4.802448992523128,0.16920311251844616
1322,0.1801,0,1,0,70107,606337,2767,123489,4.802441072107464,0.16920334435879236
1323,0.1802,0,4,0,70111,606333,2767,123489,4.802409390444811,0.16920427172653058
1324,0.1803,1,21,1,70132,606312,2768,123488,4.8022430617158784,0.16920800219238147
1325,0.1804,0,6,0,70138,606306,2768,123488,4.8021955392218985,0.16920939333565363
1326,0.1805,1,25,1,70163,606281,2769,123487,4.801997528830313,0.16921405158899816
1327,0.1806,1,9,1,70172,606272,2770,123486,4.8019262450893425,0.1692150000411095
1328,0.1807,2,45,2,70217,606227,2772,123484,4.801569826384489,0.16922315820920886
1329,0.1808,3,73,3,70290,606154,2775,123481,4.80099163604106,0.1692366731310861
1330,0.1809,0,2,0,70292,606152,2775,123481,4.800975795209733,0.16923713702642287
1331,0.181,1,34,1,70326,606118,2776,123480,4.800706501077176,0.1692438849887198
1332,0.1811,0,3,0,70329,606115,2776,123480,4.800682739830187,0.1692445808976213
1333,0.1812,0,20,0,70349,606095,2776,123480,4.800524331516918,0.16924922043655552
1334,0.1813,0,17,0,70366,606078,2776,123480,4.80038968445064,0.16925316424465225
1335,0.1814,1,5,1,70371,606073,2777,123479,4.800350082372323,0.169253185516591
1336,0.1815,0,27,0,70398,606046,2777,123479,4.800136231149411,0.16925944964189027
1337,0.1816,0,3,0,70401,606043,2777,123479,4.8001124699024205,0.16926014568443445
1338,0.1817,14,232,14,70633,605811,2791,123465,4.798274933468509,0.16929804353907163
1339,0.1818,1,11,1,70644,605800,2792,123464,4.798187808896211,0.16929945808376665
1340,0.1819,1,4,1,70648,605796,2793,123463,4.7981561272335576,0.16929924759241916
1341,0.182,4,77,4,70725,605719,2797,123459,4.797546255227474,0.16931256839893688
1342,0.1821,0,8,0,70733,605711,2797,123459,4.797482891902167,0.16931442599119548
1343,0.1822,2,17,2,70750,605694,2799,123457,4.797348244835889,0.16931609502009873
1344,0.1823,1,21,1,70771,605673,2800,123456,4.7971819161069575,0.16931983229305103
1345,0.1824,0,11,0,70782,605662,2800,123456,4.79709479153466,0.16932238677415726
1346,0.1825,14,239,14,71021,605423,2814,123442,4.795201812191104,0.16936195317377017
1347,0.1826,0,3,0,71024,605420,2814,123442,4.795178050944114,0.16936265026850075
1348,0.1827,0,29,0,71053,605391,2814,123442,4.794948358889875,0.16936938914675928
1349,0.1828,3,13,3,71066,605378,2817,123439,4.79484539348625,0.1693689911184838
1350,0.1829,2,12,2,71078,605366,2819,123437,4.794750348498289,0.16936950039997092
1351,0.183,3,33,3,71111,605333,2822,123434,4.794488974781396,0.1693737504579653
1352,0.1831,0,4,0,71115,605329,2822,123434,4.794457293118743,0.16937468010862242
1353,0.1832,0,23,0,71138,605306,2822,123434,4.794275123558484,0.16938002579795264
1354,0.1833,30,483,30,71621,604823,2852,123404,4.7904495627930554,0.1694581497252917
1355,0.1834,0,3,0,71624,604820,2852,123404,4.790425801546065,0.16945884782704224
1356,0.1835,1,18,1,71642,604802,2853,123403,4.790283234064123,0.16946189603202394
1357,0.1836,0,6,0,71648,604796,2853,123403,4.790235711570143,0.16946329231432616
1358,0.1837,2,17,2,71665,604779,2855,123401,4.790101064503865,0.16946496745310224
1359,0.1838,0,13,0,71678,604766,2855,123401,4.789998099100241,0.16946799291920672
1360,0.1839,0,5,0,71683,604761,2855,123401,4.7899584970219236,0.16946915658878106
1361,0.184,5,94,5,71777,604667,2860,123396,4.789213977949562,0.16948533300002885
1362,0.1841,0,3,0,71780,604664,2860,123396,4.789190216702573,0.16948603137104085
1363,0.1842,7,69,7,71849,604595,2867,123389,4.788643708021797,0.16949410976065407
1364,0.1843,2,31,2,71880,604564,2869,123387,4.788398175136231,0.16949904595226878
1365,0.1844,0,5,0,71885,604559,2869,123387,4.788358573057914,0.16950021018042546
1366,0.1845,3,22,3,71907,604537,2872,123384,4.788184323913319,0.1695019102347645
1367,0.1846,1,8,1,71915,604529,2873,123383,4.788120960588012,0.16950263218630823
1368,0.1847,0,25,0,71940,604504,2873,123383,4.787922950196426,0.16950845392210603
1369,0.1848,2,10,2,71950,604494,2875,123381,4.787843746039792,0.16950850077279753
1370,0.1849,0,3,0,71953,604491,2875,123381,4.787819984792802,0.16950919941967818
1371,0.185,61,995,61,72948,603496,2936,123320,4.779939171207705,0.16967155373574605
1372,0.1851,0,6,0,72954,603490,2936,123320,4.779891648713725,0.16967295441724797
1373,0.1852,0,11,0,72965,603479,2936,123320,4.779804524141427,0.169675522393399
1374,0.1853,1,20,1,72985,603459,2937,123319,4.779646115828158,0.16967904917320006
1375,0.1854,1,7,1,72992,603452,2938,123318,4.7795906729185145,0.1696795409827043
1376,0.1855,0,13,0,73005,603439,2938,123318,4.779487707514891,0.1696825761568172
1377,0.1856,0,3,0,73008,603436,2938,123318,4.7794639462679,0.16968327659703283
1378,0.1857,1,35,1,73043,603401,2939,123317,4.779186731719681,0.16969030628111592
1379,0.1858,9,65,9,73108,603336,2948,123308,4.778671904701559,0.16969520150169823
1380,0.186,6,94,6,73202,603242,2954,123302,4.777927385629198,0.16971029972031976
1381,0.1861,0,2,0,73204,603240,2954,123302,4.777911544797871,0.16971076689303577
1382,0.1862,0,13,0,73217,603227,2954,123302,4.777808579394247,0.16971380357838434
1383,0.1863,2,16,2,73233,603211,2956,123300,4.7776818527436316,0.16971525551574582
1384,0.1864,1,5,1,73238,603206,2957,123299,4.777642250665315,0.16971528069318173
1385,0.1865,2,18,2,73256,603188,2959,123297,4.777499683183374,0.16971719994218737
1386,0.1866,0,4,0,73260,603184,2959,123297,4.777468001520719,0.16971813440406563
1387,0.1867,31,523,31,73783,602661,2990,123266,4.773325624128755,0.16980495283961058
1388,0.1868,1,9,1,73792,602652,2991,123265,4.773254340387783,0.16980591445027463
1389,0.1869,1,9,1,73801,602643,2992,123264,4.773183056646813,0.1698068760874327
1390,0.187,0,33,0,73834,602610,2992,123264,4.77292168292992,0.16981459592160622
1391,0.1871,1,9,1,73843,602601,2993,123263,4.7728503991889495,0.16981555773533333
1392,0.1872,0,9,0,73852,602592,2993,123263,4.772779115447979,0.16981766330740988
1393,0.1873,2,27,2,73879,602565,2995,123261,4.772565264225067,0.1698216928024072
1394,0.1874,0,3,0,73882,602562,2995,123261,4.7725415029780764,0.16982239471606714
1395,0.1875,14,220,14,74102,602342,3009,123247,4.770799011532125,0.16985786719478935
1396,0.1876,0,10,0,74112,602332,3009,123247,4.7707198073754915,0.16986020819235398
1397,0.1877,2,17,2,74129,602315,3011,123245,4.770585160309213,0.1698618997739677
1398,0.1878,1,11,1,74140,602304,3012,123244,4.7704980357369156,0.16986333088920375
1399,0.1879,1,13,1,74153,602291,3013,123243,4.770395070333291,0.16986523029933814
1400,0.188,1,53,1,74206,602238,3014,123242,4.76997528830313,0.16987649556155923
1401,0.1881,1,8,1,74214,602230,3015,123241,4.769911924977823,0.16987722458926682
1402,0.1882,1,4,1,74218,602226,3016,123240,4.7698802433151695,0.16987701697943114
1403,0.1883,17,258,17,74476,601968,3033,123223,4.767836776074009,0.16991799401812763
1404,0.1884,1,0,1,74476,601968,3034,123222,4.767836776074009,0.16991684937740453
1405,0.1885,3,21,3,74497,601947,3037,123219,4.767670447345076,0.16991833593963312
1406,0.1886,0,10,0,74507,601937,3037,123219,4.767591243188442,0.16992067913662715
1407,0.1887,2,13,2,74520,601924,3039,123217,4.767488277784818,0.16992143596900464
1408,0.1888,1,12,1,74532,601912,3040,123216,4.767393232796858,0.16992310323142948
1409,0.1889,0,5,0,74537,601907,3040,123216,4.7673536307185405,0.16992427491611767
1410,0.189,2,49,2,74586,601858,3042,123214,4.766965530351033,0.16993346867621423
1411,0.1891,0,3,0,74589,601855,3042,123214,4.766941769104043,0.16993417178227174
1412,0.1892,2,89,2,74678,601766,3044,123212,4.766236852109999,0.16995274339359262
1413,0.1893,5,35,5,74713,601731,3049,123207,4.765959637561779,0.16995522375706612
1414,0.1894,0,2,0,74715,601729,3049,123207,4.765943796730452,0.16995569264045376
1415,0.1895,1,10,1,74725,601719,3050,123206,4.765864592573818,0.1699568920922854
1416,0.1896,0,3,0,74728,601716,3050,123206,4.765840831326828,0.169957595437854
1417,0.1897,0,12,0,74740,601704,3050,123206,4.765745786338867,0.16996040887834352
1418,0.1898,1,10,1,74750,601694,3051,123205,4.765666582182233,0.16996160844476266
1419,0.1899,0,2,0,74752,601692,3051,123205,4.765650741350906,0.169962077370992
1420,0.19,163,3716,163,78468,597976,3214,123042,4.73621847674566,0.17065038598204205
1421,0.1901,0,6,0,78474,597970,3214,123042,4.736170954251679,0.17065180607257577
1422,0.1902,0,13,0,78487,597957,3214,123042,4.736067988848054,0.1706548830164813
1423,0.1903,1,21,1,78508,597936,3215,123041,4.735901660119123,0.17065870339830536
1424,0.1904,2,7,2,78515,597929,3217,123039,4.735846217209479,0.17065805971971018
1425,0.1905,1,11,1,78526,597918,3218,123038,4.735759092637181,0.17065951320191525
1426,0.1907,0,36,0,78562,597882,3218,123038,4.735473957673299,0.17066803528824281
1427,0.1908,4,78,4,78640,597804,3222,123034,4.734856165251553,0.17068190078769432
1428,0.1909,1,7,1,78647,597797,3223,123033,4.734800722341909,0.17068240777992036
1429,0.191,2,56,2,78703,597741,3225,123031,4.734357179064757,0.1706933676668905
1430,0.1911,0,6,0,78709,597735,3225,123031,4.734309656570777,0.17069478859990622
1431,0.1912,1,10,1,78719,597725,3226,123030,4.734230452414143,0.17069600627120174
1432,0.1913,2,22,2,78741,597703,3228,123028,4.734056203269548,0.170698915406719
1433,0.1914,0,5,0,78746,597698,3228,123028,4.734016601191231,0.17070009962177027
1434,0.1915,3,22,3,78768,597676,3231,123025,4.7338423520466355,0.17070185832959855
1435,0.1916,0,6,0,78774,597670,3231,123025,4.733794829552655,0.1707032794732862
1436,0.1917,17,261,17,79035,597409,3248,123008,4.731727601064504,0.17074555431090604
1437,0.1918,1,8,1,79043,597401,3249,123007,4.731664237739197,0.17074629931927462
1438,0.1919,0,1,0,79044,597400,3249,123007,4.731656317323533,0.17074653633293402
1439,0.192,3,73,3,79117,597327,3252,123004,4.731078126980104,0.1707603865445191
1440,0.1921,0,6,0,79123,597321,3252,123004,4.731030604486123,0.17076180890570228
1441,0.1922,0,6,0,79129,597315,3252,123004,4.730983081992143,0.170763231290581
1442,0.1923,1,26,1,79155,597289,3253,123003,4.730777151184895,0.17076824398993742
1443,0.1924,0,1,0,79156,597288,3253,123003,4.730769230769231,0.1707684810722333
1444,0.1925,14,281,14,79437,597007,3267,122989,4.728543593967811,0.17081900455002527
1445,0.1926,1,5,1,79442,597002,3268,122988,4.728503991889494,0.17081903915332158
1446,0.1927,0,19,0,79461,596983,3268,122988,4.728353503991889,0.17082354705953434
1447,0.1928,0,9,0,79470,596974,3268,122988,4.728282220250919,0.17082568246657462
1448,0.1929,2,19,2,79489,596955,3270,122986,4.728131732353314,0.1708278872852081
1449,0.193,2,32,2,79521,596923,3272,122984,4.727878279052085,0.17083317706314843
1450,0.1931,1,2,1,79523,596921,3273,122983,4.7278624382207575,0.17083249988887408
1451,0.1932,1,11,1,79534,596910,3274,122982,4.72777531364846,0.1708339584270974
1452,0.1933,24,522,24,80056,596388,3298,122958,4.723640856672158,0.17093026165433603
1453,0.1934,0,2,0,80058,596386,3298,122958,4.723625015840831,0.17093073689361418
1454,0.1935,1,20,1,80078,596366,3299,122957,4.723466607527563,0.17093433686952872
1455,0.1936,0,5,0,80083,596361,3299,122957,4.7234270054492455,0.17093552503899528
1456,0.1937,0,11,0,80094,596350,3299,122957,4.7233398808769484,0.17093813906996597
1457,0.1938,2,18,2,80112,596332,3301,122955,4.723197313395007,0.17094011152710947
1458,0.1939,1,2,1,80114,596330,3302,122954,4.72318147256368,0.17093943421513616
1459,0.194,7,121,7,80235,596209,3309,122947,4.722223102268407,0.17096012548042427
1460,0.1942,2,80,2,80315,596129,3311,122945,4.721589469015334,0.17097683965767083
1461,0.1943,3,22,3,80337,596107,3314,122942,4.721415219870739,0.1709786120278312
1462,0.1944,0,6,0,80343,596101,3314,122942,4.721367697376758,0.17098003874594425
1463,0.1945,1,22,1,80365,596079,3315,122941,4.721193448232163,0.1709841172707296
1464,0.1946,0,7,0,80372,596072,3315,122941,4.721138005322519,0.17098578189824107
1465,0.1947,1,14,1,80386,596058,3316,122940,4.721027119503232,0.17098795824188662
1466,0.1948,2,15,2,80401,596043,3318,122938,4.72090831326828,0.17098921946477028
1467,0.1949,1,4,1,80405,596039,3319,122937,4.720876631605627,0.17098901771408226
1468,0.195,44,1045,44,81450,594994,3363,122893,4.712599797237359,0.17118710883467733
1469,0.1951,0,4,0,81454,594990,3363,122893,4.7125681155747055,0.17118806267873735
1470,0.1952,2,18,2,81472,594972,3365,122891,4.712425548092764,0.17119004601156487
1471,0.1953,0,21,0,81493,594951,3365,122891,4.712259219363832,0.17119505406482208
1472,0.1954,2,6,2,81499,594945,3367,122889,4.7122116968698515,0.17119417581223514
1473,0.1955,0,18,0,81517,594927,3367,122889,4.712069129387911,0.17119846868835467
1474,0.1956,0,9,0,81526,594918,3367,122889,4.711997845646939,0.1712006152071518
1475,0.1957,1,40,1,81566,594878,3368,122888,4.711681029020403,0.1712090012622498
1476,0.1958,5,84,5,81650,594794,3373,122883,4.7110157141046765,0.17122326617684558
1477,0.1959,1,3,1,81653,594791,3374,122882,4.710991952857686,0.17122282710928236
1478,0.196,4,111,4,81764,594680,3378,122878,4.710112786719047,0.17124469380872348
1479,0.1961,0,3,0,81767,594677,3378,122878,4.710089025472056,0.17124540975953062
1480,0.1962,0,12,0,81779,594665,3378,122878,4.709993980484096,0.1712482736226261
1481,0.1963,3,13,3,81792,594652,3381,122875,4.709891015080472,0.17124791122842764
1482,0.1964,0,5,0,81797,594647,3381,122875,4.709851413002155,0.17124910455707282
1483,0.1965,1,18,1,81815,594629,3382,122874,4.709708845520213,0.17125224563520988
1484,0.1966,0,1,0,81816,594628,3382,122874,4.709700925104549,0.17125248431363257
1485,0.1967,31,542,31,82358,594086,3413,122843,4.705408059814979,0.17134611656105417
1486,0.1968,0,12,0,82370,594074,3413,122843,4.705313014827018,0.17134898461049186
1487,0.1969,1,4,1,82374,594070,3414,122842,4.705281333164365,0.17134878478809115
1488,0.197,3,35,3,82409,594035,3417,122839,4.705004118616145,0.17135368279502394
1489,0.1971,1,12,1,82421,594023,3418,122838,4.704909073628184,0.17135539525793703
1490,0.1972,4,9,4,82430,594014,3422,122834,4.704837789887213,0.17135292279534853
1491,0.1973,4,17,4,82447,593997,3426,122830,4.704703142820935,0.17135236256446815
1492,0.1974,0,3,0,82450,593994,3426,122830,4.704679381573945,0.1713530796959923
1493,0.1975,12,280,12,82730,593714,3438,122818,4.702461665188189,0.17140616190205044
1494,0.1976,0,10,0,82740,593704,3438,122818,4.702382461031555,0.17140855409882738
1495,0.1977,0,24,0,82764,593680,3438,122818,4.702192371055633,0.17141429564353286
1496,0.1978,3,9,3,82773,593671,3441,122815,4.702121087314662,0.17141297945807735
1497,0.1979,0,8,0,82781,593663,3441,122815,4.702057723989355,0.17141489340914864
1498,0.198,4,73,4,82854,593590,3445,122811,4.701479533645926,0.17142773390880248
1499,0.1981,0,4,0,82858,593586,3445,122811,4.701447851983272,0.17142869107492076
1500,0.1982,0,9,0,82867,593577,3445,122811,4.701376568242301,0.1714308447377678
1501,0.1983,14,253,14,83120,593324,3459,122797,4.699372703079457,0.17147521159133722
1502,0.1984,0,6,0,83126,593318,3459,122797,4.699325180585477,0.17147664830369425
1503,0.1985,1,11,1,83137,593307,3460,122796,4.699238056013179,0.17147812535347567
1504,0.1986,0,10,0,83147,593297,3460,122796,4.699158851856545,0.17148051998832553
1505,0.1987,2,15,2,83162,593282,3462,122794,4.699040045621595,0.17148179802143906
1506,0.1988,1,16,1,83178,593266,3463,122793,4.6989133189709795,0.17148447264820357
1507,0.1989,0,6,0,83184,593260,3463,122793,4.6988657964769995,0.17148590956256032
1508,0.199,1,56,1,83240,593204,3464,122792,4.698422253199848,0.17149816479421673
1509,0.1991,0,1,0,83241,593203,3464,122792,4.698414332784185,0.1714984043184659
1510,0.1992,5,70,5,83311,593133,3469,122787,4.697859903687745,0.17150938652363393
1511,0.1993,1,29,1,83340,593104,3470,122786,4.6976302116335065,0.17151517691265417
1512,0.1994,1,2,1,83342,593102,3471,122785,4.69761437080218,0.17151449879659778
1513,0.1995,2,19,2,83361,593083,3473,122783,4.697463882904575,0.1715167363724496
1514,0.1996,1,7,1,83368,593076,3474,122782,4.6974084399949305,0.17151725621561817
1515,0.1997,0,13,0,83381,593063,3474,122782,4.697305474591307,0.17152037103004142
1516,0.1998,1,12,1,83393,593051,3475,122781,4.697210429603346,0.17152208898177226
1517,0.1999,0,1,0,83394,593050,3475,122781,4.697202509187682,0.17152232859431904
1518,0.2,181,3873,181,87267,589177,3656,122600,4.66652673932328,0.17224495874410103
1519,0.2001,0,4,0,87271,589173,3656,122600,4.666495057660626,0.1722459267210192
1520,0.2002,1,16,1,87287,589157,3657,122599,4.666368331010012,0.1722486357684375
1521,0.2003,0,22,0,87309,589135,3657,122599,4.666194081865417,0.17225396004687143
1522,0.2004,2,8,2,87317,589127,3659,122597,4.666130718540109,0.17225357020418028
1523,0.2005,0,31,0,87348,589096,3659,122597,4.665885185654544,0.17226107324365983
1524,0.2006,0,1,0,87349,589095,3659,122597,4.66587726523888,0.17226131528807406
1525,0.2007,2,12,2,87361,589083,3661,122595,4.665782220250919,0.1722618937215988
1526,0.2008,2,75,2,87436,589008,3663,122593,4.665188189076162,0.1722777230498552
1527,0.2009,1,0,1,87436,589008,3664,122592,4.665188189076162,0.17227655986509274
1528,0.201,1,55,1,87491,588953,3665,122591,4.664752566214675,0.1722887129959637
1529,0.2011,0,3,0,87494,588950,3665,122591,4.664728804967685,0.17228943939983782
1530,0.2012,0,4,0,87498,588946,3665,122591,4.664697123305031,0.172290407947865
1531,0.2013,4,18,4,87516,588928,3669,122587,4.66455455582309,0.17229011334968342
1532,0.2014,1,5,1,87521,588923,3670,122586,4.6645149537447725,0.1722901607709811
1533,0.2015,3,29,3,87550,588894,3673,122583,4.664285261690534,0.17229369326063948
1534,0.2016,1,3,1,87553,588891,3674,122582,4.664261500443543,0.17229325638499282
1535,0.2017,16,276,16,87829,588615,3690,122566,4.662075465720441,0.17234149956199618
1536,0.2018,0,15,0,87844,588600,3690,122566,4.66195665948549,0.1723451346099223
1537,0.2019,0,7,0,87851,588593,3690,122566,4.6619012165758456,0.1723468310180986
1538,0.202,8,61,8,87912,588532,3698,122558,4.661418071220377,0.1723523042090312
1539,0.2021,1,8,1,87920,588524,3699,122557,4.66135470789507,0.1723530793257027
1540,0.2022,0,7,0,87927,588517,3699,122557,4.661299264985426,0.17235477601487328
1541,0.2023,5,19,5,87946,588498,3704,122552,4.6611487770878215,0.17235356163420293
1542,0.2024,0,7,0,87953,588491,3704,122552,4.661093334178178,0.1723552584020938
1543,0.2025,9,283,9,88236,588208,3713,122543,4.658851856545431,0.17241340497586355
1544,0.2026,1,5,1,88241,588203,3714,122542,4.658812254467114,0.1724134534889447
1545,0.2027,4,38,4,88279,588165,3718,122538,4.658511278671905,0.1724180142760056
1546,0.2028,0,14,0,88293,588151,3718,122538,4.6584003928526165,0.17242141077180032
1547,0.2029,0,13,0,88306,588138,3718,122538,4.658297427448993,0.1724245647805751
1548,0.203,3,52,3,88358,588086,3721,122535,4.657885565834495,0.17243368828109498
1549,0.2031,0,2,0,88360,588084,3721,122535,4.657869725003168,0.17243417358668992
1550,0.2032,3,15,3,88375,588069,3724,122532,4.657750918768217,0.17243431968150905
1551,0.2033,28,603,28,88978,587466,3752,122504,4.652974908123178,0.17254813583672549
1552,0.2034,0,2,0,88980,587464,3752,122504,4.652959067291851,0.17254862190971987
1553,0.2035,5,21,5,89001,587443,3757,122499,4.65279273856292,0.17254789827901434
1554,0.2036,0,5,0,89006,587438,3757,122499,4.652753136484603,0.17254911351288918
1555,0.2037,2,18,2,89024,587420,3759,122497,4.652610569002661,0.1725511573888215
1556,0.2038,0,6,0,89030,587414,3759,122497,4.652563046508681,0.17255261575042505
1557,0.2039,0,3,0,89033,587411,3759,122497,4.652539285261691,0.17255334494047117
1558,0.204,6,120,6,89153,587291,3765,122491,4.651588835382081,0.1725755231888101
1559,0.2041,0,1,0,89154,587290,3765,122491,4.651580914966417,0.17257576632792368
1560,0.2042,6,69,6,89223,587221,3771,122485,4.651034406285642,0.1725855495092334
1561,0.2043,2,29,2,89252,587192,3773,122483,4.650804714231403,0.17259027019410295
1562,0.2044,0,7,0,89259,587185,3773,122483,4.650749271321759,0.1725919725843634
1563,0.2045,0,19,0,89278,587166,3773,122483,4.6505987834241544,0.17259659352722262
1564,0.2046,0,7,0,89285,587159,3773,122483,4.65054334051451,0.17259829604222973
1565,0.2047,2,25,2,89310,587134,3775,122481,4.650345330122925,0.17260204477075597
1566,0.2048,3,12,3,89322,587122,3778,122478,4.650250285134964,0.17260146561443065
1567,0.2049,0,5,0,89327,587117,3778,122478,4.650210683056647,0.17260268181145583
1568,0.205,60,1138,60,90465,585979,3838,122418,4.641197250031682,0.17280987920615135
1569,0.2051,0,4,0,90469,585975,3838,122418,4.641165568369028,0.17281085499150894
1570,0.2052,2,19,2,90488,585956,3840,122416,4.641015080471423,0.17281315467014507
1571,0.2053,0,23,0,90511,585933,3840,122416,4.640832910911165,0.172818765890825
1572,0.2054,0,4,0,90515,585929,3840,122416,4.640801229248511,0.17281974179248813
1573,0.2055,2,14,2,90529,585915,3842,122414,4.640690343429223,0.17282082196267554
1574,0.2056,0,4,0,90533,585911,3842,122414,4.64065866176657,0.17282179790350474
1575,0.2057,2,31,2,90564,585880,3844,122412,4.640413128881003,0.17282702614176074
1576,0.2058,4,97,4,90661,585783,3848,122408,4.639644848561653,0.17284602600146007
1577,0.2059,0,3,0,90664,585780,3848,122408,4.639621087314662,0.17284675820544826
1578,0.206,3,124,3,90788,585656,3851,122405,4.638638955772399,0.17287352360884162
1579,0.2061,0,6,0,90794,585650,3851,122405,4.638591433278418,0.17287498852490274
1580,0.2062,1,23,1,90817,585627,3852,122404,4.6384092637181595,0.1728794360698896
1581,0.2063,3,13,3,90830,585614,3855,122401,4.638306298314536,0.1728791056686652
1582,0.2064,1,5,1,90835,585609,3856,122400,4.638266696236219,0.17287915831578413
1583,0.2065,2,26,2,90861,585583,3858,122398,4.638060765428969,0.17288317059356112
1584,0.2067,33,595,33,91456,584988,3891,122365,4.633348118109239,0.17299000640415746
1585,0.2068,1,17,1,91473,584971,3892,122364,4.633213471042961,0.17299299483271718
1586,0.2069,0,7,0,91480,584964,3892,122364,4.633158028133316,0.17299470684039087
1587,0.207,3,30,3,91510,584934,3895,122361,4.632920415663414,0.1729985366784722
1588,0.2071,0,12,0,91522,584922,3895,122361,4.632825370675453,0.17300147182952227
1589,0.2072,0,8,0,91530,584914,3895,122361,4.632762007350146,0.17300342865222154
1590,0.2073,2,29,2,91559,584885,3897,122359,4.632532315295907,0.17300818387996222
1591,0.2075,20,284,20,91843,584601,3917,122339,4.630282917247497,0.17305429032166803
1592,0.2076,0,3,0,91846,584598,3917,122339,4.630259156000507,0.17305502470517176
1593,0.2077,0,15,0,91861,584583,3917,122339,4.630140349765556,0.1730586967161865
1594,0.2078,1,8,1,91869,584575,3918,122338,4.6300769864402485,0.1730594853963642
1595,0.2079,1,12,1,91881,584563,3919,122337,4.629981941452288,0.1730612533597397
1596,0.208,5,51,5,91932,584512,3924,122332,4.629578000253454,0.17306789051049454
1597,0.2081,0,5,0,91937,584507,3924,122332,4.629538398175137,0.1730691147489032
1598,0.2082,2,11,2,91948,584496,3926,122330,4.629451273602839,0.17306946829912878
1599,0.2083,15,263,15,92211,584233,3941,122315,4.627368204283361,0.17311633462977746
1600,0.2084,0,2,0,92213,584231,3941,122315,4.627352363452034,0.1731168246653438
1601,0.2085,1,15,1,92228,584216,3942,122314,4.627233557217083,0.17311932968168373
1602,0.2086,0,11,0,92239,584205,3942,122314,4.6271464326447855,0.1731220250269278
1603,0.2087,4,26,4,92265,584179,3946,122310,4.626940501837536,0.17312371459428244
1604,0.2088,0,12,0,92277,584167,3946,122310,4.626845456849575,0.17312665522019824
1605,0.2089,1,6,1,92283,584161,3947,122309,4.626797934355595,0.17312695514317664
1606,0.209,1,66,1,92349,584095,3948,122308,4.626275186921809,0.17314196004263854
1607,0.2091,1,2,1,92351,584093,3949,122307,4.626259346090483,0.17314127972819932
1608,0.2092,8,95,8,92446,583998,3957,122299,4.625506906602459,0.17315520241484814
1609,0.2093,2,41,2,92487,583957,3959,122297,4.625182169560259,0.17316291305960746
1610,0.2094,0,2,0,92489,583955,3959,122297,4.625166328728931,0.17316340343106992
1611,0.2095,2,17,2,92506,583938,3961,122295,4.625031681662653,0.1731652301719121
1612,0.2096,1,5,1,92511,583933,3962,122294,4.624992079584336,0.1731652853827452
1613,0.2097,1,14,1,92525,583919,3963,122293,4.624881193765049,0.1731675474220206
1614,0.2098,1,14,1,92539,583905,3964,122292,4.624770307945761,0.17316980955738978
1615,0.2099,1,6,1,92545,583899,3965,122291,4.62472278545178,0.17317011002704655
1616,0.21,174,4103,174,96648,579796,4139,122117,4.592225319984792,0.1739774017577677
1617,0.2101,0,5,0,96653,579791,4139,122117,4.592185717906475,0.1739786410754686
1618,0.2102,0,9,0,96662,579782,4139,122117,4.592114434165505,0.1739808718918249
1619,0.2103,1,17,1,96679,579765,4140,122116,4.591979787099227,0.1739839089532271
1620,0.2104,1,6,1,96685,579759,4141,122115,4.591932264605246,0.17398421938980502
1621,0.2105,0,12,0,96697,579747,4141,122115,4.591837219617285,0.17398719406379032
1622,0.2106,0,5,0,96702,579742,4141,122115,4.591797617538968,0.17398843354130542
1623,0.2107,8,35,8,96737,579707,4149,122107,4.591520402990749,0.17398769474533138
1624,0.2108,9,91,9,96828,579616,4158,122098,4.5907996451653785,0.17399966368064482
1625,0.211,3,40,3,96868,579576,4161,122095,4.590482828538842,0.17400605126904203
1626,0.2111,0,6,0,96874,579570,4161,122095,4.590435306044861,0.1740075392103069
1627,0.2112,0,16,0,96890,579554,4161,122095,4.590308579394247,0.17401150717809047
1628,0.2113,3,27,3,96917,579527,4164,122092,4.5900947281713345,0.17401467178055327
1629,0.2114,0,8,0,96925,579519,4164,122092,4.590031364846027,0.17401665595322766
1630,0.2115,4,30,4,96955,579489,4168,122088,4.589793752376124,0.1740193877507387
1631,0.2116,1,10,1,96965,579479,4169,122087,4.589714548219491,0.17402069085445987
1632,0.2117,14,294,14,97259,579185,4183,122073,4.587385946014447,0.17407715847804944
1633,0.2118,1,12,1,97271,579173,4184,122072,4.587290901026486,0.1740789595647741
1634,0.2119,2,3,2,97274,579170,4186,122070,4.587267139779495,0.1740773486965946
1635,0.212,3,75,3,97349,579095,4189,122067,4.58667310860474,0.17409243512911424
1636,0.2121,3,11,3,97360,579084,4192,122064,4.586585984032442,0.17409163257971214
1637,0.2122,0,11,0,97371,579073,4192,122064,4.586498859460145,0.1740943638689728
1638,0.2123,2,29,2,97400,579044,4194,122062,4.586269167405906,0.1740992089641224
1639,0.2124,1,8,1,97408,579036,4195,122061,4.586205804080598,0.17410001754393473
1640,0.2125,15,328,15,97736,578708,4210,122046,4.583607907742999,0.17416382924678275
1641,0.2126,0,3,0,97739,578705,4210,122046,4.583584146496008,0.17416457486325385
1642,0.2127,2,27,2,97766,578678,4212,122044,4.583370295273096,0.17416892861933833
1643,0.2128,2,15,2,97781,578663,4214,122042,4.583251489038145,0.17417029991223126
1644,0.2129,3,19,3,97800,578644,4217,122039,4.58310100114054,0.17417148696343424
1645,0.213,5,35,5,97835,578609,4222,122034,4.5828237865923205,0.17417429418405664
1646,0.2131,4,9,4,97844,578600,4226,122030,4.58275250285135,0.1741718167934573
1647,0.2132,0,13,0,97857,578587,4226,122030,4.582649537447725,0.17417504856433685
1648,0.2133,31,601,31,98458,577986,4257,121999,4.577889367634014,0.17428802045758124
1649,0.2134,0,2,0,98460,577984,4257,121999,4.577873526802686,0.1742885184354477
1650,0.2135,1,30,1,98490,577954,4258,121998,4.5776359143327845,0.17429480878688824
1651,0.2136,0,3,0,98493,577951,4258,121998,4.577612153085794,0.1742955558190668
1652,0.2137,1,21,1,98514,577930,4259,121997,4.577445824356862,0.17429960553029103
1653,0.2138,0,15,0,98529,577915,4259,121997,4.5773270181219115,0.17430334099143893
1654,0.2139,0,9,0,98538,577906,4259,121997,4.57725573438094,0.17430558234498209
1655,0.214,6,137,6,98675,577769,4265,121991,4.576170637435053,0.17433262832971305
1656,0.2141,0,1,0,98676,577768,4265,121991,4.576162717019389,0.17433287746209766
1657,0.2142,8,86,8,98762,577682,4273,121983,4.575481561272335,0.17434486504255609
1658,0.2143,1,32,1,98794,577650,4274,121982,4.575228107971106,0.17435165915795733
1659,0.2144,0,8,0,98802,577642,4274,121982,4.575164744645799,0.17435365281922863
1660,0.2145,1,18,1,98820,577624,4275,121981,4.5750221771638575,0.1743569585694785
1661,0.2146,0,3,0,98823,577621,4275,121981,4.574998415916867,0.17435770623868999
1662,0.2147,1,22,1,98845,577599,4276,121980,4.574824166772272,0.17436200915121808
1663,0.2148,0,21,0,98866,577578,4276,121980,4.574657838043341,0.17436724331649414
1664,0.2149,0,9,0,98875,577569,4276,121980,4.574586554302369,0.17436948662638357
1665,0.215,73,1242,73,100117,576327,4349,121907,4.564749398048409,0.1745933311755085
1666,0.2151,0,5,0,100122,576322,4349,121907,4.564709795970092,0.17459458143388487
1667,0.2152,1,15,1,100137,576307,4350,121906,4.564590989735141,0.17459715015331997
1668,0.2153,1,35,1,100172,576272,4351,121905,4.564313775186922,0.17460472057945192
1669,0.2154,0,9,0,100181,576263,4351,121905,4.564242491445951,0.17460697138797537
1670,0.2155,1,20,1,100201,576243,4352,121904,4.564084083132683,0.1746107911371101
1671,0.2156,0,5,0,100206,576238,4352,121904,4.564044481054366,0.17461204167633518
1672,0.2157,0,35,0,100241,576203,4352,121904,4.563767266506146,0.17462079595248292
1673,0.2158,6,99,6,100340,576104,4358,121898,4.562983145355468,0.17463846808461866
1674,0.2159,0,2,0,100342,576102,4358,121898,4.5629673045241415,0.17463896848137536
1675,0.216,10,97,10,100439,576005,4368,121888,4.56219902420479,0.17465141504499973
1676,0.2161,1,6,1,100445,575999,4369,121887,4.56215150171081,0.17465173395081718
1677,0.2162,0,20,0,100465,575979,4369,121887,4.561993093397541,0.17465673925939937
1678,0.2163,5,17,5,100482,575962,4374,121882,4.5618584463312635,0.17465508050509856
1679,0.2164,0,7,0,100489,575955,4374,121882,4.56180300342162,0.17465683246947353
1680,0.2165,1,14,1,100503,575941,4375,121881,4.561692117602332,0.1746591537670065
1681,0.2166,0,3,0,100506,575938,4375,121881,4.561668356355342,0.1746599046457606
1682,0.2167,35,564,35,101070,575374,4410,121846,4.557201241921176,0.17475976019047074
1683,0.2168,2,19,2,101089,575355,4412,121844,4.557050754023571,0.1747621554247783
1684,0.2169,0,3,0,101092,575352,4412,121844,4.5570269927765805,0.17476290741771325
1685,0.217,1,41,1,101133,575311,4413,121843,4.556702255734381,0.17477200159505646
1686,0.2171,1,9,1,101142,575302,4414,121842,4.55663097199341,0.1747730741425014
1687,0.2172,0,4,0,101146,575298,4414,121842,4.556599290330756,0.17477407694293828
1688,0.2173,0,42,0,101188,575256,4414,121842,4.556266632872894,0.1747846070423384
1689,0.2174,1,12,1,101200,575244,4415,121841,4.556171587884932,0.1747864320706944
1690,0.2175,28,287,28,101487,574957,4443,121813,4.553898428589532,0.1748252651520588
1691,0.2176,0,4,0,101491,574953,4443,121813,4.553866746926879,0.174826268790383
1692,0.2177,7,36,7,101527,574917,4450,121806,4.553581611962996,0.17482701159571307
1693,0.2178,0,9,0,101536,574908,4450,121806,4.553510328222025,0.1748292699730449
1694,0.2179,0,10,0,101546,574898,4450,121806,4.553431124065391,0.17483177934962338
1695,0.218,4,81,4,101627,574817,4454,121802,4.552789570396654,0.17484736993966574
1696,0.2181,1,3,1,101630,574814,4455,121801,4.5527658091496646,0.17484693840930787
1697,0.2182,1,9,1,101639,574805,4456,121800,4.552694525408693,0.17484801286238255
1698,0.2183,16,307,16,101946,574498,4472,121784,4.550262957800025,0.1749061443495595
1699,0.2184,0,6,0,101952,574492,4472,121784,4.550215435306045,0.17490765156346047
1700,0.2185,0,21,0,101973,574471,4472,121784,4.550049106577113,0.1749129270166821
1701,0.2186,1,12,1,101985,574459,4473,121783,4.549954061589152,0.17491475665070477
1702,0.2187,4,25,4,102010,574434,4477,121779,4.5497560511975665,0.17491629716767712
1703,0.2188,0,16,0,102026,574418,4477,121779,4.549629324546952,0.1749203170941558
1704,0.2189,0,8,0,102034,574410,4477,121779,4.549565961221645,0.17492232712668543
1705,0.219,4,64,4,102098,574346,4481,121775,4.549059054619186,0.1749336681410272
1706,0.2191,0,5,0,102103,574341,4481,121775,4.549019452540869,0.17493492463899696
1707,0.2192,4,93,4,102196,574248,4485,121771,4.548282853884172,0.17495355730231502
1708,0.2193,2,46,2,102242,574202,4487,121769,4.547918514763655,0.17496274988469346
1709,0.2194,2,8,2,102250,574194,4489,121767,4.547855151438347,0.17496239013392992
1710,0.2195,1,18,1,102268,574176,4490,121766,4.547712583956406,0.17496572990277925
1711,0.2196,0,8,0,102276,574168,4490,121766,4.547649220631099,0.17496774119384884
1712,0.2197,2,18,2,102294,574150,4492,121764,4.547506653149157,0.17496989570550384
1713,0.2198,2,17,2,102311,574133,4494,121762,4.547372006082879,0.1749717989064442
1714,0.2199,0,5,0,102316,574128,4494,121762,4.547332404004562,0.17497305608645045
1715,0.22,222,4207,222,106523,569921,4716,121540,4.514011215308579,0.17577274784839636
1716,0.2201,1,4,1,106527,569917,4717,121539,4.513979533645926,0.1757725726582747
1717,0.2202,1,13,1,106540,569904,4718,121538,4.513876568242301,0.17577468536768087
1718,0.2203,1,18,1,106558,569886,4719,121537,4.51373400076036,0.1757780692860955
1719,0.2204,2,10,2,106568,569876,4721,121535,4.513654796603726,0.17577822742189522
1720,0.2205,2,19,2,106587,569857,4723,121533,4.513504308706121,0.17578067371526923
1721,0.2206,0,5,0,106592,569852,4723,121533,4.513464706627804,0.17578194493661273
1722,0.2207,5,41,5,106633,569811,4728,121528,4.513139969585604,0.17578640869385354
1723,0.2208,3,101,3,106734,569710,4731,121525,4.512340007603599,0.17580851664050576
1724,0.2209,0,1,0,106735,569709,4731,121525,4.512332087187936,0.17580877098059414
1725,0.221,3,66,3,106801,569643,4734,121522,4.5118093397541505,0.17582198172650526
1726,0.2211,0,1,0,106802,569642,4734,121522,4.511801419338487,0.17582223611183453
1727,0.2212,1,15,1,106817,569627,4735,121521,4.5116826131035355,0.1758248595091066
1728,0.2213,3,24,3,106841,569603,4738,121518,4.511492523127614,0.17582738767885797
1729,0.2214,0,8,0,106849,569595,4738,121518,4.511429159802306,0.1758294229742459
1730,0.2215,2,34,2,106883,569561,4740,121516,4.51115986566975,0.1758356883531068
1731,0.2216,1,4,1,106887,569557,4741,121515,4.511128184007097,0.17583551352102242
1732,0.2217,20,332,20,107219,569225,4761,121495,4.508498606006843,0.17589616631920316
1733,0.2218,1,12,1,107231,569213,4762,121494,4.508403561018882,0.17589802912088628
1734,0.2219,0,2,0,107233,569211,4762,121494,4.508387720187556,0.1758985384498447
1735,0.222,9,84,9,107317,569127,4771,121485,4.507722405271829,0.17590919358482043
1736,0.2221,3,10,3,107327,569117,4774,121482,4.507643201115195,0.1759081608864189
1737,0.2222,0,5,0,107332,569112,4774,121482,4.5076035990368775,0.17590943448683308
1738,0.2223,1,24,1,107356,569088,4775,121481,4.507413509060956,0.17591435468432554
1739,0.2224,1,3,1,107359,569085,4776,121480,4.507389747813965,0.17591392555371327
1740,0.2225,22,280,22,107639,568805,4798,121458,4.505172031428209,0.17595901851902826
1741,0.2226,1,8,1,107647,568797,4799,121457,4.505108668102902,0.17595986405004535
1742,0.2227,4,39,4,107686,568758,4803,121453,4.504799771892029,0.17596503098327904
1743,0.2228,1,10,1,107696,568748,4804,121452,4.5047205677353945,0.17596638655462185
1744,0.2229,2,17,2,107713,568731,4806,121450,4.504585920669117,0.17596833294454642
1745,0.223,4,47,4,107760,568684,4810,121446,4.504213661132936,0.17597554084013156
1746,0.2231,0,7,0,107767,568677,4810,121446,4.504158218223292,0.17597732578105643
1747,0.2232,1,14,1,107781,568663,4811,121445,4.504047332404005,0.1759797017278455
1748,0.2233,37,643,37,108424,568020,4848,121408,4.49895450513243,0.17609960721061518
1749,0.2234,1,2,1,108426,568018,4849,121407,4.498938664301103,0.17609892301555644
1750,0.2235,3,22,3,108448,567996,4852,121404,4.498764415156508,0.17610095735422107
1751,0.2236,3,11,3,108459,567985,4855,121401,4.49867729058421,0.17610018190099597
1752,0.2237,0,20,0,108479,567965,4855,121401,4.498518882270941,0.1761052909484947
1753,0.2238,0,19,0,108498,567946,4855,121401,4.498368394373337,0.17611014481821202
1754,0.2239,0,5,0,108503,567941,4855,121401,4.49832879229502,0.17611142219681958
1755,0.224,9,134,9,108637,567807,4864,121392,4.497267456596123,0.1761349044325369
1756,0.2241,1,3,1,108640,567804,4865,121391,4.497243695349132,0.17613447572893012
1757,0.2242,5,88,5,108728,567716,4870,121386,4.496546698770752,0.1761509907096482
1758,0.2243,3,36,3,108764,567680,4873,121383,4.496261563806868,0.17615660687048934
1759,0.2244,0,5,0,108769,567675,4873,121383,4.496221961728551,0.1761578851127191
1760,0.2245,0,11,0,108780,567664,4873,121383,4.496134837156254,0.17616069731092363
1761,0.2246,0,6,0,108786,567658,4873,121383,4.496087314662273,0.176162231275062
1762,0.2247,2,25,2,108811,567633,4875,121381,4.495889304270688,0.17616623174565393
1763,0.2248,4,24,4,108835,567609,4879,121377,4.495699214294766,0.1761675854081215
1764,0.2249,0,6,0,108841,567603,4879,121377,4.495651691800786,0.17616911956805711
1765,0.225,78,1238,78,110079,566365,4957,121299,4.485846217209479,0.17639283138276832
1766,0.2251,0,5,0,110084,566360,4957,121299,4.485806615131162,0.17639411394310262
1767,0.2252,2,11,2,110095,566349,4959,121297,4.485719490558864,0.17639454021400547
1768,0.2253,1,38,1,110133,566311,4960,121296,4.485418514763655,0.17640309071897173
1769,0.2254,0,8,0,110141,566303,4960,121296,4.485355151438347,0.17640514311393704
1770,0.2255,2,20,2,110161,566283,4962,121294,4.485196743125079,0.17640787868122407
1771,0.2256,1,6,1,110167,566277,4963,121293,4.485149220631099,0.1764082202539378
1772,0.2257,8,31,8,110198,566246,4971,121285,4.484903687745533,0.17640659112098217
1773,0.2258,7,135,7,110333,566111,4978,121278,4.483834431630972,0.17643284952188645
1774,0.2259,0,4,0,110337,566107,4978,121278,4.483802749968318,0.17643387621202092
1775,0.226,7,122,7,110459,565985,4985,121271,4.482836459257382,0.17645680794347376
1776,0.2261,0,4,0,110463,565981,4985,121271,4.482804777594728,0.17645783497174253
1777,0.2262,8,26,8,110489,565955,4993,121263,4.4825988467874796,0.17645492405612193
1778,0.2263,1,29,1,110518,565926,4994,121262,4.482369154733241,0.17646117219741905
1779,0.2264,0,2,0,110520,565924,4994,121262,4.482353313901913,0.17646168577357513
1780,0.2265,3,26,3,110546,565898,4997,121259,4.482147383094665,0.17646476714928322
1781,0.2266,2,1,2,110547,565897,4999,121257,4.482139462679001,0.1764626270093749
1782,0.2267,47,633,47,111180,565264,5046,121210,4.47712583956406,0.17656895964013203
1783,0.2268,3,26,3,111206,565238,5049,121207,4.476919908756812,0.17657204874389062
1784,0.2269,0,3,0,111209,565235,5049,121207,4.476896147509821,0.1765728204276545
1785,0.227,2,33,2,111242,565202,5051,121205,4.476634773792929,0.1765789101801118
1786,0.2271,1,14,1,111256,565188,5052,121204,4.476523887973641,0.17658131213650508
1787,0.2272,1,13,1,111269,565175,5053,121203,4.476420922570017,0.17658345692898084
1788,0.2273,3,39,3,111308,565136,5056,121200,4.476112026359143,0.1765898918314062
1789,0.2274,0,3,0,111311,565133,5056,121200,4.476088265112153,0.17659066371571816
1790,0.2275,15,315,15,111626,564818,5071,121185,4.473593334178178,0.1766537464121877
1791,0.2276,2,9,2,111635,564809,5073,121183,4.473522050437207,0.17665366359957552
1792,0.2277,0,24,0,111659,564785,5073,121183,4.473331960461285,0.17665984419098266
1793,0.2278,0,14,0,111673,564771,5073,121183,4.473221074641997,0.17666344973569656
1794,0.2279,0,5,0,111678,564766,5073,121183,4.47318147256368,0.1766647374659049
1795,0.228,10,81,10,111759,564685,5083,121173,4.4725399188949435,0.1766735971585955
1796,0.2281,0,5,0,111764,564680,5083,121173,4.472500316816626,0.1766748851430263
1797,0.2282,2,12,2,111776,564668,5085,121171,4.4724052718286655,0.176675575463046
1798,0.2283,19,325,19,112101,564343,5104,121152,4.469831136738056,0.176736518865929
1799,0.2284,0,2,0,112103,564341,5104,121152,4.469815295906729,0.17673703451384623
1800,0.2285,1,23,1,112126,564318,5105,121151,4.469633126346471,0.17674176366837888
1801,0.2286,2,5,2,112131,564313,5107,121149,4.469593524268154,0.17674065083111828
1802,0.2287,3,29,3,112160,564284,5110,121146,4.469363832213914,0.17674452533446158
1803,0.2288,1,27,1,112187,564257,5111,121145,4.469149980991002,0.1767502866930648
1804,0.2289,0,4,0,112191,564253,5111,121145,4.469118299328349,0.17675131821219203
1805,0.229,4,54,4,112245,564199,5115,121141,4.468690596882524,0.17676044007354014
1806,0.2291,0,2,0,112247,564197,5115,121141,4.468674756051198,0.1767609559078878
1807,0.2292,10,119,10,112366,564078,5125,121131,4.467732226587251,0.17677963949685424
1808,0.2293,3,65,3,112431,564013,5128,121128,4.4672173995691296,0.17679280615231024
1809,0.2294,0,3,0,112434,564010,5128,121128,4.467193638322139,0.17679358027141978
1810,0.2295,2,29,2,112463,563981,5130,121126,4.4669639462679,0.17679866064716898
1811,0.2296,1,10,1,112473,563971,5131,121125,4.466884742111266,0.17680003970246505
1812,0.2297,1,13,1,112486,563958,5132,121124,4.466781776707641,0.17680219302214917
1813,0.2298,1,9,1,112495,563949,5133,121123,4.466710492966671,0.17680331410421093
1814,0.2299,0,2,0,112497,563947,5133,121123,4.466694652135344,0.17680383026552032
1815,0.23,254,4300,254,116797,559647,5387,120869,4.432636864782664,0.1776137519176625
1816,0.2301,0,4,0,116801,559643,5387,120869,4.43260518312001,0.17761479591836735
1817,0.2302,0,18,0,116819,559625,5387,120869,4.432462615638069,0.17761949407342312
1818,0.2303,4,23,4,116842,559602,5391,120865,4.43228044607781,0.17762066345612645
1819,0.2304,1,8,1,116850,559594,5392,120864,4.432217082752503,0.17762154313712236
1820,0.2305,0,19,0,116869,559575,5392,120864,4.432066594854898,0.17762650289004597
1821,0.2306,2,3,2,116872,559572,5394,120862,4.432042833607908,0.17762486883371495
1822,0.2307,4,45,4,116917,559527,5398,120858,4.431686414903054,0.17763178200577615
1823,0.2308,9,105,9,117022,559422,5407,120849,4.430854771258396,0.1776483195667609
1824,0.2309,1,8,1,117030,559414,5408,120848,4.430791407933088,0.17764919986711003
1825,0.231,4,64,4,117094,559350,5412,120844,4.43028450133063,0.17766107904509595
1826,0.2311,0,8,0,117102,559342,5412,120844,4.430221138005322,0.17766316860388187
1827,0.2312,1,17,1,117119,559325,5413,120843,4.430086490939044,0.1776664000658661
1828,0.2313,1,17,1,117136,559308,5414,120842,4.429951843872766,0.17766963169888994
1829,0.2314,0,13,0,117149,559295,5414,120842,4.429848878469142,0.17767302764001958
1830,0.2315,1,37,1,117186,559258,5415,120841,4.429555823089596,0.17768148460738803
1831,0.2316,2,2,2,117188,559256,5417,120839,4.429539982258269,0.17767958888096516
1832,0.2317,19,292,19,117480,558964,5436,120820,4.427227220884552,0.1777329269297306
1833,0.2318,1,18,1,117498,558946,5437,120819,4.427084653402611,0.17773642361698527
1834,0.2319,2,7,2,117505,558939,5439,120817,4.427029210492966,0.1777358346230118
1835,0.232,3,83,3,117588,558856,5442,120814,4.426371815992903,0.17775390998572838
1836,0.2321,0,9,0,117597,558847,5442,120814,4.426300532251933,0.17775626378444548
1837,0.2322,3,13,3,117610,558834,5445,120811,4.426197566848308,0.17775603440031193
1838,0.2323,2,23,2,117633,558811,5447,120809,4.42601539728805,0.17775963038168388
1839,0.2324,0,4,0,117637,558807,5447,120809,4.425983715625396,0.17776067661738393
1840,0.2325,10,346,10,117983,558461,5457,120799,4.423243251805855,0.17783911904130967
1841,0.2326,0,3,0,117986,558458,5457,120799,4.423219490558864,0.17783990448386988
1842,0.2327,1,51,1,118037,558407,5458,120798,4.42281554936003,0.17785204761449047
1843,0.2328,0,8,0,118045,558399,5458,120798,4.422752186034723,0.17785414246529357
1844,0.2329,1,18,1,118063,558381,5459,120797,4.422609618552782,0.17785764556566908
1845,0.233,3,31,3,118094,558350,5462,120794,4.4223640856672155,0.17786213233128761
1846,0.2331,2,7,2,118101,558343,5464,120792,4.422308642757572,0.17786154446464988
1847,0.2332,0,15,0,118116,558328,5464,120792,4.42218983652262,0.17786547296501354
1848,0.2333,43,687,43,118803,557641,5507,120749,4.416748510961855,0.17799348457377026
1849,0.2334,1,3,1,118806,557638,5508,120748,4.416724749714865,0.17799305999829007
1850,0.2335,3,37,3,118843,557601,5511,120745,4.416431694335318,0.1779991331857194
1851,0.2336,1,7,1,118850,557594,5512,120744,4.416376251425675,0.17799975823262149
1852,0.2337,1,25,1,118875,557569,5513,120743,4.416178241034089,0.17800510679451345
1853,0.2338,3,27,3,118902,557542,5516,120740,4.415964389811177,0.17800855691290643
1854,0.2339,0,7,0,118909,557535,5516,120740,4.415908946901533,0.17801039401422727
1855,0.234,8,130,8,119039,557405,5524,120732,4.414879292865289,0.17803482187227654
1856,0.2341,0,3,0,119042,557402,5524,120732,4.414855531618299,0.17803560948131195
1857,0.2342,11,91,11,119133,557311,5535,120721,4.414134773792929,0.1780461689123817
1858,0.2343,0,41,0,119174,557270,5535,120721,4.4138100367507285,0.17805693585903057
1859,0.2344,0,7,0,119181,557263,5535,120721,4.413754593841085,0.17805877424835984
1860,0.2345,3,26,3,119207,557237,5538,120718,4.413548663033836,0.17806196576468938
1861,0.2346,0,1,0,119208,557236,5538,120718,4.4135407426181725,0.17806222841077712
1862,0.2347,3,31,3,119239,557205,5541,120715,4.413295209732607,0.17806673353788058
1863,0.2348,1,20,1,119259,557185,5542,120714,4.413136801419339,0.17807077455491158
1864,0.2349,2,13,2,119272,557172,5544,120712,4.413033836015714,0.17807176449067982
1865,0.235,74,1325,74,120597,555847,5618,120638,4.402539285261691,0.1783306355647206
1866,0.2351,2,9,2,120606,555838,5620,120636,4.402468001520719,0.17833057885447187
1867,0.2352,0,9,0,120615,555829,5620,120636,4.402396717779749,0.17833295144612063
1868,0.2353,2,31,2,120646,555798,5622,120634,4.4021511848941834,0.17833869479859024
1869,0.2354,0,12,0,120658,555786,5622,120634,4.402056139906223,0.1783418586085568
1870,0.2355,4,17,4,120675,555769,5626,120630,4.401921492839945,0.17834148187682122
1871,0.2356,1,8,1,120683,555761,5627,120629,4.401858129514637,0.17834237643962803
1872,0.2357,1,48,1,120731,555713,5628,120628,4.401477949562793,0.17835381856193844
1873,0.2358,9,109,9,120840,555604,5637,120619,4.400614624255481,0.17837163184334162
1874,0.2359,0,3,0,120843,555601,5637,120619,4.400590863008491,0.1783724231758895
1875,0.236,9,133,9,120976,555468,5646,120610,4.3995374477252565,0.17839657554305863
1876,0.2361,0,13,0,120989,555455,5646,120610,4.399434482321632,0.17840000591659086
1877,0.2362,1,18,1,121007,555437,5647,120609,4.399291914839691,0.17840354058747482
1878,0.2363,2,23,2,121030,555414,5649,120607,4.399109745279432,0.17840717965862007
1879,0.2364,0,12,0,121042,555402,5649,120607,4.399014700291471,0.17841034660781144
1880,0.2365,1,26,1,121068,555376,5650,120606,4.398808769484223,0.17841599332526606
1881,0.2366,0,4,0,121072,555372,5650,120606,4.398777087821569,0.17841704907556163
1882,0.2367,42,670,42,121742,554702,5692,120564,4.393470409327081,0.17854297417610246
1883,0.2368,1,21,1,121763,554681,5693,120563,4.39330408059815,0.17854731030560805
1884,0.2369,0,4,0,121767,554677,5693,120563,4.393272398935496,0.17854836798767845
1885,0.237,3,46,3,121813,554631,5696,120560,4.392908059814979,0.1785568824228996
1886,0.2371,3,22,3,121835,554609,5699,120557,4.392733810670384,0.17855905066309619
1887,0.2372,1,11,1,121846,554598,5700,120556,4.392646686098087,0.17856074317859333
1888,0.2373,5,34,5,121880,554564,5705,120551,4.39237739196553,0.17856365211852795
1889,0.2374,0,5,0,121885,554559,5705,120551,4.392337789887213,0.17856497459673237
1890,0.2375,15,308,15,122193,554251,5720,120536,4.389898301862882,0.17862821897872957
1891,0.2376,1,10,1,122203,554241,5721,120535,4.389819097706248,0.17862964895017014
1892,0.2377,1,22,1,122225,554219,5722,120534,4.389644848561653,0.17863425579434253
1893,0.2378,0,13,0,122238,554206,5722,120534,4.389541883158028,0.1786376974834751
1894,0.2379,1,16,1,122254,554190,5723,120533,4.389415156507414,0.17864071626430403
1895,0.238,7,82,7,122336,554108,5730,120526,4.3887656824230135,0.17865390715558363
1896,0.2381,0,5,0,122341,554103,5730,120526,4.388726080344696,0.17865523124561797
1897,0.2382,2,20,2,122361,554083,5732,120524,4.388567672031428,0.17865809278587386
1898,0.2383,29,314,29,122675,553769,5761,120495,4.386080661513116,0.17870596680232076
1899,0.2384,0,1,0,122676,553768,5761,120495,4.386072741097453,0.17870623184128448
1900,0.2385,1,35,1,122711,553733,5762,120494,4.385795526549233,0.17871429058759142
1901,0.2386,0,6,0,122717,553727,5762,120494,4.385748004055253,0.1787158809945107
1902,0.2387,2,30,2,122747,553697,5764,120492,4.385510391585351,0.1787213971156456
1903,0.2388,1,12,1,122759,553685,5765,120491,4.385415346597389,0.17872336007214734
1904,0.2389,1,8,1,122767,553677,5766,120490,4.385351983272082,0.1787242626826884
1905,0.239,8,95,8,122862,553582,5774,120482,4.3845995437840575,0.17873970424173372
1906,0.2391,0,2,0,122864,553580,5774,120482,4.384583702952731,0.17874023457782814
1907,0.2392,6,100,6,122964,553480,5780,120476,4.38379166138639,0.17875944423671575
1908,0.2393,6,59,6,123023,553421,5786,120470,4.383324356862248,0.17876778292038326
1909,0.2394,0,5,0,123028,553416,5786,120470,4.383284754783931,0.1787691093152254
1910,0.2395,3,18,3,123046,553398,5789,120467,4.383142187301989,0.17877022845822235
1911,0.2396,0,4,0,123050,553394,5789,120467,4.383110505639336,0.17877128962797967
1912,0.2397,2,19,2,123069,553375,5791,120465,4.382960017741731,0.17877389291226403
1913,0.2398,0,20,0,123089,553355,5791,120465,4.382801609428463,0.17877919919266272
1914,0.2399,1,7,1,123096,553348,5792,120464,4.382746166518819,0.17877983769953637
1915,0.24,218,4549,218,127645,548799,6010,120246,4.346716195665948,0.17972782099858753
1916,0.2401,1,5,1,127650,548794,6011,120245,4.346676593587632,0.17972793813215673
1917,0.2402,0,15,0,127665,548779,6011,120245,4.346557787352681,0.1797319677619936
1918,0.2403,2,25,2,127690,548754,6013,120243,4.346359776961095,0.17973623200104036
1919,0.2404,2,14,2,127704,548740,6015,120241,4.346248891141807,0.17973754112598114
1920,0.2405,2,17,2,127721,548723,6017,120239,4.346114244075529,0.1797396563631417
1921,0.2406,1,8,1,127729,548715,6018,120238,4.346050880750222,0.17974057968198065
1922,0.2407,3,42,3,127771,548673,6021,120235,4.345718223292359,0.17974818659666203
1923,0.2408,7,116,7,127887,548557,6028,120228,4.344799455075402,0.1797707783517872
1924,0.2409,0,7,0,127894,548550,6028,120228,4.344744012165759,0.1797726599858249
1925,0.241,2,69,2,127963,548481,6030,120226,4.344197503484983,0.179788756510699
1926,0.2411,1,4,1,127967,548477,6031,120225,4.34416582182233,0.17978860538775118
1927,0.2412,0,33,0,128000,548444,6031,120225,4.3439044481054365,0.17979747827400402
1928,0.2413,2,24,2,128024,548420,6033,120223,4.343714358129515,0.17980147851693654
1929,0.2414,0,21,0,128045,548399,6033,120223,4.343548029400583,0.17980712570032095
1930,0.2415,2,24,2,128069,548375,6035,120221,4.343357939424661,0.1798111265996207
1931,0.2416,1,2,1,128071,548373,6036,120220,4.343342098593334,0.17981043774014985
1932,0.2417,25,356,25,128427,548017,6061,120195,4.340522430617159,0.17987554847862655
1933,0.2418,0,17,0,128444,548000,6061,120195,4.340387783550881,0.17988012481386423
1934,0.2419,0,3,0,128447,547997,6061,120195,4.34036402230389,0.1798809324266079
1935,0.242,8,85,8,128532,547912,6069,120187,4.3396907869725005,0.17989399774584305
1936,0.2421,0,13,0,128545,547899,6069,120187,4.339587821568876,0.17989749822627626
1937,0.2422,0,15,0,128560,547884,6069,120187,4.339469015333925,0.1799015374114428
1938,0.2423,3,34,3,128594,547850,6072,120184,4.339199721201369,0.1799070107210112
1939,0.2424,0,8,0,128602,547842,6072,120184,4.339136357876061,0.17990916521213246
1940,0.2425,27,326,27,128928,547516,6099,120157,4.336554302369788,0.1799638445766116
1941,0.2426,1,17,1,128945,547499,6100,120156,4.33641965530351,0.17996719862803395
1942,0.2427,3,50,3,128995,547449,6103,120153,4.336023634520339,0.1799769922798314
1943,0.2428,1,19,1,129014,547430,6104,120152,4.335873146622735,0.17998088624318812
1944,0.2429,4,21,4,129035,547409,6108,120148,4.335706817893803,0.17998163452708907
1945,0.243,2,37,2,129072,547372,6110,120146,4.335413762514257,0.17998915385053288
1946,0.2431,0,4,0,129076,547368,6110,120146,4.335382080851603,0.17999023241460105
1947,0.2432,0,10,0,129086,547358,6110,120146,4.335302876694969,0.17999292888132506
1948,0.2433,30,692,30,129778,546666,6140,120116,4.329821949055886,0.18014283528949493
1949,0.2434,0,2,0,129780,546664,6140,120116,4.32980610822456,0.18014337562614355
1950,0.2435,0,32,0,129812,546632,6140,120116,4.32955265492333,0.1801520214533827
1951,0.2436,1,6,1,129818,546626,6141,120115,4.32950513242935,0.18015241300594984
1952,0.2437,0,23,0,129841,546603,6141,120115,4.3293229628690915,0.1801586277856605
1953,0.2438,3,15,3,129856,546588,6144,120112,4.32920415663414,0.18015899205039748
1954,0.2439,1,3,1,129859,546585,6145,120111,4.32918039538715,0.180158573022787
1955,0.244,13,134,13,129993,546451,6158,120098,4.328119059688253,0.18017880155847507
1956,0.2441,1,4,1,129997,546447,6159,120097,4.328087378025598,0.18017865287212848
1957,0.2442,8,120,8,130117,546327,6167,120089,4.327136928145989,0.18020125567213272
1958,0.2443,4,51,4,130168,546276,6171,120085,4.326732986947155,0.18021012634292824
1959,0.2444,1,9,1,130177,546267,6172,120084,4.3266617032061845,0.18021133006478568
1960,0.2445,4,31,4,130208,546236,6176,120080,4.326416170320618,0.18021479298110807
1961,0.2446,0,8,0,130216,546228,6176,120080,4.326352806995311,0.18021695672271681
1962,0.2447,2,29,2,130245,546199,6178,120078,4.326123114941072,0.18022233995770529
1963,0.2448,2,15,2,130260,546184,6180,120076,4.326004308706121,0.18022393660132682
1964,0.2449,0,3,0,130263,546181,6180,120076,4.325980547459131,0.1802247481077122
1965,0.245,82,1367,82,131630,544814,6262,119994,4.315153339247244,0.1804942178794479
1966,0.2451,0,4,0,131634,544810,6262,119994,4.31512165758459,0.18049530387903803
1967,0.2452,2,18,2,131652,544792,6264,119992,4.314979090102649,0.18049772557702953
1968,0.2453,2,37,2,131689,544755,6266,119990,4.314686034723103,0.18050530654611918
1969,0.2454,0,10,0,131699,544745,6266,119990,4.314606830566468,0.1805080219937268
1970,0.2455,1,19,1,131718,544726,6267,119989,4.314456342668863,0.1805119487299068
1971,0.2456,2,5,2,131723,544721,6269,119987,4.314416740590546,0.18051084085041852
1972,0.2457,2,39,2,131762,544682,6271,119985,4.314107844379673,0.18051896664043798
1973,0.2458,7,103,7,131865,544579,6278,119978,4.313292041566341,0.18053831349304875
1974,0.2459,1,2,1,131867,544577,6279,119977,4.3132762007350145,0.1805376237295991
1975,0.246,8,129,8,131996,544448,6287,119969,4.3122544671144345,0.1805628091996442
1976,0.2461,1,4,1,132000,544444,6288,119968,4.31222278545178,0.18056266292601578
1977,0.2462,3,31,3,132031,544413,6291,119965,4.311977252566215,0.18056738784246318
1978,0.2463,1,18,1,132049,544395,6292,119964,4.311834685084273,0.18057104667807616
1979,0.2464,0,16,0,132065,544379,6292,119964,4.311707958433659,0.1805753955411587
1980,0.2465,1,23,1,132088,544356,6293,119963,4.3115257888734,0.1805804139276462
1981,0.2466,0,7,0,132095,544349,6293,119963,4.311470345963756,0.18058231674273534
1982,0.2467,54,633,54,132728,543716,6347,119909,4.306456722848815,0.1806878884912413
1983,0.2468,0,15,0,132743,543701,6347,119909,4.306337916613864,0.1806919726948057
1984,0.2469,0,2,0,132745,543699,6347,119909,4.306322075782537,0.18069251726923125
1985,0.247,2,63,2,132808,543636,6349,119907,4.305823089595742,0.1807072036024794
1986,0.2471,1,18,1,132826,543618,6350,119906,4.305680522113801,0.18071087104611136
1987,0.2472,1,11,1,132837,543607,6351,119905,4.305593397541503,0.18071263217545425
1988,0.2473,2,41,2,132878,543566,6353,119903,4.305268660499303,0.1807213298586671
1989,0.2474,0,8,0,132886,543558,6353,119903,4.305205297173996,0.1807235089929928
1990,0.2475,20,344,20,133230,543214,6373,119883,4.302480674185781,0.18079255372894162
1991,0.2476,0,9,0,133239,543205,6373,119883,4.302409390444811,0.1807950076008011
1992,0.2477,2,23,2,133262,543182,6375,119881,4.302227220884552,0.18079880795640837
1993,0.2478,2,11,2,133273,543171,6377,119879,4.302140096312255,0.18079933639996984
1994,0.2479,4,8,4,133281,543163,6381,119875,4.302076732986947,0.18079657576187186
1995,0.248,9,111,9,133392,543052,6390,119866,4.301197566848308,0.1808157268319762
1996,0.2481,0,5,0,133397,543047,6390,119866,4.301157964769991,0.18081709062878537
1997,0.2482,5,20,5,133417,543027,6395,119861,4.3009995564567225,0.18081636716911453
1998,0.2483,30,354,30,133771,542673,6425,119831,4.298195729311875,0.18087588905123592
1999,0.2484,0,6,0,133777,542667,6425,119831,4.298148206817894,0.18087752717744054
2000,0.2485,1,28,1,133805,542639,6426,119830,4.297926435179318,0.18088393570114225
2001,0.2486,0,9,0,133814,542630,6426,119830,4.297855151438347,0.18088639314071794
2002,0.2487,0,23,0,133837,542607,6426,119830,4.2976729818780885,0.18089267356744868
2003,0.2488,5,19,5,133856,542588,6431,119825,4.297522493980484,0.1808916793601575
2004,0.2489,0,7,0,133863,542581,6431,119825,4.29746705107084,0.1808935909396956
2005,0.249,8,66,8,133929,542515,6439,119817,4.296944303637055,0.18090172300296528
2006,0.2491,0,3,0,133932,542512,6439,119817,4.2969205423900645,0.18090254239207404
2007,0.2492,7,136,7,134068,542376,6446,119810,4.295843365859841,0.18093103750305806
2008,0.2493,4,50,4,134118,542326,6450,119806,4.29544734507667,0.18093975219442648
2009,0.2494,0,4,0,134122,542322,6450,119806,4.295415663414016,0.18094084527462967
2010,0.2495,2,28,2,134150,542294,6452,119804,4.29519389177544,0.1809460230962788
2011,0.2496,2,13,2,134163,542281,6454,119802,4.295090926371816,0.180947101798415
2012,0.2497,2,11,2,134174,542270,6456,119800,4.295003801799519,0.18094763393598864
2013,0.2498,1,24,1,134198,542246,6457,119799,4.294813711823596,0.18095295637003528
2014,0.2499,2,6,2,134204,542240,6459,119797,4.294766189329616,0.18095212201130753
2015,0.25,270,4532,270,138736,537708,6729,119527,4.258870865543024,0.18186341263018554
2016,0.2501,0,11,0,138747,537697,6729,119527,4.258783740970726,0.1818664564897204
2017,0.2502,2,26,2,138773,537671,6731,119525,4.2585778101634775,0.18187116172344323
2018,0.2503,2,25,2,138798,537646,6733,119523,4.258379799771892,0.18187559060150432
2019,0.2504,0,16,0,138814,537630,6733,119523,4.258253073121278,0.18188001880840535
2020,0.2505,4,23,4,138837,537607,6737,119519,4.258070903561019,0.18188140478386183
2021,0.2506,0,3,0,138840,537604,6737,119519,4.2580471423140285,0.18188223513710522
2022,0.2507,4,59,4,138899,537545,6741,119515,4.257579837789887,0.18189358658265609
2023,0.2508,9,129,9,139028,537416,6750,119506,4.256558104169307,0.181918096821236
2024,0.2509,0,4,0,139032,537412,6750,119506,4.256526422506653,0.18191920452781016
2025,0.251,7,68,7,139100,537344,6757,119499,4.255987834241541,0.18192931948730517
2026,0.2511,2,4,2,139104,537340,6759,119497,4.255956152578888,0.18192793645912153
2027,0.2512,1,24,1,139128,537316,6760,119496,4.255766062602965,0.18193333861135302
2028,0.2513,2,35,2,139163,537281,6762,119494,4.255488848054746,0.18194054280385216
2029,0.2514,1,8,1,139171,537273,6763,119493,4.255425484729439,0.1819415134157371
2030,0.2515,2,26,2,139197,537247,6765,119491,4.25521955392219,0.1819462251308741
2031,0.2516,0,2,0,139199,537245,6765,119491,4.255203713090863,0.18194677922331043
2032,0.2517,27,402,27,139601,536843,6792,119464,4.2520197059941705,0.18202457081822987
2033,0.2518,0,16,0,139617,536827,6792,119464,4.251892979343556,0.1820290084733754
2034,0.2519,1,4,1,139621,536823,6793,119463,4.251861297680902,0.1820288715590459
2035,0.252,8,85,8,139706,536738,6801,119455,4.251188062349512,0.18204247835621531
2036,0.2521,0,13,0,139719,536725,6801,119455,4.2510850969458875,0.18204608491572435
2037,0.2522,1,12,1,139731,536713,6802,119454,4.250990051957927,0.1820481676158661
2038,0.2523,1,33,1,139764,536680,6803,119453,4.2507286782410345,0.18205607704535515
2039,0.2524,1,6,1,139770,536674,6804,119452,4.250681155747054,0.18205649524633988
2040,0.2525,27,330,27,140100,536344,6831,119425,4.248067418578127,0.18211443358865698
2041,0.2526,0,9,0,140109,536335,6831,119425,4.247996134837156,0.18211693302427717
2042,0.2527,1,63,1,140172,536272,6832,119424,4.247497148650361,0.18213318367048145
2043,0.2528,1,10,1,140182,536262,6833,119423,4.247417944493727,0.18213471407764398
2044,0.2529,2,12,2,140194,536250,6835,119421,4.247322899505766,0.1821355527391024
2045,0.253,5,36,5,140230,536214,6840,119416,4.247037764541883,0.18213931638271585
2046,0.2531,0,5,0,140235,536209,6840,119416,4.246998162463566,0.1821407054337464
2047,0.2532,1,18,1,140253,536191,6841,119415,4.246855594981625,0.1821444587145328
2048,0.2533,49,730,49,140983,535461,6890,119366,4.241073691547332,0.18228631378974905
2049,0.2534,0,1,0,140984,535460,6890,119366,4.241065771131669,0.1822865921634144
2050,0.2535,2,24,2,141008,535436,6892,119364,4.240875681155747,0.18229077580940745
2051,0.2536,0,9,0,141017,535427,6892,119364,4.240804397414776,0.1822932813676425
2052,0.2537,5,41,5,141058,535386,6897,119359,4.240479660372577,0.18229845206912615
2053,0.2538,2,14,2,141072,535372,6899,119357,4.240368774553288,0.18229985230530493
2054,0.2539,0,3,0,141075,535369,6899,119357,4.240345013306298,0.18230068761588816
2055,0.254,12,146,12,141221,535223,6911,119345,4.23918863261944,0.18232635875875386
2056,0.2541,1,5,1,141226,535218,6912,119344,4.239149030541123,0.1823265023023029
2057,0.2542,9,126,9,141352,535092,6921,119335,4.238151058167532,0.18235036146124778
2058,0.2543,2,37,2,141389,535055,6923,119333,4.237858002787986,0.18235817282713007
2059,0.2544,0,5,0,141394,535050,6923,119333,4.237818400709669,0.1823595661867744
2060,0.2545,3,19,3,141413,535031,6926,119330,4.237667912812064,0.18236111259686932
2061,0.2546,2,4,2,141417,535027,6928,119328,4.237636231149411,0.18235972828204874
2062,0.2547,2,24,2,141441,535003,6930,119326,4.237446141173489,0.1823639178456098
2063,0.2548,1,14,1,141455,534989,6931,119325,4.237335255354201,0.1823665701788438
2064,0.2549,1,4,1,141459,534985,6932,119324,4.237303573691547,0.18236643543035477
2065,0.255,92,1375,92,142834,533610,7024,119232,4.226413002154353,0.1826353083900852
2066,0.2551,0,3,0,142837,533607,7024,119232,4.226389240907363,0.18263614765661979
2067,0.2552,1,14,1,142851,533593,7025,119231,4.226278355088075,0.18263881229856746
2068,0.2553,3,36,3,142887,533557,7028,119228,4.2259932201241925,0.18264512818156053
2069,0.2554,0,17,0,142904,533540,7028,119228,4.225858573057914,0.18264988479827443
2070,0.2555,4,12,4,142916,533528,7032,119224,4.225763528069953,0.18264823393877
2071,0.2556,0,5,0,142921,533523,7032,119224,4.225723925991636,0.18264963301248416
2072,0.2557,5,41,5,142962,533482,7037,119219,4.225399188949436,0.18265484502092075
2073,0.2558,6,101,6,143063,533381,7043,119213,4.224599226967431,0.18267559922401982
2074,0.2559,1,5,1,143068,533376,7044,119212,4.224559624889114,0.18267574641274434
2075,0.256,8,128,8,143196,533248,7052,119204,4.223545811684197,0.18270156272032273
2076,0.2561,0,11,0,143207,533237,7052,119204,4.2234586871119,0.18270464302519307
2077,0.2562,1,23,1,143230,533214,7053,119203,4.223276517551641,0.18270983128888427
2078,0.2563,0,21,0,143251,533193,7053,119203,4.22311018882271,0.18271571254268879
2079,0.2564,1,5,1,143256,533188,7054,119202,4.2230705867443925,0.1827158601450053
2080,0.2565,2,40,2,143296,533148,7056,119200,4.222753770117856,0.18272455805796906
2081,0.2566,1,2,1,143298,533146,7057,119199,4.222737929286529,0.18272386543929975
2082,0.2567,57,666,57,143964,532480,7114,119142,4.217462932454695,0.18283913066164126
2083,0.2568,3,18,3,143982,532462,7117,119139,4.217320364972754,0.1828404192135985
2084,0.2569,0,7,0,143989,532455,7117,119139,4.2172649220631095,0.1828423834473614
2085,0.257,3,55,3,144044,532400,7120,119136,4.216829299201622,0.18285405564696347
2086,0.2571,2,18,2,144062,532382,7122,119134,4.216686731719681,0.18285659907047563
2087,0.2572,0,16,0,144078,532366,7122,119134,4.216560005069066,0.18286108979278587
2088,0.2573,6,47,6,144125,532319,7128,119128,4.216187745532886,0.18286675662026228
2089,0.2574,0,5,0,144130,532314,7128,119128,4.216148143454569,0.18286816017389115
2090,0.2575,22,354,22,144484,531960,7150,119106,4.21334431630972,0.182939978435366
2091,0.2576,0,8,0,144492,531952,7150,119106,4.213280952984412,0.18294222634542545
2092,0.2577,1,41,1,144533,531911,7151,119105,4.212956215942213,0.18295249271907296
2093,0.2578,3,18,3,144551,531893,7154,119102,4.212813648460271,0.1829537861273896
2094,0.2579,1,24,1,144575,531869,7155,119101,4.212623558484349,0.18295927615711938
2095,0.258,4,93,4,144668,531776,7159,119097,4.211886959827652,0.18298039709743683
2096,0.2581,0,5,0,144673,531771,7159,119097,4.211847357749335,0.18298180276185033
2097,0.2582,2,31,2,144704,531740,7161,119095,4.211601824863769,0.18298800771316848
2098,0.2583,18,379,18,145083,531361,7179,119077,4.208599987327335,0.18307202223732316
2099,0.2584,1,1,1,145084,531360,7180,119076,4.208592066911671,0.18307104772798555
2100,0.2585,1,25,1,145109,531335,7181,119075,4.208394056520087,0.183076828462047
2101,0.2586,1,3,1,145112,531332,7182,119074,4.208370295273096,0.18307641688422308
2102,0.2587,3,35,3,145147,531297,7185,119071,4.208093080724876,0.18308250098405826
2103,0.2588,1,19,1,145166,531278,7186,119070,4.207942592827272,0.18308659363909785
2104,0.2589,1,15,1,145181,531263,7187,119069,4.2078237865923205,0.18308956040914487
2105,0.259,8,79,8,145260,531184,7195,119061,4.207198073754911,0.18310175395427877
2106,0.2591,0,6,0,145266,531178,7195,119061,4.20715055126093,0.18310344350308116
2107,0.2592,11,132,11,145398,531046,7206,119050,4.206105056393359,0.1831267997341931
2108,0.2593,2,51,2,145449,530995,7208,119048,4.205701115194525,0.183138653904434
2109,0.2594,1,8,1,145457,530987,7209,119047,4.205637751869218,0.18313965115670872
2110,0.2595,3,32,3,145489,530955,7212,119044,4.205384298567989,0.1831448971459956
2111,0.2596,0,8,0,145497,530947,7212,119044,4.205320935242682,0.18314715126824832
2112,0.2597,2,37,2,145534,530910,7214,119042,4.2050278798631355,0.18315506375855448
2113,0.2598,1,19,1,145553,530891,7215,119041,4.20487739196553,0.18315916126610168
2114,0.2599,1,1,1,145554,530890,7216,119040,4.204869471549867,0.18315818626621327
2115,0.26,237,4679,237,150233,526211,7453,118803,4.167809846660753,0.18418669982356972
2116,0.2601,0,1,0,150234,526210,7453,118803,4.167801926245089,0.18418698537858927
2117,0.2602,2,16,2,150250,526194,7455,118801,4.167675199594474,0.18418902472112186
2118,0.2603,1,24,1,150274,526170,7456,118800,4.167485109618553,0.18419461370296292
2119,0.2604,0,10,0,150284,526160,7456,118800,4.167405905461918,0.18419746961051847
2120,0.2605,2,16,2,150300,526144,7458,118798,4.167279178811304,0.18419950941324956
2121,0.2606,1,6,1,150306,526138,7459,118797,4.167231656317323,0.18419995813531595
2122,0.2607,7,57,7,150363,526081,7466,118790,4.1667801926245085,0.18420738411248141
2123,0.2608,9,122,9,150485,525959,7475,118781,4.165813901913572,0.1842308527468437
2124,0.2609,1,12,1,150497,525947,7476,118780,4.165718856925611,0.1842330164550267
2125,0.261,5,82,5,150579,525865,7481,118775,4.165069382841211,0.18425012410027303
2126,0.2611,0,13,0,150592,525852,7481,118775,4.164966417437587,0.1842538398174448
2127,0.2612,2,30,2,150622,525822,7483,118773,4.164728804967685,0.18425988411328043
2128,0.2613,3,36,3,150658,525786,7486,118770,4.164443670003802,0.18426637871651183
2129,0.2614,2,16,2,150674,525770,7488,118768,4.164316943353187,0.18426842172222585
2130,0.2615,4,34,4,150708,525736,7492,118764,4.164047649220631,0.18427307990690459
2131,0.2616,0,7,0,150715,525729,7492,118764,4.163992206310987,0.18427508134300916
2132,0.2617,31,400,31,151115,525329,7523,118733,4.160824040045622,0.18435026441553765
2133,0.2618,2,14,2,151129,525315,7525,118731,4.160713154226333,0.18435173885095163
2134,0.2619,0,7,0,151136,525308,7525,118731,4.16065771131669,0.18435374255285783
2135,0.262,4,116,4,151252,525192,7529,118727,4.159738943099734,0.18438188654163024
2136,0.2621,1,21,1,151273,525171,7530,118726,4.159572614370802,0.18438663326587948
2137,0.2622,2,7,2,151280,525164,7532,118724,4.159517171461158,0.18438610441567477
2138,0.2623,3,34,3,151314,525130,7535,118721,4.159247877328602,0.18439204101570084
2139,0.2624,1,9,1,151323,525121,7536,118720,4.159176593587632,0.18439335177473942
2140,0.2625,18,351,18,151674,524770,7554,118702,4.156396527689773,0.18447111917845688
2141,0.2626,1,12,1,151686,524758,7555,118701,4.156301482701812,0.1844732920046188
2142,0.2627,6,50,6,151736,524708,7561,118695,4.155905461918642,0.18448002262967378
2143,0.2628,1,14,1,151750,524694,7562,118694,4.155794576099353,0.1844827693398074
2144,0.2629,0,24,0,151774,524670,7562,118694,4.155604486123432,0.1844896512705094
2145,0.263,4,60,4,151834,524610,7566,118690,4.155129261183627,0.18450178765739159
2146,0.2631,1,4,1,151838,524606,7567,118689,4.155097579520973,0.1845016671977864
2147,0.2632,2,19,2,151857,524587,7569,118687,4.154947091623368,0.18450458125153513
2148,0.2633,45,731,45,152588,523856,7614,118642,4.149157267773413,0.1846573841474993
2149,0.2635,0,35,0,152623,523821,7614,118642,4.148880053225193,0.18466744388392795
2150,0.2636,0,14,0,152637,523807,7614,118642,4.148769167405906,0.18467146808540444
2151,0.2637,3,28,3,152665,523779,7617,118639,4.14854739576733,0.1846757095847252
2152,0.2638,0,24,0,152689,523755,7617,118639,4.148357305791408,0.18468260911527817
2153,0.2639,1,6,1,152695,523749,7618,118638,4.148309783297427,0.18468306488144998
2154,0.264,13,140,13,152835,523609,7631,118625,4.147200925104549,0.1847068202555455
2155,0.2641,1,9,1,152844,523600,7632,118624,4.147129641363579,0.18470813921622362
2156,0.2642,8,121,8,152965,523479,7640,118616,4.146171271068305,0.1847327887617876
2157,0.2643,2,55,2,153020,523424,7642,118614,4.145735648206818,0.184746074219906
2158,0.2644,1,7,1,153027,523417,7643,118613,4.145680205297174,0.18474681868448514
2159,0.2645,1,26,1,153053,523391,7644,118612,4.145474274489925,0.1847530307490775
2160,0.2646,3,18,3,153071,523373,7647,118609,4.145331707007983,0.1847544012137412
2161,0.2647,0,30,0,153101,523343,7647,118609,4.145094094538082,0.18476303524251034
2162,0.2648,1,20,1,153121,523323,7648,118608,4.144935686224813,0.18476752174299108
2163,0.2649,0,8,0,153129,523315,7648,118608,4.144872322899506,0.18476982441819345
2164,0.265,103,1404,103,154533,521911,7751,118505,4.1337520593080725,0.18504378404037375
2165,0.2651,2,2,2,154535,521909,7753,118503,4.133736218476746,0.18504181683041543
2166,0.2652,2,15,2,154550,521894,7755,118501,4.133617412241795,0.1850436058994839
2167,0.2653,1,37,1,154587,521857,7756,118500,4.133324356862248,0.18505302510943114
2168,0.2654,0,17,0,154604,521840,7756,118500,4.13318970979597,0.1850579379704532
2169,0.2655,4,28,4,154632,521812,7760,118496,4.132967938157394,0.18506093942290272
2170,0.2656,1,1,1,154633,521811,7761,118495,4.132960017741731,0.18505995570867678
2171,0.2657,4,53,4,154686,521758,7765,118491,4.13254023571157,0.1850701836316808
2172,0.2658,7,111,7,154797,521647,7772,118484,4.131661069572931,0.18509336370211724
2173,0.2659,1,3,1,154800,521644,7773,118483,4.131637308325941,0.18509295811612383
2174,0.266,7,166,7,154966,521478,7780,118476,4.130322519325814,0.18513205636655133
2175,0.2661,0,4,0,154970,521474,7780,118476,4.130290837663161,0.18513321353230722
2176,0.2662,0,23,0,154993,521451,7780,118476,4.130108668102902,0.18513986751613856
2177,0.2663,3,21,3,155014,521430,7783,118473,4.1299423393739705,0.1851421231030328
2178,0.2664,0,4,0,155018,521426,7783,118473,4.129910657711316,0.1851432804239419
2179,0.2665,3,34,3,155052,521392,7786,118470,4.12964136357876,0.18514929781734185
2180,0.2666,0,4,0,155056,521388,7786,118470,4.129609681916107,0.1851504552572602
2181,0.2667,57,733,57,155789,520655,7843,118413,4.123804017234825,0.18529014126822185
2182,0.2668,4,25,4,155814,520630,7847,118409,4.123606006843239,0.18529229045488615
2183,0.2669,1,5,1,155819,520625,7848,118408,4.123566404764922,0.1852924653343411
2184,0.267,3,58,3,155877,520567,7851,118405,4.123107020656444,0.18530545939415186
2185,0.2671,1,17,1,155894,520550,7852,118404,4.122972373590166,0.18530911458414848
2186,0.2672,1,19,1,155913,520531,7853,118403,4.122821885692561,0.18531335004867483
2187,0.2673,2,43,2,155956,520488,7855,118401,4.122481307819035,0.1853232721176918
2188,0.2674,2,8,2,155964,520480,7857,118399,4.122417944493727,0.18532304239143876
2189,0.2675,21,396,21,156360,520084,7878,118378,4.119281459891015,0.18541119126901837
2190,0.2676,0,10,0,156370,520074,7878,118378,4.119202255734381,0.18541409534311115
2191,0.2677,0,33,0,156403,520041,7878,118378,4.118940882017489,0.1854236794330996
2192,0.2678,1,20,1,156423,520021,7879,118377,4.11878247370422,0.18542821249440006
2193,0.2679,7,28,7,156451,519993,7886,118370,4.118560702065644,0.18542741355623682
2194,0.268,3,83,3,156534,519910,7889,118367,4.117903307565581,0.1854476974730407
2195,0.2681,1,5,1,156539,519905,7890,118366,4.117863705487264,0.185447874022163
2196,0.2682,1,19,1,156558,519886,7891,118365,4.117713217589659,0.18545211836722544
2197,0.2683,32,368,32,156926,519518,7923,118333,4.114798504625523,0.18551824799208594
2198,0.2684,1,7,1,156933,519511,7924,118332,4.1147430617158784,0.18551900702837532
2199,0.2685,5,23,5,156956,519488,7929,118327,4.1145608921556205,0.1855193120262145
2200,0.2686,2,3,2,156959,519485,7931,118325,4.11453713090863,0.1855176306423543
2201,0.2687,1,23,1,156982,519462,7932,118324,4.114354961348371,0.18552304377957496
2202,0.2688,3,23,3,157005,519439,7935,118321,4.114172791788113,0.1855259031610637
2203,0.2689,0,1,0,157006,519438,7935,118321,4.1141648713724495,0.1855261940639019
2204,0.269,7,74,7,157080,519364,7942,118314,4.113578760613357,0.1855387828966971
2205,0.2691,0,5,0,157085,519359,7942,118314,4.11353915853504,0.1855402377080416
2206,0.2692,11,116,11,157201,519243,7953,118303,4.112620390318084,0.18555994390992964
2207,0.2693,3,49,3,157250,519194,7956,118300,4.112232289950577,0.18557037399567683
2208,0.2694,0,10,0,157260,519184,7956,118300,4.112153085793943,0.1855732849765641
2209,0.2695,1,39,1,157299,519145,7957,118299,4.11184418958307,0.1855833610481862
2210,0.2696,2,5,2,157304,519140,7959,118297,4.111804587504753,0.1855822614627014
2211,0.2697,0,26,0,157330,519114,7959,118297,4.111598656697503,0.18558983136469248
2212,0.2698,0,16,0,157346,519098,7959,118297,4.111471930046889,0.18559449007287473
2213,0.2699,0,5,0,157351,519093,7959,118297,4.111432327968572,0.18559594596714726
2214,0.27,269,4669,269,162020,514424,8228,118028,4.074451907236091,0.1866196960401738
2215,0.2701,0,5,0,162025,514419,8228,118028,4.074412305157774,0.18662117141831647
2216,0.2702,1,19,1,162044,514400,8229,118027,4.07426181726017,0.1866254919540121
2217,0.2703,0,25,0,162069,514375,8229,118027,4.074063806868584,0.18663286959876788
2218,0.2704,0,15,0,162084,514360,8229,118027,4.073945000633633,0.1866372964656136
2219,0.2705,3,26,3,162110,514334,8232,118024,4.0737390698263845,0.18664111152227061
2220,0.2706,1,9,1,162119,514325,8233,118023,4.073667786085414,0.1866424816714847
2221,0.2707,3,54,3,162173,514271,8236,118020,4.07324008363959,0.18665456253528834
2222,0.2708,16,117,16,162290,514154,8252,118004,4.07231339500697,0.18666852274273205
2223,0.2709,0,5,0,162295,514149,8252,118004,4.0722737929286525,0.1866699991932333
2224,0.271,6,77,6,162372,514072,8258,117998,4.07166392092257,0.18668501906434415
2225,0.2711,0,9,0,162381,514063,8258,117998,4.071592637181599,0.18668767729696975
2226,0.2712,2,32,2,162413,514031,8260,117996,4.07133918388037,0.18669455577056043
2227,0.2713,4,34,4,162447,513997,8264,117992,4.071069889747814,0.18669945204742489
2228,0.2714,1,12,1,162459,513985,8265,117991,4.070974844759853,0.18670171019152626
2229,0.2715,1,23,1,162482,513962,8266,117990,4.070792675199595,0.18670721826974201
2230,0.2716,0,9,0,162491,513953,8266,117990,4.0707213914586236,0.18670987731488442
2231,0.2717,45,384,45,162875,513569,8311,117945,4.067679951843873,0.18676545571436262
2232,0.2718,7,13,7,162888,513556,8318,117938,4.0675769864402485,0.1867602859251236
2233,0.2719,0,7,0,162895,513549,8318,117938,4.067521543530605,0.18676235615301662
2234,0.272,9,112,9,163007,513437,8327,117929,4.066634456976302,0.18678389396958342
2235,0.2721,1,10,1,163017,513427,8328,117928,4.066555252819668,0.18678556438137023
2236,0.2722,1,21,1,163038,513406,8329,117927,4.066388924090736,0.1867904893297198
2237,0.2723,7,54,7,163092,513352,8336,117920,4.065961221644912,0.1867974502274772
2238,0.2724,1,8,1,163100,513344,8337,117919,4.065897858319604,0.18679852929761445
2239,0.2725,32,401,32,163501,512943,8369,117887,4.062721771638576,0.18687602048095367
2240,0.2726,0,4,0,163505,512939,8369,117887,4.062690089975922,0.18687720544175415
2241,0.2727,5,49,5,163554,512890,8374,117882,4.0623019896084145,0.1868852770890274
2242,0.2728,3,6,3,163560,512884,8377,117879,4.0622544671144345,0.18688318750465704
2243,0.2729,1,9,1,163569,512875,8378,117878,4.062183183373463,0.1868845649564885
2244,0.273,4,31,4,163600,512844,8382,117874,4.061937650487898,0.18688859363455618
2245,0.2731,2,6,2,163606,512838,8384,117872,4.061890127993917,0.18688779312203707
2246,0.2732,1,31,1,163637,512807,8385,117871,4.061644595108351,0.1868956900351685
2247,0.2733,58,805,58,164442,512002,8443,117813,4.055268660499303,0.18705969213181647
2248,0.2734,0,5,0,164447,511997,8443,117813,4.055229058420986,0.18706117718041948
2249,0.2735,4,20,4,164467,511977,8447,117809,4.055070650107718,0.18706195437815384
2250,0.2736,0,3,0,164470,511974,8447,117809,4.055046888860727,0.1870628454562921
2251,0.2737,0,33,0,164503,511941,8447,117809,4.054785515143835,0.18707264787614133
2252,0.2738,2,17,2,164520,511924,8449,117807,4.054650868077557,0.18707511620040937
2253,0.2739,0,11,0,164531,511913,8449,117807,4.054563743505259,0.18707838404370197
2254,0.274,11,144,11,164675,511769,8460,117796,4.053423203649728,0.18710697068610865
2255,0.2741,0,8,0,164683,511761,8460,117796,4.05335984032442,0.18710934831953263
2256,0.2742,11,122,11,164805,511639,8471,117785,4.052393549613484,0.18713140903429168
2257,0.2743,1,53,1,164858,511586,8472,117784,4.0519737675833225,0.18714587603476493
2258,0.2744,1,1,1,164859,511585,8473,117783,4.05196584716766,0.1871448818497286
2259,0.2745,3,33,3,164892,511552,8476,117780,4.051704473450767,0.18715082023478863
2260,0.2746,0,7,0,164899,511545,8476,117780,4.051649030541123,0.18715290191872244
2261,0.2747,5,38,5,164937,511507,8481,117775,4.051348054745913,0.18715774485842596
2262,0.2748,8,21,8,164958,511486,8489,117767,4.051181726016981,0.187153656796233
2263,0.2749,0,2,0,164960,511484,8489,117767,4.051165885185655,0.18715425164203156
2264,0.275,99,1496,99,166456,509988,8588,117668,4.039316943353187,0.18747211848528494
2265,0.2751,4,6,4,166462,509982,8592,117664,4.039269420859207,0.1874687323746188
2266,0.2752,2,15,2,166477,509967,8594,117662,4.039150614624256,0.18747062356901928
2267,0.2753,1,28,1,166505,509939,8595,117661,4.03892884298568,0.18747769279796048
2268,0.2754,3,13,3,166518,509926,8598,117658,4.038825877582055,0.1874776922292474
2269,0.2755,1,23,1,166541,509903,8599,117657,4.038643708021797,0.18748326853209255
2270,0.2756,0,4,0,166545,509899,8599,117657,4.038612026359143,0.18748446353791534
2271,0.2757,6,51,6,166596,509848,8605,117651,4.038208085160309,0.18749193225805938
2272,0.2758,8,136,8,166732,509712,8613,117643,4.037130908630085,0.18752221628902296
2273,0.2759,0,6,0,166738,509706,8613,117643,4.037083386136104,0.18752400976171157
2274,0.276,12,144,12,166882,509562,8625,117631,4.035942846280573,0.18755151922932814
2275,0.2761,0,9,0,166891,509553,8625,117631,4.035871562539602,0.18755421056659607
2276,0.2762,3,19,3,166910,509534,8628,117628,4.035721074641997,0.18755600626313457
2277,0.2763,1,38,1,166948,509496,8629,117627,4.035420098846788,0.1875660755545563
2278,0.2764,3,16,3,166964,509480,8632,117624,4.035293372196173,0.18756697453691892
2279,0.2765,4,25,4,166989,509455,8636,117620,4.035095361804587,0.18756927002352192
2280,0.2766,1,4,1,166993,509451,8637,117619,4.035063680141934,0.18756917090595945
2281,0.2767,59,791,59,167784,508660,8696,117560,4.028798631352173,0.1877295519146626
2282,0.2768,1,22,1,167806,508638,8697,117559,4.028624382207578,0.1877348502148685
2283,0.2769,2,7,2,167813,508631,8699,117557,4.0285689392979345,0.18773435453889248
2284,0.277,6,57,6,167870,508574,8705,117551,4.02811747560512,0.18774366140946297
2285,0.2771,2,10,2,167880,508564,8707,117549,4.0280382714484855,0.18774406536839197
2286,0.2772,0,15,0,167895,508549,8707,117549,4.027919465213534,0.18774856332395248
2287,0.2773,1,54,1,167949,508495,8708,117548,4.02749176276771,0.18776346033738897
2288,0.2774,0,3,0,167952,508492,8708,117548,4.027468001520719,0.18776436010478564
2289,0.2775,32,388,32,168340,508104,8740,117516,4.024394880243316,0.18783926345065693
2290,0.2776,0,10,0,168350,508094,8740,117516,4.024315676086681,0.18784226594843434
2291,0.2777,4,30,4,168380,508064,8744,117512,4.024078063616779,0.18784608105170275
2292,0.2778,2,13,2,168393,508051,8746,117510,4.023975098213154,0.18784738818436572
2293,0.2779,3,12,3,168405,508039,8749,117507,4.023880053225193,0.18784709677625627
2294,0.278,12,105,12,168510,507934,8761,117495,4.023048409580535,0.18786305080192955
2295,0.2781,0,6,0,168516,507928,8761,117495,4.023000887086554,0.18786485306744397
2296,0.2782,3,24,3,168540,507904,8764,117492,4.022810797110632,0.18786816672956014
2297,0.2783,52,422,52,168962,507482,8816,117440,4.019468381700672,0.1879274533461776
2298,0.2784,0,5,0,168967,507477,8816,117440,4.019428779622355,0.187928956965485
2299,0.2785,7,34,7,169001,507443,8823,117433,4.019159485489799,0.18793008532892927
2300,0.2786,0,7,0,169008,507436,8823,117433,4.019104042580155,0.18793219058714705
2301,0.2787,3,32,3,169040,507404,8826,117430,4.018850589278926,0.18793791631057208
2302,0.2788,2,15,2,169055,507389,8828,117428,4.018731783043974,0.18793982878186732
2303,0.2789,0,8,0,169063,507381,8828,117428,4.018668419718667,0.18794223514706093
2304,0.279,10,64,10,169127,507317,8838,117418,4.018161513116208,0.18794849015982776
2305,0.2791,0,6,0,169133,507311,8838,117418,4.018113990622228,0.18795029524801954
2306,0.2792,9,127,9,169260,507184,8847,117409,4.017108097832974,0.18797681049899695
2307,0.2793,8,54,8,169314,507130,8855,117401,4.01668039538715,0.18798266218970716
2308,0.2794,0,1,0,169315,507129,8855,117401,4.016672474971487,0.18798296318831761
2309,0.2795,1,30,1,169345,507099,8856,117400,4.016434862501584,0.18799069333978116
2310,0.2796,1,11,1,169356,507088,8857,117399,4.016347737929286,0.1879927044117812
2311,0.2797,1,23,1,169379,507065,8858,117398,4.016165568369028,0.18799832816355813
2312,0.2798,1,30,1,169409,507035,8859,117397,4.015927955899126,0.1880060599072437
2313,0.2799,0,6,0,169415,507029,8859,117397,4.015880433405145,0.18800786642452427
2314,0.28,315,4792,315,174207,502237,9174,117082,3.977925801546065,0.18904958510880499
2315,0.2801,2,7,2,174214,502230,9176,117080,3.9778703586364212,0.18904910303402173
2316,0.2802,0,23,0,174237,502207,9176,117080,3.977688189076163,0.18905612422027268
2317,0.2803,4,33,4,174270,502174,9180,117076,3.9774268153592702,0.18906096083972548
2318,0.2804,0,10,0,174280,502164,9180,117076,3.977347611202636,0.18906401395258704
2319,0.2805,2,15,2,174295,502149,9182,117074,3.9772288049676847,0.18906597461657593
2320,0.2806,3,6,3,174301,502143,9185,117071,3.9771812824737043,0.18906387775470193
2321,0.2807,2,37,2,174338,502106,9187,117069,3.976888227094158,0.18907255622400776
2322,0.2808,5,126,5,174464,501980,9192,117064,3.975890254720568,0.18910449014932704
2323,0.2809,1,1,1,174465,501979,9193,117063,3.975882334304904,0.18910348570856259
2324,0.281,2,94,2,174559,501885,9195,117061,3.9751378152325434,0.18912958481030656
2325,0.2811,0,2,0,174561,501883,9195,117061,3.9751219744012167,0.1891301959466446
2326,0.2812,1,30,1,174591,501853,9196,117060,3.974884361931314,0.18913805332898162
2327,0.2813,2,31,2,174622,501822,9198,117058,3.974638829045748,0.1891449069286453
2328,0.2814,1,10,1,174632,501812,9199,117057,3.974559624889114,0.18914665300734082
2329,0.2815,3,24,3,174656,501788,9202,117054,3.9743695349131922,0.1891500576883922
2330,0.2816,0,3,0,174659,501785,9202,117054,3.974345773666202,0.18915097464768704
2331,0.2817,22,397,22,175056,501388,9224,117032,3.9712013686478267,0.1892435561592445
2332,0.2818,2,29,2,175085,501359,9226,117030,3.970971676593588,0.189249808777323
2333,0.2819,1,5,1,175090,501354,9227,117029,3.9709320745152707,0.18925002789533346
2334,0.282,9,123,9,175213,501231,9236,117020,3.9699578633886707,0.18927587662615994
2335,0.2821,1,15,1,175228,501216,9237,117019,3.9698390571537194,0.18927915760188277
2336,0.2822,3,13,3,175241,501203,9240,117016,3.9697360917500952,0.18927920364789824
2337,0.2823,0,32,0,175273,501171,9240,117016,3.969482638448866,0.18928900154807526
2338,0.2824,0,10,0,175283,501161,9240,117016,3.9694034342922317,0.18929206359990747
2339,0.2825,40,372,40,175655,500789,9280,116976,3.9664570396654417,0.18935355677320664
2340,0.2826,2,8,2,175663,500781,9282,116974,3.966393676340134,0.18935338443233968
2341,0.2827,6,49,6,175712,500732,9288,116968,3.966005575972627,0.1893605310021046
2342,0.2828,3,22,3,175734,500710,9291,116965,3.965831326828032,0.189363338325171
2343,0.2829,2,22,2,175756,500688,9293,116963,3.965657077683437,0.1893674583219326
2344,0.283,6,47,6,175803,500641,9299,116957,3.965284818147256,0.18937399408676842
2345,0.2831,1,8,1,175811,500633,9300,116956,3.965221454821949,0.18937513459598534
2346,0.2832,1,24,1,175835,500609,9301,116955,3.965031364846027,0.18938118154555642
2347,0.2833,66,776,66,176611,499833,9367,116889,3.958885122291218,0.18953272300971913
2348,0.2834,0,2,0,176613,499831,9367,116889,3.958869281459891,0.1895333376572837
2349,0.2835,2,46,2,176659,499785,9369,116887,3.958504942339374,0.18954484717970008
2350,0.2836,0,12,0,176671,499773,9369,116887,3.958409897351413,0.18954853565984497
2351,0.2837,2,19,2,176690,499754,9371,116885,3.958259409453808,0.1895517474567778
2352,0.2838,5,39,5,176729,499715,9376,116880,3.957950513242935,0.18955716475157924
2353,0.2839,1,8,1,176737,499707,9377,116879,3.9578871499176276,0.18955830978971303
2354,0.284,15,163,15,176900,499544,9392,116864,3.956596122164491,0.1895887139686701
2355,0.2841,0,11,0,176911,499533,9392,116864,3.9565089975921937,0.1895920973009278
2356,0.2842,14,142,14,177053,499391,9406,116850,3.955384298567989,0.1896173737222937
2357,0.2843,5,53,5,177106,499338,9411,116845,3.954964516537828,0.1896271075313665
2358,0.2844,1,7,1,177113,499331,9412,116844,3.9549090736281842,0.18962794660607782
2359,0.2845,2,26,2,177139,499305,9414,116842,3.9547031428209354,0.1896333180231341
2360,0.2846,0,16,0,177155,499289,9414,116842,3.9545764161703207,0.18963824251660766
2361,0.2847,3,25,3,177180,499264,9417,116839,3.9543784057787352,0.1896419916799626
2362,0.2848,4,20,4,177200,499244,9421,116835,3.954219997465467,0.18964288670771118
2363,0.2849,0,7,0,177207,499237,9421,116835,3.954164554555823,0.18964504148865716
2364,0.285,116,1561,116,178768,497676,9537,116719,3.941800785705234,0.18997387674053337
2365,0.2851,0,3,0,178771,497673,9537,116719,3.9417770244582435,0.18997480435943176
2366,0.2852,1,23,1,178794,497650,9538,116718,3.941594854897985,0.18998059794780978
2367,0.2853,1,41,1,178835,497609,9539,116717,3.941270117855785,0.18999195866689672
2368,0.2854,2,9,2,178844,497600,9541,116715,3.9411988341148145,0.189992105027551
2369,0.2855,4,26,4,178870,497574,9545,116711,3.9409929033075657,0.18999487208706056
2370,0.2856,1,8,1,178878,497566,9546,116710,3.940929539982258,0.18999602784416125
2371,0.2857,2,59,2,178937,497507,9548,116708,3.9404622354581167,0.19001164087493794
2372,0.2858,11,144,11,179081,497363,9559,116697,3.9393216956025854,0.19004168973715924
2373,0.2859,0,5,0,179086,497358,9559,116697,3.9392820935242683,0.19004323716930893
2374,0.286,13,169,13,179255,497189,9572,116684,3.937943543277151,0.19007840383923058
2375,0.2861,1,9,1,179264,497180,9573,116683,3.9378722595361806,0.19007987124162884
2376,0.2862,0,16,0,179280,497164,9573,116683,3.937745532885566,0.19008482569760868
2377,0.2863,0,20,0,179300,497144,9573,116683,3.9375871245722975,0.19009101913079743
2378,0.2864,0,13,0,179313,497131,9573,116683,3.9374841591686733,0.19009504507880237
2379,0.2865,4,36,4,179349,497095,9577,116679,3.9371990242047903,0.19010091662403425
2380,0.2866,0,7,0,179356,497088,9577,116679,3.9371435812951465,0.19010308472107493
2381,0.2867,65,847,65,180203,496241,9642,116614,3.930434989228235,0.19027991939365754
2382,0.2868,4,22,4,180225,496219,9646,116610,3.93026074008364,0.19028146513954136
2383,0.2869,0,8,0,180233,496211,9646,116610,3.9301973767583323,0.1902839491466513
2384,0.287,3,59,3,180292,496152,9649,116607,3.929730072234191,0.19029830651202184
2385,0.2871,1,21,1,180313,496131,9650,116606,3.929563743505259,0.19030350705114918
2386,0.2872,3,15,3,180328,496116,9653,116603,3.9294449372703077,0.19030420143654758
2387,0.2873,4,57,4,180385,496059,9657,116599,3.9289934735774934,0.19031662036568525
2388,0.2874,1,12,1,180397,496047,9658,116598,3.9288984285895325,0.1903190265161717
2389,0.2875,41,393,41,180790,495654,9699,116557,3.9257857052338108,0.19038697442548402
2390,0.2876,0,13,0,180803,495641,9699,116557,3.925682739830186,0.1903910172852574
2391,0.2877,2,45,2,180848,495596,9701,116555,3.9253263211253326,0.1904023680431789
2392,0.2878,1,17,1,180865,495579,9702,116554,3.9251916740590547,0.19040633326417625
2393,0.2879,0,13,0,180878,495566,9702,116554,3.92508870865543,0.19041037705025157
2394,0.288,5,97,5,180975,495469,9707,116549,3.924320428336079,0.19043394148538115
2395,0.2881,0,2,0,180977,495467,9707,116549,3.924304587504752,0.19043456380225354
2396,0.2882,0,13,0,180990,495454,9707,116549,3.924201622101128,0.19043860896106718
2397,0.2883,34,406,34,181396,495048,9741,116515,3.9209859333417816,0.19052002819006383
2398,0.2885,3,29,3,181425,495019,9744,116512,3.9207562412875427,0.19052509194137338
2399,0.2886,1,17,1,181442,495002,9745,116511,3.9206215942212648,0.1905290647950248
2400,0.2887,3,36,3,181478,494966,9748,116508,3.9203364592573817,0.19053631061991189
2401,0.2888,2,25,2,181503,494941,9750,116506,3.9201384488657967,0.19054145330666436
2402,0.2889,0,8,0,181511,494933,9750,116506,3.920075085540489,0.19054394632988736
2403,0.289,3,77,3,181588,494856,9753,116503,3.9194652135344064,0.19056397305020453
2404,0.2891,0,3,0,181591,494853,9753,116503,3.919441452287416,0.1905649081713437
2405,0.2892,8,120,8,181711,494733,9761,116495,3.9184910024078063,0.19059172681879757
2406,0.2893,5,62,5,181773,494671,9766,116490,3.917999936636675,0.19060443974664615
2407,0.2894,0,9,0,181782,494662,9766,116490,3.917928652895704,0.19060724664240647
2408,0.2895,2,30,2,181812,494632,9768,116488,3.9176910404258014,0.19061395470611336
2409,0.2896,1,8,1,181820,494624,9769,116487,3.9176276771004943,0.19061512556638646
2410,0.2897,1,32,1,181852,494592,9770,116486,3.917374223799265,0.19062378288860016
2411,0.2898,4,24,4,181876,494568,9774,116482,3.917184133823343,0.1906259716880779
2412,0.2899,0,4,0,181880,494564,9774,116482,3.9171524521606895,0.19062721955466527
2413,0.29,326,4787,326,186667,489777,10100,116156,3.8792374223799264,0.19169776196378147
2414,0.2901,1,6,1,186673,489771,10101,116155,3.879189899885946,0.19169832619824864
2415,0.2902,1,24,1,186697,489747,10102,116154,3.8789998099100242,0.19170458540256577
2416,0.2903,1,34,1,186731,489713,10103,116153,3.878730515777468,0.19171400936840818
2417,0.2904,0,15,0,186746,489698,10103,116153,3.878611709542517,0.19171875593173898
2418,0.2905,4,27,4,186773,489671,10107,116149,3.878397858319605,0.19172196361955696
2419,0.2906,1,12,1,186785,489659,10108,116148,3.8783028133316435,0.19172442708651435
2420,0.2907,4,67,4,186852,489592,10112,116144,3.877772145482195,0.19174029610259255
2421,0.2908,11,152,11,187004,489440,10123,116133,3.876568242301356,0.19177374156377514
2422,0.2909,0,5,0,187009,489435,10123,116133,3.876528640223039,0.19177532498414712
2423,0.291,5,94,5,187103,489341,10128,116128,3.875784121150678,0.19179842403161845
2424,0.2911,1,4,1,187107,489337,10129,116127,3.8757524394880245,0.19179835630194364
2425,0.2912,0,28,0,187135,489309,10129,116127,3.8755306678494486,0.1918072265276594
2426,0.2913,2,38,2,187173,489271,10131,116125,3.875229692054239,0.19181659607926052
2427,0.2914,1,11,1,187184,489260,10132,116124,3.8751425674819413,0.19181874644853514
2428,0.2915,3,28,3,187212,489232,10135,116121,3.874920795843366,0.19182361366012887
2429,0.2916,0,9,0,187221,489223,10135,116121,3.874849512102395,0.19182646561294073
2430,0.2917,22,430,22,187651,488793,10157,116099,3.871443733367127,0.1919334360513943
2431,0.2918,1,25,1,187676,488768,10158,116098,3.8712457229755417,0.1919400329990444
2432,0.2919,0,9,0,187685,488759,10158,116098,3.871174439234571,0.19194288898037057
2433,0.292,12,95,12,187780,488664,10170,116086,3.8704219997465468,0.19195700702769738
2434,0.2921,3,15,3,187795,488649,10173,116083,3.8703031935115955,0.19195775980103583
2435,0.2922,1,24,1,187819,488625,10174,116082,3.8701131035356737,0.19196404208980547
2436,0.2923,4,47,4,187866,488578,10178,116078,3.869740843999493,0.1919736180572094
2437,0.2924,0,8,0,187874,488570,10178,116078,3.8696774806741856,0.19197615802913431
2438,0.2925,33,419,33,188293,488151,10211,116045,3.8663588265112154,0.19206515766406929
2439,0.2926,1,9,1,188302,488142,10212,116044,3.8662875427702446,0.1920666814524004
2440,0.2927,5,52,5,188354,488090,10217,116039,3.865875681155747,0.19207652670207853
2441,0.2928,2,19,2,188373,488071,10219,116037,3.8657251932581422,0.19207989299926503
2442,0.2929,2,17,2,188390,488054,10221,116035,3.8655905461918643,0.1920826235869218
2443,0.293,9,51,9,188441,488003,10230,116026,3.86518660499303,0.19208680377928875
2444,0.2931,1,4,1,188445,487999,10231,116025,3.8651549233303766,0.19208673827530032
2445,0.2932,2,18,2,188463,487981,10233,116023,3.865012355848435,0.1920897874848511
2446,0.2933,61,825,61,189288,487156,10294,115962,3.8584780129261183,0.19227083257339359
2447,0.2934,0,2,0,189290,487154,10294,115962,3.8584621720947916,0.1922714701649434
2448,0.2935,4,25,4,189315,487129,10298,115958,3.858264161703206,0.19227408317539593
2449,0.2936,0,11,0,189326,487118,10298,115958,3.8581770371309085,0.19227759022080135
2450,0.2937,4,28,4,189354,487090,10302,115954,3.857955265492333,0.19228116024701347
2451,0.2938,2,33,2,189387,487057,10304,115952,3.8576938917754404,0.19228900397838175
2452,0.2939,2,11,2,189398,487046,10306,115950,3.857606767203143,0.19228983276837658
2453,0.294,11,175,11,189573,486871,10317,115939,3.856220694462045,0.19233091687264645
2454,0.2941,0,3,0,189576,486868,10317,115939,3.856196933215055,0.19233187404923965
2455,0.2942,9,164,9,189740,486704,10326,115930,3.854897985046255,0.1923721529153682
2456,0.2943,3,70,3,189810,486634,10329,115927,3.854343555949816,0.19239047996800324
2457,0.2944,1,3,1,189813,486631,10330,115926,3.854319794702826,0.19239009753434114
2458,0.2945,2,23,2,189836,486608,10332,115924,3.8541376251425676,0.19239476077619114
2459,0.2946,4,15,4,189851,486593,10336,115920,3.8540188189076163,0.1923941890050505
2460,0.2947,4,38,4,189889,486555,10340,115916,3.8537178431124066,0.1924009620380068
2461,0.2948,2,14,2,189903,486541,10342,115914,3.8536069572931186,0.1924027520727689
2462,0.2949,1,7,1,189910,486534,10343,115913,3.853551514383475,0.19240364712580527
2463,0.295,125,1595,125,191505,484939,10468,115788,3.8409184514003294,0.19274645554469835
2464,0.2951,0,6,0,191511,484933,10468,115788,3.840870928906349,0.1927483806958638
2465,0.2952,1,27,1,191538,484906,10469,115787,3.840657077683437,0.1927557004992567
2466,0.2953,2,42,2,191580,484864,10471,115785,3.8403244202255733,0.19276649091232984
2467,0.2954,0,11,0,191591,484853,10471,115785,3.8402372956532758,0.1927700212107792
2468,0.2955,2,31,2,191622,484822,10473,115783,3.8399917627677103,0.1927772829064027
2469,0.2956,0,5,0,191627,484817,10473,115783,3.839952160689393,0.19277888777888777
2470,0.2957,7,61,7,191688,484756,10480,115776,3.8394690153339246,0.19278906036647506
2471,0.2958,8,113,8,191801,484643,10488,115768,3.838574008363959,0.19281458867342538
2472,0.2959,0,5,0,191806,484638,10488,115768,3.8385344062856417,0.1928161943751395
2473,0.296,13,181,13,191987,484457,10501,115755,3.837100811050564,0.19285685724377385
2474,0.2961,0,4,0,191991,484453,10501,115755,3.8370691293879102,0.19285814251059633
2475,0.2962,3,29,3,192020,484424,10504,115752,3.8368394373336714,0.19286342672815973
2476,0.2963,1,25,1,192045,484399,10505,115751,3.836641426942086,0.19287011580438224
2477,0.2964,1,10,1,192055,484389,10506,115750,3.8365622227854517,0.19287198465688782
2478,0.2965,5,39,5,192094,484350,10511,115745,3.8362533265745786,0.19287779434922803
2479,0.2966,1,3,1,192097,484347,10512,115744,3.836229565327588,0.19287741359227184
2480,0.2967,77,813,77,192910,483534,10589,115667,3.829790267393233,0.19303539213052048
2481,0.2968,3,27,3,192937,483507,10592,115664,3.8295764161703207,0.19304005033621455
2482,0.2969,0,3,0,192940,483504,10592,115664,3.8295526549233303,0.19304101687673575
2483,0.297,9,47,9,192987,483457,10601,115655,3.8291803953871497,0.1930440385103286
2484,0.2971,1,28,1,193015,483429,10602,115654,3.828958623748574,0.19305171403628546
2485,0.2972,0,16,0,193031,483413,10602,115654,3.8288318970979596,0.19305687009967165
2486,0.2973,5,62,5,193093,483351,10607,115649,3.828340831326828,0.19307011686143571
2487,0.2974,1,4,1,193097,483347,10608,115648,3.8283091496641743,0.19307005901551766
2488,0.2975,33,409,33,193506,482938,10641,115615,3.825069699657838,0.19315749816641134
2489,0.2976,0,10,0,193516,482928,10641,115615,3.8249904955012037,0.19316072529459036
2490,0.2977,1,36,1,193552,482892,10642,115614,3.824705360537321,0.19317099577949093
2491,0.2978,1,21,1,193573,482871,10643,115613,3.8245390318083894,0.19317642576910996
2492,0.2979,4,16,4,193589,482855,10647,115609,3.8244123051577747,0.1931761977328628
2493,0.298,8,101,8,193690,482754,10655,115601,3.82361234317577,0.1931980178990733
2494,0.2981,0,11,0,193701,482743,10655,115601,3.8235252186034723,0.19320156966561042
2495,0.2982,2,27,2,193728,482716,10657,115599,3.82331136738056,0.19320759131895407
2496,0.2983,42,425,42,194153,482291,10699,115557,3.819945190723609,0.19328826056121287
2497,0.2984,0,5,0,194158,482286,10699,115557,3.819905588645292,0.193289877108204
2498,0.2985,6,27,6,194185,482259,10705,115551,3.8196917374223798,0.1932905103628243
2499,0.2986,2,18,2,194203,482241,10707,115549,3.8195491699404385,0.1932936315428495
2500,0.2987,4,32,4,194235,482209,10711,115545,3.819295716639209,0.19329858102162428
2501,0.2988,1,23,1,194258,482186,10712,115544,3.819113547078951,0.19330466933230722
2502,0.2989,2,15,2,194273,482171,10714,115542,3.8189947408439995,0.19330682116668033
2503,0.299,5,82,5,194355,482089,10719,115537,3.8183452667595996,0.19332659556311138
2504,0.2991,1,3,1,194358,482086,10720,115536,3.818321505512609,0.1933262162370194
2505,0.2992,13,103,13,194461,481983,10733,115523,3.8175057026992776,0.1933419915448548
2506,0.2993,7,60,7,194521,481923,10740,115516,3.817030477759473,0.1933519572709515
2507,0.2994,0,6,0,194527,481917,10740,115516,3.8169829552654924,0.19335389909830894
2508,0.2995,3,19,3,194546,481898,10743,115513,3.8168324673678873,0.19335599779716142
2509,0.2996,2,13,2,194559,481885,10745,115511,3.816729501964263,0.1933575049046194
2510,0.2997,4,31,4,194590,481854,10749,115507,3.816483969078697,0.19336213780276917
2511,0.2998,3,32,3,194622,481822,10752,115504,3.816230515777468,0.19336844537153916
2512,0.2999,0,3,0,194625,481819,10752,115504,3.816206754530478,0.19336941654682643
2513,0.3,342,4919,342,199544,476900,11094,115162,3.7772462298821443,0.19451003442207065
2514,0.3001,1,5,1,199549,476895,11095,115161,3.777206627803827,0.19451031659167375
2515,0.3002,1,32,1,199581,476863,11096,115160,3.776953174502598,0.1945194696827657
2516,0.3003,1,22,1,199603,476841,11097,115159,3.776778925358003,0.19452533783783785
2517,0.3004,1,7,1,199610,476834,11098,115158,3.776723482448359,0.19452627738212677
2518,0.3005,6,21,6,199631,476813,11104,115152,3.7765571537194274,0.1945250141477959
2519,0.3006,1,7,1,199638,476806,11105,115151,3.776501710809783,0.19452595374326176
2520,0.3007,6,72,6,199710,476734,11111,115145,3.7759314408820175,0.19454145188459127
2521,0.3008,9,130,9,199840,476604,11120,115136,3.7749017868457737,0.1945719403792206
2522,0.3009,0,6,0,199846,476598,11120,115136,3.7748542643517933,0.19457391327860155
2523,0.301,8,86,8,199932,476512,11128,115128,3.7741731086047396,0.19459130552362924
2524,0.3011,0,8,0,199940,476504,11128,115128,3.774109745279432,0.1945939367715066
2525,0.3012,4,33,4,199973,476471,11132,115124,3.7738483715625395,0.1945993458362562
2526,0.3013,4,35,4,200008,476436,11136,115120,3.77357115701432,0.19460541351959915
2527,0.3014,1,19,1,200027,476417,11137,115119,3.773420669116715,0.19461030266966
2528,0.3015,2,37,2,200064,476380,11139,115117,3.7731276137371688,0.19461975293196754
2529,0.3016,1,2,1,200066,476378,11140,115116,3.773111772905842,0.19461904939018823
2530,0.3017,30,416,30,200482,475962,11170,115086,3.769816879989862,0.19471515003857554
2531,0.3018,2,20,2,200502,475942,11172,115084,3.7696584716765935,0.19471901405352726
2532,0.3019,2,6,2,200508,475936,11174,115082,3.769610949182613,0.19471826577193926
2533,0.302,6,89,6,200597,475847,11180,115076,3.7689060321885695,0.19473941613374332
2534,0.3021,4,10,4,200607,475837,11184,115072,3.7688268280319352,0.19473726072880934
2535,0.3022,1,17,1,200624,475820,11185,115071,3.7686921809656573,0.1947415005474783
2536,0.3023,8,41,8,200665,475779,11193,115063,3.768367443923457,0.19474411094675056
2537,0.3024,0,6,0,200671,475773,11193,115063,3.7683199214294767,0.19474608859311213
2538,0.3025,25,417,25,201088,475356,11218,115038,3.765017108097833,0.1948495411538735
2539,0.3026,0,11,0,201099,475345,11218,115038,3.764929983525535,0.1948531715852252
2540,0.3027,3,43,3,201142,475302,11221,115035,3.764589405652009,0.19486327301185594
2541,0.3028,1,18,1,201160,475284,11222,115034,3.764446838170067,0.19486785088714895
2542,0.3029,1,18,1,201178,475266,11223,115033,3.764304270688126,0.19487242905713884
2543,0.303,5,67,5,201245,475199,11228,115028,3.763773602838677,0.1948877296362247
2544,0.3031,1,21,1,201266,475178,11229,115027,3.7636072741097455,0.1948932997856677
2545,0.3032,7,14,7,201280,475164,11236,115020,3.7634963882904575,0.19488837379529095
2546,0.3033,63,799,63,202079,474365,11299,114957,3.75716797617539,0.1950665340849315
2547,0.3034,0,2,0,202081,474363,11299,114957,3.7571521353440627,0.1950671960904093
2548,0.3035,5,39,5,202120,474324,11304,114952,3.7568432391331896,0.19507327635946484
2549,0.3036,1,6,1,202126,474318,11305,114951,3.756795716639209,0.19507389664143202
2550,0.3037,3,34,3,202160,474284,11308,114948,3.7565264225066533,0.19508105466098244
2551,0.3038,3,23,3,202183,474261,11311,114945,3.756344252946395,0.19508457144020935
2552,0.3039,3,11,3,202194,474250,11314,114942,3.756257128374097,0.1950841151950468
2553,0.304,16,147,16,202341,474103,11330,114926,3.755092827271575,0.19511093681295827
2554,0.3041,2,2,2,202343,474101,11332,114924,3.7550769864402485,0.19510886634692926
2555,0.3042,16,129,16,202472,473972,11348,114908,3.754055252819668,0.19512973780736312
2556,0.3043,8,52,8,202524,473920,11356,114900,3.7536433912051703,0.19513603478142727
2557,0.3044,0,7,0,202531,473913,11356,114900,3.7535879482955266,0.1951383546219258
2558,0.3045,3,20,3,202551,473893,11359,114897,3.753429539982258,0.1951408821481343
2559,0.3046,0,10,0,202561,473883,11359,114897,3.753350335825624,0.19514419647406503
2560,0.3047,7,30,7,202591,473853,11366,114890,3.7531127233557218,0.19514457072101069
2561,0.3048,5,27,5,202618,473826,11371,114885,3.7528988721328096,0.19514668487594083
2562,0.3049,2,10,2,202628,473816,11373,114883,3.7528196679761754,0.19514726541067676
2563,0.305,114,1573,114,204201,472243,11487,114769,3.740360854137625,0.19551389068707284
2564,0.3051,0,14,0,204215,472229,11487,114769,3.7402499683183374,0.19551855372590707
2565,0.3052,2,24,2,204239,472205,11489,114767,3.7400598783424153,0.19552380692775806
2566,0.3053,6,41,6,204280,472164,11495,114761,3.7397351413002156,0.1955292413851855
2567,0.3054,3,16,3,204296,472148,11498,114758,3.739608414649601,0.19553045973290442
2568,0.3055,1,21,1,204317,472127,11499,114757,3.739442085920669,0.1955360854956005
2569,0.3056,1,7,1,204324,472120,11500,114756,3.7393866430110254,0.1955370470082266
2570,0.3057,12,54,12,204378,472066,11512,114744,3.738958940565201,0.19553859000357868
2571,0.3058,19,134,19,204512,471932,11531,114725,3.7378976048663035,0.19555719952203757
2572,0.3059,0,11,0,204523,471921,11531,114725,3.737810480294006,0.19556086634870093
2573,0.306,12,183,12,204706,471738,11543,114713,3.736361044227601,0.19560542995066937
2574,0.3061,0,7,0,204713,471731,11543,114713,3.736305601317957,0.19560776476526318
2575,0.3062,1,28,1,204741,471703,11544,114712,3.7360838296793815,0.19561573288541392
2576,0.3063,3,31,3,204772,471672,11547,114709,3.735838296793816,0.1956219591016762
2577,0.3064,3,6,3,204778,471666,11550,114706,3.735790774299835,0.19561984542235986
2578,0.3065,4,35,4,204813,471631,11554,114702,3.735513559751616,0.19562603503469872
2579,0.3066,1,3,1,204816,471628,11555,114701,3.7354897985046254,0.1956256640896152
2580,0.3067,57,851,57,205667,470777,11612,114644,3.7287495247750604,0.19583171768692959
2581,0.3068,8,20,8,205687,470757,11620,114636,3.728591116461792,0.1958274185034669
2582,0.3069,0,9,0,205696,470748,11620,114636,3.728519832720821,0.19583042925669306
2583,0.307,6,76,6,205772,470672,11626,114630,3.7279178811304017,0.19584761371052892
2584,0.3071,3,22,3,205794,470650,11629,114627,3.7277436319858066,0.19585085352747503
2585,0.3072,0,14,0,205808,470636,11629,114627,3.7276327461665186,0.1958555384502352
2586,0.3073,3,54,3,205862,470582,11632,114624,3.7272050437206943,0.19586948869287055
2587,0.3074,0,5,0,205867,470577,11632,114624,3.727165441642377,0.1958711622160591
2588,0.3075,28,410,28,206277,470167,11660,114596,3.7239180712203774,0.195969991261417
2589,0.3076,1,9,1,206286,470158,11661,114595,3.723846787479407,0.19597163246704163
2590,0.3077,4,31,4,206317,470127,11665,114591,3.723601254593841,0.19597652201574092
2591,0.3078,0,18,0,206335,470109,11665,114591,3.7234586871118998,0.19598255515649052
2592,0.3079,0,13,0,206348,470096,11665,114591,3.723355721708275,0.19598691265583124
2593,0.308,12,87,12,206435,470009,11677,114579,3.722666645545558,0.19599957576960184
2594,0.3081,1,9,1,206444,470000,11678,114578,3.7225953618045877,0.196001217972623
2595,0.3082,4,22,4,206466,469978,11682,114574,3.722421112659992,0.19600309296692167
2596,0.3083,30,420,30,206886,469558,11712,114544,3.7190945380813587,0.19610273548113172
2597,0.3084,0,2,0,206888,469556,11712,114544,3.7190786972500316,0.1961034069508646
2598,0.3085,3,46,3,206934,469510,11715,114541,3.718714358129515,0.19611472285810658
2599,0.3086,0,11,0,206945,469499,11715,114541,3.7186272335572172,0.19611841654681186
2600,0.3087,0,44,0,206989,469455,11715,114541,3.7182787352680267,0.19613319269310064
2601,0.3088,1,27,1,207016,469428,11716,114540,3.7180648840451145,0.19614088443202368
2602,0.3089,1,8,1,207024,469420,11717,114539,3.7180015207198074,0.196142194914369
2603,0.309,13,79,13,207103,469341,11730,114526,3.7173758078823975,0.19615083572114883
2604,0.3091,0,5,0,207108,469336,11730,114526,3.7173362058040804,0.1961525154916744
2605,0.3092,15,129,15,207237,469207,11745,114511,3.7163144721835,0.19617520789148185
2606,0.3093,0,62,0,207299,469145,11745,114511,3.7158234064123685,0.19619604698658114
2607,0.3094,0,13,0,207312,469132,11745,114511,3.7157204410087443,0.19620041703575644
2608,0.3095,2,29,2,207341,469103,11747,114509,3.715490748954505,0.1962074117735756
2609,0.3096,3,12,3,207353,469091,11750,114506,3.715395703966544,0.19620731429393914
2610,0.3097,3,28,3,207381,469063,11753,114503,3.7151739323279687,0.1962125963472855
2611,0.3098,1,29,1,207410,469034,11754,114502,3.7149442402737294,0.19622097008582162
2612,0.3099,0,6,0,207416,469028,11754,114502,3.714896717779749,0.19622298767843985
2613,0.31,322,4782,322,212198,464246,12076,114180,3.6770212900773034,0.19739776566060308
2614,0.3101,1,7,1,212205,464239,12077,114179,3.676965847167659,0.19739876698166378
2615,0.3102,3,24,3,212229,464215,12080,114176,3.6767757571917374,0.19740279499508118
2616,0.3103,4,33,4,212262,464182,12084,114172,3.676514383474845,0.1974085075922359
2617,0.3104,0,14,0,212276,464168,12084,114172,3.676403497655557,0.1974132863021752
2618,0.3105,2,35,2,212311,464133,12086,114170,3.6761262831073376,0.19742245846900328
2619,0.3106,0,5,0,212316,464128,12086,114170,3.6760866810290205,0.19742416539569566
2620,0.3107,3,52,3,212368,464076,12089,114167,3.675674819414523,0.19743775540732875
2621,0.3108,18,157,18,212525,463919,12107,114149,3.674431314155367,0.19746638803739353
2622,0.3109,0,2,0,212527,463917,12107,114149,3.67441547332404,0.19746707123408053
2623,0.311,11,106,11,212633,463811,12118,114138,3.673575909263718,0.19748801364826307
2624,0.3111,2,11,2,212644,463800,12120,114136,3.6734887846914206,0.19748899532128125
2625,0.3112,1,22,1,212666,463778,12121,114135,3.6733145355468255,0.19749512469870031
2626,0.3113,2,51,2,212717,463727,12123,114133,3.672910594347991,0.19750977745474682
2627,0.3114,2,11,2,212728,463716,12125,114131,3.6728234697756936,0.19751075976858926
2628,0.3115,5,37,5,212765,463679,12130,114126,3.6725304143961477,0.19751646316663926
2629,0.3116,0,6,0,212771,463673,12130,114126,3.672482891902167,0.19751851422380448
2630,0.3117,39,449,39,213220,463224,12169,114087,3.668926625269294,0.19761792170944256
2631,0.3118,1,21,1,213241,463203,12170,114086,3.6687602965403623,0.197623720528193
2632,0.3119,1,19,1,213260,463184,12171,114085,3.6686098086427577,0.19762883508381707
2633,0.312,10,99,10,213359,463085,12181,114075,3.6678256874920794,0.19764883221290458
2634,0.3121,0,23,0,213382,463062,12181,114075,3.667643517931821,0.19765670889234271
2635,0.3122,2,18,2,213400,463044,12183,114073,3.6675009504498797,0.1976600931873433
2636,0.3123,6,60,6,213460,462984,12189,114067,3.667025725510075,0.19767230279472697
2637,0.3124,1,6,1,213466,462978,12190,114066,3.6669782030160945,0.19767296774596044
2638,0.3125,36,385,36,213851,462593,12226,114030,3.66392884298568,0.19775485889393937
2639,0.3126,0,15,0,213866,462578,12226,114030,3.6638100367507285,0.19776000332981852
2640,0.3127,4,58,4,213924,462520,12230,114026,3.663350652642251,0.1977743319700423
2641,0.3128,3,15,3,213939,462505,12233,114023,3.6632318464072995,0.19777530319429412
2642,0.3129,0,22,0,213961,462483,12233,114023,3.6630575972627044,0.1977828504820418
2643,0.313,1,61,1,214022,462422,12234,114022,3.6625744519072363,0.19780238843669115
2644,0.3131,2,6,2,214028,462416,12236,114020,3.6625269294132554,0.19780166401820845
2645,0.3132,2,20,2,214048,462396,12238,114018,3.6623685210999875,0.1978057437883188
2646,0.3133,84,841,84,214889,461555,12322,113934,3.6557074515270562,0.19797771981740744
2647,0.3134,0,7,0,214896,461548,12322,113934,3.6556520086174125,0.19798012796229944
2648,0.3135,3,42,3,214938,461506,12325,113931,3.655319351159549,0.19799039686360106
2649,0.3136,1,6,1,214944,461500,12326,113930,3.6552718286655685,0.19799106754948473
2650,0.3137,4,44,4,214988,461456,12330,113926,3.654923330376378,0.19800063262319642
2651,0.3138,3,20,3,215008,461436,12333,113923,3.65476492206311,0.1980033335708662
2652,0.3139,1,16,1,215024,461420,12334,113922,3.6546381954124953,0.1980074460060277
2653,0.314,19,173,19,215197,461247,12353,113903,3.6532679635027248,0.19804051117099886
2654,0.3141,1,4,1,215201,461243,12354,113902,3.653236281840071,0.1980404941362613
2655,0.3142,14,169,14,215370,461074,12368,113888,3.651897731592954,0.19807917740650685
2656,0.3143,5,68,5,215438,461006,12373,113883,3.651359143327842,0.19809563237424963
2657,0.3144,1,9,1,215447,460997,12374,113882,3.651287859586871,0.19809733874432706
2658,0.3145,2,36,2,215483,460961,12376,113880,3.6510027246229884,0.1981069547927166
2659,0.3146,0,12,0,215495,460949,12376,113880,3.650907679635027,0.19811109042863181
2660,0.3147,7,43,7,215538,460906,12383,113873,3.6505671017615002,0.19811614550983944
2661,0.3148,2,26,2,215564,460880,12385,113871,3.650361170954252,0.19812231731654228
2662,0.3149,0,4,0,215568,460876,12385,113871,3.650329489291598,0.19812369616544323
2663,0.315,126,1588,126,217156,459288,12511,113745,3.6377518692180963,0.1984964216720503
2664,0.3151,0,5,0,217161,459283,12511,113745,3.6377122671397797,0.1984981536678836
2665,0.3152,2,20,2,217181,459263,12513,113743,3.6375538588265113,0.19850228444379292
2666,0.3153,1,39,1,217220,459224,12514,113742,3.6372449626156382,0.1985143970148316
2667,0.3154,2,16,2,217236,459208,12516,113740,3.6371182359650236,0.19851714291698375
2668,0.3155,0,37,0,217273,459171,12516,113740,3.636825180585477,0.1985299636418222
2669,0.3156,1,6,1,217279,459165,12517,113739,3.636777658091497,0.19853064387750827
2670,0.3157,12,57,12,217336,459108,12529,113727,3.636326194398682,0.19853360915446858
2671,0.3158,9,156,9,217492,458952,12538,113718,3.6350906095551894,0.19857509560479858
2672,0.3159,0,4,0,217496,458948,12538,113718,3.6350589278925356,0.1985764826268715
2673,0.316,15,167,15,217663,458781,12553,113703,3.6337362184767454,0.1986134110298279
2674,0.3161,0,11,0,217674,458770,12553,113703,3.633649093904448,0.19861722736268786
2675,0.3162,4,32,4,217706,458738,12557,113699,3.633395640603219,0.1986227305362861
2676,0.3163,5,20,5,217726,458718,12562,113694,3.6332372322899507,0.19862267038426867
2677,0.3164,4,13,4,217739,458705,12566,113690,3.633134266886326,0.19862158125070975
2678,0.3165,2,41,2,217780,458664,12568,113688,3.6328095298441263,0.1986330090573633
2679,0.3166,1,1,1,217781,458663,12569,113687,3.632801609428463,0.19863195597099675
2680,0.3167,74,797,74,218578,457866,12643,113613,3.626489038144722,0.19880520544061986
2681,0.3168,5,38,5,218616,457828,12648,113608,3.626188062349512,0.19881141545159914
2682,0.3169,2,5,2,218621,457823,12650,113606,3.626148460271195,0.19881035089223684
2683,0.317,3,66,3,218687,457757,12653,113603,3.62562571283741,0.19882910949313917
2684,0.3171,1,13,1,218700,457744,12654,113602,3.625522747433785,0.1988322312574167
2685,0.3172,1,27,1,218727,457717,12655,113601,3.625308896210873,0.19884022558365044
2686,0.3173,5,39,5,218766,457678,12660,113596,3.625,0.1988467880561692
2687,0.3174,0,12,0,218778,457666,12660,113596,3.624904955012039,0.19885096505631392
2688,0.3175,46,379,46,219157,457287,12706,113550,3.6219031174756053,0.19891843030497322
2689,0.3176,1,10,1,219167,457277,12707,113549,3.621823913318971,0.1989205116795661
2690,0.3177,3,42,3,219209,457235,12710,113546,3.6214912558611076,0.1989309384860393
2691,0.3178,3,16,3,219225,457219,12713,113543,3.621364529210493,0.198932304533238
2692,0.3179,1,12,1,219237,457207,12714,113542,3.621269484222532,0.1989350835481096
2693,0.318,9,123,9,219360,457084,12723,113533,3.620295273095932,0.19896533051065776
2694,0.3181,0,8,0,219368,457076,12723,113533,3.6202319097706246,0.1989681200261475
2695,0.3182,3,21,3,219389,457055,12726,113530,3.620065581041693,0.19897123128017735
2696,0.3183,51,453,51,219842,456602,12777,113479,3.6164776327461667,0.19905767776859778
2697,0.3184,0,4,0,219846,456598,12777,113479,3.616445951083513,0.19905907447590412
2698,0.3185,6,40,6,219886,456558,12783,113473,3.616129134456976,0.19906461227547273
2699,0.3186,1,16,1,219902,456542,12784,113472,3.6160024078063615,0.1990687948015312
2700,0.3187,5,35,5,219937,456507,12789,113467,3.6157251932581422,0.19907399284879662
2701,0.3188,2,20,2,219957,456487,12791,113465,3.615566784944874,0.19907816798607603
2702,0.3189,4,14,4,219971,456473,12795,113461,3.6154558991255863,0.19907743703656916
2703,0.319,4,83,4,220054,456390,12799,113457,3.6147985046255227,0.19910081127039364
2704,0.3191,0,2,0,220056,456388,12799,113457,3.614782663794196,0.1991015100597531
2705,0.3192,13,147,13,220203,456241,12812,113444,3.6136183626916742,0.1991346094771672
2706,0.3193,4,76,4,220279,456165,12816,113440,3.6130164111012544,0.19915555516542166
2707,0.3194,1,7,1,220286,456158,12817,113439,3.6129609681916106,0.19915659668151342
2708,0.3195,3,25,3,220311,456133,12820,113436,3.6127629578000255,0.19916112007500408
2709,0.3196,2,8,2,220319,456125,12822,113434,3.612699594474718,0.19916110534641715
2710,0.3197,4,23,4,220342,456102,12826,113430,3.6125174249144596,0.19916352373527738
2711,0.3198,2,29,2,220371,456073,12828,113428,3.6122877328602203,0.19917085308015262
2712,0.3199,2,13,2,220384,456060,12830,113426,3.612184767456596,0.19917258721022116
2713,0.32,376,4892,376,225276,451168,13206,113050,3.5734380940311747,0.2003658160498247
2714,0.3201,1,6,1,225282,451162,13207,113049,3.5733905715371943,0.20036652954302556
2715,0.3202,1,27,1,225309,451135,13208,113048,3.573176720314282,0.2003747011164817
2716,0.3203,1,34,1,225343,451101,13209,113047,3.572907426181726,0.200385359870105
2717,0.3204,2,5,2,225348,451096,13211,113045,3.572867824103409,0.2003843010878486
2718,0.3205,2,23,2,225371,451073,13213,113043,3.5726856545431502,0.20038963617412023
2719,0.3206,0,8,0,225379,451065,13213,113043,3.572622291217843,0.20039247803612073
2720,0.3207,11,76,11,225455,450989,13224,113032,3.5720203396274237,0.2004038856709236
2721,0.3208,16,139,16,225594,450850,13240,113016,3.570919401850209,0.20043059875927968
2722,0.3209,0,6,0,225600,450844,13240,113016,3.5708718793562286,0.20043273152910296
2723,0.321,11,90,11,225690,450754,13251,113005,3.5701590419465212,0.20044912808487314
2724,0.3211,2,14,2,225704,450740,13253,113003,3.5700481561272337,0.20045126946143899
2725,0.3212,2,36,2,225740,450704,13255,113001,3.5697630211633506,0.20046123415616324
2726,0.3213,5,34,5,225774,450670,13260,112996,3.5694937270307947,0.2004662335496553
2727,0.3214,0,13,0,225787,450657,13260,112996,3.56939076162717,0.2004708570698639
2728,0.3215,2,41,2,225828,450616,13262,112994,3.5690660245849704,0.20048260321853764
2729,0.3216,1,3,1,225831,450613,13263,112993,3.56904226333798,0.20048225178582202
2730,0.3217,43,439,43,226270,450174,13306,112950,3.5655652008617413,0.20057749270142988
2731,0.3218,1,17,1,226287,450157,13307,112949,3.5654305537954634,0.20058212840921602
2732,0.3219,0,7,0,226294,450150,13307,112949,3.565375110885819,0.20058462188709267
2733,0.322,12,112,12,226406,450038,13319,112937,3.564488024331517,0.2006074870109685
2734,0.3221,2,12,2,226418,450026,13321,112935,3.564392979343556,0.20060892317585055
2735,0.3222,0,21,0,226439,450005,13321,112935,3.564226650614624,0.20061640672185313
2736,0.3223,4,44,4,226483,449961,13325,112931,3.563878152325434,0.20062640790773364
2737,0.3224,1,10,1,226493,449951,13326,112930,3.5637989481687997,0.20062855203853033
2738,0.3225,27,473,27,226966,449478,13353,112903,3.560052591560005,0.20075891610847452
2739,0.3226,1,8,1,226974,449470,13354,112902,3.5599892282346977,0.20076035079982646
2740,0.3227,5,49,5,227023,449421,13359,112897,3.5596011278671904,0.20077073826553657
2741,0.3228,2,12,2,227035,449409,13361,112895,3.5595060828792295,0.2007721801730025
2742,0.3229,1,20,1,227055,449389,13362,112894,3.559347674565961,0.2007779000965706
2743,0.323,4,56,4,227111,449333,13366,112890,3.55890413128881,0.20079221234278924
2744,0.3231,0,7,0,227118,449326,13366,112890,3.5588486883791663,0.20079471235254778
2745,0.3232,3,27,3,227145,449299,13369,112887,3.558634837156254,0.20080009107306124
2746,0.3233,67,831,67,227976,448468,13436,112820,3.5520529717399567,0.2010019811576232
2747,0.3234,1,7,1,227983,448461,13437,112819,3.551997528830313,0.20100306442417332
2748,0.3235,1,25,1,228008,448436,13438,112818,3.551799518438728,0.20101059413385028
2749,0.3236,1,14,1,228022,448422,13439,112817,3.55168863261944,0.2010141846878068
2750,0.3237,2,33,2,228055,448389,13441,112815,3.5514272589025473,0.20102315735454487
2751,0.3238,3,24,3,228079,448365,13444,112812,3.551237168926625,0.2010274833074057
2752,0.3239,0,7,0,228086,448358,13444,112812,3.5511817260169813,0.2010299909118449
2753,0.324,14,180,14,228266,448178,13458,112798,3.549756051197567,0.20107455577422206
2754,0.3241,1,2,1,228268,448176,13459,112797,3.54974021036624,0.20107384847399074
2755,0.3242,12,129,12,228397,448047,13471,112785,3.5487184767456594,0.20110300410818213
2756,0.3243,2,61,2,228458,447986,13473,112783,3.5482353313901913,0.20112203064006748
2757,0.3244,1,5,1,228463,447981,13474,112782,3.548195729311874,0.20112239930237907
2758,0.3245,4,37,4,228500,447944,13478,112778,3.547902673932328,0.20112997171503882
2759,0.3246,0,6,0,228506,447938,13478,112778,3.5478551514383474,0.20113212392726443
2760,0.3247,2,36,2,228542,447902,13480,112776,3.547570016474465,0.20114218856455934
2761,0.3248,3,21,3,228563,447881,13483,112773,3.547403687745533,0.20114544799466338
2762,0.3249,1,4,1,228567,447877,13484,112772,3.5473720060828793,0.20114545821003874
2763,0.325,157,1621,157,230188,446256,13641,112615,3.534533012292485,0.20150446167362415
2764,0.3251,0,8,0,230196,446248,13641,112615,3.534469648967178,0.20150734616533927
2765,0.3252,2,26,2,230222,446222,13643,112613,3.534263718159929,0.2015138636627985
2766,0.3253,4,41,4,230263,446181,13647,112609,3.533938981117729,0.20152293348127204
2767,0.3254,0,7,0,230270,446174,13647,112609,3.533883538208085,0.20152545800427
2768,0.3255,1,21,1,230291,446153,13648,112608,3.5337172094791534,0.20153160295725722
2769,0.3256,2,4,2,230295,446149,13650,112606,3.5336855278165,0.20153018764932754
2770,0.3257,7,63,7,230358,446086,13657,112599,3.533186541629705,0.2015429087947591
2771,0.3258,21,161,21,230519,445925,13678,112578,3.531911354707895,0.20157098529461792
2772,0.3259,0,4,0,230523,445921,13678,112578,3.5318796730452413,0.20157242895690056
2773,0.326,9,170,9,230693,445751,13687,112569,3.530533202382461,0.20162093423126523
2774,0.3261,1,6,1,230699,445745,13688,112568,3.5304856798884807,0.2016216709981677
2775,0.3262,5,24,5,230723,445721,13693,112563,3.5302955899125585,0.2016231881981214
2776,0.3263,1,30,1,230753,445691,13694,112562,3.5300579774426564,0.2016325931074262
2777,0.3264,0,10,0,230763,445681,13694,112562,3.529978773286022,0.2016362050218274
2778,0.3265,4,36,4,230799,445645,13698,112558,3.529693638322139,0.20164348812170482
2779,0.3266,0,6,0,230805,445639,13698,112558,3.5296461158281587,0.2016456555660457
2780,0.3267,78,886,78,231691,444753,13776,112480,3.522628627550374,0.20185452046092028
2781,0.3268,6,30,6,231721,444723,13782,112474,3.5223910150804714,0.20185679391669373
2782,0.3269,1,5,1,231726,444718,13783,112473,3.5223514130021543,0.20185717285455076
2783,0.327,3,57,3,231783,444661,13786,112470,3.52189994930934,0.20187352705198597
2784,0.3271,2,24,2,231807,444637,13788,112468,3.5217098593334177,0.20187935846922933
2785,0.3272,2,13,2,231820,444624,13790,112466,3.5216068939297935,0.2018812041142365
2786,0.3273,5,69,5,231889,444555,13795,112461,3.521060385249018,0.20189904778318757
2787,0.3274,1,15,1,231904,444540,13796,112460,3.5209415790140666,0.20190305206463197
2788,0.3275,49,439,49,232343,444101,13845,112411,3.517464516537828,0.2019920504858835
2789,0.3276,3,11,3,232354,444090,13848,112408,3.5173773919655305,0.201991741210211
2790,0.3277,9,39,9,232393,444051,13857,112399,3.5170684957546574,0.2019929912840327
2791,0.3278,1,17,1,232410,444034,13858,112398,3.516933848688379,0.20199772838370186
2792,0.3279,2,13,2,232423,444021,13860,112396,3.516830883284755,0.20199957945210156
2793,0.328,8,97,8,232520,443924,13868,112388,3.5160626029654036,0.20202332504062467
2794,0.3281,0,10,0,232530,443914,13868,112388,3.5159833988087694,0.2020269565811376
2795,0.3282,3,19,3,232549,443895,13871,112385,3.515832910911165,0.20202955346228518
2796,0.3283,49,457,49,233006,443438,13920,112336,3.5122132809529845,0.2021253243224764
2797,0.3284,0,2,0,233008,443436,13920,112336,3.512197440121658,0.2021260516902615
2798,0.3285,5,38,5,233046,443398,13925,112331,3.5118964643264476,0.20213269417287924
2799,0.3286,0,20,0,233066,443378,13925,112331,3.5117380560131797,0.20213996894057862
2800,0.3287,4,38,4,233104,443340,13929,112327,3.51143708021797,0.20214804910135026
2801,0.3288,3,28,3,233132,443312,13932,112324,3.5112153085793945,0.2021539281112095
2802,0.3289,1,6,1,233138,443306,13933,112323,3.5111677860854136,0.2021546751519449
2803,0.329,6,113,6,233251,443193,13939,112317,3.5102727791154478,0.20218717934870659
2804,0.3291,3,5,3,233256,443188,13942,112314,3.510233177037131,0.20218469060417424
2805,0.3292,16,145,16,233401,443043,13958,112298,3.509084716765936,0.20221449523806093
2806,0.3293,6,69,6,233470,442974,13964,112292,3.5085382080851604,0.20223100279865866
2807,0.3294,0,7,0,233477,442967,13964,112292,3.5084827651755166,0.20223355227020184
2808,0.3295,3,42,3,233519,442925,13967,112289,3.508150107717653,0.20224453994315705
2809,0.3296,0,8,0,233527,442917,13967,112289,3.5080867443923456,0.20224745409811853
2810,0.3297,4,24,4,233551,442893,13971,112285,3.507896654416424,0.20225044940541592
2811,0.3298,4,33,4,233584,442860,13975,112281,3.5076352806995312,0.2022567239674245
2812,0.3299,0,10,0,233594,442850,13975,112281,3.507556076542897,0.20226036737274625
2813,0.33,399,4914,399,238508,437936,14374,111882,3.4686351539728806,0.2034891545929744
2814,0.3301,0,6,0,238514,437930,14374,111882,3.4685876314789,0.20349137523371624
2815,0.3302,5,21,5,238535,437909,14379,111877,3.4684213027499684,0.20349190412269502
2816,0.3303,6,21,6,238556,437888,14385,111871,3.4682549740210367,0.20349098423127224
2817,0.3304,3,22,3,238578,437866,14388,111868,3.4680807248764416,0.20349478111231978
2818,0.3305,3,21,3,238599,437845,14391,111865,3.46791439614751,0.2034982081461134
2819,0.3306,0,2,0,238601,437843,14391,111865,3.467898555316183,0.20349894853267553
2820,0.3307,10,75,10,238676,437768,14401,111855,3.467304524141427,0.2035122256528566
2821,0.3308,17,166,17,238842,437602,14418,111838,3.4659897351413003,0.20354906814210832
2822,0.3309,1,6,1,238848,437596,14419,111837,3.46594221264732,0.20354984138193374
2823,0.331,7,85,7,238933,437511,14426,111830,3.4652689773159295,0.20357118802346813
2824,0.3311,0,8,0,238941,437503,14426,111830,3.4652056139906224,0.20357415265421885
2825,0.3312,10,36,10,238977,437467,14436,111820,3.4649204790267394,0.2035729955378518
2826,0.3313,6,48,6,239025,437419,14442,111814,3.4645402990748955,0.20358208629124616
2827,0.3314,0,9,0,239034,437410,14442,111814,3.4644690153339246,0.20358542234133978
2828,0.3315,2,37,2,239071,437373,14444,111812,3.464175959954378,0.20359623806185528
2829,0.3316,0,4,0,239075,437369,14444,111812,3.464144278291725,0.20359772096995343
2830,0.3317,53,465,53,239540,436904,14497,111759,3.460461285008237,0.20369334181455648
2831,0.3318,1,21,1,239561,436883,14498,111758,3.4602949562793057,0.20369968704489821
2832,0.3319,1,5,1,239566,436878,14499,111757,3.4602553542009886,0.20370009204662481
2833,0.332,14,118,14,239684,436760,14513,111743,3.4593207451527057,0.20372358947900013
2834,0.3321,1,19,1,239703,436741,14514,111742,3.4591702572551006,0.20372919488844687
2835,0.3322,3,17,3,239720,436724,14517,111739,3.4590356101888227,0.20373115415260465
2836,0.3323,3,55,3,239775,436669,14520,111736,3.458599987327335,0.20374723060511848
2837,0.3324,1,9,1,239784,436660,14521,111735,3.458528703586364,0.2037491224391178
2838,0.3325,40,425,40,240209,436235,14561,111695,3.455162526929413,0.20384903181063274
2839,0.3326,0,12,0,240221,436223,14561,111695,3.455067481941452,0.2038534963260926
2840,0.3327,4,55,4,240276,436168,14565,111691,3.4546318590799645,0.20386814855647165
2841,0.3328,1,16,1,240292,436152,14566,111690,3.45450513242935,0.20387264941351704
2842,0.3329,1,23,1,240315,436129,14567,111689,3.4543229628690915,0.20387975568528233
2843,0.333,8,65,8,240380,436064,14575,111681,3.4538081358509696,0.20389232215720818
2844,0.3331,1,10,1,240390,436054,14576,111680,3.4537289316943354,0.20389459117016653
2845,0.3332,4,30,4,240420,436024,14580,111676,3.4534913192244328,0.2038999452254884
2846,0.3333,73,854,73,241274,435170,14653,111603,3.4467272842478773,0.20411212697042466
2847,0.3334,0,6,0,241280,435164,14653,111603,3.446679761753897,0.20411436681438347
2848,0.3335,7,35,7,241315,435129,14660,111596,3.446402547205677,0.20411724358681238
2849,0.3336,1,14,1,241329,435115,14661,111595,3.4462916613863896,0.2041210147976075
2850,0.3337,3,29,3,241358,435086,14664,111592,3.4460619693321504,0.20412747540599768
2851,0.3338,6,35,6,241393,435051,14670,111586,3.445784754783931,0.20413180959210592
2852,0.3339,0,7,0,241400,435044,14670,111586,3.4457293118742873,0.2041344236503668
2853,0.334,13,181,13,241581,434863,14683,111573,3.444295716639209,0.20418310653031646
2854,0.3341,2,9,2,241590,434854,14685,111571,3.4442244328982383,0.20418355675527292
2855,0.3342,15,154,15,241744,434700,14700,111556,3.443004688886073,0.20421926715679095
2856,0.3343,11,61,11,241805,434639,14711,111545,3.4425215435306047,0.20422604836465366
2857,0.3344,0,5,0,241810,434634,14711,111545,3.4424819414522876,0.2042279179536379
2858,0.3345,1,31,1,241841,434603,14712,111544,3.4422364085667216,0.2042380531248913
2859,0.3346,1,12,1,241853,434591,14713,111543,3.4421413635787608,0.2042410836900834
2860,0.3347,9,39,9,241892,434552,14722,111534,3.4418324673678873,0.2042425552019279
2861,0.3348,3,23,3,241915,434529,14725,111531,3.441650297807629,0.2042467860674651
2862,0.3349,2,10,2,241925,434519,14727,111529,3.4415710936509947,0.2042476119315518
2863,0.335,159,1632,159,243557,432887,14886,111370,3.4286449752883033,0.20462759321423518
2864,0.3351,0,6,0,243563,432881,14886,111370,3.428597452794323,0.20462984909536225
2865,0.3352,1,28,1,243591,432853,14887,111369,3.428375681155747,0.2046389157365928
2866,0.3353,4,46,4,243637,432807,14891,111365,3.42801134203523,0.20465036789838506
2867,0.3354,2,10,2,243647,432797,14893,111363,3.427932137878596,0.20465120552778596
2868,0.3355,2,30,2,243677,432767,14895,111361,3.4276945254086932,0.20465956539637734
2869,0.3356,0,11,0,243688,432756,14895,111361,3.4276074008363957,0.2046637028433223
2870,0.3357,6,76,6,243764,432680,14901,111355,3.4270054492459763,0.20468352219985847
2871,0.3358,12,141,12,243905,432539,14913,111343,3.425888670637435,0.20471903832081223
2872,0.3359,0,1,0,243906,432538,14913,111343,3.4258807502217716,0.20471941472491226
2873,0.336,22,163,22,244069,432375,14935,111321,3.4245897224686352,0.20474860951708307
2874,0.3361,0,7,0,244076,432368,14935,111321,3.424534279558991,0.20475124565698405
2875,0.3362,6,29,6,244105,432339,14941,111315,3.424304587504752,0.2047533909435045
2876,0.3363,3,22,3,244127,432317,14944,111312,3.424130338360157,0.2047572885184565
2877,0.3364,0,9,0,244136,432308,14944,111312,3.4240590546191862,0.20476067841506934
2878,0.3365,5,36,5,244172,432272,14949,111307,3.4237739196553036,0.20476692440289268
2879,0.3366,0,7,0,244179,432265,14949,111307,3.4237184767456594,0.20476956134605903
2880,0.3367,73,858,73,245037,431407,15022,111234,3.4169227601064502,0.20498635377717497
2881,0.3368,3,19,3,245056,431388,15025,111231,3.4167722722088456,0.2049891360236188
2882,0.3369,1,1,1,245057,431387,15026,111230,3.4167643517931823,0.20498804866047324
2883,0.337,3,62,3,245119,431325,15029,111227,3.4162732860220504,0.20500707766260193
2884,0.3371,4,22,4,245141,431303,15033,111223,3.4160990368774553,0.20500952949720383
2885,0.3372,3,15,3,245156,431288,15036,111220,3.415980230642504,0.20501080168403046
2886,0.3373,3,44,3,245200,431244,15039,111217,3.415631732353314,0.2050230339139588
2887,0.3374,2,9,2,245209,431235,15041,111215,3.415560448612343,0.2050235044704581
2888,0.3375,50,453,50,245662,430782,15091,111165,3.4119725003168164,0.20512153402454483
2889,0.3376,4,13,4,245675,430769,15095,111161,3.4118695349131922,0.20512058752975476
2890,0.3377,5,49,5,245724,430720,15100,111156,3.411481434545685,0.2051318013715315
2891,0.3378,2,24,2,245748,430696,15102,111154,3.4112913445697632,0.2051379533081111
2892,0.3379,3,19,3,245767,430677,15105,111151,3.411140856672158,0.20514074577172092
2893,0.338,8,105,8,245872,430572,15113,111143,3.4103092130275,0.20516876955594732
2894,0.3381,0,13,0,245885,430559,15113,111143,3.4102062476238753,0.20517369328523802
2895,0.3382,5,21,5,245906,430538,15118,111138,3.4100399188949435,0.20517431084264395
2896,0.3383,41,458,41,246364,430080,15159,111097,3.4064123685211,0.20528773395765157
2897,0.3384,0,3,0,246367,430077,15159,111097,3.40638860727411,0.20528887197093726
2898,0.3385,5,45,5,246412,430032,15164,111092,3.406032188569256,0.20529860069041478
2899,0.3386,3,18,3,246430,430014,15167,111089,3.4058896210873146,0.20530102401945655
2900,0.3387,2,33,2,246463,429981,15169,111087,3.405628247370422,0.2053106079088026
2901,0.3388,0,24,0,246487,429957,15169,111087,3.4054381573945,0.20531971521724665
2902,0.3389,0,10,0,246497,429947,15169,111087,3.405358953237866,0.20532351016756803
2903,0.339,10,115,10,246612,429832,15179,111077,3.404448105436573,0.20535247148781033
2904,0.3391,1,6,1,246618,429826,15180,111076,3.4044005829425927,0.20535328026148914
2905,0.3392,18,178,18,246796,429648,15198,111058,3.402990748954505,0.20539442876535494
2906,0.3393,1,74,1,246870,429574,15199,111057,3.4024046381954123,0.2054210727834697
2907,0.3394,1,9,1,246879,429565,15200,111056,3.402333354454442,0.20542302278305874
2908,0.3395,2,37,2,246916,429528,15202,111054,3.4020402990748955,0.20543414320121647
2909,0.3396,1,15,1,246931,429513,15203,111053,3.401921492839944,0.20543837385259153
2910,0.3397,3,28,3,246959,429485,15206,111050,3.4016997212013687,0.20544460580720952
2911,0.3398,2,20,2,246979,429465,15208,111048,3.4015413128881002,0.20544926764018626
2912,0.3399,0,2,0,246981,429463,15208,111048,3.4015254720567736,0.20545002784402167
2913,0.34,417,5041,417,252022,424422,15625,110631,3.3615986566975034,0.20676643248425858
2914,0.3401,0,8,0,252030,424414,15625,110631,3.3615352933721963,0.20676952405872404
2915,0.3402,4,28,4,252058,424386,15629,110627,3.3613135217336207,0.20677441482730327
2916,0.3403,0,48,0,252106,424338,15629,110627,3.360933341781777,0.20679296776424627
2917,0.3404,1,8,1,252114,424330,15630,110626,3.3608699784564693,0.20679457749796246
2918,0.3405,3,32,3,252146,424298,15633,110623,3.36061652515524,0.20680249980838292
2919,0.3406,1,9,1,252155,424289,15634,110622,3.3605452414142696,0.20680449644894197
2920,0.3407,9,61,9,252216,424228,15643,110613,3.360062096058801,0.20681473559431682
2921,0.3408,17,171,17,252387,424057,15660,110596,3.3587077049803575,0.20685566152252022
2922,0.3409,3,9,3,252396,424048,15663,110593,3.3586364212393867,0.20685469314923471
2923,0.341,16,83,16,252479,423965,15679,110577,3.3579790267393235,0.20686307156406794
2924,0.3411,2,11,2,252490,423954,15681,110575,3.357891902167026,0.20686436096077107
2925,0.3412,5,27,5,252517,423927,15686,110570,3.3576780509441138,0.20686739121080194
2926,0.3413,5,53,5,252570,423874,15691,110565,3.3572582689139527,0.20688048589268374
2927,0.3414,1,9,1,252579,423865,15692,110564,3.357186985172982,0.2068824857932485
2928,0.3415,2,48,2,252627,423817,15694,110562,3.356806805221138,0.20689810041187995
2929,0.3416,0,3,0,252630,423814,15694,110562,3.356783043974148,0.20689926194290162
2930,0.3417,49,470,49,253100,423344,15743,110513,3.353060448612343,0.20700861841279594
2931,0.3418,3,27,3,253127,423317,15746,110510,3.352846597389431,0.20701463208117984
2932,0.3419,0,8,0,253135,423309,15746,110510,3.3527832340641237,0.2070177344755432
2933,0.342,8,119,8,253254,423190,15754,110502,3.3518407046001775,0.2070520075249395
2934,0.3421,4,19,4,253273,423171,15758,110498,3.3516902167025724,0.2070534357438787
2935,0.3422,3,16,3,253289,423155,15761,110495,3.3515634900519577,0.2070551859833224
2936,0.3423,5,51,5,253340,423104,15766,110490,3.351159548853124,0.20706754573702102
2937,0.3424,2,6,2,253346,423098,15768,110488,3.3511120263591434,0.20706690205515138
2938,0.3425,29,419,29,253765,422679,15797,110459,3.347793372196173,0.20718650705821007
2939,0.3426,0,9,0,253774,422670,15797,110459,3.347722088455202,0.2071900046705394
2940,0.3427,8,63,8,253837,422607,15805,110451,3.347223102268407,0.20720259333881116
2941,0.3428,6,15,6,253852,422592,15811,110445,3.347104296033456,0.207199500222311
2942,0.3429,2,25,2,253877,422567,15813,110443,3.3469062856418703,0.20720624378529484
2943,0.343,2,67,2,253944,422500,15815,110441,3.3463756177924218,0.20722931806710312
2944,0.3431,0,4,0,253948,422496,15815,110441,3.346343936129768,0.2072308734428272
2945,0.3432,6,17,6,253965,422479,15821,110435,3.34620928906349,0.20722855845408453
2946,0.3433,83,819,83,254784,421660,15904,110352,3.339722468635154,0.20742389269414976
2947,0.3434,3,12,3,254796,421648,15907,110349,3.339627423647193,0.20742410201561287
2948,0.3435,2,39,2,254835,421609,15909,110347,3.33931852743632,0.20743632932047013
2949,0.3436,4,15,4,254850,421594,15913,110343,3.3391997212013687,0.2074362189507404
2950,0.3437,4,47,4,254897,421547,15917,110339,3.338827461665188,0.20744858860733315
2951,0.3438,5,50,5,254947,421497,15922,110334,3.3384314408820175,0.20746064069224998
2952,0.3439,0,3,0,254950,421494,15922,110334,3.338407679635027,0.20746181096143865
2953,0.344,25,190,25,255140,421304,15947,110309,3.3369028006589785,0.20749868795533594
2954,0.3441,0,2,0,255142,421302,15947,110309,3.336886959827652,0.2074994685963985
2955,0.3442,12,157,12,255299,421145,15959,110297,3.335643454568496,0.20754287391662685
2956,0.3443,7,80,7,255379,421065,15966,110290,3.3350098213154227,0.2075636815311797
2957,0.3444,1,3,1,255382,421062,15967,110289,3.3349860600684322,0.20756336207139914
2958,0.3445,1,27,1,255409,421035,15968,110288,3.33477220884552,0.2075724182841699
2959,0.3446,2,15,2,255424,421020,15970,110286,3.334653402610569,0.2075752955923705
2960,0.3447,4,49,4,255473,420971,15974,110282,3.3342653022430615,0.20758847479449527
2961,0.3448,0,28,0,255501,420943,15974,110282,3.334043530604486,0.20759941644312674
2962,0.3449,1,6,1,255507,420937,15975,110281,3.3339960081105056,0.20760026956917876
2963,0.345,160,1666,160,257173,419271,16135,110121,3.3208005956152578,0.20801409919303654
2964,0.3451,1,2,1,257175,419269,16136,110120,3.320784754783931,0.2080133890201723
2965,0.3452,5,24,5,257199,419245,16141,110115,3.320594664808009,0.20801533927761826
2966,0.3453,3,48,3,257247,419197,16144,110112,3.3202144848561654,0.2080297142123032
2967,0.3454,0,7,0,257254,419190,16144,110112,3.3201590419465212,0.20803246539782583
2968,0.3455,5,31,5,257285,419159,16149,110107,3.3199135090609557,0.2080371684559371
2969,0.3456,0,9,0,257294,419150,16149,110107,3.319842225319985,0.20804070612197856
2970,0.3457,4,83,4,257377,419067,16153,110103,3.319184830819921,0.20806735075684563
2971,0.3458,20,151,20,257528,418916,16173,110083,3.3179888480547457,0.2080968016952773
2972,0.3459,0,10,0,257538,418906,16173,110083,3.317909643898112,0.20810073555404743
2973,0.346,12,185,12,257723,418721,16185,110071,3.31644436700038,0.20815556967578935
2974,0.3461,2,8,2,257731,418713,16187,110069,3.316381003675073,0.20815572390890763
2975,0.3462,1,31,1,257762,418682,16188,110068,3.316135470789507,0.20816643026004727
2976,0.3463,3,35,3,257797,418647,16191,110065,3.3158582562412877,0.20817571759294284
2977,0.3464,3,7,3,257804,418640,16194,110062,3.3158028133316435,0.20817398080582256
2978,0.3465,4,44,4,257848,418596,16198,110058,3.3154543150424534,0.20818531591551373
2979,0.3466,0,2,0,257850,418594,16198,110058,3.3154384742111267,0.20818610352367908
2980,0.3467,88,869,88,258719,417725,16286,109970,3.30855563299962,0.2083968959342044
2981,0.3468,0,23,0,258742,417702,16286,109970,3.308373463439361,0.2084059794720963
2982,0.3469,2,8,2,258750,417694,16288,109968,3.308310100114054,0.20840613877823302
2983,0.347,7,76,7,258826,417618,16295,109961,3.3077081485236346,0.20842565757924406
2984,0.3471,2,30,2,258856,417588,16297,109959,3.307470536053732,0.208434509152739
2985,0.3472,1,28,1,258884,417560,16298,109958,3.3072487644151565,0.20844407205062196
2986,0.3473,5,57,5,258941,417503,16303,109953,3.306797300722342,0.2084590942182855
2987,0.3474,0,7,0,258948,417496,16303,109953,3.306741857812698,0.20846186076758133
2988,0.3475,36,406,36,259354,417090,16339,109917,3.303526169053352,0.20856838713717274
2989,0.3476,1,10,1,259364,417080,16340,109916,3.3034469648967177,0.20857084304245194
2990,0.3477,1,42,1,259406,417038,16341,109915,3.3031143074388543,0.20858596497220816
2991,0.3478,2,16,2,259422,417022,16343,109913,3.3029875807882396,0.20858929469479157
2992,0.3479,4,17,4,259439,417005,16347,109909,3.3028529337219616,0.20859001658714704
2993,0.348,6,115,6,259554,416890,16353,109903,3.301942085920669,0.20862653831770733
2994,0.3481,1,9,1,259563,416881,16354,109902,3.3018708021796983,0.20862860039143252
2995,0.3482,3,26,3,259589,416855,16357,109899,3.3016648713724495,0.20863439100604836
2996,0.3483,47,443,47,260032,416412,16404,109852,3.298156127233557,0.20873933995105118
2997,0.3484,0,2,0,260034,416410,16404,109852,3.2981402864022304,0.2087401332416173
2998,0.3485,3,39,3,260073,416371,16407,109849,3.2978313901913574,0.20875109269887118
2999,0.3486,4,22,4,260095,416349,16411,109845,3.2976571410467623,0.20875380563062293
3000,0.3487,4,51,4,260146,416298,16415,109841,3.297253199847928,0.20876802517965784
3001,0.3488,3,24,3,260170,416274,16418,109838,3.2970631098720062,0.20877303691989538
3002,0.3489,1,9,1,260179,416265,16419,109837,3.2969918261310354,0.20877510444742656
3003,0.349,7,96,7,260275,416169,16426,109830,3.2962314662273475,0.20880267833208807
3004,0.3491,0,7,0,260282,416162,16426,109830,3.2961760233177038,0.2088054571172185
3005,0.3492,16,143,16,260425,416019,16442,109814,3.2950434038778353,0.2088381672508192
3006,0.3493,3,68,3,260493,415951,16445,109811,3.2945048156127235,0.2088606631898083
3007,0.3494,1,6,1,260499,415945,16446,109810,3.294457293118743,0.20886154197297221
3008,0.3495,3,22,3,260521,415923,16449,109807,3.294283043974148,0.20886576759933806
3009,0.3496,1,16,1,260537,415907,16450,109806,3.2941563173235333,0.20887061952053687
3010,0.3497,5,31,5,260568,415876,16455,109801,3.2939107844379674,0.20887541208765079
3011,0.3498,7,25,7,260593,415851,16462,109794,3.293712774046382,0.2088748109465514
3012,0.3499,1,4,1,260597,415847,16463,109793,3.293681092383728,0.2088748953656495
3013,0.35,409,4979,409,265576,410868,16872,109384,3.2542453427955897,0.21025195482189402
3014,0.3501,0,10,0,265586,410858,16872,109384,3.254166138638956,0.2102559962479
3015,0.3502,4,33,4,265619,410825,16876,109380,3.253904764922063,0.21026326159879277
3016,0.3503,4,20,4,265639,410805,16880,109376,3.253746356608795,0.21026527304918866
3017,0.3504,5,13,5,265652,410792,16885,109371,3.2536433912051703,0.2102629368101922
3018,0.3505,9,45,9,265697,410747,16894,109362,3.253286972500317,0.21026746316637474
3019,0.3506,0,5,0,265702,410742,16894,109362,3.2532473704219997,0.21026948456462555
3020,0.3507,3,81,3,265783,410661,16897,109359,3.252605816753263,0.2102976808584285
3021,0.3508,14,168,14,265951,410493,16911,109345,3.2512751869218097,0.21034437651729962
3022,0.3509,0,3,0,265954,410490,16911,109345,3.2512514256748193,0.21034559042773188
3023,0.351,13,103,13,266057,410387,16924,109332,3.2504356228614877,0.21036752552821814
3024,0.3511,1,14,1,266071,410373,16925,109331,3.2503247370422,0.2103716731062297
3025,0.3512,1,32,1,266103,410341,16926,109330,3.250071283740971,0.210383107773957
3026,0.3513,6,54,6,266157,410287,16932,109324,3.2496435812951465,0.2103958538214164
3027,0.3514,4,13,4,266170,410274,16936,109320,3.249540615891522,0.21039503920368596
3028,0.3515,2,34,2,266204,410240,16938,109318,3.249271321758966,0.21040576797970584
3029,0.3516,0,7,0,266211,410233,16938,109318,3.249215878849322,0.21040860281281337
3030,0.3517,42,447,42,266658,409786,16980,109276,3.245675453047776,0.21052591019955227
3031,0.3518,5,33,5,266691,409753,16985,109271,3.2454140793308834,0.21053169024939117
3032,0.3519,1,2,1,266693,409751,16986,109270,3.2453982384995563,0.2105309804420245
3033,0.352,7,108,7,266801,409643,16993,109263,3.2445428336079076,0.21056414841994503
3034,0.3521,0,12,0,266813,409631,16993,109263,3.2444477886199468,0.21056901794971614
3035,0.3522,2,24,2,266837,409607,16995,109261,3.244257698644025,0.21057571482535056
3036,0.3523,3,65,3,266902,409542,16998,109258,3.243742871625903,0.21059753276792598
3037,0.3524,1,18,1,266920,409524,16999,109257,3.2436003041439614,0.21060331816315556
3038,0.3525,53,428,53,267348,409096,17052,109204,3.2402103662400203,0.21069650781400734
3039,0.3526,1,15,1,267363,409081,17053,109203,3.240091560005069,0.2107010828040225
3040,0.3527,7,60,7,267423,409021,17060,109196,3.2396163350652643,0.2107148163800107
3041,0.3528,2,20,2,267443,409001,17062,109194,3.239457926751996,0.2107199027393163
3042,0.3529,2,18,2,267461,408983,17064,109192,3.2393153592700545,0.21072417619530082
3043,0.353,4,43,4,267504,408940,17068,109188,3.2389747813965277,0.21073557113300187
3044,0.3531,2,5,2,267509,408935,17070,109186,3.2389351793182106,0.21073455814375405
3045,0.3532,4,12,4,267521,408923,17074,109182,3.2388401343302498,0.21073334555736772
3046,0.3533,83,901,83,268422,408022,17157,109099,3.2317038398175137,0.2109738339769609
3047,0.3534,2,7,2,268429,408015,17159,109097,3.2316483969078695,0.2109736382060366
3048,0.3535,1,34,1,268463,407981,17160,109096,3.2313791027753136,0.2109859846792644
3049,0.3536,1,7,1,268470,407974,17161,109095,3.23132365986567,0.21098731503919207
3050,0.3537,3,26,3,268496,407948,17164,109092,3.231117729058421,0.2109933467429986
3051,0.3538,2,36,2,268532,407912,17166,109090,3.230832594094538,0.21100498644105825
3052,0.3539,1,5,1,268537,407907,17167,109089,3.230792992016221,0.211005501009679
3053,0.354,22,205,22,268742,407702,17189,109067,3.229169306805221,0.21105561672623552
3054,0.3541,0,5,0,268747,407697,17189,109067,3.229129704726904,0.21105765881524255
3055,0.3542,26,163,26,268910,407534,17215,109041,3.2278386769737675,0.21108454725838455
3056,0.3543,3,63,3,268973,407471,17218,109038,3.2273396907869727,0.2111057116139312
3057,0.3544,2,4,2,268977,407467,17220,109036,3.227308009124319,0.21110429174661136
3058,0.3545,1,33,1,269010,407434,17221,109035,3.2270466354074263,0.2111162528631922
3059,0.3546,1,15,1,269025,407419,17222,109034,3.226927829172475,0.21112085707702347
3060,0.3547,3,34,3,269059,407385,17225,109031,3.226658535039919,0.21113017412318752
3061,0.3548,7,28,7,269087,407357,17232,109024,3.226436763401343,0.21113092851983323
3062,0.3549,1,8,1,269095,407349,17233,109023,3.226373400076036,0.21113267179475262
3063,0.355,175,1719,175,270814,405630,17408,108848,3.212758205550627,0.21156978529694176
3064,0.3551,2,1,2,270815,405629,17410,108846,3.212750285134964,0.21156713154186307
3065,0.3552,5,27,5,270842,405602,17415,108841,3.2125364339120517,0.21157057244437188
3066,0.3553,0,34,0,270876,405568,17415,108841,3.2122671397794957,0.21158455625776376
3067,0.3554,2,14,2,270890,405554,17417,108839,3.2121562539602078,0.21158724943768675
3068,0.3555,4,35,4,270925,405519,17421,108835,3.2118790394119885,0.21159551592871836
3069,0.3556,1,13,1,270938,405506,17422,108834,3.211776074008364,0.2115993311817086
3070,0.3557,5,53,5,270991,405453,17427,108829,3.211356291978203,0.21161347276396997
3071,0.3558,21,157,21,271148,405296,17448,108808,3.210112786719047,0.21164589265985093
3072,0.3559,0,2,0,271150,405294,17448,108808,3.21009694588772,0.21164671602133428
3073,0.356,18,172,18,271322,405122,17466,108790,3.208734634393613,0.21168993913354817
3074,0.3561,0,15,0,271337,405107,17466,108790,3.2086158281586616,0.2116961180937036
3075,0.3562,6,43,6,271380,405064,17472,108784,3.208275250285135,0.21170462860612477
3076,0.3563,4,32,4,271412,405032,17476,108780,3.2080217969839055,0.21171167664437576
3077,0.3564,0,8,0,271420,405024,17476,108780,3.2079584336585985,0.21171497302473316
3078,0.3565,2,27,2,271447,404997,17478,108778,3.2077445824356863,0.21172303050946426
3079,0.3566,0,6,0,271453,404991,17478,108778,3.207697059941706,0.21172550309574925
3080,0.3567,97,925,97,272378,404066,17575,108681,3.2003706754530477,0.21195833422721147
3081,0.3568,2,37,2,272415,404029,17577,108679,3.2000776200735013,0.211970556340061
3082,0.3569,1,12,1,272427,404017,17578,108678,3.1999825750855404,0.21197398063175962
3083,0.357,4,74,4,272501,403943,17582,108674,3.1993964643264476,0.21199843157757156
3084,0.3571,1,27,1,272528,403916,17583,108673,3.1991826131035355,0.21200806103915612
3085,0.3572,0,17,0,272545,403899,17583,108673,3.1990479660372575,0.21201509251383222
3086,0.3573,14,61,14,272606,403838,17597,108659,3.1985648206817894,0.21201880206128035
3087,0.3574,1,4,1,272610,403834,17598,108658,3.1985331390191356,0.2120189193197162
3088,0.3575,43,453,43,273063,403381,17641,108615,3.194945190723609,0.21214032922132203
3089,0.3576,1,21,1,273084,403360,17642,108614,3.1947788619946773,0.21214749186482126
3090,0.3577,5,48,5,273132,403312,17647,108609,3.1943986820428334,0.2121596887019677
3091,0.3578,1,23,1,273155,403289,17648,108608,3.194216512482575,0.21216768217043663
3092,0.3579,2,14,2,273169,403275,17650,108606,3.1941056266632875,0.21217040679376653
3093,0.358,12,128,12,273297,403147,17662,108594,3.1930918134583703,0.2122050021397543
3094,0.3581,3,11,3,273308,403136,17665,108591,3.193004688886073,0.21220494521492905
3095,0.3582,1,23,1,273331,403113,17666,108590,3.1928225193258144,0.21221294383656145
3096,0.3583,53,464,53,273795,402649,17719,108537,3.1891474464579903,0.2123238899343879
3097,0.3584,3,13,3,273808,402636,17722,108534,3.1890444810543657,0.21232466694054816
3098,0.3585,3,46,3,273854,402590,17725,108531,3.188680141933849,0.21233915256856986
3099,0.3586,1,15,1,273869,402575,17726,108530,3.1885613356988975,0.21234384324160396
3100,0.3587,5,43,5,273912,402532,17731,108525,3.1882207578253707,0.21235400356516004
3101,0.3588,2,36,2,273948,402496,17733,108523,3.1879356228614877,0.2123658807206777
3102,0.3589,2,15,2,273963,402481,17735,108521,3.1878168166265364,0.2123690318237502
3103,0.359,10,111,10,274074,402370,17745,108511,3.1869376504878977,0.2123997564990673
3104,0.3591,0,5,0,274079,402365,17745,108511,3.1868980484095806,0.21240183527901096
3105,0.3592,17,164,17,274243,402201,17762,108494,3.185599100240781,0.2124438265500935
3106,0.3593,5,57,5,274300,402144,17767,108489,3.185147636547966,0.21245982927072868
3107,0.3594,0,5,0,274305,402139,17767,108489,3.185108034469649,0.21246190964851125
3108,0.3595,3,34,3,274339,402105,17770,108486,3.184838740337093,0.21247143016621914
3109,0.3596,2,10,2,274349,402095,17772,108484,3.184759536180459,0.21247250670317425
3110,0.3597,4,33,4,274382,402062,17776,108480,3.184498162463566,0.2124800701999052
3111,0.3598,2,32,2,274414,402030,17778,108478,3.184244709162337,0.2124903037758468
3112,0.3599,2,12,2,274426,402018,17780,108476,3.184149664174376,0.21249221342464358
3113,0.36,480,5042,480,279468,396976,18260,107996,3.1442149283994425,0.21386532322584223
3114,0.3601,0,3,0,279471,396973,18260,107996,3.144191167152452,0.21386659379090597
3115,0.3602,0,17,0,279488,396956,18260,107996,3.144056520086174,0.213873793944771
3116,0.3603,3,35,3,279523,396921,18263,107993,3.143779305537955,0.21388394855361506
3117,0.3604,0,19,0,279542,396902,18263,107993,3.1436288176403497,0.21389199734598283
3118,0.3605,2,45,2,279587,396857,18265,107991,3.1432723989354963,0.213907948531043
3119,0.3606,2,3,2,279590,396854,18267,107989,3.143248637688506,0.2139061054624903
3120,0.3607,6,63,6,279653,396791,18273,107983,3.1427496515017106,0.21392345881523217
3121,0.3608,22,153,22,279806,396638,18295,107961,3.1415378279052084,0.2139540506421931
3122,0.3609,0,5,0,279811,396633,18295,107961,3.1414982258268913,0.21395617070357556
3123,0.361,6,92,6,279903,396541,18301,107955,3.1407695475858572,0.21398583933272017
3124,0.3611,0,13,0,279916,396528,18301,107955,3.140666582182233,0.21399135352430113
3125,0.3612,5,15,5,279931,396513,18306,107950,3.1405477759472817,0.21398992592122712
3126,0.3613,3,43,3,279974,396470,18309,107947,3.140207198073755,0.21400349314158723
3127,0.3614,3,14,3,279988,396456,18312,107944,3.140096312254467,0.21400475812846947
3128,0.3615,1,33,1,280021,396423,18313,107943,3.1398349385375743,0.21401720179393535
3129,0.3616,1,4,1,280025,396419,18314,107942,3.139803256874921,0.2140173407539441
3130,0.3617,55,506,55,280531,395913,18369,107887,3.1357955265492334,0.21414648670107186
3131,0.3618,2,28,2,280559,395885,18371,107885,3.135573754910658,0.2141552692697064
3132,0.3619,2,16,2,280575,395869,18373,107883,3.1354470282600433,0.2141589512299703
3133,0.362,8,98,8,280673,395771,18381,107875,3.1346708275250283,0.21418814008251827
3134,0.3621,4,18,4,280691,395753,18385,107871,3.134528260043087,0.2141895541117977
3135,0.3622,4,20,4,280711,395733,18389,107867,3.1343698517298186,0.21419181890389197
3136,0.3623,4,43,4,280754,395690,18393,107863,3.134029273856292,0.21420386731883237
3137,0.3624,0,11,0,280765,395679,18393,107863,3.1339421492839943,0.2142085466554925
3138,0.3625,54,430,54,281195,395249,18447,107809,3.1305363705487266,0.21430729657415248
3139,0.3626,1,7,1,281202,395242,18448,107808,3.1304809276390824,0.21430871682735314
3140,0.3627,7,65,7,281267,395177,18455,107801,3.1299661006209605,0.21432547745627045
3141,0.3628,1,16,1,281283,395161,18456,107800,3.129839373970346,0.214330733396824
3142,0.3629,5,27,5,281310,395134,18461,107795,3.1296255227474337,0.21433442891541352
3143,0.363,5,61,5,281371,395073,18466,107790,3.1291423773919655,0.2143526169155416
3144,0.3631,1,8,1,281379,395065,18467,107789,3.129079014066658,0.21435446471540448
3145,0.3632,6,34,6,281413,395031,18473,107783,3.128809719934102,0.21435958425978593
3146,0.3633,82,900,82,282313,394131,18555,107701,3.1216813458370294,0.21461564826475793
3147,0.3634,0,4,0,282317,394127,18555,107701,3.121649664174376,0.21461735893573097
3148,0.3635,3,40,3,282357,394087,18558,107698,3.1213328475478392,0.21462977171497752
3149,0.3636,1,11,1,282368,394076,18559,107697,3.1212457229755417,0.21463291169512907
3150,0.3637,8,45,8,282413,394031,18567,107689,3.1208893042706882,0.21463963963963964
3151,0.3638,3,41,3,282454,393990,18570,107686,3.120564567228488,0.21465248487071337
3152,0.3639,0,7,0,282461,393983,18570,107686,3.1205091243188443,0.21465548000773418
3153,0.364,21,151,21,282612,393832,18591,107665,3.119313141553669,0.21468722644402657
3154,0.3641,1,2,1,282614,393830,18592,107664,3.119297300722342,0.21468651668813585
3155,0.3642,15,156,15,282770,393674,18607,107649,3.1180617158788495,0.21472982488335862
3156,0.3643,9,56,9,282826,393618,18616,107640,3.117618172601698,0.21473971487736854
3157,0.3644,1,8,1,282834,393610,18617,107639,3.117554809276391,0.21474157554429035
3158,0.3645,5,39,5,282873,393571,18622,107634,3.1172459130655175,0.21475045141209684
3159,0.3646,3,15,3,282888,393556,18625,107631,3.1171271068305666,0.2147521783286478
3160,0.3647,5,50,5,282938,393506,18630,107626,3.1167310860473956,0.21476577029604974
3161,0.3648,2,24,2,282962,393482,18632,107624,3.116540996071474,0.21477292229588152
3162,0.3649,5,14,5,282976,393468,18637,107619,3.116430110252186,0.2147710876554371
3163,0.365,183,1648,183,284624,391820,18820,107436,3.10337726523888,0.21519220600253178
3164,0.3651,0,4,0,284628,391816,18820,107436,3.103345583576226,0.2151939301194587
3165,0.3652,7,29,7,284657,391787,18827,107429,3.103115891521987,0.21519542642864012
3166,0.3653,4,48,4,284705,391739,18831,107425,3.1027357115701433,0.21520983083715972
3167,0.3654,1,16,1,284721,391723,18832,107424,3.1026089849195286,0.21521515705794084
3168,0.3655,5,31,5,284752,391692,18837,107419,3.1023634520339627,0.21522066233763631
3169,0.3656,0,11,0,284763,391681,18837,107419,3.102276327461665,0.21522540573031457
3170,0.3657,11,66,11,284829,391615,18848,107408,3.10175358002788,0.21523657226220033
3171,0.3658,14,142,14,284971,391473,18862,107394,3.1006288810036753,0.21527581499678272
3172,0.3659,0,3,0,284974,391470,18862,107394,3.100605119756685,0.21527710959299529
3173,0.366,16,164,16,285138,391306,18878,107378,3.099306171587885,0.21532272942384356
3174,0.3661,0,9,0,285147,391297,18878,107378,3.0992348878469143,0.21532661553115756
3175,0.3662,3,31,3,285178,391266,18881,107375,3.0989893549613483,0.21533528129455862
3176,0.3663,1,36,1,285214,391230,18882,107374,3.0987042199974653,0.21534925512029587
3177,0.3664,2,5,2,285219,391225,18884,107372,3.0986646179191486,0.21534826723786946
3178,0.3665,1,43,1,285262,391182,18885,107371,3.098324040045622,0.21536526708293802
3179,0.3666,0,10,0,285272,391172,18885,107371,3.0982448358889876,0.21536958697644937
3180,0.3667,88,943,88,286215,390229,18973,107283,3.090775883918388,0.2156390197623374
3181,0.3668,3,30,3,286245,390199,18976,107280,3.0905382714484855,0.21564729365460653
3182,0.3669,1,13,1,286258,390186,18977,107279,3.0904353060448613,0.2156513523564472
3183,0.367,5,68,5,286326,390118,18982,107274,3.089896717779749,0.21567295010776208
3184,0.3671,3,32,3,286358,390086,18985,107271,3.0896432644785197,0.2156820955571149
3185,0.3672,3,30,3,286388,390056,18988,107268,3.0894056520086175,0.21569037488639198
3186,0.3673,8,72,8,286460,389984,18996,107260,3.0888353820808514,0.21570898794153373
3187,0.3674,1,8,1,286468,389976,18997,107259,3.0887720187555443,0.21571088117288606
3188,0.3675,41,456,41,286924,389520,19038,107218,3.0851603092130273,0.2158441673477769
3189,0.3676,2,10,2,286934,389510,19040,107216,3.0850811050563935,0.21584535538707456
3190,0.3677,7,54,7,286988,389456,19047,107209,3.084653402610569,0.21585777133480313
3191,0.3678,5,24,5,287012,389432,19052,107204,3.084463312634647,0.2158603081532551
3192,0.3679,2,22,2,287034,389410,19054,107202,3.084289063490052,0.21586671284624617
3193,0.368,6,121,6,287155,389289,19060,107196,3.083330693194779,0.215909846218919
3194,0.3681,1,5,1,287160,389284,19061,107195,3.083291091116462,0.21591044132783058
3195,0.3682,2,29,2,287189,389255,19063,107193,3.0830613990622227,0.21591989493360836
3196,0.3683,63,458,63,287647,388797,19126,107130,3.079433848688379,0.21601969644725938
3197,0.3684,1,4,1,287651,388793,19127,107129,3.0794021670257257,0.21601985796153428
3198,0.3685,6,37,6,287688,388756,19133,107123,3.0791091116461793,0.21602649033332727
3199,0.3686,0,18,0,287706,388738,19133,107123,3.0789665441642375,0.21603433220196788
3200,0.3687,5,41,5,287747,388697,19138,107118,3.078641807122038,0.21604429071327008
3201,0.3688,2,26,2,287773,388671,19140,107116,3.078435876314789,0.2160524580112024
3202,0.3689,1,13,1,287786,388658,19141,107115,3.078332910911165,0.21605654200611973
3203,0.369,14,106,14,287892,388552,19155,107101,3.0774933468508427,0.21608060477793942
3204,0.3691,1,5,1,287897,388547,19156,107100,3.0774537447725256,0.21608120295290803
3205,0.3692,16,189,16,288086,388358,19172,107084,3.0759567862121404,0.21613831689683152
3206,0.3693,7,68,7,288154,388290,19179,107077,3.075418197947028,0.21615690992738718
3207,0.3694,0,8,0,288162,388282,19179,107077,3.075354834621721,0.21616040084060248
3208,0.3695,8,20,8,288182,388262,19187,107069,3.0751964263084526,0.2161564691085355
3209,0.3696,1,7,1,288189,388255,19188,107068,3.075140983398809,0.21615794138370317
3210,0.3697,7,32,7,288221,388223,19195,107061,3.0748875300975795,0.21616082893854838
3211,0.3698,3,27,3,288248,388196,19198,107058,3.0746736788746674,0.2161678653781696
3212,0.3699,0,12,0,288260,388184,19198,107058,3.0745786338867065,0.21617310325053207
3213,0.37,481,4839,481,293099,383345,19679,106577,3.036251742491446,0.21753871024367144
3214,0.3701,1,2,1,293101,383343,19680,106576,3.036235901660119,0.21753800117978686
3215,0.3702,1,31,1,293132,383312,19681,106575,3.035990368774553,0.21755016973302008
3216,0.3703,4,41,4,293173,383271,19685,106571,3.0356656317323534,0.2175619893761662
3217,0.3704,1,12,1,293185,383259,19686,106570,3.0355705867443925,0.217565721915199
3218,0.3705,4,28,4,293213,383231,19690,106566,3.0353488151058166,0.21757176952900895
3219,0.3706,0,3,0,293216,383228,19690,106566,3.0353250538588266,0.2175731021613168
3220,0.3707,5,85,5,293301,383143,19695,106561,3.0346518185274363,0.21760287847352686
3221,0.3708,18,178,18,293479,382965,19713,106543,3.0332419845393486,0.21765323549359766
3222,0.3709,2,1,2,293480,382964,19715,106541,3.0332340641236852,0.21765048365185238
3223,0.371,13,94,13,293574,382870,19728,106528,3.0324895450513245,0.2176715066265085
3224,0.3711,3,11,3,293585,382859,19731,106525,3.0324024204790265,0.2176716034851977
3225,0.3712,0,32,0,293617,382827,19731,106525,3.0321489671777977,0.21768583759747584
3226,0.3713,7,43,7,293660,382784,19738,106518,3.031808389304271,0.21769377603198026
3227,0.3714,1,18,1,293678,382766,19739,106517,3.031665821822329,0.21770018578205252
3228,0.3715,7,26,7,293704,382740,19746,106510,3.0314598910150803,0.21770056208482372
3229,0.3716,0,2,0,293706,382738,19746,106510,3.0314440501837536,0.21770145202433122
3230,0.3717,46,452,46,294158,382286,19792,106464,3.0278640223038904,0.21782915601023017
3231,0.3718,8,22,8,294180,382264,19800,106456,3.0276897731592953,0.2178261581273531
3232,0.3719,0,5,0,294185,382259,19800,106456,3.0276501710809782,0.21782838668753773
3233,0.372,9,98,9,294283,382161,19809,106447,3.0268739703459637,0.21785766913353855
3234,0.3721,1,9,1,294292,382152,19810,106446,3.026802686604993,0.21786008129382436
3235,0.3722,1,16,1,294308,382136,19811,106445,3.026675959954378,0.21786561491339204
3236,0.3723,4,58,4,294366,382078,19815,106441,3.0262165758459005,0.21788507714131897
3237,0.3724,0,20,0,294386,382058,19815,106441,3.026058167532632,0.21789399773592166
3238,0.3725,46,404,46,294790,381654,19861,106395,3.022858319604613,0.21800065157391982
3239,0.3726,2,11,2,294801,381643,19863,106393,3.0227711950323153,0.21800236048160382
3240,0.3727,8,50,8,294851,381593,19871,106385,3.0223751742491447,0.21801187758464521
3241,0.3728,1,21,1,294872,381572,19872,106384,3.022208845520213,0.21801965751010338
3242,0.3729,2,18,2,294890,381554,19874,106382,3.0220662780382717,0.21802449501573976
3243,0.373,8,77,8,294967,381477,19882,106374,3.0214564060321885,0.21804608374278212
3244,0.3731,2,7,2,294974,381470,19884,106372,3.0214009631225447,0.2180460066988902
3245,0.3732,3,28,3,295002,381442,19887,106369,3.021179191483969,0.2180537134258965
3246,0.3733,94,843,94,295845,380599,19981,106275,3.014502281079711,0.21828029428558518
3247,0.3734,2,4,2,295849,380595,19983,106273,3.0144705994170575,0.2182788764100331
3248,0.3735,12,41,12,295890,380554,19995,106261,3.0141458623748574,0.21827799061245032
3249,0.3736,3,16,3,295906,380538,19998,106258,3.0140191357242427,0.2182803474145227
3250,0.3737,2,37,2,295943,380501,20000,106256,3.0137260803446964,0.21829372767109667
3251,0.3738,0,51,0,295994,380450,20000,106256,3.0133221391458624,0.2183166018088949
3252,0.3739,1,11,1,296005,380439,20001,106255,3.013235014573565,0.21831992997653557
3253,0.374,16,185,16,296190,380254,20017,106239,3.0117697376758334,0.21837724283802645
3254,0.3741,0,2,0,296192,380252,20017,106239,3.0117538968445063,0.21837814060280664
3255,0.3742,22,168,22,296360,380084,20039,106217,3.010423267013053,0.21841822245892975
3256,0.3743,4,69,4,296429,380015,20043,106213,3.009876758332277,0.2184427881569963
3257,0.3744,1,7,1,296436,380008,20044,106212,3.0098213154226334,0.21844432561391963
3258,0.3745,6,24,6,296460,379984,20050,106206,3.0096312254467112,0.218445463707604
3259,0.3746,1,16,1,296476,379968,20051,106205,3.0095044987960966,0.21845104520407344
3260,0.3747,10,38,10,296514,379930,20061,106195,3.009203523000887,0.2184520442273078
3261,0.3748,5,22,5,296536,379908,20066,106190,3.009029273856292,0.2184538920135446
3262,0.3749,3,9,3,296545,379899,20069,106187,3.0089579901153214,0.21845311323510655
3263,0.375,181,1731,181,298276,378168,20250,106006,2.9952477506019517,0.21894195062105773
3264,0.3751,0,4,0,298280,378164,20250,106006,2.995216068939298,0.21894375942334304
3265,0.3752,6,41,6,298321,378123,20256,106000,2.9948913318970978,0.21895262154452483
3266,0.3753,8,45,8,298366,378078,20264,105992,2.9945349131922443,0.21896006775879523
3267,0.3754,4,9,4,298375,378069,20268,105988,2.9944636294512734,0.21895768473547536
3268,0.3755,2,27,2,298402,378042,20270,105986,2.9942497782283612,0.21896667134959136
3269,0.3756,1,8,1,298410,378034,20271,105985,2.994186414903054,0.21896867684946253
3270,0.3757,7,69,7,298479,377965,20278,105978,2.9936399062222785,0.21898859989709532
3271,0.3758,14,153,14,298632,377812,20292,105964,2.9924280826257763,0.21903525598624157
3272,0.3759,0,3,0,298635,377809,20292,105964,2.992404321378786,0.21903661427983787
3273,0.376,19,177,19,298812,377632,20311,105945,2.9910024078063615,0.21908610210990184
3274,0.3761,0,6,0,298818,377626,20311,105945,2.990954885312381,0.21908882046276554
3275,0.3762,2,23,2,298841,377603,20313,105943,2.9907727157521227,0.21909601154802233
3276,0.3763,5,34,5,298875,377569,20318,105938,2.9905034216195667,0.21910334286783853
3277,0.3764,1,14,1,298889,377555,20319,105937,2.9903925358002788,0.21910807210874222
3278,0.3765,5,34,5,298923,377521,20324,105932,2.990123241667723,0.21911540522036269
3279,0.3766,0,1,0,298924,377520,20324,105932,2.9901153212520595,0.21911585845130438
3280,0.3767,105,835,105,299759,376685,20429,105827,2.9835017741731087,0.2193251152302948
3281,0.3768,3,29,3,299788,376656,20432,105824,2.9832720821188694,0.21933344387332118
3282,0.3769,0,6,0,299794,376650,20432,105824,2.983224559624889,0.21933617148281565
3283,0.377,10,70,10,299864,376580,20442,105814,2.98267013052845,0.2193518161502838
3284,0.3771,2,18,2,299882,376562,20444,105812,2.9825275630465087,0.21935676466807913
3285,0.3772,1,22,1,299904,376540,20445,105811,2.9823533139019136,0.21936515110365687
3286,0.3773,2,60,2,299964,376480,20447,105809,2.981878088962109,0.2193892043981928
3287,0.3774,3,14,3,299978,376466,20450,105806,2.981767203142821,0.2193907172715812
3288,0.3775,54,458,54,300436,376008,20504,105752,2.978139652768977,0.21951179010295582
3289,0.3776,3,15,3,300451,375993,20507,105749,2.9780208465340263,0.21951376462919986
3290,0.3777,6,49,6,300500,375944,20513,105743,2.9776327461665186,0.21952637293512178
3291,0.3778,1,23,1,300523,375921,20514,105742,2.9774505766062602,0.21953523521632345
3292,0.3779,0,23,0,300546,375898,20514,105742,2.977268407046002,0.21954571879412008
3293,0.378,8,110,8,300656,375788,20522,105734,2.9763971613230265,0.21958290586930607
3294,0.3781,2,8,2,300664,375780,20524,105732,2.976333797997719,0.21958331256541894
3295,0.3782,3,29,3,300693,375751,20527,105729,2.97610410594348,0.21959167566669435
3296,0.3783,61,472,61,301165,375279,20588,105668,2.9723656697503484,0.21970820069571076
3297,0.3784,1,5,1,301170,375274,20589,105667,2.9723260676720313,0.21970886241763543
3298,0.3785,11,41,11,301211,375233,20600,105656,2.9720013306298316,0.21970974590809939
3299,0.3786,0,11,0,301222,375222,20600,105656,2.971914206057534,0.2197147717300438
3300,0.3787,6,39,6,301261,375183,20606,105650,2.9716053098466606,0.2197228559603854
3301,0.3788,8,26,8,301287,375157,20614,105642,2.971399379039412,0.219721754828941
3302,0.3789,3,14,3,301301,375143,20617,105639,2.9712884932201242,0.21972328414957298
3303,0.379,11,113,11,301414,375030,20628,105628,2.9703934862501584,0.2197570829987226
3304,0.3791,0,1,0,301415,375029,20628,105628,2.970385565834495,0.21975754020018434
3305,0.3792,15,147,15,301562,374882,20643,105613,2.9692212647319733,0.21980041415623472
3306,0.3793,8,68,8,301630,374814,20651,105605,2.968682676466861,0.21981853340521504
3307,0.3795,4,32,4,301662,374782,20655,105601,2.9684292231656317,0.21982667996161395
3308,0.3796,1,10,1,301672,374772,20656,105600,2.9683500190089975,0.21982963203517275
3309,0.3797,2,35,2,301707,374737,20658,105598,2.9680728044607783,0.21984240165717675
3310,0.3798,4,28,4,301735,374709,20662,105594,2.9678510328222023,0.21984872049518742
3311,0.3799,0,10,0,301745,374699,20662,105594,2.9677718286655685,0.21985329788275074
3312,0.38,544,4865,544,306610,369834,21206,105050,2.9292390064630593,0.22121191701552378
3313,0.3801,1,7,1,306617,369827,21207,105049,2.929183563553415,0.22121353784988082
3314,0.3802,7,26,7,306643,369801,21214,105042,2.9289776327461667,0.22121416973610225
3315,0.3803,2,40,2,306683,369761,21216,105040,2.92866081611963,0.22122952563284407
3316,0.3804,3,13,3,306696,369748,21219,105037,2.9285578507160057,0.22123066229977778
3317,0.3805,5,30,5,306726,369718,21224,105032,2.928320238246103,0.2212364402317009
3318,0.3806,2,7,2,306733,369711,21226,105030,2.9282647953364593,0.22123642154353637
3319,0.3807,6,76,6,306809,369635,21232,105024,2.92766284374604,0.22126200072051724
3320,0.3808,19,141,19,306950,369494,21251,105005,2.9265460651374986,0.22129656753755014
3321,0.3809,2,8,2,306958,369486,21253,105003,2.926482701812191,0.22129701636918875
3322,0.381,4,90,4,307048,369396,21257,104999,2.9257698644024837,0.221332433942179
3323,0.3811,2,16,2,307064,369380,21259,104997,2.925643137751869,0.22133661623561007
3324,0.3812,3,38,3,307102,369342,21262,104994,2.9253421619566593,0.2213494231936855
3325,0.3813,6,43,6,307145,369299,21268,104988,2.9250015840831325,0.22135964089253976
3326,0.3814,1,10,1,307155,369289,21269,104987,2.9249223799264987,0.22136266646425287
3327,0.3815,6,39,6,307194,369250,21275,104981,2.9246134837156252,0.22137101960858738
3328,0.3816,1,3,1,307197,369247,21276,104980,2.9245897224686352,0.2213707781294612
3329,0.3817,49,445,49,307642,368802,21325,104931,2.921065137498416,0.22149818568687424
3330,0.3818,4,29,4,307671,368773,21329,104927,2.920835445444177,0.22150517204982056
3331,0.3819,4,9,4,307680,368764,21333,104923,2.920764161703206,0.22150280670569383
3332,0.382,8,85,8,307765,368679,21341,104915,2.9200909263718158,0.22152941126787923
3333,0.3821,3,22,3,307787,368657,21344,104912,2.9199166772272207,0.2215347710682076
3334,0.3822,2,18,2,307805,368639,21346,104910,2.9197741097452794,0.22153990400148665
3335,0.3823,4,67,4,307872,368572,21350,104906,2.919243441895831,0.22156467671148394
3336,0.3824,2,14,2,307886,368558,21352,104904,2.919132556076543,0.22156793998251179
3337,0.3825,49,471,49,308357,368087,21401,104855,2.915402040299075,0.22170794727471868
3338,0.3826,0,9,0,308366,368078,21401,104855,2.915330756558104,0.22171216641680747
3339,0.3827,3,60,3,308426,368018,21404,104852,2.9148555316182994,0.22173536066995156
3340,0.3828,3,24,3,308450,367994,21407,104849,2.914665441642377,0.22174167747011164
3341,0.3829,1,29,1,308479,367965,21408,104848,2.9144357495881383,0.22175363198558415
3342,0.383,5,74,5,308553,367891,21413,104843,2.9138496388290456,0.22178011312915932
3343,0.3831,1,10,1,308563,367881,21414,104842,2.913770434672412,0.22178315842470114
3344,0.3832,2,27,2,308590,367854,21416,104840,2.9135565834494996,0.22179253385911393
3345,0.3833,110,860,110,309450,366994,21526,104730,2.9067450259789633,0.22201541579398124
3346,0.3834,0,9,0,309459,366985,21526,104730,2.9066737422379925,0.22201965169646926
3347,0.3835,3,32,3,309491,366953,21529,104727,2.906420288936763,0.22202976594301221
3348,0.3836,4,11,4,309502,366942,21533,104723,2.9063331643644656,0.22202834638991656
3349,0.3837,4,30,4,309532,366912,21537,104719,2.9060955518945635,0.2220358712637634
3350,0.3838,6,34,6,309566,366878,21543,104713,2.9058262577620075,0.22204198129311203
3351,0.3839,1,18,1,309584,366860,21544,104712,2.905683690280066,0.22204880696903123
3352,0.384,20,189,20,309773,366671,21564,104692,2.9041867317196806,0.2221048321569576
3353,0.3841,0,3,0,309776,366668,21564,104692,2.9041629704726906,0.2221062457569586
3354,0.3842,19,152,19,309928,366516,21583,104673,2.9029590672918513,0.2221465271897264
3355,0.3843,8,50,8,309978,366466,21591,104665,2.9025630465086807,0.22215689479146988
3356,0.3844,2,7,2,309985,366459,21593,104663,2.902507603599037,0.2221568935434983
3357,0.3845,3,28,3,310013,366431,21596,104660,2.9022858319604614,0.2221651443139436
3358,0.3846,0,15,0,310028,366416,21596,104660,2.90216702572551,0.22217221849552937
3359,0.3847,7,50,7,310078,366366,21603,104653,2.9017710049423395,0.22218424309847373
3360,0.3848,6,28,6,310106,366338,21609,104647,2.9015492333037636,0.22218754312770045
3361,0.3849,0,10,0,310116,366328,21609,104647,2.90147002914713,0.22219226073570783
3362,0.385,171,1577,171,311693,364751,21780,104476,2.8889795336459256,0.22265555903645784
3363,0.3851,3,7,3,311700,364744,21783,104473,2.888924090736282,0.2226539106639359
3364,0.3852,1,22,1,311722,364722,21784,104472,2.888749841591687,0.22266269389634138
3365,0.3853,7,33,7,311755,364689,21791,104465,2.888488467874794,0.22266675761050742
3366,0.3854,1,8,1,311763,364681,21792,104464,2.8884251045494866,0.22266889767555872
3367,0.3855,12,30,12,311793,364651,21804,104452,2.8881874920795845,0.2226632530595626
3368,0.3856,0,11,0,311804,364640,21804,104452,2.888100367507287,0.22266847441440057
3369,0.3857,11,83,11,311887,364557,21815,104441,2.8874429730072233,0.22268964899637098
3370,0.3858,14,154,14,312041,364403,21829,104427,2.886223228995058,0.22273958577736067
3371,0.3859,0,2,0,312043,364401,21829,104427,2.8862073881637307,0.2227405359748138
3372,0.386,24,174,24,312217,364227,21853,104403,2.8848292358382968,0.22278343255873503
3373,0.3861,0,6,0,312223,364221,21853,104403,2.8847817133443163,0.22278628495339547
3374,0.3862,3,29,3,312252,364192,21856,104400,2.8845520212900775,0.22279509680062826
3375,0.3863,1,39,1,312291,364153,21857,104399,2.884243125079204,0.22281198244805273
3376,0.3864,1,12,1,312303,364141,21858,104398,2.884148080091243,0.22281603025575245
3377,0.3865,4,51,4,312354,364090,21862,104394,2.883744138892409,0.2228336506689663
3378,0.3866,1,7,1,312361,364083,21863,104393,2.883688695982765,0.22283532133983383
3379,0.3867,87,887,87,313248,363196,21950,104306,2.876663287289317,0.22311348400648554
3380,0.3868,3,25,3,313273,363171,21953,104303,2.8764652768977315,0.22312043022713562
3381,0.3869,1,15,1,313288,363156,21954,104302,2.8763464706627806,0.22312592789084795
3382,0.387,9,63,9,313351,363093,21963,104293,2.8758474844759854,0.22314104401929027
3383,0.3871,5,24,5,313375,363069,21968,104288,2.875657394500063,0.22314419169927913
3384,0.3872,2,22,2,313397,363047,21970,104286,2.875483145355468,0.2231513717199513
3385,0.3873,7,43,7,313440,363004,21977,104279,2.8751425674819413,0.22316026904466887
3386,0.3874,1,12,1,313452,362992,21978,104278,2.8750475224939804,0.22316433753504397
3387,0.3875,51,431,51,313883,362561,22029,104227,2.871633823343049,0.22328551719410097
3388,0.3876,1,17,1,313900,362544,22030,104226,2.871499176276771,0.22329198534610192
3389,0.3877,8,39,8,313939,362505,22038,104218,2.871190280065898,0.2232973305365281
3390,0.3878,0,27,0,313966,362478,22038,104218,2.8709764288429858,0.22331024907005845
3391,0.3879,3,26,3,313992,362452,22041,104215,2.870770498035737,0.22331769763021597
3392,0.388,15,107,15,314099,362345,22056,104200,2.8699230135597515,0.22334394324234533
3393,0.3881,1,6,1,314105,362339,22057,104199,2.869875491065771,0.22334515087731333
3394,0.3882,2,25,2,314130,362314,22059,104197,2.8696774806741856,0.22335379015714527
3395,0.3883,72,487,72,314617,361827,22131,104125,2.865820238246103,0.22346722409175193
3396,0.3884,1,5,1,314622,361822,22132,104124,2.865780636167786,0.2234679555141583
3397,0.3885,6,40,6,314662,361782,22138,104118,2.8654638195412496,0.2234771410173857
3398,0.3886,3,15,3,314677,361767,22141,104115,2.8653450133062983,0.22347933596919392
3399,0.3887,6,44,6,314721,361723,22147,104109,2.864996515017108,0.22349044290645553
3400,0.3888,7,25,7,314746,361698,22154,104102,2.8647985046255227,0.2234907685702018
3401,0.3889,1,15,1,314761,361683,22155,104101,2.8646796983905713,0.2234962987135668
3402,0.389,16,100,16,314861,361583,22171,104085,2.86388765682423,0.22351761340697665
3403,0.3891,2,13,2,314874,361570,22173,104083,2.8637846914206055,0.2235205184976796
3404,0.3892,18,161,18,315035,361409,22191,104065,2.8625095044987963,0.2235678040019421
3405,0.3893,8,79,8,315114,361330,22199,104057,2.8618837916613864,0.22359240803890096
3406,0.3894,3,12,3,315126,361318,22202,104054,2.8617887466734255,0.2235931684759719
3407,0.3895,2,25,2,315151,361293,22204,104052,2.86159073628184,0.22360184379331463
3408,0.3896,2,14,2,315165,361279,22206,104050,2.8614798504625525,0.22360523414616326
3409,0.3897,6,34,6,315199,361245,22212,104044,2.861210556329996,0.2236115618465083
3410,0.3898,5,28,5,315227,361217,22217,104039,2.8609887846914206,0.22361667555066458
3411,0.3899,1,10,1,315237,361207,22218,104038,2.8609095805347864,0.22361981321669228
3412,0.39,537,4690,537,319927,356517,22755,103501,2.823762831073375,0.22499336982465903
3413,0.3901,0,8,0,319935,356509,22755,103501,2.8236994677480673,0.22499728266776808
3414,0.3902,5,25,5,319960,356484,22760,103496,2.8235014573564823,0.22500108700378277
3415,0.3903,4,31,4,319991,356453,22764,103492,2.8232559244709163,0.2250095120068704
3416,0.3904,2,11,2,320002,356442,22766,103490,2.823168799898619,0.22501152344259587
3417,0.3905,9,31,9,320033,356411,22775,103481,2.822923267013053,0.22501152444486966
3418,0.3906,2,7,2,320040,356404,22777,103479,2.822867824103409,0.22501157903205815
3419,0.3907,9,75,9,320115,356329,22786,103470,2.822273792928653,0.2250331122947201
3420,0.3908,21,175,21,320290,356154,22807,103449,2.8208877201875553,0.22508338718415677
3421,0.3909,0,1,0,320291,356153,22807,103449,2.820879799771892,0.22508387691959564
3422,0.391,6,105,6,320396,356048,22813,103443,2.8200481561272337,0.22512519287646549
3423,0.3911,0,4,0,320400,356044,22813,103443,2.82001647446458,0.22512715267243688
3424,0.3912,1,36,1,320436,356008,22814,103442,2.819731339500697,0.22514310588747416
3425,0.3913,8,41,8,320477,355967,22822,103434,2.819406602458497,0.22514970581256896
3426,0.3914,4,18,4,320495,355949,22826,103430,2.8192640349765554,0.22515178099129476
3427,0.3915,4,35,4,320530,355914,22830,103426,2.818986820428336,0.2251621892280228
3428,0.3916,0,13,0,320543,355901,22830,103426,2.8188838550247115,0.22516856183067835
3429,0.3917,61,460,61,321003,355441,22891,103365,2.815240463819541,0.22529129959067667
3430,0.3918,3,50,3,321053,355391,22894,103362,2.8148444430363706,0.22531078815833358
3431,0.3919,1,12,1,321065,355379,22895,103361,2.8147493980484097,0.2253149932423595
3432,0.392,14,102,14,321167,355277,22909,103347,2.8139415156507415,0.2253414561819704
3433,0.3921,1,17,1,321184,355260,22910,103346,2.8138068685844635,0.2253481201728717
3434,0.3922,3,19,3,321203,355241,22913,103343,2.8136563806868584,0.22535238909338312
3435,0.3923,4,43,4,321246,355198,22917,103339,2.8133158028133316,0.22536676429601102
3436,0.3924,1,14,1,321260,355184,22918,103338,2.813204916994044,0.22537195598030194
3437,0.3925,53,448,53,321708,354736,22971,103285,2.809656570776834,0.2255027607904441
3438,0.3926,1,14,1,321722,354722,22972,103284,2.8095456849575466,0.2255079627777802
3439,0.3927,7,56,7,321778,354666,22979,103277,2.809102141680395,0.2255237005478848
3440,0.3928,5,21,5,321799,354645,22984,103272,2.808935812951464,0.2255255865145867
3441,0.3929,1,25,1,321824,354620,22985,103271,2.8087378025598784,0.22553620839894212
3442,0.393,9,59,9,321883,354561,22994,103262,2.808270498035737,0.22555004881799298
3443,0.3931,0,6,0,321889,354555,22994,103262,2.8082229755417565,0.22555300480322923
3444,0.3932,1,29,1,321918,354526,22995,103261,2.8079932834875176,0.22556560146967913
3445,0.3933,106,842,106,322760,353684,23101,103155,2.8013242934989226,0.22580165003425715
3446,0.3934,0,7,0,322767,353677,23101,103155,2.801268850589279,0.22580510997478284
3447,0.3935,5,37,5,322804,353640,23106,103150,2.8009757952097325,0.22581492589592592
3448,0.3936,4,5,4,322809,353635,23110,103146,2.8009361931314154,0.22581061821748277
3449,0.3937,4,41,4,322850,353594,23114,103142,2.8006114560892157,0.2258241084565263
3450,0.3938,0,20,0,322870,353574,23114,103142,2.8004530477759473,0.22583399749516112
3451,0.3939,1,9,1,322879,353565,23115,103141,2.8003817640349764,0.2258367527468437
3452,0.394,20,173,20,323052,353392,23135,103121,2.799011532125206,0.2258884193878378
3453,0.3941,0,4,0,323056,353388,23135,103121,2.7989798504625525,0.2258903986558863
3454,0.3942,22,156,22,323212,353232,23157,103099,2.79774426561906,0.22593030059320976
3455,0.3943,7,64,7,323276,353168,23164,103092,2.7972373590166013,0.22595011616183755
3456,0.3944,0,9,0,323285,353159,23164,103092,2.7971660752756304,0.22595457325025042
3457,0.3945,8,24,8,323309,353135,23172,103084,2.7969759852997087,0.22595288666188826
3458,0.3946,1,6,1,323315,353129,23173,103083,2.7969284628057283,0.2259541616616836
3459,0.3947,5,60,5,323375,353069,23178,103078,2.796453237865923,0.22597539828169427
3460,0.3948,5,29,5,323404,353040,23183,103073,2.796223545811684,0.22598128095450032
3461,0.3949,0,5,0,323409,353035,23183,103073,2.796183943733367,0.22598375823269928
3462,0.395,166,1658,166,325067,351377,23349,102907,2.783051894563427,0.22652569758124874
3463,0.3951,3,7,3,325074,351370,23352,102904,2.7829964516537826,0.2265240801806839
3464,0.3952,6,40,6,325114,351330,23358,102898,2.7826796350272462,0.22653381121375168
3465,0.3953,8,44,8,325158,351286,23366,102890,2.782331136738056,0.22654213344606497
3466,0.3954,2,12,2,325170,351274,23368,102888,2.7822360917500952,0.22654471311998803
3467,0.3955,3,28,3,325198,351246,23371,102885,2.7820143201115193,0.22655357154653613
3468,0.3956,0,6,0,325204,351240,23371,102885,2.781966797617539,0.22655656482246078
3469,0.3957,6,47,6,325251,351193,23377,102879,2.7815945380813587,0.22656979509857467
3470,0.3958,21,151,21,325402,351042,23398,102858,2.780398555316183,0.22660938532716457
3471,0.3959,0,4,0,325406,351038,23398,102858,2.7803668736535294,0.2266113823430918
3472,0.396,22,183,22,325589,350855,23420,102836,2.7789174375871246,0.2266652854035015
3473,0.3961,1,6,1,325595,350849,23421,102835,2.778869915093144,0.2266665784995724
3474,0.3962,4,23,4,325618,350826,23425,102831,2.7786877455328858,0.22667125162843293
3475,0.3963,4,39,4,325657,350787,23429,102827,2.7783788493220123,0.2266839206902785
3476,0.3964,1,7,1,325664,350780,23430,102826,2.7783234064123685,0.22668571403376497
3477,0.3965,5,42,5,325706,350738,23435,102821,2.777990748954505,0.22669818039108472
3478,0.3966,0,5,0,325711,350733,23435,102821,2.777951146876188,0.22670067952217376
3479,0.3967,102,847,102,326558,349886,23537,102719,2.7712425548092763,0.22695065233481734
3480,0.3968,5,24,5,326582,349862,23542,102714,2.7710524648333545,0.2269541469278088
3481,0.3969,0,5,0,326587,349857,23542,102714,2.7710128627550374,0.22695665431501355
3482,0.397,14,64,14,326651,349793,23556,102700,2.770505956152579,0.22696483702510314
3483,0.3971,4,28,4,326679,349765,23560,102696,2.7702841845140034,0.2269720484196428
3484,0.3972,0,24,0,326703,349741,23560,102696,2.770094094538081,0.22698408839241707
3485,0.3973,3,63,3,326766,349678,23563,102693,2.7695951083512864,0.2270105731799784
3486,0.3974,2,9,2,326775,349669,23565,102691,2.7695238246103155,0.2270116721195508
3487,0.3975,47,454,47,327229,349215,23612,102644,2.7659279558991257,0.22715935723311917
3488,0.3976,1,10,1,327239,349205,23613,102643,2.7658487517424915,0.2271626741736159
3489,0.3977,5,44,5,327283,349161,23618,102638,2.7655002534533013,0.22717624430332958
3490,0.3978,4,24,4,327307,349137,23622,102634,2.765310163477379,0.22718147025816177
3491,0.3979,1,19,1,327326,349118,23623,102633,2.7651596755797745,0.2271893144674832
3492,0.398,15,123,15,327449,348995,23638,102618,2.7641854644531745,0.227225522737388
3493,0.3981,1,8,1,327457,348987,23639,102617,2.7641221011278674,0.22722783677735361
3494,0.3982,3,28,3,327485,348959,23642,102614,2.7639003294892914,0.2272367922794321
3495,0.3983,70,478,70,327963,348481,23712,102544,2.76011437080218,0.22735768527243502
3496,0.3984,0,12,0,327975,348469,23712,102544,2.760019325814219,0.22736373452649924
3497,0.3985,8,42,8,328017,348427,23720,102536,2.7596866683563555,0.22737120340249645
3498,0.3986,1,10,1,328027,348417,23721,102535,2.7596074641997212,0.2273745321009775
3499,0.3987,6,33,6,328060,348384,23727,102529,2.7593460904828286,0.22738089165759248
3500,0.3988,3,34,3,328094,348350,23730,102526,2.7590767963502723,0.2273928973819853
3501,0.3989,0,10,0,328104,348340,23730,102526,2.7589975921936385,0.22739794085160558
3502,0.399,9,94,9,328198,348246,23739,102517,2.7582530731212773,0.22742993546497828
3503,0.3991,1,9,1,328207,348237,23740,102516,2.758181789380307,0.22743276251073205
3504,0.3992,26,156,26,328363,348081,23766,102490,2.7569462045368143,0.22746692530145082
3505,0.3993,14,66,14,328429,348015,23780,102476,2.7564234571030286,0.22747624258864216
3506,0.3994,2,4,2,328433,348011,23782,102474,2.7563917754403753,0.22747483268033342
3507,0.3995,2,44,2,328477,347967,23784,102472,2.7560432771511847,0.22749362288789382
3508,0.3996,1,21,1,328498,347946,23785,102471,2.7558769484222534,0.22750251433671465
3509,0.3997,1,45,1,328543,347901,23786,102470,2.7555205297173995,0.2275235306003273
3510,0.3998,5,32,5,328575,347869,23791,102465,2.75526707641617,0.22753112134549022
3511,0.3999,0,10,0,328585,347859,23791,102465,2.755187872259536,0.2275361739547526
3512,0.4,526,4782,526,333367,343077,24317,101939,2.7173124445570904,0.22906816833552052
3513,0.4001,1,8,1,333375,343069,24318,101938,2.717249081231783,0.2290705539463424
3514,0.4002,7,38,7,333413,343031,24325,101931,2.716948105436573,0.2290779886821796
3515,0.4003,4,39,4,333452,342992,24329,101927,2.7166392092257,0.22909113793746727
3516,0.4004,4,17,4,333469,342975,24333,101923,2.716504562159422,0.22909296063367335
3517,0.4005,2,33,2,333502,342942,24335,101921,2.7162431884425295,0.22910648896401814
3518,0.4006,3,4,3,333506,342938,24338,101918,2.7162115067798758,0.2291033502976244
3519,0.4007,12,80,12,333586,342858,24350,101906,2.7155778735268026,0.2291237600165481
3520,0.4008,21,157,21,333743,342701,24371,101885,2.7143343682676466,0.2291682599092189
3521,0.4009,1,6,1,333749,342695,24372,101884,2.714286845773666,0.22916961889787868
3522,0.401,9,95,9,333844,342600,24381,101875,2.7135344062856417,0.22920299229427976
3523,0.4011,0,14,0,333858,342586,24381,101875,2.713423520466354,0.229210211919606
3524,0.4012,3,31,3,333889,342555,24384,101872,2.713177987580788,0.22922099692412928
3525,0.4013,6,51,6,333940,342504,24390,101866,2.7127740463819543,0.2292368971802777
3526,0.4014,1,12,1,333952,342492,24391,101865,2.712679001393993,0.22924135323624922
3527,0.4015,4,32,4,333984,342460,24395,101861,2.7124255480927637,0.2292509244442644
3528,0.4016,2,6,2,333990,342454,24397,101859,2.7123780255987833,0.22925055085041401
3529,0.4017,60,464,60,334454,341990,24457,101799,2.708702952730959,0.2293860370581515
3530,0.4018,5,34,5,334488,341956,24462,101794,2.7084336585984032,0.2293949295774648
3531,0.4019,0,9,0,334497,341947,24462,101794,2.7083623748574324,0.22939958218870918
3532,0.402,15,142,15,334639,341805,24477,101779,2.7072376758332277,0.22944695931323042
3533,0.4021,0,18,0,334657,341787,24477,101779,2.7070951083512864,0.22945627031828408
3534,0.4022,4,31,4,334688,341756,24481,101775,2.7068495754657205,0.22946535867842383
3535,0.4023,11,42,11,334730,341714,24492,101764,2.706516918007857,0.22946797811841851
3536,0.4024,0,12,0,334742,341702,24492,101764,2.706421873019896,0.22947418742361309
3537,0.4025,48,459,48,335201,341243,24540,101716,2.702786402230389,0.22962847577315282
3538,0.4026,1,7,1,335208,341236,24541,101715,2.7027309593207454,0.22963036543545448
3539,0.4027,12,74,12,335282,341162,24553,101703,2.7021448485616526,0.22964786108633556
3540,0.4028,1,24,1,335306,341138,24554,101702,2.7019547585857304,0.2296585674284166
3541,0.4029,3,17,3,335323,341121,24557,101699,2.7018201115194524,0.22966216521385666
3542,0.403,8,38,8,335361,341083,24565,101691,2.7015191357242427,0.22966795701644632
3543,0.4031,1,21,1,335382,341062,24566,101690,2.701352806995311,0.22967711043654235
3544,0.4032,7,31,7,335413,341031,24573,101683,2.7011072741097455,0.22968101302420976
3545,0.4033,94,841,94,336254,340190,24667,101589,2.6944462045368143,0.22995434368768095
3546,0.4034,0,7,0,336261,340183,24667,101589,2.69439076162717,0.22995798737810455
3547,0.4035,0,37,0,336298,340146,24667,101589,2.6940977062476237,0.22997724880301537
3548,0.4036,1,27,1,336325,340119,24668,101588,2.6938838550247115,0.2299895632172458
3549,0.4037,4,39,4,336364,340080,24672,101584,2.6935749588138385,0.2300028981307057
3550,0.4038,6,29,6,336393,340051,24678,101578,2.6933452667595996,0.23000754026569814
3551,0.4039,1,2,1,336395,340049,24679,101577,2.6933294259282725,0.2300068383654948
3552,0.404,19,184,19,336579,339865,24698,101558,2.6918720694462044,0.23006957045736176
3553,0.4041,1,2,1,336581,339863,24699,101557,2.6918562286148777,0.2300688686511712
3554,0.4042,20,139,20,336720,339724,24719,101537,2.690755290837663,0.23010644493848312
3555,0.4043,9,57,9,336777,339667,24728,101528,2.6903038271448487,0.23012046827366583
3556,0.4044,1,14,1,336791,339653,24729,101527,2.6901929413255607,0.2301260256584614
3557,0.4045,7,32,7,336823,339621,24736,101520,2.6899394880243315,0.23013050249240039
3558,0.4046,2,11,2,336834,339610,24738,101518,2.689852363452034,0.23013275058486427
3559,0.4047,7,35,7,336869,339575,24745,101511,2.6895751489038147,0.2301387937953143
3560,0.4048,3,20,3,336889,339555,24748,101508,2.6894167405905463,0.2301439930350086
3561,0.4049,1,5,1,336894,339550,24749,101507,2.689377138512229,0.2301448565604899
3562,0.405,196,1598,196,338492,337952,24945,101311,2.6767203142820937,0.23063859236949164
3563,0.4051,2,13,2,338505,337939,24947,101309,2.676617348878469,0.23064191527337632
3564,0.4052,4,20,4,338525,337919,24951,101305,2.676458940565201,0.23064541099757754
3565,0.4053,6,40,6,338565,337879,24957,101299,2.6761421239386642,0.23065590717203502
3566,0.4054,2,12,2,338577,337867,24959,101297,2.6760470789507034,0.23065870608701988
3567,0.4055,2,26,2,338603,337841,24961,101295,2.6758411481434545,0.23066885885010566
3568,0.4056,3,15,3,338618,337826,24964,101292,2.675722341908503,0.23067148238059018
3569,0.4057,16,68,16,338686,337758,24980,101276,2.6751837536433913,0.23067917291143739
3570,0.4058,24,127,24,338813,337631,25004,101252,2.6741778608541376,0.23070385501375082
3571,0.4059,2,9,2,338822,337622,25006,101250,2.6741065771131667,0.2307050802967608
3572,0.406,18,159,18,338981,337463,25024,101232,2.672847231022684,0.23075713194816444
3573,0.4061,0,8,0,338989,337455,25024,101232,2.672783867697377,0.23076134008985905
3574,0.4062,4,39,4,339028,337416,25028,101228,2.6724749714865035,0.23077484246906374
3575,0.4063,7,41,7,339069,337375,25035,101221,2.6721502344443038,0.2307841384782351
3576,0.4064,3,9,3,339078,337366,25038,101218,2.672078950703333,0.2307836127172902
3577,0.4065,5,31,5,339109,337335,25043,101213,2.671833417817767,0.23079115627023725
3578,0.4066,1,4,1,339113,337331,25044,101212,2.6718017361551136,0.23079150733223425
3579,0.4067,94,860,94,339973,336471,25138,101118,2.6649901786845773,0.23107984889930963
3580,0.4068,4,30,4,340003,336441,25142,101114,2.664752566214675,0.23108866313949103
3581,0.4069,0,6,0,340009,336435,25142,101114,2.6647050437206943,0.23109183200053024
3582,0.407,9,49,9,340058,336386,25151,101105,2.664316943353187,0.23110189695330877
3583,0.4071,4,25,4,340083,336361,25155,101101,2.664118932961602,0.2311080733869456
3584,0.4072,2,23,2,340106,336338,25157,101099,2.663936763401343,0.23111670937757894
3585,0.4073,12,54,12,340160,336284,25169,101087,2.6635090609555188,0.23112414860610328
3586,0.4074,1,6,1,340166,336278,25170,101086,2.6634615384615383,0.23112556131734666
3587,0.4075,41,471,41,340637,335807,25211,101045,2.6597310226840705,0.23130259218224936
3588,0.4076,2,13,2,340650,335794,25213,101043,2.6596280572804463,0.23130595622623543
3589,0.4077,7,61,7,340711,335733,25220,101036,2.6591449119249777,0.23132594117256491
3590,0.4078,3,27,3,340738,335706,25223,101033,2.6589310607020655,0.23133496207116835
3591,0.4079,4,19,4,340757,335687,25227,101029,2.658780572804461,0.23133798624277563
3592,0.408,5,126,5,340883,335561,25232,101024,2.6577826004308704,0.2313959480971632
3593,0.4081,0,11,0,340894,335550,25232,101024,2.657695475858573,0.23140177839266654
3594,0.4082,7,24,7,340918,335526,25239,101017,2.657505385882651,0.23140217573068403
3595,0.4083,57,464,57,341382,335062,25296,100960,2.653830313014827,0.23154794941539647
3596,0.4084,0,2,0,341384,335060,25296,100960,2.6538144721835,0.23154901151323334
3597,0.4085,3,50,3,341434,335010,25299,100957,2.6534184514003294,0.23157027940188132
3598,0.4086,3,21,3,341455,334989,25302,100954,2.6532521226713977,0.23157614642281216
3599,0.4087,2,59,2,341514,334930,25304,100952,2.652784818147256,0.23160396621103876
3600,0.4088,5,22,5,341536,334908,25309,100947,2.652610569002661,0.23160684172488558
3601,0.4089,1,7,1,341543,334901,25310,100946,2.6525551260930174,0.2316087985003912
3602,0.409,15,120,15,341663,334781,25325,100931,2.651604676213408,0.23164613322561692
3603,0.4091,2,8,2,341671,334773,25327,100929,2.6515413128881002,0.2316468595507939
3604,0.4092,23,156,23,341827,334617,25350,100906,2.6503057280446076,0.23168925636533547
3605,0.4093,9,66,9,341893,334551,25359,100897,2.6497829806108224,0.23170849332182028
3606,0.4094,2,7,2,341900,334544,25361,100895,2.6497275377011786,0.23170868939162545
3607,0.4095,5,31,5,341931,334513,25366,100890,2.6494820048156127,0.2317163639203221
3608,0.4096,5,6,5,341937,334507,25371,100885,2.6494344823216323,0.23171073423489638
3609,0.4097,3,35,3,341972,334472,25374,100882,2.6491572677734125,0.23172406822953276
3610,0.4098,6,47,6,342019,334425,25380,100876,2.6487850082372324,0.23173849818860973
3611,0.4099,2,11,2,342030,334414,25382,100874,2.648697883664935,0.23174082446564115
3612,0.41,541,4796,541,346826,329618,25923,100333,2.6107115701432013,0.233359150228747
3613,0.4101,0,9,0,346835,329609,25923,100333,2.6106402864022304,0.23336403514892706
3614,0.4102,5,31,5,346866,329578,25928,100328,2.6103947535166645,0.23337194642549766
3615,0.4103,3,32,3,346898,329546,25931,100325,2.6101413002154352,0.2333839686789758
3616,0.4104,0,18,0,346916,329528,25931,100325,2.609998732733494,0.23339374158142434
3617,0.4105,5,27,5,346943,329501,25936,100320,2.6097848815105817,0.2333994849018545
3618,0.4106,0,2,0,346945,329499,25936,100320,2.6097690406792546,0.23340057093799949
3619,0.4107,6,70,6,347015,329429,25942,100314,2.6092146115828156,0.23342788596905592
3620,0.4108,16,154,16,347169,329275,25958,100298,2.60799486757065,0.23348301685627357
3621,0.4109,0,6,0,347175,329269,25958,100298,2.6079473450766697,0.2334862780427733
3622,0.411,10,102,10,347277,329167,25968,100288,2.6071394626790014,0.23352388492391518
3623,0.4111,4,8,4,347285,329159,25972,100284,2.607076099353694,0.23352109593124118
3624,0.4112,3,21,3,347306,329138,25975,100281,2.6069097706247626,0.23352716111769622
3625,0.4113,4,40,4,347346,329098,25979,100277,2.6065929539982258,0.23354177583697233
3626,0.4114,2,31,2,347377,329067,25981,100275,2.60634742111266,0.23355506798775802
3627,0.4115,7,41,7,347418,329026,25988,100268,2.60602268407046,0.23356487628524975
3628,0.4116,1,8,1,347426,329018,25989,100267,2.6059593207451526,0.2335674435398395
3629,0.4117,56,453,56,347879,328565,26045,100211,2.602371372449626,0.23371410713286192
3630,0.4118,5,31,5,347910,328534,26050,100206,2.6021258395640605,0.23372206931940104
3631,0.4119,1,9,1,347919,328525,26051,100205,2.6020545558230896,0.23372518834697828
3632,0.412,9,99,9,348018,328426,26060,100196,2.601270434672412,0.23376308262291717
3633,0.4121,2,19,2,348037,328407,26062,100194,2.6011199467748067,0.23376986987897835
3634,0.4122,4,29,4,348066,328378,26066,100190,2.600890254720568,0.23377853689496184
3635,0.4123,8,48,8,348114,328330,26074,100182,2.600510074768724,0.23379041893809274
3636,0.4124,1,8,1,348122,328322,26075,100181,2.6004467114434164,0.23379299561496653
3637,0.4125,57,420,57,348542,327902,26132,100124,2.5971201368647825,0.23392036932335886
3638,0.4126,2,10,2,348552,327892,26134,100122,2.5970409327081487,0.2339222548795133
3639,0.4127,7,51,7,348603,327841,26141,100115,2.5966369915093144,0.2339376010617914
3640,0.4128,7,22,7,348625,327819,26148,100108,2.5964627423647193,0.2339370967478098
3641,0.4129,4,13,4,348638,327806,26152,100104,2.596359776961095,0.2339370428361104
3642,0.413,9,58,9,348696,327748,26161,100095,2.595900392852617,0.23395264150634695
3643,0.4131,3,12,3,348708,327736,26164,100092,2.595805347864656,0.23395383191375974
3644,0.4132,6,35,6,348743,327701,26170,100086,2.5955281333164364,0.23396222886623483
3645,0.4133,99,838,99,349581,326863,26269,99987,2.5888908249904956,0.23424387958299167
3646,0.4134,1,7,1,349588,326856,26270,99986,2.5888353820808514,0.234245927064347
3647,0.4135,7,39,7,349627,326817,26277,99979,2.5885264858699784,0.2342547727720035
3648,0.4136,1,8,1,349635,326809,26278,99978,2.5884631225446713,0.23425736960122964
3649,0.4137,4,25,4,349660,326784,26282,99974,2.5882651121530857,0.23426391538061384
3650,0.4138,3,31,3,349691,326753,26285,99971,2.58801957926752,0.23427555047290521
3651,0.4139,2,6,2,349697,326747,26287,99969,2.5879720567735394,0.23427525567356275
3652,0.414,30,158,30,349855,326589,26317,99939,2.58672063109872,0.2343081814089579
3653,0.4141,0,10,0,349865,326579,26317,99939,2.586641426942086,0.23431367492110533
3654,0.4142,23,167,23,350032,326412,26340,99916,2.5853187175262957,0.23436415154528908
3655,0.4143,8,72,8,350104,326340,26348,99908,2.58474844759853,0.23438936956888948
3656,0.4144,0,10,0,350114,326330,26348,99908,2.584669243441896,0.2343948685945411
3657,0.4145,7,30,7,350144,326300,26355,99901,2.5844316309719932,0.23439879305773567
3658,0.4146,2,16,2,350160,326284,26357,99899,2.5843049043213786,0.23440400015955587
3659,0.4147,8,43,8,350203,326241,26365,99891,2.583964326447852,0.23441328039199122
3660,0.4148,4,35,4,350238,326206,26369,99887,2.5836871118996325,0.2344253484567923
3661,0.4149,0,5,0,350243,326201,26369,99887,2.5836475098213154,0.23442809935975667
3662,0.415,201,1506,201,351749,324695,26570,99686,2.571719363832214,0.23489741529427566
3663,0.4151,1,11,1,351760,324684,26571,99685,2.5716322392599165,0.23490170111388908
3664,0.4152,3,29,3,351789,324655,26574,99682,2.571402547205677,0.23491234561209604
3665,0.4153,5,33,5,351822,324622,26579,99677,2.5711411734887846,0.23492160009804408
3666,0.4154,2,10,2,351832,324612,26581,99675,2.5710619693321504,0.23492353053475595
3667,0.4155,3,29,3,351861,324583,26584,99672,2.5708322772779115,0.23493417873684458
3668,0.4156,1,13,1,351874,324570,26585,99671,2.5707293118742873,0.2349395744399999
3669,0.4157,7,65,7,351939,324505,26592,99664,2.5702144848561654,0.23496295108789186
3670,0.4158,25,154,25,352093,324351,26617,99639,2.5689947408439995,0.23500318403735937
3671,0.4159,0,4,0,352097,324347,26617,99639,2.5689630591813457,0.23500540112173515
3672,0.416,27,185,27,352282,324162,26644,99612,2.5674977822836142,0.2350592532812301
3673,0.4161,0,10,0,352292,324152,26644,99612,2.56741857812698,0.23506480021898982
3674,0.4162,9,44,9,352336,324108,26653,99603,2.56707007983779,0.23507296246734213
3675,0.4163,6,38,6,352374,324070,26659,99597,2.56676910404258,0.23508321393924947
3676,0.4164,0,6,0,352380,324064,26659,99597,2.5667215815485998,0.23508654325038178
3677,0.4165,4,39,4,352419,324025,26663,99593,2.5664126853377267,0.2351009636040017
3678,0.4166,2,8,2,352427,324017,26665,99591,2.566349322012419,0.23510179222299862
3679,0.4167,111,825,111,353252,323192,26776,99480,2.5598149790901026,0.2353598061854109
3680,0.4168,5,20,5,353272,323172,26781,99475,2.559656570776834,0.23536189775391758
3681,0.4169,2,14,2,353286,323158,26783,99473,2.5595456849575466,0.2353660758439395
3682,0.417,14,65,14,353351,323093,26797,99459,2.5590308579394248,0.23537694768927847
3683,0.4171,4,18,4,353369,323075,26801,99455,2.558888290457483,0.23537973635008166
3684,0.4172,4,18,4,353387,323057,26805,99451,2.5587457229755417,0.23538252530129608
3685,0.4173,6,70,6,353457,322987,26811,99445,2.5581912938791027,0.2354106696462389
3686,0.4174,1,11,1,353468,322976,26812,99444,2.558104169306805,0.23541498982055775
3687,0.4175,56,422,56,353890,322554,26868,99388,2.5547617538968446,0.23554896170563727
3688,0.4176,2,10,2,353900,322544,26870,99386,2.5546825497402104,0.23555092076884793
3689,0.4177,6,61,6,353961,322483,26876,99380,2.5541994043847422,0.23557410818204014
3690,0.4178,4,20,4,353981,322463,26880,99376,2.554040996071474,0.23557802858436513
3691,0.4179,2,31,2,354012,322432,26882,99374,2.553795463185908,0.23559171751942837
3692,0.418,12,116,12,354128,322316,26894,99362,2.552876694968952,0.23563477345272935
3693,0.4181,0,12,0,354140,322304,26894,99362,2.552781649980991,0.23564147927506604
3694,0.4182,7,29,7,354169,322275,26901,99355,2.552551957926752,0.23564499679814055
3695,0.4183,68,464,68,354633,321811,26969,99287,2.548876885058928,0.23578121957359094
3696,0.4184,1,4,1,354637,321807,26970,99286,2.548845203396274,0.23578164443483982
3697,0.4185,6,41,6,354678,321766,26976,99280,2.5485204663540744,0.2357937137509916
3698,0.4186,2,17,2,354695,321749,26978,99278,2.5483858192877964,0.23579960430091182
3699,0.4187,5,42,5,354737,321707,26983,99273,2.548053161829933,0.2358140529241294
3700,0.4188,4,29,4,354766,321678,26987,99269,2.5478234697756936,0.23582303710443359
3701,0.4189,1,7,1,354773,321671,26988,99268,2.54776802686605,0.23582514331055093
3702,0.419,17,105,17,354878,321566,27005,99251,2.5469363832213916,0.23585311429908962
3703,0.4191,0,4,0,354882,321562,27005,99251,2.546904701558738,0.2358553561795857
3704,0.4192,17,178,17,355060,321384,27022,99234,2.54549486757065,0.2359242828409626
3705,0.4193,10,55,10,355115,321329,27032,99224,2.5450592447091624,0.23593696870549016
3706,0.4194,3,10,3,355125,321319,27035,99221,2.5449800405525282,0.23593712845389261
3707,0.4195,1,21,1,355146,321298,27036,99220,2.5448137118235965,0.23594709382238097
3708,0.4196,1,10,1,355156,321288,27037,99219,2.5447345076669623,0.23595088785680143
3709,0.4197,3,42,3,355198,321246,27040,99216,2.544401850209099,0.2359690055224967
3710,0.4198,6,20,6,355218,321226,27046,99210,2.544243441895831,0.23596932707950793
3711,0.4199,0,8,0,355226,321218,27046,99210,2.5441800785705233,0.23597381715775353
3712,0.42,566,4698,566,359924,316520,27612,98644,2.5069699657838043,0.23760248961856037
3713,0.4201,2,9,2,359933,316511,27614,98642,2.5068986820428334,0.23760396769383818
3714,0.4202,2,34,2,359967,316477,27616,98640,2.5066293879102775,0.23761975539426233
3715,0.4203,5,22,5,359989,316455,27621,98635,2.5064551387656824,0.23762316606037245
3716,0.4204,1,9,1,359998,316446,27622,98634,2.5063838550247115,0.2376264816420931
3717,0.4205,5,31,5,360029,316415,27627,98629,2.506138322139146,0.2376350459228419
3718,0.4206,1,8,1,360037,316407,27628,98628,2.5060749588138385,0.237637789584011
3719,0.4207,11,72,11,360109,316335,27639,98617,2.505504688886073,0.23765881354951898
3720,0.4208,14,178,14,360287,316157,27653,98603,2.504094854897985,0.23773507570643262
3721,0.4209,1,11,1,360298,316146,27654,98602,2.5040077303256876,0.23773954304782663
3722,0.421,9,108,9,360406,316038,27663,98593,2.503152325434039,0.23778492201499646
3723,0.4211,0,9,0,360415,316029,27663,98593,2.503081041693068,0.2377900834977401
3724,0.4212,8,30,8,360445,315999,27671,98585,2.502843429223166,0.23779258244408852
3725,0.4213,6,39,6,360484,315960,27677,98579,2.5025345330122923,0.23780392194703032
3726,0.4214,1,14,1,360498,315946,27678,98578,2.502423647193005,0.23781011473400818
3727,0.4215,5,49,5,360547,315897,27683,98573,2.5020355468254976,0.23782903467078437
3728,0.4216,0,6,0,360553,315891,27683,98573,2.501988024331517,0.23783247760963558
3729,0.4217,71,499,71,361052,315392,27754,98502,2.4980357369154733,0.23798847047794847
3730,0.4218,6,29,6,361081,315363,27760,98496,2.4978060448612345,0.23799409943966424
3731,0.4219,1,6,1,361087,315357,27761,98495,2.497758522367254,0.23799570861080774
3732,0.422,11,94,11,361181,315263,27772,98484,2.497014003294893,0.23802952045573744
3733,0.4221,2,25,2,361206,315238,27774,98482,2.4968159929033074,0.2380402204389442
3734,0.4222,6,26,6,361232,315212,27780,98476,2.496610062096059,0.23804412987565507
3735,0.4223,1,41,1,361273,315171,27781,98475,2.496285325053859,0.23806588242120075
3736,0.4224,5,10,5,361283,315161,27786,98470,2.4962061208972246,0.23806242762268787
3737,0.4225,47,387,47,361670,314774,27833,98423,2.4931409200354833,0.23819872845156184
3738,0.4226,0,10,0,361680,314764,27833,98423,2.4930617158788495,0.2382044933649897
3739,0.4227,6,60,6,361740,314704,27839,98417,2.4925864909390443,0.23822802520326974
3740,0.4228,1,19,1,361759,314685,27840,98416,2.4924360030414396,0.23823713813328945
3741,0.4229,0,31,0,361790,314654,27840,98416,2.4921904701558737,0.23825501730941487
3742,0.423,12,66,12,361856,314588,27852,98404,2.4916677227220885,0.2382709592437626
3743,0.4231,1,8,1,361864,314580,27853,98403,2.491604359396781,0.23827373039568214
3744,0.4232,5,44,5,361908,314536,27858,98398,2.491255861107591,0.23828989620617338
3745,0.4233,130,839,130,362747,313697,27988,98268,2.4846106323659867,0.23853482698772954
3746,0.4234,0,5,0,362752,313692,27988,98268,2.4845710302876696,0.2385377221089426
3747,0.4235,5,42,5,362794,313650,27993,98263,2.484238372829806,0.2385528011983113
3748,0.4236,3,11,3,362805,313639,27996,98260,2.4841512482575085,0.23855362601025978
3749,0.4237,2,29,2,362834,313610,27998,98258,2.4839215562032697,0.23856672526149156
3750,0.4238,7,32,7,362866,313578,28005,98251,2.4836681029020404,0.2385723200648813
3751,0.4239,0,7,0,362873,313571,28005,98251,2.483612659992396,0.23857637523007513
3752,0.424,16,159,16,363032,313412,28021,98235,2.4823533139019136,0.23863893092868405
3753,0.4241,2,8,2,363040,313404,28023,98233,2.482289950576606,0.23863986959384118
3754,0.4242,25,160,25,363200,313244,28048,98208,2.48102268407046,0.23868640813509232
3755,0.4243,3,70,3,363270,313174,28051,98205,2.480468254974021,0.23872147095500743
3756,0.4244,0,24,0,363294,313150,28051,98205,2.480278164998099,0.23873539886472755
3757,0.4245,4,54,4,363348,313096,28055,98201,2.4798504625522746,0.2387593393581767
3758,0.4246,2,11,2,363359,313085,28057,98199,2.479763337979977,0.23876202332208402
3759,0.4247,6,47,6,363406,313038,28063,98193,2.479391078443797,0.23877820495050228
3760,0.4248,3,29,3,363435,313009,28066,98190,2.4791613863895576,0.23878949121957982
3761,0.4249,1,8,1,363443,313001,28067,98189,2.4790980230642505,0.23879228580461587
3762,0.425,198,1477,198,364920,311524,28265,97991,2.467399569129388,0.23928549625776835
3763,0.4251,3,10,3,364930,311514,28268,97988,2.4673203649727538,0.23928576661408246
3764,0.4252,4,24,4,364954,311490,28272,97984,2.467130274996832,0.2392923604429097
3765,0.4253,7,49,7,365003,311441,28279,97977,2.4667421746293248,0.23930799329780322
3766,0.4254,1,8,1,365011,311433,28280,97976,2.4666788113040172,0.2393108114379508
3767,0.4255,3,46,3,365057,311387,28283,97973,2.4663144721835,0.23933212820011726
3768,0.4256,1,3,1,365060,311384,28284,97972,2.46629071093651,0.2393320239595853
3769,0.4257,8,51,8,365111,311333,28292,97964,2.4658867697376756,0.23934697786692793
3770,0.4258,24,152,24,365263,311181,28316,97940,2.4646828665568368,0.23939128033026905
3771,0.4259,1,11,1,365274,311170,28317,97939,2.4645957419845392,0.23939585782762052
3772,0.426,21,157,21,365431,311013,28338,97918,2.4633522367253833,0.23944870895089881
3773,0.4261,0,10,0,365441,311003,28338,97918,2.463273032568749,0.23945456457359734
3774,0.4262,3,30,3,365471,310973,28341,97915,2.463035420098847,0.2394665531881591
3775,0.4263,7,23,7,365494,310950,28348,97908,2.462853250538588,0.23946700321382974
3776,0.4264,4,13,4,365507,310937,28352,97904,2.462750285134964,0.23946717672640463
3777,0.4265,3,41,3,365548,310896,28355,97901,2.4624255480927637,0.23948561266349802
3778,0.4266,0,9,0,365557,310887,28355,97901,2.4623542643517933,0.23949088525103476
3779,0.4267,119,758,119,366315,310129,28474,97782,2.4563505892789252,0.23971405527186077
3780,0.4268,3,24,3,366339,310105,28477,97779,2.4561604993030035,0.23972256818114954
3781,0.4269,3,3,3,366342,310102,28480,97776,2.456136738056013,0.23971873942698552
3782,0.427,7,72,7,366414,310030,28487,97769,2.4555664681282474,0.23974801311430385
3783,0.4271,8,14,8,366428,310016,28495,97761,2.4554555823089594,0.23974132920689495
3784,0.4272,2,17,2,366445,309999,28497,97759,2.4553209352426815,0.2397475953874602
3785,0.4273,11,76,11,366521,309923,28508,97748,2.454718983652262,0.23977177675135097
3786,0.4274,1,16,1,366537,309907,28509,97747,2.4545922570016474,0.23977932266088398
3787,0.4275,43,404,43,366941,309503,28552,97704,2.451392409073628,0.23993693625109588
3788,0.4276,4,12,4,366953,309491,28556,97700,2.4512973640856672,0.239936540837101
3789,0.4277,5,32,5,366985,309459,28561,97695,2.451043910784438,0.23994606463402054
3790,0.4278,3,23,3,367008,309436,28564,97692,2.4508617412241795,0.2399540193747421
3791,0.4279,0,15,0,367023,309421,28564,97692,2.4507429349892282,0.23996286043432657
3792,0.428,16,102,16,367125,309319,28580,97676,2.44993505259156,0.23999312030860329
3793,0.4281,2,11,2,367136,309308,28582,97674,2.4498479280192624,0.2399958720533095
3794,0.4282,5,29,5,367165,309279,28587,97669,2.4496182359650236,0.24000363682829257
3795,0.4283,41,430,41,367595,308849,28628,97628,2.4462124572297554,0.2401808712424073
3796,0.4284,0,5,0,367600,308844,28628,97628,2.4461728551514383,0.24018382570017122
3797,0.4285,8,37,8,367637,308807,28636,97620,2.445879799771892,0.24019073535960947
3798,0.4286,4,12,4,367649,308795,28640,97616,2.445784754783931,0.24019034917854093
3799,0.4287,7,40,7,367689,308755,28647,97609,2.4454679381573947,0.24020090362335247
3800,0.4288,2,30,2,367719,308725,28649,97607,2.445230325687492,0.24021489816209404
3801,0.4289,1,9,1,367728,308716,28650,97606,2.4451590419465212,0.2402183489941475
3802,0.429,12,101,12,367829,308615,28662,97594,2.4443590799645167,0.24025563195300942
3803,0.4291,1,9,1,367838,308606,28663,97593,2.444287796223546,0.24025908483280362
3804,0.4292,25,183,25,368021,308423,28688,97568,2.442838360157141,0.24032059823986246
3805,0.4293,9,66,9,368087,308357,28697,97559,2.442315612723356,0.24034282955094158
3806,0.4294,1,5,1,368092,308352,28698,97558,2.4422760106450387,0.2403439186026459
3807,0.4295,6,34,6,368126,308318,28704,97552,2.4420067165124824,0.24035282233227387
3808,0.4296,2,6,2,368132,308312,28706,97550,2.441959194018502,0.2403526321754685
3809,0.4297,4,34,4,368166,308278,28710,97546,2.441689899885946,0.24036528150134048
3810,0.4298,4,27,4,368193,308251,28714,97542,2.441476048663034,0.24037378663505776
3811,0.4299,0,9,0,368202,308242,28714,97542,2.441404764922063,0.24037911795437966
3812,0.43,557,4490,557,372692,303752,29271,96985,2.405842098593334,0.24201658444316348
3813,0.4301,1,5,1,372697,303747,29272,96984,2.405802496515017,0.24201771263016836
3814,0.4302,3,22,3,372719,303725,29275,96981,2.405628247370422,0.242025325300844
3815,0.4303,11,43,11,372762,303682,29286,96970,2.405287669496895,0.24203049030080967
3816,0.4304,2,16,2,372778,303666,29288,96968,2.4051609428462806,0.24203637234982553
3817,0.4305,2,34,2,372812,303632,29290,96966,2.4048916487137246,0.24205313056979816
3818,0.4306,1,11,1,372823,303621,29291,96965,2.404804524141427,0.24205788519818466
3819,0.4307,11,69,11,372892,303552,29302,96954,2.4042580154606514,0.2420787703555003
3820,0.4308,23,175,23,373067,303377,29325,96931,2.4028719427195537,0.24214105139042938
3821,0.4309,3,3,3,373070,303374,29328,96928,2.4028481814725637,0.2421371864242497
3822,0.431,18,89,18,373159,303285,29346,96910,2.4021432644785197,0.2421569484876123
3823,0.4311,2,9,2,373168,303276,29348,96908,2.4020719807375492,0.24215860704076125
3824,0.4312,5,34,5,373202,303242,29353,96903,2.401802686604993,0.2421697134788639
3825,0.4313,5,47,5,373249,303195,29358,96898,2.4014304270688127,0.24218869112931243
3826,0.4314,4,15,4,373264,303180,29362,96894,2.4013116208338614,0.24219019481395943
3827,0.4315,3,31,3,373295,303149,29365,96891,2.4010660879482955,0.24220327967203278
3828,0.4316,0,4,0,373299,303145,29365,96891,2.4010344062856417,0.24220570148686618
3829,0.4317,79,491,79,373790,302654,29444,96812,2.3971454821949054,0.24235354197854136
3830,0.4318,2,24,2,373814,302630,29446,96810,2.3969553922189837,0.24236431003404765
3831,0.4319,1,13,1,373827,302617,29447,96809,2.3968524268153595,0.24237030138248386
3832,0.432,13,81,13,373908,302536,29460,96796,2.396210873146623,0.2423947993148558
3833,0.4321,1,16,1,373924,302520,29461,96795,2.3960841464960083,0.24240261447729236
3834,0.4322,6,15,6,373939,302505,29467,96789,2.395965340261057,0.24240033659408858
3835,0.4323,7,41,7,373980,302464,29474,96782,2.395640603218857,0.24241194651918868
3836,0.4324,1,11,1,373991,302453,29475,96781,2.3955534786465593,0.24241672803418546
3837,0.4325,55,391,55,374382,302062,29530,96726,2.3924565961221647,0.24254992627661814
3838,0.4326,0,8,0,374390,302054,29530,96726,2.392393232796857,0.24255479211595365
3839,0.4327,10,62,10,374452,301992,29540,96716,2.3919021670257257,0.24257351244519798
3840,0.4328,1,19,1,374471,301973,29541,96715,2.3917516791281206,0.24258317280680633
3841,0.4329,2,17,2,374488,301956,29543,96713,2.3916170320618426,0.24258971728426337
3842,0.433,10,79,10,374567,301877,29553,96703,2.3909913192244328,0.24261879672838577
3843,0.4331,1,8,1,374575,301869,29554,96702,2.3909279558991257,0.24262176625996373
3844,0.4332,3,22,3,374597,301847,29557,96699,2.3907537067545306,0.24262945808012124
3845,0.4333,112,804,112,375401,301043,29669,96587,2.3843856925611457,0.2429067223298041
3846,0.4334,1,7,1,375408,301036,29670,96586,2.3843302496515015,0.24290909456720203
3847,0.4335,3,49,3,375457,300987,29673,96583,2.3839421492839943,0.24293331991850492
3848,0.4336,0,5,0,375462,300982,29673,96583,2.383902547205677,0.24293637518393218
3849,0.4337,4,28,4,375490,300954,29677,96579,2.3836807755671017,0.24294586864486722
3850,0.4338,5,30,5,375520,300924,29682,96574,2.3834431630971995,0.24295468153298885
3851,0.4339,1,7,1,375527,300917,29683,96573,2.3833877201875553,0.2429570555234094
3852,0.434,20,159,20,375686,300758,29703,96553,2.3821283740970727,0.2430161762448057
3853,0.4341,1,10,1,375696,300748,29704,96552,2.3820491699404385,0.24302038761641076
3854,0.4342,21,142,21,375838,300606,29725,96531,2.380924470916234,0.24306725386957145
3855,0.4343,6,76,6,375914,300530,29731,96525,2.3803225193258144,0.2431023409855058
3856,0.4344,3,11,3,375925,300519,29734,96522,2.380235394753517,0.2431033570840291
3857,0.4345,8,31,8,375956,300488,29742,96514,2.379989861867951,0.24310708762172484
3858,0.4346,3,12,3,375968,300476,29745,96511,2.37989481687999,0.2431087164063307
3859,0.4347,9,39,9,376007,300437,29754,96502,2.3795859206691166,0.24311544091157583
3860,0.4348,3,37,3,376044,300400,29757,96499,2.37929286528957,0.24313238380545177
3861,0.4349,0,10,0,376054,300390,29757,96499,2.3792136611329364,0.24313850975965573
3862,0.435,219,1552,219,377606,298838,29976,96280,2.3669211760233178,0.2436740416786884
3863,0.4351,0,5,0,377611,298833,29976,96280,2.3668815739450006,0.243677125278085
3864,0.4352,4,33,4,377644,298800,29980,96276,2.366620200228108,0.2436898217051909
3865,0.4353,4,60,4,377704,298740,29984,96272,2.3661449752883033,0.24371917815154984
3866,0.4354,2,4,2,377708,298736,29986,96270,2.3661132936256495,0.24371781694455275
3867,0.4355,5,31,5,377739,298705,29991,96265,2.3658677607400835,0.2437273716991164
3868,0.4356,2,8,2,377747,298697,29993,96263,2.3658043974147764,0.24372847883329957
3869,0.4357,11,55,11,377802,298642,30004,96252,2.3653687745532888,0.24374135844049288
3870,0.4358,26,137,26,377939,298505,30030,96226,2.3642836776074008,0.2437761412202234
3871,0.4359,1,11,1,377950,298494,30031,96225,2.3641965530351032,0.24378101890205436
3872,0.436,30,172,30,378122,298322,30061,96195,2.362834241540996,0.24382979694157667
3873,0.4361,1,9,1,378131,298313,30062,96194,2.3627629578000255,0.24383344275260008
3874,0.4362,11,42,11,378173,298271,30073,96183,2.362430300342162,0.2438383182829937
3875,0.4363,7,34,7,378207,298237,30080,96176,2.3621610062096057,0.2438459178576771
3876,0.4364,1,9,1,378216,298228,30081,96175,2.3620897224686352,0.24384956503880548
3877,0.4365,9,45,9,378261,298183,30090,96166,2.3617333037637813,0.2438601340437024
3878,0.4366,5,10,5,378271,298173,30095,96161,2.3616540996071476,0.2438567305887902
3879,0.4367,118,847,118,379118,297326,30213,96043,2.354945507540236,0.24415497916714332
3880,0.4368,3,29,3,379147,297297,30216,96040,2.3547158154859966,0.244167215390365
3881,0.4369,0,9,0,379156,297288,30216,96040,2.354644531745026,0.2441728023430826
3882,0.437,14,69,14,379225,297219,30230,96026,2.3540980230642505,0.24418873730117358
3883,0.4371,2,26,2,379251,297193,30232,96024,2.3538920922570017,0.24420103912089253
3884,0.4372,5,17,5,379268,297176,30237,96019,2.3537574451907237,0.24420198629178907
3885,0.4373,7,56,7,379324,297120,30244,96012,2.3533139019135723,0.2442233143066451
3886,0.4374,4,13,4,379337,297107,30248,96008,2.353210936509948,0.24422370044389047
3887,0.4375,57,357,57,379694,296750,30305,95951,2.3503833481181093,0.24433602155329373
3888,0.4376,3,7,3,379701,296743,30308,95948,2.350327905208465,0.24433460405255022
3889,0.4377,8,53,8,379754,296690,30316,95940,2.3499081231783046,0.2443521890838703
3890,0.4378,2,28,2,379782,296662,30318,95938,2.3496863515397286,0.24436576668364748
3891,0.4379,2,17,2,379799,296645,30320,95936,2.3495517044734506,0.24437249892378898
3892,0.438,19,118,19,379917,296527,30339,95917,2.3486170954251677,0.24440939344212168
3893,0.4381,2,12,2,379929,296515,30341,95915,2.348522050437207,0.2444130163341233
3894,0.4382,4,18,4,379947,296497,30345,95911,2.3483794829552656,0.24441652565696928
3895,0.4383,76,444,76,380391,296053,30421,95835,2.34486281840071,0.2445469113624301
3896,0.4384,2,7,2,380398,296046,30423,95833,2.3448073754910657,0.24454742407733
3897,0.4385,9,39,9,380437,296007,30432,95824,2.3444984792801926,0.2445544124890578
3898,0.4386,4,16,4,380453,295991,30436,95820,2.344371752629578,0.2445566867698967
3899,0.4387,5,33,5,380486,295958,30441,95815,2.3441103789126854,0.24456764503934678
3900,0.4388,5,33,5,380519,295925,30446,95810,2.3438490051957928,0.24457860543479648
3901,0.4389,3,5,3,380524,295920,30449,95807,2.3438094031174757,0.24457594191873422
3902,0.439,18,94,18,380618,295826,30467,95789,2.3430648840451145,0.2445999259476782
3903,0.4391,2,8,2,380626,295818,30469,95787,2.3430015207198074,0.24460106484850808
3904,0.4392,19,156,19,380782,295662,30488,95768,2.3417659358763148,0.2446618807960555
3905,0.4393,9,78,9,380860,295584,30497,95759,2.3411481434545687,0.24469327418658313
3906,0.4394,1,3,1,380863,295581,30498,95758,2.3411243822075782,0.244693219944856
3907,0.4395,5,25,5,380888,295556,30503,95753,2.3409263718159927,0.2446992019094884
3908,0.4396,2,10,2,380898,295546,30505,95751,2.340847167659359,0.2447015949521719
3909,0.4397,2,32,2,380930,295514,30507,95749,2.3405937143581297,0.24471774739753055
3910,0.4398,5,34,5,380964,295480,30512,95744,2.3403244202255733,0.24472936220681757
3911,0.4399,1,4,1,380968,295476,30513,95743,2.34029273856292,0.24472993387335482
3912,0.44,603,4402,603,385370,291074,31116,95140,2.305427068812571,0.24634011195865504
3913,0.4401,1,10,1,385380,291064,31117,95139,2.3053478646559373,0.24634453901186681
3914,0.4402,2,23,2,385403,291041,31119,95137,2.3051656950956785,0.24635530765605498
3915,0.4403,4,42,4,385445,290999,31123,95133,2.3048330376378154,0.24637429687257206
3916,0.4404,1,10,1,385455,290989,31124,95132,2.3047538334811812,0.24637872583982742
3917,0.4405,2,35,2,385490,290954,31126,95130,2.3044766189329615,0.24639715709534712
3918,0.4406,0,5,0,385495,290949,31126,95130,2.3044370168546444,0.2464003481152821
3919,0.4407,13,60,13,385555,290889,31139,95117,2.3039617919148396,0.24641326818754114
3920,0.4408,24,149,24,385704,290740,31163,95093,2.302781649980991,0.24646155201861947
3921,0.4409,1,7,1,385711,290733,31164,95092,2.302726207071347,0.2464640704982829
3922,0.441,13,107,13,385818,290626,31177,95079,2.3018787225953616,0.24650704553998523
3923,0.4411,0,10,0,385828,290616,31177,95079,2.301799518438728,0.24651343678295026
3924,0.4412,9,33,9,385861,290583,31186,95070,2.301538144721835,0.2465169465815124
3925,0.4413,6,34,6,385895,290549,31192,95064,2.301268850589279,0.24652695837536598
3926,0.4414,4,19,4,385914,290530,31196,95060,2.3011183626916742,0.24653128971187013
3927,0.4415,6,43,6,385957,290487,31202,95054,2.3007777848181474,0.24654705984577516
3928,0.4416,0,9,0,385966,290478,31202,95054,2.3007065010771766,0.24655281533050435
3929,0.4417,67,459,67,386425,290019,31269,94987,2.2970710302876696,0.24671563560048415
3930,0.4418,4,27,4,386452,289992,31273,94983,2.2968571790647574,0.24672511202026107
3931,0.4419,2,8,2,386460,289984,31275,94981,2.29679381573945,0.2467263257698752
3932,0.442,19,105,19,386565,289879,31294,94962,2.2959621720947916,0.2467564526648668
3933,0.4421,3,22,3,386587,289857,31297,94959,2.2957879229501965,0.24676468753897968
3934,0.4422,2,26,2,386613,289831,31299,94957,2.2955819921429477,0.2467774462821086
3935,0.4423,5,45,5,386658,289786,31304,94952,2.295225573438094,0.24679652126901944
3936,0.4424,1,10,1,386668,289776,31305,94951,2.29514636928146,0.24680097835608106
3937,0.4425,59,397,59,387065,289379,31364,94892,2.2920019642630844,0.24694031035389089
3938,0.4426,4,11,4,387076,289368,31368,94888,2.291914839690787,0.24693954030646237
3939,0.4427,5,43,5,387119,289325,31373,94883,2.29157426181726,0.24695737725398742
3940,0.4428,2,26,2,387145,289299,31375,94881,2.2913683310100113,0.24697017023270343
3941,0.4429,6,18,6,387163,289281,31381,94875,2.29122576352807,0.246969980945241
3942,0.443,4,68,4,387231,289213,31385,94871,2.2906871752629576,0.2470058633007363
3943,0.4431,0,6,0,387237,289207,31385,94871,2.290639652768977,0.24700972198355542
3944,0.4432,3,21,3,387258,289186,31388,94868,2.2904733240400454,0.2470173465189791
3945,0.4433,109,773,109,388031,288413,31497,94759,2.2843508427322265,0.24730147296775337
3946,0.4434,3,6,3,388037,288407,31500,94756,2.284303320238246,0.24729945219136504
3947,0.4435,5,30,5,388067,288377,31505,94751,2.2840657077683435,0.24730899333904074
3948,0.4436,4,11,4,388078,288366,31509,94747,2.283978583196046,0.24730823542923366
3949,0.4437,5,39,5,388117,288327,31514,94742,2.283669686985173,0.24732358922282932
3950,0.4438,3,41,3,388158,288286,31517,94739,2.283344949942973,0.2473441681352392
3951,0.4439,3,11,3,388169,288275,31520,94736,2.2832578253706752,0.2473453765035469
3952,0.444,27,144,27,388313,288131,31547,94709,2.282117285515144,0.24738533068644863
3953,0.4441,0,8,0,388321,288123,31547,94709,2.2820539221898364,0.24739050027165962
3954,0.4442,36,161,36,388482,287962,31583,94673,2.2807787352680267,0.24742378506932194
3955,0.4443,4,48,4,388530,287914,31587,94669,2.280398555316183,0.24744695922192048
3956,0.4444,1,9,1,388539,287905,31588,94668,2.2803272715752123,0.24745081330883256
3957,0.4445,7,41,7,388580,287864,31595,94661,2.280002534533012,0.24746356447291026
3958,0.4446,2,9,2,388589,287855,31597,94659,2.2799312507920417,0.24746545224488514
3959,0.4447,4,38,4,388627,287817,31601,94655,2.279630274996832,0.24748216862933758
3960,0.4448,5,26,5,388653,287791,31606,94650,2.279424344189583,0.24748915518995088
3961,0.4449,1,14,1,388667,287777,31607,94649,2.279313458370295,0.2474962476400663
3962,0.445,182,1502,182,390169,286275,31789,94467,2.2674169940438476,0.2481128953464551
3963,0.4451,1,9,1,390178,286266,31790,94466,2.2673457103028767,0.24811678556044672
3964,0.4452,5,30,5,390208,286236,31795,94461,2.267108097832974,0.24812646277748446
3965,0.4453,7,42,7,390250,286194,31802,94454,2.266775440375111,0.248140013871083
3966,0.4454,0,6,0,390256,286188,31802,94454,2.2667279178811306,0.2481439252631081
3967,0.4455,3,38,3,390294,286150,31805,94451,2.266426942085921,0.24816277413879628
3968,0.4456,1,14,1,390308,286136,31806,94450,2.266316056266633,0.2481699274277036
3969,0.4457,7,67,7,390375,286069,31813,94443,2.2657853884171844,0.24819979396181988
3970,0.4458,19,132,19,390507,285937,31832,94424,2.2647398935496135,0.24824837457047383
3971,0.4459,0,3,0,390510,285934,31832,94424,2.264716132302623,0.24825033258141013
3972,0.446,20,176,20,390686,285758,31852,94404,2.2633221391458624,0.24832571377465396
3973,0.4461,1,10,1,390696,285748,31853,94403,2.2632429349892282,0.24833026876162367
3974,0.4462,1,29,1,390725,285719,31854,94402,2.2630132429349894,0.2483472368009134
3975,0.4463,3,33,3,390758,285686,31857,94399,2.2627518692180963,0.24836286620098136
3976,0.4464,0,11,0,390769,285675,31857,94399,2.262664744645799,0.24837005425259293
3977,0.4465,8,47,8,390816,285628,31865,94391,2.2622924851096187,0.24838494917359394
3978,0.4466,1,6,1,390822,285622,31866,94390,2.2622449626156382,0.24838689304548278
3979,0.4467,113,853,113,391675,284769,31979,94277,2.2554888480547457,0.24872179102272549
3980,0.4468,3,16,3,391691,284753,31982,94274,2.2553621214041315,0.24872634403353852
3981,0.4469,3,9,3,391700,284744,31985,94271,2.2552908376631606,0.24872630370829651
3982,0.447,14,57,14,391757,284687,31999,94257,2.254839373970346,0.24873596098631987
3983,0.4471,1,29,1,391786,284658,32000,94256,2.254609681916107,0.24875301519606033
3984,0.4472,5,24,5,391810,284634,32005,94251,2.254419591940185,0.24875885822875016
3985,0.4473,9,56,9,391866,284578,32014,94242,2.253976048663034,0.24877778364394698
3986,0.4474,2,12,2,391878,284566,32016,94240,2.253881003675073,0.24878169828355412
3987,0.4475,52,407,52,392285,284159,32068,94188,2.250657394500063,0.24894607331365123
3988,0.4476,3,11,3,392296,284148,32071,94185,2.2505702699277657,0.2489473559007541
3989,0.4477,6,42,6,392338,284106,32077,94179,2.2502376124699026,0.2489630833895079
3990,0.4478,0,19,0,392357,284087,32077,94179,2.2500871245722975,0.24897558860695912
3991,0.4479,4,8,4,392365,284079,32081,94175,2.2500237612469904,0.24897291238162716
3992,0.448,15,90,15,392455,283989,32096,94160,2.249310923837283,0.24900237736976694
3993,0.4481,3,11,3,392466,283978,32099,94157,2.2492237992649855,0.24900366271305222
3994,0.4482,4,33,4,392499,283945,32103,94153,2.248962425548093,0.24901745050225074
3995,0.4483,50,437,50,392936,283508,32153,94103,2.245501203903181,0.24920619367550204
3996,0.4484,0,3,0,392939,283505,32153,94103,2.2454774426561905,0.249208173555645
3997,0.4485,6,47,6,392986,283458,32159,94097,2.24510518312001,0.2492272649018024
3998,0.4486,3,14,3,393000,283444,32162,94094,2.2449942973007224,0.24923054103163125
3999,0.4487,9,40,9,393040,283404,32171,94085,2.2446774806741856,0.24923905067432428
4000,0.4488,3,29,3,393069,283375,32174,94082,2.2444477886199468,0.24925223270465244
4001,0.4489,0,6,0,393075,283369,32174,94082,2.2444002661259663,0.24925619484383404
4002,0.449,13,86,13,393161,283283,32187,94069,2.2437191103789127,0.2492871377387691
4003,0.4491,0,5,0,393166,283278,32187,94069,2.2436795083005956,0.2492904408939252
4004,0.4492,26,154,26,393320,283124,32213,94043,2.2424597642884296,0.24934047782547253
4005,0.4493,11,59,11,393379,283065,32224,94032,2.2419924597642886,0.24935759234361451
4006,0.4494,4,18,4,393397,283047,32228,94028,2.241849892282347,0.24936153285155474
4007,0.4495,8,27,8,393424,283020,32236,94020,2.2416360410594347,0.2493634627625716
4008,0.4496,2,13,2,393437,283007,32238,94018,2.2415330756558105,0.24936807903985148
4009,0.4497,2,29,2,393466,282978,32240,94016,2.241303383601571,0.24938327930948503
4010,0.4498,4,21,4,393487,282957,32244,94012,2.24113705487264,0.2493892070700774
4011,0.4499,4,10,4,393497,282947,32248,94008,2.2410578507160057,0.24938785796713137
4012,0.45,600,4397,600,397894,278550,32848,93408,2.206231783043974,0.2511251270304712
4013,0.4501,1,14,1,397908,278536,32849,93407,2.2061208972246864,0.2511325660114587
4014,0.4502,3,31,3,397939,278505,32852,93404,2.2058753643391205,0.25114745811475386
4015,0.4503,4,41,4,397980,278464,32856,93400,2.2055506272969208,0.25116709334595444
4016,0.4504,2,9,2,397989,278455,32858,93398,2.20547934355595,0.2511691447964653
4017,0.4505,2,45,2,398034,278410,32860,93396,2.2051229248510964,0.25119551594110906
4018,0.4506,0,7,0,398041,278403,32860,93396,2.205067481941452,0.2512002452938281
4019,0.4507,16,61,16,398102,278342,32876,93380,2.204584336585984,0.25120923701045406
4020,0.4508,29,139,29,398241,278203,32905,93351,2.2034833988087694,0.25124477195777734
4021,0.4509,0,2,0,398243,278201,32905,93351,2.2034675579774428,0.25124612436482646
4022,0.451,18,105,18,398348,278096,32923,93333,2.202635914332784,0.2512808639066955
4023,0.4511,0,6,0,398354,278090,32923,93333,2.2025883918388036,0.25128492312000067
4024,0.4512,3,23,3,398377,278067,32926,93330,2.202406222278545,0.2512944369502177
4025,0.4513,9,50,9,398427,278017,32935,93321,2.2020102014953746,0.25131012716177714
4026,0.4514,1,11,1,398438,278006,32936,93320,2.201923076923077,0.25131555560343205
4027,0.4515,5,36,5,398474,277970,32941,93315,2.201637941959194,0.25132984095775485
4028,0.4516,2,12,2,398486,277958,32943,93313,2.201542896971233,0.2513339312793081
4029,0.4517,66,448,66,398934,277510,33009,93247,2.1979945507540237,0.25150435460422865
4030,0.4518,2,19,2,398953,277491,33011,93245,2.1978440628564186,0.25151320616287604
4031,0.4519,3,6,3,398959,277485,33014,93242,2.197796540362438,0.2515112198464099
4032,0.452,13,132,13,399091,277353,33027,93229,2.1967510454948678,0.25157455030195747
4033,0.4521,4,15,4,399106,277338,33031,93225,2.1966322392599165,0.251576654981744
4034,0.4522,6,29,6,399135,277309,33037,93219,2.196402547205677,0.2515842257535193
4035,0.4523,6,41,6,399176,277268,33043,93213,2.1960778101634775,0.25159994709580247
4036,0.4524,2,11,2,399187,277257,33045,93211,2.19599068559118,0.2516033773497306
4037,0.4525,54,479,54,399666,276778,33099,93157,2.1921968064884045,0.25181991430927053
4038,0.4526,1,5,1,399671,276773,33100,93156,2.1921572044100874,0.2518212954377732
4039,0.4527,12,61,12,399732,276712,33112,93144,2.1916740590546193,0.2518385533829382
4040,0.4528,3,18,3,399750,276694,33115,93141,2.1915314915726776,0.25184474157394515
4041,0.4529,4,19,4,399769,276675,33119,93137,2.191381003675073,0.2518495884395314
4042,0.453,7,57,7,399826,276618,33126,93130,2.190929539982258,0.2518742494888411
4043,0.4531,2,11,2,399837,276607,33128,93128,2.1908424154099606,0.2518776961878102
4044,0.4532,4,34,4,399871,276573,33132,93124,2.1905731212774047,0.25189276623829787
4045,0.4533,110,764,110,400635,275809,33242,93014,2.184521923710556,0.252191430577811
4046,0.4534,3,10,3,400645,275799,33245,93011,2.184442719553922,0.2521921856782625
4047,0.4535,5,41,5,400686,275758,33250,93006,2.1841179825117223,0.2522100855831914
4048,0.4536,4,10,4,400696,275748,33254,93002,2.184038778355088,0.252208813559322
4049,0.4537,4,33,4,400729,275715,33258,92998,2.1837774046381955,0.25222327392850263
4050,0.4538,0,51,0,400780,275664,33258,92998,2.183373463439361,0.25225816601656803
4051,0.4539,1,13,1,400793,275651,33259,92997,2.183270498035737,0.25226503331090905
4052,0.454,27,179,27,400972,275472,33286,92970,2.181852743631986,0.2523327959353168
4053,0.4541,0,6,0,400978,275466,33286,92970,2.1818052211380055,0.25233690518841806
4054,0.4542,22,142,22,401120,275324,33308,92948,2.1806805221138004,0.2523895381674415
4055,0.4543,9,67,9,401187,275257,33317,92939,2.180149854264352,0.252417190844007
4056,0.4544,3,9,3,401196,275248,33320,92936,2.180078570523381,0.25241726962605654
4057,0.4545,3,37,3,401233,275211,33323,92933,2.1797855151438346,0.252436546568734
4058,0.4546,3,14,3,401247,275197,33326,92930,2.179674629324547,0.2524400546550511
4059,0.4547,6,50,6,401297,275147,33332,92924,2.1792786085413764,0.25246216083310014
4060,0.4548,2,24,2,401321,275123,33334,92922,2.1790885185654543,0.25247456153459497
4061,0.4549,5,13,5,401334,275110,33339,92917,2.17898555316183,0.2524733239680784
4062,0.455,233,1443,233,402777,273667,33572,92684,2.1675563933595234,0.252992348867616
4063,0.4551,1,10,1,402787,273657,33573,92683,2.1674771892028892,0.2529972157012611
4064,0.4552,8,26,8,402813,273631,33581,92675,2.1672712583956404,0.25299885887755047
4065,0.4553,10,41,10,402854,273590,33591,92665,2.1669465213534407,0.25300678489030864
4066,0.4554,1,4,1,402858,273586,33592,92664,2.166914839690787,0.2530075085324232
4067,0.4555,2,36,2,402894,273550,33594,92662,2.166629704726904,0.253028300547224
4068,0.4556,0,9,0,402903,273541,33594,92662,2.1665584209859334,0.25303451910552344
4069,0.4557,9,53,9,402956,273488,33603,92653,2.1661386389557724,0.2530527856754638
4070,0.4558,25,152,25,403108,273336,33628,92628,2.1649347357749336,0.2531068629701282
4071,0.4559,0,8,0,403116,273328,33628,92628,2.164871372449626,0.25311239602575175
4072,0.456,22,168,22,403284,273160,33650,92606,2.1635407426181725,0.2531837294882521
4073,0.4561,3,8,3,403292,273152,33653,92603,2.1634773792928654,0.2531831417205506
4074,0.4562,6,35,6,403327,273117,33659,92597,2.1632001647446457,0.25319511968368724
4075,0.4563,3,39,3,403366,273078,33662,92594,2.1628912685337727,0.25321599684963575
4076,0.4564,1,17,1,403383,273061,33663,92593,2.1627566214674947,0.253225727053444
4077,0.4565,4,43,4,403426,273018,33667,92589,2.162416043593968,0.2532473393561939
4078,0.4566,2,5,2,403431,273013,33669,92587,2.162376441515651,0.25324671772428886
4079,0.4567,118,761,118,404192,272252,33787,92469,2.1563490051957928,0.2535335228846159
4080,0.4568,2,36,2,404228,272216,33789,92467,2.1560638702319097,0.25355445688447226
4081,0.4569,2,6,2,404234,272210,33791,92465,2.1560163477379293,0.25355453485980667
4082,0.457,9,68,9,404302,272142,33800,92456,2.155477759472817,0.2535833987021322
4083,0.4571,0,23,0,404325,272119,33800,92456,2.1552955899125585,0.2535993965576356
4084,0.4572,5,20,5,404345,272099,33805,92451,2.15513718159929,0.25360307228089424
4085,0.4573,12,46,12,404391,272053,33817,92439,2.1547728424787733,0.25361050448295164
4086,0.4574,3,11,3,404402,272042,33820,92436,2.154685717906476,0.25361201499130265
4087,0.4575,63,416,63,404818,271626,33883,92373,2.1513908249904956,0.2537726751996571
4088,0.4576,3,12,3,404830,271614,33886,92370,2.1512957800025347,0.253774891204009
4089,0.4577,7,55,7,404885,271559,33893,92363,2.1508601571410466,0.25379889097114217
4090,0.4578,4,21,4,404906,271538,33897,92359,2.150693828412115,0.25380533502612
4091,0.4579,4,18,4,404924,271520,33901,92355,2.1505512609301736,0.2538096873926486
4092,0.458,15,113,15,405037,271407,33916,92340,2.1496562539602078,0.25385776377537134
4093,0.4581,0,16,0,405053,271391,33916,92340,2.149529527309593,0.25386893061080856
4094,0.4582,2,27,2,405080,271364,33918,92338,2.149315676086681,0.2538836739968436
4095,0.4583,67,469,67,405549,270895,33985,92271,2.1456010011405398,0.2540738945826426
4096,0.4584,1,6,1,405555,270889,33986,92270,2.1455534786465593,0.25407603831930364
4097,0.4585,6,39,6,405594,270850,33992,92264,2.1452445824356863,0.2540910017239765
4098,0.4586,0,15,0,405609,270835,33992,92264,2.145125776200735,0.2541014984893927
4099,0.4587,5,34,5,405643,270801,33997,92259,2.144856482068179,0.2541150223103619
4100,0.4588,6,36,6,405679,270765,34003,92253,2.144571347104296,0.254127894484571
4101,0.4589,1,9,1,405688,270756,34004,92252,2.144500063363325,0.25413214033850495
4102,0.459,17,85,17,405773,270671,34021,92235,2.1438268280319352,0.25415672377971155
4103,0.4591,1,4,1,405777,270667,34022,92234,2.1437951463692815,0.25415746994359345
4104,0.4592,27,141,27,405918,270526,34049,92207,2.14267836776074,0.25420074820873756
4105,0.4593,12,81,12,405999,270445,34061,92195,2.1420368140920036,0.2542328480035297
4106,0.4594,3,6,3,406005,270439,34064,92192,2.141989291598023,0.25423088483885825
4107,0.4595,7,30,7,406035,270409,34071,92185,2.1417516791281206,0.25423752185640136
4108,0.4596,3,14,3,406049,270395,34074,92182,2.141640793308833,0.2542411680829176
4109,0.4597,8,37,8,406086,270358,34082,92174,2.1413477379292867,0.2542506592521488
4110,0.4598,5,22,5,406108,270336,34087,92169,2.1411734887846916,0.2542558033682294
4111,0.4599,0,13,0,406121,270323,34087,92169,2.141070523381067,0.25426492170861703
4112,0.46,650,4222,650,410343,266101,34737,91519,2.107630528450133,0.25591130249986016
4113,0.4601,1,15,1,410358,266086,34738,91518,2.107511722215182,0.25591995615261576
4114,0.4602,6,29,6,410387,266057,34744,91512,2.1072820301609427,0.2559282264402115
4115,0.4603,4,29,4,410416,266028,34748,91508,2.107052338106704,0.2559406605208986
4116,0.4604,2,15,2,410431,266013,34750,91506,2.1069335318717526,0.2559472363706544
4117,0.4605,5,29,5,410460,265984,34755,91501,2.1067038398175137,0.25595759262626405
4118,0.4606,0,8,0,410468,265976,34755,91501,2.106640476492206,0.25596332071713707
4119,0.4607,13,56,13,410524,265920,34768,91488,2.106196933215055,0.25597636314799893
4120,0.4608,20,152,20,410676,265768,34788,91468,2.1049930300342163,0.25604362382290696
4121,0.4609,2,10,2,410686,265758,34790,91466,2.104913825877582,0.25604662620652585
4122,0.461,11,102,11,410788,265656,34801,91455,2.104105943479914,0.25609684383847037
4123,0.4611,2,16,2,410804,265640,34803,91453,2.1039792168292992,0.2561041521396387
4124,0.4612,5,32,5,410836,265608,34808,91448,2.10372576352807,0.25611668757841904
4125,0.4613,4,28,4,410864,265580,34812,91444,2.1035039918894944,0.25612843954468045
4126,0.4614,2,18,2,410882,265562,34814,91442,2.1033614244075527,0.25613718613797043
4127,0.4615,8,41,8,410923,265521,34822,91434,2.103036687365353,0.2561499348657394
4128,0.4616,0,4,0,410927,265517,34822,91434,2.103005005702699,0.2561528052870002
4129,0.4617,81,443,81,411370,265074,34903,91353,2.099496261563807,0.2563021319933675
4130,0.4618,8,28,8,411398,265046,34911,91345,2.0992744899252314,0.2563055744954278
4131,0.4619,1,9,1,411407,265037,34912,91344,2.0992032061842605,0.2563099604075414
4132,0.462,13,108,13,411515,264929,34925,91331,2.098347801292612,0.2563605232133835
4133,0.4621,3,16,3,411531,264913,34928,91328,2.098221074641997,0.256365774854663
4134,0.4622,4,21,4,411552,264892,34932,91324,2.0980547459130654,0.25637253801064525
4135,0.4623,4,43,4,411595,264849,34936,91320,2.0977141680395386,0.2563951382630156
4136,0.4624,1,8,1,411603,264841,34937,91319,2.0976508047142315,0.2563988095238095
4137,0.4625,65,410,65,412013,264431,35002,91254,2.0944034342922317,0.2565584716814035
4138,0.4626,1,9,1,412022,264422,35003,91253,2.094332150551261,0.2565628734097139
4139,0.4627,16,66,16,412088,264356,35019,91237,2.0938094031174757,0.2565770417302928
4140,0.4628,1,25,1,412113,264331,35020,91236,2.09361139272589,0.256592990913105
4141,0.4629,1,28,1,412141,264303,35021,91235,2.0933896210873146,0.25661110767344136
4142,0.463,14,71,14,412212,264232,35035,91221,2.0928272715752123,0.2566330851054851
4143,0.4631,0,10,0,412222,264222,35035,91221,2.092748067418578,0.2566403051966138
4144,0.4632,5,26,5,412248,264196,35040,91216,2.0925421366113293,0.2566486218810845
4145,0.4633,129,817,129,413065,263379,35169,91087,2.08607115701432,0.2569696388370112
4146,0.4634,2,6,2,413071,263373,35171,91085,2.08602363452034,0.256969796139458
4147,0.4635,7,39,7,413110,263334,35178,91078,2.0857147383094663,0.25698339785334584
4148,0.4636,1,20,1,413130,263314,35179,91077,2.0855563299961983,0.25699580406951644
4149,0.4637,5,38,5,413168,263276,35184,91072,2.0852553542009886,0.25701287999367856
4150,0.4638,1,33,1,413201,263243,35185,91071,2.084993980484096,0.2570347206150477
4151,0.4639,1,7,1,413208,263236,35186,91070,2.084938537574452,0.25703770187352176
4152,0.464,22,158,22,413366,263078,35208,91048,2.0836871118996325,0.25710622772685426
4153,0.4641,1,3,1,413369,263075,35209,91047,2.083663350652642,0.25710630799554957
4154,0.4642,28,152,28,413521,262923,35237,91019,2.0824594474718032,0.2571579524328845
4155,0.4643,7,58,7,413579,262865,35244,91012,2.082000063363325,0.2571854062287179
4156,0.4644,3,13,3,413592,262852,35247,91009,2.081897097959701,0.2571885570888004
4157,0.4645,5,34,5,413626,262818,35252,91004,2.081627803827145,0.25720277427633104
4158,0.4646,7,11,7,413637,262807,35259,90997,2.0815406792548474,0.25719607466280764
4159,0.4647,5,46,5,413683,262761,35264,90992,2.08117634013433,0.25721902005071334
4160,0.4648,2,40,2,413723,262721,35266,90990,2.080859523507794,0.2572439081623133
4161,0.4649,2,5,2,413728,262716,35268,90988,2.0808199214294767,0.257243344717617
4162,0.465,248,1396,248,415124,261320,35516,90740,2.0697630211633506,0.25774015792762595
4163,0.4651,0,14,0,415138,261306,35516,90740,2.0696521353440627,0.2577504076171864
4164,0.4652,9,33,9,415171,261273,35525,90731,2.06939076162717,0.25775559368643536
4165,0.4653,8,40,8,415211,261233,35533,90723,2.0690739450006337,0.2577680164566025
4166,0.4654,2,12,2,415223,261221,35535,90721,2.068978900012673,0.25777258752862686
4167,0.4655,2,43,2,415266,261178,35537,90719,2.068638322139146,0.257799867574887
4168,0.4656,2,6,2,415272,261172,35539,90717,2.0685907996451656,0.2578000449005226
4169,0.4657,7,75,7,415347,261097,35546,90710,2.0679967684704095,0.2578402362659072
4170,0.4658,31,133,31,415480,260964,35577,90679,2.0669433531871753,0.25787233074453353
4171,0.4659,1,5,1,415485,260959,35578,90678,2.066903751108858,0.25787388699141445
4172,0.466,16,143,16,415628,260816,35594,90662,2.06577113166899,0.2579450207409852
4173,0.4661,3,11,3,415639,260805,35597,90659,2.0656840070966926,0.2579467598388455
4174,0.4662,4,29,4,415668,260776,35601,90655,2.0654543150424534,0.2579595994661826
4175,0.4663,4,36,4,415704,260740,35605,90651,2.0651691800785703,0.25797758052995096
4176,0.4664,1,6,1,415710,260734,35606,90650,2.06512165758459,0.2579798738701819
4177,0.4665,4,46,4,415756,260688,35610,90646,2.064757318464073,0.25800520302618024
4178,0.4666,0,4,0,415760,260684,35610,90646,2.0647256368014193,0.2580081404946916
4179,0.4667,117,766,117,416526,259918,35727,90529,2.058658598403244,0.2583243685921124
4180,0.4668,5,24,5,416550,259894,35732,90524,2.0584685084273224,0.2583314784057897
4181,0.4669,1,13,1,416563,259881,35733,90523,2.058365543023698,0.25833894590244405
4182,0.467,14,54,14,416617,259827,35747,90509,2.0579378405778734,0.2583491276945561
4183,0.4671,3,20,3,416637,259807,35750,90506,2.0577794322646055,0.2583575259839058
4184,0.4672,2,19,2,416656,259788,35752,90504,2.0576289443670004,0.2583673049912644
4185,0.4673,15,75,15,416731,259713,35767,90489,2.0570349131922443,0.2583908715541316
4186,0.4674,1,6,1,416737,259707,35768,90488,2.056987390698264,0.25839318094204655
4187,0.4675,69,432,69,417169,259275,35837,90419,2.053565771131669,0.2585660606129931
4188,0.4676,2,10,2,417179,259265,35839,90417,2.053486566975035,0.25856921431472024
4189,0.4677,5,67,5,417246,259198,35844,90412,2.0529558991255863,0.2586081633820543
4190,0.4678,5,17,5,417263,259181,35849,90407,2.052821252059308,0.2586101353593373
4191,0.4679,3,14,3,417277,259167,35852,90404,2.0527103662400203,0.25861412989063737
4192,0.468,23,110,23,417387,259057,35875,90381,2.0518391205170445,0.25864674133895
4193,0.4681,0,7,0,417394,259050,35875,90381,2.0517836776074008,0.25865192269718484
4194,0.4682,5,20,5,417414,259030,35880,90376,2.0516252692941324,0.25865611924237136
4195,0.4683,64,466,64,417880,258564,35944,90312,2.0479343555949816,0.25886561414370723
4196,0.4684,3,8,3,417888,258556,35947,90309,2.0478709922696745,0.2588651770742264
4197,0.4685,4,40,4,417928,258516,35951,90305,2.0475541756431377,0.25888636291966366
4198,0.4686,5,11,5,417939,258505,35956,90300,2.04746705107084,0.258883903613767
4199,0.4687,5,38,5,417977,258467,35961,90295,2.0471660752756304,0.25890148582701095
4200,0.4688,10,22,10,417999,258445,35971,90285,2.0469918261310354,0.2588965675450922
4201,0.4689,3,14,3,418013,258431,35974,90282,2.0468809403117474,0.25890058586860826
4202,0.469,16,82,16,418095,258349,35990,90266,2.0462314662273475,0.2589274701318073
4203,0.4691,1,9,1,418104,258340,35991,90265,2.046160182486377,0.2589320290873625
4204,0.4692,30,152,30,418256,258188,36021,90235,2.044956279305538,0.2589811809208921
4205,0.4693,11,58,11,418314,258130,36032,90224,2.04449689519706,0.2590009013819276
4206,0.4694,2,7,2,418321,258123,36034,90222,2.044441452287416,0.2590018516126254
4207,0.4695,11,28,11,418349,258095,36045,90211,2.0442196806488404,0.2589992707561742
4208,0.4696,1,13,1,418362,258082,36046,90210,2.044116715245216,0.25900681037749934
4209,0.4697,7,51,7,418413,258031,36053,90203,2.043712774046382,0.2590298477460558
4210,0.4698,2,16,2,418429,258015,36055,90201,2.043586047395767,0.25903749396926046
4211,0.4699,0,10,0,418439,258005,36055,90201,2.043506843239133,0.25904493317174315
4212,0.47,642,4176,642,422615,253829,36697,89559,2.010431187428716,0.2608099292928116
4213,0.4701,6,15,6,422630,253814,36703,89553,2.010312381193765,0.2608084061659973
4214,0.4702,4,31,4,422661,253783,36707,89549,2.0100668483081994,0.2608233430032738
4215,0.4703,10,47,10,422708,253736,36717,89539,2.009694588772019,0.2608375209380234
4216,0.4704,4,8,4,422716,253728,36721,89535,2.0096312254467112,0.26083498658463045
4217,0.4705,7,29,7,422745,253699,36728,89528,2.0094015333924724,0.26084195007968486
4218,0.4706,1,4,1,422749,253695,36729,89527,2.0093698517298186,0.2608428364149151
4219,0.4707,11,69,11,422818,253626,36740,89516,2.0088233430490434,0.2608715925185492
4220,0.4708,25,145,25,422963,253481,36765,89491,2.0076748827778483,0.2609280057847288
4221,0.4709,2,3,2,422966,253478,36767,89489,2.007651121530858,0.26092597830111935
4222,0.471,14,105,14,423071,253373,36781,89475,2.0068194778861996,0.2609757093522494
4223,0.4711,1,8,1,423079,253365,36782,89474,2.006756114560892,0.2609796435061355
4224,0.4712,5,31,5,423110,253334,36787,89469,2.006510581675326,0.2609924650601074
4225,0.4713,1,55,1,423165,253279,36788,89468,2.0060749588138385,0.2610321899243465
4226,0.4714,4,17,4,423182,253262,36792,89464,2.0059403117475605,0.26103651313294
4227,0.4715,8,42,8,423224,253220,36800,89456,2.005607654289697,0.2610512554132767
4228,0.4716,1,10,1,423234,253210,36801,89455,2.005528450133063,0.2610567172019319
4229,0.4717,45,421,45,423655,252789,36846,89410,2.0021939551387655,0.2612807167759111
4230,0.4718,0,27,0,423682,252762,36846,89410,2.0019801039158533,0.26130133383210785
4231,0.4719,3,8,3,423690,252754,36849,89407,2.0019167405905463,0.26130096650407264
4232,0.472,13,99,13,423789,252655,36862,89394,2.0011326194398684,0.261348520241252
4233,0.4721,2,14,2,423803,252641,36864,89392,2.0010217336205804,0.2613548985039455
4234,0.4722,4,13,4,423816,252628,36868,89388,2.0009187682169562,0.26135619386227543
4235,0.4723,8,48,8,423864,252580,36876,89380,2.0005385882651123,0.2613755994853199
4236,0.4724,2,20,2,423884,252560,36878,89378,2.000380179951844,0.2613865671554492
4237,0.4725,64,377,64,424261,252183,36942,89314,1.9973941832467368,0.26153670456841493
4238,0.4726,2,15,2,424276,252168,36944,89312,1.9972753770117855,0.2615438678692749
4239,0.4727,9,55,9,424331,252113,36953,89303,1.9968397541502978,0.2615665346673852
4240,0.4728,1,23,1,424354,252090,36954,89302,1.9966575845900394,0.26158199371982943
4241,0.4729,7,20,7,424374,252070,36961,89295,1.996499176276771,0.2615821774347106
4242,0.473,10,68,10,424442,252002,36971,89285,1.9959605880116589,0.26161266031228847
4243,0.4731,3,10,3,424452,251992,36974,89282,1.9958813838550247,0.2616138352174499
4244,0.4732,3,24,3,424476,251968,36977,89279,1.9956912938791027,0.2616257432299771
4245,0.4733,108,774,108,425250,251194,37085,89171,1.9895608921556203,0.2619863969562088
4246,0.4734,1,5,1,425255,251189,37086,89170,1.9895212900773032,0.2619880772948563
4247,0.4735,4,43,4,425298,251146,37090,89166,1.9891807122037763,0.26201250617080796
4248,0.4736,1,14,1,425312,251132,37091,89165,1.9890698263844886,0.2620211168479299
4249,0.4737,7,35,7,425347,251097,37098,89158,1.988792611836269,0.26203288709938133
4250,0.4738,7,32,7,425379,251065,37105,89151,1.9885391585350398,0.26204234956615796
4251,0.4739,3,3,3,425382,251062,37108,89148,1.9885153972880496,0.2620381529055583
4252,0.474,16,154,16,425536,250908,37124,89132,1.9872956532758839,0.26212210328196683
4253,0.4741,0,3,0,425539,250905,37124,89132,1.9872718920288936,0.2621244158723904
4254,0.4742,20,163,20,425702,250742,37144,89112,1.9859808642757573,0.26220671229410275
4255,0.4743,10,71,10,425773,250671,37154,89102,1.9854185147636547,0.2622397895065235
4256,0.4744,0,8,0,425781,250663,37154,89102,1.9853551514383474,0.262245964122261
4257,0.4745,6,35,6,425816,250628,37160,89096,1.985077936890128,0.2622599521964889
4258,0.4746,3,7,3,425823,250621,37163,89093,1.9850224939804841,0.2622588412605898
4259,0.4747,8,40,8,425863,250581,37171,89085,1.9847056773539475,0.2622723498966632
4260,0.4748,4,19,4,425882,250562,37175,89081,1.9845551894563427,0.2622783334265685
4261,0.4749,3,9,3,425891,250553,37178,89078,1.984483905715372,0.26227876725033933
4262,0.475,230,1455,230,427346,249098,37408,88848,1.9729597009251045,0.2629059080444805
4263,0.4751,2,5,2,427351,249093,37410,88846,1.9729200988467874,0.26290543559636503
4264,0.4752,5,40,5,427391,249053,37415,88841,1.9726032822202508,0.2629256512397379
4265,0.4753,7,39,7,427430,249014,37422,88834,1.9722943860093778,0.26294073074281926
4266,0.4754,3,7,3,427437,249007,37425,88831,1.9722389430997338,0.2629396337889758
4267,0.4755,2,22,2,427459,248985,37427,88829,1.9720646939551387,0.2629523939209151
4268,0.4756,2,9,2,427468,248976,37429,88827,1.971993410214168,0.26295503592330444
4269,0.4757,10,61,10,427529,248915,37439,88817,1.9715102648586997,0.26298070659576234
4270,0.4758,18,155,18,427684,248760,37457,88799,1.9702826004308707,0.26306216098519075
4271,0.4759,1,6,1,427690,248754,37458,88798,1.9702350779368902,0.26306465374223825
4272,0.476,36,164,36,427854,248590,37494,88762,1.9689361297680903,0.26311389883563757
4273,0.4761,0,11,0,427865,248579,37494,88762,1.9688490051957928,0.2631224784416955
4274,0.4762,1,32,1,427897,248547,37495,88761,1.9685955518945635,0.2631452559678395
4275,0.4763,4,24,4,427921,248523,37499,88757,1.9684054619186415,0.2631552419354839
4276,0.4764,0,12,0,427933,248511,37499,88757,1.9683104169306804,0.2631646050025499
4277,0.4765,7,34,7,427967,248477,37506,88750,1.9680411227981245,0.263175842978172
4278,0.4766,2,6,2,427973,248471,37508,88748,1.967993600304144,0.26317615555469887
4279,0.4767,130,750,130,428723,247721,37638,88618,1.9620532885565833,0.26347821691804996
4280,0.4768,6,30,6,428753,247691,37644,88612,1.961815676086681,0.26348858023865385
4281,0.4769,2,6,2,428759,247685,37646,88610,1.9617681535927005,0.2634889011136056
4282,0.477,14,79,14,428838,247606,37660,88596,1.9611424407552909,0.2635201456267363
4283,0.4771,3,19,3,428857,247587,37663,88593,1.960991952857686,0.263528466892736
4284,0.4772,5,25,5,428882,247562,37668,88588,1.9607939424661007,0.26353711140859737
4285,0.4773,6,64,6,428946,247498,37674,88582,1.9602870358636422,0.26357414901214
4286,0.4774,5,20,5,428966,247478,37679,88577,1.9601286275503738,0.26357887845739536
4287,0.4775,61,389,61,429355,247089,37740,88516,1.9570475858573058,0.26375054006942683
4288,0.4776,3,21,3,429376,247068,37743,88513,1.956881257128374,0.2637604631966649
4289,0.4777,10,44,10,429420,247024,37753,88503,1.9565327588391839,0.26377310916856167
4290,0.4778,3,31,3,429451,246993,37756,88500,1.9562872259536181,0.2637908987668893
4291,0.4779,2,16,2,429467,246977,37758,88498,1.9561604993030035,0.26379909084134434
4292,0.478,17,104,17,429571,246873,37775,88481,1.9553367760740084,0.2638435802167262
4293,0.4781,1,20,1,429591,246853,37776,88480,1.9551783677607402,0.2638571211303391
4294,0.4782,9,26,9,429617,246827,37785,88471,1.9549724369534913,0.2638578219971488
4295,0.4783,56,423,56,430040,246404,37841,88415,1.9516221011278672,0.2640680487069133
4296,0.4784,0,5,0,430045,246399,37841,88415,1.95158249904955,0.2640719922106005
4297,0.4785,11,31,11,430076,246368,37852,88404,1.9513369661639843,0.2640722641081094
4298,0.4786,0,8,0,430084,246360,37852,88404,1.951273602838677,0.26407857475714236
4299,0.4787,7,37,7,430121,246323,37859,88397,1.9509805474591306,0.2640923757170172
4300,0.4788,7,25,7,430146,246298,37866,88390,1.9507825370675453,0.2640967109666316
4301,0.4789,3,10,3,430156,246288,37869,88387,1.9507033329109111,0.2640980055277508
4302,0.479,10,92,10,430248,246196,37879,88377,1.949974654669877,0.2641486312404169
4303,0.4791,0,7,0,430255,246189,37879,88377,1.949919211760233,0.26415415792399705
4304,0.4792,18,152,18,430407,246037,37897,88359,1.9487153085793942,0.2642346200313401
4305,0.4793,13,49,13,430456,245988,37910,88346,1.948327208211887,0.2642447372986295
4306,0.4794,3,12,3,430468,245976,37913,88343,1.948232163223926,0.26424761978828604
4307,0.4795,7,30,7,430498,245946,37920,88336,1.9479945507540235,0.26425592762996514
4308,0.4796,0,11,0,430509,245935,37920,88336,1.947907426181726,0.26426462361377445
4309,0.4797,4,40,4,430549,245895,37924,88332,1.9475906095551894,0.26428744535899257
4310,0.4798,0,17,0,430566,245878,37924,88332,1.9474559624889114,0.2643008886628168
4311,0.4799,1,7,1,430573,245871,37925,88331,1.9474005195792676,0.26430422319435554
4312,0.48,668,4016,668,434589,241855,38593,87663,1.9155921302749968,0.2660340254553621
4313,0.4801,2,4,2,434593,241851,38595,87661,1.9155604486123432,0.26603280001942264
4314,0.4802,6,33,6,434626,241818,38601,87655,1.9152990748954506,0.2660460796484082
4315,0.4803,2,44,2,434670,241774,38603,87653,1.9149505766062602,0.2660771582171467
4316,0.4804,2,13,2,434683,241761,38605,87651,1.914847611202636,0.2660832027977123
4317,0.4805,3,18,3,434701,241743,38608,87648,1.9147050437206945,0.26609105895425195
4318,0.4806,1,10,1,434711,241733,38609,87647,1.9146258395640603,0.26609690934482966
4319,0.4807,10,68,10,434779,241665,38619,87637,1.9140872512989482,0.26612957103206175
4320,0.4808,24,117,24,434896,241548,38643,87613,1.9131605626663288,0.2661706581277855
4321,0.4809,0,2,0,434898,241546,38643,87613,1.913144721835002,0.2661722754048955
4322,0.481,12,93,12,434991,241453,38655,87601,1.9124081231783043,0.2662207418843108
4323,0.4811,1,8,1,434999,241445,38656,87600,1.912344759852997,0.2662249844246228
4324,0.4812,6,39,6,435038,241406,38662,87594,1.912035863642124,0.2662431610942249
4325,0.4813,4,38,4,435076,241368,38666,87590,1.9117348878469143,0.26626499431538375
4326,0.4814,1,11,1,435087,241357,38667,87589,1.9116477632746167,0.2662716676901376
4327,0.4815,6,41,6,435128,241316,38673,87583,1.9113230262324166,0.2662914754985573
4328,0.4816,1,5,1,435133,241311,38674,87582,1.9112834241540997,0.26629329295545967
4329,0.4817,65,405,65,435538,240906,38739,87517,1.9080756558104168,0.2664764648030132
4330,0.4818,6,30,6,435568,240876,38745,87511,1.9078380433405144,0.2664874066269371
4331,0.4819,1,5,1,435573,240871,38746,87510,1.9077984412621973,0.2664892304975014
4332,0.482,14,83,14,435656,240788,38760,87496,1.9071410467621341,0.2665253256326839
4333,0.4821,3,23,3,435679,240765,38763,87493,1.9069588772018755,0.26653729688233035
4334,0.4822,3,22,3,435701,240743,38766,87490,1.9067846280572804,0.26654845795517207
4335,0.4823,11,41,11,435742,240702,38777,87479,1.9064598910150805,0.26655717424226266
4336,0.4824,1,12,1,435754,240690,38778,87478,1.9063648460271194,0.26656468638014674
4337,0.4825,56,373,56,436127,240317,38834,87422,1.903410530984666,0.26674274346354876
4338,0.4826,1,9,1,436136,240308,38835,87421,1.9033392472436954,0.2667478312874357
4339,0.4827,9,62,9,436198,240246,38844,87412,1.9028481814725637,0.2667781650379359
4340,0.4828,2,11,2,436209,240235,38846,87410,1.9027610569002662,0.26678264585145506
4341,0.4829,5,13,5,436222,240222,38851,87405,1.9026580914966418,0.26678204177311393
4342,0.483,16,76,16,436298,240146,38867,87389,1.9020561399062224,0.2668081273757003
4343,0.4831,2,10,2,436308,240136,38869,87387,1.9019769357495881,0.26681179642345726
4344,0.4832,7,29,7,436337,240107,38876,87380,1.901747243695349,0.26681975162372856
4345,0.4833,125,788,125,437125,239319,39001,87255,1.8955059561525789,0.2671829355674365
4346,0.4834,3,8,3,437133,239311,39004,87252,1.8954425928272716,0.2671827488111023
4347,0.4835,6,45,6,437178,239266,39010,87246,1.8950861741224179,0.2672061057480276
4348,0.4836,1,17,1,437195,239249,39011,87245,1.89495152705614,0.2672177742929426
4349,0.4837,8,33,8,437228,239216,39019,87237,1.8946901533392473,0.26722682897691247
4350,0.4838,8,34,8,437262,239182,39027,87229,1.8944208592066911,0.2672367046453704
4351,0.4839,2,8,2,437270,239174,39029,87227,1.8943574958813838,0.2672387645871183
4352,0.484,20,126,20,437396,239048,39049,87207,1.8933595235077938,0.26729705291872924
4353,0.4841,0,6,0,437402,239042,39049,87207,1.8933120010138131,0.2673019687416666
4354,0.4842,21,175,21,437577,238867,39070,87186,1.8919259282727157,0.2673982450705867
4355,0.4843,12,54,12,437631,238813,39082,87174,1.8914982258268913,0.26741557178660497
4356,0.4844,0,7,0,437638,238806,39082,87174,1.8914427829172475,0.2674213141910547
4357,0.4845,3,25,3,437663,238781,39085,87171,1.8912447725256623,0.26743508246612996
4358,0.4846,2,16,2,437679,238765,39087,87169,1.8911180458750476,0.2674437155988636
4359,0.4847,9,52,9,437731,238713,39096,87160,1.89070618426055,0.26746616012986657
4360,0.4848,7,29,7,437760,238684,39103,87153,1.890476492206311,0.26747422791150177
4361,0.4849,0,6,0,437766,238678,39103,87153,1.8904289697123304,0.2674791533033996
4362,0.485,234,1308,234,439074,237370,39337,86919,1.880069066024585,0.2680294428734863
4363,0.4851,1,7,1,439081,237363,39338,86918,1.8800136231149411,0.2680329714044301
4364,0.4852,4,27,4,439108,237336,39342,86914,1.879799771892029,0.2680462606013878
4365,0.4853,8,40,8,439148,237296,39350,86906,1.8794829552654924,0.2680612704425019
4366,0.4854,5,16,5,439164,237280,39355,86901,1.8793562286148777,0.26806321160092667
4367,0.4855,6,29,6,439193,237251,39361,86895,1.8791265365606387,0.2680736458262635
4368,0.4856,1,8,1,439201,237243,39362,86894,1.8790631732353313,0.2680780040538414
4369,0.4857,7,61,7,439262,237182,39369,86887,1.8785800278798632,0.2681126550209986
4370,0.4858,25,156,25,439418,237026,39394,86862,1.8773444430363706,0.2681852986217458
4371,0.4859,1,13,1,439431,237013,39395,86861,1.8772414776327462,0.26819380376319185
4372,0.486,27,116,27,439547,236897,39422,86834,1.8763227094157902,0.2682288690301516
4373,0.4861,1,6,1,439553,236891,39423,86833,1.8762751869218097,0.26823157998789093
4374,0.4862,4,36,4,439589,236855,39427,86829,1.8759900519579267,0.2682523695950371
4375,0.4863,5,36,5,439625,236819,39432,86824,1.8757049169940438,0.26827090343372173
4376,0.4864,2,10,2,439635,236809,39434,86822,1.8756257128374096,0.268274670844264
4377,0.4865,4,39,4,439674,236770,39438,86818,1.8753168166265366,0.2682979591332188
4378,0.4866,1,5,1,439679,236765,39439,86817,1.8752772145482195,0.268299843625418
4379,0.4867,114,736,114,440415,236029,39553,86703,1.8694477886199468,0.26865324789608713
4380,0.4868,6,34,6,440449,235995,39559,86697,1.8691784944873906,0.2686679558216504
4381,0.4869,0,5,0,440454,235990,39559,86697,1.8691388924090737,0.26867211880243086
4382,0.487,7,58,7,440512,235932,39566,86690,1.8686795083005956,0.2687045520764238
4383,0.4871,5,29,5,440541,235903,39571,86685,1.8684498162463565,0.26871737324389006
4384,0.4872,4,23,4,440564,235880,39575,86681,1.8682676466860981,0.2687274655026491
4385,0.4873,13,53,13,440617,235827,39588,86668,1.867847864655937,0.2687421510411014
4386,0.4874,2,14,2,440631,235813,39590,86666,1.8677369788366494,0.2687492828990415
4387,0.4875,52,356,52,440987,235457,39642,86614,1.864917310860474,0.268928279789239
4388,0.4876,2,10,2,440997,235447,39644,86612,1.8648381067038398,0.268932090082873
4389,0.4877,11,51,11,441048,235396,39655,86601,1.8644341655050056,0.26894971071159046
4390,0.4878,4,19,4,441067,235377,39659,86597,1.8642836776074008,0.26895649959313483
4391,0.4879,6,22,6,441089,235355,39665,86591,1.8641094284628057,0.2689612543718512
4392,0.488,19,119,19,441208,235236,39684,86572,1.8631668989988595,0.26901755083776663
4393,0.4881,0,9,0,441217,235227,39684,86572,1.8630956152578888,0.2690250746584048
4394,0.4882,3,25,3,441242,235202,39687,86569,1.8628976048663033,0.26903916139117573
4395,0.4883,72,414,72,441656,234788,39759,86497,1.85961855278165,0.26922203028463826
4396,0.4884,2,11,2,441667,234777,39761,86495,1.8595314282093525,0.26922669887198386
4397,0.4885,5,36,5,441703,234741,39766,86490,1.8592462932454694,0.26924549623168376
4398,0.4886,4,13,4,441716,234728,39770,86486,1.8591433278418452,0.2692472930818707
4399,0.4887,6,39,6,441755,234689,39776,86480,1.858834431630972,0.26926633641478476
4400,0.4888,5,17,5,441772,234672,39781,86475,1.858699784564694,0.26926921316406505
4401,0.4889,3,5,3,441777,234667,39784,86472,1.8586601824863769,0.26926657926941294
4402,0.489,11,84,11,441861,234583,39795,86461,1.8579948675706501,0.2693119946175602
4403,0.4891,1,13,1,441874,234570,39796,86460,1.8578919021670257,0.26932062424072517
4404,0.4892,19,137,19,442011,234433,39815,86441,1.856806805221138,0.2693923471518415
4405,0.4893,7,66,7,442077,234367,39822,86434,1.8562840577873527,0.26943182845440006
4406,0.4894,3,7,3,442084,234360,39825,86431,1.8562286148777087,0.26943087555448875
4407,0.4895,9,37,9,442121,234323,39834,86422,1.8559355594981624,0.26944145660883256
4408,0.4896,1,10,1,442131,234313,39835,86421,1.8558563553415284,0.2694475796142598
4409,0.4897,7,34,7,442165,234279,39842,86414,1.8555870612089722,0.26946020025382533
4410,0.4898,6,30,6,442195,234249,39848,86408,1.8553494487390698,0.26947174083210407
4411,0.4899,0,3,0,442198,234246,39848,86408,1.8553256874920796,0.26947426197708435
4412,0.49,681,3933,681,446131,230313,40529,85727,1.8241746926878724,0.2712536387799013
4413,0.4901,2,8,2,446139,230305,40531,85725,1.824111329362565,0.2712558934278391
4414,0.4902,1,29,1,446168,230276,40532,85724,1.823881637308326,0.2712784810126582
4415,0.4903,6,31,6,446199,230245,40538,85718,1.82363610442276,0.2712912587866301
4416,0.4904,4,11,4,446210,230234,40542,85714,1.8235489798504625,0.2712914783445377
4417,0.4905,3,31,3,446241,230203,40545,85711,1.8233034469648968,0.2713111796248346
4418,0.4906,2,6,2,446247,230197,40547,85709,1.8232559244709163,0.27131171930890835
4419,0.4907,13,61,13,446308,230136,40560,85696,1.822772779115448,0.2713341270042301
4420,0.4908,19,129,19,446437,230007,40579,85677,1.8217510454948675,0.27140114798342646
4421,0.4909,2,8,2,446445,229999,40581,85675,1.8216876821695602,0.27140340984686734
4422,0.491,16,78,16,446523,229921,40597,85659,1.821069889747814,0.2714335509221117
4423,0.4911,1,10,1,446533,229911,40598,85658,1.8209906855911797,0.271439843584129
4424,0.4912,2,20,2,446553,229891,40600,85656,1.8208322772779115,0.27145243022434057
4425,0.4913,9,27,9,446580,229864,40609,85647,1.8206184260549994,0.27145487795988094
4426,0.4914,3,17,3,446597,229847,40612,85644,1.8204837789887214,0.2714625773793864
4427,0.4915,5,41,5,446638,229806,40617,85639,1.8201590419465214,0.271486312986416
4428,0.4916,2,5,2,446643,229801,40619,85637,1.8201194398682043,0.27148599724827066
4429,0.4917,60,371,60,447014,229430,40679,85577,1.8171809656570777,0.2716669788290419
4430,0.4918,3,29,3,447043,229401,40682,85574,1.8169512736028386,0.2716850543693944
4431,0.4919,1,5,1,447048,229396,40683,85573,1.8169116715245217,0.27168705491651557
4432,0.492,15,79,15,447127,229317,40698,85558,1.8162859586871118,0.27172052401746727
4433,0.4921,6,14,6,447141,229303,40704,85552,1.816175072867824,0.27171872766829175
4434,0.4922,1,19,1,447160,229284,40705,85551,1.8160245849702192,0.27173281242555625
4435,0.4923,13,53,13,447213,229231,40718,85538,1.8156048029400582,0.27174848857416073
4436,0.4924,0,16,0,447229,229215,40718,85538,1.8154780762894436,0.2717623025038681
4437,0.4925,59,332,59,447561,228883,40777,85479,1.8128484982891901,0.2719126357511404
4438,0.4926,1,14,1,447575,228869,40778,85478,1.8127376124699024,0.2719224296716686
4439,0.4927,9,57,9,447632,228812,40787,85469,1.8122861487770878,0.27195089744527984
4440,0.4928,0,17,0,447649,228795,40787,85469,1.8121515017108099,0.2719656085329532
4441,0.4929,5,20,5,447669,228775,40792,85464,1.8119930933975414,0.2719713339209964
4442,0.493,12,60,12,447729,228715,40804,85452,1.8115178684577367,0.27199546737881447
4443,0.4931,2,7,2,447736,228708,40806,85450,1.8114624255480927,0.27199689328299775
4444,0.4932,6,30,6,447766,228678,40812,85444,1.8112248130781903,0.272008964669778
4445,0.4933,117,720,117,448486,227958,40929,85327,1.8055221138005322,0.27236222608806676
4446,0.4934,2,6,2,448492,227952,40931,85325,1.8054745913065517,0.27236279714118816
4447,0.4935,4,33,4,448525,227919,40935,85321,1.8052132175896591,0.2723821989528796
4448,0.4936,5,10,5,448535,227909,40940,85316,1.805134013433025,0.27237928007023704
4449,0.4937,4,25,4,448560,227884,40944,85312,1.8049360030414396,0.27239172914085746
4450,0.4938,5,36,5,448596,227848,40949,85307,1.8046508680775568,0.27241142565183374
4451,0.4939,1,5,1,448601,227843,40950,85306,1.8046112659992397,0.27241345174341924
4452,0.494,19,152,19,448753,227691,40969,85287,1.8034073628184006,0.272501581580814
4453,0.4941,3,9,3,448762,227682,40972,85284,1.80333607907743,0.27250244435497784
4454,0.4942,30,137,30,448899,227545,41002,85254,1.8022509821315422,0.27255202222513497
4455,0.4943,13,52,13,448951,227493,41015,85241,1.8018391205170448,0.27256710175420645
4456,0.4944,0,8,0,448959,227485,41015,85241,1.8017757571917374,0.2725740744293727
4457,0.4945,7,25,7,448984,227460,41022,85234,1.8015777468001521,0.27257958259512494
4458,0.4946,2,7,2,448991,227453,41024,85232,1.8015223038905082,0.27258103202903883
4459,0.4947,9,48,9,449039,227405,41033,85223,1.8011421239386642,0.27260194224445666
4460,0.4948,0,29,0,449068,227376,41033,85223,1.8009124318844254,0.2726272316929997
4461,0.4949,2,3,2,449071,227373,41035,85221,1.800888670637435,0.2726251943415421
4462,0.495,225,1343,225,450414,226030,41260,84996,1.79025155240147,0.27327618912888313
4463,0.4951,0,9,0,450423,226021,41260,84996,1.7901802686604993,0.27328409701077433
4464,0.4952,8,33,8,450456,225988,41268,84988,1.7899188949436067,0.2732944021403581
4465,0.4953,9,42,9,450498,225946,41277,84979,1.7895862374857432,0.27331028383050576
4466,0.4954,1,9,1,450507,225937,41278,84978,1.7895149537447725,0.273315858031938
4467,0.4955,2,29,2,450536,225908,41280,84976,1.7892852616905335,0.2733366786325446
4468,0.4956,2,14,2,450550,225894,41282,84974,1.7891743758712457,0.27334431334199727
4469,0.4957,9,40,9,450590,225854,41291,84965,1.7888575592447091,0.27335844977301904
4470,0.4958,31,131,31,450721,225723,41322,84934,1.787819984792802,0.2734012109818868
4471,0.4959,3,10,3,450731,225713,41325,84931,1.7877407806361678,0.27340299506830973
4472,0.496,33,158,33,450889,225555,41358,84898,1.7864893549613483,0.2734649045105056
4473,0.4961,0,12,0,450901,225543,41358,84898,1.7863943099733874,0.2734754752110707
4474,0.4962,4,21,4,450922,225522,41362,84894,1.7862279812444557,0.2734846141951446
4475,0.4963,5,31,5,450953,225491,41367,84889,1.78598244835889,0.2735002255299955
4476,0.4964,0,14,0,450967,225477,41367,84889,1.785871562539602,0.2735125625873968
4477,0.4965,8,33,8,451000,225444,41375,84881,1.7856101888227094,0.2735229195198582
4478,0.4966,1,7,1,451007,225437,41376,84880,1.7855547459130656,0.27352674845400027
4479,0.4967,122,729,122,451736,224708,41498,84758,1.7797807628944367,0.27388469169472573
4480,0.4968,2,19,2,451755,224689,41500,84756,1.7796302749968318,0.2738968152660408
4481,0.4969,2,18,2,451773,224671,41502,84754,1.7794877075148903,0.27390805526379575
4482,0.497,14,54,14,451827,224617,41516,84740,1.779060005069066,0.2739230080457206
4483,0.4971,8,19,8,451846,224598,41524,84732,1.778909517171461,0.2739210551837843
4484,0.4972,5,24,5,451870,224574,41529,84727,1.7787194271955393,0.2739305724844084
4485,0.4973,11,50,11,451920,224524,41540,84716,1.7783234064123685,0.2739490363471737
4486,0.4974,0,3,0,451923,224521,41540,84716,1.7782996451653783,0.27395169400815556
4487,0.4975,59,350,59,452273,224171,41599,84657,1.7755274996831834,0.27412346030800316
4488,0.4976,0,17,0,452290,224154,41599,84657,1.7753928526169054,0.2741385507640596
4489,0.4977,7,45,7,452335,224109,41606,84650,1.7750364339120517,0.27416204871760824
4490,0.4978,4,24,4,452359,224085,41610,84646,1.7748463439361297,0.27417395726376687
4491,0.4979,4,21,4,452380,224064,41614,84642,1.774680015207198,0.27418320343627917
4492,0.498,14,90,14,452470,223974,41628,84628,1.7739671777974908,0.27423023830046467
4493,0.4981,1,14,1,452484,223960,41629,84627,1.773856291978203,0.27424032768716766
4494,0.4982,3,30,3,452514,223930,41632,84624,1.7736186795083007,0.27425993505188717
4495,0.4983,80,419,80,452933,223511,41712,84544,1.77030002534533,0.2744444985473373
4496,0.4984,2,5,2,452938,223506,41714,84542,1.7702604232670132,0.2744442424557212
4497,0.4985,10,29,10,452967,223477,41724,84532,1.770030731212774,0.27444652591320384
4498,0.4986,3,17,3,452984,223460,41727,84529,1.769896084146496,0.27445460714506037
4499,0.4987,6,46,6,453030,223414,41733,84523,1.7695317450259789,0.2744814686120862
4500,0.4988,6,26,6,453056,223388,41739,84517,1.7693258142187303,0.2744905084360436
4501,0.4989,0,2,0,453058,223386,41739,84517,1.7693099733874034,0.2744922914034615
4502,0.499,15,74,15,453132,223312,41754,84502,1.7687238626283108,0.27452292618269475
4503,0.4991,1,12,1,453144,223300,41755,84501,1.7686288176403497,0.2745312718282267
4504,0.4992,38,143,38,453287,223157,41793,84463,1.7674961982004815,0.27456927377933815
4505,0.4993,13,61,13,453348,223096,41806,84450,1.7670130528450132,0.2745930690043116
4506,0.4994,3,4,3,453352,223092,41809,84447,1.7669813711823597,0.2745895642503878
4507,0.4995,3,44,3,453396,223048,41812,84444,1.7666328728931695,0.2746217787779845
4508,0.4996,3,8,3,453404,223040,41815,84441,1.7665695095678622,0.27462184655312033
4509,0.4997,6,33,6,453437,223007,41821,84435,1.7663081358509694,0.27463716733562754
4510,0.4998,7,20,7,453457,222987,41828,84428,1.7661497275377012,0.2746385179643153
4511,0.4999,2,8,2,453465,222979,41830,84426,1.7660863642123938,0.2746409459833119
4512,0.5,658,3933,658,457398,219046,42488,83768,1.7349353694081866,0.2766318598215406
4513,0.5001,1,3,1,457401,219043,42489,83767,1.7349116081611964,0.2766322116178462
4514,0.5002,4,22,4,457423,219021,42493,83763,1.734737359016601,0.2766427552314521
4515,0.5003,6,19,6,457442,219002,42499,83757,1.7345868711189962,0.27664578096770037
4516,0.5004,2,12,2,457454,218990,42501,83755,1.7344918261310354,0.2766519678277098
4517,0.5005,4,37,4,457491,218953,42505,83751,1.734198770751489,0.2766762249590359
4518,0.5006,3,10,3,457501,218943,42508,83748,1.734119566594855,0.27667819657670695
4519,0.5007,7,54,7,457555,218889,42515,83741,1.7336918641490306,0.2767108350130522
4520,0.5008,26,119,26,457674,218770,42541,83715,1.7327493346850842,0.2767575251665372
4521,0.5009,0,8,0,457682,218762,42541,83715,1.7326859713597769,0.27676484493035836
4522,0.501,15,72,15,457754,218690,42556,83700,1.7321157014320112,0.27679486755514404
4523,0.5011,0,1,0,457755,218689,42556,83700,1.7321077810163477,0.2767957829153838
4524,0.5012,10,35,10,457790,218654,42566,83690,1.7318305664681282,0.2768039054851428
4525,0.5013,5,62,5,457852,218592,42571,83685,1.7313395006969965,0.2768487182286446
4526,0.5014,1,19,1,457871,218573,42572,83684,1.7311890127993916,0.2768637285488839
4527,0.5015,10,40,10,457911,218533,42582,83674,1.7308721961728553,0.2768764456150916
4528,0.5016,0,13,0,457924,218520,42582,83674,1.7307692307692308,0.2768883564862307
4529,0.5017,82,375,82,458299,218145,42664,83592,1.7277990748954506,0.27703596178128637
4530,0.5018,7,31,7,458330,218114,42671,83585,1.7275535420098846,0.2770476534559279
4531,0.5019,2,4,2,458334,218110,42673,83583,1.727521860347231,0.2770465340594578
4532,0.502,19,83,19,458417,218027,42692,83564,1.7268644658471677,0.27707723373708104
4533,0.5021,4,15,4,458432,218012,42696,83560,1.7267456596122164,0.27708142665764723
4534,0.5022,4,24,4,458456,217988,42700,83556,1.7265555696362944,0.2770938901122224
4535,0.5023,4,54,4,458510,217934,42704,83552,1.72612786719047,0.27713392993372826
4536,0.5024,3,23,3,458533,217911,42707,83549,1.7259456976302117,0.27714788031579646
4537,0.5025,53,374,53,458907,217537,42760,83496,1.7229834621720947,0.2773649400564058
4538,0.5026,2,11,2,458918,217526,42762,83494,1.7228963375997972,0.27737027440037204
4539,0.5027,11,44,11,458962,217482,42773,83483,1.722547839310607,0.2773844134700048
4540,0.5028,5,19,5,458981,217463,42778,83478,1.7223973514130022,0.2773899202833778
4541,0.5029,8,26,8,459007,217437,42786,83470,1.7221914206057534,0.2773946767605938
4542,0.503,15,69,15,459076,217368,42801,83455,1.721644911924978,0.2774222715683309
4543,0.5031,0,4,0,459080,217364,42801,83455,1.7216132302623242,0.27742596046127405
4544,0.5032,6,19,6,459099,217345,42807,83449,1.7214627423647193,0.27742907105859826
4545,0.5033,125,715,125,459814,216630,42932,83324,1.7157996451653783,0.27778926102002305
4546,0.5034,2,6,2,459820,216624,42934,83322,1.7157521226713979,0.27779000220039607
4547,0.5035,8,38,8,459858,216586,42942,83314,1.7154511468761882,0.2778059353117706
4548,0.5036,1,7,1,459865,216579,42943,83313,1.7153957039665442,0.2778100116041775
4549,0.5037,6,42,6,459907,216537,42949,83307,1.7150630465086807,0.2778344739264417
4550,0.5038,6,31,6,459938,216506,42955,83301,1.714817513623115,0.2778487493620896
4551,0.5039,0,6,0,459944,216500,42955,83301,1.7147699911291345,0.27785431002565036
4552,0.504,33,140,33,460084,216360,42988,83268,1.7136611329362565,0.2779046017061156
4553,0.5041,0,9,0,460093,216351,42988,83268,1.7135898491952857,0.27791294944579614
4554,0.5042,22,126,22,460219,216225,43010,83246,1.7125918768216957,0.2779768324812753
4555,0.5043,14,57,14,460276,216168,43024,83232,1.712140413128881,0.27799599198396796
4556,0.5044,1,6,1,460282,216162,43025,83231,1.7120928906349004,0.27799915161677125
4557,0.5045,4,37,4,460319,216125,43029,83227,1.7117998352553543,0.27802386488147735
4558,0.5046,7,11,7,460330,216114,43036,83220,1.7117127106830567,0.2780171981799595
4559,0.5047,11,53,11,460383,216061,43047,83209,1.7112929286528957,0.2780398970829017
4560,0.5048,4,35,4,460418,216026,43051,83205,1.7110157141046762,0.27806276756084763
4561,0.5049,3,9,3,460427,216017,43054,83202,1.7109444303637056,0.2780638930014471
4562,0.505,227,1271,227,461698,214746,43281,82975,1.7008775820555062,0.2787005283470094
4563,0.5051,0,5,0,461703,214741,43281,82975,1.700837979977189,0.27870520899111906
4564,0.5052,3,23,3,461726,214718,43284,82972,1.7006558104169307,0.27871947327757063
4565,0.5053,11,35,11,461761,214683,43295,82961,1.7003785958687112,0.2787255916463964
4566,0.5054,1,17,1,461778,214666,43296,82960,1.7002439488024332,0.278739088654889
4567,0.5055,3,30,3,461808,214636,43299,82957,1.7000063363325306,0.2787599170679418
4568,0.5056,3,2,3,461810,214634,43302,82954,1.699990495501204,0.2787545196714921
4569,0.5057,8,57,8,461867,214577,43310,82946,1.6995390318083894,0.2787885306346064
4570,0.5058,23,143,23,462010,214434,43333,82923,1.6984064123685212,0.2788668166547282
4571,0.5059,2,7,2,462017,214427,43335,82921,1.6983509694588772,0.27886853114868776
4572,0.506,22,120,22,462137,214307,43357,82899,1.6974005195792676,0.2789277470845138
4573,0.5061,1,11,1,462148,214296,43358,82898,1.6973133950069699,0.27893564473037813
4574,0.5062,6,29,6,462177,214267,43364,82892,1.697083702952731,0.2789483071352374
4575,0.5063,7,38,7,462215,214229,43371,82885,1.6967827271575213,0.2789669958332492
4576,0.5064,1,9,1,462224,214220,43372,82884,1.6967114434165504,0.27897301954871023
4577,0.5065,5,42,5,462266,214178,43377,82879,1.6963787859586872,0.27900032653665796
4578,0.5066,0,9,0,462275,214169,43377,82879,1.6963075022177163,0.27900877972583554
4579,0.5067,118,692,118,462967,213477,43495,82761,1.690826574578634,0.27937334170498046
4580,0.5068,6,19,6,462986,213458,43501,82755,1.690676086681029,0.27937666476488204
4581,0.5069,0,6,0,462992,213452,43501,82755,1.6906285641870484,0.27938232384784967
4582,0.507,9,45,9,463037,213407,43510,82746,1.690272145482195,0.27940287621600995
4583,0.5071,1,23,1,463060,213384,43511,82745,1.6900899759219363,0.27942214372790236
4584,0.5072,6,18,6,463078,213366,43517,82739,1.689947408439995,0.27942452846118776
4585,0.5073,8,73,8,463151,213293,43525,82731,1.6893692180965658,0.27947396157068344
4586,0.5074,2,9,2,463160,213284,43527,82729,1.689297934355595,0.27947759051122756
4587,0.5075,49,321,49,463481,212963,43576,82680,1.686755480927639,0.2796616189119986
4588,0.5076,0,8,0,463489,212955,43576,82680,1.6866921176023317,0.27966918666599017
4589,0.5077,6,42,6,463531,212913,43582,82674,1.6863594601444685,0.2796943032000731
4590,0.5078,2,30,2,463561,212883,43584,82672,1.6861218476745659,0.2797178190184568
4591,0.5079,0,10,0,463571,212873,43584,82672,1.6860426435179319,0.27972728349320747
4592,0.508,19,103,19,463674,212770,43603,82653,1.6852268407046003,0.2797784871184708
4593,0.5081,1,10,1,463684,212760,43604,82652,1.685147636547966,0.27978551988409406
4594,0.5082,6,27,6,463711,212733,43610,82646,1.684933785325054,0.2797964648807126
4595,0.5083,61,395,61,464106,212338,43671,82585,1.6818052211380052,0.2800222430939601
4596,0.5084,3,11,3,464117,212327,43674,82582,1.6817180965657077,0.28002536375627735
4597,0.5085,10,36,10,464153,212291,43684,82572,1.6814329616018249,0.28003513496098187
4598,0.5086,2,20,2,464173,212271,43686,82570,1.6812745532885567,0.2800492468822179
4599,0.5087,7,37,7,464210,212234,43693,82563,1.6809814979090103,0.2800673005491915
4600,0.5088,5,27,5,464237,212207,43698,82558,1.6807676466860981,0.28008074228622803
4601,0.5089,1,14,1,464251,212193,43699,82557,1.6806567608668104,0.2800916030534351
4602,0.509,15,77,15,464328,212116,43714,82542,1.6800468888607274,0.28012814856545554
4603,0.5091,2,5,2,464333,212111,43716,82540,1.6800072867824103,0.28012801585604663
4604,0.5092,23,130,23,464463,211981,43739,82517,1.6789776327461665,0.28019545124245326
4605,0.5093,13,65,13,464528,211916,43752,82504,1.6784628057280446,0.28022552815705454
4606,0.5094,2,10,2,464538,211906,43754,82502,1.6783836015714104,0.2802301567892177
4607,0.5095,4,28,4,464566,211878,43758,82498,1.678161829932835,0.2802470310079626
4608,0.5096,4,18,4,464584,211860,43762,82494,1.6780192624508934,0.2802543875741454
4609,0.5097,9,33,9,464617,211827,43771,82485,1.6777578887340008,0.28026380167984993
4610,0.5098,7,27,7,464644,211800,43778,82478,1.6775440375110886,0.28027239548997884
4611,0.5099,0,11,0,464655,211789,43778,82478,1.677456912938791,0.2802828723574169
4612,0.51,668,3845,668,468500,207944,44446,81810,1.6470029147129641,0.2823429529877068
4613,0.5101,2,5,2,468505,207939,44448,81808,1.646963312634647,0.28234287153965354
4614,0.5102,3,22,3,468527,207917,44451,81805,1.646789063490052,0.282356880043628
4615,0.5103,10,37,10,468564,207880,44461,81795,1.6464960081105056,0.28236817122637436
4616,0.5104,1,11,1,468575,207869,44462,81794,1.646408883538208,0.2823764167325478
4617,0.5105,2,25,2,468600,207844,44464,81792,1.6462108731466227,0.2823958347719206
4618,0.5106,1,2,1,468602,207842,44465,81791,1.6461950323152958,0.28239530716458416
4619,0.5107,13,63,13,468665,207779,44478,81778,1.6456960461285008,0.2824245312667281
4620,0.5108,33,146,33,468811,207633,44511,81745,1.6445396654416424,0.2824851923781352
4621,0.5109,3,8,3,468819,207625,44514,81742,1.644476302116335,0.2824855633157893
4622,0.511,20,78,20,468897,207547,44534,81722,1.6438585096945888,0.2825121253919362
4623,0.5111,2,17,2,468914,207530,44536,81720,1.6437238626283108,0.282523768366465
4624,0.5112,2,33,2,468947,207497,44538,81718,1.643462488911418,0.28255104334145875
4625,0.5113,5,36,5,468983,207461,44543,81713,1.6431773539475352,0.28257381369002743
4626,0.5114,6,22,6,469005,207439,44549,81707,1.64300310480294,0.28258042649734044
4627,0.5115,6,41,6,469046,207398,44555,81701,1.6426783677607402,0.2826056126102131
4628,0.5116,0,5,0,469051,207393,44555,81701,1.642638765682423,0.2826105003908763
4629,0.5117,58,341,58,469392,207052,44613,81643,1.6399379039411988,0.2828001870486153
4630,0.5118,3,26,3,469418,207026,44616,81640,1.6397319731339501,0.2828182051228756
4631,0.5119,1,9,1,469427,207017,44617,81639,1.6396606893929793,0.2828245385510781
4632,0.512,17,99,17,469526,206918,44634,81622,1.6388765682423014,0.2828793234906772
4633,0.5121,5,13,5,469539,206905,44639,81617,1.638773602838677,0.28287964176042035
4634,0.5122,2,27,2,469566,206878,44641,81615,1.6385597516157648,0.2829011449151279
4635,0.5123,11,34,11,469600,206844,44652,81604,1.6382904574832087,0.2829071444419791
4636,0.5124,2,18,2,469618,206826,44654,81602,1.6381478900012674,0.28291982747860817
4637,0.5125,64,344,64,469962,206482,44718,81538,1.6354232670130529,0.2830983959447261
4638,0.5126,3,7,3,469969,206475,44721,81535,1.6353678241034089,0.2830978091038506
4639,0.5127,7,42,7,470011,206433,44728,81528,1.6350351666455456,0.28312167272651506
4640,0.5128,0,17,0,470028,206416,44728,81528,1.6349005195792676,0.2831383880198928
4641,0.5129,4,17,4,470045,206399,44732,81524,1.6347658725129894,0.2831451464454038
4642,0.513,10,54,10,470099,206345,44742,81514,1.634338170067165,0.2831733591793204
4643,0.5131,2,7,2,470106,206338,44744,81512,1.6342827271575213,0.2831752648949105
4644,0.5132,9,39,9,470145,206299,44753,81503,1.633973830946648,0.28319122174272593
4645,0.5133,131,688,131,470833,205611,44884,81372,1.6285245849702192,0.2835429276298596
4646,0.5134,1,10,1,470843,205601,44885,81371,1.628445380813585,0.2835503115286509
4647,0.5135,6,34,6,470877,205567,44891,81365,1.628176086681029,0.2835689292236488
4648,0.5136,4,4,4,470881,205563,44895,81361,1.6281444050183753,0.283562894703824
4649,0.5137,6,31,6,470912,205532,44901,81355,1.6278988721328096,0.2835785518339974
4650,0.5138,8,34,8,470946,205498,44909,81347,1.6276295780002534,0.28359218393208874
4651,0.5139,0,8,0,470954,205490,44909,81347,1.627566214674946,0.2836000934328556
4652,0.514,29,126,29,471080,205364,44938,81318,1.6265682423013559,0.28365226976231506
4653,0.5141,1,6,1,471086,205358,44939,81317,1.6265207198073754,0.2836557076829162
4654,0.5142,30,163,30,471249,205195,44969,81287,1.625229692054239,0.2837420850175578
4655,0.5143,8,44,8,471293,205151,44977,81279,1.6248811937650487,0.2837656670041546
4656,0.5144,3,10,3,471303,205141,44980,81276,1.6248019896084147,0.2837680724258686
4657,0.5145,5,24,5,471327,205117,44985,81271,1.6246118996324928,0.28377934829671636
4658,0.5146,3,10,3,471337,205107,44988,81268,1.6245326954758585,0.2837817546922741
4659,0.5147,7,33,7,471370,205074,44995,81261,1.624271321758966,0.2837969511236838
4660,0.5148,4,19,4,471389,205055,44999,81257,1.624120833861361,0.2838057783117718
4661,0.5149,2,10,2,471399,205045,45001,81255,1.6240416297047269,0.2838106880894167
4662,0.515,250,1258,250,472657,203787,45251,81005,1.6140777468001521,0.28443565830500855
4663,0.5151,0,5,0,472662,203782,45251,81005,1.614038144721835,0.28444065213650904
4664,0.5152,4,17,4,472679,203765,45255,81001,1.613903497655557,0.2844475815230751
4665,0.5153,8,38,8,472717,203727,45263,80993,1.6136025218603471,0.2844654397302613
4666,0.5154,2,10,2,472727,203717,45265,80991,1.6135233177037132,0.2844704047655844
4667,0.5155,6,37,6,472764,203680,45271,80985,1.6132302623241668,0.2844922979642738
4668,0.5156,0,12,0,472776,203668,45271,80985,1.613135217336206,0.28450429118962384
4669,0.5157,9,40,9,472816,203628,45280,80976,1.6128184007096693,0.2845216511363157
4670,0.5158,22,136,22,472952,203492,45302,80954,1.6117412241794449,0.2846023498308994
4671,0.5159,1,4,1,472956,203488,45303,80953,1.6117095425167913,0.2846038369995887
4672,0.516,25,128,25,473084,203360,45328,80928,1.6106957293118742,0.28466906798739305
4673,0.5161,0,8,0,473092,203352,45328,80928,1.610632365986567,0.28467707893626004
4674,0.5162,8,22,8,473114,203330,45336,80920,1.6104581168419718,0.28467897977132806
4675,0.5163,5,36,5,473150,203294,45341,80915,1.610172981878089,0.284702454883554
4676,0.5164,4,9,4,473159,203285,45345,80911,1.6101016981371183,0.2847014032569072
4677,0.5165,5,22,5,473181,203263,45350,80906,1.609927448992523,0.2847108586791663
4678,0.5166,1,1,1,473182,203262,45351,80905,1.6099195285768597,0.2847093434494505
4679,0.5167,115,692,115,473874,202570,45466,80790,1.6044386009377771,0.28511434217955955
4680,0.5168,6,24,6,473898,202546,45472,80784,1.6042485109618552,0.2851233543924046
4681,0.5169,1,4,1,473902,202542,45473,80783,1.6042168292992016,0.2851248566134298
4682,0.517,13,49,13,473951,202493,45486,80770,1.6038287289316944,0.2851413703872373
4683,0.5171,4,20,4,473971,202473,45490,80766,1.603670320618426,0.28515140923389787
4684,0.5172,6,19,6,473990,202454,45496,80760,1.603519832720821,0.28515539486042357
4685,0.5173,16,58,16,474048,202396,45512,80744,1.6030604486123432,0.2851734124461397
4686,0.5174,4,11,4,474059,202385,45516,80740,1.6029733240400457,0.28517439293598235
4687,0.5175,71,336,71,474395,202049,45587,80669,1.6003120643771385,0.2853337955135506
4688,0.5176,3,11,3,474406,202038,45590,80666,1.600224939804841,0.2853373139396683
4689,0.5177,3,37,3,474443,202001,45593,80663,1.5999318844252945,0.2853670789347069
4690,0.5178,2,24,2,474467,201977,45595,80661,1.5997417944493728,0.2853862537946065
4691,0.5179,2,16,2,474483,201961,45597,80659,1.5996150677987582,0.28539735333663574
4692,0.518,17,96,17,474579,201865,45614,80642,1.5988547078950703,0.28545133394924727
4693,0.5181,6,7,6,474586,201858,45620,80636,1.5987992649854263,0.28544323065268645
4694,0.5182,5,20,5,474606,201838,45625,80631,1.5986408566721582,0.2854507928303637
4695,0.5183,77,342,77,474948,201496,45702,80554,1.5959320745152705,0.28560184364474384
4696,0.5184,0,4,0,474952,201492,45702,80554,1.595900392852617,0.2856058940740163
4697,0.5185,7,46,7,474998,201446,45709,80547,1.5955360537321,0.28563474979875386
4698,0.5186,1,10,1,475008,201436,45710,80546,1.5954568495754657,0.2856423459653453
4699,0.5187,6,44,6,475052,201392,45716,80540,1.5951083512862756,0.2856717222592682
4700,0.5188,5,18,5,475070,201374,45721,80535,1.594965783804334,0.28567729302718253
4701,0.5189,1,5,1,475075,201369,45722,80534,1.594926181726017,0.2856798260394533
4702,0.519,9,69,9,475144,201300,45731,80525,1.5943796730452413,0.28572695821875277
4703,0.5191,0,8,0,475152,201292,45731,80525,1.5943163097199342,0.28573506921158054
4704,0.5192,25,139,25,475291,201153,45756,80500,1.5932153719427196,0.28581268440243845
4705,0.5193,12,55,12,475346,201098,45768,80488,1.5927797490812319,0.28583807433608205
4706,0.5194,3,4,3,475350,201094,45771,80485,1.592748067418578,0.28583452601223813
4707,0.5195,5,26,5,475376,201068,45776,80480,1.5925421366113293,0.2858482390214102
4708,0.5196,3,11,3,475387,201057,45779,80477,1.5924550120390317,0.2858517976514382
4709,0.5197,6,24,6,475411,201033,45785,80471,1.5922649220631098,0.2858609469137206
4710,0.5198,5,30,5,475441,201003,45790,80466,1.5920273095932074,0.28587872909627704
4711,0.5199,1,19,1,475460,200984,45791,80465,1.5918768216956025,0.28589549083492927
4712,0.52,703,3744,703,479204,197240,46494,79762,1.5622227854517805,0.28794737944130366
4713,0.5201,2,8,2,479212,197232,46496,79760,1.5621594221264732,0.28795055452865065
4714,0.5202,11,33,11,479245,197199,46507,79749,1.5618980484095806,0.2879565839074483
4715,0.5203,7,29,7,479274,197170,46514,79742,1.5616683563553415,0.2879687409718611
4716,0.5204,4,15,4,479289,197155,46518,79738,1.5615495501203904,0.2879740549598581
4717,0.5205,4,25,4,479314,197130,46522,79734,1.561351539728805,0.2879897711511789
4718,0.5206,0,8,0,479322,197122,46522,79734,1.5612881764034976,0.2879980928713844
4719,0.5207,12,48,12,479370,197074,46534,79722,1.5609079964516537,0.2880171678781485
4720,0.5208,24,135,24,479505,196939,46558,79698,1.5598387403370928,0.28809595245755265
4721,0.5209,0,3,0,479508,196936,46558,79698,1.5598149790901026,0.28809907675846064
4722,0.521,20,71,20,479579,196865,46578,79678,1.5592526295780003,0.28812155794939664
4723,0.5211,1,9,1,479588,196856,46579,79677,1.5591813458370296,0.28812836081046383
4724,0.5212,3,41,3,479629,196815,46582,79674,1.5588566087948295,0.2881633627377581
4725,0.5213,6,34,6,479663,196781,46588,79668,1.5585873146622735,0.2881833538916762
4726,0.5214,1,11,1,479674,196770,46589,79667,1.558500190089976,0.2881922463346079
4727,0.5215,6,33,6,479707,196737,46595,79661,1.5582388163730834,0.2882112026859818
4728,0.5216,3,6,3,479713,196731,46598,79658,1.5581912938791027,0.28820973338302175
4729,0.5217,62,357,62,480070,196374,46660,79596,1.555363705487264,0.2884226546363735
4730,0.5218,10,25,10,480095,196349,46670,79586,1.5551656950956787,0.28842299816985884
4731,0.5219,1,4,1,480099,196345,46671,79585,1.555134013433025,0.28842460044214113
4732,0.522,13,82,13,480181,196263,46684,79572,1.554484539348625,0.28847680678666593
4733,0.5221,2,16,2,480197,196247,46686,79570,1.5543578126980104,0.28848838178937486
4734,0.5222,4,19,4,480216,196228,46690,79566,1.5542073248004056,0.2884979368659217
4735,0.5223,16,44,16,480260,196184,46706,79550,1.5538588265112152,0.28850268737261275
4736,0.5224,2,9,2,480269,196175,46708,79548,1.5537875427702446,0.28850694356292367
4737,0.5225,51,316,51,480585,195859,46759,79497,1.5512846914206058,0.28870625662778365
4738,0.5226,2,4,2,480589,195855,46761,79495,1.551253009757952,0.2887052841837661
4739,0.5227,7,41,7,480630,195814,46768,79488,1.550928272715752,0.2887301944773376
4740,0.5228,4,12,4,480642,195802,46772,79484,1.5508332277277912,0.2887324455293767
4741,0.5229,4,17,4,480659,195785,46776,79480,1.5506985806615132,0.28873994151090765
4742,0.523,7,53,7,480712,195732,46783,79473,1.5502787986313522,0.2887774568049272
4743,0.5231,0,12,0,480724,195720,46783,79473,1.5501837536433911,0.2887900491654948
4744,0.5232,7,25,7,480749,195695,46790,79466,1.5499857432518058,0.28879819451157684
4745,0.5233,113,619,113,481368,195076,46903,79353,1.5450830059561527,0.2891567582143287
4746,0.5234,5,8,5,481376,195068,46908,79348,1.5450196426308453,0.28915223602122325
4747,0.5235,2,30,2,481406,195038,46910,79346,1.544782030160943,0.28917866931016384
4748,0.5236,2,14,2,481420,195024,46912,79344,1.544671144341655,0.2891882435269419
4749,0.5237,10,25,10,481445,194999,46922,79334,1.5444731339500697,0.2891886867420252
4750,0.5238,7,26,7,481471,194973,46929,79327,1.5442672031428208,0.2891979584396646
4751,0.5239,4,11,4,481482,194962,46933,79323,1.5441800785705233,0.28919919062289223
4752,0.524,25,137,25,481619,194825,46958,79298,1.5430949816246358,0.28927890034765413
4753,0.5241,0,5,0,481624,194820,46958,79298,1.5430553795463187,0.2892841768873259
4754,0.5242,30,153,30,481777,194667,46988,79268,1.5418435559498163,0.2893679157464362
4755,0.5243,9,56,9,481833,194611,46997,79259,1.541400012672665,0.2894037316975207
4756,0.5244,2,13,2,481846,194598,46999,79257,1.5412970472690406,0.289412280221285
4757,0.5245,4,15,4,481861,194583,47003,79253,1.5411782410340895,0.28941775369199085
4758,0.5246,1,8,1,481869,194575,47004,79252,1.5411148777087822,0.2894236141797558
4759,0.5247,9,38,9,481907,194537,47013,79243,1.5408139019135725,0.2894404266199138
4760,0.5248,4,24,4,481931,194513,47017,79239,1.5406238119376505,0.28945541950378445
4761,0.5249,2,5,2,481936,194508,47019,79237,1.5405842098593334,0.28945551516922685
4762,0.525,246,1240,246,483176,193268,47265,78991,1.5307628944367,0.29013182300676926
4763,0.5251,0,15,0,483191,193253,47265,78991,1.530644088201749,0.2901478085834766
4764,0.5252,7,22,7,483213,193231,47272,78984,1.5304698390571536,0.29015300405929134
4765,0.5253,6,47,6,483260,193184,47278,78978,1.5300975795209732,0.2901874618793219
4766,0.5254,3,10,3,483270,193174,47281,78975,1.530018375364339,0.2901903001664529
4767,0.5255,3,34,3,483304,193140,47284,78972,1.529749081231783,0.29021873346269184
4768,0.5256,2,10,2,483314,193130,47286,78970,1.529669877075149,0.2902241822859243
4769,0.5257,10,58,10,483372,193072,47296,78960,1.529210492966671,0.2902599694153629
4770,0.5258,21,127,21,483499,192945,47317,78939,1.5282046001774172,0.29034073354813084
4771,0.5259,2,8,2,483507,192937,47319,78937,1.52814123685211,0.2903440564379087
4772,0.526,23,152,23,483659,192785,47342,78914,1.526937333671271,0.2904464131262905
4773,0.5261,3,10,3,483669,192775,47345,78911,1.5268581295146368,0.2904492686410047
4774,0.5262,6,24,6,483693,192751,47351,78905,1.5266680395387149,0.290459257295992
4775,0.5263,5,24,5,483717,192727,47356,78900,1.5264779495627931,0.2904718603084377
4776,0.5264,1,6,1,483723,192721,47357,78899,1.5264304270688125,0.29047566453133056
4777,0.5265,7,42,7,483765,192679,47364,78892,1.5260977696109492,0.2905022995827979
4778,0.5266,0,5,0,483770,192674,47364,78892,1.5260581675326321,0.2905076482328421
4779,0.5267,125,628,125,484398,192046,47489,78767,1.521084146496008,0.29085383641110285
4780,0.5268,2,15,2,484413,192031,47491,78765,1.520965340261057,0.2908647099661738
4781,0.5269,0,6,0,484419,192025,47491,78765,1.5209178177670764,0.29087115476937847
4782,0.527,3,42,3,484461,191983,47494,78762,1.520585160309213,0.2909084193613917
4783,0.5271,1,17,1,484478,191966,47495,78761,1.520450513242935,0.29092406741846955
4784,0.5272,4,16,4,484494,191950,47499,78757,1.5203237865923203,0.290930784944608
4785,0.5273,4,54,4,484548,191896,47503,78753,1.519896084146496,0.29097835203529293
4786,0.5274,1,8,1,484556,191888,47504,78752,1.5198327208211886,0.2909843334318652
4787,0.5275,67,359,67,484915,191529,47571,78685,1.516989291598023,0.29119512682540505
4788,0.5276,5,20,5,484935,191509,47576,78680,1.5168308832847548,0.291203564911969
4789,0.5277,5,43,5,484978,191466,47581,78675,1.516490305411228,0.29123679856075163
4790,0.5278,3,25,3,485003,191441,47584,78672,1.5162922950196427,0.291255881797618
4791,0.5279,6,20,6,485023,191421,47590,78666,1.5161338867063743,0.2912617045618634
4792,0.528,20,115,20,485138,191306,47610,78646,1.5152230389050818,0.2913332740635372
4793,0.5281,1,10,1,485148,191296,47611,78645,1.5151438347484476,0.2913414412779089
4794,0.5282,1,16,1,485164,191280,47612,78644,1.515017108097833,0.29135608541663577
4795,0.5283,82,361,82,485525,190919,47694,78562,1.5121578380433405,0.2915307572704569
4796,0.5284,2,3,2,485528,190916,47696,78560,1.5121340767963503,0.29152874467485046
4797,0.5285,11,39,11,485567,190877,47707,78549,1.5118251805854772,0.2915420189588236
4798,0.5286,2,19,2,485586,190858,47709,78547,1.5116746926878724,0.2915573207624209
4799,0.5287,9,40,9,485626,190818,47718,78538,1.5113578760613358,0.2915769464946019
4800,0.5288,7,21,7,485647,190797,47725,78531,1.511191547332404,0.29158126893601855
4801,0.5289,1,18,1,485665,190779,47726,78530,1.5110489798504625,0.291598127058509
4802,0.529,23,77,23,485742,190702,47749,78507,1.5104391078443797,0.2916210082129498
4803,0.5291,1,2,1,485744,190700,47750,78506,1.5104232670130529,0.29162054337570487
4804,0.5292,25,120,25,485864,190580,47775,78481,1.509472817133443,0.2916847852345751
4805,0.5293,12,51,12,485915,190529,47787,78469,1.5090688759346091,0.29170848853894826
4806,0.5294,1,13,1,485928,190516,47788,78468,1.5089659105309847,0.2917199536031883
4807,0.5295,8,19,8,485947,190497,47796,78460,1.5088154226333799,0.2917194941942392
4808,0.5296,4,6,4,485953,190491,47800,78456,1.5087679001393992,0.29171546810338095
4809,0.5297,9,38,9,485991,190453,47809,78447,1.5084669243441895,0.291732986240238
4810,0.5298,5,21,5,486012,190432,47814,78442,1.508300595615258,0.2917426006233403
4811,0.5299,4,11,4,486023,190421,47818,78438,1.5082134710429604,0.2917439996429355
4812,0.53,724,3500,724,489523,186921,48542,77714,1.4804920162210113,0.2936648591456157
4813,0.5301,3,5,3,489528,186916,48545,77711,1.4804524141426942,0.29366240028417356
4814,0.5302,4,25,4,489553,186891,48549,77707,1.480254403751109,0.29367946847670806
4815,0.5303,7,33,7,489586,186858,48556,77700,1.4799930300342161,0.2936974122876647
4816,0.5304,2,9,2,489595,186849,48558,77698,1.4799217462932455,0.2937020642834733
4817,0.5305,4,26,4,489621,186823,48562,77694,1.4797158154859966,0.2937202523845348
4818,0.5306,1,5,1,489626,186818,48563,77693,1.4796762134076797,0.29372313438760583
4819,0.5307,5,44,5,489670,186774,48568,77688,1.4793277151184894,0.2937586496358645
4820,0.5308,25,108,25,489778,186666,48593,77663,1.4784723102268407,0.2938118783788385
4821,0.5309,0,4,0,489782,186662,48593,77663,1.4784406285641871,0.29381632460039725
4822,0.531,11,64,11,489846,186598,48604,77652,1.4779337219617286,0.2938580889309366
4823,0.5311,2,5,2,489851,186593,48606,77650,1.4778941198834115,0.293858304666538
4824,0.5312,3,27,3,489878,186566,48609,77647,1.4776802686604993,0.29388031625998723
4825,0.5313,4,42,4,489920,186524,48613,77643,1.477347611202636,0.2939163483705383
4826,0.5314,2,7,2,489927,186517,48615,77641,1.477292168292992,0.2939187910265826
4827,0.5315,5,21,5,489948,186496,48620,77636,1.4771258395640603,0.293928793179168
4828,0.5316,0,2,0,489950,186494,48620,77636,1.4771099987327334,0.29393101881649186
4829,0.5317,72,329,72,490279,186165,48692,77564,1.4745041819794702,0.2941049334733761
4830,0.5318,8,30,8,490309,186135,48700,77556,1.4742665695095678,0.29411697782631946
4831,0.5319,3,5,3,490314,186130,48703,77553,1.4742269674312507,0.29411452387905174
4832,0.532,18,71,18,490385,186059,48721,77535,1.4736646179191484,0.2941455420077847
4833,0.5321,2,21,2,490406,186038,48723,77533,1.4734982891902166,0.29416362194626877
4834,0.5322,5,16,5,490422,186022,48728,77528,1.473371562539602,0.2941680895465756
4835,0.5323,6,33,6,490455,185989,48734,77522,1.4731101888227094,0.2941888573911525
4836,0.5324,1,8,1,490463,185981,48735,77521,1.473046825497402,0.2941951104735448
4837,0.5325,71,320,71,490783,185661,48806,77450,1.4705122924851097,0.2943624553895504
4838,0.5326,1,13,1,490796,185648,48807,77449,1.4704093270814853,0.2943743182172355
4839,0.5327,11,49,11,490845,185599,48818,77438,1.470021226713978,0.2943996471979227
4840,0.5328,2,17,2,490862,185582,48820,77436,1.4698865796476999,0.29441331011565747
4841,0.5329,4,23,4,490885,185559,48824,77432,1.4697044100874415,0.2944283264446312
4842,0.533,12,51,12,490936,185508,48836,77420,1.4693004688886073,0.29445323434552423
4843,0.5331,2,13,2,490949,185495,48838,77418,1.469197503484983,0.29446242673431894
4844,0.5332,8,19,8,490968,185476,48846,77410,1.469047015587378,0.2944622383846991
4845,0.5333,138,641,138,491609,184835,48984,77272,1.4639700291471296,0.294810897839432
4846,0.5334,0,5,0,491614,184830,48984,77272,1.4639304270688125,0.2948165218121189
4847,0.5335,9,36,9,491650,184794,48993,77263,1.4636452921049297,0.2948328035503726
4848,0.5336,1,12,1,491662,184782,48994,77262,1.4635502471169688,0.29484361404954895
4849,0.5337,8,25,8,491687,184757,49002,77254,1.4633522367253833,0.29485021621229646
4850,0.5338,2,26,2,491713,184731,49004,77252,1.4631463059181347,0.29487409488401917
4851,0.5339,2,9,2,491722,184722,49006,77250,1.4630750221771638,0.29487884201365033
4852,0.534,21,128,21,491850,184594,49027,77229,1.462061208972247,0.2949664467980277
4853,0.5341,1,5,1,491855,184589,49028,77228,1.4620216068939298,0.2949693870145942
4854,0.5342,18,119,18,491974,184470,49046,77210,1.4610790774299836,0.2950550290431061
4855,0.5343,4,51,4,492025,184419,49050,77206,1.4606751362311494,0.29510176779742
4856,0.5344,1,3,1,492028,184416,49051,77205,1.4606513749841592,0.2951024573715413
4857,0.5345,7,31,7,492059,184385,49058,77198,1.4604058420985933,0.2951185665735159
4858,0.5346,2,8,2,492067,184377,49060,77196,1.460342478773286,0.29512220297966535
4859,0.5347,9,37,9,492104,184340,49069,77187,1.4600494233937398,0.2951396987691519
4860,0.5348,2,21,2,492125,184319,49071,77185,1.459883094664808,0.2951580090553108
4861,0.5349,1,2,1,492127,184317,49072,77184,1.4598672538334811,0.29515757109915447
4862,0.535,268,1147,268,493274,183170,49340,76916,1.4507825370675453,0.2957329498704275
4863,0.5351,2,4,2,493278,183166,49342,76914,1.4507508554048916,0.2957320824361735
4864,0.5352,6,21,6,493299,183145,49348,76908,1.45058452667596,0.2957397145966399
4865,0.5353,2,45,2,493344,183100,49350,76906,1.4502281079711064,0.29578548187349524
4866,0.5354,3,9,3,493353,183091,49353,76903,1.4501568242301357,0.2957875950983484
4867,0.5355,6,30,6,493383,183061,49359,76897,1.449919211760233,0.2958054762692435
4868,0.5356,2,8,2,493391,183053,49361,76895,1.4498558484349258,0.2958091618323665
4869,0.5357,19,44,19,493435,183009,49380,76876,1.4495073501457356,0.29580776112511303
4870,0.5358,15,117,15,493552,182892,49395,76861,1.4485806615131163,0.29590033608851485
4871,0.5359,1,2,1,493554,182890,49396,76860,1.4485648206817894,0.29589990375360925
4872,0.536,22,116,22,493670,182774,49418,76838,1.4476460524648334,0.2959724511964008
4873,0.5361,0,18,0,493688,182756,49418,76838,1.4475034849828918,0.2959929736434586
4874,0.5362,2,18,2,493706,182738,49420,76836,1.4473609175009505,0.2960080747686594
4875,0.5363,6,29,6,493735,182709,49426,76830,1.4471312254467115,0.29602487487429635
4876,0.5364,1,10,1,493745,182699,49427,76829,1.4470520212900773,0.2960335686322863
4877,0.5365,5,41,5,493786,182658,49432,76824,1.4467272842478773,0.2960667791985571
4878,0.5367,125,627,125,494413,182031,49557,76699,1.4417611836269166,0.2964441695976501
4879,0.5368,6,30,6,494443,182001,49563,76693,1.4415235711570142,0.29646222950667583
4880,0.5369,4,8,4,494451,181993,49567,76689,1.441460207831707,0.29646051909294036
4881,0.537,9,42,9,494493,181951,49576,76680,1.4411275503738437,0.29648418016401745
4882,0.5371,4,20,4,494513,181931,49580,76676,1.4409691420605752,0.2964962278669951
4883,0.5372,2,21,2,494534,181910,49582,76674,1.4408028133316437,0.2965148655755963
4884,0.5373,9,53,9,494587,181857,49591,76665,1.4403830313014827,0.2965511639241535
4885,0.5374,3,8,3,494595,181849,49594,76662,1.4403196679761754,0.29655217766361974
4886,0.5375,66,319,66,494914,181530,49660,76596,1.4377930553795464,0.2967388019804282
4887,0.5376,3,22,3,494936,181508,49663,76593,1.4376188062349513,0.29675592113165
4888,0.5377,9,37,9,494973,181471,49672,76584,1.437325750855405,0.29677394353916803
4889,0.5378,6,16,6,494989,181455,49678,76578,1.4371990242047903,0.29677599376823893
4890,0.5379,2,10,2,494999,181445,49680,76576,1.437119820048156,0.2967820448723166
4891,0.538,15,77,15,495076,181368,49695,76561,1.4365099480420733,0.29682974772127213
4892,0.5381,2,6,2,495082,181362,49697,76559,1.4364624255480927,0.2968312002512397
4893,0.5382,2,26,2,495108,181336,49699,76557,1.436256494740844,0.29685567270146923
4894,0.5383,69,323,69,495431,181013,49768,76488,1.4336982004815613,0.2970396231470946
4895,0.5384,0,5,0,495436,181008,49768,76488,1.4336585984032442,0.297045390996365
4896,0.5385,8,36,8,495472,180972,49776,76480,1.4333734634393613,0.29706508397681897
4897,0.5386,4,12,4,495484,180960,49780,76476,1.4332784184514002,0.29706800913625137
4898,0.5387,9,41,9,495525,180919,49789,76467,1.4329536814092003,0.29709075085668996
4899,0.5388,1,15,1,495540,180904,49790,76466,1.4328348751742492,0.29710533473209777
4900,0.5389,2,7,2,495547,180897,49792,76464,1.4327794322646052,0.2971079534195158
4901,0.539,10,93,10,495640,180804,49802,76454,1.4320428336079079,0.29718803691236034
4902,0.5391,0,3,0,495643,180801,49802,76454,1.4320190723609174,0.29719150259470173
4903,0.5392,24,126,24,495769,180675,49826,76430,1.4310210999873274,0.2972715427549056
4904,0.5393,12,63,12,495832,180612,49838,76418,1.4305221138005322,0.29731159786795314
4905,0.5394,0,4,0,495836,180608,49838,76418,1.4304904321378786,0.29731622481772274
4906,0.5395,6,19,6,495855,180589,49844,76412,1.4303399442402738,0.29732180030427896
4907,0.5396,3,10,3,495865,180579,49847,76409,1.4302607400836396,0.2973251669338646
4908,0.5397,10,28,10,495893,180551,49857,76399,1.430038968445064,0.2973302198871376
4909,0.5398,2,25,2,495918,180526,49859,76397,1.4298409580534786,0.2973536818424197
4910,0.5399,1,9,1,495927,180517,49860,76396,1.429769674312508,0.2973613635744396
4911,0.54,778,3474,778,499401,177043,50638,75618,1.4022541502978076,0.2992863956051785
4912,0.5401,0,11,0,499412,177032,50638,75618,1.40216702572551,0.29929942608351473
4913,0.5402,2,19,2,499431,177013,50640,75616,1.4020165378279053,0.2993163888548029
4914,0.5403,5,28,5,499459,176985,50645,75611,1.4017947661893295,0.2993356981108173
4915,0.5404,1,4,1,499463,176981,50646,75610,1.401763084526676,0.29933766444568494
4916,0.5405,7,25,7,499488,176956,50653,75603,1.4015650741350907,0.29934787514996497
4917,0.5406,0,14,0,499502,176942,50653,75603,1.4014541883158027,0.2993644696984696
4918,0.5407,9,43,9,499545,176899,50662,75594,1.4011136104422761,0.29939047815186953
4919,0.5408,13,113,13,499658,176786,50675,75581,1.4002186034723103,0.299488443417721
4920,0.5409,2,2,2,499660,176784,50677,75579,1.4002027626409834,0.29948526527264296
4921,0.541,15,71,15,499731,176713,50692,75564,1.399640413128881,0.29952789988782175
4922,0.5411,2,2,2,499733,176711,50694,75562,1.3996245722975542,0.2995247212345356
4923,0.5412,3,27,3,499760,176684,50697,75559,1.399410721074642,0.2995484512949814
4924,0.5413,5,43,5,499803,176641,50702,75554,1.3990701432011152,0.29958563809750394
4925,0.5414,1,15,1,499818,176626,50703,75553,1.398951336966164,0.29960068046903193
4926,0.5415,7,26,7,499844,176600,50710,75546,1.3987454061589153,0.29961212948053906
4927,0.5416,0,5,0,499849,176595,50710,75546,1.3987058040805982,0.299618070841315
4928,0.5417,74,357,74,500206,176238,50784,75472,1.3958782156887592,0.29983711413928726
4929,0.5418,5,26,5,500232,176212,50789,75467,1.3956722848815106,0.2998541793316089
4930,0.5419,2,5,2,500237,176207,50791,75465,1.3956326828031935,0.2998545726183286
4931,0.542,14,75,14,500312,176132,50805,75451,1.3950386516284374,0.2999050015303101
4932,0.5421,2,13,2,500325,176119,50807,75449,1.394935686224813,0.29991493353685683
4933,0.5422,1,26,1,500351,176093,50808,75448,1.3947297554175644,0.29994315042080616
4934,0.5423,10,40,10,500391,176053,50818,75438,1.3944129387910278,0.29996302054546686
4935,0.5424,1,13,1,500404,176040,50819,75437,1.3943099733874034,0.29997574330853316
4936,0.5425,75,282,75,500686,175758,50894,75362,1.3920764161703205,0.3001035361580121
4937,0.5426,1,7,1,500693,175751,50895,75361,1.3920209732606768,0.3001091146580012
4938,0.5427,11,57,11,500750,175694,50906,75350,1.3915695095678622,0.300146587849142
4939,0.5428,4,20,4,500770,175674,50910,75346,1.3914111012545938,0.3001593498526014
4940,0.5429,3,11,3,500781,175663,50913,75343,1.3913239766822962,0.30016413950264137
4941,0.543,10,53,10,500834,175610,50923,75333,1.3909041946521354,0.30019964693177337
4942,0.5431,2,9,2,500843,175601,50925,75331,1.3908329109111646,0.3002048363700126
4943,0.5432,4,21,4,500864,175580,50929,75327,1.3906665821822328,0.30021880617121083
4944,0.5433,142,601,142,501465,174979,51071,75185,1.3859064123685212,0.3005428438944053
4945,0.5434,0,2,0,501467,174977,51071,75185,1.3858905715371943,0.30054524668015126
4946,0.5435,5,27,5,501494,174950,51076,75180,1.3856767203142821,0.30056370687242634
4947,0.5436,3,11,3,501505,174939,51079,75177,1.3855895957419846,0.3005685361992036
4948,0.5437,4,26,4,501531,174913,51083,75173,1.3853836649347357,0.30058859752245226
4949,0.5438,4,23,4,501554,174890,51087,75169,1.3852014953744773,0.30060505720649927
4950,0.5439,2,10,2,501564,174880,51089,75167,1.3851222912178431,0.3006114850408123
4951,0.544,21,101,21,501665,174779,51110,75146,1.3843223292358382,0.3006742022606782
4952,0.5441,0,7,0,501672,174772,51110,75146,1.3842668863261944,0.30068262390063943
4953,0.5442,23,114,23,501786,174658,51133,75123,1.3833639589405653,0.3007554617845232
4954,0.5443,7,38,7,501824,174620,51140,75116,1.3830629831453554,0.3007816253964186
4955,0.5444,2,12,2,501836,174608,51142,75114,1.3829679381573945,0.3007904790126621
4956,0.5445,1,27,1,501863,174581,51143,75113,1.3827540869344823,0.30082020392960984
4957,0.5446,0,12,0,501875,174569,51143,75113,1.3826590419465214,0.30083466168966927
4958,0.5447,1,33,1,501908,174536,51144,75112,1.3823976682296286,0.30087162725116967
4959,0.5448,5,15,5,501923,174521,51149,75107,1.3822788619946775,0.30087570304613265
4960,0.5449,0,4,0,501927,174517,51149,75107,1.3822471803320238,0.30088052430856005
4961,0.545,242,1120,242,503047,173397,51391,74865,1.3733763147890001,0.301556420233463
4962,0.5451,0,13,0,503060,173384,51391,74865,1.3732733493853757,0.3015722117712458
4963,0.5452,9,36,9,503096,173348,51400,74856,1.3729882144214929,0.30159062706483375
4964,0.5453,5,36,5,503132,173312,51405,74851,1.3727030794576098,0.30162030600855083
4965,0.5454,2,19,2,503151,173293,51407,74849,1.372552591560005,0.30163777192091623
4966,0.5455,11,31,11,503182,173262,51418,74838,1.3723070586744393,0.30164449818621525
4967,0.5456,0,8,0,503190,173254,51418,74838,1.372243695349132,0.3016542250455476
4968,0.5457,8,62,8,503252,173192,51426,74830,1.3717526295780003,0.3017071066276379
4969,0.5458,27,141,27,503393,173051,51453,74803,1.370635850969459,0.30180267415494605
4970,0.5459,1,8,1,503401,173043,51454,74802,1.3705724876441516,0.3018095987411487
4971,0.546,29,128,29,503529,172915,51483,74773,1.3695586744392345,0.30188382158199023
4972,0.5461,1,11,1,503540,172904,51484,74772,1.369471549866937,0.3018944104394451
4973,0.5462,3,28,3,503568,172876,51487,74769,1.3692497782283615,0.3019200872216277
4974,0.5463,7,36,7,503604,172840,51494,74762,1.3689646432644784,0.30194424923869756
4975,0.5464,2,9,2,503613,172831,51496,74760,1.3688933595235078,0.30194958621274604
4976,0.5465,9,34,9,503647,172797,51505,74751,1.3686240653909518,0.3019656793833923
4977,0.5466,2,10,2,503657,172787,51507,74749,1.3685448612343176,0.30197223838148796
4978,0.5467,129,562,129,504219,172225,51636,74620,1.3640935876314788,0.3022949624258138
4979,0.5468,0,26,0,504245,172199,51636,74620,1.3638876568242302,0.30232680628314673
4980,0.5469,1,1,1,504246,172198,51637,74619,1.3638797364085666,0.3023252045037416
4981,0.547,12,44,12,504290,172154,51649,74607,1.3635312381193765,0.30234518420658046
4982,0.5471,3,17,3,504307,172137,51652,74604,1.3633965910530985,0.30235753279754884
4983,0.5472,6,17,6,504324,172120,51658,74598,1.3632619439868203,0.30236140046530857
4984,0.5473,9,52,9,504376,172068,51667,74589,1.3628500823723229,0.30239968863644656
4985,0.5474,1,10,1,504386,172058,51668,74588,1.3627708782156887,0.30240912076417215
4986,0.5475,71,324,71,504710,171734,51739,74517,1.3602046635407425,0.3026058777426285
4987,0.5476,2,15,2,504725,171719,51741,74515,1.3600858573057915,0.30261864730297194
4988,0.5477,7,47,7,504772,171672,51748,74508,1.3597135977696109,0.30265659273702167
4989,0.5478,6,23,6,504795,171649,51754,74502,1.3595314282093525,0.30266787459730005
4990,0.5479,3,13,3,504808,171636,51757,74499,1.359428462805728,0.30267536108233284
4991,0.548,19,104,19,504912,171532,51776,74480,1.358604739576733,0.3027494593759654
4992,0.5481,1,14,1,504926,171518,51777,74479,1.3584938537574451,0.3027638548437583
4993,0.5482,3,21,3,504947,171497,51780,74476,1.3583275250285134,0.3027811995625536
4994,0.5483,70,337,70,505284,171160,51850,74406,1.355658344949943,0.30299797203195883
4995,0.5484,0,7,0,505291,171153,51850,74406,1.355602902040299,0.30300660940955126
4996,0.5485,4,29,4,505320,171124,51854,74402,1.35537320998606,0.30303104355546867
4997,0.5486,1,10,1,505330,171114,51855,74401,1.3552940058294258,0.30304054742072783
4998,0.5487,5,37,5,505367,171077,51860,74396,1.3550009504498797,0.30307202828824353
4999,0.5488,6,32,6,505399,171045,51866,74390,1.3547474971486504,0.3030945056735999
5000,0.5489,0,4,0,505403,171041,51866,74390,1.3547158154859966,0.30309944546532425
5001,0.549,14,79,14,505482,170962,51880,74376,1.354090102648587,0.3031572768996242
5002,0.5491,0,3,0,505485,170959,51880,74376,1.3540663414015968,0.3031609839607068
5003,0.5492,24,127,24,505612,170832,51904,74352,1.3530604486123432,0.30324980422866094
5004,0.5493,9,53,9,505665,170779,51913,74343,1.3526406665821822,0.30328979039009146
5005,0.5494,0,3,0,505668,170776,51913,74343,1.352616905335192,0.3032935023396799
5006,0.5495,6,31,6,505699,170745,51919,74337,1.3523713724496262,0.3033148089210958
5007,0.5496,3,8,3,505707,170737,51922,74334,1.352308009124319,0.3033161818411807
5008,0.5497,4,27,4,505734,170710,51926,74330,1.3520941579014067,0.30333823049298075
5009,0.5498,2,24,2,505758,170686,51928,74328,1.3519040679254848,0.30336225685062895
5010,0.5499,2,8,2,505766,170678,51930,74326,1.3518407046001775,0.30336647564937713
5011,0.55,767,3412,767,509178,167266,52697,73559,1.3248162463566089,0.3054458631786567
5012,0.5501,1,12,1,509190,167254,52698,73558,1.3247212013686478,0.30545819975748717
5013,0.5502,8,24,8,509214,167230,52706,73550,1.3245311113927258,0.3054655702300856
5014,0.5503,8,21,8,509235,167209,52714,73542,1.324364782663794,0.3054691361614282
5015,0.5504,3,20,3,509255,167189,52717,73539,1.324206374350526,0.30548585955933666
5016,0.5505,7,33,7,509288,167156,52724,73532,1.3239450006336333,0.305507545037559
5017,0.5506,1,4,1,509292,167152,52725,73531,1.3239133189709795,0.3055097368738133
5018,0.5507,12,52,12,509344,167100,52737,73519,1.323501457356482,0.3055411251813032
5019,0.5508,23,95,23,509439,167005,52760,73496,1.3227490178684578,0.30559540292971754
5020,0.5509,3,4,3,509443,167001,52763,73493,1.322717336205804,0.3055918234966361
5021,0.551,17,88,17,509531,166913,52780,73476,1.3220203396274237,0.30565458486037217
5022,0.5511,3,9,3,509540,166904,52783,73473,1.3219490558864528,0.305657363225267
5023,0.5512,5,28,5,509568,166876,52788,73468,1.3217272842478773,0.30567852744399693
5024,0.5513,12,25,12,509593,166851,52800,73456,1.321529273856292,0.3056756565559888
5025,0.5514,1,7,1,509600,166844,52801,73455,1.321473830946648,0.30568167158415144
5026,0.5515,4,26,4,509626,166818,52805,73451,1.3212679001393992,0.3057031910067466
5027,0.5516,1,14,1,509640,166804,52806,73450,1.3211570143201115,0.30571811499496365
5028,0.5517,69,347,69,509987,166457,52875,73381,1.318408630084907,0.3059606901325061
5029,0.5518,5,19,5,510006,166438,52880,73376,1.318258142187302,0.30597046044017445
5030,0.5519,3,3,3,510009,166435,52883,73373,1.3182343809403116,0.3059656058179877
5031,0.552,15,65,15,510074,166370,52898,73358,1.3177195539221898,0.30600513915771205
5032,0.5521,7,16,7,510090,166354,52905,73351,1.3175928272715751,0.3060052981790117
5033,0.5522,4,19,4,510109,166335,52909,73347,1.3174423393739703,0.30601797381530527
5034,0.5523,8,38,8,510147,166297,52917,73339,1.3171413635787605,0.3060433323874543
5035,0.5524,0,7,0,510154,166290,52917,73339,1.3170859206691168,0.30605227247119504
5036,0.5525,77,308,77,510462,165982,52994,73262,1.314646432644785,0.30622293558041164
5037,0.5526,3,7,3,510469,165975,52997,73259,1.3145909897351413,0.30622319569960793
5038,0.5527,9,42,9,510511,165933,53006,73250,1.3142583322772778,0.30625086231044846
5039,0.5528,5,24,5,510535,165909,53011,73245,1.3140682423013559,0.3062670914975288
5040,0.5529,4,24,4,510559,165885,53015,73241,1.3138781523254341,0.30628622567182157
5041,0.553,14,42,14,510601,165843,53029,73227,1.3135454948675707,0.3062994102145815
5042,0.5531,2,9,2,510610,165834,53031,73225,1.3134742111266,0.30630513806215204
5043,0.5532,8,26,8,510636,165808,53039,73217,1.3132682803193512,0.3063152389917373
5044,0.5533,130,575,130,511211,165233,53169,73087,1.3087140413128882,0.306675897952333
5045,0.5534,1,8,1,511219,165225,53170,73086,1.3086506779875808,0.3066832836083941
5046,0.5535,4,21,4,511240,165204,53174,73082,1.308484349258649,0.30669867302317383
5047,0.5536,1,7,1,511247,165197,53175,73081,1.308428906349005,0.30670477341592595
5048,0.5537,8,27,8,511274,165170,53183,73073,1.308215055126093,0.30671625189407453
5049,0.5538,4,21,4,511295,165149,53187,73069,1.3080487263971614,0.3067316491616922
5050,0.5539,2,10,2,511305,165139,53189,73067,1.3079695222405272,0.3067387051543622
5051,0.554,16,122,16,511427,165017,53205,73051,1.3070032315295907,0.3068493035603273
5052,0.5541,1,3,1,511430,165014,53206,73050,1.3069794702826005,0.3068502587539485
5053,0.5542,25,131,25,511561,164883,53231,73025,1.3059418958306932,0.3069463826353044
5054,0.5543,11,34,11,511595,164849,53242,73014,1.305672601698137,0.3069582070351421
5055,0.5544,3,6,3,511601,164843,53245,73011,1.3056250792041566,0.3069572090442036
5056,0.5545,8,40,8,511641,164803,53253,73003,1.30530826257762,0.30698552601700546
5057,0.5546,0,14,0,511655,164789,53253,73003,1.3051973767583323,0.3070035997846858
5058,0.5547,6,40,6,511695,164749,53259,72997,1.3048805601317957,0.30703776299075486
5059,0.5548,4,32,4,511727,164717,53263,72993,1.3046271068305664,0.307067435110008
5060,0.5549,4,8,4,511735,164709,53267,72989,1.304563743505259,0.30706610909641646
5061,0.555,260,1120,260,512855,163589,53527,72729,1.2956928779622354,0.307759036552442
5062,0.5551,1,1,1,512856,163588,53528,72728,1.295684957546572,0.30775740957023645
5063,0.5552,13,20,13,512876,163568,53541,72715,1.2955265492333037,0.307745373133065
5064,0.5553,3,32,3,512908,163536,53544,72712,1.2952730959320746,0.3077782669059632
5065,0.5554,1,4,1,512912,163532,53545,72711,1.2952414142694209,0.3077805479950729
5066,0.5555,10,20,10,512932,163512,53555,72701,1.2950830059561527,0.30777730268867504
5067,0.5556,1,5,1,512937,163507,53556,72700,1.2950434038778356,0.3077808871032611
5068,0.5557,8,48,8,512985,163459,53564,72692,1.2946632239259916,0.30781999652764547
5069,0.5558,26,83,26,513068,163376,53590,72666,1.2940058294259282,0.30785199244202305
5070,0.5559,2,8,2,513076,163368,53592,72664,1.293942466100621,0.30785656182212584
5071,0.556,33,90,33,513166,163278,53625,72631,1.2932296286909137,0.3078771899334065
5072,0.5561,1,13,1,513179,163265,53626,72630,1.2931266632872893,0.3078912227898005
5073,0.5562,6,24,6,513203,163241,53632,72624,1.2929365733113674,0.3079049456256757
5074,0.5563,3,23,3,513226,163218,53635,72621,1.292754403751109,0.3079261699718876
5075,0.5564,3,9,3,513235,163209,53638,72618,1.292683120010138,0.3079291175310715
5076,0.5565,6,29,6,513264,163180,53644,72612,1.292453427955899,0.3079493791137952
5077,0.5566,2,2,2,513266,163178,53646,72610,1.2924375871245724,0.30794612109182823
5078,0.5567,148,547,148,513813,162631,53794,72462,1.2881051197566848,0.3082269569914885
5079,0.5568,4,22,4,513835,162609,53798,72458,1.2879308706120898,0.3082440325524212
5080,0.5569,3,7,3,513842,162602,53801,72455,1.2878754277024458,0.3082443832772476
5081,0.557,7,46,7,513888,162556,53808,72448,1.2875110885819288,0.3082841143129479
5082,0.5571,5,10,5,513898,162546,53813,72443,1.2874318844252945,0.3082825153517824
5083,0.5572,6,19,6,513917,162527,53819,72437,1.2872813965276897,0.3082897805621287
5084,0.5573,13,40,13,513957,162487,53832,72424,1.2869645799011533,0.3083039959814568
5085,0.5574,0,7,0,513964,162480,53832,72424,1.2869091369915093,0.3083131832578415
5086,0.5575,79,303,79,514267,162177,53911,72345,1.284509251045495,0.3084785222708317
5087,0.5576,2,11,2,514278,162166,53913,72343,1.2844221264731974,0.3084870943119454
5088,0.5577,6,37,6,514315,162129,53919,72337,1.284129071093651,0.30851807938037923
5089,0.5578,3,19,3,514334,162110,53922,72334,1.2839785831960462,0.3085342341881217
5090,0.5579,4,7,4,514341,162103,53926,72330,1.2839231402864022,0.3085316487013347
5091,0.558,25,71,25,514412,162032,53951,72305,1.2833607907742999,0.3085513597938012
5092,0.5581,1,5,1,514417,162027,53952,72304,1.2833211886959828,0.30855499272396736
5093,0.5582,6,30,6,514447,161997,53958,72298,1.2830835762260804,0.3085767942124245
5094,0.5583,67,325,67,514772,161672,54025,72231,1.2805094411354707,0.30880749712487654
5095,0.5584,1,7,1,514779,161665,54026,72230,1.280453998225827,0.30881378396288933
5096,0.5585,10,24,10,514803,161641,54036,72220,1.280263908249905,0.3088159205682008
5097,0.5586,3,10,3,514813,161631,54039,72217,1.2801847040932708,0.30882025931374224
5098,0.5587,9,29,9,514842,161602,54048,72208,1.2799550120390317,0.30883195757238785
5099,0.5588,3,36,3,514878,161566,54051,72205,1.279669877075149,0.30887064691514343
5100,0.5589,5,7,5,514885,161559,54056,72200,1.279614434165505,0.30886511321489224
5101,0.559,14,58,14,514943,161501,54070,72186,1.279155050057027,0.3089003667298566
5102,0.5591,2,11,2,514954,161490,54072,72184,1.2790679254847295,0.3089089928704092
5103,0.5592,22,106,22,515060,161384,54094,72162,1.2782283614244077,0.30898409735127125
5104,0.5593,10,55,10,515115,161329,54104,72152,1.2777927385629197,0.3090272870169307
5105,0.5594,0,1,0,515116,161328,54104,72152,1.2777848181472564,0.30902861058763065
5106,0.5595,9,22,9,515138,161306,54113,72143,1.2776105690026613,0.3090310945859695
5107,0.5596,6,10,6,515148,161296,54119,72137,1.2775313648460271,0.3090265729352748
5108,0.5597,7,19,7,515167,161277,54126,72130,1.2773808769484223,0.30903100592527216
5109,0.5598,8,22,8,515189,161255,54134,72122,1.2772066278038272,0.309036451749744
5110,0.5599,1,8,1,515197,161247,54135,72121,1.27714326447852,0.309044084878818
5111,0.56,769,3171,769,518368,158076,54904,71352,1.252027626409834,0.31099952926408286
5112,0.5601,1,3,1,518371,158073,54905,71351,1.2520038651628438,0.3110005927888974
5113,0.5602,7,26,7,518397,158047,54912,71344,1.251797934355595,0.3110148174950194
5114,0.5603,4,43,4,518440,158004,54916,71340,1.2514573564820681,0.3110611134365843
5115,0.5604,1,14,1,518454,157990,54917,71339,1.2513464706627804,0.3110770988405304
5116,0.5605,6,35,6,518489,157955,54923,71333,1.2510692561145609,0.31110655594710585
5117,0.5606,1,6,1,518495,157949,54924,71332,1.2510217336205804,0.3111116926391633
5118,0.5607,16,50,16,518545,157899,54940,71316,1.2506257128374096,0.31113147045350437
5119,0.5608,24,120,24,518665,157779,54964,71292,1.2496752629578,0.31122228479379754
5120,0.5609,0,5,0,518670,157774,54964,71292,1.249635660879483,0.31122907808229944
5121,0.561,17,58,17,518728,157716,54981,71275,1.2491762767710048,0.31125677428370546
5122,0.5611,5,12,5,518740,157704,54986,71270,1.249081231783044,0.3112580467651349
5123,0.5612,9,25,9,518765,157679,54995,71261,1.2488832213914587,0.3112649602515943
5124,0.5613,2,23,2,518788,157656,54997,71259,1.2487010518312,0.3112902168927331
5125,0.5614,2,11,2,518799,157645,54999,71257,1.2486139272589025,0.3112991585918865
5126,0.5615,10,27,10,518826,157618,55009,71247,1.2484000760359903,0.31130579162388305
5127,0.5616,0,1,0,518827,157617,55009,71247,1.248392155620327,0.31130715184563756
5128,0.5617,73,310,73,519137,157307,55082,71174,1.2459368267646687,0.3115094909423541
5129,0.5618,1,29,1,519166,157278,55083,71173,1.2457071347104296,0.3115460208097141
5130,0.5619,1,8,1,519174,157270,55084,71172,1.2456437713851223,0.311553917405731
5131,0.562,14,61,14,519235,157209,55098,71158,1.245160626029654,0.31159493271794964
5132,0.5621,2,9,2,519244,157200,55100,71156,1.2450893422886833,0.3116011841160294
5133,0.5622,3,22,3,519266,157178,55103,71153,1.2449150931440882,0.3116221625622452
5134,0.5623,2,35,2,519301,157143,55105,71151,1.2446378785958687,0.3116639070672028
5135,0.5624,4,5,4,519306,157138,55109,71147,1.2445982765175516,0.311658672273693
5136,0.5625,62,262,62,519568,156876,55171,71085,1.2425231276137372,0.3118296550725782
5137,0.5626,1,10,1,519578,156866,55172,71084,1.242443923457103,0.31184031585874095
5138,0.5627,9,38,9,519616,156828,55181,71075,1.2421429476618933,0.3118651356059376
5139,0.5628,3,23,3,519639,156805,55184,71072,1.2419607781016349,0.3118875533730916
5140,0.5629,4,12,4,519651,156793,55188,71068,1.2418657331136738,0.31189189900860614
5141,0.563,6,64,6,519715,156729,55194,71062,1.2413588265112152,0.311961403216106
5142,0.5631,2,10,2,519725,156719,55196,71060,1.2412796223545812,0.31196905772700734
5143,0.5632,3,25,3,519750,156694,55199,71057,1.2410816119629957,0.31199423932276915
5144,0.5633,129,579,129,520329,156115,55328,70928,1.2364956912938792,0.3123989728817889
5145,0.5634,0,5,0,520334,156110,55328,70928,1.236456089215562,0.3124058527647354
5146,0.5635,6,33,6,520367,156077,55334,70922,1.2361947154986694,0.31243309441891814
5147,0.5636,1,10,1,520377,156067,55335,70921,1.2361155113420352,0.31244382962976014
5148,0.5637,5,27,5,520404,156040,55340,70916,1.235901660119123,0.31246585241192126
5149,0.5638,7,28,7,520432,156012,55347,70909,1.2356798884805476,0.3124831989987705
5150,0.5639,7,10,7,520442,156002,55354,70902,1.2356006843239133,0.3124757606741177
5151,0.564,31,108,31,520550,155894,55385,70871,1.2347452794322646,0.3125305933455339
5152,0.5641,1,6,1,520556,155888,55386,70870,1.2346977569382842,0.3125358311503894
5153,0.5642,25,94,25,520650,155794,55411,70845,1.2339532378659233,0.31258962491009934
5154,0.5643,12,50,12,520700,155744,55423,70833,1.2335572170827525,0.31262219907581085
5155,0.5644,1,7,1,520707,155737,55424,70832,1.2335017741731087,0.3126288238902939
5156,0.5645,1,20,1,520727,155717,55425,70831,1.2333433658598403,0.312653389127249
5157,0.5646,2,6,2,520733,155711,55427,70829,1.2332958433658598,0.31265560165975104
5158,0.5647,4,22,4,520755,155689,55431,70825,1.2331215942212648,0.312673830315124
5159,0.5648,2,10,2,520765,155679,55433,70823,1.2330423900646306,0.31268156572568895
5160,0.5649,0,3,0,520768,155676,55433,70823,1.2330186288176403,0.31268570722166544
5161,0.565,258,1050,258,521818,154626,55691,70565,1.2247021923710557,0.31335621761082816
5162,0.5651,0,5,0,521823,154621,55691,70565,1.2246625902927386,0.3133631753306156
5163,0.5652,6,25,6,521848,154596,55697,70559,1.2244645799011533,0.31337967178166154
5164,0.5653,6,30,6,521878,154566,55703,70553,1.2242269674312507,0.31340313345386217
5165,0.5654,1,3,1,521881,154563,55704,70552,1.2242032061842605,0.31340426004486593
5166,0.5655,3,20,3,521901,154543,55707,70549,1.2240447978709923,0.3134229559469017
5167,0.5656,2,3,2,521904,154540,55709,70547,1.224021036624002,0.31342103275622313
5168,0.5657,15,37,15,521941,154503,55724,70532,1.2237279812444557,0.3134268002755127
5169,0.5658,23,109,23,522050,154394,55747,70509,1.2228646559371437,0.31350849032694095
5170,0.5659,0,8,0,522058,154386,55747,70509,1.2228012926118363,0.3135196424998333
5171,0.566,18,106,18,522164,154280,55765,70491,1.2219617285515143,0.3136125211882316
5172,0.5661,5,7,5,522171,154273,55770,70486,1.2219062856418705,0.3136070190737634
5173,0.5662,4,20,4,522191,154253,55774,70482,1.2217478773286021,0.3136227111931831
5174,0.5663,5,34,5,522225,154219,55779,70477,1.2214785831960462,0.31365489372307476
5175,0.5664,3,13,3,522238,154206,55782,70474,1.2213756177924218,0.31366387751468755
5176,0.5665,7,16,7,522254,154190,55789,70467,1.2212488911418071,0.31366483127612316
5177,0.5666,1,9,1,522263,154181,55790,70466,1.2211776074008365,0.31367434241276315
5178,0.5667,118,579,118,522842,153602,55908,70348,1.2165916867317197,0.31412368832328647
5179,0.5668,4,29,4,522871,153573,55912,70344,1.2163619946774806,0.31415211886547245
5180,0.5669,1,3,1,522874,153570,55913,70343,1.2163382334304904,0.3141532648841291
5181,0.567,10,40,10,522914,153530,55923,70333,1.2160214168039538,0.3141787611172905
5182,0.5671,3,15,3,522929,153515,55926,70330,1.2159026105690027,0.3141906229757198
5183,0.5672,3,17,3,522946,153498,55929,70327,1.2157679635027245,0.31420529431475486
5184,0.5673,8,47,8,522993,153451,55937,70319,1.2153957039665442,0.31424677123832506
5185,0.5674,2,12,2,523005,153439,55939,70317,1.2153006589785833,0.31425749477108994
5186,0.5675,62,274,62,523279,153165,56001,70255,1.2131304650868078,0.3144526004833945
5187,0.5676,5,20,5,523299,153145,56006,70250,1.2129720567735394,0.31446540880503143
5188,0.5677,8,35,8,523334,153110,56014,70242,1.21269484222532,0.3144901321680576
5189,0.5678,4,19,4,523353,153091,56018,70238,1.212544354327715,0.31450460979093625
5190,0.5679,5,12,5,523365,153079,56023,70233,1.2124493093397541,0.31450616178261803
5191,0.568,18,70,18,523435,153009,56041,70215,1.2118948802433152,0.31454951080528976
5192,0.5681,2,6,2,523441,153003,56043,70213,1.2118473577493347,0.3145518242419898
5193,0.5682,6,30,6,523471,152973,56049,70207,1.2116097452794323,0.3145756788242674
5194,0.5683,85,300,85,523771,152673,56134,70122,1.209233620580408,0.31473776341479837
5195,0.5684,1,9,1,523780,152664,56135,70121,1.2091623368394373,0.31474740220391856
5196,0.5685,2,30,2,523810,152634,56137,70119,1.208924724369535,0.3147836392775855
5197,0.5686,3,8,3,523818,152626,56140,70116,1.2088613610442276,0.3147857162097853
5198,0.5687,4,39,4,523857,152587,56144,70112,1.2085524648333545,0.3148285353773479
5199,0.5688,8,34,8,523891,152553,56152,70104,1.2082831707007984,0.31485199207750036
5200,0.5689,1,10,1,523901,152543,56153,70103,1.2082039665441642,0.3148630561519183
5201,0.569,14,60,14,523961,152483,56167,70089,1.2077287416043594,0.31490483978218287
5202,0.5691,0,13,0,523974,152470,56167,70089,1.207625776200735,0.3149232338391168
5203,0.5692,17,99,17,524073,152371,56184,70072,1.206841655050057,0.3150110365352023
5204,0.5693,6,38,6,524111,152333,56190,70066,1.2065406792548472,0.31504638060422935
5205,0.5694,0,6,0,524117,152327,56190,70066,1.2064931567608668,0.31505488032447065
5206,0.5695,3,23,3,524140,152304,56193,70063,1.2063109872006084,0.3150782265354122
5207,0.5696,4,9,4,524149,152295,56197,70059,1.2062397034596375,0.3150786583555951
5208,0.5697,4,31,4,524180,152264,56201,70055,1.2059941705740718,0.3151102694776425
5209,0.5698,2,16,2,524196,152248,56203,70053,1.2058674439234571,0.3151267875538122
5210,0.5699,2,4,2,524200,152244,56205,70051,1.2058357622608034,0.3151262961380148
5211,0.57,838,3174,838,527374,149070,57043,69213,1.1806963629451273,0.31707920451890437
5212,0.5701,4,7,4,527381,149063,57047,69209,1.1806409200354835,0.3170768582319308
5213,0.5702,8,22,8,527403,149041,57055,69201,1.1804666708908884,0.3170837877218867
5214,0.5703,4,32,4,527435,149009,57059,69197,1.1802132175896591,0.3171177694472196
5215,0.5704,0,7,0,527442,149002,57059,69197,1.1801577746800151,0.3171279428411679
5216,0.5705,6,33,6,527475,148969,57065,69191,1.1798964009631225,0.31715713237990467
5217,0.5706,0,5,0,527480,148964,57065,69191,1.1798567988848054,0.31716440145767916
5218,0.5707,11,46,11,527526,148918,57076,69180,1.1794924597642884,0.317196856459023
5219,0.5708,20,108,20,527634,148810,57096,69160,1.1786370548726397,0.31729137037206956
5220,0.5709,1,11,1,527645,148799,57097,69159,1.1785499303003422,0.3173042512777691
5221,0.571,15,60,15,527705,148739,57112,69144,1.1780747053605374,0.3173446299160559
5222,0.5711,1,10,1,527715,148729,57113,69143,1.1779955012039032,0.31735606227509733
5223,0.5712,7,20,7,527735,148709,57120,69136,1.177837092890635,0.3173632628703895
5224,0.5713,7,40,7,527775,148669,57127,69129,1.1775202762640984,0.3173996088118348
5225,0.5714,1,7,1,527782,148662,57128,69128,1.1774648333544544,0.31740667615593005
5226,0.5715,6,33,6,527815,148629,57134,69122,1.1772034596375618,0.3174359704433045
5227,0.5716,1,11,1,527826,148618,57135,69121,1.1771163350652643,0.31744887227368546
5228,0.5717,67,305,67,528131,148313,57202,69054,1.174700608287923,0.3176839170619275
5229,0.5718,4,15,4,528146,148298,57206,69050,1.1745818020529717,0.31769328450227285
5230,0.5719,0,7,0,528153,148291,57206,69050,1.174526359143328,0.3177035165937398
5231,0.572,10,59,10,528212,148232,57216,69040,1.1740590546191865,0.31775838580212823
5232,0.5721,2,25,2,528237,148207,57218,69038,1.173861044227601,0.3177886717761053
5233,0.5722,5,25,5,528262,148182,57223,69033,1.1736630338360157,0.3178095435398108
5234,0.5723,8,32,8,528294,148150,57231,69025,1.1734095805347864,0.31783124208587543
5235,0.5724,1,13,1,528307,148137,57232,69024,1.1733066151311622,0.3178471272466051
5236,0.5725,66,260,66,528567,147877,57298,68958,1.1712473070586744,0.3180206147531533
5237,0.5726,1,5,1,528572,147872,57299,68957,1.1712077049803573,0.31802480295532426
5238,0.5727,9,46,9,528618,147826,57308,68948,1.1708433658598403,0.31806397446188195
5239,0.5728,5,20,5,528638,147806,57313,68943,1.170684957546572,0.31807759205348124
5240,0.5729,3,21,3,528659,147785,57316,68940,1.1705186288176403,0.31809897335332793
5241,0.573,6,35,6,528694,147750,57322,68934,1.1702414142694209,0.31813147255911833
5242,0.5731,1,14,1,528708,147736,57323,68933,1.170130528450133,0.3181488814735841
5243,0.5732,6,15,6,528723,147721,57329,68927,1.1700117222151818,0.31815202540526566
5244,0.5733,138,529,138,529252,147192,57467,68789,1.1658218223292358,0.318495608409999
5245,0.5734,2,9,2,529261,147183,57469,68787,1.1657505385882652,0.3185025698013613
5246,0.5735,11,33,11,529294,147150,57480,68776,1.1654891648713726,0.3185165288107963
5247,0.5736,1,9,1,529303,147141,57481,68775,1.1654178811304017,0.3185266492524871
5248,0.5737,7,31,7,529334,147110,57488,68768,1.165172348244836,0.31855029229472204
5249,0.5738,9,39,9,529373,147071,57497,68759,1.1648634520339627,0.31857943752027057
5250,0.5739,3,10,3,529383,147061,57500,68756,1.1647842478773287,0.318584726875084
5251,0.574,25,111,25,529494,146950,57525,68731,1.1639050817386896,0.318669702013622
5252,0.5741,0,5,0,529499,146945,57525,68731,1.1638654796603727,0.318677089708637
5253,0.5742,22,109,22,529608,146836,57547,68709,1.1630021543530604,0.3187687025911063
5254,0.5743,13,42,13,529650,146794,57560,68696,1.1626694968951972,0.31878973502250685
5255,0.5744,2,8,2,529658,146786,57562,68694,1.1626061335698898,0.31879524781882307
5256,0.5745,6,17,6,529675,146769,57568,68688,1.1624714865036117,0.31880143137609823
5257,0.5746,2,8,2,529683,146761,57570,68686,1.1624081231783043,0.3188069455596968
5258,0.5747,4,37,4,529720,146724,57574,68682,1.1621150677987582,0.3188490571293279
5259,0.5748,3,9,3,529729,146715,57577,68679,1.1620437840577873,0.31885289283824064
5260,0.5749,0,9,0,529738,146706,57577,68679,1.1619725003168166,0.318866216310328
5261,0.575,264,1022,264,530760,145684,57841,68415,1.1538778355088075,0.31954843320146287
5262,0.5751,1,4,1,530764,145680,57842,68414,1.1538461538461537,0.31955122516277895
5263,0.5752,5,25,5,530789,145655,57847,68409,1.1536481434545685,0.31957265116974365
5264,0.5753,10,39,10,530828,145616,57857,68399,1.1533392472436954,0.31959909352148214
5265,0.5754,6,11,6,530839,145605,57863,68393,1.1532521226713979,0.31959644482658717
5266,0.5755,8,30,8,530869,145575,57871,68385,1.1530145102014955,0.31961581604038136
5267,0.5756,1,11,1,530880,145564,57872,68384,1.1529273856291977,0.31962906874567654
5268,0.5757,4,46,4,530926,145518,57876,68380,1.1525630465086807,0.31968508354449315
5269,0.5758,29,99,29,531025,145419,57905,68351,1.1517789253580029,0.319740842962062
5270,0.5759,0,5,0,531030,145414,57905,68351,1.1517393232796858,0.31974832175519846
5271,0.576,20,144,20,531174,145270,57925,68331,1.150598783424154,0.3199001877332035
5272,0.5761,4,2,4,531176,145268,57929,68327,1.1505829425928273,0.3198904468737564
5273,0.5762,8,31,8,531207,145237,57937,68319,1.1503374097072614,0.31991140497106146
5274,0.5763,7,18,7,531225,145219,57944,68312,1.15019484222532,0.3199160777592012
5275,0.5764,1,13,1,531238,145206,57945,68311,1.1500918768216957,0.3199323707245793
5276,0.5765,6,33,6,531271,145173,57951,68305,1.1498305031048028,0.3199627127853924
5277,0.5766,1,15,1,531286,145158,57952,68304,1.1497116968698518,0.3199820108497063
5278,0.5767,136,550,136,531836,144608,58088,68168,1.145355468254974,0.32037447832462307
5279,0.5768,3,24,3,531860,144584,58091,68165,1.145165378279052,0.3204010359625662
5280,0.5769,0,9,0,531869,144575,58091,68165,1.1450940945380814,0.3204145905800508
5281,0.577,6,42,6,531911,144533,58097,68159,1.144761437080218,0.3204586914411449
5282,0.5771,2,15,2,531926,144518,58099,68157,1.1446426308452669,0.3204749030210415
5283,0.5772,1,28,1,531954,144490,58100,68156,1.1444208592066911,0.3205139057400562
5284,0.5773,7,33,7,531987,144457,58107,68149,1.1441594854897985,0.3205412829365117
5285,0.5774,2,5,2,531992,144452,58109,68147,1.1441198834114814,0.32054242964454205
5286,0.5775,65,303,65,532295,144149,58174,68082,1.141719997465467,0.32079196724323966
5287,0.5776,1,7,1,532302,144142,58175,68081,1.141664554555823,0.32079934785579317
5288,0.5777,9,36,9,532338,144106,58184,68072,1.1413794195919402,0.3208249677157858
5289,0.5778,3,21,3,532359,144085,58187,68069,1.1412130908630085,0.32084712048794745
5290,0.5779,1,9,1,532368,144076,58188,68068,1.1411418071220378,0.32085753073384116
5291,0.578,22,75,22,532443,144001,58210,68046,1.1405477759472817,0.32090055506562226
5292,0.5781,2,6,2,532449,143995,58212,68044,1.1405002534533013,0.32090323006616706
5293,0.5782,2,12,2,532461,143983,58214,68042,1.1404052084653402,0.32091498644027827
5294,0.5783,73,276,73,532737,143707,58287,67969,1.138219173742238,0.3210992271206939
5295,0.5784,0,4,0,532741,143703,58287,67969,1.1381874920795843,0.3211052949846933
5296,0.5785,6,28,6,532769,143675,58293,67963,1.1379657204410087,0.3211285307931468
5297,0.5786,4,10,4,532779,143665,58297,67959,1.1378865162843745,0.32113087362491965
5298,0.5787,2,27,2,532806,143638,58299,67957,1.1376726650614624,0.32116543396583097
5299,0.5788,3,22,3,532828,143616,58302,67954,1.1374984159168673,0.32118920451859906
5300,0.5789,2,8,2,532836,143608,58304,67952,1.13743505259156,0.32119493287956136
5301,0.579,16,63,16,532899,143545,58320,67936,1.136936066404765,0.3212392602645155
5302,0.5791,1,11,1,532910,143534,58321,67935,1.1368489418324674,0.32125276045188655
5303,0.5792,16,103,16,533013,143431,58337,67919,1.1360331390191358,0.3213579370712089
5304,0.5793,8,48,8,533061,143383,58345,67911,1.135652959067292,0.321405245771295
5305,0.5794,1,5,1,533066,143378,58346,67910,1.1356133569889748,0.32140963992275945
5306,0.5795,6,21,6,533087,143357,58352,67904,1.135447028260043,0.321422316471095
5307,0.5796,6,7,6,533094,143350,58358,67898,1.135391585350399,0.32141369385745666
5308,0.5797,8,26,8,533120,143324,58366,67890,1.1351856545431505,0.32142755688543373
5309,0.5798,7,23,7,533143,143301,58373,67883,1.1350034849828918,0.3214400712175165
5310,0.5799,2,16,2,533159,143285,58375,67881,1.1348767583322772,0.3214579998674029
5311,0.58,804,2986,804,536145,140299,59179,67077,1.111226397161323,0.32345594475734896
5312,0.5801,1,10,1,536155,140289,59180,67076,1.1111471930046888,0.3234682805680804
5313,0.5802,6,29,6,536184,140260,59186,67070,1.11091750095045,0.3234939468480201
5314,0.5803,6,32,6,536216,140228,59192,67064,1.1106640476492207,0.3235243038805164
5315,0.5804,3,19,3,536235,140209,59195,67061,1.1105135597516158,0.323544169440826
5316,0.5805,7,25,7,536260,140184,59202,67054,1.1103155493600305,0.3235603509008966
5317,0.5806,2,4,2,536264,140180,59204,67052,1.1102838676973767,0.3235600679431748
5318,0.5807,10,36,10,536300,140144,59214,67042,1.109998732733494,0.32358363982122346
5319,0.5808,28,103,28,536403,140041,59242,67014,1.1091829299201623,0.3236531356402888
5320,0.5809,0,4,0,536407,140037,59242,67014,1.1091512482575085,0.32365938826665896
5321,0.581,8,60,8,536467,139977,59250,67006,1.1086760233177038,0.32372706937284706
5322,0.5811,2,7,2,536474,139970,59252,67004,1.1086205804080598,0.3237314831814624
5323,0.5812,4,26,4,536500,139944,59256,67000,1.1084146496008112,0.3237590845832689
5324,0.5813,8,18,8,536518,139926,59264,66992,1.1082720821188696,0.32376110343227754
5325,0.5814,6,9,6,536527,139917,59270,66986,1.108200798377899,0.32375557628453916
5326,0.5815,1,33,1,536560,139884,59271,66985,1.1079394246610061,0.323803953226438
5327,0.5816,1,3,1,536563,139881,59272,66984,1.107915663414016,0.3238053803204989
5328,0.5817,62,288,62,536851,139593,59334,66922,1.1056345837029526,0.32405394281287075
5329,0.5818,4,19,4,536870,139574,59338,66918,1.1054840958053478,0.32407066617592933
5330,0.5819,0,8,0,536878,139566,59338,66918,1.1054207324800405,0.32408322194455746
5331,0.582,19,65,19,536943,139501,59357,66899,1.1049059054619186,0.3241230620155039
5332,0.5821,2,16,2,536959,139485,59359,66897,1.104779178811304,0.32414164025932496
5333,0.5822,4,17,4,536976,139468,59363,66893,1.104644531745026,0.32415524251190875
5334,0.5823,8,34,8,537010,139434,59371,66885,1.1043752376124698,0.32418245532403706
5335,0.5824,4,13,4,537023,139421,59375,66881,1.1042722722088456,0.32418978003121635
5336,0.5825,84,239,84,537262,139182,59459,66797,1.1023792928652896,0.32429034027740694
5337,0.5826,0,6,0,537268,139176,59459,66797,1.1023317703713091,0.3242997868652687
5338,0.5827,11,42,11,537310,139134,59470,66786,1.1019991129134457,0.32432983682983685
5339,0.5828,5,18,5,537328,139116,59475,66781,1.1018565454315044,0.32434178254175633
5340,0.5829,6,17,6,537345,139099,59481,66775,1.1017218983652262,0.32434887358287107
5341,0.583,10,42,10,537387,139057,59491,66765,1.101389240907363,0.32438223319178705
5342,0.5831,1,11,1,537398,139046,59492,66764,1.1013021163350654,0.32439628783829744
5343,0.5832,5,32,5,537430,139014,59497,66759,1.101048663033836,0.32443031884649587
5344,0.5833,126,508,126,537938,138506,59623,66633,1.0970250918768216,0.32481878141162823
5345,0.5834,1,4,1,537942,138502,59624,66632,1.096993410214168,0.3248218237834781
5346,0.5835,5,27,5,537969,138475,59629,66627,1.096779558991256,0.32484812434788546
5347,0.5836,2,10,2,537979,138465,59631,66625,1.0967003548346217,0.3248573796869667
5348,0.5837,5,14,5,537993,138451,59636,66620,1.096589469015334,0.32486309619595166
5349,0.5838,2,17,2,538010,138434,59638,66618,1.096454821949056,0.32488344419952014
5350,0.5839,3,12,3,538022,138422,59641,66615,1.0963597769610949,0.3248925803635441
5351,0.584,21,97,21,538119,138325,59662,66594,1.0955914966417437,0.32497718610768156
5352,0.5841,2,4,2,538123,138321,59664,66592,1.0955598149790902,0.3249769414336816
5353,0.5842,28,111,28,538234,138210,59692,66564,1.0946806488404512,0.3250607987342143
5354,0.5843,10,33,10,538267,138177,59702,66554,1.0944192751235584,0.3250802272249928
5355,0.5844,3,9,3,538276,138168,59705,66551,1.0943479913825878,0.32508462819767586
5356,0.5845,4,23,4,538299,138145,59709,66547,1.0941658218223291,0.32510796709202117
5357,0.5846,2,15,2,538314,138130,59711,66545,1.094047015587378,0.32512519848540367
5358,0.5847,10,31,10,538345,138099,59721,66535,1.093801482701812,0.3251414720916368
5359,0.5848,6,28,6,538373,138071,59727,66529,1.0935797110632366,0.3251661779081134
5360,0.5849,1,12,1,538385,138059,59728,66528,1.0934846660752757,0.3251819519324297
5361,0.585,235,978,235,539363,137081,59963,66293,1.0857384995564567,0.3259659543501136
5362,0.5851,1,2,1,539365,137079,59964,66292,1.0857226587251299,0.32596584567121173
5363,0.5852,2,14,2,539379,137065,59966,66290,1.085611772905842,0.3259816576922131
5364,0.5853,9,33,9,539412,137032,59975,66281,1.0853503991889495,0.32600473162070304
5365,0.5854,2,5,2,539417,137027,59977,66279,1.0853107971106324,0.32600611885532155
5366,0.5855,4,19,4,539436,137008,59981,66275,1.0851603092130275,0.3260233270858852
5367,0.5856,1,2,1,539438,137006,59982,66274,1.0851444683817006,0.3260232192050374
5368,0.5857,11,38,11,539476,136968,59993,66263,1.084843492586491,0.3260476994159356
5369,0.5858,21,109,21,539585,136859,60014,66242,1.083980167279179,0.3261529977695826
5370,0.5859,4,9,4,539594,136850,60018,66238,1.083908883538208,0.32615417946899866
5371,0.586,26,102,26,539696,136748,60044,66212,1.0831010011405398,0.3262317698068585
5372,0.5861,1,8,1,539704,136740,60045,66211,1.0830376378152324,0.3262413094786426
5373,0.5862,5,16,5,539720,136724,60050,66206,1.082910911164618,0.3262504311831666
5374,0.5863,4,32,4,539752,136692,60054,66202,1.0826574578633887,0.3262886039015446
5375,0.5864,2,4,2,539756,136688,60056,66200,1.082625776200735,0.3262883955679981
5376,0.5865,5,28,5,539784,136660,60061,66195,1.0824040045621595,0.3263168272904291
5377,0.5866,1,3,1,539787,136657,60062,66194,1.0823802433151692,0.32631833217484757
5378,0.5867,124,524,124,540311,136133,60186,66070,1.0782299455075401,0.3267508395028758
5379,0.5868,7,32,7,540343,136101,60193,66063,1.077976492206311,0.3267792485308957
5380,0.5869,0,8,0,540351,136093,60193,66063,1.0779131288810038,0.3267921802964048
5381,0.587,12,37,12,540388,136056,60205,66051,1.0776200735014574,0.3268120352090724
5382,0.5871,3,21,3,540409,136035,60208,66048,1.0774537447725256,0.3268360030284586
5383,0.5872,2,17,2,540426,136018,60210,66046,1.0773190977062477,0.32685683743764354
5384,0.5873,8,47,8,540473,135971,60218,66038,1.076946838170067,0.3269062269502844
5385,0.5874,4,7,4,540480,135964,60222,66034,1.0768913952604233,0.3269042267745225
5386,0.5875,67,270,67,540750,135694,60289,65967,1.0747528830313016,0.32711828266248805
5387,0.5876,5,10,5,540760,135684,60294,65962,1.0746736788746674,0.3271178203386132
5388,0.5877,7,24,7,540784,135660,60301,65955,1.0744835888987454,0.32713339781266276
5389,0.5878,7,15,7,540799,135645,60308,65948,1.074364782663794,0.3271343747054709
5390,0.5879,1,10,1,540809,135635,60309,65947,1.07428557850716,0.32714726513279957
5391,0.588,16,66,16,540875,135569,60325,65931,1.0737628310733747,0.32720099255583124
5392,0.5881,0,6,0,540881,135563,60325,65931,1.0737153085793942,0.3272107358035475
5393,0.5882,6,21,6,540902,135542,60331,65925,1.0735489798504625,0.32722480604764054
5394,0.5883,65,260,65,541162,135282,60396,65860,1.071489671777975,0.3274303725726104
5395,0.5884,1,5,1,541167,135277,60397,65859,1.0714500696996578,0.32743516824437197
5396,0.5885,4,24,4,541191,135253,60401,65855,1.0712599797237359,0.3274608667979394
5397,0.5886,2,12,2,541203,135241,60403,65853,1.071164934735775,0.3274737187583916
5398,0.5887,9,35,9,541238,135206,60412,65844,1.0708877201875555,0.3275006217358866
5399,0.5888,3,26,3,541264,135180,60415,65841,1.0706817893803067,0.32753294431925023
5400,0.5889,1,6,1,541270,135174,60416,65840,1.0706342668863262,0.3275393753668899
5401,0.589,13,56,13,541326,135118,60429,65827,1.070190723609175,0.32758715071288164
5402,0.5891,0,7,0,541333,135111,60429,65827,1.070135280699531,0.3275985627407459
5403,0.5892,24,90,24,541423,135021,60453,65803,1.0694224432898238,0.32766502011711746
5404,0.5893,10,41,10,541464,134980,60463,65793,1.069097706247624,0.32769844550811117
5405,0.5894,4,11,4,541475,134969,60467,65789,1.0690105816753264,0.3277030056087429
5406,0.5895,3,16,3,541491,134953,60470,65786,1.0688838550247117,0.32771907800676503
5407,0.5896,1,8,1,541499,134945,60471,65785,1.0688204916994044,0.32772878991680365
5408,0.5897,5,19,5,541518,134926,60476,65780,1.0686700038017996,0.32774306697358324
5409,0.5898,5,30,5,541548,134896,60481,65775,1.0684323913318972,0.32777531382212677
5410,0.5899,3,14,3,541562,134882,60484,65772,1.0683215055126094,0.3277881328057253
5411,0.59,770,3017,770,544579,131865,61254,65002,1.0444256114560893,0.330182305820681
5412,0.5901,0,7,0,544586,131858,61254,65002,1.0443701685464453,0.3301940465305293
5413,0.5902,4,19,4,544605,131839,61258,64998,1.0442196806488404,0.3302123076454122
5414,0.5903,5,25,5,544630,131814,61263,64993,1.0440216702572551,0.33023723749663375
5415,0.5904,3,6,3,544636,131808,61266,64990,1.0439741477632747,0.3302370959054462
5416,0.5905,5,19,5,544655,131789,61271,64985,1.0438236598656698,0.3302519641822598
5417,0.5906,2,6,2,544661,131783,61273,64983,1.0437761373716892,0.3302552270209284
5418,0.5907,12,34,12,544695,131749,61285,64971,1.0435068432391332,0.3302714518096787
5419,0.5908,20,97,20,544792,131652,61305,64951,1.042738562919782,0.33036627111488637
5420,0.5909,0,5,0,544797,131647,61305,64951,1.042698960841465,0.3303746731909785
5421,0.591,14,59,14,544856,131588,61319,64937,1.0422316563173235,0.3304261544332782
5422,0.5911,1,11,1,544867,131577,61320,64936,1.042144531745026,0.33044124307297734
5423,0.5912,2,16,2,544883,131561,61322,64934,1.0420178050944113,0.33046133489401763
5424,0.5913,9,29,9,544912,131532,61331,64925,1.0417881130401723,0.3304794433387459
5425,0.5914,0,4,0,544916,131528,61331,64925,1.0417564313775187,0.33048617226512195
5426,0.5915,5,36,5,544952,131492,61336,64920,1.041471296413636,0.33052970286947847
5427,0.5916,1,4,1,544956,131488,61337,64919,1.0414396147509821,0.33053302580865246
5428,0.5917,65,227,65,545183,131261,61402,64854,1.0396416803953872,0.33069372562017185
5429,0.5918,9,30,9,545213,131231,61411,64845,1.0394040679254848,0.33071360084865054
5430,0.5919,2,7,2,545220,131224,61413,64843,1.0393486250158408,0.33071858089326606
5431,0.592,9,59,9,545279,131165,61422,64834,1.0388813204916993,0.3307874019765407
5432,0.5921,1,7,1,545286,131158,61423,64833,1.0388258775820556,0.330795801848044
5433,0.5922,6,21,6,545307,131137,61429,64827,1.0386595488531238,0.3308107611602131
5434,0.5923,7,26,7,545333,131111,61436,64820,1.038453618045875,0.33083075164215975
5435,0.5924,1,8,1,545341,131103,61437,64819,1.0383902547205677,0.3308408448260022
5436,0.5925,62,241,62,545582,130862,61499,64757,1.036481434545685,0.3310363512746717
5437,0.5926,0,10,0,545592,130852,61499,64757,1.0364022303890508,0.3310532746448272
5438,0.5927,10,38,10,545630,130814,61509,64747,1.036101254593841,0.33108339597363484
5439,0.5928,2,21,2,545651,130793,61511,64745,1.0359349258649093,0.3311121112008919
5440,0.5929,4,13,4,545664,130780,61515,64741,1.0358319604612851,0.3311204423054301
5441,0.593,16,42,16,545706,130738,61531,64725,1.0354993030034216,0.3311368391971882
5442,0.5931,1,8,1,545714,130730,61532,64724,1.0354359396781143,0.33114697064270876
5443,0.5932,5,18,5,545732,130712,61537,64719,1.0352933721961728,0.33116035838735924
5444,0.5933,118,481,118,546213,130231,61655,64601,1.0314836522620707,0.331572842243574
5445,0.5934,2,14,2,546227,130217,61657,64599,1.031372766442783,0.33158980781865965
5446,0.5935,5,26,5,546253,130191,61662,64594,1.0311668356355341,0.33161691095310214
5447,0.5936,3,4,3,546257,130187,61665,64591,1.0311351539728806,0.33161342656768217
5448,0.5937,5,24,5,546281,130163,61670,64586,1.0309450639969586,0.3316371329249444
5449,0.5938,7,28,7,546309,130135,61677,64579,1.030723292358383,0.3316607948067422
5450,0.5939,0,7,0,546316,130128,61677,64579,1.0306678494487391,0.3316727184949694
5451,0.594,28,83,28,546399,130045,61705,64551,1.0300104549486757,0.3317180209254044
5452,0.5941,0,2,0,546401,130043,61705,64551,1.0299946141173488,0.3317214302599258
5453,0.5942,29,78,29,546479,129965,61734,64522,1.0293768216956025,0.3317548216590312
5454,0.5943,11,38,11,546517,129927,61745,64511,1.0290758459003928,0.331781853341425
5455,0.5944,0,8,0,546525,129919,61745,64511,1.0290124825750855,0.33179550480892867
5456,0.5945,5,16,5,546541,129903,61750,64506,1.0288857559244708,0.3318056262827338
5457,0.5946,1,5,1,546546,129898,61751,64505,1.0288461538461537,0.3318107230855491
5458,0.5947,6,35,6,546581,129863,61757,64499,1.0285689392979342,0.3318498471923524
5459,0.5948,10,22,10,546603,129841,61767,64489,1.0283946901533392,0.33185303349971695
5460,0.5949,2,12,2,546615,129829,61769,64487,1.0282996451653783,0.33186665019864553
5461,0.595,246,910,246,547525,128919,62015,64241,1.0210920669116714,0.33257920894595155
5462,0.5951,4,2,4,547527,128917,62019,64237,1.0210762260803448,0.3325688310881473
5463,0.5952,5,20,5,547547,128897,62024,64232,1.0209178177670764,0.33258599174644926
5464,0.5953,9,32,9,547579,128865,62033,64223,1.020664364465847,0.33261000165727544
5465,0.5954,1,15,1,547594,128850,62034,64222,1.020545558230896,0.3326323858456949
5466,0.5955,7,25,7,547619,128825,62041,64215,1.0203475478393107,0.3326512639867385
5467,0.5956,1,2,1,547621,128823,62042,64214,1.0203317070079838,0.33265125338665646
5468,0.5957,10,29,10,547650,128794,62052,64204,1.0201020149537448,0.3326666597581322
5469,0.5958,31,102,31,547752,128692,62083,64173,1.0192941325560765,0.33273533300495167
5470,0.5959,0,6,0,547758,128686,62083,64173,1.019246610062096,0.33274568467118465
5471,0.596,22,111,22,547869,128575,62105,64151,1.0183674439234571,0.33286116040388947
5472,0.5961,0,12,0,547881,128563,62105,64151,1.018272398935496,0.33288188714883193
5473,0.5962,7,17,7,547898,128546,62112,64144,1.018137751869218,0.33288702060304115
5474,0.5963,6,23,6,547921,128523,62118,64138,1.0179555823089597,0.33290598512412994
5475,0.5964,2,8,2,547929,128515,62120,64136,1.0178922189836523,0.3329128839196267
5476,0.5965,9,24,9,547953,128491,62129,64127,1.0177021290077304,0.3329231951323345
5477,0.5966,1,5,1,547958,128486,62130,64126,1.0176625269294133,0.33292837414075965
5478,0.5967,133,506,133,548464,127980,62263,63993,1.0136547966037257,0.3333437514650498
5479,0.5968,2,27,2,548491,127953,62265,63991,1.0134409453808135,0.3333836952444463
5480,0.5969,0,6,0,548497,127947,62265,63991,1.013393422886833,0.3333941168502329
5481,0.597,13,37,13,548534,127910,62278,63978,1.0131003675072867,0.3334132410572834
5482,0.5971,2,16,2,548550,127894,62280,63976,1.012973640856672,0.3334340960025017
5483,0.5972,5,12,5,548562,127882,62285,63971,1.0128785958687112,0.3334375798137115
5484,0.5973,12,30,12,548592,127852,62297,63959,1.0126409833988088,0.3334480295707754
5485,0.5974,2,9,2,548601,127843,62299,63957,1.012569699657838,0.33345672575599583
5486,0.5975,60,217,60,548818,127626,62359,63897,1.0108509694588772,0.3336257264140599
5487,0.5976,2,10,2,548828,127616,62361,63895,1.010771765302243,0.33363618799964495
5488,0.5977,5,32,5,548860,127584,62366,63890,1.0105183120010137,0.33367454589134815
5489,0.5978,5,21,5,548881,127563,62371,63885,1.0103519832720822,0.333693744515482
5490,0.5979,1,14,1,548895,127549,62372,63884,1.0102410974527942,0.33371466779499875
5491,0.598,8,49,8,548944,127500,62380,63876,1.009852997085287,0.3337722598444946
5492,0.5981,0,9,0,548953,127491,62380,63876,1.0097817133443163,0.3337879571712991
5493,0.5982,4,23,4,548976,127468,62384,63872,1.0095995437840577,0.333814152816975
5494,0.5983,68,234,68,549210,127234,62452,63804,1.007746166518819,0.33398590856269433
5495,0.5984,3,1,3,549211,127233,62455,63801,1.0077382461031554,0.3339771977763121
5496,0.5985,8,29,8,549240,127204,62463,63793,1.0075085540489166,0.3340000104713687
5497,0.5986,3,18,3,549258,127186,62466,63790,1.007365986566975,0.3340210288203753
5498,0.5987,5,25,5,549283,127161,62471,63785,1.0071679761753898,0.3340473222795974
5499,0.5988,7,24,7,549307,127137,62478,63778,1.0069778861994678,0.33406489799125266
5500,0.5989,1,5,1,549312,127132,62479,63777,1.0069382841211507,0.3340701590810281
5501,0.599,19,60,19,549372,127072,62498,63758,1.006463059181346,0.33410889273175076
5502,0.5991,2,4,2,549376,127068,62500,63756,1.0064313775186922,0.33410891711734375
5503,0.5992,23,93,23,549469,126975,62523,63733,1.0056947788619948,0.33419153889716213
5504,0.5993,16,26,16,549495,126949,62539,63717,1.005488848054746,0.33418123839593844
5505,0.5994,2,9,2,549504,126940,62541,63715,1.0054175643137753,0.3341900291101728
5506,0.5995,4,17,4,549521,126923,62545,63711,1.005282917247497,0.33420586044462164
5507,0.5996,1,7,1,549528,126916,62546,63710,1.0052274743378533,0.3342146401854941
5508,0.5997,4,20,4,549548,126896,62550,63706,1.005069066024585,0.3342357372955163
5509,0.5998,9,14,9,549562,126882,62559,63697,1.0049581802052971,0.3342288499782243
5510,0.5999,2,7,2,549569,126875,62561,63695,1.0049027372956534,0.3342341396862045
5511,0.6,807,2796,807,552365,124079,63368,62888,0.9827572551007477,0.33635882267993816
5512,0.6001,1,5,1,552370,124074,63369,62887,0.9827176530224306,0.3363642684838014
5513,0.6002,6,23,6,552393,124051,63375,62881,0.9825354834621721,0.3363843536687138
5514,0.6003,2,19,2,552412,124032,63377,62879,0.9823849955645673,0.33641144715934324
5515,0.6004,1,8,1,552420,124024,63378,62878,0.98232163223926,0.3364222961766059
5516,0.6005,6,27,6,552447,123997,63384,62872,0.9821077810163478,0.3364495983817541
5517,0.6006,1,13,1,552460,123984,63385,62871,0.9820048156127233,0.3364694549249418
5518,0.6007,14,32,14,552492,123952,63399,62857,0.9817513623114941,0.33647736458093563
5519,0.6008,21,81,21,552573,123871,63420,62836,0.9811098086427575,0.33654871001087266
5520,0.6009,0,9,0,552582,123862,63420,62836,0.9810385249017869,0.3365649337432645
5521,0.601,10,57,10,552639,123805,63430,62826,0.9805870612089722,0.3366321779339981
5522,0.6011,5,9,5,552648,123796,63435,62821,0.9805157774680016,0.33663063922365055
5523,0.6012,6,20,6,552668,123776,63441,62815,0.9803573691547333,0.33664539018495
5524,0.6013,5,33,5,552701,123743,63446,62810,0.9800959954378405,0.3366871612892851
5525,0.6014,4,10,4,552711,123733,63450,62806,0.9800167912812064,0.3366909868713781
5526,0.6015,3,28,3,552739,123705,63453,62803,0.9797950196426308,0.33673086409162073
5527,0.6016,0,6,0,552745,123699,63453,62803,0.9797474971486504,0.33674169713997704
5528,0.6017,68,238,68,552983,123461,63521,62735,0.9778624382207578,0.3369299018238845
5529,0.6018,4,21,4,553004,123440,63525,62731,0.9776961094918262,0.33695366088166256
5530,0.6019,5,8,5,553012,123432,63530,62726,0.9776327461665189,0.3369503325132414
5531,0.602,16,59,16,553071,123373,63546,62710,0.9771654416423774,0.337000155844435
5532,0.6021,2,12,2,553083,123361,63548,62708,0.9770703966544164,0.3370147633404812
5533,0.6022,5,18,5,553101,123343,63553,62703,0.976927829172475,0.33702955183126754
5534,0.6023,9,24,9,553125,123319,63562,62694,0.976737739196553,0.3370409595028305
5535,0.6024,1,6,1,553131,123313,63563,62693,0.9766902167025725,0.33704826726019593
5536,0.6025,69,237,69,553368,123076,63632,62624,0.9748130781903435,0.3372320947765213
5537,0.6026,1,12,1,553380,123064,63633,62623,0.9747180332023825,0.33725031908534253
5538,0.6027,4,32,4,553412,123032,63637,62619,0.9744645799011532,0.3372941702441678
5539,0.6028,2,24,2,553436,123008,63639,62617,0.9742744899252312,0.3373306397306397
5540,0.6029,1,10,1,553446,122998,63640,62616,0.9741952857685972,0.33734524335448834
5541,0.603,16,32,16,553478,122966,63656,62600,0.9739418324673679,0.33734628110753045
5542,0.6031,0,14,0,553492,122952,63656,62600,0.9738309466480801,0.3373717340691558
5543,0.6032,5,16,5,553508,122936,63661,62595,0.9737042199974655,0.33738297103988013
5544,0.6033,141,458,141,553966,122478,63802,62454,0.9700766696236218,0.3377133216533645
5545,0.6034,0,2,0,553968,122476,63802,62454,0.970060828792295,0.33771697399015843
5546,0.6035,9,25,9,553993,122451,63811,62445,0.9698628184007096,0.33773039979231567
5547,0.6036,2,14,2,554007,122437,63813,62443,0.9697519325814219,0.3377488100389442
5548,0.6037,6,23,6,554030,122414,63819,62437,0.9695697630211634,0.33776933854834434
5549,0.6038,7,22,7,554052,122392,63826,62430,0.9693955138765682,0.33778446288861713
5550,0.6039,0,4,0,554056,122388,63826,62430,0.9693638322139145,0.33779177352855244
5551,0.604,21,101,21,554157,122287,63847,62409,0.9685638702319098,0.3379011998094166
5552,0.6041,2,7,2,554164,122280,63849,62407,0.9685084273222658,0.3379068369728243
5553,0.6042,32,89,32,554253,122191,63881,62375,0.967803510328222,0.33795498629216647
5554,0.6043,11,42,11,554295,122149,63892,62364,0.9674708528703586,0.3379924449767767
5555,0.6044,1,0,1,554295,122149,63893,62363,0.9674708528703586,0.33798885709330556
5556,0.6045,3,25,3,554320,122124,63896,62360,0.9672728424787733,0.33802389367099583
5557,0.6046,2,4,2,554324,122120,63898,62358,0.9672411608161197,0.33802404622773446
5558,0.6047,8,27,8,554351,122093,63906,62350,0.9670273095932075,0.3380448160136194
5559,0.6048,8,15,8,554366,122078,63914,62342,0.9669085033582563,0.3380435961392474
5560,0.6049,1,9,1,554375,122069,63915,62341,0.9668372196172855,0.338056504527954
5561,0.605,250,894,250,555269,121175,64165,62091,0.9597563680141934,0.33880261477851864
5562,0.6051,1,1,1,555270,121174,64166,62090,0.95974844759853,0.33880085559629824
5563,0.6052,7,23,7,555293,121151,64173,62083,0.9595662780382714,0.33881812327406485
5564,0.6053,5,26,5,555319,121125,64178,62078,0.9593603472310227,0.3388481629667636
5565,0.6054,3,8,3,555327,121117,64181,62075,0.9592969839057154,0.3388521332809293
5566,0.6055,3,19,3,555346,121098,64184,62072,0.9591464960081105,0.33887645356772395
5567,0.6056,3,7,3,555353,121091,64187,62069,0.9590910530984667,0.3388785761083206
5568,0.6057,8,45,8,555398,121046,64195,62061,0.958734634393613,0.3389329736165193
5569,0.6058,21,79,21,555477,120967,64216,62040,0.9581089215562033,0.33900342609845524
5570,0.606,20,88,20,555565,120879,64236,62020,0.9574119249778228,0.3390942542058732
5571,0.6061,2,8,2,555573,120871,64238,62018,0.9573485616525155,0.3391018595978982
5572,0.6062,7,17,7,555590,120854,64245,62011,0.9572139145862375,0.33910808519946406
5573,0.6063,5,32,5,555622,120822,64250,62006,0.9569604612850082,0.339149364429956
5574,0.6064,3,17,3,555639,120805,64253,62003,0.9568258142187303,0.3391700582031421
5575,0.6065,6,40,6,555679,120765,64259,61997,0.9565089975921937,0.33922259550672457
5576,0.6066,1,1,1,555680,120764,64260,61996,0.9565010771765302,0.33922083606916176
5577,0.6067,121,471,121,556151,120293,64381,61875,0.9527705613990622,0.3396589960915199
5578,0.6068,6,27,6,556178,120266,64387,61869,0.9525567101761501,0.33968759436681584
5579,0.6069,0,6,0,556184,120260,64387,61869,0.9525091876821695,0.339698784927167
5580,0.607,9,30,9,556214,120230,64396,61860,0.9522715752122671,0.33972211543742104
5581,0.6071,7,12,7,556226,120218,64403,61853,0.9521765302243062,0.33971912056285736
5582,0.6072,1,20,1,556246,120198,64404,61852,0.9520181219110379,0.33975281516067013
5583,0.6073,7,29,7,556275,120169,64411,61845,0.9517884298567989,0.3397815552649796
5584,0.6074,4,5,4,556280,120164,64415,61841,0.9517488277784818,0.33977637976978653
5585,0.6075,55,246,55,556526,119918,64470,61786,0.949800405525282,0.34003654294897195
5586,0.6076,1,6,1,556532,119912,64471,61785,0.9497528830313015,0.3400441394189227
5587,0.6077,12,27,12,556559,119885,64483,61773,0.9495390318083893,0.3400510850058902
5588,0.6078,4,17,4,556576,119868,64487,61769,0.9494043847421113,0.34006837813881535
5589,0.6079,2,6,2,556582,119862,64489,61767,0.9493568622481308,0.3400723452752589
5590,0.608,13,70,13,556652,119792,64502,61754,0.9488024331516918,0.3401562138521366
5591,0.6081,6,12,6,556664,119780,64508,61748,0.9487073881637308,0.34015689039707375
5592,0.6082,7,15,7,556679,119765,64515,61741,0.9485885819287796,0.34015955395413927
5593,0.6083,63,249,63,556928,119516,64578,61678,0.9466163984285896,0.3403975849089926
5594,0.6084,2,10,2,556938,119506,64580,61676,0.9465371942719554,0.3404090914108466
5595,0.6085,7,22,7,556960,119484,64587,61669,0.9463629451273603,0.34042494466003875
5596,0.6086,4,8,4,556968,119476,64591,61665,0.946299581802053,0.3404254144561419
5597,0.6087,4,17,4,556985,119459,64595,61661,0.9461649347357749,0.3404428003533569
5598,0.6088,6,22,6,557007,119437,64601,61655,0.9459906855911798,0.3404623064519692
5599,0.6089,0,7,0,557014,119430,64601,61655,0.945935242681536,0.34047546732197587
5600,0.609,16,70,16,557084,119360,64617,61639,0.945380813585097,0.3405488428112862
5601,0.6091,0,5,0,557089,119355,64617,61639,0.9453412115067799,0.340558250549742
5602,0.6092,26,86,26,557175,119269,64643,61613,0.9446600557597262,0.34062538008204246
5603,0.6093,10,54,10,557229,119215,64653,61603,0.9442323533139019,0.34069063920627374
5604,0.6094,0,4,0,557233,119211,64653,61603,0.9442006716512482,0.3406981760261927
5605,0.6095,8,16,8,557249,119195,64661,61595,0.9440739450006337,0.34069915371425413
5606,0.6096,5,12,5,557261,119183,64666,61590,0.9439789000126727,0.34070353426673233
5607,0.6097,11,23,11,557284,119160,64677,61579,0.9437967304524142,0.34070676500367936
5608,0.6098,3,16,3,557300,119144,64680,61576,0.9436700038017996,0.3407259849490925
5609,0.6099,0,3,0,557303,119141,64680,61576,0.9436462425548092,0.34073164118483595
5610,0.61,852,2730,852,560033,116411,65532,60724,0.922023507793689,0.3428119795636097
5611,0.6101,1,9,1,560042,116402,65533,60723,0.9219522240527183,0.3428256880733945
5612,0.6102,7,17,7,560059,116385,65540,60716,0.9218175769864403,0.34283262093381744
5613,0.6103,5,26,5,560085,116359,65545,60711,0.9216116461791914,0.34286440390805895
5614,0.6104,1,13,1,560098,116346,65546,60710,0.9215086807755671,0.342885866618471
5615,0.6105,5,20,5,560118,116326,65551,60705,0.9213502724622988,0.3429060447040349
5616,0.6106,0,5,0,560123,116321,65551,60705,0.9213106703839817,0.3429157298927841
5617,0.6107,12,36,12,560159,116285,65563,60693,0.9210255354200988,0.342940930511137
5618,0.6108,18,75,18,560234,116210,65581,60675,0.9204315042453428,0.34301947593068943
5619,0.6109,0,4,0,560238,116206,65581,60675,0.9203998225826892,0.3430272329984566
5620,0.611,10,34,10,560272,116172,65591,60665,0.9201305284501331,0.34305603465338136
5621,0.6111,2,5,2,560277,116167,65593,60663,0.920090926371816,0.34305830458632586
5622,0.6112,7,19,7,560296,116148,65600,60656,0.9199404384742111,0.3430691613311916
5623,0.6113,6,28,6,560324,116120,65606,60650,0.9197186668356355,0.343101204955592
5624,0.6114,2,3,2,560327,116117,65608,60648,0.9196949055886453,0.34309959550816055
5625,0.6115,8,31,8,560358,116086,65616,60640,0.9194493727030795,0.3431300431175945
5626,0.6116,2,5,2,560363,116081,65618,60638,0.9194097706247624,0.3431323174078622
5627,0.6117,56,244,56,560607,115837,65674,60582,0.9174771892028893,0.3433983867950731
5628,0.6118,7,36,7,560643,115801,65681,60575,0.9171920542390065,0.3434424184696331
5629,0.6119,1,6,1,560649,115795,65682,60574,0.917144531745026,0.3434503796018575
5630,0.612,13,46,13,560695,115749,65695,60561,0.9167801926245089,0.34349157733537516
5631,0.6121,8,7,8,560702,115742,65703,60553,0.9167247497148651,0.34347542471425735
5632,0.6122,7,16,7,560718,115726,65710,60546,0.9165980230642504,0.3434805300898611
5633,0.6123,2,39,2,560757,115687,65712,60544,0.9162891268533773,0.3435490918169902
5634,0.6124,2,7,2,560764,115680,65714,60542,0.9162336839437334,0.3435552882160003
5635,0.6125,76,191,76,560955,115489,65790,60466,0.9147208845520213,0.34364468187888947
5636,0.6126,0,11,0,560966,115478,65790,60466,0.9146337599797237,0.34366616650752513
5637,0.6127,9,32,9,560998,115446,65799,60457,0.9143803066784945,0.3436951046883794
5638,0.6128,6,22,6,561020,115424,65805,60451,0.9142060575338994,0.3437157071783937
5639,0.6129,2,10,2,561030,115414,65807,60449,0.9141268533772653,0.3437277881077884
5640,0.613,12,32,12,561062,115382,65819,60437,0.913873400076036,0.34374555650981975
5641,0.6131,3,9,3,561071,115373,65822,60434,0.9138021163350653,0.3437519552691303
5642,0.6132,2,17,2,561088,115356,65824,60432,0.9136674692687873,0.34377773226841424
5643,0.6133,127,425,127,561513,114931,65951,60305,0.9103012926118362,0.34413590814672784
5644,0.6134,3,14,3,561527,114917,65954,60302,0.9101904067925485,0.34415217527779524
5645,0.6135,9,21,9,561548,114896,65963,60293,0.9100240780636167,0.3441597360564876
5646,0.6136,3,10,3,561558,114886,65966,60290,0.9099448739069826,0.34416815088824954
5647,0.6137,9,16,9,561574,114870,65975,60281,0.909818147256368,0.34416589114535456
5648,0.6138,6,19,6,561593,114851,65981,60275,0.9096676593587631,0.3441807612804495
5649,0.6139,0,11,0,561604,114840,65981,60275,0.9095805347864656,0.34420238129229364
5650,0.614,23,92,23,561696,114748,66004,60252,0.9088518565454315,0.34429714285714286
5651,0.6141,1,9,1,561705,114739,66005,60251,0.9087805728044608,0.3443111034916281
5652,0.6142,30,80,30,561785,114659,66035,60221,0.9081469395513877,0.34435612991765785
5653,0.6143,15,44,15,561829,114615,66050,60206,0.9077984412621974,0.34438654395066953
5654,0.6144,1,1,1,561830,114614,66051,60205,0.907790520846534,0.3443847636698528
5655,0.6145,8,20,8,561850,114594,66059,60197,0.9076321125332657,0.34439416217082114
5656,0.6146,2,7,2,561857,114587,66061,60195,0.9075766696236218,0.34440045313590645
5657,0.6147,11,35,11,561892,114552,66072,60184,0.9072994550754023,0.3444281659188719
5658,0.6148,6,15,6,561907,114537,66078,60178,0.9071806488404511,0.3444352230775835
5659,0.6149,1,6,1,561913,114531,66079,60177,0.9071331263464707,0.34444329967717563
5660,0.615,264,805,264,562718,113726,66343,59913,0.9007571917374224,0.3450434522198354
5661,0.6151,1,6,1,562724,113720,66344,59912,0.9007096692434419,0.34505160339108
5662,0.6152,6,21,6,562745,113699,66350,59906,0.9005433405145102,0.3450707064888684
5663,0.6153,3,16,3,562761,113683,66353,59903,0.9004166138638956,0.34509119399029875
5664,0.6154,1,5,1,562766,113678,66354,59902,0.9003770117855785,0.34509736144717135
5665,0.6155,1,23,1,562789,113655,66355,59901,0.90019484222532,0.34513932102606654
5666,0.6156,2,5,2,562794,113650,66357,59899,0.9001552401470029,0.34514171790099624
5667,0.6157,9,39,9,562833,113611,66366,59890,0.8998463439361297,0.34518533034391735
5668,0.6158,25,75,25,562908,113536,66391,59865,0.8992523127613737,0.34524022352812267
5669,0.6159,1,5,1,562913,113531,66392,59864,0.8992127106830566,0.3452464027221085
5670,0.616,36,79,36,562992,113452,66428,59828,0.8985869978456469,0.34526777469990766
5671,0.6161,1,9,1,563001,113443,66429,59827,0.8985157141046762,0.34528192993593815
5672,0.6162,6,17,6,563018,113426,66435,59821,0.8983810670383982,0.3452931363890861
5673,0.6163,6,27,6,563045,113399,66441,59815,0.898167215815486,0.3453242809472675
5674,0.6164,1,6,1,563051,113393,66442,59814,0.8981196933215055,0.3453324634685665
5675,0.6165,8,21,8,563072,113372,66450,59806,0.8979533645925738,0.3453440968252318
5676,0.6166,1,7,1,563079,113365,66451,59805,0.8978979216829299,0.3453542761448288
5677,0.6167,118,458,118,563537,112907,66569,59687,0.8942703713090863,0.3458231456481685
5678,0.6168,6,19,6,563556,112888,66575,59681,0.8941198834114814,0.34583847620372143
5679,0.6169,0,9,0,563565,112879,66575,59681,0.8940485996705108,0.3458565136764024
5680,0.617,12,26,12,563591,112853,66587,59669,0.8938426688632619,0.34586313629566084
5681,0.6171,4,17,4,563608,112836,66591,59665,0.8937080217969839,0.3458820528576646
5682,0.6172,3,26,3,563634,112810,66594,59662,0.8935020909897351,0.34592281645716405
5683,0.6173,4,35,4,563669,112775,66598,59658,0.8932248764415156,0.34597785806661135
5684,0.6174,1,7,1,563676,112768,66599,59657,0.8931694335318717,0.3459881107727998
5685,0.6175,66,237,66,563913,112531,66665,59591,0.8912922950196426,0.3462137321202403
5686,0.6176,2,9,2,563922,112522,66667,59589,0.8912210112786719,0.3462242390085468
5687,0.6177,9,27,9,563949,112495,66676,59580,0.8910071600557598,0.34624437018741827
5688,0.6178,7,17,7,563966,112478,66683,59573,0.8908725129894817,0.34625198342351976
5689,0.6179,4,7,4,563973,112471,66687,59569,0.8908170700798378,0.3462508718902581
5690,0.618,21,62,21,564035,112409,66708,59548,0.8903260043087061,0.3462958762946551
5691,0.6181,1,13,1,564048,112396,66709,59547,0.8902230389050817,0.34631825663155813
5692,0.6182,6,18,6,564066,112378,66715,59541,0.8900804714231403,0.3463317027204672
5693,0.6183,60,214,60,564280,112164,66775,59481,0.8883855024711697,0.34653499956305167
5694,0.6185,11,26,11,564306,112138,66786,59470,0.8881795716639209,0.3465456155890168
5695,0.6186,2,12,2,564318,112126,66788,59468,0.8880845266759599,0.34656223411074977
5696,0.6187,3,24,3,564342,112102,66791,59465,0.887894436700038,0.34659928774181514
5697,0.6188,7,22,7,564364,112080,66798,59458,0.8877201875554429,0.34661707609975634
5698,0.6189,0,7,0,564371,112073,66798,59458,0.887664744645799,0.34663122117867906
5699,0.619,16,48,16,564419,112025,66814,59442,0.8872845646939551,0.34666728874943864
5700,0.6191,0,3,0,564422,112022,66814,59442,0.8872608034469649,0.34667335417347084
5701,0.6192,25,70,25,564492,111952,66839,59417,0.8867063743505259,0.3467196517456483
5702,0.6193,12,36,12,564528,111916,66851,59405,0.886421239386643,0.34674675025245005
5703,0.6194,1,0,1,564528,111916,66852,59404,0.886421239386643,0.3467429371935559
5704,0.6195,8,22,8,564550,111894,66860,59396,0.8862469902420479,0.34675696187751764
5705,0.6196,1,3,1,564553,111891,66861,59395,0.8862232289950577,0.34675922141914695
5706,0.6197,3,28,3,564581,111863,66864,59392,0.8860014573564821,0.3468044728621062
5707,0.6198,2,24,2,564605,111839,66866,59390,0.8858113673805601,0.34684545258104643
5708,0.6199,1,4,1,564609,111835,66867,59389,0.8857796857179064,0.3468497406905574
5709,0.62,870,2650,870,567259,109185,67737,58519,0.8647905842098593,0.34894218384773174
5710,0.6201,2,4,2,567263,109181,67739,58517,0.8647589025472057,0.34894274231058214
5711,0.6202,3,21,3,567284,109160,67742,58514,0.864592573818274,0.34897479633097556
5712,0.6203,6,25,6,567309,109135,67748,58508,0.8643945634266886,0.3490035372786218
5713,0.6204,2,8,2,567317,109127,67750,58506,0.8643312001013813,0.34901242595431686
5714,0.6205,3,32,3,567349,109095,67753,58503,0.864077746800152,0.3490674113056242
5715,0.6206,1,5,1,567354,109090,67754,58502,0.864038144721835,0.3490739414769201
5716,0.6207,9,35,9,567389,109055,67763,58493,0.8637609301736155,0.34911189629240574
5717,0.6208,25,79,25,567468,108976,67788,58468,0.8631352173362058,0.3491794271517642
5718,0.6209,3,5,3,567473,108971,67791,58465,0.8630956152578887,0.3491781934589933
5719,0.621,10,45,10,567518,108926,67801,58455,0.8627391965530351,0.3492331865623936
5720,0.6211,5,2,5,567520,108924,67806,58450,0.8627233557217083,0.34921791915112266
5721,0.6212,4,24,4,567544,108900,67810,58446,0.8625332657457864,0.34925244702592234
5722,0.6213,8,33,8,567577,108867,67818,58438,0.8622718920288936,0.3492902184632856
5723,0.6214,3,9,3,567586,108858,67821,58435,0.862200608287923,0.34929734059404755
5724,0.6215,9,22,9,567608,108836,67830,58426,0.8620263591433278,0.34930827085650057
5725,0.6216,0,3,0,567611,108833,67830,58426,0.8620025978963376,0.34931453613856356
5726,0.6217,70,211,70,567822,108622,67900,58356,0.8603313901913573,0.34948316544694513
5727,0.6218,6,17,6,567839,108605,67906,58350,0.8601967431250792,0.34949537300470185
5728,0.6219,1,7,1,567846,108598,67907,58349,0.8601413002154353,0.3495061306881825
5729,0.622,11,48,11,567894,108550,67918,58338,0.8597611202635914,0.3495637793010882
5730,0.6221,0,6,0,567900,108544,67918,58338,0.859713597769611,0.3495763473592119
5731,0.6222,4,17,4,567917,108527,67922,58334,0.8595789507033329,0.3495963706318433
5732,0.6223,8,30,8,567947,108497,67930,58326,0.8593413382334305,0.34962804889014104
5733,0.6224,2,12,2,567959,108485,67932,58324,0.8592462932454695,0.3496454028259866
5734,0.6225,63,207,63,568166,108278,67995,58261,0.8576067672031428,0.34983397282318257
5735,0.6226,2,10,2,568176,108268,67997,58259,0.8575275630465087,0.3498471719300774
5736,0.6227,3,27,3,568203,108241,68000,58256,0.8573137118235965,0.34989219024967416
5737,0.6228,1,11,1,568214,108230,68001,58255,0.857226587251299,0.3499114034297384
5738,0.6229,3,7,3,568221,108223,68004,58252,0.8571711443416551,0.34991440156179604
5739,0.623,13,47,13,568268,108176,68017,58239,0.8567988848054746,0.34996244328936693
5740,0.6231,2,5,2,568273,108171,68019,58237,0.8567592827271575,0.3499651459064468
5741,0.6232,3,21,3,568294,108150,68022,58234,0.8565929539982259,0.34999759592268487
5742,0.6233,120,398,120,568692,107752,68142,58114,0.853440628564187,0.3503671638551602
5743,0.6234,1,3,1,568695,107749,68143,58113,0.8534168673171968,0.35036958435325755
5744,0.6235,2,10,2,568705,107739,68145,58111,0.8533376631605627,0.350382876092855
5745,0.6236,2,6,2,568711,107733,68147,58109,0.8532901406665822,0.3503877184307956
5746,0.6237,7,27,7,568738,107706,68154,58102,0.85307628944367,0.35041735018816944
5747,0.6238,3,19,3,568757,107687,68157,58099,0.8529258015460651,0.3504457553713824
5748,0.6239,2,10,2,568767,107677,68159,58097,0.852846597389431,0.35045905871849625
5749,0.624,19,73,19,568840,107604,68178,58078,0.8522684070460018,0.35053898431935876
5750,0.6241,2,7,2,568847,107597,68180,58076,0.8522129641363578,0.3505459549836123
5751,0.6242,16,88,16,568935,107509,68196,58060,0.8515159675579774,0.35066950938883484
5752,0.6243,18,44,18,568979,107465,68214,58042,0.8511674692687873,0.35069211574132814
5753,0.6244,1,4,1,568983,107461,68215,58041,0.8511357876061336,0.3506966683182076
5754,0.6245,4,26,4,569009,107435,68219,58037,0.8509298567988848,0.35073607619415975
5755,0.6246,1,11,1,569020,107424,68220,58036,0.8508427322265872,0.3507554695999033
5756,0.6247,5,27,5,569047,107397,68225,58031,0.8506288810036751,0.35079309427666416
5757,0.6248,5,17,5,569064,107380,68230,58026,0.850494233937397,0.35080952323374
5758,0.6249,1,6,1,569070,107374,68231,58025,0.8504467114434165,0.3508183241736649
5759,0.625,255,771,255,569841,106603,68486,57770,0.8443400709669243,0.3514567477627104
5760,0.6251,3,8,3,569849,106595,68489,57767,0.844276707641617,0.35146201676786604
5761,0.6252,6,16,6,569865,106579,68495,57761,0.8441499809910024,0.3514725568942436
5762,0.6253,8,28,8,569893,106551,68503,57753,0.8439282093524269,0.3515008764241893
5763,0.6254,3,2,3,569895,106549,68506,57750,0.8439123685211,0.35149331401895323
5764,0.6255,5,23,5,569918,106526,68511,57745,0.8437301989608414,0.3515227885628017
5765,0.6256,1,6,1,569924,106520,68512,57744,0.843682676466861,0.3515316807091024
5766,0.6257,7,40,7,569964,106480,68519,57737,0.8433658598403244,0.3515896648946211
5767,0.6258,25,79,25,570043,106401,68544,57712,0.8427401470029147,0.35166013661318724
5768,0.6259,4,7,4,570050,106394,68548,57708,0.8426847040932708,0.35165933382896003
5769,0.626,27,88,27,570138,106306,68575,57681,0.8419877075148904,0.35174129656619124
5770,0.6261,1,7,1,570145,106299,68576,57680,0.8419322646052465,0.35175235853371467
5771,0.6262,7,20,7,570165,106279,68583,57673,0.8417738562919782,0.35176759051429685
5772,0.6263,8,23,8,570188,106256,68591,57665,0.8415916867317197,0.3517853112169887
5773,0.6264,1,2,1,570190,106254,68592,57664,0.8415758459003928,0.35178564892202197
5774,0.6265,3,23,3,570213,106231,68595,57661,0.8413936763401343,0.35182315183169405
5775,0.6266,0,5,0,570218,106226,68595,57661,0.8413540742618173,0.3518338855430876
5776,0.6267,142,442,142,570660,105784,68737,57519,0.8378532505385883,0.3522225556174718
5777,0.6268,4,28,4,570688,105756,68741,57515,0.8376314789000127,0.3522670896852472
5778,0.6269,0,8,0,570696,105748,68741,57515,0.8375681155747053,0.3522843510164581
5779,0.627,12,43,12,570739,105705,68753,57503,0.8372275377011785,0.35232954266947697
5780,0.6271,3,11,3,570750,105694,68756,57500,0.837140413128881,0.3523413850999424
5781,0.6272,2,19,2,570769,105675,68758,57498,0.8369899252312761,0.35237447371807834
5782,0.6273,8,46,8,570815,105629,68766,57490,0.8366255861107591,0.3524420821608764
5783,0.6274,3,3,3,570818,105626,68769,57487,0.8366018248637689,0.3524366543439211
5784,0.6275,59,214,59,571032,105412,68828,57428,0.8349068559117983,0.3526651928273152
5785,0.6276,2,9,2,571041,105403,68830,57426,0.8348355721708275,0.35267673448832826
5786,0.6277,7,27,7,571068,105376,68837,57419,0.8346217209479153,0.35270739273319207
5787,0.6278,2,15,2,571083,105361,68839,57417,0.8345029147129641,0.3527319416628783
5788,0.6279,3,7,3,571090,105354,68842,57414,0.8344474718033202,0.35273518136243
5789,0.628,13,61,13,571151,105293,68855,57401,0.833964326447852,0.3528157153920858
5790,0.6281,1,6,1,571157,105287,68856,57400,0.8339168039538715,0.35282474936534575
5791,0.6282,3,14,3,571171,105273,68859,57397,0.8338059181345837,0.3528431794430442
5792,0.6283,73,194,73,571365,105079,68932,57324,0.8322693574958814,0.35297377511499173
5793,0.6284,1,6,1,571371,105073,68933,57323,0.832221835001901,0.35298283208946035
5794,0.6285,4,23,4,571394,105050,68937,57319,0.8320396654416424,0.3530168936188558
5795,0.6286,1,7,1,571401,105043,68938,57318,0.8319842225319984,0.3530281286762215
5796,0.6287,8,18,8,571419,105025,68946,57310,0.831841655050057,0.3530353897803924
5797,0.6288,4,15,4,571434,105010,68950,57306,0.8317228488151058,0.35305207126839006
5798,0.6289,0,8,0,571442,105002,68950,57306,0.8316594854897985,0.3530694728540799
5799,0.629,11,45,11,571487,104957,68961,57295,0.8313030667849449,0.35312353622759657
5800,0.6291,1,4,1,571491,104953,68962,57294,0.8312713851222913,0.3531282550678903
5801,0.6292,20,89,20,571580,104864,68982,57274,0.8305664681282474,0.3532422997693323
5802,0.6293,8,46,8,571626,104818,68990,57266,0.8302021290077303,0.3533106290565386
5803,0.6294,2,9,2,571635,104809,68992,57264,0.8301308452667596,0.3533222683605536
5804,0.6295,2,18,2,571653,104791,68994,57262,0.8299882777848181,0.35335353248628537
5805,0.6296,2,5,2,571658,104786,68996,57260,0.8299486757065011,0.35335645434012564
5806,0.6297,4,25,4,571683,104761,69000,57256,0.8297506653149157,0.3533950141034583
5807,0.6298,3,22,3,571705,104739,69003,57253,0.8295764161703206,0.3534310336312904
5808,0.6299,2,5,2,571710,104734,69005,57251,0.8295368140920035,0.35343395993456184
5809,0.63,870,2431,870,574141,102303,69875,56381,0.810282283614244,0.35530362229336293
5810,0.6301,0,7,0,574148,102296,69875,56381,0.8102268407046002,0.3553192964323752
5811,0.6302,6,21,6,574169,102275,69881,56375,0.8100605119756685,0.3553419476835802
5812,0.6303,5,22,5,574191,102253,69886,56370,0.8098862628310733,0.3553709109019499
5813,0.6304,5,5,5,574196,102248,69891,56365,0.8098466607527564,0.3553617925390731
5814,0.6305,6,30,6,574226,102218,69897,56359,0.8096090482828538,0.35540462992741695
5815,0.6306,2,3,2,574229,102215,69899,56357,0.8095852870358636,0.3554032237721666
5816,0.6307,11,32,11,574261,102183,69910,56346,0.8093318337346344,0.35543023673901936
5817,0.6308,21,82,21,574343,102101,69931,56325,0.8086823596502345,0.3555287642179945
5818,0.6309,0,4,0,574347,102097,69931,56325,0.8086506779875808,0.35553774097031976
5819,0.631,18,42,18,574389,102055,69949,56307,0.8083180205297174,0.3555587830413862
5820,0.6311,1,3,1,574392,102052,69950,56306,0.8082942592827271,0.35556144937420275
5821,0.6312,1,21,1,574413,102031,69951,56305,0.8081279305537955,0.3556045371867421
5822,0.6313,9,30,9,574443,102001,69960,56296,0.807890318083893,0.35563529315148107
5823,0.6314,3,8,3,574451,101993,69963,56293,0.8078269547585857,0.35564105479954006
5824,0.6315,8,20,8,574471,101973,69971,56285,0.8076685464453175,0.3556534266830113
5825,0.6316,1,1,1,574472,101972,69972,56284,0.807660626029654,0.3556516024668891
5826,0.6317,57,209,57,574681,101763,70029,56227,0.8060052591560005,0.35588961326666246
5827,0.6318,6,26,6,574707,101737,70035,56221,0.8057993283487518,0.35592372656022486
5828,0.6319,2,10,2,574717,101727,70037,56219,0.8057201241921176,0.35593810542843757
5829,0.632,19,50,19,574767,101677,70056,56200,0.8053241034089469,0.35597332100305934
5830,0.6321,3,4,3,574771,101673,70059,56197,0.8052924217462932,0.35597010198264395
5831,0.6322,7,15,7,574786,101658,70066,56190,0.805173615511342,0.35597536870913793
5832,0.6323,6,27,6,574813,101631,70072,56184,0.8049597642884299,0.3560117859519057
5833,0.6324,4,4,4,574817,101627,70076,56180,0.8049280826257762,0.3560044864929946
5834,0.6325,50,181,50,574998,101446,70126,56130,0.8034944873906983,0.3562090673706656
5835,0.6326,1,4,1,575002,101442,70127,56129,0.8034628057280446,0.3562140241541908
5836,0.6327,5,45,5,575047,101397,70132,56124,0.8031063870231909,0.3562953510960443
5837,0.6328,3,9,3,575056,101388,70135,56121,0.8030351032822203,0.35630344932670516
5838,0.6329,3,14,3,575070,101374,70138,56118,0.8029242174629324,0.3563228608437254
5839,0.633,8,27,8,575097,101347,70146,56110,0.8027103662400202,0.35635125780371785
5840,0.6331,4,5,4,575102,101342,70150,56106,0.8026707641617032,0.3563462222448046
5841,0.6332,6,16,6,575118,101326,70156,56100,0.8025440375110886,0.35635790784241483
5842,0.6333,107,354,107,575472,100972,70263,55993,0.79974021036624,0.35672283630108625
5843,0.6334,2,5,2,575477,100967,70265,55991,0.799700608287923,0.3567260031345965
5844,0.6335,4,20,4,575497,100947,70269,55987,0.7995421999746547,0.3567550690099022
5845,0.6336,0,3,0,575500,100944,70269,55987,0.7995184387276645,0.3567618889830563
5846,0.6337,4,23,4,575523,100921,70273,55983,0.7993362691674059,0.35679778718197114
5847,0.6338,8,15,8,575538,100906,70281,55975,0.7992174629324547,0.356799102504446
5848,0.6339,0,5,0,575543,100901,70281,55975,0.7991778608541377,0.3568104745149035
5849,0.634,26,72,26,575615,100829,70307,55949,0.7986075909263718,0.3568676727602087
5850,0.6341,3,14,3,575629,100815,70310,55946,0.798496705107084,0.35688723598343974
5851,0.6342,24,77,24,575706,100738,70334,55922,0.7978868331010012,0.3569641261330269
5852,0.6343,5,34,5,575740,100704,70339,55917,0.7976175389684451,0.3570210891259793
5853,0.6344,2,4,2,575744,100700,70341,55915,0.7975858573057915,0.3570219966159052
5854,0.6345,5,18,5,575762,100682,70346,55910,0.7974432898238499,0.3570425053642587
5855,0.6346,1,6,1,575768,100676,70347,55909,0.7973957673298695,0.35705208033975155
5856,0.6347,3,28,3,575796,100648,70350,55906,0.7971739956912939,0.35710361919848743
5857,0.6348,2,16,2,575812,100632,70352,55904,0.7970472690406792,0.35713190575969744
5858,0.6349,2,5,2,575817,100627,70354,55902,0.7970076669623621,0.3571350995662146
5859,0.635,241,660,241,576477,99967,70595,55661,0.7917801926245089,0.3576541496388825
5860,0.6351,3,7,3,576484,99960,70598,55658,0.7917247497148651,0.3576578544898405
5861,0.6352,4,16,4,576500,99944,70602,55654,0.7915980230642504,0.35767811925603155
5862,0.6353,6,25,6,576525,99919,70608,55648,0.791400012672665,0.3577108255606909
5863,0.6354,1,10,1,576535,99909,70609,55647,0.7913208085160309,0.3577296922008794
5864,0.6355,5,19,5,576554,99890,70614,55642,0.7911703206184261,0.3577527454157344
5865,0.6356,3,3,3,576557,99887,70617,55639,0.7911465593714359,0.35774725769324744
5866,0.6357,5,28,5,576585,99859,70622,55634,0.7909247877328602,0.3577910259625835
5867,0.6358,22,67,22,576652,99792,70644,55612,0.7903941198834115,0.3578543666829683
5868,0.6359,3,4,3,576656,99788,70647,55609,0.7903624382207578,0.3578511811682336
5869,0.636,21,88,21,576744,99700,70668,55588,0.7896654416423774,0.35796713203853486
5870,0.6361,3,5,3,576749,99695,70671,55585,0.7896258395640603,0.3579662545079856
5871,0.6362,9,19,9,576768,99676,70680,55576,0.7894753516664554,0.3579728441501559
5872,0.6363,3,17,3,576785,99659,70683,55573,0.7893407046001775,0.35799963924963923
5873,0.6364,1,7,1,576792,99652,70684,55572,0.7892852616905335,0.3580116476833479
5874,0.6365,8,25,8,576817,99627,70692,55564,0.7890872512989482,0.35803622632755766
5875,0.6366,1,2,1,576819,99625,70693,55563,0.7890714104676213,0.35803670386885583
5876,0.6367,122,377,122,577196,99248,70815,55441,0.7860854137625143,0.35840298922353886
5877,0.6368,2,13,2,577209,99235,70817,55439,0.7859824483588899,0.35842481606475557
5878,0.6369,0,8,0,577217,99227,70817,55439,0.7859190850335825,0.35844335535929034
5879,0.637,3,38,3,577255,99189,70820,55436,0.7856181092383728,0.3585189975747777
5880,0.6371,5,17,5,577272,99172,70825,55431,0.7854834621720947,0.3585376739131841
5881,0.6372,3,17,3,577289,99155,70828,55428,0.7853488151058168,0.35856465458685627
5882,0.6373,11,28,11,577317,99127,70839,55417,0.7851270434672412,0.3585839631431825
5883,0.6374,1,13,1,577330,99114,70840,55416,0.7850240780636167,0.35860997864492333
5884,0.6375,55,185,55,577515,98929,70895,55361,0.7835588011658852,0.35881132931492643
5885,0.6376,2,4,2,577519,98925,70897,55359,0.7835271195032315,0.3588123201368904
5886,0.6377,5,29,5,577548,98896,70902,55354,0.7832974274489926,0.35885899513776337
5887,0.6378,4,15,4,577563,98881,70906,55350,0.7831786212140414,0.3588772685128152
5888,0.6379,2,9,2,577572,98872,70908,55348,0.7831073374730706,0.35888989754895606
5889,0.638,31,52,31,577624,98820,70939,55317,0.782695475858573,0.3588820335156387
5890,0.6381,2,7,2,577631,98813,70941,55315,0.7826400329489291,0.35889001349527666
5891,0.6382,3,11,3,577642,98802,70944,55312,0.7825529083766316,0.35890314961651765
5892,0.6383,61,205,61,577847,98597,71005,55251,0.7809292231656317,0.35912719047371433
5893,0.6384,1,6,1,577853,98591,71006,55250,0.7808817006716513,0.3591370310905415
5894,0.6385,2,25,2,577878,98566,71008,55248,0.7806836902800659,0.3591870700976504
5895,0.6386,3,12,3,577890,98554,71011,55245,0.7805886452921049,0.35920259559555
5896,0.6387,7,18,7,577908,98536,71018,55238,0.7804460778101635,0.3592154720563944
5897,0.6388,6,16,6,577924,98520,71024,55232,0.7803193511595489,0.3592278474426349
5898,0.6389,2,6,2,577930,98514,71026,55230,0.7802718286655683,0.3592335310646269
5899,0.639,15,47,15,577977,98467,71041,55215,0.779899569129388,0.3592808526697987
5900,0.6391,2,12,2,577989,98455,71043,55213,0.779804524141427,0.3593005700601296
5901,0.6392,32,66,32,578055,98389,71075,55181,0.7792817767076416,0.35932148206029824
5902,0.6393,15,58,15,578113,98331,71090,55166,0.7788223925991636,0.35939464614943617
5903,0.6394,1,6,1,578119,98325,71091,55165,0.7787748701051831,0.35940452146719654
5904,0.6395,6,22,6,578141,98303,71097,55159,0.778600620960588,0.3594309992050149
5905,0.6396,3,7,3,578148,98296,71100,55156,0.7785451780509441,0.3594348721424289
5906,0.6397,6,21,6,578169,98275,71106,55150,0.7783788493220124,0.3594590190646896
5907,0.6398,5,20,5,578189,98255,71111,55145,0.7782204410087441,0.3594850065189048
5908,0.6399,0,1,0,578190,98254,71111,55145,0.7782125205930808,0.3594873499827248
5909,0.64,860,2499,860,580689,95755,71971,54285,0.7584194018502091,0.3618035190615836
5910,0.6401,0,3,0,580692,95752,71971,54285,0.7583956406032188,0.3618107533475076
5911,0.6402,3,22,3,580714,95730,71974,54282,0.7582213914586238,0.3618510519158467
5912,0.6403,10,25,10,580739,95705,71984,54272,0.7580233810670384,0.3618688198857158
5913,0.6404,1,8,1,580747,95697,71985,54271,0.757960017741731,0.36188386855862587
5914,0.6405,8,27,8,580774,95670,71993,54263,0.7577461665188189,0.3619149886949504
5915,0.6406,1,6,1,580780,95664,71994,54262,0.7576986440248384,0.36192521644011044
5916,0.6407,7,39,7,580819,95625,72001,54255,0.7573897478139653,0.36198959167333866
5917,0.6408,27,84,27,580903,95541,72028,54228,0.7567244328982385,0.362077599503235
5918,0.6409,0,3,0,580906,95538,72028,54228,0.7567006716512482,0.36208485236969673
5919,0.641,13,52,13,580958,95486,72041,54215,0.7562888100367507,0.36215522942398515
5920,0.6411,1,8,1,580966,95478,72042,54214,0.7562254467114434,0.3621703230633568
5921,0.6412,3,30,3,580996,95448,72045,54211,0.755987834241541,0.3622301365103335
5922,0.6413,5,23,5,581019,95425,72050,54206,0.7558056646812825,0.3622645040132058
5923,0.6414,3,9,3,581028,95416,72053,54203,0.7557343809403118,0.3622735080437645
5924,0.6415,7,29,7,581057,95387,72060,54196,0.7555046888860727,0.3623138993067394
5925,0.6416,2,2,2,581059,95385,72062,54194,0.7554888480547459,0.3623102173433437
5926,0.6417,47,215,47,581274,95170,72109,54147,0.7537859586871118,0.36263118064252564
5927,0.6418,3,18,3,581292,95152,72112,54144,0.7536433912051704,0.3626620940949523
5928,0.6419,0,3,0,581295,95149,72112,54144,0.7536196299581802,0.36266938168567847
5929,0.642,10,55,10,581350,95094,72122,54134,0.7531840070966924,0.36276033988259576
5930,0.6421,2,14,2,581364,95080,72124,54132,0.7530731212774047,0.3627858349194435
5931,0.6422,7,16,7,581380,95064,72131,54125,0.75294639462679,0.3627948441238965
5932,0.6423,6,25,6,581405,95039,72137,54119,0.7527483842352046,0.3628300191742984
5933,0.6424,5,8,5,581413,95031,72142,54114,0.7526850209098973,0.36282812028562805
5934,0.6425,59,179,59,581592,94852,72201,54055,0.7512672665061463,0.36301181274218136
5935,0.6426,0,5,0,581597,94847,72201,54055,0.7512276644278292,0.3630240023639709
5936,0.6427,7,32,7,581629,94815,72208,54048,0.7509742111265999,0.3630720864150259
5937,0.6428,2,13,2,581642,94802,72210,54046,0.7508712457229756,0.3630952380952381
5938,0.6429,0,5,0,581647,94797,72210,54046,0.7508316436446585,0.3631074353513434
5939,0.643,8,40,8,581687,94757,72218,54038,0.7505148270181219,0.3631708054706139
5940,0.6431,3,6,3,581693,94751,72221,54035,0.7504673045241415,0.3631726103262404
5941,0.6432,7,23,7,581716,94728,72228,54028,0.7502851349638829,0.3631987953427089
5942,0.6433,109,362,109,582078,94366,72337,53919,0.747417944493727,0.36361735846511783
5943,0.6434,1,2,1,582080,94364,72338,53918,0.7474021036624002,0.36361797116305417
5944,0.6435,7,24,7,582104,94340,72345,53911,0.7472120136864783,0.36364678821728014
5945,0.6436,3,14,3,582118,94326,72348,53908,0.7471011278671905,0.36366825424666405
5946,0.6437,6,24,6,582142,94302,72354,53902,0.7469110378912686,0.3637013845780141
5947,0.6438,3,24,3,582166,94278,72357,53899,0.7467209479153466,0.36374741019186513
5948,0.6439,5,0,5,582166,94278,72362,53894,0.7467209479153466,0.36372594012364007
5949,0.644,29,76,29,582242,94202,72391,53865,0.7461189963249272,0.36378801488515333
5950,0.6441,2,6,2,582248,94196,72393,53863,0.7460714738309466,0.3637941631376681
5951,0.6442,29,82,29,582330,94114,72422,53834,0.7454219997465467,0.36387108984237704
5952,0.6443,7,28,7,582358,94086,72429,53827,0.7452002281079712,0.36390986593470487
5953,0.6444,0,5,0,582363,94081,72429,53827,0.745160626029654,0.363922167834059
5954,0.6445,7,15,7,582378,94066,72436,53820,0.7450418197947029,0.36392897231651405
5955,0.6446,1,10,1,582388,94056,72437,53819,0.7449626156380686,0.363949281487743
5956,0.6447,5,25,5,582413,94031,72442,53814,0.7447646052464834,0.36398931313199634
5957,0.6448,1,19,1,582432,94012,72443,53813,0.7446141173488785,0.36403179435142907
5958,0.6449,0,3,0,582435,94009,72443,53813,0.7445903561018882,0.36403918225974485
5959,0.645,229,657,229,583092,93352,72672,53584,0.7393866430110252,0.3646757772091251
5960,0.6451,0,3,0,583095,93349,72672,53584,0.739362881764035,0.3646832229655693
5961,0.6452,8,16,8,583111,93333,72680,53576,0.7392361551134203,0.3646883444853617
5962,0.6453,11,23,11,583134,93310,72691,53565,0.7390539855531618,0.36469787234042556
5963,0.6454,1,11,1,583145,93299,72692,53564,0.7389668609808643,0.364720862300239
5964,0.6455,7,23,7,583168,93276,72699,53557,0.7387846914206058,0.36474770657822153
5965,0.6456,4,1,4,583169,93275,72703,53553,0.7387767710049423,0.36473288473588145
5966,0.6457,10,33,10,583202,93242,72713,53543,0.7385153972880497,0.3647716047280035
5967,0.6458,21,49,21,583251,93193,72734,53522,0.7381272969205424,0.364802508264322
5968,0.6459,3,7,3,583258,93186,72737,53519,0.7380718540108985,0.3648069254626632
5969,0.646,35,95,35,583353,93091,72772,53484,0.7373194145228742,0.3648916936721815
5970,0.6461,0,4,0,583357,93087,72772,53484,0.7372877328602205,0.3649016517592157
5971,0.6462,5,20,5,583377,93067,72777,53479,0.7371293245469522,0.364929783139765
5972,0.6463,4,18,4,583395,93049,72781,53475,0.7369867570650108,0.3649572766236248
5973,0.6464,1,3,1,583398,93046,72782,53474,0.7369629958180205,0.364960414960415
5974,0.6465,3,17,3,583415,93029,72785,53471,0.7368283487517425,0.36498976109215014
5975,0.6466,1,4,1,583419,93025,72786,53470,0.7367966670890889,0.36499539233420936
5976,0.6467,126,358,126,583777,92667,72912,53344,0.7339611582815866,0.36534233722116827
5977,0.6468,3,18,3,583795,92649,72915,53341,0.7338185907996452,0.3653743407082677
5978,0.6469,1,9,1,583804,92640,72916,53340,0.7337473070586744,0.3653925195232224
5979,0.647,10,24,10,583828,92616,72926,53330,0.7335572170827525,0.3654091239225467
5980,0.6471,6,15,6,583843,92601,72932,53324,0.7334384108478013,0.3654205927702587
5981,0.6472,0,16,0,583859,92585,72932,53324,0.7333116841971866,0.36546066383841985
5982,0.6473,7,40,7,583899,92545,72939,53317,0.7329948675706501,0.36553043287490916
5983,0.6474,2,9,2,583908,92536,72941,53315,0.7329235838296794,0.36554428834906855
5984,0.6475,75,192,75,584100,92344,73016,53240,0.7314028640223039,0.3656995274205957
5985,0.6476,3,11,3,584111,92333,73019,53237,0.7313157394500064,0.3657140894415058
5986,0.6477,10,27,10,584138,92306,73029,53227,0.7311018882270942,0.3657383548748394
5987,0.6478,5,23,5,584161,92283,73034,53222,0.7309197186668356,0.3657743720147074
5988,0.6479,4,9,4,584170,92274,73038,53218,0.7308484349258649,0.36577956176284604
5989,0.648,13,44,13,584214,92230,73051,53205,0.7304999366366747,0.3658335338811153
5990,0.6481,1,3,1,584217,92227,73052,53204,0.7304761753896845,0.3658367198190207
5991,0.6482,2,17,2,584234,92210,73054,53202,0.7303415283234064,0.3658707671994058
5992,0.6483,64,171,64,584405,92039,73118,53138,0.7289871372449627,0.36602216604558574
5993,0.6484,1,2,1,584407,92037,73119,53137,0.7289712964136358,0.36602284155565046
5994,0.6485,8,13,8,584420,92024,73127,53129,0.7288683310100114,0.36602068162559503
5995,0.6486,5,9,5,584429,92015,73132,53124,0.7287970472690407,0.3660215379739422
5996,0.6487,9,19,9,584448,91996,73141,53115,0.7286465593714359,0.3660301424426818
5997,0.6488,6,10,6,584458,91986,73147,53109,0.7285673552148016,0.36602915331334646
5998,0.6489,1,4,1,584462,91982,73148,53108,0.728535673552148,0.36603487490523123
5999,0.649,12,40,12,584502,91942,73160,53096,0.7282188569256115,0.36608337125442986
6000,0.6491,0,3,0,584505,91939,73160,53096,0.7281950956786212,0.36609094356534627
6001,0.6492,18,73,18,584578,91866,73178,53078,0.727616905335192,0.3661966000662325
6002,0.6493,12,31,12,584609,91835,73190,53066,0.7273713724496261,0.3662224553315712
6003,0.6494,1,2,1,584611,91833,73191,53065,0.7273555316182994,0.3662231362751729
6004,0.6495,4,20,4,584631,91813,73195,53061,0.7271971233050311,0.3662561950384472
6005,0.6496,4,12,4,584643,91801,73199,53057,0.7271020783170701,0.36626903588341686
6006,0.6497,8,25,8,584668,91776,73207,53049,0.7269040679254847,0.3662972553081305
6007,0.6498,3,18,3,584686,91758,73210,53046,0.7267615004435433,0.366329659401674
6008,0.6499,1,5,1,584691,91753,73211,53045,0.7267218983652262,0.3663379328443763
6009,0.65,890,2282,890,586973,89471,74101,52155,0.7086475098213154,0.36825865307217603
6010,0.6501,2,2,2,586975,89469,74103,52153,0.7086316689899886,0.36825493214331106
6011,0.6502,6,10,6,586985,89459,74109,52147,0.7085524648333544,0.3682541700210443
6012,0.6503,5,24,5,587009,89435,74114,52142,0.7083623748574325,0.3682942850886797
6013,0.6504,2,4,2,587013,89431,74116,52140,0.7083306931947788,0.36829576678839593
6014,0.6505,4,21,4,587034,89410,74120,52136,0.7081643644658472,0.36833255620081107
6015,0.6506,0,5,0,587039,89405,74120,52136,0.7081247623875301,0.36834556771536164
6016,0.6507,8,34,8,587073,89371,74128,52128,0.707855468254974,0.3683983632393162
6017,0.6508,21,58,21,587131,89313,74149,52107,0.707396084146496,0.36845566397963514
6018,0.6509,1,4,1,587135,89309,74150,52106,0.7073644024838424,0.36846162005444966
6019,0.651,11,48,11,587183,89261,74161,52095,0.7069842225319984,0.3685375930275333
6020,0.6511,3,9,3,587192,89252,74164,52092,0.7069129387910278,0.36854765678062035
6021,0.6512,6,14,6,587206,89238,74170,52086,0.7068020529717399,0.3685573575613484
6022,0.6513,4,16,4,587222,89222,74174,52082,0.7066753263211253,0.36858121496914453
6023,0.6514,4,4,4,587226,89218,74178,52078,0.7066436446584716,0.3685737742045069
6024,0.6515,10,25,10,587251,89193,74188,52068,0.7064456342668863,0.36859430416038397
6025,0.6516,0,3,0,587254,89190,74188,52068,0.7064218730198961,0.3686021322686149
6026,0.6517,56,186,56,587440,89004,74244,52012,0.7049486757065011,0.3688375787144721
6027,0.6518,4,21,4,587461,88983,74248,52008,0.7047823469775694,0.3688746090175969
6028,0.6519,2,8,2,587469,88975,74250,52006,0.704718983652262,0.3688865875543513
6029,0.652,17,36,17,587505,88939,74267,51989,0.7044338486883792,0.3689046889191644
6030,0.6521,5,7,5,587512,88932,74272,51984,0.7043784057787352,0.3689006216469386
6031,0.6522,3,14,3,587526,88918,74275,51981,0.7042675199594475,0.36892383906202314
6032,0.6523,6,30,6,587556,88888,74281,51975,0.7040299074895451,0.3689755294151055
6033,0.6524,3,10,3,587566,88878,74284,51972,0.7039507033329109,0.36898828541001066
6034,0.6525,62,193,62,587759,88685,74346,51910,0.702422063109872,0.36921654397382553
6035,0.6526,2,3,2,587762,88682,74348,51908,0.7023983018628818,0.3692154491784622
6036,0.6527,5,38,5,587800,88644,74353,51903,0.7020973260676721,0.36929283442549465
6037,0.6528,2,15,2,587815,88629,74355,51901,0.7019785198327209,0.36932327616878957
6038,0.6529,2,8,2,587823,88621,74357,51899,0.7019151565074135,0.36933532593225166
6039,0.653,8,27,8,587850,88594,74365,51891,0.7017013052845014,0.3693703954158807
6040,0.6531,2,5,2,587855,88589,74367,51889,0.7016617032061843,0.36937456398866725
6041,0.6532,4,20,4,587875,88569,74371,51885,0.701503294892916,0.3694092015891324
6042,0.6533,124,347,124,588222,88222,74495,51761,0.6987549106577113,0.3697663287684933
6043,0.6534,1,10,1,588232,88212,74496,51760,0.6986757065010771,0.3697882433629583
6044,0.6535,9,23,9,588255,88189,74505,51751,0.6984935369408186,0.36980848935257965
6045,0.6536,2,5,2,588260,88184,74507,51749,0.6984539348625016,0.3698126960759792
6046,0.6537,7,17,7,588277,88167,74514,51742,0.6983192877962235,0.36982610125152776
6047,0.6538,2,20,2,588297,88147,74516,51740,0.6981608794829552,0.36986996647293885
6048,0.6539,3,8,3,588305,88139,74519,51737,0.6980975161576479,0.36987760587949325
6049,0.654,20,75,20,588380,88064,74539,51717,0.6975034849828919,0.3699859065252073
6050,0.6541,3,5,3,588385,88059,74542,51714,0.6974638829045748,0.36998561954025455
6051,0.6542,21,81,21,588466,87978,74563,51693,0.6968223292358383,0.37010546212170026
6052,0.6543,9,30,9,588496,87948,74572,51684,0.6965847167659359,0.37014437951185974
6053,0.6544,0,1,0,588497,87947,74572,51684,0.6965767963502725,0.3701470303872349
6054,0.6545,6,30,6,588527,87917,74578,51678,0.6963391838803701,0.37019950571295535
6055,0.6546,2,7,2,588534,87910,74580,51676,0.6962837409707261,0.37020904675253963
6056,0.6547,8,18,8,588552,87892,74588,51668,0.6961411734887847,0.3702206936084838
6057,0.6548,4,11,4,588563,87881,74592,51664,0.6960540489164871,0.37023182485936434
6058,0.6549,0,2,0,588565,87879,74592,51664,0.6960382080851603,0.37023713120686813
6059,0.655,230,632,230,589197,87247,74822,51434,0.6910325053858827,0.3708799330838399
6060,0.6551,3,7,3,589204,87240,74825,51431,0.6909770624762388,0.3708850444577453
6061,0.6552,8,29,8,589233,87211,74833,51423,0.6907473704219997,0.37092632398978603
6062,0.6553,8,24,8,589257,87187,74841,51415,0.6905572804460778,0.37095424308451536
6063,0.6554,1,9,1,589266,87178,74842,51414,0.6904859967051071,0.37097379358115906
6064,0.6555,7,14,7,589280,87164,74849,51407,0.6903751108858193,0.3709794978747357
6065,0.6556,2,4,2,589284,87160,74851,51405,0.6903434292231656,0.3709811279904738
6066,0.6557,14,32,14,589316,87128,74865,51391,0.6900899759219364,0.3710032558710357
6067,0.6558,15,79,15,589395,87049,74880,51376,0.6894642630845267,0.3711468304135814
6068,0.6559,0,5,0,589400,87044,74880,51376,0.6894246610062096,0.3711602369599769
6069,0.656,21,58,21,589458,86986,74901,51355,0.6889652768977316,0.37122039019524217
6070,0.6561,2,4,2,589462,86982,74903,51353,0.6889335952350779,0.3712220334694763
6071,0.6562,4,19,4,589481,86963,74907,51349,0.688783107337473,0.37125484412053905
6072,0.6563,3,23,3,589504,86940,74910,51346,0.6886009377772145,0.3713029518534053
6073,0.6564,1,5,1,589509,86935,74911,51345,0.6885613356988974,0.37131183106739946
6074,0.6565,9,24,9,589533,86911,74920,51336,0.6883712457229756,0.37133536351602564
6075,0.6566,0,1,0,589534,86910,74920,51336,0.6883633253073121,0.371338049563821
6076,0.6567,120,320,120,589854,86590,75040,51216,0.6858287922950197,0.37165290335689305
6077,0.6568,6,13,6,589867,86577,75046,51210,0.6857258268913953,0.37166060658843
6078,0.6569,1,12,1,589879,86565,75047,51209,0.6856307819034343,0.37168841726305396
6079,0.657,13,22,13,589901,86543,75060,51196,0.6854565327588392,0.3716884832908617
6080,0.6571,7,4,7,589905,86539,75067,51189,0.6854248510961856,0.371667344330855
6081,0.6572,5,12,5,589917,86527,75072,51184,0.6853298061082246,0.37167691760280586
6082,0.6573,9,22,9,589939,86505,75081,51175,0.6851555569636294,0.3716952353282975
6083,0.6574,1,6,1,589945,86499,75082,51174,0.685108034469649,0.37170687062822777
6084,0.6575,59,170,59,590115,86329,75141,51115,0.6837615638068686,0.37189691801751984
6085,0.6576,4,4,4,590119,86325,75145,51111,0.6837298821442149,0.37188946127652145
6086,0.6577,8,30,8,590149,86295,75153,51103,0.6834922696743125,0.37193408928805366
6087,0.6578,5,20,5,590169,86275,75158,51098,0.6833338613610442,0.37196537893181336
6088,0.6579,1,7,1,590176,86268,75159,51097,0.6832784184514004,0.3719797619480945
6089,0.658,20,57,20,590233,86211,75179,51077,0.6828269547585857,0.37204271312860554
6090,0.6581,4,9,4,590242,86202,75183,51073,0.682755671017615,0.37204880713895466
6091,0.6582,2,18,2,590260,86184,75185,51071,0.6826131035356735,0.37208844850825107
6092,0.6583,53,156,53,590416,86028,75238,51018,0.681377518692181,0.37226916509785035
6093,0.6584,0,4,0,590420,86024,75238,51018,0.6813458370295273,0.37228003093942
6094,0.6585,9,23,9,590443,86001,75247,51009,0.6811636674692688,0.37230129187650535
6095,0.6586,0,8,0,590451,85993,75247,51009,0.6811003041439615,0.3723230317805579
6096,0.6587,8,23,8,590474,85970,75255,51001,0.680918134583703,0.37234889137116617
6097,0.6588,7,10,7,590484,85960,75262,50994,0.6808389304270688,0.372343998714897
6098,0.6589,1,6,1,590490,85954,75263,50993,0.6807914079330883,0.3723557288586095
6099,0.659,15,37,15,590527,85917,75278,50978,0.680498352553542,0.37238759633295593
6100,0.6591,1,5,1,590532,85912,75279,50977,0.680458750475225,0.37239661331443724
6101,0.6592,12,60,12,590592,85852,75291,50965,0.6799835255354201,0.3725048787796838
6102,0.6593,10,35,10,590627,85817,75301,50955,0.6797063109872006,0.37255432398444127
6103,0.6594,2,5,2,590632,85812,75303,50953,0.6796667089088836,0.37255876869082
6104,0.6595,4,18,4,590650,85794,75307,50949,0.6795241414269421,0.3725894561330379
6105,0.6596,2,5,2,590655,85789,75309,50947,0.679484539348625,0.3725939035806225
6106,0.6597,6,12,6,590667,85777,75315,50941,0.6793894943606641,0.3725990725434837
6107,0.6598,2,15,2,590682,85762,75317,50939,0.6792706881257128,0.37263077812159384
6108,0.6599,1,3,1,590685,85759,75318,50938,0.6792469268787226,0.37263436651865073
6109,0.66,897,2258,897,592943,83501,76215,50041,0.6613626283107338,0.37472106153869195
6110,0.6601,3,7,3,592950,83494,76218,50038,0.6613071854010899,0.37472665728065185
6111,0.6602,4,23,4,592973,83471,76222,50034,0.6611250158408313,0.3747724804314445
6112,0.6603,5,23,5,592996,83448,76227,50029,0.6609428462805728,0.37481363830472664
6113,0.6604,2,3,2,592999,83445,76229,50027,0.6609190850335825,0.3748126947974107
6114,0.6605,8,22,8,593021,83423,76237,50019,0.6607448358889875,0.3748370078386115
6115,0.6606,2,5,2,593026,83418,76239,50017,0.6607052338106704,0.37484168321654737
6116,0.6607,9,39,9,593065,83379,76248,50008,0.6603963375997972,0.3749090990876172
6117,0.6608,23,60,23,593125,83319,76271,49985,0.6599211126599924,0.3749699933985477
6118,0.6609,0,6,0,593131,83313,76271,49985,0.6598735901660119,0.37498687152095306
6119,0.661,12,37,12,593168,83276,76283,49973,0.6595805347864656,0.37503470945372946
6120,0.6611,1,8,1,593176,83268,76284,49972,0.6595171714611583,0.375052536775743
6121,0.6612,4,17,4,593193,83251,76288,49968,0.6593825243948802,0.37508163249986864
6122,0.6613,7,24,7,593217,83227,76295,49961,0.6591924344189584,0.3751163768507673
6123,0.6614,1,6,1,593223,83221,76296,49960,0.6591449119249778,0.37512858440768576
6124,0.6615,7,24,7,593247,83197,76303,49953,0.6589548219490559,0.37516334960570785
6125,0.6616,2,7,2,593254,83190,76305,49951,0.658899379039412,0.3751736880450049
6126,0.6617,61,180,61,593434,83010,76366,49890,0.6574737042199975,0.37539503386004514
6127,0.6618,6,10,6,593444,83000,76372,49884,0.6573945000633633,0.37539508142440026
6128,0.6619,1,3,1,593447,82997,76373,49883,0.6573707388163731,0.3753988561107766
6129,0.662,14,61,14,593508,82936,76387,49869,0.6568875934609049,0.37550544030721733
6130,0.6621,1,8,1,593516,82928,76388,49868,0.6568242301355975,0.37552335913732343
6131,0.6622,2,22,2,593538,82906,76390,49866,0.6566499809910024,0.3755761756996957
6132,0.6623,6,22,6,593560,82884,76396,49860,0.6564757318464073,0.3756101970710541
6133,0.6624,4,7,4,593567,82877,76400,49856,0.6564202889367634,0.3756111893801843
6134,0.6625,60,138,60,593705,82739,76460,49796,0.6553272715752123,0.3757196212321274
6135,0.6626,1,5,1,593710,82734,76461,49795,0.6552876694968952,0.37572908570954283
6136,0.6627,6,27,6,593737,82707,76467,49789,0.655073818273983,0.37577738195870064
6137,0.6628,3,9,3,593746,82698,76470,49786,0.6550025345330123,0.37578877449352377
6138,0.6629,4,12,4,593758,82686,76474,49782,0.6549074895450513,0.3758039677507021
6139,0.663,8,35,8,593793,82651,76482,49774,0.6546302749968318,0.37586558429299605
6140,0.6631,1,1,1,593794,82650,76483,49773,0.6546223545811685,0.3758637094764505
6141,0.6632,8,22,8,593816,82628,76491,49765,0.6544481054365733,0.37588845331701826
6142,0.6633,122,341,122,594157,82287,76613,49643,0.6517472436953491,0.37628287728340787
6143,0.6634,0,7,0,594164,82280,76613,49643,0.6516918007857052,0.3763028433252731
6144,0.6635,10,23,10,594187,82257,76623,49633,0.6515096312254467,0.37632117673819093
6145,0.6636,2,9,2,594196,82248,76625,49631,0.6514383474844759,0.3763374001926008
6146,0.6637,9,26,9,594222,82222,76634,49622,0.6512324166772272,0.3763690422013895
6147,0.6638,4,8,4,594230,82214,76638,49618,0.6511690533519199,0.376372959524243
6148,0.6639,0,8,0,594238,82206,76638,49618,0.6511056900266126,0.376395800461221
6149,0.664,23,79,23,594317,82127,76661,49595,0.6504799771892029,0.37651265544100454
6150,0.6641,2,3,2,594320,82124,76663,49593,0.6504562159422127,0.37651176385736085
6151,0.6642,22,56,22,594376,82068,76685,49571,0.6500126726650615,0.3765677344859806
6152,0.6643,12,38,12,594414,82030,76697,49559,0.6497116968698518,0.3766196262605537
6153,0.6644,0,6,0,594420,82024,76697,49559,0.6496641743758712,0.37663679958657276
6154,0.6645,6,18,6,594438,82006,76703,49553,0.6495216068939298,0.3766599016410888
6155,0.6646,3,12,3,594450,81994,76706,49550,0.6494265619059688,0.3766800462202761
6156,0.6647,5,34,5,594484,81960,76711,49545,0.6491572677734128,0.3767537355994069
6157,0.6648,4,29,4,594513,81931,76715,49541,0.6489275757191737,0.37681787757088964
6158,0.6649,4,8,4,594521,81923,76719,49537,0.6488642123938664,0.3768218469496425
6159,0.665,234,570,234,595091,81353,76953,49303,0.6443495754657205,0.37734968160666177
6160,0.6651,2,3,2,595094,81350,76955,49301,0.6443258142187303,0.3773488147813641
6161,0.6652,5,23,5,595117,81327,76960,49296,0.6441436446584716,0.3773914241749156
6162,0.6653,5,19,5,595136,81308,76965,49291,0.6439931567608668,0.377422491749554
6163,0.6654,0,7,0,595143,81301,76965,49291,0.6439377138512229,0.37744272237196763
6164,0.6655,4,23,4,595166,81278,76969,49287,0.6437555442909644,0.37749013901122047
6165,0.6656,3,9,3,595175,81269,76972,49284,0.6436842605499936,0.3775018574831678
6166,0.6657,6,35,6,595210,81234,76978,49278,0.6434070460017741,0.3775744759102611
6167,0.6658,26,52,26,595262,81182,77004,49252,0.6429951843872767,0.3776009322722603
6168,0.6659,1,3,1,595265,81179,77005,49251,0.6429714231402864,0.3776048455110021
6169,0.666,29,79,29,595344,81100,77034,49222,0.6423457103028767,0.3776952471570418
6170,0.6661,1,2,1,595346,81098,77035,49221,0.6423298694715499,0.37769626838757203
6171,0.6662,0,13,0,595359,81085,77035,49221,0.6422269040679255,0.3777339493192946
6172,0.6663,7,20,7,595379,81065,77042,49214,0.6420684957546572,0.3777585029053032
6173,0.6664,3,6,3,595385,81059,77045,49211,0.6420209732606768,0.3777615721194442
6174,0.6665,7,18,7,595403,81041,77052,49204,0.6418784057787352,0.37778033705708475
6175,0.6666,0,3,0,595406,81038,77052,49204,0.641854644531745,0.37778903886611076
6176,0.6667,120,354,120,595760,80684,77172,49084,0.6390508173868965,0.37824425127920597
6177,0.6668,8,26,8,595786,80658,77180,49076,0.6388448865796477,0.37828171489355145
6178,0.6669,1,12,1,595798,80646,77181,49075,0.6387498415916867,0.3783119155726521
6179,0.667,10,16,10,595814,80630,77191,49065,0.6386231149410722,0.3783106519141062
6180,0.6671,5,9,5,595823,80621,77196,49060,0.6385518312001014,0.3783129371303429
6181,0.6672,9,11,9,595834,80610,77205,49051,0.6384647066278039,0.37830187951658556
6182,0.6673,3,38,3,595872,80572,77208,49048,0.6381637308325941,0.37839839530936586
6183,0.6674,3,9,3,595881,80563,77211,49045,0.6380924470916234,0.3784102833158447
6184,0.6675,62,178,62,596059,80385,77273,48983,0.6366826131035357,0.3786330468121947
6185,0.6676,1,11,1,596070,80374,77274,48982,0.6365954885312382,0.3786604409536473
6186,0.6677,8,19,8,596089,80355,77282,48974,0.6364450006336333,0.3786776361063644
6187,0.6678,4,10,4,596099,80345,77286,48970,0.6363657964769991,0.3786877005761126
6188,0.6679,0,6,0,596105,80339,77286,48970,0.6363182739830187,0.3787052718681608
6189,0.668,32,46,32,596151,80293,77318,48938,0.6359539348625016,0.37868622853649664
6190,0.6681,2,10,2,596161,80283,77320,48936,0.6358747307058674,0.37870591786037655
6191,0.6682,5,21,5,596182,80262,77325,48931,0.6357084019769358,0.37874343037161456
6192,0.6683,52,195,52,596377,80067,77377,48879,0.63416392092257,0.37906565539062864
6193,0.6684,1,5,1,596382,80062,77378,48878,0.6341243188442529,0.3790755390103924
6194,0.6685,5,24,5,596406,80038,77383,48873,0.6339342288683311,0.3791220299276245
6195,0.6686,2,8,2,596414,80030,77385,48871,0.6338708655430237,0.3791359260207446
6196,0.6687,2,21,2,596435,80009,77387,48869,0.633704536814092,0.37918806933689225
6197,0.6688,7,15,7,596450,79994,77394,48862,0.6335857305791408,0.37919848513068855
6198,0.6689,3,9,3,596459,79985,77397,48859,0.63351444683817,0.37921051814597495
6199,0.669,10,53,10,596512,79932,77407,48849,0.6330946648080091,0.37931837771099775
6200,0.6691,0,3,0,596515,79929,77407,48849,0.6330709035610189,0.37932721427573035
6201,0.6692,20,53,20,596568,79876,77427,48829,0.6326511215308579,0.3793869702031778
6202,0.6693,8,25,8,596593,79851,77435,48821,0.6324531111392726,0.3794220964934096
6203,0.6694,2,10,2,596603,79841,77437,48819,0.6323739069826384,0.379441939996891
6204,0.6695,3,19,3,596622,79822,77440,48816,0.6322234190850335,0.3794835118705204
6205,0.6696,1,4,1,596626,79818,77441,48815,0.6321917374223799,0.37949048844386746
6206,0.6697,6,16,6,596642,79802,77447,48809,0.6320650107717654,0.3795087511954654
6207,0.6698,3,28,3,596670,79774,77450,48806,0.6318432391331897,0.37957691709441593
6208,0.6699,0,2,0,596672,79772,77450,48806,0.6318273983018629,0.37958282132246574
6209,0.67,935,2226,935,598898,77546,78385,47871,0.6141965530351032,0.38169466659224827
6210,0.6701,0,9,0,598907,77537,78385,47871,0.6141252692941326,0.3817220591987752
6211,0.6702,5,24,5,598931,77513,78390,47866,0.6139351793182106,0.38177047192911095
6212,0.6703,2,12,2,598943,77501,78392,47864,0.6138401343302496,0.3817971523152395
6213,0.6704,4,3,4,598946,77498,78396,47860,0.6138163730832594,0.3817865632827582
6214,0.6705,6,18,6,598964,77480,78402,47854,0.613673805601318,0.38181179887341027
6215,0.6706,1,3,1,598967,77477,78403,47853,0.6136500443543277,0.38181600574483365
6216,0.6707,9,30,9,598997,77447,78412,47844,0.6134124318844253,0.381863022882729
6217,0.6708,22,60,22,599057,77387,78434,47822,0.6129372069446205,0.3819374006660863
6218,0.6709,5,6,5,599063,77381,78439,47817,0.61288968445064,0.3819310212623205
6219,0.671,8,39,8,599102,77342,78447,47809,0.6125807882397668,0.38201053127821594
6220,0.6711,2,2,2,599104,77340,78449,47807,0.61256494740844,0.38200676005018097
6221,0.6712,5,27,5,599131,77313,78454,47802,0.6123510961855279,0.38206450065939335
6222,0.6713,11,14,11,599145,77299,78465,47791,0.61224021036624,0.3820529218962347
6223,0.6714,0,2,0,599147,77297,78465,47791,0.6122243695349132,0.38205903044256845
6224,0.6715,9,28,9,599175,77269,78474,47782,0.6120025978963376,0.3821001031579116
6225,0.6716,2,8,2,599183,77261,78476,47780,0.6119392345710303,0.38211466638942426
6226,0.6717,69,166,69,599349,77095,78545,47711,0.6106244455709036,0.38228130057849785
6227,0.6718,6,18,6,599367,77077,78551,47705,0.6104818780889621,0.3823067429597218
6228,0.6719,3,4,3,599371,77073,78554,47702,0.6104501964263085,0.3823041474654378
6229,0.672,20,38,20,599409,77035,78574,47682,0.6101492206310987,0.3823215760481731
6230,0.6721,0,6,0,599415,77029,78574,47682,0.6101016981371182,0.38233997001066466
6231,0.6722,6,26,6,599441,77003,78580,47676,0.6098957673298695,0.3823899774621227
6232,0.6723,6,17,6,599458,76986,78586,47670,0.6097611202635914,0.3824123989218329
6233,0.6724,2,4,2,599462,76982,78588,47668,0.6097294386009378,0.38241476133172886
6234,0.6725,55,136,55,599598,76846,78643,47613,0.6086522620707134,0.3825597184615014
6235,0.6726,1,5,1,599603,76841,78644,47612,0.6086126599923964,0.3825701268752059
6236,0.6727,10,29,10,599632,76812,78654,47602,0.6083829679381574,0.3826096741524266
6237,0.6728,2,12,2,599644,76800,78656,47600,0.6082879229501964,0.38263665594855306
6238,0.6729,0,10,0,599654,76790,78656,47600,0.6082087187935623,0.3826674169949353
6239,0.673,7,26,7,599680,76764,78663,47593,0.6080027879863136,0.38271267399503045
6240,0.6731,5,5,5,599685,76759,78668,47588,0.6079631859079965,0.38270324173482273
6241,0.6732,3,17,3,599702,76742,78671,47585,0.6078285388417184,0.38274067579849913
6242,0.6733,115,269,115,599971,76473,78786,47470,0.6056979470282601,0.3829986364699902
6243,0.6734,0,3,0,599974,76470,78786,47470,0.6056741857812697,0.38300790705179927
6244,0.6735,9,14,9,599988,76456,78795,47461,0.605563299961982,0.3830063671651186
6245,0.6736,4,1,4,599989,76455,78799,47457,0.6055553795463186,0.3829895409645555
6246,0.6737,5,20,5,600009,76435,78804,47452,0.6053969712330504,0.38302646766811693
6247,0.6738,2,24,2,600033,76411,78806,47450,0.6052068812571284,0.3830907226649228
6248,0.6739,1,9,1,600042,76402,78807,47449,0.6051355975161576,0.3831135800276138
6249,0.674,19,75,19,600117,76327,78826,47430,0.6045415663414015,0.3832510484255436
6250,0.6741,1,7,1,600124,76320,78827,47429,0.6044861234317577,0.38326774357772586
6251,0.6742,20,71,20,600195,76249,78847,47409,0.6039237739196553,0.3833880541493474
6252,0.6743,7,19,7,600214,76230,78854,47402,0.6037732860220505,0.38341206160217417
6253,0.6744,0,4,0,600218,76226,78854,47402,0.6037416043593968,0.3834244669492348
6254,0.6745,6,9,6,600227,76217,78860,47396,0.6036703206184261,0.38342245556697113
6255,0.6746,0,6,0,600233,76211,78860,47396,0.6036227981244455,0.3834410672534727
6256,0.6747,6,27,6,600260,76184,78866,47390,0.6034089469015333,0.38349490993251006
6257,0.6748,4,14,4,600274,76170,78870,47386,0.6032980610822456,0.3835184046100554
6258,0.6749,2,4,2,600278,76166,78872,47384,0.6032663794195919,0.3835208417644678
6259,0.675,247,561,247,600839,75605,79119,47137,0.5988230262324167,0.3840331752782259
6260,0.6751,1,6,1,600845,75599,79120,47136,0.5987755037384362,0.38404693037845766
6261,0.6752,1,18,1,600863,75581,79121,47135,0.5986329362564947,0.38409824309788454
6262,0.6753,6,24,6,600887,75557,79127,47129,0.5984428462805728,0.38414326002966925
6263,0.6754,1,5,1,600892,75552,79128,47128,0.5984032442022558,0.38415389631561786
6264,0.6755,5,18,5,600910,75534,79133,47123,0.5982606767203142,0.3841851667658593
6265,0.6756,0,3,0,600913,75531,79133,47123,0.598236915473324,0.3841945635690642
6266,0.6757,16,33,16,600946,75498,79149,47107,0.5979755417564314,0.3842176093960279
6267,0.6758,25,61,25,601007,75437,79174,47082,0.5974923964009631,0.3842832540259062
6268,0.6759,1,3,1,601010,75434,79175,47081,0.5974686351539729,0.38428763824837775
6269,0.676,27,70,27,601080,75364,79202,47054,0.5969142060575339,0.3843715793429071
6270,0.6761,1,10,1,601090,75354,79203,47053,0.5968350019008998,0.38439795109756797
6271,0.6762,6,14,6,601104,75340,79209,47047,0.5967241160816119,0.3844117430772876
6272,0.6763,8,19,8,601123,75321,79217,47039,0.596573628184007,0.38443118666230797
6273,0.6764,1,3,1,601126,75318,79218,47038,0.5965498669370168,0.38443558141815687
6274,0.6765,12,14,12,601140,75304,79230,47026,0.5964389811177291,0.3844191939834873
6275,0.6766,0,4,0,601144,75300,79230,47026,0.5964072994550754,0.38443176430194725
6276,0.6767,139,328,139,601472,74972,79369,46887,0.5938094031174757,0.3847643588081307
6277,0.6768,5,15,5,601487,74957,79374,46882,0.5936905968825243,0.3847864805193739
6278,0.6769,3,10,3,601497,74947,79377,46879,0.5936113927258903,0.3848029156337728
6279,0.677,4,16,4,601513,74931,79381,46875,0.5934846660752756,0.3848332594453475
6280,0.6771,5,8,5,601521,74923,79386,46870,0.5934213027499683,0.3848332827009762
6281,0.6772,7,10,7,601531,74913,79393,46863,0.5933420985933342,0.3848295230587308
6282,0.6773,12,33,12,601564,74880,79405,46851,0.5930807248764415,0.3848732040318407
6283,0.6774,1,6,1,601570,74874,79406,46850,0.593033202382461,0.38488712168512373
6284,0.6775,61,158,61,601728,74716,79467,46789,0.5917817767076416,0.3850788033414263
6285,0.6776,1,5,1,601733,74711,79468,46788,0.5917421746293245,0.385089589214726
6286,0.6777,6,32,6,601765,74679,79474,46782,0.5914887213280953,0.38516066885667005
6287,0.6778,4,12,4,601777,74667,79478,46778,0.5913936763401343,0.3851784758532669
6288,0.6779,4,8,4,601785,74659,79482,46774,0.591330313014827,0.3851835991863826
6289,0.678,16,44,16,601829,74615,79498,46758,0.5909818147256368,0.3852421873068969
6290,0.6781,2,3,2,601832,74612,79500,46756,0.5909580534786466,0.38524157932898295
6291,0.6782,2,14,2,601846,74598,79502,46754,0.5908471676593587,0.3852758916210693
6292,0.6783,52,153,52,601999,74445,79554,46702,0.5896353440628564,0.3854986091277539
6293,0.6784,2,6,2,602005,74439,79556,46700,0.5895878215688759,0.3855075574340221
6294,0.6785,7,14,7,602019,74425,79563,46693,0.5894769357495881,0.3855166036427286
6295,0.6786,1,7,1,602026,74418,79564,46692,0.5894214928399443,0.3855338122368095
6296,0.6787,6,18,6,602044,74400,79570,46686,0.5892789253580027,0.38556067588325654
6297,0.6788,3,14,3,602058,74386,79573,46683,0.589168039538715,0.3855900354343391
6298,0.6789,2,3,2,602061,74383,79575,46681,0.5891442782917248,0.38558944029604175
6299,0.679,12,42,12,602103,74341,79587,46669,0.5888116208338614,0.3856623419552103
6300,0.6791,1,3,1,602106,74338,79588,46668,0.5887878595868711,0.3856668264383584
6301,0.6792,16,47,16,602153,74291,79604,46652,0.5884156000506907,0.38573542908642916
6302,0.6793,11,34,11,602187,74257,79615,46641,0.5881463059181345,0.3857880196529306
6303,0.6794,2,4,2,602191,74253,79617,46639,0.5881146242554809,0.3857906230354366
6304,0.6795,6,15,6,602206,74238,79623,46633,0.5879958180205297,0.38580801019268474
6305,0.6796,2,2,2,602208,74236,79625,46631,0.5879799771892029,0.3858042310969909
6306,0.6797,3,11,3,602219,74225,79628,46628,0.5878928526169054,0.3858241003533218
6307,0.6798,3,13,3,602232,74212,79631,46625,0.587789887213281,0.38585036040285675
6308,0.6799,2,1,2,602233,74211,79633,46623,0.5877819667976175,0.3858433884502706
6309,0.68,907,2135,907,604368,72076,80540,45716,0.5708718793562286,0.38810785112741103
6310,0.6801,2,5,2,604373,72071,80542,45714,0.5708322772779115,0.38811393640955977
6311,0.6802,3,15,3,604388,72056,80545,45711,0.5707134710429603,0.3881477833348901
6312,0.6803,7,18,7,604406,72038,80552,45704,0.5705709035610189,0.3881707462078103
6313,0.6804,2,11,2,604417,72027,80554,45702,0.5704837789887214,0.3881966210534363
6314,0.6805,3,25,3,604442,72002,80557,45699,0.570285768597136,0.3882634811938726
6315,0.6807,7,17,7,604459,71985,80564,45692,0.5701511215308579,0.3882831819301988
6316,0.6808,12,58,12,604517,71927,80576,45680,0.5696917374223799,0.3884122543726139
6317,0.6809,1,0,1,604517,71927,80577,45679,0.5696917374223799,0.3884070540618676
6318,0.681,10,33,10,604550,71894,80587,45669,0.5694303637054873,0.38846405756913316
6319,0.6811,1,9,1,604559,71885,80588,45668,0.5693590799645165,0.3884885966330081
6320,0.6812,6,13,6,604572,71872,80594,45662,0.5692561145608922,0.38850034883523066
6321,0.6813,6,13,6,604585,71859,80600,45656,0.5691531491572678,0.3885121048376803
6322,0.6814,4,13,4,604598,71846,80604,45652,0.5690501837536434,0.38853427292379444
6323,0.6815,5,18,5,604616,71828,80609,45647,0.5689076162717019,0.388567780378804
6324,0.6816,4,3,4,604619,71825,80613,45643,0.5688838550247117,0.3885568835768039
6325,0.6817,67,161,67,604780,71664,80680,45576,0.567608668102902,0.3887410440122825
6326,0.6818,7,15,7,604795,71649,80687,45569,0.5674898618679508,0.38875428688426694
6327,0.6819,1,1,1,604796,71648,80688,45568,0.5674819414522874,0.38875238875238877
6328,0.682,17,29,17,604825,71619,80705,45551,0.5672522493980484,0.38875992148160793
6329,0.6821,1,5,1,604830,71614,80706,45550,0.5672126473197313,0.38877129493701135
6330,0.6822,2,9,2,604839,71605,80708,45548,0.5671413635787607,0.38879072665659437
6331,0.6823,10,24,10,604863,71581,80718,45538,0.5669512736028387,0.3888182105379998
6332,0.6824,0,6,0,604869,71575,80718,45538,0.5669037511088582,0.3888381306942867
6333,0.6825,62,166,62,605035,71409,80780,45476,0.5655889621087314,0.3890661761560508
6334,0.6826,2,3,2,605038,71406,80782,45474,0.5655652008617412,0.38906570841889115
6335,0.6827,10,25,10,605063,71381,80792,45464,0.5653671904701558,0.3890966665240276
6336,0.6828,3,10,3,605073,71371,80795,45461,0.5652879863135217,0.38911428375787455
6337,0.6829,1,10,1,605083,71361,80796,45460,0.5652087821568876,0.38914236310252437
6338,0.683,7,23,7,605106,71338,80803,45453,0.5650266125966291,0.3891823856290296
6339,0.6831,0,3,0,605109,71335,80803,45453,0.5650028513496388,0.38919238277905266
6340,0.6832,6,18,6,605127,71317,80809,45447,0.5648602838676974,0.3892209927717447
6341,0.6833,111,295,111,605422,71022,80920,45336,0.5625237612469902,0.3896251224668695
6342,0.6834,0,7,0,605429,71015,80920,45336,0.5624683183373463,0.3896485633986816
6343,0.6835,5,23,5,605452,70992,80925,45331,0.5622861487770878,0.3896993715774181
6344,0.6836,3,4,3,605456,70988,80928,45328,0.5622544671144342,0.38969703222256613
6345,0.6837,5,20,5,605476,70968,80933,45323,0.5620960588011659,0.38973781290039644
6346,0.6838,4,28,4,605504,70940,80937,45319,0.5618742871625902,0.3898106813235965
6347,0.6839,2,9,2,605513,70931,80939,45317,0.5618030034216196,0.3898303626729062
6348,0.684,23,68,23,605581,70863,80962,45294,0.5612644151565074,0.3899377566569385
6349,0.6841,1,5,1,605586,70858,80963,45293,0.5612248130781904,0.3899492901481692
6350,0.6842,21,46,21,605632,70812,80984,45272,0.5608604739576732,0.38999345301678096
6351,0.6843,10,35,10,605667,70777,80994,45262,0.5605832594094539,0.39005851480967607
6352,0.6844,1,6,1,605673,70771,80995,45261,0.5605357369154733,0.3900734280198566
6353,0.6845,6,14,6,605687,70757,81001,45255,0.5604248510961856,0.39008895631486395
6354,0.6846,0,5,0,605692,70752,81001,45255,0.5603852490178685,0.390105769479428
6355,0.6847,5,19,5,605711,70733,81006,45250,0.5602347611202636,0.3901433830820034
6356,0.6848,3,9,3,605720,70724,81009,45247,0.5601634773792928,0.3901578842986609
6357,0.6849,3,5,3,605725,70719,81012,45244,0.5601238753009758,0.39015893000353563
6358,0.685,235,540,235,606265,70179,81247,45009,0.5558468508427322,0.3907438274820294
6359,0.6851,1,10,1,606275,70169,81248,45008,0.5557676466860981,0.3907724632522118
6360,0.6852,3,8,3,606283,70161,81251,45005,0.5557042833607908,0.39078373825608254
6361,0.6853,6,20,6,606303,70141,81257,44999,0.5555458750475225,0.3908198714608303
6362,0.6854,0,11,0,606314,70130,81257,44999,0.555458750475225,0.3908572123444137
6363,0.6855,5,18,5,606332,70112,81262,44994,0.5553161829932834,0.39089187357739824
6364,0.6856,2,7,2,606339,70105,81264,44992,0.5552607400836396,0.39090506268625597
6365,0.6857,9,17,9,606356,70088,81273,44983,0.5551260930173616,0.39091517410989735
6366,0.6858,21,42,21,606398,70046,81294,44962,0.5547934355594981,0.39094671675013914
6367,0.6859,2,0,2,606398,70046,81296,44960,0.5547934355594981,0.39093612507173536
6368,0.686,25,70,25,606468,69976,81321,44935,0.5542390064630592,0.3910417627555238
6369,0.6861,1,2,1,606470,69974,81322,44934,0.5542231656317324,0.3910432693981272
6370,0.6862,2,17,2,606487,69957,81324,44932,0.5540885185654543,0.3910905308602216
6371,0.6863,8,26,8,606513,69931,81332,44924,0.5538825877582055,0.391136650559401
6372,0.6864,1,7,1,606520,69924,81333,44923,0.5538271448485617,0.3911551890776424
6373,0.6865,6,13,6,606533,69911,81339,44917,0.5537241794449372,0.39116765945588183
6374,0.6866,2,2,2,606535,69909,81341,44915,0.5537083386136105,0.3911638681808681
6375,0.6867,102,286,102,606821,69623,81443,44813,0.5514430997338741,0.39159879758118077
6376,0.6868,6,18,6,606839,69605,81449,44807,0.5513005322519325,0.3916285005069398
6377,0.6869,0,8,0,606847,69597,81449,44807,0.5512371689266252,0.39165588615782665
6378,0.687,11,22,11,606869,69575,81460,44796,0.5510629197820301,0.3916727142370006
6379,0.6871,5,13,5,606882,69562,81465,44791,0.5509599543784057,0.3916906421344433
6380,0.6872,5,6,5,606888,69556,81470,44786,0.5509124318844253,0.3916845953367966
6381,0.6873,7,35,7,606923,69521,81477,44779,0.5506352173362058,0.3917672790901137
6382,0.6874,2,5,2,606928,69516,81479,44777,0.5505956152578887,0.3917737744218806
6383,0.6875,66,149,66,607077,69367,81545,44711,0.5494154733240401,0.3919335892985501
6384,0.6876,3,4,3,607081,69363,81548,44708,0.5493837916613864,0.39193134100691673
6385,0.6877,7,16,7,607097,69347,81555,44701,0.5492570650107718,0.3919490039281706
6386,0.6878,4,16,4,607113,69331,81559,44697,0.5491303383601571,0.3919826709229312
6387,0.6879,0,7,0,607120,69324,81559,44697,0.5490748954505132,0.3920067356013366
6388,0.688,24,53,24,607173,69271,81583,44673,0.5486551134203523,0.3920610124271572
6389,0.6881,4,6,4,607179,69265,81587,44669,0.5486075909263718,0.39206031562132465
6390,0.6882,4,26,4,607205,69239,81591,44665,0.5484016601191231,0.3921284590532378
6391,0.6883,56,136,56,607341,69103,81647,44609,0.5473244835888987,0.39229808639369634
6392,0.6884,1,6,1,607347,69097,81648,44608,0.5472769610949183,0.3923134426806209
6393,0.6885,6,14,6,607361,69083,81654,44602,0.5471660752756304,0.3923296828957206
6394,0.6886,4,9,4,607370,69074,81658,44598,0.5470947915346598,0.3923393623759589
6395,0.6887,10,22,10,607392,69052,81668,44588,0.5469205423900646,0.39236184442097854
6396,0.6888,4,23,4,607415,69029,81672,44584,0.5467383728298061,0.39241988152764207
6397,0.6889,1,5,1,607420,69024,81673,44583,0.546698770751489,0.3924318043782513
6398,0.689,12,31,12,607451,68993,81685,44571,0.5464532378659233,0.392474727906731
6399,0.6891,1,5,1,607456,68988,81686,44570,0.5464136357876062,0.3924866587999084
6400,0.6892,16,53,16,607509,68935,81702,44554,0.5459938537574451,0.3925843033245513
6401,0.6893,9,34,9,607543,68901,81711,44545,0.5457245596248891,0.3926537736015373
6402,0.6894,0,5,0,607548,68896,81711,44545,0.5456849575465721,0.3926710801209439
6403,0.6895,2,26,2,607574,68870,81713,44543,0.5454790267393232,0.3927503901669121
6404,0.6896,2,7,2,607581,68863,81715,44541,0.5454235838296794,0.3927639236711227
6405,0.6897,5,10,5,607591,68853,81720,44536,0.5453443796730453,0.392771785622944
6406,0.6898,3,13,3,607604,68840,81723,44533,0.5452414142694209,0.3928007550298572
6407,0.6899,1,6,1,607610,68834,81724,44532,0.5451938917754404,0.3928161882751442
6408,0.69,928,2085,928,609695,66749,82652,43604,0.5286798251172221,0.39513198553732115
6409,0.6901,2,11,2,609706,66738,82654,43602,0.5285927005449246,0.3951604132680805
6410,0.6902,3,21,3,609727,66717,82657,43599,0.528426371815993,0.39521918851299903
6411,0.6903,3,9,3,609736,66708,82660,43596,0.5283550880750222,0.39523498694516973
6412,0.6904,1,12,1,609748,66696,82661,43595,0.5282600430870612,0.3952725063695134
6413,0.6905,7,19,7,609767,66677,82668,43588,0.5281095551894563,0.3953022264544506
6414,0.6906,0,3,0,609770,66674,82668,43588,0.5280857939424661,0.39531298180696883
6415,0.6907,10,23,10,609793,66651,82678,43578,0.5279036243822076,0.39534060909561003
6416,0.6908,23,45,23,609838,66606,82701,43555,0.5275472056773539,0.3953758589700529
6417,0.6909,0,3,0,609841,66603,82701,43555,0.5275234444303637,0.39538662648196227
6418,0.691,19,47,19,609888,66556,82720,43536,0.5271511848941832,0.3954510772808197
6419,0.6911,4,7,4,609895,66549,82724,43532,0.5270957419845393,0.39545425641118814
6420,0.6912,4,14,4,609909,66535,82728,43528,0.5269848561652516,0.3954825872454867
6421,0.6913,6,16,6,609925,66519,82734,43522,0.526858129514637,0.3955071291609491
6422,0.6914,6,18,6,609943,66501,82740,43516,0.5267155620326954,0.3955388712653499
6423,0.6915,5,17,5,609960,66484,82745,43511,0.5265809149664175,0.3955725260239102
6424,0.6916,1,3,1,609963,66481,82746,43510,0.5265571537194272,0.3955778200034548
6425,0.6917,65,130,65,610093,66351,82811,43445,0.5255274996831834,0.39568836751794234
6426,0.6918,3,17,3,610110,66334,82814,43442,0.5253928526169054,0.39573312928144583
6427,0.6919,1,1,1,610111,66333,82815,43441,0.5253849322012419,0.3957312296172135
6428,0.692,13,37,13,610148,66296,82828,43428,0.5250918768216956,0.395793080820969
6429,0.6921,1,5,1,610153,66291,82829,43427,0.5250522747433786,0.3958056107475528
6430,0.6922,4,11,4,610164,66280,82833,43423,0.524965150171081,0.39582326827889847
6431,0.6923,14,22,14,610186,66258,82847,43409,0.5247909010264858,0.3958255446032079
6432,0.6924,2,5,2,610191,66253,82849,43407,0.5247512989481689,0.39583257340871786
6433,0.6925,60,135,60,610326,66118,82909,43347,0.5236820428336079,0.3959895857123281
6434,0.6926,1,6,1,610332,66112,82910,43346,0.5236345203396274,0.3960057739041459
6435,0.6927,9,21,9,610353,66091,82919,43337,0.5234681916106957,0.3960320941623716
6436,0.6928,1,11,1,610364,66080,82920,43336,0.5233810670383982,0.39606638882795936
6437,0.6929,3,4,3,610368,66076,82923,43333,0.5233493853757445,0.39606430915189794
6438,0.693,6,39,6,610407,66037,82929,43327,0.5230404891648713,0.39617241505431405
6439,0.6931,2,3,2,610410,66034,82931,43325,0.5230167279178811,0.3961722400534021
6440,0.6932,4,19,4,610429,66015,82935,43321,0.5228662400202763,0.39621899465866683
6441,0.6933,112,277,112,610706,65738,83047,43209,0.5206722848815106,0.3966056890047454
6442,0.6934,1,3,1,610709,65735,83048,43208,0.5206485236345203,0.39661107184490973
6443,0.6935,7,17,7,610726,65718,83055,43201,0.5205138765682423,0.39663419605394834
6444,0.6936,1,5,1,610731,65713,83056,43200,0.5204742744899252,0.3966468649288882
6445,0.6937,5,21,5,610752,65692,83061,43195,0.5203079457609935,0.396695656965478
6446,0.6938,4,27,4,610779,65665,83065,43191,0.5200940945380813,0.3967718821194973
6447,0.6939,0,2,0,610781,65663,83065,43191,0.5200782537067545,0.3967791721020817
6448,0.694,29,55,29,610836,65608,83094,43162,0.5196426308452667,0.39681897582053877
6449,0.6941,2,2,2,610838,65606,83096,43160,0.51962679001394,0.3968151812147178
6450,0.6942,22,56,22,610894,65550,83118,43138,0.5191832467367887,0.3968975415869277
6451,0.6943,9,32,9,610926,65518,83127,43129,0.5189297934355594,0.3969644813018307
6452,0.6945,4,17,4,610943,65501,83131,43125,0.5187951463692815,0.397004400419789
6453,0.6946,1,13,1,610956,65488,83132,43124,0.5186921809656571,0.3970463668839539
6454,0.6947,5,14,5,610970,65474,83137,43119,0.5185812951463693,0.3970697927122374
6455,0.6948,1,17,1,610987,65457,83138,43118,0.5184466480800912,0.39712641031545015
6456,0.6949,2,1,2,610988,65456,83140,43116,0.5184387276644278,0.39711896253177614
6457,0.695,233,517,233,611505,64939,83373,42883,0.5143438727664428,0.39772031681846004
6458,0.6951,2,9,2,611514,64930,83375,42881,0.514272589025472,0.3977423454007476
6459,0.6952,6,23,6,611537,64907,83381,42875,0.5140904194652135,0.39779369468000225
6460,0.6953,7,12,7,611549,64895,83388,42868,0.5139953744772525,0.39779887345378284
6461,0.6954,2,3,2,611552,64892,83390,42866,0.5139716132302623,0.3977987713209228
6462,0.6955,6,11,6,611563,64881,83396,42860,0.5138844886579648,0.3978058492124632
6463,0.6956,0,6,0,611569,64875,83396,42860,0.5138369661639843,0.3978280038984545
6464,0.6957,12,18,12,611587,64857,83408,42848,0.5136943986820428,0.39782739891369945
6465,0.6958,23,59,23,611646,64798,83431,42825,0.5132270941579014,0.39791680217053976
6466,0.6959,0,4,0,611650,64794,83431,42825,0.5131954124952478,0.39793159200512923
6467,0.696,26,59,26,611709,64735,83457,42799,0.5127281079711064,0.39800435211189017
6468,0.6961,1,5,1,611714,64730,83458,42798,0.5126885058927892,0.39801726062048953
6469,0.6962,2,8,2,611722,64722,83460,42796,0.5126251425674819,0.3980356777469819
6470,0.6963,11,21,11,611743,64701,83471,42785,0.5124588138385503,0.3980518393093054
6471,0.6964,0,3,0,611746,64698,83471,42785,0.51243505259156,0.39806294948968673
6472,0.6965,3,16,3,611762,64682,83474,42782,0.5123083259409453,0.3981054120449639
6473,0.6966,1,6,1,611768,64676,83475,42781,0.5122608034469649,0.3981220395134798
6474,0.6967,130,280,130,612048,64396,83605,42651,0.5100430870612089,0.3984324642446776
6475,0.6968,5,16,5,612064,64380,83610,42646,0.5099163604105943,0.3984639246538224
6476,0.6969,1,3,1,612067,64377,83611,42645,0.5098925991636041,0.3984694735661827
6477,0.697,8,20,8,612087,64357,83619,42637,0.5097341908503358,0.39849898125128513
6478,0.6971,3,10,3,612097,64347,83622,42634,0.5096549866937017,0.39851936325141846
6479,0.6972,6,18,6,612115,64329,83628,42628,0.5095124192117603,0.3985526893985433
6480,0.6973,9,25,9,612140,64304,83637,42619,0.5093144088201749,0.3985952507879502
6481,0.6974,3,6,3,612146,64298,83640,42616,0.5092668863261944,0.3986007445236358
6482,0.6975,55,120,55,612266,64178,83695,42561,0.5083164364465848,0.3987389801291
6483,0.6976,1,16,1,612282,64162,83696,42560,0.5081897097959701,0.3987931260658533
6484,0.6977,7,17,7,612299,64145,83703,42553,0.508055062729692,0.398817222440908
6485,0.6978,4,16,4,612315,64129,83707,42549,0.5079283360790774,0.3988544967097246
6486,0.6979,2,5,2,612320,64124,83709,42547,0.5078887340007604,0.39886192123444986
6487,0.698,14,47,14,612367,64077,83723,42533,0.5075164744645799,0.39895882187412063
6488,0.6981,2,5,2,612372,64072,83725,42531,0.5074768723862628,0.39896625798523494
6489,0.6982,4,19,4,612391,64053,83729,42527,0.507326384488658,0.39901482454494275
6490,0.6983,61,132,61,612523,63921,83790,42466,0.5062808896210873,0.39916531155122337
6491,0.6984,0,2,0,612525,63919,83790,42466,0.5062650487897605,0.3991728157165014
6492,0.6985,6,22,6,612547,63897,83796,42460,0.5060907996451653,0.3992214898878306
6493,0.6986,4,13,4,612560,63884,83800,42456,0.505987834241541,0.39924769606921195
6494,0.6987,4,24,4,612584,63860,83804,42452,0.5057977442656191,0.39931522311686357
6495,0.6988,2,10,2,612594,63850,83806,42450,0.5057185401089849,0.3993414863593603
6496,0.6989,0,7,0,612601,63843,83806,42450,0.505663097199341,0.3993677852727837
6497,0.699,13,35,13,612636,63808,83819,42437,0.5053858826511215,0.3994258553343687
6498,0.6991,0,1,0,612637,63807,83819,42437,0.5053779622354582,0.39942961484883854
6499,0.6992,19,60,19,612697,63747,83838,42418,0.5049027372956533,0.39954787359299204
6500,0.6993,14,24,14,612721,63723,83852,42404,0.5047126473197313,0.39955901891130435
6501,0.6994,0,3,0,612724,63720,83852,42404,0.5046888860727411,0.3995703139723342
6502,0.6995,3,18,3,612742,63702,83855,42401,0.5045463185907997,0.39962112287117235
6503,0.6996,2,10,2,612752,63692,83857,42399,0.5044671144341655,0.3996474724528942
6504,0.6997,5,11,5,612763,63681,83862,42394,0.5043799898618679,0.39966061748762666
6505,0.6998,4,19,4,612782,63662,83866,42390,0.5042295019642631,0.3997095764342021
6506,0.6999,1,2,1,612784,63660,83867,42389,0.5042136611329363,0.39971145413912434
6507,0.7,958,1940,958,614724,61720,84825,41431,0.4888480547459131,0.40165388605054725
6508,0.7001,0,7,0,614731,61713,84825,41431,0.48879261183626915,0.40168114480725975
6509,0.7002,4,20,4,614751,61693,84829,41427,0.4886342035230009,0.4017358417377812
6510,0.7003,5,14,5,614765,61679,84834,41422,0.4885233177037131,0.4017613796180444
6511,0.7004,3,6,3,614771,61673,84837,41419,0.4884757952097326,0.4017673534318861
6512,0.7005,2,20,2,614791,61653,84839,41417,0.4883173868964643,0.40183370524886
6513,0.7006,1,5,1,614796,61648,84840,41416,0.48827778481814726,0.4018473957929054
6514,0.7007,10,21,10,614817,61627,84850,41406,0.4881114560892156,0.40187124513505385
6515,0.7008,21,60,21,614877,61567,84871,41385,0.48763623114941074,0.4019834485974046
6516,0.7009,0,2,0,614879,61565,84871,41385,0.4876203903180839,0.40199125789218065
6517,0.701,9,37,9,614916,61528,84880,41376,0.4873273349385376,0.4020834952965871
6518,0.7011,2,1,2,614917,61527,84882,41374,0.48731941452287414,0.40207578157646673
6519,0.7012,4,15,4,614932,61512,84886,41370,0.48720060828792294,0.40211115647051965
6520,0.7013,6,20,6,614952,61492,84892,41364,0.48704219997465464,0.402154468382982
6521,0.7014,1,8,1,614960,61484,84893,41363,0.4869788366493474,0.4021799371882505
6522,0.7015,6,12,6,614972,61472,84899,41357,0.4868837916613864,0.4021919886413366
6523,0.7016,1,2,1,614974,61470,84900,41356,0.48686795083005957,0.4021939976270593
6524,0.7017,49,142,49,615116,61328,84949,41307,0.48574325180585476,0.40246504603692695
6525,0.7018,6,9,6,615125,61319,84955,41301,0.48567196806488405,0.40246540635353734
6526,0.7019,4,9,4,615134,61310,84959,41297,0.48560068432391335,0.40247741382166907
6527,0.702,9,39,9,615173,61271,84968,41288,0.4852917881130402,0.4025780282569058
6528,0.7021,0,3,0,615176,61268,84968,41288,0.4852680268660499,0.40258980459456295
6529,0.7022,6,11,6,615187,61257,84974,41282,0.4851809022937524,0.402598035869279
6530,0.7023,3,35,3,615222,61222,84977,41279,0.4849036877455329,0.4027180222631974
6531,0.7024,5,5,5,615227,61217,84982,41274,0.48486408566721584,0.4027085305051175
6532,0.7025,49,115,49,615342,61102,85031,41225,0.4839532378659232,0.40287509650434394
6533,0.7026,5,3,5,615345,61099,85036,41220,0.483929476618933,0.4028577292584955
6534,0.7027,5,21,5,615366,61078,85041,41215,0.48376314789000124,0.4029112451487394
6535,0.7028,7,13,7,615379,61065,85048,41208,0.4836601824863769,0.40292159220908746
6536,0.7029,2,12,2,615391,61053,85050,41206,0.4835651374984159,0.40295719692154236
6537,0.703,5,34,5,615425,61019,85055,41201,0.48329584336585985,0.4030620230874584
6538,0.7031,0,1,0,615426,61018,85055,41201,0.4832879229501964,0.40306596620980445
6539,0.7032,1,12,1,615438,61006,85056,41200,0.4831928779622355,0.4031074496604896
6540,0.7033,120,262,120,615700,60744,85176,41080,0.481117729058421,0.403441231929604
6541,0.7034,2,3,2,615703,60741,85178,41078,0.48109396781143077,0.40344140091731406
6542,0.7035,1,19,1,615722,60722,85179,41077,0.48094347991382586,0.403510839988605
6543,0.7036,2,3,2,615725,60719,85181,41075,0.48091971866683564,0.4035110124368823
6544,0.7037,3,12,3,615737,60707,85184,41072,0.48082467367887466,0.40354100551194255
6545,0.7038,10,15,10,615752,60692,85194,41062,0.48070586744392346,0.4035418755036657
6546,0.7039,2,12,2,615764,60680,85196,41060,0.4806108224559625,0.4035777471987419
6547,0.704,20,70,20,615834,60610,85216,41040,0.4800563933595235,0.40373831775700936
6548,0.7041,0,1,0,615835,60609,85216,41040,0.4800484729438601,0.4037422896437742
6549,0.7042,15,53,15,615888,60556,85231,41025,0.47962869091369914,0.4038648959943297
6550,0.7043,11,19,11,615907,60537,85242,41014,0.4794782030160943,0.4038758850232888
6551,0.7044,1,8,1,615915,60529,85243,41013,0.47941483969078696,0.4039018337239763
6552,0.7045,2,20,2,615935,60509,85245,41011,0.47925643137751867,0.4039696611505122
6553,0.7046,0,3,0,615938,60506,85245,41011,0.47923267013052845,0.40398159914103055
6554,0.7047,4,24,4,615962,60482,85249,41007,0.4790425801546065,0.40405364128132115
6555,0.7048,1,16,1,615978,60466,85250,41006,0.4789158535039919,0.4041114790286976
6556,0.7049,3,7,3,615985,60459,85253,41003,0.478860410594348,0.4041217401588772
6557,0.705,240,489,240,616474,59970,85493,40763,0.47498732733493854,0.404663814241609
6558,0.7051,1,7,1,616481,59963,85494,40762,0.47493188442529466,0.4046860263092579
6559,0.7052,3,11,3,616492,59952,85497,40759,0.47484475985299707,0.40471249416647637
6560,0.7053,6,12,6,616504,59940,85503,40753,0.47474971486503614,0.4047252539898503
6561,0.7054,2,11,2,616515,59929,85505,40751,0.47466259029273855,0.4047576479936432
6562,0.7055,6,20,6,616535,59909,85511,40745,0.4745041819794703,0.40480259105450356
6563,0.7056,0,2,0,616537,59907,85511,40745,0.4744883411481435,0.40481063466200373
6564,0.7057,11,28,11,616565,59879,85522,40734,0.47426656950956786,0.4048582191168139
6565,0.7058,18,62,18,616627,59817,85540,40716,0.4737755037384362,0.40500134284264866
6566,0.7059,0,3,0,616630,59814,85540,40716,0.47375174249144597,0.40501342882721575
6567,0.706,27,70,27,616700,59744,85567,40689,0.473197313395007,0.405135762149891
6568,0.7061,3,6,3,616706,59738,85570,40686,0.4731497909010265,0.4051421970843623
6569,0.7062,3,13,3,616719,59725,85573,40683,0.4730468254974021,0.40517687833638755
6570,0.7063,6,12,6,616731,59713,85579,40677,0.47295178050944114,0.4051897599362486
6571,0.7064,1,0,1,616731,59713,85580,40676,0.47295178050944114,0.4051838348823078
6572,0.7065,4,24,4,616755,59689,85584,40672,0.4727616905335192,0.40525702215003834
6573,0.7066,0,6,0,616761,59683,85584,40672,0.4727141680395387,0.40528125155697275
6574,0.7067,108,254,108,617015,59429,85692,40564,0.4707023824610316,0.40566839678777517
6575,0.7068,3,10,3,617025,59419,85695,40561,0.4706231783043974,0.4056911382276455
6576,0.7069,3,2,3,617027,59417,85698,40558,0.4706073374730706,0.40568142035508875
6577,0.707,4,30,4,617057,59387,85702,40554,0.47036972500316815,0.40577940985181254
6578,0.7071,2,15,2,617072,59372,85704,40552,0.47025091876821695,0.40582842960650095
6579,0.7072,2,9,2,617081,59363,85706,40550,0.47017963502724625,0.4058530921902055
6580,0.7073,7,22,7,617103,59341,85713,40543,0.4700053858826511,0.405900844980177
6581,0.7074,3,6,3,617109,59335,85716,40540,0.4699578633886706,0.4059073842302879
6582,0.7075,50,135,50,617244,59200,85766,40490,0.46888860727410975,0.40615909318888554
6583,0.7076,2,7,2,617251,59193,85768,40488,0.46883316436446587,0.4061757004845457
6584,0.7077,11,33,11,617284,59160,85779,40477,0.4685717906475732,0.4062446681453677
6585,0.7078,4,7,4,617291,59153,85783,40473,0.4685163477379293,0.4062493726537249
6586,0.7079,5,4,5,617295,59149,85788,40468,0.4684846660752756,0.4062358834335505
6587,0.708,17,42,17,617337,59107,85805,40451,0.46815200861741224,0.40630587195403683
6588,0.7081,2,4,2,617341,59103,85807,40449,0.4681203269547586,0.4063102700096432
6589,0.7082,3,8,3,617349,59095,85810,40446,0.46805696362945126,0.4063250318964045
6590,0.7083,52,114,52,617463,58981,85862,40394,0.46715403624382207,0.4064805031446541
6591,0.7084,0,4,0,617467,58977,85862,40394,0.4671223545811684,0.40649686528262774
6592,0.7085,3,18,3,617485,58959,85865,40391,0.466979787099227,0.40655259184700554
6593,0.7086,0,13,0,617498,58946,85865,40391,0.4668768216956026,0.4066057964303331
6594,0.7087,1,18,1,617516,58928,85866,40390,0.46673425421366116,0.40667351336112284
6595,0.7088,5,13,5,617529,58915,85871,40385,0.46663128881003674,0.4066968781470292
6596,0.7089,1,3,1,617532,58912,85872,40384,0.4666075275630465,0.40670319046084435
6597,0.709,7,28,7,617560,58884,85879,40377,0.4663857559244709,0.4067760751956962
6598,0.7091,1,3,1,617563,58881,85880,40376,0.4663619946774807,0.40678239318133735
6599,0.7092,23,65,23,617628,58816,85903,40353,0.46584716765935874,0.4069114340166786
6600,0.7093,8,30,8,617658,58786,85911,40345,0.46560955518945635,0.4069867145494346
6601,0.7094,0,3,0,617661,58783,85911,40345,0.4655857939424661,0.406999031555161
6602,0.7095,4,17,4,617678,58766,85915,40341,0.46545114687618805,0.40704491105572765
6603,0.7096,0,14,0,617692,58752,85915,40341,0.46534026105690024,0.40710241893978383
6604,0.7097,6,15,6,617707,58737,85921,40335,0.46522145482194904,0.4071281492248062
6605,0.7098,1,20,1,617727,58717,85922,40334,0.4650630465086808,0.40720436946623456
6606,0.7099,0,1,0,617728,58716,85922,40334,0.46505512609301736,0.407208480565371
6607,0.71,974,1924,974,619652,56792,86896,39360,0.4498162463566088,0.40935185955570347
6608,0.7101,0,3,0,619655,56789,86896,39360,0.44979248510961856,0.40936463197745165
6609,0.7102,2,12,2,619667,56777,86898,39358,0.4496974401216576,0.40940344307484267
6610,0.7103,2,21,2,619688,56756,86900,39356,0.4495311113927259,0.4094806059597137
6611,0.7104,3,6,3,619694,56750,86903,39353,0.4494835888987454,0.4094877371153866
6612,0.7105,7,13,7,619707,56737,86910,39346,0.44938062349512103,0.4095001196881863
6613,0.7106,1,2,1,619709,56735,86911,39345,0.4493647826637942,0.4095024979184013
6614,0.7107,11,42,11,619751,56693,86922,39334,0.44903212520593083,0.4096139627396461
6615,0.7108,26,67,26,619818,56626,86948,39308,0.44850145735648206,0.4097400296036859
6616,0.7109,2,4,2,619822,56622,86950,39306,0.4484697756938284,0.40974480860645485
6617,0.711,12,38,12,619860,56584,86962,39294,0.4481687998986187,0.4098333298566929
6618,0.7111,1,4,1,619864,56580,86963,39293,0.448137118235965,0.40984427315302535
6619,0.7112,3,4,3,619868,56576,86966,39290,0.44810543657331137,0.4098429057225711
6620,0.7113,6,29,6,619897,56547,86972,39284,0.44787574451907236,0.4099299809038829
6621,0.7114,0,3,0,619900,56544,86972,39284,0.44785198327208214,0.40994281420879075
6622,0.7115,3,11,3,619911,56533,86975,39281,0.44776485869978455,0.4099714029265034
6623,0.7116,0,4,0,619915,56529,86975,39281,0.4477331770371309,0.40998851894374283
6624,0.7117,38,137,38,620052,56392,87013,39243,0.4466480800912432,0.4103414022063052
6625,0.7118,3,15,3,620067,56377,87016,39240,0.446529273856292,0.410387274229478
6626,0.7119,1,8,1,620075,56369,87017,39239,0.44646591053098467,0.41041544640615846
6627,0.712,13,36,13,620111,56333,87030,39226,0.4461807755671018,0.41048985443547964
6628,0.7121,2,10,2,620121,56323,87032,39224,0.44610157141046763,0.4105204768333909
6629,0.7122,3,13,3,620134,56310,87035,39221,0.4459986060068432,0.4105578293956935
6630,0.7123,7,18,7,620152,56292,87042,39214,0.4458560385249018,0.41059200469080476
6631,0.7124,4,8,4,620160,56284,87046,39210,0.4457926751995945,0.4106017131966406
6632,0.7125,62,127,62,620287,56157,87108,39148,0.4447867824103409,0.41076543728031056
6633,0.7126,2,3,2,620290,56154,87110,39146,0.44476302116335065,0.4107660020986359
6634,0.7127,6,33,6,620323,56121,87116,39140,0.444501647446458,0.4108711854798921
6635,0.7128,5,12,5,620335,56109,87121,39135,0.444406602458497,0.41089202469446895
6636,0.7129,1,8,1,620343,56101,87122,39134,0.4443432391331897,0.4109203549115346
6637,0.713,13,22,13,620365,56079,87135,39121,0.4441689899885946,0.41093487394957984
6638,0.7131,1,4,1,620369,56075,87136,39120,0.44413730832594095,0.4109459530437523
6639,0.7132,3,8,3,620377,56067,87139,39117,0.44407394500063363,0.41096192637418055
6640,0.7133,104,247,104,620624,55820,87243,39013,0.4421176023317704,0.4113863317621503
6641,0.7134,0,3,0,620627,55817,87243,39013,0.4420938410847801,0.4113993461984604
6642,0.7135,7,21,7,620648,55796,87250,39006,0.44192751235584843,0.4114470158857408
6643,0.7136,1,0,1,620648,55796,87251,39005,0.44192751235584843,0.4114408075864179
6644,0.7137,5,19,5,620667,55777,87256,39000,0.4417770244582436,0.411492239678403
6645,0.7138,3,25,3,620692,55752,87259,38997,0.4415790140666582,0.41158218028686316
6646,0.7139,0,1,0,620693,55751,87259,38997,0.4415710936509948,0.4115865242538101
6647,0.714,25,61,25,620754,55690,87284,38972,0.44108794829552656,0.41169635122858167
6648,0.7141,0,5,0,620759,55685,87284,38972,0.44104834621720945,0.4117180979747932
6649,0.7142,14,43,14,620802,55642,87298,38958,0.4407077683436827,0.4118181818181818
6650,0.7143,11,20,11,620822,55622,87309,38947,0.4405493600304144,0.411836859858939
6651,0.7144,2,1,2,620823,55621,87311,38945,0.440541439614751,0.4118287756699025
6652,0.7145,2,14,2,620837,55607,87313,38943,0.4404305537954632,0.41187731359069274
6653,0.7146,0,7,0,620844,55600,87313,38943,0.44037511088581927,0.4119078091450451
6654,0.7147,11,22,11,620866,55578,87324,38932,0.4402008617412242,0.41193524494762457
6655,0.7148,3,7,3,620873,55571,87327,38929,0.44014541883158026,0.41194708994708995
6656,0.7149,1,4,1,620877,55567,87328,38928,0.4401137371689266,0.4119583046722049
6657,0.715,238,449,238,621326,55118,87566,38690,0.4365574705360537,0.41243817158451307
6658,0.7151,2,2,2,621328,55116,87568,38688,0.43654162970472693,0.412434437763848
6659,0.7152,2,14,2,621342,55102,87570,38686,0.4364307438854391,0.41248347336546254
6660,0.7153,8,16,8,621358,55086,87578,38678,0.4363040172348245,0.41250373277590546
6661,0.7154,0,4,0,621362,55082,87578,38678,0.4362723355721708,0.41252133105802047
6662,0.7155,3,13,3,621375,55069,87581,38675,0.43616937016854646,0.41255973715651134
6663,0.7156,2,5,2,621380,55064,87583,38673,0.43612976809022935,0.4125692095970641
6664,0.7157,15,31,15,621411,55033,87598,38658,0.4358842352046635,0.4126116702778282
6665,0.7158,18,47,18,621458,54986,87616,38640,0.4355119756684831,0.4127058723004294
6666,0.7159,0,1,0,621459,54985,87616,38640,0.43550405525281966,0.4127102803738318
6667,0.716,19,52,19,621511,54933,87635,38621,0.43509219363832213,0.4128204031896017
6668,0.7161,1,2,1,621513,54931,87636,38620,0.4350763528069953,0.4128229521865079
6669,0.7162,2,7,2,621520,54924,87638,38618,0.4350209098973514,0.4128412905432854
6670,0.7163,4,14,4,621534,54910,87642,38614,0.4349100240780636,0.412877977845259
6671,0.7164,1,8,1,621542,54902,87643,38613,0.4348466607527563,0.41290702026412873
6672,0.7165,5,18,5,621560,54884,87648,38608,0.43470409327081483,0.41295511915458005
6673,0.7166,1,2,1,621562,54882,87649,38607,0.434688252439488,0.412957674164875
6674,0.7167,127,272,127,621834,54610,87776,38480,0.4325338993790394,0.41336341175206787
6675,0.7168,5,18,5,621852,54592,87781,38475,0.43239133189709794,0.41341184308079126
6676,0.7169,2,6,2,621858,54586,87783,38473,0.43234380940311745,0.4134258911013443
6677,0.717,7,34,7,621892,54552,87790,38466,0.4320745152705614,0.4135328646068503
6678,0.7171,2,11,2,621903,54541,87792,38464,0.43198739069826386,0.4135691629482286
6679,0.7172,3,12,3,621915,54529,87795,38461,0.4318923457103029,0.4136036132917518
6680,0.7173,7,17,7,621932,54512,87802,38454,0.43175769864402486,0.4136350923993718
6681,0.7174,2,8,2,621940,54504,87804,38452,0.43169433531871754,0.41365807478807176
6682,0.7175,64,116,64,622056,54388,87868,38388,0.4307755671017615,0.413770802793826
6683,0.7176,1,2,1,622058,54386,87869,38387,0.4307597262704347,0.4137734038998416
6684,0.7177,2,11,2,622069,54375,87871,38385,0.4306726016981371,0.4138098318240621
6685,0.7178,2,8,2,622077,54367,87873,38383,0.43060923837282983,0.41383288409703506
6686,0.7179,0,7,0,622084,54360,87873,38383,0.4305537954631859,0.4138641191248935
6687,0.718,18,43,18,622127,54317,87891,38365,0.4302132175896591,0.41394229731771004
6688,0.7181,5,5,5,622132,54312,87896,38360,0.43017361551134203,0.41393301104972374
6689,0.7182,6,15,6,622147,54297,87902,38354,0.43005480927639084,0.41396207272452534
6690,0.7183,58,114,58,622261,54183,87960,38296,0.42915188189076164,0.4141048237978352
6691,0.7184,2,1,2,622262,54182,87962,38294,0.4291439614750982,0.41409663047709677
6692,0.7185,6,34,6,622296,54148,87968,38288,0.42887466734254215,0.414210913496906
6693,0.7186,3,6,3,622302,54142,87971,38285,0.42882714484856166,0.4142187888820366
6694,0.7187,8,24,8,622326,54118,87979,38277,0.4286370548726397,0.414275664267547
6695,0.7188,5,9,5,622335,54109,87984,38272,0.428565771131669,0.4142843225338544
6696,0.7189,1,2,1,622337,54107,87985,38271,0.42854993030034216,0.41428695143865424
6697,0.719,15,26,15,622363,54081,88000,38256,0.4283439994930934,0.4143084570648819
6698,0.7191,1,4,1,622367,54077,88001,38255,0.4283123178304397,0.41432006238357233
6699,0.7192,13,48,13,622415,54029,88014,38242,0.42793213787859585,0.41445307843201007
6700,0.7193,11,34,11,622449,53995,88025,38231,0.4276628437460398,0.4145360310541496
6701,0.7194,2,2,2,622451,53993,88027,38229,0.42764700291471297,0.4145323241742751
6702,0.7195,2,16,2,622467,53977,88029,38227,0.42752027626409833,0.4145915578499848
6703,0.7196,0,13,0,622480,53964,88029,38227,0.42741731086047396,0.4146500200670347
6704,0.7197,2,13,2,622493,53951,88031,38225,0.4273143454568496,0.4146957993403923
6705,0.7198,4,16,4,622509,53935,88035,38221,0.42718761880623496,0.41474239333304397
6706,0.7199,0,3,0,622512,53932,88035,38221,0.4271638575592447,0.4147558950875175
6707,0.72,967,1750,967,624262,52182,89002,37254,0.4133031301482702,0.4165436736884476
6708,0.7201,0,6,0,624268,52176,89002,37254,0.4132556076542897,0.41657162026165717
6709,0.7202,4,22,4,624290,52154,89006,37250,0.4130813585096946,0.41664802469688156
6710,0.7203,6,19,6,624309,52135,89012,37244,0.4129308706120897,0.4166974345204131
6711,0.7204,4,10,4,624319,52125,89016,37240,0.41285166645545557,0.41671795445644266
6712,0.7205,4,10,4,624329,52115,89020,37236,0.4127724622988214,0.41673848082282233
6713,0.7206,2,4,2,624333,52111,89022,37234,0.41274078063616776,0.4167440819295987
6714,0.7207,3,30,3,624363,52081,89025,37231,0.41250316816626537,0.416864475098531
6715,0.7208,20,55,20,624418,52026,89045,37211,0.41206754530477757,0.41699071013144773
6716,0.7209,5,5,5,624423,52021,89050,37206,0.4120279432264605,0.4169814069732256
6717,0.721,9,34,9,624457,51987,89059,37197,0.41175864909390447,0.41708153928955866
6718,0.7211,2,3,2,624460,51984,89061,37195,0.4117348878469142,0.4170824970004149
6719,0.7212,2,13,2,624473,51971,89063,37193,0.41163192244328983,0.4171302319321699
6720,0.7213,8,23,8,624496,51948,89071,37185,0.4114497528830313,0.41718555417185554
6721,0.7214,1,5,1,624501,51943,89072,37184,0.4114101508047142,0.41720241902005006
6722,0.7215,3,7,3,624508,51936,89075,37181,0.41135470789507034,0.41721557054209635
6723,0.7216,2,2,2,624510,51934,89077,37179,0.4113388670637435,0.41721185461156063
6724,0.7217,58,113,58,624623,51821,89135,37121,0.4104438600937777,0.41736187627892335
6725,0.7218,2,8,2,624631,51813,89137,37119,0.4103804967684704,0.4173863176359466
6726,0.7219,4,3,4,624634,51810,89141,37115,0.41035673552148016,0.4173741917346078
6727,0.722,19,38,19,624672,51772,89160,37096,0.41005575972627045,0.4174280956024666
6728,0.7221,1,9,1,624681,51763,89161,37095,0.4099844759852997,0.41746381867699023
6729,0.7222,3,14,3,624695,51749,89164,37092,0.40987359016601194,0.41750993347666054
6730,0.7223,9,24,9,624719,51725,89173,37083,0.40968350019009,0.4175637329970273
6731,0.7224,1,5,1,624724,51720,89174,37082,0.40964389811177293,0.41758068511970453
6732,0.7225,66,97,66,624821,51623,89240,37016,0.40887561779242176,0.4176039892146798
6733,0.7226,4,9,4,624830,51614,89244,37012,0.408804334051451,0.41762011147970124
6734,0.7227,10,20,10,624850,51594,89254,37002,0.40864592573818276,0.4176486523093593
6735,0.7228,5,11,5,624861,51583,89259,36997,0.40855880116588517,0.4176676450666065
6736,0.7229,1,5,1,624866,51578,89260,36996,0.4085191990875681,0.417684647865062
6737,0.723,14,33,14,624899,51545,89274,36982,0.40825782537067545,0.41774825759372847
6738,0.7231,1,4,1,624903,51541,89275,36981,0.4082261437080218,0.41776055669777007
6739,0.7232,2,15,2,624918,51526,89277,36979,0.4081073374730706,0.4178182023614485
6740,0.7233,83,237,83,625155,51289,89360,36896,0.40623019896084145,0.41839315076260136
6741,0.7234,1,4,1,625159,51285,89361,36895,0.4061985172981878,0.4184055341347244
6742,0.7235,6,20,6,625179,51265,89367,36889,0.40604010898491955,0.41846087528643056
6743,0.7236,4,5,4,625184,51260,89371,36885,0.40600050690660244,0.41845822224743323
6744,0.7237,5,14,5,625198,51246,89376,36880,0.4058896210873147,0.418491705058666
6745,0.7238,8,26,8,625224,51220,89384,36872,0.4056836902800659,0.4185624120237933
6746,0.7239,2,6,2,625230,51214,89386,36870,0.4056361677860854,0.4185777212660642
6747,0.724,18,44,18,625274,51170,89404,36852,0.4052876694968952,0.41866806025766284
6748,0.7241,0,3,0,625277,51167,89404,36852,0.40526390824990494,0.41868232995148774
6749,0.7242,23,46,23,625323,51121,89427,36829,0.4048995691293879,0.4187492893689596
6750,0.7243,10,27,10,625350,51094,89437,36819,0.40468571790647573,0.4188117798277843
6751,0.7244,0,3,0,625353,51091,89437,36819,0.4046619566594855,0.41882607211921286
6752,0.7245,1,8,1,625361,51083,89438,36818,0.4045985933341782,0.4188575784120772
6753,0.7246,6,9,6,625370,51074,89444,36812,0.40452730959320743,0.41886079694149236
6754,0.7247,4,27,4,625397,51047,89448,36808,0.40431345837029525,0.41896306413977574
6755,0.7248,5,12,5,625409,51035,89453,36803,0.40421841338233433,0.4189872264851203
6756,0.7249,2,3,2,625412,51032,89455,36801,0.40419465213534406,0.4189883073560051
6757,0.725,181,421,181,625833,50611,89636,36620,0.4008601571410468,0.41980488587772696
6758,0.7251,0,3,0,625836,50608,89636,36620,0.4008363958940565,0.4198193240702527
6759,0.7252,4,21,4,625857,50587,89640,36616,0.4006700671651248,0.4198938109927411
6760,0.7253,10,21,10,625878,50566,89650,36606,0.40050373843619314,0.4199284173817281
6761,0.7254,0,6,0,625884,50560,89650,36606,0.40045621594221265,0.4199573228093523
6762,0.7255,1,18,1,625902,50542,89651,36605,0.4003136484602712,0.4200374080576497
6763,0.7256,2,0,2,625902,50542,89653,36603,0.4003136484602712,0.4200240977680877
6764,0.7257,8,15,8,625917,50527,89661,36595,0.40019484222532,0.4200431578705723
6765,0.7258,17,40,17,625957,50487,89678,36578,0.39987802559878344,0.42012289668638375
6766,0.7259,0,4,0,625961,50483,89678,36578,0.3998463439361298,0.420142199147724
6767,0.726,24,51,24,626012,50432,89702,36554,0.39944240273729564,0.4202285425240843
6768,0.7261,2,2,2,626014,50430,89704,36552,0.3994265619059688,0.4202248741118852
6769,0.7262,6,7,6,626021,50423,89710,36546,0.39937111899632494,0.4202186986167485
6770,0.7263,6,12,6,626033,50411,89716,36540,0.39927607400836396,0.42023668502949935
6771,0.7264,1,10,1,626043,50401,89717,36539,0.3991968698517298,0.4202783528870485
6772,0.7265,5,15,5,626058,50386,89722,36534,0.3990780636167786,0.4203175333640129
6773,0.7266,3,7,3,626065,50379,89725,36531,0.39902262070713473,0.42033137728684844
6774,0.7267,114,245,114,626310,50134,89839,36417,0.39708211886959827,0.4207577035505078
6775,0.7268,8,8,8,626318,50126,89847,36409,0.39701875554429095,0.4207430519443
6776,0.7269,3,3,3,626321,50123,89850,36406,0.39699499429730073,0.4207375561950329
6777,0.727,9,21,9,626342,50102,89859,36397,0.39682866556836904,0.42077943097608067
6778,0.7271,5,8,5,626350,50094,89864,36392,0.3967653022430617,0.4207848669148764
6779,0.7272,7,10,7,626360,50084,89871,36385,0.3966860980864276,0.42078664029883545
6780,0.7273,11,18,11,626378,50066,89882,36374,0.3965435306044861,0.42080055529847293
6781,0.7274,1,1,1,626379,50065,89883,36373,0.3965356101888227,0.42079872278396074
6782,0.7275,54,142,54,626521,49923,89937,36319,0.3954109111646179,0.4211289163052805
6783,0.7276,1,1,1,626522,49922,89938,36318,0.3954029907489545,0.42112708719851577
6784,0.7277,7,40,7,626562,49882,89945,36311,0.3950861741224179,0.4212755096121495
6785,0.7278,2,16,2,626578,49866,89947,36309,0.39495944747180334,0.4213402959094865
6786,0.7279,1,5,1,626583,49861,89948,36308,0.39491984539348624,0.4213580289895438
6787,0.728,17,42,17,626625,49819,89965,36291,0.39458718793562286,0.4214493090233422
6788,0.7281,2,3,2,626628,49816,89967,36289,0.39456342668863265,0.4214505545554846
6789,0.7282,8,8,8,626636,49808,89975,36281,0.3945000633633253,0.4214359558131701
6790,0.7283,61,119,61,626755,49689,90036,36220,0.39355753389937903,0.42160891175546217
6791,0.7284,0,1,0,626756,49688,90036,36220,0.39354961348371564,0.42161381943474413
6792,0.7285,8,19,8,626775,49669,90044,36212,0.39339912558611073,0.42165321782466436
6793,0.7286,3,12,3,626787,49657,90047,36209,0.3933040805981498,0.42169193860200777
6794,0.7287,6,12,6,626799,49645,90053,36203,0.39320903561018883,0.421710465007921
6795,0.7288,3,9,3,626808,49636,90056,36200,0.3931377518692181,0.4217344703853861
6796,0.7289,0,7,0,626815,49629,90056,36200,0.3930823089595742,0.421768866001002
6797,0.729,9,37,9,626852,49592,90065,36191,0.39278925358002786,0.4218901180886656
6798,0.7291,2,4,2,626856,49588,90067,36189,0.3927575719173742,0.42189631253133125
6799,0.7292,19,53,19,626909,49535,90086,36170,0.3923377898872133,0.4220290531474243
6800,0.7293,6,21,6,626930,49514,90092,36164,0.3921714611582816,0.42209201895469084
6801,0.7294,0,4,0,626934,49510,90092,36164,0.39213977949562795,0.42211172584448026
6802,0.7295,5,16,5,626950,49494,90097,36159,0.3920130528450133,0.4221568421421316
6803,0.7296,1,7,1,626957,49487,90098,36158,0.39195760993536943,0.42218459921770096
6804,0.7297,4,16,4,626973,49471,90102,36154,0.3918308832847548,0.422236496350365
6805,0.7298,6,17,6,626990,49454,90108,36148,0.39169623621847677,0.4222798532744562
6806,0.7299,5,2,5,626992,49452,90113,36143,0.39168039538714994,0.42225597289561306
6807,0.73,947,1779,947,628771,47673,91060,35196,0.3775899759219364,0.4247185316584006
6808,0.7301,2,4,2,628775,47669,91062,35194,0.3775582942592827,0.42472514873948564
6809,0.7302,1,16,1,628791,47653,91063,35193,0.3774315676086681,0.424800231755305
6810,0.7303,1,14,1,628805,47639,91064,35192,0.37732068178938033,0.42486508674288614
6811,0.7304,0,4,0,628809,47635,91064,35192,0.37728900012672667,0.42488560493558863
6812,0.7305,7,16,7,628825,47619,91071,35185,0.37716227347611203,0.4249190860344911
6813,0.7306,2,1,2,628826,47618,91073,35183,0.3771543530604486,0.4249103271699617
6814,0.7307,8,24,8,628850,47594,91081,35175,0.3769642630845267,0.42497795068201866
6815,0.7308,14,41,14,628891,47553,91095,35161,0.3766395260423267,0.42509127838092703
6816,0.7309,1,1,1,628892,47552,91096,35160,0.3766316056266633,0.42508946706644746
6817,0.731,12,27,12,628919,47525,91108,35148,0.3764177544037511,0.42514484777375927
6818,0.7311,1,3,1,628922,47522,91109,35147,0.37639399315676086,0.4251533222852581
6819,0.7312,3,19,3,628941,47503,91112,35144,0.376243505259156,0.42523019589337785
6820,0.7313,3,16,3,628957,47487,91115,35141,0.37611677860854137,0.4252916686837392
6821,0.7314,3,7,3,628964,47480,91118,35138,0.3760613356988975,0.4253068338618703
6822,0.7315,7,16,7,628980,47464,91125,35131,0.37593460904828285,0.4253405169804468
6823,0.7316,0,5,0,628985,47459,91125,35131,0.3758950069699658,0.42536626710255476
6824,0.7317,46,106,46,629091,47353,91171,35085,0.3750554429096439,0.42559256653485045
6825,0.7318,2,15,2,629106,47338,91173,35083,0.3749366366746927,0.42565608279443345
6826,0.7319,2,6,2,629112,47332,91175,35081,0.3748891141807122,0.42567313409292223
6827,0.732,17,43,17,629155,47289,91192,35064,0.3745485363071854,0.4257768387308295
6828,0.7321,2,8,2,629163,47281,91194,35062,0.3744851729818781,0.42580425779969155
6829,0.7322,5,19,5,629182,47262,91199,35057,0.3743346850842732,0.42586766117178293
6830,0.7323,8,20,8,629202,47242,91207,35049,0.37417627677100496,0.425915349187639
6831,0.7325,68,112,68,629314,47130,91275,34981,0.3732891902167026,0.42602087418250906
6832,0.7326,2,3,2,629317,47127,91277,34979,0.3732654289697123,0.42602245877280587
6833,0.7327,5,17,5,629334,47110,91282,34974,0.3731307819034343,0.42607572730373766
6834,0.7328,0,14,0,629348,47096,91282,34974,0.3730198960841465,0.42614840989399294
6835,0.7329,5,5,5,629353,47091,91287,34969,0.37298029400582944,0.42613941018766754
6836,0.733,7,19,7,629372,47072,91294,34962,0.3728298061082246,0.4261891410878416
6837,0.7331,0,1,0,629373,47071,91294,34962,0.37282188569256114,0.42619433642558485
6838,0.7332,7,19,7,629392,47052,91301,34955,0.3726713977949563,0.4262441011133196
6839,0.7333,102,206,102,629598,46846,91403,34853,0.37103979216829297,0.4266025287947221
6840,0.7334,1,8,1,629606,46838,91404,34852,0.3709764288429857,0.42663728730566775
6841,0.7335,5,9,5,629615,46829,91409,34847,0.37090514510201494,0.42664919927518485
6842,0.7336,0,12,0,629627,46817,91409,34847,0.37081010011405396,0.42671189263322884
6843,0.7337,2,13,2,629640,46804,91411,34845,0.3707071347104296,0.42676579015052235
6844,0.7338,4,15,4,629655,46789,91415,34841,0.3705883284754784,0.42681612152394954
6845,0.7339,1,5,1,629660,46784,91416,34840,0.3705487263971613,0.4268352445359208
6846,0.734,18,42,18,629702,46742,91434,34822,0.3702160689392979,0.42692854690794957
6847,0.7341,0,10,0,629712,46732,91434,34822,0.3701368647826638,0.42698089609338596
6848,0.7342,15,48,15,629760,46684,91449,34807,0.3697566848308199,0.4271269219913856
6849,0.7343,11,22,11,629782,46662,91460,34796,0.3695824356862248,0.4271649193449385
6850,0.7344,1,6,1,629788,46656,91461,34795,0.36953491319224435,0.4271893531080036
6851,0.7345,4,18,4,629806,46638,91465,34791,0.3693923457103029,0.42725564602291566
6852,0.7346,2,5,2,629811,46633,91467,34789,0.3693527436319858,0.42726781459556384
6853,0.7347,5,14,5,629825,46619,91472,34784,0.369241857812698,0.4273061189391054
6854,0.7348,6,11,6,629836,46608,91478,34778,0.36915473324040043,0.42732165237264397
6855,0.735,201,409,201,630245,46199,91679,34577,0.36591528323406414,0.42806031494503316
6856,0.7351,1,1,1,630246,46198,91680,34576,0.3659073628184007,0.4280585336865823
6857,0.7352,6,16,6,630262,46182,91686,34570,0.3657806361677861,0.42810085199128195
6858,0.7353,8,21,8,630283,46161,91694,34562,0.36561430743885437,0.42815554426867186
6859,0.7354,2,3,2,630286,46158,91696,34560,0.36559054619186415,0.42815728833717387
6860,0.7355,3,11,3,630297,46147,91699,34557,0.3655034216195666,0.42819438937351306
6861,0.7356,2,2,2,630299,46145,91701,34555,0.3654875807882398,0.4281908302354399
6862,0.7357,8,13,8,630312,46132,91709,34547,0.36538461538461536,0.4282031259683437
6863,0.7358,17,39,17,630351,46093,91726,34530,0.36507571917374226,0.4282896940079134
6864,0.7359,2,2,2,630353,46091,91728,34528,0.36505987834241543,0.4282861360225257
6865,0.736,19,53,19,630406,46038,91747,34509,0.36464009631225447,0.42843308875563335
6866,0.7361,0,3,0,630409,46035,91747,34509,0.36461633506526425,0.4284490464839094
6867,0.7362,2,11,2,630420,46024,91749,34507,0.36452921049296666,0.42849337522196423
6868,0.7363,9,12,9,630432,46012,91758,34498,0.3644341655050057,0.42849335486275
6869,0.7364,2,11,2,630443,46001,91760,34496,0.36434704093270814,0.42853770947985637
6870,0.7365,2,15,2,630458,45986,91762,34494,0.36422823469775695,0.42860337972166995
6871,0.7366,0,1,0,630459,45985,91762,34494,0.3642203142820935,0.4286087053765579
6872,0.7367,100,196,100,630655,45789,91862,34394,0.3626679128120644,0.4289437910779093
6873,0.7368,7,7,7,630662,45782,91869,34387,0.36261246990242046,0.42893138245456475
6874,0.7369,0,3,0,630665,45779,91869,34387,0.36258870865543025,0.42894743407429586
6875,0.737,3,20,3,630685,45759,91872,34384,0.36243030034216195,0.42903310332780153
6876,0.7371,2,7,2,630692,45752,91874,34382,0.36237485743251807,0.42905633064616766
6877,0.7372,2,11,2,630703,45741,91876,34380,0.3622877328602205,0.42910098476054964
6878,0.7373,4,18,4,630721,45723,91880,34376,0.36214516537827907,0.4291689034819411
6879,0.7374,1,5,1,630726,45718,91881,34375,0.36210556329996196,0.42918856828936364
6880,0.7375,51,103,51,630829,45615,91932,34324,0.36128976048663036,0.4293774002677041
6881,0.7376,1,8,1,630837,45607,91933,34323,0.36122639716132304,0.42941323658200925
6882,0.7377,5,18,5,630855,45589,91938,34318,0.3610838296793816,0.42947426383170434
6883,0.7378,1,9,1,630864,45580,91939,34317,0.36101254593841087,0.4295155012078051
6884,0.7379,1,7,1,630871,45573,91940,34316,0.36095710302876693,0.42954599506815705
6885,0.738,20,30,20,630901,45543,91960,34296,0.36071949055886454,0.4295644985533386
6886,0.7381,4,6,4,630907,45537,91964,34292,0.36067196806488405,0.42956820203184304
6887,0.7382,6,10,6,630917,45527,91970,34286,0.3605927639082499,0.4295791412426547
6888,0.7383,48,109,48,631026,45418,92018,34238,0.35972943860093776,0.42982323993170635
6889,0.7384,0,6,0,631032,45412,92018,34238,0.35968191610695727,0.4298556183301946
6890,0.7385,7,15,7,631047,45397,92025,34231,0.35956310987200607,0.4298864720952429
6891,0.7386,4,2,4,631049,45395,92029,34227,0.35954726904067924,0.4298686292733164
6892,0.7387,3,8,3,631057,45387,92032,34224,0.3594839057153719,0.42989034178693897
6893,0.7388,2,4,2,631061,45383,92034,34222,0.35945222405271826,0.4298976194962628
6894,0.7389,2,7,2,631068,45376,92036,34220,0.3593967811430744,0.4299211015628926
6895,0.739,15,41,15,631109,45335,92051,34205,0.3590720441008744,0.4300352024138798
6896,0.7391,3,1,3,631110,45334,92054,34202,0.359064123685211,0.43001911084288874
6897,0.7392,10,50,10,631160,45284,92064,34192,0.3586681029020403,0.43021792742463133
6898,0.7393,4,19,4,631179,45265,92068,34188,0.3585176150044354,0.4302921223868199
6899,0.7394,1,4,1,631183,45261,92069,34187,0.3584859333417818,0.430306615647971
6900,0.7395,3,7,3,631190,45254,92072,34184,0.35843049043213787,0.4303230192099499
6901,0.7396,2,1,2,631191,45253,92074,34182,0.3584225700164745,0.430314093283817
6902,0.7397,4,5,4,631196,45248,92078,34178,0.3583829679381574,0.4303124921310402
6903,0.7398,6,9,6,631205,45239,92084,34172,0.3583116841971867,0.43031821787913516
6904,0.7399,1,4,1,631209,45235,92085,34171,0.358280002534533,0.43033272044933635
6905,0.74,970,1619,970,632828,43616,93055,33201,0.34545684957546574,0.4322090162333858
6906,0.7401,4,7,4,632835,43609,93059,33197,0.3454014066658218,0.43221883707002057
6907,0.7402,5,17,5,632852,43592,93064,33192,0.3452667595995438,0.4322775578245468
6908,0.7403,3,14,3,632866,43578,93067,33189,0.345155873780256,0.4323342061041854
6909,0.7404,0,8,0,632874,43570,93067,33189,0.34509251045494865,0.43237926497218565
6910,0.7405,8,15,8,632889,43555,93075,33181,0.34497370421999746,0.43240460800667224
6911,0.7406,1,2,1,632891,43553,93076,33180,0.3449578633886706,0.4324084813574342
6912,0.7407,7,34,7,632925,43519,93083,33173,0.3446885692561146,0.43254837531945967
6913,0.7408,16,42,16,632967,43477,93099,33157,0.34435591179825115,0.4326669624448678
6914,0.7409,2,2,2,632969,43475,93101,33155,0.3443400709669243,0.4326634477358737
6915,0.741,12,30,12,632999,43445,93113,33143,0.3441024584970219,0.4327440330077819
6916,0.7411,2,4,2,633003,43441,93115,33141,0.34407077683436826,0.43275182157687186
6917,0.7412,2,10,2,633013,43431,93117,33139,0.3439915726777341,0.43279352226720647
6918,0.7413,4,14,4,633027,43417,93121,33135,0.3438806868584463,0.43284303479987457
6919,0.7414,2,7,2,633034,43410,93123,33133,0.34382524394880243,0.4328677997988059
6920,0.7415,10,21,10,633055,43389,93133,33123,0.34365891521987074,0.4329124843161857
6921,0.7416,0,5,0,633060,43384,93133,33123,0.3436193131415537,0.43294077666095915
6922,0.7417,47,92,47,633152,43292,93180,33076,0.3428906349005196,0.4331133459040436
6923,0.7418,3,11,3,633163,43281,93183,33073,0.34280351032822204,0.43315346936637245
6924,0.7419,4,0,4,633163,43281,93187,33069,0.34280351032822204,0.4331237721021611
6925,0.742,4,34,4,633197,43247,93191,33065,0.34253421619566593,0.43328703218366704
6926,0.7421,1,3,1,633200,43244,93192,33064,0.3425104549486757,0.4332966399329035
6927,0.7422,2,10,2,633210,43234,93194,33062,0.34243125079204156,0.4333385760721401
6928,0.7423,8,12,8,633222,43222,93202,33054,0.3423362058040806,0.43334731763595363
6929,0.7424,0,3,0,633225,43219,93202,33054,0.34231244455709037,0.4333643622251649
6930,0.7425,60,112,60,633337,43107,93262,32994,0.341425358002788,0.4335554066306619
6931,0.7426,2,4,2,633341,43103,93264,32992,0.34139367634013434,0.4335633090216177
6932,0.7427,7,16,7,633357,43087,93271,32985,0.3412669496895197,0.4336023766957619
6933,0.7428,2,8,2,633365,43079,93273,32983,0.3412035863642124,0.4336330887959822
6934,0.7429,0,2,0,633367,43077,93273,32983,0.34118774553288556,0.4336444911911649
6935,0.743,9,23,9,633390,43054,93282,32974,0.34100557597262704,0.4337086336612827
6936,0.7431,0,4,0,633394,43050,93282,32974,0.3409738943099734,0.43373145322529727
6937,0.7432,9,21,9,633415,43029,93291,32965,0.3408075655810417,0.4337842461246941
6938,0.7433,109,205,109,633620,42824,93400,32856,0.3391838803700418,0.43414376321353065
6939,0.7434,0,5,0,633625,42819,93400,32856,0.3391442782917248,0.4341724479682854
6940,0.7435,3,12,3,633637,42807,93403,32853,0.3390492333037638,0.43421887390959557
6941,0.7436,0,4,0,633641,42803,93403,32853,0.33901755164111014,0.434241831447605
6942,0.7437,3,13,3,633654,42790,93406,32850,0.33891458623748577,0.4342940243257536
6943,0.7438,7,8,7,633662,42782,93413,32843,0.33885122291217845,0.43428760330578514
6944,0.7439,0,3,0,633665,42779,93413,32843,0.3388274616651882,0.43430483192721697
6945,0.744,12,49,12,633714,42730,93425,32831,0.33843936129768093,0.43449663186035126
6946,0.7441,0,1,0,633715,42729,93425,32831,0.3384314408820175,0.434502382212811
6947,0.7442,18,51,18,633766,42678,93443,32813,0.33802749968318335,0.43466108542740195
6948,0.7443,4,35,4,633801,42643,93447,32809,0.33775028513496386,0.43483274134549116
6949,0.7444,1,8,1,633809,42635,93448,32808,0.3376869218096566,0.4348713598345771
6950,0.7445,1,12,1,633821,42623,93449,32807,0.3375918768216956,0.434933050510407
6951,0.7446,1,2,1,633823,42621,93450,32806,0.3375760359903688,0.4349370914924364
6952,0.7447,8,14,8,633837,42607,93458,32798,0.337465150171081,0.4349578940388568
6953,0.7448,2,14,2,633851,42593,93460,32796,0.33735426435179316,0.43502367719428564
6954,0.7449,1,2,1,633853,42591,93461,32795,0.33733842352046634,0.43502772398057993
6955,0.745,201,356,201,634209,42235,93662,32594,0.33451875554429095,0.43557978858463964
6956,0.7451,0,2,0,634211,42233,93662,32594,0.3345029147129641,0.43559143090061075
6957,0.7452,8,15,8,634226,42218,93670,32586,0.3343841084780129,0.4356184161274798
6958,0.7453,3,14,3,634240,42204,93673,32583,0.3342732226587251,0.4356773235990212
6959,0.7454,1,3,1,634243,42201,93674,32582,0.3342494614117349,0.4356872551248278
6960,0.7455,7,14,7,634257,42187,93681,32575,0.3341385755924471,0.43571600545731787
6961,0.7456,2,1,2,634258,42186,93683,32573,0.3341306551767837,0.43570673765031637
6962,0.7457,9,14,9,634272,42172,93692,32564,0.3340197693574959,0.43572040248340826
6963,0.7458,20,36,20,634308,42136,93712,32544,0.33373463439361295,0.4357793251205142
6964,0.7459,0,2,0,634310,42134,93712,32544,0.3337187935622862,0.43579099600953425
6965,0.746,16,49,16,634359,42085,93728,32528,0.33333069319477887,0.435956200662083
6966,0.7461,1,4,1,634363,42081,93729,32527,0.3332990115321252,0.4359720137250697
6967,0.7462,5,16,5,634379,42065,93734,32522,0.33317228488151057,0.4360277260112352
6968,0.7463,3,14,3,634393,42051,93737,32519,0.33306139906222276,0.4360868982164409
6969,0.7464,1,2,1,634395,42049,93738,32518,0.33304555823089593,0.4360910322260517
6970,0.7465,6,13,6,634408,42036,93744,32512,0.33294259282727157,0.43612169340559104
6971,0.7466,1,8,1,634416,42028,93745,32511,0.33287922950196425,0.4361609358859121
6972,0.7467,103,192,103,634608,41836,93848,32408,0.3313585096945888,0.43650665373632885
6973,0.7468,1,9,1,634617,41827,93849,32407,0.33128722595361804,0.43655198426596975
6974,0.7469,1,3,1,634620,41824,93850,32406,0.3312634647066278,0.4365620369122996
6975,0.747,5,21,5,634641,41803,93855,32401,0.33109713597769613,0.4366476200743895
6976,0.7471,1,1,1,634642,41802,93856,32400,0.3310892155620327,0.4366459125090968
6977,0.7472,9,7,9,634649,41795,93865,32391,0.3310337726523888,0.4366187690399806
6978,0.7473,7,18,7,634667,41777,93872,32384,0.33089120517044734,0.4366715659173959
6979,0.7474,4,5,4,634672,41772,93876,32380,0.3308516030921303,0.4366706225051246
6980,0.7475,38,78,38,634750,41694,93914,32342,0.330233810670384,0.4368415365497866
6981,0.7476,1,2,1,634752,41692,93915,32341,0.33021796983905716,0.4368457309578161
6982,0.7477,5,18,5,634770,41674,93920,32336,0.3300754023571157,0.43691393054992567
6983,0.7478,6,16,6,634786,41658,93926,32330,0.3299486757065011,0.4369627507163324
6984,0.7479,3,6,3,634792,41652,93929,32327,0.3299011532125206,0.4369753578718285
6985,0.748,14,32,14,634824,41620,93943,32313,0.32964769991129134,0.4370578767262251
6986,0.7481,2,3,2,634827,41617,93945,32311,0.3296239386643011,0.4370603830754247
6987,0.7482,1,9,1,634836,41608,93946,32310,0.32955265492333036,0.43710598230471603
6988,0.7483,44,103,44,634939,41505,93990,32266,0.32873685210999876,0.4373805424895962
6989,0.7484,0,2,0,634941,41503,93990,32266,0.3287210112786719,0.43739240060187884
6990,0.7485,5,14,5,634955,41489,93995,32261,0.3286101254593841,0.43743728813559324
6991,0.7486,1,4,1,634959,41485,93996,32260,0.32857844379673046,0.4374533866702827
6992,0.7487,9,20,9,634979,41465,94005,32251,0.32842003548346216,0.4375033913939986
6993,0.7488,9,16,9,634995,41449,94014,32242,0.3282933088328476,0.43752968476476095
6994,0.7489,2,4,2,634999,41445,94016,32240,0.3282616271701939,0.43753816923390104
6995,0.749,9,29,9,635028,41416,94025,32231,0.3280319351159549,0.4376417233560091
6996,0.7491,1,1,1,635029,41415,94026,32230,0.32802401470029147,0.43764002987303957
6997,0.7492,20,54,20,635083,41361,94046,32210,0.3275963122544671,0.43780837558277036
6998,0.7493,8,13,8,635096,41348,94054,32202,0.32749334685084275,0.43782460910944937
6999,0.7494,1,2,1,635098,41346,94055,32201,0.3274775060195159,0.4378288713339769
7000,0.7495,2,4,2,635102,41342,94057,32199,0.32744582435686226,0.43783739682626016
7001,0.7496,0,8,0,635110,41334,94057,32199,0.32738246103155494,0.43788503121047695
7002,0.7497,3,15,3,635125,41319,94060,32196,0.32726365479660374,0.43795143848194246
7003,0.7498,8,17,8,635142,41302,94068,32188,0.32712900773032566,0.4379915634780242
7004,0.75,1032,1546,1032,636688,39756,95100,31156,0.3148840451146876,0.43936146209386284
7005,0.7501,1,2,1,636690,39754,95101,31155,0.31486820428336076,0.4393659479050614
7006,0.7502,5,8,5,636698,39746,95106,31150,0.3148048409580535,0.43937598736176936
7007,0.7503,3,5,3,636703,39741,95109,31147,0.3147652388797364,0.4393832524545762
7008,0.7505,2,11,2,636714,39730,95111,31145,0.31467811430743886,0.43943562610229275
7009,0.7506,1,4,1,636718,39726,95112,31144,0.3146464326447852,0.43945251869620433
7010,0.7507,13,19,13,636737,39707,95125,31131,0.31449594474718034,0.4394675174341455
7011,0.7508,15,31,15,636768,39676,95140,31116,0.3142504118616145,0.439541191095039
7012,0.7509,2,2,2,636770,39674,95142,31114,0.3142345710302877,0.4395377747640843
7013,0.751,13,31,13,636801,39643,95155,31101,0.31398903814472184,0.43962738889517133
7014,0.7511,2,2,2,636803,39641,95157,31099,0.313973197313395,0.43962397512015833
7015,0.7512,3,9,3,636812,39632,95160,31096,0.3139019135724243,0.4396561474946273
7016,0.7513,4,14,4,636826,39618,95164,31092,0.3137910277531365,0.43971149766652523
7017,0.7514,0,2,0,636828,39616,95164,31092,0.31377518692180967,0.43972393505685353
7018,0.7515,11,14,11,636842,39602,95175,31081,0.31366430110252186,0.4397238374149371
7019,0.7516,1,7,1,636849,39595,95176,31080,0.313608858192878,0.4397594623275557
7020,0.7517,45,94,45,636943,39501,95221,31035,0.31286433912051703,0.4399880911874787
7021,0.7518,7,21,7,636964,39480,95228,31028,0.31269801039158535,0.4400635388892041
7022,0.7519,1,0,1,636964,39480,95229,31027,0.31269801039158535,0.4400555973165785
7023,0.752,16,37,16,637001,39443,95245,31011,0.312404955012039,0.44015953671899394
7024,0.7521,1,4,1,637005,39439,95246,31010,0.31237327334938536,0.44017658164061946
7025,0.7522,4,16,4,637021,39423,95250,31006,0.3122465466987708,0.44024478552868845
7026,0.7523,8,23,8,637044,39400,95258,30998,0.3120643771385122,0.4403250092332169
7027,0.7524,2,10,2,637054,39390,95260,30996,0.3119851729818781,0.44037166481970846
7028,0.7525,47,95,47,637149,39295,95307,30949,0.3112327334938538,0.44059279084334607
7029,0.7526,4,4,4,637153,39291,95311,30945,0.3112010518312001,0.4405860242610627
7030,0.7527,5,17,5,637170,39274,95316,30940,0.3110664047649221,0.4406528612527416
7031,0.7528,2,11,2,637181,39263,95318,30938,0.3109792801926245,0.4407059728493896
7032,0.7529,4,8,4,637189,39255,95322,30934,0.3109159168673172,0.44072433002322303
7033,0.753,9,26,9,637215,39229,95331,30925,0.31070998606006844,0.44081591926333497
7034,0.7531,1,1,1,637216,39228,95332,30924,0.310702065644405,0.44081423195347247
7035,0.7532,4,8,4,637224,39220,95336,30920,0.3106387023190977,0.44083262047333904
7036,0.7533,104,173,104,637397,39047,95440,30816,0.3092684704093271,0.44109185119448063
7037,0.7534,1,4,1,637401,39043,95441,30815,0.30923678874667343,0.4411091070457213
7038,0.7535,3,23,3,637424,39020,95444,30812,0.3090546191864149,0.4412303814869974
7039,0.7536,1,4,1,637428,39016,95445,30811,0.30902293752376125,0.4412476549185845
7040,0.7537,4,14,4,637442,39002,95449,30807,0.30891205170447344,0.44130412983999195
7041,0.7538,1,10,1,637452,38992,95450,30806,0.3088328475478393,0.44135935127081005
7042,0.7539,4,7,4,637459,38985,95454,30802,0.3087774046381954,0.4413716021608609
7043,0.754,18,42,18,637501,38943,95472,30784,0.30844474718033205,0.44149325225522396
7044,0.7541,1,1,1,637502,38942,95473,30783,0.3084368267646686,0.44149157404087486
7045,0.7542,8,30,8,637532,38912,95481,30775,0.3081992142947662,0.4416175183319701
7046,0.7543,2,15,2,637547,38897,95483,30773,0.30808040805981496,0.44169656954212716
7047,0.7544,2,5,2,637552,38892,95485,30771,0.3080408059814979,0.4417122432281125
7048,0.7545,2,14,2,637566,38878,95487,30769,0.3079299201622101,0.44178500150760264
7049,0.7546,1,1,1,637567,38877,95488,30768,0.3079219997465467,0.4417833297437002
7050,0.7547,4,16,4,637583,38861,95492,30764,0.3077952730959321,0.4418527827648115
7051,0.7548,3,10,3,637593,38851,95495,30761,0.3077160689392979,0.4418922024938229
7052,0.7549,1,6,1,637599,38845,95496,30760,0.30766854644531744,0.4419222756985849
7053,0.755,227,357,227,637956,38488,95723,30533,0.30484095805347866,0.442372611234262
7054,0.7551,0,2,0,637958,38486,95723,30533,0.30482511722215183,0.44238543009895825
7055,0.7552,2,9,2,637967,38477,95725,30531,0.30475383348118107,0.4424269649895664
7056,0.7553,2,10,2,637977,38467,95727,30529,0.304674629324547,0.44247492608267147
7057,0.7554,2,7,2,637984,38460,95729,30527,0.30461918641490304,0.4425036601098758
7058,0.7555,4,14,4,637998,38446,95733,30523,0.30450830059561523,0.44256115066189156
7059,0.7556,0,2,0,638000,38444,95733,30523,0.3044924597642884,0.44257398465932984
7060,0.7557,4,24,4,638024,38420,95737,30519,0.3043023697883665,0.4426957165029954
7061,0.7558,14,36,14,638060,38384,95751,30505,0.30401723482448356,0.4428138019132227
7062,0.7559,0,1,0,638061,38383,95751,30505,0.3040093144088202,0.4428202299384508
7063,0.756,24,42,24,638103,38341,95775,30481,0.3036766569509568,0.44289616692336753
7064,0.7561,0,2,0,638105,38339,95775,30481,0.30366081611963,0.4429090380703284
7065,0.7562,0,15,0,638120,38324,95775,30481,0.3035420098846787,0.44300559552358115
7066,0.7563,5,13,5,638133,38311,95780,30476,0.30343904448105435,0.4430488319013767
7067,0.7564,1,2,1,638135,38309,95781,30475,0.3034232036497275,0.44305361712026053
7068,0.7565,9,8,9,638143,38301,95790,30466,0.3033598403244202,0.4430322683845449
7069,0.7566,0,2,0,638145,38299,95790,30466,0.3033439994930934,0.44304515378462883
7070,0.7567,112,167,112,638312,38132,95902,30354,0.3020212900773033,0.44321467161171624
7071,0.7568,2,13,2,638325,38119,95904,30352,0.30191832467367885,0.4432825575791211
7072,0.7569,1,5,1,638330,38114,95905,30351,0.3018787225953618,0.44330679909442783
7073,0.757,12,24,12,638354,38090,95917,30339,0.30168863261943984,0.44336465533618785
7074,0.7571,1,5,1,638359,38085,95918,30338,0.3016490305411228,0.44338891893076887
7075,0.7572,3,16,3,638375,38069,95921,30335,0.30152230389050816,0.4434682182328519
7076,0.7573,7,20,7,638395,38049,95928,30328,0.3013638955772399,0.4435409567544642
7077,0.7574,0,1,0,638396,38048,95928,30328,0.3013559751615765,0.4435474435474435
7078,0.7575,57,97,57,638493,37951,95985,30271,0.3005876948422253,0.4437131717041424
7079,0.7576,1,3,1,638496,37948,95986,30270,0.3005639335952351,0.44372453018264973
7080,0.7577,4,22,4,638518,37926,95990,30266,0.30038968445063996,0.4438350539652745
7081,0.7578,4,12,4,638530,37914,95994,30262,0.300294639462679,0.44388054447312836
7082,0.7579,1,4,1,638534,37910,95995,30261,0.3002629578000253,0.44389843188452566
7083,0.758,13,30,13,638564,37880,96008,30248,0.30002534533012293,0.4439877876937529
7084,0.7581,3,5,3,638569,37875,96011,30245,0.2999857432518059,0.44399588960657665
7085,0.7582,4,13,4,638582,37862,96015,30241,0.29988277784818146,0.44404798613864294
7086,0.7583,44,81,44,638663,37781,96059,30197,0.29924122417944493,0.44421724675630353
7087,0.7584,2,6,2,638669,37775,96061,30195,0.29919370168546444,0.44424010592908636
7088,0.7585,2,11,2,638680,37764,96063,30193,0.2991065771131669,0.4442956575481555
7089,0.7586,2,3,2,638683,37761,96065,30191,0.29908281586617663,0.4442989168825053
7090,0.7587,3,19,3,638702,37742,96068,30188,0.2989323279685718,0.4443986456646548
7091,0.7588,4,6,4,638708,37736,96072,30184,0.2988848054745913,0.44440518256772676
7092,0.7589,2,4,2,638712,37732,96074,30182,0.2988531238119376,0.4444149954354036
7093,0.759,7,30,7,638742,37702,96081,30175,0.29861551134203523,0.4445541199522666
7094,0.7591,2,3,2,638745,37699,96083,30173,0.29859175009504496,0.4445574021687883
7095,0.7592,22,47,22,638792,37652,96105,30151,0.29821949055886454,0.44468533840685515
7096,0.7593,8,18,8,638810,37634,96113,30143,0.2980769230769231,0.44473789043480827
7097,0.7594,2,3,2,638813,37631,96115,30141,0.29805316182993286,0.444741191052352
7098,0.7595,2,8,2,638821,37623,96117,30139,0.29798979850462554,0.44477730881615063
7099,0.7596,2,5,2,638826,37618,96119,30137,0.29795019642630843,0.4447937421592502
7100,0.7597,2,14,2,638840,37604,96121,30135,0.2978393106070207,0.444869277668699
7101,0.7598,1,11,1,638851,37593,96122,30134,0.2977521860347231,0.44493333530202134
7102,0.7599,0,1,0,638852,37592,96122,30134,0.2977442656190597,0.44493990491096475
7103,0.76,1013,1479,1013,640331,36113,97135,29121,0.28602997085287035,0.4464083146825275
7104,0.7601,0,5,0,640336,36108,97135,29121,0.2859903687745533,0.4464425332290852
7105,0.7602,6,12,6,640348,36096,97141,29115,0.2858953237865923,0.4464737544279339
7106,0.7603,2,7,2,640355,36089,97143,29113,0.28583988087694845,0.4465047084445262
7107,0.7604,1,3,1,640358,36086,97144,29112,0.2858161196299582,0.44651676431792386
7108,0.7605,1,17,1,640375,36069,97145,29111,0.28568147256368015,0.44662473151273396
7109,0.7606,0,3,0,640378,36066,97145,29111,0.2856577113166899,0.4466452889823097
7110,0.7607,9,26,9,640404,36040,97154,29102,0.28545178050944114,0.4467471063215744
7111,0.7608,19,42,19,640446,35998,97173,29083,0.28511912305157777,0.4468738956070128
7112,0.7609,2,1,2,640447,35997,97175,29081,0.28511120263591433,0.4468637634838194
7113,0.761,10,16,10,640463,35981,97185,29071,0.2849844759852997,0.4468886429318084
7114,0.7611,4,9,4,640472,35972,97189,29067,0.284913192244329,0.4469164655053122
7115,0.7612,3,7,3,640479,35965,97192,29064,0.2848577493346851,0.4469390579587569
7116,0.7613,5,14,5,640493,35951,97197,29059,0.2847468635153973,0.44699277034302415
7117,0.7614,4,3,4,640496,35948,97201,29055,0.284723102268407,0.4469793701829146
7118,0.7615,1,17,1,640513,35931,97202,29054,0.284588455202129,0.44708778948988226
7119,0.7616,0,3,0,640516,35928,97202,29054,0.2845646939551388,0.44710843002677664
7120,0.7617,54,94,54,640610,35834,97256,29000,0.28382017488277783,0.44729617176173
7121,0.7618,3,17,3,640627,35817,97259,28997,0.2836855278164998,0.4473879100194402
7122,0.7619,2,6,2,640633,35811,97261,28995,0.2836380053225193,0.44741227664105176
7123,0.762,14,21,14,640654,35790,97275,28981,0.28347167659358763,0.4474378965895231
7124,0.7621,2,3,2,640657,35787,97277,28979,0.2834479153465974,0.4474415588426026
7125,0.7622,1,9,1,640666,35778,97278,28978,0.28337663160562665,0.447495212798814
7126,0.7623,5,16,5,640682,35762,97283,28973,0.28324990495501207,0.4475631420406272
7127,0.7624,3,8,3,640690,35754,97286,28970,0.28318654162970475,0.4475928558185526
7128,0.7625,40,99,40,640789,35655,97326,28930,0.28240242047902675,0.4479368274367113
7129,0.7626,1,2,1,640791,35653,97327,28929,0.2823865796476999,0.4479421510637639
7130,0.7627,10,20,10,640811,35633,97337,28919,0.2822281713344316,0.4479954145495105
7131,0.7628,2,5,2,640816,35628,97339,28917,0.2821885692561146,0.4480130141761562
7132,0.7629,2,3,2,640819,35625,97341,28915,0.2821648080091243,0.4480167338084909
7133,0.763,2,19,2,640838,35606,97343,28913,0.28201432011151945,0.4481315581456625
7134,0.7631,1,5,1,640843,35601,97344,28912,0.2819747180332024,0.448157735650179
7135,0.7632,2,10,2,640853,35591,97346,28910,0.28189551387656825,0.44821010526968574
7136,0.7633,106,200,106,641053,35391,97452,28804,0.2803114307438854,0.44869538126022274
7137,0.7634,3,6,3,641059,35385,97455,28801,0.28026390824990494,0.44871155703736015
7138,0.7635,3,14,3,641073,35371,97458,28798,0.2801530224306172,0.448783680593433
7139,0.7636,2,4,2,641077,35367,97460,28796,0.2801213407679635,0.44879447656749216
7140,0.7637,3,11,3,641088,35356,97463,28793,0.28003421619566593,0.4488456562066439
7141,0.7638,2,9,2,641097,35347,97465,28791,0.2799629324546952,0.44889145280488946
7142,0.7639,2,4,2,641101,35343,97467,28789,0.27993125079204156,0.4489022640803343
7143,0.764,14,40,14,641141,35303,97481,28775,0.279614434165505,0.4490620805892818
7144,0.7641,1,5,1,641146,35298,97482,28774,0.2795748320871879,0.449088525408915
7145,0.7642,19,32,19,641178,35266,97501,28755,0.2793213787859587,0.4491494978210275
7146,0.7643,11,13,11,641191,35253,97512,28744,0.27921841338233433,0.4491460537212682
7147,0.7644,0,9,0,641200,35244,97512,28744,0.27914712964136357,0.4492092267300119
7148,0.7645,3,5,3,641205,35239,97515,28741,0.2791075275630465,0.4492185057830572
7149,0.7646,2,2,2,641207,35237,97517,28739,0.2790916867317197,0.44921533074903086
7150,0.7647,3,8,3,641215,35229,97520,28736,0.27902832340641237,0.4492456812319237
7151,0.7648,3,13,3,641228,35216,97523,28733,0.278925358002788,0.44931116983846503
7152,0.7649,3,3,3,641231,35213,97526,28730,0.27890159675579773,0.4493064135245453
7153,0.765,197,343,197,641574,34870,97723,28533,0.2761848941832467,0.4500260240051733
7154,0.7651,0,5,0,641579,34865,97723,28533,0.27614529210492966,0.4500615161361557
7155,0.7652,3,12,3,641591,34853,97726,28530,0.2760502471169687,0.4501206948235331
7156,0.7653,6,7,6,641598,34846,97732,28524,0.2759948042073248,0.4501183525327442
7157,0.7654,1,1,1,641599,34845,97733,28523,0.27598688379166136,0.45011677818457263
7158,0.7655,5,21,5,641620,34824,97738,28518,0.2758205550627297,0.45022260111774176
7159,0.7656,0,1,0,641621,34823,97738,28518,0.2758126346470663,0.450229709035222
7160,0.7657,7,23,7,641644,34800,97745,28511,0.2756304650868078,0.450332485665998
7161,0.7658,13,45,13,641689,34755,97758,28498,0.27527404638195413,0.4505398953409325
7162,0.7659,0,5,0,641694,34750,97758,28498,0.2752344443036371,0.45057551226916265
7163,0.766,18,51,18,641745,34699,97776,28480,0.27483050310480295,0.45078269678215865
7164,0.7661,1,3,1,641748,34696,97777,28479,0.2748067418578127,0.450795409576573
7165,0.7662,2,13,2,641761,34683,97779,28477,0.2747037764541883,0.4508708043065231
7166,0.7663,7,15,7,641776,34668,97786,28470,0.2745849702192371,0.45091703886724316
7167,0.7664,0,4,0,641780,34664,97786,28470,0.27455328855658345,0.450945607754934
7168,0.7665,7,22,7,641802,34642,97793,28463,0.2743790394119883,0.45104191426986767
7169,0.7666,4,4,4,641806,34638,97797,28459,0.27434735774933466,0.45103570692742917
7170,0.7667,100,159,100,641965,34479,97897,28359,0.2730880116588519,0.451303351475222
7171,0.7668,7,8,7,641973,34471,97904,28352,0.27302464833354456,0.451299683237031
7172,0.7669,4,3,4,641976,34468,97908,28348,0.2730008870865543,0.451286296484972
7173,0.767,9,17,9,641993,34451,97917,28339,0.27286624002027626,0.45132982959069917
7174,0.7671,6,4,6,641997,34447,97923,28333,0.2728345583576226,0.45130614845492195
7175,0.7672,6,13,6,642010,34434,97929,28327,0.27273159295399824,0.45134717420053855
7176,0.7673,8,13,8,642023,34421,97937,28319,0.27262862755037387,0.4513707363723303
7177,0.7674,3,4,3,642027,34417,97940,28316,0.2725969458877202,0.4513732804106292
7178,0.7675,51,91,51,642118,34326,97991,28265,0.27187618806234953,0.45158249588599
7179,0.7676,0,4,0,642122,34322,97991,28265,0.2718445063996959,0.4516113569910684
7180,0.7677,3,20,3,642142,34302,97994,28262,0.2716860980864276,0.4517294290646378
7181,0.7678,1,5,1,642147,34297,97995,28261,0.2716464960081105,0.45175676971770196
7182,0.7679,4,7,4,642154,34290,97999,28257,0.2715910530984666,0.45177226725502423
7183,0.768,16,27,16,642181,34263,98015,28241,0.2713772018755544,0.45182708306668373
7184,0.7681,0,1,0,642182,34262,98015,28241,0.27136928145989103,0.45183431195302626
7185,0.7682,8,15,8,642197,34247,98023,28233,0.2712504752249398,0.45187259923175416
7186,0.7683,38,67,38,642264,34180,98061,28195,0.27071980737549106,0.4520240480961924
7187,0.7684,2,1,2,642265,34179,98063,28193,0.2707118869598277,0.4520137241069711
7188,0.7685,3,8,3,642273,34171,98066,28190,0.27064852363452035,0.4520453488558554
7189,0.7686,6,10,6,642283,34161,98072,28184,0.2705693194778862,0.4520651215013233
7190,0.7687,5,14,5,642297,34147,98077,28179,0.2704584336585984,0.4521227096235921
7191,0.7688,3,11,3,642308,34136,98080,28176,0.27037130908630086,0.4521761458467069
7192,0.7689,0,2,0,642310,34134,98080,28176,0.27035546825497403,0.45219065960519983
7193,0.769,7,12,7,642322,34122,98087,28169,0.27026042326701305,0.4522162110096162
7194,0.7691,3,1,3,642323,34121,98090,28166,0.27025250285134966,0.4521970876747957
7195,0.7692,22,31,22,642354,34090,98112,28144,0.2700069699657838,0.4522286852845711
7196,0.7693,6,25,6,642379,34065,98118,28138,0.2698089595741985,0.45235760333102903
7197,0.7694,2,3,2,642382,34062,98120,28136,0.2697851983272082,0.45236181227692207
7198,0.7695,5,7,5,642389,34055,98125,28131,0.26972975541756433,0.4523687003505612
7199,0.7696,0,1,0,642390,34054,98125,28131,0.2697218350019009,0.45237597491356435
7200,0.7697,2,9,2,642399,34045,98127,28129,0.2696505512609302,0.4524238427638563
7201,0.7698,4,14,4,642413,34031,98131,28125,0.2695396654416424,0.45249050775468175
7202,0.7699,1,4,1,642417,34027,98132,28124,0.2695079837789887,0.45251082042123214
7203,0.77,1018,1503,1018,643920,32524,99150,27106,0.25760359903687746,0.4545698473922522
7204,0.7701,4,5,4,643925,32519,99154,27102,0.25756399695856036,0.45457137585749985
7205,0.7702,2,8,2,643933,32511,99156,27100,0.2575006336332531,0.45461408129372094
7206,0.7703,1,8,1,643941,32503,99157,27099,0.2574372703079458,0.4546659508070199
7207,0.7704,2,4,2,643945,32499,99159,27097,0.2574055886452921,0.4546781663198872
7208,0.7705,5,9,5,643954,32490,99164,27092,0.25733430490432135,0.45470108422006644
7209,0.7706,4,2,4,643956,32488,99168,27088,0.2573184640729945,0.4546797368067678
7210,0.7707,5,18,5,643974,32470,99173,27083,0.2571758965910531,0.4547713801151915
7211,0.7708,19,29,19,644003,32441,99192,27064,0.2569462045368141,0.45481892277959834
7212,0.771,7,17,7,644020,32424,99199,27057,0.2568115574705361,0.45488475311443993
7213,0.7711,2,5,2,644025,32419,99201,27055,0.256771955392219,0.45490466422302184
7214,0.7712,3,6,3,644031,32413,99204,27052,0.2567244328982385,0.4549230639872194
7215,0.7713,4,12,4,644043,32401,99208,27048,0.2566293879102775,0.45497821662265137
7216,0.7714,3,4,3,644047,32397,99211,27045,0.2565977062476239,0.4549813263349147
7217,0.7715,2,10,2,644057,32387,99213,27043,0.25651850209098975,0.45503954231869426
7218,0.7717,46,90,46,644147,32297,99259,26997,0.25580566468128246,0.4553074510068472
7219,0.7718,1,16,1,644163,32281,99260,26996,0.2556789380306678,0.4554211582907367
7220,0.7719,1,3,1,644166,32278,99261,26995,0.2556551767836776,0.45543502100450456
7221,0.772,12,24,12,644190,32254,99273,26983,0.25546508680775565,0.4555092256528859
7222,0.7721,1,2,1,644192,32252,99274,26982,0.2554492459764288,0.4555154134449809
7223,0.7722,0,9,0,644201,32243,99274,26982,0.2553779622354581,0.4555846348670325
7224,0.7723,3,10,3,644211,32233,99277,26979,0.25529875807882396,0.4556339931095048
7225,0.7724,0,3,0,644214,32230,99277,26979,0.25527499683183374,0.4556570791602628
7226,0.7725,34,84,34,644298,32146,99311,26945,0.25460968191610694,0.45599160616675977
7227,0.7726,1,9,1,644307,32137,99312,26944,0.25453839817513624,0.45605186100438383
7228,0.7727,6,10,6,644317,32127,99318,26938,0.2544591940185021,0.4560738169812918
7229,0.7728,2,7,2,644324,32120,99320,26936,0.2544037511088582,0.4561094554321322
7230,0.7729,2,10,2,644334,32110,99322,26934,0.25432454695222406,0.45616828128175596
7231,0.773,5,15,5,644349,32095,99327,26929,0.25420574071727287,0.4562381404174573
7232,0.7731,0,2,0,644351,32093,99327,26929,0.25418989988594604,0.45625360035241097
7233,0.7732,3,7,3,644358,32086,99330,26926,0.2541344569763021,0.4562800786280756
7234,0.7733,107,180,107,644538,31906,99437,26819,0.2527087821568876,0.4566879523201362
7235,0.7734,0,3,0,644541,31903,99437,26819,0.25268502090989736,0.45671128367562414
7236,0.7735,2,17,2,644558,31886,99439,26817,0.25255037384361934,0.4568250344956816
7237,0.7736,1,1,1,644559,31885,99440,26816,0.2525424534279559,0.45682356348273456
7238,0.7737,3,9,3,644568,31876,99443,26813,0.2524711696869852,0.4568658522039905
7239,0.7738,2,18,2,644586,31858,99445,26811,0.2523286022050437,0.4569875061787315
7240,0.7739,0,2,0,644588,31856,99445,26811,0.2523127613737169,0.45700308520974314
7241,0.774,17,32,17,644620,31824,99462,26794,0.25205930807248766,0.45709509024531714
7242,0.7741,1,1,1,644621,31823,99463,26793,0.2520513876568242,0.4570936263136345
7243,0.7742,16,47,16,644668,31776,99479,26777,0.25167912812064375,0.4573121787098868
7244,0.7743,9,17,9,644685,31759,99488,26768,0.2515444810543657,0.45736155962205477
7245,0.7745,7,11,7,644696,31748,99495,26761,0.2514573564820682,0.4573826248953152
7246,0.7747,5,15,5,644711,31733,99500,26756,0.251338550247117,0.45745353827215374
7247,0.7748,5,9,5,644720,31724,99505,26751,0.2512672665061462,0.45747755451047456
7248,0.7749,0,1,0,644721,31723,99505,26751,0.25125934609048284,0.45748537811676987
7249,0.775,184,307,184,645028,31416,99689,26567,0.24882777848181473,0.45818602004035663
7250,0.7751,0,5,0,645033,31411,99689,26567,0.24878817640349765,0.4582255338231743
7251,0.7752,2,5,2,645038,31406,99691,26565,0.24874857432518058,0.4582463645615911
7252,0.7753,2,15,2,645053,31391,99693,26563,0.24862976809022938,0.4583462746316044
7253,0.7754,1,10,1,645063,31381,99694,26562,0.24855056393359523,0.45841602954627825
7254,0.7755,5,7,5,645070,31374,99699,26557,0.24849512102395133,0.4584246776337367
7255,0.7756,2,6,2,645076,31368,99701,26555,0.24844759852997086,0.45845346408162563
7256,0.7757,10,21,10,645097,31347,99711,26545,0.24828126980103915,0.4585262212395495
7257,0.7758,11,37,11,645134,31310,99722,26534,0.24798821442149285,0.45871654795657285
7258,0.7759,0,4,0,645138,31306,99722,26534,0.2479565327588392,0.4587482710926694
7259,0.776,15,42,15,645180,31264,99737,26519,0.2476238753009758,0.4589412110828444
7260,0.7761,2,10,2,645190,31254,99739,26517,0.24754467114434164,0.45900192137923873
7261,0.7762,2,10,2,645200,31244,99741,26515,0.24746546698770752,0.4590626569019547
7262,0.7763,4,9,4,645209,31235,99745,26511,0.2473941832467368,0.4590967339729159
7263,0.7764,1,2,1,645211,31233,99746,26510,0.24737834241540996,0.4591032679285801
7264,0.7765,6,12,6,645223,31221,99752,26504,0.247283297427449,0.4591424859246427
7265,0.7766,0,3,0,645226,31218,99752,26504,0.24725953618045876,0.4591663490523544
7266,0.7767,120,195,120,645421,31023,99872,26384,0.245715055126093,0.4595955197101399
7267,0.7768,1,10,1,645431,31013,99873,26383,0.2456358509694589,0.45966617882779287
7268,0.7769,0,1,0,645432,31012,99873,26383,0.24562793055379548,0.45967418764700757
7269,0.777,9,10,9,645442,31002,99882,26374,0.24554872639716133,0.45966954824316786
7270,0.7771,3,6,3,645448,30996,99885,26371,0.24550120390318084,0.45968936845224606
7271,0.7772,3,9,3,645457,30987,99888,26368,0.2454299201622101,0.4597332403452184
7272,0.7773,4,17,4,645474,30970,99892,26364,0.24529527309593208,0.4598318624202044
7273,0.7774,0,3,0,645477,30967,99892,26364,0.24527151184894183,0.459855924369015
7274,0.7775,50,83,50,645560,30884,99942,26314,0.24461411734887847,0.46005105073603975
7275,0.7776,0,5,0,645565,30879,99942,26314,0.2445745152705614,0.4600912699106534
7276,0.7777,3,7,3,645572,30872,99945,26311,0.2445190723609175,0.4601192662154836
7277,0.7778,1,8,1,645580,30864,99946,26310,0.2444557090356102,0.46017420505824325
7278,0.7779,0,6,0,645586,30858,99946,26310,0.2444081865416297,0.4602225020990764
7279,0.778,18,32,18,645618,30826,99964,26292,0.24415473324040046,0.4603102349522042
7280,0.7781,0,2,0,645620,30824,99964,26292,0.24413889240907363,0.46032635338609146
7281,0.7782,2,12,2,645632,30812,99966,26290,0.24404384742111265,0.4604041889951315
7282,0.7783,41,84,41,645716,30728,100007,26249,0.24337853250538588,0.4606946662688453
7283,0.7784,0,2,0,645718,30726,100007,26249,0.24336269167405905,0.46071083808688024
7284,0.7785,5,3,5,645721,30723,100012,26244,0.2433389304270688,0.4606877666017168
7285,0.7786,1,5,1,645726,30718,100013,26243,0.24329932834875173,0.4607187373817173
7286,0.7787,1,9,1,645735,30709,100014,26242,0.24322804460778102,0.4607820758195642
7287,0.7788,4,9,4,645744,30700,100018,26238,0.2431567608668103,0.4608170290491412
7288,0.7789,0,4,0,645748,30696,100018,26238,0.24312507920415663,0.4608494045737169
7289,0.779,11,17,11,645765,30679,100029,26227,0.2429904321378786,0.46088285945243035
7290,0.7791,1,1,1,645766,30678,100030,26226,0.2429825117222152,0.46088148460565165
7291,0.7792,12,29,12,645795,30649,100042,26214,0.24275281966797618,0.46100276102210574
7292,0.7793,6,18,6,645813,30631,100048,26208,0.2426102521860347,0.4610918559439821
7293,0.7794,3,2,3,645815,30629,100051,26205,0.24259441135470788,0.4610796354294964
7294,0.7795,2,10,2,645825,30619,100053,26203,0.24251520719807376,0.46114181127028264
7295,0.7796,1,8,1,645833,30611,100054,26202,0.24245184387276644,0.46119726119022053
7296,0.7797,4,10,4,645843,30601,100058,26198,0.2423726397161323,0.4612405147977957
7297,0.7798,3,10,3,645853,30591,100061,26195,0.24229343555949817,0.4612932765118163
7298,0.7799,0,6,0,645859,30585,100061,26195,0.24224591306551768,0.46134202183867556
7299,0.78,1042,1426,1042,647285,29159,101103,25153,0.2309514003294893,0.46312048902636616
7300,0.7801,1,2,1,647287,29157,101104,25152,0.23093555949816247,0.46312765839916037
7301,0.7802,2,11,2,647298,29146,101106,25150,0.2308484349258649,0.4632017091498453
7302,0.7803,3,8,3,647306,29138,101109,25147,0.23078507160055758,0.4632403057934973
7303,0.7804,3,1,3,647307,29137,101112,25144,0.2307771511848942,0.4632191742967152
7304,0.7805,6,8,6,647315,29129,101118,25138,0.23071378785958688,0.46322811284942966
7305,0.7806,0,5,0,647320,29124,101118,25138,0.2306741857812698,0.4632707972430062
7306,0.7807,9,21,9,647341,29103,101127,25129,0.23050785705233812,0.46336111520873285
7307,0.7808,16,32,16,647373,29071,101143,25113,0.23025440375110887,0.46347630296766573
7308,0.7809,1,0,1,647373,29071,101144,25112,0.23025440375110887,0.4634664009006515
7309,0.781,12,19,12,647392,29052,101156,25100,0.23010391585350398,0.46351011966317035
7310,0.7811,1,0,1,647392,29052,101157,25099,0.23010391585350398,0.463500212369116
7311,0.7812,3,11,3,647403,29041,101160,25096,0.23001679128120645,0.4635646600291852
7312,0.7813,8,19,8,647422,29022,101168,25088,0.22986630338360156,0.46364812419146184
7313,0.7814,2,7,2,647429,29015,101170,25086,0.22981086047395768,0.46368828672298107
7314,0.7815,6,8,6,647437,29007,101176,25080,0.22974749714865036,0.4636973764490543
7315,0.7816,0,1,0,647438,29006,101176,25080,0.22973957673298695,0.46370594978367785
7316,0.7817,24,93,24,647531,28913,101200,25056,0.22900297807628944,0.46426652337452984
7317,0.7818,3,11,3,647542,28902,101203,25053,0.22891585350399188,0.4643313872671671
7318,0.7819,1,4,1,647546,28898,101204,25052,0.22888417184133825,0.4643558850787766
7319,0.782,22,14,22,647560,28884,101226,25030,0.22877328602205044,0.4642578921986868
7320,0.7821,6,9,6,647569,28875,101232,25024,0.2287020022810797,0.4642757750607618
7321,0.7822,6,9,6,647578,28866,101238,25018,0.228630718540109,0.4642936678791478
7322,0.7823,4,21,4,647599,28845,101242,25014,0.22846438981117728,0.4644349133849496
7323,0.7824,2,6,2,647605,28839,101244,25012,0.22841686731719682,0.4644667694193237
7324,0.7825,55,68,55,647673,28771,101299,24957,0.22787827905208466,0.4645064026206075
7325,0.7826,1,3,1,647676,28768,101300,24956,0.22785451780509441,0.4645223736132827
7326,0.7827,3,11,3,647687,28757,101303,24953,0.22776739323279685,0.464587600074474
7327,0.7828,2,11,2,647698,28746,101305,24951,0.2276802686604993,0.46466283032571654
7328,0.7829,0,8,0,647706,28738,101305,24951,0.227616905335192,0.4647320680213824
7329,0.783,7,10,7,647716,28728,101312,24944,0.22753770117855784,0.4647488448352959
7330,0.7831,0,4,0,647720,28724,101312,24944,0.22750601951590418,0.46478348364015803
7331,0.7832,5,12,5,647732,28712,101317,24939,0.22741097452794323,0.4648375612756519
7332,0.7833,110,160,110,647892,28552,101427,24829,0.22614370802179698,0.46512804181262996
7333,0.7834,2,4,2,647896,28548,101429,24827,0.22611202635914332,0.46514285714285714
7334,0.7835,5,12,5,647908,28536,101434,24822,0.22601698137118237,0.46519734622736986
7335,0.7836,1,3,1,647911,28533,101435,24821,0.22599322012419212,0.46521347977658656
7336,0.7837,2,18,2,647929,28515,101437,24819,0.22585065264225065,0.465350433119586
7337,0.7838,4,8,4,647937,28507,101441,24815,0.22578728931694336,0.4653801432804471
7338,0.7839,2,6,2,647943,28501,101443,24813,0.22573976682296287,0.4654124620174813
7339,0.784,23,19,23,647962,28482,101466,24790,0.22558927892535802,0.46534764979726684
7340,0.7841,0,2,0,647964,28480,101466,24790,0.2255734380940312,0.46536512108128403
7341,0.7842,13,30,13,647994,28450,101479,24777,0.22533582562412877,0.4654968343134124
7342,0.7843,5,13,5,648007,28437,101484,24772,0.22523286022050437,0.46556033753688286
7343,0.7844,0,6,0,648013,28431,101484,24772,0.22518533772652388,0.46561284138112513
7344,0.7845,5,6,5,648019,28425,101489,24767,0.2251378152325434,0.4656151300947511
7345,0.7846,1,0,1,648019,28425,101490,24766,0.2251378152325434,0.46560508356676883
7346,0.7847,7,19,7,648038,28406,101497,24759,0.22498732733493854,0.46570111915734036
7347,0.7848,2,4,2,648042,28402,101499,24757,0.22495564567228488,0.46571605936906263
7348,0.7849,2,1,2,648043,28401,101501,24755,0.22494772525662146,0.46570471818797504
7349,0.785,204,301,204,648344,28100,101705,24551,0.22256368014193384,0.46629693643045717
7350,0.7851,0,2,0,648346,28098,101705,24551,0.222547839310607,0.4663146498508994
7351,0.7852,2,7,2,648353,28091,101707,24549,0.22249239640096313,0.4663563829787234
7352,0.7853,3,8,3,648361,28083,101710,24546,0.2224290330756558,0.4663968534458188
7353,0.7854,0,3,0,648364,28080,101710,24546,0.22240527182866557,0.4664234408847338
7354,0.7855,6,10,6,648374,28070,101716,24540,0.22232606767203142,0.46645124501045426
7355,0.7856,3,6,3,648380,28064,101719,24537,0.22227854517805096,0.4664740214064371
7356,0.7857,7,13,7,648393,28051,101726,24530,0.22217557977442656,0.4665183241094692
7357,0.7858,11,36,11,648429,28015,101737,24519,0.22189044481054365,0.46672631057981495
7358,0.7859,2,4,2,648433,28011,101739,24517,0.22185876314789,0.4667415473652147
7359,0.786,17,43,17,648476,27968,101756,24500,0.2215181852743632,0.4669512845925135
7360,0.7861,3,7,3,648483,27961,101759,24497,0.2214627423647193,0.466983110297762
7361,0.7862,2,14,2,648497,27947,101761,24495,0.2213518565454315,0.46708744899126653
7362,0.7863,1,6,1,648503,27941,101762,24494,0.22130433405145103,0.4671307332888338
7363,0.7864,1,2,1,648505,27939,101763,24493,0.2212884932201242,0.4671383887702167
7364,0.7865,5,9,5,648514,27930,101768,24488,0.22121720947915346,0.4671677667976649
7365,0.7866,0,5,0,648519,27925,101768,24488,0.2211776074008364,0.46721233281819396
7366,0.7867,96,165,96,648684,27760,101864,24392,0.2198707388163731,0.467709771437337
7367,0.7868,6,11,6,648695,27749,101870,24386,0.21978361424407553,0.4677471947827755
7368,0.7869,0,4,0,648699,27745,101870,24386,0.21975193258142187,0.4677830849206806
7369,0.787,5,15,5,648714,27730,101875,24381,0.21963312634647067,0.4678666692253075
7370,0.7871,1,5,1,648719,27725,101876,24380,0.2195935242681536,0.46790135303713654
7371,0.7872,2,9,2,648728,27716,101878,24378,0.21952224052718286,0.4679617614312589
7372,0.7873,4,9,4,648737,27707,101882,24374,0.21945095678621215,0.46800176647913827
7373,0.7874,2,3,2,648740,27704,101884,24372,0.2194271955392219,0.468008295568016
7374,0.7875,43,82,43,648822,27622,101927,24329,0.21877772145482194,0.4683066735962734
7375,0.7876,1,3,1,648825,27619,101928,24328,0.2187539602078317,0.4683234835505419
7376,0.7877,3,11,3,648836,27608,101931,24325,0.21866683563553416,0.46839196657231436
7377,0.7878,3,6,3,648842,27602,101934,24322,0.21861931314155367,0.4684153763192358
7378,0.7879,2,1,2,648843,27601,101936,24320,0.21861139272589025,0.46840392134203884
7379,0.788,9,21,9,648864,27580,101945,24311,0.21844506399695857,0.468501281532443
7380,0.7881,0,6,0,648870,27574,101945,24311,0.21839754150297808,0.46855545918859015
7381,0.7882,5,12,5,648882,27562,101950,24306,0.2183024965150171,0.4686126320660137
7382,0.7883,42,78,42,648960,27484,101992,24264,0.21768470409327081,0.46888768648063694
7383,0.7884,0,3,0,648963,27481,101992,24264,0.21766094284628057,0.46891487100202917
7384,0.7885,2,11,2,648974,27470,101994,24262,0.217573818273983,0.4689940462383051
7385,0.7886,2,1,2,648975,27469,101996,24260,0.21756589785831962,0.4689825823039301
7386,0.7887,2,7,2,648982,27462,101998,24258,0.2175104549486757,0.46902552204176334
7387,0.7888,3,6,3,648988,27456,102001,24255,0.21746293245469522,0.46904913848117424
7388,0.7889,0,6,0,648994,27450,102001,24255,0.21741540996071473,0.4691035683202785
7389,0.789,14,19,14,649013,27431,102015,24241,0.21726492206310988,0.4691322186096919
7390,0.7891,0,2,0,649015,27429,102015,24241,0.21724908123178305,0.46915037739500676
7391,0.7892,22,30,22,649045,27399,102037,24219,0.21701146876188063,0.46919679181680807
7392,0.7893,9,14,9,649059,27385,102046,24210,0.21690058294259282,0.4692315146816552
7393,0.7895,0,10,0,649069,27375,102046,24210,0.2168213787859587,0.46932247746437916
7394,0.7896,1,6,1,649075,27369,102047,24209,0.2167738562919782,0.46936678428787465
7395,0.7897,2,11,2,649086,27358,102049,24207,0.21668673171968064,0.46944632987491514
7396,0.7898,2,12,2,649098,27346,102051,24205,0.2165916867317197,0.46953502356889293
7397,0.7899,1,1,1,649099,27345,102052,24204,0.21658376631605628,0.4695338415876157
7398,0.79,1029,1318,1029,650417,26027,103081,23175,0.2061446584716766,0.4710174383155156
7399,0.7901,0,1,0,650418,26026,103081,23175,0.20613673805601318,0.4710270116461048
7400,0.7902,2,12,2,650430,26014,103083,23173,0.2060416930680522,0.47112041799662513
7401,0.7903,3,6,3,650436,26008,103086,23170,0.20599417057407174,0.4711456342266867
7402,0.7904,2,1,2,650437,26007,103088,23168,0.20598625015840832,0.47113370615149974
7403,0.7905,2,6,2,650443,26001,103090,23166,0.20593872766442783,0.471169686985173
7404,0.7906,0,1,0,650444,26000,103090,23166,0.20593080724876442,0.4711792702273929
7405,0.7907,8,24,8,650468,25976,103098,23158,0.2057407172728425,0.47132331990067977
7406,0.7908,14,32,14,650500,25944,103112,23144,0.20548726397161324,0.47147979139504564
7407,0.7909,2,2,2,650502,25942,103114,23142,0.2054714231402864,0.4714774671990873
7408,0.791,4,24,4,650526,25918,103118,23138,0.20528133316436448,0.47166503587736464
7409,0.7911,5,3,5,650529,25915,103123,23133,0.20525757191737423,0.47164002609688466
7410,0.7912,5,7,5,650536,25908,103128,23128,0.20520212900773033,0.47165347907659677
7411,0.7913,4,14,4,650550,25894,103132,23124,0.20509124318844252,0.4717450732384022
7412,0.7914,2,2,2,650552,25892,103134,23122,0.2050754023571157,0.4717427673725874
7413,0.7915,7,15,7,650567,25877,103141,23115,0.2049565961221645,0.4718117243631613
7414,0.7916,0,1,0,650568,25876,103141,23115,0.20494867570650108,0.4718213549427446
7415,0.7917,34,78,34,650646,25798,103175,23081,0.2043308832847548,0.472206878209456
7416,0.7918,3,5,3,650651,25793,103178,23078,0.20429128120643772,0.4722227906120194
7417,0.7919,1,3,1,650654,25790,103179,23077,0.20426751995944747,0.4722409806208689
7418,0.792,5,24,5,650678,25766,103184,23072,0.20407742998352554,0.47241901797780417
7419,0.7921,1,7,1,650685,25759,103185,23071,0.20402198707388164,0.4724759369240221
7420,0.7922,2,11,2,650696,25748,103187,23069,0.20393486250158407,0.47256078824999487
7421,0.7923,4,8,4,650704,25740,103191,23065,0.20387149917627678,0.4725950210019465
7422,0.7924,1,4,1,650708,25736,103192,23064,0.20383981751362312,0.47262295081967215
7423,0.7925,46,61,46,650769,25675,103238,23018,0.20335667215815487,0.4727168176123878
7424,0.7926,2,2,2,650771,25673,103240,23016,0.20334083132682804,0.4727145761876399
7425,0.7927,7,25,7,650796,25648,103247,23009,0.2031428209352427,0.4728815997698173
7426,0.7928,2,9,2,650805,25639,103249,23007,0.20307153719427196,0.4729474160259836
7427,0.7929,0,5,0,650810,25634,103249,23007,0.20303193511595488,0.4729960321539442
7428,0.793,2,23,2,650833,25611,103251,23005,0.20284976555569637,0.4731981240743788
7429,0.7931,0,1,0,650834,25610,103251,23005,0.20284184514003295,0.4732078576571017
7430,0.7932,2,9,2,650843,25601,103253,23003,0.20277056139906222,0.47327380462513374
7431,0.7933,97,158,97,651001,25443,103350,22906,0.20151913572424282,0.47376367660137747
7432,0.7934,1,1,1,651002,25442,103351,22905,0.2015112153085794,0.4737625912672968
7433,0.7935,7,11,7,651013,25431,103358,22898,0.20142409073628184,0.4737942022388214
7434,0.7936,1,9,1,651022,25422,103359,22897,0.2013528069953111,0.4738715619114634
7435,0.7937,1,9,1,651031,25413,103360,22896,0.2012815232543404,0.4739489536111284
7436,0.7938,3,11,3,651042,25402,103363,22893,0.20119439868204284,0.4740242261103634
7437,0.7939,0,1,0,651043,25401,103363,22893,0.20118647826637942,0.474034041495838
7438,0.794,19,34,19,651077,25367,103382,22874,0.20091718413382334,0.4741609833958666
7439,0.7941,0,2,0,651079,25365,103382,22874,0.2009013433024965,0.47418064221895145
7440,0.7942,17,25,17,651104,25340,103399,22857,0.20070333291091116,0.4742411353403739
7441,0.7943,7,12,7,651116,25328,103406,22850,0.20060828792295018,0.47428286769894973
7442,0.7944,0,1,0,651117,25327,103406,22850,0.20060036750728677,0.47429271229009695
7443,0.7945,2,8,2,651125,25319,103408,22848,0.20053700418197948,0.4743496584798721
7444,0.7946,0,3,0,651128,25316,103408,22848,0.20051324293498923,0.47437920438501785
7445,0.7947,3,9,3,651137,25307,103411,22845,0.2004419591940185,0.47443512211330785
7446,0.7948,6,9,6,651146,25298,103417,22839,0.20037067545304776,0.47445831688721773
7447,0.7949,0,2,0,651148,25296,103417,22839,0.20035483462172093,0.47447803053910875
7448,0.795,192,268,192,651416,25028,103609,22647,0.19823216322392598,0.47502884111169374
7449,0.7951,0,2,0,651418,25026,103609,22647,0.19821632239259918,0.47504876974388016
7450,0.7952,3,12,3,651430,25014,103612,22644,0.1981212774046382,0.47513533929245877
7451,0.7953,3,9,3,651439,25005,103615,22641,0.19804999366366746,0.47519204130462156
7452,0.7954,3,2,3,651441,25003,103618,22638,0.19803415283234063,0.47517894250750403
7453,0.7955,7,11,7,651452,24992,103625,22631,0.1979470282600431,0.4752115574407324
7454,0.7956,1,5,1,651457,24987,103626,22630,0.19790742618172602,0.47525043576873804
7455,0.7957,10,20,10,651477,24967,103636,22620,0.19774901786845775,0.4753399037552273
7456,0.7958,16,40,16,651517,24927,103652,22604,0.19743220124192118,0.47556331657234224
7457,0.7959,0,5,0,651522,24922,103652,22604,0.1973925991636041,0.4756133484829357
7458,0.796,22,39,22,651561,24883,103674,22582,0.19708370295273095,0.4757610871168229
7459,0.7961,0,1,0,651562,24882,103674,22582,0.19707578253706753,0.47577111073655826
7460,0.7962,0,9,0,651571,24873,103674,22582,0.19700449879609683,0.4758613423243072
7461,0.7963,2,6,2,651577,24867,103676,22580,0.19695697630211634,0.47589942462115625
7462,0.7964,0,4,0,651581,24863,103676,22580,0.19692529463946268,0.4759395485108446
7463,0.7965,6,11,6,651592,24852,103682,22574,0.1968381700671651,0.47598363766710244
7464,0.7966,2,7,2,651599,24845,103684,22572,0.19678272715752124,0.4760318029398739
7465,0.7967,81,165,81,651764,24680,103765,22491,0.1954758585730579,0.4767971847109453
7466,0.7968,4,12,4,651776,24668,103769,22487,0.19538081358509696,0.47687413847948257
7467,0.7969,2,0,2,651776,24668,103771,22485,0.19538081358509696,0.4768519500349925
7468,0.797,4,9,4,651785,24659,103775,22481,0.19530952984412622,0.4768985999151464
7469,0.7971,2,8,2,651793,24651,103777,22479,0.1952461665188189,0.4769573520050923
7470,0.7972,2,8,2,651801,24643,103779,22477,0.19518280319351158,0.47701612903225804
7471,0.7973,1,16,1,651817,24627,103780,22476,0.19505607654289697,0.47716705942296667
7472,0.7974,1,6,1,651823,24621,103781,22475,0.19500855404891648,0.4772167487684729
7473,0.7975,48,72,48,651895,24549,103829,22427,0.1944382841211507,0.4774139986376022
7474,0.7976,0,7,0,651902,24542,103829,22427,0.19438284121150678,0.4774851497796419
7475,0.7977,5,15,5,651917,24527,103834,22422,0.19426403497655556,0.47758205712581736
7476,0.7978,3,11,3,651928,24516,103837,22419,0.19417691040425802,0.4776605944391179
7477,0.7979,3,5,3,651933,24511,103840,22416,0.19413730832594095,0.47767809576576387
7478,0.798,5,26,5,651959,24485,103845,22411,0.1939313775186922,0.4778872398498806
7479,0.7982,4,8,4,651967,24477,103849,22407,0.19386801419338487,0.47792423854619914
7480,0.7983,40,78,40,652045,24399,103889,22367,0.1932502217716386,0.47827481503656505
7481,0.7984,0,4,0,652049,24395,103889,22367,0.19321854010898493,0.478315726444549
7482,0.7985,3,7,3,652056,24388,103892,22364,0.19316309719934102,0.47835386721423684
7483,0.7986,1,3,1,652059,24385,103893,22363,0.19313933595235078,0.4783734063489347
7484,0.7987,1,10,1,652069,24375,103894,22362,0.19306013179571663,0.4784645997817575
7485,0.7988,9,9,9,652078,24366,103903,22353,0.19298884805474592,0.4784563025749695
7486,0.7989,1,5,1,652083,24361,103904,22352,0.19294924597642885,0.47849635005244795
7487,0.799,9,16,9,652099,24345,103913,22343,0.1928225193258142,0.4785598012337217
7488,0.7991,2,0,2,652099,24345,103915,22341,0.1928225193258142,0.47853746305102174
7489,0.7992,13,27,13,652126,24318,103928,22328,0.19260866810290203,0.4786691248981692
7490,0.7993,11,13,11,652139,24305,103939,22317,0.19250570269927766,0.4786795933250397
7491,0.7994,1,1,1,652140,24304,103940,22316,0.19249778228361425,0.4786786786786787
7492,0.7995,3,10,3,652150,24294,103943,22313,0.1924185781269801,0.47874782757954815
7493,0.7996,0,1,0,652151,24293,103943,22313,0.19241065771131668,0.4787580998154744
7494,0.7997,5,7,5,652158,24286,103948,22308,0.19235521480167278,0.478774091084689
7495,0.7998,7,18,7,652176,24268,103955,22301,0.19221264731973134,0.4788808005325431
7496,0.7999,1,3,1,652179,24265,103956,22300,0.1921888860727411,0.4789004617201761
7497,0.8,1108,1244,1108,653423,23021,105064,21192,0.18233588898745406,0.4793160382692873
7498,0.8001,0,5,0,653428,23016,105064,21192,0.182296286909137,0.4793702497285559
7499,0.8002,1,11,1,653439,23005,105065,21191,0.18220916233683943,0.47947778079464204
7500,0.8003,5,15,5,653454,22990,105070,21186,0.18209035610188823,0.4795816733067729
7501,0.8004,0,1,0,653455,22989,105070,21186,0.18208243568622481,0.4795925297113752
7502,0.8005,1,4,1,653459,22985,105071,21185,0.18205075402357115,0.4796241793072221
7503,0.8006,0,1,0,653460,22984,105071,21185,0.18204283360790774,0.479635038148928
7504,0.8007,6,6,6,653466,22978,105077,21179,0.18199531111392725,0.4796295038159295
7505,0.8008,13,38,13,653504,22940,105090,21166,0.18169433531871754,0.4798893574570353
7506,0.8009,0,5,0,653509,22935,105090,21166,0.18165473324040046,0.4799437654474955
7507,0.801,10,18,10,653527,22917,105100,21156,0.181512165758459,0.48002178204342794
7508,0.8011,0,5,0,653532,22912,105100,21156,0.18147256368014195,0.48007624580194247
7509,0.8012,2,4,2,653536,22908,105102,21154,0.1814408820174883,0.480096228042304
7510,0.8013,6,20,6,653556,22888,105108,21148,0.18128247370422,0.4802434371877555
7511,0.8014,0,1,0,653557,22887,105108,21148,0.18127455328855657,0.4802543431361417
7512,0.8015,5,8,5,653565,22879,105113,21143,0.18121118996324928,0.4802825859797374
7513,0.8016,0,4,0,653569,22875,105113,21143,0.18117950830059562,0.4803262301785633
7514,0.8017,42,75,42,653644,22800,105155,21101,0.18058547712583956,0.480649643516093
7515,0.8018,5,7,5,653651,22793,105160,21096,0.18053003421619568,0.4806671375515505
7516,0.8019,2,0,2,653651,22793,105162,21094,0.18053003421619568,0.48064347073165176
7517,0.802,14,21,14,653672,22772,105176,21080,0.18036370548726396,0.48070783544650186
7518,0.8021,1,6,1,653678,22766,105177,21079,0.18031618299328347,0.4807617744326605
7519,0.8022,1,7,1,653685,22759,105178,21078,0.1802607400836396,0.4808266989073157
7520,0.8023,6,6,6,653691,22753,105184,21072,0.1802132175896591,0.4808214489446663
7521,0.8024,1,1,1,653692,22752,105185,21071,0.1802052971739957,0.4808205736713598
7522,0.8025,55,84,55,653776,22668,105240,21016,0.17953998225826892,0.48109147513963924
7523,0.8026,2,3,2,653779,22665,105242,21014,0.17951622101127868,0.48110075780123174
7524,0.8027,6,11,6,653790,22654,105248,21008,0.1794290964389811,0.48115065732215656
7525,0.8029,5,6,5,653796,22648,105253,21003,0.17938157394500062,0.4811573618015624
7526,0.803,3,18,3,653814,22630,105256,21000,0.17923900646305918,0.481320192528077
7527,0.8031,0,1,0,653815,22629,105256,21000,0.17923108604739577,0.48133122464415873
7528,0.8032,0,9,0,653824,22620,105256,21000,0.17915980230642503,0.4814305364511692
7529,0.8033,85,137,85,653961,22483,105341,20915,0.17807470536053732,0.48193465136642244
7530,0.8034,0,5,0,653966,22478,105341,20915,0.17803510328222025,0.4819901827483696
7531,0.8035,5,10,5,653976,22468,105346,20910,0.1779558991255861,0.4820415879017013
7532,0.8036,0,4,0,653980,22464,105346,20910,0.17792421746293247,0.48208604232950614
7533,0.8037,8,12,8,653992,22452,105354,20902,0.1778291724749715,0.4821239101351663
7534,0.8038,0,12,0,654004,22440,105354,20902,0.1777341274870105,0.4822573946749112
7535,0.804,20,34,20,654038,22406,105374,20882,0.17746483335445445,0.48239696913694324
7536,0.8041,0,1,0,654039,22405,105374,20882,0.17745691293879104,0.4824081132903643
7537,0.8042,15,35,15,654074,22370,105389,20867,0.17717969839057154,0.48261905312579506
7538,0.8043,7,8,7,654082,22362,105396,20860,0.17711633506526422,0.48262458932950814
7539,0.8044,2,4,2,654086,22358,105398,20858,0.17708465340261056,0.48264531654942616
7540,0.8045,2,14,2,654100,22344,105400,20856,0.17697376758332278,0.48277777777777775
7541,0.8046,0,5,0,654105,22339,105400,20856,0.1769341655050057,0.4828336613033916
7542,0.8047,8,15,8,654120,22324,105408,20848,0.17681535927005448,0.4829055869545075
7543,0.8048,2,7,2,654127,22317,105410,20846,0.1767599163604106,0.48295994254338204
7544,0.8049,2,6,2,654133,22311,105412,20844,0.17671239386643012,0.4830031282586027
7545,0.805,187,257,187,654390,22054,105599,20657,0.1746768470409327,0.4836458991828803
7546,0.8051,0,3,0,654393,22051,105599,20657,0.17465308579394245,0.48367987262339607
7547,0.8052,7,7,7,654400,22044,105606,20650,0.17459764288429858,0.483674521009978
7548,0.8053,5,10,5,654410,22034,105611,20645,0.17451843872766443,0.4837273600599827
7549,0.8054,3,2,3,654412,22032,105614,20642,0.1745025978963376,0.4837137367015044
7550,0.8055,2,7,2,654419,22025,105616,20640,0.1744471549866937,0.48376889722254773
7551,0.8056,1,1,1,654420,22024,105617,20639,0.17443923457103028,0.48376813632421534
7552,0.8057,7,11,7,654431,22013,105624,20632,0.17435210999873274,0.48380818384335794
7553,0.8058,14,16,14,654447,21997,105638,20618,0.1742253833481181,0.4838202510852986
7554,0.8059,0,3,0,654450,21994,105638,20618,0.17420162210112786,0.48385431333896556
7555,0.806,17,26,17,654476,21968,105655,20601,0.1739956912938791,0.48394371490991095
7556,0.8061,2,4,2,654480,21964,105657,20599,0.17396400963122544,0.48396494607992857
7557,0.8062,3,8,3,654488,21956,105660,20596,0.17390064630591814,0.4840195525474713
7558,0.8063,4,9,4,654497,21947,105664,20592,0.1738293625649474,0.484073438491737
7559,0.8064,3,4,3,654501,21943,105667,20589,0.17379768090229375,0.48408257312141445
7560,0.8065,0,4,0,654505,21939,105667,20589,0.1737659992396401,0.4841281038374718
7561,0.8066,0,3,0,654508,21936,105667,20589,0.17374223799264985,0.48416225749559083
7562,0.8067,101,140,101,654648,21796,105768,20488,0.1726333797997719,0.48453315674959796
7563,0.8068,4,12,4,654660,21784,105772,20484,0.1725383348118109,0.48462193621652316
7564,0.8069,0,4,0,654664,21780,105772,20484,0.17250665314915728,0.4846678023850085
7565,0.807,3,10,3,654674,21770,105775,20481,0.17242744899252313,0.484745923173416
7566,0.8071,0,8,0,654682,21762,105775,20481,0.1723640856672158,0.4848377245934238
7567,0.8072,0,7,0,654689,21755,105775,20481,0.1723086427575719,0.4849180793635761
7568,0.8073,4,10,4,654699,21745,105779,20477,0.17222943860093778,0.4849841314954289
7569,0.8074,2,3,2,654702,21742,105781,20475,0.17220567735394754,0.48499419665063837
7570,0.8075,39,59,39,654761,21683,105820,20436,0.1717383728298061,0.48519670457513236
7571,0.8076,2,0,2,654761,21683,105822,20434,0.1717383728298061,0.4851722582330176
7572,0.8077,4,17,4,654778,21666,105826,20430,0.17160372576352806,0.4853192702394527
7573,0.8078,0,2,0,654780,21664,105826,20430,0.17158788493220123,0.48534232907302705
7574,0.8079,1,2,1,654782,21662,105827,20429,0.17157204410087443,0.48535316338409634
7575,0.808,9,26,9,654808,21636,105836,20420,0.17136611329362564,0.48554308540992963
7576,0.8081,1,0,1,654808,21636,105837,20419,0.17136611329362564,0.4855308524551183
7577,0.8082,3,12,3,654820,21624,105840,20416,0.1712710683056647,0.4856327307326356
7578,0.8083,38,74,38,654894,21550,105878,20378,0.17068495754657204,0.4860236596069452
7579,0.8085,6,11,6,654905,21539,105884,20372,0.1705978329742745,0.48607764071484816
7580,0.8086,3,3,3,654908,21536,105887,20369,0.17057407172728425,0.48607564729745856
7581,0.8087,3,10,3,654918,21526,105890,20366,0.1704948675706501,0.4861548744390337
7582,0.8088,1,3,1,654921,21523,105891,20365,0.17047110632365986,0.4861774255156608
7583,0.8089,1,3,1,654924,21520,105892,20364,0.17044734507666962,0.4861999808996275
7584,0.809,5,17,5,654941,21503,105897,20359,0.1703126980103916,0.4863360565668148
7585,0.8092,15,20,15,654961,21483,105912,20344,0.17015428969712332,0.486384392856289
7586,0.8093,4,16,4,654977,21467,105916,20340,0.17002756304650868,0.4865213959384792
7587,0.8094,2,1,2,654978,21466,105918,20338,0.17001964263084526,0.4865084680891781
7588,0.8095,1,7,1,654985,21459,105919,20337,0.16996419972120136,0.4865776629342521
7589,0.8096,1,2,1,654987,21457,105920,20336,0.16994835888987453,0.48658866317325866
7590,0.8097,2,12,2,654999,21445,105922,20334,0.16985331390191358,0.4867038464300247
7591,0.8098,3,7,3,655006,21438,105925,20331,0.16979787099226967,0.486748545572075
7592,0.8099,1,0,1,655006,21438,105926,20330,0.16979787099226967,0.4867362574219498
7593,0.81,982,1236,982,656242,20202,106908,19348,0.16000823723228996,0.48920353982300885
7594,0.8101,5,4,5,656246,20198,106913,19343,0.1599765555696363,0.48918843731822664
7595,0.8102,2,8,2,656254,20190,106915,19341,0.15991319224432898,0.48926159216817183
7596,0.8103,9,6,9,656260,20184,106924,19332,0.1598656697503485,0.489219556635287
7597,0.8104,2,3,2,656263,20181,106926,19330,0.15984190850335825,0.4892308471058692
7598,0.8105,8,7,8,656270,20174,106934,19322,0.15978646559371437,0.4892140976301398
7599,0.8106,0,2,0,656272,20172,106934,19322,0.15977062476238754,0.489238871727351
7600,0.8107,8,10,8,656282,20162,106942,19314,0.1596914206057534,0.4892592967879218
7601,0.8108,13,22,13,656304,20140,106955,19301,0.1595171714611583,0.4893638599426992
7602,0.8109,1,2,1,656306,20138,106956,19300,0.15950133062983146,0.4893757289923424
7603,0.811,9,21,9,656327,20117,106965,19291,0.15933500190089975,0.4895198944376776
7604,0.8111,0,2,0,656329,20115,106965,19291,0.15931916106957292,0.4895447393797899
7605,0.8112,2,7,2,656336,20108,106967,19289,0.15926371815992904,0.4896058075487981
7606,0.8113,10,6,10,656342,20102,106977,19279,0.15921619566594855,0.489550798608466
7607,0.8114,5,4,5,656346,20098,106982,19274,0.1591845140032949,0.48953571065731993
7608,0.8115,1,6,1,656352,20092,106983,19273,0.1591369915093144,0.48959735805918964
7609,0.8117,30,68,30,656420,20024,107013,19243,0.15859840324420227,0.49005526268877175
7610,0.8118,4,9,4,656429,20015,107017,19239,0.15852711950323153,0.49011565700310794
7611,0.8119,2,7,2,656436,20008,107019,19237,0.15847167659358763,0.4901770926232641
7612,0.812,8,18,8,656454,19990,107027,19229,0.1583291091116462,0.4902980698131008
7613,0.8121,1,7,1,656461,19983,107028,19228,0.15827366620200228,0.4903725995256433
7614,0.8122,2,2,2,656463,19981,107030,19226,0.15825782537067545,0.49037161731323486
7615,0.8123,3,7,3,656470,19974,107033,19223,0.15820238246103155,0.4904201852182565
7616,0.8124,2,9,2,656479,19965,107035,19221,0.15813109872006084,0.4905068136579391
7617,0.8125,46,83,46,656562,19882,107081,19175,0.15747370421999746,0.4909491256368897
7618,0.8126,3,6,3,656568,19876,107084,19172,0.157426181726017,0.4909854538004507
7619,0.8127,6,10,6,656578,19866,107090,19166,0.15734697756938285,0.49103299856527977
7620,0.8128,1,7,1,656585,19859,107091,19165,0.15729153465973894,0.4911080360803608
7621,0.8129,7,3,7,656588,19856,107098,19158,0.1572677734127487,0.49105449325883016
7622,0.813,12,13,12,656601,19843,107110,19146,0.15716480800912433,0.49106158147169715
7623,0.8131,2,7,2,656608,19836,107112,19144,0.15710936509948042,0.49112365315546436
7624,0.8132,4,2,4,656610,19834,107116,19140,0.1570935242681536,0.4910966285215785
7625,0.8133,74,143,74,656753,19691,107190,19066,0.1559609048282854,0.4919369404236654
7626,0.8135,3,6,3,656759,19685,107193,19063,0.1559133823343049,0.4919737792918344
7627,0.8136,3,2,3,656761,19683,107196,19060,0.15589754150297808,0.4919598379062024
7628,0.8137,2,10,2,656771,19673,107198,19058,0.15581833734634393,0.49206062327334693
7629,0.8138,0,4,0,656775,19669,107198,19058,0.15578665568369027,0.49211144679422625
7630,0.8139,2,3,2,656778,19666,107200,19056,0.15576289443670005,0.4921233407365322
7631,0.814,18,36,18,656814,19630,107218,19038,0.15547775947281714,0.4923450915485673
7632,0.8141,2,1,2,656815,19629,107220,19036,0.15546983905715372,0.49233156601577654
7633,0.8142,10,44,10,656859,19585,107230,19026,0.1551213407679635,0.49276113024785684
7634,0.8143,5,7,5,656866,19578,107235,19021,0.15506589785831962,0.4927847871706521
7635,0.8144,2,2,2,656868,19576,107237,19019,0.1550500570269928,0.4927840393833398
7636,0.8145,5,9,5,656877,19567,107242,19014,0.15497877328602205,0.49283325989476684
7637,0.8147,0,6,0,656883,19561,107242,19014,0.15493125079204156,0.4929099157485418
7638,0.8148,3,15,3,656898,19546,107245,19011,0.15481244455709037,0.4930622195710247
7639,0.8149,1,4,1,656902,19542,107246,19010,0.1547807628944367,0.4931002282631251
7640,0.815,188,251,188,657153,19291,107434,18822,0.15279273856291978,0.49384724372261435
7641,0.8151,0,1,0,657154,19290,107434,18822,0.15278481814725636,0.49386020151133503
7642,0.8152,2,7,2,657161,19283,107436,18820,0.15272937523761246,0.49392436291105685
7643,0.8153,1,4,1,657165,19279,107437,18819,0.15269769357495883,0.4939629376870177
7644,0.8154,0,5,0,657170,19274,107437,18819,0.15265809149664175,0.4940277741317302
7645,0.8155,3,10,3,657180,19264,107440,18816,0.1525788873400076,0.49411764705882355
7646,0.8156,2,3,2,657183,19261,107442,18814,0.15255512609301736,0.49413000656598816
7647,0.8157,5,17,5,657200,19244,107447,18809,0.15242047902673933,0.4942842877039918
7648,0.8158,14,29,14,657229,19215,107461,18795,0.15219078697250032,0.494475138121547
7649,0.8159,1,3,1,657232,19212,107462,18794,0.15216702572551008,0.4945008682839552
7650,0.816,20,30,20,657262,19182,107482,18774,0.15192941325560766,0.4946253556749921
7651,0.8161,1,6,1,657268,19176,107483,18773,0.15188189076162717,0.49469024216711904
7652,0.8162,2,4,2,657272,19172,107485,18771,0.1518502090989735,0.49471575784729727
7653,0.8163,4,10,4,657282,19162,107489,18767,0.15177100494233936,0.49479290252840835
7654,0.8164,2,2,2,657284,19160,107491,18765,0.15175516411101256,0.49479235332893867
7655,0.8165,2,4,2,657288,19156,107493,18763,0.1517234824483589,0.494817901315963
7656,0.8166,0,1,0,657289,19155,107493,18763,0.15171556203269548,0.4948309509995253
7657,0.8167,90,155,90,657444,19000,107583,18673,0.1504878976048663,0.4956600217662517
7658,0.8168,1,5,1,657449,18995,107584,18672,0.15044829552654923,0.495712427323652
7659,0.8169,2,10,2,657459,18985,107586,18670,0.15036909136991508,0.49581728854069845
7660,0.817,5,9,5,657468,18976,107591,18665,0.15029780762894437,0.49586886639568556
7661,0.8171,1,10,1,657478,18966,107592,18664,0.15021860347231022,0.4959872442200372
7662,0.8172,1,15,1,657493,18951,107593,18663,0.15009979723735903,0.49617163821981175
7663,0.8173,2,6,2,657499,18945,107595,18661,0.15005227474337854,0.49622400680742434
7664,0.8174,1,1,1,657500,18944,107596,18660,0.15004435432771512,0.49622380597808746
7665,0.8175,40,61,40,657561,18883,107636,18620,0.14956120897224687,0.4964936138442258
7666,0.8176,0,2,0,657563,18881,107636,18620,0.14954536814092004,0.4965200927975254
7667,0.8177,5,8,5,657571,18873,107641,18615,0.14948200481561272,0.49655889884763127
7668,0.8178,2,4,2,657575,18869,107643,18613,0.14945032315295906,0.496585027479857
7669,0.8179,1,8,1,657583,18861,107644,18612,0.14938695982765177,0.4966776078776719
7670,0.818,17,25,17,657608,18836,107661,18595,0.1491889494360664,0.4967807432342176
7671,0.8181,0,4,0,657612,18832,107661,18595,0.14915726777341276,0.4968338365351217
7672,0.8182,4,9,4,657621,18823,107665,18591,0.14908598403244203,0.4968995563158176
7673,0.8183,44,54,44,657675,18769,107709,18547,0.14865828158661767,0.49702540465215994
7674,0.8184,3,3,3,657678,18766,107712,18544,0.14863452033962743,0.497024926293219
7675,0.8185,1,9,1,657687,18757,107713,18543,0.1485632365986567,0.4971313672922252
7676,0.8186,1,2,1,657689,18755,107714,18542,0.14854739576732987,0.49714454245649786
7677,0.8187,2,4,2,657693,18751,107716,18540,0.1485157141046762,0.4971708991445657
7678,0.8188,2,7,2,657700,18744,107718,18538,0.14846027119503233,0.49723727267850437
7679,0.8189,1,3,1,657703,18741,107719,18537,0.14843650994804208,0.49726380170610013
7680,0.819,4,21,4,657724,18720,107723,18533,0.14827018121911037,0.49749013502268274
7681,0.8191,1,0,1,657724,18720,107724,18532,0.14827018121911037,0.49747664554923227
7682,0.8192,11,38,11,657762,18682,107735,18521,0.14796920542390066,0.49783619600569845
7683,0.8193,7,8,7,657770,18674,107742,18514,0.14790584209859334,0.49784876841992043
7684,0.8194,1,7,1,657777,18667,107743,18513,0.14785039918894943,0.49792899408284025
7685,0.8195,1,5,1,657782,18662,107744,18512,0.14781079711063236,0.4979824608597407
7686,0.8196,0,1,0,657783,18661,107744,18512,0.14780287669496894,0.49799585720818873
7687,0.8197,3,6,3,657789,18655,107747,18509,0.14775535420098848,0.498035733505543
7688,0.8198,4,7,4,657796,18648,107751,18505,0.14769991129134458,0.4980755255295669
7689,0.8199,0,4,0,657800,18644,107751,18505,0.14766822962869092,0.49812915556273385
7690,0.82,988,1150,988,658950,17494,108739,17517,0.1385597516157648,0.50032846819571
7691,0.8201,1,0,1,658950,17494,108740,17516,0.1385597516157648,0.500314195944016
7692,0.8202,2,4,2,658954,17490,108742,17514,0.13852806995311115,0.5003428179636613
7693,0.8203,4,8,4,658962,17482,108746,17510,0.13846470662780383,0.5004000914494742
7694,0.8204,6,2,6,658964,17480,108752,17504,0.138448865796477,0.500343013949234
7695,0.8205,3,8,3,658972,17472,108755,17501,0.13838550247116968,0.5004146055528551
7696,0.8206,0,1,0,658973,17471,108755,17501,0.13837758205550627,0.5004289145602197
7697,0.8207,3,11,3,658984,17460,108758,17498,0.13829045748320873,0.5005435093540821
7698,0.8208,13,19,13,659003,17441,108771,17485,0.13813996958560384,0.5006299032239593
7699,0.8209,2,1,2,659004,17440,108773,17483,0.13813204916994043,0.5006156401225553
7700,0.821,10,25,10,659029,17415,108783,17473,0.13793403877835508,0.500831231368952
7701,0.8211,0,3,0,659032,17412,108783,17473,0.13791027753136484,0.5008743012756199
7702,0.8212,4,3,4,659035,17409,108787,17469,0.1378865162843746,0.5008601410631344
7703,0.8213,2,7,2,659042,17402,108789,17467,0.13783107337473072,0.500932059995985
7704,0.8214,1,3,1,659045,17399,108790,17466,0.13780731212774047,0.5009608489889574
7705,0.8215,2,6,2,659051,17393,108792,17464,0.13775978963375998,0.5010184467969131
7706,0.8216,1,3,1,659054,17390,108793,17463,0.13773602838676974,0.5010472556164463
7707,0.8217,40,60,40,659114,17330,108833,17423,0.1372608034469649,0.5013380139844043
7708,0.8218,0,7,0,659121,17323,108833,17423,0.137205360537321,0.5014390145628274
7709,0.8219,1,1,1,659122,17322,108834,17422,0.13719744012165758,0.5014390973981119
7710,0.822,17,19,17,659141,17303,108851,17405,0.13704695222405272,0.5014694018670047
7711,0.8221,4,4,4,659145,17299,108855,17401,0.13701527056139906,0.5014697406340057
7712,0.8222,2,6,2,659151,17293,108857,17399,0.13696774806741857,0.5015277297359622
7713,0.8223,3,10,3,659161,17283,108860,17396,0.13688854391078445,0.501629228063093
7714,0.8224,0,4,0,659165,17279,108860,17396,0.1368568622481308,0.5016870944484499
7715,0.8225,19,72,19,659237,17207,108879,17377,0.13628659232036497,0.5024577839463336
7716,0.8226,2,2,2,659239,17205,108881,17375,0.13627075148903814,0.5024580682475419
7717,0.8227,8,6,8,659245,17199,108889,17367,0.13622322899505765,0.5024301336573511
7718,0.8228,2,15,2,659260,17184,108891,17365,0.13610442276010645,0.5026194680019682
7719,0.8229,2,4,2,659264,17180,108893,17363,0.1360727410974528,0.5026488724198824
7720,0.823,12,14,12,659278,17166,108905,17351,0.135961855278165,0.5026798389199525
7721,0.8231,2,1,2,659279,17165,108907,17349,0.1359539348625016,0.5026655849800081
7722,0.8232,3,14,3,659293,17151,108910,17346,0.1358430490432138,0.5028263327245848
7723,0.8233,76,106,76,659399,17045,108986,17270,0.1350034849828919,0.5032784496575842
7724,0.8234,1,4,1,659403,17041,108987,17269,0.13497180332023825,0.5033226464587583
7725,0.8235,1,5,1,659408,17036,108988,17268,0.13493220124192118,0.5033815298507462
7726,0.8236,2,2,2,659410,17034,108990,17266,0.13491636041059435,0.5033819241982507
7727,0.8237,5,4,5,659414,17030,108995,17261,0.1348846787479407,0.5033682307310956
7728,0.8238,2,6,2,659420,17024,108997,17259,0.1348371562539602,0.5034273546655776
7729,0.8239,1,3,1,659423,17021,108998,17258,0.13481339500696995,0.5034569269815339
7730,0.824,14,25,14,659448,16996,109012,17244,0.1346153846153846,0.5036214953271028
7731,0.8241,0,1,0,659449,16995,109012,17244,0.1346074641997212,0.5036362043283974
7732,0.8242,8,14,8,659463,16981,109020,17236,0.1344965783804334,0.5037262179618318
7733,0.8243,7,13,7,659476,16968,109027,17229,0.13439361297680902,0.503816124221423
7734,0.8244,2,1,2,659477,16967,109029,17227,0.1343856925611456,0.5038018365795168
7735,0.8245,3,4,3,659481,16963,109032,17224,0.13435401089849194,0.5038172404715243
7736,0.8246,1,5,1,659486,16958,109033,17223,0.1343144088201749,0.5038764225739446
7737,0.8247,8,16,8,659502,16942,109041,17215,0.13418768216956026,0.5039962525982961
7738,0.8248,2,5,2,659507,16937,109043,17213,0.13414808009124318,0.5040409956076135
7739,0.825,183,219,183,659726,16718,109226,17030,0.13241350906095553,0.5046224961479199
7740,0.8251,2,2,2,659728,16716,109228,17028,0.1323976682296287,0.5046230440967283
7741,0.8252,2,4,2,659732,16712,109230,17026,0.13236598656697504,0.5046535064319165
7742,0.8253,2,7,2,659739,16705,109232,17024,0.13231054365733114,0.5047288683328887
7743,0.8254,1,2,1,659741,16703,109233,17023,0.1322947028260043,0.5047441143331555
7744,0.8255,4,8,4,659749,16695,109237,17019,0.132231339500697,0.5048051254671649
7745,0.8257,7,9,7,659758,16686,109244,17012,0.13216005575972628,0.5048370823194255
7746,0.8258,6,22,6,659780,16664,109250,17006,0.13198580661513115,0.5050787050787051
7747,0.8259,1,0,1,659780,16664,109251,17005,0.13198580661513115,0.5050640054649678
7748,0.826,16,29,16,659809,16635,109267,16989,0.13175611456089215,0.5052640970735189
7749,0.8261,1,6,1,659815,16629,109268,16988,0.13170859206691168,0.5053395603414939
7750,0.8262,3,6,3,659821,16623,109271,16985,0.1316610695729312,0.5053856224708403
7751,0.8263,2,4,2,659825,16619,109273,16983,0.13162938791027753,0.5054163442652223
7752,0.8264,2,2,2,659827,16617,109275,16981,0.1316135470789507,0.5054169891064945
7753,0.8265,4,6,4,659833,16611,109279,16977,0.13156602458497021,0.5054483744194355
7754,0.8266,0,1,0,659834,16610,109279,16977,0.1315581041693068,0.5054634233483193
7755,0.8267,81,122,81,659956,16488,109360,16896,0.1305918134583703,0.5061107117181883
7756,0.8268,1,7,1,659963,16481,109361,16895,0.1305363705487264,0.5062020613614573
7757,0.8269,1,2,1,659965,16479,109362,16894,0.13052052971739958,0.5062176010547449
7758,0.827,7,10,7,659975,16469,109369,16887,0.13044132556076543,0.5062657392972778
7759,0.8271,5,2,5,659977,16467,109374,16882,0.1304254847294386,0.5062220756244565
7760,0.8272,2,12,2,659989,16455,109376,16880,0.13033043974147762,0.5063746812659367
7761,0.8273,2,5,2,659994,16450,109378,16878,0.13029083766316057,0.5064210273643783
7762,0.8274,1,3,1,659997,16447,109379,16877,0.13026707641617033,0.5064518065058217
7763,0.8275,35,62,35,660059,16385,109414,16842,0.12977601064503866,0.506876937430403
7764,0.8276,3,0,3,660059,16385,109417,16839,0.12977601064503866,0.5068324103058031
7765,0.8277,4,6,4,660065,16379,109421,16835,0.12972848815105817,0.5068645751791413
7766,0.8278,3,10,3,660075,16369,109424,16832,0.12964928399442402,0.5069726815457366
7767,0.8279,1,0,1,660075,16369,109425,16831,0.12964928399442402,0.5069578313253013
7768,0.828,12,15,12,660090,16354,109437,16819,0.12953047775947282,0.5070087119042594
7769,0.8282,3,7,3,660097,16347,109440,16816,0.12947503484982892,0.5070711334921448
7770,0.8283,27,46,27,660143,16301,109467,16789,0.1291106957293119,0.5073738289513449
7771,0.8284,0,1,0,660144,16300,109467,16789,0.12910277531364847,0.5073891625615764
7772,0.8285,6,8,6,660152,16292,109473,16783,0.12903941198834115,0.5074225245653817
7773,0.8286,3,5,3,660157,16287,109476,16780,0.12899980991002408,0.5074545619499804
7774,0.8287,5,9,5,660166,16278,109481,16775,0.12892852616905334,0.507518228300003
7775,0.8288,2,7,2,660173,16271,109483,16773,0.12887308325940947,0.5075959326957995
7776,0.8289,2,2,2,660175,16269,109485,16771,0.12885724242808264,0.5075968523002421
7777,0.829,6,11,6,660186,16258,109491,16765,0.12877011785578507,0.5076764679163007
7778,0.8291,1,8,1,660194,16250,109492,16764,0.12870675453047775,0.5077845762403829
7779,0.8292,14,18,14,660212,16232,109506,16750,0.1285641870485363,0.5078527681765812
7780,0.8293,7,15,7,660227,16217,109513,16743,0.12844538081358509,0.5079793689320389
7781,0.8294,1,2,1,660229,16215,109514,16742,0.12842953998225826,0.5079952665594563
7782,0.8295,3,9,3,660238,16206,109517,16739,0.12835825624128755,0.5080892396418273
7783,0.8296,3,5,3,660243,16201,109520,16736,0.12831865416297047,0.5081215654127577
7784,0.8297,1,11,1,660254,16190,109521,16735,0.1282315295906729,0.5082763857251329
7785,0.8298,7,5,7,660259,16185,109528,16728,0.12819192751235584,0.5082490201440161
7786,0.8299,0,6,0,660265,16179,109528,16728,0.12814440501837537,0.5083416902178868
7787,0.83,954,1048,954,661313,15131,110482,15774,0.11984380940311748,0.51040284743569
7788,0.8301,2,2,2,661315,15129,110484,15772,0.11982796857179065,0.5104041940390278
7789,0.8302,7,8,7,661323,15121,110491,15765,0.11976460524648333,0.5104254354723823
7790,0.8303,2,5,2,661328,15116,110493,15763,0.11972500316816627,0.5104763755302957
7791,0.8304,2,0,2,661328,15116,110495,15761,0.11972500316816627,0.5104446675518994
7792,0.8305,2,11,2,661339,15105,110497,15759,0.1196378785958687,0.510594867807154
7793,0.8306,1,2,1,661341,15103,110498,15758,0.11962203776454189,0.5106120994134993
7794,0.8307,6,7,6,661348,15096,110504,15752,0.11956659485489798,0.5106327800829875
7795,0.8308,13,25,13,661373,15071,110517,15739,0.11936858446331264,0.5108406361570919
7796,0.8309,2,1,2,661374,15070,110519,15737,0.11936066404764922,0.5108254617457072
7797,0.831,4,17,4,661391,15053,110523,15733,0.11922601698137118,0.5110439810303384
7798,0.8311,0,3,0,661394,15050,110523,15733,0.11920225573438094,0.5110937855309748
7799,0.8312,4,2,4,661396,15048,110527,15729,0.11918641490305411,0.5110634564772395
7800,0.8313,4,13,4,661409,15035,110531,15725,0.11908344949942973,0.5112158647594278
7801,0.8314,1,1,1,661410,15034,110532,15724,0.11907552908376631,0.5112165940568307
7802,0.8315,3,9,3,661419,15025,110535,15721,0.11900424534279559,0.5113185455018538
7803,0.8316,0,2,0,661421,15023,110535,15721,0.11898840451146876,0.511351808482956
7804,0.8317,32,50,32,661471,14973,110567,15689,0.11859238372829806,0.5116756897788795
7805,0.8318,1,5,1,661476,14968,110568,15688,0.118552781649981,0.5117432150313153
7806,0.8319,0,2,0,661478,14966,110568,15688,0.11853694081865417,0.5117766033796568
7807,0.832,16,18,16,661496,14948,110584,15672,0.11839437333671271,0.5118223383409536
7808,0.8321,1,2,1,661498,14946,110585,15671,0.11837853250538588,0.5118398275467877
7809,0.8322,0,4,0,661502,14942,110585,15671,0.11834685084273222,0.5119067063012446
7810,0.8323,6,6,6,661508,14936,110591,15665,0.11829932834875174,0.5119113754452469
7811,0.8324,4,2,4,661510,14934,110595,15661,0.11828348751742492,0.5118810263114888
7812,0.8325,43,58,43,661568,14876,110638,15618,0.1178241034089469,0.5121663278021906
7813,0.8326,0,3,0,661571,14873,110638,15618,0.11780034216195666,0.5122167196877767
7814,0.8327,5,8,5,661579,14865,110643,15613,0.11773697883664935,0.5122711464006825
7815,0.8328,2,3,2,661582,14862,110645,15611,0.11771321758965911,0.5122895678141305
7816,0.8329,3,2,3,661584,14860,110648,15608,0.11769737675833228,0.5122751739529998
7817,0.833,6,16,6,661600,14844,110654,15602,0.11757065010771765,0.5124482690665441
7818,0.8331,2,7,2,661607,14837,110656,15600,0.11751520719807375,0.5125340868022472
7819,0.8332,1,5,1,661612,14832,110657,15599,0.11747560511975669,0.5126022805691565
7820,0.8333,95,101,95,661713,14731,110752,15504,0.11667564313775187,0.512783198280139
7821,0.8334,0,3,0,661716,14728,110752,15504,0.11665188189076163,0.5128340830907647
7822,0.8335,1,6,1,661722,14722,110753,15503,0.11660435939678114,0.5129197684036394
7823,0.8336,1,3,1,661725,14719,110754,15502,0.1165805981497909,0.5129545680156182
7824,0.8337,4,5,4,661730,14714,110758,15498,0.11654099607147383,0.5129749768303985
7825,0.8338,4,3,4,661733,14711,110762,15494,0.11651723482448359,0.5129614302267836
7826,0.8339,0,1,0,661734,14710,110762,15494,0.11650931440882017,0.5129784134551715
7827,0.834,18,21,18,661755,14689,110780,15476,0.11634298567988847,0.5130449196088182
7828,0.8342,10,23,10,661778,14666,110790,15466,0.11616081611962996,0.5132749236691889
7829,0.8343,6,10,6,661788,14656,110796,15460,0.11608161196299582,0.5133483862398724
7830,0.8344,0,3,0,661791,14653,110796,15460,0.11605785071600558,0.5133995284428652
7831,0.8345,7,4,7,661795,14649,110803,15453,0.11602616905335192,0.513354594379111
7832,0.8346,3,3,3,661798,14646,110806,15450,0.11600240780636167,0.5133572567783095
7833,0.8347,4,7,4,661805,14639,110810,15446,0.11594696489671778,0.5134119993352169
7834,0.8348,4,5,4,661810,14634,110814,15442,0.11590736281840071,0.5134326373187924
7835,0.8349,0,3,0,661813,14631,110814,15442,0.11588360157141046,0.5134838559505204
7836,0.835,180,214,180,662027,14417,110994,15262,0.11418863261943987,0.5142356548401227
7837,0.8351,0,3,0,662030,14414,110994,15262,0.11416487137244963,0.5142876398436447
7838,0.8352,5,6,5,662036,14408,110999,15257,0.11411734887846914,0.5143097926849823
7839,0.8353,3,6,3,662042,14402,111002,15254,0.11406982638448866,0.5143647154032911
7840,0.8354,0,4,0,662046,14398,111002,15254,0.114038144721835,0.5144341022527992
7841,0.8355,6,9,6,662055,14389,111008,15248,0.11396686098086428,0.5144920201099976
7842,0.8356,2,1,2,662056,14388,111010,15246,0.11395894056520087,0.5144766146993318
7843,0.8357,12,13,12,662069,14375,111022,15234,0.11385597516157649,0.5145057246107603
7844,0.8358,4,27,4,662096,14348,111026,15230,0.1136421239386643,0.514909730204882
7845,0.8359,1,5,1,662101,14343,111027,15229,0.11360252186034724,0.514980386852428
7846,0.836,19,28,19,662129,14315,111046,15210,0.11338075022177165,0.5151566469093988
7847,0.8361,1,5,1,662134,14310,111047,15209,0.11334114814345457,0.5152274806057116
7848,0.8362,3,6,3,662140,14304,111050,15206,0.11329362564947408,0.515282954930532
7849,0.8363,5,4,5,662144,14300,111055,15201,0.11326194398682043,0.5152706687908885
7850,0.8364,1,0,1,662144,14300,111056,15200,0.11326194398682043,0.5152542372881356
7851,0.8365,2,7,2,662151,14293,111058,15198,0.11320650107717653,0.5153436641687295
7852,0.8366,2,2,2,662153,14291,111060,15196,0.1131906602458497,0.5153457455827992
7853,0.8367,95,117,95,662270,14174,111155,15101,0.11226397161323026,0.5158326216908625
7854,0.8368,0,5,0,662275,14169,111155,15101,0.11222436953491319,0.5159207379569525
7855,0.8369,3,1,3,662276,14168,111158,15098,0.11221644911924977,0.5158887446183285
7856,0.837,1,3,1,662279,14165,111159,15097,0.11219268787225954,0.5159250905611373
7857,0.8371,0,5,0,662284,14160,111159,15097,0.11215308579394247,0.5160132617835048
7858,0.8372,0,3,0,662287,14157,111159,15097,0.11212932454695222,0.5160661789840706
7859,0.8373,3,9,3,662296,14148,111162,15094,0.1120580408059815,0.5161753642021749
7860,0.8374,1,6,1,662302,14142,111163,15093,0.11201051831200101,0.5162647511544382
7861,0.8375,41,59,41,662361,14083,111204,15052,0.11154321378785959,0.5166294834391625
7862,0.8376,2,1,2,662362,14082,111206,15050,0.11153529337219617,0.5166140326788411
7863,0.8377,4,9,4,662371,14073,111210,15046,0.11146400963122545,0.5167073045090834
7864,0.8378,4,6,4,662377,14067,111214,15042,0.11141648713724496,0.5167473977120478
7865,0.8379,0,5,0,662382,14062,111214,15042,0.1113768850589279,0.5168361737218252
7866,0.838,10,18,10,662400,14044,111224,15032,0.11123431757698644,0.5169899573531435
7867,0.8381,0,1,0,662401,14043,111224,15032,0.11122639716132303,0.5170077386070507
7868,0.8382,1,10,1,662411,14033,111225,15031,0.11114719300468888,0.517169006330856
7869,0.8383,31,50,31,662461,13983,111256,15000,0.11075117222151819,0.5175447676223993
7870,0.8384,1,8,1,662469,13975,111257,14999,0.11068780889621087,0.5176710153931111
7871,0.8385,1,8,1,662477,13967,111258,14998,0.11062444557090356,0.5177973416191956
7872,0.8386,0,3,0,662480,13964,111258,14998,0.11060068432391332,0.5178509771424625
7873,0.8387,2,11,2,662491,13953,111260,14996,0.11051355975161577,0.518014439186155
7874,0.8388,1,7,1,662498,13946,111261,14995,0.11045811684197186,0.5181230779862479
7875,0.8389,0,3,0,662501,13943,111261,14995,0.11043435559498163,0.5181767917616974
7876,0.839,5,11,5,662512,13932,111266,14990,0.11034723102268407,0.518290574649056
7877,0.8391,2,2,2,662514,13930,111268,14988,0.11033139019135724,0.5182931046407082
7878,0.8392,8,27,8,662541,13903,111276,14980,0.11011753896844506,0.5186441851608212
7879,0.8393,4,8,4,662549,13895,111280,14976,0.11005417564313776,0.5187212081327284
7880,0.8394,5,8,5,662557,13887,111285,14971,0.10999081231783044,0.5187816203479104
7881,0.8395,3,7,3,662564,13880,111288,14968,0.10993536940818655,0.5188574597892401
7882,0.8396,3,4,3,662568,13876,111291,14965,0.10990368774553289,0.5188793731146631
7883,0.8397,2,10,2,662578,13866,111293,14963,0.10982448358889875,0.5190259807832391
7884,0.8398,1,7,1,662585,13859,111294,14962,0.10976904067925485,0.5191353526942161
7885,0.8399,1,0,1,662585,13859,111295,14961,0.10976904067925485,0.51911866759195
7886,0.84,934,883,934,663468,12976,112229,14027,0.10277531364846026,0.5194608006517795
7887,0.8401,0,2,0,663470,12974,112229,14027,0.10275947281713345,0.5194992778045258
7888,0.8402,2,6,2,663476,12968,112231,14025,0.10271195032315296,0.5195791501500389
7889,0.8403,1,1,1,663477,12967,112232,14024,0.10270402990748954,0.5195806009410544
7890,0.8404,0,2,0,663479,12965,112232,14024,0.10268818907616271,0.5196191040794398
7891,0.8405,5,5,5,663484,12960,112237,14019,0.10264858699784565,0.5196263760702768
7892,0.8406,0,1,0,663485,12959,112237,14019,0.10264066658218224,0.5196456371858551
7893,0.8407,6,9,6,663494,12950,112243,14013,0.1025693828412115,0.5197121981975299
7894,0.8408,7,18,7,663512,12932,112250,14006,0.10242681535927005,0.5199346647858044
7895,0.8409,1,4,1,663516,12928,112251,14005,0.1023951336966164,0.5199940593324175
7896,0.841,4,11,4,663527,12917,112255,14001,0.10230800912431884,0.5201352254996656
7897,0.8411,1,3,1,663530,12914,112256,14000,0.10228424787732861,0.5201753734116074
7898,0.8412,3,3,3,663533,12911,112259,13997,0.10226048663033836,0.5201798721569794
7899,0.8413,2,7,2,663540,12904,112261,13995,0.10220504372069446,0.5202795642960705
7900,0.8414,2,3,2,663543,12901,112263,13993,0.10218128247370423,0.5203019260801666
7901,0.8415,2,10,2,663553,12891,112265,13991,0.10210207831707008,0.520459787218213
7902,0.8416,1,0,1,663553,12891,112266,13990,0.10210207831707008,0.5204419478442023
7903,0.8417,26,59,26,663612,12832,112292,13964,0.10163477379292865,0.5211225556053142
7904,0.8418,1,8,1,663620,12824,112293,13963,0.10157141046762135,0.5212603128383171
7905,0.8419,1,4,1,663624,12820,112294,13962,0.10153972880496769,0.5213202897468449
7906,0.842,9,23,9,663647,12797,112303,13953,0.10135755924470916,0.521607476635514
7907,0.8421,2,3,2,663650,12794,112305,13951,0.10133379799771892,0.5216302112544401
7908,0.8422,1,5,1,663655,12789,112306,13950,0.10129419591940185,0.5217098619993268
7909,0.8423,2,8,2,663663,12781,112308,13948,0.10123083259409454,0.5218302218564106
7910,0.8424,2,0,2,663663,12781,112310,13946,0.10123083259409454,0.5217944400793205
7911,0.8425,36,44,36,663707,12737,112346,13910,0.10088233430490433,0.5220099823619919
7912,0.8426,0,2,0,663709,12735,112346,13910,0.1008664934735775,0.5220491649465191
7913,0.8427,2,18,2,663727,12717,112348,13908,0.10072392599163604,0.5223661971830986
7914,0.8428,1,2,1,663729,12715,112349,13907,0.10070808516030921,0.5223874990609271
7915,0.8429,1,3,1,663732,12712,112350,13906,0.10068432391331897,0.522428431888196
7916,0.843,2,8,2,663740,12704,112352,13904,0.10062096058801166,0.5225496091401083
7917,0.8431,0,1,0,663741,12703,112352,13904,0.10061304017234825,0.5225692486939527
7918,0.8432,3,7,3,663748,12696,112355,13901,0.10055759726270434,0.5226529307816671
7919,0.8433,70,98,70,663846,12598,112425,13831,0.09978139652768978,0.5233266487570472
7920,0.8434,2,4,2,663850,12594,112427,13829,0.09974971486503612,0.5233697914695531
7921,0.8435,1,7,1,663857,12587,112428,13828,0.09969427195539222,0.5234904410372894
7922,0.8436,1,1,1,663858,12586,112429,13827,0.09968635153972881,0.5234922197402794
7923,0.8437,1,8,1,663866,12578,112430,13826,0.09962298821442149,0.52363278291168
7924,0.8438,1,4,1,663870,12574,112431,13825,0.09959130655176783,0.5236940793211864
7925,0.8439,2,5,2,663875,12569,112433,13823,0.09955170447345077,0.523757199151258
7926,0.844,12,22,12,663897,12547,112445,13811,0.09937745532885565,0.5239775400257987
7927,0.8442,9,21,9,663918,12526,112454,13802,0.09921112659992397,0.5242327560012154
7928,0.8443,3,10,3,663928,12516,112457,13799,0.09913192244328982,0.52437773133194
7929,0.8444,0,2,0,663930,12514,112457,13799,0.09911608161196299,0.524417588264356
7930,0.8445,2,3,2,663933,12511,112459,13797,0.09909232036497276,0.5244412346054432
7931,0.8446,1,3,1,663936,12508,112460,13796,0.09906855911798251,0.5244829683698297
7932,0.8447,6,12,6,663948,12496,112466,13790,0.09897351413002155,0.5246138628927947
7933,0.8448,0,3,0,663951,12493,112466,13790,0.0989497528830313,0.5246737434843816
7934,0.8449,0,1,0,663952,12492,112466,13790,0.09894183246736789,0.5246937067194277
7935,0.845,180,198,180,664150,12294,112646,13610,0.09737359016601191,0.525401482396541
7936,0.8451,1,4,1,664154,12290,112647,13609,0.09734190850335826,0.5254643036410672
7937,0.8452,1,6,1,664160,12284,112648,13608,0.09729438600937777,0.5255677429321798
7938,0.8453,1,5,1,664165,12279,112649,13607,0.0972547839310607,0.5256509310051766
7939,0.8454,2,2,2,664167,12277,112651,13605,0.09723894309973387,0.5256548952940268
7940,0.8455,4,4,4,664171,12273,112655,13601,0.09720726143708022,0.5256628275488908
7941,0.8456,2,5,2,664176,12268,112657,13599,0.09716765935876315,0.5257277612401902
7942,0.8457,4,6,4,664182,12262,112661,13595,0.09712013686478266,0.5257763855048923
7943,0.8458,9,13,9,664195,12249,112670,13586,0.09701717146115828,0.525875749951616
7944,0.8459,1,1,1,664196,12248,112671,13585,0.09700925104549486,0.5258777532613325
7945,0.846,17,29,17,664225,12219,112688,13568,0.09677955899125586,0.5261565905301121
7946,0.8461,0,1,0,664226,12218,112688,13568,0.09677163857559244,0.5261769952687505
7947,0.8462,2,6,2,664232,12212,112690,13566,0.09672411608161197,0.5262627046318566
7948,0.8463,4,6,4,664238,12206,112694,13562,0.09667659358763148,0.5263117044396151
7949,0.8464,0,4,0,664242,12202,112694,13562,0.09664491192497782,0.5263934171712467
7950,0.8465,0,3,0,664245,12199,112694,13562,0.09662115067798759,0.5264547183727339
7951,0.8466,0,3,0,664248,12196,112694,13562,0.09659738943099734,0.52651603385356
7952,0.8467,67,82,67,664330,12114,112761,13495,0.09594791534659738,0.5269631770080832
7953,0.8468,4,4,4,664334,12110,112765,13491,0.09591623368394374,0.5269716026717707
7954,0.8469,2,1,2,664335,12109,112767,13489,0.09590831326828032,0.5269552308774123
7955,0.847,5,5,5,664340,12104,112772,13484,0.09586871118996325,0.5269657652024387
7956,0.8471,2,10,2,664350,12094,112774,13482,0.09578950703332911,0.52713481388802
7957,0.8472,4,4,4,664354,12090,112778,13478,0.09575782537067545,0.5271433041301627
7958,0.8473,1,9,1,664363,12081,112779,13477,0.09568654162970473,0.5273104311761484
7959,0.8474,1,4,1,664367,12077,112780,13476,0.09565485996705107,0.5273744765780926
7960,0.8475,21,45,21,664412,12032,112801,13455,0.09529844126219744,0.5279161925687605
7961,0.8476,0,1,0,664413,12031,112801,13455,0.09529052084653403,0.5279369065369223
7962,0.8477,1,11,1,664424,12020,112802,13454,0.09520339627423648,0.5281463452932401
7963,0.8478,2,5,2,664429,12015,112804,13452,0.0951637941959194,0.5282129815054777
7964,0.8479,0,2,0,664431,12013,112804,13452,0.09514795336459257,0.528254466915374
7965,0.848,16,19,16,664450,11994,112820,13436,0.0949974654669877,0.5283523397561934
7966,0.8481,0,1,0,664451,11993,112820,13436,0.09498954505132429,0.5283731173070116
7967,0.8482,2,1,2,664452,11992,112822,13434,0.09498162463566089,0.5283568001258554
7968,0.8483,31,35,31,664487,11957,112853,13403,0.09470441008744139,0.5285094637223975
7969,0.8485,4,8,4,664495,11949,112857,13399,0.09464104676213407,0.5286018620798485
7970,0.8486,1,2,1,664497,11947,112858,13398,0.09462520593080725,0.5286249753403038
7971,0.8487,4,7,4,664504,11940,112862,13394,0.09456976302116335,0.5286966132470198
7972,0.8488,3,7,3,664511,11933,112865,13391,0.09451432011151946,0.5287869214973938
7973,0.8489,0,3,0,664514,11930,112865,13391,0.09449055886452921,0.5288495715019154
7974,0.849,3,9,3,664523,11921,112868,13388,0.09441927512355848,0.5289817851357225
7975,0.8491,0,1,0,664524,11920,112868,13388,0.09441135470789506,0.5290026868974237
7976,0.8492,6,20,6,664544,11900,112874,13382,0.0942529463946268,0.5293093900798987
7977,0.8493,7,13,7,664557,11887,112881,13375,0.09414998099100241,0.5294513498535349
7978,0.8495,2,1,2,664558,11886,112883,13373,0.094142060575339,0.5294350528524486
7979,0.8496,1,3,1,664561,11883,112884,13372,0.09411829932834875,0.5294793110275193
7980,0.8497,1,3,1,664564,11880,112885,13371,0.09409453808135851,0.5295235832244267
7981,0.8498,1,11,1,664575,11869,112886,13370,0.09400741350906096,0.5297357264550894
7982,0.8499,0,1,0,664576,11868,112886,13370,0.09399949309339754,0.5297567160630795
7983,0.85,905,860,905,665436,11008,113791,12465,0.08718793562286149,0.531035657990031
7984,0.8501,1,2,1,665438,11006,113792,12464,0.08717209479153466,0.5310609288453345
7985,0.8502,1,10,1,665448,10996,113793,12463,0.08709289063490051,0.5312673174474615
7986,0.8503,2,7,2,665455,10989,113795,12461,0.08703744772525662,0.5313859275053305
7987,0.8504,2,1,2,665456,10988,113797,12459,0.08702952730959321,0.5313686185865996
7988,0.8505,3,3,3,665459,10985,113800,12456,0.08700576606260296,0.5313766477539354
7989,0.8506,0,6,0,665465,10979,113800,12456,0.08695824356862249,0.5315126946874333
7990,0.8507,6,10,6,665475,10969,113806,12450,0.08687903941198834,0.5316196250907382
7991,0.8508,9,17,9,665492,10952,113815,12441,0.0867443923457103,0.531825759842688
7992,0.8509,1,0,1,665492,10952,113816,12440,0.0867443923457103,0.5318057455540356
7993,0.851,6,11,6,665503,10941,113822,12434,0.08665726777341275,0.5319358288770053
7994,0.8511,1,0,1,665503,10941,113823,12433,0.08665726777341275,0.5319158038846582
7995,0.8512,2,8,2,665511,10933,113825,12431,0.08659390444810544,0.5320578668036295
7996,0.8513,3,8,3,665519,10925,113828,12428,0.08653054112279812,0.5321800196976834
7997,0.8514,2,5,2,665524,10920,113830,12426,0.08649093904448106,0.5322539193009509
7998,0.8515,1,9,1,665533,10911,113831,12425,0.08641965530351033,0.5324391498114501
7999,0.8517,22,45,22,665578,10866,113853,12403,0.0860632365986567,0.5330267738192445
8000,0.8518,4,1,4,665579,10865,113857,12399,0.08605531618299328,0.5329693947730398
8001,0.8519,3,2,3,665581,10863,113860,12396,0.08603947535166645,0.5329549851670321
8002,0.852,9,13,9,665594,10850,113869,12387,0.08593650994804207,0.5330722554546629
8003,0.8521,1,4,1,665598,10846,113870,12386,0.08590482828538842,0.5331439393939394
8004,0.8522,1,1,1,665599,10845,113871,12385,0.08589690786972501,0.5331467929401635
8005,0.8523,1,5,1,665604,10840,113872,12384,0.08585730579140793,0.5332414743368928
8006,0.8524,1,3,1,665607,10837,113873,12383,0.08583354454441769,0.5332902670111972
8007,0.8525,30,48,30,665655,10789,113903,12353,0.08545336459257381,0.5337913749891972
8008,0.8526,1,0,1,665655,10789,113904,12352,0.08545336459257381,0.533771228555378
8009,0.8527,4,9,4,665664,10780,113908,12348,0.08538208085160309,0.5338983050847458
8010,0.8528,1,3,1,665667,10777,113909,12347,0.08535831960461285,0.5339474139422246
8011,0.8529,3,1,3,665668,10776,113912,12344,0.08535039918894943,0.5339100346020761
8012,0.853,4,8,4,665676,10768,113916,12340,0.08528703586364213,0.5340141942184525
8013,0.8531,0,2,0,665678,10766,113916,12340,0.0852711950323153,0.5340604172076517
8014,0.8532,1,5,1,665683,10761,113917,12339,0.08523159295399822,0.5341558441558442
8015,0.8533,62,79,62,665762,10682,113979,12277,0.08460588011658852,0.5347358334422231
8016,0.8534,1,0,1,665762,10682,113980,12276,0.08460588011658852,0.5347155675581496
8017,0.8535,2,7,2,665769,10675,113982,12274,0.08455043720694462,0.5348381193080308
8018,0.8536,2,4,2,665773,10671,113984,12272,0.08451875554429096,0.5348908163710064
8019,0.8537,3,2,3,665775,10669,113987,12269,0.08450291471296413,0.5348766239428023
8020,0.8538,4,5,4,665780,10664,113991,12265,0.08446331263464707,0.5349121200226787
8021,0.8539,2,3,2,665783,10661,113993,12263,0.08443955138765682,0.5349415459780144
8022,0.854,11,25,11,665808,10636,114004,12252,0.08424154099607148,0.535302341838518
8023,0.8541,0,4,0,665812,10632,114004,12252,0.08420985933341782,0.535395909805978
8024,0.8542,7,30,7,665842,10602,114011,12245,0.0839722468635154,0.5359565807327001
8025,0.8543,4,5,4,665847,10597,114015,12241,0.08393264478519832,0.5359926438392153
8026,0.8545,2,4,2,665851,10593,114017,12239,0.08390096312254468,0.5360459004905396
8027,0.8547,3,8,3,665859,10585,114020,12236,0.08383759979723736,0.5361728232768065
8028,0.8548,3,4,3,665863,10581,114023,12233,0.0838059181345837,0.5362058385202069
8029,0.8549,0,1,0,665864,10580,114023,12233,0.08379799771892028,0.5362293429185113
8030,0.855,138,170,138,666034,10410,114161,12095,0.08245152705613991,0.5374361253054877
8031,0.8551,0,1,0,666035,10409,114161,12095,0.0824436066404765,0.5374600071098471
8032,0.8552,2,7,2,666042,10402,114163,12093,0.08238816373083259,0.537586130251167
8033,0.8553,0,6,0,666048,10396,114163,12093,0.08234064123685211,0.5377295566721508
8034,0.8554,1,0,1,666048,10396,114164,12092,0.08234064123685211,0.5377090003557453
8035,0.8555,0,5,0,666053,10391,114164,12092,0.08230103915853504,0.5378285815949829
8036,0.8556,2,1,2,666054,10390,114166,12090,0.08229311874287162,0.5378113879003559
8037,0.8557,5,8,5,666062,10382,114171,12085,0.08222975541756432,0.5379000311568077
8038,0.8558,5,12,5,666074,10370,114176,12080,0.08213471042960334,0.5380846325167038
8039,0.856,20,22,20,666096,10348,114196,12060,0.08196046128500824,0.538200642627633
8040,0.8561,3,2,3,666098,10346,114199,12057,0.08194462045368141,0.5381868499754497
8041,0.8562,0,11,0,666109,10335,114199,12057,0.08185749588138386,0.5384512325830654
8042,0.8563,2,3,2,666112,10332,114201,12055,0.08183373463439361,0.5384821548219949
8043,0.8564,0,3,0,666115,10329,114201,12055,0.08180997338740337,0.5385543245175125
8044,0.8565,6,3,6,666118,10326,114207,12049,0.08178621214041312,0.5385027932960894
8045,0.8566,0,1,0,666119,10325,114207,12049,0.08177829172474972,0.538526861535711
8046,0.8567,74,98,74,666217,10227,114281,11975,0.08100209098973514,0.5393658228988379
8047,0.8568,2,1,2,666218,10226,114283,11973,0.08099417057407172,0.539348619307176
8048,0.8569,0,1,0,666219,10225,114283,11973,0.08098625015840831,0.539372916478962
8049,0.857,4,4,4,666223,10221,114287,11969,0.08095456849575466,0.5393871113114015
8050,0.8571,0,3,0,666226,10218,114287,11969,0.08093080724876442,0.5394600441700095
8051,0.8572,2,1,2,666227,10217,114289,11967,0.080922886833101,0.5394428416877028
8052,0.8573,2,2,2,666229,10215,114291,11965,0.08090704600177417,0.5394499549143372
8053,0.8574,2,0,2,666229,10215,114293,11963,0.08090704600177417,0.539408422761295
8054,0.8575,38,44,38,666273,10171,114331,11925,0.08055854771258396,0.5396904417089066
8055,0.8576,0,2,0,666275,10169,114331,11925,0.08054270688125713,0.539739295736399
8056,0.8577,3,14,3,666289,10155,114334,11922,0.08043182106196933,0.5400190243239571
8057,0.8578,1,4,1,666293,10151,114335,11921,0.08040013939931567,0.5400960492932222
8058,0.8579,2,2,2,666295,10149,114337,11919,0.08038429856798884,0.5401033170201196
8059,0.858,19,11,19,666306,10138,114356,11900,0.08029717399569129,0.5399764043924131
8060,0.8581,0,2,0,666308,10136,114356,11900,0.08028133316436446,0.5400254129606099
8061,0.8582,4,7,4,666315,10129,114360,11896,0.08022589025472057,0.5401135073779796
8062,0.8583,26,40,26,666355,10089,114386,11870,0.079909073628184,0.5405528484903684
8063,0.8584,0,2,0,666357,10087,114386,11870,0.07989323279685719,0.5406020858951587
8064,0.8585,5,4,5,666361,10083,114391,11865,0.07986155113420353,0.5405959540732641
8065,0.8586,2,4,2,666365,10079,114393,11863,0.07982986947154987,0.5406526296600127
8066,0.8587,4,5,4,666370,10074,114397,11859,0.07979026739323279,0.5406921077827931
8067,0.8588,6,7,6,666377,10067,114403,11853,0.0797348244835889,0.5407390510948905
8068,0.8589,0,2,0,666379,10065,114403,11853,0.07971898365226207,0.5407883931015603
8069,0.859,2,8,2,666387,10057,114405,11851,0.07965562032695477,0.5409439474164689
8070,0.8591,1,1,1,666388,10056,114406,11850,0.07964769991129135,0.5409476855655985
8071,0.8592,2,20,2,666408,10036,114408,11848,0.07948929159802307,0.5414001096691647
8072,0.8593,5,9,5,666417,10027,114413,11843,0.07941800785705234,0.5415180612711477
8073,0.8595,1,2,1,666419,10025,114414,11842,0.07940216702572551,0.5415466227648968
8074,0.8596,0,3,0,666422,10022,114414,11842,0.07937840577873527,0.5416209293816319
8075,0.8597,1,14,1,666436,10008,114415,11841,0.07926751995944747,0.5419469998626939
8076,0.8598,2,3,2,666439,10005,114417,11839,0.07924375871245723,0.5419794909357261
8077,0.8599,2,2,2,666441,10003,114419,11837,0.0792279178811304,0.5419871794871794
8078,0.86,880,793,880,667234,9210,115299,10957,0.07294702826004308,0.5433133336639063
8079,0.8601,1,0,1,667234,9210,115300,10956,0.07294702826004308,0.5432906872954478
8080,0.8602,1,3,1,667237,9207,115301,10955,0.07292326701305285,0.543348874119631
8081,0.8603,0,1,0,667238,9206,115301,10955,0.07291534659738944,0.5433758246118744
8082,0.8604,0,1,0,667239,9205,115301,10955,0.07290742618172602,0.5434027777777778
8083,0.8605,0,2,0,667241,9203,115301,10955,0.07289158535039919,0.543456692132156
8084,0.8606,0,5,0,667246,9198,115301,10955,0.07285198327208212,0.5435915248350122
8085,0.8607,1,4,1,667250,9194,115302,10954,0.07282030160942846,0.5436767917411157
8086,0.8608,11,11,11,667261,9183,115313,10943,0.0727331770371309,0.5437245354268111
8087,0.8609,0,1,0,667262,9182,115313,10943,0.07272525662146749,0.5437515527950311
8088,0.861,8,10,8,667272,9172,115321,10935,0.07264605246483335,0.5438404535733824
8089,0.8611,0,1,0,667273,9171,115321,10935,0.07263813204916994,0.5438675022381378
8090,0.8612,4,3,4,667276,9168,115325,10931,0.0726143708021797,0.5438579033782776
8091,0.8613,1,3,1,667279,9165,115326,10930,0.07259060955518945,0.5439163971137099
8092,0.8614,1,0,1,667279,9165,115327,10929,0.07259060955518945,0.5438936996118244
8093,0.8615,6,10,6,667289,9155,115333,10923,0.07251140539855531,0.5440282896702859
8094,0.8616,1,2,1,667291,9153,115334,10922,0.07249556456722848,0.5440597758405977
8095,0.8617,12,51,12,667342,9102,115346,10910,0.07209162336839438,0.5451728962622426
8096,0.8618,4,3,4,667345,9099,115350,10906,0.07206786212140413,0.5451637090727318
8097,0.8619,2,6,2,667351,9093,115352,10904,0.07202033962742364,0.5452817922688403
8098,0.862,7,10,7,667361,9083,115359,10897,0.07194113547078951,0.5453953953953954
8099,0.8621,2,3,2,667364,9080,115361,10895,0.07191737422379926,0.5454317897371714
8100,0.8622,3,10,3,667374,9070,115364,10892,0.07183817006716513,0.5456367097485222
8101,0.8623,3,6,3,667380,9064,115367,10889,0.07179064757318464,0.5457324713075727
8102,0.8625,22,31,22,667411,9033,115389,10867,0.0715451146876188,0.5460804020100503
8103,0.8626,1,0,1,667411,9033,115390,10866,0.0715451146876188,0.5460575908337102
8104,0.8627,7,6,7,667417,9027,115397,10859,0.07149759219363833,0.546062556572463
8105,0.8628,1,2,1,667419,9025,115398,10858,0.0714817513623115,0.5460946537242871
8106,0.8629,2,6,2,667425,9019,115400,10856,0.071434228868331,0.5462138364779874
8107,0.863,6,6,6,667431,9013,115406,10850,0.07138670637435053,0.5462417560287972
8108,0.8631,0,2,0,667433,9011,115406,10850,0.0713708655430237,0.5462967624993706
8109,0.8632,3,2,3,667435,9009,115409,10847,0.07135502471169687,0.5462832393231265
8110,0.8633,64,54,64,667489,8955,115473,10783,0.07092732226587252,0.5463066166784882
8111,0.8635,4,6,4,667495,8949,115477,10779,0.07087979977189203,0.5463807785888077
8112,0.8637,2,6,2,667501,8943,115479,10777,0.07083227727791154,0.5465010141987829
8113,0.8638,0,4,0,667505,8939,115479,10777,0.0708005956152579,0.5466118888212619
8114,0.8639,3,1,3,667506,8938,115482,10774,0.07079267519959448,0.5465706168831169
8115,0.864,15,16,15,667522,8922,115497,10759,0.07066594854897985,0.5466693765560693
8116,0.8641,0,2,0,667524,8920,115497,10759,0.07065010771765302,0.5467249352101224
8117,0.8642,7,9,7,667533,8911,115504,10752,0.07057882397668229,0.546813812744749
8118,0.8643,4,5,4,667538,8906,115508,10748,0.07053922189836523,0.5468606899358909
8119,0.8644,1,1,1,667539,8905,115509,10747,0.07053130148270181,0.5468654589863627
8120,0.8645,2,2,2,667541,8903,115511,10745,0.07051546065137498,0.546875
8121,0.8646,1,0,1,667541,8903,115512,10744,0.07051546065137498,0.5468519366824451
8122,0.8647,1,2,1,667543,8901,115513,10743,0.07049961982004815,0.5468845448992059
8123,0.8648,3,7,3,667550,8894,115516,10740,0.07044417691040426,0.5470102882754405
8124,0.865,145,176,145,667726,8718,115661,10595,0.06905018375364338,0.5485942111531094
8125,0.8651,0,4,0,667730,8714,115661,10595,0.06901850209098974,0.5487078564400021
8126,0.8652,2,6,2,667736,8708,115663,10593,0.06897097959700925,0.548831666753018
8127,0.8653,3,4,3,667740,8704,115666,10590,0.06893929793435559,0.5488752980201099
8128,0.8654,0,1,0,667741,8703,115666,10590,0.06893137751869217,0.5489037474731768
8129,0.8655,4,2,4,667743,8701,115670,10586,0.06891553668736536,0.5488671125628661
8130,0.8656,2,1,2,667744,8700,115672,10584,0.06890761627170194,0.5488487865588052
8131,0.8657,2,9,2,667753,8691,115674,10582,0.06883633253073121,0.5490582680433768
8132,0.8658,9,11,9,667764,8680,115683,10573,0.06874920795843366,0.5491611696878409
8133,0.8659,1,2,1,667766,8678,115684,10572,0.06873336712710683,0.5491948051948052
8134,0.866,10,23,10,667789,8655,115694,10562,0.06855119756684831,0.5496175261487225
8135,0.8661,0,1,0,667790,8654,115694,10562,0.0685432771511849,0.549646128226478
8136,0.8662,2,8,2,667798,8646,115696,10560,0.06847991382587758,0.5498281786941581
8137,0.8663,2,3,2,667801,8643,115698,10558,0.06845615257888733,0.5498671944169574
8138,0.8664,0,1,0,667802,8642,115698,10558,0.06844823216322393,0.5498958333333334
8139,0.8665,3,2,3,667804,8640,115701,10555,0.0684323913318971,0.5498827819744725
8140,0.8667,84,105,84,667909,8535,115785,10471,0.06760074768723863,0.5509312848574135
8141,0.8668,1,3,1,667912,8532,115786,10470,0.06757698644024838,0.5509946321439848
8142,0.8669,4,4,4,667916,8528,115790,10466,0.06754530477759473,0.551016110350637
8143,0.867,6,8,6,667924,8520,115796,10460,0.06748194145228742,0.5511064278187566
8144,0.8671,2,11,2,667935,8509,115798,10458,0.06739481687998986,0.551378710391733
8145,0.8672,3,3,3,667938,8506,115801,10455,0.06737105563299962,0.5513949686197985
8146,0.8673,4,2,4,667940,8504,115805,10451,0.0673552148016728,0.5513584806119757
8147,0.8674,1,1,1,667941,8503,115806,10450,0.06734729438600938,0.551363900174115
8148,0.8675,30,40,30,667981,8463,115836,10420,0.06703047775947282,0.551819096541863
8149,0.8676,1,0,1,667981,8463,115837,10419,0.06703047775947282,0.5517953606609469
8150,0.8677,3,3,3,667984,8460,115840,10416,0.06700671651248258,0.5518118245390973
8151,0.8678,0,3,0,667987,8457,115840,10416,0.06698295526549233,0.5518995390240026
8152,0.8679,1,2,1,667989,8455,115841,10415,0.0669671144341655,0.5519342872284049
8153,0.868,13,5,13,667994,8450,115854,10402,0.06692751235584843,0.5517716953108424
8154,0.8681,0,1,0,667995,8449,115854,10402,0.06691959194018503,0.551800965466023
8155,0.8682,3,3,3,667998,8446,115857,10399,0.06689583069319478,0.5518174582117272
8156,0.8683,21,34,21,668032,8412,115878,10378,0.0666265365606387,0.5523150612027674
8157,0.8684,1,0,1,668032,8412,115879,10377,0.0666265365606387,0.5522912342327958
8158,0.8685,1,6,1,668038,8406,115880,10376,0.06657901406665821,0.5524438291981685
8159,0.8686,1,3,1,668041,8403,115881,10375,0.06655525281966798,0.5525082543401854
8160,0.8687,1,4,1,668045,8399,115882,10374,0.06652357115701432,0.5526021413732488
8161,0.8688,1,3,1,668048,8396,115883,10373,0.06649980991002408,0.5526666311471042
8162,0.8689,0,3,0,668051,8393,115883,10373,0.06647604866303383,0.5527549824150059
8163,0.869,9,3,9,668054,8390,115892,10364,0.06645228741604359,0.5526287725285273
8164,0.8691,0,1,0,668055,8389,115892,10364,0.06644436700038019,0.552658241348051
8165,0.8692,3,15,3,668070,8374,115895,10361,0.06632556076542898,0.5530290899386175
8166,0.8693,2,5,2,668075,8369,115897,10359,0.0662859586871119,0.5531290046988466
8167,0.8694,2,4,2,668079,8365,115899,10357,0.06625427702445824,0.5531994445037923
8168,0.8695,1,4,1,668083,8361,115900,10356,0.06622259536180458,0.5532937970828659
8169,0.8696,0,2,0,668085,8359,115900,10356,0.06620675453047777,0.5533529254608602
8170,0.8697,3,9,3,668094,8350,115903,10353,0.06613547078950703,0.5535475592150991
8171,0.8698,3,4,3,668098,8346,115906,10350,0.06610378912685337,0.553594351732991
8172,0.8699,3,1,3,668099,8345,115909,10347,0.06609586871118997,0.5535523218489193
8173,0.87,834,700,834,668799,7645,116743,9513,0.06055157774680015,0.5544352488635039
8174,0.8702,0,6,0,668805,7639,116743,9513,0.06050405525281967,0.554629197761194
8175,0.8703,0,9,0,668814,7630,116743,9513,0.06043277151184894,0.5549203756635361
8176,0.8705,6,3,6,668817,7627,116749,9507,0.0604090102648587,0.5548616785339092
8177,0.8706,0,1,0,668818,7626,116749,9507,0.06040108984919529,0.5548940640868499
8178,0.8707,1,9,1,668827,7617,116750,9506,0.06032980610822456,0.5551597266834083
8179,0.8708,8,11,8,668838,7606,116758,9498,0.060242681535927003,0.5553086997193639
8180,0.8709,0,1,0,668839,7605,116758,9498,0.06023476112026359,0.5553411682161025
8181,0.871,8,6,8,668845,7599,116766,9490,0.060187238626283106,0.5553279887647025
8182,0.8711,1,3,1,668848,7596,116767,9489,0.06016347737929287,0.5553994732221247
8183,0.8712,1,3,1,668851,7593,116768,9488,0.06013971613230262,0.5554709911597682
8184,0.8713,4,3,4,668854,7590,116772,9484,0.06011595488531238,0.5554644488696263
8185,0.8714,1,0,1,668854,7590,116773,9483,0.06011595488531238,0.5554384115269724
8186,0.8715,3,3,3,668857,7587,116776,9480,0.06009219363832214,0.555457901212867
8187,0.8717,28,25,28,668882,7562,116804,9452,0.05989418324673679,0.5555424944163629
8188,0.8718,1,6,1,668888,7556,116805,9451,0.059846660752756305,0.5557123537366967
8189,0.8719,0,1,0,668889,7555,116805,9451,0.05983874033709289,0.555745031165471
8190,0.872,7,18,7,668907,7537,116812,9444,0.05969617285515144,0.5561509922854956
8191,0.8721,1,2,1,668909,7535,116813,9443,0.05968033202382461,0.5561903640004712
8192,0.8722,2,6,2,668915,7529,116815,9441,0.05963280952984413,0.5563347083087802
8193,0.8723,2,1,2,668916,7528,116817,9439,0.059624889114180714,0.5563152000943007
8194,0.8724,3,1,3,668917,7527,116820,9436,0.0596169686985173,0.5562695277957909
8195,0.8725,21,28,21,668945,7499,116841,9415,0.05939519705994171,0.556639470261322
8196,0.8726,1,3,1,668948,7496,116842,9414,0.05937143581295146,0.5567120047309284
8197,0.8727,5,12,5,668960,7484,116847,9409,0.0592763908249905,0.5569762623571893
8198,0.8728,0,3,0,668963,7481,116847,9409,0.05925262957800025,0.5570751924215512
8199,0.8729,1,0,1,668963,7481,116848,9408,0.05925262957800025,0.5570489667831132
8200,0.873,2,4,2,668967,7477,116850,9406,0.0592209479153466,0.557128472427886
8201,0.8731,1,0,1,668967,7477,116851,9405,0.0592209479153466,0.5571022390712
8202,0.8732,1,0,1,668967,7477,116852,9404,0.0592209479153466,0.5570760026064807
8203,0.8733,58,57,58,669024,7420,116910,9346,0.058769484222532,0.5574376714779912
8204,0.8734,3,2,3,669026,7418,116913,9343,0.058753643391205174,0.5574249746435177
8205,0.8735,2,2,2,669028,7416,116915,9341,0.058737802559878344,0.5574386823417079
8206,0.8736,1,2,1,669030,7414,116916,9340,0.058721961728551514,0.5574788110302017
8207,0.8737,4,5,4,669035,7409,116920,9336,0.058682359650234446,0.5575395640489699
8208,0.8738,4,9,4,669044,7400,116924,9332,0.05861107590926372,0.5577336839588812
8209,0.8739,0,5,0,669049,7395,116924,9332,0.05857147383094665,0.557900400550009
8210,0.874,9,16,9,669065,7379,116933,9323,0.058444747180332025,0.5581966231589032
8211,0.8741,0,1,0,669066,7378,116933,9323,0.05843682676466861,0.5582300461050237
8212,0.8742,6,16,6,669082,7362,116939,9317,0.058310100114053985,0.5586066310929911
8213,0.8743,2,7,2,669089,7355,116941,9315,0.05825465720441009,0.5587882423515297
8214,0.8744,0,2,0,669091,7353,116941,9315,0.05823881637308326,0.5588552915766739
8215,0.8745,2,4,2,669095,7349,116943,9313,0.058207134710429605,0.5589365022206217
8216,0.8746,0,2,0,669097,7347,116943,9313,0.058191293879102775,0.5590036014405763
8217,0.8747,1,4,1,669101,7343,116944,9312,0.05815961221644912,0.5591113779645752
8218,0.8748,1,6,1,669107,7337,116945,9311,0.05811208972246863,0.5592864007688612
8219,0.8749,0,4,0,669111,7333,116945,9311,0.05808040805981498,0.5594208123047344
8220,0.875,138,125,138,669236,7208,117083,9173,0.05709035610188823,0.5599780233196997
8221,0.8751,1,0,1,669236,7208,117084,9172,0.05709035610188823,0.55995115995116
8222,0.8752,0,8,0,669244,7200,117084,9172,0.057026992776580916,0.5602247740043977
8223,0.8753,1,4,1,669248,7196,117085,9171,0.056995311113927256,0.5603348200647644
8224,0.8754,0,1,0,669249,7195,117085,9171,0.05698739069826384,0.5603690578027618
8225,0.8755,1,7,1,669256,7188,117086,9170,0.056931947788619944,0.5605819782369483
8226,0.8756,2,4,2,669260,7184,117088,9168,0.05690026612596629,0.5606653620352251
8227,0.8757,4,11,4,669271,7173,117092,9164,0.05681314155366873,0.560935300238722
8228,0.8758,3,10,3,669281,7163,117095,9161,0.0567339373970346,0.5611982357265376
8229,0.876,15,8,15,669289,7155,117110,9146,0.056670574071727285,0.5610698730139255
8230,0.8761,1,0,1,669289,7155,117111,9145,0.056670574071727285,0.561042944785276
8231,0.8762,4,1,4,669290,7154,117115,9141,0.05666265365606387,0.5609696225836146
8232,0.8763,2,3,2,669293,7151,117117,9139,0.056638892409073625,0.5610190300798036
8233,0.8765,1,3,1,669296,7148,117118,9138,0.05661513116208339,0.5610954193786074
8234,0.8767,64,69,64,669365,7079,117182,9074,0.05606862248130782,0.5617532346932458
8235,0.8768,1,1,1,669366,7078,117183,9073,0.056060702065644404,0.561760881679153
8236,0.8769,0,2,0,669368,7076,117183,9073,0.056044861234317574,0.5618304538980742
8237,0.8771,3,2,3,669370,7074,117186,9070,0.05602902040299075,0.561818632309217
8238,0.8772,0,1,0,669371,7073,117186,9070,0.056021099987327336,0.5618534349253547
8239,0.8773,1,12,1,669383,7061,117187,9069,0.05592605499936636,0.5622442653440793
8240,0.8774,0,1,0,669384,7060,117187,9069,0.055918134583702955,0.5622791245582491
8241,0.8775,30,42,30,669426,7018,117217,9039,0.05558547712583956,0.5629320545556455
8242,0.8776,2,1,2,669427,7017,117219,9037,0.05557755671017615,0.5629126697396287
8243,0.8777,4,14,4,669441,7003,117223,9033,0.05546667089088835,0.5632950860563731
8244,0.8778,2,5,2,669446,6998,117225,9031,0.055427068812571284,0.5634163079418554
8245,0.8779,0,2,0,669448,6996,117225,9031,0.055411227981244454,0.5634866163349348
8246,0.878,10,10,10,669458,6986,117235,9021,0.05533202382461032,0.5635659399012932
8247,0.8781,2,3,2,669461,6983,117237,9019,0.055308262577620074,0.5636170478690163
8248,0.8782,4,8,4,669469,6975,117241,9015,0.05524489925231276,0.5637898686679175
8249,0.8783,24,24,24,669493,6951,117265,8991,0.05505480927639082,0.5639819345126083
8250,0.8784,0,1,0,669494,6950,117265,8991,0.05504688886072741,0.5640173138448027
8251,0.8785,5,4,5,669498,6946,117270,8986,0.055015207198073755,0.5640220938990711
8252,0.8786,1,8,1,669506,6938,117271,8985,0.05495184387276644,0.5642780882999435
8253,0.8787,9,4,9,669510,6934,117280,8976,0.05492016221011279,0.5641734758013828
8254,0.8788,0,5,0,669515,6929,117280,8976,0.054880560131795715,0.5643508330713612
8255,0.8789,0,1,0,669516,6928,117280,8976,0.0548726397161323,0.5643863179074446
8256,0.879,7,11,7,669527,6917,117287,8969,0.05478551514383475,0.5645851693314868
8257,0.8791,3,1,3,669528,6916,117290,8966,0.054777594728171335,0.5645384712252864
8258,0.8792,9,10,9,669538,6906,117299,8957,0.05469839057153719,0.5646472924415306
8259,0.8793,4,2,4,669540,6904,117303,8953,0.05468254974021037,0.5646086901683799
8260,0.8794,1,0,1,669540,6904,117304,8952,0.05468254974021037,0.5645812310797175
8261,0.8795,2,4,2,669544,6900,117306,8950,0.05465086807755671,0.5646687697160884
8262,0.8796,2,2,2,669546,6898,117308,8948,0.05463502724622988,0.5646850940300391
8263,0.8797,2,2,2,669548,6896,117310,8946,0.054619186414903056,0.5647014265875521
8264,0.8798,2,4,2,669552,6892,117312,8944,0.0545875047522494,0.5647890881535741
8265,0.88,830,647,830,670199,6245,118142,8114,0.04946299581802053,0.5650811337836896
8266,0.8801,1,4,1,670203,6241,118143,8113,0.049431314155366876,0.5652083043054201
8267,0.8802,2,7,2,670210,6234,118145,8111,0.04937587124572298,0.5654234925060997
8268,0.8803,1,4,1,670214,6230,118146,8110,0.04934418958306932,0.5655509065550907
8269,0.8804,0,1,0,670215,6229,118146,8110,0.049336269167405904,0.5655903480019527
8270,0.8805,2,6,2,670221,6223,118148,8108,0.04928874667342542,0.5657665201311841
8271,0.8806,3,3,3,670224,6220,118151,8105,0.049264985426435176,0.5657940663176265
8272,0.8807,4,7,4,670231,6213,118155,8101,0.04920954251679128,0.5659494201481068
8273,0.8808,8,9,8,670240,6204,118163,8093,0.04913825877582056,0.5660628103798
8274,0.881,3,7,3,670247,6197,118166,8090,0.04908281586617666,0.5662490375866172
8275,0.8811,1,1,1,670248,6196,118167,8089,0.049074895450513245,0.5662583129156458
8276,0.8812,0,2,0,670250,6194,118167,8089,0.049059054619186415,0.5663376041447875
8277,0.8813,0,2,0,670252,6192,118167,8089,0.049043213787859585,0.5664169175828023
8278,0.8814,1,1,1,670253,6191,118168,8088,0.04903529337219617,0.566426220323552
8279,0.8815,3,3,3,670256,6188,118171,8085,0.04901153212520593,0.5664541441883276
8280,0.8816,0,1,0,670257,6187,118171,8085,0.04900361170954252,0.5664938340807175
8281,0.8817,16,17,16,670274,6170,118187,8069,0.04886896464326448,0.5666830535852236
8282,0.8818,0,5,0,670279,6165,118187,8069,0.04882936256494741,0.5668821132499648
8283,0.8819,1,2,1,670281,6163,118188,8068,0.04881352173362058,0.5669313470592369
8284,0.882,6,10,6,670291,6153,118194,8062,0.04873431757698644,0.5671473795286669
8285,0.8821,2,4,2,670295,6149,118196,8060,0.048702635914332784,0.5672461116193962
8286,0.8822,4,2,4,670297,6147,118200,8056,0.048686795083005954,0.5672041118073646
8287,0.8823,4,6,4,670303,6141,118204,8052,0.04863927258902547,0.5673219192559713
8288,0.8824,1,5,1,670308,6136,118205,8051,0.048599670510708404,0.5674913653344611
8289,0.8825,24,24,24,670332,6112,118229,8027,0.048409580534786466,0.5677204894264092
8290,0.8826,0,1,0,670333,6111,118229,8027,0.04840166011912305,0.567760645070024
8291,0.8827,5,3,5,670336,6108,118234,8022,0.04837789887213281,0.567728237791932
8292,0.8828,1,1,1,670337,6107,118235,8021,0.0483699784564694,0.567737825594564
8293,0.8829,2,2,2,670339,6105,118237,8019,0.04835413762514257,0.5677570093457944
8294,0.883,7,4,7,670343,6101,118244,8012,0.04832245596248891,0.5677035357471835
8295,0.8831,2,2,2,670345,6099,118246,8010,0.048306615131162085,0.5677227301722305
8296,0.8832,4,5,4,670350,6094,118250,8006,0.04826701305284501,0.5678014184397163
8297,0.8833,51,69,51,670419,6025,118301,7955,0.04772050437206945,0.5690271816881259
8298,0.8834,0,3,0,670422,6022,118301,7955,0.047696743125079204,0.5691493167346354
8299,0.8835,4,4,4,670426,6018,118305,7951,0.04766506146242555,0.5691889183191352
8300,0.8836,1,0,1,670426,6018,118306,7950,0.04766506146242555,0.5691580756013745
8301,0.8837,2,2,2,670428,6016,118308,7948,0.04764922063109872,0.5691778859925523
8302,0.8838,1,2,1,670430,6014,118309,7947,0.04763337979977189,0.5692285652890194
8303,0.8839,2,1,2,670431,6013,118311,7945,0.047625459384108476,0.5692076228686058
8304,0.884,16,17,16,670448,5996,118327,7929,0.04749081231783044,0.5694075403949731
8305,0.8841,1,1,1,670449,5995,118328,7928,0.04748289190216703,0.5694175105939812
8306,0.8842,8,9,8,670458,5986,118336,7920,0.0474116081611963,0.5695383287789444
8307,0.8843,2,8,2,670466,5978,118338,7918,0.04734824483588899,0.569804260218768
8308,0.8845,3,9,3,670475,5969,118341,7915,0.04727696109491826,0.5700806683952752
8309,0.8846,0,4,0,670479,5965,118341,7915,0.04724527943226461,0.5702449567723343
8310,0.8847,1,6,1,670485,5959,118342,7914,0.047197756938284124,0.5704606069343329
8311,0.8848,3,2,3,670487,5957,118345,7911,0.047181916106957295,0.5704499567349294
8312,0.885,122,99,122,670586,5858,118467,7789,0.046397794956279305,0.5707481497765077
8313,0.8851,1,3,1,670589,5855,118468,7788,0.04637403370928906,0.5708421901341347
8314,0.8852,1,2,1,670591,5853,118469,7787,0.04635819287796224,0.5708944281524927
8315,0.8853,2,6,2,670597,5847,118471,7785,0.046310670383981754,0.5710827464788732
8316,0.8854,1,2,1,670599,5845,118472,7784,0.046294829552654924,0.5711350796096559
8317,0.8855,2,3,2,670602,5842,118474,7782,0.04627106830566468,0.5711978860833823
8318,0.8856,0,2,0,670604,5840,118474,7782,0.04625522747433786,0.571281750110116
8319,0.8857,4,3,4,670607,5837,118478,7778,0.04623146622734761,0.5712816746235769
8320,0.8858,10,10,10,670617,5827,118488,7768,0.04615226207071347,0.5713865391688121
8321,0.8859,1,0,1,670617,5827,118489,7767,0.04615226207071347,0.5713550095630425
8322,0.886,17,9,17,670626,5818,118506,7750,0.04608097832974274,0.5711969339622641
8323,0.8861,4,6,4,670632,5812,118510,7746,0.04603345583576226,0.5713232040123912
8324,0.8862,1,7,1,670639,5805,118511,7745,0.04597801292611836,0.5715867158671587
8325,0.8863,1,2,1,670641,5803,118512,7744,0.04596217209479153,0.5716394773750646
8326,0.8864,0,4,0,670645,5799,118512,7744,0.04593049043213788,0.5718083142582884
8327,0.8865,1,1,1,670646,5798,118513,7743,0.045922570016474464,0.5718189203160771
8328,0.8866,1,0,1,670646,5798,118514,7742,0.045922570016474464,0.5717872968980797
8329,0.8867,51,49,51,670695,5749,118565,7691,0.04553446964896718,0.5722470238095239
8330,0.8868,1,3,1,670698,5746,118566,7690,0.045510708401976935,0.5723429592140518
8331,0.8869,2,5,2,670703,5741,118568,7688,0.04547110632365987,0.5724923672648745
8332,0.887,2,2,2,670705,5739,118570,7686,0.04545526549233304,0.572513966480447
8333,0.8871,2,5,2,670710,5734,118572,7684,0.04541566341401597,0.5726635862274556
8334,0.8872,3,1,3,670711,5733,118575,7681,0.045407742998352554,0.5726107052333383
8335,0.8873,8,6,8,670717,5727,118583,7673,0.04536022050437207,0.5726119402985075
8336,0.8875,23,23,23,670740,5704,118606,7650,0.04517805094411355,0.5728620638011083
8337,0.8876,1,4,1,670744,5700,118607,7649,0.04514636928145989,0.5730017229755038
8338,0.8877,1,2,1,670746,5698,118608,7648,0.045130528450133066,0.5730555971826765
8339,0.8878,1,2,1,670748,5696,118609,7647,0.045114687618806236,0.5731094956156786
8340,0.8879,4,1,4,670749,5695,118613,7643,0.04510676720314282,0.573024441445494
8341,0.888,5,7,5,670756,5688,118618,7638,0.04505132429349892,0.5731652408824853
8342,0.8881,2,3,2,670759,5685,118620,7636,0.04502756304650868,0.5732302379701224
8343,0.8882,6,3,6,670762,5682,118626,7630,0.04500380179951844,0.5731670673076923
8344,0.8883,15,12,15,670774,5670,118641,7615,0.04490875681155747,0.573202860368837
8345,0.8884,1,5,1,670779,5665,118642,7614,0.0448691547332404,0.5733865501920326
8346,0.8885,0,4,0,670783,5661,118642,7614,0.04483747307058675,0.5735593220338983
8347,0.8886,1,5,1,670788,5656,118643,7613,0.04479787099226967,0.5737433114778808
8348,0.8887,2,1,2,670789,5655,118645,7611,0.04478995057660626,0.5737222976028946
8349,0.8888,3,9,3,670798,5646,118648,7608,0.04471866683563554,0.5740153915799004
8350,0.8889,0,5,0,670803,5641,118648,7608,0.04467906475731846,0.5742320175107555
8351,0.889,1,6,1,670809,5635,118649,7607,0.04463154226333798,0.5744600513517596
8352,0.8892,4,21,4,670830,5614,118653,7603,0.04446521353440629,0.575244003934327
8353,0.8893,4,3,4,670833,5611,118657,7599,0.04444145228741604,0.5752460257380773
8354,0.8894,2,5,2,670838,5606,118659,7597,0.044401850209098974,0.5753995304097553
8355,0.8895,1,4,1,670842,5602,118660,7596,0.044370168546445314,0.5755417487498106
8356,0.8896,3,0,3,670842,5602,118663,7593,0.044370168546445314,0.5754452444107616
8357,0.8897,1,2,1,670844,5600,118664,7592,0.04435432771511849,0.5755003032140691
8358,0.8898,2,5,2,670849,5595,118666,7590,0.044314725636801416,0.5756541524459613
8359,0.8899,1,0,1,670849,5595,118667,7589,0.044314725636801416,0.5756219660194175
8360,0.89,747,516,747,671365,5079,119414,6842,0.04022779115447979,0.573945138830635
8361,0.8901,0,1,0,671366,5078,119414,6842,0.040219870738816374,0.5739932885906041
8362,0.8902,1,1,1,671367,5077,119415,6841,0.04021195032315296,0.5740057056553113
8363,0.8903,1,0,1,671367,5077,119416,6840,0.04021195032315296,0.573969958882269
8364,0.8905,2,2,2,671369,5075,119418,6838,0.04019610949182613,0.5739947956014438
8365,0.8907,5,5,5,671374,5070,119423,6833,0.04015650741350906,0.5740569604301436
8366,0.8908,4,10,4,671384,5060,119427,6829,0.04007730325687492,0.5743965009672807
8367,0.8909,0,1,0,671385,5059,119427,6829,0.040069382841211504,0.5744448183041723
8368,0.891,4,9,4,671394,5050,119431,6825,0.03999809910024078,0.5747368421052632
8369,0.8912,1,2,1,671396,5048,119432,6824,0.03998225826891395,0.5747978436657682
8370,0.8913,2,3,2,671399,5045,119434,6822,0.03995849702192371,0.5748714923738097
8371,0.8914,2,1,2,671400,5044,119436,6820,0.039950576606260293,0.5748482805124747
8372,0.8915,3,5,3,671405,5039,119439,6817,0.039910974527943226,0.5749831309041835
8373,0.8917,22,34,22,671439,5005,119461,6795,0.03964168039538715,0.5758474576271186
8374,0.8918,2,2,2,671441,5003,119463,6793,0.03962583956406032,0.5758731773482536
8375,0.892,6,6,6,671447,4997,119469,6787,0.03957831707007984,0.5759504412763069
8376,0.8921,0,1,0,671448,4996,119469,6787,0.039570396654416425,0.5759993210557584
8377,0.8922,0,4,0,671452,4992,119469,6787,0.039538714991762765,0.5761949231683504
8378,0.8923,1,4,1,671456,4988,119470,6786,0.03950703332910911,0.5763546798029556
8379,0.8925,15,23,15,671479,4965,119485,6771,0.03932486376885059,0.5769427402862985
8380,0.8926,0,2,0,671481,4963,119485,6771,0.03930902293752376,0.5770410772115221
8381,0.8927,6,4,6,671485,4959,119491,6765,0.039277341274870106,0.577021494370522
8382,0.8928,1,3,1,671488,4956,119492,6764,0.03925358002787986,0.5771331058020478
8383,0.8929,1,1,1,671489,4955,119493,6763,0.039245659612216446,0.5771462706946577
8384,0.893,3,3,3,671492,4952,119496,6760,0.03922189836522621,0.5771857923497268
8385,0.8931,0,3,0,671495,4949,119496,6760,0.039198137118235964,0.5773336749508925
8386,0.8932,3,1,3,671496,4948,119499,6757,0.03919021670257255,0.5772746689448953
8387,0.8933,35,36,35,671532,4912,119534,6722,0.038905081738689645,0.5777892384390579
8388,0.8934,2,0,2,671532,4912,119536,6720,0.038905081738689645,0.5777166437414031
8389,0.8935,1,4,1,671536,4908,119537,6719,0.03887340007603599,0.5778790745678163
8390,0.8936,0,1,0,671537,4907,119537,6719,0.03886547966037258,0.5779287803199725
8391,0.8937,1,3,1,671540,4904,119538,6718,0.03884171841338233,0.5780416451557391
8392,0.8938,1,3,1,671543,4901,119539,6717,0.038817957166392095,0.5781545877087279
8393,0.8939,1,1,1,671544,4900,119540,6716,0.03881003675072868,0.578168044077135
8394,0.894,6,10,6,671554,4890,119546,6710,0.03873083259409454,0.5784482758620689
8395,0.8941,1,4,1,671558,4886,119547,6709,0.038699150931440884,0.5786114704614058
8396,0.8942,6,13,6,671571,4873,119553,6703,0.0385961855278165,0.5790428472702143
8397,0.8943,6,7,6,671578,4866,119559,6697,0.0385407426181726,0.579174954596558
8398,0.8944,0,1,0,671579,4865,119559,6697,0.038532822202509184,0.5792250475696247
8399,0.8945,2,4,2,671583,4861,119561,6695,0.03850114053985553,0.5793527172031845
8400,0.8946,0,2,0,671585,4859,119561,6695,0.0384852997085287,0.5794530032889043
8401,0.8947,1,2,1,671587,4857,119562,6694,0.03846945887720188,0.5795169249415635
8402,0.8948,2,1,2,671588,4856,119564,6692,0.038461538461538464,0.5794942847246276
8403,0.8949,1,2,1,671590,4854,119565,6691,0.038445697630211634,0.5795582503248159
8404,0.895,99,89,99,671679,4765,119664,6592,0.03774078063616779,0.5804349740248305
8405,0.8951,1,2,1,671681,4763,119665,6591,0.03772493980484096,0.580500264224062
8406,0.8952,1,1,1,671682,4762,119666,6590,0.03771701938917754,0.5805144467935166
8407,0.8953,0,1,0,671683,4761,119666,6590,0.03770909897351413,0.5805655889348956
8408,0.8954,1,3,1,671686,4758,119667,6589,0.03768533772652389,0.5806821186216621
8409,0.8955,2,2,2,671688,4756,119669,6587,0.03766949689519706,0.5807105703958388
8410,0.8956,0,2,0,671690,4754,119669,6587,0.03765365606387023,0.5808129794550745
8411,0.8957,4,10,4,671700,4744,119673,6583,0.037574451907236094,0.5811777169594774
8412,0.8958,6,11,6,671711,4733,119679,6577,0.037487327334938536,0.5815207780725022
8413,0.8959,2,2,2,671713,4731,119681,6575,0.037471486503611706,0.5815496196709712
8414,0.896,10,6,10,671719,4725,119691,6565,0.03742396400963122,0.5814880425155005
8415,0.8961,0,3,0,671722,4722,119691,6565,0.037400202762640986,0.5816425976787455
8416,0.8962,0,1,0,671723,4721,119691,6565,0.03739228234697757,0.5816941343257133
8417,0.8963,3,4,3,671727,4717,119694,6562,0.03736060068432391,0.5817891657061797
8418,0.8964,1,0,1,671727,4717,119695,6561,0.03736060068432391,0.5817520837027842
8419,0.8965,1,2,1,671729,4715,119696,6560,0.03734475985299709,0.5818181818181818
8420,0.8966,2,5,2,671734,4710,119698,6558,0.03730515777468001,0.5820021299254526
8421,0.8967,42,45,42,671779,4665,119740,6516,0.03694873906982638,0.5827743493426348
8422,0.8968,1,6,1,671785,4659,119741,6515,0.0369012165758459,0.5830499373545731
8423,0.8969,0,1,0,671786,4658,119741,6515,0.036893296160182484,0.5831021211849996
8424,0.897,1,2,1,671788,4656,119742,6514,0.03687745532885566,0.5831692032229185
8425,0.8971,1,2,1,671790,4654,119743,6513,0.03686161449752883,0.5832363213038417
8426,0.8972,1,1,1,671791,4653,119744,6512,0.03685369408186542,0.5832512315270936
8427,0.8973,4,8,4,671799,4645,119748,6508,0.036790330756558104,0.583520129113243
8428,0.8974,1,1,1,671800,4644,119749,6507,0.03678241034089469,0.5835351089588378
8429,0.8975,25,27,25,671827,4617,119774,6482,0.03656855911798251,0.5840165780700964
8430,0.8977,2,3,2,671830,4614,119776,6480,0.03654479787099227,0.5840995132504057
8431,0.898,5,5,5,671835,4609,119781,6475,0.0365051957926752,0.5841753879465896
8432,0.8981,0,3,0,671838,4606,119781,6475,0.036481434545684956,0.5843335439039797
8433,0.8982,0,3,0,671841,4603,119781,6475,0.03645767329869472,0.5844917855208521
8434,0.8983,16,10,16,671851,4593,119797,6459,0.036378469142060575,0.5844191096634094
8435,0.8984,0,2,0,671853,4591,119797,6459,0.036362628310733745,0.5845248868778281
8436,0.8985,1,1,1,671854,4590,119798,6458,0.03635470789507033,0.58454018826937
8437,0.8986,1,0,1,671854,4590,119799,6457,0.03635470789507033,0.5845025798859419
8438,0.8987,3,5,3,671859,4585,119802,6454,0.03631510581675326,0.5846544071020926
8439,0.8988,1,3,1,671862,4582,119803,6453,0.03629134456976302,0.5847757136384232
8440,0.8989,0,1,0,671863,4581,119803,6453,0.03628342415409961,0.5848287112561175
8441,0.899,2,0,2,671863,4581,119805,6451,0.03628342415409961,0.5847534445250181
8442,0.8991,1,1,1,671864,4580,119806,6450,0.036275503738436195,0.5847688123300091
8443,0.8992,3,13,3,671877,4567,119809,6447,0.036172538334811814,0.585345923370256
8444,0.8993,3,3,3,671880,4564,119812,6444,0.03614877708782157,0.5853924418604651
8445,0.8994,0,1,0,671881,4563,119812,6444,0.036140856672158155,0.5854456255110384
8446,0.8995,1,4,1,671885,4559,119813,6443,0.0361091750095045,0.5856207962188693
8447,0.8997,1,3,1,671888,4556,119814,6442,0.03608541376251426,0.5857428623386071
8448,0.8999,2,0,2,671888,4556,119816,6440,0.03608541376251426,0.5856675154601674
8449,0.9,743,486,743,672374,4070,120559,5697,0.03223609175009504,0.5832906726732876
8450,0.9002,0,2,0,672376,4068,120559,5697,0.03222025091876822,0.5834101382488479
8451,0.9003,3,5,3,672381,4063,120562,5694,0.032180648840451145,0.5835810187557651
8452,0.9004,0,2,0,672383,4061,120562,5694,0.032164808009124315,0.5837006663249615
8453,0.9005,2,2,2,672385,4059,120564,5692,0.03214896717779749,0.5837350015383037
8454,0.9006,1,0,1,672385,4059,120565,5691,0.03214896717779749,0.5836923076923077
8455,0.9007,1,3,1,672388,4056,120566,5690,0.03212520593080725,0.5838292632875026
8456,0.9008,8,10,8,672398,4046,120574,5682,0.032046001774173105,0.5840871710526315
8457,0.9009,0,1,0,672399,4045,120574,5682,0.0320380813585097,0.5841472190809088
8458,0.901,1,6,1,672405,4039,120575,5681,0.03199055886452921,0.5844650205761317
8459,0.9011,0,1,0,672406,4038,120575,5681,0.0319826384488658,0.5845251569091471
8460,0.9012,1,1,1,672407,4037,120576,5680,0.031974718033202384,0.5845425542863023
8461,0.9013,0,1,0,672408,4036,120576,5680,0.03196679761753897,0.5846027171675586
8462,0.9014,1,1,1,672409,4035,120577,5679,0.031958877201875555,0.5846201358863496
8463,0.9016,1,1,1,672410,4034,120578,5678,0.03195095678621214,0.5846375617792422
8464,0.9017,13,16,13,672426,4018,120591,5665,0.031824230135597514,0.5850459568315605
8465,0.9018,2,3,2,672429,4015,120593,5663,0.031800468888607276,0.5851415581731763
8466,0.902,5,6,5,672435,4009,120598,5658,0.03175294639462679,0.5852901624081929
8467,0.9021,2,4,2,672439,4005,120600,5656,0.031721264731973134,0.5854466411344581
8468,0.9022,0,2,0,672441,4003,120600,5656,0.031705423900646304,0.5855678641681333
8469,0.9023,0,2,0,672443,4001,120600,5656,0.03168958306931948,0.5856891374132753
8470,0.9025,16,16,16,672459,3985,120616,5640,0.031562856418704856,0.5859740259740259
8471,0.9026,1,3,1,672462,3982,120617,5639,0.03153909517171461,0.5861137095935973
8472,0.9027,2,2,2,672464,3980,120619,5637,0.03152325434038778,0.5861495268794843
8473,0.9028,1,3,1,672467,3977,120620,5636,0.03149949309339754,0.5862893997711432
8474,0.9029,3,3,3,672470,3974,120623,5633,0.0314757318464073,0.5863432913500572
8475,0.903,2,2,2,672472,3972,120625,5631,0.03145989101508047,0.5863792564823492
8476,0.9032,1,2,1,672474,3970,120626,5630,0.031444050183753645,0.5864583333333333
8477,0.9033,50,44,50,672518,3926,120676,5580,0.031095551894563426,0.586997685672207
8478,0.9034,0,1,0,672519,3925,120676,5580,0.031087631478900014,0.5870594423987375
8479,0.9035,0,4,0,672523,3921,120676,5580,0.031055949816246358,0.5873065993053362
8480,0.9036,1,2,1,672525,3919,120677,5579,0.031040108984919528,0.5873868182775321
8481,0.9037,1,2,1,672527,3917,120678,5578,0.031024268153592702,0.5874670879410215
8482,0.9038,2,1,2,672528,3916,120680,5576,0.031016347737929287,0.5874420564686051
8483,0.9039,1,2,1,672530,3914,120681,5575,0.031000506906602457,0.5875223943513542
8484,0.904,6,5,6,672535,3909,120687,5569,0.03096090482828539,0.5875712175564465
8485,0.9041,0,1,0,672536,3908,120687,5569,0.030952984412621974,0.5876332172628469
8486,0.9042,4,6,4,672542,3902,120691,5565,0.03090546191864149,0.5878314143868174
8487,0.9043,1,4,1,672546,3898,120692,5564,0.030873780255987835,0.5880363559501163
8488,0.9044,0,2,0,672548,3896,120692,5564,0.030857939424661005,0.5881606765327696
8489,0.9045,1,0,1,672548,3896,120693,5563,0.030857939424661005,0.5881171371180886
8490,0.9046,1,1,1,672549,3895,120694,5562,0.030850019008997594,0.5881357724436925
8491,0.9047,2,2,2,672551,3893,120696,5560,0.030834178177670764,0.5881730667512959
8492,0.9048,1,0,1,672551,3893,120697,5559,0.030834178177670764,0.5881294964028777
8493,0.905,93,80,93,672631,3813,120790,5466,0.030200544924597644,0.5890720982864532
8494,0.9051,1,0,1,672631,3813,120791,5465,0.030200544924597644,0.5890278077171804
8495,0.9052,0,3,0,672634,3810,120791,5465,0.0301767836776074,0.5892183288409704
8496,0.9053,1,0,1,672634,3810,120792,5464,0.0301767836776074,0.5891740349363813
8497,0.9054,0,2,0,672636,3808,120792,5464,0.030160942846280573,0.5893011216566005
8498,0.9055,2,4,2,672640,3804,120794,5462,0.030129261183626917,0.5894668681200086
8499,0.9056,1,0,1,672640,3804,120795,5461,0.030129261183626917,0.5894225580140313
8500,0.9057,3,3,3,672643,3801,120798,5458,0.030105499936636675,0.5894805054541528
8501,0.9058,2,5,2,672648,3796,120800,5456,0.030065897858319604,0.5897103329009944
8502,0.906,7,10,7,672658,3786,120807,5449,0.029986693701685465,0.5900378992961559
8503,0.9061,0,1,0,672659,3785,120807,5449,0.02997877328602205,0.5901017977041368
8504,0.9062,2,2,2,672661,3783,120809,5447,0.029962932454695224,0.5901408450704225
8505,0.9063,3,4,3,672665,3779,120812,5444,0.029931250792041567,0.5902634717553942
8506,0.9064,1,4,1,672669,3775,120813,5443,0.02989956912938791,0.5904751573009329
8507,0.9065,3,2,3,672671,3773,120816,5440,0.02988372829806108,0.5904699880603496
8508,0.9067,46,49,46,672720,3724,120862,5394,0.029495627930553797,0.591577100241281
8509,0.9068,1,0,1,672720,3724,120863,5393,0.029495627930553797,0.5915323022924207
8510,0.9069,1,0,1,672720,3724,120864,5392,0.029495627930553797,0.5914874945151383
8511,0.907,1,4,1,672724,3720,120865,5391,0.02946394626790014,0.5917023378333882
8512,0.9071,1,0,1,672724,3720,120866,5390,0.02946394626790014,0.5916575192096597
8513,0.9072,3,4,3,672728,3716,120869,5387,0.029432264605246485,0.5917829287048226
8514,0.9073,1,2,1,672730,3714,120870,5386,0.029416423773919655,0.5918681318681319
8515,0.9074,1,2,1,672732,3712,120871,5385,0.029400582942592828,0.5919533912278773
8516,0.9075,19,15,19,672747,3697,120890,5366,0.029281776707641618,0.5920776784729118
8517,0.9077,0,1,0,672748,3696,120890,5366,0.029273856291978203,0.5921430147870227
8518,0.9078,1,3,1,672751,3693,120891,5365,0.02925009504498796,0.5922941046588651
8519,0.9079,0,3,0,672754,3690,120891,5365,0.02922633379799772,0.5924903368304804
8520,0.908,4,2,4,672756,3688,120895,5361,0.02921049296667089,0.5924411537186429
8521,0.9081,0,1,0,672757,3687,120895,5361,0.029202572551007475,0.5925066312997348
8522,0.9082,1,4,1,672761,3683,120896,5360,0.029170890888353822,0.5927236536547605
8523,0.9083,14,14,14,672775,3669,120910,5346,0.029060005069066024,0.5930116472545757
8524,0.9085,5,4,5,672779,3665,120915,5341,0.029028323406412367,0.593049078392183
8525,0.9086,1,4,1,672783,3661,120916,5340,0.02899664174375871,0.5932674147316965
8526,0.9088,1,3,1,672786,3658,120917,5339,0.02897288049676847,0.5934200288985217
8527,0.9089,1,0,1,672786,3658,120918,5338,0.02897288049676847,0.5933748332592264
8528,0.909,2,5,2,672791,3653,120920,5336,0.028933278418451402,0.5936144176215374
8529,0.9092,7,7,7,672798,3646,120927,5329,0.0288778355088075,0.5937604456824512
8530,0.9093,0,6,0,672804,3640,120927,5329,0.028830313014827018,0.5941576541420448
8531,0.9094,0,2,0,672806,3638,120927,5329,0.02881447218350019,0.594290175086428
8532,0.9097,0,2,0,672808,3636,120927,5329,0.02879863135217336,0.5944227551589515
8533,0.9098,2,2,2,672810,3634,120929,5327,0.028782790520846535,0.5944649034705948
8534,0.9099,1,0,1,672810,3634,120930,5326,0.028782790520846535,0.5944196428571429
8535,0.91,640,395,640,673205,3239,121570,4686,0.025654226333798,0.5912933753943218
8536,0.9101,1,0,1,673205,3239,121571,4685,0.025654226333798,0.5912417970721857
8537,0.9103,2,1,2,673206,3238,121573,4683,0.025646305918134583,0.5912132306526954
8538,0.9104,1,1,1,673207,3237,121574,4682,0.02563838550247117,0.5912362672054552
8539,0.9106,0,3,0,673210,3234,121574,4682,0.025614624255480927,0.5914603335017685
8540,0.9107,1,5,1,673215,3229,121575,4681,0.025575022177163856,0.5917825537294564
8541,0.9108,3,7,3,673222,3222,121578,4678,0.025519579267519958,0.5921518987341772
8542,0.9109,0,2,0,673224,3220,121578,4678,0.02550373843619313,0.592301848569258
8543,0.911,4,2,4,673226,3218,121582,4674,0.025487897604866302,0.5922453117080588
8544,0.9111,0,2,0,673228,3216,121582,4674,0.025472056773539475,0.5923954372623574
8545,0.9112,1,2,1,673230,3214,121583,4673,0.02545621594221265,0.5924939774312159
8546,0.9113,5,1,5,673231,3213,121588,4668,0.025448295526549234,0.5923106204796346
8547,0.9114,3,1,3,673232,3212,121591,4665,0.02544037511088582,0.5922305446235877
8548,0.9115,1,2,1,673234,3210,121592,4664,0.025424534279558993,0.5923291846583694
8549,0.9117,8,24,8,673258,3186,121600,4656,0.025234444303637055,0.5937260902830911
8550,0.9118,0,1,0,673259,3185,121600,4656,0.02522652388797364,0.5938018109934957
8551,0.912,7,2,7,673261,3183,121607,4649,0.025210683056646813,0.5935903983656793
8552,0.9121,0,1,0,673262,3182,121607,4649,0.0252027626409834,0.5936661984420891
8553,0.9122,1,5,1,673267,3177,121608,4648,0.025163160562666327,0.5939936102236422
8554,0.9123,2,5,2,673272,3172,121610,4646,0.02512355848434926,0.594269634177539
8555,0.9124,2,3,2,673275,3169,121612,4644,0.025099797237359018,0.5943939587866377
8556,0.9125,22,23,22,673298,3146,121634,4622,0.024917627677100495,0.595005149330587
8557,0.9126,0,1,0,673299,3145,121634,4622,0.02490970726143708,0.5950817561478048
8558,0.9127,0,6,0,673305,3139,121634,4622,0.024862184767456597,0.5955418116222136
8559,0.9128,1,1,1,673306,3138,121635,4621,0.024854264351793182,0.5955664389740946
8560,0.9129,3,3,3,673309,3135,121638,4618,0.02483050310480294,0.5956403972655746
8561,0.913,1,11,1,673320,3124,121639,4617,0.024743378532505387,0.5964345691771089
8562,0.9131,2,0,2,673320,3124,121641,4615,0.024743378532505387,0.5963302752293578
8563,0.9132,0,2,0,673322,3122,121641,4615,0.024727537701178557,0.5964844254879152
8564,0.9133,29,29,29,673351,3093,121670,4586,0.02449784564693955,0.5972131787993228
8565,0.9134,1,0,1,673351,3093,121671,4585,0.02449784564693955,0.5971607189372232
8566,0.9135,2,2,2,673353,3091,121673,4583,0.024482004815612725,0.5972113630440449
8567,0.9136,0,1,0,673354,3090,121673,4583,0.02447408439994931,0.597289195881663
8568,0.9137,0,1,0,673355,3089,121673,4583,0.024466163984285895,0.5973670490093848
8569,0.9138,0,1,0,673356,3088,121673,4583,0.02445824356862248,0.5974449224351454
8570,0.9139,1,0,1,673356,3088,121674,4582,0.02445824356862248,0.5973924380704042
8571,0.914,11,8,11,673364,3080,121685,4571,0.02439488024331517,0.5974382433668801
8572,0.9142,3,4,3,673368,3076,121688,4568,0.024363198580661515,0.597592883307169
8573,0.9143,1,6,1,673374,3070,121689,4567,0.02431567608668103,0.598009689668718
8574,0.9144,0,1,0,673375,3069,121689,4567,0.024307755671017613,0.5980880041906758
8575,0.9145,1,1,1,673376,3068,121690,4566,0.024299835255354202,0.5981137018600996
8576,0.9146,1,0,1,673376,3068,121691,4565,0.024299835255354202,0.598061050700904
8577,0.9147,4,2,4,673378,3066,121695,4561,0.024283994424027372,0.598007080110135
8578,0.9148,3,3,3,673381,3063,121698,4558,0.02426023317703713,0.598084240913266
8579,0.915,78,74,78,673455,2989,121776,4480,0.023674122417944494,0.5998125585754451
8580,0.9152,2,7,2,673462,2982,121778,4478,0.023618679508300596,0.6002680965147453
8581,0.9153,1,3,1,673465,2979,121779,4477,0.023594918261310355,0.600456008583691
8582,0.9155,1,1,1,673466,2978,121780,4476,0.02358699784564694,0.6004829621679635
8583,0.9156,0,4,0,673470,2974,121780,4476,0.023555316182993283,0.6008053691275168
8584,0.9157,4,3,4,673473,2971,121784,4472,0.023531554936003042,0.6008329974472659
8585,0.9158,7,5,7,673478,2966,121791,4465,0.02349195285768597,0.6008612568967837
8586,0.916,10,10,10,673488,2956,121801,4455,0.023412748701051832,0.6011334502766158
8587,0.9161,0,1,0,673489,2955,121801,4455,0.023404828285388417,0.6012145748987854
8588,0.9162,3,2,3,673491,2953,121804,4452,0.02338898745406159,0.6012153950033761
8589,0.9163,2,2,2,673493,2951,121806,4450,0.02337314662273476,0.6012700986353195
8590,0.9164,1,0,1,673493,2951,121807,4449,0.02337314662273476,0.6012162162162162
8591,0.9165,4,0,4,673493,2951,121811,4445,0.02337314662273476,0.6010005408328827
8592,0.9166,1,0,1,673493,2951,121812,4444,0.02337314662273476,0.6009465855307641
8593,0.9167,42,35,42,673528,2916,121854,4402,0.023095932074515272,0.6015304728067778
8594,0.9168,3,0,3,673528,2916,121857,4399,0.023095932074515272,0.601367053998633
8595,0.9169,1,0,1,673528,2916,121858,4398,0.023095932074515272,0.601312551271534
8596,0.9171,2,0,2,673528,2916,121860,4396,0.023095932074515272,0.6012035010940919
8597,0.9172,0,3,0,673531,2913,121860,4396,0.023072170827525027,0.6014502667943631
8598,0.9173,1,0,1,673531,2913,121861,4395,0.023072170827525027,0.6013957307060755
8599,0.9174,0,2,0,673533,2911,121861,4395,0.0230563299961982,0.6015603613468382
8600,0.9175,21,23,21,673556,2888,121882,4374,0.022874160435939678,0.6023134122831176
8601,0.9176,2,2,2,673558,2886,121884,4372,0.02285831960461285,0.6023697988426564
8602,0.9177,1,2,1,673560,2884,121885,4371,0.02284247877328602,0.6024810475534115
8603,0.9178,0,1,0,673561,2883,121885,4371,0.022834558357622606,0.6025641025641025
8604,0.9179,1,1,1,673562,2882,121886,4370,0.022826637941959195,0.602592388306674
8605,0.918,8,6,8,673568,2876,121894,4362,0.02277911544797871,0.6026526664824537
8606,0.9182,2,2,2,673570,2874,121896,4360,0.022763274616651882,0.6027094277025159
8607,0.9183,14,9,14,673579,2865,121910,4346,0.022691990875681155,0.6026903342116211
8608,0.9185,0,1,0,673580,2864,121910,4346,0.022684070460017743,0.6027739251040222
8609,0.9186,0,2,0,673582,2862,121910,4346,0.022668229628690913,0.6029411764705882
8610,0.9187,0,2,0,673584,2860,121910,4346,0.022652388797364087,0.6031085206772134
8611,0.9188,2,0,2,673584,2860,121912,4344,0.022652388797364087,0.6029983342587452
8612,0.9189,2,2,2,673586,2858,121914,4342,0.022636547966037257,0.6030555555555556
8613,0.919,3,8,3,673594,2850,121917,4339,0.022573184640729944,0.6035609959660593
8614,0.9191,0,1,0,673595,2849,121917,4339,0.022565264225066533,0.6036449638286032
8615,0.9192,2,5,2,673600,2844,121919,4337,0.02252566214674946,0.6039548809358029
8616,0.9193,2,1,2,673601,2843,121921,4335,0.022517741731086047,0.6039286709389802
8617,0.9194,0,1,0,673602,2842,121921,4335,0.022509821315422632,0.6040128187264874
8618,0.9195,2,4,2,673606,2838,121923,4333,0.02247813965276898,0.6042392971691536
8619,0.9196,2,2,2,673608,2836,121925,4331,0.02246229882144215,0.6042974745360681
8620,0.9197,1,8,1,673616,2828,121926,4330,0.022398935496134836,0.604917574741548
8621,0.9198,2,0,2,673616,2828,121928,4328,0.022398935496134836,0.6048071548351034
8622,0.9199,1,0,1,673616,2828,121929,4327,0.022398935496134836,0.6047519217330538
8623,0.92,582,378,582,673994,2450,122511,3745,0.01940501837536434,0.6045197740112994
8624,0.9201,1,0,1,673994,2450,122512,3744,0.01940501837536434,0.6044559250887956
8625,0.9203,0,2,0,673996,2448,122512,3744,0.01938917754403751,0.6046511627906976
8626,0.9204,1,2,1,673998,2446,122513,3743,0.019373336712710684,0.604782678946518
8627,0.9205,3,2,3,674000,2444,122516,3740,0.019357495881383854,0.6047865459249676
8628,0.9206,0,1,0,674001,2443,122516,3740,0.019349575465720442,0.6048843603428756
8629,0.9207,3,4,3,674005,2439,122519,3737,0.019317893803066786,0.6050841968911918
8630,0.9208,2,4,2,674009,2435,122521,3735,0.01928621214041313,0.6053484602917342
8631,0.9209,1,5,1,674014,2430,122522,3734,0.019246610062096058,0.6057754704737184
8632,0.921,2,1,2,674015,2429,122524,3732,0.019238689646432643,0.6057458204836877
8633,0.9212,3,4,3,674019,2425,122527,3729,0.019207007983778987,0.6059473513162171
8634,0.9213,0,3,0,674022,2422,122527,3729,0.019183246736788746,0.6062428873353927
8635,0.9215,1,1,1,674023,2421,122528,3728,0.019175326321125334,0.6062774434867458
8636,0.9216,1,1,1,674024,2420,122529,3727,0.01916740590546192,0.6063120221246137
8637,0.9217,11,6,11,674030,2414,122540,3716,0.019119883411481433,0.6061990212071778
8638,0.9218,2,4,2,674034,2410,122542,3714,0.01908820174882778,0.6064663618549967
8639,0.9219,0,2,0,674036,2408,122542,3714,0.01907236091750095,0.6066644887291734
8640,0.922,3,3,3,674039,2405,122545,3711,0.01904859967051071,0.6067691301504251
8641,0.9221,0,3,0,674042,2402,122545,3711,0.019024838423520467,0.6070669065925077
8642,0.9222,0,2,0,674044,2400,122545,3711,0.019008997592193638,0.6072655866470299
8643,0.9223,2,2,2,674046,2398,122547,3709,0.01899315676086681,0.6073358441133125
8644,0.9224,1,1,1,674047,2397,122548,3708,0.018985236345203396,0.6073710073710074
8645,0.9225,19,7,19,674054,2390,122567,3689,0.0189297934355595,0.6068432307945386
8646,0.9227,2,2,2,674056,2388,122569,3687,0.01891395260423267,0.6069135802469136
8647,0.9228,0,4,0,674060,2384,122569,3687,0.018882270941579016,0.6073134574205238
8648,0.9229,3,1,3,674061,2383,122572,3684,0.0188743505259156,0.6072193835503544
8649,0.923,0,2,0,674063,2381,122572,3684,0.01885850969458877,0.6074196207749382
8650,0.9231,0,5,0,674068,2376,122572,3684,0.018818907616271703,0.6079207920792079
8651,0.9232,2,1,2,674069,2375,122574,3682,0.018810987200608288,0.6078916955588575
8652,0.9233,31,21,31,674090,2354,122605,3651,0.018644658471676595,0.6079933388842631
8653,0.9235,1,0,1,674090,2354,122606,3650,0.018644658471676595,0.6079280479680214
8654,0.9236,2,1,2,674091,2353,122608,3648,0.01863673805601318,0.6078986835527412
8655,0.9238,2,0,2,674091,2353,122610,3646,0.01863673805601318,0.6077679613268878
8656,0.9239,2,2,2,674093,2351,122612,3644,0.01862089722468635,0.6078398665554628
8657,0.924,4,8,4,674101,2343,122616,3640,0.01855753389937904,0.6083904395788066
8658,0.9242,2,5,2,674106,2338,122618,3638,0.01851793182106197,0.6087684069611781
8659,0.9243,1,4,1,674110,2334,122619,3637,0.018486250158408313,0.6091107017250041
8660,0.9244,2,1,2,674111,2333,122621,3635,0.0184783297427449,0.6090817694369973
8661,0.9245,2,0,2,674111,2333,122623,3633,0.0184783297427449,0.6089507207509219
8662,0.9247,0,1,0,674112,2332,122623,3633,0.018470409327081484,0.6090528080469405
8663,0.9248,2,2,2,674114,2330,122625,3631,0.018454568495754657,0.6091259855728904
8664,0.9249,0,1,0,674115,2329,122625,3631,0.018446648080091242,0.6092281879194631
8665,0.925,63,55,63,674170,2274,122688,3568,0.018011025218603472,0.6107497432386169
8666,0.9252,0,1,0,674171,2273,122688,3568,0.018003104802940057,0.61085430576956
8667,0.9253,1,1,1,674172,2272,122689,3567,0.017995184387276646,0.6108922760746703
8668,0.9254,4,4,4,674176,2268,122693,3563,0.01796350272462299,0.6110444177671068
8669,0.9255,1,3,1,674179,2265,122694,3562,0.017939741477632744,0.6112922601681826
8670,0.9256,2,3,2,674182,2262,122696,3560,0.017915980230642503,0.6114737203710066
8671,0.9257,1,1,1,674183,2261,122697,3559,0.01790805981497909,0.611512027491409
8672,0.9258,4,6,4,674189,2255,122701,3555,0.017860537320998605,0.6118760757314974
8673,0.926,10,12,10,674201,2243,122711,3545,0.017765492333037636,0.6124740843123704
8674,0.9261,0,3,0,674204,2240,122711,3545,0.017741731086047395,0.6127917026793431
8675,0.9263,0,1,0,674205,2239,122711,3545,0.01773381067038398,0.6128976486860305
8676,0.9265,3,2,3,674207,2237,122714,3542,0.017717969839057154,0.6129088077522062
8677,0.9266,0,5,0,674212,2232,122714,3542,0.017678367760740082,0.6134395566331833
8678,0.9267,35,33,35,674245,2199,122749,3507,0.01741699404384742,0.6146161934805467
8679,0.9268,2,3,2,674248,2196,122751,3505,0.01739323279685718,0.6148044202771443
8680,0.9269,0,1,0,674249,2195,122751,3505,0.017385312381193764,0.6149122807017544
8681,0.927,4,5,4,674254,2190,122755,3501,0.017345710302876696,0.6151818661043753
8682,0.9271,2,2,2,674256,2188,122757,3499,0.017329869471549866,0.6152628802532091
8683,0.9272,2,3,2,674259,2185,122759,3497,0.017306108224559625,0.6154523055262232
8684,0.9273,0,2,0,674261,2183,122759,3497,0.0172902673932328,0.615669014084507
8685,0.9274,1,1,1,674262,2182,122760,3496,0.017282346977569384,0.6157097569566748
8686,0.9275,15,10,15,674272,2172,122775,3481,0.01720314282093524,0.6157792322660535
8687,0.9276,1,3,1,674275,2169,122776,3480,0.017179381573945,0.6160382368560807
8688,0.9277,1,3,1,674278,2166,122777,3479,0.01715562032695476,0.6162976085031001
8689,0.9278,1,1,1,674279,2165,122778,3478,0.017147699911291343,0.6163388268651426
8690,0.9279,1,1,1,674280,2164,122779,3477,0.017139779495627932,0.6163800744548839
8691,0.928,2,4,2,674284,2160,122781,3475,0.017108097832974276,0.616681455190772
8692,0.9281,0,1,0,674285,2159,122781,3475,0.01710017741731086,0.6167909123180688
8693,0.9282,2,3,2,674288,2156,122783,3473,0.01707641617032062,0.6169834784153491
8694,0.9283,10,13,10,674301,2143,122793,3463,0.016973450766696235,0.6177310024973243
8695,0.9285,2,3,2,674304,2140,122795,3461,0.016949689519705994,0.617925370469559
8696,0.9286,2,0,2,674304,2140,122797,3459,0.016949689519705994,0.6177888908733703
8697,0.9287,1,2,1,674306,2138,122798,3458,0.016933848688379168,0.6179413867047892
8698,0.9288,2,3,2,674309,2135,122800,3456,0.016910087441388923,0.6181362904668217
8699,0.9289,2,4,2,674313,2131,122802,3454,0.016878405778735266,0.6184422560429722
8700,0.929,3,2,3,674315,2129,122805,3451,0.01686256494740844,0.6184587813620072
8701,0.9292,3,3,3,674318,2126,122808,3448,0.0168388037004182,0.6185862935055615
8702,0.9293,1,2,1,674320,2124,122809,3447,0.01682296286909137,0.6187399030694669
8703,0.9295,1,0,1,674320,2124,122810,3446,0.01682296286909137,0.6186714542190305
8704,0.9296,1,3,1,674323,2121,122811,3445,0.016799201622101127,0.6189363995688106
8705,0.9297,0,1,0,674324,2120,122811,3445,0.016791281206437712,0.6190476190476191
8706,0.9298,2,2,2,674326,2118,122813,3443,0.016775440375110886,0.6191332494155727
8707,0.93,557,330,557,674656,1788,123370,2886,0.01416170320618426,0.6174582798459564
8708,0.9302,0,2,0,674658,1786,123370,2886,0.014145862374857432,0.617722602739726
8709,0.9303,0,1,0,674659,1785,123370,2886,0.014137941959194019,0.6178548490687219
8710,0.9305,3,1,3,674660,1784,123373,2883,0.014130021543530604,0.6177415898864367
8711,0.9306,0,2,0,674662,1782,123373,2883,0.014114180712203776,0.6180064308681672
8712,0.9307,1,0,1,674662,1782,123374,2882,0.014114180712203776,0.6179245283018868
8713,0.9308,1,2,1,674664,1780,123375,2881,0.01409833988087695,0.6181077022098262
8714,0.931,3,4,3,674668,1776,123378,2878,0.014066658218223293,0.6183927804039536
8715,0.9311,1,0,1,674668,1776,123379,2877,0.014066658218223293,0.6183107672469375
8716,0.9312,1,0,1,674668,1776,123380,2876,0.014066658218223293,0.6182287188306105
8717,0.9313,1,3,1,674671,1773,123381,2875,0.01404289697123305,0.6185456110154905
8718,0.9314,0,1,0,674672,1772,123381,2875,0.014034976555569637,0.6186787174521197
8719,0.9315,1,0,1,674672,1772,123382,2874,0.014034976555569637,0.618596642272923
8720,0.9316,0,1,0,674673,1771,123382,2874,0.014027056139906222,0.6187298170075349
8721,0.9317,7,10,7,674683,1761,123389,2867,0.013947851983272083,0.6194900605012964
8722,0.9318,0,4,0,674687,1757,123389,2867,0.013916170320618426,0.6200259515570934
8723,0.9319,0,3,0,674690,1754,123389,2867,0.013892409073628185,0.6204284786842674
8724,0.932,2,4,2,674694,1750,123391,2865,0.013860727410974528,0.6208017334777898
8725,0.9321,1,0,1,674694,1750,123392,2864,0.013860727410974528,0.6207195491980928
8726,0.9325,19,11,19,674705,1739,123411,2845,0.013773602838676974,0.6206369982547993
8727,0.9327,0,1,0,674706,1738,123411,2845,0.01376568242301356,0.62077241981235
8728,0.9329,1,3,1,674709,1735,123412,2844,0.013741921176023318,0.6210963092378249
8729,0.933,0,2,0,674711,1733,123412,2844,0.01372608034469649,0.6213677081057462
8730,0.9331,0,1,0,674712,1732,123412,2844,0.013718159929033075,0.6215034965034965
8731,0.9333,23,19,23,674731,1713,123435,2821,0.01356767203142821,0.6221879135421261
8732,0.9335,2,1,2,674732,1712,123437,2819,0.013559751615764795,0.6221584639152505
8733,0.9337,0,2,0,674734,1710,123437,2819,0.013543910784437967,0.6224332082137337
8734,0.9338,3,3,3,674737,1707,123440,2816,0.013520149537447726,0.6225956223745301
8735,0.9339,1,3,1,674740,1704,123441,2815,0.013496388290457483,0.622925425979199
8736,0.934,9,1,9,674741,1703,123450,2806,0.01348846787479407,0.6223109336881792
8737,0.9342,2,1,2,674742,1702,123452,2804,0.013480547459130654,0.6222814025743453
8738,0.9343,0,1,0,674743,1701,123452,2804,0.013472627043467241,0.6224195338512764
8739,0.9344,1,2,1,674745,1699,123453,2803,0.013456786212140413,0.6226121723678365
8740,0.9345,2,4,2,674749,1695,123455,2801,0.013425104549486757,0.6229982206405694
8741,0.9347,0,4,0,674753,1691,123455,2801,0.0133934228868331,0.6235529830810329
8742,0.9349,1,1,1,674754,1690,123456,2800,0.013385502471169687,0.623608017817372
8743,0.935,52,46,52,674800,1644,123508,2748,0.013021163350652643,0.6256830601092896
8744,0.9351,1,1,1,674801,1643,123509,2747,0.013013242934989228,0.625740318906606
8745,0.9352,0,1,0,674802,1642,123509,2747,0.013005322519325815,0.6258828890407838
8746,0.9355,1,1,1,674803,1641,123510,2746,0.0129974021036624,0.6259402780943697
8747,0.9357,1,1,1,674804,1640,123511,2745,0.012989481687998987,0.6259977194982896
8748,0.9358,2,2,2,674806,1638,123513,2743,0.012973640856672158,0.6261127596439169
8749,0.9359,0,1,0,674807,1637,123513,2743,0.012965720441008743,0.6262557077625571
8750,0.936,4,2,4,674809,1635,123517,2739,0.012949879609681915,0.6262002743484225
8751,0.9361,0,1,0,674810,1634,123517,2739,0.012941959194018502,0.6263434713011663
8752,0.9362,1,2,1,674812,1632,123518,2738,0.012926118362691674,0.6265446224256292
8753,0.9364,5,2,5,674814,1630,123523,2733,0.012910277531364846,0.6264038505615402
8754,0.9365,4,2,4,674816,1628,123527,2729,0.012894436700038018,0.6263484048657333
8755,0.9366,0,1,0,674817,1627,123527,2729,0.012886516284374604,0.6264921946740128
8756,0.9367,21,20,21,674837,1607,123548,2708,0.012728107971106324,0.6275782155272306
8757,0.9368,0,3,0,674840,1604,123548,2708,0.012704346724116081,0.6280148423005566
8758,0.9369,0,3,0,674843,1601,123548,2708,0.01268058547712584,0.628452077048039
8759,0.937,1,2,1,674845,1599,123549,2707,0.012664744645799012,0.628657686948444
8760,0.9371,0,3,0,674848,1596,123549,2707,0.012640983398808769,0.6290959795491518
8761,0.9373,2,1,2,674849,1595,123551,2705,0.012633062983145356,0.6290697674418605
8762,0.9374,2,0,2,674849,1595,123553,2703,0.012633062983145356,0.6288971614704514
8763,0.9375,22,9,22,674858,1586,123575,2681,0.01256177924217463,0.6283102882587298
8764,0.9377,3,1,3,674859,1585,123578,2678,0.012553858826511215,0.6281961060286183
8765,0.9378,0,1,0,674860,1584,123578,2678,0.012545938410847801,0.6283435007038949
8766,0.9379,1,1,1,674861,1583,123579,2677,0.012538017995184387,0.6284037558685446
8767,0.938,2,4,2,674865,1579,123581,2675,0.012506336332530732,0.6288199341795957
8768,0.9381,2,1,2,674866,1578,123583,2673,0.012498415916867317,0.6287932251235003
8769,0.9382,0,1,0,674867,1577,123583,2673,0.012490495501203904,0.6289411764705882
8770,0.9383,3,7,3,674874,1570,123586,2670,0.012435052591560004,0.6297169811320755
8771,0.9385,1,4,1,674878,1566,123587,2669,0.01240337092890635,0.6302243211334121
8772,0.9387,1,3,1,674881,1563,123588,2668,0.012379609681916107,0.630583786338927
8773,0.9388,1,2,1,674883,1561,123589,2667,0.012363768850589279,0.6307947019867549
8774,0.9389,1,1,1,674884,1560,123590,2666,0.012355848434925865,0.6308566019876952
8775,0.939,2,2,2,674886,1558,123592,2664,0.012340007603599037,0.6309805779251539
8776,0.9392,1,2,1,674888,1556,123593,2663,0.012324166772272209,0.6311922256458876
8777,0.9393,1,2,1,674890,1554,123594,2662,0.01230832594094538,0.631404174573055
8778,0.9394,0,1,0,674891,1553,123594,2662,0.012300405525281968,0.6315539739027284
8779,0.9395,1,0,1,674891,1553,123595,2661,0.012300405525281968,0.6314665401044138
8780,0.9397,0,1,0,674892,1552,123595,2661,0.012292485109618553,0.6316164253501068
8781,0.9399,0,3,0,674895,1549,123595,2661,0.012268723862628311,0.6320665083135392
8782,0.94,491,251,491,675146,1298,124086,2170,0.010280699531111393,0.6257208765859285
8783,0.9401,0,1,0,675147,1297,124086,2170,0.010272779115447979,0.6259013556388808
8784,0.9402,0,2,0,675149,1295,124086,2170,0.01025693828412115,0.6262626262626263
8785,0.9403,1,1,1,675150,1294,124087,2169,0.010249017868457737,0.6263355472133988
8786,0.9404,0,3,0,675153,1291,124087,2169,0.010225256621467494,0.626878612716763
8787,0.9405,1,0,1,675153,1291,124088,2168,0.010225256621467494,0.6267707429893032
8788,0.9408,2,6,2,675159,1285,124090,2166,0.010177734127487011,0.6276441611127209
8789,0.9409,0,1,0,675160,1284,124090,2166,0.010169813711823596,0.6278260869565218
8790,0.941,1,2,1,675162,1282,124091,2165,0.010153972880496768,0.6280823904844792
8791,0.9411,1,0,1,675162,1282,124092,2164,0.010153972880496768,0.6279744631456762
8792,0.9413,1,0,1,675162,1282,124093,2163,0.010153972880496768,0.6278664731494921
8793,0.9414,2,0,2,675162,1282,124095,2161,0.010153972880496768,0.6276503049665989
8794,0.9416,3,0,3,675162,1282,124098,2158,0.010153972880496768,0.6273255813953489
8795,0.9417,4,9,4,675171,1273,124102,2154,0.010082689139526042,0.6285380799533119
8796,0.9418,2,1,2,675172,1272,124104,2152,0.010074768723862629,0.6285046728971962
8797,0.942,4,2,4,675174,1270,124108,2148,0.010058927892535801,0.6284376828554711
8798,0.9421,1,1,1,675175,1269,124109,2147,0.010051007476872386,0.6285128805620609
8799,0.9422,0,3,0,675178,1266,124109,2147,0.010027246229882145,0.6290653384119543
8800,0.9425,8,6,8,675184,1260,124117,2139,0.00997972373590166,0.6293027360988526
8801,0.9427,1,2,1,675186,1258,124118,2138,0.009963882904574832,0.6295641931684335
8802,0.9429,0,2,0,675188,1256,124118,2138,0.009948042073248004,0.6299351797289334
8803,0.943,2,2,2,675190,1254,124120,2136,0.009932201241921176,0.6300884955752213
8804,0.9432,1,1,1,675191,1253,124121,2135,0.009924280826257762,0.6301652892561983
8805,0.9433,27,17,27,675208,1236,124148,2108,0.009789633759979724,0.6303827751196173
8806,0.9436,1,0,1,675208,1236,124149,2107,0.009789633759979724,0.6302722105892911
8807,0.9437,2,2,2,675210,1234,124151,2105,0.009773792928652896,0.6304282719377059
8808,0.9438,2,1,2,675211,1233,124153,2103,0.00976587251298948,0.6303956834532374
8809,0.9439,0,2,0,675213,1231,124153,2103,0.009750031681662654,0.6307738452309538
8810,0.944,8,2,8,675215,1229,124161,2095,0.009734190850335826,0.6302647412755716
8811,0.9442,2,11,2,675226,1218,124163,2093,0.009647066278038272,0.6321353065539113
8812,0.9443,2,0,2,675226,1218,124165,2091,0.009647066278038272,0.6319129646418857
8813,0.9444,1,1,1,675227,1217,124166,2090,0.009639145862374857,0.6319927426670698
8814,0.9445,1,1,1,675228,1216,124167,2089,0.009631225446711444,0.632072617246596
8815,0.9449,0,2,0,675230,1214,124167,2089,0.009615384615384616,0.6324553436270057
8816,0.945,39,16,39,675246,1198,124206,2050,0.00948865796476999,0.6311576354679803
8817,0.9451,1,0,1,675246,1198,124207,2049,0.00948865796476999,0.6310440406529104
8818,0.9452,1,0,1,675246,1198,124208,2048,0.00948865796476999,0.6309303758471966
8819,0.9454,1,1,1,675247,1197,124209,2047,0.009480737549106577,0.6310110974106042
8820,0.9458,0,1,0,675248,1196,124209,2047,0.009472817133443162,0.6312056737588653
8821,0.9459,1,0,1,675248,1196,124210,2046,0.009472817133443162,0.6310919185687847
8822,0.946,6,5,6,675253,1191,124216,2040,0.009433215055126093,0.6313834726090993
8823,0.9461,0,1,0,675254,1190,124216,2040,0.00942529463946268,0.631578947368421
8824,0.9462,1,1,1,675255,1189,124217,2039,0.009417374223799265,0.6316604708798017
8825,0.9467,19,13,19,675268,1176,124236,2020,0.009314408820174883,0.6320400500625782
8826,0.9468,5,6,5,675274,1170,124241,2015,0.009266886326194398,0.6326530612244898
8827,0.947,0,2,0,675276,1168,124241,2015,0.00925104549486757,0.6330505812126924
8828,0.9472,1,0,1,675276,1168,124242,2014,0.00925104549486757,0.6329352608422376
8829,0.9473,1,0,1,675276,1168,124243,2013,0.00925104549486757,0.6328198679660484
8830,0.9475,7,10,7,675286,1158,124250,2006,0.009171841338233431,0.634007585335019
8831,0.9477,1,0,1,675286,1158,124251,2005,0.009171841338233431,0.6338918748024028
8832,0.9478,3,1,3,675287,1157,124254,2002,0.009163920922570016,0.6337448559670782
8833,0.9479,0,1,0,675288,1156,124254,2002,0.009156000506906603,0.6339455351488283
8834,0.948,3,3,3,675291,1153,124257,1999,0.00913223925991636,0.6342005076142132
8835,0.9482,0,1,0,675292,1152,124257,1999,0.009124318844252946,0.634401777213583
8836,0.9483,3,4,3,675296,1148,124260,1996,0.00909263718159929,0.6348600508905853
8837,0.9486,2,2,2,675298,1146,124262,1994,0.009076796350272462,0.6350318471337579
8838,0.9487,1,0,1,675298,1146,124263,1993,0.009076796350272462,0.6349155782096209
8839,0.9488,2,1,2,675299,1145,124265,1991,0.009068875934609049,0.6348852040816326
8840,0.9489,1,2,1,675301,1143,124266,1990,0.00905303510328222,0.6351739546760293
8841,0.949,1,1,1,675302,1142,124267,1989,0.009045114687618806,0.6352603002235707
8842,0.9492,1,3,1,675305,1139,124268,1988,0.009021353440628564,0.6357531180044771
8843,0.9493,2,1,2,675306,1138,124270,1986,0.009013433024965151,0.6357234314980794
8844,0.9495,2,0,2,675306,1138,124272,1984,0.009013433024965151,0.6354900704676489
8845,0.9496,0,1,0,675307,1137,124272,1984,0.009005512609301736,0.6356936879205383
8846,0.9498,0,1,0,675308,1136,124272,1984,0.008997592193638323,0.6358974358974359
8847,0.95,405,241,405,675549,895,124677,1579,0.007088772018755544,0.6382376717865804
8848,0.9504,1,0,1,675549,895,124678,1578,0.007088772018755544,0.6380913869793773
8849,0.9506,0,4,0,675553,891,124678,1578,0.007057090356101888,0.6391251518833536
8850,0.9507,1,1,1,675554,890,124679,1577,0.007049169940438475,0.6392379408188082
8851,0.9508,3,2,3,675556,888,124682,1574,0.007033329109111646,0.6393176279447603
8852,0.9509,0,1,0,675557,887,124682,1574,0.007025408693448232,0.6395774075579033
8853,0.951,0,4,0,675561,883,124682,1574,0.006993727030794576,0.6406186406186406
8854,0.9513,0,2,0,675563,881,124682,1574,0.006977886199467748,0.6411405295315682
8855,0.9514,0,1,0,675564,880,124682,1574,0.006969965783804334,0.6414017929910351
8856,0.9517,4,6,4,675570,874,124686,1570,0.00692244328982385,0.6423895253682488
8857,0.9518,1,0,1,675570,874,124687,1569,0.00692244328982385,0.6422431436758085
8858,0.9519,0,1,0,675571,873,124687,1569,0.006914522874160436,0.6425061425061425
8859,0.952,2,5,2,675576,868,124689,1567,0.006874920795843366,0.6435318275154004
8860,0.9523,1,0,1,675576,868,124690,1566,0.006874920795843366,0.6433853738701726
8861,0.9524,0,2,0,675578,866,124690,1566,0.0068590799645165375,0.6439144736842105
8862,0.9525,2,4,2,675582,862,124692,1564,0.006827398301862882,0.6446826051112943
8863,0.9527,1,2,1,675584,860,124693,1563,0.006811557470536054,0.6450680973999174
8864,0.9528,0,1,0,675585,859,124693,1563,0.00680363705487264,0.6453344343517754
8865,0.9529,0,2,0,675587,857,124693,1563,0.006787796223545812,0.6458677685950414
8866,0.953,2,2,2,675589,855,124695,1561,0.0067719553922189835,0.6461092715231788
8867,0.9532,0,1,0,675590,854,124695,1561,0.006764034976555569,0.6463768115942029
8868,0.9533,18,14,18,675604,840,124713,1543,0.006653149157267773,0.6475031472933277
8869,0.9534,1,0,1,675604,840,124714,1542,0.006653149157267773,0.6473551637279596
8870,0.9535,0,1,0,675605,839,124714,1542,0.006645228741604359,0.6476270474590509
8871,0.9536,1,1,1,675606,838,124715,1541,0.006637308325940945,0.6477511559478772
8872,0.9538,1,0,1,675606,838,124716,1540,0.006637308325940945,0.6476030277544155
8873,0.954,4,3,4,675609,835,124720,1536,0.006613547078950704,0.6478279207085618
8874,0.9542,1,2,1,675611,833,124721,1535,0.0065977062476238755,0.6482263513513513
8875,0.9543,1,2,1,675613,831,124722,1534,0.006581865416297047,0.6486257928118393
8876,0.9547,1,1,1,675614,830,124723,1533,0.006573945000633633,0.6487515869657215
8877,0.9549,2,2,2,675616,828,124725,1531,0.006558104169306805,0.649003815175922
8878,0.955,39,25,39,675641,803,124764,1492,0.006360093777721455,0.6501089324618736
8879,0.9554,0,1,0,675642,802,124764,1492,0.006352173362058041,0.6503923278116827
8880,0.9557,0,1,0,675643,801,124764,1492,0.006344252946394627,0.6506759703445268
8881,0.9559,0,1,0,675644,800,124764,1492,0.0063363325307312125,0.6509598603839442
8882,0.956,5,1,5,675645,799,124769,1487,0.0063284121150677984,0.6504811898512686
8883,0.9561,2,0,2,675645,799,124771,1485,0.0063284121150677984,0.6501751313485113
8884,0.9562,0,6,0,675651,793,124771,1485,0.006280889621087315,0.6518876207199298
8885,0.9563,2,1,2,675652,792,124773,1483,0.006272969205423901,0.6518681318681319
8886,0.9567,17,14,17,675666,778,124790,1466,0.0061620833861361045,0.6532976827094474
8887,0.9571,1,0,1,675666,778,124791,1465,0.0061620833861361045,0.6531431119037004
8888,0.9572,0,1,0,675667,777,124791,1465,0.00615416297047269,0.6534344335414808
8889,0.9575,5,4,5,675671,773,124796,1460,0.006122481307819034,0.6538289296909987
8890,0.9576,0,1,0,675672,772,124796,1460,0.00611456089215562,0.6541218637992832
8891,0.958,1,0,1,675672,772,124797,1459,0.00611456089215562,0.653966831017481
8892,0.9581,1,1,1,675673,771,124798,1458,0.006106640476492206,0.6541049798115747
8893,0.9582,1,1,1,675674,770,124799,1457,0.006098720060828793,0.654243376740009
8894,0.9583,1,3,1,675677,767,124800,1456,0.0060749588138385505,0.6549707602339181
8895,0.9585,1,1,1,675678,766,124801,1455,0.006067038398175136,0.655110310670869
8896,0.9586,2,2,2,675680,764,124803,1453,0.006051197566848308,0.6553901668921966
8897,0.959,1,0,1,675680,764,124804,1452,0.006051197566848308,0.6552346570397112
8898,0.9595,1,1,1,675681,763,124805,1451,0.006043277151184894,0.6553748870822041
8899,0.9597,0,1,0,675682,762,124805,1451,0.00603535673552148,0.6556710347943967
8900,0.96,354,174,354,675856,588,125159,1097,0.004657204410087441,0.6510385756676558
8901,0.9601,1,0,1,675856,588,125160,1096,0.004657204410087441,0.6508313539192399
8902,0.9602,1,0,1,675856,588,125161,1095,0.004657204410087441,0.6506238859180036
8903,0.9604,0,1,0,675857,587,125161,1095,0.004649283994424027,0.6510107015457788
8904,0.9605,0,1,0,675858,586,125161,1095,0.004641363578760613,0.6513979773944081
8905,0.9606,1,0,1,675858,586,125162,1094,0.004641363578760613,0.6511904761904762
8906,0.9607,1,3,1,675861,583,125163,1093,0.004617602331770371,0.6521479713603818
8907,0.9608,2,0,2,675861,583,125165,1091,0.004617602331770371,0.6517323775388292
8908,0.9609,0,1,0,675862,582,125165,1091,0.004609681916106958,0.6521219366407651
8909,0.9617,2,0,2,675862,582,125167,1089,0.004609681916106958,0.651705565529623
8910,0.962,1,1,1,675863,581,125168,1088,0.004601761500443544,0.6518873576992211
8911,0.9621,0,2,0,675865,579,125168,1088,0.0045859206691167154,0.6526694661067787
8912,0.9622,0,1,0,675866,578,125168,1088,0.004578000253453301,0.6530612244897959
8913,0.9625,6,1,6,675867,577,125174,1082,0.004570079837789887,0.6522001205545509
8914,0.9629,1,1,1,675868,576,125175,1081,0.004562159422126473,0.652383826191913
8915,0.9632,0,1,0,675869,575,125175,1081,0.004554239006463059,0.6527777777777778
8916,0.9633,12,10,12,675879,565,125187,1069,0.004475034849828919,0.6542227662178702
8917,0.9634,0,1,0,675880,564,125187,1069,0.004467114434165505,0.6546233925290875
8918,0.9637,1,0,1,675880,564,125188,1068,0.004467114434165505,0.6544117647058824
8919,0.9639,0,1,0,675881,563,125188,1068,0.004459194018502091,0.6548129981606376
8920,0.964,9,2,9,675883,561,125197,1059,0.004443353187175263,0.6537037037037037
8921,0.9642,1,1,1,675884,560,125198,1058,0.004435432771511849,0.65389369592089
8922,0.9643,0,3,0,675887,557,125198,1058,0.0044116715245216065,0.6551083591331269
8923,0.9646,0,1,0,675888,556,125198,1058,0.0044037511088581924,0.6555142503097894
8924,0.9647,0,2,0,675890,554,125198,1058,0.004387910277531365,0.6563275434243176
8925,0.9648,2,0,2,675890,554,125200,1056,0.004387910277531365,0.6559006211180124
8926,0.965,11,23,11,675913,531,125211,1045,0.004205740717272842,0.6630710659898477
8927,0.9652,2,0,2,675913,531,125213,1043,0.004205740717272842,0.6626429479034307
8928,0.9658,1,0,1,675913,531,125214,1042,0.004205740717272842,0.6624284806102988
8929,0.966,2,2,2,675915,529,125216,1040,0.004189899885946015,0.662842574888464
8930,0.9662,1,1,1,675916,528,125217,1039,0.004181979470282601,0.6630504148053605
8931,0.9663,1,0,1,675916,528,125218,1038,0.004181979470282601,0.6628352490421456
8932,0.9664,1,0,1,675916,528,125219,1037,0.004181979470282601,0.6626198083067093
8933,0.9667,17,5,17,675921,523,125236,1020,0.00414237739196553,0.661049902786779
8934,0.9668,0,3,0,675924,520,125236,1020,0.004118616144975288,0.6623376623376623
8935,0.9669,1,0,1,675924,520,125237,1019,0.004118616144975288,0.6621182586094867
8936,0.967,1,1,1,675925,519,125238,1018,0.004110695729311874,0.6623292127521145
8937,0.9671,1,2,1,675927,517,125239,1017,0.004094854897985046,0.6629726205997393
8938,0.9672,2,0,2,675927,517,125241,1015,0.004094854897985046,0.662532637075718
8939,0.9675,7,2,7,675929,515,125248,1008,0.004079014066658219,0.6618516086671044
8940,0.9678,1,0,1,675929,515,125249,1007,0.004079014066658219,0.6616294349540078
8941,0.968,4,1,4,675930,514,125253,1003,0.0040710936509948045,0.6611733684904416
8942,0.9681,1,0,1,675930,514,125254,1002,0.0040710936509948045,0.6609498680738787
8943,0.9683,3,4,3,675934,510,125257,999,0.004039411988341148,0.6620278330019881
8944,0.9684,0,3,0,675937,507,125257,999,0.004015650741350906,0.6633466135458167
8945,0.9687,3,0,3,675937,507,125260,996,0.004015650741350906,0.6626746506986028
8946,0.9688,2,0,2,675937,507,125262,994,0.004015650741350906,0.6622251832111925
8947,0.969,1,3,1,675940,504,125263,993,0.003991889494360664,0.6633266533066132
8948,0.9692,1,2,1,675942,502,125264,992,0.003976048663033836,0.6639892904953146
8949,0.9694,0,1,0,675943,501,125264,992,0.003968128247370422,0.6644340254521098
8950,0.97,284,155,284,676098,346,125548,708,0.0027404638195412494,0.6717267552182163
8951,0.9701,0,2,0,676100,344,125548,708,0.0027246229882144216,0.6730038022813688
8952,0.9703,0,1,0,676101,343,125548,708,0.0027167025725510076,0.6736441484300666
8953,0.9705,0,1,0,676102,342,125548,708,0.0027087821568875935,0.6742857142857143
8954,0.9707,0,2,0,676104,340,125548,708,0.0026929413255607653,0.6755725190839694
8955,0.9708,1,0,1,676104,340,125549,707,0.0026929413255607653,0.6752626552053486
8956,0.9712,0,3,0,676107,337,125549,707,0.0026691800785705235,0.6772030651340997
8957,0.9717,7,2,7,676109,335,125556,700,0.0026533392472436954,0.6763285024154589
8958,0.9718,0,1,0,676110,334,125556,700,0.0026454188315802813,0.6769825918762089
8959,0.9719,1,1,1,676111,333,125557,699,0.002637498415916867,0.6773255813953488
8960,0.972,2,1,2,676112,332,125559,697,0.002629578000253453,0.6773566569484937
8961,0.9721,1,0,1,676112,332,125560,696,0.002629578000253453,0.6770428015564203
8962,0.9725,1,1,1,676113,331,125561,695,0.0026216575845900395,0.6773879142300195
8963,0.9726,0,1,0,676114,330,125561,695,0.0026137371689266254,0.6780487804878049
8964,0.9729,5,0,5,676114,330,125566,690,0.0026137371689266254,0.6764705882352942
8965,0.973,1,0,1,676114,330,125567,689,0.0026137371689266254,0.676153091265947
8966,0.9733,5,8,5,676122,322,125572,684,0.002550373843619313,0.679920477137177
8967,0.974,0,1,0,676123,321,125572,684,0.002542453427955899,0.6805970149253732
8968,0.9742,0,4,0,676127,317,125572,684,0.002510771765302243,0.6833166833166833
8969,0.9743,2,1,2,676128,316,125574,682,0.002502851349638829,0.6833667334669339
8970,0.9744,1,0,1,676128,316,125575,681,0.002502851349638829,0.683049147442327
8971,0.9748,1,0,1,676128,316,125576,680,0.002502851349638829,0.6827309236947792
8972,0.975,22,14,22,676142,302,125598,658,0.002391965530351033,0.6854166666666667
8973,0.9754,2,0,2,676142,302,125600,656,0.002391965530351033,0.6847599164926931
8974,0.9757,0,2,0,676144,300,125600,656,0.0023761246990242047,0.6861924686192469
8975,0.9759,1,0,1,676144,300,125601,655,0.0023761246990242047,0.6858638743455497
8976,0.976,0,2,0,676146,298,125601,655,0.002360283867697377,0.6873032528856243
8977,0.9767,11,12,11,676158,286,125612,644,0.0022652388797364084,0.6924731182795699
8978,0.9773,0,1,0,676159,285,125612,644,0.0022573184640729944,0.6932185145317545
8979,0.9775,2,7,2,676166,278,125614,642,0.0022018755544290962,0.6978260869565217
8980,0.9777,1,0,1,676166,278,125615,641,0.0022018755544290962,0.6974972796517954
8981,0.978,6,3,6,676169,275,125621,635,0.0021781143074388544,0.6978021978021978
8982,0.9783,1,6,1,676175,269,125622,634,0.0021305918134583704,0.7021040974529347
8983,0.9786,2,2,2,676177,267,125624,632,0.002114750982131542,0.7030033370411568
8984,0.979,0,1,0,676178,266,125624,632,0.002106830566468128,0.7037861915367484
8985,0.9792,4,0,4,676178,266,125628,628,0.002106830566468128,0.7024608501118568
8986,0.9793,0,1,0,676179,265,125628,628,0.002098910150804714,0.7032474804031354
8987,0.9795,1,0,1,676179,265,125629,627,0.002098910150804714,0.702914798206278
8988,0.98,237,91,237,676270,174,125866,390,0.0013781523254340388,0.6914893617021277
8989,0.9805,0,1,0,676271,173,125866,390,0.0013702319097706247,0.6927175843694494
8990,0.9808,0,1,0,676272,172,125866,390,0.0013623114941072108,0.693950177935943
8991,0.9815,1,0,1,676272,172,125867,389,0.0013623114941072108,0.6934046345811051
8992,0.9817,1,1,1,676273,171,125868,388,0.0013543910784437967,0.6940966010733453
8993,0.982,1,0,1,676273,171,125869,387,0.0013543910784437967,0.6935483870967742
8994,0.9825,2,0,2,676273,171,125871,385,0.0013543910784437967,0.6924460431654677
8995,0.9829,3,0,3,676273,171,125874,382,0.0013543910784437967,0.6907775768535263
8996,0.9833,8,6,8,676279,165,125882,374,0.0013068685844633127,0.6938775510204082
8997,0.984,1,0,1,676279,165,125883,373,0.0013068685844633127,0.6933085501858736
8998,0.9842,2,1,2,676280,164,125885,371,0.0012989481687998986,0.6934579439252336
8999,0.985,7,8,7,676288,156,125892,364,0.0012355848434925864,0.7
9000,0.9857,1,0,1,676288,156,125893,363,0.0012355848434925864,0.6994219653179191
9001,0.986,1,2,1,676290,154,125894,362,0.0012197440121657585,0.7015503875968992
9002,0.9867,5,7,5,676297,147,125899,357,0.0011643011025218603,0.7083333333333334
9003,0.9873,0,1,0,676298,146,125899,357,0.0011563806868584462,0.709741550695825
9004,0.9875,1,1,1,676299,145,125900,356,0.0011484602711950324,0.7105788423153693
9005,0.988,1,1,1,676300,144,125901,355,0.0011405398555316183,0.7114228456913828
9006,0.9883,0,1,0,676301,143,125901,355,0.0011326194398682042,0.7128514056224899
9007,0.9886,0,2,0,676303,141,125901,355,0.0011167786085413763,0.7157258064516129
9008,0.9892,1,0,1,676303,141,125902,354,0.0011167786085413763,0.7151515151515152
9009,0.99,201,78,201,676381,63,126103,153,0.000498986186795083,0.7083333333333334
9010,0.9908,1,0,1,676381,63,126104,152,0.000498986186795083,0.7069767441860465
9011,0.9917,1,1,1,676382,62,126105,151,0.000491065771131669,0.7089201877934272
9012,0.992,1,0,1,676382,62,126106,150,0.000491065771131669,0.7075471698113207
9013,0.9925,0,1,0,676383,61,126106,150,0.00048314535546825497,0.7109004739336493
9014,0.9933,5,5,5,676388,56,126111,145,0.0004435432771511849,0.7213930348258707
9015,0.994,1,0,1,676388,56,126112,144,0.0004435432771511849,0.72
9016,0.995,1,2,1,676390,54,126113,143,0.0004277024458243569,0.7258883248730964
9017,0.9967,1,2,1,676392,52,126114,142,0.00041186161449752884,0.7319587628865979
9018,0.9975,1,0,1,676392,52,126115,141,0.00041186161449752884,0.7305699481865285
9019,0.9983,2,0,2,676392,52,126117,139,0.00041186161449752884,0.7277486910994765
9020,0.9986,0,4,0,676396,48,126117,139,0.0003801799518438728,0.7433155080213903
9021,1.0,139,48,139,676444,0,126256,0,0.0,
