,y_proba,y_test,Neg,Pos,TN,FP,FN,TP,FP/P,Prec
0,0.0,5,259,5,259,676185,5,126251,5.355666265365606,0.157334665942206
1,0.0017,0,1,0,260,676184,5,126251,5.355658344949943,0.15733486201374566
2,0.0025,0,7,0,267,676177,5,126251,5.355602902040299,0.1573362345282069
3,0.0033,0,3,0,270,676174,5,126251,5.355579140793309,0.15733682275602082
4,0.004,0,1,0,271,676173,5,126251,5.355571220377645,0.15733701883293622
5,0.005,1,20,1,291,676153,6,126250,5.355412812064377,0.15733989030449785
6,0.0053,0,2,0,293,676151,6,126250,5.35539697123305,0.15734028247721527
7,0.0058,0,3,0,296,676148,6,126250,5.35537320998606,0.15734087073995698
8,0.006,0,8,0,304,676140,6,126250,5.355309846660753,0.15734243946210696
9,0.0067,0,11,0,315,676129,6,126250,5.355222722088455,0.15734459650613986
10,0.0073,0,1,0,316,676128,6,126250,5.355214801672791,0.15734479260398465
11,0.0075,0,6,0,322,676122,6,126250,5.355167279178811,0.1573459692013181
12,0.0083,0,3,0,325,676119,6,126250,5.355143517931821,0.15734655750658363
13,0.0092,0,4,0,329,676115,6,126250,5.355111836269168,0.15734734192044766
14,0.01,8,359,8,688,675756,14,126242,5.352268407046002,0.1574093700981798
15,0.0104,0,2,0,690,675754,14,126242,5.352252566214675,0.15740976264220768
16,0.0105,0,1,0,691,675753,14,126242,5.352244645799011,0.15740995891495582
17,0.0112,0,6,0,697,675747,14,126242,5.352197123305031,0.15741113656172342
18,0.0114,0,2,0,699,675745,14,126242,5.352181282473704,0.15741152911456172
19,0.0117,0,3,0,702,675742,14,126242,5.352157521226714,0.15741211794749022
20,0.012,0,7,0,709,675735,14,126242,5.3521020783170705,0.15741349190812207
21,0.0125,0,12,0,721,675723,14,126242,5.352007033329109,0.15741584732500796
22,0.013,0,2,0,723,675721,14,126242,5.351991192497782,0.15741623990134207
23,0.0133,0,18,0,741,675703,14,126242,5.351848625015841,0.15741977317646472
24,0.014,0,7,0,748,675696,14,126242,5.351793182106197,0.15742114727073664
25,0.0143,0,2,0,750,675694,14,126242,5.35177734127487,0.15742153987350613
26,0.0145,0,1,0,751,675693,14,126242,5.351769420859207,0.15742173617562522
27,0.015,0,41,0,792,675652,14,126242,5.351444683817006,0.15742978498405025
28,0.0153,1,1,1,793,675651,15,126241,5.3514367634013436,0.15742893057918023
29,0.0158,0,5,0,798,675646,15,126241,5.3513971613230265,0.15742991219461097
30,0.016,0,3,0,801,675643,15,126241,5.351373400076036,0.15743050116974525
31,0.0164,0,1,0,802,675642,15,126241,5.351365479660372,0.15743069749576932
32,0.0165,0,2,0,804,675640,15,126241,5.351349638829046,0.1574310901492865
33,0.0167,2,21,2,825,675619,17,126239,5.351183310100114,0.1574331115983129
34,0.0169,0,1,0,826,675618,17,126239,5.3511753896844505,0.1574333079339583
35,0.017,0,2,0,828,675616,17,126239,5.351159548853124,0.15743370060671819
36,0.0172,1,3,1,831,675613,18,126238,5.351135787606133,0.15743323884362556
37,0.0175,0,9,0,840,675604,18,126238,5.351064503865163,0.15743500589891773
38,0.0182,0,1,0,841,675603,18,126238,5.351056583449499,0.15743520224084326
39,0.0183,1,8,1,849,675595,19,126237,5.3509932201241925,0.15743572219617077
40,0.0192,0,1,0,850,675594,19,126237,5.350985299708529,0.1574359185414383
41,0.0193,0,2,0,852,675592,19,126237,5.350969458877202,0.15743631123344254
42,0.02,3,498,3,1350,675094,22,126234,5.347025091876822,0.1575309985424196
43,0.0207,0,2,0,1352,675092,22,126234,5.3470092510454945,0.15753139171822703
44,0.0217,0,8,0,1360,675084,22,126234,5.346945887720188,0.1575329644410833
45,0.022,0,5,0,1365,675079,22,126234,5.346906285641871,0.1575339474088153
46,0.0225,1,11,1,1376,675068,23,126233,5.346819161069573,0.15753505861093398
47,0.0227,0,4,0,1380,675064,23,126233,5.3467874794069195,0.15753584501127546
48,0.0229,0,4,0,1384,675060,23,126233,5.346755797744265,0.15753663141946828
49,0.0233,1,35,1,1419,675025,24,126232,5.346478583196046,0.15754246140751343
50,0.0235,0,3,0,1422,675022,24,126232,5.346454821949056,0.15754305126713877
51,0.0238,0,1,0,1423,675021,24,126232,5.346446901533392,0.15754324788799542
52,0.024,0,10,0,1433,675011,24,126232,5.346367697376758,0.15754521412355552
53,0.0242,1,8,1,1441,675003,25,126231,5.346304334051451,0.15754573570267863
54,0.0245,0,2,0,1443,675001,25,126231,5.346288493220124,0.15754612896139944
55,0.0247,1,0,1,1443,675001,26,126230,5.346288493220124,0.15754507751197844
56,0.025,3,59,3,1502,674942,29,126227,5.345821188695982,0.15755352491172275
57,0.0251,0,1,0,1503,674941,29,126227,5.345813268280319,0.1575537215665129
58,0.0253,0,8,0,1511,674933,29,126227,5.345749904955012,0.15755529482250735
59,0.0257,0,1,0,1512,674932,29,126227,5.345741984539349,0.15755549148171585
60,0.0258,0,5,0,1517,674927,29,126227,5.345702382461032,0.15755647478512247
61,0.026,0,9,0,1526,674918,29,126227,5.345631098720061,0.15755824476218414
62,0.0262,0,2,0,1528,674916,29,126227,5.345615257888734,0.1575586380958206
63,0.0265,0,5,0,1533,674911,29,126227,5.345575655810417,0.15755962143850372
64,0.0267,0,38,0,1571,674873,29,126227,5.345274680015208,0.15756709524403945
65,0.0269,0,2,0,1573,674871,29,126227,5.34525883918388,0.15756748862186648
66,0.027,1,7,1,1580,674864,30,126226,5.345203396274236,0.15756781385362445
67,0.0273,0,3,0,1583,674861,30,126226,5.345179635027246,0.15756840393115853
68,0.0275,2,15,2,1598,674846,32,126224,5.345060828792295,0.15756925112661815
69,0.0277,0,1,0,1599,674845,32,126224,5.345052908376632,0.15756944782534338
70,0.0278,0,2,0,1601,674843,32,126224,5.345037067545305,0.15756984122426712
71,0.028,0,5,0,1606,674838,32,126224,5.344997465466988,0.1575708247301707
72,0.0282,0,2,0,1608,674836,32,126224,5.344981624635661,0.15757121813596983
73,0.0283,2,31,2,1639,674805,34,126222,5.344736091750095,0.15757521282054163
74,0.0286,0,1,0,1640,674804,34,126222,5.344728171334432,0.15757540953726845
75,0.0287,0,3,0,1643,674801,34,126222,5.3447044100874415,0.1575759996903959
76,0.029,1,3,1,1646,674798,35,126221,5.344680648840451,0.1575755381582709
77,0.0292,0,8,0,1654,674790,35,126221,5.3446172855151435,0.15757711192480503
78,0.0293,0,3,0,1657,674787,35,126221,5.344593524268154,0.15757770209535985
79,0.0294,0,1,0,1658,674786,35,126221,5.34458560385249,0.1575778988198605
80,0.0295,0,2,0,1660,674784,35,126221,5.3445697630211635,0.1575782922703354
81,0.0296,0,1,0,1661,674783,35,126221,5.3445618426055,0.15757848899630963
82,0.0298,0,3,0,1664,674780,35,126221,5.344538081358509,0.15757907917717956
83,0.0299,0,3,0,1667,674777,35,126221,5.34451432011152,0.1575796693624703
84,0.03,17,773,17,2440,674004,52,126204,5.338391838803701,0.15771399436146602
85,0.0305,0,1,0,2441,674003,52,126204,5.338383918388037,0.15771419145296153
86,0.0306,0,1,0,2442,674002,52,126204,5.338375997972373,0.15771438854494968
87,0.0307,0,1,0,2443,674001,52,126204,5.33836807755671,0.1577145856374304
88,0.031,0,1,0,2444,674000,52,126204,5.338360157141047,0.15771478273040374
89,0.0312,0,5,0,2449,673995,52,126204,5.3383205550627295,0.1577157682026596
90,0.0314,0,7,0,2456,673988,52,126204,5.338265112153086,0.15771714788450772
91,0.0315,0,4,0,2460,673984,52,126204,5.338233430490432,0.15771793628497302
92,0.0317,0,16,0,2476,673968,52,126204,5.338106703839817,0.1577210899656574
93,0.0319,0,2,0,2478,673966,52,126204,5.338090863008491,0.15772148418461077
94,0.032,0,8,0,2486,673958,52,126204,5.338027499683183,0.15772306108013126
95,0.0325,1,17,1,2503,673941,53,126203,5.337892852616905,0.15772535943530164
96,0.0327,0,2,0,2505,673939,53,126203,5.3378770117855785,0.15772575367872202
97,0.0329,0,1,0,2506,673938,53,126203,5.337869091369915,0.1577259508011713
98,0.033,0,3,0,2509,673935,53,126203,5.337845330122925,0.15772654217147541
99,0.0331,0,2,0,2511,673933,53,126203,5.337829489291598,0.15772693642080846
100,0.0333,3,58,3,2569,673875,56,126200,5.33737010518312,0.15773521232384463
101,0.0335,0,1,0,2570,673874,56,126200,5.337362184767456,0.15773540947462358
102,0.0336,0,1,0,2571,673873,56,126200,5.337354264351793,0.1577356066258954
103,0.0337,0,1,0,2572,673872,56,126200,5.3373463439361295,0.15773580377766
104,0.0338,0,1,0,2573,673871,56,126200,5.337338423520467,0.15773600092991746
105,0.034,0,7,0,2580,673864,56,126200,5.337282980610823,0.15773738100951923
106,0.0342,0,3,0,2583,673861,56,126200,5.337259219363832,0.15773797247959842
107,0.0343,0,3,0,2586,673858,56,126200,5.337235458116842,0.15773856395411331
108,0.0345,0,2,0,2588,673856,56,126200,5.337219617285515,0.1577389582729209
109,0.0347,0,1,0,2589,673855,56,126200,5.3372116968698515,0.15773915543306397
110,0.0348,0,1,0,2590,673854,56,126200,5.337203776454189,0.15773935259369992
111,0.0349,0,2,0,2592,673852,56,126200,5.337187935622861,0.15773974691645043
112,0.035,1,119,1,2711,673733,57,126199,5.336245406158915,0.1577621597835816
113,0.0353,0,2,0,2713,673731,57,126199,5.336229565327589,0.15776255422349456
114,0.0356,0,2,0,2715,673729,57,126199,5.336213724496262,0.15776294866537988
115,0.0357,0,4,0,2719,673725,57,126199,5.336182042833608,0.15776373755506773
116,0.0358,0,7,0,2726,673718,57,126199,5.336126599923964,0.1577651181310061
117,0.036,1,9,1,2735,673709,58,126198,5.336055316182994,0.15776584027893242
118,0.0362,0,1,0,2736,673708,58,126198,5.33604739576733,0.15776603750940735
119,0.0363,0,1,0,2737,673707,58,126198,5.336039475351667,0.15776623474037543
120,0.0364,0,9,0,2746,673698,58,126198,5.335968191610696,0.15776800984127937
121,0.0365,0,4,0,2750,673694,58,126198,5.335936509948042,0.15776879878783637
122,0.0367,3,63,3,2813,673631,61,126195,5.335437523761247,0.15777806672951367
123,0.0369,0,1,0,2814,673630,61,126195,5.335429603345584,0.15777826399524897
124,0.037,0,4,0,2818,673626,61,126195,5.3353979216829295,0.15777905306312287
125,0.0371,0,3,0,2821,673623,61,126195,5.33537416043594,0.15777964486920776
126,0.0373,0,5,0,2826,673618,61,126195,5.335334558357623,0.15778063122254826
127,0.0375,4,25,4,2851,673593,65,126191,5.335136547966037,0.15778135096476048
128,0.0376,0,1,0,2852,673592,65,126191,5.3351286275503735,0.15778154824496143
129,0.0378,0,2,0,2854,673590,65,126191,5.335112786719047,0.15778194280684338
130,0.0379,0,1,0,2855,673589,65,126191,5.335104866303384,0.15778214008852434
131,0.038,0,14,0,2869,673575,65,126191,5.334993980484096,0.15778490208385954
132,0.0382,0,1,0,2870,673574,65,126191,5.334986060068433,0.1577850993729408
133,0.0383,0,23,0,2893,673551,65,126191,5.334803890508174,0.15778963715798344
134,0.0385,0,1,0,2894,673550,65,126191,5.33479597009251,0.15778983445890607
135,0.0386,1,2,1,2896,673548,66,126190,5.334780129261183,0.15778917595512532
136,0.039,0,2,0,2898,673546,66,126190,5.334764288429857,0.15778957055828424
137,0.0392,0,4,0,2902,673542,66,126190,5.334732606767203,0.15779035977052314
138,0.0393,1,5,1,2907,673537,67,126189,5.334693004688886,0.15779029317541257
139,0.0394,0,4,0,2911,673533,67,126189,5.334661323026232,0.1577910824011344
140,0.0396,0,1,0,2912,673532,67,126189,5.334653402610569,0.15779127970879844
141,0.04,18,867,18,3779,672665,85,126171,5.327786402230389,0.1579435578767106
142,0.0402,0,1,0,3780,672664,85,126171,5.327778481814725,0.15794375559408388
143,0.0403,0,1,0,3781,672663,85,126171,5.3277705613990625,0.15794395331195216
144,0.0404,0,1,0,3782,672662,85,126171,5.327762640983399,0.15794415103031548
145,0.0407,0,4,0,3786,672658,85,126171,5.327730959320745,0.15794494190871888
146,0.0408,0,8,0,3794,672650,85,126171,5.327667595995438,0.15794652368928708
147,0.041,0,6,0,3800,672644,85,126171,5.327620073501457,0.1579477100455049
148,0.0412,0,1,0,3801,672643,85,126171,5.327612153085794,0.1579479077732739
149,0.0413,0,1,0,3802,672642,85,126171,5.32760423267013,0.1579481055015379
150,0.0414,0,4,0,3806,672638,85,126171,5.327572551007477,0.1579488964195446
151,0.0415,0,2,0,3808,672636,85,126171,5.32755671017615,0.15794929188151832
152,0.0417,1,28,1,3836,672608,86,126170,5.327334938537574,0.1579537743903813
153,0.042,1,9,1,3845,672599,87,126169,5.327263654796604,0.15795449992989202
154,0.0423,0,3,0,3848,672596,87,126169,5.3272398935496135,0.15795509317508905
155,0.0425,0,31,0,3879,672565,87,126169,5.326994360664048,0.1579612236364046
156,0.0429,0,4,0,3883,672561,87,126169,5.326962679001394,0.1579620146983336
157,0.0432,0,4,0,3887,672557,87,126169,5.32693099733874,0.15796280576818583
158,0.0433,2,83,2,3970,672474,89,126167,5.326273602838677,0.15797711362176498
159,0.0436,0,2,0,3972,672472,89,126167,5.326257762007351,0.15797750923759046
160,0.0437,1,5,1,3977,672467,90,126166,5.3262181599290335,0.15797744395736213
161,0.0438,0,3,0,3980,672464,90,126166,5.326194398682043,0.1579780373890287
162,0.0439,0,1,0,3981,672463,90,126166,5.326186478266379,0.157978235200575
163,0.044,1,18,1,3999,672445,91,126165,5.326043910784438,0.157980741538423
164,0.0442,1,9,1,4008,672436,92,126164,5.325972627043467,0.15798146756824444
165,0.0443,0,2,0,4010,672434,92,126164,5.32595678621214,0.1579818632152848
166,0.0445,0,3,0,4013,672431,92,126164,5.32593302496515,0.15798245668956104
167,0.0447,1,0,1,4013,672431,93,126163,5.32593302496515,0.15798140231456786
168,0.045,0,162,0,4175,672269,93,126163,5.324649917627677,0.15801345637449402
169,0.0451,0,1,0,4176,672268,93,126163,5.324641997212014,0.15801365427945557
170,0.0452,0,1,0,4177,672267,93,126163,5.32463407679635,0.1580138521849129
171,0.0453,1,11,1,4188,672256,94,126162,5.324546952224052,0.15801497461229583
172,0.0455,0,3,0,4191,672253,94,126162,5.324523190977063,0.1580155683447831
173,0.0456,0,5,0,4196,672248,94,126162,5.324483588898746,0.15801655790884384
174,0.0457,0,6,0,4202,672242,94,126162,5.324436066404765,0.15801774540207714
175,0.0458,2,7,2,4209,672235,96,126160,5.324380623495121,0.15801702164968467
176,0.046,0,9,0,4218,672226,96,126160,5.3243093397541505,0.1580188029349212
177,0.0462,0,6,0,4224,672220,96,126160,5.32426181726017,0.15801999048072346
178,0.0464,0,4,0,4228,672216,96,126160,5.324230135597516,0.15802078218784132
179,0.0465,1,6,1,4234,672210,97,126159,5.3241826131035355,0.15802091514074318
180,0.0467,3,75,3,4309,672135,100,126156,5.32358858192878,0.158032597135631
181,0.0469,0,1,0,4310,672134,100,126156,5.323580661513116,0.15803279509952523
182,0.0474,0,1,0,4311,672133,100,126156,5.323572741097453,0.15803299306391544
183,0.0475,1,28,1,4339,672105,101,126155,5.323350969458877,0.15803748152231104
184,0.0476,0,2,0,4341,672103,101,126155,5.3233351286275505,0.1580378774782088
185,0.0477,0,1,0,4342,672102,101,126155,5.323327208211887,0.1580380754569017
186,0.0478,0,2,0,4344,672100,101,126155,5.32331136738056,0.15803847141577565
187,0.0479,0,3,0,4347,672097,101,126155,5.32328760613357,0.15803906535780682
188,0.048,0,9,0,4356,672088,101,126155,5.323216322392599,0.15804084721068648
189,0.0483,0,30,0,4386,672058,101,126155,5.322978709922697,0.15804678701048466
190,0.0484,2,0,2,4386,672058,103,126153,5.322978709922697,0.15804467740985778
191,0.0485,0,1,0,4387,672057,103,126153,5.322970789507034,0.15804487540872703
192,0.0486,0,2,0,4389,672055,103,126153,5.322954948675706,0.15804527140795382
193,0.0489,0,1,0,4390,672054,103,126153,5.322947028260043,0.15804546940831138
194,0.049,0,9,0,4399,672045,103,126153,5.322875744519072,0.15804725143385476
195,0.0492,1,11,1,4410,672034,104,126152,5.322788619946775,0.1580483746896087
196,0.0493,0,6,0,4416,672028,104,126152,5.322741097452794,0.15804956275526824
197,0.0494,0,1,0,4417,672027,104,126152,5.322733177037131,0.15804976076794805
198,0.0495,0,5,0,4422,672022,104,126152,5.322693574958814,0.15805075083878953
199,0.0496,0,1,0,4423,672021,104,126152,5.32268565454315,0.15805094885444634
200,0.05,20,1056,20,5479,670965,124,126132,5.314321695602585,0.1582392105352297
201,0.0502,0,2,0,5481,670963,124,126132,5.314305854771258,0.15823960757500674
202,0.0503,1,4,1,5485,670959,125,126131,5.314274173108605,0.15823934561969163
203,0.0504,0,3,0,5488,670956,125,126131,5.3142504118616145,0.15823994118584295
204,0.0506,0,3,0,5491,670953,125,126131,5.314226650614624,0.15824053675647737
205,0.0507,0,4,0,5495,670949,125,126131,5.314194968951971,0.15824133085763034
206,0.0508,0,5,0,5500,670944,125,126131,5.314155366873654,0.1582423234952796
207,0.051,0,8,0,5508,670936,125,126131,5.314092003548346,0.158243911741422
208,0.0512,0,6,0,5514,670930,125,126131,5.314044481054366,0.15824510294695135
209,0.0514,0,5,0,5519,670925,125,126131,5.314004878976049,0.1582460956319255
210,0.0517,0,32,0,5551,670893,125,126131,5.31375142567482,0.15825244911069178
211,0.0518,0,2,0,5553,670891,125,126131,5.313735584843492,0.15825284622005414
212,0.0519,0,1,0,5554,670890,125,126131,5.313727664427829,0.15825304477548272
213,0.052,2,7,2,5561,670883,127,126129,5.3136722215181855,0.1582523224242546
214,0.0521,1,1,1,5562,670882,128,126128,5.313664301102522,0.1582514648498764
215,0.0522,0,1,0,5563,670881,128,126128,5.313656380686859,0.15825166340656127
216,0.0523,0,1,0,5564,670880,128,126128,5.313648460271195,0.1582518619637444
217,0.0525,4,65,4,5629,670815,132,126124,5.313133633253073,0.15826054440804127
218,0.0527,0,4,0,5633,670811,132,126124,5.313101951590419,0.15826133875410164
219,0.053,0,4,0,5637,670807,132,126124,5.313070269927766,0.15826213310813608
220,0.0531,0,3,0,5640,670804,132,126124,5.313046508680776,0.15826272887889495
221,0.0532,1,3,1,5643,670801,133,126123,5.313022747433785,0.1582622684220829
222,0.0533,4,76,4,5719,670725,137,126119,5.312420795843366,0.15827313752754618
223,0.0535,0,1,0,5720,670724,137,126119,5.312412875427702,0.15827333615279296
224,0.0537,0,2,0,5722,670722,137,126119,5.312397034596375,0.15827373340478212
225,0.0538,0,2,0,5724,670720,137,126119,5.312381193765049,0.15827413065876544
226,0.0539,0,3,0,5727,670717,137,126119,5.312357432518058,0.15827472654347946
227,0.054,2,18,2,5745,670699,139,126117,5.312214865036117,0.15827618923314793
228,0.0542,1,9,1,5754,670690,140,126116,5.312143581295146,0.15827692060551754
229,0.0543,0,5,0,5759,670685,140,126116,5.312103979216829,0.1582779138078391
230,0.0545,0,4,0,5763,670681,140,126116,5.312072297554176,0.1582787083786711
231,0.0548,2,5,2,5768,670676,142,126114,5.3120326954758585,0.15827758882516096
232,0.0549,0,4,0,5772,670672,142,126114,5.312001013813205,0.15827838340533093
233,0.055,7,240,7,6012,670432,149,126107,5.310100114053985,0.15831867617279255
234,0.0552,0,1,0,6013,670431,149,126107,5.310092193638322,0.15831887493126504
235,0.0553,0,3,0,6016,670428,149,126107,5.310068432391332,0.1583194712096769
236,0.0554,0,3,0,6019,670425,149,126107,5.310044671144341,0.15832006749258035
237,0.0557,0,1,0,6020,670424,149,126107,5.3100367507286785,0.1583202662545463
238,0.0558,1,9,1,6029,670415,150,126106,5.309965466987707,0.15832099844197453
239,0.056,1,20,1,6049,670395,151,126105,5.309807058674439,0.15832391713747646
240,0.0561,0,1,0,6050,670394,151,126105,5.309799138258776,0.15832411591226103
241,0.0562,1,1,1,6051,670393,152,126104,5.309791217843112,0.15832325796581784
242,0.0563,0,3,0,6054,670390,152,126104,5.309767456596123,0.1583238542914322
243,0.0564,0,3,0,6057,670387,152,126104,5.309743695349132,0.15832445062153871
244,0.0565,0,1,0,6058,670386,152,126104,5.309735774933468,0.15832464939923915
245,0.0567,1,87,1,6145,670299,153,126103,5.309046698770752,0.15834088814442956
246,0.0568,0,2,0,6147,670297,153,126103,5.309030857939424,0.15834128578603718
247,0.0569,0,2,0,6149,670295,153,126103,5.309015017108098,0.15834168342964197
248,0.057,0,4,0,6153,670291,153,126103,5.308983335445444,0.1583424787228432
249,0.0571,1,5,1,6158,670286,154,126102,5.308943733367127,0.15834241600827736
250,0.0572,0,1,0,6159,670285,154,126102,5.308935812951463,0.15834261483424517
251,0.0573,0,5,0,6164,670280,154,126102,5.308896210873146,0.15834360897157396
252,0.0575,1,33,1,6197,670247,155,126101,5.308634837156254,0.15834911370405902
253,0.0577,0,6,0,6203,670241,155,126101,5.308587314662273,0.15835030677774123
254,0.0578,0,2,0,6205,670239,155,126101,5.308571473830947,0.15835070447296382
255,0.058,0,15,0,6220,670224,155,126101,5.308452667595995,0.1583536872508084
256,0.0582,0,5,0,6225,670219,155,126101,5.308413065517678,0.15835468153506127
257,0.0583,1,34,1,6259,670185,156,126100,5.308143771385122,0.1583603860426857
258,0.0585,0,1,0,6260,670184,156,126100,5.3081358509694585,0.1583605849169392
259,0.0587,0,11,0,6271,670173,156,126100,5.308048726397161,0.1583627725666951
260,0.059,0,12,0,6283,670161,156,126100,5.3079536814092005,0.15836515916263638
261,0.0592,1,9,1,6292,670152,157,126099,5.307882397668229,0.15836589216214486
262,0.0593,0,10,0,6302,670142,157,126099,5.307803193511596,0.15836788108123043
263,0.0597,0,1,0,6303,670141,157,126099,5.307795273095932,0.15836807997588667
264,0.06,30,1327,30,7630,668814,187,126069,5.297284881510581,0.15860069972562
265,0.0603,0,5,0,7635,668809,187,126069,5.297245279432264,0.15860169736739474
266,0.0604,1,2,1,7637,668807,188,126068,5.2972294386009375,0.15860103789904073
267,0.0605,0,4,0,7641,668803,188,126068,5.297197756938284,0.15860183602119085
268,0.0606,0,3,0,7644,668800,188,126068,5.297173995691294,0.15860243461807494
269,0.0607,2,7,2,7651,668793,190,126066,5.29711855278165,0.15860171426630384
270,0.0608,2,17,2,7668,668776,192,126064,5.296983905715372,0.15860298928086156
271,0.0609,0,4,0,7672,668772,192,126064,5.296952224052719,0.15860378744797668
272,0.061,0,9,0,7681,668763,192,126064,5.296880940311747,0.15860558335335864
273,0.0611,0,2,0,7683,668761,192,126064,5.296865099480421,0.15860598244896676
274,0.0612,0,2,0,7685,668759,192,126064,5.296849258649094,0.15860638154658332
275,0.0613,0,8,0,7693,668751,192,126064,5.2967858953237865,0.1586079779571347
276,0.0614,0,1,0,7694,668750,192,126064,5.296777974908123,0.1586081775107132
277,0.0615,0,3,0,7697,668747,192,126064,5.296754213661133,0.1586087761744616
278,0.0617,2,36,2,7733,668711,194,126062,5.29646907869725,0.1586138431979949
279,0.062,1,19,1,7752,668692,195,126061,5.296318590799645,0.1586165764709287
280,0.0621,0,3,0,7755,668689,195,126061,5.296294829552655,0.15861717521233093
281,0.0623,0,8,0,7763,668681,195,126061,5.296231466227348,0.15861877187816928
282,0.0624,0,3,0,7766,668678,195,126061,5.2962077049803575,0.15861937063614595
283,0.0625,1,62,1,7828,668616,196,126060,5.295716639209226,0.1586306872234722
284,0.0626,0,1,0,7829,668615,196,126060,5.295708718793562,0.15863088684053228
285,0.0627,0,5,0,7834,668610,196,126060,5.295669116715246,0.15863188493336858
286,0.0628,0,2,0,7836,668608,196,126060,5.295653275883918,0.15863228417401984
287,0.0629,0,1,0,7837,668607,196,126060,5.295645355468255,0.1586324837950991
288,0.063,0,6,0,7843,668601,196,126060,5.295597832974274,0.158633681532125
289,0.0633,5,166,5,8009,668435,201,126055,5.294283043974148,0.15866153129680677
290,0.0635,0,11,0,8020,668424,201,126055,5.29419591940185,0.15866372805322734
291,0.0636,0,2,0,8022,668422,201,126055,5.294180078570523,0.15866412747002115
292,0.0637,0,1,0,8023,668421,201,126055,5.2941721581548595,0.15866432717917217
293,0.0638,0,3,0,8026,668418,201,126055,5.29414839690787,0.15866492630964174
294,0.064,0,25,0,8051,668393,201,126055,5.2939503865162845,0.15866991923952228
295,0.0642,0,8,0,8059,668385,201,126055,5.293887023190977,0.158671517043452
296,0.0643,0,6,0,8065,668379,201,126055,5.293839500696997,0.15867271541751737
297,0.0645,0,7,0,8072,668372,201,126055,5.293784057787352,0.15867411354347222
298,0.0648,0,2,0,8074,668370,201,126055,5.293768216956026,0.15867451301255625
299,0.065,10,257,10,8331,668113,211,126045,5.2917326701305285,0.1587152682463691
300,0.0651,0,1,0,8332,668112,211,126045,5.291724749714865,0.15871546810013637
301,0.0652,0,8,0,8340,668104,211,126045,5.291661386389558,0.15871706694839383
302,0.0653,0,6,0,8346,668098,211,126045,5.291613863895577,0.15871826610572656
303,0.0654,0,1,0,8347,668097,211,126045,5.291605943479913,0.15871846596704367
304,0.0655,0,2,0,8349,668095,211,126045,5.291590102648587,0.15871886569118795
305,0.0657,0,4,0,8353,668091,211,126045,5.291558420985933,0.15871966514551664
306,0.0658,1,22,1,8375,668069,212,126044,5.291384171841338,0.15872300289757252
307,0.066,0,23,0,8398,668046,212,126044,5.2912020022810795,0.15872760014607917
308,0.0662,1,7,1,8405,668039,213,126043,5.291146559371436,0.15872793993567416
309,0.0663,0,3,0,8408,668036,213,126043,5.291122798124445,0.1587285396037422
310,0.0665,0,7,0,8415,668029,213,126043,5.2910673552148015,0.15872993884685518
311,0.0667,6,115,6,8530,667914,219,126037,5.290156507413509,0.15874657252147803
312,0.0668,0,1,0,8531,667913,219,126037,5.290148586997845,0.15874677246678
313,0.067,2,10,2,8541,667903,221,126035,5.290069382841211,0.15874665276129873
314,0.0671,1,4,1,8545,667899,222,126034,5.290037701178558,0.15874639295759213
315,0.0672,0,4,0,8549,667895,222,126034,5.290006019515904,0.15874719275905025
316,0.0673,0,6,0,8555,667889,222,126034,5.2899584970219236,0.15874839247634845
317,0.0674,1,1,1,8556,667888,223,126033,5.289950576606261,0.1587475328149778
318,0.0675,2,57,2,8613,667831,225,126031,5.289499112913446,0.15875681163728708
319,0.0676,0,8,0,8621,667823,225,126031,5.289435749588138,0.15875841149632047
320,0.0677,0,6,0,8627,667817,225,126031,5.2893882270941575,0.1587596114117564
321,0.0679,0,1,0,8628,667816,225,126031,5.289380306678495,0.15875981139942583
322,0.068,0,12,0,8640,667804,225,126031,5.289285261690534,0.1587622112907594
323,0.0681,1,9,1,8649,667795,226,126030,5.289213977949562,0.1587629515321387
324,0.0682,1,4,1,8653,667791,227,126029,5.289182296286909,0.15876269179410948
325,0.0683,1,47,1,8700,667744,228,126028,5.2888100367507285,0.15877103248791843
326,0.0685,0,3,0,8703,667741,228,126028,5.288786275503738,0.15877163255304755
327,0.0686,1,5,1,8708,667736,229,126027,5.288746673425421,0.15877157287502694
328,0.0687,2,10,2,8718,667726,231,126025,5.288667469268788,0.15877145351627903
329,0.0688,0,2,0,8720,667724,231,126025,5.28865162843746,0.15877185357083914
330,0.0689,0,1,0,8721,667723,231,126025,5.288643708021797,0.15877205359887522
331,0.069,1,23,1,8744,667700,232,126024,5.288461538461538,0.1587755945391597
332,0.0692,1,12,1,8756,667688,233,126023,5.2883664934735775,0.1587769351816971
333,0.0693,1,13,1,8769,667675,234,126022,5.288263528069953,0.1587784759171321
334,0.0694,0,1,0,8770,667674,234,126022,5.28825560765429,0.15877867596661693
335,0.0695,0,2,0,8772,667672,234,126022,5.288239766822963,0.1587790760670989
336,0.0696,0,5,0,8777,667667,234,126022,5.288200164744646,0.15878007632712562
337,0.0697,0,1,0,8778,667666,234,126022,5.288192244328982,0.15878027638064326
338,0.0698,0,12,0,8790,667654,234,126022,5.2880971993410215,0.1587826770621765
339,0.07,32,1425,32,10215,666229,266,125990,5.276810607020656,0.15903430743266697
340,0.0702,0,1,0,10216,666228,266,125990,5.276802686604993,0.15903450817830445
341,0.0704,0,2,0,10218,666226,266,125990,5.276786845773667,0.1590349096710998
342,0.0705,0,4,0,10222,666222,266,125990,5.276755164111012,0.15903571266277208
343,0.0706,0,2,0,10224,666220,266,125990,5.276739323279686,0.15903611416164906
344,0.0707,1,14,1,10238,666206,267,125989,5.276628437460398,0.15903786315238042
345,0.0708,2,9,2,10247,666197,269,125987,5.276557153719427,0.15903754683255406
346,0.071,1,11,1,10258,666186,270,125986,5.27647002914713,0.15903869361704276
347,0.0711,0,4,0,10262,666182,270,125986,5.276438347484476,0.159039496672423
348,0.0712,0,1,0,10263,666181,270,125986,5.276430427068813,0.15903969743753527
349,0.0713,0,4,0,10267,666177,270,125986,5.2763987454061585,0.15904050050305304
350,0.0714,0,5,0,10272,666172,270,125986,5.276359143327842,0.15904150434635514
351,0.0715,2,7,2,10279,666165,272,125984,5.276303700418198,0.15904078651869788
352,0.0717,3,41,3,10320,666124,275,125981,5.275978963375998,0.15904583357004437
353,0.0719,0,1,0,10321,666123,275,125981,5.275971042960334,0.15904603435912457
354,0.072,1,25,1,10346,666098,276,125980,5.2757730325687495,0.15904999255123864
355,0.0721,0,1,0,10347,666097,276,125980,5.275765112153086,0.15905019335241397
356,0.0722,0,1,0,10348,666096,276,125980,5.275757191737422,0.15905039415409633
357,0.0723,1,4,1,10352,666092,277,125979,5.275725510074769,0.15905013565703074
358,0.0725,1,73,1,10425,666019,278,125978,5.27514731973134,0.1590637338272746
359,0.0726,0,2,0,10427,666017,278,125978,5.275131478900013,0.15906413550590598
360,0.0727,0,10,0,10437,666007,278,125978,5.275052274743379,0.15906614392949361
361,0.0728,0,1,0,10438,666006,278,125978,5.275044354327715,0.1590663447746419
362,0.0729,0,4,0,10442,666002,278,125978,5.275012672665062,0.15906714816030706
363,0.073,0,10,0,10452,665992,278,125978,5.2749334685084275,0.15906915665997448
364,0.0733,10,167,10,10619,665825,288,125968,5.273610759092637,0.15909208593660212
365,0.0735,1,2,1,10621,665823,289,125967,5.273594918261311,0.15909142575682947
366,0.0736,0,1,0,10622,665822,289,125967,5.273586997845647,0.15909162668337146
367,0.0737,0,4,0,10626,665818,289,125967,5.273555316182994,0.1590924303946147
368,0.0738,0,4,0,10630,665814,289,125967,5.273523634520339,0.1590932341139785
369,0.0739,0,2,0,10632,665812,289,125967,5.273507793689013,0.15909363597670562
370,0.074,2,38,2,10670,665774,291,125965,5.273206817893803,0.15909914757262178
371,0.0742,0,14,0,10684,665760,291,125965,5.273095932074515,0.1591019609081436
372,0.0743,0,5,0,10689,665755,291,125965,5.273056329996198,0.15910296569494264
373,0.0745,1,4,1,10693,665751,292,125964,5.273024648333545,0.15910270741365265
374,0.0746,0,1,0,10694,665750,292,125964,5.273016727917881,0.1591029083734783
375,0.0747,0,8,0,10702,665742,292,125964,5.272953364592574,0.15910451607035944
376,0.0748,0,7,0,10709,665735,292,125964,5.2728979216829295,0.1591059228317833
377,0.075,18,287,18,10996,665448,310,125946,5.27062476238753,0.15914449692567798
378,0.0752,0,2,0,10998,665446,310,125946,5.270608921556203,0.15914489911447172
379,0.0753,0,10,0,11008,665436,310,125946,5.270529717399569,0.15914691008893303
380,0.0755,0,6,0,11014,665430,310,125946,5.270482194905589,0.1591481166980045
381,0.0756,0,1,0,11015,665429,310,125946,5.270474274489925,0.1591483178012952
382,0.0757,0,3,0,11018,665426,310,125946,5.270450513242935,0.15914892111421683
383,0.0758,0,13,0,11031,665413,310,125946,5.270347547839311,0.15915153552306854
384,0.076,1,19,1,11050,665394,311,125945,5.270197059941705,0.1591542941773374
385,0.0761,0,2,0,11052,665392,311,125945,5.270181219110379,0.15915469641884558
386,0.0762,0,4,0,11056,665388,311,125945,5.270149537447725,0.15915550090796163
387,0.0763,0,1,0,11057,665387,311,125945,5.270141617032062,0.15915570203151141
388,0.0764,0,3,0,11060,665384,311,125945,5.270117855785071,0.15915630540521072
389,0.0765,0,4,0,11064,665380,311,125945,5.270086174122418,0.15915710991059298
390,0.0766,0,3,0,11067,665377,311,125945,5.270062412875427,0.15915771329496717
391,0.0767,5,120,5,11187,665257,316,125940,5.269111962995818,0.15917653883925242
392,0.0768,0,13,0,11200,665244,316,125940,5.269008997592193,0.15917915428016743
393,0.077,0,8,0,11208,665236,316,125940,5.268945634266887,0.15918076382498964
394,0.0771,1,5,1,11213,665231,317,125939,5.2689060321885695,0.15918070705410975
395,0.0772,0,1,0,11214,665230,317,125939,5.268898111772906,0.15918090825095524
396,0.0773,1,9,1,11223,665221,318,125938,5.268826828031935,0.15918165627895278
397,0.0774,0,8,0,11231,665213,318,125938,5.268763464706628,0.15918326589993567
398,0.0775,2,64,2,11295,665149,320,125936,5.268256558104169,0.15919401834189753
399,0.0777,0,11,0,11306,665138,320,125936,5.268169433531872,0.1591962319580722
400,0.0778,0,1,0,11307,665137,320,125936,5.268161513116208,0.15919643319895888
401,0.0779,1,4,1,11311,665133,321,125935,5.268129831453555,0.15919617529719315
402,0.078,0,15,0,11326,665118,321,125935,5.268011025218604,0.159199193985738
403,0.0781,0,3,0,11329,665115,321,125935,5.267987263971613,0.15919979773718476
404,0.0782,0,1,0,11330,665114,321,125935,5.267979343555949,0.15919999898868464
405,0.0783,4,73,4,11403,665041,325,125931,5.2674011532125204,0.15921043981329303
406,0.0784,0,3,0,11406,665038,325,125931,5.26737739196553,0.15921104366922093
407,0.0785,0,2,0,11408,665036,325,125931,5.267361551134203,0.1592114462423843
408,0.0786,0,3,0,11411,665033,325,125931,5.267337789887213,0.15921205010594666
409,0.0787,0,9,0,11420,665024,325,125931,5.2672665061462425,0.1592138617241183
410,0.0788,0,6,0,11426,665018,325,125931,5.2672189836522625,0.15921506949247044
411,0.079,0,13,0,11439,665005,325,125931,5.267116018248638,0.159217686386762
412,0.0791,0,1,0,11440,665004,325,125931,5.267108097832974,0.159217887689886
413,0.0792,1,13,1,11453,664991,326,125930,5.26700513242935,0.15921944163829257
414,0.0793,0,4,0,11457,664987,326,125930,5.266973450766696,0.159220246877991
415,0.0795,0,11,0,11468,664976,326,125930,5.266886326194399,0.1592224613291592
416,0.0796,1,4,1,11472,664972,327,125929,5.266854644531745,0.15922220353748445
417,0.0797,0,1,0,11473,664971,327,125929,5.266846724116082,0.15922240485522823
418,0.0798,0,2,0,11475,664969,327,125929,5.266830883284754,0.159222807492243
419,0.08,40,1737,40,13212,663232,367,125889,5.253073121277405,0.15953066766693574
420,0.0801,2,7,2,13219,663225,369,125887,5.253017678367761,0.1595299526556433
421,0.0803,0,10,0,13229,663215,369,125887,5.252938474211127,0.1595319743201766
422,0.0804,1,2,1,13231,663213,370,125886,5.2529226333798,0.15953131356141625
423,0.0805,2,14,2,13245,663199,372,125884,5.252811747560512,0.15953201374253406
424,0.0807,0,8,0,13253,663191,372,125884,5.252748384235205,0.15953363115039762
425,0.0808,1,26,1,13279,663165,373,125883,5.252542453427956,0.15953782279405054
426,0.0809,0,3,0,13282,663162,373,125883,5.252518692180965,0.15953842936714635
427,0.081,0,18,0,13300,663144,373,125883,5.252376124699024,0.15954206890258507
428,0.0812,0,2,0,13302,663142,373,125883,5.252360283867698,0.15954247330566204
429,0.0813,0,4,0,13306,663138,373,125883,5.2523286022050435,0.15954328211796645
430,0.0814,0,8,0,13314,663130,373,125883,5.252265238879737,0.15954489976717748
431,0.0817,0,64,0,13378,663066,373,125883,5.251758332277278,0.1595578421418875
432,0.0818,0,9,0,13387,663057,373,125883,5.251687048536307,0.15955966233173624
433,0.0819,0,2,0,13389,663055,373,125883,5.25167120770498,0.15956006682400897
434,0.082,1,28,1,13417,663027,374,125882,5.251449436066404,0.15956466461911323
435,0.0821,0,7,0,13424,663020,374,125882,5.251393993156761,0.1595660804510573
436,0.0822,0,3,0,13427,663017,374,125882,5.251370231909771,0.15956668724386772
437,0.0823,1,8,1,13435,663009,375,125881,5.2513068685844635,0.15956724004614078
438,0.0824,0,4,0,13439,663005,375,125881,5.251275186921809,0.15956804912243341
439,0.0825,3,65,3,13504,662940,378,125878,5.250760359903688,0.15957800151619259
440,0.0826,0,1,0,13505,662939,378,125878,5.250752439488024,0.15957820381660132
441,0.0827,0,8,0,13513,662931,378,125878,5.250689076162717,0.15957982223833653
442,0.0828,0,2,0,13515,662929,378,125878,5.25067323533139,0.15958022684889966
443,0.0829,0,9,0,13524,662920,378,125878,5.250601951590419,0.1595820476218246
444,0.083,0,6,0,13530,662914,378,125878,5.2505544290964385,0.15958326149352428
445,0.0831,0,5,0,13535,662909,378,125878,5.250514827018122,0.15958427306738068
446,0.0832,0,1,0,13536,662908,378,125878,5.250506906602459,0.1595844753836909
447,0.0833,5,174,5,13710,662734,383,125873,5.249128754277025,0.15961435797551884
448,0.0835,1,5,1,13715,662729,384,125872,5.2490891521987075,0.15961430431866053
449,0.0837,0,10,0,13725,662719,384,125872,5.249009948042073,0.1596163283628649
450,0.084,2,34,2,13759,662685,386,125870,5.248740653909517,0.15962107906233552
451,0.0842,0,13,0,13772,662672,386,125870,5.248637688505893,0.15962371059499683
452,0.0843,0,13,0,13785,662659,386,125870,5.248534723102268,0.15962634221442712
453,0.0845,1,9,1,13794,662650,387,125869,5.248463439361298,0.15962709839585348
454,0.0846,0,3,0,13797,662647,387,125869,5.248439678114307,0.15962770571554669
455,0.0847,1,9,1,13806,662638,388,125868,5.248368394373337,0.15962846192673233
456,0.0848,0,7,0,13813,662631,388,125868,5.248312951463693,0.15962987904867348
457,0.0849,0,1,0,13814,662630,388,125868,5.248305031048029,0.1596300814967191
458,0.085,17,313,17,14127,662317,405,125851,5.245825940945381,0.1596753484028786
459,0.0852,1,6,1,14133,662311,406,125850,5.2457784184514,0.1596754977726632
460,0.0853,0,10,0,14143,662301,406,125850,5.245699214294766,0.15967752372324592
461,0.0854,0,1,0,14144,662300,406,125850,5.245691293879103,0.15967772632113175
462,0.0855,0,3,0,14147,662297,406,125850,5.245667532632113,0.15967833411787394
463,0.0857,0,7,0,14154,662290,406,125850,5.245612089722469,0.15967975232826656
464,0.0858,0,32,0,14186,662258,406,125850,5.24535863642124,0.159686235896603
465,0.086,0,24,0,14210,662234,406,125850,5.245168546445317,0.15969109891838942
466,0.0861,0,1,0,14211,662233,406,125850,5.245160626029654,0.15969130155072497
467,0.0862,0,5,0,14216,662228,406,125850,5.245121023951337,0.15969231472011652
468,0.0863,0,4,0,14220,662224,406,125850,5.245089342288684,0.1596931252648863
469,0.0864,0,1,0,14221,662223,406,125850,5.24508142187302,0.15969332790236437
470,0.0866,0,1,0,14222,662222,406,125850,5.245073501457356,0.15969353054035673
471,0.0867,5,158,5,14380,662064,411,125845,5.243822075782537,0.15972022149766027
472,0.0868,0,4,0,14384,662060,411,125845,5.243790394119883,0.15972103235796195
473,0.0869,0,2,0,14386,662058,411,125845,5.2437745532885565,0.15972143779120018
474,0.087,1,15,1,14401,662043,412,125844,5.243655747053605,0.15972341211366606
475,0.0871,1,10,1,14411,662033,413,125843,5.243576542896971,0.15972437287085786
476,0.0872,0,2,0,14413,662031,413,125843,5.243560702065644,0.15972477832749907
477,0.0873,0,18,0,14431,662013,413,125843,5.2434181345837025,0.15972842752990393
478,0.0874,0,3,0,14434,662010,413,125843,5.243394373336713,0.15972903574651617
479,0.0875,1,89,1,14523,661921,414,125842,5.242689456342669,0.15974601498166327
480,0.0876,0,2,0,14525,661919,414,125842,5.242673615511342,0.1597464205514109
481,0.0877,0,11,0,14536,661908,414,125842,5.242586490939044,0.15974865122183435
482,0.0878,0,2,0,14538,661906,414,125842,5.242570650107718,0.1597490568049681
483,0.0879,3,1,3,14539,661905,417,125839,5.242562729692054,0.15974605963358654
484,0.088,0,32,0,14571,661873,417,125839,5.242309276390825,0.15975254915502113
485,0.0881,1,0,1,14571,661873,418,125838,5.242309276390825,0.15975148245993773
486,0.0883,4,76,4,14647,661797,422,125834,5.241707324800405,0.1597626299625078
487,0.0884,0,3,0,14650,661794,422,125834,5.241683563553416,0.15976323848314178
488,0.0885,0,6,0,14656,661788,422,125834,5.241636041059435,0.1597644555383166
489,0.0886,0,7,0,14663,661781,422,125834,5.241580598149791,0.15976587545945672
490,0.0887,0,1,0,14664,661780,422,125834,5.241572677734127,0.15976607830739423
491,0.0888,0,5,0,14669,661775,422,125834,5.24153307565581,0.15976709255480828
492,0.089,2,14,2,14683,661761,424,125832,5.2414221898365225,0.15976779885042147
493,0.0892,4,22,4,14705,661739,428,125828,5.2412479406919275,0.15976799434206868
494,0.0893,1,9,1,14714,661730,429,125827,5.241176656950957,0.1597687532457968
495,0.0894,0,3,0,14717,661727,429,125827,5.241152895703967,0.15976936184693366
496,0.0895,0,1,0,14718,661726,429,125827,5.241144975288303,0.15976956471500967
497,0.0896,1,1,1,14719,661725,430,125826,5.24113705487264,0.15976870069366936
498,0.0897,0,5,0,14724,661720,430,125826,5.241097452794323,0.15976971503886758
499,0.0898,0,3,0,14727,661717,430,125826,5.241073691547332,0.15977032365216884
500,0.09,47,1930,47,16657,659787,477,125779,5.225787289316943,0.16011258124715175
501,0.0902,0,2,0,16659,659785,477,125779,5.225771448485617,0.16011298888441935
502,0.0903,1,16,1,16675,659769,478,125778,5.2256447218350015,0.16011518088669424
503,0.0904,1,6,1,16681,659763,479,125777,5.2255971993410215,0.16011533467423683
504,0.0905,0,6,0,16687,659757,479,125777,5.225549676847041,0.1601165576537744
505,0.0906,0,1,0,16688,659756,479,125777,5.225541756431378,0.16011676148551365
506,0.0907,0,9,0,16697,659747,479,125777,5.225470472690406,0.16011859599452086
507,0.0908,3,30,3,16727,659717,482,125774,5.225232860220505,0.16012150362002875
508,0.0909,0,3,0,16730,659714,482,125774,5.225209098973514,0.16012211516916872
509,0.091,0,30,0,16760,659684,482,125774,5.224971486503612,0.16012823091750292
510,0.0911,0,3,0,16763,659681,482,125774,5.224947725256621,0.16012884251803094
511,0.0912,0,1,0,16764,659680,482,125774,5.224939804840958,0.16012904638591186
512,0.0913,1,9,1,16773,659671,483,125773,5.224868521099987,0.16012981192803052
513,0.0914,0,5,0,16778,659666,483,125773,5.22482891902167,0.16013083129307304
514,0.0915,0,7,0,16785,659659,483,125773,5.224773476112026,0.1601322584259363
515,0.0917,6,77,6,16862,659582,489,125767,5.224163604105944,0.16014154216787696
516,0.0918,0,5,0,16867,659577,489,125767,5.224124002027627,0.16014256173091027
517,0.0919,0,2,0,16869,659575,489,125767,5.224108161196299,0.16014296955975868
518,0.092,2,32,2,16901,659543,491,125765,5.22385470789507,0.16014735619654963
519,0.0921,0,8,0,16909,659535,491,125765,5.223791344569763,0.1601489876480326
520,0.0923,0,3,0,16912,659532,491,125765,5.223767583322773,0.16014959945090837
521,0.0924,0,2,0,16914,659530,491,125765,5.223751742491446,0.16015000732208914
522,0.0925,2,91,2,17005,659439,493,125763,5.223030984666075,0.16016642851138943
523,0.0926,0,4,0,17009,659435,493,125763,5.222999303003421,0.16016724444025585
524,0.0927,1,6,1,17015,659429,494,125762,5.222951780509441,0.16016739876030164
525,0.0929,1,11,1,17026,659418,495,125761,5.222864655937143,0.16016857302602336
526,0.093,3,11,3,17037,659407,498,125758,5.222777531364846,0.1601676080823776
527,0.0931,0,7,0,17044,659400,498,125758,5.222722088455202,0.1601690360411535
528,0.0932,1,5,1,17049,659395,499,125757,5.222682486376885,0.1601689863873492
529,0.0933,7,230,7,17279,659165,506,125750,5.220860790774299,0.16020843021218859
530,0.0934,1,2,1,17281,659163,507,125749,5.220844949942973,0.1602077685141774
531,0.0935,0,8,0,17289,659155,507,125749,5.220781586617666,0.16020940140450296
532,0.0937,0,9,0,17298,659146,507,125749,5.220710302876695,0.1602112384459068
533,0.0938,2,6,2,17304,659140,509,125747,5.220662780382715,0.16021032326946427
534,0.0939,0,1,0,17305,659139,509,125747,5.220654859967051,0.16021052738869085
535,0.094,5,39,5,17344,659100,514,125742,5.220345963756178,0.16021313844060334
536,0.0941,0,2,0,17346,659098,514,125742,5.220330122924851,0.16021354671015747
537,0.0942,3,25,3,17371,659073,517,125739,5.220132112533266,0.16021544013088485
538,0.0943,0,8,0,17379,659065,517,125739,5.220068749207958,0.1602170733074755
539,0.0944,0,1,0,17380,659064,517,125739,5.220060828792295,0.16021727745689046
540,0.0945,0,8,0,17388,659056,517,125739,5.219997465466988,0.16021891067093955
541,0.0947,0,2,0,17390,659054,517,125739,5.219981624635661,0.1602193189796545
542,0.0948,0,4,0,17394,659050,517,125739,5.219949942973007,0.16022013560332776
543,0.0949,0,3,0,17397,659047,517,125739,5.219926181726017,0.1602207480765457
544,0.095,11,427,11,17824,658620,528,125728,5.216544164237739,0.16029619505627604
545,0.0951,0,2,0,17826,658618,528,125728,5.216528323406412,0.16029660379475386
546,0.0952,0,2,0,17828,658616,528,125728,5.2165124825750855,0.16029701253531614
547,0.0953,0,10,0,17838,658606,528,125728,5.216433278418451,0.16029905626939545
548,0.0954,0,2,0,17840,658604,528,125728,5.216417437587125,0.16029946502246498
549,0.0955,0,1,0,17841,658603,528,125728,5.216409517171461,0.16029966939978146
550,0.0956,0,2,0,17843,658601,528,125728,5.216393676340134,0.1603000781559779
551,0.0957,2,20,2,17863,658581,530,125726,5.216235268026866,0.16030202458986087
552,0.0958,0,38,0,17901,658543,530,125726,5.2159342922316565,0.16030979166586976
553,0.096,7,41,7,17942,658502,537,125719,5.215609555189456,0.16031067772987462
554,0.0962,2,17,2,17959,658485,539,125717,5.215474908123178,0.1603120114460305
555,0.0963,0,7,0,17966,658478,539,125717,5.215419465213534,0.16031344244735046
556,0.0964,1,7,1,17973,658471,540,125716,5.21536402230389,0.16031380270267168
557,0.0965,0,9,0,17982,658462,540,125716,5.21529273856292,0.16031564262195572
558,0.0967,7,212,7,18194,658250,547,125709,5.213613610442276,0.16035149797374607
559,0.0968,0,5,0,18199,658245,547,125709,5.213574008363959,0.16035252068361153
560,0.097,1,10,1,18209,658235,548,125708,5.213494804207325,0.16035349508829086
561,0.0971,0,8,0,18217,658227,548,125708,5.213431440882018,0.1603551314841154
562,0.0972,0,3,0,18220,658224,548,125708,5.2134076796350275,0.16035574514116022
563,0.0973,0,11,0,18231,658213,548,125708,5.2133205550627295,0.16035799525717515
564,0.0974,0,1,0,18232,658212,548,125708,5.213312634647067,0.16035819981630778
565,0.0975,2,108,2,18340,658104,550,125706,5.212457229755418,0.1603781528686799
566,0.0976,0,2,0,18342,658102,550,125706,5.21244138892409,0.16037856209684004
567,0.0977,2,3,2,18345,658099,552,125704,5.212417627677101,0.160377033514799
568,0.0978,0,5,0,18350,658094,552,125704,5.212378025598784,0.16037805659111148
569,0.0979,0,7,0,18357,658087,552,125704,5.21232258268914,0.16037948891987788
570,0.098,0,16,0,18373,658071,552,125704,5.212195856038525,0.160382762910274
571,0.0981,0,3,0,18376,658068,552,125704,5.212172094791534,0.16038337679835463
572,0.0982,0,4,0,18380,658064,552,125704,5.212140413128881,0.16038419532310583
573,0.0983,4,83,4,18463,657981,556,125700,5.211483018628818,0.16039689618607572
574,0.0984,0,1,0,18464,657980,556,125700,5.211475098213154,0.16039710085749284
575,0.0985,0,4,0,18468,657976,556,125700,5.211443416550501,0.16039791954838478
576,0.0986,1,7,1,18475,657969,557,125699,5.211387973640857,0.16039828090466882
577,0.0987,0,11,0,18486,657958,557,125699,5.211300849068559,0.16040053237577154
578,0.0988,0,2,0,18488,657956,557,125699,5.211285008237232,0.16040094174094469
579,0.099,1,18,1,18506,657938,558,125698,5.211142440755291,0.16040355471162632
580,0.0992,2,24,2,18530,657914,560,125696,5.210952350779369,0.16040632457472467
581,0.0993,0,14,0,18544,657900,560,125696,5.210841464960081,0.16040919045018096
582,0.0995,0,7,0,18551,657893,560,125696,5.210786022050438,0.1604106234263115
583,0.0996,1,3,1,18554,657890,561,125695,5.210762260803447,0.16041016609557354
584,0.0997,0,6,0,18560,657884,561,125695,5.210714738309466,0.16041139438397406
585,0.0998,1,5,1,18565,657879,562,125694,5.210675136231149,0.16041134648590494
586,0.0999,1,4,1,18569,657875,563,125693,5.210643454568496,0.16041109386804975
587,0.1,49,2062,49,20631,655813,612,125644,5.194311557470536,0.16078171927566073
588,0.1001,2,3,2,20634,655810,614,125642,5.194287796223546,0.16078018867441635
589,0.1002,1,9,1,20643,655801,615,125641,5.194216512482575,0.1607809664696804
590,0.1003,0,3,0,20646,655798,615,125641,5.194192751235585,0.16078158371926662
591,0.1004,0,4,0,20650,655794,615,125641,5.194161069572931,0.16078240672608726
592,0.1005,1,4,1,20654,655790,616,125640,5.1941293879102775,0.16078215579130567
593,0.1006,1,6,1,20660,655784,617,125639,5.1940818654162975,0.1607823163638644
594,0.1007,0,24,0,20684,655760,617,125639,5.193891775440375,0.16078725465479224
595,0.1008,0,18,0,20702,655742,617,125639,5.193749207958434,0.16079095857206663
596,0.101,0,19,0,20721,655723,617,125639,5.1935987200608285,0.16079486844765933
597,0.1011,0,4,0,20725,655719,617,125639,5.193567038398175,0.16079569160359272
598,0.1012,0,3,0,20728,655716,617,125639,5.193543277151185,0.1607963089760736
599,0.1013,0,12,0,20740,655704,617,125639,5.193448232163224,0.16079877851340577
600,0.1014,2,2,2,20742,655702,619,125637,5.193432391331897,0.16079704200097525
601,0.1015,0,9,0,20751,655693,619,125637,5.193361107590927,0.16079889419323462
602,0.1017,3,95,3,20846,655598,622,125634,5.192608668102902,0.1608152251827882
603,0.1018,0,3,0,20849,655595,622,125634,5.192584906855912,0.16081584272985258
604,0.102,1,22,1,20871,655573,623,125633,5.192410657711316,0.16081929734282635
605,0.1021,0,3,0,20874,655570,623,125633,5.192386896464327,0.16081991492608194
606,0.1023,0,5,0,20879,655565,623,125633,5.19234729438601,0.16082094424204876
607,0.1024,0,2,0,20881,655563,623,125633,5.192331453554683,0.1608213559721248
608,0.1025,2,97,2,20978,655466,625,125631,5.191563173235331,0.1608391787447654
609,0.1027,0,11,0,20989,655455,625,125631,5.191476048663034,0.16084144383589002
610,0.1028,0,1,0,20990,655454,625,125631,5.1914681282473705,0.16084164975642856
611,0.1029,0,3,0,20993,655451,625,125631,5.19144436700038,0.16084226752120775
612,0.103,0,15,0,21008,655436,625,125631,5.191325560765429,0.16084535641628694
613,0.1031,0,3,0,21011,655433,625,125631,5.191301799518438,0.1608459742095398
614,0.1032,0,4,0,21015,655429,625,125631,5.191270117855785,0.1608467979412593
615,0.1033,12,207,12,21222,655222,637,125619,5.189630591813458,0.16087654208731356
616,0.1034,0,2,0,21224,655220,637,125619,5.189614750982131,0.1608769541480382
617,0.1035,0,10,0,21234,655210,637,125619,5.189535546825497,0.16087901448332478
618,0.1036,1,3,1,21237,655207,638,125618,5.189511785578508,0.16087855793551692
619,0.1037,1,13,1,21250,655194,639,125617,5.189408820174883,0.1608801617805077
620,0.1038,0,10,0,21260,655184,639,125617,5.189329616018249,0.16088222223076046
621,0.1039,0,6,0,21266,655178,639,125617,5.189282093524268,0.1608834585262457
622,0.104,1,42,1,21308,655136,640,125616,5.188949436066404,0.16089103838350718
623,0.1041,0,1,0,21309,655135,640,125616,5.1889415156507415,0.16089124445565872
624,0.1042,2,24,2,21333,655111,642,125614,5.18875142567482,0.16089404079541453
625,0.1043,1,11,1,21344,655100,643,125613,5.188664301102522,0.16089523294731867
626,0.1044,0,2,0,21346,655098,643,125613,5.188648460271195,0.1608956451234836
627,0.1045,1,5,1,21351,655093,644,125612,5.188608858192878,0.1608956007710979
628,0.1046,0,2,0,21353,655091,644,125612,5.188593017361551,0.16089601295242878
629,0.1047,1,5,1,21358,655086,645,125611,5.188553415283234,0.16089596860241553
630,0.1048,0,2,0,21360,655084,645,125611,5.1885375744519076,0.16089638078891244
631,0.1049,1,4,1,21364,655080,646,125610,5.188505892789253,0.16089613034623218
632,0.105,13,492,13,21856,654588,659,125597,5.184609048282854,0.1609836128610522
633,0.1052,0,12,0,21868,654576,659,125597,5.184514003294893,0.16098608898282818
634,0.1053,1,15,1,21883,654561,660,125596,5.184395197059942,0.1609881088037408
635,0.1054,0,1,0,21884,654560,660,125596,5.184387276644278,0.16098831515748133
636,0.1055,0,4,0,21888,654556,660,125596,5.184355594981625,0.16098914057773356
637,0.1056,0,2,0,21890,654554,660,125596,5.184339754150298,0.1609895532910338
638,0.1057,2,15,2,21905,654539,662,125594,5.184220947915347,0.1609904977740975
639,0.1058,1,40,1,21945,654499,663,125593,5.18390413128881,0.16099767719704855
640,0.1059,0,2,0,21947,654497,663,125593,5.1838882904574834,0.16099808996397852
641,0.106,1,43,1,21990,654454,664,125592,5.183547712583956,0.16100588939626637
642,0.1061,1,7,1,21997,654447,665,125591,5.183492269674312,0.16100625866944943
643,0.1062,0,8,0,22005,654439,665,125591,5.183428906349005,0.16100790995218134
644,0.1063,0,1,0,22006,654438,665,125591,5.183420985933342,0.1610081163649044
645,0.1064,1,9,1,22015,654429,666,125590,5.183349702192371,0.16100889850119035
646,0.1065,0,13,0,22028,654416,666,125590,5.183246736788747,0.16101158196219004
647,0.1067,7,214,7,22242,654202,673,125583,5.181551767836776,0.16104823765525111
648,0.1068,0,5,0,22247,654197,673,125583,5.181512165758459,0.16104927030700966
649,0.1069,0,2,0,22249,654195,673,125583,5.181496324927132,0.1610496833714211
650,0.107,2,18,2,22267,654177,675,125581,5.181353757445191,0.16105124923373662
651,0.1071,0,8,0,22275,654169,675,125581,5.181290394119883,0.16105290157101634
652,0.1073,0,12,0,22287,654157,675,125581,5.181195349131922,0.16105538014050874
653,0.1075,0,124,0,22411,654033,675,125581,5.180213217589659,0.16108099649313634
654,0.1076,0,2,0,22413,654031,675,125581,5.180197376758333,0.16108140972688978
655,0.1077,3,10,3,22423,654021,678,125578,5.1801181726016985,0.16108024766578716
656,0.1078,0,6,0,22429,654015,678,125578,5.180070650107718,0.16108148739149789
657,0.1079,0,2,0,22431,654013,678,125578,5.180054809276391,0.16108190063764205
658,0.108,3,33,3,22464,653980,681,125575,5.179793435559498,0.16108549108145032
659,0.1081,0,3,0,22467,653977,681,125575,5.179769674312508,0.1610861109970855
660,0.1082,0,5,0,22472,653972,681,125575,5.179730072234191,0.16108714420041384
661,0.1083,9,128,9,22600,653844,690,125566,5.178716259029274,0.1611039119333855
662,0.1084,0,2,0,22602,653842,690,125566,5.1787004181979475,0.16110432533409974
663,0.1085,1,10,1,22612,653832,691,125565,5.178621214041313,0.1611053160327792
664,0.1086,0,3,0,22615,653829,691,125565,5.178597452794323,0.16110593615039376
665,0.1087,0,11,0,22626,653818,691,125565,5.178510328222025,0.16110820995582403
666,0.1088,1,6,1,22632,653812,692,125564,5.178462805728045,0.16110837387859006
667,0.1089,0,1,0,22633,653811,692,125564,5.178454885312381,0.16110858059342423
668,0.109,3,17,3,22650,653794,695,125561,5.178320238246103,0.16110886566455596
669,0.1092,0,37,0,22687,653757,695,125561,5.178027182866557,0.16111651469618307
670,0.1093,0,4,0,22691,653753,695,125561,5.177995501203903,0.16111734166202582
671,0.1094,0,4,0,22695,653749,695,125561,5.177963819541249,0.1611181686363578
672,0.1095,0,6,0,22701,653743,695,125561,5.177916297047269,0.16111940911377332
673,0.1096,0,1,0,22702,653742,695,125561,5.177908376631605,0.16111961586186632
674,0.1097,1,11,1,22713,653731,696,125560,5.177821252059308,0.16112081366267544
675,0.1098,0,6,0,22719,653725,696,125560,5.177773729565327,0.16112205419070044
676,0.11,85,2302,85,25021,651423,781,125475,5.159540932708149,0.16150768826795794
677,0.1102,0,8,0,25029,651415,781,125475,5.159477569382841,0.16150935138822742
678,0.1103,0,5,0,25034,651410,781,125475,5.159437967304524,0.16151039085578947
679,0.1104,0,3,0,25037,651407,781,125475,5.159414206057534,0.1615110145427491
680,0.1105,0,7,0,25044,651400,781,125475,5.15935876314789,0.1615124698310539
681,0.1107,0,13,0,25057,651387,781,125475,5.159255797744265,0.16151517257891362
682,0.1108,1,39,1,25096,651348,782,125474,5.158946901533392,0.16152220199736878
683,0.1109,0,1,0,25097,651347,782,125474,5.158938981117729,0.16152240992455147
684,0.111,3,28,3,25125,651319,785,125471,5.158717209479153,0.1615249938850912
685,0.1111,0,1,0,25126,651318,785,125471,5.1587092890634905,0.16152520182443367
686,0.1112,0,7,0,25133,651311,785,125471,5.158653846153846,0.16152665741482167
687,0.1113,0,7,0,25140,651304,785,125471,5.158598403244202,0.1615281130314441
688,0.1114,2,4,2,25144,651300,787,125469,5.158566721581549,0.16152678595567022
689,0.1115,1,12,1,25156,651288,788,125468,5.158471676593588,0.16152820190639017
690,0.1116,0,3,0,25159,651285,788,125468,5.158447915346597,0.1615288257657196
691,0.1117,11,92,11,25251,651193,799,125457,5.157719237105563,0.16153608446533188
692,0.1118,0,2,0,25253,651191,799,125457,5.157703396274236,0.16153650044807943
693,0.1119,0,2,0,25255,651189,799,125457,5.15768755544291,0.16153691643296947
694,0.112,2,42,2,25297,651147,801,125455,5.157354897985046,0.16154349332090312
695,0.1121,0,10,0,25307,651137,801,125455,5.157275693828412,0.16154557348002554
696,0.1122,0,8,0,25315,651129,801,125455,5.157212330503105,0.16154723764589535
697,0.1123,1,11,1,25326,651118,802,125454,5.157125205930807,0.16154844624838394
698,0.1124,0,3,0,25329,651115,802,125454,5.157101444683817,0.16154907033373725
699,0.1125,2,122,2,25451,650993,804,125452,5.156135153972881,0.16157229423848438
700,0.1126,0,1,0,25452,650992,804,125452,5.156127233557217,0.16157250233114043
701,0.1127,2,7,2,25459,650985,806,125450,5.156071790647573,0.16157179931352914
702,0.1128,0,5,0,25464,650980,806,125450,5.156032188569256,0.1615728397923831
703,0.1129,1,2,1,25466,650978,807,125449,5.156016347737929,0.1615721761350391
704,0.113,0,4,0,25470,650974,807,125449,5.155984666075276,0.1615730085275681
705,0.1131,0,3,0,25473,650971,807,125449,5.1559609048282855,0.16157363282759332
706,0.1132,0,3,0,25476,650968,807,125449,5.155937143581295,0.161574257132443
707,0.1133,14,279,14,25755,650689,821,125435,5.153727347611203,0.16161721580572178
708,0.1134,0,4,0,25759,650685,821,125435,5.153695665948549,0.1616180487553471
709,0.1135,0,7,0,25766,650678,821,125435,5.153640223038905,0.1616195064378512
710,0.1136,1,2,1,25768,650676,822,125434,5.153624382207578,0.1616188426898249
711,0.1137,1,6,1,25774,650670,823,125433,5.153576859713597,0.1616190119095017
712,0.1138,0,7,0,25781,650663,823,125433,5.153521416803954,0.16162046963262278
713,0.114,4,69,4,25850,650594,827,125429,5.152974908123178,0.16163051868308026
714,0.1142,0,32,0,25882,650562,827,125429,5.152721454821949,0.16163718393641163
715,0.1143,0,15,0,25897,650547,827,125429,5.152602648586998,0.16164030846314834
716,0.1145,0,15,0,25912,650532,827,125429,5.152483842352047,0.1616434331106847
717,0.1146,0,7,0,25919,650525,827,125429,5.152428399442403,0.16164489132087728
718,0.1147,0,4,0,25923,650521,827,125429,5.152396717779749,0.16164572459565693
719,0.1148,1,2,1,25925,650519,828,125428,5.152380876948422,0.1616450608095656
720,0.115,17,548,17,26473,649971,845,125411,5.148040489164871,0.16174092253882602
721,0.1151,0,1,0,26474,649970,845,125411,5.148032568749208,0.1617411311342424
722,0.1152,1,5,1,26479,649965,846,125410,5.147992966670891,0.16174109301950668
723,0.1153,0,13,0,26492,649952,846,125410,5.147890001267267,0.16174380482922815
724,0.1154,0,3,0,26495,649949,846,125410,5.147866240020276,0.16174443064438537
725,0.1155,1,2,1,26497,649947,847,125409,5.1478503991889495,0.16174376673424853
726,0.1156,0,5,0,26502,649942,847,125409,5.147810797110632,0.16174480977002673
727,0.1157,1,8,1,26510,649934,848,125408,5.147747433785325,0.1617453975149031
728,0.1158,0,33,0,26543,649901,848,125408,5.147486060068433,0.16175228199337296
729,0.116,2,46,2,26589,649855,850,125406,5.147121720947915,0.16175971705012893
730,0.1161,0,1,0,26590,649854,850,125406,5.147113800532252,0.16175992570234501
731,0.1162,0,9,0,26599,649845,850,125406,5.147042516791281,0.16176180359651263
732,0.1163,0,6,0,26605,649839,850,125406,5.146994994297301,0.16176305555018092
733,0.1164,0,6,0,26611,649833,850,125406,5.14694747180332,0.16176430752322832
734,0.1165,2,8,2,26619,649825,852,125404,5.146884108478013,0.1617638143051924
735,0.1167,7,239,7,26858,649586,859,125397,5.144991129134457,0.16180612994091484
736,0.1168,0,2,0,26860,649584,859,125397,5.14497528830313,0.16180654751535845
737,0.117,2,24,2,26884,649560,861,125395,5.144785198327209,0.16180939538424813
738,0.1171,1,7,1,26891,649553,862,125394,5.144729755417564,0.16180977537818717
739,0.1172,0,4,0,26895,649549,862,125394,5.144698073754911,0.16181061058684315
740,0.1173,3,14,3,26909,649535,865,125391,5.144587187935623,0.16181028898243188
741,0.1175,6,133,6,27042,649402,871,125385,5.143533772652389,0.16183157435527443
742,0.1176,0,2,0,27044,649400,871,125385,5.143517931821062,0.1618319921010345
743,0.1177,0,7,0,27051,649393,871,125385,5.143462488911418,0.1618334542281789
744,0.1178,0,8,0,27059,649385,871,125385,5.143399125586111,0.16183512526298127
745,0.1179,0,9,0,27068,649376,871,125385,5.1433278418451405,0.16183700521838348
746,0.118,1,29,1,27097,649347,872,125384,5.143098149790901,0.16184198128124472
747,0.1181,0,1,0,27098,649346,872,125384,5.143090229375238,0.16184219018238613
748,0.1182,0,2,0,27100,649344,872,125384,5.143074388543911,0.1618426079862868
749,0.1183,5,104,5,27204,649240,877,125379,5.142250665314916,0.16185892677561486
750,0.1184,0,4,0,27208,649236,877,125379,5.1422189836522625,0.16185976259173912
751,0.1185,4,6,4,27214,649230,881,125375,5.142171461158282,0.16185668824755844
752,0.1186,0,15,0,27229,649215,881,125375,5.14205265492333,0.16185982261583548
753,0.1187,2,8,2,27237,649207,883,125373,5.141989291598023,0.16185933021766635
754,0.1188,1,12,1,27249,649195,884,125372,5.141894246610062,0.1618607557512778
755,0.1189,0,1,0,27250,649194,884,125372,5.141886326194399,0.16186096472088887
756,0.119,1,33,1,27283,649161,885,125371,5.141624952477506,0.16186677890648804
757,0.1192,1,39,1,27322,649122,886,125370,5.141316056266633,0.16187384763173795
758,0.1193,1,27,1,27349,649095,887,125369,5.141102205043721,0.16187840880918933
759,0.1194,0,1,0,27350,649094,887,125369,5.141094284628057,0.16187861782938628
760,0.1195,0,4,0,27354,649090,887,125369,5.141062602965404,0.16187945391557204
761,0.1197,0,6,0,27360,649084,887,125369,5.141015080471423,0.16188070806104438
762,0.1198,0,3,0,27363,649081,887,125369,5.140991319224433,0.16188133514106787
763,0.1199,0,1,0,27364,649080,887,125369,5.140983398808769,0.16188154416882197
764,0.12,75,2476,75,29840,646604,962,125294,5.121372449626157,0.16231937380327452
765,0.1201,1,5,1,29845,646599,963,125293,5.12133284754784,0.16231934001129691
766,0.1202,0,5,0,29850,646594,963,125293,5.121293245469523,0.16232039145626237
767,0.1203,0,11,0,29861,646583,963,125293,5.121206120897225,0.16232270468313564
768,0.1204,0,1,0,29862,646582,963,125293,5.121198200481562,0.1623229149797571
769,0.1205,0,5,0,29867,646577,963,125293,5.121158598403245,0.16232396647103786
770,0.1206,0,2,0,29869,646575,963,125293,5.121142757571917,0.16232438707136454
771,0.1207,0,19,0,29888,646556,963,125293,5.120992269674312,0.16232838288318052
772,0.1208,1,31,1,29919,646525,964,125292,5.120746736788747,0.16233381747227646
773,0.1209,0,1,0,29920,646524,964,125292,5.120738816373083,0.16233402779937187
774,0.121,0,34,0,29954,646490,964,125292,5.120469522240527,0.1623411792449163
775,0.1211,1,5,1,29959,646485,965,125291,5.12042992016221,0.16234114561738122
776,0.1212,0,6,0,29965,646479,965,125291,5.120382397668229,0.16234240771214223
777,0.1213,0,5,0,29970,646474,965,125291,5.120342795589912,0.16234345947276696
778,0.1214,0,4,0,29974,646470,965,125291,5.120311113927259,0.16234430089107899
779,0.1215,0,10,0,29984,646460,965,125291,5.120231909770625,0.1623464044750185
780,0.1217,7,101,7,30085,646359,972,125284,5.11943194778862,0.16236005510320187
781,0.1218,1,7,1,30092,646352,973,125283,5.119376504878976,0.16236044243716266
782,0.1219,0,2,0,30094,646350,973,125283,5.119360664047649,0.16236086326012494
783,0.122,0,52,0,30146,646298,973,125283,5.1189488024331515,0.16237180542289145
784,0.1221,1,3,1,30149,646295,974,125282,5.118925041186161,0.16237135114188214
785,0.1223,0,13,0,30162,646282,974,125282,5.118822075782537,0.1623740869195556
786,0.1224,0,3,0,30165,646279,974,125282,5.118798314535547,0.16237471826595692
787,0.1225,2,134,2,30299,646145,976,125280,5.117736978836649,0.16240075185533268
788,0.1226,0,1,0,30300,646144,976,125280,5.117729058420986,0.16240096237607335
789,0.1227,0,5,0,30305,646139,976,125280,5.117689456342669,0.16240201498796375
790,0.1228,0,10,0,30315,646129,976,125280,5.117610252186035,0.16240412025268047
791,0.1229,0,11,0,30326,646118,976,125280,5.117523127613737,0.16240643610691238
792,0.123,1,15,1,30341,646103,977,125279,5.117404321378786,0.16240850836550502
793,0.1231,0,4,0,30345,646099,977,125279,5.117372639716132,0.1624093505389057
794,0.1232,0,8,0,30353,646091,977,125279,5.117309276390825,0.16241103491190997
795,0.1233,18,332,18,30685,645759,995,125261,5.114679698390572,0.16246141474929315
796,0.1234,0,1,0,30686,645758,995,125261,5.114671777974908,0.16246162545929477
797,0.1235,0,15,0,30701,645743,995,125261,5.114552971739957,0.1624647861749096
798,0.1236,0,3,0,30704,645740,995,125261,5.114529210492966,0.16246541833279074
799,0.1237,1,8,1,30712,645732,996,125260,5.11446584716766,0.16246601780563222
800,0.1238,0,15,0,30727,645717,996,125260,5.114347040932708,0.16246917871739364
801,0.1239,0,6,0,30733,645711,996,125260,5.114299518438727,0.16247044311653747
802,0.124,2,54,2,30787,645657,998,125258,5.113871815992903,0.16247965080456342
803,0.1241,0,2,0,30789,645655,998,125258,5.113855975161576,0.16248007232982192
804,0.1242,1,33,1,30822,645622,999,125257,5.113594601444684,0.16248594137341918
805,0.1243,1,11,1,30833,645611,1000,125256,5.113507476872386,0.16248717353317757
806,0.1245,1,14,1,30847,645597,1001,125255,5.113396591053099,0.1624890381032935
807,0.1247,0,9,0,30856,645588,1001,125255,5.113325307312127,0.162490935248812
808,0.1248,0,8,0,30864,645580,1001,125255,5.113261943986821,0.16249262163757483
809,0.1249,0,2,0,30866,645578,1001,125255,5.113246103155493,0.16249304324023492
810,0.125,14,590,14,31456,644988,1015,125241,5.10857305791408,0.16260229100696028
811,0.1252,1,6,1,31462,644982,1016,125240,5.108525535420099,0.16260247045656967
812,0.1253,0,17,0,31479,644965,1016,125240,5.108390888353821,0.1626060594257373
813,0.1254,0,9,0,31488,644956,1016,125240,5.10831960461285,0.16260795953237878
814,0.1255,0,10,0,31498,644946,1016,125240,5.108240400456216,0.1626100708140631
815,0.1256,0,3,0,31501,644943,1016,125240,5.108216639209226,0.16261070420925935
816,0.1257,1,22,1,31523,644921,1017,125239,5.108042390064631,0.1626142619715384
817,0.1258,2,63,2,31586,644858,1019,125237,5.107543403877836,0.1626253903739149
818,0.1259,1,2,1,31588,644856,1020,125236,5.107527563046509,0.16262472535748976
819,0.126,2,70,2,31658,644786,1022,125234,5.10697313395007,0.1626373340952183
820,0.1261,0,5,0,31663,644781,1022,125234,5.106933531871753,0.16263839016123063
821,0.1262,2,21,2,31684,644760,1024,125232,5.106767203142821,0.1626406508119565
822,0.1263,1,8,1,31692,644752,1025,125231,5.106703839817514,0.16264125311857536
823,0.1265,1,10,1,31702,644742,1026,125230,5.1066246356608795,0.16264227790101457
824,0.1266,0,3,0,31705,644739,1026,125230,5.106600874413889,0.16264291159773964
825,0.1267,8,293,8,31998,644446,1034,125222,5.1042801926245085,0.1626961235233893
826,0.1268,1,7,1,32005,644439,1035,125221,5.104224749714865,0.1626965153444378
827,0.1269,0,2,0,32007,644437,1035,125221,5.104208908883538,0.16269693812056785
828,0.127,0,20,0,32027,644417,1035,125221,5.10405050057027,0.16270116600271817
829,0.1271,0,8,0,32035,644409,1035,125221,5.103987137244963,0.1627028572171043
830,0.1272,0,1,0,32036,644408,1035,125221,5.103979216829299,0.1627030686213747
831,0.1273,0,12,0,32048,644396,1035,125221,5.103884171841338,0.16270560551547067
832,0.1274,0,3,0,32051,644393,1035,125221,5.103860410594348,0.16270623975135587
833,0.1275,2,151,2,32202,644242,1037,125219,5.102664427829173,0.16273599311726
834,0.1276,0,3,0,32205,644239,1037,125219,5.102640666582182,0.1627366276002069
835,0.1277,0,4,0,32209,644235,1037,125219,5.102608984919528,0.16273747358516558
836,0.1278,0,8,0,32217,644227,1037,125219,5.1025456215942215,0.1627391655814703
837,0.1279,0,10,0,32227,644217,1037,125219,5.102466417437587,0.1627412806263289
838,0.128,0,43,0,32270,644174,1037,125219,5.10212583956406,0.16275037594571304
839,0.1281,0,6,0,32276,644168,1037,125219,5.10207831707008,0.1627516451408719
840,0.1282,0,2,0,32278,644166,1037,125219,5.102062476238753,0.16275206821032384
841,0.1283,6,167,6,32445,643999,1043,125213,5.100739766822963,0.16278087185327322
842,0.1285,1,5,1,32450,643994,1044,125212,5.100700164744646,0.1627808415430977
843,0.1286,0,4,0,32454,643990,1044,125212,5.100668483081992,0.16278168803513252
844,0.1287,1,13,1,32467,643977,1045,125211,5.100565517678368,0.16278335075430195
845,0.1288,0,8,0,32475,643969,1045,125211,5.100502154353061,0.16278504381289166
846,0.1289,0,6,0,32481,643963,1045,125211,5.10045463185908,0.1627863136299459
847,0.129,2,20,2,32501,643943,1047,125209,5.100296223545811,0.16278836952903977
848,0.1291,0,1,0,32502,643942,1047,125209,5.1002883031301485,0.16278858117586795
849,0.1292,1,26,1,32528,643916,1048,125208,5.100082372322899,0.1627929956677987
850,0.1293,0,23,0,32551,643893,1048,125208,5.099900202762641,0.16279786399965673
851,0.1294,1,1,1,32552,643892,1049,125207,5.0998922823469774,0.16279698712389432
852,0.1295,0,15,0,32567,643877,1049,125207,5.099773476112026,0.1628001622709613
853,0.1296,0,6,0,32573,643871,1049,125207,5.099725953618046,0.1628014323644676
854,0.1297,1,10,1,32583,643861,1050,125206,5.099646749461412,0.16280246064387108
855,0.1298,2,6,2,32589,643855,1052,125204,5.099599226967431,0.16280155358691595
856,0.13,87,2732,87,35321,641123,1139,125117,5.077960651374984,0.16328695969931092
857,0.1302,1,4,1,35325,641119,1140,125116,5.077928969712331,0.16328672013155232
858,0.1303,1,9,1,35334,641110,1141,125115,5.07785768597136,0.16328754608633234
859,0.1304,0,1,0,35335,641109,1141,125115,5.077849765555697,0.16328775919313412
860,0.1305,1,5,1,35340,641104,1142,125114,5.07781016347738,0.16328773273402608
861,0.1306,0,4,0,35344,641100,1142,125114,5.077778481814725,0.16328858517333278
862,0.1307,4,27,4,35371,641073,1146,125110,5.077564630591813,0.1632899711948712
863,0.1308,0,35,0,35406,641038,1146,125110,5.077287416043594,0.1632974307836084
864,0.1309,0,9,0,35415,641029,1146,125110,5.077216132302623,0.16329934907373206
865,0.131,2,34,2,35449,640995,1148,125108,5.076946838170067,0.1633044120699175
866,0.1311,0,3,0,35452,640992,1148,125108,5.076923076923077,0.1633050515598486
867,0.1312,0,9,0,35461,640983,1148,125108,5.076851793182106,0.16330697005969264
868,0.1313,0,7,0,35468,640976,1148,125108,5.0767963502724625,0.1633084622574026
869,0.1314,1,6,1,35474,640970,1149,125107,5.076748827778482,0.16330864913057042
870,0.1315,1,13,1,35487,640957,1150,125106,5.076645862374858,0.1633103282628191
871,0.1317,9,146,9,35633,640811,1159,125097,5.075489481687999,0.1633316272972733
872,0.1318,1,8,1,35641,640803,1160,125096,5.075426118362691,0.16333224093516246
873,0.1319,0,6,0,35647,640797,1160,125096,5.075378595868711,0.16333352047870917
874,0.132,2,33,2,35680,640764,1162,125094,5.075117222151818,0.1633383734321506
875,0.1321,0,4,0,35684,640760,1162,125094,5.075085540489165,0.1633392265366506
876,0.1322,0,6,0,35690,640754,1162,125094,5.075038017995184,0.16334050621010957
877,0.1323,0,14,0,35704,640740,1162,125094,5.074927132175897,0.16334349219282507
878,0.1324,0,5,0,35709,640735,1162,125094,5.0748875300975795,0.1633445586416811
879,0.1325,3,153,3,35862,640582,1165,125091,5.073675706501077,0.16337392072072543
880,0.1326,1,1,1,35863,640581,1166,125090,5.073667786085414,0.1633730414237969
881,0.1327,1,18,1,35881,640563,1167,125089,5.073525218603472,0.16337578952317763
882,0.1328,0,7,0,35888,640556,1167,125089,5.0734697756938285,0.1633772832056632
883,0.1329,1,16,1,35904,640540,1168,125088,5.073343049043213,0.16337960471665092
884,0.133,2,23,2,35927,640517,1170,125086,5.0731608794829555,0.1633823273942239
885,0.1332,0,6,0,35933,640511,1170,125086,5.073113356988975,0.16338360782500455
886,0.1333,5,353,5,36286,640158,1175,125081,5.07031745025979,0.16345350929578864
887,0.1334,0,1,0,36287,640157,1175,125081,5.070309529844126,0.16345372289405388
888,0.1335,2,4,2,36291,640153,1177,125079,5.0702778481814725,0.16345239090890082
889,0.1336,0,6,0,36297,640147,1177,125079,5.070230325687492,0.16345367250982062
890,0.1337,0,15,0,36312,640132,1177,125079,5.070111519452541,0.16345687660004887
891,0.1338,0,17,0,36329,640115,1177,125079,5.069976872386263,0.16346050805416665
892,0.1339,0,4,0,36333,640111,1177,125079,5.069945190723609,0.163461362537409
893,0.134,4,62,4,36395,640049,1181,125075,5.069454124952477,0.1634702348900309
894,0.1341,0,6,0,36401,640043,1181,125075,5.069406602458497,0.1634715168117859
895,0.1342,0,41,0,36442,640002,1181,125075,5.0690818654162975,0.16348027714857458
896,0.1343,0,12,0,36454,639990,1181,125075,5.068986820428336,0.1634828413272075
897,0.1344,0,3,0,36457,639987,1181,125075,5.068963059181346,0.1634834823844342
898,0.1345,0,8,0,36465,639979,1181,125075,5.068899695856039,0.1634851918949512
899,0.1346,0,3,0,36468,639976,1181,125075,5.068875934609048,0.16348583297061242
900,0.1347,1,4,1,36472,639972,1182,125074,5.068844252946395,0.16348559433027557
901,0.1348,2,1,2,36473,639971,1184,125072,5.068836332530731,0.16348362118207735
902,0.1349,0,1,0,36474,639970,1184,125072,5.068828412115068,0.1634838348744252
903,0.135,33,684,33,37158,639286,1217,125039,5.0634108478012925,0.16359402086808622
904,0.1351,0,2,0,37160,639284,1217,125039,5.063395006969966,0.16359444894370573
905,0.1352,0,3,0,37163,639281,1217,125039,5.063371245722975,0.16359509106133557
906,0.1353,0,15,0,37178,639266,1217,125039,5.063252439488024,0.16359830172509665
907,0.1354,0,4,0,37182,639262,1217,125039,5.063220757825371,0.1635991579233836
908,0.1355,2,3,2,37185,639259,1219,125037,5.06319699657838,0.16359761139663168
909,0.1356,1,2,1,37187,639257,1220,125036,5.063181155747054,0.16359694515061632
910,0.1357,0,24,0,37211,639233,1220,125036,5.062991065771132,0.16360208251283254
911,0.1358,6,41,6,37252,639192,1226,125030,5.062666328728931,0.1636042929933972
912,0.136,4,67,4,37319,639125,1230,125026,5.062135660879483,0.16361425948536348
913,0.1362,1,13,1,37332,639112,1231,125025,5.0620326954758585,0.16361594844903465
914,0.1363,0,8,0,37340,639104,1231,125025,5.061969332150551,0.16361766141580805
915,0.1364,1,7,1,37347,639097,1232,125024,5.061913889240907,0.16361806572519275
916,0.1365,0,8,0,37355,639089,1232,125024,5.0618505259156,0.16361977875000164
917,0.1366,0,3,0,37358,639086,1232,125024,5.06182676466861,0.16362042114355263
918,0.1367,13,341,13,37699,638745,1245,125011,5.059125902927386,0.16367923787178104
919,0.1368,1,10,1,37709,638735,1246,125010,5.059046698770752,0.16368028595931888
920,0.1369,0,5,0,37714,638730,1246,125010,5.059007096692435,0.1636813575300495
921,0.137,2,48,2,37762,638682,1248,125008,5.05862691674059,0.16368945514541242
922,0.1371,0,8,0,37770,638674,1248,125008,5.058563553415283,0.16369116988484736
923,0.1372,0,3,0,37773,638671,1248,125008,5.058539792168293,0.1636918129213976
924,0.1373,3,19,3,37792,638652,1251,125005,5.058389304270688,0.16369260021187523
925,0.1374,0,4,0,37796,638648,1251,125005,5.0583576226080345,0.16369345763062543
926,0.1375,2,178,2,37974,638470,1253,125003,5.056947788619947,0.16372943116521474
927,0.1376,0,2,0,37976,638468,1253,125003,5.05693194778862,0.16372986007327062
928,0.1377,1,8,1,37984,638460,1254,125002,5.056868584463313,0.16373048036444512
929,0.1378,0,7,0,37991,638453,1254,125002,5.056813141553668,0.16373198158372138
930,0.1379,0,2,0,37993,638451,1254,125002,5.056797300722342,0.16373241050857093
931,0.138,4,45,4,38038,638406,1258,124998,5.056440882017489,0.16373768017982615
932,0.1381,0,4,0,38042,638402,1258,124998,5.056409200354834,0.16373853811894157
933,0.1382,0,6,0,38048,638396,1258,124998,5.056361677860854,0.16373982504447246
934,0.1383,8,147,8,38195,638249,1266,124990,5.055197376758333,0.16376259598893664
935,0.1384,0,2,0,38197,638247,1266,124990,5.055181535927005,0.16376302511539667
936,0.1385,0,6,0,38203,638241,1266,124990,5.055134013433025,0.16376431250827075
937,0.1386,0,4,0,38207,638237,1266,124990,5.055102331770371,0.163765170781432
938,0.1387,1,12,1,38219,638225,1267,124989,5.05500728678241,0.16376664998283574
939,0.1388,0,7,0,38226,638218,1267,124989,5.054951843872766,0.16376815202166647
940,0.1389,0,4,0,38230,638214,1267,124989,5.054920162210113,0.16376901034194047
941,0.139,3,26,3,38256,638188,1270,124986,5.054714231402864,0.16377130248147867
942,0.1392,2,60,2,38316,638128,1272,124984,5.054239006463059,0.1637819874408999
943,0.1393,1,26,1,38342,638102,1273,124983,5.05403307565581,0.16378647201818933
944,0.1395,0,6,0,38348,638096,1273,124983,5.05398555316183,0.1637877598518633
945,0.1396,1,5,1,38353,638091,1274,124982,5.053945951083513,0.16378773721518125
946,0.1397,1,8,1,38361,638083,1275,124981,5.053882587758205,0.16378835851252319
947,0.1398,0,3,0,38364,638080,1275,124981,5.053858826511215,0.16378900245196648
948,0.1399,0,3,0,38367,638077,1275,124981,5.053835065264225,0.16378964639647314
949,0.14,88,2956,88,41323,635121,1363,124893,5.030422316563174,0.16432986760770196
950,0.1401,0,1,0,41324,635120,1363,124893,5.03041439614751,0.1643300838275135
951,0.1402,0,14,0,41338,635106,1363,124893,5.030303510328222,0.1643331109646197
952,0.1403,0,16,0,41354,635090,1363,124893,5.030176783677607,0.16433657068644958
953,0.1404,0,2,0,41356,635088,1363,124893,5.030160942846281,0.16433700316192115
954,0.1405,0,20,0,41376,635068,1363,124893,5.030002534533012,0.1643413280418337
955,0.1406,0,2,0,41378,635066,1363,124893,5.0299866937016855,0.16434176054234506
956,0.1407,3,25,3,41403,635041,1366,124890,5.0297886833101,0.1643438680617056
957,0.1408,2,38,2,41441,635003,1368,124888,5.029487707514891,0.16434988702327044
958,0.1409,0,2,0,41443,635001,1368,124888,5.029471866683563,0.1643503195861501
959,0.141,2,27,2,41470,634974,1370,124886,5.029258015460651,0.16435395993998894
960,0.1411,0,7,0,41477,634967,1370,124886,5.029202572551007,0.16435547401931688
961,0.1412,0,11,0,41488,634956,1370,124886,5.02911544797871,0.16435785334319503
962,0.1413,1,11,1,41499,634945,1371,124885,5.029028323406412,0.16435913296395246
963,0.1414,0,6,0,41505,634939,1371,124885,5.028980800912432,0.1643604308366148
964,0.1415,1,5,1,41510,634934,1372,124884,5.028941198834115,0.16436041262512865
965,0.1416,0,1,0,41511,634933,1372,124884,5.028933278418451,0.16436062894091605
966,0.1417,11,169,11,41680,634764,1383,124873,5.0275947281713345,0.16438509445959057
967,0.1418,1,4,1,41684,634760,1384,124872,5.027563046508681,0.16438486003749184
968,0.1419,0,4,0,41688,634756,1384,124872,5.027531364846027,0.16438572564465764
969,0.142,3,40,3,41728,634716,1387,124869,5.027214548219491,0.16439108197239283
970,0.1421,0,6,0,41734,634710,1387,124869,5.02716702572551,0.164392380516049
971,0.1422,1,5,1,41739,634705,1388,124868,5.027127423647193,0.16439236255106487
972,0.1423,1,23,1,41762,634682,1389,124867,5.026945254086934,0.16439624040055348
973,0.1424,0,1,0,41763,634681,1389,124867,5.026937333671271,0.1643964568401207
974,0.1425,14,199,14,41962,634482,1403,124853,5.025361170954252,0.16442413427538569
975,0.1426,0,8,0,41970,634474,1403,124853,5.025297807628944,0.16442586658975644
976,0.1427,2,21,2,41991,634453,1405,124851,5.025131478900013,0.1644282132057779
977,0.1428,0,5,0,41996,634448,1405,124851,5.025091876821696,0.16442929596904513
978,0.1429,1,9,1,42005,634439,1406,124850,5.025020593080725,0.1644301445167782
979,0.143,1,19,1,42024,634420,1407,124849,5.02487010518312,0.1644331587355733
980,0.1431,0,3,0,42027,634417,1407,124849,5.0248463439361295,0.16443380844131042
981,0.1432,0,7,0,42034,634410,1407,124849,5.024790901026486,0.1644353244413303
982,0.1433,19,387,19,42421,634023,1426,124830,5.021725700164745,0.16449826250933974
983,0.1434,0,1,0,42422,634022,1426,124830,5.021717779749081,0.1644984792818626
984,0.1435,1,13,1,42435,634009,1427,124829,5.021614814345456,0.16450019635284474
985,0.1436,0,3,0,42438,634006,1427,124829,5.021591053098467,0.16450084669262752
986,0.1437,0,9,0,42447,633997,1427,124829,5.0215197693574956,0.16450279774282905
987,0.1438,2,11,2,42458,633986,1429,124827,5.0214326447851985,0.16450298031267255
988,0.1439,0,2,0,42460,633984,1429,124827,5.021416803953872,0.16450341389357825
989,0.144,0,75,0,42535,633909,1429,124827,5.020822772779115,0.16451967482760801
990,0.1441,0,2,0,42537,633907,1429,124827,5.020806931947789,0.16452010849652185
991,0.1442,5,43,5,42580,633864,1434,124822,5.020466354074262,0.16452392689465734
992,0.1443,0,13,0,42593,633851,1434,124822,5.020363388670638,0.16452674604210246
993,0.1444,0,4,0,42597,633847,1434,124822,5.020331707007983,0.16452761349152265
994,0.1445,0,11,0,42608,633836,1434,124822,5.020244582435686,0.16452999902459342
995,0.1446,0,11,0,42619,633825,1434,124822,5.020157457863388,0.16453238462684225
996,0.1447,0,12,0,42631,633813,1434,124822,5.020062412875427,0.16453498718092363
997,0.1448,1,6,1,42637,633807,1435,124821,5.020014890381447,0.16453518720637783
998,0.1449,0,2,0,42639,633805,1435,124821,5.019999049550121,0.16453562097792587
999,0.145,31,736,31,43375,633069,1466,124790,5.014169623621847,0.1646612364569135
1000,0.1451,0,1,0,43376,633068,1466,124790,5.0141617032061845,0.1646614537287988
1001,0.1452,0,5,0,43381,633063,1466,124790,5.014122101127867,0.16466254009682615
1002,0.1453,1,14,1,43395,633049,1467,124789,5.014011215308579,0.16466447974369192
1003,0.1454,0,4,0,43399,633045,1467,124789,5.013979533645926,0.1646653488758752
1004,0.1455,0,12,0,43411,633033,1467,124789,5.013884488657965,0.16466795632747533
1005,0.1456,0,1,0,43412,633032,1467,124789,5.013876568242301,0.16466817361883612
1006,0.1457,0,23,0,43435,633009,1467,124789,5.013694398682043,0.1646731714784151
1007,0.1458,2,71,2,43506,632938,1469,124787,5.013132049169941,0.16468639677983438
1008,0.1459,2,9,2,43515,632929,1471,124785,5.013060765428969,0.16468614807169987
1009,0.146,4,58,4,43573,632871,1475,124781,5.012601381320492,0.16469434516110298
1010,0.1461,2,6,2,43579,632865,1477,124779,5.012553858826511,0.16469344441452713
1011,0.1462,0,11,0,43590,632854,1477,124779,5.012466734254214,0.16469583558266337
1012,0.1463,1,12,1,43602,632842,1478,124778,5.012371689266253,0.16469734167524616
1013,0.1464,0,8,0,43610,632834,1478,124778,5.012308325940945,0.16469908079597473
1014,0.1465,0,17,0,43627,632817,1478,124778,5.012173678874667,0.16470277654947565
1015,0.1466,1,2,1,43629,632815,1479,124777,5.012157838043341,0.16470210878678762
1016,0.1467,13,367,13,43996,632448,1492,124764,5.009251045494867,0.16476759480832318
1017,0.1468,0,12,0,44008,632436,1492,124764,5.0091560005069065,0.164770206022187
1018,0.1469,1,3,1,44011,632433,1493,124763,5.009132239259916,0.16476975578317898
1019,0.147,1,32,1,44043,632401,1494,124762,5.008878785958687,0.1647756163468104
1020,0.1471,1,10,1,44053,632391,1495,124761,5.0087995818020525,0.1647766894890326
1021,0.1472,1,5,1,44058,632386,1496,124760,5.008759979723736,0.16477667451191713
1022,0.1473,2,26,2,44084,632360,1498,124758,5.008554048916487,0.16478012674378367
1023,0.1474,0,2,0,44086,632358,1498,124758,5.00853820808516,0.16478056202748323
1024,0.1475,11,156,11,44242,632202,1509,124747,5.007302623241667,0.16480238430858618
1025,0.1477,1,18,1,44260,632184,1510,124746,5.0071600557597264,0.16480519995243945
1026,0.1478,0,7,0,44267,632177,1510,124746,5.007104612850083,0.164806724065724
1027,0.1479,2,11,2,44278,632166,1512,124744,5.007017488277785,0.16480691231454203
1028,0.148,4,40,4,44318,632126,1516,124740,5.006700671651248,0.16481120832485538
1029,0.1481,0,3,0,44321,632123,1516,124740,5.006676910404258,0.1648118615918601
1030,0.1482,0,10,0,44331,632113,1516,124740,5.006597706247624,0.16481403918594495
1031,0.1483,14,177,14,44508,631936,1530,124726,5.0051957926752,0.16483713996473986
1032,0.1484,0,1,0,44509,631935,1530,124726,5.005187872259536,0.1648373578128118
1033,0.1485,0,18,0,44527,631917,1530,124726,5.005045304777595,0.16484127917657337
1034,0.1486,0,8,0,44535,631909,1530,124726,5.004981941452288,0.16484302206480006
1035,0.1487,0,15,0,44550,631894,1530,124726,5.004863135217336,0.1648462900795644
1036,0.1488,1,4,1,44554,631890,1531,124725,5.004831453554683,0.16484605777046452
1037,0.1489,1,5,1,44559,631885,1532,124724,5.004791851476366,0.16484604333281788
1038,0.149,2,49,2,44608,631836,1534,124722,5.004403751108859,0.16485451214579716
1039,0.1491,0,3,0,44611,631833,1534,124722,5.004379989861868,0.16485516585046692
1040,0.1492,2,53,2,44664,631780,1536,124720,5.003960207831707,0.16486450760079313
1041,0.1493,2,22,2,44686,631758,1538,124718,5.003785958687112,0.1648670942634003
1042,0.1494,0,3,0,44689,631755,1538,124718,5.003762197440122,0.164867748088828
1043,0.1495,0,16,0,44705,631739,1538,124718,5.003635470789507,0.16487123524536093
1044,0.1496,1,4,1,44709,631735,1539,124717,5.003603789126854,0.16487100305108585
1045,0.1497,1,2,1,44711,631733,1540,124716,5.003587948295526,0.16487033494657274
1046,0.1498,2,5,2,44716,631728,1542,124714,5.00354834621721,0.164869216674907
1047,0.1499,0,1,0,44717,631727,1542,124714,5.003540425801546,0.1648694346287417
1048,0.15,110,3071,110,47788,628656,1652,124604,4.979216829299202,0.16541964262007805
1049,0.1501,1,3,1,47791,628653,1653,124603,4.979193068052211,0.1654191934747284
1050,0.1502,1,10,1,47801,628643,1654,124602,4.979113863895577,0.1654202815816899
1051,0.1503,0,8,0,47809,628635,1654,124602,4.97905050057027,0.16542203848191206
1052,0.1504,0,2,0,47811,628633,1654,124602,4.979034659738943,0.1654224777127988
1053,0.1505,1,14,1,47825,628619,1655,124601,4.9789237739196555,0.16542444438543852
1054,0.1507,1,23,1,47848,628596,1656,124600,4.978741604359397,0.16542838782999378
1055,0.1508,4,63,4,47911,628533,1660,124596,4.978242618172602,0.165437793525412
1056,0.1509,0,2,0,47913,628531,1660,124596,4.978226777341275,0.16543823286112436
1057,0.151,3,38,3,47951,628493,1663,124593,4.977925801546065,0.16544325614870015
1058,0.1511,0,1,0,47952,628492,1663,124593,4.977917881130402,0.165443475836061
1059,0.1512,1,9,1,47961,628483,1664,124592,4.977846597389431,0.16544434485277032
1060,0.1513,0,10,0,47971,628473,1664,124592,4.977767393232797,0.16544654179918067
1061,0.1514,0,5,0,47976,628468,1664,124592,4.9777277911544795,0.16544764029426606
1062,0.1515,1,20,1,47996,628448,1665,124591,4.977569382841211,0.16545092618045015
1063,0.1516,0,1,0,47997,628447,1665,124591,4.977561462425548,0.16545114589170798
1064,0.1517,5,172,5,48169,628275,1670,124586,4.976199150931441,0.16548340264670372
1065,0.1518,1,11,1,48180,628264,1671,124585,4.976112026359143,0.1654847120737359
1066,0.1519,0,3,0,48183,628261,1671,124585,4.976088265112153,0.16548537151024248
1067,0.152,5,57,5,48240,628204,1676,124580,4.975636801419339,0.1654923590299475
1068,0.1521,0,3,0,48243,628201,1676,124580,4.975613040172348,0.16549301855386891
1069,0.1522,0,7,0,48250,628194,1676,124580,4.975557597262704,0.1654945574634618
1070,0.1523,1,11,1,48261,628183,1677,124579,4.975470472690406,0.16549586721965243
1071,0.1524,0,4,0,48265,628179,1677,124579,4.975438791027753,0.16549674663039118
1072,0.1525,9,182,9,48447,627997,1686,124570,4.973997275377012,0.16552679030571366
1073,0.1526,0,2,0,48449,627995,1686,124570,4.973981434545685,0.16552723020602872
1074,0.1527,0,23,0,48472,627972,1686,124570,4.973799264985426,0.16553228922771088
1075,0.1528,2,12,2,48484,627960,1688,124568,4.973704219997465,0.1655327110752025
1076,0.1529,1,6,1,48490,627954,1689,124567,4.973656697503485,0.1655329220048344
1077,0.153,2,25,2,48515,627929,1691,124565,4.9734586871119,0.1655362036109258
1078,0.1531,0,3,0,48518,627926,1691,124565,4.973434925864909,0.16553686356381672
1079,0.1532,0,8,0,48526,627918,1691,124565,4.973371562539602,0.1655386234639188
1080,0.1533,22,458,22,48984,627460,1713,124543,4.969744012165759,0.16561503079110057
1081,0.1534,0,1,0,48985,627459,1713,124543,4.969736091750095,0.16561525102326854
1082,0.1535,0,15,0,49000,627444,1713,124543,4.9696172855151435,0.16561855457607644
1083,0.1536,0,4,0,49004,627440,1713,124543,4.96958560385249,0.16561943554575037
1084,0.1537,2,9,2,49013,627431,1715,124541,4.96951432011152,0.16561919858718144
1085,0.1538,0,11,0,49024,627420,1715,124541,4.969427195539222,0.16562162133408515
1086,0.1539,2,4,2,49028,627416,1717,124539,4.969395513876568,0.16562028312864466
1087,0.154,1,87,1,49115,627329,1718,124538,4.968706437713851,0.1656383376315226
1088,0.1541,0,1,0,49116,627328,1718,124538,4.968698517298188,0.16563855793452556
1089,0.1542,2,58,2,49174,627270,1720,124536,4.9682391331897096,0.16564911692644113
1090,0.1543,0,19,0,49193,627251,1720,124536,4.968088645292105,0.16565330339577566
1091,0.1544,0,7,0,49200,627244,1720,124536,4.968033202382461,0.1656548458325574
1092,0.1545,0,14,0,49214,627230,1720,124536,4.967922316563174,0.1656579307922944
1093,0.1546,0,4,0,49218,627226,1720,124536,4.967890634900519,0.16565881223046655
1094,0.1547,0,16,0,49234,627210,1720,124536,4.967763908249905,0.16566233807695685
1095,0.1548,0,10,0,49244,627200,1720,124536,4.967684704093271,0.1656645418072302
1096,0.155,39,797,39,50041,626403,1759,124497,4.9613721328095295,0.16579704354774272
1097,0.1551,1,4,1,50045,626399,1760,124496,4.961340451146876,0.16579681579981223
1098,0.1552,0,6,0,50051,626393,1760,124496,4.961292928652895,0.16579814060400405
1099,0.1553,2,30,2,50081,626363,1762,124494,4.961055316182994,0.16580254296091
1100,0.1554,0,5,0,50086,626358,1762,124494,4.9610157141046765,0.1658036470569433
1101,0.1555,1,14,1,50100,626344,1763,124493,4.960904828285388,0.16580562758628037
1102,0.1556,0,6,0,50106,626338,1763,124493,4.960857305791408,0.1658069525632266
1103,0.1557,1,20,1,50126,626318,1764,124492,4.96069889747814,0.16581025825441856
1104,0.1558,8,70,8,50196,626248,1772,124484,4.960144468381701,0.16581682944113213
1105,0.1559,0,5,0,50201,626243,1772,124484,4.960104866303384,0.1658179338161542
1106,0.156,2,82,2,50283,626161,1774,124482,4.959455392218984,0.16583382513391853
1107,0.1561,1,6,1,50289,626155,1775,124481,4.959407869725003,0.1658340394012544
1108,0.1562,0,7,0,50296,626148,1775,124481,4.959352426815359,0.16583558588863473
1109,0.1563,0,10,0,50306,626138,1775,124481,4.959273222658725,0.16583779520635636
1110,0.1564,1,10,1,50316,626128,1776,124480,4.959194018502091,0.16583889327052204
1111,0.1565,1,11,1,50327,626117,1777,124479,4.9591068939297935,0.1658402123112833
1112,0.1566,0,2,0,50329,626115,1777,124479,4.959091053098467,0.1658406542018721
1113,0.1567,22,398,22,50727,625717,1799,124457,4.955938727664428,0.1659041768976264
1114,0.1568,2,11,2,50738,625706,1801,124455,4.95585160309213,0.16590438585850237
1115,0.1569,1,2,1,50740,625704,1802,124454,4.955835762260803,0.16590371628376954
1116,0.157,4,34,4,50774,625670,1806,124450,4.955566468128247,0.16590678824721378
1117,0.1571,0,10,0,50784,625660,1806,124450,4.955487263971613,0.16590900001333136
1118,0.1572,0,6,0,50790,625654,1806,124450,4.955439741477632,0.16591032710130862
1119,0.1573,0,21,0,50811,625633,1806,124450,4.955273412748701,0.16591497207642356
1120,0.1574,0,2,0,50813,625631,1806,124450,4.955257571917374,0.16591541446857072
1121,0.1575,9,197,9,51010,625434,1815,124441,4.953697250031682,0.1659489914985831
1122,0.1576,0,4,0,51014,625430,1815,124441,4.953665568369028,0.16594987671212783
1123,0.1577,0,16,0,51030,625414,1815,124441,4.953538841718413,0.16595341766074775
1124,0.1578,2,7,2,51037,625407,1817,124439,4.953483398808769,0.1659527422964182
1125,0.1579,0,3,0,51040,625404,1817,124439,4.953459637561779,0.16595340624637425
1126,0.158,1,42,1,51082,625362,1818,124438,4.9531269801039155,0.1659615897572686
1127,0.1581,0,1,0,51083,625361,1818,124438,4.953119059688253,0.16596181109870778
1128,0.1582,0,16,0,51099,625345,1818,124438,4.9529923330376375,0.1659653526420311
1129,0.1583,9,188,9,51287,625157,1827,124429,4.951503294892916,0.16599696365727215
1130,0.1584,0,1,0,51288,625156,1827,124429,4.951495374477252,0.1659971851090937
1131,0.1585,1,12,1,51300,625144,1828,124428,4.951400329489291,0.16599872994188683
1132,0.1586,1,8,1,51308,625136,1829,124427,4.951336966163984,0.16599938897731079
1133,0.1587,1,18,1,51326,625118,1830,124426,4.951194398682043,0.16600226270906043
1134,0.1588,1,6,1,51332,625112,1831,124425,4.951146876188062,0.16600247886361846
1135,0.159,3,29,3,51361,625083,1834,124422,4.950917184133823,0.16600556367202354
1136,0.1591,0,4,0,51365,625079,1834,124422,4.95088550247117,0.1660064496244835
1137,0.1592,1,62,1,51427,625017,1835,124421,4.950394436700038,0.16601907029000398
1138,0.1593,2,28,2,51455,624989,1837,124419,4.950172665061462,0.16602304752551347
1139,0.1594,0,4,0,51459,624985,1837,124419,4.950140983398809,0.16602393368596913
1140,0.1595,0,8,0,51467,624977,1837,124419,4.950077620073501,0.1660257060352604
1141,0.1596,1,7,1,51474,624970,1838,124418,4.9500221771638575,0.1660261440001708
1142,0.1597,2,6,2,51480,624964,1840,124416,4.9499746546698775,0.16602524753796472
1143,0.1598,0,1,0,51481,624963,1840,124416,4.949966734254214,0.1660254690884052
1144,0.1599,0,1,0,51482,624962,1840,124416,4.94995881383855,0.16602569063943698
1145,0.16,117,3242,117,54724,621720,1957,124299,4.924280826257762,0.16661639985040597
1146,0.1602,0,11,0,54735,621709,1957,124299,4.924193701685464,0.16661885663424522
1147,0.1603,2,8,2,54743,621701,1959,124297,4.924130338360158,0.16661840916463583
1148,0.1604,1,8,1,54751,621693,1960,124296,4.92406697503485,0.1666190788336021
1149,0.1605,1,11,1,54762,621682,1961,124295,4.923979850462552,0.1666204185919941
1150,0.1606,0,2,0,54764,621680,1961,124295,4.923964009631225,0.1666208653104997
1151,0.1607,1,18,1,54782,621662,1962,124294,4.923821442149284,0.1666237686941321
1152,0.1608,3,63,3,54845,621599,1965,124291,4.923322455962489,0.1666344903403987
1153,0.161,2,39,2,54884,621560,1967,124289,4.923013559751616,0.16664096888244134
1154,0.1611,1,0,1,54884,621560,1968,124288,4.923013559751616,0.16663985155152256
1155,0.1612,2,21,2,54905,621539,1970,124286,4.9228472310226845,0.16664230885261289
1156,0.1613,3,24,3,54929,621515,1973,124283,4.922657141046762,0.16664431923925782
1157,0.1614,2,18,2,54947,621497,1975,124281,4.922514573564821,0.16664610648208986
1158,0.1615,0,14,0,54961,621483,1975,124281,4.922403687745533,0.1666492348785943
1159,0.1616,0,2,0,54963,621481,1975,124281,4.922387846914206,0.16664968180196899
1160,0.1617,9,173,9,55136,621308,1984,124272,4.921017615004436,0.16667829072668258
1161,0.1618,0,7,0,55143,621301,1984,124272,4.920962172094791,0.16667985562781915
1162,0.1619,0,7,0,55150,621294,1984,124272,4.920906729185147,0.1666814205583409
1163,0.162,6,64,6,55214,621230,1990,124266,4.920399822582689,0.16668902314700548
1164,0.1621,0,3,0,55217,621227,1990,124266,4.920376061335699,0.1666896939340812
1165,0.1622,0,8,0,55225,621219,1990,124266,4.920312698010392,0.1666914827260106
1166,0.1623,3,17,3,55242,621202,1993,124263,4.920178050944114,0.16669193053999853
1167,0.1624,0,1,0,55243,621201,1993,124263,4.92017013052845,0.16669215414828886
1168,0.1625,10,195,10,55438,621006,2003,124253,4.918625649474085,0.16672458836458198
1169,0.1626,0,2,0,55440,621004,2003,124253,4.918609808642757,0.16672503579302173
1170,0.1627,0,37,0,55477,620967,2003,124253,4.918316753263211,0.16673331365234428
1171,0.1628,0,3,0,55480,620964,2003,124253,4.918292992016221,0.16673398486615307
1172,0.1629,1,12,1,55492,620952,2004,124252,4.91819794702826,0.1667355516073451
1173,0.163,3,35,3,55527,620917,2007,124249,4.917920732480041,0.16674002839635732
1174,0.1631,0,5,0,55532,620912,2007,124249,4.917881130401724,0.16674114721516559
1175,0.1632,3,12,3,55544,620900,2010,124246,4.917786085413763,0.16674047770504036
1176,0.1633,30,428,30,55972,620472,2040,124216,4.914396147509821,0.16680274155082397
1177,0.1634,0,2,0,55974,620470,2040,124216,4.914380306678495,0.1668031895322324
1178,0.1635,1,18,1,55992,620452,2041,124215,4.914237739196553,0.16680610259350823
1179,0.1636,0,4,0,55996,620448,2041,124215,4.9142060575338995,0.1668069986020522
1180,0.1637,1,16,1,56012,620432,2042,124214,4.914079330883284,0.1668094638257642
1181,0.1638,1,20,1,56032,620412,2043,124213,4.913920922570017,0.16681282524760785
1182,0.1639,1,0,1,56032,620412,2044,124212,4.913920922570017,0.16681170631083608
1183,0.164,3,74,3,56106,620338,2047,124209,4.913334811810924,0.16682492844642446
1184,0.1641,0,5,0,56111,620333,2047,124209,4.913295209732607,0.16682604876554982
1185,0.1642,1,60,1,56171,620273,2048,124208,4.912819984792802,0.16683837465294615
1186,0.1643,1,25,1,56196,620248,2049,124207,4.912621974401216,0.16684285819827926
1187,0.1644,0,3,0,56199,620245,2049,124207,4.912598213154227,0.1668435305432721
1188,0.1645,3,26,3,56225,620219,2052,124204,4.9123922823469774,0.16684600019075177
1189,0.1646,0,1,0,56226,620218,2052,124204,4.912384361931315,0.16684622431900187
1190,0.1647,1,9,1,56235,620209,2053,124203,4.912313078190343,0.16684712229249393
1191,0.1648,1,13,1,56248,620196,2054,124202,4.9122101127867195,0.1668489168428717
1192,0.1649,0,4,0,56252,620192,2054,124202,4.912178431124065,0.16684981340526656
1193,0.165,42,874,42,57126,619318,2096,124160,4.905255987834241,0.16699888900545812
1194,0.1652,2,8,2,57134,619310,2098,124158,4.905192624508934,0.16699844512473974
1195,0.1653,1,29,1,57163,619281,2099,124157,4.904962932454695,0.16700383892133575
1196,0.1654,1,1,1,57164,619280,2100,124156,4.904955012039032,0.16700294309126812
1197,0.1655,0,16,0,57180,619264,2100,124156,4.904828285388417,0.16700653735438917
1198,0.1656,0,2,0,57182,619262,2100,124156,4.90481244455709,0.16700698664815755
1199,0.1657,2,23,2,57205,619239,2102,124154,4.904630274996832,0.16700991265723514
1200,0.1658,4,63,4,57268,619176,2106,124150,4.904131288810037,0.16701958494657795
1201,0.166,4,89,4,57357,619087,2110,124146,4.903426371815993,0.1670351020474064
1202,0.1661,0,2,0,57359,619085,2110,124146,4.903410530984666,0.1670355515310852
1203,0.1662,0,8,0,57367,619077,2110,124146,4.9033471676593585,0.16703734948999158
1204,0.1663,0,14,0,57381,619063,2110,124146,4.903236281840071,0.16704049601121623
1205,0.1664,2,10,2,57391,619053,2112,124144,4.903157077683437,0.16704050204723647
1206,0.1665,2,8,2,57399,619045,2114,124142,4.903093714358129,0.16704005855861312
1207,0.1667,14,478,14,57877,618567,2128,124128,4.899307755671018,0.16713186435885524
1208,0.1668,1,23,1,57900,618544,2129,124127,4.899125586110759,0.1671359188658235
1209,0.1669,0,2,0,57902,618542,2129,124127,4.899109745279432,0.16713636896113881
1210,0.167,3,26,3,57928,618516,2132,124124,4.898903814472184,0.1671388559732845
1211,0.1671,0,14,0,57942,618502,2132,124124,4.898792928652895,0.16714200687829406
1212,0.1672,1,8,1,57950,618494,2133,124123,4.898729565327589,0.16714268593366433
1213,0.1673,1,31,1,57981,618463,2134,124122,4.898484032442022,0.16714854191776027
1214,0.1674,0,1,0,57982,618462,2134,124122,4.898476112026359,0.16714876700817685
1215,0.1675,11,201,11,58183,618261,2145,124111,4.896884108478013,0.16718168249880114
1216,0.1676,0,6,0,58189,618255,2145,124111,4.896836585984032,0.16718303370574622
1217,0.1677,1,27,1,58216,618228,2146,124110,4.89662273476112,0.16718799253170388
1218,0.1678,0,7,0,58223,618221,2146,124110,4.896567291851476,0.16718956907363428
1219,0.1679,0,7,0,58230,618214,2146,124110,4.896511848941833,0.16719114564529775
1220,0.168,2,37,2,58267,618177,2148,124108,4.896218793562286,0.1671972355631597
1221,0.1681,0,6,0,58273,618171,2148,124108,4.896171271068305,0.1671985870541939
1222,0.1682,0,14,0,58287,618157,2148,124108,4.896060385249018,0.1672017406182428
1223,0.1683,11,182,11,58469,617975,2159,124097,4.894618869598276,0.16723040351879603
1224,0.1684,0,1,0,58470,617974,2159,124097,4.8946109491826135,0.1672306288751346
1225,0.1685,1,12,1,58482,617962,2160,124096,4.894515904194652,0.16723221095925117
1226,0.1686,0,14,0,58496,617948,2160,124096,4.894405018375364,0.16723536609688913
1227,0.1687,3,13,3,58509,617935,2163,124093,4.89430205297174,0.16723492914014026
1228,0.1688,0,19,0,58528,617916,2163,124093,4.894151565074135,0.16723921138422848
1229,0.1689,1,6,1,58534,617910,2164,124092,4.894104042580155,0.1672394414031229
1230,0.169,4,48,4,58582,617862,2168,124088,4.893723862628311,0.16724577127838802
1231,0.1691,0,1,0,58583,617861,2168,124088,4.893715942212648,0.16724599669249504
1232,0.1692,4,73,4,58656,617788,2172,124084,4.893137751869218,0.16725796363793216
1233,0.1693,2,25,2,58681,617763,2174,124082,4.892939741477632,0.16726135513483276
1234,0.1694,1,4,1,58685,617759,2175,124081,4.892908059814979,0.16726113447643698
1235,0.1695,0,13,0,58698,617746,2175,124081,4.892805094411354,0.16726406561098478
1236,0.1696,0,4,0,58702,617742,2175,124081,4.892773412748701,0.16726496751920605
1237,0.1697,0,10,0,58712,617732,2175,124081,4.892694208592067,0.16726722233231286
1238,0.1698,1,16,1,58728,617716,2176,124080,4.892567481941453,0.16726970757458923
1239,0.1699,2,1,2,58729,617715,2178,124078,4.892559561525789,0.16726768788597357
1240,0.17,143,3318,143,62047,614397,2321,123935,4.866279622354581,0.16785809094011908
1241,0.1701,0,1,0,62048,614396,2321,123935,4.866271701938918,0.16785831828813905
1242,0.1702,0,7,0,62055,614389,2321,123935,4.866216259029274,0.16785990974152268
1243,0.1703,0,8,0,62063,614381,2321,123935,4.866152895703967,0.16786172858234144
1244,0.1704,0,5,0,62068,614376,2321,123935,4.8661132936256495,0.1678628653778692
1245,0.1705,1,6,1,62074,614370,2322,123934,4.866065771131669,0.16786310246185854
1246,0.1706,1,8,1,62082,614362,2323,123933,4.866002407806362,0.16786379428277315
1247,0.1707,1,21,1,62103,614341,2324,123932,4.86583607907743,0.1678674419896163
1248,0.1708,7,72,7,62175,614269,2331,123925,4.8652658091496646,0.16787592421504374
1249,0.1709,2,0,2,62175,614269,2333,123923,4.8652658091496646,0.16787366972278214
1250,0.171,0,33,0,62208,614236,2333,123923,4.8650044354327715,0.1678811746520736
1251,0.1711,0,5,0,62213,614231,2333,123923,4.864964833354454,0.1678823118211105
1252,0.1712,1,12,1,62225,614219,2334,123922,4.8648697883664935,0.16788391377799092
1253,0.1713,1,16,1,62241,614203,2335,123921,4.8647430617158784,0.16788642558702874
1254,0.1714,1,5,1,62246,614198,2336,123920,4.864703459637561,0.16788643550218257
1255,0.1715,2,14,2,62260,614184,2338,123918,4.864592573818274,0.1678873651609127
1256,0.1716,0,1,0,62261,614183,2338,123918,4.864584653402611,0.16788759261943825
1257,0.1717,14,206,14,62467,613977,2352,123904,4.862953047775948,0.16791867523354037
1258,0.1718,2,9,2,62476,613968,2354,123902,4.862881764034976,0.16791846802282245
1259,0.1719,0,6,0,62482,613962,2354,123902,4.862834241540996,0.16791983346524564
1260,0.172,2,64,2,62546,613898,2356,123900,4.862327334938538,0.16793214402858234
1261,0.1721,1,9,1,62555,613889,2357,123899,4.8622560511975665,0.16793306478283734
1262,0.1722,3,9,3,62564,613880,2360,123896,4.862184767456596,0.1679317299559758
1263,0.1723,2,15,2,62579,613865,2362,123894,4.862065961221645,0.16793288865334072
1264,0.1724,0,1,0,62580,613864,2362,123894,4.862058040805982,0.16793311627932195
1265,0.1725,10,213,10,62793,613651,2372,123884,4.860370992269674,0.16797033361128624
1266,0.1726,0,5,0,62798,613646,2372,123884,4.860331390191357,0.16797147234688758
1267,0.1727,1,21,1,62819,613625,2373,123883,4.860165061462426,0.1679751270494693
1268,0.1728,3,11,3,62830,613614,2376,123880,4.860077936890128,0.1679742479260848
1269,0.1729,1,12,1,62842,613602,2377,123879,4.859982891902167,0.16797585293722822
1270,0.173,3,40,3,62882,613562,2380,123876,4.859666075275631,0.16798157946837564
1271,0.1731,0,3,0,62885,613559,2380,123876,4.85964231402864,0.16798226284350484
1272,0.1732,1,9,1,62894,613550,2381,123875,4.859571030287669,0.16798318473065058
1273,0.1733,30,470,30,63364,613080,2411,123845,4.855848434925865,0.16805645079214301
1274,0.1735,0,15,0,63379,613065,2411,123845,4.855729628690914,0.16805987162611444
1275,0.1736,0,6,0,63385,613059,2411,123845,4.855682106196933,0.16806123999869726
1276,0.1737,0,19,0,63404,613040,2411,123845,4.855531618299328,0.16806557332555283
1277,0.1738,1,8,1,63412,613032,2412,123844,4.855468254974021,0.1680662689516282
1278,0.1739,1,7,1,63419,613025,2413,123843,4.855412812064377,0.16806673651183116
1279,0.174,8,103,8,63522,612922,2421,123835,4.854597009251045,0.16808119909278094
1280,0.1741,0,3,0,63525,612919,2421,123835,4.854573248004055,0.16808188350521341
1281,0.1742,3,59,3,63584,612860,2424,123832,4.854105943479913,0.16809195701867266
1282,0.1743,4,30,4,63614,612830,2428,123828,4.853868331010012,0.16809428527213444
1283,0.1744,0,10,0,63624,612820,2428,123828,4.8537891268533775,0.16809656715283283
1284,0.1745,1,22,1,63646,612798,2429,123827,4.853614877708782,0.168100458170711
1285,0.1746,0,4,0,63650,612794,2429,123827,4.853583196046128,0.16810137098996636
1286,0.1747,0,14,0,63664,612780,2429,123827,4.853472310226841,0.16810456593543097
1287,0.1748,0,8,0,63672,612772,2429,123827,4.853408946901533,0.16810639167308128
1288,0.1749,0,2,0,63674,612770,2429,123827,4.8533931060702065,0.1681068481136904
1289,0.175,53,932,53,64606,611838,2482,123774,4.846011278671905,0.1682598978809481
1290,0.1751,2,4,2,64610,611834,2484,123772,4.845979597009251,0.16825855145281576
1291,0.1752,1,7,1,64617,611827,2485,123771,4.845924154099607,0.16825902191142444
1292,0.1753,2,17,2,64634,611810,2487,123769,4.845789507033329,0.16826064909411498
1293,0.1754,0,5,0,64639,611805,2487,123769,4.845749904955012,0.16826179283117673
1294,0.1755,1,7,1,64646,611798,2488,123768,4.845694462045368,0.16826226334550537
1295,0.1756,0,8,0,64654,611790,2488,123768,4.845631098720061,0.168264093382167
1296,0.1757,2,31,2,64685,611759,2490,123766,4.845385565834495,0.1682689235580028
1297,0.1758,5,75,5,64760,611684,2495,123761,4.8447915346597386,0.16828042885599875
1298,0.1759,0,1,0,64761,611683,2495,123761,4.844783614244076,0.1682806576707404
1299,0.176,4,85,4,64846,611598,2499,123757,4.844110378912685,0.1682955851255516
1300,0.1761,0,5,0,64851,611593,2499,123757,4.844070776834369,0.16829672944856192
1301,0.1762,1,17,1,64868,611576,2500,123756,4.84393612976809,0.16829948921031587
1302,0.1763,1,16,1,64884,611560,2501,123755,4.843809403117476,0.16830202022262566
1303,0.1764,0,5,0,64889,611555,2501,123755,4.8437698010391586,0.16830316465164352
1304,0.1765,4,30,4,64919,611525,2505,123751,4.843532188569256,0.16830550704769365
1305,0.1766,0,6,0,64925,611519,2505,123751,4.843484666075276,0.16830688046567926
1306,0.1767,21,464,21,65389,611055,2526,123730,4.839809593207452,0.16838939281558551
1307,0.1768,0,10,0,65399,611045,2526,123730,4.839730389050818,0.16839168452927766
1308,0.1769,1,5,1,65404,611040,2527,123729,4.8396907869725005,0.16839169861548323
1309,0.177,1,48,1,65452,610992,2528,123728,4.839310607020656,0.16840156794425087
1310,0.1771,0,12,0,65464,610980,2528,123728,4.839215562032695,0.1684043184503231
1311,0.1772,0,8,0,65472,610972,2528,123728,4.839152198707388,0.16840615217095414
1312,0.1773,2,31,2,65503,610941,2530,123726,4.838906665821822,0.16841099436887733
1313,0.1774,0,5,0,65508,610936,2530,123726,4.838867063743505,0.16841214054898715
1314,0.1775,18,220,18,65728,610716,2548,123708,4.837124572297554,0.16844220777098787
1315,0.1776,0,8,0,65736,610708,2548,123708,4.837061208972247,0.1684440426134507
1316,0.1777,1,19,1,65755,610689,2549,123707,4.836910721074642,0.16844726823130846
1317,0.1778,0,10,0,65765,610679,2549,123707,4.836831516918008,0.16844956194698701
1318,0.1779,0,9,0,65774,610670,2549,123707,4.836760233177037,0.16845162634450697
1319,0.178,1,46,1,65820,610624,2550,123706,4.83639589405652,0.16846104612367738
1320,0.1781,0,2,0,65822,610622,2550,123706,4.836380053225193,0.16846150494057152
1321,0.1782,1,18,1,65840,610604,2551,123705,4.8362374857432515,0.16846450200120114
1322,0.1783,21,249,21,66089,610355,2572,123684,4.834265302243062,0.16849785910557885
1323,0.1784,0,3,0,66092,610352,2572,123684,4.8342415409960715,0.16849854775515097
1324,0.1785,1,19,1,66111,610333,2573,123683,4.834091053098467,0.16850177652803208
1325,0.1786,2,9,2,66120,610324,2575,123681,4.8340197693574956,0.16850157696473458
1326,0.1787,1,26,1,66146,610298,2576,123680,4.833813838550247,0.16850641299875474
1327,0.1788,0,4,0,66150,610294,2576,123680,4.833782156887594,0.16850733132236292
1328,0.1789,0,5,0,66155,610289,2576,123680,4.833742554809277,0.16850847924094886
1329,0.179,7,55,7,66210,610234,2583,123673,4.833306931947789,0.16851317673765204
1330,0.1792,3,74,3,66284,610160,2586,123670,4.832720821188696,0.1685267705054304
1331,0.1793,1,27,1,66311,610133,2587,123669,4.832506969965784,0.1685318382888027
1332,0.1794,1,4,1,66315,610129,2588,123668,4.83247528830313,0.16853162386872664
1333,0.1795,0,8,0,66323,610121,2588,123668,4.832411924977823,0.1685334612538482
1334,0.1796,1,5,1,66328,610116,2589,123667,4.832372322899506,0.1685334765182622
1335,0.1797,2,21,2,66349,610095,2591,123665,4.832205994170574,0.16853603358046226
1336,0.1798,2,16,2,66365,610079,2593,123663,4.832079267519959,0.1685374423162365
1337,0.1799,0,2,0,66367,610077,2593,123663,4.832063426688633,0.16853790170905225
1338,0.18,156,3622,156,69989,606455,2749,123507,4.803375681155747,0.16919647872081012
1339,0.1801,0,5,0,69994,606450,2749,123507,4.80333607907743,0.16919763766906817
1340,0.1802,3,12,3,70006,606438,2752,123504,4.803241034089469,0.16919700469352358
1341,0.1803,1,13,1,70019,606425,2753,123503,4.803138068685844,0.16919887988952334
1342,0.1804,0,6,0,70025,606419,2753,123503,4.803090546191864,0.1692002707138571
1343,0.1805,0,13,0,70038,606406,2753,123503,4.80298758078824,0.16920328424502232
1344,0.1806,0,4,0,70042,606402,2753,123503,4.802955899125586,0.16920421150697693
1345,0.1807,0,23,0,70065,606379,2753,123503,4.802773729565327,0.16920954346044978
1346,0.1808,5,69,5,70134,606310,2758,123498,4.802227220884552,0.1692198496042795
1347,0.1809,0,2,0,70136,606308,2758,123498,4.802211380053225,0.1692203133435461
1348,0.181,2,47,2,70183,606261,2760,123496,4.8018391205170445,0.16922893511127676
1349,0.1811,1,1,1,70184,606260,2761,123495,4.801831200101382,0.16922802858493605
1350,0.1812,2,6,2,70190,606254,2763,123493,4.801783677607401,0.1692271431057613
1351,0.1813,0,17,0,70207,606237,2763,123493,4.801649030541123,0.16923108546996835
1352,0.1814,0,13,0,70220,606224,2763,123493,4.801546065137498,0.16923410034300967
1353,0.1815,2,23,2,70243,606201,2765,123491,4.80136389557724,0.16923715759525937
1354,0.1816,0,2,0,70245,606199,2765,123491,4.801348054745913,0.16923762145568666
1355,0.1817,13,239,13,70484,605960,2778,123478,4.799455075402357,0.16927826628171277
1356,0.1818,0,6,0,70490,605954,2778,123478,4.799407552908376,0.16927965869333947
1357,0.1819,0,1,0,70491,605953,2778,123478,4.7993996324927135,0.16927989076417096
1358,0.182,6,81,6,70572,605872,2784,123472,4.798758078823977,0.1692918567918568
1359,0.1821,0,14,0,70586,605858,2784,123472,4.798647193004689,0.16929510646757984
1360,0.1822,0,2,0,70588,605856,2784,123472,4.798631352173362,0.16929557071715332
1361,0.1823,0,24,0,70612,605832,2784,123472,4.79844126219744,0.16930114191064358
1362,0.1824,0,3,0,70615,605829,2784,123472,4.79841750095045,0.16930183833561177
1363,0.1825,7,240,7,70855,605589,2791,123465,4.796516601191231,0.16934959550321374
1364,0.1826,1,3,1,70858,605586,2792,123464,4.79649283994424,0.16934915300733833
1365,0.1827,1,20,1,70878,605566,2793,123463,4.796334431630972,0.16935265949639863
1366,0.1828,1,11,1,70889,605555,2794,123462,4.796247307058675,0.1693540754193661
1367,0.1829,0,19,0,70908,605536,2794,123462,4.79609681916107,0.16935848932370184
1368,0.183,2,34,2,70942,605502,2796,123460,4.795827525028513,0.1693641095146249
1369,0.1831,0,2,0,70944,605500,2796,123460,4.7958116841971865,0.16936457418788411
1370,0.1832,1,19,1,70963,605481,2797,123459,4.795661196299582,0.16936784920569595
1371,0.1833,25,468,25,71431,605013,2822,123434,4.7919544417691045,0.1694481547730995
1372,0.1834,0,6,0,71437,605007,2822,123434,4.791906919275124,0.16944955047835034
1373,0.1835,1,8,1,71445,604999,2823,123433,4.791843555949816,0.16945027126759946
1374,0.1836,1,6,1,71451,604993,2824,123432,4.791796033455836,0.16945052682156708
1375,0.1837,0,29,0,71480,604964,2824,123432,4.791566341401596,0.16945727324147852
1376,0.1838,0,19,0,71499,604945,2824,123432,4.791415853503992,0.16946169360097862
1377,0.1839,0,3,0,71502,604942,2824,123432,4.791392092257001,0.16946239157355975
1378,0.184,7,105,7,71607,604837,2831,123425,4.790560448612343,0.16947884140597752
1379,0.1842,5,88,5,71695,604749,2836,123420,4.789863452033963,0.16949362029968318
1380,0.1843,0,37,0,71732,604712,2836,123420,4.789570396654416,0.16950223311157867
1381,0.1844,0,2,0,71734,604710,2836,123420,4.78955455582309,0.16950269869391454
1382,0.1845,1,10,1,71744,604700,2837,123419,4.789475351666455,0.169503886040606
1383,0.1846,0,6,0,71750,604694,2837,123419,4.789427829172475,0.16950528283384583
1384,0.1847,2,23,2,71773,604671,2839,123417,4.789245659612217,0.16950835613277515
1385,0.1848,0,22,0,71795,604649,2839,123417,4.7890714104676215,0.16951347817368206
1386,0.1849,0,7,0,71802,604642,2839,123417,4.789015967557978,0.16951510797888633
1387,0.185,56,932,56,72734,603710,2895,123361,4.781634140159675,0.1696684367826526
1388,0.1851,0,6,0,72740,603704,2895,123361,4.781586617665695,0.16966983694717805
1389,0.1852,0,10,0,72750,603694,2895,123361,4.781507413509061,0.1696721706060752
1390,0.1853,1,27,1,72777,603667,2896,123360,4.781293562286149,0.16967732972778177
1391,0.1854,0,7,0,72784,603660,2896,123360,4.781238119376505,0.16967896343979533
1392,0.1855,1,7,1,72791,603653,2897,123359,4.781182676466861,0.16967945508464785
1393,0.1856,1,6,1,72797,603647,2898,123358,4.781135153972881,0.16967971334447493
1394,0.1857,1,21,1,72818,603626,2899,123357,4.780968825243948,0.1696834726534183
1395,0.1858,3,74,3,72892,603552,2902,123354,4.7803827144848565,0.16969731987354625
1396,0.1859,0,1,0,72893,603551,2902,123354,4.780374794069193,0.16969755332540015
1397,0.186,3,96,3,72989,603455,2905,123351,4.779614434165505,0.16971654058992358
1398,0.1861,0,2,0,72991,603453,2905,123351,4.779598593334178,0.16971700761140554
1399,0.1862,0,14,0,73005,603439,2905,123351,4.779487707514891,0.1697202768337484
1400,0.1863,1,12,1,73017,603427,2906,123350,4.77939266252693,0.16972193671511343
1401,0.1864,0,13,0,73030,603414,2906,123350,4.779289697123305,0.16972497261834654
1402,0.1865,3,22,3,73052,603392,2909,123347,4.77911544797871,0.1697266831696111
1403,0.1867,26,475,26,73527,602917,2935,123321,4.775353250538588,0.16980796928830494
1404,0.1868,1,9,1,73536,602908,2936,123320,4.775281966797618,0.1698089305287045
1405,0.1869,0,5,0,73541,602903,2936,123320,4.7752423647193005,0.16981009965258606
1406,0.187,0,43,0,73584,602860,2936,123320,4.774901786845773,0.1698201547825608
1407,0.1871,1,7,1,73591,602853,2937,123319,4.7748463439361295,0.16982064855158283
1408,0.1872,0,2,0,73593,602851,2937,123319,4.774830503104803,0.16982111626754065
1409,0.1873,2,32,2,73625,602819,2939,123317,4.774577049803574,0.16982631352804434
1410,0.1874,0,4,0,73629,602815,2939,123317,4.77454536814092,0.16982724904011942
1411,0.1875,17,256,17,73885,602559,2956,123300,4.772517741731086,0.16986770157840572
1412,0.1876,0,8,0,73893,602551,2956,123300,4.7724543784057785,0.16986957378304915
1413,0.1877,1,22,1,73915,602529,2957,123299,4.772280129261183,0.16987357886441415
1414,0.1878,0,6,0,73921,602523,2957,123299,4.772232606767203,0.16987498312258378
1415,0.1879,0,8,0,73929,602515,2957,123299,4.772169243441896,0.169876855502925
1416,0.188,0,74,0,74003,602441,2957,123299,4.771583132682803,0.1698941769779811
1417,0.1881,1,9,1,74012,602432,2958,123298,4.771511848941833,0.1698951400658647
1418,0.1882,0,13,0,74025,602419,2958,123298,4.771408883538208,0.16989818345167607
1419,0.1883,11,235,11,74260,602184,2969,123287,4.769547585857306,0.16994063167238938
1420,0.1884,0,4,0,74264,602180,2969,123287,4.769515904194652,0.16994156867231727
1421,0.1885,0,16,0,74280,602164,2969,123287,4.769389177544038,0.16994531677535768
1422,0.1886,0,9,0,74289,602155,2969,123287,4.769317893803067,0.16994742515597389
1423,0.1887,2,30,2,74319,602125,2971,123285,4.7690802813331645,0.16995216498256158
1424,0.1888,1,17,1,74336,602108,2972,123284,4.768945634266887,0.16995500363941152
1425,0.1889,1,4,1,74340,602104,2973,123283,4.768913952604232,0.16995479654308665
1426,0.189,5,60,5,74400,602044,2978,123278,4.768438727664428,0.1699631336151392
1427,0.1891,0,4,0,74404,602040,2978,123278,4.768407046001774,0.16996407093164653
1428,0.1892,2,75,2,74479,601965,2980,123276,4.767813014827018,0.16997935858562876
1429,0.1893,0,43,0,74522,601922,2980,123276,4.767472436953491,0.16998943736744998
1430,0.1894,0,2,0,74524,601920,2980,123276,4.767456596122164,0.16998990617708867
1431,0.1895,1,13,1,74537,601907,2981,123275,4.7673536307185405,0.16999180895278704
1432,0.1896,0,3,0,74540,601904,2981,123275,4.76732986947155,0.16999251219354117
1433,0.1897,2,11,2,74551,601893,2983,123273,4.767242744899252,0.16999280164817435
1434,0.1898,3,9,3,74560,601884,2986,123270,4.767171461158282,0.16999147767232892
1435,0.1899,0,11,0,74571,601873,2986,123270,4.767084336585984,0.16999405634474854
1436,0.19,155,3807,155,78378,598066,3141,123115,4.736931314155367,0.1707130387517142
1437,0.1901,1,2,1,78380,598064,3142,123114,4.73691547332404,0.17071236227394623
1438,0.1902,0,8,0,78388,598056,3142,123114,4.736852109998733,0.1707142560006656
1439,0.1903,3,24,3,78412,598032,3145,123111,4.736662020022811,0.17071648757597313
1440,0.1904,2,12,2,78424,598020,3147,123109,4.73656697503485,0.1707170284373531
1441,0.1905,3,20,3,78444,598000,3150,123106,4.736408566721582,0.17071831325769027
1442,0.1906,0,2,0,78446,597998,3150,123106,4.736392725890255,0.17071878674920676
1443,0.1907,4,35,4,78481,597963,3154,123102,4.736115511342035,0.17072247300867466
1444,0.1908,4,91,4,78572,597872,3158,123098,4.7353947535166645,0.17073942050293356
1445,0.191,3,55,3,78627,597817,3161,123095,4.734959130655176,0.17074899571653684
1446,0.1911,0,9,0,78636,597808,3161,123095,4.734887846914206,0.17075112740549006
1447,0.1912,1,34,1,78670,597774,3162,123094,4.73461855278165,0.17075803059644762
1448,0.1913,2,19,2,78689,597755,3164,123092,4.734468064884045,0.17076023067308319
1449,0.1914,0,5,0,78694,597750,3164,123092,4.734428462805728,0.17076141512287019
1450,0.1915,2,26,2,78720,597724,3166,123090,4.734222531998479,0.1707652737044508
1451,0.1916,0,1,0,78721,597723,3166,123090,4.734214611582816,0.17076551061093515
1452,0.1917,15,252,15,78973,597471,3181,123075,4.732218666835635,0.1708079706222781
1453,0.1918,2,22,2,78995,597449,3183,123073,4.73204441769104,0.17081088433108219
1454,0.1919,0,4,0,78999,597445,3183,123073,4.732012736028387,0.17081183259821406
1455,0.192,6,71,6,79070,597374,3189,123067,4.7314503865162845,0.17082176056054554
1456,0.1921,1,7,1,79077,597367,3190,123066,4.731394943606641,0.17082226938521694
1457,0.1922,1,11,1,79088,597356,3191,123065,4.731307819034343,0.1708237266820373
1458,0.1923,1,30,1,79118,597326,3192,123064,4.73107020656444,0.17082968947375726
1459,0.1924,0,8,0,79126,597318,3192,123064,4.7310068432391335,0.17083158657490055
1460,0.1925,11,248,11,79374,597070,3203,123053,4.729042580154607,0.17087775282833628
1461,0.1926,1,4,1,79378,597066,3204,123052,4.7290108984919526,0.1708775506236478
1462,0.1927,1,44,1,79422,597022,3205,123051,4.728662400202762,0.17088684063976847
1463,0.1928,1,2,1,79424,597020,3206,123050,4.728646559371436,0.1708861638451817
1464,0.1929,2,11,2,79435,597009,3208,123048,4.728559434799139,0.17088647148767389
1465,0.193,4,37,4,79472,596972,3212,123044,4.728266379419592,0.1708906468745139
1466,0.1931,1,6,1,79478,596966,3213,123043,4.728218856925611,0.17089091941906281
1467,0.1932,0,13,0,79491,596953,3213,123043,4.728115891521987,0.17089400496669427
1468,0.1933,32,594,32,80085,596359,3245,123011,4.723411164617919,0.17099823456635668
1469,0.1934,0,6,0,80091,596353,3245,123011,4.723363642123939,0.1709996608114946
1470,0.1935,0,14,0,80105,596339,3245,123011,4.7232527563046505,0.17100298880934175
1471,0.1936,0,5,0,80110,596334,3245,123011,4.723213154226333,0.1710041774113951
1472,0.1937,1,17,1,80127,596317,3246,123010,4.723078507160055,0.17100706632727536
1473,0.1938,1,14,1,80141,596303,3247,123009,4.722967621340768,0.1710092421647352
1474,0.1939,1,8,1,80149,596295,3248,123008,4.72290425801546,0.17100999161688468
1475,0.194,9,108,9,80257,596187,3257,122999,4.722048853123812,0.1710252980452901
1476,0.1941,0,4,0,80261,596183,3257,122999,4.722017171461158,0.17102624926652782
1477,0.1942,4,80,4,80341,596103,3261,122995,4.7213835382080855,0.17104066483288788
1478,0.1943,2,37,2,80378,596066,3263,122993,4.721090482828539,0.17104716024693384
1479,0.1944,1,5,1,80383,596061,3264,122992,4.721050880750222,0.17104719679912328
1480,0.1945,0,13,0,80396,596048,3264,122992,4.720947915346597,0.17105028927458835
1481,0.1946,0,9,0,80405,596039,3264,122992,4.720876631605627,0.17105243028464698
1482,0.1947,4,27,4,80432,596012,3268,122988,4.720662780382715,0.17105424200278163
1483,0.1948,1,16,1,80448,595996,3269,122987,4.7205360537321,0.17105689564287332
1484,0.1949,1,8,1,80456,595988,3270,122986,4.720472690406792,0.17105764603448803
1485,0.195,57,1072,57,81528,594916,3327,122929,4.711982004815613,0.17124727482952448
1486,0.1951,0,4,0,81532,594912,3327,122929,4.711950323152959,0.1712482290646536
1487,0.1952,1,9,1,81541,594903,3328,122928,4.711879039411988,0.17124922161344383
1488,0.1953,1,19,1,81560,594884,3329,122927,4.711728551514383,0.17125259991836292
1489,0.1954,0,4,0,81564,594880,3329,122927,4.71169686985173,0.171253554228365
1490,0.1955,1,11,1,81575,594869,3330,122926,4.711609745279432,0.17125502406676002
1491,0.1956,0,4,0,81579,594865,3330,122926,4.711578063616779,0.1712559784115432
1492,0.1957,3,32,3,81611,594833,3333,122923,4.7113246103155495,0.17126014968875217
1493,0.1958,6,84,6,81695,594749,3339,122917,4.7106592953998225,0.1712732663941165
1494,0.1959,0,3,0,81698,594746,3339,122917,4.710635534152832,0.17127398235662142
1495,0.196,6,109,6,81807,594637,3345,122911,4.7097722088455205,0.17129307028937438
1496,0.1961,0,6,0,81813,594631,3345,122911,4.70972468635154,0.17129450262144932
1497,0.1962,2,32,2,81845,594599,3347,122909,4.70947123305031,0.17129983219699293
1498,0.1963,0,14,0,81859,594585,3347,122909,4.709360347231023,0.17130317466069403
1499,0.1964,0,8,0,81867,594577,3347,122909,4.709296983905715,0.17130508469851677
1500,0.1965,0,19,0,81886,594558,3347,122909,4.709146496008111,0.1713096212090591
1501,0.1966,0,3,0,81889,594555,3347,122909,4.70912273476112,0.1713103375221614
1502,0.1967,31,524,31,82413,594031,3378,122878,4.704972436953491,0.17139971739788454
1503,0.1968,0,16,0,82429,594015,3378,122878,4.704845710302877,0.17140354278811482
1504,0.1969,1,0,1,82429,594015,3379,122877,4.704845710302877,0.17140238697042232
1505,0.197,4,37,4,82466,593978,3383,122873,4.70455265492333,0.17140661029976942
1506,0.1971,0,11,0,82477,593967,3383,122873,4.704465530351033,0.17140924055577256
1507,0.1972,2,12,2,82489,593955,3385,122871,4.7043704853630715,0.17140979819370392
1508,0.1973,1,31,1,82520,593924,3386,122870,4.704124952477506,0.17141605537992785
1509,0.1974,0,7,0,82527,593917,3386,122870,4.704069509567862,0.1714177293952039
1510,0.1975,19,283,19,82810,593634,3405,122851,4.701828031935116,0.17146346399436135
1511,0.1976,0,6,0,82816,593628,3405,122851,4.701780509441136,0.17146489987843327
1512,0.1977,0,25,0,82841,593603,3405,122851,4.70158249904955,0.17147088298760282
1513,0.1978,1,11,1,82852,593592,3406,122850,4.701495374477252,0.1714723592419205
1514,0.1979,0,7,0,82859,593585,3406,122850,4.7014399315676085,0.17147403462979893
1515,0.198,1,59,1,82918,593526,3407,122849,4.700972627043467,0.17148700052346885
1516,0.1981,0,3,0,82921,593523,3407,122849,4.700948865796477,0.17148771867130486
1517,0.1982,1,26,1,82947,593497,3408,122848,4.700742934989228,0.17149278629710543
1518,0.1983,21,273,21,83220,593224,3429,122827,4.698580661513116,0.1715338711907392
1519,0.1984,0,6,0,83226,593218,3429,122827,4.698533139019136,0.1715353085350781
1520,0.1985,1,22,1,83248,593196,3430,122826,4.698358889874541,0.17153942197306787
1521,0.1986,0,6,0,83254,593190,3430,122826,4.69831136738056,0.17154085942213582
1522,0.1987,1,21,1,83275,593169,3431,122825,4.698145038651629,0.17154473361508615
1523,0.1988,1,18,1,83293,593151,3432,122824,4.698002471169687,0.1715478892419428
1524,0.1989,1,6,1,83299,593145,3433,122823,4.697954948675706,0.17154816975060339
1525,0.199,2,54,2,83353,593091,3435,122821,4.697527246229882,0.17155879493569043
1526,0.1991,0,4,0,83357,593087,3435,122821,4.6974955645672285,0.17155975348787833
1527,0.1992,6,75,6,83432,593012,3441,122815,4.696901533392473,0.1715707845610741
1528,0.1993,4,43,4,83475,592969,3445,122811,4.696560955518946,0.17157646204140936
1529,0.1994,0,1,0,83476,592968,3445,122811,4.696553035103282,0.17157670174732703
1530,0.1995,1,16,1,83492,592952,3446,122810,4.696426308452668,0.1715793797379576
1531,0.1996,0,4,0,83496,592948,3446,122810,4.696394626790014,0.17158033860606517
1532,0.1997,1,16,1,83512,592932,3447,122809,4.696267900139399,0.1715830167616498
1533,0.1998,1,11,1,83523,592921,3448,122808,4.696180775567102,0.17158449636664155
1534,0.1999,0,4,0,83527,592917,3448,122808,4.696149093904448,0.17158545530755528
1535,0.2,185,3952,185,87479,588965,3633,122623,4.664847611202636,0.17232302961826226
1536,0.2001,1,3,1,87482,588962,3634,122622,4.664823849955646,0.17232259297567118
1537,0.2002,1,2,1,87484,588960,3635,122621,4.664808009124319,0.17232191416015885
1538,0.2003,1,19,1,87503,588941,3636,122620,4.664657521226714,0.17232535228884102
1539,0.2004,0,6,0,87509,588935,3636,122620,4.664609998732733,0.1723268053769561
1540,0.2005,0,25,0,87534,588910,3636,122620,4.664411988341148,0.17233286017455343
1541,0.2006,0,4,0,87538,588906,3636,122620,4.664380306678495,0.1723338289816535
1542,0.2007,0,35,0,87573,588871,3636,122620,4.664103092130275,0.17234230650844495
1543,0.2008,4,79,4,87652,588792,3640,122616,4.663477379292865,0.17235679103974091
1544,0.2009,1,0,1,87652,588792,3641,122615,4.663477379292865,0.17235562765055729
1545,0.201,8,61,8,87713,588731,3649,122607,4.662994233937397,0.17236109978659933
1546,0.2011,4,5,4,87718,588726,3653,122603,4.66295463185908,0.17235765728657204
1547,0.2012,4,22,4,87740,588704,3657,122599,4.662780382714485,0.17235833393082836
1548,0.2013,1,27,1,87767,588677,3658,122598,4.6625665314915725,0.17236371305050788
1549,0.2014,0,6,0,87773,588671,3658,122598,4.6625190089975925,0.1723651670465042
1550,0.2015,0,19,0,87792,588652,3658,122598,4.662368521099987,0.17236977152899824
1551,0.2017,23,256,23,88048,588396,3681,122575,4.660340894690154,0.17240506293505642
1552,0.2018,3,23,3,88071,588373,3684,122572,4.660158725129895,0.1724071482322824
1553,0.2019,2,4,2,88075,588369,3686,122570,4.6601270434672415,0.17240579008888246
1554,0.202,10,83,10,88158,588286,3696,122560,4.659469648967177,0.17241427819809071
1555,0.2021,1,10,1,88168,588276,3697,122559,4.659390444810544,0.1724155394711853
1556,0.2022,0,13,0,88181,588263,3697,122559,4.6592874794069195,0.1724186927247609
1557,0.2023,2,21,2,88202,588242,3699,122557,4.659121150677987,0.17242145810559667
1558,0.2024,0,8,0,88210,588234,3699,122557,4.659057787352681,0.17242339872058032
1559,0.2025,17,280,17,88490,587954,3716,122540,4.656840070966925,0.17247154796521857
1560,0.2026,0,7,0,88497,587947,3716,122540,4.656784628057281,0.1724732472233834
1561,0.2027,2,37,2,88534,587910,3718,122538,4.6564915726777345,0.1724799000067563
1562,0.2028,0,12,0,88546,587898,3718,122538,4.656396527689773,0.17248281337094404
1563,0.2029,2,7,2,88553,587891,3720,122536,4.656341084780129,0.17248218325035508
1564,0.203,4,26,4,88579,587865,3724,122532,4.656135153972881,0.17248383650268792
1565,0.2031,0,4,0,88583,587861,3724,122532,4.656103472310227,0.17248480770503088
1566,0.2032,1,9,1,88592,587852,3725,122531,4.656032188569256,0.17248582806739463
1567,0.2033,30,553,30,89145,587299,3755,122501,4.651652198707388,0.17258523527754296
1568,0.2034,1,2,1,89147,587297,3756,122500,4.651636357876061,0.17258455586597296
1569,0.2035,1,10,1,89157,587287,3757,122499,4.651557153719427,0.17258582164201605
1570,0.2036,0,6,0,89163,587281,3757,122499,4.651509631225447,0.17258728056580913
1571,0.2037,2,38,2,89201,587243,3759,122497,4.651208655430237,0.17259418942147828
1572,0.2038,0,16,0,89217,587227,3759,122497,4.651081928779623,0.1725980803805423
1573,0.2039,0,3,0,89220,587224,3759,122497,4.651058167532632,0.17259880995489776
1574,0.204,7,114,7,89334,587110,3766,122490,4.6501552401470025,0.17261837655016912
1575,0.2041,1,5,1,89339,587105,3767,122489,4.650115638068685,0.17261842687508633
1576,0.2042,5,88,5,89427,587017,3772,122484,4.649418641490305,0.17263400615362065
1577,0.2043,1,23,1,89450,586994,3773,122483,4.649236471930047,0.17263843648208468
1578,0.2044,0,5,0,89455,586989,3773,122483,4.64919686985173,0.17263965315051194
1579,0.2045,0,12,0,89467,586977,3773,122483,4.649101824863769,0.1726425732247061
1580,0.2046,1,5,1,89472,586972,3774,122482,4.649062222785452,0.17264262376419048
1581,0.2047,0,6,0,89478,586966,3774,122482,4.649014700291471,0.17264408385110677
1582,0.2048,3,12,3,89490,586954,3777,122479,4.64891965530351,0.17264350544730792
1583,0.2049,0,6,0,89496,586948,3777,122479,4.6488721328095295,0.1726449655849016
1584,0.205,62,1133,62,90629,585815,3839,122417,4.639898301862882,0.1728487275356098
1585,0.2051,0,1,0,90630,585814,3839,122417,4.639890381447218,0.17284897159260185
1586,0.2052,3,15,3,90645,585799,3842,122414,4.639771575212267,0.17284912872257358
1587,0.2053,4,28,4,90673,585771,3846,122410,4.639549803573692,0.1728512908423129
1588,0.2054,0,4,0,90677,585767,3846,122410,4.6395181219110375,0.1728522671591989
1589,0.2055,0,9,0,90686,585758,3846,122410,4.639446838170067,0.17285446391251794
1590,0.2056,1,5,1,90691,585753,3847,122409,4.63940723609175,0.17285451633948165
1591,0.2057,1,33,1,90724,585720,3848,122408,4.639145862374858,0.17286140358805188
1592,0.2058,6,89,6,90813,585631,3854,122402,4.638440945380814,0.17287612300556612
1593,0.2059,0,2,0,90815,585629,3854,122402,4.638425104549487,0.17287661133481444
1594,0.206,13,98,13,90913,585531,3867,122389,4.637648903814473,0.17288535427731946
1595,0.2061,0,3,0,90916,585528,3867,122389,4.637625142567482,0.17288608692826984
1596,0.2062,1,22,1,90938,585506,3868,122388,4.637450893422887,0.17289029148431828
1597,0.2063,1,14,1,90952,585492,3869,122387,4.637340007603599,0.17289254236952925
1598,0.2064,2,7,2,90959,585485,3871,122385,4.637284564693955,0.1728919151821662
1599,0.2065,3,34,3,90993,585451,3874,122382,4.637015270561399,0.1728967143379865
1600,0.2066,0,4,0,90997,585447,3874,122382,4.636983588898746,0.1728976913915649
1601,0.2067,27,590,27,91587,584857,3901,122355,4.632310543657331,0.17301035615911495
1602,0.2068,3,16,3,91603,584841,3904,122352,4.632183817006717,0.17301076226716045
1603,0.2069,1,8,1,91611,584833,3905,122351,4.632120453681409,0.17301155003506866
1604,0.207,2,25,2,91636,584808,3907,122349,4.631922443289824,0.17301532757223642
1605,0.2071,1,12,1,91648,584796,3908,122348,4.631827398301863,0.1730170941137873
1606,0.2072,0,5,0,91653,584791,3908,122348,4.631787796223546,0.17301831747365087
1607,0.2073,0,49,0,91702,584742,3908,122348,4.631399695856039,0.17303030731590038
1608,0.2074,1,3,1,91705,584739,3909,122347,4.631375934609048,0.1730298718967707
1609,0.2075,18,289,18,91994,584450,3927,122329,4.629086934482322,0.17307956235258828
1610,0.2076,0,9,0,92003,584441,3927,122329,4.6290156507413505,0.17308176634548722
1611,0.2077,2,20,2,92023,584421,3929,122327,4.628857242428083,0.17308432425701947
1612,0.2078,1,18,1,92041,584403,3930,122326,4.628714674946141,0.1730875625593403
1613,0.2079,1,14,1,92055,584389,3931,122325,4.628603789126854,0.1730898213421554
1614,0.208,2,67,2,92122,584322,3933,122323,4.628073121277405,0.17310389233632162
1615,0.2081,0,3,0,92125,584319,3933,122323,4.628049360030414,0.17310462723698847
1616,0.2082,0,11,0,92136,584308,3933,122323,4.627962235458117,0.17310732192615383
1617,0.2083,21,310,21,92446,583998,3954,122302,4.625506906602459,0.1731587144272972
1618,0.2084,1,13,1,92459,583985,3955,122301,4.625403941198834,0.1731607309220344
1619,0.2085,1,26,1,92485,583959,3956,122300,4.6251980103915855,0.1731659348765821
1620,0.2086,1,6,1,92491,583953,3957,122299,4.625150487897605,0.1731662352814576
1621,0.2087,2,26,2,92517,583927,3959,122297,4.624944557090356,0.17317026892317453
1622,0.2088,1,26,1,92543,583901,3960,122296,4.624738626283107,0.17317547369926523
1623,0.2089,0,7,0,92550,583894,3960,122296,4.624683183373463,0.173177190274572
1624,0.209,7,60,7,92610,583834,3967,122289,4.624207958433659,0.17318370878727926
1625,0.2091,2,9,2,92619,583825,3969,122287,4.6241366746926875,0.1731835742771685
1626,0.2092,7,83,7,92702,583742,3976,122280,4.623479280192624,0.1731957361102062
1627,0.2093,2,39,2,92741,583703,3978,122278,4.623170383981751,0.17320296155278966
1628,0.2094,1,2,1,92743,583701,3979,122277,4.623154543150425,0.17320228109091218
1629,0.2095,4,21,4,92764,583680,3983,122273,4.622988214421492,0.17320274862490845
1630,0.2096,1,11,1,92775,583669,3984,122272,4.622901089849195,0.1732042762780459
1631,0.2097,2,9,2,92784,583660,3986,122270,4.622829806108225,0.1732041420537447
1632,0.2098,0,14,0,92798,583646,3986,122270,4.6227189202889365,0.1732075771054913
1633,0.2099,0,4,0,92802,583642,3986,122270,4.622687238626283,0.17320855857387324
1634,0.21,193,3985,193,96787,579657,4179,122077,4.591124382207578,0.17396477867682056
1635,0.2102,0,7,0,96794,579650,4179,122077,4.5910689392979345,0.17396651404321054
1636,0.2103,0,29,0,96823,579621,4179,122077,4.590839247243696,0.17397370378709928
1637,0.2104,0,9,0,96832,579612,4179,122077,4.590767963502724,0.17397593520776297
1638,0.2105,2,13,2,96845,579599,4181,122075,4.590664998099101,0.1739768040429031
1639,0.2106,2,3,2,96848,579596,4183,122073,4.59064123685211,0.1739751934316608
1640,0.2107,0,45,0,96893,579551,4183,122073,4.590284818147256,0.1739863516641392
1641,0.2108,5,91,5,96984,579460,4188,122068,4.5895640603218855,0.17400303337856793
1642,0.2109,0,2,0,96986,579458,4188,122068,4.589548219490559,0.17400352944865907
1643,0.211,3,60,3,97046,579398,4191,122065,4.5890729945507545,0.17401488032868448
1644,0.2111,0,8,0,97054,579390,4191,122065,4.589009631225447,0.17401686494500718
1645,0.2112,1,15,1,97069,579375,4192,122064,4.588890824990496,0.17401940867274274
1646,0.2113,1,21,1,97090,579354,4193,122063,4.588724496261563,0.17402344111990442
1647,0.2114,0,8,0,97098,579346,4193,122063,4.588661132936257,0.17402542596402384
1648,0.2115,0,16,0,97114,579330,4193,122063,4.588534406285642,0.17402939578809598
1649,0.2117,13,300,13,97414,579030,4206,122050,4.586158281586617,0.17408854909568094
1650,0.2118,2,14,2,97428,579016,4208,122048,4.58604739576733,0.17408966941677223
1651,0.2119,0,4,0,97432,579012,4208,122048,4.5860157141046765,0.1740906627107523
1652,0.212,5,81,5,97513,578931,4213,122043,4.58537416043594,0.1741048883410797
1653,0.2121,0,14,0,97527,578917,4213,122043,4.5852632746166515,0.17410836566993837
1654,0.2122,0,5,0,97532,578912,4213,122043,4.585223672538334,0.17410960760676505
1655,0.2123,1,20,1,97552,578892,4214,122042,4.585065264225067,0.1741133972670751
1656,0.2124,2,10,2,97562,578882,4216,122040,4.584986060068433,0.17411352475739098
1657,0.2125,15,300,15,97862,578582,4231,122025,4.582609935369408,0.17417039795491623
1658,0.2126,1,5,1,97867,578577,4232,122024,4.582570333291091,0.17417046221743904
1659,0.2127,5,39,5,97906,578538,4237,122019,4.582261437080218,0.1741742641926353
1660,0.2128,0,23,0,97929,578515,4237,122019,4.582079267519959,0.17417998269891255
1661,0.2129,2,18,2,97947,578497,4239,122017,4.581936700038018,0.1741821005718658
1662,0.213,4,39,4,97986,578458,4243,122013,4.5816278038271445,0.1741870826915033
1663,0.2131,1,5,1,97991,578453,4244,122012,4.581588201748827,0.17418714710942018
1664,0.2132,1,7,1,97998,578446,4245,122011,4.581532758839184,0.17418770888148738
1665,0.2133,27,598,27,98596,577848,4272,121984,4.5767963502724625,0.17430469026852158
1666,0.2134,0,1,0,98597,577847,4272,121984,4.576788429856799,0.17430493933535382
1667,0.2135,3,13,3,98610,577834,4275,121981,4.576685464453175,0.1743046376542372
1668,0.2136,0,6,0,98616,577828,4275,121981,4.576637941959194,0.1743061321017592
1669,0.2137,3,32,3,98648,577796,4278,121978,4.576384488657965,0.17431056312466597
1670,0.2138,3,16,3,98664,577780,4281,121975,4.576257762007351,0.17431100885309858
1671,0.2139,0,10,0,98674,577770,4281,121975,4.576178557850716,0.1743134999178272
1672,0.214,7,136,7,98810,577634,4288,121968,4.575101381320492,0.17433912424492784
1673,0.2141,0,4,0,98814,577630,4288,121968,4.575069699657838,0.17434012104094065
1674,0.2142,5,93,5,98907,577537,4293,121963,4.57433310100114,0.17435739814152967
1675,0.2143,2,47,2,98954,577490,4295,121961,4.57396084146496,0.1743667533537017
1676,0.2144,0,4,0,98958,577486,4295,121961,4.573929159802306,0.1743677505229131
1677,0.2145,5,14,5,98972,577472,4300,121956,4.573818273983019,0.1743653385337733
1678,0.2146,0,11,0,98983,577461,4300,121956,4.573731149410721,0.17436808084447475
1679,0.2147,2,21,2,99004,577440,4302,121954,4.573564820681789,0.1743709554271269
1680,0.2148,0,17,0,99021,577423,4302,121954,4.573430173615511,0.1743751939225911
1681,0.2149,0,3,0,99024,577420,4302,121954,4.573406412368521,0.1743759419137686
1682,0.215,63,1205,63,100229,576215,4365,121891,4.563862311494107,0.17460242427367764
1683,0.2151,1,1,1,100230,576214,4366,121890,4.5638543910784435,0.17460149204130043
1684,0.2152,1,20,1,100250,576194,4367,121889,4.563695982765175,0.17460531197579657
1685,0.2153,2,34,2,100284,576160,4369,121887,4.563426688632619,0.17461145166442948
1686,0.2154,1,11,1,100295,576149,4370,121886,4.563339564060322,0.17461302083706404
1687,0.2155,3,12,3,100307,576137,4373,121883,4.563244519072361,0.17461247528724105
1688,0.2156,1,8,1,100315,576129,4374,121882,4.563181155747054,0.17461329405983572
1689,0.2157,2,32,2,100347,576097,4376,121880,4.562927702445824,0.17461893443480228
1690,0.2158,5,93,5,100440,576004,4381,121875,4.562191103789127,0.17463629081832238
1691,0.2159,0,4,0,100444,576000,4381,121875,4.562159422126474,0.17463729177861365
1692,0.216,3,140,3,100584,575860,4384,121872,4.561050563933596,0.17466878400302696
1693,0.2161,0,7,0,100591,575853,4384,121872,4.560995121023951,0.17467053638611202
1694,0.2162,2,29,2,100620,575824,4386,121870,4.560765428969712,0.17467543077624287
1695,0.2163,0,14,0,100634,575810,4386,121870,4.560654543150425,0.1746789359018461
1696,0.2164,0,12,0,100646,575798,4386,121870,4.560559498162464,0.17468194040718507
1697,0.2165,1,29,1,100675,575769,4387,121869,4.560329806108225,0.1746880187145769
1698,0.2166,0,5,0,100680,575764,4387,121869,4.560290204029908,0.17468927071970505
1699,0.2167,28,664,28,101344,575100,4415,121841,4.5550310480294005,0.17482254595439212
1700,0.2168,1,12,1,101356,575088,4416,121840,4.55493600304144,0.17482437210156573
1701,0.2169,0,3,0,101359,575085,4416,121840,4.554912241794449,0.1748251246547333
1702,0.217,1,59,1,101418,575026,4417,121839,4.554444937270308,0.17483874208060385
1703,0.2171,0,16,0,101434,575010,4417,121839,4.5543182106196936,0.17484275646517394
1704,0.2172,0,8,0,101442,575002,4417,121839,4.554254847294386,0.174844763726589
1705,0.2173,3,38,3,101480,574964,4420,121836,4.553953871499176,0.1748507462686567
1706,0.2174,1,10,1,101490,574954,4421,121835,4.5538746673425425,0.17485207143051915
1707,0.2175,23,300,23,101790,574654,4444,121812,4.551498542643518,0.17490013870023807
1708,0.2176,0,6,0,101796,574648,4444,121812,4.551451020149537,0.1749016454642047
1709,0.2177,0,20,0,101816,574628,4444,121812,4.551292611836269,0.17490666819826547
1710,0.2178,0,18,0,101834,574610,4444,121812,4.551150044354328,0.17491118890557736
1711,0.2179,0,11,0,101845,574599,4444,121812,4.55106291978203,0.1749139516750884
1712,0.218,1,66,1,101911,574533,4445,121811,4.550540172348245,0.17492934526613282
1713,0.2181,0,2,0,101913,574531,4445,121811,4.550524331516918,0.17492984768978462
1714,0.2182,3,13,3,101926,574518,4448,121808,4.5504213661132935,0.17492955885605305
1715,0.2183,24,302,24,102228,574216,4472,121784,4.5480294005829425,0.17497701149425288
1716,0.2184,0,4,0,102232,574212,4472,121784,4.547997718920289,0.17497801711504088
1717,0.2185,0,17,0,102249,574195,4472,121784,4.547863071854011,0.1749822911323474
1718,0.2186,1,9,1,102258,574186,4473,121783,4.54779178811304,0.17498336851210328
1719,0.2187,4,37,4,102295,574149,4477,121779,4.5474987327334935,0.1749879297858399
1720,0.2188,0,10,0,102305,574139,4477,121779,4.547419528576859,0.17499044427648086
1721,0.2189,0,3,0,102308,574136,4477,121779,4.54739576732987,0.17499119863776466
1722,0.219,3,62,3,102370,574074,4480,121776,4.546904701558738,0.1750032334554861
1723,0.2191,0,1,0,102371,574073,4480,121776,4.546896781143074,0.17500348495147655
1724,0.2192,8,94,8,102465,573979,4488,121768,4.546152262070714,0.17501764290755117
1725,0.2193,3,33,3,102498,573946,4491,121765,4.545890888353821,0.17502238716938498
1726,0.2194,0,6,0,102504,573940,4491,121765,4.545843365859841,0.1750238966228502
1727,0.2195,1,12,1,102516,573928,4492,121764,4.545748320871879,0.17502572977697026
1728,0.2196,0,7,0,102523,573921,4492,121764,4.545692877962235,0.1750274908902736
1729,0.2197,0,16,0,102539,573905,4492,121764,4.545566151311621,0.17503151642519646
1730,0.2198,2,18,2,102557,573887,4494,121762,4.545423583829679,0.17503367359113575
1731,0.2199,1,3,1,102560,573884,4495,121761,4.545399822582689,0.1750332425303136
1732,0.22,208,4137,208,106697,569747,4703,121553,4.512633062983145,0.17583248951251265
1733,0.2201,0,5,0,106702,569742,4703,121553,4.512593460904828,0.17583376127413045
1734,0.2202,0,19,0,106721,569723,4703,121553,4.512442973007223,0.17583859413606143
1735,0.2203,3,25,3,106746,569698,4706,121550,4.512244962615638,0.17584137675624378
1736,0.2204,1,5,1,106751,569693,4707,121549,4.512205360537321,0.17584145639298537
1737,0.2205,0,14,0,106765,569679,4707,121549,4.512094474718033,0.17584501785228607
1738,0.2206,0,3,0,106768,569676,4707,121549,4.512070713471043,0.17584578104090565
1739,0.2207,2,37,2,106805,569639,4709,121547,4.511777658091496,0.17585280951871132
1740,0.2208,8,98,8,106903,569541,4717,121539,4.511001457356482,0.1758682062858135
1741,0.2209,0,3,0,106906,569538,4717,121539,4.510977696109491,0.17586896973853855
1742,0.221,3,83,3,106989,569455,4720,121536,4.510320301609428,0.17588651661164906
1743,0.2211,0,12,0,107001,569443,4720,121536,4.510225256621467,0.1758895711736536
1744,0.2212,0,21,0,107022,569422,4720,121536,4.510058927892536,0.17589491691246067
1745,0.2213,1,27,1,107049,569395,4721,121535,4.509845076669624,0.17590059774506825
1746,0.2214,0,8,0,107057,569387,4721,121535,4.509781713344316,0.17590263445077736
1747,0.2215,1,32,1,107089,569355,4722,121534,4.509528260043087,0.1759095889498892
1748,0.2216,0,7,0,107096,569348,4722,121534,4.509472817133443,0.17591137126166262
1749,0.2217,21,289,21,107385,569059,4743,121513,4.507183817006717,0.17595992887055947
1750,0.2218,1,15,1,107400,569044,4744,121512,4.507065010771766,0.17596255770712296
1751,0.2219,0,2,0,107402,569042,4744,121512,4.507049169940439,0.17596306733434314
1752,0.222,4,88,4,107490,568954,4748,121508,4.506352173362058,0.1759807201554901
1753,0.2221,1,6,1,107496,568948,4749,121507,4.506304650868078,0.1759810559703384
1754,0.2222,3,15,3,107511,568933,4752,121504,4.506185844633126,0.1759812988006147
1755,0.2223,3,22,3,107533,568911,4755,121501,4.506011595488531,0.17598332589815935
1756,0.2224,0,8,0,107541,568903,4755,121501,4.505948232163224,0.17598536509058466
1757,0.2225,18,337,18,107878,568566,4773,121483,4.503279052084653,0.17604981675214368
1758,0.2226,1,7,1,107885,568559,4774,121482,4.503223609175009,0.17605040859890933
1759,0.2227,1,44,1,107929,568515,4775,121481,4.502875110885819,0.17606044093009235
1760,0.2228,0,16,0,107945,568499,4775,121481,4.502748384235205,0.17606452360938
1761,0.2229,0,24,0,107969,568475,4775,121481,4.502558294259282,0.17607064798334968
1762,0.223,1,33,1,108002,568442,4776,121480,4.50229692054239,0.17607787546998066
1763,0.2231,1,14,1,108016,568428,4777,121479,4.502186034723103,0.17608025429514412
1764,0.2232,0,35,0,108051,568393,4777,121479,4.501908820174883,0.17608918755943131
1765,0.2233,37,673,37,108724,567720,4814,121442,4.496578380433405,0.17621691271428197
1766,0.2234,0,4,0,108728,567716,4814,121442,4.496546698770752,0.17621793550970896
1767,0.2235,3,11,3,108739,567705,4817,121439,4.496459574198454,0.17621716216059344
1768,0.2236,0,2,0,108741,567703,4817,121439,4.496443733367127,0.17621767357090412
1769,0.2237,3,23,3,108764,567680,4820,121436,4.496261563806868,0.17621996877158563
1770,0.2238,0,10,0,108774,567670,4820,121436,4.496182359650234,0.17622252599745178
1771,0.2239,0,4,0,108778,567666,4820,121436,4.496150677987581,0.17622354890857958
1772,0.224,8,135,8,108913,567531,4828,121428,4.49508142187302,0.1762485140625204
1773,0.2241,1,4,1,108917,567527,4829,121427,4.495049740210367,0.1762483416889952
1774,0.2242,8,100,8,109017,567427,4837,121419,4.494257698644025,0.17626436097473167
1775,0.2243,1,38,1,109055,567389,4838,121418,4.493956722848815,0.17627288921279835
1776,0.2244,0,5,0,109060,567384,4838,121418,4.493917120770498,0.17627416877419055
1777,0.2245,3,17,3,109077,567367,4841,121415,4.49378247370422,0.176274931691014
1778,0.2246,0,9,0,109086,567358,4841,121415,4.493711189963249,0.17627723502518247
1779,0.2247,1,29,1,109115,567329,4842,121414,4.49348149790901,0.17628346132011505
1780,0.2248,2,14,2,109129,567315,4844,121412,4.4933706120897225,0.17628465269983606
1781,0.2249,0,2,0,109131,567313,4844,121412,4.493354771258396,0.17628516461577554
1782,0.225,82,1278,82,110409,566035,4926,121330,4.483232480040552,0.17651466106071736
1783,0.2251,1,4,1,110413,566031,4927,121329,4.483200798377899,0.1765144902234637
1784,0.2252,2,13,2,110426,566018,4929,121327,4.483097832974274,0.1765154325702522
1785,0.2253,1,42,1,110468,565976,4930,121326,4.482765175516411,0.1765250210242368
1786,0.2254,0,13,0,110481,565963,4930,121326,4.482662210112787,0.17652835997666194
1787,0.2255,1,16,1,110497,565947,4931,121325,4.482535483462172,0.17653127146166292
1788,0.2256,0,3,0,110500,565944,4931,121325,4.482511722215182,0.17653204203885234
1789,0.2257,2,35,2,110535,565909,4933,121323,4.482234507666963,0.17653863615198362
1790,0.2258,3,102,3,110637,565807,4936,121320,4.481426625269294,0.17656124704748904
1791,0.2259,0,3,0,110640,565804,4936,121320,4.481402864022304,0.17656201791816326
1792,0.226,5,147,5,110787,565657,4941,121315,4.480238562919782,0.17659380586108314
1793,0.2261,1,8,1,110795,565649,4942,121314,4.480175199594474,0.17659466375918353
1794,0.2262,3,19,3,110814,565630,4945,121311,4.48002471169687,0.17659595219967944
1795,0.2263,3,35,3,110849,565595,4948,121308,4.47974749714865,0.17660135419411474
1796,0.2264,0,7,0,110856,565588,4948,121308,4.479692054239006,0.1766031538981156
1797,0.2265,2,23,2,110879,565565,4950,121306,4.479509884678748,0.1766066699569497
1798,0.2266,0,2,0,110881,565563,4950,121306,4.479494043847421,0.17660718419378368
1799,0.2267,32,675,32,111556,564888,4982,121274,4.474147763274616,0.17674251853060938
1800,0.2268,2,23,2,111579,564865,4984,121272,4.473965593714358,0.17674604342864472
1801,0.2269,0,7,0,111586,564858,4984,121272,4.4739101508047145,0.17674784661798784
1802,0.227,3,46,3,111632,564812,4987,121269,4.473545811684197,0.17675609731212497
1803,0.2271,3,16,3,111648,564796,4990,121266,4.473419085033583,0.176756619664112
1804,0.2272,1,12,1,111660,564784,4991,121265,4.473324040045622,0.1767585114182806
1805,0.2273,2,42,2,111702,564742,4993,121263,4.472991382587758,0.17676693318561817
1806,0.2274,1,7,1,111709,564735,4994,121262,4.4729359396781145,0.17676753688427208
1807,0.2275,23,309,23,112018,564426,5017,121239,4.47048853123812,0.17681958390759336
1808,0.2276,0,7,0,112025,564419,5017,121239,4.470433088328475,0.17682138908902106
1809,0.2277,1,35,1,112060,564384,5018,121238,4.470155873780256,0.17682921493184292
1810,0.2278,0,19,0,112079,564365,5018,121238,4.470005385882651,0.1768341153699736
1811,0.2279,0,6,0,112085,564359,5018,121238,4.469957863388671,0.17683566293318087
1812,0.228,7,93,7,112178,564266,5025,121231,4.469221264731973,0.17685124807256633
1813,0.2281,1,3,1,112181,564263,5026,121230,4.469197503484983,0.17685082123376897
1814,0.2282,5,16,5,112197,564247,5031,121225,4.469070776834369,0.17684894496055273
1815,0.2283,31,329,31,112526,563918,5062,121194,4.4664649600811055,0.17689662420159039
1816,0.2284,1,6,1,112532,563912,5063,121193,4.466417437587125,0.17689697199699317
1817,0.2285,3,27,3,112559,563885,5066,121190,4.466203586364212,0.17690033937890012
1818,0.2286,0,5,0,112564,563880,5066,121190,4.466163984285895,0.17690163049031485
1819,0.2287,3,27,3,112591,563853,5069,121187,4.465950133062983,0.17690499824827746
1820,0.2288,1,13,1,112604,563840,5070,121186,4.4658471676593585,0.17690715388904946
1821,0.2289,1,9,1,112613,563831,5071,121185,4.465775883918388,0.17690827659499925
1822,0.229,4,59,4,112672,563772,5075,121181,4.465308579394247,0.17691870829093384
1823,0.2291,1,14,1,112686,563758,5076,121180,4.465197693574959,0.17692112278775599
1824,0.2292,6,94,6,112780,563664,5082,121174,4.464453174502598,0.17693819560246365
1825,0.2293,2,41,2,112821,563623,5084,121172,4.464128437460398,0.17694638541461313
1826,0.2294,0,1,0,112822,563622,5084,121172,4.4641205170447344,0.17694664380821093
1827,0.2295,2,13,2,112835,563609,5086,121170,4.46401755164111,0.17694759915242728
1828,0.2296,1,8,1,112843,563601,5087,121169,4.463954188315803,0.17694846444791681
1829,0.2297,2,16,2,112859,563585,5089,121167,4.463827461665188,0.17695019510713367
1830,0.2298,1,19,1,112878,563566,5090,121166,4.463676973767583,0.17695390313290454
1831,0.2299,1,4,1,112882,563562,5091,121165,4.46364529210493,0.17695373484615037
1832,0.23,219,4240,219,117122,559322,5310,120946,4.430062729692054,0.1777916938618309
1833,0.2301,0,5,0,117127,559317,5310,120946,4.430023127613737,0.1777930006482787
1834,0.2302,2,12,2,117139,559305,5312,120944,4.429928082625776,0.1777937196526566
1835,0.2303,2,23,2,117162,559282,5314,120942,4.429745913065518,0.17779731382603378
1836,0.2304,0,15,0,117177,559267,5314,120942,4.429627106830567,0.17780123462053574
1837,0.2305,4,27,4,117204,559240,5318,120938,4.429413255607654,0.17780345733028707
1838,0.2306,0,8,0,117212,559232,5318,120938,4.429349892282347,0.17780554861284678
1839,0.2307,5,42,5,117254,559190,5323,120933,4.429017234824483,0.17781048428004934
1840,0.2308,13,101,13,117355,559089,5336,120920,4.4282172728424785,0.17782117589620136
1841,0.231,4,71,4,117426,559018,5340,120916,4.427654923330376,0.1778349075057285
1842,0.2311,0,3,0,117429,559015,5340,120916,4.427631162083386,0.17783569215111533
1843,0.2312,0,18,0,117447,558997,5340,120916,4.427488594601445,0.17784040016884514
1844,0.2313,4,36,4,117483,558961,5344,120912,4.427203459637561,0.17784497987124065
1845,0.2314,3,15,3,117498,558946,5347,120909,4.427084653402611,0.1778452758308757
1846,0.2315,2,20,2,117518,558926,5349,120907,4.4269262450893425,0.17784808916307387
1847,0.2316,0,7,0,117525,558919,5349,120907,4.426870802179699,0.17784992042081357
1848,0.2317,30,341,30,117866,558578,5379,120877,4.424169940438474,0.1779028780419601
1849,0.2318,1,12,1,117878,558566,5380,120876,4.424074895450513,0.17790481012360143
1850,0.2319,0,6,0,117884,558560,5380,120876,4.424027372956533,0.17790638117497454
1851,0.232,7,88,7,117972,558472,5387,120869,4.423330376378153,0.17792095574976338
1852,0.2321,1,12,1,117984,558460,5388,120868,4.423235331390192,0.17792288850157803
1853,0.2322,1,10,1,117994,558450,5389,120867,4.4231561272335576,0.17792429749292304
1854,0.2323,2,25,2,118019,558425,5391,120865,4.422958116841972,0.17792842526755878
1855,0.2324,0,7,0,118026,558418,5391,120865,4.422902673932328,0.17793025881701735
1856,0.2325,19,362,19,118388,558056,5410,120846,4.420035483462172,0.17800212696383277
1857,0.2326,0,4,0,118392,558052,5410,120846,4.420003801799519,0.17800317573479374
1858,0.2327,1,41,1,118433,558011,5411,120845,4.419679064757318,0.17801271550962208
1859,0.2328,0,15,0,118448,557996,5411,120845,4.419560258522368,0.178016648964927
1860,0.2329,1,16,1,118464,557980,5412,120844,4.419433531871753,0.1780196339551931
1861,0.233,4,42,4,118506,557938,5416,120840,4.419100874413889,0.17802580519698635
1862,0.2331,4,8,4,118514,557930,5420,120836,4.419037511088582,0.1780230594932569
1863,0.2332,3,11,3,118525,557919,5423,120833,4.4189503865162845,0.17802231153646692
1864,0.2333,42,657,42,119182,557262,5465,120791,4.413746673425421,0.17814389140671893
1865,0.2334,0,6,0,119188,557256,5465,120791,4.413699150931441,0.1781454677920557
1866,0.2335,4,23,4,119211,557233,5469,120787,4.413516981371182,0.17814666234034393
1867,0.2336,0,7,0,119218,557226,5469,120787,4.413461538461538,0.1781485015774034
1868,0.2337,2,20,2,119238,557206,5471,120785,4.41330313014827,0.1781513323923179
1869,0.2338,2,20,2,119258,557186,5473,120783,4.4131447218350015,0.1781541633909515
1870,0.2339,0,4,0,119262,557182,5473,120783,4.413113040172348,0.17815521450222357
1871,0.234,14,129,14,119391,557053,5487,120769,4.412091306551768,0.1781721454895238
1872,0.2342,6,101,6,119492,556952,5493,120763,4.411291344569763,0.17819142264816332
1873,0.2343,3,38,3,119530,556914,5496,120760,4.410990368774553,0.1781977765120102
1874,0.2344,0,5,0,119535,556909,5496,120760,4.410950766696236,0.17819909129678355
1875,0.2345,2,29,2,119564,556880,5498,120758,4.410721074641997,0.17820429196709747
1876,0.2346,0,10,0,119574,556870,5498,120758,4.410641870485363,0.17820692179189762
1877,0.2347,5,21,5,119595,556849,5503,120753,4.410475541756432,0.1782063807367747
1878,0.2348,4,22,4,119617,556827,5507,120749,4.410301292611837,0.17820731548933255
1879,0.2349,0,6,0,119623,556821,5507,120749,4.410253770117856,0.1782088935460543
1880,0.235,81,1299,81,120922,555522,5588,120668,4.399965150171081,0.17845280172732517
1881,0.2351,1,6,1,120928,555516,5589,120667,4.399917627677101,0.17845317022167076
1882,0.2352,2,23,2,120951,555493,5591,120665,4.399735458116842,0.17845681039047087
1883,0.2353,2,18,2,120969,555475,5593,120663,4.3995928906349,0.17845913112411962
1884,0.2354,2,4,2,120973,555471,5595,120661,4.399561208972247,0.17845775676938821
1885,0.2355,4,16,4,120989,555455,5599,120657,4.399434482321632,0.17845711953049198
1886,0.2356,2,5,2,120994,555450,5601,120655,4.399394880243316,0.17845600905184847
1887,0.2357,8,48,8,121042,555402,5609,120647,4.399014700291471,0.17845895785660507
1888,0.2358,5,105,5,121147,555297,5614,120642,4.398183056646813,0.1784806025395783
1889,0.2359,0,3,0,121150,555294,5614,120642,4.3981592953998225,0.1784813946882545
1890,0.236,13,127,13,121277,555167,5627,120629,4.397153402610569,0.17849913287441774
1891,0.2361,0,1,0,121278,555166,5627,120629,4.397145482194905,0.17849939700648865
1892,0.2362,0,15,0,121293,555151,5627,120629,4.397026675959954,0.17850335908135784
1893,0.2363,0,17,0,121310,555134,5627,120629,4.396892028893676,0.1785078496455118
1894,0.2364,2,12,2,121322,555122,5629,120627,4.396796983905715,0.17850858824800334
1895,0.2365,0,29,0,121351,555093,5629,120627,4.396567291851476,0.1785162493340437
1896,0.2366,0,3,0,121354,555090,5629,120627,4.396543530604486,0.17851704189771753
1897,0.2367,51,677,51,122031,554413,5680,120576,4.391181409200355,0.1786340221840652
1898,0.2368,3,21,3,122052,554392,5683,120573,4.391015080471423,0.1786359292704066
1899,0.2369,0,3,0,122055,554389,5683,120573,4.390991319224433,0.1786367232525683
1900,0.237,1,50,1,122105,554339,5684,120572,4.390595298441262,0.17864874035243167
1901,0.2371,1,15,1,122120,554324,5685,120571,4.390476492206311,0.17865149393609375
1902,0.2372,1,15,1,122135,554309,5686,120570,4.39035768597136,0.17865424765031954
1903,0.2373,5,45,5,122180,554264,5691,120565,4.3900012672665065,0.17866007536724118
1904,0.2374,1,3,1,122183,554261,5692,120564,4.389977506019516,0.17865965250250065
1905,0.2375,23,342,23,122525,553919,5715,120541,4.387268723862628,0.1787222370488984
1906,0.2376,0,8,0,122533,553911,5715,120541,4.387205360537321,0.17872435695942782
1907,0.2377,1,31,1,122564,553880,5716,120540,4.386959827651755,0.17873135434892204
1908,0.2378,0,23,0,122587,553857,5716,120540,4.386777658091496,0.17873744989968818
1909,0.2379,1,13,1,122600,553844,5717,120539,4.386674692687873,0.17873967760160028
1910,0.238,2,86,2,122686,553758,5719,120537,4.385993536940819,0.17876003826218495
1911,0.2381,0,2,0,122688,553756,5719,120537,4.385977696109491,0.1787605684769084
1912,0.2382,0,11,0,122699,553745,5719,120537,4.385890571537194,0.17876348471411072
1913,0.2383,34,352,34,123051,553393,5753,120503,4.383102585223672,0.1788154255256004
1914,0.2384,0,3,0,123054,553390,5753,120503,4.383078823976683,0.17881622156633176
1915,0.2385,1,17,1,123071,553373,5754,120502,4.382944176910404,0.17881951400482285
1916,0.2386,1,10,1,123081,553363,5755,120501,4.3828649727537705,0.1788209490342265
1917,0.2387,0,36,0,123117,553327,5755,120501,4.382579837789887,0.17883050273957152
1918,0.2388,1,17,1,123134,553310,5756,120500,4.382445190723609,0.17883379587717607
1919,0.2389,0,5,0,123139,553305,5756,120500,4.382405588645292,0.17883512292131998
1920,0.239,2,61,2,123200,553244,5758,120498,4.381922443289824,0.17884887686978101
1921,0.2391,0,6,0,123206,553238,5758,120498,4.381874920795843,0.17885046962014794
1922,0.2392,3,102,3,123308,553136,5761,120495,4.381067038398175,0.17887389386771096
1923,0.2393,4,57,4,123365,553079,5765,120491,4.38061557470536,0.17888415457933102
1924,0.2394,2,4,2,123369,553075,5767,120489,4.380583893042707,0.17888277877083691
1925,0.2395,1,28,1,123397,553047,5768,120488,4.380362121404131,0.17888899611749945
1926,0.2396,0,4,0,123401,553043,5768,120488,4.380330439741478,0.1788900585125258
1927,0.2397,0,16,0,123417,553027,5768,120488,4.380203713090863,0.17889430821882216
1928,0.2398,5,12,5,123429,553015,5773,120483,4.380108668102902,0.17889139982598315
1929,0.2399,0,1,0,123430,553014,5773,120483,4.380100747687239,0.1788916654417169
1930,0.24,244,4384,244,127814,548630,6017,120239,4.345377645418831,0.1797646474870266
1931,0.2401,0,4,0,127818,548626,6017,120239,4.345345963756178,0.17976572252995746
1932,0.2402,3,10,3,127828,548616,6020,120236,4.345266759599544,0.17976473121109005
1933,0.2403,2,20,2,127848,548596,6022,120234,4.345108351286275,0.17976765396289043
1934,0.2404,0,11,0,127859,548585,6022,120234,4.345021226713978,0.17977061058373042
1935,0.2405,1,24,1,127883,548561,6023,120233,4.344831136738056,0.1797758353095273
1936,0.2406,0,3,0,127886,548558,6023,120233,4.344807375491066,0.1797766417311238
1937,0.2407,4,39,4,127925,548519,6027,120229,4.344498479280193,0.1797822199094427
1938,0.2408,9,124,9,128049,548395,6036,120220,4.343516347737929,0.1798045212865401
1939,0.2409,0,7,0,128056,548388,6036,120220,4.3434609048282855,0.17980640375227339
1940,0.241,5,66,5,128122,548322,6041,120215,4.3429381573945,0.1798180205433656
1941,0.2411,1,7,1,128129,548315,6042,120214,4.3428827144848565,0.1798186765271215
1942,0.2412,3,25,3,128154,548290,6045,120211,4.342684704093271,0.17982172053594533
1943,0.2413,1,30,1,128184,548260,6046,120210,4.342447091623368,0.17982856373509656
1944,0.2414,1,15,1,128199,548245,6047,120209,4.342328285388417,0.1798313720914229
1945,0.2415,2,22,2,128221,548223,6049,120207,4.342154036243822,0.17983483685651452
1946,0.2416,0,1,0,128222,548222,6049,120207,4.342146115828158,0.1798351058975598
1947,0.2417,27,338,27,128560,547884,6076,120180,4.339469015333925,0.17989294438856157
1948,0.2418,1,26,1,128586,547858,6077,120179,4.339263084526676,0.1798987181847712
1949,0.2419,2,9,2,128595,547849,6079,120177,4.339191800785705,0.17989868657806732
1950,0.242,12,93,12,128688,547756,6091,120165,4.3384552021290075,0.17990900121421546
1951,0.2421,1,13,1,128701,547743,6092,120164,4.338352236725384,0.1799112750727272
1952,0.2422,0,12,0,128713,547731,6092,120164,4.338257191737422,0.1799145075198946
1953,0.2423,2,41,2,128754,547690,6094,120162,4.337932454695222,0.17992309673400694
1954,0.2424,2,10,2,128764,547680,6096,120160,4.337853250538588,0.1799233349305223
1955,0.2425,21,333,21,129097,547347,6117,120139,4.3352157521226715,0.17998729561369078
1956,0.2426,1,9,1,129106,547338,6118,120138,4.335144468381701,0.17998849396832245
1957,0.2427,6,32,6,129138,547306,6124,120132,4.334891015080472,0.17998975185710134
1958,0.2428,2,19,2,129157,547287,6126,120130,4.334740527182866,0.17999241853294118
1959,0.2429,1,11,1,129168,547276,6127,120129,4.334653402610569,0.17999415647170758
1960,0.243,1,41,1,129209,547235,6128,120128,4.334328665568369,0.18000398583679347
1961,0.2431,1,9,1,129218,547226,6129,120127,4.334257381827398,0.18000518466239007
1962,0.2432,0,16,0,129234,547210,6129,120127,4.334130655176784,0.18000950044730024
1963,0.2433,40,713,40,129947,546497,6169,120087,4.328483398808769,0.18015283895203005
1964,0.2434,0,4,0,129951,546493,6169,120087,4.328451717146116,0.18015392000960126
1965,0.2435,2,28,2,129979,546465,6171,120085,4.32822994550754,0.18015902782987023
1966,0.2436,0,4,0,129983,546461,6171,120085,4.328198263844887,0.18016010897972534
1967,0.2437,2,24,2,130007,546437,6173,120083,4.328008173868965,0.1801641361099442
1968,0.2438,0,13,0,130020,546424,6173,120083,4.32790520846534,0.18016765015221145
1969,0.2439,0,9,0,130029,546415,6173,120083,4.327833924724369,0.18017008303100684
1970,0.244,6,125,6,130154,546290,6179,120077,4.3268438727664424,0.18019649832599755
1971,0.2441,0,2,0,130156,546288,6179,120077,4.326828031935116,0.18019703916022
1972,0.2442,13,117,13,130273,546171,6192,120064,4.325901343302497,0.18021268771529567
1973,0.2443,6,55,6,130328,546116,6198,120058,4.3254657204410085,0.1802201827150264
1974,0.2444,1,6,1,130334,546110,6199,120057,4.3254181979470285,0.18022057532120325
1975,0.2445,3,26,3,130360,546084,6202,120054,4.325212267139779,0.18022391756663034
1976,0.2446,1,15,1,130375,546069,6203,120053,4.325093460904828,0.18022674525086996
1977,0.2447,2,20,2,130395,546049,6205,120051,4.32493505259156,0.1802296952409548
1978,0.2448,1,25,1,130420,546024,6206,120050,4.324737042199975,0.1802352291186865
1979,0.2449,0,7,0,130427,546017,6206,120050,4.324681599290331,0.18023712329240152
1980,0.245,81,1262,81,131689,544755,6287,119969,4.314686034723103,0.18047941702119977
1981,0.2451,1,5,1,131694,544750,6288,119968,4.3146464326447855,0.18047954170039024
1982,0.2452,1,14,1,131708,544736,6289,119967,4.314535546825497,0.18048211005516748
1983,0.2453,4,39,4,131747,544697,6293,119963,4.314226650614624,0.1804877681822285
1984,0.2454,0,9,0,131756,544688,6293,119963,4.314155366873654,0.18049021215645505
1985,0.2455,5,17,5,131773,544671,6298,119958,4.314020719807376,0.1804886636002943
1986,0.2456,0,4,0,131777,544667,6298,119958,4.3139890381447215,0.180489749858943
1987,0.2457,3,33,3,131810,544634,6301,119955,4.313727664427829,0.1804950127071017
1988,0.2458,7,110,7,131920,544524,6308,119948,4.312856418704854,0.18051625952636077
1989,0.2459,0,7,0,131927,544517,6308,119948,4.31280097579521,0.18051816122745368
1990,0.246,6,114,6,132041,544403,6314,119942,4.311898048409581,0.1805417365977015
1991,0.2461,1,4,1,132045,544399,6315,119941,4.311866366746927,0.18054159014962218
1992,0.2462,2,23,2,132068,544376,6317,119939,4.311684197186668,0.18054537380610103
1993,0.2463,1,17,1,132085,544359,6318,119938,4.31154955012039,0.18054876056944408
1994,0.2464,1,3,1,132088,544356,6319,119937,4.3115257888734,0.18054834237301914
1995,0.2465,2,38,2,132126,544318,6321,119935,4.311224813078191,0.18055620373562484
1996,0.2466,0,1,0,132127,544317,6321,119935,4.311216892662527,0.18055647555445825
1997,0.2467,38,681,38,132808,543636,6359,119897,4.305823089595742,0.18069485617143383
1998,0.2468,3,18,3,132826,543618,6362,119894,4.305680522113801,0.18069605372623254
1999,0.2469,0,11,0,132837,543607,6362,119894,4.305593397541503,0.180699049436248
2000,0.247,3,54,3,132891,543553,6365,119891,4.3051656950956785,0.18071005239326907
2001,0.2471,1,18,1,132909,543535,6366,119890,4.305023127613737,0.18071372046576478
2002,0.2472,0,14,0,132923,543521,6366,119890,4.304912241794449,0.1807175340776683
2003,0.2473,2,43,2,132966,543478,6368,119888,4.304571663920923,0.18072677827926062
2004,0.2474,1,11,1,132977,543467,6369,119887,4.304484539348625,0.18072854011583558
2005,0.2475,27,388,27,133365,543079,6396,119860,4.30141141807122,0.18080094850355763
2006,0.2476,3,1,3,133366,543078,6399,119857,4.301403497655557,0.1807975140850913
2007,0.2477,2,34,2,133400,543044,6401,119855,4.3011342035230005,0.18080431558955437
2008,0.2478,0,15,0,133415,543029,6401,119855,4.30101539728805,0.1808084069007549
2009,0.2479,0,12,0,133427,543017,6401,119855,4.300920352300088,0.1808116800830326
2010,0.248,8,80,8,133507,542937,6409,119847,4.3002867190470155,0.18082361674391656
2011,0.2481,1,4,1,133511,542933,6410,119846,4.300255037384362,0.18082347207741947
2012,0.2482,1,18,1,133529,542915,6411,119845,4.3001124699024205,0.18082714708189992
2013,0.2483,23,341,23,133870,542574,6434,119822,4.297411608161196,0.1808917928248359
2014,0.2484,0,2,0,133872,542572,6434,119822,4.29739576732987,0.1808923390006552
2015,0.2485,0,33,0,133905,542539,6434,119822,4.297134393612977,0.180901351377874
2016,0.2486,0,15,0,133920,542524,6434,119822,4.297015587378025,0.18090544820984802
2017,0.2487,1,26,1,133946,542498,6435,119821,4.296809656570777,0.18091131312856795
2018,0.2488,0,18,0,133964,542480,6435,119821,4.296667089088835,0.18091622993170778
2019,0.2489,0,5,0,133969,542475,6435,119821,4.296627487010518,0.18091759575778807
2020,0.249,4,71,4,134040,542404,6439,119817,4.296065137498416,0.18093204534437898
2021,0.2491,0,3,0,134043,542401,6439,119817,4.296041376251425,0.18093286500819972
2022,0.2492,7,110,7,134153,542291,6446,119810,4.29517013052845,0.18095426528580988
2023,0.2493,3,49,3,134202,542242,6449,119807,4.294782030160943,0.18096394677735334
2024,0.2494,0,7,0,134209,542235,6449,119807,4.294726587251299,0.18096586017201324
2025,0.2495,0,25,0,134234,542210,6449,119807,4.2945285768597135,0.18097269405468439
2026,0.2496,0,5,0,134239,542205,6449,119807,4.294488974781396,0.180974060893156
2027,0.2497,3,16,3,134255,542189,6452,119804,4.294362248130782,0.18097472329767839
2028,0.2498,1,18,1,134273,542171,6453,119803,4.29421968064884,0.18097840700692172
2029,0.2499,1,7,1,134280,542164,6454,119802,4.294164237739197,0.1809790835178846
2030,0.25,250,4639,250,138919,537525,6704,119552,4.257421429476619,0.18194519059410083
2031,0.2501,0,1,0,138920,537524,6704,119552,4.257413509060956,0.18194546749538867
2032,0.2502,2,14,2,138934,537510,6706,119550,4.257302623241667,0.1819468541685691
2033,0.2503,3,28,3,138962,537482,6709,119547,4.257080851603092,0.18195087279252514
2034,0.2504,2,10,2,138972,537472,6711,119545,4.257001647446458,0.18195115194888412
2035,0.2505,4,35,4,139007,537437,6715,119541,4.256724432898238,0.18195586457994029
2036,0.2506,1,9,1,139016,537428,6716,119540,4.256653149157268,0.18195711206634113
2037,0.2507,1,42,1,139058,537386,6717,119539,4.256320491699404,0.18196750009514023
2038,0.2508,5,102,5,139160,537284,6722,119534,4.255512609301737,0.18198953134658308
2039,0.2509,0,4,0,139164,537280,6722,119534,4.255480927639082,0.18199063966358817
2040,0.251,10,82,10,139246,537198,6732,119524,4.254831453554683,0.18200090753774048
2041,0.2511,0,2,0,139248,537196,6732,119524,4.254815612723355,0.18200146181020832
2042,0.2512,4,25,4,139273,537171,6736,119520,4.254617602331771,0.1820034079955413
2043,0.2513,3,28,3,139301,537143,6739,119517,4.254395830693195,0.1820074315475284
2044,0.2514,1,12,1,139313,537131,6740,119516,4.254300785705234,0.18200951196000287
2045,0.2515,5,22,5,139335,537109,6745,119511,4.254126536560639,0.18200938137735675
2046,0.2516,0,3,0,139338,537106,6745,119511,4.254102775313648,0.18201021295519307
2047,0.2517,26,396,26,139734,536710,6771,119485,4.250966290710936,0.18208764163091765
2048,0.2518,2,19,2,139753,536691,6773,119483,4.250815802813332,0.18209042113829563
2049,0.2519,2,4,2,139757,536687,6775,119481,4.250784121150678,0.18208903817315078
2050,0.252,5,83,5,139840,536604,6780,119476,4.250126726650614,0.1821058407511279
2051,0.2521,1,11,1,139851,536593,6781,119475,4.250039602078317,0.18210764737801569
2052,0.2522,2,18,2,139869,536575,6783,119473,4.249897034596375,0.18211015047679438
2053,0.2523,1,36,1,139905,536539,6784,119472,4.249611899632493,0.18211889739653755
2054,0.2524,0,2,0,139907,536537,6784,119472,4.249596058801166,0.1821194526294609
2055,0.2525,24,340,24,140247,536197,6808,119448,4.246903117475605,0.1821839562568158
2056,0.2526,0,10,0,140257,536187,6808,119448,4.246823913318971,0.18218673499736895
2057,0.2527,4,47,4,140304,536140,6812,119444,4.24645165378279,0.18219480646263483
2058,0.2528,1,19,1,140323,536121,6813,119443,4.2463011658851855,0.18219883947257628
2059,0.2529,0,23,0,140346,536098,6813,119443,4.2461189963249275,0.18220523201447353
2060,0.253,1,51,1,140397,536047,6814,119442,4.245715055126093,0.18221816079293474
2061,0.2531,1,11,1,140408,536036,6815,119441,4.245627930553796,0.18221997110501206
2062,0.2532,5,22,5,140430,536014,6820,119436,4.2454536814092005,0.18221984895873064
2063,0.2533,46,727,46,141157,535287,6866,119390,4.2396955392218985,0.182364738642109
2064,0.2534,2,4,2,141161,535283,6868,119388,4.239663857559245,0.18236335502870907
2065,0.2535,1,19,1,141180,535264,6869,119387,4.23951336966164,0.18236739881249703
2066,0.2536,1,3,1,141183,535261,6870,119386,4.239489608414649,0.18236698556626701
2067,0.2537,2,26,2,141209,535235,6872,119384,4.239283677607401,0.18237173073192192
2068,0.2538,1,15,1,141224,535220,6873,119383,4.2391648713724495,0.18237466067219368
2069,0.2539,0,7,0,141231,535213,6873,119383,4.239109428462806,0.18237661091726806
2070,0.254,7,150,7,141381,535063,6880,119376,4.2379213661132935,0.1824096669055481
2071,0.2541,1,3,1,141384,535060,6881,119375,4.237897604866303,0.18240925378379824
2072,0.2542,11,106,11,141490,534954,6892,119364,4.237058040805982,0.18242505937479941
2073,0.2543,6,47,6,141537,534907,6898,119358,4.236685781269801,0.1824306664730652
2074,0.2544,0,2,0,141539,534905,6898,119358,4.236669940438474,0.18243122414075075
2075,0.2545,3,26,3,141565,534879,6901,119355,4.236464009631225,0.18243472519006962
2076,0.2546,0,9,0,141574,534870,6901,119355,4.236392725890255,0.1824372348962513
2077,0.2547,3,17,3,141591,534853,6904,119352,4.236258078823977,0.18243822654978178
2078,0.2548,3,24,3,141615,534829,6907,119349,4.236067988848054,0.18244117044596425
2079,0.2549,0,5,0,141620,534824,6907,119349,4.236028386769737,0.18244256488726987
2080,0.255,79,1418,79,143038,533406,6986,119270,4.224797237359017,0.18273998124643775
2081,0.2551,0,4,0,143042,533402,6986,119270,4.224765555696363,0.182741101196313
2082,0.2552,1,19,1,143061,533383,6987,119269,4.224615067798758,0.18274516894148796
2083,0.2553,0,31,0,143092,533352,6987,119269,4.224369534913192,0.1827538494777214
2084,0.2554,0,3,0,143095,533349,6987,119269,4.224345773666202,0.18275468957337984
2085,0.2555,1,29,1,143124,533320,6988,119268,4.224116081611963,0.18276155859439647
2086,0.2556,1,8,1,143132,533312,6989,119267,4.224052718286655,0.18276254675679113
2087,0.2557,9,44,9,143176,533268,6998,119258,4.223704219997465,0.18276359869185288
2088,0.2558,17,116,17,143292,533152,7015,119241,4.222785451780509,0.1827747998522363
2089,0.2559,0,7,0,143299,533145,7015,119241,4.222730008870865,0.18277676099732368
2090,0.256,8,152,8,143451,532993,7023,119233,4.221526105690026,0.18280933296127416
2091,0.2561,0,3,0,143454,532990,7023,119233,4.221502344443036,0.18281017382091708
2092,0.2562,1,20,1,143474,532970,7024,119232,4.221343936129768,0.182814526787713
2093,0.2563,1,26,1,143500,532944,7025,119231,4.221138005322519,0.18282056196573004
2094,0.2564,0,8,0,143508,532936,7025,119231,4.221074641997212,0.1828228045883953
2095,0.2565,1,22,1,143530,532914,7026,119230,4.2209003928526165,0.18282771903137957
2096,0.2566,0,3,0,143533,532911,7026,119230,4.220876631605627,0.1828285600813321
2097,0.2567,50,730,50,144263,532181,7076,119180,4.2150947281713345,0.18297073358705848
2098,0.2568,1,17,1,144280,532164,7077,119179,4.2149600811050565,0.18297425473214574
2099,0.2569,2,6,2,144286,532158,7079,119177,4.214912558611076,0.18297343149070755
2100,0.257,7,44,7,144330,532114,7086,119170,4.2145640603218855,0.18297701156484728
2101,0.2571,1,39,1,144369,532075,7087,119169,4.214255164111012,0.18298671465687208
2102,0.2572,3,15,3,144384,532060,7090,119166,4.214136357876061,0.1829871657458394
2103,0.2573,2,40,2,144424,532020,7092,119164,4.213819541249525,0.18299589670507874
2104,0.2574,1,6,1,144430,532014,7093,119163,4.213772018755544,0.18299632818726705
2105,0.2575,22,365,22,144795,531649,7115,119141,4.2108810670383985,0.18307134405875936
2106,0.2576,1,14,1,144809,531635,7116,119140,4.21077018121911,0.18307402712150897
2107,0.2577,4,32,4,144841,531603,7120,119136,4.210516727917881,0.1830780082337158
2108,0.2578,0,17,0,144858,531586,7120,119136,4.210382080851603,0.18308279111509984
2109,0.2579,4,16,4,144874,531570,7124,119132,4.210255354200989,0.18308227114716108
2110,0.258,5,71,5,144945,531499,7129,119127,4.209693004688886,0.18309597218678628
2111,0.2581,4,5,4,144950,531494,7133,119123,4.209653402610569,0.18309235694732845
2112,0.2582,1,27,1,144977,531467,7134,119122,4.209439551387657,0.18309869979357168
2113,0.2583,25,349,25,145326,531118,7159,119097,4.206675326321125,0.18316556831201988
2114,0.2584,0,6,0,145332,531112,7159,119097,4.2066278038271445,0.18316725852764265
2115,0.2585,1,32,1,145364,531080,7160,119096,4.206374350525915,0.18317501722610494
2116,0.2586,2,10,2,145374,531070,7162,119094,4.206295146369281,0.18317532191877742
2117,0.2587,3,33,3,145407,531037,7165,119091,4.206033772652389,0.1831808505402013
2118,0.2588,7,24,7,145431,531013,7172,119084,4.205843682676467,0.18317881793024735
2119,0.2589,2,6,2,145437,531007,7174,119082,4.205796160182486,0.1831779956282909
2120,0.259,2,65,2,145502,530942,7176,119080,4.205281333164365,0.18319379959447527
2121,0.2591,0,4,0,145506,530938,7176,119080,4.205249651501711,0.18319492690971634
2122,0.2592,6,110,6,145616,530828,7182,119074,4.204378405778735,0.1832183929269336
2123,0.2593,6,45,6,145661,530783,7188,119068,4.204021987073881,0.18322353893430957
2124,0.2594,0,6,0,145667,530777,7188,119068,4.203974464579901,0.18322523063191992
2125,0.2595,2,32,2,145699,530745,7190,119066,4.203721011278672,0.18323173969046383
2126,0.2596,0,8,0,145707,530737,7190,119066,4.2036576479533645,0.18323399553403108
2127,0.2597,4,29,4,145736,530708,7194,119062,4.203427955899126,0.18323714545146744
2128,0.2598,4,26,4,145762,530682,7198,119058,4.203222025091877,0.18323944962600425
2129,0.2599,0,7,0,145769,530675,7198,119058,4.203166582182233,0.183241423784847
2130,0.26,268,4659,268,150428,526016,7466,118790,4.166265365606387,0.18422595323244512
2131,0.2601,0,4,0,150432,526012,7466,118790,4.166233683943734,0.18422709606980128
2132,0.2602,3,19,3,150451,525993,7469,118787,4.166083196046128,0.18422872917894476
2133,0.2603,4,25,4,150476,525968,7473,118783,4.165885185654544,0.18423081158462723
2134,0.2604,2,8,2,150484,525960,7475,118781,4.165821822329236,0.18423056700287402
2135,0.2605,1,20,1,150504,525940,7476,118780,4.165663414015968,0.184235016751458
2136,0.2606,1,10,1,150514,525930,7477,118779,4.165584209859333,0.1842366090747919
2137,0.2607,3,65,3,150579,525865,7480,118776,4.165069382841211,0.18425138953308895
2138,0.2608,8,123,8,150702,525742,7488,118768,4.164095171714612,0.18427642705311012
2139,0.2609,0,1,0,150703,525741,7488,118768,4.164087251298948,0.184276712970649
2140,0.261,3,76,3,150779,525665,7491,118765,4.163485299708529,0.1842946479834893
2141,0.2611,0,7,0,150786,525658,7491,118765,4.163429856798885,0.1842966498712802
2142,0.2612,4,27,4,150813,525631,7495,118761,4.163216005575973,0.18429930849544998
2143,0.2613,3,36,3,150849,525595,7498,118758,4.162930870612089,0.18430580753096518
2144,0.2614,2,11,2,150860,525584,7500,118756,4.162843746039792,0.18430642207530185
2145,0.2615,2,29,2,150889,525555,7502,118754,4.162614053985553,0.1843121856128038
2146,0.2616,0,2,0,150891,525553,7502,118754,4.162598213154227,0.18431275773815897
2147,0.2617,28,334,28,151225,525219,7530,118726,4.159952794322646,0.18437288898896645
2148,0.2618,2,27,2,151252,525192,7532,118724,4.159738943099734,0.18437808658272198
2149,0.2619,1,2,1,151254,525190,7533,118723,4.159723102268407,0.18437739259806837
2150,0.262,8,100,8,151354,525090,7541,118715,4.1589310607020655,0.18439589627293979
2151,0.2621,2,16,2,151370,525074,7543,118713,4.158804334051451,0.1843979452831449
2152,0.2622,0,14,0,151384,525060,7543,118713,4.158693448232163,0.18440195534761478
2153,0.2623,1,29,1,151413,525031,7544,118712,4.158463756177924,0.18440899551529105
2154,0.2624,1,12,1,151425,525019,7545,118711,4.158368711189963,0.18441116617215292
2155,0.2625,24,373,24,151798,524646,7569,118687,4.15541439614751,0.1844876603563007
2156,0.2626,0,12,0,151810,524634,7569,118687,4.155319351159549,0.18449110164288124
2157,0.2627,0,36,0,151846,524598,7569,118687,4.155034216195666,0.18450142627295832
2158,0.2628,2,9,2,151855,524589,7571,118685,4.154962932454695,0.1845014721564994
2159,0.2629,2,20,2,151875,524569,7573,118683,4.154804524141427,0.1845046731296599
2160,0.263,5,50,5,151925,524519,7578,118678,4.1544085033582565,0.18451267652056835
2161,0.2631,0,3,0,151928,524516,7578,118678,4.154384742111266,0.18451353712876675
2162,0.2632,1,22,1,151950,524494,7579,118677,4.154210492966671,0.18451858059520718
2163,0.2633,54,742,54,152692,523752,7633,118623,4.148333544544418,0.18466316403969643
2164,0.2634,1,3,1,152695,523749,7634,118622,4.148309783297427,0.18466275719171632
2165,0.2635,1,26,1,152721,523723,7635,118621,4.148103852490179,0.18466896242511802
2166,0.2636,1,9,1,152730,523714,7636,118620,4.148032568749208,0.1846702805705443
2167,0.2637,4,31,4,152761,523683,7640,118616,4.147787035863642,0.18467411594911404
2168,0.2638,4,31,4,152792,523652,7644,118612,4.1475415029780764,0.1846779517456996
2169,0.2639,0,7,0,152799,523645,7644,118612,4.147486060068433,0.18467996456247265
2170,0.264,9,128,9,152927,523517,7653,118603,4.146472246863516,0.18470535102473057
2171,0.2641,0,2,0,152929,523515,7653,118603,4.146456406032189,0.18470592632506797
2172,0.2642,10,104,10,153033,523411,7663,118593,4.1456326828031935,0.18472314814237917
2173,0.2643,4,48,4,153081,523363,7667,118589,4.14525250285135,0.18473188026519116
2174,0.2644,2,14,2,153095,523349,7669,118587,4.145141617032062,0.18473336905859775
2175,0.2645,1,24,1,153119,523325,7670,118586,4.14495152705614,0.18473900587464617
2176,0.2646,2,10,2,153129,523315,7672,118584,4.144872322899506,0.18473934372853051
2177,0.2647,6,37,6,153166,523278,7678,118578,4.144579267519959,0.18474237212084954
2178,0.2648,3,24,3,153190,523254,7681,118575,4.144389177544038,0.18474546958769392
2179,0.2649,2,4,2,153194,523250,7683,118573,4.144357495881384,0.18474408053310648
2180,0.265,84,1400,84,154594,521850,7767,118489,4.133268913952604,0.1850410485695858
2181,0.2651,0,4,0,154598,521846,7767,118489,4.13323723228995,0.18504220447109715
2182,0.2652,1,28,1,154626,521818,7768,118488,4.133015460651375,0.1850490234356698
2183,0.2653,3,44,3,154670,521774,7771,118485,4.132666962362185,0.18505792187224232
2184,0.2654,1,8,1,154678,521766,7772,118484,4.1326035990368775,0.1850589613432253
2185,0.2655,3,22,3,154700,521744,7775,118481,4.132429349892282,0.1850615018157679
2186,0.2656,0,7,0,154707,521737,7775,118481,4.132373906982639,0.18506352523671624
2187,0.2657,2,54,2,154761,521683,7777,118479,4.131946204536814,0.18507658998815923
2188,0.2658,8,108,8,154869,521575,7785,118471,4.131090799645166,0.18509763360758447
2189,0.2659,0,7,0,154876,521568,7785,118471,4.131035356735522,0.18509965798959127
2190,0.266,16,121,16,154997,521447,7801,118455,4.1300769864402485,0.18511428312460346
2191,0.2661,1,6,1,155003,521441,7802,118454,4.130029463946268,0.1851147453879152
2192,0.2662,1,19,1,155022,521422,7803,118453,4.129878976048663,0.18511896854854465
2193,0.2663,1,29,1,155051,521393,7804,118452,4.129649283994424,0.18512608522376514
2194,0.2664,1,12,1,155063,521381,7805,118451,4.129554239006463,0.18512828367446454
2195,0.2665,0,38,0,155101,521343,7805,118451,4.129253263211253,0.18513927920549428
2196,0.2666,0,2,0,155103,521341,7805,118451,4.129237422379926,0.185139857953835
2197,0.2667,57,705,57,155808,520636,7862,118394,4.123653529337219,0.1852714270065568
2198,0.2668,4,20,4,155828,520616,7866,118390,4.123495121023951,0.18527212577033705
2199,0.2669,0,3,0,155831,520613,7866,118390,4.123471359776961,0.18527299558844013
2200,0.267,5,71,5,155902,520542,7871,118385,4.122909010264859,0.18528720808480467
2201,0.2671,3,19,3,155921,520523,7874,118382,4.122758522367254,0.18528889271487936
2202,0.2672,0,15,0,155936,520508,7874,118382,4.122639716132302,0.1852932429682731
2203,0.2673,3,47,3,155983,520461,7877,118379,4.122267456596123,0.18530304927681424
2204,0.2674,2,7,2,155990,520454,7879,118377,4.122212013686478,0.1853025291509022
2205,0.2675,31,349,31,156339,520105,7910,118346,4.119447788619947,0.18536426444629267
2206,0.2676,0,6,0,156345,520099,7910,118346,4.119400266125966,0.18536600646884227
2207,0.2677,0,24,0,156369,520075,7910,118346,4.119210176150045,0.18537297488647772
2208,0.2678,4,9,4,156378,520066,7914,118342,4.119138892409073,0.18537048407914689
2209,0.2679,0,9,0,156387,520057,7914,118342,4.119067608668103,0.185373097388937
2210,0.268,4,83,4,156470,519974,7918,118338,4.11841021416804,0.18539209665492737
2211,0.2681,0,10,0,156480,519964,7918,118338,4.1183310100114054,0.18539500111232615
2212,0.2682,4,20,4,156500,519944,7922,118334,4.118172601698137,0.18539570531962563
2213,0.2683,27,373,27,156873,519571,7949,118307,4.115218286655684,0.18546963525940696
2214,0.2684,0,5,0,156878,519566,7949,118307,4.115178684577367,0.1854710890725897
2215,0.2685,0,36,0,156914,519530,7949,118307,4.114893549613484,0.18548155720035056
2216,0.2686,1,12,1,156926,519518,7950,118306,4.114798504625523,0.1854837698173791
2217,0.2687,5,39,5,156965,519479,7955,118301,4.114489608414649,0.18548872652011666
2218,0.2688,0,19,0,156984,519460,7955,118301,4.1143391205170445,0.18549425254915242
2219,0.2689,0,6,0,156990,519454,7955,118301,4.1142915980230645,0.18549599767935962
2220,0.269,4,73,4,157063,519381,7959,118297,4.113713407679635,0.18551212367370365
2221,0.2691,1,9,1,157072,519372,7960,118296,4.113642123938664,0.1855134646869531
2222,0.2692,14,112,14,157184,519260,7974,118282,4.112755037384362,0.18552816912454395
2223,0.2693,5,58,5,157242,519202,7979,118277,4.112295653275884,0.18553866088137805
2224,0.2694,0,4,0,157246,519198,7979,118277,4.11226397161323,0.18553982509118006
2225,0.2695,6,26,6,157272,519172,7985,118271,4.112058040805982,0.1855397266892883
2226,0.2696,6,9,6,157281,519163,7991,118265,4.111986757065011,0.18553467999523082
2227,0.2697,3,22,3,157303,519141,7994,118262,4.1118125079204155,0.18553725037378235
2228,0.2698,2,19,2,157322,519122,7996,118260,4.111662020022811,0.18554022548487406
2229,0.2699,1,7,1,157329,519115,7997,118259,4.111606577113167,0.18554098535553692
2230,0.27,304,4826,304,162155,514289,8301,117955,4.0733826511215305,0.18656562972523266
2231,0.2701,0,6,0,162161,514283,8301,117955,4.0733351286275505,0.18656740025117124
2232,0.2702,3,26,3,162187,514257,8304,117952,4.073129197820301,0.18657121300076399
2233,0.2703,2,29,2,162216,514228,8306,117950,4.072899505766062,0.18657719819417948
2234,0.2704,0,4,0,162220,514224,8306,117950,4.072867824103409,0.1865783787374995
2235,0.2705,0,25,0,162245,514199,8306,117950,4.072669813711824,0.1865857574717353
2236,0.2706,1,7,1,162252,514192,8307,117949,4.07261437080218,0.18658653686440207
2237,0.2707,2,44,2,162296,514148,8309,117947,4.07226587251299,0.1865969514076207
2238,0.2708,7,118,7,162414,514030,8316,117940,4.071331263464707,0.18662278272702817
2239,0.271,4,73,4,162487,513957,8320,117936,4.070753073121278,0.18663919366095208
2240,0.2711,1,5,1,162492,513952,8321,117935,4.070713471042961,0.18663938330745847
2241,0.2712,3,21,3,162513,513931,8324,117932,4.0705471423140285,0.18664172455104983
2242,0.2713,4,31,4,162544,513900,8328,117928,4.070301609428463,0.18664573269940554
2243,0.2714,0,12,0,162556,513888,8328,117928,4.070206564440502,0.1866492776377933
2244,0.2715,1,23,1,162579,513865,8329,117927,4.070024394880243,0.18665478511915315
2245,0.2716,0,3,0,162582,513862,8329,117927,4.070000633633253,0.1866556714346087
2246,0.2717,38,397,38,162979,513465,8367,117889,4.066856228614878,0.18672408822942438
2247,0.2718,0,17,0,162996,513448,8367,117889,4.0667215815486,0.18672911614557677
2248,0.2719,3,3,3,162999,513445,8370,117886,4.066697820301609,0.18672613890336448
2249,0.272,11,116,11,163115,513329,8381,117875,4.065779052084653,0.18674628170924137
2250,0.2721,1,13,1,163128,513316,8382,117874,4.065676086681029,0.18674883949365484
2251,0.2722,1,15,1,163143,513301,8383,117873,4.065557280446078,0.1867519891503769
2252,0.2723,1,32,1,163175,513269,8384,117872,4.065303827144849,0.1867601692807154
2253,0.2724,1,9,1,163184,513260,8385,117871,4.065232543403877,0.18676154395838582
2254,0.2725,22,362,22,163546,512898,8407,117849,4.062365352933722,0.18684036547141722
2255,0.2726,1,9,1,163555,512889,8408,117848,4.062294069192752,0.1868417422792701
2256,0.2727,7,47,7,163602,512842,8415,117841,4.061921809656571,0.18684664086395225
2257,0.2728,5,22,5,163624,512820,8420,117836,4.061747560511976,0.1868467119951289
2258,0.2729,4,17,4,163641,512803,8424,117832,4.061612913445698,0.18684659113433286
2259,0.273,4,42,4,163683,512761,8428,117828,4.0612802559878345,0.18685387788242422
2260,0.2731,1,10,1,163693,512751,8429,117827,4.0612010518312,0.18685555157331846
2261,0.2732,0,24,0,163717,512727,8429,117827,4.0610109618552785,0.18686266362595433
2262,0.2733,48,801,48,164518,511926,8477,117779,4.054666708908884,0.18703837511215568
2263,0.2734,2,2,2,164520,511924,8479,117777,4.054650868077557,0.1870363871107081
2264,0.2735,2,30,2,164550,511894,8481,117775,4.054413255607654,0.18704271609369366
2265,0.2736,0,3,0,164553,511891,8481,117775,4.054389494360664,0.18704360724574615
2266,0.2737,2,29,2,164582,511862,8483,117773,4.054159802306425,0.18704963987071874
2267,0.2738,1,31,1,164613,511831,8484,117772,4.05391426942086,0.1870575584932092
2268,0.2739,1,4,1,164617,511827,8485,117771,4.053882587758205,0.1870574557098339
2269,0.274,14,166,14,164783,511661,8499,117757,4.052567798758079,0.18708870734551603
2270,0.2741,0,3,0,164786,511658,8499,117757,4.052544037511089,0.1870895990721543
2271,0.2742,11,141,11,164927,511517,8510,117746,4.051427258902547,0.18711731025024514
2272,0.2743,4,59,4,164986,511458,8514,117742,4.050959954378405,0.18712968849332487
2273,0.2744,0,4,0,164990,511454,8514,117742,4.050928272715752,0.1871308781365425
2274,0.2745,2,39,2,165029,511415,8516,117740,4.050619376504879,0.1871398939847891
2275,0.2746,1,10,1,165039,511405,8517,117739,4.050540172348245,0.18714157649123253
2276,0.2747,3,30,3,165069,511375,8520,117736,4.050302559878342,0.1871466243635861
2277,0.2748,0,19,0,165088,511356,8520,117736,4.050152071980738,0.18715227661454922
2278,0.2749,2,7,2,165095,511349,8522,117734,4.050096629071094,0.18715177488503107
2279,0.275,94,1474,94,166569,509875,8616,117640,4.038421936383221,0.18746962224010583
2280,0.2751,2,8,2,166577,509867,8618,117638,4.038358573057914,0.18746942255440197
2281,0.2752,1,24,1,166601,509843,8619,117637,4.038168483081992,0.18747529801746668
2282,0.2753,3,33,3,166634,509810,8622,117634,4.0379071093651,0.18748127322916466
2283,0.2754,2,10,2,166644,509800,8624,117632,4.037827905208466,0.18748167132055746
2284,0.2755,2,22,2,166666,509778,8626,117630,4.0376536560638705,0.1874856552673858
2285,0.2756,2,11,2,166677,509767,8628,117628,4.0375665314915725,0.1874863522979941
2286,0.2757,7,65,7,166742,509702,8635,117621,4.037051704473451,0.18749671222002062
2287,0.2758,8,139,8,166881,509563,8643,117613,4.035950766696236,0.18752790285342552
2288,0.2759,0,2,0,166883,509561,8643,117613,4.035934925864909,0.18752850086259953
2289,0.276,10,153,10,167036,509408,8653,117603,4.034723102268407,0.18756130275226432
2290,0.2761,0,10,0,167046,509398,8653,117603,4.0346438981117725,0.1875642941558307
2291,0.2762,0,24,0,167070,509374,8653,117603,4.034453808135851,0.18757147391371615
2292,0.2763,0,16,0,167086,509358,8653,117603,4.0343270814852366,0.18757626072435127
2293,0.2764,1,7,1,167093,509351,8654,117602,4.034271638575593,0.18757705920539497
2294,0.2765,4,43,4,167136,509308,8658,117598,4.0339310607020655,0.18758474157210173
2295,0.2766,1,6,1,167142,509302,8659,117597,4.0338835382080855,0.18758524100373425
2296,0.2767,60,718,60,167860,508584,8719,117537,4.028196679761754,0.1877225009223457
2297,0.2768,3,18,3,167878,508566,8722,117534,4.028054112279812,0.1877240057498802
2298,0.2769,1,6,1,167884,508560,8723,117533,4.028006589785832,0.18772450738149124
2299,0.277,3,65,3,167949,508495,8726,117530,4.02749176276771,0.1877401062257897
2300,0.2771,0,18,0,167967,508477,8726,117530,4.027349195285769,0.18774550444324106
2301,0.2772,0,11,0,167978,508466,8726,117530,4.027262070713471,0.18774880350673168
2302,0.2773,4,48,4,168026,508418,8730,117526,4.0268818907616275,0.187758010301241
2303,0.2774,1,5,1,168031,508413,8731,117525,4.02684228868331,0.18775821247471794
2304,0.2775,25,407,25,168438,508006,8756,117500,4.0236186795083,0.18784791832532383
2305,0.2776,2,12,2,168450,507994,8758,117498,4.023523634520339,0.18784892532598338
2306,0.2777,1,32,1,168482,507962,8759,117497,4.02327018121911,0.18785723764467374
2307,0.2778,1,14,1,168496,507948,8760,117496,4.0231592953998225,0.18786014415359328
2308,0.2779,1,13,1,168509,507935,8761,117495,4.023056329996198,0.18786275042770573
2309,0.278,14,77,14,168586,507858,8775,117481,4.022446457990116,0.18786770055921667
2310,0.2781,0,12,0,168598,507846,8775,117481,4.022351413002155,0.18787130573284058
2311,0.2782,3,16,3,168614,507830,8778,117478,4.02222468635154,0.18787221657167347
2312,0.2783,29,420,29,169034,507410,8807,117449,4.018898111772906,0.18796080395737277
2313,0.2784,0,1,0,169035,507409,8807,117449,4.018890191357243,0.18796110476300215
2314,0.2785,2,29,2,169064,507380,8809,117447,4.018660499303003,0.18796722932907828
2315,0.2786,0,8,0,169072,507372,8809,117447,4.018597135977696,0.1879696360065875
2316,0.2787,2,41,2,169113,507331,8811,117445,4.018272398935496,0.1879793718068556
2317,0.2788,4,43,4,169156,507288,8815,117441,4.017931821061969,0.18798711121142128
2318,0.2789,0,2,0,169158,507286,8815,117441,4.017915980230643,0.18798771303305284
2319,0.279,9,91,9,169249,507195,8824,117432,4.017195222405272,0.18800340042937624
2320,0.2791,0,2,0,169251,507193,8824,117432,4.017179381573945,0.18800400240144086
2321,0.2792,6,126,6,169377,507067,8830,117426,4.016181409200355,0.188034133288924
2322,0.2793,6,56,6,169433,507011,8836,117420,4.015737865923204,0.1880431945242949
2323,0.2794,1,11,1,169444,507000,8837,117419,4.015650741350906,0.18804520682426384
2324,0.2795,3,26,3,169470,506974,8840,117416,4.0154448105436575,0.18804913595669373
2325,0.2796,0,15,0,169485,506959,8840,117416,4.015326004308706,0.18805365365365365
2326,0.2797,1,17,1,169502,506942,8841,117415,4.015191357242428,0.1880574735287664
2327,0.2798,2,22,2,169524,506920,8843,117413,4.015017108097833,0.18806149923198037
2328,0.2799,1,1,1,169525,506919,8844,117412,4.015009187682169,0.18806049995915627
2329,0.28,313,4804,313,174329,502115,9157,117099,3.9769595108351288,0.1891090963705601
2330,0.2801,0,4,0,174333,502111,9157,117099,3.976927829172475,0.18911031798582065
2331,0.2802,6,18,6,174351,502093,9163,117093,3.9767852616905337,0.18910795786726445
2332,0.2803,2,22,2,174373,502071,9165,117091,3.9766110125459386,0.18911205791053068
2333,0.2804,2,14,2,174387,502057,9167,117089,3.9765001267266507,0.18911371469734117
2334,0.2805,3,22,3,174409,502035,9170,117086,3.9763258775820556,0.1891165054973099
2335,0.2806,2,5,2,174414,502030,9172,117084,3.9762862755037385,0.189115413316449
2336,0.2807,4,68,4,174482,501962,9176,117080,3.975747687238626,0.18913094749629267
2337,0.2808,13,116,13,174598,501846,9189,117067,3.9748289190216703,0.18914936348081232
2338,0.2809,2,7,2,174605,501839,9191,117065,3.974773476112026,0.18914888254074946
2339,0.281,6,83,6,174688,501756,9197,117059,3.974116081611963,0.18916639060139137
2340,0.2811,0,9,0,174697,501747,9197,117059,3.974044797870992,0.18916914186352426
2341,0.2812,0,23,0,174720,501724,9197,117059,3.9738626283107337,0.18917617323035701
2342,0.2813,2,30,2,174750,501694,9199,117057,3.9736250158408315,0.18918272455317245
2343,0.2814,2,7,2,174757,501687,9201,117055,3.9735695729311873,0.18918224397244732
2344,0.2815,2,54,2,174811,501633,9203,117053,3.973141870485363,0.18919613503457328
2345,0.2816,0,3,0,174814,501630,9203,117053,3.973118109238373,0.18919705244850757
2346,0.2817,42,402,42,175216,501228,9245,117011,3.9699341021416803,0.18926499298814858
2347,0.2818,0,20,0,175236,501208,9245,117011,3.9697756938284123,0.18927111589905843
2348,0.2819,1,11,1,175247,501197,9246,117010,3.9696885692561144,0.1892731722546008
2349,0.282,7,114,7,175361,501083,9253,117003,3.968785641870485,0.18929890015305315
2350,0.2821,2,13,2,175374,501070,9255,117001,3.968682676466861,0.18930025838455453
2351,0.2822,1,17,1,175391,501053,9256,117000,3.968548029400583,0.1893041535272865
2352,0.2823,3,29,3,175420,501024,9259,116997,3.9683183373463438,0.1893091011470484
2353,0.2824,1,9,1,175429,501015,9260,116996,3.9682470536053733,0.18931054625241298
2354,0.2825,31,402,31,175831,500613,9291,116965,3.9650630465086807,0.189393080712072
2355,0.2826,0,9,0,175840,500604,9291,116965,3.9649917627677103,0.18939584078864063
2356,0.2827,3,40,3,175880,500564,9294,116962,3.9646749461411734,0.18940417083653158
2357,0.2828,1,17,1,175897,500547,9295,116961,3.9645402990748955,0.18940807244602498
2358,0.2829,5,16,5,175913,500531,9300,116956,3.964413572424281,0.18940641665330607
2359,0.283,5,69,5,175982,500462,9305,116951,3.963867063743505,0.18942101964163371
2360,0.2831,0,9,0,175991,500453,9305,116951,3.9637957800025347,0.18942378086309775
2361,0.2832,4,16,4,176007,500437,9309,116947,3.96366905335192,0.18942343824912858
2362,0.2833,66,817,66,176824,499620,9375,116881,3.9571980737549106,0.18958768923326969
2363,0.2834,1,4,1,176828,499616,9376,116880,3.957166392092257,0.18958760478575692
2364,0.2835,5,25,5,176853,499591,9381,116875,3.9569683817006718,0.18958872022139095
2365,0.2836,3,15,3,176868,499576,9384,116872,3.9568495754657205,0.18958938953488372
2366,0.2837,3,30,3,176898,499546,9387,116869,3.956611962995818,0.18959467242036615
2367,0.2838,5,31,5,176929,499515,9392,116864,3.9563664301102524,0.18959763392328421
2368,0.2839,2,13,2,176942,499502,9394,116862,3.9562634647066277,0.1895990031864288
2369,0.284,12,165,12,177107,499337,9406,116850,3.9549565961221647,0.18963399098001094
2370,0.2841,0,2,0,177109,499335,9406,116850,3.9549407552908376,0.18963460648993402
2371,0.2842,9,125,9,177234,499210,9415,116841,3.953950703332911,0.18966124557869396
2372,0.2843,5,66,5,177300,499144,9420,116836,3.9534279558991257,0.18967498944770933
2373,0.2844,0,11,0,177311,499133,9420,116836,3.953340831326828,0.18967837667155327
2374,0.2845,4,32,4,177343,499101,9424,116832,3.953087378025599,0.18968296876445978
2375,0.2846,0,8,0,177351,499093,9424,116832,3.9530240147002913,0.18968543247960384
2376,0.2847,3,36,3,177387,499057,9427,116829,3.9527388797364087,0.18969257297616768
2377,0.2848,0,31,0,177418,499026,9427,116829,3.9524933468508427,0.1897021214409236
2378,0.2849,1,1,1,177419,499025,9428,116828,3.9524854264351794,0.18970111373980478
2379,0.285,119,1581,119,179000,497444,9547,116709,3.939963249271322,0.19003245119701442
2380,0.2851,0,5,0,179005,497439,9547,116709,3.939923647193005,0.19003399831962328
2381,0.2852,2,22,2,179027,497417,9549,116707,3.9397493980484097,0.19003816818753216
2382,0.2853,2,51,2,179078,497366,9551,116705,3.9393454568495754,0.1900513132846202
2383,0.2854,1,7,1,179085,497359,9552,116704,3.9392900139399316,0.1900521607717775
2384,0.2855,4,35,4,179120,497324,9556,116700,3.939012799391712,0.19005771761364376
2385,0.2856,1,4,1,179124,497320,9557,116699,3.9389811177290586,0.19005763665293746
2386,0.2857,3,68,3,179192,497252,9560,116696,3.9384425294639462,0.19007472945591483
2387,0.2858,15,123,15,179315,497129,9575,116681,3.9374683183373462,0.1900930255290725
2388,0.2859,0,1,0,179316,497128,9575,116681,3.937460397921683,0.19009333522317204
2389,0.286,6,136,6,179452,496992,9581,116675,3.9363832213914587,0.1901275447433217
2390,0.2861,1,5,1,179457,496987,9582,116674,3.9363436193131416,0.19012777412936457
2391,0.2862,2,27,2,179484,496960,9584,116672,3.9361297680902294,0.19013350020859407
2392,0.2863,7,33,7,179517,496927,9591,116665,3.935868394373337,0.1901344867599317
2393,0.2864,1,8,1,179525,496919,9592,116664,3.9358050310480293,0.19013564587024087
2394,0.2865,3,31,3,179556,496888,9595,116661,3.9355594981624638,0.19014129270848784
2395,0.2866,0,2,0,179558,496886,9595,116661,3.9355436573311366,0.19014191251851936
2396,0.2867,60,832,60,180390,496054,9655,116601,3.9289538714991763,0.19032081677289828
2397,0.2868,4,17,4,180407,496037,9659,116597,3.9288192244328983,0.19032081144696508
2398,0.2869,0,7,0,180414,496030,9659,116597,3.9287637815232546,0.19032298609104725
2399,0.287,2,46,2,180460,495984,9661,116595,3.9283994424027373,0.19033463439001336
2400,0.2871,5,15,5,180475,495969,9666,116590,3.928280636167786,0.19033268632082787
2401,0.2872,2,11,2,180486,495958,9668,116588,3.9281935115954885,0.1903334606707088
2402,0.2873,4,43,4,180529,495915,9672,116584,3.9278529337219616,0.19034153525148612
2403,0.2874,0,11,0,180540,495904,9672,116584,3.927765809149664,0.190344953697052
2404,0.2875,32,377,32,180917,495527,9704,116552,3.924779812444557,0.19041986410250963
2405,0.2876,1,10,1,180927,495517,9705,116551,3.9247006082879228,0.19042165249612789
2406,0.2877,4,32,4,180959,495485,9709,116547,3.9244471549866935,0.19042631757816586
2407,0.2878,1,16,1,180975,495469,9710,116546,3.924320428336079,0.1904299731215738
2408,0.2879,1,5,1,180980,495464,9711,116545,3.924280826257762,0.19043020609174047
2409,0.288,10,96,10,181076,495368,9721,116535,3.9235204663540744,0.19044685187031277
2410,0.2881,0,3,0,181079,495365,9721,116535,3.923496705107084,0.19044778558588005
2411,0.2882,1,26,1,181105,495339,9722,116534,3.923290774299835,0.19045455511192683
2412,0.2883,41,397,41,181502,494942,9763,116493,3.92014636928146,0.19052393140726323
2413,0.2884,0,3,0,181505,494939,9763,116493,3.9201226080344695,0.19052486621570347
2414,0.2885,2,47,2,181552,494892,9765,116491,3.9197503484982894,0.19053686478034226
2415,0.2886,1,12,1,181564,494880,9766,116490,3.919655303510328,0.19053928063202316
2416,0.2887,3,48,3,181612,494832,9769,116487,3.919275123558484,0.1905502691720689
2417,0.2888,2,20,2,181632,494812,9771,116485,3.919116715245216,0.19055385516369294
2418,0.2889,0,7,0,181639,494805,9771,116485,3.919061272335572,0.1905560372327373
2419,0.289,5,88,5,181727,494717,9776,116480,3.9183642757571917,0.19057685165339489
2420,0.2891,1,2,1,181729,494715,9777,116479,3.918348434925865,0.19057615094389016
2421,0.2892,13,144,13,181873,494571,9790,116466,3.9172078950703333,0.19060384232051414
2422,0.2893,10,61,10,181934,494510,9800,116456,3.916724749714865,0.19060962475816984
2423,0.2894,0,8,0,181942,494502,9800,116456,3.9166613863895576,0.19061212063677044
2424,0.2895,2,31,2,181973,494471,9802,116454,3.9164158535039917,0.19061914310267217
2425,0.2896,1,13,1,181986,494458,9803,116453,3.9163128881003675,0.19062187454473728
2426,0.2897,1,40,1,182026,494418,9804,116452,3.915996071473831,0.19063303157791348
2427,0.2898,2,25,2,182051,494393,9806,116450,3.9157980610822456,0.1906381836249249
2428,0.2899,1,9,1,182060,494384,9807,116449,3.9157267773412747,0.19063966747048702
2429,0.29,332,4878,332,186938,489506,10139,116117,3.8770909897351413,0.19173148972215387
2430,0.2901,0,3,0,186941,489503,10139,116117,3.877067228488151,0.19173243948350452
2431,0.2902,2,21,2,186962,489482,10141,116115,3.876900899759219,0.1917364187735408
2432,0.2903,6,31,6,186993,489451,10147,116109,3.8766553668736536,0.19173822577448973
2433,0.2904,0,9,0,187002,489442,10147,116109,3.8765840831326828,0.19174107548332014
2434,0.2905,4,22,4,187024,489420,10151,116105,3.8764098339880877,0.19174270261343462
2435,0.2906,1,7,1,187031,489413,10152,116104,3.876354391078444,0.1917435844080348
2436,0.2907,6,60,6,187091,489353,10158,116098,3.875879166138639,0.19175457634061222
2437,0.2908,8,151,8,187242,489202,10166,116090,3.8746831833734636,0.19179173027233137
2438,0.2909,0,1,0,187243,489201,10166,116090,3.8746752629578,0.19179204713104936
2439,0.291,11,71,11,187314,489130,10177,116079,3.8741129134456975,0.19179985756986428
2440,0.2911,1,11,1,187325,489119,10178,116078,3.8740257888734,0.19180200827168675
2441,0.2912,1,28,1,187353,489091,10179,116077,3.8738040172348245,0.1918095471009703
2442,0.2913,2,35,2,187388,489056,10181,116075,3.873526802686605,0.1918179699932742
2443,0.2914,2,9,2,187397,489047,10183,116073,3.8734555189456343,0.19181815177154946
2444,0.2915,4,36,4,187433,489011,10187,116069,3.8731703839817513,0.19182422159053347
2445,0.2916,0,1,0,187434,489010,10187,116069,3.873162463566088,0.19182453861396612
2446,0.2917,32,427,32,187861,488583,10219,116037,3.8697804460778102,0.19191723727299792
2447,0.2918,1,19,1,187880,488564,10220,116036,3.869629958180205,0.19192193185577242
2448,0.2919,1,6,1,187886,488558,10221,116035,3.8695824356862247,0.19192249992970478
2449,0.292,9,102,9,187988,488456,10230,116026,3.8687745532885565,0.19194285355064336
2450,0.2921,1,14,1,188002,488442,10231,116025,3.868663667469269,0.1919459623105976
2451,0.2922,3,18,3,188020,488424,10234,116022,3.868521099987327,0.19194766778173733
2452,0.2923,1,36,1,188056,488388,10235,116021,3.8682359650234446,0.19195776369974638
2453,0.2924,1,7,1,188063,488381,10236,116020,3.8681805221138004,0.191958649969143
2454,0.2925,35,366,35,188429,488015,10271,115985,3.865281649980991,0.19202814569536425
2455,0.2926,0,12,0,188441,488003,10271,115985,3.86518660499303,0.19203196089988542
2456,0.2927,3,46,3,188487,487957,10274,115982,3.864822265872513,0.19204257383609935
2457,0.2928,2,6,2,188493,487951,10276,115980,3.8647747433785327,0.19204180610036578
2458,0.2929,1,20,1,188513,487931,10277,115979,3.8646163350652643,0.1920468281697604
2459,0.293,7,76,7,188589,487855,10284,115972,3.864014383474845,0.1920616335473571
2460,0.2931,1,4,1,188593,487851,10285,115971,3.863982701812191,0.192061567813031
2461,0.2932,2,20,2,188613,487831,10287,115969,3.8638242934989226,0.19206525339516395
2462,0.2933,67,791,67,189404,487040,10354,115902,3.8575592447091624,0.19222744476251447
2463,0.2934,1,6,1,189410,487034,10355,115901,3.857511722215182,0.1922280179455497
2464,0.2935,1,19,1,189429,487015,10356,115900,3.857361234317577,0.192232735957805
2465,0.2936,3,11,3,189440,487004,10359,115897,3.8572741097452794,0.19223222386428285
2466,0.2937,5,30,5,189470,486974,10364,115892,3.8570364972753772,0.192235090384928
2467,0.2938,0,25,0,189495,486949,10364,115892,3.8568384868837917,0.19224306243271444
2468,0.2939,1,6,1,189501,486943,10365,115891,3.8567909643898113,0.19224363589313145
2469,0.294,8,141,8,189642,486802,10373,115883,3.85567418578127,0.1922778897765831
2470,0.2941,1,3,1,189645,486799,10374,115882,3.8556504245342795,0.19227750667434348
2471,0.2942,13,137,13,189782,486662,10387,115869,3.854565327588392,0.19230379847675888
2472,0.2943,1,41,1,189823,486621,10388,115868,3.854240590546192,0.1923155443501873
2473,0.2944,0,8,0,189831,486613,10388,115868,3.8541772272208847,0.19231809799811114
2474,0.2945,5,34,5,189865,486579,10393,115863,3.8539079330883284,0.19232224844881332
2475,0.2946,2,11,2,189876,486568,10395,115861,3.853820808516031,0.1923230787362494
2476,0.2947,1,37,1,189913,486531,10396,115860,3.8535277531364844,0.19233355080006176
2477,0.2948,2,24,2,189937,486507,10398,115858,3.8533376631605627,0.19233853228524234
2478,0.2949,0,4,0,189941,486503,10398,115858,3.853305981497909,0.19233980951622034
2479,0.295,114,1600,114,191541,484903,10512,115744,3.840633316436447,0.19269887304856265
2480,0.2951,1,3,1,191544,484900,10513,115743,3.8406095551894563,0.1926984914499961
2481,0.2952,2,21,2,191565,484879,10515,115741,3.8404432264605246,0.19270254070793513
2482,0.2953,4,43,4,191608,484836,10519,115737,3.840102648586998,0.19271096103221425
2483,0.2954,0,1,0,191609,484835,10519,115737,3.8400947281713345,0.19271128191124462
2484,0.2955,2,30,2,191639,484805,10521,115735,3.839857115701432,0.19271822026842508
2485,0.2956,0,16,0,191655,484789,10521,115735,3.839730389050817,0.19272335493668863
2486,0.2957,7,55,7,191710,484734,10528,115728,3.8392947661893295,0.19273159667056367
2487,0.2958,14,147,14,191857,484587,10542,115714,3.8381304650868078,0.19275996541734897
2488,0.2959,0,6,0,191863,484581,10542,115714,3.8380829425928273,0.19276189206973238
2489,0.296,15,155,15,192018,484426,10557,115699,3.836855278164998,0.19279150177046447
2490,0.2961,0,10,0,192028,484416,10557,115699,3.836776074008364,0.19279471434641693
2491,0.2962,3,25,3,192053,484391,10560,115696,3.8365780636167788,0.1927987108535929
2492,0.2963,5,30,5,192083,484361,10565,115691,3.836340451146876,0.19280162385926553
2493,0.2964,1,15,1,192098,484346,10566,115690,3.836221644911925,0.192805098360765
2494,0.2965,5,33,5,192131,484313,10571,115685,3.8359602711950322,0.1928089760299201
2495,0.2966,0,3,0,192134,484310,10571,115685,3.8359365099480423,0.19280994008283403
2496,0.2967,64,794,64,192928,483516,10635,115621,3.829647699911291,0.19297923513319992
2497,0.2968,4,30,4,192958,483486,10639,115617,3.829410087441389,0.1929835103479702
2498,0.2969,0,6,0,192964,483480,10639,115617,3.8293625649474086,0.19298544309185323
2499,0.297,3,53,3,193017,483427,10642,115614,3.8289427829172475,0.1929984758973092
2500,0.2971,2,28,2,193045,483399,10644,115612,3.828721011278672,0.19300480291680788
2501,0.2972,0,11,0,193056,483388,10644,115612,3.8286338867063745,0.19300834724540902
2502,0.2973,8,47,8,193103,483341,10652,115604,3.828261627170194,0.1930127140221556
2503,0.2974,1,10,1,193113,483331,10653,115603,3.8281824230135597,0.19301458925357384
2504,0.2975,34,429,34,193542,482902,10687,115569,3.8247845646939553,0.193107101263052
2505,0.2976,0,8,0,193550,482894,10687,115569,3.824721201368648,0.19310968263702183
2506,0.2977,4,39,4,193589,482855,10691,115565,3.8244123051577747,0.19311687443601483
2507,0.2978,1,13,1,193602,482842,10692,115564,3.82430933975415,0.19311972139316785
2508,0.2979,3,16,3,193618,482826,10695,115561,3.8241826131035355,0.19312083985781778
2509,0.298,10,101,10,193719,482725,10705,115551,3.823382651121531,0.19313995547205637
2510,0.2981,1,2,1,193721,482723,10706,115550,3.823366810290204,0.19313925248172656
2511,0.2982,2,22,2,193743,482701,10708,115548,3.823192561145609,0.1931436575740202
2512,0.2983,44,445,44,194188,482256,10752,115504,3.81966797617539,0.19322805139186294
2513,0.2984,1,1,1,194189,482255,10753,115503,3.8196600557597264,0.19322702498335448
2514,0.2985,1,40,1,194229,482215,10754,115502,3.8193432391331896,0.19323860623003863
2515,0.2986,1,10,1,194239,482205,10755,115501,3.8192640349765554,0.19324048947141237
2516,0.2987,1,25,1,194264,482180,10756,115500,3.8190660245849704,0.19324722259403024
2517,0.2988,3,33,3,194297,482147,10759,115497,3.8188046508680777,0.1932538434251829
2518,0.2989,0,8,0,194305,482139,10759,115497,3.81874128754277,0.19325643033552195
2519,0.299,7,82,7,194387,482057,10766,115490,3.8180918134583703,0.19327349982511835
2520,0.2991,1,8,1,194395,482049,10767,115489,3.818028450133063,0.19327473733888054
2521,0.2992,10,125,10,194520,481924,10777,115479,3.817038398175136,0.1933016740793066
2522,0.2993,4,61,4,194581,481863,10781,115475,3.816555252819668,0.1933160120400845
2523,0.2994,0,4,0,194585,481859,10781,115475,3.8165235711570142,0.19331730656550605
2524,0.2995,3,32,3,194617,481827,10784,115472,3.816270117855785,0.19332361179241886
2525,0.2996,1,14,1,194631,481813,10785,115471,3.8161592320364974,0.19332679261456862
2526,0.2997,3,28,3,194659,481785,10788,115468,3.8159374603979215,0.1933318041098161
2527,0.2998,0,23,0,194682,481762,10788,115468,3.815755290837663,0.1933392495353549
2528,0.2999,1,11,1,194693,481751,10789,115467,3.8156681662653655,0.1933414599024142
2529,0.3,314,4889,314,199582,476862,11103,115153,3.7769452540869346,0.1945102742329164
2530,0.3001,1,7,1,199589,476855,11104,115152,3.7768898111772904,0.19451121354983977
2531,0.3002,2,18,2,199607,476837,11106,115150,3.776747243695349,0.1945144065663604
2532,0.3003,3,42,3,199649,476795,11109,115147,3.7764145862374856,0.19452412567447486
2533,0.3004,0,8,0,199657,476787,11109,115147,3.7763512229121785,0.19452675467197356
2534,0.3005,6,30,6,199687,476757,11115,115141,3.776113610442276,0.19452844915846987
2535,0.3006,2,6,2,199693,476751,11117,115139,3.7760660879482955,0.1945276994036054
2536,0.3007,4,41,4,199734,476710,11121,115135,3.7757413509060958,0.19453573148374997
2537,0.3008,11,161,11,199895,476549,11132,115124,3.774466163984286,0.19457369188724177
2538,0.3009,0,4,0,199899,476545,11132,115124,3.7744344823216323,0.19457500730983032
2539,0.301,5,95,5,199994,476450,11137,115119,3.7736820428336078,0.19459944655653016
2540,0.3011,1,13,1,200007,476437,11138,115118,3.7735790774299836,0.1946023615724658
2541,0.3012,3,25,3,200032,476412,11141,115115,3.773381067038398,0.19460650147837716
2542,0.3013,4,39,4,200071,476373,11145,115111,3.773072170827525,0.19461388642803526
2543,0.3014,0,17,0,200088,476356,11145,115111,3.772937523761247,0.19461948003861584
2544,0.3015,2,32,2,200120,476324,11147,115109,3.7726840704600177,0.19462728660727419
2545,0.3016,1,3,1,200123,476321,11148,115108,3.7726603092130273,0.19462691210610233
2546,0.3017,39,420,39,200543,475901,11187,115069,3.769333734634394,0.19471208352369831
2547,0.3018,3,22,3,200565,475879,11190,115066,3.7691594854897983,0.19471524422746617
2548,0.3019,0,7,0,200572,475872,11190,115066,3.7691040425801545,0.19471755074136374
2549,0.302,9,121,9,200693,475751,11199,115057,3.7681456722848816,0.19474516255704052
2550,0.3021,1,15,1,200708,475736,11200,115056,3.7680268660499303,0.19474874405882273
2551,0.3022,2,9,2,200717,475727,11202,115054,3.7679555823089594,0.19474898481840142
2552,0.3023,4,42,4,200759,475685,11206,115050,3.7676229248510964,0.19475737851997935
2553,0.3024,2,10,2,200769,475675,11208,115048,3.767543720694462,0.1947579491572192
2554,0.3025,36,406,36,201175,475269,11244,115012,3.764328031935116,0.19484279521109438
2555,0.3026,1,13,1,201188,475256,11245,115011,3.7642250665314916,0.19484572235954237
2556,0.3027,3,58,3,201246,475198,11248,115008,3.7637656824230135,0.19486077742347588
2557,0.3028,2,12,2,201258,475186,11250,115006,3.7636706374350526,0.19486201100658768
2558,0.3029,2,24,2,201282,475162,11252,115004,3.763480547459131,0.1948672068536649
2559,0.303,6,52,6,201334,475110,11258,114998,3.763068685844633,0.19487619215465643
2560,0.3031,4,7,4,201341,475103,11262,114994,3.7630132429349894,0.19487304629577848
2561,0.3032,1,39,1,201380,475064,11263,114993,3.762704346724116,0.1948845619999424
2562,0.3033,50,852,50,202232,474212,11313,114943,3.755956152578887,0.19509806417665979
2563,0.3034,1,7,1,202239,474205,11314,114942,3.7559007096692434,0.19509901603504728
2564,0.3035,3,34,3,202273,474171,11317,114939,3.7556314155366874,0.19510617711463055
2565,0.3036,0,3,0,202276,474168,11317,114939,3.755607654289697,0.19510717068376374
2566,0.3037,4,29,4,202305,474139,11321,114935,3.755377962235458,0.19511131029378312
2567,0.3038,4,37,4,202342,474102,11325,114931,3.755084906855912,0.19511810034412333
2568,0.3039,0,10,0,202352,474092,11325,114931,3.7550057026992776,0.19512141291596424
2569,0.304,14,131,14,202483,473961,11339,114917,3.7539681282473705,0.19514568382585187
2570,0.3041,0,3,0,202486,473958,11339,114917,3.75394436700038,0.1951466779876884
2571,0.3042,13,152,13,202638,473806,11352,114904,3.752740463819541,0.19517929031271763
2572,0.3043,9,50,9,202688,473756,11361,114895,3.7523444430363706,0.19518356377547988
2573,0.3044,2,5,2,202693,473751,11363,114893,3.7523048409580535,0.19518248720788797
2574,0.3045,2,28,2,202721,473723,11365,114891,3.752083069319478,0.1951890372977877
2575,0.3046,3,8,3,202729,473715,11368,114888,3.7520197059941705,0.19518758823859206
2576,0.3047,3,35,3,202764,473680,11371,114885,3.751742491445951,0.19519509315028927
2577,0.3048,2,26,2,202790,473654,11373,114883,3.7515365606387023,0.19520098141663142
2578,0.3049,2,2,2,202792,473652,11375,114881,3.7515207198073757,0.19519890983173416
2579,0.305,111,1630,111,204422,472022,11486,114770,3.7386104422760105,0.19558889691747672
2580,0.3051,0,7,0,204429,472015,11486,114770,3.7385549993663667,0.19559123017800387
2581,0.3052,2,29,2,204458,471986,11488,114768,3.738325307312128,0.19559815527461252
2582,0.3053,0,38,0,204496,471948,11488,114768,3.738024331516918,0.1956108236352852
2583,0.3054,0,12,0,204508,471936,11488,114768,3.737929286528957,0.19561482451116746
2584,0.3055,3,31,3,204539,471905,11491,114765,3.7376837536433913,0.19562104760768403
2585,0.3056,0,8,0,204547,471897,11491,114765,3.737620390318084,0.19562371518864355
2586,0.3057,4,58,4,204605,471839,11495,114761,3.7371610062096057,0.19563757245141494
2587,0.3058,25,157,25,204762,471682,11520,114736,3.7359175009504497,0.19565565859165304
2588,0.3059,0,4,0,204766,471678,11520,114736,3.7358858192877964,0.19565699318229102
2589,0.306,8,141,8,204907,471537,11528,114728,3.7347690406792546,0.19569307395119953
2590,0.3061,0,7,0,204914,471530,11528,114728,3.734713597769611,0.19569541055303297
2591,0.3062,2,26,2,204940,471504,11530,114726,3.734507666962362,0.19570134588813265
2592,0.3063,4,20,4,204960,471484,11534,114722,3.734349258649094,0.19570253460387646
2593,0.3064,0,15,0,204975,471469,11534,114722,3.7342304524141428,0.1957075424221798
2594,0.3065,2,38,2,205013,471431,11536,114720,3.733929476618933,0.19571748576731934
2595,0.3066,0,5,0,205018,471426,11536,114720,3.733889874540616,0.19571915529577955
2596,0.3067,55,846,55,205864,470580,11591,114665,3.7271892028893676,0.19592649232372766
2597,0.3068,2,28,2,205892,470552,11593,114663,3.726967431250792,0.19593311859743856
2598,0.3069,0,9,0,205901,470543,11593,114663,3.7268961475098212,0.1959361318920175
2599,0.307,8,62,8,205963,470481,11601,114655,3.72640508173869,0.1959458997566378
2600,0.3071,0,29,0,205992,470452,11601,114655,3.7261753896844505,0.19595561153771873
2601,0.3072,1,21,1,206013,470431,11602,114654,3.7260090609555188,0.1959612705846159
2602,0.3073,9,44,9,206057,470387,11611,114645,3.7256605626663286,0.1959636395957828
2603,0.3074,0,11,0,206068,470376,11611,114645,3.725573438094031,0.1959673242498987
2604,0.3075,43,446,43,206514,469930,11654,114602,3.7220409327081487,0.19605770086154395
2605,0.3076,1,13,1,206527,469917,11655,114601,3.721937967304524,0.19606068589846676
2606,0.3077,5,39,5,206566,469878,11660,114596,3.721629071093651,0.19606689091388155
2607,0.3078,3,21,3,206587,469857,11663,114593,3.7214627423647193,0.1960698092223458
2608,0.3079,0,19,0,206606,469838,11663,114593,3.7213122544671142,0.19607618350155964
2609,0.308,7,89,7,206695,469749,11670,114586,3.7206073374730706,0.19609641729487365
2610,0.3081,1,2,1,206697,469747,11671,114585,3.720591496641744,0.19609571271126688
2611,0.3082,3,15,3,206712,469732,11674,114582,3.7204726904067926,0.19609661928346744
2612,0.3083,43,417,43,207129,469315,11717,114539,3.717169877075149,0.19617746902479044
2613,0.3084,2,6,2,207135,469309,11719,114537,3.7171223545811682,0.19617673153537063
2614,0.3085,4,37,4,207172,469272,11723,114533,3.7168292992016223,0.19618365721430958
2615,0.3086,1,19,1,207191,469253,11724,114532,3.7166788113040172,0.19618866534768795
2616,0.3087,3,35,3,207226,469218,11727,114529,3.716401596755798,0.1961962973685518
2617,0.3088,3,32,3,207258,469186,11730,114526,3.7161481434545687,0.19620292198892605
2618,0.3089,1,7,1,207265,469179,11731,114525,3.7160927005449245,0.1962038978660417
2619,0.309,4,74,4,207339,469105,11735,114521,3.715506589785832,0.1962232662698372
2620,0.3091,0,7,0,207346,469098,11735,114521,3.715451146876188,0.19622561979647682
2621,0.3092,10,139,10,207485,468959,11745,114511,3.7143502090989737,0.19625859084443073
2622,0.3093,2,61,2,207546,468898,11747,114509,3.713867063743505,0.1962763559573334
2623,0.3094,1,6,1,207552,468892,11748,114508,3.7138195412495247,0.19627699691463832
2624,0.3095,1,29,1,207581,468863,11749,114507,3.713589849195286,0.19628537634777243
2625,0.3096,2,12,2,207593,468851,11751,114505,3.7134948042073246,0.1962866585755525
2626,0.3097,4,25,4,207618,468826,11755,114501,3.7132967938157395,0.19628955971521977
2627,0.3098,1,18,1,207636,468808,11756,114500,3.713154226333798,0.1962942390640965
2628,0.3099,0,6,0,207642,468802,11756,114500,3.7131067038398173,0.19629625819901184
2629,0.31,381,4878,381,212520,463924,12137,114119,3.674470916233684,0.1974230290826115
2630,0.3101,0,2,0,212522,463922,12137,114119,3.6744550754023573,0.1974237121588261
2631,0.3102,1,17,1,212539,463905,12138,114118,3.674320428336079,0.19742813002250775
2632,0.3103,2,23,2,212562,463882,12140,114116,3.6741382587758205,0.1974332091114502
2633,0.3104,2,14,2,212576,463868,12142,114114,3.674027372956533,0.19743521424542632
2634,0.3105,1,27,1,212603,463841,12143,114113,3.6738135217336207,0.1974430491007935
2635,0.3106,3,11,3,212614,463830,12146,114110,3.673726397161323,0.19744264110461293
2636,0.3107,12,69,12,212683,463761,12158,114098,3.6731798884805476,0.1974495508419874
2637,0.3108,20,148,20,212831,463613,12178,114078,3.672007666962362,0.19747235113581482
2638,0.3109,1,2,1,212833,463611,12179,114077,3.6719918261310354,0.19747164559416155
2639,0.311,5,107,5,212940,463504,12184,114072,3.67114434165505,0.19750128121667104
2640,0.3111,0,6,0,212946,463498,12184,114072,3.6710968191610696,0.19750333292934188
2641,0.3112,1,8,1,212954,463490,12185,114071,3.6710334558357625,0.1975046791594308
2642,0.3113,4,30,4,212984,463460,12189,114067,3.67079584336586,0.19750938051381148
2643,0.3114,0,19,0,213003,463441,12189,114067,3.6706453554682548,0.19751587856791594
2644,0.3115,4,34,4,213037,463407,12193,114063,3.670376061335699,0.1975219491921658
2645,0.3116,1,2,1,213039,463405,12194,114062,3.670360220504372,0.19752124363816462
2646,0.3117,34,418,34,213457,462987,12228,114028,3.667049486757065,0.1976170463506148
2647,0.3118,2,26,2,213483,462961,12230,114026,3.666843555949816,0.1976231700194285
2648,0.3119,0,15,0,213498,462946,12230,114026,3.666724749714865,0.1976283077861664
2649,0.312,8,110,8,213608,462836,12238,114018,3.6658535039918894,0.1976548658759409
2650,0.3121,0,22,0,213630,462814,12238,114018,3.6656792548472943,0.19766240430489293
2651,0.3122,1,17,1,213647,462797,12239,114017,3.6655446077810163,0.19766683887700368
2652,0.3123,6,30,6,213677,462767,12245,114011,3.665306995311114,0.19766877377431177
2653,0.3124,1,10,1,213687,462757,12246,114010,3.66522779115448,0.1976708098764319
2654,0.3125,42,383,42,214070,462374,12288,113968,3.6621942719553924,0.19774370078876777
2655,0.3126,0,8,0,214078,462366,12288,113968,3.662130908630085,0.19774644563742552
2656,0.3127,8,52,8,214130,462314,12296,113960,3.6617190470155876,0.19775315214637482
2657,0.3128,1,15,1,214145,462299,12297,113959,3.6616002407806363,0.19775690749629507
2658,0.3129,1,16,1,214161,462283,12298,113958,3.6614735141300216,0.19776100624565068
2659,0.313,2,61,2,214222,462222,12300,113956,3.660990368774553,0.19777915852392836
2660,0.3131,2,9,2,214231,462213,12302,113954,3.6609190850335827,0.19777946324589918
2661,0.3132,0,36,0,214267,462177,12302,113954,3.6606339500696996,0.19779182165167297
2662,0.3133,80,856,80,215123,461321,12382,113874,3.653854074261817,0.19797459991828859
2663,0.3134,1,5,1,215128,461316,12383,113873,3.6538144721835,0.1979749265024192
2664,0.3135,5,28,5,215156,461288,12388,113868,3.6535927005449245,0.19797759216629923
2665,0.3136,0,19,0,215175,461269,12388,113868,3.65344221264732,0.19798413247626218
2666,0.3137,9,40,9,215215,461229,12397,113859,3.653125396020783,0.19798535180702778
2667,0.3138,3,17,3,215232,461212,12400,113856,3.652990748954505,0.19798702066538218
2668,0.3139,0,5,0,215237,461207,12400,113856,3.652951146876188,0.19798874210303916
2669,0.314,16,122,16,215359,461085,12416,113840,3.6519848561652517,0.19800843588294126
2670,0.3141,0,6,0,215365,461079,12416,113840,3.6519373336712713,0.19801050234902656
2671,0.3142,15,161,15,215526,460918,12431,113825,3.6506621467494615,0.19804503926102623
2672,0.3143,6,51,6,215577,460867,12437,113819,3.650258205550627,0.1980542417946496
2673,0.3144,0,12,0,215589,460855,12437,113819,3.6501631605626663,0.19805837744529942
2674,0.3145,2,36,2,215625,460819,12439,113817,3.6498780255987833,0.1980679943477262
2675,0.3146,0,9,0,215634,460810,12439,113817,3.649806741857813,0.1980710965548086
2676,0.3147,5,43,5,215677,460767,12444,113812,3.649466163984286,0.19807894127700457
2677,0.3148,3,28,3,215705,460739,12447,113809,3.6492443923457105,0.19808440722098067
2678,0.3149,1,1,1,215706,460738,12448,113808,3.6492364719300467,0.19808335624997825
2679,0.315,119,1600,119,217306,459138,12567,113689,3.6365638068685846,0.1984700441843698
2680,0.3151,2,11,2,217317,459127,12569,113687,3.636476682296287,0.19847105692249142
2681,0.3152,5,20,5,217337,459107,12574,113682,3.6363182739830187,0.19847099019010492
2682,0.3153,3,50,3,217387,459057,12577,113679,3.635922253199848,0.1984841183372444
2683,0.3154,1,20,1,217407,459037,12578,113678,3.6357638448865797,0.19848965017504344
2684,0.3155,1,19,1,217426,459018,12579,113677,3.6356133569889746,0.19849483582011368
2685,0.3156,2,8,2,217434,459010,12581,113675,3.6355499936636675,0.19849480953752935
2686,0.3157,10,42,10,217476,458968,12591,113665,3.635217336205804,0.19849537138097176
2687,0.3158,16,146,16,217622,458822,12607,113649,3.6340609555189456,0.1985235933348589
2688,0.3159,0,4,0,217626,458818,12607,113649,3.634029273856292,0.19852498047922412
2689,0.316,19,157,19,217783,458661,12626,113630,3.632785768597136,0.19855283413508162
2690,0.3161,3,10,3,217793,458651,12629,113627,3.6327065644405017,0.19855210229993114
2691,0.3162,1,28,1,217821,458623,12630,113626,3.632484792801926,0.19856041688146245
2692,0.3163,3,34,3,217855,458589,12633,113623,3.63221549866937,0.198568013253829
2693,0.3164,1,12,1,217867,458577,12634,113622,3.6321204536814093,0.19857077694997718
2694,0.3165,2,28,2,217895,458549,12636,113620,3.6318986820428334,0.1985776929543544
2695,0.3166,2,8,2,217903,458541,12638,113618,3.6318353187175263,0.1985776680957566
2696,0.3167,83,879,83,218782,457662,12721,113535,3.6248732733493854,0.19876680024579962
2697,0.3168,4,28,4,218810,457634,12725,113531,3.62465150171081,0.1987709330928891
2698,0.3169,1,4,1,218814,457630,12726,113530,3.624619820048156,0.19877092233349675
2699,0.317,4,62,4,218876,457568,12730,113526,3.6241287542770246,0.19878688972393335
2700,0.3171,2,23,2,218899,457545,12732,113524,3.623946584716766,0.1987920899225838
2701,0.3172,1,23,1,218922,457522,12733,113523,3.6237644151565074,0.1987986936230945
2702,0.3173,6,60,6,218982,457462,12739,113517,3.6232891902167026,0.198811164683815
2703,0.3174,3,5,3,218987,457457,12742,113514,3.6232495881383855,0.19880869606337276
2704,0.3175,34,446,34,219433,457011,12776,113480,3.6197170827525027,0.1989163720374204
2705,0.3176,1,12,1,219445,456999,12777,113479,3.619622037764542,0.19891915200936758
2706,0.3177,6,44,6,219489,456955,12783,113473,3.6192735394753517,0.19892606954777817
2707,0.3178,2,16,2,219505,456939,12785,113471,3.619146812824737,0.19892884065847372
2708,0.3179,2,35,2,219540,456904,12787,113469,3.6188695982765173,0.1989382386613672
2709,0.318,6,79,6,219619,456825,12793,113463,3.618243885439108,0.19895736890834104
2710,0.3181,1,7,1,219626,456818,12794,113462,3.618188442529464,0.1989584063968577
2711,0.3182,2,35,2,219661,456783,12796,113460,3.6179112279812444,0.19896780846060363
2712,0.3183,41,440,41,220101,456343,12837,113419,3.614426245089342,0.19906381962995076
2713,0.3184,2,3,2,220104,456340,12839,113417,3.614402483842352,0.19906205628013346
2714,0.3185,7,47,7,220151,456293,12846,113410,3.6140302243061715,0.1990686375181454
2715,0.3186,0,19,0,220170,456274,12846,113410,3.613879736408567,0.19907527682013187
2716,0.3187,2,45,2,220215,456229,12848,113408,3.613523317703713,0.19908819125162164
2717,0.3188,0,20,0,220235,456209,12848,113408,3.613364909390445,0.19909518149914768
2718,0.3189,0,13,0,220248,456196,12848,113408,3.6132619439868203,0.19909972542327653
2719,0.319,15,101,15,220349,456095,12863,113393,3.612461982004816,0.19911394094344392
2720,0.3191,1,4,1,220353,456091,12864,113392,3.612430300342162,0.19911393316393994
2721,0.3192,13,118,13,220471,455973,12877,113379,3.611495691293879,0.19913691354381824
2722,0.3193,2,78,2,220549,455895,12879,113377,3.6108778988721326,0.1991613850672438
2723,0.3194,0,9,0,220558,455886,12879,113377,3.610806615131162,0.199164533791938
2724,0.3195,3,21,3,220579,455865,12882,113374,3.6106402864022304,0.19916766068382524
2725,0.3196,3,7,3,220586,455858,12885,113371,3.6105848434925867,0.19916588929938567
2726,0.3197,3,30,3,220616,455828,12888,113368,3.610347231022684,0.19917216565119925
2727,0.3198,3,20,3,220636,455808,12891,113365,3.6101888227094157,0.1991749432949209
2728,0.3199,0,7,0,220643,455801,12891,113365,3.610133379799772,0.19917739288713662
2729,0.32,404,4944,404,225587,450857,13295,112961,3.570974844759853,0.2003501129797204
2730,0.3201,1,4,1,225591,450853,13296,112960,3.5709431630971995,0.20035011608458833
2731,0.3202,2,34,2,225625,450819,13298,112958,3.570673868964643,0.20035936194630147
2732,0.3203,0,35,0,225660,450784,13298,112958,3.570396654416424,0.20037180128498497
2733,0.3204,1,12,1,225672,450772,13299,112957,3.570301609428463,0.20037464810219094
2734,0.3205,1,32,1,225704,450740,13300,112956,3.5700481561272337,0.20038460446765632
2735,0.3206,1,5,1,225709,450735,13301,112955,3.5700085540489166,0.20038496336638933
2736,0.3207,4,59,4,225768,450676,13305,112951,3.569541249524775,0.2004002647140751
2737,0.3208,16,170,16,225938,450506,13321,112935,3.5681947788619945,0.20043802279209358
2738,0.3209,0,5,0,225943,450501,13321,112935,3.5681551767836774,0.2004398015036313
2739,0.321,7,88,7,226031,450413,13328,112928,3.567458180205297,0.20046117715557718
2740,0.3211,1,10,1,226041,450403,13329,112927,3.567378976048663,0.20046331635098433
2741,0.3212,2,19,2,226060,450384,13331,112925,3.5672284881510583,0.20046723911742934
2742,0.3213,3,49,3,226109,450335,13334,112922,3.566840387783551,0.2004804201279345
2743,0.3214,3,13,3,226122,450322,13337,112919,3.5667374223799264,0.20048078886302667
2744,0.3215,4,39,4,226161,450283,13341,112915,3.5664285261690534,0.20048899321375432
2745,0.3216,0,9,0,226170,450274,13341,112915,3.5663572424280825,0.20049219711322486
2746,0.3217,30,420,30,226590,449854,13371,112885,3.5630306678494486,0.20059921206811684
2747,0.3218,3,21,3,226611,449833,13374,112882,3.5628643391205173,0.2006024364020863
2748,0.3219,0,11,0,226622,449822,13374,112882,3.5627772145482193,0.20060635787198955
2749,0.322,14,108,14,226730,449714,13388,112868,3.5619218096565706,0.20062497555911848
2750,0.3221,3,21,3,226751,449693,13391,112865,3.5617554809276393,0.20062820189207156
2751,0.3222,1,22,1,226773,449671,13392,112864,3.5615812317830438,0.20063462717875333
2752,0.3223,7,45,7,226818,449626,13399,112857,3.5612248130781903,0.20064073047540992
2753,0.3224,0,13,0,226831,449613,13399,112857,3.561121847674566,0.20064536775294683
2754,0.3225,38,397,38,227228,449216,13437,112819,3.5579774426561905,0.20073305043280223
2755,0.3226,2,13,2,227241,449203,13439,112817,3.5578744772525663,0.20073484929361946
2756,0.3227,2,51,2,227292,449152,13441,112815,3.557470536053732,0.20075022198812387
2757,0.3228,0,20,0,227312,449132,13441,112815,3.557312127740464,0.20075736679793646
2758,0.3229,4,25,4,227337,449107,13445,112811,3.5571141173488785,0.200760609199207
2759,0.323,5,63,5,227400,449044,13450,112806,3.5566151311620833,0.2007760078312717
2760,0.3231,3,9,3,227409,449035,13453,112803,3.556543847421113,0.20077495648211763
2761,0.3232,3,24,3,227433,449011,13456,112800,3.5563537574451907,0.20077926562491658
2762,0.3233,70,868,70,228301,448143,13526,112730,3.5494788366493473,0.2009902419977428
2763,0.3234,0,10,0,228311,448133,13526,112730,3.549399632492713,0.20099382558664058
2764,0.3235,2,37,2,228348,448096,13528,112728,3.5491065771131667,0.20100423662325437
2765,0.3236,0,10,0,228358,448086,13528,112728,3.549027372956533,0.20100782077480234
2766,0.3237,2,50,2,228408,448036,13530,112726,3.548631352173362,0.20102289384801394
2767,0.3238,2,32,2,228440,448004,13532,112724,3.5483778988721326,0.20103151617183376
2768,0.3239,0,11,0,228451,447993,13532,112724,3.548290774299835,0.20103545995573524
2769,0.324,18,143,18,228594,447850,13550,112706,3.547158154859967,0.20106108934700548
2770,0.3241,1,0,1,228594,447850,13551,112705,3.547158154859967,0.2010596640829178
2771,0.3242,21,136,21,228730,447714,13572,112684,3.546080978329743,0.20107851919528621
2772,0.3243,7,61,7,228791,447653,13579,112677,3.5455978329742743,0.20109042885442507
2773,0.3244,3,6,3,228797,447647,13582,112674,3.545550310480294,0.20108830473960462
2774,0.3245,2,35,2,228832,447612,13584,112672,3.5452730959320746,0.201098014578321
2775,0.3246,1,8,1,228840,447604,13585,112671,3.545209732606767,0.20109946008656462
2776,0.3247,5,33,5,228873,447571,13590,112666,3.5449483588898745,0.20110417555427434
2777,0.3248,4,25,4,228898,447546,13594,112662,3.5447503484982894,0.20110744580584355
2778,0.3249,1,7,1,228905,447539,13595,112661,3.544694905588645,0.20110853266690468
2779,0.325,132,1685,132,230590,445854,13727,112529,3.5313490051957928,0.20152655077249845
2780,0.3251,1,9,1,230599,445845,13728,112528,3.531277721454822,0.2015283690293048
2781,0.3252,2,25,2,230624,445820,13730,112526,3.531079711063237,0.20153453235090785
2782,0.3253,1,28,1,230652,445792,13731,112525,3.530857939424661,0.20154320932373543
2783,0.3254,1,11,1,230663,445781,13732,112524,3.5307708148523633,0.20154575008284004
2784,0.3255,5,27,5,230690,445754,13737,112519,3.530556963629451,0.2015483464183294
2785,0.3256,2,8,2,230698,445746,13739,112517,3.530493600304144,0.20154837415340082
2786,0.3257,7,60,7,230758,445686,13746,112510,3.5300183753643393,0.2015600255107525
2787,0.3258,17,157,17,230915,445529,13763,112493,3.5287748701051833,0.20159241033507638
2788,0.3259,1,6,1,230921,445523,13764,112492,3.5287273476112024,0.20159314713762175
2789,0.326,14,171,14,231092,445352,13778,112478,3.527372956532759,0.20163490669200293
2790,0.3261,1,5,1,231097,445347,13779,112477,3.527333354454442,0.20163528281321708
2791,0.3262,3,35,3,231132,445312,13782,112474,3.527056139906222,0.2016436411096729
2792,0.3263,2,25,2,231157,445287,13784,112472,3.526858129514637,0.2016498164978064
2793,0.3264,1,13,1,231170,445274,13785,112471,3.5267551641110124,0.20165308519126124
2794,0.3265,4,32,4,231202,445242,13789,112467,3.526501710809783,0.20165892965686405
2795,0.3266,0,6,0,231208,445236,13789,112467,3.5264541883158027,0.2016610991872018
2796,0.3267,90,804,90,232012,444432,13879,112377,3.520086174122418,0.20182324639149152
2797,0.3268,3,16,3,232028,444416,13882,112374,3.5199594474718032,0.20182474541568635
2798,0.3269,1,9,1,232037,444407,13883,112373,3.519888163730833,0.2018265742303962
2799,0.327,7,58,7,232095,444349,13890,112366,3.5194287796223547,0.20183756500184116
2800,0.3271,1,28,1,232123,444321,13891,112365,3.519207007983779,0.20184628318297929
2801,0.3272,6,24,6,232147,444297,13897,112359,3.519016918007857,0.2018463826851772
2802,0.3273,5,58,5,232205,444239,13902,112354,3.518557533899379,0.2018602461762904
2803,0.3274,0,13,0,232218,444226,13902,112354,3.5184545684957547,0.20186496101189408
2804,0.3275,57,472,57,232690,443754,13959,112297,3.514716132302623,0.2019544969795936
2805,0.3276,1,8,1,232698,443746,13960,112296,3.514652768977316,0.20195596735498397
2806,0.3277,4,44,4,232742,443702,13964,112292,3.514304270688126,0.20196620826843456
2807,0.3278,3,19,3,232761,443683,13967,112289,3.5141537827905207,0.2019688041843834
2808,0.3279,2,17,2,232778,443666,13969,112287,3.5140191357242427,0.20197210915311187
2809,0.328,15,102,15,232880,443564,13984,112272,3.5132112533265745,0.20198763664102362
2810,0.3281,2,12,2,232892,443552,13986,112270,3.5131162083386136,0.20198912601516314
2811,0.3282,2,34,2,232926,443518,13988,112268,3.5128469142060577,0.2019986109761671
2812,0.3283,34,455,34,233381,443063,14022,112234,3.509243125079204,0.20211526444407227
2813,0.3284,0,1,0,233382,443062,14022,112234,3.5092352046635407,0.20211562842159858
2814,0.3285,4,27,4,233409,443035,14026,112230,3.5090213534406285,0.20211970860760178
2815,0.3286,0,4,0,233413,443031,14026,112230,3.5089896717779747,0.2021211646414929
2816,0.3287,6,32,6,233445,442999,14032,112224,3.5087362184767454,0.20212419154105649
2817,0.3288,5,21,5,233466,442978,14037,112219,3.508569889747814,0.2021246512499167
2818,0.3289,1,11,1,233477,442967,14038,112218,3.5084827651755166,0.20212721885497628
2819,0.329,7,95,7,233572,442872,14045,112211,3.507730325687492,0.20215175027878712
2820,0.3291,0,2,0,233574,442870,14045,112211,3.5077144848561654,0.2021524786472605
2821,0.3292,17,157,17,233731,442713,14062,112194,3.506470979597009,0.2021852310387146
2822,0.3293,7,54,7,233785,442659,14069,112187,3.5060432771511847,0.20219484325380377
2823,0.3294,1,4,1,233789,442655,14070,112186,3.5060115954885314,0.20219486303283282
2824,0.3295,5,24,5,233813,442631,14075,112181,3.505821505512609,0.20219641968811056
2825,0.3296,2,9,2,233822,442622,14077,112179,3.5057502217716388,0.20219682372598463
2826,0.3297,5,29,5,233851,442593,14082,112174,3.5055205297173995,0.2022002029680929
2827,0.3298,0,30,0,233881,442563,14082,112174,3.5052829172474973,0.20221113789056797
2828,0.3299,2,13,2,233894,442550,14084,112172,3.5051799518438727,0.20221300038577883
2829,0.33,409,4991,409,238885,437559,14493,111763,3.4656491572677735,0.20345626062673622
2830,0.3301,1,5,1,238890,437554,14494,111762,3.4656095551894563,0.20345666246750505
2831,0.3302,2,33,2,238923,437521,14496,111760,3.4653481814725637,0.20346598553381604
2832,0.3303,2,29,2,238952,437492,14498,111758,3.4651184894183245,0.20347382794720073
2833,0.3304,1,8,1,238960,437484,14499,111757,3.4650551260930174,0.20347534142571294
2834,0.3305,4,27,4,238987,437457,14503,111753,3.464841274870105,0.20347954334407603
2835,0.3306,0,9,0,238996,437448,14503,111753,3.4647699911291343,0.20348287785346347
2836,0.3307,5,66,5,239062,437382,14508,111748,3.464247243695349,0.20350008194780836
2837,0.3308,7,146,7,239208,437236,14515,111741,3.4630908630084907,0.20354404647189225
2838,0.3309,0,7,0,239215,437229,14515,111741,3.463035420098847,0.20354664189299962
2839,0.331,7,110,7,239325,437119,14522,111734,3.462164174375871,0.20357727843338744
2840,0.3311,0,9,0,239334,437110,14522,111734,3.4620928906349007,0.20358061671440336
2841,0.3312,6,36,6,239370,437074,14528,111728,3.4618077556710176,0.2035852639020995
2842,0.3313,3,41,3,239411,437033,14531,111725,3.4614830186288175,0.203596120694368
2843,0.3314,0,14,0,239425,437019,14531,111725,3.46137213280953,0.20360131500298864
2844,0.3315,3,33,3,239458,436986,14534,111722,3.4611107590926373,0.20360920562484966
2845,0.3316,0,8,0,239466,436978,14534,111722,3.46104739576733,0.20361217422999817
2846,0.3317,38,410,38,239876,436568,14572,111684,3.45780002534533,0.20370924319473527
2847,0.3318,7,39,7,239915,436529,14579,111677,3.457491129134457,0.20371356752753528
2848,0.3319,1,6,1,239921,436523,14580,111676,3.4574436066404766,0.203714344608436
2849,0.332,10,104,10,240025,436419,14590,111666,3.4566198834114816,0.20373847122252936
2850,0.3321,0,22,0,240047,436397,14590,111666,3.456445634266886,0.20374664956400998
2851,0.3322,2,13,2,240060,436384,14592,111664,3.456342668863262,0.2037485767669985
2852,0.3323,4,40,4,240100,436344,14596,111660,3.4560258522367255,0.20375763680557077
2853,0.3324,0,11,0,240111,436333,14596,111660,3.455938727664428,0.2037617268833726
2854,0.3325,37,411,37,240522,435922,14633,111623,3.4526834368267645,0.2038608698828407
2855,0.3326,2,5,2,240527,435917,14635,111621,3.4526438347484474,0.20385982342778036
2856,0.3327,6,55,6,240582,435862,14641,111615,3.4522082118869597,0.20387157816675402
2857,0.3328,3,21,3,240603,435841,14644,111612,3.452041883158028,0.2038750358478262
2858,0.3329,3,29,3,240632,435812,14647,111609,3.451812191103789,0.2038814733084774
2859,0.333,11,62,11,240694,435750,14658,111598,3.4513211253326577,0.20388856815042716
2860,0.3331,0,5,0,240699,435745,14658,111598,3.4512815232543406,0.20389043068057872
2861,0.3332,2,24,2,240723,435721,14660,111596,3.4510914332784184,0.20389646219649674
2862,0.3333,76,875,76,241598,434846,14736,111520,3.444161069572931,0.2041122617439592
2863,0.3335,2,25,2,241623,434821,14738,111518,3.4439630591813457,0.2041186882137281
2864,0.3336,0,15,0,241638,434806,14738,111518,3.443844252946395,0.20412429254435097
2865,0.3337,2,27,2,241665,434779,14740,111516,3.4436304017234827,0.20413146743060068
2866,0.3338,3,34,3,241699,434745,14743,111513,3.4433611075909263,0.2041398020715486
2867,0.3339,0,7,0,241706,434738,14743,111513,3.4433056646812825,0.20414241804591662
2868,0.334,21,190,21,241896,434548,14764,111492,3.441800785705234,0.20418284374771078
2869,0.3341,0,8,0,241904,434540,14764,111492,3.4417374223799264,0.2041858352624022
2870,0.3342,15,150,15,242054,434390,14779,111477,3.4405493600304142,0.20422007558617758
2871,0.3343,6,71,6,242125,434319,14785,111471,3.439987010518312,0.20423789369537734
2872,0.3344,1,6,1,242131,434313,14786,111470,3.4399394880243315,0.20423868094096007
2873,0.3345,3,34,3,242165,434279,14789,111467,3.4396701938917755,0.20424703066994537
2874,0.3346,4,6,4,242171,434273,14793,111463,3.439622671397795,0.20424344371637568
2875,0.3347,3,48,3,242219,434225,14796,111460,3.439242491445951,0.2042570347361573
2876,0.3348,4,21,4,242240,434204,14800,111456,3.4390761627170194,0.20425906241982186
2877,0.3349,1,9,1,242249,434195,14801,111455,3.4390048789760486,0.20426097315128747
2878,0.335,147,1729,147,243978,432466,14948,111308,3.425310480294006,0.20469533298760148
2879,0.3351,0,3,0,243981,432463,14948,111308,3.4252867190470155,0.20469646229754804
2880,0.3352,7,18,7,243999,432445,14955,111301,3.4251441515650742,0.20469300004046007
2881,0.3353,3,36,3,244035,432409,14958,111298,3.424859016601191,0.20470216495281465
2882,0.3354,1,11,1,244046,432398,14959,111297,3.4247718920288936,0.20470484370832912
2883,0.3355,1,23,1,244069,432375,14960,111296,3.4245897224686352,0.2047120409218075
2884,0.3356,4,8,4,244077,432367,14964,111292,3.4245263591433277,0.20470920190781353
2885,0.3357,6,66,6,244143,432301,14970,111286,3.4240036117095425,0.20472527856626446
2886,0.3358,15,148,15,244291,432153,14985,111271,3.4228313901913574,0.2047590831468614
2887,0.3359,4,6,4,244297,432147,14989,111267,3.422783867697377,0.20475549028917178
2888,0.336,19,173,19,244470,431974,15008,111248,3.421413635787606,0.2047928839406357
2889,0.3361,0,7,0,244477,431967,15008,111248,3.421358192877962,0.20479552295131762
2890,0.3362,2,21,2,244498,431946,15010,111246,3.4211918641490304,0.20480051252595768
2891,0.3363,4,23,4,244521,431923,15014,111242,3.421009694588772,0.2048033286386273
2892,0.3364,3,11,3,244532,431912,15017,111239,3.4209225700164745,0.20480308422519705
2893,0.3365,2,44,2,244576,431868,15019,111237,3.4205740717272843,0.20481674814262435
2894,0.3366,0,3,0,244579,431865,15019,111237,3.420550310480294,0.20481787951434538
2895,0.3367,70,890,70,245469,430975,15089,111167,3.4135011405398554,0.2050514440866046
2896,0.3368,2,35,2,245504,430940,15091,111165,3.413223925991636,0.20506175002997573
2897,0.3369,1,10,1,245514,430930,15092,111164,3.413144721835002,0.20506406637963157
2898,0.337,10,75,10,245589,430855,15102,111154,3.412550690660246,0.20507777546129308
2899,0.3371,4,21,4,245610,430834,15106,111150,3.412384361931314,0.20507985475585996
2900,0.3372,0,13,0,245623,430821,15106,111150,3.41228139652769,0.20508477390856705
2901,0.3373,5,68,5,245691,430753,15111,111145,3.4117428082625776,0.20510317439813397
2902,0.3374,0,6,0,245697,430747,15111,111145,3.411695285768597,0.20510544536549719
2903,0.3375,41,444,41,246141,430303,15152,111104,3.4081786212140415,0.2052134530953608
2904,0.3376,3,20,3,246161,430283,15155,111101,3.408020212900773,0.2052166299705939
2905,0.3377,3,53,3,246214,430230,15158,111098,3.407600430870612,0.20523231755977892
2906,0.3378,4,19,4,246233,430211,15162,111094,3.4074499429730074,0.20523364831287352
2907,0.3379,2,17,2,246250,430194,15164,111092,3.407315295906729,0.20523715743617976
2908,0.338,8,112,8,246362,430082,15172,111084,3.406428209352427,0.2052678845308094
2909,0.3381,2,10,2,246372,430072,15174,111082,3.4063490051957928,0.2052687405063993
2910,0.3382,2,34,2,246406,430038,15176,111080,3.406079711063237,0.20527870076397384
2911,0.3383,50,464,50,246870,429574,15226,111030,3.4024046381954123,0.2053813882250224
2912,0.3384,0,3,0,246873,429571,15226,111030,3.4023808769484223,0.2053825279642472
2913,0.3385,4,34,4,246907,429537,15230,111026,3.4021115828158663,0.20538956606353007
2914,0.3386,2,12,2,246919,429525,15232,111024,3.402016537827905,0.20539118562794492
2915,0.3387,2,37,2,246956,429488,15234,111022,3.401723482448359,0.2054023052302455
2916,0.3388,4,32,4,246988,429456,15238,111018,3.40147002914713,0.2054085857969116
2917,0.3389,4,11,4,246999,429445,15242,111014,3.4013829045748323,0.20540688562869708
2918,0.339,9,91,9,247090,429354,15251,111005,3.4006621467494615,0.2054282430754369
2919,0.3391,1,7,1,247097,429347,15252,111004,3.4006067038398173,0.20542943383097284
2920,0.3392,5,137,5,247234,429210,15257,110999,3.39952160689393,0.20547417758682288
2921,0.3393,1,48,1,247282,429162,15258,110998,3.399141426942086,0.20549096563981042
2922,0.3394,0,4,0,247286,429158,15258,110998,3.399109745279432,0.2054924873555047
2923,0.3395,1,40,1,247326,429118,15259,110997,3.3987929286528957,0.20550623478333319
2924,0.3396,2,7,2,247333,429111,15261,110995,3.398737485743252,0.2055059562382199
2925,0.3397,1,33,1,247366,429078,15262,110994,3.3984761120263594,0.20551704217215483
2926,0.3398,2,25,2,247391,429053,15264,110992,3.398278101634774,0.20552361377292633
2927,0.3399,0,9,0,247400,429044,15264,110992,3.398206817893803,0.20552703893814486
2928,0.34,438,4986,438,252386,424058,15702,110554,3.358715625396021,0.20679296386912377
2929,0.3401,2,7,2,252393,424051,15704,110552,3.358660182486377,0.20679270411875728
2930,0.3402,2,17,2,252410,424034,15706,110550,3.3585255354200987,0.20679631264684314
2931,0.3403,2,32,2,252442,424002,15708,110548,3.3582720821188694,0.2068057244411187
2932,0.3404,3,14,3,252456,423988,15711,110545,3.358161196299582,0.20680668920347295
2933,0.3405,6,27,6,252483,423961,15717,110539,3.3579473450766697,0.20680823199251638
2934,0.3406,0,5,0,252488,423956,15717,110539,3.3579077429983526,0.2068101666058616
2935,0.3407,10,65,10,252553,423891,15727,110529,3.3573929159802307,0.20682047827551364
2936,0.3408,17,150,17,252703,423741,15744,110512,3.3562048536307185,0.20685330732817597
2937,0.3409,0,4,0,252707,423737,15744,110512,3.3561731719680648,0.20685485606898657
2938,0.341,10,109,10,252816,423628,15754,110502,3.3553098466607527,0.2068822196843465
2939,0.3411,0,6,0,252822,423622,15754,110502,3.3552623241667723,0.2068845436640181
2940,0.3412,4,32,4,252854,423590,15758,110498,3.355008870865543,0.20689099923608095
2941,0.3413,7,38,7,252892,423552,15765,110491,3.3547078950703333,0.2068953249082939
2942,0.3414,3,14,3,252906,423538,15768,110488,3.3545970092510453,0.20689629343889623
2943,0.3415,3,49,3,252955,423489,15771,110485,3.354208908883538,0.20691082337342268
2944,0.3416,2,1,2,252956,423488,15773,110483,3.3542009884678747,0.2069082403351493
2945,0.3417,46,475,46,253431,423013,15819,110437,3.350438791027753,0.20702408848064485
2946,0.3418,2,23,2,253454,422990,15821,110435,3.3502566214674947,0.20703004171158082
2947,0.3419,0,5,0,253459,422985,15821,110435,3.3502170193891776,0.20703198230287578
2948,0.342,12,105,12,253564,422880,15833,110423,3.349385375744519,0.20705490124750844
2949,0.3421,2,9,2,253573,422871,15835,110421,3.3493140920035485,0.20705542179518913
2950,0.3422,1,21,1,253594,422850,15836,110420,3.3491477632746167,0.20706208862302397
2951,0.3423,8,48,8,253642,422802,15844,110412,3.348767583322773,0.20706883165108192
2952,0.3424,0,10,0,253652,422792,15844,110412,3.3486883791661386,0.20707271513341985
2953,0.3425,63,434,63,254086,422358,15907,110349,3.345250918768217,0.20714764401443947
2954,0.3426,0,11,0,254097,422347,15907,110349,3.3451637941959196,0.20715192154624776
2955,0.3427,5,62,5,254159,422285,15912,110344,3.3446727284247877,0.20716859202183885
2956,0.3428,3,21,3,254180,422264,15915,110341,3.344506399695856,0.20717229466490175
2957,0.3429,5,24,5,254204,422240,15920,110336,3.344316309719934,0.20717418734603135
2958,0.343,7,49,7,254253,422191,15927,110329,3.343928209352427,0.20718282881394126
2959,0.3431,0,4,0,254257,422187,15927,110329,3.343896527689773,0.20718438507011996
2960,0.3432,4,20,4,254277,422167,15931,110325,3.343738119376505,0.2071862112482441
2961,0.3433,80,893,80,255170,421274,16011,110245,3.3366651881890763,0.20741497481745713
2962,0.3434,1,6,1,255176,421268,16012,110244,3.336617665695096,0.2074158250425202
2963,0.3435,7,36,7,255212,421232,16019,110237,3.336332530731213,0.20741943556444498
2964,0.3436,1,11,1,255223,421221,16020,110236,3.3362454061589153,0.20742223735880796
2965,0.3437,1,31,1,255254,421190,16021,110235,3.3359998732733493,0.20743284565084444
2966,0.3438,2,27,2,255281,421163,16023,110233,3.335786022050437,0.20744040226121385
2967,0.3439,0,8,0,255289,421155,16023,110233,3.33572265872513,0.20744352525837995
2968,0.344,20,180,20,255469,420975,16043,110213,3.3342969839057153,0.20748397930676143
2969,0.3441,0,2,0,255471,420973,16043,110213,3.3342811430743886,0.20748476051703169
2970,0.3442,16,128,16,255599,420845,16059,110197,3.3332673298694715,0.20751089367695963
2971,0.3443,8,78,8,255677,420767,16067,110189,3.3326495374477254,0.20752943746751143
2972,0.3444,0,13,0,255690,420754,16067,110189,3.3325465720441008,0.2075345187713182
2973,0.3445,1,32,1,255722,420722,16068,110188,3.3322931187428715,0.2075455350247688
2974,0.3446,2,15,2,255737,420707,16070,110186,3.3321743125079206,0.20754841371048402
2975,0.3447,1,31,1,255768,420676,16071,110185,3.3319287796223547,0.20755904087887414
2976,0.3448,3,23,3,255791,420653,16074,110182,3.3317466100620963,0.2075635555304379
2977,0.3449,1,13,1,255804,420640,16075,110181,3.3316436446584716,0.20756714598706533
2978,0.345,151,1623,151,257427,419017,16226,110030,3.3187888100367506,0.2079777411080679
2979,0.3451,1,1,1,257428,419016,16227,110029,3.3187808896210873,0.2079766371480687
2980,0.3452,0,15,0,257443,419001,16227,110029,3.318662083386136,0.20798253407179176
2981,0.3453,4,35,4,257478,418966,16231,110025,3.3183848688379167,0.20799030607326022
2982,0.3454,0,17,0,257495,418949,16231,110025,3.3182502217716388,0.20799699040028433
2983,0.3455,4,36,4,257531,418913,16235,110021,3.3179650868077557,0.20800515754328516
2984,0.3456,1,7,1,257538,418906,16236,110020,3.317909643898112,0.20800641299539066
2985,0.3457,7,58,7,257596,418848,16243,110013,3.317450259789634,0.2080187421647654
2986,0.3458,16,154,16,257750,418694,16259,109997,3.316230515777468,0.20805536693456103
2987,0.3459,1,5,1,257755,418689,16260,109996,3.3161909136991508,0.2080558366513141
2988,0.346,16,164,16,257919,418525,16276,109980,3.314891965530351,0.20809642292882755
2989,0.3461,3,3,3,257922,418522,16279,109977,3.3148682042833606,0.2080931089746622
2990,0.3462,1,26,1,257948,418496,16280,109976,3.314662273476112,0.2081018483476892
2991,0.3463,2,27,2,257975,418469,16282,109974,3.3144484222532,0.20810948389892572
2992,0.3464,1,22,1,257997,418447,16283,109973,3.314274173108605,0.20811664963476023
2993,0.3465,2,38,2,258035,418409,16285,109971,3.313973197313395,0.20812861955410877
2994,0.3466,0,5,0,258040,418404,16285,109971,3.313933595235078,0.2081305890702626
2995,0.3467,98,873,98,258913,417531,16383,109873,3.3070190723609176,0.2083279611076139
2996,0.3468,3,27,3,258940,417504,16386,109870,3.3068052211380055,0.2083341234114689
2997,0.3469,0,12,0,258952,417492,16386,109870,3.306710176150044,0.2083388640061286
2998,0.347,4,60,4,259012,417432,16390,109866,3.3062349512102394,0.20835656497843724
2999,0.3471,2,23,2,259035,417409,16392,109864,3.306052781649981,0.20836265084690472
3000,0.3472,0,20,0,259055,417389,16392,109864,3.3058943733367125,0.20837055455350656
3001,0.3473,6,56,6,259111,417333,16398,109858,3.3054508300595615,0.2083836787805558
3002,0.3474,1,13,1,259124,417320,16399,109857,3.3053478646559373,0.20838731583509904
3003,0.3475,47,464,47,259588,416856,16446,109810,3.3016727917881132,0.20850026392438473
3004,0.3476,1,5,1,259593,416851,16447,109809,3.301633189709796,0.20850074051570272
3005,0.3477,8,41,8,259634,416810,16455,109801,3.301308452667596,0.20850494957378407
3006,0.3478,5,29,5,259663,416781,16460,109796,3.301078760613357,0.20850891702448074
3007,0.3479,3,17,3,259680,416764,16463,109793,3.3009441135470787,0.20851113934483825
3008,0.348,11,107,11,259787,416657,16474,109782,3.300096629071094,0.20853698149263258
3009,0.3481,1,8,1,259795,416649,16475,109781,3.3000332657457863,0.20853864711357636
3010,0.3482,3,24,3,259819,416625,16478,109778,3.2998431757698645,0.2085436443181365
3011,0.3483,41,475,41,260294,416150,16519,109737,3.296080978329743,0.20867030369642148
3012,0.3484,2,5,2,260299,416145,16521,109735,3.296041376251426,0.2086692781623184
3013,0.3485,5,42,5,260341,416103,16526,109730,3.2957087187935623,0.20867842071532217
3014,0.3486,4,9,4,260350,416094,16530,109726,3.2956374350525914,0.2086759727663459
3015,0.3487,7,41,7,260391,416053,16537,109719,3.2953126980103917,0.20868170994271282
3016,0.3488,3,29,3,260420,416024,16540,109716,3.2950830059561524,0.20868870544375548
3017,0.3489,2,8,2,260428,416016,16542,109714,3.2950196426308453,0.20868887071310369
3018,0.349,11,123,11,260551,415893,16553,109703,3.2940454315042453,0.20872114704069286
3019,0.3491,1,9,1,260560,415884,16554,109702,3.2939741477632745,0.2087232156107659
3020,0.3492,22,154,22,260714,415730,16576,109680,3.292754403751109,0.2087512609200434
3021,0.3493,5,62,5,260776,415668,16581,109675,3.292263337979977,0.2087683665719349
3022,0.3494,0,6,0,260782,415662,16581,109675,3.2922158154859966,0.20877075096557068
3023,0.3495,1,31,1,260813,415631,16582,109674,3.2919702826004307,0.208781564995574
3024,0.3496,1,14,1,260827,415617,16583,109673,3.291859396781143,0.208785623179577
3025,0.3497,2,20,2,260847,415597,16585,109671,3.2917009884678747,0.2087905602473404
3026,0.3498,2,21,2,260868,415576,16587,109669,3.291534659738943,0.20879589524888387
3027,0.3499,1,3,1,260871,415573,16588,109668,3.291510898491953,0.20879558145689311
3028,0.35,435,4970,435,265841,410603,17023,109233,3.252146432644785,0.21012973322355513
3029,0.3501,2,6,2,265847,410597,17025,109231,3.2520989101508047,0.21012911963187825
3030,0.3502,4,28,4,265875,410569,17029,109227,3.251877138512229,0.2101343604029273
3031,0.3503,2,33,2,265908,410536,17031,109225,3.2516157647953365,0.21014466264302248
3032,0.3504,3,18,3,265926,410518,17034,109222,3.251473197313395,0.21014738138299918
3033,0.3505,5,32,5,265958,410486,17039,109217,3.251219744012166,0.21015272184305267
3034,0.3506,0,7,0,265965,410479,17039,109217,3.2511643011025217,0.2101555524768326
3035,0.3507,5,64,5,266029,410415,17044,109212,3.250657394500063,0.21017383623252833
3036,0.3508,14,166,14,266195,410249,17058,109198,3.249342605499937,0.2102197144270734
3037,0.3509,0,4,0,266199,410245,17058,109198,3.249310923837283,0.21022133323579295
3038,0.351,14,114,14,266313,410131,17072,109184,3.248407996451654,0.21024618969219067
3039,0.3511,1,8,1,266321,410123,17073,109183,3.2483446331263464,0.21024790778462024
3040,0.3512,5,30,5,266351,410093,17078,109178,3.248107020656444,0.21025245006942425
3041,0.3513,4,44,4,266395,410049,17082,109174,3.247758522367254,0.21026418321222287
3042,0.3514,4,13,4,266408,410036,17086,109170,3.2476555569636294,0.2102633636745338
3043,0.3515,2,43,2,266451,409993,17088,109168,3.2473149790901026,0.21027773657882623
3044,0.3516,0,10,0,266461,409983,17088,109168,3.2472357749334684,0.2102817869945353
3045,0.3517,41,436,41,266897,409547,17129,109127,3.24378247370422,0.21039612550465225
3046,0.3518,2,31,2,266928,409516,17131,109125,3.2435369408186543,0.21040565632103903
3047,0.3519,2,13,2,266941,409503,17133,109123,3.2434339754150296,0.2104078854511729
3048,0.352,13,114,13,267055,409389,17146,109110,3.2425310480294005,0.21043434992160062
3049,0.3521,4,16,4,267071,409373,17150,109106,3.242404321378786,0.21043475242005943
3050,0.3522,1,28,1,267099,409345,17151,109105,3.2421825497402104,0.2104445944642685
3051,0.3523,5,44,5,267143,409301,17156,109100,3.24183405145102,0.21045484094359385
3052,0.3524,1,6,1,267149,409295,17157,109099,3.24178652895704,0.21045575373171757
3053,0.3525,57,433,57,267582,408862,17214,109042,3.238356988974781,0.21054481139361736
3054,0.3526,0,6,0,267588,408856,17214,109042,3.2383094664808008,0.21054725061691684
3055,0.3527,5,51,5,267639,408805,17219,109037,3.237905525281967,0.21056036397202235
3056,0.3528,4,11,4,267650,408794,17223,109033,3.2378184007096693,0.21055873872934397
3057,0.3529,2,21,2,267671,408773,17225,109031,3.2376520719807376,0.2105642289360453
3058,0.353,11,54,11,267725,408719,17236,109020,3.237224369534913,0.21056941818174796
3059,0.3531,1,9,1,267734,408710,17237,109019,3.2371530857939423,0.21057155384380633
3060,0.3532,3,29,3,267763,408681,17240,109016,3.2369233937397035,0.21057877484319978
3061,0.3533,81,813,81,268576,407868,17321,108935,3.230484095805348,0.2107863150949201
3062,0.3534,1,3,1,268579,407865,17322,108934,3.230460334558358,0.21078601158283974
3063,0.3535,3,30,3,268609,407835,17325,108931,3.230222722088455,0.21079366676600242
3064,0.3536,0,7,0,268616,407828,17325,108931,3.2301672791788114,0.210796522169909
3065,0.3537,6,35,6,268651,407793,17331,108925,3.2298900646305917,0.21080163648256883
3066,0.3538,1,35,1,268686,407758,17332,108924,3.2296128500823724,0.21081438873426983
3067,0.3539,1,6,1,268692,407752,17333,108923,3.229565327588392,0.21081530943049306
3068,0.354,12,152,12,268844,407600,17345,108911,3.2283614244075527,0.21085901365120976
3069,0.3541,0,7,0,268851,407593,17345,108911,3.228305981497909,0.2108618713504639
3070,0.3542,16,148,16,268999,407445,17361,108895,3.227133759979724,0.21089785800054228
3071,0.3543,5,63,5,269062,407382,17366,108890,3.2266347737929286,0.210915951281495
3072,0.3544,1,7,1,269069,407375,17367,108889,3.226579330883285,0.2109172826305921
3073,0.3545,3,19,3,269088,407356,17370,108886,3.22642884298568,0.2109204597843647
3074,0.3546,2,15,2,269103,407341,17372,108884,3.2263100367507285,0.21092353140587922
3075,0.3547,4,37,4,269140,407304,17376,108880,3.2260169813711825,0.21093253568494955
3076,0.3548,3,36,3,269176,407268,17379,108877,3.2257318464072995,0.21094266146141102
3077,0.3549,1,3,1,269179,407265,17380,108876,3.225708085160309,0.21094235877405593
3078,0.355,168,1702,168,270881,405563,17548,108708,3.2122275377011786,0.21138271456099994
3079,0.3551,0,1,0,270882,405562,17548,108708,3.2122196172855153,0.21138312559550432
3080,0.3552,2,23,2,270905,405539,17550,108706,3.2120374477252565,0.21138951278087292
3081,0.3553,2,44,2,270949,405495,17552,108704,3.2116889494360663,0.2114045340422677
3082,0.3554,0,17,0,270966,405478,17552,108704,3.2115543023697883,0.21141152354613735
3083,0.3555,1,36,1,271002,405442,17553,108703,3.2112691674059053,0.21142479261686878
3084,0.3556,2,8,2,271010,405434,17555,108701,3.211205804080598,0.21142501483073511
3085,0.3557,7,77,7,271087,405357,17562,108694,3.2105959320745154,0.21144594602481076
3086,0.3558,10,132,10,271219,405225,17572,108684,3.2095504372069446,0.21148491269855169
3087,0.3559,0,7,0,271226,405218,17572,108684,3.209494994297301,0.21148779339251453
3088,0.356,17,181,17,271407,405037,17589,108667,3.2080613990622227,0.21153621540809495
3089,0.3561,5,13,5,271420,405024,17594,108662,3.2079584336585985,0.21153389424667987
3090,0.3562,0,35,0,271455,404989,17594,108662,3.2076812191103787,0.21154830809245967
3091,0.3563,7,27,7,271482,404962,17601,108655,3.2074673678874666,0.21154868316274578
3092,0.3564,0,10,0,271492,404952,17601,108655,3.207388163730833,0.21155280204514346
3093,0.3565,5,32,5,271524,404920,17606,108650,3.2071347104296035,0.21155830753353974
3094,0.3566,2,7,2,271531,404913,17608,108648,3.2070792675199593,0.211558120651685
3095,0.3567,91,871,91,272402,404042,17699,108557,3.200180585477126,0.21177762734613217
3096,0.3568,4,14,4,272416,404028,17703,108553,3.200069699657838,0.21177726056954901
3097,0.3569,6,11,6,272427,404017,17709,108547,3.1999825750855404,0.21177257864383764
3098,0.357,7,64,7,272491,403953,17716,108540,3.199475668483082,0.2117882585713366
3099,0.3571,6,18,6,272509,403935,17722,108534,3.1993331010011405,0.21178646903520018
3100,0.3572,1,15,1,272524,403920,17723,108533,3.1992142947661892,0.21179113011339576
3101,0.3573,10,45,10,272569,403875,17733,108523,3.1988578760613358,0.2117943473627922
3102,0.3574,0,16,0,272585,403859,17733,108523,3.198731149410721,0.2118009610017526
3103,0.3575,41,434,41,273019,403425,17774,108482,3.195293689012799,0.2119173990588134
3104,0.3576,1,9,1,273028,403416,17775,108481,3.1952224052718288,0.2119195853853412
3105,0.3577,4,38,4,273066,403378,17779,108477,3.194921429476619,0.2119291596252845
3106,0.3578,2,22,2,273088,403356,17781,108475,3.194747180332024,0.21193518954498652
3107,0.3579,4,14,4,273102,403342,17785,108471,3.194636294512736,0.21193482775935743
3108,0.358,11,100,11,273202,403242,17796,108460,3.193844252946395,0.2119593044389117
3109,0.3581,2,11,2,273213,403231,17798,108458,3.193757128374097,0.21196078086493944
3110,0.3582,2,17,2,273230,403214,17800,108456,3.193622481307819,0.21196474290069772
3111,0.3583,52,454,52,273684,402760,17852,108404,3.190026612596629,0.21207283768027482
3112,0.3584,2,6,2,273690,402754,17854,108402,3.1899790901026486,0.21207224408986688
3113,0.3585,2,46,2,273736,402708,17856,108400,3.1896147509821318,0.2120882474936804
3114,0.3586,2,15,2,273751,402693,17858,108398,3.1894959447471805,0.21209138881334244
3115,0.3587,5,43,5,273794,402650,17863,108393,3.1891553668736536,0.21210152570331656
3116,0.3588,4,29,4,273823,402621,17867,108389,3.1889256748194144,0.21210739515860746
3117,0.3589,1,9,1,273832,402612,17868,108388,3.188854391078444,0.2121095890410959
3118,0.359,13,92,13,273924,402520,17881,108375,3.18812571283741,0.21212773661907044
3119,0.3591,1,10,1,273934,402510,17882,108374,3.1880465086807757,0.21213034661488714
3120,0.3592,18,134,18,274068,402376,17900,108356,3.186985172981878,0.2121582356304285
3121,0.3593,4,68,4,274136,402308,17904,108352,3.186446584716766,0.21218031566991735
3122,0.3594,1,6,1,274142,402302,17905,108351,3.1863990622227853,0.2121812659477179
3123,0.3595,5,29,5,274171,402273,17910,108346,3.1861693701685465,0.21218560218088242
3124,0.3596,0,15,0,274186,402258,17910,108346,3.186050563933595,0.21219183555162122
3125,0.3597,5,30,5,274216,402228,17915,108341,3.185812951463693,0.21219658851203266
3126,0.3598,6,28,6,274244,402200,17921,108335,3.185591179825117,0.21219896774951766
3127,0.3599,2,4,2,274248,402196,17923,108333,3.1855594981624638,0.21219754411600517
3128,0.36,466,4914,466,279162,397282,18389,107867,3.1466385755924473,0.21353501640110145
3129,0.3601,2,4,2,279166,397278,18391,107865,3.1466068939297935,0.21353359345769415
3130,0.3602,8,25,8,279191,397253,18399,107857,3.146408883538208,0.21353170596503732
3131,0.3603,2,35,2,279226,397218,18401,107855,3.1461316689899887,0.21354338877746384
3132,0.3604,0,12,0,279238,397206,18401,107855,3.1460366240020274,0.21354846246295
3133,0.3605,4,22,4,279260,397184,18405,107851,3.1458623748574324,0.21355153603215618
3134,0.3606,3,13,3,279273,397171,18408,107848,3.145759409453808,0.2135523613963039
3135,0.3607,9,77,9,279350,397094,18417,107839,3.1451495374477254,0.2135709094077828
3136,0.3608,23,152,23,279502,396942,18440,107816,3.143945634266886,0.21359938822168248
3137,0.3609,1,3,1,279505,396939,18441,107815,3.143921873019896,0.2135990997594868
3138,0.361,12,94,12,279599,396845,18453,107803,3.143177353947535,0.21362018674402752
3139,0.3611,0,11,0,279610,396834,18453,107803,3.1430902293752374,0.21362484320412495
3140,0.3612,11,30,11,279640,396804,18464,107792,3.1428526169053352,0.21362040127151227
3141,0.3613,4,42,4,279682,396762,18468,107788,3.1425199594474718,0.21363194926171836
3142,0.3614,2,18,2,279700,396744,18470,107786,3.1423773919655305,0.21363645372921333
3143,0.3615,3,46,3,279746,396698,18473,107783,3.142013052845013,0.21365125743090424
3144,0.3616,2,6,2,279752,396692,18475,107781,3.1419655303510328,0.21365068100770507
3145,0.3617,59,484,59,280236,396208,18534,107722,3.1381320491699403,0.21376381640307185
3146,0.3618,3,21,3,280257,396187,18537,107719,3.137965720441009,0.21376804403995983
3147,0.3619,2,8,2,280265,396179,18539,107717,3.1379023571157014,0.213768317271818
3148,0.362,14,102,14,280367,396077,18553,107703,3.137094474718033,0.21378974949382668
3149,0.3621,2,17,2,280384,396060,18555,107701,3.136959827651755,0.21379384271509705
3150,0.3622,2,16,2,280400,396044,18557,107699,3.1368331010011405,0.21379751182646706
3151,0.3623,3,54,3,280454,395990,18560,107696,3.136405398555316,0.21381575028887045
3152,0.3624,1,5,1,280459,395985,18561,107695,3.136365796476999,0.21381631194409148
3153,0.3625,39,408,39,280867,395577,18600,107656,3.133134266886326,0.21392873678792926
3154,0.3626,0,8,0,280875,395569,18600,107656,3.133070903561019,0.21393213771175915
3155,0.3627,6,56,6,280931,395513,18606,107650,3.132627360283868,0.2139465739730465
3156,0.3628,0,13,0,280944,395500,18606,107650,3.1325243948802433,0.21395210175891882
3157,0.3629,2,23,2,280967,395477,18608,107648,3.132342225319985,0.21395875776397516
3158,0.363,7,58,7,281025,395419,18615,107641,3.1318828412115067,0.21397248837116845
3159,0.3631,1,13,1,281038,395406,18616,107640,3.1317798758078825,0.21397645543349914
3160,0.3632,0,29,0,281067,395377,18616,107640,3.1315501837536432,0.21398879163129675
3161,0.3633,88,902,88,281969,394475,18704,107552,3.124405968825244,0.2142354893262713
3162,0.3634,0,3,0,281972,394472,18704,107552,3.124382207578254,0.21423676955683393
3163,0.3635,8,50,8,282022,394422,18712,107544,3.123986186795083,0.2142455863544543
3164,0.3636,1,6,1,282028,394416,18713,107543,3.1239386643011025,0.21424658189214657
3165,0.3637,4,33,4,282061,394383,18717,107539,3.12367729058421,0.21425440606309346
3166,0.3638,3,21,3,282082,394362,18720,107536,3.123510961855278,0.21425867407321805
3167,0.3639,0,5,0,282087,394357,18720,107536,3.123471359776961,0.21426080857872096
3168,0.364,17,162,17,282249,394195,18737,107519,3.122188252439488,0.21430336805430983
3169,0.3641,1,4,1,282253,394191,18738,107518,3.122156570776834,0.21430351060076658
3170,0.3642,14,172,14,282425,394019,18752,107504,3.1207942592827274,0.21435507444324586
3171,0.3643,5,59,5,282484,393960,18757,107499,3.120326954758586,0.21437246115833997
3172,0.3644,1,11,1,282495,393949,18758,107498,3.1202398301862884,0.2143755970222177
3173,0.3645,4,35,4,282530,393914,18762,107494,3.1199626156380686,0.2143842938285787
3174,0.3646,0,5,0,282535,393909,18762,107494,3.1199230135597515,0.21438643167272634
3175,0.3647,4,34,4,282569,393875,18766,107490,3.1196537194271956,0.214394702462278
3176,0.3648,3,30,3,282599,393845,18769,107487,3.119416106957293,0.2144028308585927
3177,0.3649,1,6,1,282605,393839,18770,107486,3.1193685844633126,0.21440382985089512
3178,0.365,166,1626,166,284231,392213,18936,107320,3.1064899885946016,0.21484066117753983
3179,0.3651,0,11,0,284242,392202,18936,107320,3.106402864022304,0.21484539219493837
3180,0.3652,3,32,3,284274,392170,18939,107317,3.1061494107210748,0.21485444065611317
3181,0.3653,6,40,6,284314,392130,18945,107311,3.105832594094538,0.21486221595744043
3182,0.3654,1,5,1,284319,392125,18946,107310,3.105792992016221,0.21486279495830288
3183,0.3655,4,26,4,284345,392099,18950,107306,3.1055870612089724,0.21486769255413943
3184,0.3656,0,16,0,284361,392083,18950,107306,3.105460334558358,0.21487457673276744
3185,0.3657,7,67,7,284428,392016,18957,107299,3.104929666708909,0.21489240259155043
3186,0.3658,21,148,21,284576,391868,18978,107278,3.1037574451907237,0.21492308863538925
3187,0.3659,1,11,1,284587,391857,18979,107277,3.103670320618426,0.21492625226892978
3188,0.366,16,186,16,284773,391671,18995,107261,3.102197123305031,0.21498119984286435
3189,0.3661,1,5,1,284778,391666,18996,107260,3.102157521226714,0.21498178086529865
3190,0.3662,4,37,4,284815,391629,19000,107256,3.1018644658471675,0.21499143089088668
3191,0.3663,3,31,3,284846,391598,19003,107253,3.101618932961602,0.21500007016123052
3192,0.3664,1,17,1,284863,391581,19004,107252,3.101484285895324,0.21500582359226433
3193,0.3665,5,39,5,284902,391542,19009,107247,3.1011753896844505,0.2150147657626772
3194,0.3666,1,4,1,284906,391538,19010,107246,3.101143708021797,0.21501491627638417
3195,0.3667,88,847,88,285753,390691,19098,107158,3.0944351159548855,0.21524197095906591
3196,0.3668,2,26,2,285779,390665,19100,107156,3.0942291851476367,0.21525005976043599
3197,0.3669,1,8,1,285787,390657,19101,107155,3.094165821822329,0.21525194250038168
3198,0.367,6,53,6,285840,390604,19107,107149,3.093746039792168,0.2152654027198229
3199,0.3671,5,21,5,285861,390583,19112,107144,3.093579711063237,0.21526660197256728
3200,0.3672,2,12,2,285873,390571,19114,107142,3.0934846660752755,0.21526863875365923
3201,0.3673,6,63,6,285936,390508,19120,107136,3.0929856798884807,0.21528642965654163
3202,0.3674,0,18,0,285954,390490,19120,107136,3.092843112406539,0.21529421694204082
3203,0.3675,44,447,44,286401,390043,19164,107092,3.089302686604993,0.21541834712904945
3204,0.3676,2,15,2,286416,390028,19166,107090,3.089183880370042,0.21542169062476113
3205,0.3677,5,38,5,286454,389990,19171,107085,3.0888829045748323,0.21543026706231455
3206,0.3678,2,19,2,286473,389971,19173,107083,3.088732416677227,0.2154353450530526
3207,0.3679,4,15,4,286488,389956,19177,107079,3.088613610442276,0.21543553270896415
3208,0.368,18,108,18,286596,389848,19195,107061,3.087758205550627,0.21545393623379733
3209,0.3681,1,7,1,286603,389841,19196,107060,3.0877027626409834,0.21545539252285667
3210,0.3682,3,32,3,286635,389809,19199,107057,3.087449309339754,0.21546453168459906
3211,0.3683,53,479,53,287114,389330,19252,107004,3.0836554302369787,0.2155886963214287
3212,0.3684,0,7,0,287121,389323,19252,107004,3.083599987327335,0.21559173689926198
3213,0.3685,8,39,8,287160,389284,19260,106996,3.083291091116462,0.21559603449665513
3214,0.3686,1,14,1,287174,389270,19261,106995,3.083180205297174,0.2156005360039495
3215,0.3687,7,55,7,287229,389215,19268,106988,3.0827445824356863,0.21561336791595376
3216,0.3688,4,30,4,287259,389185,19272,106984,3.0825069699657837,0.21562008106109007
3217,0.3689,0,17,0,287276,389168,19272,106984,3.0823723228995057,0.21562746900143503
3218,0.369,13,90,13,287366,389078,19285,106971,3.0816594854897983,0.21564603496831966
3219,0.3691,1,4,1,287370,389074,19286,106970,3.081627803827145,0.21564619267645613
3220,0.3692,16,150,16,287520,388924,19302,106954,3.0804397414776328,0.21568611634313278
3221,0.3693,10,76,10,287596,388848,19312,106944,3.0798377898872134,0.21570335947332753
3222,0.3694,4,11,4,287607,388837,19316,106940,3.079750665314916,0.21570181755103604
3223,0.3695,1,35,1,287642,388802,19317,106939,3.079473450766696,0.2157154643251214
3224,0.3696,1,16,1,287658,388786,19318,106938,3.0793467241160815,0.21572084466356278
3225,0.3697,4,29,4,287687,388757,19322,106934,3.0791170320618426,0.21572713646202976
3226,0.3698,3,17,3,287704,388740,19325,106931,3.0789823849955646,0.21572978850891014
3227,0.3699,0,11,0,287715,388729,19325,106931,3.078895260423267,0.2157345761207279
3228,0.37,495,4948,495,292663,383781,19820,106436,3.0397050437206943,0.21712017331100308
3229,0.3701,2,4,2,292667,383777,19822,106434,3.039673362058041,0.21711875090522245
3230,0.3702,2,28,2,292695,383749,19824,106432,3.039451590419465,0.2171279588560144
3231,0.3703,3,32,3,292727,383717,19827,106429,3.039198137118236,0.21713734275093544
3232,0.3704,1,12,1,292739,383705,19828,106428,3.039103092130275,0.21714106171182107
3233,0.3705,2,38,2,292777,383667,19830,106426,3.038802116335065,0.21715470329100803
3234,0.3706,1,10,1,292787,383657,19831,106425,3.038722912178431,0.21715753690198783
3235,0.3707,8,74,8,292861,383583,19839,106417,3.0381368014193386,0.21717755102040817
3236,0.3708,11,148,11,293009,383435,19850,106406,3.036964579901153,0.21722558952803053
3237,0.3709,0,1,0,293010,383434,19850,106406,3.0369566594854898,0.2172260329903642
3238,0.371,13,91,13,293101,383343,19863,106393,3.036235901660119,0.21724561804727446
3239,0.3711,1,5,1,293106,383338,19864,106392,3.036196299581802,0.21724623772282686
3240,0.3712,4,18,4,293124,383320,19868,106388,3.0360537320998606,0.21724782931869605
3241,0.3713,6,62,6,293186,383258,19874,106382,3.0355626663287287,0.21726574626256026
3242,0.3714,0,10,0,293196,383248,19874,106382,3.035483462172095,0.21727018360803055
3243,0.3715,2,38,2,293234,383210,19876,106380,3.0351824863768853,0.21728384975183318
3244,0.3716,1,3,1,293237,383207,19877,106379,3.035158725129895,0.21728358245538068
3245,0.3717,42,489,42,293726,382718,19919,106337,3.031285641870485,0.21743362198525729
3246,0.3718,5,25,5,293751,382693,19924,106332,3.0310876314789,0.21743673636317162
3247,0.3719,1,12,1,293763,382681,19925,106331,3.030992586490939,0.21744047180846277
3248,0.372,12,99,12,293862,382582,19937,106319,3.030208465340261,0.21746529460974717
3249,0.3721,1,20,1,293882,382562,19938,106318,3.0300500570269926,0.21747259041073475
3250,0.3722,5,21,5,293903,382541,19943,106313,3.0298837282980613,0.21747392882128405
3251,0.3723,5,59,5,293962,382482,19948,106308,3.02941642377392,0.21749217455348924
3252,0.3724,0,6,0,293968,382476,19948,106308,3.029368901279939,0.21749484434842384
3253,0.3725,46,417,46,294385,382059,19994,106262,3.0260660879482955,0.21760686106065477
3254,0.3726,1,13,1,294398,382046,19995,106261,3.0259631225446713,0.21761105206355838
3255,0.3727,6,42,6,294440,382004,20001,106255,3.0256304650868078,0.2176201565152921
3256,0.3728,4,24,4,294464,381980,20005,106251,3.025440375110886,0.2176244441667981
3257,0.3729,5,26,5,294490,381954,20010,106246,3.025234444303637,0.21762802130274478
3258,0.373,12,54,12,294544,381900,20022,106234,3.024806741857813,0.21763286310726154
3259,0.3731,1,5,1,294549,381895,20023,106233,3.0247671397794957,0.21763348957650452
3260,0.3732,2,27,2,294576,381868,20025,106231,3.0245532885565836,0.21764232256161148
3261,0.3733,90,865,90,295441,381003,20115,106141,3.01770212900773,0.2178842395677664
3262,0.3734,0,9,0,295450,380994,20115,106141,3.0176308452667597,0.21788826505999365
3263,0.3735,3,36,3,295486,380958,20118,106138,3.0173457103028767,0.21789955162842642
3264,0.3736,2,7,2,295493,380951,20120,106136,3.017290267393233,0.2178994717576121
3265,0.3737,1,35,1,295528,380916,20121,106135,3.017013052845013,0.2179135244563711
3266,0.3738,3,39,3,295567,380877,20124,106132,3.01670415663414,0.2179261574221421
3267,0.3739,1,10,1,295577,380867,20125,106131,3.016624952477506,0.2179290264025725
3268,0.374,16,191,16,295768,380676,20141,106115,3.015112153085794,0.2179888288813885
3269,0.3741,0,1,0,295769,380675,20141,106115,3.0151042326701307,0.21798927669015386
3270,0.3742,20,165,20,295934,380510,20161,106095,3.0137973640856672,0.2180310518798615
3271,0.3743,7,51,7,295985,380459,20168,106088,3.0133934228868333,0.2180426556941056
3272,0.3744,0,10,0,295995,380449,20168,106088,3.013314218730199,0.21804713721669677
3273,0.3745,6,35,6,296030,380414,20174,106082,3.0130370041819794,0.21805318029336315
3274,0.3746,1,13,1,296043,380401,20175,106081,3.012934038778355,0.21805739986268763
3275,0.3747,4,34,4,296077,380367,20179,106077,3.012664744645799,0.21806621111577076
3276,0.3748,2,25,2,296102,380342,20181,106075,3.0124667342542137,0.21807420382100132
3277,0.3749,1,9,1,296111,380333,20182,106074,3.012395450513243,0.21807663129848048
3278,0.375,186,1704,186,297815,378629,20368,105888,2.9988990622227853,0.2185434154013172
3279,0.3751,1,15,1,297830,378614,20369,105887,2.998780255987834,0.21854856852720633
3280,0.3752,2,33,2,297863,378581,20371,105885,2.9985188822709414,0.21856022920081078
3281,0.3753,6,46,6,297909,378535,20377,105879,2.9981545431504246,0.21857130471043365
3282,0.3754,3,3,3,297912,378532,20380,105876,2.998130781903434,0.21856781886343743
3283,0.3755,1,39,1,297951,378493,20381,105875,2.997821885692561,0.21858380404981337
3284,0.3756,1,9,1,297960,378484,20382,105874,2.9977506019515903,0.2185862523175007
3285,0.3757,7,58,7,298018,378426,20389,105867,2.9972912178431126,0.2186011360891031
3286,0.3758,14,129,14,298147,378297,20403,105853,2.996269484222532,0.21863678612000412
3287,0.3759,1,12,1,298159,378285,20404,105852,2.996174439234571,0.21864059140284672
3288,0.376,15,185,15,298344,378100,20419,105837,2.9947091623368394,0.21869995474617565
3289,0.3761,0,12,0,298356,378088,20419,105837,2.9946141173488785,0.2187053778994679
3290,0.3762,7,29,7,298385,378059,20426,105830,2.9943844252946397,0.21870718284565263
3291,0.3763,4,26,4,298411,378033,20430,105826,2.994178494487391,0.21871247615524358
3292,0.3764,3,15,3,298426,378018,20433,105823,2.9940596882524395,0.21871441237927336
3293,0.3765,6,31,6,298457,377987,20439,105817,2.9938141553668736,0.2187187373399145
3294,0.3766,0,3,0,298460,377984,20439,105817,2.9937903941198836,0.2187200935922001
3295,0.3767,112,894,112,299354,377090,20551,105705,2.9867095425167913,0.21894385815926015
3296,0.3768,2,16,2,299370,377074,20553,105703,2.9865828158661767,0.21894787862719226
3297,0.3769,0,6,0,299376,377068,20553,105703,2.9865352933721963,0.21895059976676312
3298,0.377,4,81,4,299457,376987,20557,105699,2.9858937397034597,0.21898086955080528
3299,0.3771,2,16,2,299473,376971,20559,105697,2.985767013052845,0.21898489230692733
3300,0.3772,5,18,5,299491,376953,20564,105692,2.9856244455709033,0.21898496824788405
3301,0.3773,5,54,5,299545,376899,20569,105687,2.985196743125079,0.21900138006490036
3302,0.3774,1,5,1,299550,376894,20570,105686,2.9851571410467623,0.219002030751378
3303,0.3775,39,481,39,300031,376413,20609,105647,2.98134742111266,0.21915736630294985
3304,0.3776,1,9,1,300040,376404,20610,105646,2.9812761373716894,0.21915983819105903
3305,0.3777,6,26,6,300066,376378,20616,105640,2.9810702065644406,0.219161940010539
3306,0.3778,1,17,1,300083,376361,20617,105639,2.9809355594981626,0.21916804979253113
3307,0.3779,4,14,4,300097,376347,20621,105635,2.9808246736788746,0.2191679357320398
3308,0.378,9,108,9,300205,376239,20630,105626,2.979969268787226,0.21920247372189305
3309,0.3781,1,5,1,300210,376234,20631,105625,2.979929666708909,0.21920312788595833
3310,0.3782,7,23,7,300233,376211,20638,105618,2.9797474971486504,0.21920224810046718
3311,0.3783,53,482,53,300715,375729,20691,105565,2.975929856798885,0.21933579059784664
3312,0.3784,1,6,1,300721,375723,20692,105564,2.975882334304904,0.21933690292902155
3313,0.3785,4,41,4,300762,375682,20696,105560,2.9755575972627044,0.21934910086817028
3314,0.3786,2,14,2,300776,375668,20698,105558,2.9754467114434164,0.2193522378258864
3315,0.3787,6,50,6,300826,375618,20704,105552,2.975050690660246,0.21936529708834715
3316,0.3788,2,17,2,300843,375601,20706,105550,2.974916043593968,0.21936980282697116
3317,0.3789,0,8,0,300851,375593,20706,105550,2.9748526802686603,0.21937345030479505
3318,0.379,12,90,12,300941,375503,20718,105538,2.9741398428589534,0.21939502038287798
3319,0.3791,1,8,1,300949,375495,20719,105537,2.974076479533646,0.21939704635034676
3320,0.3792,20,165,20,301114,375330,20739,105517,2.972769610949183,0.21943986340769517
3321,0.3793,8,77,8,301191,375253,20747,105509,2.9721597389430996,0.21946202070879145
3322,0.3794,1,7,1,301198,375246,20748,105508,2.972104296033456,0.21946359260661377
3323,0.3795,2,42,2,301240,375204,20750,105506,2.9717716385755923,0.21947951987684883
3324,0.3796,2,13,2,301253,375191,20752,105504,2.971668673171968,0.21948220805292337
3325,0.3797,3,37,3,301290,375154,20755,105501,2.9713756177924218,0.2194942318294827
3326,0.3798,4,27,4,301317,375127,20759,105497,2.9711617665695096,0.2195000665801125
3327,0.3799,0,4,0,301321,375123,20759,105497,2.971130084906856,0.21950189338770754
3328,0.38,486,4922,486,306243,370201,21245,105011,2.9321457990115323,0.2209771638763331
3329,0.3801,1,5,1,306248,370196,21246,105010,2.932106196933215,0.220977849606276
3330,0.3802,2,29,2,306277,370167,21248,105008,2.931876504878976,0.22098805703161992
3331,0.3803,3,41,3,306318,370126,21251,105005,2.931551767836776,0.2210022078121613
3332,0.3804,4,5,4,306323,370121,21255,105001,2.931512165758459,0.2209979752568814
3333,0.3805,3,34,3,306357,370087,21258,104998,2.931242871625903,0.2210088720965722
3334,0.3806,0,2,0,306359,370085,21258,104998,2.931227030794576,0.22100980249766883
3335,0.3807,9,65,9,306424,370020,21267,104989,2.930712203776454,0.2210252858366894
3336,0.3808,18,159,18,306583,369861,21285,104971,2.9294528576859715,0.2210697678336759
3337,0.3809,2,5,2,306588,369856,21287,104969,2.9294132556076544,0.22106881482651503
3338,0.381,14,83,14,306671,369773,21301,104955,2.928755861107591,0.221084494700123
3339,0.3811,1,8,1,306679,369765,21302,104954,2.9286924977822837,0.22108657963974476
3340,0.3812,8,31,8,306710,369734,21310,104946,2.9284469648967177,0.22108789078958457
3341,0.3813,3,41,3,306751,369693,21313,104943,2.9281222278545176,0.22110206558288878
3342,0.3814,1,20,1,306771,369673,21314,104942,2.9279638195412496,0.22110974158001748
3343,0.3815,7,20,7,306791,369653,21321,104935,2.927805411227981,0.22110757119859753
3344,0.3816,1,5,1,306796,369648,21322,104934,2.927765809149664,0.22110825947886772
3345,0.3817,55,478,55,307274,369170,21377,104879,2.9239798504625525,0.22124084219141904
3346,0.3818,3,40,3,307314,369130,21380,104876,2.9236630338360157,0.2212545832753172
3347,0.3819,1,10,1,307324,369120,21381,104875,2.9235838296793815,0.22125760820261817
3348,0.382,12,115,12,307439,369005,21393,104863,2.922672981878089,0.2212915833101201
3349,0.3821,2,12,2,307451,368993,21395,104861,2.922577936890128,0.22129390065294374
3350,0.3822,3,27,3,307478,368966,21398,104858,2.922364085667216,0.22130158033362599
3351,0.3823,2,51,2,307529,368915,21400,104856,2.9219601444683816,0.2213221155368311
3352,0.3824,0,18,0,307547,368897,21400,104856,2.9218175769864403,0.22133052455604502
3353,0.3825,58,465,58,308012,368432,21458,104798,2.918134583702953,0.22145257063161677
3354,0.3826,0,9,0,308021,368423,21458,104798,2.918063299961982,0.22145678234905045
3355,0.3827,6,60,6,308081,368363,21464,104792,2.917588075022177,0.2214749923386628
3356,0.3828,2,19,2,308100,368344,21466,104790,2.917437587124572,0.22148059534930908
3357,0.3829,3,33,3,308133,368311,21469,104787,2.9171762134076795,0.22149110755065546
3358,0.383,4,79,4,308212,368232,21473,104783,2.91655050057027,0.22152151623098634
3359,0.3831,1,6,1,308218,368226,21474,104782,2.9165029780762897,0.2215226803774989
3360,0.3832,5,24,5,308242,368202,21479,104777,2.9163128881003675,0.2215256914154751
3361,0.3833,94,867,94,309109,367335,21573,104683,2.9094458877201874,0.22177755933036453
3362,0.3834,0,8,0,309117,367327,21573,104683,2.9093825243948803,0.22178131819241118
3363,0.3835,5,52,5,309169,367275,21578,104678,2.9089706627803826,0.22179750949776778
3364,0.3836,2,7,2,309176,367268,21580,104676,2.908915219870739,0.22179750139847101
3365,0.3837,2,30,2,309206,367238,21582,104674,2.9086776074008363,0.2218083032429775
3366,0.3838,9,32,9,309238,367206,21591,104665,2.908424154099607,0.22180850274757297
3367,0.3839,0,5,0,309243,367201,21591,104665,2.90838455202129,0.22181085308117135
3368,0.384,14,148,14,309391,367053,21605,104651,2.907212330503105,0.22185735122025677
3369,0.3841,0,6,0,309397,367047,21605,104651,2.9071648080091244,0.22186017324644158
3370,0.3842,8,176,8,309573,366871,21613,104643,2.9057708148523633,0.2219297836331477
3371,0.3843,6,61,6,309634,366810,21619,104637,2.905287669496895,0.22194859655486196
3372,0.3844,1,9,1,309643,366801,21620,104636,2.9052163857559243,0.2219511832970259
3373,0.3845,5,29,5,309672,366772,21625,104631,2.9049866937016855,0.22195658491778797
3374,0.3846,3,14,3,309686,366758,21628,104628,2.9048758078823975,0.22195822531852877
3375,0.3847,4,34,4,309720,366724,21632,104624,2.9046065137498416,0.22196763325610802
3376,0.3848,7,21,7,309741,366703,21639,104617,2.90444018502091,0.22196596791988457
3377,0.3849,1,3,1,309744,366700,21640,104616,2.90441642377392,0.22196572999855724
3378,0.385,180,1674,180,311418,365026,21820,104436,2.8911576479533645,0.22245889976185507
3379,0.3851,0,10,0,311428,365016,21820,104436,2.8910784437967303,0.2224636384550497
3380,0.3852,7,30,7,311458,364986,21827,104429,2.890840831326828,0.2224662611974479
3381,0.3853,6,42,6,311500,364944,21833,104423,2.8905081738689646,0.22247622862280475
3382,0.3854,3,12,3,311512,364932,21836,104420,2.8904131288810038,0.22247694693961034
3383,0.3855,7,41,7,311553,364891,21843,104413,2.8900883918388036,0.22248478598094198
3384,0.3856,1,15,1,311568,364876,21844,104412,2.8899695856038523,0.2224902405345971
3385,0.3857,8,42,8,311610,364834,21852,104404,2.8896369281459893,0.22249689922811025
3386,0.3858,20,165,20,311775,364669,21872,104384,2.8883300595615258,0.2225420155078424
3387,0.3859,0,9,0,311784,364660,21872,104384,2.888258775820555,0.22254628563631557
3388,0.386,12,158,12,311942,364502,21884,104372,2.8870073501457356,0.22260138118129819
3389,0.3861,1,11,1,311953,364491,21885,104371,2.886920225573438,0.22260494559166663
3390,0.3862,7,44,7,311997,364447,21892,104364,2.886571727284248,0.22261423046814174
3391,0.3863,4,27,4,312024,364420,21896,104360,2.8863578760613358,0.22262041895985324
3392,0.3864,1,15,1,312039,364405,21897,104359,2.8862390698263845,0.22262588424025737
3393,0.3865,4,45,4,312084,364360,21901,104355,2.885882651121531,0.2226406238332462
3394,0.3866,0,8,0,312092,364352,21901,104355,2.8858192877962234,0.22264442391515382
3395,0.3867,91,822,91,312914,363530,21992,104264,2.8793087061208973,0.2228844320363237
3396,0.3868,3,28,3,312942,363502,21995,104261,2.879086934482322,0.22289278972471102
3397,0.3869,2,10,2,312952,363492,21997,104259,2.8790077303256876,0.2228942321876383
3398,0.387,8,58,8,313010,363434,22005,104251,2.8785483462172095,0.22290858163079852
3399,0.3871,3,23,3,313033,363411,22008,104248,2.878366176656951,0.22291455954017778
3400,0.3872,6,18,6,313051,363393,22014,104242,2.8782236091750093,0.22291316945908668
3401,0.3873,6,49,6,313100,363344,22020,104236,2.877835508807502,0.22292655802215663
3402,0.3874,1,12,1,313112,363332,22021,104235,2.877740463819541,0.22293061743022924
3403,0.3875,45,433,45,313545,362899,22066,104190,2.874310923837283,0.2230624142294081
3404,0.3876,3,8,3,313553,362891,22069,104187,2.8742475605119755,0.22306124458869825
3405,0.3877,12,52,12,313605,362839,22081,104175,2.8738356988974783,0.22306611793222472
3406,0.3878,0,23,0,313628,362816,22081,104175,2.8736535293372194,0.22307710426967542
3407,0.3879,0,14,0,313642,362802,22081,104175,2.873542643517932,0.22308379213537283
3408,0.388,21,103,21,313745,362699,22102,104154,2.8727268407046003,0.22309806298770704
3409,0.3881,2,8,2,313753,362691,22104,104152,2.8726634773792927,0.2230985577592467
3410,0.3882,4,20,4,313773,362671,22108,104148,2.8725050690660248,0.22310145902373296
3411,0.3883,47,519,47,314292,362152,22155,104101,2.8683943733367125,0.22327148565263924
3412,0.3884,0,4,0,314296,362148,22155,104101,2.868362691674059,0.22327340112257613
3413,0.3885,2,42,2,314338,362106,22157,104099,2.8680300342161957,0.22329018350296542
3414,0.3886,1,13,1,314351,362093,22158,104098,2.867927068812571,0.22329474399977692
3415,0.3887,6,44,6,314395,362049,22164,104092,2.867578570523381,0.22330582377435154
3416,0.3888,4,22,4,314417,362027,22168,104088,2.867404321378786,0.22330969825043176
3417,0.3889,1,6,1,314423,362021,22169,104087,2.8673567988848054,0.22331090648519228
3418,0.389,12,117,12,314540,361904,22181,104075,2.866430110252186,0.2233469748636741
3419,0.3891,0,6,0,314546,361898,22181,104075,2.8663825877582054,0.223349850742425
3420,0.3892,15,173,15,314719,361725,22196,104060,2.865012355848435,0.22340779544210312
3421,0.3893,6,44,6,314763,361681,22202,104054,2.8646638575592447,0.22341889701224946
3422,0.3894,3,21,3,314784,361660,22205,104051,2.864497528830313,0.22342396894211217
3423,0.3895,4,40,4,314824,361620,22209,104047,2.8641807122037766,0.2234364900239871
3424,0.3896,1,13,1,314837,361607,22210,104046,2.864077746800152,0.22344106018859536
3425,0.3897,1,32,1,314869,361575,22211,104045,2.8638242934989226,0.22345474850736652
3426,0.3898,2,19,2,314888,361556,22213,104043,2.863673805601318,0.2234605314873958
3427,0.3899,0,14,0,314902,361542,22213,104043,2.86356291978203,0.22346725087792776
3428,0.39,499,4889,499,319791,356653,22712,103544,2.824840007603599,0.22499929378070696
3429,0.3901,0,10,0,319801,356643,22712,103544,2.824760803446965,0.22500418308209488
3430,0.3902,4,24,4,319825,356619,22716,103540,2.824570713471043,0.2250091816089656
3431,0.3903,4,21,4,319846,356598,22720,103536,2.8244043847421114,0.22501271368775183
3432,0.3904,1,10,1,319856,356588,22721,103535,2.824325180585477,0.22501591965626583
3433,0.3905,3,36,3,319892,356552,22724,103532,2.824040045621594,0.22502847306144094
3434,0.3906,1,11,1,319903,356541,22725,103531,2.8239529210492966,0.22503216887791477
3435,0.3907,12,79,12,319982,356462,22737,103519,2.8233272082118868,0.22505059991608348
3436,0.3908,16,148,16,320130,356314,22753,103503,2.8221549866937017,0.22509607082817729
3437,0.3909,0,3,0,320133,356311,22753,103503,2.8221312254467112,0.22509753943986047
3438,0.391,7,94,7,320227,356217,22760,103496,2.8213867063743505,0.2251317669937548
3439,0.3911,2,9,2,320236,356208,22762,103494,2.8213154226333796,0.2251328034248274
3440,0.3912,7,34,7,320270,356174,22769,103487,2.8210461285008237,0.22513765579416134
3441,0.3913,11,54,11,320324,356120,22780,103476,2.8206184260549994,0.22514556262456592
3442,0.3914,2,13,2,320337,356107,22782,103474,2.820515460651375,0.22514855923112576
3443,0.3915,4,35,4,320372,356072,22786,103470,2.8202382461031554,0.22515896261930357
3444,0.3916,1,13,1,320385,356059,22787,103469,2.8201352806995312,0.22516364617607632
3445,0.3917,57,522,57,320907,355537,22844,103412,2.816000823723229,0.22532351089118835
3446,0.3918,6,36,6,320943,355501,22850,103406,2.815715688759346,0.22533105836258763
3447,0.3919,1,11,1,320954,355490,22851,103405,2.8156285641870484,0.22533477157083864
3448,0.392,13,113,13,321067,355377,22864,103392,2.8147335572170826,0.2253683226198806
3449,0.3921,3,14,3,321081,355363,22867,103389,2.814622671397795,0.22537013462611608
3450,0.3922,2,21,2,321102,355342,22869,103387,2.8144563426688634,0.22537707448188363
3451,0.3923,4,46,4,321148,355296,22873,103383,2.814092003548346,0.22539292184730497
3452,0.3924,1,3,1,321151,355293,22874,103382,2.814068242301356,0.22539270725459204
3453,0.3925,44,445,44,321596,354848,22918,103338,2.8105436573311366,0.22553722723959266
3454,0.3926,1,13,1,321609,354835,22919,103337,2.8104406919275124,0.22554193621609353
3455,0.3927,9,56,9,321665,354779,22928,103328,2.809997148650361,0.22555429190123705
3456,0.3928,6,26,6,321691,354753,22934,103322,2.8097912178431126,0.2255569502810675
3457,0.3929,2,15,2,321706,354738,22936,103320,2.8096724116081613,0.2255609551628833
3458,0.393,4,66,4,321772,354672,22940,103316,2.809149664174376,0.2255866965946706
3459,0.3931,0,5,0,321777,354667,22940,103316,2.809110062096059,0.22558915942294802
3460,0.3932,1,31,1,321808,354636,22941,103315,2.808864529210493,0.2256027391576828
3461,0.3933,108,876,108,322684,353760,23049,103207,2.801926245089342,0.22585219501627032
3462,0.3934,1,10,1,322694,353750,23050,103206,2.8018470409327083,0.22585544341249486
3463,0.3935,5,46,5,322740,353704,23055,103201,2.801482701812191,0.225869710333658
3464,0.3936,0,14,0,322754,353690,23055,103201,2.8013718159929035,0.22587663140661557
3465,0.3937,5,35,5,322789,353655,23060,103196,2.801094601444684,0.22588546375076338
3466,0.3938,7,35,7,322824,353620,23067,103189,2.8008173868964645,0.22589090845408036
3467,0.3939,0,7,0,322831,353613,23067,103189,2.8007619439868203,0.2258943699896235
3468,0.394,31,195,31,323026,353418,23098,103158,2.7992174629324547,0.22593828847771236
3469,0.3941,0,10,0,323036,353408,23098,103158,2.7991382587758205,0.22594323712234377
3470,0.3942,17,160,17,323196,353248,23115,103141,2.7978709922696745,0.22599361509589408
3471,0.3943,5,43,5,323239,353205,23120,103136,2.7975304143961477,0.22600642940257396
3472,0.3944,3,6,3,323245,353199,23123,103133,2.797482891902167,0.22600431264956217
3473,0.3945,4,25,4,323270,353174,23127,103129,2.7972848815105817,0.22600991008167817
3474,0.3946,0,6,0,323276,353168,23127,103129,2.7972373590166013,0.22601288196065283
3475,0.3947,5,39,5,323315,353129,23132,103124,2.7969284628057283,0.2260237192960923
3476,0.3948,5,36,5,323351,353093,23137,103119,2.796643327841845,0.22603307234355957
3477,0.3949,1,5,1,323356,353088,23138,103118,2.796603725763528,0.2260338531277537
3478,0.395,180,1554,180,324910,351534,23318,102938,2.784295399822583,0.22650020243271313
3479,0.3951,2,5,2,324915,351529,23320,102936,2.7842557977442657,0.22649929037439626
3480,0.3952,4,24,4,324939,351505,23324,102932,2.7840657077683435,0.22650444396032893
3481,0.3953,4,22,4,324961,351483,23328,102928,2.7838914586237484,0.22650860124424804
3482,0.3954,2,11,2,324972,351472,23330,102926,2.783804334051451,0.22651068006461297
3483,0.3955,2,30,2,325002,351442,23332,102924,2.7835667215815487,0.22652223097678964
3484,0.3956,0,14,0,325016,351428,23332,102924,2.7834558357622607,0.22652921083213015
3485,0.3957,5,53,5,325069,351375,23337,102919,2.7830360537320997,0.2265471258700313
3486,0.3958,25,150,25,325219,351225,23362,102894,2.7818479913825875,0.2265793767712868
3487,0.3959,1,0,1,325219,351225,23363,102893,2.7818479913825875,0.2265776736442951
3488,0.396,17,192,17,325411,351033,23380,102876,2.7803272715752123,0.22664454769568348
3489,0.3961,0,11,0,325422,351022,23380,102876,2.7802401470029148,0.22665004031742814
3490,0.3962,2,28,2,325450,350994,23382,102874,2.7800183753643393,0.22666061498056703
3491,0.3963,3,31,3,325481,350963,23385,102871,2.7797728424787733,0.2266709854263894
3492,0.3964,3,8,3,325489,350955,23388,102868,2.779709479153466,0.22666986908993153
3493,0.3965,5,36,5,325525,350919,23393,102863,2.779424344189583,0.22667933060368195
3494,0.3966,0,10,0,325535,350909,23393,102863,2.779345140032949,0.22668432604920533
3495,0.3967,104,902,104,326437,350007,23497,102759,2.7722009251045496,0.22695829633850598
3496,0.3968,3,16,3,326453,349991,23500,102756,2.772074198453935,0.22696119466280285
3497,0.3969,1,7,1,326460,349984,23501,102755,2.772018755544291,0.22696299634005465
3498,0.397,4,58,4,326518,349926,23505,102751,2.771559371435813,0.22698524555035932
3499,0.3971,3,17,3,326535,349909,23508,102748,2.771424724369535,0.22698864703296315
3500,0.3972,2,13,2,326548,349896,23510,102746,2.7713217589659105,0.22699175065504307
3501,0.3973,8,68,8,326616,349828,23518,102738,2.770783170700798,0.22701219269675582
3502,0.3974,1,14,1,326630,349814,23519,102737,2.7706722848815106,0.22701750741905333
3503,0.3975,54,455,54,327085,349359,23573,102683,2.7670684957546574,0.22715367156149208
3504,0.3976,3,11,3,327096,349348,23576,102680,2.7669813711823594,0.2271540701018521
3505,0.3977,4,45,4,327141,349303,23580,102676,2.766624952477506,0.2271698463866684
3506,0.3978,2,18,2,327159,349285,23582,102674,2.7664823849955646,0.2271754738814804
3507,0.3979,1,19,1,327178,349266,23583,102673,2.7663318970979596,0.22718331456236351
3508,0.398,14,114,14,327292,349152,23597,102659,2.7654289697123304,0.22721669016469276
3509,0.3981,1,5,1,327297,349147,23598,102658,2.7653893676340133,0.22721749427297175
3510,0.3982,5,22,5,327319,349125,23603,102653,2.7652151184894183,0.22722000628627334
3511,0.3983,69,449,69,327768,348676,23672,102584,2.7616588518565455,0.2273279262509418
3512,0.3984,1,5,1,327773,348671,23673,102583,2.7616192497782284,0.22732873282009688
3513,0.3985,4,35,4,327808,348636,23677,102579,2.7613420352300087,0.22733951663840962
3514,0.3986,4,10,4,327818,348626,23681,102575,2.761262831073375,0.2273377053685608
3515,0.3987,2,46,2,327864,348580,23683,102573,2.7608984919528576,0.22735745966445972
3516,0.3988,5,25,5,327889,348555,23688,102568,2.760700481561272,0.2273614956453118
3517,0.3989,0,14,0,327903,348541,23688,102568,2.7605895957419846,0.22736855172474946
3518,0.399,10,108,10,328011,348433,23698,102558,2.759734190850336,0.22740586840979088
3519,0.3991,2,4,2,328015,348429,23700,102556,2.759702509187682,0.2274044591283524
3520,0.3992,20,151,20,328166,348278,23720,102536,2.7585065264225066,0.2274463525977454
3521,0.3993,7,78,7,328244,348200,23727,102529,2.7578887340007605,0.22747371480423936
3522,0.3994,1,6,1,328250,348194,23728,102528,2.75784121150678,0.22747502895354565
3523,0.3995,5,28,5,328278,348166,23733,102523,2.757619439868204,0.22748059082870895
3524,0.3996,2,13,2,328291,348153,23735,102521,2.75751647446458,0.22748372437726605
3525,0.3997,3,36,3,328327,348117,23738,102518,2.757231339500697,0.2274967545796487
3526,0.3998,5,25,5,328352,348092,23743,102513,2.757033329109112,0.22750080447398496
3527,0.3999,1,4,1,328356,348088,23744,102512,2.757001647446458,0.2275011096316023
3528,0.4,559,4769,559,333125,343319,24303,101953,2.7192291851476367,0.22896791174832462
3529,0.4001,0,5,0,333130,343314,24303,101953,2.7191895830693196,0.22897048287881203
3530,0.4002,3,33,3,333163,343281,24306,101950,2.718928209352427,0.22898225864775812
3531,0.4003,3,46,3,333209,343235,24309,101947,2.7185638702319097,0.22900072329968418
3532,0.4004,2,20,2,333229,343215,24311,101945,2.7184054619186413,0.2290075478479648
3533,0.4005,6,22,6,333251,343193,24317,101939,2.7182312127740462,0.2290084738908908
3534,0.4006,2,10,2,333261,343183,24319,101937,2.7181520086174125,0.2290101545650611
3535,0.4007,11,75,11,333336,343108,24330,101926,2.7175579774426564,0.22902969211341156
3536,0.4008,13,155,13,333491,342953,24343,101913,2.716330313014827,0.22908696101747492
3537,0.4009,0,2,0,333493,342951,24343,101913,2.7163144721835,0.22908799093655588
3538,0.401,10,112,10,333605,342839,24353,101903,2.715427385629198,0.22912834857063197
3539,0.4011,2,6,2,333611,342833,24355,101901,2.7153798631352175,0.22912797312550873
3540,0.4012,6,35,6,333646,342798,24361,101895,2.715102648586998,0.2291356059123935
3541,0.4013,3,53,3,333699,342745,24364,101892,2.7146828665568368,0.22915771741892824
3542,0.4014,1,18,1,333717,342727,24365,101891,2.7145402990748955,0.22916526096559295
3543,0.4015,4,32,4,333749,342695,24369,101887,2.714286845773666,0.22917482039308834
3544,0.4016,1,8,1,333757,342687,24370,101886,2.714223482448359,0.22917721049186524
3545,0.4017,60,440,60,334197,342247,24430,101826,2.7107384995564567,0.22930013758999082
3546,0.4018,3,36,3,334233,342211,24433,101823,2.7104533645925737,0.22931352103667738
3547,0.4019,0,5,0,334238,342206,24433,101823,2.7104137625142566,0.2293161032274919
3548,0.402,9,106,9,334344,342100,24442,101814,2.709574198453935,0.22935523547353767
3549,0.4021,2,21,2,334365,342079,24444,101812,2.7094078697250032,0.229362613794828
3550,0.4022,0,28,0,334393,342051,24444,101812,2.7091860980864277,0.22937708256826994
3551,0.4023,2,34,2,334427,342017,24446,101810,2.7089168039538714,0.22939118169917558
3552,0.4024,0,10,0,334437,342007,24446,101810,2.708837599797237,0.22939635029753255
3553,0.4025,58,463,58,334900,341544,24504,101752,2.705170447345077,0.22953511874684185
3554,0.4026,4,9,4,334909,341535,24508,101748,2.705099163604106,0.22953282665926733
3555,0.4027,7,59,7,334968,341476,24515,101741,2.7046318590799645,0.22955121306267584
3556,0.4028,2,28,2,334996,341448,24517,101739,2.704410087441389,0.22956223896459058
3557,0.4029,5,15,5,335011,341433,24522,101734,2.7042912812064377,0.2295613166142786
3558,0.403,5,56,5,335067,341377,24527,101729,2.7038477379292867,0.22958163509408583
3559,0.4031,0,11,0,335078,341366,24527,101729,2.703760613356989,0.22958733454451077
3560,0.4032,4,27,4,335105,341339,24531,101725,2.703546762134077,0.22959437011357275
3561,0.4033,120,855,120,335960,340484,24651,101605,2.6967748067418578,0.22982928776784764
3562,0.4034,2,3,2,335963,340481,24653,101603,2.6967510454948678,0.22982736312555985
3563,0.4035,11,36,11,335999,340445,24664,101592,2.6964659105309847,0.22982691494150942
3564,0.4036,1,15,1,336014,340430,24665,101591,2.6963471042960334,0.22983297173663694
3565,0.4037,6,46,6,336060,340384,24671,101585,2.6959827651755166,0.22984643719355882
3566,0.4038,2,28,2,336088,340356,24673,101583,2.6957609935369407,0.2298575142723317
3567,0.4039,1,7,1,336095,340349,24674,101582,2.695705550627297,0.22985941244221383
3568,0.404,19,167,19,336262,340182,24693,101563,2.6943828412115067,0.2299131852086611
3569,0.4041,1,6,1,336268,340176,24694,101562,2.6943353187175263,0.2299145647419964
3570,0.4042,26,189,26,336457,339987,24720,101536,2.692838360157141,0.2299676347551543
3571,0.4043,2,70,2,336527,339917,24722,101534,2.692283931060702,0.23000061161940963
3572,0.4044,1,13,1,336540,339904,24723,101533,2.692180965657078,0.23000564066899692
3573,0.4045,2,26,2,336566,339878,24725,101531,2.691975034849829,0.23001569972519817
3574,0.4046,1,10,1,336576,339868,24726,101530,2.691895830693195,0.23001916637592376
3575,0.4047,6,50,6,336626,339818,24732,101524,2.6914998099100242,0.23003475762560555
3576,0.4048,3,30,3,336656,339788,24735,101521,2.6912621974401216,0.23004516110027215
3577,0.4049,0,12,0,336668,339776,24735,101521,2.6911671524521608,0.23005141661964618
3578,0.405,179,1661,179,338329,338115,24914,101342,2.67801134203523,0.23060731766703
3579,0.4051,3,9,3,338338,338106,24917,101339,2.677940058294259,0.23060678810772678
3580,0.4052,5,27,5,338365,338079,24922,101334,2.677726207071347,0.23061220309822422
3581,0.4053,6,33,6,338398,338046,24928,101328,2.6774648333544544,0.23061901705608434
3582,0.4054,0,7,0,338405,338039,24928,101328,2.6774093904448106,0.23062269128086543
3583,0.4055,4,36,4,338441,338003,24932,101324,2.6771242554809276,0.23063458426183686
3584,0.4056,1,9,1,338450,337994,24933,101323,2.6770529717399567,0.23063755784547377
3585,0.4057,8,71,8,338521,337923,24941,101315,2.6764906222278544,0.23066082624909504
3586,0.4058,13,175,13,338696,337748,24954,101302,2.675104549486757,0.23072998519530805
3587,0.4059,0,4,0,338700,337744,24954,101302,2.6750728678241034,0.23073208729836964
3588,0.406,24,182,24,338882,337562,24978,101278,2.673631352173362,0.2307857077750433
3589,0.4061,0,8,0,338890,337554,24978,101278,2.673567988848055,0.23078991504721624
3590,0.4062,4,29,4,338919,337525,24982,101274,2.673338296793816,0.23079815587546917
3591,0.4063,2,32,2,338951,337493,24984,101272,2.6730848434925867,0.2308114822285278
3592,0.4064,1,6,1,338957,337487,24985,101271,2.673037320998606,0.2308128854630571
3593,0.4065,5,32,5,338989,337455,24990,101266,2.672783867697377,0.23082095454742307
3594,0.4066,0,8,0,338997,337447,24990,101266,2.6727205043720694,0.23082516360354036
3595,0.4067,98,837,98,339834,336610,25088,101168,2.666091116461792,0.23109429893690409
3596,0.4068,2,26,2,339860,336584,25090,101166,2.665885185654543,0.23110451170759566
3597,0.4069,2,8,2,339868,336576,25092,101164,2.665821822329236,0.2311052222780646
3598,0.407,10,53,10,339921,336523,25102,101154,2.665402040299075,0.23111564007247354
3599,0.4071,3,25,3,339946,336498,25105,101151,2.6652040299074895,0.23112357162931937
3600,0.4072,8,29,8,339975,336469,25113,101143,2.6649743378532507,0.231124832042997
3601,0.4073,4,57,4,340032,336412,25117,101139,2.664522874160436,0.23114791190055559
3602,0.4074,0,5,0,340037,336407,25117,101139,2.6644832720821188,0.23115055331325163
3603,0.4075,60,450,60,340487,335957,25177,101079,2.6609190850335827,0.23128300643425256
3604,0.4076,0,4,0,340491,335953,25177,101079,2.660887403370929,0.23128512328616668
3605,0.4077,4,39,4,340530,335914,25181,101075,2.660578507160056,0.2312987283432764
3606,0.4078,2,26,2,340556,335888,25183,101073,2.660372576352807,0.2313089726543101
3607,0.4079,1,10,1,340566,335878,25184,101072,2.660293372196173,0.23131250715184803
3608,0.408,10,91,10,340657,335787,25194,101062,2.659572614370802,0.23134309566921293
3609,0.4081,1,10,1,340667,335777,25195,101061,2.659493410214168,0.2313466319322037
3610,0.4082,2,34,2,340701,335743,25197,101059,2.659224116081612,0.2313611201413913
3611,0.4083,70,473,70,341174,335270,25267,100989,2.655477759472817,0.23148863404537212
3612,0.4084,1,6,1,341180,335264,25268,100988,2.6554302369788365,0.23149005620604604
3613,0.4085,2,28,2,341208,335236,25270,100986,2.655208465340261,0.23150139149332222
3614,0.4086,3,20,3,341228,335216,25273,100983,2.6550500570269926,0.23150672055644328
3615,0.4087,7,45,7,341273,335171,25280,100976,2.654693638322139,0.2315182725090394
3616,0.4088,6,36,6,341309,335135,25286,100970,2.654408503358256,0.23152681120372387
3617,0.4089,3,11,3,341320,335124,25289,100967,2.6543213787859585,0.23152736470140406
3618,0.409,14,95,14,341415,335029,25303,100953,2.6535689392979345,0.23155313751485154
3619,0.4091,0,6,0,341421,335023,25303,100953,2.653521416803954,0.23155632420133218
3620,0.4092,19,160,19,341581,334863,25322,100934,2.6522541502978076,0.23160783575839208
3621,0.4093,3,75,3,341656,334788,25325,100931,2.6516601191230516,0.23164241173784023
3622,0.4094,1,5,1,341661,334783,25326,100930,2.6516205170447344,0.2316433064884454
3623,0.4095,6,37,6,341698,334746,25332,100924,2.651327461665188,0.2316523974567907
3624,0.4096,3,12,3,341710,334734,25335,100921,2.651232416677227,0.23165348727777715
3625,0.4097,4,29,4,341739,334705,25339,100917,2.6510027246229884,0.23166185362539082
3626,0.4098,2,27,2,341766,334678,25341,100915,2.650788873400076,0.23167268528190307
3627,0.4099,0,3,0,341769,334675,25341,100915,2.6507651121530857,0.23167428086044217
3628,0.41,537,4769,537,346538,329906,25878,100378,2.6129926498542644,0.23328313393014846
3629,0.4101,2,9,2,346547,329897,25880,100376,2.6129213661132935,0.23328444964011222
3630,0.4102,1,25,1,346572,329872,25881,100375,2.6127233557217084,0.2332962228673297
3631,0.4103,3,43,3,346615,329829,25884,100372,2.6123827778481816,0.23331419499257325
3632,0.4104,0,13,0,346628,329816,25884,100372,2.612279812444557,0.23332124559494918
3633,0.4105,4,38,4,346666,329778,25888,100368,2.6119788366493473,0.23333472820856174
3634,0.4106,3,8,3,346674,329770,25891,100365,2.61191547332404,0.23333372080858336
3635,0.4107,4,79,4,346753,329691,25895,100361,2.6112897604866303,0.23336945299638184
3636,0.4108,19,157,19,346910,329534,25914,100342,2.6100462552274744,0.2334208004168644
3637,0.4109,1,7,1,346917,329527,25915,100341,2.6099908123178306,0.23342281816743746
3638,0.411,9,99,9,347016,329428,25924,100332,2.6092066911671523,0.23346053611317946
3639,0.4111,2,4,2,347020,329424,25926,100330,2.609175009504499,0.23345914174155447
3640,0.4112,6,22,6,347042,329402,25932,100324,2.6090007603599035,0.23346039103987193
3641,0.4113,5,40,5,347082,329362,25937,100319,2.608683943733367,0.2334732045401123
3642,0.4114,2,22,2,347104,329340,25939,100317,2.608509694588772,0.23348159112966854
3643,0.4115,7,45,7,347149,329295,25946,100310,2.6081532758839185,0.23349355803587016
3644,0.4116,2,2,2,347151,329293,25948,100308,2.6081374350525914,0.23349107660363919
3645,0.4117,50,517,50,347668,328776,25998,100258,2.6040425801546063,0.2336831113618035
3646,0.4118,1,23,1,347691,328753,25999,100257,2.603860410594348,0.2336938532901331
3647,0.4119,0,11,0,347702,328742,25999,100257,2.6037732860220504,0.2336998454541852
3648,0.412,10,107,10,347809,328635,26009,100247,2.602925801546065,0.23374028287500992
3649,0.4121,3,13,3,347822,328622,26012,100244,2.602822836142441,0.23374200799317268
3650,0.4122,2,33,2,347855,328589,26014,100242,2.602561462425548,0.2337564215273616
3651,0.4123,7,46,7,347901,328543,26021,100235,2.602197123305031,0.23376899001348017
3652,0.4124,2,9,2,347910,328534,26023,100233,2.6021258395640605,0.233770322809358
3653,0.4125,51,409,51,348319,328125,26074,100182,2.598886389557724,0.23390231773003944
3654,0.4126,1,12,1,348331,328113,26075,100181,2.5987913445697632,0.23390708251808337
3655,0.4127,4,42,4,348373,328071,26079,100177,2.5984586871118998,0.2339228671237227
3656,0.4128,2,14,2,348387,328057,26081,100175,2.598347801292612,0.23392693680061274
3657,0.4129,4,27,4,348414,328030,26085,100171,2.5981339500696996,0.23393453074607487
3658,0.413,5,58,5,348472,327972,26090,100166,2.5976745659612215,0.23395727545791312
3659,0.4131,1,6,1,348478,327966,26091,100165,2.597627043467241,0.2339587649574546
3660,0.4132,3,43,3,348521,327923,26094,100162,2.5972864655937142,0.23397689711155495
3661,0.4133,87,822,87,349343,327101,26181,100075,2.590775883918388,0.23427112010038018
3662,0.4134,0,6,0,349349,327095,26181,100075,2.5907283614244077,0.23427441065617904
3663,0.4135,3,46,3,349395,327049,26184,100072,2.5903640223038904,0.2342942632181513
3664,0.4136,2,16,2,349411,327033,26186,100070,2.5902372956532758,0.2342994546982812
3665,0.4137,5,32,5,349443,327001,26191,100065,2.5899838423520465,0.2343080460631378
3666,0.4138,8,29,8,349472,326972,26199,100057,2.5897541502978076,0.2343096136327978
3667,0.4139,0,13,0,349485,326959,26199,100057,2.5896511848941834,0.2343167469134646
3668,0.414,21,191,21,349676,326768,26220,100036,2.588138385502471,0.23438393267167132
3669,0.4141,0,6,0,349682,326762,26220,100036,2.5880908630084907,0.2343872276814793
3670,0.4142,20,164,20,349846,326598,26240,100016,2.586791914839691,0.2344414388651099
3671,0.4143,2,69,2,349915,326529,26242,100014,2.5862454061589153,0.23447577383757323
3672,0.4144,1,13,1,349928,326516,26243,100013,2.5861424407552907,0.23448112555066597
3673,0.4145,6,35,6,349963,326481,26249,100007,2.5858652262070714,0.23448959876948472
3674,0.4146,0,12,0,349975,326469,26249,100007,2.5857701812191105,0.23449619673791725
3675,0.4147,6,49,6,350024,326420,26255,100001,2.5853820808516033,0.23451237157644675
3676,0.4148,4,26,4,350050,326394,26259,99997,2.5851761500443544,0.23451949032695343
3677,0.4149,1,4,1,350054,326390,26260,99996,2.5851444683817006,0.23451989511850765
3678,0.415,190,1622,190,351676,324768,26450,99806,2.572297554175643,0.23507327344585396
3679,0.4151,0,9,0,351685,324759,26450,99806,2.5722262704346726,0.23507825656848774
3680,0.4152,4,25,4,351710,324734,26454,99802,2.572028260043087,0.23508489268283492
3681,0.4153,2,50,2,351760,324684,26456,99800,2.5716322392599165,0.23510897937260297
3682,0.4154,2,13,2,351773,324671,26458,99798,2.571529273856292,0.2351125759478313
3683,0.4155,2,54,2,351827,324617,26460,99796,2.5711015714104675,0.23513888594364452
3684,0.4156,1,8,1,351835,324609,26461,99795,2.5710382080851604,0.2351415161025815
3685,0.4157,11,64,11,351899,324545,26472,99784,2.570531301482702,0.23515715400078713
3686,0.4158,27,149,27,352048,324396,26499,99757,2.569351159548853,0.23519107491872038
3687,0.4159,2,3,2,352051,324393,26501,99755,2.569327398301863,0.23518913209540065
3688,0.416,26,175,26,352226,324218,26527,99729,2.5679413255607653,0.23523931057419914
3689,0.4161,0,11,0,352237,324207,26527,99729,2.5678542009884677,0.23524541440217392
3690,0.4162,4,32,4,352269,324175,26531,99725,2.5676007476872384,0.2352559565935362
3691,0.4163,8,30,8,352299,324145,26539,99717,2.5673631352173363,0.23525817365085805
3692,0.4164,0,15,0,352314,324130,26539,99717,2.567244328982385,0.2352664994679684
3693,0.4165,5,55,5,352369,324075,26544,99712,2.5668087061208973,0.23528801025043242
3694,0.4166,0,6,0,352375,324069,26544,99712,2.566761183626917,0.2352913415183786
3695,0.4167,89,871,89,353246,323198,26633,99623,2.559862501584083,0.23561507115304112
3696,0.4168,1,24,1,353270,323174,26634,99622,2.5596724116081613,0.23562663790575122
3697,0.4169,1,10,1,353280,323164,26635,99621,2.559593207451527,0.23563040315999859
3698,0.417,6,67,6,353347,323097,26641,99615,2.5590625396020785,0.23565690115255777
3699,0.4171,3,24,3,353371,323073,26644,99612,2.5588724496261563,0.23566485680826146
3700,0.4172,3,25,3,353396,323048,26647,99609,2.558674439234571,0.23567337107867609
3701,0.4173,8,55,8,353451,322993,26655,99601,2.558238816373083,0.2356895743905498
3702,0.4174,0,10,0,353461,322983,26655,99601,2.558159612216449,0.23569515173314654
3703,0.4175,52,442,52,353903,322541,26707,99549,2.55465878849322,0.23584780497050392
3704,0.4176,2,6,2,353909,322535,26709,99547,2.5546112659992395,0.23584753673456815
3705,0.4177,2,40,2,353949,322495,26711,99545,2.554294449372703,0.23586626860013268
3706,0.4178,4,21,4,353970,322474,26715,99541,2.5541281206437714,0.23587076288757508
3707,0.4179,6,14,6,353984,322460,26721,99535,2.5540172348244834,0.2358677235512269
3708,0.418,20,104,20,354088,322356,26741,99515,2.5531935115954885,0.2358896439906986
3709,0.4181,1,6,1,354094,322350,26742,99514,2.553145989101508,0.23589118768133807
3710,0.4182,5,30,5,354124,322320,26747,99509,2.5529083766316054,0.23589890690303417
3711,0.4183,60,465,60,354589,321855,26807,99449,2.549225383348118,0.23605045287963086
3712,0.4184,1,2,1,354591,321853,26808,99448,2.5492095425167913,0.23604976014773285
3713,0.4185,4,45,4,354636,321808,26812,99444,2.548853123811938,0.2360677219336644
3714,0.4186,4,16,4,354652,321792,26816,99440,2.548726397161323,0.23606943442093667
3715,0.4187,2,46,2,354698,321746,26818,99438,2.548362058040806,0.2360915894240997
3716,0.4188,4,26,4,354724,321720,26822,99434,2.548156127233557,0.2360989091876131
3717,0.4189,1,16,1,354740,321704,26823,99433,2.5480294005829425,0.2361060652471761
3718,0.419,14,93,14,354833,321611,26837,99419,2.547292801926245,0.23613281713892123
3719,0.4191,1,3,1,354836,321608,26838,99418,2.5472690406792546,0.23613268539235108
3720,0.4192,22,133,22,354969,321475,26860,99396,2.546215625396021,0.23616737670212487
3721,0.4193,8,79,8,355048,321396,26868,99388,2.545589912558611,0.23619719380965057
3722,0.4194,1,4,1,355052,321392,26869,99387,2.5455582308959572,0.23619762393085206
3723,0.4195,3,33,3,355085,321359,26872,99384,2.5452968571790646,0.23621070344604664
3724,0.4196,4,9,4,355094,321350,26876,99380,2.545225573438094,0.23620849475910916
3725,0.4197,8,43,8,355137,321307,26884,99372,2.5448849955645674,0.23621811404895418
3726,0.4198,4,23,4,355160,321284,26888,99368,2.5447028260043085,0.23622376691421887
3727,0.4199,2,10,2,355170,321274,26890,99366,2.5446236218476748,0.23622575123621148
3728,0.42,597,4586,597,359756,316688,27487,98769,2.5083005956152578,0.237735794558763
3729,0.4201,5,9,5,359765,316679,27492,98764,2.5082293118742873,0.2377317706640863
3730,0.4202,5,30,5,359795,316649,27497,98759,2.5079916994043847,0.23773976427993684
3731,0.4203,8,38,8,359833,316611,27505,98751,2.507690723609175,0.23774683288312365
3732,0.4204,1,8,1,359841,316603,27506,98750,2.507627360283868,0.23774957686594295
3733,0.4205,7,24,7,359865,316579,27513,98743,2.5074372703079457,0.23775046831133434
3734,0.4206,1,9,1,359874,316570,27514,98742,2.507365986566975,0.23775378510613707
3735,0.4207,8,59,8,359933,316511,27522,98734,2.5068986820428334,0.23777288107021155
3736,0.4208,24,165,24,360098,316346,27546,98710,2.5055918134583703,0.237823329863922
3737,0.4209,2,4,2,360102,316342,27548,98708,2.5055601317957166,0.23782194916275148
3738,0.421,18,100,18,360202,316242,27566,98690,2.5047680902293754,0.23784620130527412
3739,0.4211,0,12,0,360214,316230,27566,98690,2.504673045241414,0.2378530801118288
3740,0.4212,6,30,6,360244,316200,27572,98684,2.504435432771512,0.2378592570453428
3741,0.4213,3,26,3,360270,316174,27575,98681,2.504229501964263,0.23786865290282147
3742,0.4214,0,8,0,360278,316166,27575,98681,2.504166138638956,0.2378732400137882
3743,0.4215,8,32,8,360310,316134,27583,98673,2.5039126853377267,0.23787689214502167
3744,0.4216,1,8,1,360318,316126,27584,98672,2.503849322012419,0.23787964262122768
3745,0.4217,71,494,71,360812,315632,27655,98601,2.499936636674693,0.23803270140235086
3746,0.4218,1,26,1,360838,315606,27656,98600,2.499730705867444,0.23804580329594452
3747,0.4219,1,8,1,360846,315598,27657,98599,2.4996673425421365,0.23804856143332762
3748,0.422,18,94,18,360940,315504,27675,98581,2.498922823469776,0.2380694784887161
3749,0.4221,3,22,3,360962,315482,27678,98578,2.4987485743251807,0.2380766072549872
3750,0.4222,1,21,1,360983,315461,27679,98577,2.498582245596249,0.23808684227051624
3751,0.4223,10,46,10,361029,315415,27689,98567,2.4982179064757317,0.23809489301467213
3752,0.4224,2,12,2,361041,315403,27691,98565,2.498122861487771,0.23809811386387353
3753,0.4225,62,419,62,361460,314984,27753,98503,2.4948042073248002,0.23822514371673112
3754,0.4226,2,10,2,361470,314974,27755,98501,2.4947250031681665,0.2382272205090997
3755,0.4227,7,61,7,361531,314913,27762,98494,2.494241857812698,0.23824947327935908
3756,0.4228,3,26,3,361557,314887,27765,98491,2.494035927005449,0.23825893008336196
3757,0.4229,2,26,2,361583,314861,27767,98489,2.4938299961982007,0.238270231039071
3758,0.423,9,74,9,361657,314787,27776,98480,2.493243885439108,0.23829630722995063
3759,0.4231,3,10,3,361667,314777,27779,98477,2.4931646812824737,0.23829654401409303
3760,0.4232,7,25,7,361692,314752,27786,98470,2.492966670890888,0.23829805770263926
3761,0.4233,113,842,113,362534,313910,27899,98357,2.4862976809022936,0.23857597139717707
3762,0.4234,2,6,2,362540,313904,27901,98355,2.486250158408313,0.23857574971074008
3763,0.4235,10,56,10,362596,313848,27911,98345,2.485806615131162,0.23858968978124326
3764,0.4236,1,16,1,362612,313832,27912,98344,2.4856798884805476,0.23859710414968363
3765,0.4237,4,32,4,362644,313800,27916,98340,2.4854264351793183,0.2386082399184743
3766,0.4238,7,26,7,362670,313774,27923,98333,2.4852205043720694,0.23861036090141638
3767,0.4239,1,15,1,362685,313759,27924,98332,2.485101698137118,0.2386171986284583
3768,0.424,17,167,17,362852,313592,27941,98315,2.483778988721328,0.2386825181412309
3769,0.4241,2,13,2,362865,313579,27943,98313,2.4836760233177038,0.23868635467549745
3770,0.4242,29,152,29,363017,313427,27972,98284,2.482472120136865,0.2387208503051898
3771,0.4243,8,67,8,363084,313360,27980,98276,2.481941452287416,0.2387449105520411
3772,0.4244,1,6,1,363090,313354,27981,98275,2.4818939297934355,0.23874654118150082
3773,0.4245,6,27,6,363117,313327,27987,98269,2.4816800785705233,0.23875110545291986
3774,0.4246,0,5,0,363122,313322,27987,98269,2.481640476492206,0.23875400579701694
3775,0.4247,5,46,5,363168,313276,27992,98264,2.4812761373716894,0.23877144384506974
3776,0.4248,2,27,2,363195,313249,27994,98262,2.481062286148777,0.2387834104070122
3777,0.4249,0,7,0,363202,313242,27994,98262,2.481006843239133,0.2387874722967456
3778,0.425,229,1535,229,364737,311707,28223,98033,2.4688490051957928,0.23925660174744962
3779,0.4251,0,8,0,364745,311699,28223,98033,2.468785641870485,0.23926127322249666
3780,0.4252,3,30,3,364775,311669,28226,98030,2.468548029400583,0.23927322253654512
3781,0.4253,2,37,2,364812,311632,28228,98028,2.4682549740210367,0.23929111946492213
3782,0.4254,1,13,1,364825,311619,28229,98027,2.4681520086174125,0.23929685631008235
3783,0.4255,7,40,7,364865,311579,28236,98020,2.4678351919908756,0.23930722487115447
3784,0.4256,1,8,1,364873,311571,28237,98019,2.4677718286655685,0.23931004174906614
3785,0.4257,7,75,7,364948,311496,28244,98012,2.4671777974908125,0.23934086757767858
3786,0.4258,24,171,24,365119,311325,28268,97988,2.4658234064123685,0.23939625665444295
3787,0.4259,0,7,0,365126,311318,28268,97988,2.4657679635027248,0.2394003508377595
3788,0.426,26,172,26,365298,311146,28294,97962,2.4644056520086175,0.23945266286652914
3789,0.4261,1,6,1,365304,311140,28295,97961,2.464358129514637,0.2394543156824354
3790,0.4262,4,40,4,365344,311100,28299,97957,2.4640413128881002,0.2394702938710253
3791,0.4263,6,44,6,365388,311056,28305,97951,2.46369281459891,0.23948489879146323
3792,0.4264,2,7,2,365395,311049,28307,97949,2.4636373716892663,0.23948527865661934
3793,0.4265,1,44,1,365439,311005,28308,97948,2.463288873400076,0.23950918565214097
3794,0.4266,0,5,0,365444,311000,28308,97948,2.463249271321759,0.23951211400960512
3795,0.4267,97,816,97,366260,310184,28405,97851,2.456786212140413,0.23981031039004008
3796,0.4268,6,18,6,366278,310166,28411,97845,2.4566436446584716,0.23980971101269327
3797,0.4269,1,10,1,366288,310156,28412,97844,2.4565644405018374,0.23981372549019608
3798,0.427,8,74,8,366362,310082,28420,97836,2.455978329742745,0.23984232125083962
3799,0.4271,2,37,2,366399,310045,28422,97834,2.4556852743631987,0.23986035074127376
3800,0.4272,1,19,1,366418,310026,28423,97833,2.4555347864655936,0.2398696608386722
3801,0.4273,3,52,3,366470,309974,28426,97830,2.4551229248510964,0.23989465527557355
3802,0.4274,1,10,1,366480,309964,28427,97829,2.455043720694462,0.23989867408219367
3803,0.4275,48,447,48,366927,309517,28475,97781,2.451503294892916,0.24007237943716886
3804,0.4276,2,1,2,366928,309516,28477,97779,2.4514953744772527,0.24006923728501456
3805,0.4277,3,33,3,366961,309483,28480,97776,2.4512340007603597,0.24008309208636272
3806,0.4278,1,15,1,366976,309468,28481,97775,2.451115194525409,0.24009006907423824
3807,0.4279,3,10,3,366986,309458,28484,97772,2.4510359903687746,0.24009036662328415
3808,0.428,13,108,13,367094,309350,28497,97759,2.450180585477126,0.24012979324947373
3809,0.4281,3,9,3,367103,309341,28500,97756,2.450109301736155,0.24012950230534738
3810,0.4282,4,26,4,367129,309315,28504,97752,2.449903370928906,0.24013737296317314
3811,0.4283,76,453,76,367582,308862,28580,97676,2.4463154226333796,0.24026290285286983
3812,0.4284,0,7,0,367589,308855,28580,97676,2.446259979723736,0.24026703990593584
3813,0.4285,5,39,5,367628,308816,28585,97671,2.445951083512863,0.24028074698575846
3814,0.4286,3,13,3,367641,308803,28588,97668,2.445848118109238,0.24028282460495337
3815,0.4287,4,40,4,367681,308763,28592,97664,2.445531301482702,0.24029899588363962
3816,0.4288,4,17,4,367698,308746,28596,97660,2.445396654416424,0.24030157035083144
3817,0.4289,0,12,0,367710,308734,28596,97660,2.445301609428463,0.24030866597439923
3818,0.429,12,92,12,367802,308642,28608,97648,2.444572931187429,0.2403406433828054
3819,0.4291,2,7,2,367809,308635,28610,97646,2.4445174882777847,0.24034104474489332
3820,0.4292,25,165,25,367974,308470,28635,97621,2.4432106196933217,0.24039193185763783
3821,0.4293,11,90,11,368064,308380,28646,97610,2.4424977822836142,0.24042464100100988
3822,0.4294,1,5,1,368069,308375,28647,97609,2.442458180205297,0.24042573106329312
3823,0.4295,9,40,9,368109,308335,28656,97600,2.4421413635787608,0.24043258157094116
3824,0.4296,0,10,0,368119,308325,28656,97600,2.4420621594221266,0.24043850464987374
3825,0.4297,7,27,7,368146,308298,28663,97593,2.4418483081992144,0.24044139929192812
3826,0.4298,5,24,5,368170,308274,28668,97588,2.441658218223292,0.24044626005883774
3827,0.4299,0,7,0,368177,308267,28668,97588,2.4416027753136484,0.24045040716512056
3828,0.43,632,4401,632,372578,303866,29300,96956,2.4067450259789633,0.24189291006980654
3829,0.4301,1,7,1,372585,303859,29301,96955,2.4066895830693196,0.24189524318012845
3830,0.4302,6,29,6,372614,303830,29307,96949,2.4064598910150803,0.24190139702928545
3831,0.4303,6,38,6,372652,303792,29313,96943,2.4061589152198706,0.24191298489026414
3832,0.4304,2,8,2,372660,303784,29315,96941,2.4060955518945635,0.2419140308191403
3833,0.4305,5,35,5,372695,303749,29320,96936,2.4058183373463438,0.24192570223492268
3834,0.4306,2,14,2,372709,303735,29322,96934,2.4057074515270562,0.2419303714537436
3835,0.4307,8,63,8,372772,303672,29330,96926,2.405208465340261,0.2419532798466293
3836,0.4308,21,168,21,372940,303504,29351,96905,2.4038778355088075,0.2420150396219865
3837,0.4309,0,10,0,372950,303494,29351,96905,2.4037986313521733,0.24202108396874117
3838,0.431,19,92,19,373042,303402,29370,96886,2.4030699531111392,0.2420407306739148
3839,0.4311,3,11,3,373053,303391,29373,96883,2.4029828285388417,0.24204170143451736
3840,0.4312,4,31,4,373084,303360,29377,96879,2.4027372956532758,0.24205287340813864
3841,0.4313,9,42,9,373126,303318,29386,96870,2.4024046381954123,0.24206123122132597
3842,0.4314,0,14,0,373140,303304,29386,96870,2.4022937523761247,0.24206969968063893
3843,0.4315,6,38,6,373178,303266,29392,96864,2.401992776580915,0.2420813235698398
3844,0.4316,0,13,0,373191,303253,29392,96864,2.4018898111772904,0.24208918891224318
3845,0.4317,63,469,63,373660,302784,29455,96801,2.398175136231149,0.2422538383572957
3846,0.4318,3,22,3,373682,302762,29458,96798,2.398000887086554,0.24226148763640004
3847,0.4319,2,3,2,373685,302759,29460,96796,2.397977125839564,0.24225951370900126
3848,0.432,11,102,11,373787,302657,29471,96785,2.397169243441896,0.24230050921034843
3849,0.4321,0,13,0,373800,302644,29471,96785,2.3970662780382717,0.2423083952341968
3850,0.4322,0,24,0,373824,302620,29471,96785,2.3968761880623495,0.24232295539615178
3851,0.4323,5,36,5,373860,302584,29476,96780,2.3965910530984664,0.24233531314790516
3852,0.4324,1,5,1,373865,302579,29477,96779,2.3965514510201493,0.24233645000225362
3853,0.4325,42,431,42,374296,302148,29519,96737,2.3931377518692183,0.24251852037554683
3854,0.4326,1,11,1,374307,302137,29520,96736,2.3930506272969208,0.24252330942430297
3855,0.4327,4,84,4,374391,302053,29524,96732,2.392385312381194,0.2425667966448086
3856,0.4328,2,20,2,374411,302033,29526,96730,2.3922269040679254,0.24257516369372284
3857,0.4329,2,17,2,374428,302016,29528,96728,2.3920922570016474,0.24258170655859398
3858,0.433,8,70,8,374498,301946,29536,96720,2.3915378279052084,0.2426091013530123
3859,0.4331,0,8,0,374506,301938,29536,96720,2.3914744645799013,0.2426139698689102
3860,0.4332,3,28,3,374534,301910,29539,96717,2.3912526929413254,0.24262531138131638
3861,0.4333,99,845,99,375379,301065,29638,96618,2.384559941705741,0.24295230120472838
3862,0.4334,3,13,3,375392,301052,29641,96615,2.384456976302116,0.2429545323096963
3863,0.4335,6,36,6,375428,301016,29647,96609,2.3841718413382336,0.24296510531279472
3864,0.4336,2,9,2,375437,301007,29649,96607,2.3841005575972627,0.24296679694376958
3865,0.4337,9,38,9,375475,300969,29658,96598,2.383799581802053,0.24297288255816002
3866,0.4338,7,23,7,375498,300946,29665,96591,2.3836174122417946,0.24297361000359716
3867,0.4339,1,10,1,375508,300936,29666,96590,2.3835382080851604,0.24297781780311226
3868,0.434,23,150,23,375658,300786,29689,96567,2.382350145735648,0.24302572272010026
3869,0.4341,0,11,0,375669,300775,29689,96567,2.3822630211633506,0.24303245063446602
3870,0.4342,16,136,16,375805,300639,29705,96551,2.3811858446331264,0.2430851733427327
3871,0.4343,10,72,10,375877,300567,29715,96541,2.3806155747053603,0.2431101866494757
3872,0.4344,0,7,0,375884,300560,29715,96541,2.3805601317957166,0.24311447213681153
3873,0.4345,1,31,1,375915,300529,29716,96540,2.3803145989101506,0.24313154640629212
3874,0.4346,3,16,3,375931,300513,29719,96537,2.380187872259536,0.24313562523611637
3875,0.4347,10,47,10,375978,300466,29729,96527,2.379815612723356,0.24314534513203004
3876,0.4348,5,21,5,375999,300445,29734,96522,2.379649283994424,0.24314867482687477
3877,0.4349,0,9,0,376008,300436,29734,96522,2.3795780002534532,0.2431541875966727
3878,0.435,225,1597,225,377605,298839,29959,96297,2.366929096438981,0.2437059645286686
3879,0.4351,0,10,0,377615,298829,29959,96297,2.366849892282347,0.24371213233247116
3880,0.4352,2,41,2,377656,298788,29961,96295,2.366525155240147,0.2437335952192324
3881,0.4353,10,46,10,377702,298742,29971,96285,2.36616081611963,0.24374283276839304
3882,0.4354,1,19,1,377721,298723,29972,96284,2.3660103282220253,0.24375264235823668
3883,0.4355,3,33,3,377754,298690,29975,96281,2.3657489545051322,0.24376726392570594
3884,0.4356,1,10,1,377764,298680,29976,96280,2.3656697503484985,0.24377152116670042
3885,0.4357,11,52,11,377816,298628,29987,96269,2.365257888734001,0.24378255595762946
3886,0.4358,24,165,24,377981,298463,30011,96245,2.3639510201495373,0.24383848313183418
3887,0.4359,0,11,0,377992,298452,30011,96245,2.3638638955772397,0.24384527878347187
3888,0.436,28,151,28,378143,298301,30039,96217,2.3626679128120642,0.24388494314581338
3889,0.4361,1,4,1,378147,298297,30040,96216,2.362636231149411,0.24388549933715745
3890,0.4362,5,42,5,378189,298255,30045,96211,2.3623035736915474,0.24390188254501022
3891,0.4363,6,40,6,378229,298215,30051,96205,2.3619867570650106,0.24391511586633538
3892,0.4364,1,21,1,378250,298194,30052,96204,2.361820428336079,0.24392618623826692
3893,0.4365,9,47,9,378297,298147,30061,96195,2.3614481687998987,0.24393800305318733
3894,0.4366,1,8,1,378305,298139,30062,96194,2.361384805474591,0.24394103460780608
3895,0.4367,111,846,111,379151,297293,30173,96083,2.354684133823343,0.24425231839258113
3896,0.4368,5,36,5,379187,297257,30178,96078,2.3543989988594602,0.2442650666734463
3897,0.4369,4,11,4,379198,297246,30182,96074,2.3543118742871627,0.24426421234618123
3898,0.437,11,73,11,379271,297173,30193,96063,2.3537336839437333,0.2442884171337314
3899,0.4371,1,19,1,379290,297154,30194,96062,2.3535831960461286,0.24429829915364584
3900,0.4372,2,26,2,379316,297128,30196,96060,2.35337726523888,0.24431060968289978
3901,0.4373,6,56,6,379372,297072,30202,96054,2.3529337219617283,0.24433387768806947
3902,0.4374,1,2,1,379374,297070,30203,96053,2.3529178811304017,0.24433319851547736
3903,0.4375,59,435,59,379809,296635,30262,95994,2.3494725003168164,0.24449034584811616
3904,0.4376,2,12,2,379821,296623,30264,95992,2.3493774553288556,0.24449396991964137
3905,0.4377,5,43,5,379864,296580,30269,95987,2.3490368774553287,0.24451112803674277
3906,0.4378,4,28,4,379892,296552,30273,95983,2.3488151058167532,0.24452087075037895
3907,0.4379,6,11,6,379903,296541,30279,95977,2.3487279812444557,0.2445161750543924
3908,0.438,15,102,15,380005,296439,30294,95962,2.3479200988467874,0.24455085486530362
3909,0.4381,1,5,1,380010,296434,30295,95961,2.3478804967684703,0.24455204577020603
3910,0.4382,4,22,4,380032,296412,30299,95957,2.3477062476238753,0.244558056319434
3911,0.4383,52,464,52,380496,295948,30351,95905,2.344031174756051,0.24474739251709188
3912,0.4384,1,6,1,380502,295942,30352,95904,2.3439836522620707,0.24474921270090802
3913,0.4385,4,43,4,380545,295899,30356,95900,2.343643074388544,0.24476836336999327
3914,0.4386,1,15,1,380560,295884,30357,95899,2.3435242681535926,0.24477580701561835
3915,0.4387,8,50,8,380610,295834,30365,95891,2.343128247370422,0.24479162677899036
3916,0.4388,5,32,5,380642,295802,30370,95886,2.3428747940691927,0.24480198525356917
3917,0.4389,1,3,1,380645,295799,30371,95885,2.3428510328222023,0.24480193216981036
3918,0.439,17,110,17,380755,295689,30388,95868,2.341979787099227,0.2448379163186969
3919,0.4391,1,6,1,380761,295683,30389,95867,2.3419322646052465,0.2448397394968714
3920,0.4392,31,159,31,380920,295524,30420,95836,2.3406729185147634,0.24487939493049876
3921,0.4393,11,68,11,380988,295456,30431,95825,2.3401343302496516,0.24490072352094786
3922,0.4394,2,15,2,381003,295441,30433,95823,2.3400155240147003,0.24490625255581908
3923,0.4395,3,40,3,381043,295401,30436,95820,2.339698707388164,0.24492550246535846
3924,0.4396,4,10,4,381053,295391,30440,95816,2.3396195032315297,0.24492404277019583
3925,0.4397,6,34,6,381087,295357,30446,95810,2.3393502090989737,0.24493374952386066
3926,0.4398,4,26,4,381113,295331,30450,95806,2.339144278291725,0.2449423092164638
3927,0.4399,1,11,1,381124,295320,30451,95805,2.3390571537194274,0.24494726749760307
3928,0.44,566,4421,566,385545,290899,31017,95239,2.304040996071474,0.24664498184586858
3929,0.4401,1,6,1,385551,290893,31018,95238,2.3039934735774934,0.2466468633702034
3930,0.4402,4,29,4,385580,290864,31022,95234,2.3037637815232546,0.24665758434387125
3931,0.4403,1,42,1,385622,290822,31023,95233,2.303431124065391,0.24668246752405745
3932,0.4404,3,13,3,385635,290809,31026,95230,2.3033281586617664,0.24668492043550003
3933,0.4405,7,32,7,385667,290777,31033,95223,2.303074705360537,0.2466917098445596
3934,0.4406,0,11,0,385678,290766,31033,95223,2.3029875807882396,0.24669874011953707
3935,0.4407,13,66,13,385744,290700,31046,95210,2.3024648333544544,0.24671555544038765
3936,0.4408,24,167,24,385911,290533,31070,95186,2.3011421239386642,0.2467755023734895
3937,0.4409,0,7,0,385918,290526,31070,95186,2.3010866810290205,0.24677998091840544
3938,0.441,9,94,9,386012,290432,31079,95177,2.3003421619566593,0.2468225586021073
3939,0.4411,0,3,0,386015,290429,31079,95177,2.3003184007096693,0.24682447887221673
3940,0.4412,5,24,5,386039,290405,31084,95172,2.300128310733747,0.24683007544537147
3941,0.4413,5,29,5,386068,290376,31089,95167,2.2998986186795083,0.24683887400367793
3942,0.4414,3,18,3,386086,290358,31092,95164,2.299756051197567,0.246844538054897
3943,0.4415,5,45,5,386131,290313,31097,95159,2.299399632492713,0.2468635854225469
3944,0.4416,0,4,0,386135,290309,31097,95159,2.2993679508300597,0.24686614712505317
3945,0.4417,76,440,76,386575,289869,31173,95083,2.2958829679381574,0.24699962592738836
3946,0.4418,9,26,9,386601,289843,31182,95074,2.2956770371309085,0.24699870361662385
3947,0.4419,1,20,1,386621,289823,31183,95073,2.2955186288176406,0.24700958180911206
3948,0.442,17,110,17,386731,289713,31200,95056,2.2946473830946648,0.24704692945637513
3949,0.4421,4,13,4,386744,289700,31204,95052,2.2945444176910406,0.24704744874620535
3950,0.4422,3,23,3,386767,289677,31207,95049,2.2943622481307817,0.24705634659471937
3951,0.4423,5,46,5,386813,289631,31212,95044,2.293997909010265,0.2470761032040034
3952,0.4424,3,10,3,386823,289621,31215,95041,2.2939187048536307,0.24707665430949768
3953,0.4425,60,394,60,387217,289227,31275,94981,2.2907980610822456,0.24721244742431184
3954,0.4426,0,12,0,387229,289215,31275,94981,2.2907030160942847,0.24722016887213819
3955,0.4427,12,50,12,387279,289165,31287,94969,2.290306995311114,0.2472288316056376
3956,0.4428,3,26,3,387305,289139,31290,94966,2.2901010645038653,0.2472396870647349
3957,0.4429,2,34,2,387339,289105,31292,94964,2.289831770371309,0.24725765422359003
3958,0.443,0,67,0,387406,289038,31292,94964,2.2893011025218604,0.24730079530835777
3959,0.4431,0,18,0,387424,289020,31292,94964,2.289158535039919,0.24731238801616734
3960,0.4432,0,17,0,387441,289003,31292,94964,2.2890238879736406,0.24732333768266543
3961,0.4433,100,756,100,388197,288247,31392,94864,2.2830360537320997,0.24761492100200724
3962,0.4434,2,8,2,388205,288239,31394,94862,2.2829726904067926,0.24761616388367558
3963,0.4435,5,39,5,388244,288200,31399,94857,2.2826637941959196,0.24763155352858712
3964,0.4436,0,12,0,388256,288188,31399,94857,2.2825687492079583,0.24763931130807085
3965,0.4437,1,37,1,388293,288151,31400,94856,2.2822756938284123,0.24766126989846138
3966,0.4438,5,47,5,388340,288104,31405,94851,2.2819034342922317,0.24768184251413353
3967,0.4439,2,18,2,388358,288086,31407,94849,2.28176086681029,0.24768955566871662
3968,0.444,23,160,23,388518,287926,31430,94826,2.280493600304144,0.24774788897249395
3969,0.4441,1,7,1,388525,287919,31431,94825,2.2804381573945,0.24775045461195996
3970,0.4442,28,157,28,388682,287762,31459,94797,2.279194652135344,0.24779707182421534
3971,0.4443,4,62,4,388744,287700,31463,94793,2.2787035863642124,0.24782937204079553
3972,0.4444,3,5,3,388749,287695,31466,94790,2.2786639842858953,0.24782671215864674
3973,0.4445,5,23,5,388772,287672,31471,94785,2.278481814725637,0.2478317823964524
3974,0.4446,2,16,2,388788,287656,31473,94783,2.2783550880750223,0.247838217336621
3975,0.4447,1,42,1,388830,287614,31474,94782,2.278022430617159,0.2478634713752236
3976,0.4448,2,23,2,388853,287591,31476,94780,2.2778402610569004,0.24787444654537086
3977,0.4449,1,10,1,388863,287581,31477,94779,2.277761056900266,0.24787896223454337
3978,0.445,191,1504,191,390367,286077,31668,94588,2.2658487517424915,0.24848094781500796
3979,0.4451,1,16,1,390383,286061,31669,94587,2.265722025091877,0.24848941804501798
3980,0.4452,9,28,9,390411,286033,31678,94578,2.2655002534533013,0.24848992803676195
3981,0.4453,6,37,6,390448,285996,31684,94572,2.265207198073755,0.24850223875890773
3982,0.4454,2,14,2,390462,285982,31686,94570,2.265096312254467,0.24850743131030714
3983,0.4455,4,36,4,390498,285946,31690,94566,2.2648111772905843,0.2485230426372887
3984,0.4456,1,12,1,390510,285934,31691,94565,2.264716132302623,0.2485289054636149
3985,0.4457,12,38,12,390548,285896,31703,94553,2.2644151565074133,0.24853002636358618
3986,0.4458,27,139,27,390687,285757,31730,94526,2.263314218730199,0.24856751419337703
3987,0.4459,0,5,0,390692,285752,31730,94526,2.263274616651882,0.24857078242759245
3988,0.446,19,162,19,390854,285590,31749,94507,2.261991509314409,0.24863916316098258
3989,0.4461,1,12,1,390866,285578,31750,94506,2.2618964643264476,0.2486450363603835
3990,0.4462,4,33,4,390899,285545,31754,94502,2.261635090609555,0.24865871852691904
3991,0.4463,4,29,4,390928,285516,31758,94498,2.261405398555316,0.248669785849995
3992,0.4464,2,16,2,390944,285500,31760,94496,2.2612786719047016,0.248676301855809
3993,0.4465,3,27,3,390971,285473,31763,94493,2.2610648206817894,0.24868804050888763
3994,0.4466,0,3,0,390974,285470,31763,94493,2.261041059434799,0.24869000402670785
3995,0.4467,138,804,138,391778,284666,31901,94355,2.254673045241414,0.24894398991084926
3996,0.4468,4,34,4,391812,284632,31905,94351,2.254403751108858,0.24895839655076876
3997,0.4469,2,5,2,391817,284627,31907,94349,2.254364149030541,0.2489577176391117
3998,0.447,11,70,11,391887,284557,31918,94338,2.253809719934102,0.24898190791644123
3999,0.4471,3,22,3,391909,284535,31921,94335,2.253635470789507,0.24899041887718742
4000,0.4472,4,18,4,391927,284517,31925,94331,2.2534929033075657,0.24899431962158966
4001,0.4473,9,59,9,391986,284458,31934,94322,2.2530255987834242,0.24901525951739797
4002,0.4474,2,5,2,391991,284453,31936,94320,2.252985996705107,0.24901458129275317
4003,0.4475,50,415,50,392406,284038,31986,94270,2.2496990242047903,0.24918849191663936
4004,0.4476,1,9,1,392415,284029,31987,94269,2.2496277404638194,0.24919243559310386
4005,0.4477,14,50,14,392465,283979,32001,94255,2.249231719680649,0.2491975866791457
4006,0.4478,6,23,6,392488,283956,32007,94249,2.2490495501203904,0.24920083023756956
4007,0.4479,4,13,4,392501,283943,32011,94245,2.248946584716766,0.24920145536082583
4008,0.448,17,130,17,392631,283813,32028,94228,2.247916930680522,0.24925338786004692
4009,0.4481,3,7,3,392638,283806,32031,94225,2.2478614877708782,0.24925204546717067
4010,0.4482,8,36,8,392674,283770,32039,94217,2.247576352806995,0.24925989518158032
4011,0.4483,55,435,55,393109,283335,32094,94162,2.2441309719934104,0.24943774387611028
4012,0.4484,1,3,1,393112,283332,32095,94161,2.24410721074642,0.24943773791831902
4013,0.4485,3,40,3,393152,283292,32098,94158,2.2437903941198836,0.24945820638495164
4014,0.4486,0,15,0,393167,283277,32098,94158,2.2436715878849323,0.24946812033860136
4015,0.4487,4,47,4,393214,283230,32102,94154,2.2432993283487517,0.24949123439255505
4016,0.4488,5,22,5,393236,283208,32107,94149,2.2431250792041566,0.24949583550855026
4017,0.4489,4,8,4,393244,283200,32111,94145,2.2430617158788495,0.24949316938080537
4018,0.449,10,84,10,393328,283116,32121,94135,2.2423964009631225,0.24952882828673748
4019,0.4491,1,10,1,393338,283106,32122,94134,2.2423171968064883,0.24953345350440037
4020,0.4492,20,152,20,393490,282954,32142,94114,2.2411132936256495,0.24959423764413846
4021,0.4493,18,59,18,393549,282895,32160,94096,2.240645989101508,0.24959747049664316
4022,0.4494,3,9,3,393558,282886,32163,94093,2.240574705360537,0.24959745768331923
4023,0.4495,5,47,5,393605,282839,32168,94088,2.240202445824357,0.2496186264183781
4024,0.4496,0,16,0,393621,282823,32168,94088,2.2400757191737424,0.24962922281387384
4025,0.4497,6,28,6,393649,282795,32174,94082,2.239853947535167,0.24963582282813757
4026,0.4498,2,28,2,393677,282767,32176,94080,2.239632175896591,0.24965038861925395
4027,0.4499,1,10,1,393687,282757,32177,94079,2.2395529717399567,0.2496550223439374
4028,0.45,618,4396,618,398083,278361,32795,93461,2.2047348244835887,0.25135952149146634
4029,0.4501,5,3,5,398086,278358,32800,93456,2.2047110632365987,0.25135148219270925
4030,0.4502,4,24,4,398110,278334,32804,93452,2.2045209732606765,0.251359653133792
4031,0.4503,6,40,6,398150,278294,32810,93446,2.20420415663414,0.25137461666756333
4032,0.4504,3,8,3,398158,278286,32813,93443,2.204140793308833,0.2513739848115159
4033,0.4505,2,28,2,398186,278258,32815,93441,2.203919021670257,0.2513888926254846
4034,0.4506,0,8,0,398194,278250,32815,93441,2.20385565834495,0.2513943033326069
4035,0.4507,10,76,10,398270,278174,32825,93431,2.2032537067545306,0.25142557285289485
4036,0.4508,24,153,24,398423,278021,32849,93407,2.202041883158028,0.25148077150887926
4037,0.4509,4,6,4,398429,278015,32853,93403,2.2019943606640475,0.2514767728004566
4038,0.451,12,95,12,398524,277920,32865,93391,2.2012419211760235,0.25151692247199786
4039,0.4511,1,9,1,398533,277911,32866,93390,2.2011706374350526,0.2515210031753214
4040,0.4512,1,29,1,398562,277882,32867,93389,2.2009409453808138,0.25153863350490613
4041,0.4513,9,49,9,398611,277833,32876,93380,2.2005528450133065,0.2515536901994273
4042,0.4514,1,19,1,398630,277814,32877,93379,2.2004023571157014,0.2515645499780438
4043,0.4515,4,43,4,398673,277771,32881,93375,2.2000617792421746,0.2515856293749629
4044,0.4516,0,7,0,398680,277764,32881,93375,2.200006336332531,0.25159037449580884
4045,0.4517,64,468,64,399148,277296,32945,93311,2.196299581802053,0.2517788385000823
4046,0.4518,4,33,4,399181,277263,32949,93307,2.1960382080851604,0.25179318347410745
4047,0.4519,1,12,1,399193,277251,32950,93306,2.1959431630971995,0.2517993183234968
4048,0.452,6,103,6,399296,277148,32956,93300,2.195127360283868,0.25185721072863126
4049,0.4521,3,9,3,399305,277139,32959,93297,2.195056076542897,0.251857270891598
4050,0.4522,8,31,8,399336,277108,32967,93289,2.194810543657331,0.2518621911084593
4051,0.4523,6,52,6,399388,277056,32973,93283,2.1943986820428334,0.2518854346963188
4052,0.4524,1,12,1,399400,277044,32974,93282,2.1943036370548725,0.25189157661087797
4053,0.4525,61,423,61,399823,276621,33035,93221,2.1909533012292486,0.2520562834940326
4054,0.4526,0,11,0,399834,276610,33035,93221,2.190866176656951,0.25206378048351813
4055,0.4527,8,46,8,399880,276564,33043,93213,2.190501837536434,0.25207895569491884
4056,0.4528,5,35,5,399915,276529,33048,93208,2.1902246229882145,0.2520927037326532
4057,0.4529,2,21,2,399936,276508,33050,93206,2.190058294259283,0.2521029768956545
4058,0.453,9,48,9,399984,276460,33059,93197,2.189678114307439,0.2521175035235367
4059,0.4531,3,20,3,400004,276440,33062,93194,2.1895197059941705,0.25212507507426263
4060,0.4532,4,28,4,400032,276412,33066,93190,2.189297934355595,0.2521360815147104
4061,0.4533,126,809,126,400841,275603,33192,93064,2.182890318083893,0.2524337681430668
4062,0.4534,1,4,1,400845,275599,33193,93063,2.1828586364212392,0.2524344792791229
4063,0.4535,8,46,8,400891,275553,33201,93055,2.1824942973007224,0.25244975692334404
4064,0.4536,1,11,1,400902,275542,33202,93054,2.182407172728425,0.252455262672411
4065,0.4537,3,37,3,400939,275505,33205,93051,2.1821141173488785,0.25247452218930094
4066,0.4538,6,30,6,400969,275475,33211,93045,2.181876504878976,0.2524829045913383
4067,0.4539,1,8,1,400977,275467,33212,93044,2.181813141553669,0.2524863572593491
4068,0.454,25,157,25,401134,275310,33237,93019,2.180569636294513,0.2525432425901843
4069,0.4541,1,9,1,401143,275301,33238,93018,2.180498352553542,0.2525473841968511
4070,0.4542,28,134,28,401277,275167,33266,92990,2.1794370168546444,0.25258245802741763
4071,0.4543,6,64,6,401341,275103,33272,92984,2.178930110252186,0.25261419175358
4072,0.4544,3,11,3,401352,275092,33275,92981,2.1788429856798883,0.2526156496129844
4073,0.4545,5,37,5,401389,275055,33280,92976,2.178549930300342,0.2526308925063378
4074,0.4546,1,11,1,401400,275044,33281,92975,2.1784628057280444,0.25263641279390464
4075,0.4547,9,47,9,401447,274997,33290,92966,2.1780905461918643,0.2526504023502363
4076,0.4548,4,23,4,401470,274974,33294,92962,2.1779083766316054,0.25265807096886417
4077,0.4549,2,5,2,401475,274969,33296,92960,2.1778687745532888,0.2526574420608324
4078,0.455,224,1490,224,402965,273479,33520,92736,2.1660673552148015,0.25322829485411574
4079,0.4551,2,10,2,402975,273469,33522,92734,2.1659881510581673,0.2532311313670287
4080,0.4552,3,25,3,403000,273444,33525,92731,2.1657901406665823,0.2532423021779204
4081,0.4553,2,40,2,403040,273404,33527,92729,2.1654733240400454,0.2532658897176709
4082,0.4554,5,19,5,403059,273385,33532,92724,2.165322836142441,0.2532688352375932
4083,0.4555,4,23,4,403082,273362,33536,92720,2.1651406665821824,0.2532765883053524
4084,0.4556,0,4,0,403086,273358,33536,92720,2.1651089849195286,0.25327935576571114
4085,0.4557,10,65,10,403151,273293,33546,92710,2.1645941579014067,0.2533039346672022
4086,0.4558,18,141,18,403292,273152,33564,92692,2.1634773792928654,0.25336482216463846
4087,0.4559,1,3,1,403295,273149,33565,92691,2.163453618045875,0.2533648589547343
4088,0.456,33,186,33,403481,272963,33598,92658,2.16198042073248,0.2534263622713137
4089,0.4561,1,8,1,403489,272955,33599,92657,2.1619170574071727,0.2534298655405184
4090,0.4562,9,24,9,403513,272931,33608,92648,2.161726967431251,0.2534281236066623
4091,0.4563,3,37,3,403550,272894,33611,92645,2.1614339120517045,0.2534476485409218
4092,0.4564,3,21,3,403571,272873,33614,92642,2.161267583322773,0.25345608251371354
4093,0.4565,8,28,8,403599,272845,33622,92634,2.1610458116841973,0.2534591590761713
4094,0.4566,1,5,1,403604,272840,33623,92633,2.16100620960588,0.25346058395558635
4095,0.4567,107,809,107,404413,272031,33730,92526,2.1545985933341782,0.2538039318954238
4096,0.4568,5,30,5,404443,272001,33735,92521,2.1543609808642756,0.2538145845792572
4097,0.4569,1,14,1,404457,271987,33736,92520,2.154250095044988,0.2538222859917642
4098,0.457,9,51,9,404508,271936,33745,92511,2.1538461538461537,0.25383937856533323
4099,0.4571,4,25,4,404533,271911,33749,92507,2.1536481434545687,0.2538486024290787
4100,0.4572,1,22,1,404555,271889,33750,92506,2.1534738943099736,0.25386188065149085
4101,0.4573,4,47,4,404602,271842,33754,92502,2.153101634773793,0.2538864369936104
4102,0.4574,1,7,1,404609,271835,33755,92501,2.1530461918641493,0.25388926705019543
4103,0.4575,59,391,59,405000,271444,33814,92442,2.149949309339754,0.2540411007843116
4104,0.4576,3,9,3,405009,271435,33817,92439,2.1498780255987833,0.254041234053546
4105,0.4577,7,38,7,405047,271397,33824,92432,2.1495770498035736,0.25405341520329605
4106,0.4578,2,22,2,405069,271375,33826,92430,2.1494028006589785,0.2540646775058067
4107,0.4579,3,19,3,405088,271356,33829,92427,2.149252312761374,0.2540717955484451
4108,0.458,13,79,13,405167,271277,33842,92414,2.148626599923964,0.25410032142670563
4109,0.4581,1,12,1,405179,271265,33843,92413,2.148531554936003,0.2541066547880268
4110,0.4582,3,26,3,405205,271239,33846,92410,2.1483256241287543,0.25411866937623917
4111,0.4583,58,434,58,405639,270805,33904,92352,2.144888163730833,0.25430323523985493
4112,0.4584,0,6,0,405645,270799,33904,92352,2.144840641236852,0.25430743685133733
4113,0.4585,4,35,4,405680,270764,33908,92348,2.1445634266886326,0.25432373482561854
4114,0.4586,0,15,0,405695,270749,33908,92348,2.1444446204536813,0.25433424126335386
4115,0.4587,9,46,9,405741,270703,33917,92339,2.1440802813331645,0.2543479817762132
4116,0.4588,4,38,4,405779,270665,33921,92335,2.143779305537955,0.254366391184573
4117,0.4589,2,14,2,405793,270651,33923,92333,2.143668419718667,0.25437209353580326
4118,0.459,18,104,18,405897,270547,33941,92315,2.142844696489672,0.25440801186125855
4119,0.4591,0,8,0,405905,270539,33941,92315,2.1427813331643644,0.25441362090537795
4120,0.4592,18,162,18,406067,270377,33959,92297,2.1414982258268913,0.25449025846903833
4121,0.4593,16,79,16,406146,270298,33975,92281,2.140872512989482,0.25451280962217887
4122,0.4594,0,8,0,406154,270290,33975,92281,2.1408091496641743,0.2545184253566888
4123,0.4595,7,34,7,406188,270256,33982,92274,2.1405398555316184,0.2545279011392161
4124,0.4596,4,9,4,406197,270247,33986,92270,2.1404685717906475,0.25452599464300985
4125,0.4597,11,30,11,406227,270217,33997,92259,2.1402309593207454,0.2545244374799987
4126,0.4598,5,33,5,406260,270184,34002,92254,2.1399695856038523,0.25453732776364507
4127,0.4599,0,5,0,406265,270179,34002,92254,2.139929983525535,0.25454083927236204
4128,0.46,631,4354,631,410619,265825,34633,91623,2.1054444937270307,0.2563253955820147
4129,0.4601,0,6,0,410625,265819,34633,91623,2.1053969712330503,0.2563296982447502
4130,0.4602,2,41,2,410666,265778,34635,91621,2.1050722341908505,0.25635494223542876
4131,0.4603,2,24,2,410690,265754,34637,91619,2.1048821442149284,0.2563679964630792
4132,0.4604,3,8,3,410698,265746,34640,91616,2.1048187808896213,0.2563674929063527
4133,0.4605,4,29,4,410727,265717,34644,91612,2.104589088835382,0.25637997475715657
4134,0.4606,0,5,0,410732,265712,34644,91612,2.104549486757065,0.25638356225722314
4135,0.4607,18,77,18,410809,265635,34662,91594,2.103939614750982,0.2564013559929345
4136,0.4608,21,126,21,410935,265509,34683,91573,2.102941642377392,0.25644809875602803
4137,0.4609,2,4,2,410939,265505,34685,91571,2.1029099607147383,0.25644680684224086
4138,0.461,13,116,13,411055,265389,34698,91558,2.101991192497782,0.2565030662815488
4139,0.4611,1,7,1,411062,265382,34699,91557,2.1019357495881383,0.25650601363258146
4140,0.4612,7,28,7,411090,265354,34706,91550,2.101713977949563,0.2565115549279358
4141,0.4613,7,50,7,411140,265304,34713,91543,2.1013179571663922,0.2565329118641883
4142,0.4614,2,8,2,411148,265296,34715,91541,2.1012545938410847,0.25653449614249646
4143,0.4615,5,43,5,411191,265253,34720,91536,2.100914015967558,0.2565549946887376
4144,0.4616,2,3,2,411194,265250,34722,91534,2.100890254720568,0.25655298443876406
4145,0.4617,74,448,74,411642,264802,34796,91460,2.0973419085033584,0.2567211771112271
4146,0.4618,5,19,5,411661,264783,34801,91455,2.0971914206057534,0.2567244370336685
4147,0.4619,2,14,2,411675,264769,34803,91453,2.0970805347864654,0.25673035354357676
4148,0.462,13,88,13,411763,264681,34816,91440,2.096383538208085,0.25676666076979454
4149,0.4621,2,12,2,411775,264669,34818,91438,2.0962884932201242,0.2567711390115892
4150,0.4622,3,18,3,411793,264651,34821,91435,2.096145925738183,0.2567778570345366
4151,0.4623,6,44,6,411837,264607,34827,91429,2.0957974274489923,0.25679706546529
4152,0.4624,0,14,0,411851,264593,34827,91429,2.095686541629705,0.2568071636022493
4153,0.4625,52,430,52,412281,264163,34879,91377,2.0922807628944367,0.25700905664622825
4154,0.4626,2,18,2,412299,264145,34881,91375,2.0921381954124953,0.2570178892889289
4155,0.4627,12,65,12,412364,264080,34893,91363,2.0916233683943735,0.257039806663797
4156,0.4628,7,23,7,412387,264057,34900,91356,2.0914411988341146,0.25704180769977464
4157,0.4629,2,25,2,412412,264032,34902,91354,2.0912431884425295,0.25705570844096276
4158,0.463,14,66,14,412478,263966,34916,91340,2.0907204410087443,0.2570741839428549
4159,0.4631,2,10,2,412488,263956,34918,91338,2.09064123685211,0.25707723744279387
4160,0.4632,5,27,5,412515,263929,34923,91333,2.090427385629198,0.2570863193924484
4161,0.4633,131,800,131,413315,263129,35054,91202,2.0840910530984664,0.2573920994776071
4162,0.4634,1,3,1,413318,263126,35055,91201,2.0840672918514764,0.25739218292707017
4163,0.4635,4,41,4,413359,263085,35059,91197,2.0837425548092763,0.25741358578759294
4164,0.4636,1,5,1,413364,263080,35060,91196,2.083702952730959,0.25741512267271843
4165,0.4637,3,35,3,413399,263045,35063,91193,2.08342573818274,0.25743426735697467
4166,0.4638,4,31,4,413430,263014,35067,91189,2.083180205297174,0.2574484123511094
4167,0.4639,1,6,1,413436,263008,35068,91188,2.0831326828031935,0.2574506770262792
4168,0.464,22,152,22,413588,262856,35090,91166,2.0819287796223547,0.2575150696849348
4169,0.4641,0,4,0,413592,262852,35090,91166,2.081897097959701,0.2575179793117864
4170,0.4642,27,162,27,413754,262690,35117,91139,2.080613990622228,0.2575792261233534
4171,0.4643,10,66,10,413820,262624,35127,91129,2.0800912431884426,0.2576062959183385
4172,0.4644,3,18,3,413838,262606,35130,91126,2.079948675706501,0.2576131082288286
4173,0.4645,5,31,5,413869,262575,35135,91121,2.0797031428209354,0.25762519225549624
4174,0.4646,0,7,0,413876,262568,35135,91121,2.079647699911291,0.25763029101838053
4175,0.4647,3,32,3,413908,262536,35138,91118,2.079394246610062,0.25764730499301575
4176,0.4648,3,25,3,413933,262511,35141,91115,2.079196236218477,0.2576592218897932
4177,0.4649,0,2,0,413935,262509,35141,91115,2.0791803953871497,0.2576606791394249
4178,0.465,245,1430,245,415365,261079,35386,90870,2.0678542009884677,0.2581908174195693
4179,0.4651,0,11,0,415376,261068,35386,90870,2.06776707641617,0.2581988873040138
4180,0.4652,3,27,3,415403,261041,35389,90867,2.067553225193258,0.2582123736885777
4181,0.4653,6,32,6,415435,261009,35395,90861,2.0672997718920287,0.2582232074345639
4182,0.4654,1,11,1,415446,260998,35396,90860,2.067212647319731,0.2582291719955209
4183,0.4655,5,34,5,415480,260964,35401,90855,2.0669433531871753,0.2582435854800338
4184,0.4656,2,16,2,415496,260948,35403,90853,2.0668166265365606,0.2582511135556749
4185,0.4657,10,53,10,415549,260895,35413,90843,2.0663968445063996,0.25826893881241153
4186,0.4658,26,136,26,415685,260759,35439,90817,2.0653196679761754,0.2583139918538239
4187,0.4659,0,3,0,415688,260756,35439,90817,2.065295906729185,0.2583161960673886
4188,0.466,20,141,20,415829,260615,35459,90797,2.0641791281206436,0.2583776308151116
4189,0.4661,0,13,0,415842,260602,35459,90797,2.0640761627170194,0.25838718949114825
4190,0.4662,6,30,6,415872,260572,35465,90791,2.063838550247117,0.2583965870054616
4191,0.4663,3,27,3,415899,260545,35468,90788,2.0636246990242046,0.2584101123435601
4192,0.4664,7,13,7,415912,260532,35475,90781,2.0635217336205804,0.25840489819619544
4193,0.4665,4,28,4,415940,260504,35479,90777,2.063299961982005,0.25841705073715915
4194,0.4666,1,8,1,415948,260496,35480,90776,2.0632365986566974,0.2584208248878362
4195,0.4667,116,776,116,416724,259720,35596,90660,2.057090356101888,0.258747645413551
4196,0.4668,4,26,4,416750,259694,35600,90656,2.0568844252946397,0.2587583844726702
4197,0.4669,2,10,2,416760,259684,35602,90654,2.0568052211380055,0.2587615388567612
4198,0.467,11,55,11,416815,259629,35613,90643,2.0563695982765173,0.2587788918326329
4199,0.4671,2,22,2,416837,259607,35615,90641,2.0561953491319223,0.25879091386674585
4200,0.4672,5,21,5,416858,259586,35620,90636,2.056029020402991,0.2587958494897522
4201,0.4673,11,60,11,416918,259526,35631,90625,2.0555537954631857,0.25881691041864796
4202,0.4674,2,10,2,416928,259516,35633,90623,2.055474591306552,0.2588200686013269
4203,0.4675,68,417,68,417345,259099,35701,90555,2.052171777974908,0.25898459620081565
4204,0.4676,0,18,0,417363,259081,35701,90555,2.0520292104929667,0.25899792927501747
4205,0.4677,8,47,8,417410,259034,35709,90547,2.051656950956786,0.2590157931924218
4206,0.4678,6,22,6,417432,259012,35715,90541,2.051482701812191,0.25901937617471454
4207,0.4679,1,11,1,417443,259001,35716,90540,2.0513955772398935,0.2590254076059747
4208,0.468,21,102,21,417545,258899,35737,90519,2.0505876948422253,0.25905648821755034
4209,0.4681,1,8,1,417553,258891,35738,90518,2.050524331516918,0.2590602989619615
4210,0.4682,5,33,5,417586,258858,35743,90513,2.0502629578000255,0.2590741647131559
4211,0.4683,69,439,69,418025,258419,35812,90444,2.0467858953237865,0.2592536325147694
4212,0.4684,1,9,1,418034,258410,35813,90443,2.0467146115828156,0.25925819757892293
4213,0.4685,7,37,7,418071,258373,35820,90436,2.0464215562032697,0.25927083303469806
4214,0.4686,1,12,1,418083,258361,35821,90435,2.0463265112153084,0.2592776293306116
4215,0.4687,7,44,7,418127,258317,35828,90428,2.0459780129261183,0.25929547377023326
4216,0.4688,5,30,5,418157,258287,35833,90423,2.045740400456216,0.2593071606779272
4217,0.4689,3,6,3,418163,258281,35836,90420,2.0456928779622356,0.2593052500566388
4218,0.469,16,82,16,418245,258199,35852,90404,2.0450434038778353,0.2593322490053155
4219,0.4691,0,3,0,418248,258196,35852,90404,2.0450196426308453,0.2593344807802639
4220,0.4692,22,143,22,418391,258053,35874,90382,2.043887023190977,0.2593941481194484
4221,0.4693,11,71,11,418462,257982,35885,90371,2.0433246736788746,0.2594236306275531
4222,0.4694,3,5,3,418467,257977,35888,90368,2.0432850716005575,0.2594209763309363
4223,0.4695,10,48,10,418515,257929,35898,90358,2.0429048916487136,0.2594354655786751
4224,0.4696,3,14,3,418529,257915,35901,90355,2.042794005829426,0.2594395153185747
4225,0.4697,4,43,4,418572,257872,35905,90351,2.0424534279558992,0.25946304523250907
4226,0.4698,3,24,3,418596,257848,35908,90348,2.042263337979977,0.2594745488173328
4227,0.4699,3,5,3,418601,257843,35911,90345,2.04222373590166,0.2594718944937792
4228,0.47,631,4140,631,422741,253703,36542,89714,2.009433215055126,0.2612392514057254
4229,0.4701,3,5,3,422746,253698,36545,89711,2.009393612976809,0.2612366012538984
4230,0.4702,4,23,4,422769,253675,36549,89707,2.0092114434165507,0.2612454933572523
4231,0.4703,8,25,8,422794,253650,36557,89699,2.009013433024965,0.2612473023075646
4232,0.4704,1,14,1,422808,253636,36558,89698,2.008902547205677,0.26125580338678955
4233,0.4705,3,26,3,422834,253610,36561,89695,2.008696616398429,0.26126913386056133
4234,0.4706,0,6,0,422840,253604,36561,89695,2.008649093904448,0.2612737001855525
4235,0.4707,14,60,14,422900,253544,36575,89681,2.008173868964643,0.26128924175103796
4236,0.4708,16,129,16,423029,253415,36591,89665,2.0071521353440627,0.26135303719249153
4237,0.4709,2,6,2,423035,253409,36593,89663,2.0071046128500822,0.26135330193079004
4238,0.471,12,105,12,423140,253304,36605,89651,2.006272969205424,0.261407473283667
4239,0.4711,2,12,2,423152,253292,36607,89649,2.006177924217463,0.2614123129051353
4240,0.4712,6,35,6,423187,253257,36613,89643,2.0059007096692434,0.2614260717410324
4241,0.4713,7,34,7,423221,253223,36620,89636,2.0056314155366874,0.26143691721669843
4242,0.4714,4,19,4,423240,253204,36624,89632,2.0054809276390824,0.2614427889719866
4243,0.4715,9,47,9,423287,253157,36633,89623,2.0051086681029022,0.26145924499679096
4244,0.4716,0,2,0,423289,253155,36633,89623,2.005092827271575,0.26146077052786354
4245,0.4717,68,413,68,423702,252742,36701,89555,2.0018216956025854,0.2616295205625524
4246,0.4718,4,32,4,423734,252710,36705,89551,2.001568242301356,0.2616453525233667
4247,0.4719,1,5,1,423739,252705,36706,89550,2.001528640223039,0.2616470175746154
4248,0.472,14,111,14,423850,252594,36720,89536,2.0006494740844,0.26170169233916935
4249,0.4721,2,13,2,423863,252581,36722,89534,2.0005465086807757,0.2617073206377972
4250,0.4722,3,20,3,423883,252561,36725,89531,2.0003881003675072,0.26171614653368097
4251,0.4723,7,48,7,423931,252513,36732,89524,2.0000079204156633,0.2617377652125355
4252,0.4724,1,12,1,423943,252501,36733,89523,1.9999128754277025,0.26174478983930954
4253,0.4725,57,403,57,424346,252098,36790,89466,1.9967209479153465,0.2619304142122706
4254,0.4726,2,3,2,424349,252095,36792,89464,1.9966971866683563,0.2619283930448327
4255,0.4727,6,66,6,424415,252029,36798,89458,1.996174439234571,0.2619660484879366
4256,0.4728,4,19,4,424434,252010,36802,89454,1.9960239513369662,0.2619719794766066
4257,0.4729,3,12,3,424446,251998,36805,89451,1.995928906349005,0.26197470193206013
4258,0.473,9,49,9,424495,251949,36814,89442,1.9955408059814979,0.26199284691160574
4259,0.4731,1,6,1,424501,251943,36815,89441,1.9954932834875174,0.261995289761676
4260,0.4732,7,31,7,424532,251912,36822,89434,1.9952477506019517,0.2620039490722024
4261,0.4733,152,737,152,425269,251175,36974,89282,1.9894104042580154,0.2622416340389535
4262,0.4734,0,6,0,425275,251169,36974,89282,1.989362881764035,0.2622462557019953
4263,0.4735,6,32,6,425307,251137,36980,89276,1.9891094284628057,0.26225790436910457
4264,0.4736,3,11,3,425318,251126,36983,89273,1.9890223038905082,0.26225987737919326
4265,0.4737,10,34,10,425352,251092,36993,89263,1.988753009757952,0.262264400405459
4266,0.4738,5,27,5,425379,251065,36998,89258,1.9885391585350398,0.26227436876144133
4267,0.4739,1,8,1,425387,251057,36999,89257,1.9884757952097325,0.2622783664498081
4268,0.474,23,160,23,425547,250897,37022,89234,1.9872085287035863,0.26235185854861803
4269,0.4741,1,3,1,425550,250894,37023,89233,1.9871847674565961,0.2623520038103414
4270,0.4742,33,150,33,425700,250744,37056,89200,1.985996705107084,0.2623961593674252
4271,0.4743,9,66,9,425766,250678,37065,89191,1.9854739576732987,0.2624275823920393
4272,0.4744,0,9,0,425775,250669,37065,89191,1.985402673932328,0.26243453186606247
4273,0.4745,4,24,4,425799,250645,37069,89187,1.985212583956406,0.26244438428399913
4274,0.4746,0,14,0,425813,250631,37069,89187,1.9851016981371183,0.26245519660524164
4275,0.4747,5,33,5,425846,250598,37074,89182,1.9848403244202255,0.2624698334216258
4276,0.4748,6,21,6,425867,250577,37080,89176,1.9846739956912938,0.26247303187904153
4277,0.4749,1,10,1,425877,250567,37081,89175,1.9845947915346598,0.2624785866922547
4278,0.475,212,1494,212,427371,249073,37293,88963,1.9727616905335192,0.26317611142008546
4279,0.4751,0,8,0,427379,249065,37293,88963,1.972698327208212,0.2631823399245033
4280,0.4752,1,35,1,427414,249030,37294,88962,1.9724211126599924,0.26320741319321167
4281,0.4753,7,51,7,427465,248979,37301,88955,1.9720171714611583,0.26323187367947587
4282,0.4754,2,17,2,427482,248962,37303,88953,1.9718825243948803,0.2632407558113727
4283,0.4755,4,35,4,427517,248927,37307,88949,1.9716053098466608,0.26325930222922017
4284,0.4756,1,8,1,427525,248919,37308,88948,1.9715419465213535,0.2632633551071871
4285,0.4757,15,67,15,427592,248852,37323,88933,1.9710112786719047,0.26328285743890345
4286,0.4758,21,127,21,427719,248725,37344,88912,1.9700053858826512,0.2633360680257199
4287,0.4759,1,14,1,427733,248711,37345,88911,1.9698945000633634,0.26334480572948443
4288,0.476,21,148,21,427881,248563,37366,88890,1.9687222785451781,0.2634144606804503
4289,0.4761,0,10,0,427891,248553,37366,88890,1.968643074388544,0.26342226687173836
4290,0.4762,2,37,2,427928,248516,37368,88888,1.9683500190089975,0.263446787827056
4291,0.4763,9,37,9,427965,248479,37377,88879,1.9680569636294514,0.26345603187118727
4292,0.4764,1,10,1,427975,248469,37378,88878,1.9679777594728172,0.26346165817392775
4293,0.4765,5,39,5,428014,248430,37383,88873,1.967668863261944,0.26348120236108186
4294,0.4766,0,8,0,428022,248422,37383,88873,1.9676054999366366,0.2634874516372908
4295,0.4767,106,753,106,428775,247669,37489,88767,1.9616414269420859,0.2638451295342948
4296,0.4768,4,20,4,428795,247649,37493,88763,1.9614830186288177,0.26385206235211583
4297,0.4769,1,10,1,428805,247639,37494,88762,1.9614038144721835,0.2638577174265237
4298,0.477,11,70,11,428875,247569,37505,88751,1.9608493853757445,0.2638885585156993
4299,0.4771,5,16,5,428891,247553,37510,88746,1.9607226587251299,0.2638901691649395
4300,0.4772,6,23,6,428914,247530,37516,88740,1.9605404891648714,0.2638950843072531
4301,0.4773,14,54,14,428968,247476,37530,88726,1.960112786719047,0.263906817924938
4302,0.4774,1,12,1,428980,247464,37531,88725,1.960017741731086,0.26391404834780435
4303,0.4775,68,379,68,429359,247085,37599,88657,1.9570159041946522,0.2640628816174324
4304,0.4776,2,18,2,429377,247067,37601,88655,1.9568733367127107,0.26407265535174934
4305,0.4777,11,55,11,429432,247012,37612,88644,1.956437713851223,0.26409180827990564
4306,0.4778,4,17,4,429449,246995,37616,88640,1.9563030667849448,0.2640964142595379
4307,0.4779,1,17,1,429466,246978,37617,88639,1.9561684197186668,0.2641075988403448
4308,0.478,11,100,11,429566,246878,37628,88628,1.9553763781523255,0.2641621908401042
4309,0.4781,2,10,2,429576,246868,37630,88626,1.9552971739956913,0.2641656780747197
4310,0.4782,2,26,2,429602,246842,37632,88624,1.9550912431884426,0.26418176506710067
4311,0.4783,54,456,54,430058,246386,37686,88570,1.9514795336459256,0.26442278985896656
4312,0.4784,1,11,1,430069,246375,37687,88569,1.951392409073628,0.26442927773000857
4313,0.4785,5,50,5,430119,246325,37692,88564,1.9509963882904575,0.26445777556145467
4314,0.4786,5,11,5,430130,246314,37697,88559,1.95090926371816,0.26445548013724607
4315,0.4787,9,44,9,430174,246270,37706,88550,1.9505607654289696,0.26447046174063676
4316,0.4788,5,35,5,430209,246235,37711,88545,1.9502835508807501,0.2644871258737081
4317,0.4789,0,9,0,430218,246226,37711,88545,1.9502122671397795,0.26449423635858543
4318,0.479,12,105,12,430323,246121,37723,88533,1.949380623495121,0.2645508495341457
4319,0.4791,1,14,1,430337,246107,37724,88532,1.9492697376758332,0.26455971957841135
4320,0.4792,26,138,26,430475,245969,37750,88506,1.9481767203142821,0.2646117049106809
4321,0.4793,8,52,8,430527,245917,37758,88498,1.9477648586997847,0.26463525858588877
4322,0.4794,0,12,0,430539,245905,37758,88498,1.9476698137118236,0.2646447549812651
4323,0.4795,8,32,8,430571,245873,37766,88490,1.9474163604105943,0.2646524884631374
4324,0.4796,1,19,1,430590,245854,37767,88489,1.9472658725129894,0.2646653287193092
4325,0.4797,3,29,3,430619,245825,37770,88486,1.9470361804587504,0.2646816886073147
4326,0.4798,3,21,3,430640,245804,37773,88483,1.9468698517298189,0.2646917169976697
4327,0.4799,1,3,1,430643,245801,37774,88482,1.9468460904828286,0.26469189279742017
4328,0.48,681,4076,681,434719,241725,38455,87801,1.914562476238753,0.2664463502121229
4329,0.4801,1,7,1,434726,241718,38456,87800,1.9145070333291092,0.2664497842303
4330,0.4802,6,21,6,434747,241697,38462,87794,1.9143407046001775,0.2664534084390772
4331,0.4803,6,36,6,434783,241661,38468,87788,1.9140555696362944,0.26646916518186425
4332,0.4804,1,9,1,434792,241652,38469,87787,1.9139842858953238,0.26647421829230905
4333,0.4805,7,27,7,434819,241625,38476,87780,1.9137704346724116,0.26648047236684325
4334,0.4806,0,6,0,434825,241619,38476,87780,1.9137229121784312,0.2664853263063944
4335,0.4807,4,63,4,434888,241556,38480,87776,1.913223925991636,0.2665273948477524
4336,0.4808,29,120,29,435008,241436,38509,87747,1.9122734761120264,0.2665599377853656
4337,0.4809,0,9,0,435017,241427,38509,87747,1.9122021923710557,0.26656722584408243
4338,0.481,14,88,14,435105,241339,38523,87733,1.9115051957926752,0.26660730782321196
4339,0.4811,2,9,2,435114,241330,38525,87731,1.9114339120517045,0.266610142192481
4340,0.4812,9,26,9,435140,241304,38534,87722,1.9112279812444557,0.2666111492708783
4341,0.4813,4,40,4,435180,241264,38538,87718,1.910911164617919,0.2666346487041844
4342,0.4814,1,14,1,435194,241250,38539,87717,1.9108002787986313,0.26664376670000334
4343,0.4815,5,32,5,435226,241218,38544,87712,1.910546825497402,0.2666585595719454
4344,0.4816,2,9,2,435235,241209,38546,87710,1.9104755417564314,0.2666613968788668
4345,0.4817,65,407,65,435642,240802,38611,87645,1.907251932581422,0.2668467058612196
4346,0.4818,3,28,3,435670,240774,38614,87642,1.9070301609428464,0.2668627594270681
4347,0.4819,0,6,0,435676,240768,38614,87642,1.9069826384488657,0.26686763496848454
4348,0.482,21,88,21,435764,240680,38635,87621,1.9062856418704854,0.2668922726400468
4349,0.4821,1,15,1,435779,240665,38636,87620,1.9061668356355341,0.2669022343390651
4350,0.4822,5,15,5,435794,240650,38641,87615,1.906048029400583,0.2669032641311136
4351,0.4823,6,38,6,435832,240612,38647,87609,1.905747053605373,0.26692076375369034
4352,0.4824,0,10,0,435842,240602,38647,87609,1.9056678494487391,0.2669288963502137
4353,0.4825,58,394,58,436236,240208,38705,87551,1.902547205677354,0.2671200485722741
4354,0.4826,3,8,3,436244,240200,38708,87548,1.9024838423520467,0.26711986038053626
4355,0.4827,10,70,10,436314,240130,38718,87538,1.9019294132556077,0.26715455888277156
4356,0.4828,3,25,3,436339,240105,38721,87535,1.9017314028640222,0.267168233426932
4357,0.4829,1,15,1,436354,240090,38722,87534,1.9016125966290711,0.26717822870119406
4358,0.483,9,62,9,436416,240028,38731,87525,1.9011215308579394,0.26720866546787847
4359,0.4831,1,7,1,436423,240021,38732,87524,1.9010660879482955,0.2672121387900899
4360,0.4832,4,30,4,436453,239991,38736,87520,1.900828475478393,0.26722766563565803
4361,0.4833,126,658,126,437111,239333,38862,87394,1.8956168419718666,0.2674832505425018
4362,0.4834,0,7,0,437118,239326,38862,87394,1.8955613990622229,0.26748898139079336
4363,0.4835,9,34,9,437152,239292,38871,87385,1.8952921049296667,0.2674966404123951
4364,0.4836,4,21,4,437173,239271,38875,87381,1.895125776200735,0.26750486756548253
4365,0.4837,4,36,4,437209,239235,38879,87377,1.8948406412368521,0.2675253817985867
4366,0.4838,5,22,5,437231,239213,38884,87372,1.894666392092257,0.2675321891697414
4367,0.4839,2,9,2,437240,239204,38886,87370,1.8945951083512862,0.2675350762767397
4368,0.484,33,154,33,437394,239050,38919,87337,1.8933753643391205,0.2675872507177063
4369,0.4841,0,8,0,437402,239042,38919,87337,1.8933120010138131,0.2675938096507435
4370,0.4842,24,141,24,437543,238901,38943,87313,1.8921952224052718,0.2676555880495626
4371,0.4843,9,50,9,437593,238851,38952,87304,1.891799201622101,0.26767641152212907
4372,0.4844,3,8,3,437601,238843,38955,87301,1.891735838296794,0.26767624116954475
4373,0.4845,12,20,12,437621,238823,38967,87289,1.8915774299835255,0.26766570994014327
4374,0.4846,3,8,3,437629,238815,38970,87286,1.8915140666582182,0.2676655392041116
4375,0.4847,8,39,8,437668,238776,38978,87278,1.8912051704473452,0.2676795868169076
4376,0.4848,4,26,4,437694,238750,38982,87274,1.8909992396400963,0.267691949058965
4377,0.4849,0,10,0,437704,238740,38982,87274,1.890920035483462,0.26770016011582326
4378,0.485,235,1376,235,439080,237364,39217,87039,1.8800215435306045,0.2683051636390539
4379,0.4851,2,9,2,439089,237355,39219,87037,1.8799502597896338,0.26830809637722264
4380,0.4852,7,25,7,439114,237330,39226,87030,1.8797522493980483,0.2683129855715871
4381,0.4853,6,43,6,439157,237287,39232,87024,1.8794116715245217,0.26833502409723997
4382,0.4854,1,7,1,439164,237280,39233,87023,1.8793562286148777,0.26833855992698186
4383,0.4855,5,22,5,439186,237258,39238,87018,1.8791819794702826,0.26834548347703807
4384,0.4856,2,13,2,439199,237245,39240,87016,1.8790790140666582,0.26835172900842225
4385,0.4857,9,55,9,439254,237190,39249,87007,1.8786433912051705,0.26837694364846065
4386,0.4858,14,142,14,439396,237048,39263,86993,1.8775186921809657,0.268462941417907
4387,0.4859,1,6,1,439402,237042,39264,86992,1.8774711696869852,0.2684656548386898
4388,0.486,20,161,20,439563,236881,39284,86972,1.8761959827651755,0.268553942683872
4389,0.4861,1,4,1,439567,236877,39285,86971,1.876164301102522,0.2685550011116326
4390,0.4862,8,41,8,439608,236836,39293,86963,1.8758395640603218,0.2685709344377222
4391,0.4863,3,39,3,439647,236797,39296,86960,1.8755306678494488,0.26859650911022775
4392,0.4864,0,18,0,439665,236779,39296,86960,1.8753881003675072,0.26861144316872543
4393,0.4865,13,39,13,439704,236740,39309,86947,1.8750792041566342,0.2686144330788694
4394,0.4866,3,10,3,439714,236730,39312,86944,1.875,0.2686159530886015
4395,0.4867,130,729,130,440443,236001,39442,86814,1.8692260169813713,0.26892802379071606
4396,0.4868,3,36,3,440479,235965,39445,86811,1.8689408820174882,0.26895122313926684
4397,0.4869,3,11,3,440490,235954,39448,86808,1.8688537574451907,0.26895359428929055
4398,0.487,13,48,13,440538,235906,39461,86795,1.8684735774933467,0.2689641494758306
4399,0.4871,9,26,9,440564,235880,39470,86786,1.8682676466860981,0.2689654317467598
4400,0.4872,3,20,3,440584,235860,39473,86783,1.8681092383728297,0.26897530707314277
4401,0.4873,5,53,5,440637,235807,39478,86778,1.867689456342669,0.26900816838972674
4402,0.4874,2,11,2,440648,235796,39480,86776,1.8676023317703714,0.26901280954329576
4403,0.4875,58,361,58,441009,235435,39538,86718,1.864743061715879,0.2691826554463252
4404,0.4876,2,24,2,441033,235411,39540,86716,1.864552971739957,0.2691981733912401
4405,0.4877,8,39,8,441072,235372,39548,86708,1.8642440755290837,0.2692126179831098
4406,0.4878,4,23,4,441095,235349,39552,86704,1.8640619059688253,0.269222767681096
4407,0.4879,2,14,2,441109,235335,39554,86702,1.8639510201495375,0.2692299332064328
4408,0.488,19,102,19,441211,235233,39573,86683,1.8631431377518692,0.2692721082518421
4409,0.4881,0,7,0,441218,235226,39573,86683,1.8630876948422253,0.26927796364811174
4410,0.4882,8,26,8,441244,235200,39581,86675,1.8628817640349766,0.26928155339805826
4411,0.4883,74,405,74,441649,234795,39655,86601,1.8596739956912938,0.2694526378673039
4412,0.4884,3,6,3,441655,234789,39658,86598,1.8596264731973133,0.26945084897646765
4413,0.4885,5,38,5,441693,234751,39663,86593,1.8593254974021036,0.269471345349532
4414,0.4886,1,14,1,441707,234737,39664,86592,1.8592146115828159,0.26948081250058353
4415,0.4887,4,31,4,441738,234706,39668,86588,1.85896907869725,0.2694977186004096
4416,0.4888,6,31,6,441769,234675,39674,86582,1.8587235458116842,0.2695100807141946
4417,0.4889,1,13,1,441782,234662,39675,86581,1.8586205804080598,0.2695187132482264
4418,0.489,14,82,14,441864,234580,39689,86567,1.85797110632366,0.26955568633678656
4419,0.4891,0,3,0,441867,234577,39689,86567,1.8579473450766697,0.26955820441920136
4420,0.4892,24,134,24,442001,234443,39713,86543,1.8568860093777722,0.26961612032923554
4421,0.4893,11,58,11,442059,234385,39724,86532,1.856426625269294,0.26963981340969784
4422,0.4894,1,7,1,442066,234378,39725,86531,1.8563711823596503,0.26964341916244167
4423,0.4895,1,19,1,442085,234359,39726,86530,1.8562206944620454,0.2696571088444914
4424,0.4896,6,9,6,442094,234350,39732,86524,1.8561494107210745,0.26965101566346916
4425,0.4897,5,30,5,442124,234320,39737,86519,1.8559117982511721,0.26966484747801855
4426,0.4898,6,25,6,442149,234295,39743,86513,1.8557137878595868,0.26967220268821224
4427,0.4899,1,3,1,442152,234292,39744,86512,1.8556900266125966,0.26967244797446416
4428,0.49,660,4044,660,446196,230248,40404,85852,1.8236598656697502,0.2715975956975641
4429,0.4901,0,3,0,446199,230245,40404,85852,1.82363610442276,0.2716001733645052
4430,0.4902,4,20,4,446219,230225,40408,85848,1.8234776961094918,0.2716081411572643
4431,0.4903,3,26,3,446245,230199,40411,85845,1.823271765302243,0.27162357140145044
4432,0.4904,4,19,4,446264,230180,40415,85841,1.8231212774046381,0.27163068277108166
4433,0.4905,3,23,3,446287,230157,40418,85838,1.8229391078443797,0.2716435386635864
4434,0.4906,1,8,1,446295,230149,40419,85837,1.8228757445190724,0.27164811099225916
4435,0.4907,12,60,12,446355,230089,40431,85825,1.8224005195792676,0.2716720373266142
4436,0.4908,19,141,19,446496,229948,40450,85806,1.821283740970726,0.2717495265301469
4437,0.4909,1,7,1,446503,229941,40451,85805,1.8212282980610823,0.2717532446966866
4438,0.491,11,98,11,446601,229843,40462,85794,1.8204520973260676,0.2718122400098848
4439,0.4911,2,5,2,446606,229838,40464,85792,1.8204124952477505,0.2718119316921712
4440,0.4912,9,27,9,446633,229811,40473,85783,1.8201986440248383,0.27181441979251825
4441,0.4913,8,35,8,446668,229776,40481,85775,1.8199214294766188,0.27182610734873286
4442,0.4914,3,16,3,446684,229760,40484,85772,1.8197947028260044,0.2718329678130903
4443,0.4915,4,36,4,446720,229724,40488,85768,1.8195095678621214,0.27185475384478847
4444,0.4916,2,7,2,446727,229717,40490,85766,1.8194541249524776,0.2718561697460719
4445,0.4917,74,430,74,447157,229287,40564,85692,1.8160483462172095,0.27205623232024995
4446,0.4918,2,22,2,447179,229265,40566,85690,1.8158740970726144,0.27207061326221205
4447,0.4919,1,10,1,447189,229255,40567,85689,1.8157948929159802,0.27207694066246696
4448,0.492,9,88,9,447277,229167,40576,85680,1.8150978963375999,0.2721321784866935
4449,0.4921,0,6,0,447283,229161,40576,85680,1.8150503738436192,0.2721373645744995
4450,0.4922,6,14,6,447297,229147,40582,85674,1.8149394880243315,0.27213559451243724
4451,0.4923,8,34,8,447331,229113,40590,85666,1.8146701938917755,0.27214649007716524
4452,0.4924,4,8,4,447339,229105,40594,85662,1.8146068305664682,0.2721441574243806
4453,0.4925,59,365,59,447704,228740,40653,85603,1.811715878849322,0.2723235446629955
4454,0.4926,2,3,2,447707,228737,40655,85601,1.8116921176023317,0.27232151378452496
4455,0.4927,9,59,9,447766,228678,40664,85592,1.8112248130781903,0.27235179940815224
4456,0.4928,2,15,2,447781,228663,40666,85590,1.8111060068432392,0.272360168399347
4457,0.4929,1,18,1,447799,228645,40667,85589,1.8109634393612977,0.2723734541774601
4458,0.493,10,58,10,447857,228587,40677,85579,1.8105040552528198,0.2724005780383619
4459,0.4931,1,14,1,447871,228573,40678,85578,1.8103931694335318,0.2724104013674952
4460,0.4932,2,28,2,447899,228545,40680,85576,1.8101713977949563,0.27243005084028127
4461,0.4933,124,706,124,448605,227839,40804,85452,1.804579584336586,0.2727560000127677
4462,0.4934,0,2,0,448607,227837,40804,85452,1.804563743505259,0.27275774125487967
4463,0.4935,9,48,9,448655,227789,40813,85443,1.8041835635534154,0.2727786433059202
4464,0.4936,3,20,3,448675,227769,40816,85440,1.804025155240147,0.2727890960987711
4465,0.4937,10,39,10,448714,227730,40826,85430,1.803716259029274,0.2727998467237195
4466,0.4938,3,40,3,448754,227690,40829,85427,1.8033994424027373,0.27282772893199664
4467,0.4939,0,11,0,448765,227679,40829,85427,1.8033123178304398,0.27283731388092214
4468,0.494,27,124,27,448889,227555,40856,85400,1.8023301862881764,0.27288268281382305
4469,0.4941,0,7,0,448896,227548,40856,85400,1.8022747433785324,0.2728887866354794
4470,0.4942,25,144,25,449040,227404,40881,85375,1.801134203523001,0.2729563046112431
4471,0.4943,13,64,13,449104,227340,40894,85362,1.8006272969205424,0.27298194447109386
4472,0.4944,0,11,0,449115,227329,40894,85362,1.8005401723482448,0.2729915475661276
4473,0.4945,3,21,3,449136,227308,40897,85359,1.800373843619313,0.27300290724636755
4474,0.4946,4,15,4,449151,227293,40901,85355,1.800255037384362,0.2730067040249738
4475,0.4947,1,31,1,449182,227262,40902,85354,1.800009504498796,0.2730314507254907
4476,0.4948,5,23,5,449205,227239,40907,85349,1.7998273349385376,0.27303991196079186
4477,0.4949,1,7,1,449212,227232,40908,85348,1.7997718920288936,0.273043700812592
4478,0.495,251,1335,251,450547,225897,41159,85097,1.789198137118236,0.2736290732297086
4479,0.4951,1,9,1,450556,225888,41160,85096,1.7891268533772653,0.2736346564453477
4480,0.4952,2,25,2,450581,225863,41162,85094,1.7889288429856798,0.273651984036378
4481,0.4953,12,36,12,450617,225827,41174,85082,1.788643708021797,0.27365563557182326
4482,0.4954,1,5,1,450622,225822,41175,85081,1.7886041059434798,0.27365770031167275
4483,0.4955,8,35,8,450657,225787,41183,85073,1.7883268913952604,0.27366981921122047
4484,0.4956,2,10,2,450667,225777,41185,85071,1.7882476872386264,0.27367394996911676
4485,0.4957,7,58,7,450725,225719,41192,85064,1.7877883031301482,0.2737086648883626
4486,0.4958,20,152,20,450877,225567,41212,85044,1.7865843999493094,0.273795841100283
4487,0.4959,0,5,0,450882,225562,41212,85044,1.7865447978709923,0.27380024854638996
4488,0.496,25,131,25,451013,225431,41237,85019,1.785507223419085,0.2738573039136737
4489,0.4961,3,12,3,451025,225419,41240,85016,1.785412178431124,0.2738608726464477
4490,0.4962,4,29,4,451054,225390,41244,85012,1.785182486376885,0.27387710130733695
4491,0.4963,4,29,4,451083,225361,41248,85008,1.784952794322646,0.2738933334192526
4492,0.4964,4,13,4,451096,225348,41252,85004,1.7848498289190218,0.273895447749652
4493,0.4965,5,36,5,451132,225312,41257,84999,1.7845646939551387,0.27391552345872366
4494,0.4966,0,6,0,451138,225306,41257,84999,1.7845171714611583,0.27392081983854594
4495,0.4967,117,661,117,451799,224645,41374,84882,1.7792817767076416,0.27423132715401244
4496,0.4968,3,19,3,451818,224626,41377,84879,1.7791312888100368,0.2742411269607922
4497,0.4969,1,15,1,451833,224611,41378,84878,1.7790124825750855,0.2742520735793518
4498,0.497,12,52,12,451885,224559,41390,84866,1.778600620960588,0.27427001696695485
4499,0.4971,5,18,5,451903,224541,41395,84861,1.7784580534786465,0.27427424515678633
4500,0.4972,1,22,1,451925,224519,41396,84860,1.7782838043340514,0.2742914031010508
4501,0.4973,9,48,9,451973,224471,41405,84851,1.7779036243822075,0.2743128519794906
4502,0.4974,0,11,0,451984,224460,41405,84851,1.77781649980991,0.2743226073434181
4503,0.4975,58,421,58,452405,224039,41463,84793,1.7744820048156127,0.274560278727593
4504,0.4976,2,15,2,452420,224024,41465,84791,1.7743631985806616,0.2745689166653174
4505,0.4977,9,46,9,452466,223978,41474,84782,1.7739988594601446,0.2745886772898044
4506,0.4978,4,17,4,452483,223961,41478,84778,1.7738642123938664,0.274594398504886
4507,0.4979,1,12,1,452495,223949,41479,84777,1.7737691674059055,0.27460272215492054
4508,0.498,18,84,18,452579,223865,41497,84759,1.7731038524901788,0.2746351547514127
4509,0.4981,3,11,3,452590,223854,41500,84756,1.7730167279178812,0.2746378924856615
4510,0.4982,4,27,4,452617,223827,41504,84752,1.772802876694969,0.27465252010020125
4511,0.4983,92,384,92,453001,223443,41596,84660,1.769761437080218,0.27477823974450105
4512,0.4984,2,7,2,453008,223436,41598,84658,1.7697059941705742,0.27477977500373263
4513,0.4985,4,36,4,453044,223400,41602,84654,1.7694208592066911,0.27480246969687133
4514,0.4986,4,18,4,453062,223382,41606,84650,1.7692782917247498,0.27480911074174114
4515,0.4987,5,41,5,453103,223341,41611,84645,1.7689535546825497,0.27483392102238413
4516,0.4988,6,21,6,453124,223320,41617,84639,1.7687872259536181,0.2748385337009147
4517,0.4989,0,10,0,453134,223310,41617,84639,1.768708021796984,0.2748474585077399
4518,0.499,11,97,11,453231,223213,41628,84628,1.7679397414776328,0.27490815063620505
4519,0.4991,1,2,1,453233,223211,41629,84627,1.767923900646306,0.27490758126027326
4520,0.4992,34,166,34,453399,223045,41663,84593,1.7666091116461793,0.27497578322573935
4521,0.4993,9,54,9,453453,222991,41672,84584,1.766181409200355,0.2750028448345932
4522,0.4994,2,6,2,453459,222985,41674,84582,1.7661338867063743,0.2750034951734094
4523,0.4995,6,39,6,453498,222946,41680,84576,1.7658249904955012,0.27502422590904063
4524,0.4996,1,8,1,453506,222938,41681,84575,1.765761627170194,0.2750290231632484
4525,0.4997,6,36,6,453542,222902,41687,84569,1.765476492206311,0.2750470776105714
4526,0.4998,4,24,4,453566,222878,41691,84565,1.7652864022303891,0.2750591166492651
4527,0.4999,0,3,0,453569,222875,41691,84565,1.765262640983399,0.2750618006765548
4528,0.5,705,3787,705,457356,219088,42396,83860,1.7352680268660499,0.27681318246035624
4529,0.5001,1,10,1,457366,219078,42397,83859,1.7351888227094159,0.27681993285732676
4530,0.5002,6,30,6,457396,219048,42403,83853,1.7349512102395133,0.27683302465161885
4531,0.5003,3,22,3,457418,219026,42406,83850,1.7347769610949182,0.27684596996790767
4532,0.5004,0,7,0,457425,219019,42406,83850,1.7347215181852744,0.27685236851576095
4533,0.5005,1,27,1,457452,218992,42407,83849,1.7345076669623622,0.2768746636023524
4534,0.5006,0,11,0,457463,218981,42407,83849,1.7344205423900647,0.2768847208004491
4535,0.5007,9,56,9,457519,218925,42416,83840,1.7339769991129135,0.2769144385909864
4536,0.5008,26,115,26,457634,218810,42442,83814,1.7330661513116208,0.27695754467590145
4537,0.5009,2,2,2,457636,218808,42444,83812,1.733050310480294,0.2769545965236931
4538,0.501,9,81,9,457717,218727,42453,83803,1.7324087568115574,0.2770072389515089
4539,0.5011,7,8,7,457725,218719,42460,83796,1.73234539348625,0.2769978348181082
4540,0.5012,6,35,6,457760,218684,42466,83790,1.7320681789380308,0.2770155451377639
4541,0.5013,7,37,7,457797,218647,42473,83783,1.7317751235584844,0.2770327017822306
4542,0.5014,3,11,3,457808,218636,42476,83780,1.7316879989861869,0.2770356065816623
4543,0.5015,5,48,5,457856,218588,42481,83775,1.731307819034343,0.27706763062940903
4544,0.5016,0,1,0,457857,218587,42481,83775,1.7312998986186796,0.27706854697349537
4545,0.5017,75,405,75,458262,218182,42556,83700,1.7280921302749968,0.2772606515128428
4546,0.5018,2,16,2,458278,218166,42558,83698,1.7279654036243821,0.277270558927199
4547,0.5019,2,7,2,458285,218159,42560,83696,1.7279099607147383,0.27727220022858656
4548,0.502,14,82,14,458367,218077,42574,83682,1.7272604866303383,0.2773140154891818
4549,0.5021,4,17,4,458384,218060,42578,83678,1.7271258395640603,0.2773200591241408
4550,0.5022,3,20,3,458404,218040,42581,83675,1.726967431250792,0.2773312563180485
4551,0.5023,7,42,7,458446,217998,42588,83668,1.7266347737929286,0.277353099122871
4552,0.5024,1,8,1,458454,217990,42589,83667,1.7265714104676213,0.2773580589875256
4553,0.5025,62,342,62,458796,217648,42651,83605,1.7238626283107337,0.27752420722781185
4554,0.5026,2,2,2,458798,217646,42653,83603,1.723846787479407,0.2775212531825832
4555,0.5027,10,36,10,458834,217610,42663,83593,1.723561652515524,0.27753043628383517
4556,0.5028,4,23,4,458857,217587,42667,83589,1.7233794829552656,0.27754203522193005
4557,0.5029,4,18,4,458875,217569,42671,83585,1.723236915473324,0.2775490280720163
4558,0.503,15,58,15,458933,217511,42686,83570,1.7227775313648461,0.27756650203765765
4559,0.5031,1,2,1,458935,217509,42687,83569,1.7227616905335192,0.27756594636605797
4560,0.5032,4,34,4,458969,217475,42691,83565,1.722492396400963,0.2775876959872442
4561,0.5033,126,655,126,459624,216820,42817,83439,1.7173045241414269,0.27789008822383343
4562,0.5034,0,7,0,459631,216813,42817,83439,1.717249081231783,0.2778965668838176
4563,0.5035,7,37,7,459668,216776,42824,83432,1.7169560258522367,0.2779139796407824
4564,0.5036,2,14,2,459682,216762,42826,83430,1.716845140032949,0.2779221298369044
4565,0.5037,1,31,1,459713,216731,42827,83429,1.716599607147383,0.2779484275053305
4566,0.5038,3,28,3,459741,216703,42830,83426,1.7163778355088075,0.27796714079612433
4567,0.5039,1,8,1,459749,216695,42831,83425,1.7163144721835002,0.27797214447554314
4568,0.504,22,134,22,459883,216561,42853,83403,1.7152531364846026,0.27804336520382444
4569,0.5041,1,10,1,459893,216551,42854,83402,1.7151739323279687,0.27805022786903283
4570,0.5042,25,159,25,460052,216392,42879,83377,1.7139145862374858,0.2781374992077233
4571,0.5043,8,53,8,460105,216339,42887,83369,1.7134948042073248,0.27816741628518427
4572,0.5044,0,6,0,460111,216333,42887,83369,1.7134472817133444,0.2781729851652642
4573,0.5045,3,34,3,460145,216299,42890,83366,1.7131779875807882,0.2781973203410475
4574,0.5046,4,23,4,460168,216276,42894,83362,1.7129958180205298,0.2782090389069477
4575,0.5047,3,31,3,460199,216245,42897,83359,1.7127502851349639,0.2782305977223268
4576,0.5048,3,27,3,460226,216218,42900,83356,1.7125364339120517,0.2782484461268334
4577,0.5049,0,5,0,460231,216213,42900,83356,1.7124968318337346,0.2782530902730256
4578,0.505,234,1262,234,461493,214951,43134,83122,1.702501267266506,0.2788645734434182
4579,0.5051,3,11,3,461504,214940,43137,83119,1.7024141426942085,0.27886760674899935
4580,0.5052,4,32,4,461536,214908,43141,83115,1.7021606893929793,0.2788878710703536
4581,0.5053,8,44,8,461580,214864,43149,83107,1.7018121911037891,0.27890969255397335
4582,0.5054,3,13,3,461593,214851,43152,83104,1.7017092257001647,0.2789146011981675
4583,0.5055,2,24,2,461617,214827,43154,83102,1.7015191357242427,0.2789322288196181
4584,0.5056,1,7,1,461624,214820,43155,83101,1.701463692814599,0.2789363623242403
4585,0.5057,24,60,24,461684,214760,43179,83077,1.700988467874794,0.2789344507230465
4586,0.5058,33,133,33,461817,214627,43212,83044,1.69993505259156,0.27897914140107705
4587,0.5059,1,5,1,461822,214622,43213,83043,1.6998954505132429,0.27898140527102616
4588,0.506,27,136,27,461958,214486,43240,83016,1.6988182739830187,0.27904350222855645
4589,0.5061,1,6,1,461964,214480,43241,83015,1.6987707514890382,0.27904670666733894
4590,0.5062,3,34,3,461998,214446,43244,83012,1.698501457356482,0.27907133107867327
4591,0.5063,7,34,7,462032,214412,43251,83005,1.698232163223926,0.2790862660843193
4592,0.5064,0,12,0,462044,214400,43251,83005,1.698137118235965,0.27909752694137624
4593,0.5065,6,34,6,462078,214366,43257,82999,1.6978678241034089,0.27911489247221427
4594,0.5066,4,8,4,462086,214358,43261,82995,1.6978044607781015,0.2791127044287429
4595,0.5067,136,698,136,462784,213660,43397,82859,1.6922760106450387,0.2794390915927816
4596,0.5068,4,31,4,462815,213629,43401,82855,1.6920304777594728,0.2794585879845118
4597,0.5069,4,13,4,462828,213616,43405,82851,1.6919275123558484,0.27946112046197386
4598,0.507,10,49,10,462877,213567,43415,82841,1.6915394119883411,0.2794830099052657
4599,0.5071,8,24,8,462901,213543,43423,82833,1.6913493220124192,0.2794861932140254
4600,0.5072,5,16,5,462917,213527,43428,82828,1.6912225953618045,0.2794891262168683
4601,0.5073,9,63,9,462980,213464,43437,82819,1.6907236091750095,0.2795266687592606
4602,0.5074,3,10,3,462990,213454,43440,82816,1.6906444050183753,0.27952880818172615
4603,0.5075,80,344,80,463334,213110,43520,82736,1.687919782030161,0.27965901178315744
4604,0.5076,5,11,5,463345,213099,43525,82731,1.6878326574578635,0.27965723557448535
4605,0.5077,10,34,10,463379,213065,43535,82721,1.6875633633253073,0.279665028094636
4606,0.5078,3,21,3,463400,213044,43538,82718,1.6873970345963756,0.27967757859359893
4607,0.5079,2,12,2,463412,213032,43540,82716,1.6873019896084147,0.2796840553444148
4608,0.508,24,96,24,463508,212936,43564,82692,1.6865416297047269,0.27971640034096906
4609,0.5081,4,11,4,463519,212925,43568,82688,1.6864545051324293,0.27971706251078265
4610,0.5082,8,22,8,463541,212903,43576,82680,1.6862802559878343,0.2797183870520294
4611,0.5083,72,367,72,463908,212536,43648,82608,1.6833734634393613,0.2798904941316781
4612,0.5084,3,10,3,463918,212526,43651,82605,1.6832942592827271,0.2798926578366895
4613,0.5085,8,26,8,463944,212500,43659,82597,1.6830883284754783,0.2798977963178209
4614,0.5086,4,18,4,463962,212482,43663,82593,1.682945760993537,0.2799051088706261
4615,0.5087,10,27,10,463989,212455,43673,82583,1.6827319097706248,0.2799063171523668
4616,0.5088,6,36,6,464025,212419,43679,82577,1.6824467748067418,0.2799258295027729
4617,0.5089,2,12,2,464037,212407,43681,82575,1.682351729818781,0.2799323348543301
4618,0.509,15,88,15,464125,212319,43696,82560,1.6816547332404004,0.2799792457245175
4619,0.5091,3,9,3,464134,212310,43699,82557,1.6815834494994297,0.27998046576931296
4620,0.5092,22,113,22,464247,212197,43721,82535,1.680688442529464,0.28003406484535104
4621,0.5093,7,65,7,464312,212132,43728,82528,1.680173615511342,0.2800787348130048
4622,0.5094,2,4,2,464316,212128,43730,82526,1.6801419338486885,0.2800776503967365
4623,0.5095,6,26,6,464342,212102,43736,82520,1.6799360030414396,0.28008770560243296
4624,0.5096,0,9,0,464351,212093,43736,82520,1.679864719300469,0.2800962618757489
4625,0.5097,5,40,5,464391,212053,43741,82515,1.6795479026739324,0.28012207707558184
4626,0.5098,4,23,4,464414,212030,43745,82511,1.6793657331136738,0.280134174868694
4627,0.5099,0,4,0,464418,212026,43745,82511,1.6793340514510202,0.280137979269158
4628,0.51,671,3782,671,468200,208244,44416,81840,1.6493790394119883,0.28212517753478306
4629,0.5101,2,8,2,468208,208236,44418,81838,1.649315676086681,0.28212800871501753
4630,0.5102,5,21,5,468229,208215,44423,81833,1.6491493473577494,0.2821360602383054
4631,0.5103,1,25,1,468254,208190,44424,81832,1.648951336966164,0.2821579052623594
4632,0.5104,0,23,0,468277,208167,44424,81832,1.6487691674059055,0.2821802833802875
4633,0.5105,8,24,8,468301,208143,44432,81824,1.6485790774299836,0.28218383471222586
4634,0.5106,2,5,2,468306,208138,44434,81822,1.6485394753516665,0.28218374948268726
4635,0.5107,9,61,9,468367,208077,44443,81813,1.648056329996198,0.2822208423884922
4636,0.5108,35,136,35,468503,207941,44478,81778,1.646979153465974,0.28226661006009274
4637,0.5109,1,4,1,468507,207937,44479,81777,1.6469474718033201,0.28226802985012805
4638,0.511,18,89,18,468596,207848,44497,81759,1.6462425548092763,0.2823101651548478
4639,0.5111,2,7,2,468603,207841,44499,81757,1.6461871118996325,0.2823120325416612
4640,0.5112,2,27,2,468630,207814,44501,81755,1.6459732606767203,0.28233339894809184
4641,0.5113,8,31,8,468661,207783,44509,81747,1.6457277277911544,0.28234379857009634
4642,0.5114,2,12,2,468673,207771,44511,81745,1.6456326828031935,0.28235054366598045
4643,0.5115,8,30,8,468703,207741,44519,81737,1.6453950703332911,0.28235997208768887
4644,0.5116,1,7,1,468710,207734,44520,81736,1.6453396274236471,0.2823643210004491
4645,0.5117,60,344,60,469054,207390,44580,81676,1.6426150044354328,0.28255138964803883
4646,0.5118,6,18,6,469072,207372,44586,81670,1.6424724369534913,0.2825540924848292
4647,0.5119,1,4,1,469076,207368,44587,81669,1.6424407552908378,0.2825555205734906
4648,0.512,11,89,11,469165,207279,44598,81658,1.641735838296794,0.28261524138480015
4649,0.5121,4,16,4,469181,207263,44602,81654,1.6416091116461793,0.2826209603450126
4650,0.5122,4,20,4,469201,207243,44606,81650,1.6414507033329109,0.2826305933338641
4651,0.5123,9,48,9,469249,207195,44615,81641,1.641070523381067,0.2826552091844507
4652,0.5124,4,14,4,469263,207181,44619,81637,1.6409596375617792,0.2826589755486154
4653,0.5125,46,324,46,469587,206857,44665,81591,1.638393422886833,0.2828620756600843
4654,0.5126,4,6,4,469593,206851,44669,81587,1.6383459003928527,0.2828580145473204
4655,0.5127,6,53,6,469646,206798,44675,81581,1.6379261183626916,0.28289507904528416
4656,0.5128,6,24,6,469670,206774,44681,81575,1.6377360283867697,0.28290370349819144
4657,0.5129,4,33,4,469703,206741,44685,81571,1.637474654669877,0.2829261355753489
4658,0.513,8,53,8,469756,206688,44693,81563,1.637054872639716,0.2829582551318122
4659,0.5131,1,11,1,469767,206677,44694,81562,1.6369677480674185,0.2829665659400706
4660,0.5132,8,18,8,469785,206659,44702,81554,1.6368251805854772,0.28296433540471805
4661,0.5133,133,614,133,470399,206045,44835,81421,1.631962045368141,0.28323697411172105
4662,0.5134,2,3,2,470402,206042,44837,81419,1.6319382841211507,0.2832349431749002
4663,0.5135,7,28,7,470430,206014,44844,81412,1.631716512482575,0.28324507873330873
4664,0.5136,1,9,1,470439,206005,44845,81411,1.6316452287416043,0.2832514543379631
4665,0.5137,2,39,2,470478,205966,44847,81409,1.6313363325307313,0.28328490648107874
4666,0.5138,9,32,9,470510,205934,44856,81400,1.631082879229502,0.28329400627840773
4667,0.5139,2,11,2,470521,205923,44858,81398,1.6309957546572045,0.2832998632191869
4668,0.514,31,119,31,470640,205804,44889,81367,1.6300532251932582,0.2833398915628667
4669,0.5141,1,9,1,470649,205795,44890,81366,1.6299819414522874,0.28334627613081165
4670,0.5142,34,149,34,470798,205646,44924,81332,1.6288017995184387,0.28340848427405585
4671,0.5143,8,52,8,470850,205594,44932,81324,1.6283899379039413,0.2834398678368035
4672,0.5144,0,13,0,470863,205581,44932,81324,1.6282869725003168,0.28345271082762585
4673,0.5145,8,35,8,470898,205546,44940,81316,1.6280097579520973,0.2834673118084654
4674,0.5146,1,13,1,470911,205533,44941,81315,1.627906792548473,0.2834776606425703
4675,0.5147,10,41,10,470952,205492,44951,81305,1.627582055506273,0.2834932025090918
4676,0.5148,4,24,4,470976,205468,44955,81301,1.627391965530351,0.2835069341525758
4677,0.5149,1,4,1,470980,205464,44956,81300,1.6273602838676973,0.2835083901744989
4678,0.515,224,1226,224,472206,204238,45180,81076,1.6176498542643518,0.28416411392360696
4679,0.5151,1,4,1,472210,204234,45181,81075,1.617618172601698,0.2841655888878374
4680,0.5152,4,25,4,472235,204209,45185,81071,1.6174201622101128,0.2841804542905216
4681,0.5153,7,37,7,472272,204172,45192,81064,1.6171271068305664,0.2841997503821397
4682,0.5154,3,12,3,472284,204160,45195,81061,1.6170320618426055,0.28420417851420476
4683,0.5155,4,31,4,472315,204129,45199,81057,1.6167865289570396,0.2842250320843239
4684,0.5156,1,7,1,472322,204122,45200,81056,1.6167310860473958,0.2842294987691898
4685,0.5157,12,64,12,472386,204058,45212,81044,1.6162241794449372,0.2842631759861383
4686,0.5158,32,133,32,472519,203925,45244,81012,1.6151707641617032,0.2843154802640584
4687,0.5159,0,9,0,472528,203916,45244,81012,1.6150994804207324,0.28432446091644203
4688,0.516,33,146,33,472674,203770,45277,80979,1.613943099733874,0.28438730250150135
4689,0.5161,2,3,2,472677,203767,45279,80977,1.6139193384868837,0.28438527238501954
4690,0.5162,3,22,3,472699,203745,45282,80974,1.6137450893422887,0.28439970637716483
4691,0.5163,10,40,10,472739,203705,45292,80964,1.613428272715752,0.28441453056005395
4692,0.5164,2,7,2,472746,203698,45294,80962,1.6133728298061083,0.2844164968734631
4693,0.5165,4,38,4,472784,203660,45298,80958,1.6130718540108986,0.2844444132135002
4694,0.5166,0,5,0,472789,203655,45298,80958,1.6130322519325815,0.28444941025181564
4695,0.5167,153,677,153,473466,202978,45451,80805,1.6076701305284502,0.2847422150023081
4696,0.5168,3,21,3,473487,202957,45454,80802,1.6075038017995185,0.28475572580957786
4697,0.5169,3,14,3,473501,202943,45457,80799,1.6073929159802307,0.2847622135602061
4698,0.517,9,63,9,473564,202880,45466,80790,1.6068939297934355,0.28480276377480873
4699,0.5171,2,18,2,473582,202862,45468,80788,1.6067513623114942,0.28481579411246255
4700,0.5172,4,31,4,473613,202831,45472,80784,1.6065058294259282,0.2848368386721436
4701,0.5173,10,47,10,473660,202784,45482,80774,1.6061335698897479,0.2848588295868923
4702,0.5174,1,11,1,473671,202773,45483,80773,1.6060464453174503,0.28486735838276683
4703,0.5175,62,359,62,474030,202414,45545,80711,1.6032030160942847,0.2850719646799117
4704,0.5176,1,9,1,474039,202405,45546,80710,1.6031317323533139,0.2850785016689331
4705,0.5177,8,44,8,474083,202361,45554,80702,1.6027832340641237,0.28510260966639933
4706,0.5178,5,29,5,474112,202332,45559,80697,1.6025535420098846,0.28511919273290015
4707,0.5179,5,13,5,474125,202319,45564,80692,1.6024505766062602,0.2851196596598719
4708,0.518,18,97,18,474222,202222,45582,80674,1.601682296286909,0.28517193597647195
4709,0.5181,0,8,0,474230,202214,45582,80674,1.6016189329616017,0.28518000056559484
4710,0.5182,3,28,3,474258,202186,45585,80671,1.6013971613230262,0.28520064909123694
4711,0.5183,63,382,63,474640,201804,45648,80608,1.598371562539602,0.28542696485985014
4712,0.5184,2,7,2,474647,201797,45650,80606,1.5983161196299582,0.2854289791539042
4713,0.5185,12,34,12,474681,201763,45662,80594,1.598046825497402,0.28543298023424246
4714,0.5186,3,16,3,474697,201747,45665,80591,1.5979200988467874,0.28544156294937273
4715,0.5187,7,34,7,474731,201713,45672,80584,1.5976508047142315,0.2854582230771138
4716,0.5188,3,35,3,474766,201678,45675,80581,1.597373590166012,0.28548602524631633
4717,0.5189,0,14,0,474780,201664,45675,80581,1.597262704346724,0.28550018600860955
4718,0.519,16,99,16,474879,201565,45691,80565,1.5964785831960462,0.2855598482968844
4719,0.5192,14,146,14,475025,201419,45705,80551,1.5953222025091878,0.2856722346348902
4720,0.5193,8,63,8,475088,201356,45713,80543,1.5948232163223925,0.28571580601562974
4721,0.5194,2,8,2,475096,201348,45715,80541,1.5947598529970852,0.28571884678011555
4722,0.5195,2,32,2,475128,201316,45717,80539,1.594506399695856,0.2857462170264852
4723,0.5196,4,9,4,475137,201307,45721,80535,1.5944351159548853,0.28574520476011384
4724,0.5197,7,32,7,475169,201275,45728,80528,1.594181662653656,0.28575991029194153
4725,0.5198,3,33,3,475202,201242,45731,80525,1.5939202889367634,0.285785773351741
4726,0.5199,1,8,1,475210,201234,45732,80524,1.593856925611456,0.28579135286309526
4727,0.52,729,3754,729,478964,197480,46461,79795,1.5641236852109999,0.2877828870255162
4728,0.5201,0,9,0,478973,197471,46461,79795,1.5640524014700292,0.2877922284016071
4729,0.5202,7,23,7,478996,197448,46468,79788,1.5638702319097706,0.28779812145608796
4730,0.5203,7,34,7,479030,197414,46475,79781,1.5636009377772147,0.28781543678637783
4731,0.5204,4,10,4,479040,197404,46479,79777,1.5635217336205804,0.287815542912393
4732,0.5205,5,27,5,479067,197377,46484,79772,1.5633078823976683,0.28783073364868716
4733,0.5206,1,8,1,479075,197369,46485,79771,1.563244519072361,0.287836472540954
4734,0.5207,14,62,14,479137,197307,46499,79757,1.5627534533012293,0.2878648976409783
4735,0.5208,28,131,28,479268,197176,46527,79729,1.561715878849322,0.2879290731478305
4736,0.5209,0,3,0,479271,197173,46527,79729,1.5616921176023317,0.2879321926168825
4737,0.521,18,102,18,479373,197071,46545,79711,1.5608842352046635,0.28799199369901224
4738,0.5211,2,11,2,479384,197060,46547,79709,1.560797110632366,0.2879982946066937
4739,0.5212,4,37,4,479421,197023,46551,79705,1.5605040552528198,0.2880265097857824
4740,0.5213,4,53,4,479474,196970,46555,79701,1.5600842732226587,0.2880713916529018
4741,0.5214,3,7,3,479481,196963,46558,79698,1.5600288303130148,0.2880709604895522
4742,0.5215,7,30,7,479511,196933,46565,79691,1.5597912178431124,0.28808418647695067
4743,0.5216,2,12,2,479523,196921,46567,79689,1.5596961728551515,0.28809153682079464
4744,0.5217,70,375,70,479898,196546,46637,79619,1.5567260169813713,0.2883022830554198
4745,0.5218,1,17,1,479915,196529,46638,79618,1.556591369915093,0.28831745410958654
4746,0.5219,2,6,2,479921,196523,46640,79616,1.5565438474211126,0.28831856420136237
4747,0.522,17,68,17,479989,196455,46657,79599,1.5560052591560005,0.28834575843856636
4748,0.5221,7,19,7,480008,196436,46664,79592,1.5558547712583957,0.2883475589432956
4749,0.5222,2,18,2,480026,196418,46666,79590,1.5557122037764541,0.2883612069215385
4750,0.5223,11,42,11,480068,196376,46677,79579,1.5553795463185909,0.28837672808972475
4751,0.5224,0,7,0,480075,196369,46677,79579,1.555324103408947,0.2883840433704901
4752,0.5225,64,325,64,480400,196044,46741,79515,1.5527499683183374,0.2885588930138373
4753,0.5226,0,12,0,480412,196032,46741,79515,1.5526549233303764,0.28857145967838516
4754,0.5227,5,55,5,480467,195977,46746,79510,1.5522193004688887,0.2886161597461949
4755,0.5228,2,20,2,480487,195957,46748,79508,1.5520608921556203,0.28863194961247346
4756,0.5229,3,9,3,480496,195948,46751,79505,1.5519896084146496,0.28863363259793867
4757,0.523,11,55,11,480551,195893,46762,79494,1.551553985553162,0.2886628635338633
4758,0.5231,3,17,3,480568,195876,46765,79491,1.5514193384868837,0.28867293466537386
4759,0.5232,5,16,5,480584,195860,46770,79486,1.551292611836269,0.2886767921088376
4760,0.5233,114,633,114,481217,195227,46884,79372,1.5462789887213282,0.2890469375343683
4761,0.5234,1,7,1,481224,195220,46885,79371,1.5462235458116842,0.2890517169171604
4762,0.5235,10,27,10,481251,195193,46895,79361,1.546009694588772,0.2890542479803609
4763,0.5236,1,17,1,481268,195176,46896,79360,1.545875047522494,0.28906955736224027
4764,0.5237,10,25,10,481293,195151,46906,79350,1.5456770371309085,0.2890699851730959
4765,0.5238,7,20,7,481313,195131,46913,79343,1.5455186288176403,0.2890729176534025
4766,0.5239,2,6,2,481319,195125,46915,79341,1.54547110632366,0.28907405653159224
4767,0.524,29,144,29,481463,194981,46944,79312,1.5443305664681282,0.28915065276911917
4768,0.5241,1,7,1,481470,194974,46945,79311,1.5442751235584844,0.28915544050895964
4769,0.5242,25,139,25,481609,194835,46970,79286,1.5431741857812697,0.2892372346518508
4770,0.5243,8,66,8,481675,194769,46978,79278,1.5426514383474845,0.28928614434750244
4771,0.5244,4,12,4,481687,194757,46982,79274,1.5425563933595234,0.2892884381694042
4772,0.5245,4,19,4,481706,194738,46986,79270,1.5424059054619186,0.2892981226825494
4773,0.5246,6,14,6,481720,194724,46992,79264,1.5422950196426308,0.2892973414894083
4774,0.5247,5,35,5,481755,194689,46997,79259,1.5420178050944113,0.28932133105552876
4775,0.5248,5,16,5,481771,194673,47002,79254,1.5418910784437967,0.2893252581892256
4776,0.5249,1,12,1,481783,194661,47003,79253,1.5417960334558358,0.2893353388289755
4777,0.525,241,1248,241,483031,193413,47244,79012,1.531911354707895,0.2900321189318161
4778,0.5251,2,16,2,483047,193397,47246,79010,1.5317846280572804,0.2900439416020881
4779,0.5252,9,23,9,483070,193374,47255,79001,1.531602458497022,0.29004497475906377
4780,0.5253,8,55,8,483125,193319,47263,78993,1.5311668356355341,0.2900826992567349
4781,0.5254,3,15,3,483140,193304,47266,78990,1.531048029400583,0.29009085767589443
4782,0.5255,6,30,6,483170,193274,47272,78984,1.5308104169306804,0.29010717775051603
4783,0.5256,2,10,2,483180,193264,47274,78982,1.5307312127740464,0.2901126187345269
4784,0.5257,9,40,9,483220,193224,47283,78973,1.5304143961475098,0.2901317795567181
4785,0.5258,30,144,30,483364,193080,47313,78943,1.529273856291978,0.29020707807795665
4786,0.5259,0,6,0,483370,193074,47313,78943,1.5292263337979977,0.2902134793046023
4787,0.526,27,135,27,483505,192939,47340,78916,1.5281570776834368,0.29028710157988635
4788,0.5261,1,4,1,483509,192935,47341,78915,1.5281253960207832,0.2902887621850285
4789,0.5262,7,35,7,483544,192900,47348,78908,1.5278481814725637,0.29030786437485284
4790,0.5263,5,30,5,483574,192870,47353,78903,1.5276105690026613,0.29032685366095967
4791,0.5264,1,12,1,483586,192858,47354,78902,1.5275155240147003,0.2903370621136297
4792,0.5265,6,39,6,483625,192819,47360,78896,1.5272066278038272,0.2903630642401045
4793,0.5266,2,3,2,483628,192816,47362,78894,1.527182866556837,0.2903610467042067
4794,0.5267,114,636,114,484264,192180,47476,78780,1.5221454821949056,0.29074402125775023
4795,0.5268,2,23,2,484287,192157,47478,78778,1.521963312634647,0.29076346725229296
4796,0.5269,2,6,2,484293,192151,47480,78776,1.5219157901406666,0.29076467092611663
4797,0.527,6,46,6,484339,192105,47486,78770,1.5215514510201495,0.29079833871712046
4798,0.5271,3,15,3,484354,192090,47489,78767,1.5214326447851982,0.2908065879781582
4799,0.5272,5,23,5,484377,192067,47494,78762,1.5212504752249398,0.2908181915526033
4800,0.5273,5,49,5,484426,192018,47499,78757,1.5208623748574326,0.29085772320192044
4801,0.5274,3,19,3,484445,191999,47502,78754,1.5207118869598277,0.2908702765989666
4802,0.5275,60,326,60,484771,191673,47562,78694,1.5181298314535547,0.2910636283274216
4803,0.5276,3,10,3,484781,191663,47565,78691,1.5180506272969205,0.2910665275897527
4804,0.5277,9,39,9,484820,191624,47574,78682,1.5177417310860475,0.29108491857376456
4805,0.5278,1,24,1,484844,191600,47575,78681,1.5175516411101255,0.2911081430067226
4806,0.5279,2,9,2,484853,191591,47577,78679,1.5174803573691547,0.29111259111259113
4807,0.528,12,92,12,484945,191499,47589,78667,1.5167516791281206,0.2911802373355641
4808,0.5281,1,11,1,484956,191488,47590,78666,1.516664554555823,0.2911894697098692
4809,0.5282,2,21,2,484977,191467,47592,78664,1.5164982258268913,0.2912068588943883
4810,0.5283,70,347,70,485324,191120,47662,78594,1.5137498415916868,0.2913975544465619
4811,0.5284,1,11,1,485335,191109,47663,78593,1.5136627170193893,0.2914068119628331
4812,0.5285,14,45,14,485380,191064,47677,78579,1.5133062983145356,0.2914186535530312
4813,0.5286,2,16,2,485396,191048,47679,78577,1.513179571663921,0.29143069077422346
4814,0.5287,5,34,5,485430,191014,47684,78572,1.5129102775313648,0.29145430400688466
4815,0.5288,2,24,2,485454,190990,47686,78570,1.512720187555443,0.29147499629025075
4816,0.5289,3,9,3,485463,190981,47689,78567,1.5126489038144721,0.29147684271447016
4817,0.529,15,97,15,485560,190884,47704,78552,1.511880623495121,0.2915423328731127
4818,0.5291,1,3,1,485563,190881,47705,78551,1.5118568622481308,0.2915429496125182
4819,0.5292,25,102,25,485665,190779,47730,78526,1.5110489798504625,0.291587605131728
4820,0.5293,12,47,12,485712,190732,47742,78514,1.5106767203142821,0.2916069319507068
4821,0.5294,0,8,0,485720,190724,47742,78514,1.5106133569889748,0.29161559660969105
4822,0.5295,4,29,4,485749,190695,47746,78510,1.5103836649347357,0.2916364852064412
4823,0.5296,5,13,5,485762,190682,47751,78505,1.5102806995311113,0.2916374119106792
4824,0.5297,4,30,4,485792,190652,47755,78501,1.510043087061209,0.29165939075544395
4825,0.5298,8,17,8,485809,190635,47763,78493,1.509908439994931,0.29165675812252906
4826,0.5299,0,12,0,485821,190623,47763,78493,1.5098133950069699,0.2916697632247804
4827,0.53,718,3579,718,489400,187044,48481,77775,1.4814662273476111,0.2936911626431638
4828,0.5301,2,3,2,489403,187041,48483,77773,1.481442466100621,0.2936891554071915
4829,0.5302,5,28,5,489431,187013,48488,77768,1.4812206944620454,0.293706874737991
4830,0.5303,6,30,6,489461,186983,48494,77762,1.480983081992143,0.2937241496534401
4831,0.5304,1,12,1,489473,186971,48495,77761,1.480888037004182,0.2937347959445779
4832,0.5305,10,38,10,489511,186933,48505,77751,1.4805870612089722,0.2937502833567575
4833,0.5306,2,2,2,489513,186931,48507,77749,1.4805712203776453,0.2937471663896025
4834,0.5307,7,70,7,489583,186861,48514,77742,1.4800167912812063,0.29380619267355246
4835,0.5308,22,131,22,489714,186730,48536,77720,1.4789792168292992,0.29389298544148235
4836,0.5309,1,3,1,489717,186727,48537,77719,1.478955455582309,0.2938936493650878
4837,0.531,18,76,18,489793,186651,48555,77701,1.4783535039918896,0.2939300629463745
4838,0.5311,1,6,1,489799,186645,48556,77700,1.478305981497909,0.293934063439823
4839,0.5312,7,23,7,489822,186622,48563,77693,1.4781238119376505,0.2939409416794355
4840,0.5313,4,31,4,489853,186591,48567,77689,1.4778782790520846,0.2939647343726351
4841,0.5314,4,13,4,489866,186578,48571,77685,1.4777753136484604,0.29396850864479707
4842,0.5315,8,32,8,489898,186546,48579,77677,1.477521860347231,0.29398273428127
4843,0.5316,3,3,3,489901,186543,48582,77674,1.4774980991002409,0.29397805591615983
4844,0.5317,70,315,70,490216,186228,48652,77604,1.4750031681662654,0.29414172655326115
4845,0.5318,6,27,6,490243,186201,48658,77598,1.4747893169433532,0.29415577769438095
4846,0.5319,5,5,5,490248,186196,48663,77593,1.4747497148650361,0.2941479743279667
4847,0.532,9,84,9,490332,186112,48672,77584,1.4740843999493094,0.29421758388447306
4848,0.5321,6,11,6,490343,186101,48678,77578,1.4739972753770119,0.29421379783752216
4849,0.5322,9,24,9,490367,186077,48687,77569,1.47380718540109,0.2942164872594312
4850,0.5323,11,52,11,490419,186025,48698,77558,1.4733953237865922,0.29424507650341636
4851,0.5324,1,11,1,490430,186014,48699,77557,1.4733081992142947,0.2942546790048981
4852,0.5325,54,295,54,490725,185719,48753,77503,1.4709716765935876,0.29443967449529296
4853,0.5326,3,11,3,490736,185708,48756,77500,1.47088455202129,0.29444393787422873
4854,0.5327,4,45,4,490781,185663,48760,77496,1.4705281333164364,0.2944835631690347
4855,0.5328,9,15,9,490796,185648,48769,77487,1.4704093270814853,0.2944762194310905
4856,0.5329,4,21,4,490817,185627,48773,77483,1.4702429983525536,0.2944889969974535
4857,0.533,16,68,16,490885,185559,48789,77467,1.4697044100874415,0.2945222145339244
4858,0.5331,1,11,1,490896,185548,48790,77466,1.469617285515144,0.2945318500155885
4859,0.5332,5,31,5,490927,185517,48795,77461,1.469371752629578,0.2945531565378092
4860,0.5333,136,629,136,491556,184888,48931,77325,1.4643898111772906,0.2948938458428835
4861,0.5334,1,8,1,491564,184880,48932,77324,1.4643264478519833,0.2949001540785038
4862,0.5335,7,39,7,491603,184841,48939,77317,1.46401755164111,0.29492519778149057
4863,0.5336,1,11,1,491614,184830,48940,77316,1.4639304270688125,0.2949348836144744
4864,0.5337,12,33,12,491647,184797,48952,77304,1.4636690533519199,0.29493973697162545
4865,0.5338,4,12,4,491659,184785,48956,77300,1.463574008363959,0.29494248049296984
4866,0.5339,1,12,1,491671,184773,48957,77299,1.463478963375998,0.29495329527763364
4867,0.534,18,116,18,491787,184657,48975,77281,1.462560195159042,0.2950354664080813
4868,0.5341,1,6,1,491793,184651,48976,77280,1.4625126726650615,0.29503953331220817
4869,0.5342,22,143,22,491936,184508,48998,77258,1.4613800532251933,0.2951414622219845
4870,0.5343,11,44,11,491980,184464,49009,77247,1.4610315549360031,0.2951614567213453
4871,0.5344,1,10,1,491990,184454,49010,77246,1.460952350779369,0.29517004203286207
4872,0.5345,8,22,8,492012,184432,49018,77238,1.4607781016347738,0.2951733098941415
4873,0.5346,1,10,1,492022,184422,49019,77237,1.4606988974781396,0.2951818970492129
4874,0.5347,5,38,5,492060,184384,49024,77232,1.46039792168293,0.295211302061036
4875,0.5348,7,21,7,492081,184363,49031,77225,1.4602315929539982,0.29521614141321467
4876,0.5349,0,11,0,492092,184352,49031,77225,1.4601444683817006,0.2952285560274795
4877,0.535,256,1181,256,493273,183171,49287,76969,1.4507904574832087,0.2958752979165065
4878,0.5351,2,10,2,493283,183161,49289,76967,1.4507112533265745,0.29588125845737484
4879,0.5352,2,21,2,493304,183140,49291,76965,1.450544924597643,0.2958997328002153
4880,0.5353,4,28,4,493332,183112,49295,76961,1.4503231529590672,0.2959207607094931
4881,0.5354,4,9,4,493341,183103,49299,76957,1.4502518692180966,0.29592017226793815
4882,0.5355,6,20,6,493361,183083,49305,76951,1.4500934609048284,0.2959266865102256
4883,0.5356,1,8,1,493369,183075,49306,76950,1.450030097579521,0.2959330833573695
4884,0.5357,6,60,6,493429,183015,49312,76944,1.449554872639716,0.29598513611761856
4885,0.5358,18,119,18,493548,182896,49330,76926,1.4486123431757698,0.2960719261648359
4886,0.5359,1,6,1,493554,182890,49331,76925,1.4485648206817894,0.2960760541154283
4887,0.536,24,131,24,493685,182759,49355,76901,1.447527246229882,0.29616036355233766
4888,0.5361,2,10,2,493695,182749,49357,76899,1.447448042073248,0.2961663482869115
4889,0.5362,2,24,2,493719,182725,49359,76897,1.447257952097326,0.2961883045350548
4890,0.5363,6,37,6,493756,182688,49365,76891,1.4469648967177797,0.2962142546199808
4891,0.5364,0,8,0,493764,182680,49365,76891,1.4469015333924724,0.29622338396816283
4892,0.5365,3,29,3,493793,182651,49368,76888,1.4466718413382333,0.29624834803247296
4893,0.5366,2,5,2,493798,182646,49370,76886,1.4466322392599165,0.29624863215326047
4894,0.5367,115,648,115,494446,181998,49485,76771,1.441499809910024,0.2966777318766931
4895,0.5368,3,22,3,494468,181976,49488,76768,1.441325560765429,0.29669480258479425
4896,0.5369,1,8,1,494476,181968,49489,76767,1.4412621974401216,0.2967012580439446
4897,0.537,9,53,9,494529,181915,49498,76758,1.4408424154099606,0.2967375798788432
4898,0.5371,3,21,3,494550,181894,49501,76755,1.440676086681029,0.2967535153818495
4899,0.5372,8,24,8,494574,181870,49509,76747,1.4404859967051071,0.29675930043268617
4900,0.5373,9,44,9,494618,181826,49518,76738,1.4401374984159168,0.2967853220092511
4901,0.5374,4,9,4,494627,181817,49522,76734,1.440066214674946,0.2967847736036604
4902,0.5375,79,323,79,494950,181494,49601,76655,1.4375079204156633,0.29694091396828964
4903,0.5376,1,19,1,494969,181475,49602,76654,1.4373574325180585,0.2969600471082288
4904,0.5377,8,33,8,495002,181442,49610,76646,1.4370960588011659,0.29697622516351013
4905,0.5378,2,23,2,495025,181419,49612,76644,1.4369138892409075,0.29699724485881357
4906,0.5379,5,11,5,495036,181408,49617,76639,1.4368267646686097,0.2969962836227509
4907,0.538,20,68,20,495104,181340,49637,76619,1.4362881764034976,0.2970200690807454
4908,0.5381,3,11,3,495115,181329,49640,76616,1.4362010518312,0.29702455949911805
4909,0.5382,2,19,2,495134,181310,49642,76614,1.4360505639335952,0.2970409888184116
4910,0.5383,88,347,88,495481,180963,49730,76526,1.4333021796983905,0.29720104548155457
4911,0.5384,1,8,1,495489,180955,49731,76525,1.4332388163730834,0.2972075501009787
4912,0.5385,7,29,7,495518,180926,49738,76518,1.4330091243188443,0.297221920106897
4913,0.5386,2,11,2,495529,180915,49740,76516,1.4329219997465468,0.2972291604352234
4914,0.5387,6,33,6,495562,180882,49746,76510,1.432660626029654,0.29725088580841674
4915,0.5388,4,26,4,495588,180856,49750,76506,1.4324546952224053,0.29726999323909514
4916,0.5389,1,8,1,495596,180848,49751,76505,1.432391331897098,0.29727650347965634
4917,0.539,10,71,10,495667,180777,49761,76495,1.4318289823849957,0.2973312292048882
4918,0.5391,1,13,1,495680,180764,49762,76494,1.4317260169813713,0.2973435228447706
4919,0.5392,33,102,33,495782,180662,49795,76461,1.430918134583703,0.29737129700571324
4920,0.5393,17,52,17,495834,180610,49812,76444,1.4305062729692055,0.29738498525601625
4921,0.5394,2,9,2,495843,180601,49814,76442,1.4304349892282346,0.297389930867598
4922,0.5395,1,29,1,495872,180572,49815,76441,1.4302052971739956,0.29742075303583865
4923,0.5396,3,6,3,495878,180566,49818,76438,1.4301577746800151,0.29741949541641377
4924,0.5397,6,35,6,495913,180531,49824,76432,1.4298805601317957,0.29744360082969146
4925,0.5398,1,23,1,495936,180508,49825,76431,1.4296983905715372,0.2974674922841608
4926,0.5399,2,8,2,495944,180500,49827,76429,1.42963502724623,0.2974712858416138
4927,0.54,722,3546,722,499490,176954,50549,75707,1.4015492333037638,0.29963864624932224
4928,0.5401,0,11,0,499501,176943,50549,75707,1.4014621087314663,0.29965169206412035
4929,0.5402,3,21,3,499522,176922,50552,75704,1.4012957800025345,0.2996682843412792
4930,0.5403,11,25,11,499547,176897,50563,75693,1.4010977696109492,0.29966744526703354
4931,0.5404,0,7,0,499554,176890,50563,75693,1.4010423267013052,0.2996757501494558
4932,0.5405,5,36,5,499590,176854,50568,75688,1.4007571917374224,0.29970460359068984
4933,0.5406,1,7,1,499597,176847,50569,75687,1.4007017488277784,0.29971013804081825
4934,0.5407,16,54,16,499651,176793,50585,75671,1.400274046381954,0.29972986247544203
4935,0.5408,22,109,22,499760,176684,50607,75649,1.399410721074642,0.29979828242837836
4936,0.5409,1,10,1,499770,176674,50608,75648,1.3993315169180078,0.29980738897123516
4937,0.541,10,84,10,499854,176590,50618,75638,1.398666202002281,0.2998794741265839
4938,0.5411,1,6,1,499860,176584,50619,75637,1.3986186795083007,0.29988383203619046
4939,0.5412,5,28,5,499888,176556,50624,75632,1.398396907869725,0.29990324678414515
4940,0.5413,5,25,5,499913,176531,50629,75627,1.3981988974781396,0.2999190983431023
4941,0.5414,4,16,4,499929,176515,50633,75623,1.398072170827525,0.29992702408998245
4942,0.5415,5,48,5,499977,176467,50638,75618,1.397691990875681,0.29997024813059087
4943,0.5416,1,3,1,499980,176464,50639,75617,1.3976682296286909,0.2999710410542643
4944,0.5417,77,348,77,500328,176116,50716,75540,1.3949119249778228,0.3001716629049178
4945,0.5418,4,24,4,500352,176092,50720,75536,1.3947218350019008,0.3001891681370913
4946,0.5419,2,5,2,500357,176087,50722,75534,1.3946822329235837,0.3001895708227851
4947,0.542,12,64,12,500421,176023,50734,75522,1.3941753263211254,0.30023256276213006
4948,0.5421,7,9,7,500430,176014,50741,75515,1.3941040425801545,0.30022383104930245
4949,0.5422,5,27,5,500457,175987,50746,75510,1.3938901913572423,0.3002421500057655
4950,0.5423,8,19,8,500476,175968,50754,75502,1.3937397034596375,0.300242573666839
4951,0.5424,1,9,1,500485,175959,50755,75501,1.3936684197186668,0.3002505368647101
4952,0.5425,67,304,67,500789,175655,50822,75434,1.391260613356989,0.30042733851343545
4953,0.5426,3,10,3,500799,175645,50825,75431,1.391181409200355,0.30043094521180835
4954,0.5427,6,29,6,500828,175616,50831,75425,1.3909517171461159,0.3004489306527619
4955,0.5428,5,15,5,500843,175601,50836,75420,1.3908329109111646,0.30045295015158097
4956,0.5429,5,20,5,500863,175581,50841,75415,1.3906745025978964,0.30046295558494956
4957,0.543,9,57,9,500920,175524,50850,75406,1.3902230389050818,0.30050611724385284
4958,0.5431,2,7,2,500927,175517,50852,75404,1.3901675959954378,0.30050892511985844
4959,0.5432,7,13,7,500940,175504,50859,75397,1.3900646305918134,0.30050498005189297
4960,0.5433,124,592,124,501532,174912,50983,75273,1.3853757445190724,0.30086935667605974
4961,0.5434,2,7,2,501539,174905,50985,75271,1.3853203016094284,0.30087218598106935
4962,0.5435,5,22,5,501561,174883,50990,75266,1.3851460524648334,0.30088467273504993
4963,0.5436,3,13,3,501574,174870,50993,75263,1.385043087061209,0.3008919254956363
4964,0.5437,9,28,9,501602,174842,51002,75254,1.3848213154226334,0.3009004542255774
4965,0.5438,5,24,5,501626,174818,51007,75249,1.3846312254467115,0.30091535468494446
4966,0.5439,0,4,0,501630,174814,51007,75249,1.3845995437840577,0.30092016811763433
4967,0.544,27,98,27,501728,174716,51034,75222,1.3838233430490432,0.30096263873440615
4968,0.5441,3,8,3,501736,174708,51037,75219,1.3837599797237359,0.3009638814533844
4969,0.5442,21,122,21,501858,174586,51058,75198,1.3827936890127994,0.3010521090221952
4970,0.5443,14,42,14,501900,174544,51072,75184,1.382461031554936,0.3010635571501794
4971,0.5444,2,6,2,501906,174538,51074,75182,1.3824135090609555,0.3010651930161781
4972,0.5445,2,22,2,501928,174516,51076,75180,1.3822392599163604,0.30108612072279894
4973,0.5446,2,14,2,501942,174502,51078,75178,1.3821283740970727,0.30109740467798785
4974,0.5447,9,32,9,501974,174470,51087,75169,1.3818749207958434,0.3011108040009774
4975,0.5448,1,13,1,501987,174457,51088,75168,1.381771955392219,0.30112368552829244
4976,0.5449,2,6,2,501993,174451,51090,75166,1.3817244328982385,0.30112532399636244
4977,0.545,260,1102,260,503095,173349,51350,74906,1.3729961348371562,0.30173007592999135
4978,0.5451,0,6,0,503101,173343,51350,74906,1.3729486123431758,0.3017373685291784
4979,0.5452,9,27,9,503128,173316,51359,74897,1.3727347611202636,0.3017448723475402
4980,0.5453,6,38,6,503166,173278,51365,74891,1.372433785325054,0.3017741941983084
4981,0.5454,1,9,1,503175,173269,51366,74890,1.3723625015840832,0.3017823250416064
4982,0.5455,4,37,4,503212,173232,51370,74886,1.3720694462045369,0.3018160713853892
4983,0.5456,5,8,5,503220,173224,51375,74881,1.3720060828792295,0.3018117329356522
4984,0.5457,11,48,11,503268,173176,51386,74870,1.3716259029273856,0.3018391749917354
4985,0.5458,30,111,30,503379,173065,51416,74840,1.3707467367887467,0.3018898368326577
4986,0.5459,0,2,0,503381,173063,51416,74840,1.3707308959574198,0.3018922723807296
4987,0.546,33,130,33,503511,172933,51449,74807,1.369701241921176,0.3019576975861791
4988,0.5461,0,10,0,503521,172923,51449,74807,1.3696220377645418,0.30196988657005613
4989,0.5462,4,22,4,503543,172901,51453,74803,1.3694477886199468,0.3019854342279495
4990,0.5463,8,34,8,503577,172867,51461,74795,1.3691784944873906,0.302004344630989
4991,0.5464,2,7,2,503584,172860,51463,74793,1.3691230515777468,0.30200724400673523
4992,0.5465,4,27,4,503611,172833,51467,74789,1.3689092003548347,0.3020288988862056
4993,0.5466,2,14,2,503625,172819,51469,74787,1.368798314535547,0.30204033827936316
4994,0.5467,124,621,124,504246,172198,51593,74663,1.3638797364085666,0.30244955663308504
4995,0.5468,6,26,6,504272,172172,51599,74657,1.363673805601318,0.30246445920049914
4996,0.5469,3,3,3,504275,172169,51602,74654,1.3636500443543278,0.3024596573252898
4997,0.547,9,47,9,504322,172122,51611,74645,1.3632777848181472,0.30249182427147875
4998,0.5471,2,16,2,504338,172106,51613,74643,1.3631510581675326,0.3025057852311458
4999,0.5472,2,26,2,504364,172080,51615,74641,1.362945127360284,0.30253200984107553
5000,0.5473,9,38,9,504402,172042,51624,74632,1.3626441515650742,0.3025531673382683
5001,0.5474,0,9,0,504411,172033,51624,74632,1.3625728678241034,0.3025642065149089
5002,0.5475,61,335,61,504746,171698,51685,74571,1.3599195285768597,0.302803032456379
5003,0.5476,0,7,0,504753,171691,51685,74571,1.3598640856672157,0.302811639635835
5004,0.5477,8,36,8,504789,171655,51693,74563,1.359578950703333,0.3028332615812004
5005,0.5478,1,19,1,504808,171636,51694,74562,1.359428462805728,0.30285380059951744
5006,0.5479,8,15,8,504823,171621,51702,74554,1.3593096565707767,0.30284959886259777
5007,0.548,8,82,8,504905,171539,51710,74546,1.3586601824863769,0.3029278501330841
5008,0.5481,2,13,2,504918,171526,51712,74544,1.3585572170827525,0.30293818832039665
5009,0.5482,6,20,6,504938,171506,51718,74538,1.3583988087694843,0.3029458145697517
5010,0.5483,62,315,62,505253,171191,51780,74476,1.3559038778355088,0.3031583403550334
5011,0.5484,3,3,3,505256,171188,51783,74473,1.3558801165885186,0.30315353271378037
5012,0.5485,4,27,4,505283,171161,51787,74469,1.3556662653656064,0.30317550787770225
5013,0.5486,2,12,2,505295,171149,51789,74467,1.3555712203776453,0.3031846459514038
5014,0.5487,5,42,5,505337,171107,51794,74462,1.355238562919782,0.30322231226254126
5015,0.5488,3,21,3,505358,171086,51797,74459,1.3550722341908503,0.3032397320246798
5016,0.5489,2,7,2,505365,171079,51799,74457,1.3550167912812063,0.30324270168121986
5017,0.549,17,75,17,505440,171004,51816,74440,1.3544227601064505,0.3032871041866984
5018,0.5491,1,5,1,505445,170999,51817,74439,1.3543831580281334,0.303290444022523
5019,0.5492,18,96,18,505541,170903,51835,74421,1.3536227981244455,0.303358008185094
5020,0.5493,7,55,7,505596,170848,51842,74414,1.3531871752629578,0.3034061534196084
5021,0.5494,4,12,4,505608,170836,51846,74410,1.3530921302749968,0.3034096376699314
5022,0.5495,5,23,5,505631,170813,51851,74405,1.3529099607147383,0.30342389221019667
5023,0.5496,2,10,2,505641,170803,51853,74403,1.3528307565581041,0.303430584895965
5024,0.5497,1,20,1,505661,170783,51854,74402,1.352672348244836,0.3034524950547546
5025,0.5498,0,17,0,505678,170766,51854,74402,1.3525377011785578,0.30347353651373754
5026,0.5499,1,3,1,505681,170763,51855,74401,1.3525139399315675,0.3034744089670588
5027,0.55,762,3325,762,509006,167438,52617,73639,1.326178557850716,0.30545842199795087
5028,0.5501,6,4,6,509010,167434,52623,73633,1.3261468761880624,0.30544620375248377
5029,0.5502,3,25,3,509035,167409,52626,73630,1.325948865796477,0.3054692394176876
5030,0.5503,2,25,2,509060,167384,52628,73628,1.3257508554048916,0.3054951620666191
5031,0.5504,2,5,2,509065,167379,52630,73626,1.3257112533265745,0.305495736602975
5032,0.5505,12,25,12,509090,167354,52642,73614,1.3255132429349892,0.305492845523057
5033,0.5506,3,9,3,509099,167345,52645,73611,1.3254419591940185,0.3054956091568585
5034,0.5507,4,50,4,509149,167295,52649,73607,1.3250459384108477,0.30554748403915283
5035,0.5508,22,103,22,509252,167192,52671,73585,1.3242301355975161,0.30561473894931823
5036,0.5509,1,5,1,509257,167187,52672,73584,1.324190533519199,0.3056182015275926
5037,0.551,14,67,14,509324,167120,52686,73570,1.3236598656697502,0.305662885869791
5038,0.5511,2,9,2,509333,167111,52688,73568,1.3235885819287796,0.3056685460717387
5039,0.5512,6,26,6,509359,167085,52694,73562,1.3233826511215308,0.30568425951705197
5040,0.5513,4,37,4,509396,167048,52698,73558,1.3230895957419846,0.305719724362651
5041,0.5514,1,17,1,509413,167031,52699,73557,1.3229549486757064,0.305738440819991
5042,0.5515,5,40,5,509453,166991,52704,73552,1.32263813204917,0.30577485106612956
5043,0.5516,1,13,1,509466,166978,52705,73551,1.3225351666455456,0.3057884912006452
5044,0.5517,74,348,74,509814,166630,52779,73477,1.3197788619946775,0.3060177337603652
5045,0.5518,5,21,5,509835,166609,52784,73472,1.3196125332657458,0.3060300481920685
5046,0.5519,2,10,2,509845,166599,52786,73470,1.3195333291091116,0.306037014358372
5047,0.552,20,68,20,509913,166531,52806,73450,1.3189947408439995,0.3060658968835033
5048,0.5521,4,13,4,509926,166518,52810,73446,1.318891775440375,0.3060709106365955
5049,0.5522,5,26,5,509952,166492,52815,73441,1.3186858446331264,0.3060896166846578
5050,0.5523,5,35,5,509987,166457,52820,73436,1.318408630084907,0.30611981174940495
5051,0.5524,0,8,0,509995,166449,52820,73436,1.3183452667595996,0.30613002063488753
5052,0.5525,66,298,66,510293,166151,52886,73370,1.3159849828919021,0.30631969639405315
5053,0.5526,2,5,2,510298,166146,52888,73368,1.315945380813585,0.30632029860467447
5054,0.5527,11,44,11,510342,166102,52899,73357,1.3155968825243949,0.30634471872011493
5055,0.5528,3,20,3,510362,166082,52902,73354,1.3154384742111267,0.30636161646536025
5056,0.5529,3,9,3,510371,166073,52905,73351,1.3153671904701558,0.3063644413258487
5057,0.553,8,65,8,510436,166008,52913,73343,1.314852363452034,0.3064244561334609
5058,0.5531,3,6,3,510442,166002,52916,73340,1.3148048409580535,0.3064234442763911
5059,0.5532,4,24,4,510466,165978,52920,73336,1.3146147509821315,0.30644258171272887
5060,0.5533,120,600,120,511066,165378,53040,73216,1.3098625015840832,0.30686438049573755
5061,0.5534,0,8,0,511074,165370,53040,73216,1.309799138258776,0.30687466993033957
5062,0.5535,5,35,5,511109,165335,53045,73211,1.3095219237105564,0.30690516713757515
5063,0.5536,1,14,1,511123,165321,53046,73210,1.3094110378912684,0.3069202745135852
5064,0.5537,12,38,12,511161,165283,53058,73198,1.3091100620960587,0.30693430503897584
5065,0.5538,6,26,6,511187,165257,53064,73192,1.3089041312888101,0.306950333194939
5066,0.5539,1,8,1,511195,165249,53065,73191,1.3088407679635028,0.3069577252138903
5067,0.554,16,117,16,511312,165132,53081,73175,1.3079140793308832,0.30706189914689874
5068,0.5541,0,4,0,511316,165128,53081,73175,1.3078823976682297,0.30706705328929973
5069,0.5542,29,108,29,511424,165020,53110,73146,1.307026992776581,0.3071219233643761
5070,0.5543,10,42,10,511466,164978,53120,73136,1.3066943353187175,0.30714699681665086
5071,0.5544,0,12,0,511478,164966,53120,73136,1.3065992903307566,0.307162476585665
5072,0.5545,6,22,6,511500,164944,53126,73130,1.3064250411861615,0.30717339986726816
5073,0.5546,1,8,1,511508,164936,53127,73129,1.3063616778608542,0.3071808119631193
5074,0.5547,8,50,8,511558,164886,53135,73121,1.3059656570776834,0.30722205649413675
5075,0.5548,5,24,5,511582,164862,53140,73116,1.3057755671017615,0.3072384842296347
5076,0.5549,1,6,1,511588,164856,53141,73115,1.305728044607781,0.3072433195641486
5077,0.555,226,1021,226,512609,163835,53367,72889,1.2976413002154352,0.3079070985620385
5078,0.5551,5,7,5,512616,163828,53372,72884,1.2975858573057915,0.30790158504849774
5079,0.5552,2,22,2,512638,163806,53374,72882,1.2974116081611964,0.3079243561143784
5080,0.5553,3,20,3,512658,163786,53377,72879,1.297253199847928,0.30794160522257197
5081,0.5554,0,10,0,512668,163776,53377,72879,1.2971739956912938,0.30795461748114344
5082,0.5555,4,27,4,512695,163749,53381,72875,1.2969601444683816,0.307978058016093
5083,0.5556,0,7,0,512702,163742,53381,72875,1.2969047015587378,0.30798716913831214
5084,0.5557,12,40,12,512742,163702,53393,72863,1.2965878849322012,0.3080041426246486
5085,0.5558,26,108,26,512850,163594,53419,72837,1.2957324800405525,0.30806873887096026
5086,0.5559,1,4,1,512854,163590,53420,72836,1.295700798377899,0.30807102433742484
5087,0.556,30,128,30,512982,163462,53450,72806,1.2946869851729819,0.3081500668732118
5088,0.5561,0,11,0,512993,163451,53450,72806,1.2945998606006843,0.3081644141760879
5089,0.5562,7,29,7,513022,163422,53457,72799,1.2943701685464453,0.30818174506076934
5090,0.5563,4,23,4,513045,163399,53461,72795,1.2941879989861869,0.30820003895103176
5091,0.5564,3,12,3,513057,163387,53464,72792,1.2940929539982258,0.3082069108599833
5092,0.5565,4,29,4,513086,163358,53468,72788,1.293863261943987,0.3082330422704598
5093,0.5566,3,7,3,513093,163351,53471,72785,1.293807819034343,0.30823339092726226
5094,0.5567,141,599,141,513692,162752,53612,72644,1.289063490051958,0.3086033747387381
5095,0.5568,3,30,3,513722,162722,53615,72641,1.2888258775820556,0.30863389742652836
5096,0.5569,2,9,2,513731,162713,53617,72639,1.2887545938410847,0.30863982460314765
5097,0.557,4,52,4,513783,162661,53621,72635,1.2883427322265872,0.30869628042975655
5098,0.5571,6,19,6,513802,162642,53627,72629,1.2881922443289824,0.3087035801267475
5099,0.5572,2,29,2,513831,162613,53629,72627,1.2879625522747433,0.30873575922462165
5100,0.5573,8,38,8,513869,162575,53637,72619,1.2876615764795336,0.3087621282855855
5101,0.5574,1,10,1,513879,162565,53638,72618,1.2875823723228994,0.3087723177270466
5102,0.5575,80,290,80,514169,162275,53718,72538,1.2852854517805095,0.3089181604084953
5103,0.5576,1,9,1,514178,162266,53719,72537,1.2852141680395388,0.3089270580018143
5104,0.5577,4,39,4,514217,162227,53723,72533,1.2849052718286655,0.3089666041915147
5105,0.5578,2,23,2,514240,162204,53725,72531,1.2847231022684071,0.3089909898396064
5106,0.5579,1,11,1,514251,162193,53726,72530,1.2846359776961096,0.3090025263821611
5107,0.558,16,83,16,514334,162110,53742,72514,1.2839785831960462,0.30906471631205673
5108,0.5581,2,3,2,514337,162107,53744,72512,1.283954821949056,0.3090627783768578
5109,0.5582,11,26,11,514363,162081,53755,72501,1.2837488911418071,0.3090646341151495
5110,0.5583,72,339,72,514702,161742,53827,72429,1.2810638702319097,0.30929961438436016
5111,0.5584,0,14,0,514716,161728,53827,72429,1.280952984412622,0.3093181070820005
5112,0.5585,7,37,7,514753,161691,53834,72422,1.2806599290330756,0.3093463412967242
5113,0.5586,2,12,2,514765,161679,53836,72420,1.2805648840451147,0.3093562979764971
5114,0.5587,8,36,8,514801,161643,53844,72412,1.2802797490812319,0.3093802738672534
5115,0.5588,1,18,1,514819,161625,53845,72411,1.2801371815992904,0.3094011177767523
5116,0.5589,2,7,2,514826,161618,53847,72409,1.2800817386896464,0.30940447042435276
5117,0.559,11,69,11,514895,161549,53858,72398,1.279535230008871,0.3094632544978136
5118,0.5591,3,6,3,514901,161543,53861,72395,1.2794877075148903,0.309462336174542
5119,0.5592,25,113,25,515014,161430,53886,72370,1.2785927005449247,0.3095380667236955
5120,0.5593,13,42,13,515056,161388,53899,72357,1.2782600430870612,0.3095552846050183
5121,0.5594,4,9,4,515065,161379,53903,72353,1.2781887593460906,0.3095553882224086
5122,0.5595,3,31,3,515096,161348,53906,72350,1.2779432264605246,0.30958758739912196
5123,0.5596,4,8,4,515104,161340,53910,72346,1.2778798631352173,0.30958636803231687
5124,0.5597,7,21,7,515125,161319,53917,72339,1.2777135344062855,0.30959350846108413
5125,0.5598,5,15,5,515140,161304,53922,72334,1.2775947281713345,0.30959860981518417
5126,0.5599,2,7,2,515147,161297,53924,72332,1.2775392852616905,0.30960197578211607
5127,0.56,768,3282,768,518429,158015,54692,71564,1.2515444810543657,0.3117184063002278
5128,0.5601,0,6,0,518435,158009,54692,71564,1.2514969585603852,0.3117265532096544
5129,0.5602,5,21,5,518456,157988,54697,71559,1.2513306298314535,0.31174007937372306
5130,0.5603,5,12,5,518468,157976,54702,71554,1.2512355848434926,0.311741384568466
5131,0.5604,1,9,1,518477,157967,54703,71553,1.251164301102522,0.3117506099686302
5132,0.5605,9,34,9,518511,157933,54712,71544,1.2508950069699658,0.31176980699590806
5133,0.5606,1,5,1,518516,157928,54713,71543,1.2508554048916487,0.31177360102147983
5134,0.5607,6,45,6,518561,157883,54719,71537,1.250498986186795,0.31181675529596375
5135,0.5608,20,111,20,518672,157772,54739,71517,1.249619820048156,0.3119076798276411
5136,0.5609,0,3,0,518675,157769,54739,71517,1.2495960588011659,0.31191176085761885
5137,0.561,11,55,11,518730,157714,54750,71506,1.2491604359396782,0.3119535817118925
5138,0.5611,1,8,1,518738,157706,54751,71505,1.2490970726143709,0.31196146781786216
5139,0.5612,4,16,4,518754,157690,54755,71501,1.2489703459637562,0.3119712379630963
5140,0.5613,4,30,4,518784,157660,54759,71497,1.2487327334938538,0.312000069821127
5141,0.5614,3,5,3,518789,157655,54762,71494,1.2486931314155367,0.3119978703812803
5142,0.5615,9,33,9,518822,157622,54771,71485,1.2484317576986441,0.312015783018415
5143,0.5616,1,6,1,518828,157616,54772,71484,1.2483842352046635,0.3120209515495417
5144,0.5617,74,329,74,519157,157287,54846,71410,1.2457784184514002,0.31224720918945154
5145,0.5618,2,28,2,519185,157259,54848,71408,1.2455566468128247,0.31227942816409887
5146,0.5619,1,7,1,519192,157252,54849,71407,1.2455012039031808,0.31228598043374634
5147,0.562,14,74,14,519266,157178,54863,71393,1.2449150931440882,0.31234496064680123
5148,0.5621,3,8,3,519274,157170,54866,71390,1.244851729818781,0.3123468673433672
5149,0.5622,6,17,6,519291,157153,54872,71384,1.244717082752503,0.3123520480272341
5150,0.5623,8,37,8,519328,157116,54880,71376,1.2444240273729565,0.31237855154666244
5151,0.5624,2,12,2,519340,157104,54882,71374,1.2443289823849957,0.3123889389788076
5152,0.5625,64,316,64,519656,156788,54946,71310,1.2418261310353567,0.3126287823654745
5153,0.5626,6,10,6,519666,156778,54952,71304,1.2417469268787227,0.3126244070115134
5154,0.5627,8,44,8,519710,156734,54960,71296,1.2413984285895323,0.31266061483138186
5155,0.5628,1,22,1,519732,156712,54961,71295,1.2412241794449372,0.312687768357989
5156,0.5629,4,9,4,519741,156703,54965,71291,1.2411528957039666,0.3126880531943823
5157,0.563,9,41,9,519782,156662,54974,71282,1.2408281586617667,0.312717158600358
5158,0.5631,0,13,0,519795,156649,54974,71282,1.2407251932581422,0.31273499436232893
5159,0.5632,10,22,10,519817,156627,54984,71272,1.2405509441135472,0.31273502735861064
5160,0.5633,112,553,112,520370,156074,55096,71160,1.2361709542516792,0.3131573620144873
5161,0.5634,1,4,1,520374,156070,55097,71159,1.2361392725890255,0.31315985195551627
5162,0.5635,1,39,1,520413,156031,55098,71158,1.2358303763781524,0.31321058678016983
5163,0.5636,1,12,1,520425,156019,55099,71157,1.2357353313901913,0.3132241081804416
5164,0.5637,10,20,10,520445,155999,55109,71147,1.2355769230769231,0.3132214522817923
5165,0.5638,8,19,8,520464,155980,55117,71139,1.2354264351793183,0.31322346435128723
5166,0.5639,2,10,2,520474,155970,55119,71137,1.235347231022684,0.3132312081970173
5167,0.564,23,100,23,520574,155870,55142,71114,1.2345551894563427,0.3132996158319529
5168,0.5641,2,5,2,520579,155865,55144,71112,1.2345155873780256,0.3133004665670971
5169,0.5642,19,119,19,520698,155746,55163,71093,1.2335730579140793,0.3134073065037317
5170,0.5643,15,54,15,520752,155692,55178,71078,1.233145355468255,0.3134365215857477
5171,0.5644,0,1,0,520753,155691,55178,71078,1.2331374350525917,0.31343790376991565
5172,0.5645,3,21,3,520774,155670,55181,71075,1.23297110632366,0.3134578491256698
5173,0.5646,8,10,8,520784,155660,55189,71067,1.2328919021670257,0.31344745001698077
5174,0.5647,7,30,7,520814,155630,55196,71060,1.2326542896971233,0.31346773126295824
5175,0.5648,3,23,3,520837,155607,55199,71057,1.2324721201368647,0.3134904528288568
5176,0.5649,0,12,0,520849,155595,55199,71057,1.2323770751489038,0.31350705045620597
5177,0.565,239,978,239,521827,154617,55438,70818,1.2246309086300848,0.3141393306274536
5178,0.5651,2,5,2,521832,154612,55440,70816,1.2245913065517677,0.3141402132831769
5179,0.5652,7,35,7,521867,154577,55447,70809,1.2243140920035482,0.3141676945329346
5180,0.5653,10,37,10,521904,154540,55457,70799,1.224021036624002,0.3141888443633814
5181,0.5654,3,9,3,521913,154531,55460,70796,1.2239497528830312,0.3141922628002858
5182,0.5655,5,23,5,521936,154508,55465,70791,1.2237675833227728,0.31420911766141885
5183,0.5656,2,2,2,521938,154506,55467,70789,1.223751742491446,0.31420581903726225
5184,0.5657,6,44,6,521982,154462,55473,70783,1.2234032442022558,0.3142489289440387
5185,0.5658,11,91,11,522073,154371,55484,70772,1.222682486376885,0.3143424401380456
5186,0.5659,2,7,2,522080,154364,55486,70770,1.2226270434672413,0.3143461227535601
5187,0.566,17,123,17,522203,154241,55503,70753,1.2216528323406413,0.3144661635421389
5188,0.5661,0,6,0,522209,154235,55503,70753,1.2216053098466608,0.31447454975376465
5189,0.5662,8,25,8,522234,154210,55511,70745,1.2214072994550753,0.3144851192460714
5190,0.5663,5,25,5,522259,154185,55516,70740,1.22120928906349,0.31450483494498166
5191,0.5664,1,8,1,522267,154177,55517,70739,1.2211459257381827,0.31451297373241566
5192,0.5665,8,33,8,522300,154144,55525,70731,1.22088455202129,0.3145347415230684
5193,0.5666,3,10,3,522310,154134,55528,70728,1.2208053478646559,0.3145395842783574
5194,0.5667,125,524,125,522834,153610,55653,70603,1.216655050057027,0.31489253522320293
5195,0.5668,2,16,2,522850,153594,55655,70601,1.2165283234064124,0.31490889627333346
5196,0.5669,3,8,3,522858,153586,55658,70598,1.216464960081105,0.3149109659922207
5197,0.567,9,42,9,522900,153544,55667,70589,1.2161323026232416,0.31494246719581676
5198,0.5671,6,23,6,522923,153521,55673,70583,1.2159501330629832,0.3149564487916325
5199,0.5672,4,10,4,522933,153511,55677,70579,1.215870928906349,0.314958275692802
5200,0.5673,10,42,10,522975,153469,55687,70569,1.2155382714484857,0.3149867433203296
5201,0.5674,2,6,2,522981,153463,55689,70567,1.215490748954505,0.3149890639646476
5202,0.5675,78,259,78,523240,153204,55767,70489,1.2134393612976808,0.31511491195522434
5203,0.5676,2,7,2,523247,153197,55769,70487,1.213383918388037,0.3151186495234348
5204,0.5677,9,29,9,523276,153168,55778,70478,1.213154226333798,0.3151319495989197
5205,0.5678,4,18,4,523294,153150,55782,70474,1.2130116588518565,0.31514506493041894
5206,0.5679,3,11,3,523305,153139,55785,70471,1.212924534279559,0.3151513796341845
5207,0.568,19,80,19,523385,153059,55804,70452,1.212290901026486,0.3152059630174801
5208,0.5681,2,6,2,523391,153053,55806,70450,1.2122433785325053,0.31520829698035374
5209,0.5682,5,30,5,523421,153023,55811,70445,1.212005766062603,0.3152352909588845
5210,0.5683,67,331,67,523752,152692,55878,70378,1.209384108478013,0.3154973775048191
5211,0.5684,0,1,0,523753,152691,55878,70378,1.2093761880623495,0.3154987918536417
5212,0.5685,6,28,6,523781,152663,55884,70372,1.209154416423774,0.3155199856524761
5213,0.5686,3,14,3,523795,152649,55887,70369,1.2090435306044862,0.3155305849752038
5214,0.5687,6,40,6,523835,152609,55893,70363,1.2087267139779496,0.31556877096675817
5215,0.5688,11,21,11,523856,152588,55904,70352,1.2085603852490179,0.3155647259352292
5216,0.5689,0,13,0,523869,152575,55904,70352,1.2084574198453935,0.3155831281092017
5217,0.569,12,66,12,523935,152509,55916,70340,1.2079346724116082,0.3156397381186364
5218,0.5691,1,9,1,523944,152500,55917,70339,1.2078633886706374,0.3156494150485328
5219,0.5692,24,118,24,524062,152382,55941,70315,1.2069287796223547,0.3157429152615437
5220,0.5693,9,40,9,524102,152342,55950,70306,1.206611962995818,0.31577198088462505
5221,0.5694,3,9,3,524111,152333,55953,70303,1.2065406792548472,0.3157755259706427
5222,0.5695,5,17,5,524128,152316,55958,70298,1.2064060321885692,0.3157842723278859
5223,0.5696,2,11,2,524139,152305,55960,70296,1.2063189076162717,0.3157937295879174
5224,0.5697,13,27,13,524166,152278,55973,70283,1.2061050563933595,0.31579207498169043
5225,0.5698,7,24,7,524190,152254,55980,70276,1.2059149664174376,0.3158046106142992
5226,0.5699,1,11,1,524201,152243,55981,70275,1.20582784184514,0.3158171473768414
5227,0.57,795,3203,795,527404,149040,56776,69480,1.1804587504752249,0.31795716639209226
5228,0.5701,2,7,2,527411,149033,56778,69478,1.180403307565581,0.3179611095093611
5229,0.5702,4,23,4,527434,149010,56782,69474,1.1802211380053225,0.3179820947987038
5230,0.5703,12,35,12,527469,148975,56794,69462,1.179943923457103,0.3179955776722808
5231,0.5704,2,10,2,527479,148965,56796,69460,1.179864719300469,0.31800389149593683
5232,0.5705,5,20,5,527499,148945,56801,69455,1.1797063109872006,0.31801739926739925
5233,0.5706,0,4,0,527503,148941,56801,69455,1.179674629324547,0.318023223868569
5234,0.5707,12,50,12,527553,148891,56813,69443,1.1792786085413762,0.31805857081352423
5235,0.5708,26,108,26,527661,148783,56839,69417,1.1784232036497275,0.318134738771769
5236,0.5709,1,10,1,527671,148773,56840,69416,1.1783439994930933,0.3181461943544358
5237,0.571,14,67,14,527738,148706,56854,69402,1.1778133316436448,0.31820015772002863
5238,0.5711,1,6,1,527744,148700,56855,69401,1.1777658091496641,0.318205785393006
5239,0.5712,6,25,6,527769,148675,56861,69395,1.1775677987580788,0.3182235062136011
5240,0.5713,8,51,8,527820,148624,56869,69387,1.1771638575592447,0.31827293118237154
5241,0.5714,5,10,5,527830,148614,56874,69382,1.1770846534026105,0.3182718948971541
5242,0.5715,8,31,8,527861,148583,56882,69374,1.1768391205170448,0.31829214019279034
5243,0.5716,1,8,1,527869,148575,56883,69373,1.1767757571917374,0.3183006955787619
5244,0.5717,55,274,55,528143,148301,56938,69318,1.174605563299962,0.3185291725446767
5245,0.5718,4,26,4,528169,148275,56942,69314,1.1743996324927133,0.3185547063500453
5246,0.5719,4,7,4,528176,148268,56946,69310,1.1743441895830693,0.31855242717554166
5247,0.572,7,68,7,528244,148200,56953,69303,1.1738056013179572,0.3186300878608571
5248,0.5721,1,11,1,528255,148189,56954,69302,1.1737184767456597,0.31864307028796596
5249,0.5722,1,14,1,528269,148175,56955,69301,1.173607590926372,0.31866044988872333
5250,0.5723,6,39,6,528308,148136,56961,69295,1.1732986947154986,0.31869880559809777
5251,0.5724,2,5,2,528313,148131,56963,69293,1.1732590926371815,0.318699867539922
5252,0.5725,51,253,51,528566,147878,57014,69242,1.1712552274743377,0.31891120117907146
5253,0.5726,1,8,1,528574,147870,57015,69241,1.1711918641490306,0.31891981520973145
5254,0.5727,14,45,14,528619,147825,57029,69227,1.170835445444177,0.31894200468090594
5255,0.5728,5,17,5,528636,147808,57034,69222,1.170700798377899,0.3189512970557066
5256,0.5729,3,13,3,528649,147795,57037,69219,1.1705978329742746,0.3189609886919738
5257,0.573,15,56,15,528705,147739,57052,69204,1.1701542896971233,0.31899623403382454
5258,0.5731,0,5,0,528710,147734,57052,69204,1.1701146876188062,0.3190035862781071
5259,0.5732,7,26,7,528736,147708,57059,69197,1.1699087568115574,0.31901984739863076
5260,0.5733,132,512,132,529248,147196,57191,69065,1.1658535039918896,0.31935947766818795
5261,0.5734,0,7,0,529255,147189,57191,69065,1.1657980610822456,0.31936981512480694
5262,0.5735,5,37,5,529292,147152,57196,69060,1.1655050057026992,0.3194087284702052
5263,0.5736,3,6,3,529298,147146,57199,69057,1.1654574832087188,0.3194081488230968
5264,0.5737,6,31,6,529329,147115,57205,69051,1.165211950323153,0.31943506379356607
5265,0.5738,3,30,3,529359,147085,57208,69048,1.1649743378532504,0.3194699559993152
5266,0.5739,0,21,0,529380,147064,57208,69048,1.164808009124319,0.3195009994817502
5267,0.574,32,96,32,529476,146968,57240,69016,1.164047649220631,0.3195421883102452
5268,0.5741,4,3,4,529479,146965,57244,69012,1.1640238879736409,0.31953402445630785
5269,0.5742,22,89,22,529568,146876,57266,68990,1.163318970979597,0.3195964162952943
5270,0.5743,5,34,5,529602,146842,57271,68985,1.1630496768470409,0.31963100075523454
5271,0.5744,0,9,0,529611,146833,57271,68985,1.1629783931060702,0.3196443299446756
5272,0.5745,7,32,7,529643,146801,57278,68978,1.162724939804841,0.31966966201530267
5273,0.5746,3,3,3,529646,146798,57281,68975,1.1627011785578507,0.3196646475694364
5274,0.5747,8,23,8,529669,146775,57289,68967,1.162519008997592,0.3196734989014656
5275,0.5748,5,24,5,529693,146751,57294,68962,1.1623289190216703,0.31969329618520903
5276,0.5749,1,1,1,529694,146750,57295,68961,1.1623209986060068,0.3196916244419617
5277,0.575,259,1045,259,530739,145705,57554,68702,1.1540441642377393,0.3204279711016898
5278,0.5751,2,4,2,530743,145701,57556,68700,1.1540124825750855,0.3204276099458491
5279,0.5752,6,23,6,530766,145678,57562,68694,1.153830313014827,0.32044296829809865
5280,0.5753,6,28,6,530794,145650,57568,68688,1.1536085413762514,0.3204658063432522
5281,0.5754,5,9,5,530803,145641,57573,68683,1.1535372576352807,0.3204634105373173
5282,0.5755,7,24,7,530827,145617,57580,68676,1.1533471676593587,0.32047710377847155
5283,0.5756,1,8,1,530835,145609,57581,68675,1.1532838043340514,0.3204858972205111
5284,0.5757,14,41,14,530876,145568,57595,68661,1.1529590672918515,0.32050282641472444
5285,0.5758,23,96,23,530972,145472,57618,68638,1.1521987073881637,0.3205735369669796
5286,0.5759,0,3,0,530975,145469,57618,68638,1.1521749461411734,0.320578028742638
5287,0.576,26,110,26,531085,145359,57644,68612,1.1513037004181979,0.32066027639259526
5288,0.5761,1,6,1,531091,145353,57645,68611,1.1512561779242174,0.3206660933615001
5289,0.5762,6,16,6,531107,145337,57651,68605,1.1511294512736028,0.3206710229875387
5290,0.5763,7,26,7,531133,145311,57658,68598,1.1509235204663542,0.3206877690980744
5291,0.5764,7,15,7,531148,145296,57665,68591,1.1508047142314028,0.3206880268553021
5292,0.5765,6,25,6,531173,145271,57671,68585,1.1506067038398176,0.32070645668113124
5293,0.5766,0,5,0,531178,145266,57671,68585,1.1505671017615005,0.32071395504346484
5294,0.5767,159,528,159,531706,144738,57830,68426,1.1463851222912178,0.3210016700756225
5295,0.5768,4,20,4,531726,144718,57834,68422,1.1462267139779496,0.3210190485127146
5296,0.5769,5,5,5,531731,144713,57839,68417,1.1461871118996325,0.32101065077652136
5297,0.577,10,34,10,531765,144679,57849,68407,1.1459178177670764,0.321030006663976
5298,0.5771,4,11,4,531776,144668,57853,68403,1.1458306931947788,0.32103383379249173
5299,0.5772,6,17,6,531793,144651,57859,68397,1.1456960461285008,0.3210403289399572
5300,0.5773,5,51,5,531844,144600,57864,68392,1.1452921049296667,0.3211012620192308
5301,0.5774,0,11,0,531855,144589,57864,68392,1.1452049803573692,0.3211178461928529
5302,0.5775,69,286,69,532141,144303,57933,68323,1.1429397414776328,0.3213294705257118
5303,0.5776,2,10,2,532151,144293,57935,68321,1.1428605373209986,0.3213381997422559
5304,0.5777,6,42,6,532193,144251,57941,68315,1.1425278798631353,0.3213825353066812
5305,0.5778,1,17,1,532210,144234,57942,68314,1.1423932327968571,0.32140504733048536
5306,0.5779,4,12,4,532222,144222,57946,68310,1.1422981878088962,0.32141042290102195
5307,0.578,20,77,20,532299,144145,57966,68290,1.1416883158028133,0.32146303575211244
5308,0.5781,2,10,2,532309,144135,57968,68288,1.1416091116461793,0.32147178036276675
5309,0.5782,2,24,2,532333,144111,57970,68286,1.1414190216702573,0.321501716125934
5310,0.5783,74,240,74,532573,143871,58044,68212,1.139518121911038,0.3216287962731572
5311,0.5784,2,7,2,532580,143864,58046,68210,1.139462679001394,0.3216330148910286
5312,0.5785,10,40,10,532620,143824,58056,68200,1.1391458623748574,0.3216616986756216
5313,0.5786,3,27,3,532647,143797,58059,68197,1.1389320111519452,0.321693066784909
5314,0.5787,4,22,4,532669,143775,58063,68193,1.1387577620073501,0.3217136548913043
5315,0.5788,4,23,4,532692,143752,58067,68189,1.1385755924470917,0.32173576608584464
5316,0.5789,1,7,1,532699,143745,58068,68188,1.1385201495374477,0.3217431924240208
5317,0.579,11,64,11,532763,143681,58079,68177,1.1380132429349892,0.32180517138838277
5318,0.5791,0,6,0,532769,143675,58079,68177,1.1379657204410087,0.32181428544455565
5319,0.5792,28,104,28,532873,143571,58107,68149,1.1371419972120136,0.32188267523143776
5320,0.5793,9,50,9,532923,143521,58116,68140,1.136745976428843,0.32192987843769044
5321,0.5794,0,11,0,532934,143510,58116,68140,1.1366588518565455,0.3219466099692889
5322,0.5795,7,17,7,532951,143493,58123,68133,1.1365242047902675,0.32195004394545096
5323,0.5796,2,4,2,532955,143489,58125,68131,1.1364925231276137,0.32194972119837445
5324,0.5797,6,15,6,532970,143474,58131,68125,1.1363737168926624,0.3219533173597229
5325,0.5798,5,20,5,532990,143454,58136,68120,1.1362153085793942,0.3219677276035808
5326,0.5799,0,7,0,532997,143447,58136,68120,1.1361598656697502,0.32197838037122994
5327,0.58,818,3008,818,536005,140439,58954,67302,1.112335255354201,0.3239707135327162
5328,0.5801,0,3,0,536008,140436,58954,67302,1.1123114941072108,0.323975392080409
5329,0.5802,1,16,1,536024,140420,58955,67301,1.1121847674565961,0.32399709225355167
5330,0.5803,5,22,5,536046,140398,58960,67296,1.112010518312001,0.3240151376544339
5331,0.5804,2,5,2,536051,140393,58962,67294,1.111970916233684,0.32401642856798935
5332,0.5805,5,25,5,536076,140368,58967,67289,1.1117729058420986,0.32403916073139843
5333,0.5806,3,6,3,536082,140362,58970,67286,1.1117253833481182,0.3240387578979812
5334,0.5807,12,36,12,536118,140326,58982,67274,1.1114402483842352,0.3240558766859345
5335,0.5808,25,102,25,536220,140224,59007,67249,1.110632365986567,0.3241337427038699
5336,0.5809,0,1,0,536221,140223,59007,67249,1.1106244455709036,0.3241353050050127
5337,0.581,17,54,17,536275,140169,59024,67232,1.1101967431250792,0.32416430007569874
5338,0.5811,1,7,1,536282,140162,59025,67231,1.1101413002154352,0.3241719826609384
5339,0.5812,1,12,1,536294,140150,59026,67230,1.1100462552274744,0.32418748191725333
5340,0.5813,10,28,10,536322,140122,59036,67220,1.1098244835888988,0.32419866693675187
5341,0.5814,3,8,3,536330,140114,59039,67217,1.1097611202635915,0.3242013977649266
5342,0.5815,3,38,3,536368,140076,59042,67214,1.1094601444683816,0.32425104925466736
5343,0.5816,2,2,2,536370,140074,59044,67212,1.109444303637055,0.32424765782542
5344,0.5817,66,270,66,536640,139804,59110,67146,1.1073057914079332,0.32445518241121046
5345,0.5818,5,23,5,536663,139781,59115,67141,1.1071236218476745,0.32447492291781443
5346,0.5819,0,6,0,536669,139775,59115,67141,1.107076099353694,0.32448433180614356
5347,0.582,10,52,10,536721,139723,59125,67131,1.1066642377391966,0.3245332456708596
5348,0.5821,3,8,3,536729,139715,59128,67128,1.1066008744138893,0.3245360007348569
5349,0.5822,4,19,4,536748,139696,59132,67124,1.1064503865162845,0.32455275118460497
5350,0.5823,6,33,6,536781,139663,59138,67118,1.1061890127993916,0.3245849473597671
5351,0.5824,6,7,6,536788,139656,59144,67112,1.1061335698897479,0.3245763367639093
5352,0.5825,69,240,69,537028,139416,59213,67043,1.1042326701305285,0.3247279120793959
5353,0.5826,1,6,1,537034,139410,59214,67042,1.104185147636548,0.3247340786236026
5354,0.5827,9,34,9,537068,139376,59223,67033,1.103915853503992,0.32475812585691516
5355,0.5828,5,19,5,537087,139357,59228,67028,1.103765365606387,0.3247716646074085
5356,0.5829,6,15,6,537102,139342,59234,67022,1.1036465593714357,0.3247756391618693
5357,0.583,11,42,11,537144,139300,59245,67011,1.1033139019135725,0.32480575441929904
5358,0.5831,2,9,2,537153,139291,59247,67009,1.1032426181726016,0.32481337857489095
5359,0.5832,4,25,4,537178,139266,59251,67005,1.1030446077810163,0.32483965268990794
5360,0.5833,136,516,136,537694,138750,59387,66869,1.0989576732986948,0.32520827355448667
5361,0.5834,2,2,2,537696,138748,59389,66867,1.0989418324673679,0.3252048731853221
5362,0.5835,10,27,10,537723,138721,59399,66857,1.0987279812444557,0.325214760334277
5363,0.5836,4,4,4,537727,138717,59403,66853,1.0986962995818021,0.32520795835968286
5364,0.5837,8,17,8,537744,138700,59411,66845,1.098561652515524,0.3252085917925515
5365,0.5838,3,19,3,537763,138681,59414,66842,1.098411164617919,0.325228806508274
5366,0.5839,2,8,2,537771,138673,59416,66840,1.0983478012926118,0.3252348999819963
5367,0.584,25,117,25,537888,138556,59441,66815,1.0974211126599924,0.3253380467544103
5368,0.5841,0,6,0,537894,138550,59441,66815,1.097373590166012,0.3253475519197526
5369,0.5842,23,110,23,538004,138440,59464,66792,1.0965023444430364,0.32544632415997504
5370,0.5843,7,31,7,538035,138409,59471,66785,1.0962568115574705,0.32547247970213555
5371,0.5844,0,7,0,538042,138402,59471,66785,1.0962013686478267,0.3254835832679458
5372,0.5845,2,21,2,538063,138381,59473,66783,1.096035039918895,0.32551032344855824
5373,0.5846,2,10,2,538073,138371,59475,66781,1.0959558357622607,0.32551961472469193
5374,0.5847,11,22,11,538095,138349,59486,66770,1.0957815866176657,0.32551835763629894
5375,0.5848,8,28,8,538123,138321,59494,66762,1.0955598149790902,0.32553649010400665
5376,0.5849,5,12,5,538135,138309,59499,66757,1.095464769991129,0.32553909473047704
5377,0.585,261,982,261,539117,137327,59760,66496,1.0876869218096565,0.32624384882962176
5378,0.5851,0,8,0,539125,137319,59760,66496,1.0876235584843492,0.3262566543188676
5379,0.5852,6,22,6,539147,137297,59766,66490,1.0874493093397541,0.32627203894262147
5380,0.5853,6,22,6,539169,137275,59772,66484,1.087275060195159,0.32628742779460046
5381,0.5854,1,4,1,539173,137271,59773,66483,1.0872433785325053,0.3262905268117436
5382,0.5855,7,31,7,539204,137240,59780,66476,1.0869978456469396,0.3263170295902138
5383,0.5856,1,13,1,539217,137227,59781,66475,1.0868948802433152,0.32633454752530655
5384,0.5857,13,47,13,539264,137180,59794,66462,1.0865226207071348,0.3263668594887106
5385,0.5858,28,88,28,539352,137092,59822,66434,1.0858256241287543,0.3264152982911274
5386,0.5859,1,6,1,539358,137086,59823,66433,1.0857781016347738,0.3264216117414099
5387,0.586,25,100,25,539458,136986,59848,66408,1.0849860600684325,0.32649930676421135
5388,0.5861,2,13,2,539471,136973,59850,66406,1.084883094664808,0.32651355351339123
5389,0.5862,4,24,4,539495,136949,59854,66402,1.084693004688886,0.32653884170719594
5390,0.5863,8,37,8,539532,136912,59862,66394,1.0843999493093397,0.32657176866398435
5391,0.5864,3,5,3,539537,136907,59865,66391,1.0843603472310226,0.326569862959793
5392,0.5865,3,27,3,539564,136880,59868,66388,1.0841464960081104,0.32660330204459137
5393,0.5866,2,1,2,539565,136879,59870,66386,1.084138575592447,0.3265982830295427
5394,0.5867,119,512,119,540077,136367,59989,66267,1.080083322772779,0.32702804070392927
5395,0.5868,2,21,2,540098,136346,59991,66265,1.0799169940438473,0.32705529314795345
5396,0.5869,1,14,1,540112,136332,59992,66264,1.0798061082245596,0.3270745720547296
5397,0.587,13,36,13,540148,136296,60005,66251,1.0795209732606768,0.3270895150261421
5398,0.5871,3,11,3,540159,136285,60008,66248,1.0794338486883792,0.3270973125367224
5399,0.5872,13,20,13,540179,136265,60021,66235,1.0792754403751108,0.32708641975308644
5400,0.5873,8,31,8,540210,136234,60029,66227,1.079029907489545,0.3271099125263631
5401,0.5874,1,8,1,540218,136226,60030,66226,1.0789665441642378,0.3271195147491751
5402,0.5875,63,266,63,540484,135960,60093,66163,1.0768597135977696,0.32734028289704786
5403,0.5876,5,9,5,540493,135951,60098,66158,1.076788429856799,0.3273382184860644
5404,0.5877,8,36,8,540529,135915,60106,66150,1.076503294892916,0.32736990572340585
5405,0.5878,6,17,6,540546,135898,60112,66144,1.0763686478266379,0.3273774759703428
5406,0.5879,3,11,3,540557,135887,60115,66141,1.0762815232543403,0.327385312926921
5407,0.588,15,62,15,540619,135825,60130,66126,1.0757904574832087,0.32743586315492373
5408,0.5881,1,5,1,540624,135820,60131,66125,1.0757508554048916,0.3274406397781574
5409,0.5882,5,23,5,540647,135797,60136,66120,1.0755686858446332,0.3274612835967254
5410,0.5883,62,261,62,540908,135536,60198,66058,1.073501457356482,0.3276784031270772
5411,0.5884,0,3,0,540911,135533,60198,66058,1.0734776961094918,0.3276832795114861
5412,0.5885,5,33,5,540944,135500,60203,66053,1.0732163223925992,0.32772025224134593
5413,0.5886,2,18,2,540962,135482,60205,66051,1.0730737549106577,0.32774285104672685
5414,0.5887,9,26,9,540988,135456,60214,66042,1.0728678241034089,0.32775511419468184
5415,0.5888,6,24,6,541012,135432,60220,66036,1.072677734127487,0.32777413782834
5416,0.5889,3,9,3,541021,135423,60223,66033,1.0726064503865163,0.3277787705503931
5417,0.589,11,58,11,541079,135365,60234,66022,1.0721470662780384,0.32783645419019103
5418,0.5891,3,1,3,541080,135364,60237,66019,1.0721391458623748,0.32782806890353205
5419,0.5892,21,92,21,541172,135272,60258,65998,1.0714104676213407,0.3279077855616833
5420,0.5893,10,43,10,541215,135229,60268,65988,1.071069889747814,0.32794445797323285
5421,0.5894,0,5,0,541220,135224,60268,65988,1.0710302876694968,0.3279526072003658
5422,0.5895,2,23,2,541243,135201,60270,65986,1.0708481181092384,0.3279834184117264
5423,0.5896,1,8,1,541251,135193,60271,65985,1.070784754783931,0.3279931205201364
5424,0.5897,4,16,4,541267,135177,60275,65981,1.0706580281333165,0.32800584615078693
5425,0.5898,4,10,4,541277,135167,60279,65977,1.0705788239766822,0.3280087897227857
5426,0.5899,4,9,4,541286,135158,60283,65973,1.0705075402357116,0.32801010286827986
5427,0.59,772,2947,772,544233,132211,61055,65201,1.0471660752756304,0.3302788077725771
5428,0.5901,1,6,1,544239,132205,61056,65200,1.04711855278165,0.33028545376256935
5429,0.5902,6,13,6,544252,132192,61062,65194,1.0470155873780256,0.3302868491179719
5430,0.5903,6,34,6,544286,132158,61068,65188,1.0467462932454694,0.33032339140393013
5431,0.5904,2,2,2,544288,132156,61070,65186,1.0467304524141428,0.3303199521642631
5432,0.5905,8,14,8,544302,132142,61078,65178,1.046619566594855,0.3303162375836205
5433,0.5906,1,5,1,544307,132137,61079,65177,1.046579964516538,0.33032121390271346
5434,0.5907,13,47,13,544354,132090,61092,65164,1.0462077049803573,0.33035578492704837
5435,0.5908,24,83,24,544437,132007,61116,65140,1.045550310480294,0.3304133463861991
5436,0.5909,1,2,1,544439,132005,61117,65139,1.0455344696489672,0.33041330195187274
5437,0.591,12,77,12,544516,131928,61129,65127,1.0449245976428843,0.33050163659891907
5438,0.5911,5,9,5,544525,131919,61134,65122,1.0448533139019136,0.33049974370816226
5439,0.5912,7,13,7,544538,131906,61141,65115,1.0447503484982892,0.33049776419772514
5440,0.5913,11,34,11,544572,131872,61152,65104,1.044481054365733,0.33051742344244983
5441,0.5914,2,20,2,544592,131852,61154,65102,1.0443226460524648,0.3305441879829808
5442,0.5915,4,28,4,544620,131824,61158,65098,1.0441008744138893,0.3305775890961904
5443,0.5916,1,6,1,544626,131818,61159,65097,1.0440533519199087,0.33058426224513116
5444,0.5917,60,252,60,544878,131566,61219,65037,1.0420574071727284,0.33080370085909166
5445,0.5918,3,23,3,544901,131543,61222,65034,1.0418752376124698,0.3308321929829024
5446,0.5919,1,5,1,544906,131538,61223,65033,1.041835635534153,0.33083720386018284
5447,0.592,17,58,17,544964,131480,61240,65016,1.0413762514256748,0.33087696441657843
5448,0.5921,3,12,3,544976,131468,61243,65013,1.041281206437714,0.3308869559906556
5449,0.5922,3,11,3,544987,131457,61246,65010,1.0411940818654164,0.33089526485363957
5450,0.5923,7,38,7,545025,131419,61253,65003,1.0408931060702065,0.33093543493091404
5451,0.5924,1,13,1,545038,131406,61254,65002,1.0407901406665823,0.3309539326300354
5452,0.5925,77,231,77,545269,131175,61331,64925,1.0389605246483335,0.3310810810810811
5453,0.5926,2,6,2,545275,131169,61333,64923,1.0389130021543531,0.33108438896028397
5454,0.5927,13,40,13,545315,131129,61346,64910,1.0385961855278165,0.3311075857354914
5455,0.5928,3,11,3,545326,131118,61349,64907,1.038509060955519,0.3311159290906772
5456,0.5929,1,12,1,545338,131106,61350,64906,1.038414015967558,0.33113278778850275
5457,0.593,15,46,15,545384,131060,61365,64891,1.0380496768470409,0.33115932044235546
5458,0.5931,1,2,1,545386,131058,61366,64890,1.0380338360157142,0.3311592871578174
5459,0.5932,7,21,7,545407,131037,61373,64883,1.0378675072867825,0.33117088607594936
5460,0.5933,128,444,128,545851,130593,61501,64755,1.0343508427322265,0.3314853492229252
5461,0.5934,2,9,2,545860,130584,61503,64753,1.034279558991256,0.33149377742056035
5462,0.5935,10,23,10,545883,130561,61513,64743,1.0340973894309973,0.33149858681849836
5463,0.5936,2,3,2,545886,130558,61515,64741,1.034073628184007,0.33149683306110117
5464,0.5937,5,28,5,545914,130530,61520,64736,1.0338518565454315,0.33152725000768185
5465,0.5938,7,31,7,545945,130499,61527,64729,1.0336063236598656,0.331555924355113
5466,0.5939,2,9,2,545954,130490,61529,64727,1.033535039918895,0.33156436171030185
5467,0.594,29,94,29,546048,130396,61558,64698,1.032790520846534,0.331624755246189
5468,0.5941,2,8,2,546056,130388,61560,64696,1.0327271575212267,0.3316315023272026
5469,0.5942,27,100,27,546156,130288,61587,64669,1.0319351159548853,0.33170904353267644
5470,0.5943,7,40,7,546196,130248,61594,64662,1.0316182993283487,0.3317531168231491
5471,0.5944,2,5,2,546201,130243,61596,64660,1.0315786972500316,0.3317547703216472
5472,0.5945,2,23,2,546224,130220,61598,64658,1.0313965276897732,0.331787066780242
5473,0.5946,2,9,2,546233,130211,61600,64656,1.0313252439488025,0.3317955323374404
5474,0.5947,8,32,8,546265,130179,61608,64648,1.0310717906475733,0.33182259132461106
5475,0.5948,7,22,7,546287,130157,61615,64641,1.030897541502978,0.3318360558116613
5476,0.5949,1,6,1,546293,130151,61616,64640,1.0308500190089975,0.331842846948781
5477,0.595,257,844,257,547137,129307,61873,64383,1.024165188189076,0.33240229232278384
5478,0.5951,0,4,0,547141,129303,61873,64383,1.0241335065264225,0.3324091570893095
5479,0.5952,4,17,4,547158,129286,61877,64379,1.0239988594601446,0.3324245475434384
5480,0.5953,7,34,7,547192,129252,61884,64372,1.0237295653275884,0.3324587861008966
5481,0.5954,2,9,2,547201,129243,61886,64370,1.0236582815866178,0.33246734465144384
5482,0.5955,8,15,8,547216,129228,61894,64362,1.0235394753516665,0.33246551991321865
5483,0.5956,2,10,2,547226,129218,61896,64360,1.0234602711950322,0.33247579786959264
5484,0.5957,9,47,9,547273,129171,61905,64351,1.0230880116588519,0.33252550097663314
5485,0.5958,19,120,19,547393,129051,61924,64332,1.022137561779242,0.33266626332200866
5486,0.5959,1,9,1,547402,129042,61925,64331,1.0220662780382714,0.33267829531527154
5487,0.596,28,96,28,547498,128946,61953,64303,1.0213059181345836,0.3327468706177005
5488,0.5961,3,10,3,547508,128936,61956,64300,1.0212267139779496,0.3327537311888054
5489,0.5962,4,17,4,547525,128919,61960,64296,1.0210920669116714,0.33276919493828117
5490,0.5963,7,23,7,547548,128896,61967,64289,1.020909897351413,0.33278463648834017
5491,0.5964,4,15,4,547563,128881,61971,64285,1.0207910911164617,0.3327966619384364
5492,0.5965,7,29,7,547592,128852,61978,64278,1.0205613990622229,0.3328224511986745
5493,0.5966,4,5,4,547597,128847,61982,64274,1.0205217969839058,0.33281724928930567
5494,0.5967,112,504,112,548101,128343,62094,64162,1.016529907489545,0.33330043375496743
5495,0.5968,3,27,3,548128,128316,62097,64159,1.016316056266633,0.33333679698662166
5496,0.5969,3,4,3,548132,128312,62100,64156,1.0162843746039791,0.3333333333333333
5497,0.597,8,32,8,548164,128280,62108,64148,1.01603092130275,0.3333610493275407
5498,0.5971,1,22,1,548186,128258,62109,64147,1.0158566721581548,0.3333957017749019
5499,0.5972,6,13,6,548199,128245,62115,64141,1.0157537067545306,0.33339744056220305
5500,0.5973,9,41,9,548240,128204,62124,64132,1.0154289697123304,0.33343731802678644
5501,0.5974,0,8,0,548248,128196,62124,64132,1.0153656063870231,0.33345118755459424
5502,0.5975,69,259,69,548507,127937,62193,64063,1.013314218730199,0.3336614583333333
5503,0.5976,3,13,3,548520,127924,62196,64060,1.0132112533265745,0.3336736394699558
5504,0.5977,6,35,6,548555,127889,62202,64054,1.0129340387783552,0.33371365457453517
5505,0.5978,1,16,1,548571,127873,62203,64053,1.0128073121277406,0.333738003188729
5506,0.5979,2,15,2,548586,127858,62205,64051,1.0126885058927892,0.3337571453136643
5507,0.598,26,67,26,548653,127791,62231,64025,1.0121578380433405,0.33378341744171497
5508,0.5981,2,14,2,548667,127777,62233,64023,1.0120469522240527,0.33380083420229406
5509,0.5982,6,23,6,548690,127754,62239,64017,1.011864782663794,0.3338200249255623
5510,0.5983,57,268,57,548958,127486,62296,63960,1.0097421112659992,0.33408898592814684
5511,0.5984,1,5,1,548963,127481,62297,63959,1.0097025091876821,0.33409423318010867
5512,0.5985,7,26,7,548989,127455,62304,63952,1.0094965783804335,0.33411526224223775
5513,0.5986,6,8,6,548997,127447,62310,63946,1.0094332150551262,0.3341083529700668
5514,0.5987,5,24,5,549021,127423,62315,63941,1.0092431250792042,0.3341328567546665
5515,0.5988,8,31,8,549052,127392,62323,63933,1.0089975921936383,0.3341591532732262
5516,0.5989,2,5,2,549057,127387,62325,63931,1.0089579901153212,0.33416092578847784
5517,0.599,13,47,13,549104,127340,62338,63918,1.0085857305791408,0.3341977851906848
5518,0.5991,0,6,0,549110,127334,62338,63918,1.0085382080851604,0.3342082697174409
5519,0.5992,24,82,24,549192,127252,62362,63894,1.0078887340007603,0.3342680464147824
5520,0.5993,9,35,9,549227,127217,62371,63885,1.0076115194525408,0.3342979142028864
5521,0.5994,2,11,2,549238,127206,62373,63883,1.0075243948802433,0.33431019053948685
5522,0.5995,7,24,7,549262,127182,62380,63876,1.0073343049043213,0.33432779574788807
5523,0.5996,1,9,1,549271,127173,62381,63875,1.0072630211633506,0.3343400611364683
5524,0.5997,10,27,10,549298,127146,62391,63865,1.0070491699404385,0.3343524718471711
5525,0.5998,4,23,4,549321,127123,62395,63861,1.0068670003801798,0.3343787961295187
5526,0.5999,4,12,4,549333,127111,62399,63857,1.006771955392219,0.3343858656947761
5527,0.6,795,2831,795,552164,124280,63194,63062,0.984349258649094,0.33661432033393474
5528,0.6001,2,6,2,552170,124274,63196,63060,0.9843017361551134,0.33661801915295675
5529,0.6002,3,20,3,552190,124254,63199,63057,0.9841433278418451,0.336643336483175
5530,0.6003,6,24,6,552214,124230,63205,63051,0.9839532378659233,0.3366652249827799
5531,0.6004,1,10,1,552224,124220,63206,63050,0.983874033709289,0.33667966038340363
5532,0.6005,7,18,7,552242,124202,63213,63043,0.9837314662273476,0.33668722796336353
5533,0.6006,1,13,1,552255,124189,63214,63042,0.9836285008237232,0.3367070623988549
5534,0.6007,9,34,9,552289,124155,63223,63033,0.9833592066911672,0.33673632925187513
5535,0.6008,23,88,23,552377,124067,63246,63010,0.9826622101127868,0.33681318387615794
5536,0.6009,0,3,0,552380,124064,63246,63010,0.9826384488657964,0.33681858515881413
5537,0.601,17,49,17,552429,124015,63263,62993,0.9822503484982892,0.33684655201916497
5538,0.6011,1,12,1,552441,124003,63264,62992,0.9821553035103282,0.33686462204871787
5539,0.6012,7,22,7,552463,123981,63271,62985,0.9819810543657331,0.33687943262411346
5540,0.6013,7,28,7,552491,123953,63278,62978,0.9817592827271575,0.3369050612257999
5541,0.6014,1,12,1,552503,123941,63279,62977,0.9816642377391965,0.3369231427684867
5542,0.6015,10,25,10,552528,123916,63289,62967,0.9814662273476112,0.3369327333144267
5543,0.6016,2,8,2,552536,123908,63291,62965,0.9814028640223039,0.3369400608969728
5544,0.6017,66,234,66,552770,123674,63357,62899,0.979549486757065,0.33712809463319987
5545,0.6018,4,24,4,552794,123650,63361,62895,0.979359396781143,0.3371572542818087
5546,0.6019,3,6,3,552800,123644,63364,62892,0.9793118742871626,0.33715743877857357
5547,0.602,12,62,12,552862,123582,63376,62880,0.9788208085160309,0.3372268880522573
5548,0.6021,2,15,2,552877,123567,63378,62878,0.9787020022810797,0.33724690927619405
5549,0.6022,9,15,9,552892,123552,63387,62869,0.9785831960461285,0.3372420489107987
5550,0.6023,5,25,5,552917,123527,63392,62864,0.9783851856545431,0.3372695033558487
5551,0.6024,3,10,3,552927,123517,63395,62861,0.978305981497909,0.33727693182671775
5552,0.6025,58,220,58,553147,123297,63453,62803,0.976563490051958,0.337469102632993
5553,0.6026,0,6,0,553153,123291,63453,62803,0.9765159675579774,0.33747998323427947
5554,0.6027,14,39,14,553192,123252,63467,62789,0.9762070713471043,0.33750087346337637
5555,0.6028,3,16,3,553208,123236,63470,62786,0.9760803446964896,0.3375192181569922
5556,0.6029,4,16,4,553224,123220,63474,62782,0.975953618045875,0.3375340050106988
5557,0.603,8,46,8,553270,123174,63482,62774,0.975589278925358,0.33758900337728825
5558,0.6031,2,3,2,553273,123171,63484,62772,0.9755655176783677,0.33758732514802925
5559,0.6032,3,13,3,553286,123158,63487,62769,0.9754625522747434,0.3376002409547833
5560,0.6033,135,452,135,553738,122706,63622,62634,0.9718825243948802,0.3379410812560699
5561,0.6034,1,3,1,553741,122703,63623,62633,0.97185876314789,0.33794297923770883
5562,0.6035,6,26,6,553767,122677,63629,62627,0.9716528323406413,0.3379689591158313
5563,0.6036,1,6,1,553773,122671,63630,62626,0.9716053098466607,0.3379763298920112
5564,0.6037,3,20,3,553793,122651,63633,62623,0.9714469015333925,0.33800209419562377
5565,0.6038,11,25,11,553818,122626,63644,62612,0.9712488911418071,0.33800840000431875
5566,0.6039,1,9,1,553827,122617,63645,62611,0.9711776074008364,0.3380212494871186
5567,0.604,36,79,36,553906,122538,63681,62575,0.9705518945634267,0.338036766731672
5568,0.6041,0,4,0,553910,122534,63681,62575,0.9705202129007731,0.33804407133094555
5569,0.6042,17,86,17,553996,122448,63698,62558,0.9698390571537194,0.33814038463617396
5570,0.6043,12,51,12,554047,122397,63710,62546,0.9694351159548853,0.3381906857788616
5571,0.6044,2,7,2,554054,122390,63712,62544,0.9693796730452414,0.3381963295013356
5572,0.6045,6,14,6,554068,122376,63718,62538,0.9692687872259537,0.3382004607547292
5573,0.6046,3,10,3,554078,122366,63721,62535,0.9691895830693195,0.3382080140183125
5574,0.6047,8,35,8,554113,122331,63729,62527,0.9689123685211,0.33824340845405665
5575,0.6048,3,18,3,554131,122313,63732,62524,0.9687698010391586,0.3382656069942706
5576,0.6049,1,7,1,554138,122306,63733,62523,0.9687143581295147,0.3382748378230689
5577,0.605,250,917,250,555055,121389,63983,62273,0.961451336966164,0.3390630614933955
5578,0.6051,0,9,0,555064,121380,63983,62273,0.9613800532251933,0.33907967743516304
5579,0.6052,2,36,2,555100,121344,63985,62271,0.9610949182613103,0.3391389592353566
5580,0.6053,9,22,9,555122,121322,63994,62262,0.9609206691167153,0.33914720237057694
5581,0.6054,1,8,1,555130,121314,63995,62261,0.9608573057914079,0.3391583821326433
5582,0.6055,3,23,3,555153,121291,63998,62258,0.9606751362311494,0.3391900800331247
5583,0.6056,4,2,4,555155,121289,64002,62254,0.9606592953998225,0.33917937486038696
5584,0.6057,12,34,12,555189,121255,64014,62242,0.9603900012672665,0.3391990059782994
5585,0.6058,15,90,15,555279,121165,64029,62227,0.9596771638575592,0.33931142034548945
5586,0.6059,0,5,0,555284,121160,64029,62227,0.9596375617792422,0.3393206715852269
5587,0.606,40,92,40,555376,121068,64069,62187,0.9589088835382081,0.33934681181959564
5588,0.6061,0,14,0,555390,121054,64069,62187,0.9587979977189203,0.33937273863382106
5589,0.6062,7,20,7,555410,121034,64076,62180,0.958639589405652,0.3393845448491927
5590,0.6063,7,19,7,555429,121015,64083,62173,0.9584891015080471,0.33939450182326353
5591,0.6064,2,10,2,555439,121005,64085,62171,0.958409897351413,0.3394058173559855
5592,0.6065,7,31,7,555470,120974,64092,62164,0.9581643644658472,0.3394380194170516
5593,0.6066,2,3,2,555473,120971,64094,62162,0.958140603218857,0.3394363659198506
5594,0.6067,125,459,125,555932,120512,64219,62037,0.9545051324293499,0.339837523075996
5595,0.6068,4,15,4,555947,120497,64223,62033,0.9543863261943987,0.33985098339998904
5596,0.6069,2,15,2,555962,120482,64225,62031,0.9542675199594475,0.33987168037345283
5597,0.607,14,35,14,555997,120447,64239,62017,0.953990305411228,0.3398862241318836
5598,0.6071,4,10,4,556007,120437,64243,62013,0.9539111012545939,0.33989038092628115
5599,0.6072,4,11,4,556018,120426,64247,62009,0.9538239766822962,0.33989640145805355
5600,0.6073,11,28,11,556046,120398,64258,61998,0.9536022050437207,0.33990876992916513
5601,0.6074,1,10,1,556056,120388,64259,61997,0.9535230008870865,0.3399237875921814
5602,0.6075,60,202,60,556258,120186,64319,61937,0.9519230769230769,0.3400833502632836
5603,0.6076,2,14,2,556272,120172,64321,61935,0.9518121911037891,0.34010224757971963
5604,0.6077,2,27,2,556299,120145,64323,61933,0.9515983398808769,0.3401454321774185
5605,0.6078,2,21,2,556320,120124,64325,61931,0.9514320111519452,0.3401774189118673
5606,0.6079,5,19,5,556339,120105,64330,61926,0.9512815232543403,0.34019480198427743
5607,0.608,22,62,22,556401,120043,64352,61904,0.9507904574832087,0.3402309463744937
5608,0.6081,2,4,2,556405,120039,64354,61902,0.950758775820555,0.3402311738420697
5609,0.6082,8,17,8,556422,120022,64362,61894,0.950624128754277,0.3402339541326766
5610,0.6083,63,208,63,556630,119814,64425,61831,0.948976682296287,0.3403947259764926
5611,0.6084,0,4,0,556634,119810,64425,61831,0.9489450006336333,0.3404022219653052
5612,0.6085,9,24,9,556658,119786,64434,61822,0.9487549106577113,0.3404145191841769
5613,0.6086,3,9,3,556667,119777,64437,61819,0.9486836269167406,0.3404204938434767
5614,0.6087,8,31,8,556698,119746,64445,61811,0.9484380940311747,0.34044955578688785
5615,0.6088,3,20,3,556718,119726,64448,61808,0.9482796857179064,0.3404761642447145
5616,0.6089,3,4,3,556722,119722,64451,61805,0.9482480040552528,0.3404727671365692
5617,0.609,12,59,12,556781,119663,64463,61793,0.9477806995311114,0.34053985539194076
5618,0.6091,1,3,1,556784,119660,64464,61792,0.9477569382841211,0.340541851288495
5619,0.6092,21,97,21,556881,119563,64485,61771,0.9469886579647699,0.3406476446777769
5620,0.6093,12,28,12,556909,119535,64497,61759,0.9467668863261944,0.3406566130153232
5621,0.6094,2,6,2,556915,119529,64499,61757,0.9467193638322139,0.3406606136160542
5622,0.6095,5,17,5,556932,119512,64504,61752,0.9465847167659359,0.34067437549651336
5623,0.6096,0,8,0,556940,119504,64504,61752,0.9465213534406286,0.34068941166085537
5624,0.6097,3,29,3,556969,119475,64507,61749,0.9462916613863895,0.34073301549463647
5625,0.6098,5,15,5,556984,119460,64512,61744,0.9461728551514383,0.3407430299551886
5626,0.6099,3,6,3,556990,119454,64515,61741,0.9461253326574579,0.34074339799663345
5627,0.61,870,2723,870,559713,116731,65385,60871,0.9245580408059815,0.3427382574520557
5628,0.6101,1,3,1,559716,116728,65386,60870,0.9245342795589913,0.34274034617506954
5629,0.6102,3,19,3,559735,116709,65389,60867,0.9243837916613864,0.34276591431274495
5630,0.6103,5,13,5,559748,116696,65394,60862,0.924280826257762,0.3427725025062233
5631,0.6104,4,10,4,559758,116686,65398,60858,0.9242016221011279,0.34277700175731085
5632,0.6105,2,38,2,559796,116648,65400,60856,0.9239006463059182,0.3428429781864071
5633,0.6106,0,8,0,559804,116640,65400,60856,0.9238372829806109,0.34285843061252086
5634,0.6107,9,37,9,559841,116603,65409,60847,0.9235442276010645,0.34289659058889826
5635,0.6108,17,78,17,559919,116525,65426,60830,0.9229264351793182,0.3429844097995546
5636,0.6109,1,7,1,559926,116518,65427,60829,0.9228709922696743,0.3429942429248874
5637,0.611,11,42,11,559968,116476,65438,60818,0.9225383348118109,0.3430347332679053
5638,0.6111,2,9,2,559977,116467,65440,60816,0.9224670510708401,0.343044736381943
5639,0.6112,7,18,7,559995,116449,65447,60809,0.9223244835888987,0.34305362804499656
5640,0.6113,8,32,8,560027,116417,65455,60801,0.9220710302876695,0.34308591678046246
5641,0.6114,1,5,1,560032,116412,65456,60800,0.9220314282093525,0.3430918899397332
5642,0.6115,7,24,7,560056,116388,65463,60793,0.9218413382334305,0.34311241047290625
5643,0.6116,1,6,1,560062,116382,65464,60792,0.92179381573945,0.3431203223949338
5644,0.6117,53,250,53,560312,116132,65517,60739,0.9198137118235965,0.34340847284178866
5645,0.6118,1,24,1,560336,116108,65518,60738,0.9196236218476745,0.34345136446399693
5646,0.6119,2,3,2,560339,116105,65520,60736,0.9195998606006843,0.3434497656086541
5647,0.612,13,44,13,560383,116061,65533,60723,0.9192513623114941,0.3434869671463481
5648,0.6121,4,6,4,560389,116055,65537,60719,0.9192038398175136,0.34348377023770466
5649,0.6122,3,15,3,560404,116040,65540,60716,0.9190850335825624,0.343501776460205
5650,0.6123,9,35,9,560439,116005,65549,60707,0.9188078190343429,0.3435363755715515
5651,0.6124,3,6,3,560445,115999,65552,60704,0.9187602965403624,0.34353689524229925
5652,0.6125,65,196,65,560641,115803,65617,60639,0.9172078950703333,0.34367667562145066
5653,0.6126,2,6,2,560647,115797,65619,60637,0.9171603725763529,0.34368092317807225
5654,0.6127,14,34,14,560681,115763,65633,60623,0.9168910784437967,0.34369507784064496
5655,0.6128,7,19,7,560700,115744,65640,60616,0.9167405905461918,0.3437060557949648
5656,0.6129,6,12,6,560712,115732,65646,60610,0.9166455455582309,0.3437071145841603
5657,0.613,10,36,10,560748,115696,65656,60600,0.916360410594348,0.3437400735127286
5658,0.6131,1,11,1,560759,115685,65657,60599,0.9162732860220505,0.3437577999137755
5659,0.6132,2,17,2,560776,115668,65659,60597,0.9161386389557724,0.34378350778657135
5660,0.6133,116,458,116,561234,115210,65775,60481,0.9125110885819288,0.3442464326573359
5661,0.6134,2,11,2,561245,115199,65777,60479,0.9124239640096312,0.3442605220915539
5662,0.6135,10,12,10,561257,115187,65787,60469,0.9123289190216702,0.3442467094776153
5663,0.6136,3,7,3,561264,115180,65790,60466,0.9122734761120264,0.344249228561994
5664,0.6137,6,23,6,561287,115157,65796,60460,0.9120913065517678,0.344271909894828
5665,0.6138,5,27,5,561314,115130,65801,60455,0.9118774553288557,0.3443061764957143
5666,0.6139,2,8,2,561322,115122,65803,60453,0.9118140920035483,0.3443143955574541
5667,0.614,25,89,25,561411,115033,65828,60428,0.9111091750095045,0.34439562067923923
5668,0.6141,0,2,0,561413,115031,65828,60428,0.9110933341781776,0.3443995463327615
5669,0.6142,26,77,26,561490,114954,65854,60402,0.9104834621720947,0.34445356874016286
5670,0.6143,10,27,10,561517,114927,65864,60392,0.9102696109491826,0.3444692246704579
5671,0.6144,0,10,0,561527,114917,65864,60392,0.9101904067925485,0.34448887393117295
5672,0.6145,7,28,7,561555,114889,65871,60385,0.9099686351539729,0.3445177265310314
5673,0.6146,3,6,3,561561,114883,65874,60382,0.9099211126599924,0.34451830085869967
5674,0.6147,9,34,9,561595,114849,65883,60373,0.9096518185274364,0.3445514832612343
5675,0.6148,3,22,3,561617,114827,65886,60370,0.9094775693828412,0.34458352597361824
5676,0.6149,1,8,1,561625,114819,65887,60369,0.9094142060575339,0.3445955202411124
5677,0.615,246,853,246,562478,113966,66133,60123,0.9026580914966418,0.3453578342112368
5678,0.6151,4,9,4,562487,113957,66137,60119,0.902586807755671,0.34536064707369196
5679,0.6152,11,26,11,562513,113931,66148,60108,0.9023808769484223,0.3453708651509145
5680,0.6153,10,24,10,562537,113907,66158,60098,0.9021907869725003,0.34538087985977417
5681,0.6154,2,4,2,562541,113903,66160,60096,0.9021591053098467,0.34538129529480055
5682,0.6155,4,15,4,562556,113888,66164,60092,0.9020402990748955,0.34539602253132545
5683,0.6156,1,8,1,562564,113880,66165,60091,0.9019769357495881,0.3454081427364331
5684,0.6157,18,37,18,562601,113843,66183,60073,0.9016838803700418,0.34541387796407463
5685,0.6158,22,76,22,562677,113767,66205,60051,0.9010819287796223,0.3454820559435732
5686,0.6159,0,2,0,562679,113765,66205,60051,0.9010660879482956,0.3454860312054126
5687,0.616,25,94,25,562773,113671,66230,60026,0.9003215688759346,0.34557879525840973
5688,0.6161,1,11,1,562784,113660,66231,60025,0.9002344443036371,0.3455969139534214
5689,0.6162,3,22,3,562806,113638,66234,60022,0.9000601951590419,0.345629390763561
5690,0.6163,7,30,7,562836,113608,66241,60015,0.8998225826891395,0.34566272901631695
5691,0.6164,1,5,1,562841,113603,66242,60014,0.8997829806108224,0.34566891491040624
5692,0.6165,3,19,3,562860,113584,66245,60011,0.8996324927132175,0.34569544053688184
5693,0.6166,1,3,1,562863,113581,66246,60010,0.8996087314662273,0.34569764561526806
5694,0.6167,126,421,126,563284,113160,66372,59884,0.89627423647193,0.34606227317907584
5695,0.6168,6,24,6,563308,113136,66378,59878,0.8960841464960081,0.34608759984741116
5696,0.6169,4,7,4,563315,113129,66382,59874,0.8960287035863642,0.34608648404940956
5697,0.617,5,43,5,563358,113086,66387,59869,0.8956881257128374,0.3461536237749704
5698,0.6171,3,13,3,563371,113073,66390,59866,0.895585160309213,0.34616830211808786
5699,0.6172,2,13,2,563384,113060,66392,59864,0.8954821949055887,0.34618676412759364
5700,0.6173,4,30,4,563414,113030,66396,59860,0.8952445824356863,0.346231708022442
5701,0.6174,1,3,1,563417,113027,66397,59859,0.895220821188696,0.34623393450019085
5702,0.6175,69,221,69,563638,112806,66466,59790,0.8934704093270814,0.3464159076687756
5703,0.6176,2,8,2,563646,112798,66468,59788,0.8934070460017741,0.3464243913179516
5704,0.6177,8,28,8,563674,112770,66476,59780,0.8931852743631986,0.3464503042596349
5705,0.6178,2,13,2,563687,112757,66478,59778,0.8930823089595742,0.3464688324108152
5706,0.6179,2,5,2,563692,112752,66480,59776,0.8930427068812571,0.3464712974125939
5707,0.618,17,60,17,563752,112692,66497,59759,0.8925674819414523,0.34652741938289716
5708,0.6181,1,2,1,563754,112690,66498,59758,0.8925516411101254,0.34652764891445537
5709,0.6182,7,20,7,563774,112670,66505,59751,0.8923932327968572,0.3465413145730509
5710,0.6183,70,209,70,563983,112461,66575,59681,0.8907378659232037,0.34669633209791917
5711,0.6184,0,7,0,563990,112454,66575,59681,0.8906824230135597,0.3467104307665495
5712,0.6185,6,29,6,564019,112425,66581,59675,0.8904527309593208,0.3467460778617083
5713,0.6186,0,12,0,564031,112413,66581,59675,0.8903576859713598,0.34677025707777415
5714,0.6187,4,22,4,564053,112391,66585,59671,0.8901834368267647,0.34679940951517474
5715,0.6188,5,17,5,564070,112374,66590,59666,0.8900487897604866,0.3468146942571495
5716,0.6189,3,13,3,564083,112361,66593,59663,0.8899458243568622,0.3468295121610938
5717,0.619,12,67,12,564150,112294,66605,59651,0.8894151565074135,0.3469190729593765
5718,0.6191,0,8,0,564158,112286,66605,59651,0.8893517931821062,0.34693521464257254
5719,0.6192,18,72,18,564230,112214,66623,59633,0.8887815232543403,0.34701216780042715
5720,0.6193,9,44,9,564274,112170,66632,59624,0.8884330249651502,0.3470668358615551
5721,0.6194,2,7,2,564281,112163,66634,59622,0.8883775820555063,0.3470733766044765
5722,0.6195,11,23,11,564304,112140,66645,59611,0.8881954124952478,0.3470780373913398
5723,0.6196,4,17,4,564321,112123,66649,59607,0.8880607654289697,0.3470971874454085
5724,0.6197,3,26,3,564347,112097,66652,59604,0.887854834621721,0.34713833932242677
5725,0.6198,6,18,6,564365,112079,66658,59598,0.8877122671397795,0.3471519190107003
5726,0.6199,1,3,1,564368,112076,66659,59597,0.8876885058927892,0.3471541826612222
5727,0.62,858,2664,858,567032,109412,67517,58739,0.8665885185654543,0.3493229299855487
5728,0.6201,2,8,2,567040,109404,67519,58737,0.866525155240147,0.3493318108016486
5729,0.6202,7,16,7,567056,109388,67526,58730,0.8663984285895324,0.34933796500077324
5730,0.6203,5,18,5,567074,109370,67531,58725,0.8662558611075909,0.3493560189178738
5731,0.6204,5,12,5,567086,109358,67536,58720,0.8661608161196299,0.34936160592106047
5732,0.6205,6,20,6,567106,109338,67542,58714,0.8660024078063617,0.3493799538238164
5733,0.6206,2,1,2,567107,109337,67544,58712,0.8659944873906983,0.34937428964171163
5734,0.6207,16,35,16,567142,109302,67560,58696,0.8657172728424788,0.34938511172752057
5735,0.6208,24,77,24,567219,109225,67584,58672,0.8651074008363959,0.3494523428054105
5736,0.6209,2,4,2,567223,109221,67586,58670,0.8650757191737423,0.3494529188580686
5737,0.621,14,57,14,567280,109164,67600,58656,0.8646242554809276,0.3495173400071505
5738,0.6211,4,8,4,567288,109156,67604,58652,0.8645608921556204,0.34951849733028223
5739,0.6212,1,26,1,567314,109130,67605,58651,0.8643549613483715,0.34956878311608586
5740,0.6213,8,26,8,567340,109104,67613,58643,0.8641490305411228,0.3495919450124294
5741,0.6214,1,10,1,567350,109094,67614,58642,0.8640698263844887,0.3496089092383269
5742,0.6215,5,21,5,567371,109073,67619,58637,0.863903497655557,0.3496332955697335
5743,0.6216,0,6,0,567377,109067,67619,58637,0.8638559751615765,0.3496458045127129
5744,0.6217,59,216,59,567593,108851,67678,58578,0.862145165378279,0.34986770511679577
5745,0.6218,3,25,3,567618,108826,67681,58575,0.8619471549866937,0.3499083040125208
5746,0.6219,0,5,0,567623,108821,67681,58575,0.8619075529083766,0.349918755525819
5747,0.622,18,56,18,567679,108765,67699,58557,0.8614640096312255,0.3499659339477176
5748,0.6221,2,16,2,567695,108749,67701,58555,0.8613372829806109,0.34999163199923494
5749,0.6222,8,21,8,567716,108728,67709,58547,0.8611709542516791,0.35000448363473324
5750,0.6223,7,29,7,567745,108699,67716,58540,0.8609412621974402,0.3500379696123512
5751,0.6224,3,12,3,567757,108687,67719,58537,0.8608462172094792,0.3500514280246855
5752,0.6225,58,204,58,567961,108483,67777,58479,0.8592304524141426,0.3502533510619183
5753,0.6226,1,5,1,567966,108478,67778,58478,0.8591908503358257,0.35025994872900645
5754,0.6227,10,38,10,568004,108440,67788,58468,0.8588898745406159,0.3503007644930141
5755,0.6228,7,13,7,568017,108427,67795,58461,0.8587869091369915,0.350300800536887
5756,0.6229,5,16,5,568033,108411,67800,58456,0.8586601824863769,0.3503149214643998
5757,0.623,10,34,10,568067,108377,67810,58446,0.8583908883538208,0.3503473741630351
5758,0.6231,0,5,0,568072,108372,67810,58446,0.8583512862755037,0.3503578750494551
5759,0.6232,5,17,5,568089,108355,67815,58441,0.8582166392092258,0.3503741096908799
5760,0.6233,112,427,112,568516,107928,67927,58329,0.8548346217209479,0.35083635576246414
5761,0.6234,2,4,2,568520,107924,67929,58327,0.8548029400582943,0.35083698744669206
5762,0.6235,4,25,4,568545,107899,67933,58323,0.8546049296667089,0.3508741321846687
5763,0.6236,2,10,2,568555,107889,67935,58321,0.8545257255100748,0.3508874315624812
5764,0.6237,4,26,4,568581,107863,67939,58317,0.854319794702826,0.35092670598146586
5765,0.6238,1,34,1,568615,107829,67940,58316,0.8540505005702699,0.35099461313912544
5766,0.6239,0,6,0,568621,107823,67940,58316,0.8540029780762894,0.35100728907721845
5767,0.624,23,88,23,568709,107735,67963,58293,0.853305981497909,0.3511034283373889
5768,0.6241,2,6,2,568715,107729,67965,58291,0.8532584590039285,0.3511083002047946
5769,0.6242,30,80,30,568795,107649,67995,58261,0.8526248257508554,0.351160267614972
5770,0.6243,11,40,11,568835,107609,68006,58250,0.8523080091243188,0.3512019245262542
5771,0.6244,3,4,3,568839,107605,68009,58247,0.8522763274616652,0.351198659045414
5772,0.6245,6,21,6,568860,107584,68015,58241,0.8521099987327335,0.3512196592793608
5773,0.6246,2,10,2,568870,107574,68017,58239,0.8520307945760993,0.35123301550541874
5774,0.6247,12,30,12,568900,107544,68029,58227,0.8517931821061969,0.35124961543333877
5775,0.6248,3,22,3,568922,107522,68032,58224,0.8516189329616018,0.35128449555343716
5776,0.6249,1,3,1,568925,107519,68033,58223,0.8515951717146116,0.3512869399428027
5777,0.625,237,687,237,569612,106832,68270,57986,0.8461538461538461,0.3518183693528619
5778,0.6251,1,5,1,569617,106827,68271,57985,0.846114244075529,0.35182510982210036
5779,0.6252,3,18,3,569635,106809,68274,57982,0.8459716765935876,0.35185173947606363
5780,0.6253,1,27,1,569662,106782,68275,57981,0.8457578253706755,0.3519054642122321
5781,0.6254,0,3,0,569665,106779,68275,57981,0.8457340641236852,0.351911871813547
5782,0.6255,3,20,3,569685,106759,68278,57978,0.8455756558104169,0.351942793665054
5783,0.6256,2,12,2,569697,106747,68280,57976,0.845480610822456,0.3519605640985169
5784,0.6257,5,31,5,569728,106716,68285,57971,0.8452350779368901,0.35200714081864387
5785,0.6258,22,61,22,569789,106655,68307,57949,0.8447519325814219,0.352050982965177
5786,0.6259,2,0,2,569789,106655,68309,57947,0.8447519325814219,0.3520431100472655
5787,0.626,24,91,24,569880,106564,68333,57923,0.8440311747560512,0.3521433304759647
5788,0.6261,1,7,1,569887,106557,68334,57922,0.8439757318464073,0.3521543783704911
5789,0.6262,2,12,2,569899,106545,68336,57920,0.8438806868584463,0.3521721946918797
5790,0.6263,5,22,5,569921,106523,68341,57915,0.8437064377138512,0.35219961322808596
5791,0.6264,1,4,1,569925,106519,68342,57914,0.8436747560511976,0.3522042412411134
5792,0.6265,7,13,7,569938,106506,68349,57907,0.8435717906475731,0.3522045093757793
5793,0.6266,1,2,1,569940,106504,68350,57906,0.8435559498162464,0.3522048537193601
5794,0.6267,133,407,133,570347,106097,68483,57773,0.8403323406412369,0.35255385366449016
5795,0.6268,7,23,7,570370,106074,68490,57766,0.8401501710809783,0.35257568359375
5796,0.6269,2,8,2,570378,106066,68492,57764,0.840086807755671,0.3525849966428615
5797,0.627,8,29,8,570407,106037,68500,57756,0.8398571157014321,0.3526158016520853
5798,0.6271,2,15,2,570422,106022,68502,57754,0.8397383094664808,0.3526401914810473
5799,0.6272,2,14,2,570436,106008,68504,57752,0.839627423647193,0.35266243282852955
5800,0.6273,9,31,9,570467,105977,68513,57743,0.8393818907616272,0.35269362325922304
5801,0.6274,2,5,2,570472,105972,68515,57741,0.8393422886833101,0.352696487145187
5802,0.6275,68,205,68,570677,105767,68583,57673,0.8377186034723102,0.352869554576603
5803,0.6276,2,14,2,570691,105753,68585,57671,0.8376077176530224,0.35289186410808693
5804,0.6277,5,36,5,570727,105717,68590,57666,0.8373225826891395,0.35294981730045355
5805,0.6278,3,17,3,570744,105700,68593,57663,0.8371879356228615,0.3529746637855573
5806,0.6279,4,6,4,570750,105694,68597,57659,0.837140413128881,0.3529717850299658
5807,0.628,16,51,16,570801,105643,68613,57643,0.8367364719300469,0.3530186298886616
5808,0.6281,5,9,5,570810,105634,68618,57638,0.8366651881890762,0.3530182762506737
5809,0.6282,9,18,9,570828,105616,68627,57629,0.8365226207071347,0.3530215320530491
5810,0.6283,78,194,78,571022,105422,68705,57551,0.8349860600684323,0.3531321139084388
5811,0.6284,2,4,2,571026,105418,68707,57549,0.8349543784057787,0.3531328428454841
5812,0.6285,10,32,10,571058,105386,68717,57539,0.8347009251045495,0.35316249808193956
5813,0.6286,4,16,4,571074,105370,68721,57535,0.8345741984539349,0.35318130198581993
5814,0.6287,7,28,7,571102,105342,68728,57528,0.8343524268153593,0.3532142199300055
5815,0.6288,3,19,3,571121,105323,68731,57525,0.8342019389177544,0.35324351542542737
5816,0.6289,4,12,4,571133,105311,68735,57521,0.8341068939297934,0.3532536602142085
5817,0.629,11,37,11,571170,105274,68746,57510,0.8338138385502472,0.3532902496559858
5818,0.6291,0,9,0,571179,105265,68746,57510,0.8337425548092764,0.35330978344340347
5819,0.6292,21,85,21,571264,105180,68767,57489,0.8330693194778862,0.3534109141877063
5820,0.6293,15,42,15,571306,105138,68782,57474,0.8327366620200228,0.3534425503652867
5821,0.6294,4,9,4,571315,105129,68786,57470,0.8326653782790521,0.3534462081562617
5822,0.6295,3,19,3,571334,105110,68789,57467,0.8325148903814472,0.3534755838771782
5823,0.6296,2,14,2,571348,105096,68791,57465,0.8324040045621595,0.3534980714931626
5824,0.6297,2,19,2,571367,105077,68793,57463,0.8322535166645546,0.3535314384151593
5825,0.6298,3,13,3,571380,105064,68796,57460,0.8321505512609302,0.35354778371194406
5826,0.6299,2,3,2,571383,105061,68798,57458,0.83212679001394,0.3535463545800799
5827,0.63,839,2580,839,573963,102481,69637,56619,0.8116921176023317,0.3558705216844752
5828,0.6301,2,6,2,573969,102475,69639,56617,0.8116445951083513,0.35587584542277423
5829,0.6302,5,16,5,573985,102459,69644,56612,0.8115178684577367,0.35589139440878603
5830,0.6303,4,19,4,574004,102440,69648,56608,0.8113673805601318,0.35591771037674164
5831,0.6304,2,7,2,574011,102433,69650,56606,0.8113119376504879,0.3559252761901169
5832,0.6305,11,17,11,574028,102416,69661,56595,0.8111772905842098,0.35591877291508134
5833,0.6306,2,2,2,574030,102414,69663,56593,0.8111614497528831,0.3559151483896935
5834,0.6307,10,36,10,574066,102378,69673,56583,0.8108763147890001,0.3559552343027535
5835,0.6308,20,75,20,574141,102303,69693,56563,0.810282283614244,0.3560421990860222
5836,0.6309,0,6,0,574147,102297,69693,56563,0.8102347611202636,0.3560556464811784
5837,0.631,18,43,18,574190,102254,69711,56545,0.8098941832467368,0.3560790685079881
5838,0.6311,5,11,5,574201,102243,69716,56540,0.8098070586744393,0.3560834598162272
5839,0.6312,9,18,9,574219,102225,69725,56531,0.8096644911924978,0.35608732898284157
5840,0.6313,8,37,8,574256,102188,69733,56523,0.8093714358129515,0.35613788584282124
5841,0.6314,4,9,4,574265,102179,69737,56519,0.8093001520719807,0.3561418543396892
5842,0.6315,3,29,3,574294,102150,69740,56516,0.8090704600177417,0.35619477392762156
5843,0.6316,0,8,0,574302,102142,69740,56516,0.8090070966924344,0.3562127343090169
5844,0.6317,67,215,67,574517,101927,69807,56449,0.8073042073248005,0.3564239531242107
5845,0.6318,6,17,6,574534,101910,69813,56443,0.8071695602585224,0.3564378319324547
5846,0.6319,3,6,3,574540,101904,69816,56440,0.8071220377645418,0.35643914515232655
5847,0.632,15,53,15,574593,101851,69831,56425,0.8067022557343809,0.3564975106775506
5848,0.6321,3,10,3,574603,101841,69834,56422,0.8066230515777468,0.35650783821866133
5849,0.6322,3,21,3,574624,101820,69837,56419,0.8064567228488151,0.3565429508528239
5850,0.6323,13,20,13,574644,101800,69850,56406,0.8062983145355468,0.3565351503735636
5851,0.6324,1,3,1,574647,101797,69851,56405,0.8062745532885566,0.35653784402219946
5852,0.6325,61,207,61,574854,101590,69912,56344,0.8046350272462299,0.35675661985386303
5853,0.6326,1,11,1,574865,101579,69913,56343,0.8045479026739323,0.35677739643621537
5854,0.6327,9,26,9,574891,101553,69922,56334,0.8043419718666835,0.3567994831746756
5855,0.6328,0,11,0,574902,101542,69922,56334,0.804254847294386,0.35682434315538775
5856,0.6329,8,12,8,574914,101530,69930,56326,0.804159802306425,0.35681887289681735
5857,0.633,8,35,8,574949,101495,69938,56318,0.8038825877582055,0.35686540399079925
5858,0.6331,1,12,1,574961,101483,69939,56317,0.8037875427702446,0.3568884664131812
5859,0.6332,4,26,4,574987,101457,69943,56313,0.8035816119629958,0.3569309754706218
5860,0.6333,110,367,110,575354,101090,70053,56203,0.8006748194145229,0.35731405720534287
5861,0.6334,0,10,0,575364,101080,70053,56203,0.8005956152578887,0.35733677511237705
5862,0.6335,9,24,9,575388,101056,70062,56194,0.8004055252819668,0.3573545310015898
5863,0.6336,2,11,2,575399,101045,70064,56192,0.8003184007096692,0.3573713566145373
5864,0.6337,4,20,4,575419,101025,70068,56188,0.800159992396401,0.35740046942682857
5865,0.6338,6,22,6,575441,101003,70074,56182,0.7999857432518058,0.3574259630371855
5866,0.6339,0,2,0,575443,101001,70074,56182,0.799969902420479,0.3574305109331162
5867,0.634,22,105,22,575548,100896,70096,56160,0.7991382587758206,0.3575794621026895
5868,0.6341,0,4,0,575552,100892,70096,56160,0.7991065771131669,0.35758856939102973
5869,0.6342,20,74,20,575626,100818,70116,56140,0.7985204663540743,0.35767530167305905
5870,0.6343,8,45,8,575671,100773,70124,56132,0.7981640476492207,0.3577451324049584
5871,0.6344,0,2,0,575673,100771,70124,56132,0.7981482068178938,0.35774969248516597
5872,0.6345,2,17,2,575690,100754,70126,56130,0.7980135597516158,0.3577802707733102
5873,0.6346,2,13,2,575703,100741,70128,56128,0.7979105943479914,0.35780173265591037
5874,0.6347,7,25,7,575728,100716,70135,56121,0.797712583956406,0.357830103865797
5875,0.6348,6,20,6,575748,100696,70141,56115,0.7975541756431378,0.3578511711550848
5876,0.6349,0,2,0,575750,100694,70141,56115,0.7975383348118109,0.3578557353213145
5877,0.635,230,713,230,576463,99981,70371,55885,0.7918910784437967,0.35854516058665775
5878,0.6351,0,12,0,576475,99969,70371,55885,0.7917960334558357,0.3585727668202292
5879,0.6352,4,31,4,576506,99938,70375,55881,0.7915505005702699,0.35862763847797763
5880,0.6353,7,21,7,576527,99917,70382,55874,0.7913841718413382,0.35864716190280566
5881,0.6354,1,8,1,576535,99909,70383,55873,0.7913208085160309,0.35866146281341876
5882,0.6355,6,26,6,576561,99883,70389,55867,0.7911148777087822,0.35869662921348316
5883,0.6356,3,5,3,576566,99878,70392,55864,0.7910752756304651,0.35869579175816413
5884,0.6357,9,30,9,576596,99848,70401,55855,0.7908376631605627,0.3587278344026769
5885,0.6358,21,77,21,576673,99771,70422,55834,0.7902277911544798,0.358818804023007
5886,0.6359,0,4,0,576677,99767,70422,55834,0.7901961094918262,0.3588280280975058
5887,0.636,31,75,31,576752,99692,70453,55803,0.7896020783170701,0.3588732756680279
5888,0.6361,0,6,0,576758,99686,70453,55803,0.7895545558230896,0.35888712384798926
5889,0.6362,4,28,4,576786,99658,70457,55799,0.789332784184514,0.3589352682735419
5890,0.6363,6,23,6,576809,99635,70463,55793,0.7891506146242555,0.3589636358957202
5891,0.6364,2,7,2,576816,99628,70465,55791,0.7890951717146116,0.35897155431446603
5892,0.6365,5,31,5,576847,99597,70470,55786,0.7888496388290458,0.35902254429377733
5893,0.6366,2,2,2,576849,99595,70472,55784,0.7888337979977189,0.35901891503999894
5894,0.6367,133,372,133,577221,99223,70605,55651,0.7858874033709289,0.35933081085269314
5895,0.6368,7,21,7,577242,99202,70612,55644,0.7857210746419973,0.35935058057683117
5896,0.6369,1,6,1,577248,99196,70613,55643,0.7856735521480167,0.3593603678659769
5897,0.637,9,28,9,577276,99168,70622,55634,0.7854517805094411,0.3593881216004961
5898,0.6371,4,20,4,577296,99148,70626,55630,0.7852933721961729,0.3594180051428498
5899,0.6372,3,22,3,577318,99126,70629,55627,0.7851191230515777,0.35945668258450564
5900,0.6373,10,35,10,577353,99091,70639,55617,0.7848419085033582,0.35949660004653927
5901,0.6374,2,6,2,577359,99085,70641,55615,0.7847943860093778,0.3595022624434389
5902,0.6375,57,190,57,577549,98895,70698,55558,0.7832895070333291,0.3597081312761811
5903,0.6376,4,10,4,577559,98885,70702,55554,0.783210302876695,0.35971483886842054
5904,0.6377,7,28,7,577587,98857,70709,55547,0.7829885312381194,0.3597510427191005
5905,0.6378,4,13,4,577600,98844,70713,55543,0.782885565834495,0.35976474703180966
5906,0.6379,1,1,1,577601,98843,70714,55542,0.7828776454188315,0.3597629303364964
5907,0.638,16,63,16,577664,98780,70730,55526,0.7823786592320365,0.35984342799372676
5908,0.6381,1,5,1,577669,98775,70731,55525,0.7823390571537194,0.35985093972780297
5909,0.6382,4,23,4,577692,98752,70735,55521,0.7821568875934609,0.3598879907696097
5910,0.6383,60,176,60,577868,98576,70795,55461,0.7807628944367,0.36004985815096374
5911,0.6384,2,2,2,577870,98574,70797,55459,0.7807470536053732,0.3600462238611207
5912,0.6385,11,22,11,577892,98552,70808,55448,0.7805728044607781,0.36005194805194807
5913,0.6386,3,19,3,577911,98533,70811,55445,0.7804223165631733,0.36008390809076624
5914,0.6387,3,30,3,577941,98503,70814,55442,0.7801847040932708,0.36014160901620706
5915,0.6388,7,17,7,577958,98486,70821,55435,0.7800500570269928,0.3601522859129034
5916,0.6389,0,3,0,577961,98483,70821,55435,0.7800262957800025,0.3601593056042828
5917,0.639,19,43,19,578004,98440,70840,55416,0.7796857179064758,0.36018094841930115
5918,0.6391,0,4,0,578008,98436,70840,55416,0.7796540362438221,0.3601903127681148
5919,0.6392,23,78,23,578086,98358,70863,55393,0.7790362438220758,0.36027733152955105
5920,0.6393,8,23,8,578109,98335,70871,55385,0.7788540742618173,0.36029794431433776
5921,0.6394,2,0,2,578109,98335,70873,55383,0.7788540742618173,0.360289621254505
5922,0.6395,7,25,7,578134,98310,70880,55376,0.7786560638702319,0.3603190921749541
5923,0.6396,3,4,3,578138,98306,70883,55373,0.7786243822075782,0.3603159833158727
5924,0.6397,5,30,5,578168,98276,70888,55368,0.7783867697376758,0.36036552029366586
5925,0.6398,3,15,3,578183,98261,70891,55365,0.7782679635027246,0.36038821553643263
5926,0.6399,1,5,1,578188,98256,70892,55364,0.7782283614244075,0.36039578179924486
5927,0.64,886,2341,886,580529,95915,71778,54478,0.7596866683563553,0.3622376041438099
5928,0.6401,1,8,1,580537,95907,71779,54477,0.759623305031048,0.3622526332588573
5929,0.6402,9,20,9,580557,95887,71788,54468,0.7594648967177797,0.36226264507332645
5930,0.6403,9,15,9,580572,95872,71797,54459,0.7593460904828285,0.3622606115837718
5931,0.6404,2,2,2,580574,95870,71799,54457,0.7593302496515018,0.36225694652324597
5932,0.6405,3,20,3,580594,95850,71802,54454,0.7591718413382335,0.36229242069406004
5933,0.6406,2,6,2,580600,95844,71804,54452,0.7591243188442529,0.3622983978282855
5934,0.6407,7,51,7,580651,95793,71811,54445,0.7587203776454189,0.3623916718806161
5935,0.6408,22,75,22,580726,95718,71833,54423,0.7581263464706628,0.3624792694866825
5936,0.6409,0,4,0,580730,95714,71833,54423,0.7580946648080091,0.3624889267802074
5937,0.641,14,39,14,580769,95675,71847,54409,0.757785768597136,0.36252365342075105
5938,0.6411,1,6,1,580775,95669,71848,54408,0.7577382461031555,0.3625338992650439
5939,0.6412,4,15,4,580790,95654,71852,54404,0.7576194398682042,0.3625531461168348
5940,0.6413,6,24,6,580814,95630,71858,54398,0.7574293498922824,0.36258565067854
5941,0.6414,4,9,4,580823,95621,71862,54394,0.7573580661513116,0.36259040762590405
5942,0.6415,9,23,9,580846,95598,71871,54385,0.7571758965910531,0.3626077622130508
5943,0.6416,0,8,0,580854,95590,71871,54385,0.7571125332657458,0.3626271045174196
5944,0.6417,51,177,51,581031,95413,71922,54334,0.7557106196933215,0.3628386545306417
5945,0.6418,4,22,4,581053,95391,71926,54330,0.7555363705487264,0.362874947402168
5946,0.6419,2,6,2,581059,95385,71928,54328,0.7554888480547459,0.3628809789397046
5947,0.642,13,53,13,581112,95332,71941,54315,0.755069066024585,0.36295415210461957
5948,0.6421,3,13,3,581125,95319,71944,54312,0.7549661006209606,0.36297291336688253
5949,0.6422,4,20,4,581145,95299,71948,54308,0.7548076923076923,0.36300440487410346
5950,0.6423,7,41,7,581186,95258,71955,54301,0.7544829552654924,0.36307410453399663
5951,0.6424,1,3,1,581189,95255,71956,54300,0.7544591940185021,0.36307712881548593
5952,0.6425,65,180,65,581369,95075,72021,54235,0.7530335191990876,0.36323755944009106
5953,0.6426,3,5,3,581374,95070,72024,54232,0.7529939171207705,0.36323692917710415
5954,0.6427,4,35,4,581409,95035,72028,54228,0.752716702572551,0.3633050387570932
5955,0.6428,1,23,1,581432,95012,72029,54227,0.7525345330122925,0.36335676331253897
5956,0.6429,4,13,4,581445,94999,72033,54223,0.7524315676086681,0.3633713527495946
5957,0.643,12,35,12,581480,94964,72045,54211,0.7521543530604486,0.3634053963465728
5958,0.6431,0,11,0,581491,94953,72045,54211,0.7520672284881511,0.36343219543589605
5959,0.6432,9,21,9,581512,94932,72054,54202,0.7519008997592194,0.3634449555433369
5960,0.6433,122,360,122,581872,94572,72176,54080,0.7490495501203903,0.3638027069935151
5961,0.6434,2,11,2,581883,94561,72178,54078,0.7489624255480928,0.36382106984035145
5962,0.6435,7,41,7,581924,94520,72185,54071,0.7486376885058927,0.3638914873713751
5963,0.6436,3,5,3,581929,94515,72188,54068,0.7485980864275757,0.3638908892672782
5964,0.6437,6,23,6,581952,94492,72194,54062,0.7484159168673172,0.3639215369495268
5965,0.6438,11,20,11,581972,94472,72205,54051,0.7482575085540489,0.363923432734324
5966,0.6439,1,9,1,581981,94463,72206,54050,0.7481862248130782,0.36394120380034073
5967,0.644,21,79,21,582060,94384,72227,54029,0.7475605119756685,0.36404492867875454
5968,0.6441,1,3,1,582063,94381,72228,54028,0.7475367507286782,0.364048002479634
5969,0.6442,23,77,23,582140,94304,72251,54005,0.7469268787225953,0.3641383867465899
5970,0.6443,13,37,13,582177,94267,72264,53992,0.7466338233430491,0.3641735071732576
5971,0.6444,0,13,0,582190,94254,72264,53992,0.7465308579394246,0.3642054423053573
5972,0.6445,8,18,8,582208,94236,72272,53984,0.7463882904574832,0.364215355552557
5973,0.6446,0,3,0,582211,94233,72272,53984,0.746364529210493,0.36422272748740026
5974,0.6447,11,29,11,582240,94204,72283,53973,0.746134837156254,0.3642468129331813
5975,0.6448,3,19,3,582259,94185,72286,53970,0.7459843492586491,0.3642806520198441
5976,0.6449,0,4,0,582263,94181,72286,53970,0.7459526675959954,0.36429048740811737
5977,0.645,235,712,235,582975,93469,72521,53735,0.7403133316436447,0.3650376348468792
5978,0.6451,2,6,2,582981,93463,72523,53733,0.7402658091496642,0.3650438870621484
5979,0.6452,6,19,6,583000,93444,72529,53727,0.7401153212520593,0.3650651283201174
5980,0.6453,3,18,3,583018,93426,72532,53724,0.7399727537701178,0.36509683995922526
5981,0.6454,4,8,4,583026,93418,72536,53720,0.7399093904448105,0.3650994304666368
5982,0.6455,5,19,5,583045,93399,72541,53715,0.7397589025472057,0.3651250050980872
5983,0.6456,1,5,1,583050,93394,72542,53714,0.7397193004688886,0.36513309949153006
5984,0.6457,16,34,16,583084,93360,72558,53698,0.7394500063363325,0.36514844483129105
5985,0.6458,18,69,18,583153,93291,72576,53680,0.738903497655557,0.3652421225956141
5986,0.6459,3,4,3,583157,93287,72579,53677,0.7388718159929033,0.3652391061756621
5987,0.646,21,102,21,583259,93185,72600,53656,0.738063933595235,0.36540203349200834
5988,0.6461,6,20,6,583279,93165,72606,53650,0.7379055252819668,0.3654258761025781
5989,0.6462,7,15,7,583294,93150,72613,53643,0.7377867190470155,0.3654329566123725
5990,0.6463,6,13,6,583307,93137,72619,53637,0.7376837536433912,0.3654393829969886
5991,0.6464,1,2,1,583309,93135,72620,53636,0.7376679128120643,0.36544003924480994
5992,0.6465,11,23,11,583332,93112,72631,53625,0.7374857432518058,0.3654497502334108
5993,0.6466,0,3,0,583335,93109,72631,53625,0.7374619820048156,0.36545722191175867
5994,0.6467,128,352,128,583687,92757,72759,53497,0.7346739956912939,0.36578144871251383
5995,0.6468,9,17,9,583704,92740,72768,53488,0.7345393486250158,0.3657849385890527
5996,0.6469,1,7,1,583711,92733,72769,53487,0.7344839057153719,0.36579811243331967
5997,0.647,12,41,12,583752,92692,72781,53475,0.734159168673172,0.36584865256863724
5998,0.6471,5,16,5,583768,92676,72786,53470,0.7340324420225574,0.36586700970262614
5999,0.6472,2,13,2,583781,92663,72788,53468,0.7339294766189329,0.3658908787320965
6000,0.6473,4,37,4,583818,92626,72792,53464,0.7336364212393867,0.36596618522828395
6001,0.6474,1,3,1,583821,92623,72793,53463,0.7336126599923964,0.36596936051367
6002,0.6475,75,168,75,583989,92455,72868,53388,0.7322820301609428,0.3660648779852307
6003,0.6476,3,6,3,583995,92449,72871,53385,0.7322345076669624,0.36606689797989495
6004,0.6477,10,30,10,584025,92419,72881,53375,0.7319968951970599,0.3660987420607158
6005,0.6478,2,14,2,584039,92405,72883,53373,0.7318860093777722,0.3661252040774328
6006,0.6479,1,11,1,584050,92394,72884,53372,0.7317988848054746,0.36614848455744137
6007,0.648,18,53,18,584103,92341,72902,53354,0.7313791027753136,0.3662033700538797
6008,0.6481,1,3,1,584106,92338,72903,53353,0.7313553415283234,0.366206560460152
6009,0.6482,6,17,6,584123,92321,72909,53347,0.7312206944620454,0.3662231924650575
6010,0.6483,48,209,48,584332,92112,72957,53299,0.7295653275883919,0.36654035801968216
6011,0.6484,0,2,0,584334,92110,72957,53299,0.729549486757065,0.3665453995282273
6012,0.6485,5,27,5,584361,92083,72962,53294,0.7293356355341528,0.36659168919430174
6013,0.6486,4,8,4,584369,92075,72966,53290,0.7292722722088455,0.3665944346988615
6014,0.6487,5,26,5,584395,92049,72971,53285,0.7290663414015968,0.366638226430154
6015,0.6488,6,11,6,584406,92038,72977,53279,0.7289792168292992,0.36663982878809775
6016,0.6489,1,8,1,584414,92030,72978,53278,0.7289158535039919,0.3666556555729898
6017,0.649,10,48,10,584462,91982,72988,53268,0.728535673552148,0.3667332185886403
6018,0.6491,0,8,0,584470,91974,72988,53268,0.7284723102268407,0.3667534184326848
6019,0.6492,29,72,29,584542,91902,73017,53239,0.7279020402990749,0.3668088272783018
6020,0.6493,9,21,9,584563,91881,73026,53230,0.7277357115701432,0.3668226392210101
6021,0.6494,2,4,2,584567,91877,73028,53228,0.7277040299074895,0.36682402398263325
6022,0.6495,6,15,6,584582,91862,73034,53222,0.7275852236725383,0.3668357641090679
6023,0.6496,3,14,3,584596,91848,73037,53219,0.7274743378532506,0.36685807247685553
6024,0.6497,5,25,5,584621,91823,73042,53214,0.7272763274616652,0.366899480822135
6025,0.6498,9,19,9,584640,91804,73051,53205,0.7271258395640603,0.3669082608665669
6026,0.6499,0,5,0,584645,91799,73051,53205,0.7270862374857433,0.366920912526551
6027,0.65,958,2416,958,587061,89383,74009,52247,0.707950513242935,0.36889783238014545
6028,0.6501,1,3,1,587064,89380,74010,52246,0.7079267519959448,0.3689011904593789
6029,0.6502,9,15,9,587079,89365,74019,52237,0.7078079457609935,0.36890015677744664
6030,0.6503,6,16,6,587095,89349,74025,52231,0.707681219110379,0.36891510100296654
6031,0.6504,5,6,5,587101,89343,74030,52226,0.7076336966163984,0.3689084474708446
6032,0.6505,4,10,4,587111,89333,74034,52222,0.7075544924597643,0.36891667549715657
6033,0.6506,4,8,4,587119,89325,74038,52218,0.707491129134457,0.36891969224899857
6034,0.6507,7,31,7,587150,89294,74045,52211,0.7072455962488912,0.3689692943712236
6035,0.6508,17,55,17,587205,89239,74062,52194,0.7068099733874034,0.3690369291466631
6036,0.6509,3,8,3,587213,89231,74065,52191,0.706746610062096,0.3690444202457892
6037,0.651,11,28,11,587241,89203,74076,52180,0.7065248384235204,0.3690684169949711
6038,0.6511,0,2,0,587243,89201,74076,52180,0.7065089975921937,0.3690736379004251
6039,0.6512,2,18,2,587261,89183,74078,52178,0.7063664301102522,0.369111706906431
6040,0.6513,6,31,6,587292,89152,74084,52172,0.7061208972246864,0.3691658883133792
6041,0.6514,0,12,0,587304,89140,74084,52172,0.7060258522367254,0.3691972373188406
6042,0.6515,7,20,7,587324,89120,74091,52165,0.7058674439234571,0.36921824680610116
6043,0.6516,4,5,4,587329,89115,74095,52161,0.70582784184514,0.3692134545145672
6044,0.6517,46,194,46,587523,88921,74141,52115,0.7042912812064377,0.3695155846734167
6045,0.6518,6,26,6,587549,88895,74147,52109,0.704085350399189,0.36955689200306374
6046,0.6519,0,11,0,587560,88884,74147,52109,0.7039982258268914,0.3695857241139631
6047,0.652,8,44,8,587604,88840,74155,52101,0.7036497275377012,0.369665320949901
6048,0.6521,0,16,0,587620,88824,74155,52101,0.7035230008870865,0.3697072911122938
6049,0.6522,4,15,4,587635,88809,74159,52097,0.7034041946521353,0.36972875534043975
6050,0.6523,4,27,4,587662,88782,74163,52093,0.7031903434292232,0.36978172138420584
6051,0.6524,2,6,2,587668,88776,74165,52091,0.7031428209352427,0.3697885239268246
6052,0.6525,60,167,60,587835,88609,74225,52031,0.7018201115194526,0.36995875995449373
6053,0.6526,4,9,4,587844,88600,74229,52027,0.7017488277784818,0.369964516060216
6054,0.6527,11,29,11,587873,88571,74240,52016,0.7015191357242428,0.3699915354904792
6055,0.6528,5,16,5,587889,88555,74245,52011,0.7013924090736282,0.3700112402714739
6056,0.6529,3,8,3,587897,88547,74248,52008,0.7013290457483209,0.37001885382946176
6057,0.653,9,26,9,587923,88521,74257,51999,0.7011231149410722,0.3700469684030743
6058,0.6531,0,4,0,587927,88517,74257,51999,0.7010914332784185,0.370057502348487
6059,0.6532,3,18,3,587945,88499,74260,51996,0.700948865796477,0.37009146232962026
6060,0.6533,104,350,104,588295,88149,74364,51892,0.6981767203142821,0.3705486250455224
6061,0.6534,1,8,1,588303,88141,74365,51891,0.6981133569889748,0.37056529936014626
6062,0.6535,9,32,9,588335,88109,74374,51882,0.6978599036877455,0.3706095391846619
6063,0.6536,1,9,1,588344,88100,74375,51881,0.6977886199467748,0.37062887106107256
6064,0.6537,7,24,7,588368,88076,74382,51874,0.6975985299708529,0.37066095033940694
6065,0.6538,9,35,9,588403,88041,74391,51865,0.6973213154226334,0.3707131931439681
6066,0.6539,2,4,2,588407,88037,74393,51863,0.6972896337599798,0.3707147962830593
6067,0.654,23,66,23,588473,87971,74416,51840,0.6967668863261944,0.37078627575798756
6068,0.6541,0,9,0,588482,87962,74416,51840,0.6966956025852237,0.37081014577759974
6069,0.6542,23,71,23,588553,87891,74439,51817,0.6961332530731212,0.37089500959143357
6070,0.6543,11,36,11,588589,87855,74450,51806,0.6958481181092384,0.3709410644345952
6071,0.6544,1,5,1,588594,87850,74451,51805,0.6958085160309213,0.37094984067881565
6072,0.6545,3,23,3,588617,87827,74454,51802,0.6956263464706628,0.370997428900873
6073,0.6546,1,10,1,588627,87817,74455,51801,0.6955471423140286,0.3710194960535175
6074,0.6547,3,28,3,588655,87789,74458,51798,0.6953253706754531,0.37108040147005095
6075,0.6548,5,13,5,588668,87776,74463,51793,0.6952224052718287,0.37109243456641516
6076,0.6549,3,10,3,588678,87766,74466,51790,0.6951432011151946,0.3711055060334203
6077,0.655,248,671,248,589349,87095,74714,51542,0.6898286022050437,0.3717766541399482
6078,0.6551,2,9,2,589358,87086,74716,51540,0.689757318464073,0.3717917273815879
6079,0.6552,1,14,1,589372,87072,74717,51539,0.6896464326447852,0.371824746953705
6080,0.6553,3,24,3,589396,87048,74720,51536,0.6894563426688632,0.3718755411880159
6081,0.6554,1,11,1,589407,87037,74721,51535,0.6893692180965657,0.37190052824524433
6082,0.6555,4,28,4,589435,87009,74725,51531,0.6891474464579901,0.371957557384149
6083,0.6556,1,3,1,589438,87006,74726,51530,0.6891236852109999,0.37196107870878325
6084,0.6557,9,33,9,589471,86973,74735,51521,0.6888623114941073,0.37200889569223217
6085,0.6558,14,57,14,589528,86916,74749,51507,0.6884108478012926,0.3720985674346026
6086,0.6559,0,8,0,589536,86908,74749,51507,0.6883474844759853,0.3721200736914352
6087,0.656,29,90,29,589626,86818,74778,51478,0.6876346470662781,0.3722305778909007
6088,0.6561,1,7,1,589633,86811,74779,51477,0.6875792041566341,0.3722448802499132
6089,0.6562,5,12,5,589645,86799,74784,51472,0.6874841591686732,0.3722544857562323
6090,0.6563,6,16,6,589661,86783,74790,51466,0.6873574325180586,0.37227032383597713
6091,0.6564,2,6,2,589667,86777,74792,51464,0.687309910024078,0.3722773996137181
6092,0.6565,3,16,3,589683,86761,74795,51461,0.6871831833734634,0.37230686866056056
6093,0.6566,1,1,1,589684,86760,74796,51460,0.6871752629578001,0.37230502098104473
6094,0.6567,149,319,149,590003,86441,74945,51311,0.684648650361171,0.37248823973517625
6095,0.6568,1,17,1,590020,86424,74946,51310,0.6845140032948929,0.37252965861733484
6096,0.6569,3,11,3,590031,86413,74949,51307,0.6844268787225953,0.37254574498983445
6097,0.657,9,35,9,590066,86378,74958,51298,0.6841496641743758,0.3725994363578256
6098,0.6571,2,14,2,590080,86364,74960,51296,0.6840387783550881,0.3726282144413773
6099,0.6572,3,15,3,590095,86349,74963,51293,0.6839199721201369,0.37265514886444545
6100,0.6573,6,16,6,590111,86333,74969,51287,0.6837932454695222,0.37267112338322916
6101,0.6574,1,5,1,590116,86328,74970,51286,0.6837536433912051,0.3726801052218524
6102,0.6575,60,167,60,590283,86161,75030,51226,0.682430933975415,0.372859149701209
6103,0.6576,0,6,0,590289,86155,75030,51226,0.6823834114814346,0.37287543401198125
6104,0.6577,10,24,10,590313,86131,75040,51216,0.6821933215055126,0.37289493035887206
6105,0.6578,6,17,6,590330,86114,75046,51210,0.6820586744392346,0.37291369316361306
6106,0.6579,3,4,3,590334,86110,75049,51207,0.682026992776581,0.3729108559027651
6107,0.658,24,45,24,590379,86065,75073,51183,0.6816705740717273,0.3729234670086267
6108,0.6581,4,11,4,590390,86054,75077,51179,0.6815834494994297,0.3729350812122449
6109,0.6582,5,22,5,590412,86032,75082,51174,0.6814092003548347,0.37297202746235586
6110,0.6583,51,183,51,590595,85849,75133,51123,0.6799597642884299,0.37323686592880295
6111,0.6584,1,3,1,590598,85846,75134,51122,0.6799360030414396,0.3732404649261141
6112,0.6585,7,23,7,590621,85823,75141,51115,0.6797538334811811,0.3732711153952884
6113,0.6586,1,7,1,590628,85816,75142,51114,0.6796983905715372,0.37328562038998025
6114,0.6587,2,14,2,590642,85802,75144,51112,0.6795875047522494,0.3733146354645982
6115,0.6588,6,12,6,590654,85790,75150,51106,0.6794924597642884,0.37331989247311825
6116,0.6589,1,10,1,590664,85780,75151,51105,0.6794132556076543,0.3733425868429704
6117,0.659,9,36,9,590700,85744,75160,51096,0.6791281206437714,0.37339959076293483
6118,0.6591,1,4,1,590704,85740,75161,51095,0.6790964389811177,0.3734059268462016
6119,0.6592,24,52,24,590756,85688,75185,51071,0.6786845773666202,0.37343794558310606
6120,0.6593,5,22,5,590778,85666,75190,51066,0.6785103282220251,0.3734751192113039
6121,0.6594,0,1,0,590779,85665,75190,51066,0.6785024078063617,0.3734778506702942
6122,0.6595,6,22,6,590801,85643,75196,51060,0.6783281586617665,0.3735104569760722
6123,0.6596,2,9,2,590810,85634,75198,51058,0.6782568749207959,0.37352588300705236
6124,0.6597,7,9,7,590819,85625,75205,51051,0.6781855911798251,0.3735183938657848
6125,0.6598,3,14,3,590833,85611,75208,51048,0.6780747053605373,0.3735429060654622
6126,0.6599,0,4,0,590837,85607,75208,51048,0.6780430236978837,0.37355383996194796
6127,0.66,863,2279,863,593116,83328,76071,50185,0.6599923964009631,0.37588100035202565
6128,0.6601,4,6,4,593122,83322,76075,50181,0.6599448739069826,0.37587919372598366
6129,0.6602,4,14,4,593136,83308,76079,50177,0.6598339880876949,0.3758999138479979
6130,0.6603,0,10,0,593146,83298,76079,50177,0.6597547839310607,0.37592807641880505
6131,0.6604,0,2,0,593148,83296,76079,50177,0.6597389430997339,0.3759337094393623
6132,0.6605,11,25,11,593173,83271,76090,50166,0.6595409327081485,0.3759526967782549
6133,0.6606,2,3,2,593176,83268,76092,50164,0.6595171714611583,0.3759517956712033
6134,0.6607,7,37,7,593213,83231,76099,50157,0.6592241160816119,0.37602333043452185
6135,0.6608,26,64,26,593277,83167,76125,50131,0.6587172094791535,0.3760821617728698
6136,0.6609,5,7,5,593284,83160,76130,50126,0.6586617665695096,0.37607850787029395
6137,0.661,9,36,9,593320,83124,76139,50117,0.6583766316056266,0.37613797554806705
6138,0.6611,2,3,2,593323,83121,76141,50115,0.6583528703586364,0.37613708006845
6139,0.6612,9,20,9,593343,83101,76150,50106,0.6581944620453681,0.3761514034547734
6140,0.6613,5,19,5,593362,83082,76155,50101,0.6580439741477633,0.3761816448045171
6141,0.6614,2,7,2,593369,83075,76157,50099,0.6579885312381194,0.37619204949915147
6142,0.6615,8,22,8,593391,83053,76165,50091,0.6578142820935242,0.37621672775340986
6143,0.6616,1,1,1,593392,83052,76166,50090,0.6578063616778609,0.37621486833606227
6144,0.6617,58,191,58,593583,82861,76224,50032,0.6562935622861488,0.37648333621785945
6145,0.6618,1,12,1,593595,82849,76225,50031,0.6561985172981878,0.37651264298615295
6146,0.6619,0,8,0,593603,82841,76225,50031,0.6561351539728805,0.3765353121801433
6147,0.662,21,47,21,593650,82794,76246,50010,0.6557628944367,0.3765699828318424
6148,0.6621,5,10,5,593660,82784,76251,50005,0.6556836902800659,0.37657486689409514
6149,0.6622,2,17,2,593677,82767,76253,50003,0.6555490432137878,0.37661369285230095
6150,0.6623,5,26,5,593703,82741,76258,49998,0.6553431124065391,0.3766639796894658
6151,0.6624,2,12,2,593715,82729,76260,49996,0.6552480674185781,0.37668864192880014
6152,0.6625,77,153,77,593868,82576,76337,49919,0.6540362438220758,0.37676138722215935
6153,0.6626,0,4,0,593872,82572,76337,49919,0.6540045621594222,0.3767727619234514
6154,0.6627,4,32,4,593904,82540,76341,49915,0.6537511088581929,0.3768449662149409
6155,0.6628,6,11,6,593915,82529,76347,49909,0.6536639842858953,0.3768480345520168
6156,0.6629,4,14,4,593929,82515,76351,49905,0.6535530984666075,0.37686905301314
6157,0.663,5,28,5,593957,82487,76356,49900,0.653331326828032,0.3769252267971931
6158,0.6631,1,3,1,593960,82484,76357,49899,0.6533075655810416,0.3769290618886111
6159,0.6632,4,25,4,593985,82459,76361,49895,0.6531095551894563,0.3769814285930157
6160,0.6633,136,322,136,594307,82137,76497,49759,0.650559181345837,0.3772593558561291
6161,0.6634,0,5,0,594312,82132,76497,49759,0.6505195792675199,0.3772736577931777
6162,0.6635,6,22,6,594334,82110,76503,49753,0.6503453301229248,0.37730826691338737
6163,0.6636,1,5,1,594339,82105,76504,49752,0.6503057280446077,0.3773178519153325
6164,0.6637,11,19,11,594358,82086,76515,49741,0.6501552401470029,0.3773202758160316
6165,0.6638,2,17,2,594375,82069,76517,49739,0.6500205930807249,0.3773594925952901
6166,0.6639,3,3,3,594378,82066,76520,49736,0.6499968318337347,0.3773539096523573
6167,0.664,19,66,19,594444,82000,76539,49717,0.6494740843999494,0.3774531761276069
6168,0.6641,1,9,1,594453,81991,76540,49716,0.6494028006589786,0.3774742420676198
6169,0.6642,27,69,27,594522,81922,76567,49689,0.648856291978203,0.37754443017680894
6170,0.6643,8,23,8,594545,81899,76575,49681,0.6486741224179445,0.3775725794193646
6171,0.6644,1,4,1,594549,81895,76576,49680,0.6486424407552909,0.3775793273798214
6172,0.6645,4,16,4,594565,81879,76580,49676,0.6485157141046762,0.37760632435103186
6173,0.6646,0,5,0,594570,81874,76580,49676,0.6484761120263591,0.37762067654884074
6174,0.6647,3,19,3,594589,81855,76583,49673,0.6483256241287543,0.3776610303509519
6175,0.6648,5,12,5,594601,81843,76588,49668,0.6482305791407933,0.37767182973287405
6176,0.6649,0,6,0,594607,81837,76588,49668,0.6481830566468129,0.37768906125242385
6177,0.665,208,595,208,595202,81242,76796,49460,0.6434704093270814,0.378418080825083
6178,0.6651,2,3,2,595205,81239,76798,49458,0.6434466480800912,0.3784172551780072
6179,0.6652,5,16,5,595221,81223,76803,49453,0.6433199214294766,0.3784398053200282
6180,0.6653,4,20,4,595241,81203,76807,49449,0.6431615131162083,0.37847870679361967
6181,0.6654,2,7,2,595248,81196,76809,49447,0.6431060702065644,0.3784894713073031
6182,0.6655,5,22,5,595270,81174,76814,49442,0.6429318210619693,0.37852942977889387
6183,0.6656,2,3,2,595273,81171,76816,49440,0.6429080598149791,0.37852860785079356
6184,0.6657,9,29,9,595302,81142,76825,49431,0.64267836776074,0.3785698421572607
6185,0.6658,19,72,19,595374,81070,76844,49412,0.6421080978329743,0.3786882481874895
6186,0.6659,2,5,2,595379,81065,76846,49410,0.6420684957546572,0.37869323625215556
6187,0.666,31,74,31,595453,80991,76877,49379,0.6414823849955645,0.37876045102400857
6188,0.6661,2,5,2,595458,80986,76879,49377,0.6414427829172475,0.3787654472511372
6189,0.6662,1,19,1,595477,80967,76880,49376,0.6412922950196426,0.3788158934503579
6190,0.6663,7,28,7,595505,80939,76887,49369,0.6410705233810671,0.3788639223992387
6191,0.6664,2,3,2,595508,80936,76889,49367,0.6410467621340767,0.37886311136351425
6192,0.6665,6,18,6,595526,80918,76895,49361,0.6409041946521353,0.3788868505284812
6193,0.6666,1,3,1,595529,80915,76896,49360,0.6408804334051451,0.37889080790635193
6194,0.6667,111,298,111,595827,80617,77007,49249,0.6385201495374477,0.3792293594936319
6195,0.6668,1,12,1,595839,80605,77008,49248,0.6384251045494868,0.37925962434445104
6196,0.6669,0,4,0,595843,80601,77008,49248,0.6383934228868331,0.3792713074417208
6197,0.667,13,38,13,595881,80563,77021,49235,0.6380924470916234,0.3793201744248756
6198,0.6671,4,4,4,595885,80559,77025,49231,0.6380607654289697,0.3793127359580861
6199,0.6672,5,7,5,595892,80552,77030,49226,0.6380053225193258,0.3793092820046541
6200,0.6673,8,41,8,595933,80511,77038,49218,0.6376805854771258,0.3793908840737229
6201,0.6674,2,6,2,595939,80505,77040,49216,0.6376330629831454,0.37939886371520415
6202,0.6675,52,173,52,596112,80332,77092,49164,0.6362628310733748,0.37965651448693394
6203,0.6676,1,4,1,596116,80328,77093,49163,0.6362311494107211,0.3796634515140048
6204,0.6677,9,12,9,596128,80316,77102,49154,0.6361361044227601,0.3796555186529698
6205,0.6678,4,13,4,596141,80303,77106,49150,0.6360331390191357,0.3796744764509127
6206,0.6679,3,13,3,596154,80290,77109,49147,0.6359301736155113,0.3796982315721162
6207,0.668,16,62,16,596216,80228,77125,49131,0.6354391078443796,0.37980349260584884
6208,0.6681,1,2,1,596218,80226,77126,49130,0.6354232670130529,0.37980457033303444
6209,0.6682,0,15,0,596233,80211,77126,49130,0.6353044607781017,0.3798486172211441
6210,0.6683,52,159,52,596392,80052,77178,49078,0.6340451146876188,0.3800665995508402
6211,0.6684,0,3,0,596395,80049,77178,49078,0.6340213534406286,0.3800754296158046
6212,0.6685,4,17,4,596412,80032,77182,49074,0.6338867063743505,0.3801062692671138
6213,0.6686,4,8,4,596420,80024,77186,49070,0.6338233430490432,0.38011061706973215
6214,0.6687,7,17,7,596437,80007,77193,49063,0.6336886959827652,0.380127062834121
6215,0.6688,4,11,4,596448,79996,77197,49059,0.6336015714104676,0.380140250280888
6216,0.6689,0,11,0,596459,79985,77197,49059,0.63351444683817,0.38017265428845975
6217,0.669,14,35,14,596494,79950,77211,49045,0.6332372322899505,0.3802085352145432
6218,0.6691,0,4,0,596498,79946,77211,49045,0.6332055506272969,0.3802203254490623
6219,0.6692,23,57,23,596555,79889,77234,49022,0.6327540869344823,0.38027786612469067
6220,0.6693,11,35,11,596590,79854,77245,49011,0.6324768723862628,0.38032825049470376
6221,0.6694,1,5,1,596595,79849,77246,49010,0.6324372703079457,0.3803381991168642
6222,0.6695,5,18,5,596613,79831,77251,49005,0.6322947028260043,0.3803672886460306
6223,0.6696,0,6,0,596619,79825,77251,49005,0.6322471803320239,0.3803850034929752
6224,0.6697,13,26,13,596645,79799,77264,48992,0.632041249524775,0.38039925150049303
6225,0.6698,2,17,2,596662,79782,77266,48990,0.6319066024584971,0.3804398471717454
6226,0.6699,0,4,0,596666,79778,77266,48990,0.6318749207958434,0.3804516650099404
6227,0.67,906,2260,906,598926,77518,78172,48084,0.6139747813965277,0.3828282989124377
6228,0.6701,0,3,0,598929,77515,78172,48084,0.6139510201495374,0.3828374429732721
6229,0.6702,5,23,5,598952,77492,78177,48079,0.6137688505892789,0.3828829904993987
6230,0.6703,5,13,5,598965,77479,78182,48074,0.6136658851856546,0.3828980589870413
6231,0.6704,0,8,0,598973,77471,78182,48074,0.6136025218603472,0.38292245808275915
6232,0.6705,9,23,9,598996,77448,78191,48065,0.6134203523000887,0.3829483798490993
6233,0.6706,2,2,2,598998,77446,78193,48063,0.6134045114687618,0.3829446493876933
6234,0.6707,13,36,13,599034,77410,78206,48050,0.613119376504879,0.3829905946118285
6235,0.6708,17,46,17,599080,77364,78223,48033,0.6127550373843619,0.3830474413263475
6236,0.6709,0,7,0,599087,77357,78223,48033,0.612699594474718,0.38306882526517266
6237,0.671,20,40,20,599127,77317,78243,48013,0.6123827778481815,0.383092635442432
6238,0.6711,2,2,2,599129,77315,78245,48011,0.6123669370168546,0.38308890413800806
6239,0.6712,6,13,6,599142,77302,78251,48005,0.6122639716132303,0.3830991085893047
6240,0.6713,5,19,5,599161,77283,78256,48000,0.6121134837156254,0.3831325878211729
6241,0.6714,3,11,3,599172,77272,78259,47997,0.6120263591433278,0.38315145806225004
6242,0.6715,6,31,6,599203,77241,78265,47991,0.611780826257762,0.38321674971253356
6243,0.6716,0,6,0,599209,77235,78265,47991,0.6117333037637815,0.3832351109194576
6244,0.6717,60,172,60,599381,77063,78325,47931,0.6103709922696743,0.3834664063875066
6245,0.6718,4,15,4,599396,77048,78329,47927,0.6102521860347231,0.38349269853970797
6246,0.6719,3,2,3,599398,77046,78332,47924,0.6102363452033963,0.3834840361686805
6247,0.672,11,38,11,599436,77008,78343,47913,0.6099353694081865,0.3835464013256378
6248,0.6721,3,12,3,599448,76996,78346,47910,0.6098403244202256,0.38356844346948904
6249,0.6722,2,9,2,599457,76987,78348,47908,0.6097690406792549,0.3835862124184315
6250,0.6723,6,22,6,599479,76965,78354,47902,0.6095947915346598,0.3836241761233953
6251,0.6724,2,3,2,599482,76962,78356,47900,0.6095710302876695,0.3836235203664846
6252,0.6725,64,142,64,599624,76820,78420,47836,0.6084463312634647,0.38374406366320113
6253,0.6726,2,1,2,599625,76819,78422,47834,0.6084384108478013,0.38373725461882185
6254,0.6727,9,28,9,599653,76791,78431,47825,0.6082166392092258,0.3837789689927457
6255,0.6728,1,15,1,599668,76776,78432,47824,0.6080978329742744,0.3838202247191011
6256,0.6729,9,13,9,599681,76763,78441,47815,0.6079948675706501,0.3838157620125544
6257,0.673,8,27,8,599708,76736,78449,47807,0.607781016347738,0.3838593899295826
6258,0.6731,1,9,1,599717,76727,78450,47806,0.6077097326067672,0.38388218383882183
6259,0.6732,1,13,1,599730,76714,78451,47805,0.6076067672031428,0.3839173138235932
6260,0.6733,114,302,114,600032,76412,78565,47691,0.6052148016727917,0.3842856337074849
6261,0.6734,1,4,1,600036,76408,78566,47690,0.6051831200101382,0.38429305871166336
6262,0.6735,5,15,5,600051,76393,78571,47685,0.6050643137751869,0.38431470526604233
6263,0.6736,0,2,0,600053,76391,78571,47685,0.6050484729438601,0.38432090009349107
6264,0.6737,6,15,6,600068,76376,78577,47679,0.6049296667089089,0.3843375921970094
6265,0.6738,3,25,3,600093,76351,78580,47676,0.6047316563173235,0.3844001709305232
6266,0.6739,1,7,1,600100,76344,78581,47675,0.6046762134076796,0.38441690386150507
6267,0.674,23,75,23,600175,76269,78604,47652,0.6040821822329235,0.3845353087854359
6268,0.6741,1,1,1,600176,76268,78605,47651,0.6040742618172602,0.384533445234387
6269,0.6742,21,73,21,600249,76195,78626,47630,0.603496071473831,0.38465576418332326
6270,0.6743,11,24,11,600273,76171,78637,47619,0.603305981497909,0.38467566039260037
6271,0.6744,4,10,4,600283,76161,78641,47615,0.6032267773412748,0.38468685367114785
6272,0.6745,4,15,4,600298,76146,78645,47611,0.6031079711063236,0.3847135919584347
6273,0.6746,5,9,5,600307,76137,78650,47606,0.603036687365353,0.384716711248313
6274,0.6747,7,13,7,600320,76124,78657,47599,0.6029337219617286,0.3847223232543666
6275,0.6748,6,23,6,600343,76101,78663,47593,0.60275155240147,0.38476401442268826
6276,0.6749,3,10,3,600353,76091,78666,47590,0.6026723482448358,0.3847802006775495
6277,0.675,211,611,211,600964,75480,78877,47379,0.5978329742744899,0.38563719385637196
6278,0.6751,2,8,2,600972,75472,78879,47377,0.5977696109491826,0.3856523048620664
6279,0.6752,3,26,3,600998,75446,78882,47374,0.5975636801419338,0.38571893828366716
6280,0.6753,7,17,7,601015,75429,78889,47367,0.5974290330756558,0.38573732043389036
6281,0.6754,0,4,0,601019,75425,78889,47367,0.5973973514130022,0.38574988598605775
6282,0.6755,4,14,4,601033,75411,78893,47363,0.5972864655937143,0.38577386091517746
6283,0.6756,4,11,4,601044,75400,78897,47359,0.5971993410214168,0.3857884146987186
6284,0.6757,12,23,12,601067,75377,78909,47347,0.5970171714611583,0.3858006583879274
6285,0.6758,15,41,15,601108,75336,78924,47332,0.5966924344189584,0.3858545015815045
6286,0.6759,1,1,1,601109,75335,78925,47331,0.5966845140032949,0.385852640503481
6287,0.676,25,60,25,601169,75275,78950,47306,0.59620928906349,0.385916251295062
6288,0.6761,2,0,2,601169,75275,78952,47304,0.59620928906349,0.38590623189942813
6289,0.6762,3,20,3,601189,75255,78955,47301,0.5960508807502217,0.38595417605013216
6290,0.6763,7,15,7,601204,75240,78962,47294,0.5959320745152705,0.3859663440351249
6291,0.6764,0,4,0,601208,75236,78962,47294,0.5959003928526169,0.38597894393209825
6292,0.6765,8,22,8,601230,75214,78970,47286,0.5957261437080218,0.3860081632653061
6293,0.6766,2,5,2,601235,75209,78972,47284,0.5956865416297047,0.38601389467153224
6294,0.6767,111,306,111,601541,74903,79083,47173,0.5932628944367,0.3864232117697172
6295,0.6768,1,19,1,601560,74884,79084,47172,0.5931124065390951,0.3864783378121518
6296,0.6769,2,2,2,601562,74882,79086,47170,0.5930965657077684,0.3864746173762003
6297,0.677,9,19,9,601581,74863,79095,47161,0.5929460778101635,0.3864895430407133
6298,0.6771,0,11,0,601592,74852,79095,47161,0.592858953237866,0.38652438674567463
6299,0.6772,5,8,5,601600,74844,79100,47156,0.5927955899125587,0.3865245901639344
6300,0.6773,7,26,7,601626,74818,79107,47149,0.5925896591053098,0.38657177761197703
6301,0.6774,3,17,3,601643,74801,79110,47146,0.5924550120390318,0.3866105767259547
6302,0.6775,45,137,45,601780,74664,79155,47101,0.5913699150931441,0.3868188724181826
6303,0.6776,3,4,3,601784,74660,79158,47098,0.5913382334304904,0.38681647201826574
6304,0.6777,3,24,3,601808,74636,79161,47095,0.5911481434545685,0.3868776236127198
6305,0.6778,1,12,1,601820,74624,79162,47094,0.5910530984666075,0.3869107280763733
6306,0.6779,1,5,1,601825,74619,79163,47093,0.5910134963882905,0.3869215853818851
6307,0.678,20,54,20,601879,74565,79183,47073,0.5905857939424661,0.3869925516697085
6308,0.6781,1,2,1,601881,74563,79184,47072,0.5905699531111392,0.38699387511818145
6309,0.6782,2,9,2,601890,74554,79186,47070,0.5904986693701686,0.3870124317568901
6310,0.6783,55,164,55,602054,74390,79241,47015,0.5891997212013687,0.3872575264610189
6311,0.6784,2,1,2,602055,74389,79243,47013,0.5891918007857052,0.3872506219007924
6312,0.6785,9,20,9,602075,74369,79252,47004,0.5890333924724369,0.3872689972234352
6313,0.6786,0,7,0,602082,74362,79252,47004,0.588977949562793,0.38729133365192886
6314,0.6787,4,16,4,602098,74346,79256,47000,0.5888512229121784,0.38732220262719824
6315,0.6788,4,26,4,602124,74320,79260,46996,0.5886452921049297,0.38738501104553397
6316,0.6789,3,10,3,602134,74310,79263,46993,0.5885660879482956,0.38740179550382103
6317,0.679,8,26,8,602160,74284,79271,46985,0.5883601571410467,0.3874444416957343
6318,0.6791,0,5,0,602165,74279,79271,46985,0.5883205550627297,0.38746041694154904
6319,0.6792,16,54,16,602219,74225,79287,46969,0.5878928526169054,0.3875521890522633
6320,0.6793,9,31,9,602250,74194,79296,46960,0.5876473197313395,0.38760585700843553
6321,0.6794,2,9,2,602259,74185,79298,46958,0.5875760359903688,0.38762454289558623
6322,0.6795,4,17,4,602276,74168,79302,46954,0.5874413889240907,0.3876587242614884
6323,0.6796,2,2,2,602278,74166,79304,46952,0.5874255480927639,0.387655014118463
6324,0.6797,6,18,6,602296,74148,79310,46946,0.5872829806108224,0.3876822963978397
6325,0.6798,7,19,7,602315,74129,79317,46939,0.5871324927132175,0.3877077344963161
6326,0.6799,1,2,1,602317,74127,79318,46938,0.5871166518818908,0.3877090818981539
6327,0.68,924,2110,924,604427,72017,80242,46014,0.5704045748320872,0.3898467351797409
6328,0.6801,1,16,1,604443,72001,80243,46013,0.5702778481814725,0.389894419306184
6329,0.6802,5,16,5,604459,71985,80248,46008,0.5701511215308579,0.3899214360173909
6330,0.6803,4,13,4,604472,71972,80252,46004,0.5700481561272336,0.389943717366244
6331,0.6804,0,6,0,604478,71966,80252,46004,0.570000633633253,0.38996355005509875
6332,0.6805,3,9,3,604487,71957,80255,46001,0.5699293498922824,0.38997778870445415
6333,0.6806,1,2,1,604489,71955,80256,46000,0.5699135090609555,0.38997922936713153
6334,0.6807,5,15,5,604504,71940,80261,45995,0.5697947028260043,0.390002967736465
6335,0.6808,23,51,23,604555,71889,80284,45972,0.5693907616271702,0.3900526891847176
6336,0.6809,2,3,2,604558,71886,80286,45970,0.56936700038018,0.3900522671734999
6337,0.681,14,39,14,604597,71847,80300,45956,0.5690581041693068,0.3901089106389481
6338,0.6811,3,9,3,604606,71838,80303,45953,0.568986820428336,0.3901231842840285
6339,0.6812,0,16,0,604622,71822,80303,45953,0.5688600937777215,0.3901761834005519
6340,0.6813,4,15,4,604637,71807,80307,45949,0.5687412875427702,0.3902051700125684
6341,0.6814,2,5,2,604642,71802,80309,45947,0.5687016854644532,0.3902113818376377
6342,0.6815,3,20,3,604662,71782,80312,45944,0.5685432771511849,0.3902621341080135
6343,0.6816,2,0,2,604662,71782,80314,45942,0.5685432771511849,0.39025177533892835
6344,0.6817,56,140,56,604802,71642,80370,45886,0.5674344189583069,0.3904261112245593
6345,0.6818,13,17,13,604819,71625,80383,45873,0.5672997718920288,0.39041515600265536
6346,0.6819,0,7,0,604826,71618,80383,45873,0.567244328982385,0.39043841655956624
6347,0.682,17,41,17,604867,71577,80400,45856,0.566919591940185,0.3904864901688622
6348,0.6821,6,5,6,604872,71572,80406,45850,0.5668799898618679,0.3904719728841273
6349,0.6822,2,20,2,604892,71552,80408,45848,0.5667215815485996,0.3905281090289608
6350,0.6823,9,21,9,604913,71531,80417,45839,0.566555252819668,0.3905512481894862
6351,0.6824,0,3,0,604916,71528,80417,45839,0.5665314915726777,0.3905612310104203
6352,0.6825,60,152,60,605068,71376,80477,45779,0.5653275883918388,0.3907558362852631
6353,0.6826,0,3,0,605071,71373,80477,45779,0.5653038271448486,0.3907658426659383
6354,0.6827,7,20,7,605091,71353,80484,45772,0.5651454188315803,0.39079615795090716
6355,0.6828,2,13,2,605104,71340,80486,45770,0.5650424534279559,0.39082913500128086
6356,0.6829,1,13,1,605117,71327,80487,45769,0.5649394880243315,0.3908673225387716
6357,0.683,9,23,9,605140,71304,80496,45760,0.564757318464073,0.3908972869541447
6358,0.6831,1,6,1,605146,71298,80497,45759,0.5647097959700925,0.3909121197365386
6359,0.6832,10,25,10,605171,71273,80507,45749,0.5645117855785071,0.39094358325784895
6360,0.6833,96,271,96,605442,71002,80603,45653,0.5623653529337219,0.39135056362779136
6361,0.6834,2,5,2,605447,70997,80605,45651,0.5623257508554049,0.3913569028187367
6362,0.6835,5,23,5,605470,70974,80610,45646,0.5621435812951464,0.39140799176813584
6363,0.6836,3,11,3,605481,70963,80613,45643,0.5620564567228488,0.3914292574996141
6364,0.6837,4,16,4,605497,70947,80617,45639,0.5619297300722342,0.3914620966496835
6365,0.6838,5,25,5,605522,70922,80622,45634,0.5617317196806488,0.39151995607261747
6366,0.6839,3,5,3,605527,70917,80625,45631,0.5616921176023317,0.39152109002299484
6367,0.684,23,69,23,605596,70848,80648,45608,0.5611456089215562,0.3916328913924572
6368,0.6841,1,3,1,605599,70845,80649,45607,0.561121847674566,0.39163775632878783
6369,0.6842,14,61,14,605660,70784,80663,45593,0.5606387023190977,0.3917698514311247
6370,0.6843,10,28,10,605688,70756,80673,45583,0.5604169306805221,0.39181186016726977
6371,0.6844,1,3,1,605691,70753,80674,45582,0.5603931694335319,0.3918167361499119
6372,0.6845,7,17,7,605708,70736,80681,45575,0.5602585223672538,0.391837401449562
6373,0.6846,4,7,4,605715,70729,80685,45571,0.5602030794576099,0.39184006878761823
6374,0.6847,7,23,7,605738,70706,80692,45564,0.5600209098973514,0.3918809667154038
6375,0.6848,2,11,2,605749,70695,80694,45562,0.5599337853250539,0.3919075840594545
6376,0.6849,2,4,2,605753,70691,80696,45560,0.5599021036624002,0.3919106072205831
6377,0.685,233,478,233,606231,70213,80929,45327,0.5561161449752883,0.3923056949974035
6378,0.6851,0,3,0,606234,70210,80929,45327,0.5560923837282981,0.3923158814925089
6379,0.6852,6,18,6,606252,70192,80935,45321,0.5559498162463566,0.3923454502956377
6380,0.6853,6,22,6,606274,70170,80941,45315,0.5557755671017615,0.3923886218989479
6381,0.6854,3,9,3,606283,70161,80944,45312,0.5557042833607908,0.3924034189810605
6382,0.6855,3,24,3,606307,70137,80947,45309,0.5555141933848688,0.39246920638220467
6383,0.6856,0,8,0,606315,70129,80947,45309,0.5554508300595615,0.3924964049966216
6384,0.6857,11,37,11,606352,70092,80958,45298,0.5551577746800153,0.39256434699714016
6385,0.6858,20,56,20,606408,70036,80978,45278,0.554714231402864,0.3926496349098982
6386,0.6859,1,5,1,606413,70031,80979,45277,0.5546746293245469,0.39266139383217125
6387,0.686,29,61,29,606474,69970,81008,45248,0.5541914839690787,0.39271641583780315
6388,0.6861,3,5,3,606479,69965,81011,45245,0.5541518818907616,0.39271764603767034
6389,0.6862,9,22,9,606501,69943,81020,45236,0.5539776327461665,0.3927452052891586
6390,0.6863,5,13,5,606514,69930,81025,45231,0.5538746673425421,0.3927631750332144
6391,0.6864,0,10,0,606524,69920,81025,45231,0.553795463185908,0.3927972835667949
6392,0.6865,12,20,12,606544,69900,81037,45219,0.5536370548726397,0.3928022307351523
6393,0.6866,1,1,1,606545,69899,81038,45218,0.5536291344569763,0.3928003683209257
6394,0.6867,117,260,117,606805,69639,81155,45101,0.5515698263844887,0.3930712916158271
6395,0.6868,6,18,6,606823,69621,81161,45095,0.5514272589025472,0.39310122389204644
6396,0.6869,1,4,1,606827,69617,81162,45094,0.5513955772398935,0.39310964074936144
6397,0.687,16,33,16,606860,69584,81178,45078,0.5511342035230009,0.39313809282935935
6398,0.6871,4,10,4,606870,69574,81182,45074,0.5510549993663667,0.3931512106622008
6399,0.6872,5,18,5,606888,69556,81187,45069,0.5509124318844253,0.39318647764449294
6400,0.6873,4,21,4,606909,69535,81191,45065,0.5507461031554935,0.3932373472949389
6401,0.6874,4,8,4,606917,69527,81195,45061,0.5506827398301863,0.393243620623451
6402,0.6875,60,160,60,607077,69367,81255,45001,0.5494154733240401,0.39347544767767206
6403,0.6876,0,3,0,607080,69364,81255,45001,0.5493917120770498,0.3934857692475845
6404,0.6877,10,18,10,607098,69346,81265,44991,0.5492491445951083,0.39349466926716636
6405,0.6878,4,12,4,607110,69334,81269,44987,0.5491540996071473,0.39351475232022115
6406,0.6879,0,9,0,607119,69325,81269,44987,0.5490828158661767,0.39354573448106933
6407,0.688,19,37,19,607156,69288,81288,44968,0.5487897604866303,0.3935723288054894
6408,0.6881,3,8,3,607164,69280,81291,44965,0.548726397161323,0.3935839642872773
6409,0.6882,3,10,3,607174,69270,81294,44962,0.5486471930046889,0.39360249317179075
6410,0.6883,60,134,60,607308,69136,81354,44902,0.5475858573057915,0.3937459443343447
6411,0.6884,0,12,0,607320,69124,81354,44902,0.5474908123178305,0.39378738182519774
6412,0.6885,8,22,8,607342,69102,81362,44894,0.5473165631732353,0.3938208358188007
6413,0.6886,1,8,1,607350,69094,81363,44893,0.547253199847928,0.39384315755305427
6414,0.6887,6,21,6,607371,69073,81369,44887,0.5470868711189963,0.3938838188838189
6415,0.6888,4,13,4,607384,69060,81373,44883,0.5469839057153719,0.3939074800558174
6416,0.6889,1,2,1,607386,69058,81374,44882,0.5469680648840451,0.393909074951729
6417,0.689,19,28,19,607414,69030,81393,44863,0.5467462932454695,0.3939048053875128
6418,0.6891,0,6,0,607420,69024,81393,44863,0.546698770751489,0.393925557789739
6419,0.6892,21,68,21,607488,68956,81414,44842,0.5461601824863769,0.39404910455368286
6420,0.6893,3,35,3,607523,68921,81417,44839,0.5458829679381574,0.3941543600562588
6421,0.6894,2,11,2,607534,68910,81419,44837,0.5457958433658598,0.3941818245755932
6422,0.6895,8,23,8,607557,68887,81427,44829,0.5456136738056013,0.3942189313728939
6423,0.6896,1,3,1,607560,68884,81428,44828,0.5455899125586111,0.3942240045026031
6424,0.6897,10,18,10,607578,68866,81438,44818,0.5454473450766696,0.3942331374687731
6425,0.6898,4,11,4,607589,68855,81442,44814,0.545360220504372,0.39424997140821155
6426,0.6899,1,10,1,607599,68845,81443,44813,0.545281016347738,0.39427932921571734
6427,0.69,956,2071,956,609670,66774,82399,43857,0.5288778355088075,0.3964259565582884
6428,0.6901,0,2,0,609672,66772,82399,43857,0.5288619946774806,0.39643312332209457
6429,0.6902,6,7,6,609679,66765,82405,43851,0.5288065517678368,0.39642547190279886
6430,0.6903,2,13,2,609692,66752,82407,43849,0.5287035863642124,0.3964611531541306
6431,0.6904,1,5,1,609697,66747,82408,43848,0.5286639842858953,0.3964736199647362
6432,0.6905,6,18,6,609715,66729,82414,43842,0.5285214168039539,0.39650541281167756
6433,0.6906,0,1,0,609716,66728,82414,43842,0.5285134963882905,0.3965089988242742
6434,0.6907,14,31,14,609747,66697,82428,43828,0.5282679635027246,0.396543768378195
6435,0.6908,17,49,17,609796,66648,82445,43811,0.5278798631352173,0.3966268027050761
6436,0.6909,1,6,1,609802,66642,82446,43810,0.5278323406412369,0.39664288559736355
6437,0.691,20,39,20,609841,66603,82466,43790,0.5275234444303637,0.39667370213691083
6438,0.6911,2,4,2,609845,66599,82468,43788,0.52749176276771,0.396677144953663
6439,0.6912,4,17,4,609862,66582,82472,43784,0.5273571157014321,0.39671638004457893
6440,0.6913,10,20,10,609882,66562,82482,43774,0.5271987073881638,0.39673361368909515
6441,0.6914,2,9,2,609891,66553,82484,43772,0.527127423647193,0.3967550419215953
6442,0.6915,6,18,6,609909,66535,82490,43766,0.5269848561652516,0.39678697382616657
6443,0.6916,0,4,0,609913,66531,82490,43766,0.5269531745025979,0.39680136359103146
6444,0.6917,49,119,49,610032,66412,82539,43717,0.5260106450386516,0.3969617448628427
6445,0.6918,4,21,4,610053,66391,82543,43713,0.52584431630972,0.39701554893555185
6446,0.6919,1,0,1,610053,66391,82544,43712,0.52584431630972,0.3970100723867651
6447,0.692,12,27,12,610080,66364,82556,43700,0.5256304650868078,0.39704172118040415
6448,0.6921,3,7,3,610087,66357,82559,43697,0.5255750221771639,0.3970505388263943
6449,0.6922,3,8,3,610095,66349,82562,43694,0.5255116588518566,0.39706296629499377
6450,0.6923,4,34,4,610129,66315,82566,43690,0.5252423647193004,0.3971637652833962
6451,0.6924,0,5,0,610134,66310,82566,43690,0.5252027626409834,0.3971818181818182
6452,0.6925,46,150,46,610284,66160,82612,43644,0.5240147002914713,0.39747185894867215
6453,0.6926,2,3,2,610287,66157,82614,43642,0.523990939044481,0.3974717438228035
6454,0.6927,11,25,11,610312,66132,82625,43631,0.5237929286528957,0.3975018904366681
6455,0.6928,4,12,4,610324,66120,82629,43627,0.5236978836649347,0.39752339471693987
6456,0.6929,2,11,2,610335,66109,82631,43625,0.5236107590926372,0.39755226274445477
6457,0.693,11,33,11,610368,66076,82642,43614,0.5233493853757445,0.3976114504512718
6458,0.6931,1,2,1,610370,66074,82643,43613,0.5233335445444177,0.3976132084932581
6459,0.6932,9,24,9,610394,66050,82652,43604,0.5231434545684958,0.3976507924927499
6460,0.6933,126,269,126,610663,65781,82778,43478,0.5210128627550373,0.39793518154110874
6461,0.6934,0,7,0,610670,65774,82778,43478,0.5209574198453935,0.3979606780653901
6462,0.6935,6,16,6,610686,65758,82784,43472,0.5208306931947788,0.39798590130916417
6463,0.6936,2,12,2,610698,65746,82786,43470,0.520735648206818,0.398018605332552
6464,0.6937,9,29,9,610727,65717,82795,43461,0.5205059561525789,0.39807470369488357
6465,0.6938,4,22,4,610749,65695,82799,43457,0.5203317070079838,0.3981328789211375
6466,0.6939,1,2,1,610751,65693,82800,43456,0.5203158661766569,0.39813465996023784
6467,0.694,31,43,31,610794,65650,82831,43425,0.5199752883031301,0.3981205592482237
6468,0.6941,0,11,0,610805,65639,82831,43425,0.5198881637308326,0.39816071297586736
6469,0.6942,19,62,19,610867,65577,82850,43406,0.5193970979597009,0.39828230090931616
6470,0.6943,7,18,7,610885,65559,82857,43399,0.5192545304777595,0.3983094403348079
6471,0.6944,0,6,0,610891,65553,82857,43399,0.519207007983779,0.39833137528452894
6472,0.6945,6,12,6,610903,65541,82863,43393,0.519111962995818,0.3983421154093304
6473,0.6946,0,3,0,610906,65538,82863,43393,0.5190882017488277,0.3983530858984128
6474,0.6947,7,19,7,610925,65519,82870,43386,0.5189377138512229,0.3983839125843625
6475,0.6948,2,17,2,610942,65502,82872,43384,0.5188030667849449,0.39843506052201383
6476,0.6949,1,5,1,610947,65497,82873,43383,0.5187634647066278,0.3984478324761205
6477,0.695,250,522,250,611469,64975,83123,43133,0.5146290077303257,0.398980648980649
6478,0.6951,1,8,1,611477,64967,83124,43132,0.5145656444050184,0.3990046161389097
6479,0.6952,5,14,5,611491,64953,83129,43127,0.5144547585857305,0.39902849740932644
6480,0.6953,3,25,3,611516,64928,83132,43124,0.5142567481941452,0.39910413504608894
6481,0.6954,3,9,3,611525,64919,83135,43121,0.5141854644531745,0.39912069603850425
6482,0.6955,6,20,6,611545,64899,83141,43115,0.5140270561399062,0.39916121984187236
6483,0.6956,0,2,0,611547,64897,83141,43115,0.5140112153085794,0.3991686108950857
6484,0.6957,9,28,9,611575,64869,83150,43106,0.5137894436700038,0.3992220421393841
6485,0.6958,14,56,14,611631,64813,83164,43092,0.5133459003928527,0.3993512812195913
6486,0.6959,3,2,3,611633,64811,83167,43089,0.5133300595615258,0.39934198331788695
6487,0.696,22,70,22,611703,64741,83189,43067,0.5127756304650868,0.3994787028791926
6488,0.6961,0,10,0,611713,64731,83189,43067,0.5126964263084527,0.39951576096031466
6489,0.6962,10,11,10,611724,64720,83199,43057,0.5126093017361552,0.3995008211399464
6490,0.6963,4,14,4,611738,64706,83203,43053,0.5124984159168673,0.39953043365287355
6491,0.6964,3,7,3,611745,64699,83206,43050,0.5124429730072234,0.39953967090181813
6492,0.6965,5,26,5,611771,64673,83211,43045,0.5122370421999747,0.3996082363207635
6493,0.6966,2,4,2,611775,64669,83213,43043,0.512205360537321,0.3996119281045752
6494,0.6967,132,266,132,612041,64403,83345,42911,0.5100985299708529,0.39986395064949587
6495,0.6968,4,17,4,612058,64386,83349,42907,0.5099638829045748,0.39990493322024734
6496,0.6969,2,3,2,612061,64383,83351,42905,0.5099401216575846,0.39990492878979944
6497,0.697,6,23,6,612084,64360,83357,42899,0.5097579520973261,0.3999571131560056
6498,0.6971,3,6,3,612090,64354,83360,42896,0.5097104296033456,0.39996270396270395
6499,0.6972,5,10,5,612100,64344,83365,42891,0.5096312254467115,0.399972024059309
6500,0.6973,7,20,7,612120,64324,83372,42884,0.5094728171334432,0.4000074621296918
6501,0.6974,2,9,2,612129,64315,83374,42882,0.5094015333924724,0.4000298515816674
6502,0.6975,44,144,44,612273,64171,83418,42838,0.5082609935369408,0.40032146828771414
6503,0.6976,2,5,2,612278,64166,83420,42836,0.5082213914586238,0.4003289658137231
6504,0.6977,7,22,7,612300,64144,83427,42829,0.5080471423140286,0.4003720565002384
6505,0.6978,5,6,5,612306,64138,83432,42824,0.5079996198200482,0.40036648529384267
6506,0.6979,4,4,4,612310,64134,83436,42820,0.5079679381573945,0.40035903285524616
6507,0.698,13,41,13,612351,64093,83449,42807,0.5076432011151946,0.4004396632366698
6508,0.6981,1,4,1,612355,64089,83450,42806,0.5076115194525409,0.40044903877636934
6509,0.6982,1,17,1,612372,64072,83451,42805,0.5074768723862628,0.4005071250128653
6510,0.6983,65,130,65,612502,63942,83516,42740,0.506447218350019,0.40062990945051646
6511,0.6984,2,4,2,612506,63938,83518,42738,0.5064155366873654,0.4006336945517267
6512,0.6985,6,18,6,612524,63920,83524,42732,0.5062729692054239,0.4006675917938717
6513,0.6986,1,10,1,612534,63910,83525,42731,0.5061937650487898,0.4006995433276132
6514,0.6987,5,14,5,612548,63896,83530,42726,0.506082879229502,0.4007240531972764
6515,0.6988,8,15,8,612563,63881,83538,42718,0.5059640729945507,0.40073546656160003
6516,0.6989,2,4,2,612567,63877,83540,42716,0.505932391331897,0.4007392605518186
6517,0.699,11,34,11,612601,63843,83551,42705,0.505663097199341,0.400805270863836
6518,0.6991,1,4,1,612605,63839,83552,42704,0.5056314155366873,0.4008146945364782
6519,0.6992,21,60,21,612665,63779,83573,42683,0.5051561905968825,0.40092239484510905
6520,0.6993,8,32,8,612697,63747,83581,42675,0.5049027372956533,0.4009979139651576
6521,0.6994,0,2,0,612699,63745,83581,42675,0.5048868964643265,0.401005450103364
6522,0.6995,2,17,2,612716,63728,83583,42673,0.5047522493980484,0.4010582607306322
6523,0.6996,2,10,2,612726,63718,83585,42671,0.5046730452414143,0.4010846986060589
6524,0.6997,3,9,3,612735,63709,83588,42668,0.5046017615004436,0.40110174191789577
6525,0.6998,5,12,5,612747,63697,83593,42663,0.5045067165124826,0.40111884166980066
6526,0.6999,0,5,0,612752,63692,83593,42663,0.5044671144341655,0.4011376992148935
6527,0.7,1002,1984,1002,614736,61708,84595,41661,0.4887530097579521,0.40303185674621983
6528,0.7001,3,14,3,614750,61694,84598,41658,0.4886421239386643,0.403069122997136
6529,0.7002,6,15,6,614765,61679,84604,41652,0.4885233177037131,0.40309297306713376
6530,0.7003,5,19,5,614784,61660,84609,41647,0.48837282980610824,0.40313821909454345
6531,0.7004,3,9,3,614793,61651,84612,41644,0.4883015460651375,0.4031560094873905
6532,0.7005,4,16,4,614809,61635,84616,41640,0.4881748194145229,0.40319535221496006
6533,0.7006,1,8,1,614817,61627,84617,41639,0.4881114560892156,0.4032208083977301
6534,0.7007,13,47,13,614864,61580,84630,41626,0.4877391965530351,0.4033292638024921
6535,0.7008,22,40,22,614904,61540,84652,41604,0.48742237992649856,0.4033584115411464
6536,0.7009,2,9,2,614913,61531,84654,41602,0.4873510961855278,0.4033820406659362
6537,0.701,11,37,11,614950,61494,84665,41591,0.4870580408059815,0.4034631614686909
6538,0.7011,1,2,1,614952,61492,84666,41590,0.48704219997465464,0.4034652024601773
6539,0.7012,2,26,2,614978,61466,84668,41588,0.4868362691674059,0.4035554175480816
6540,0.7013,4,15,4,614993,61451,84672,41584,0.4867174629324547,0.40359101276265347
6541,0.7014,4,5,4,614998,61446,84676,41580,0.4866778608541376,0.40358744394618834
6542,0.7015,5,10,5,615008,61436,84681,41575,0.48659865669750346,0.40359767403481184
6543,0.7016,2,5,2,615013,61431,84683,41573,0.4865590546191864,0.4036056852161081
6544,0.7017,41,136,41,615149,61295,84724,41532,0.4854818780889621,0.40390169897011485
6545,0.7018,6,11,6,615160,61284,84730,41526,0.48539475351666456,0.40391012547417565
6546,0.7019,1,7,1,615167,61277,84731,41525,0.4853393106070207,0.4039318301200366
6547,0.702,14,45,14,615212,61232,84745,41511,0.48498289190216703,0.404027524989537
6548,0.7021,1,4,1,615216,61228,84746,41510,0.4849512102395134,0.40403745449590217
6549,0.7022,6,19,6,615235,61209,84752,41504,0.4848007223419085,0.40407738066262305
6550,0.7023,2,18,2,615253,61191,84754,41502,0.48465815485996705,0.4041366013262832
6551,0.7024,1,3,1,615256,61188,84755,41501,0.48463439361297683,0.40414260534234436
6552,0.7025,45,118,45,615374,61070,84800,41456,0.483699784564694,0.4043462146187309
6553,0.7026,1,9,1,615383,61061,84801,41455,0.4836285008237232,0.4043759022981778
6554,0.7027,5,37,5,615420,61024,84806,41450,0.4833354454441769,0.4044928469660597
6555,0.7028,1,6,1,615426,61018,84807,41449,0.4832879229501964,0.4045107205246567
6556,0.7029,8,10,8,615436,61008,84815,41441,0.4832087187935623,0.4045037042821306
6557,0.703,9,25,9,615461,60983,84824,41432,0.48301070840197696,0.4045501147292877
6558,0.7031,1,2,1,615463,60981,84825,41431,0.48299486757065013,0.4045522009139554
6559,0.7032,2,18,2,615481,60963,84827,41429,0.48285230008870866,0.40461168841315726
6560,0.7033,130,249,130,615730,60714,84957,41299,0.4808801165885186,0.40484055953652964
6561,0.7034,0,8,0,615738,60706,84957,41299,0.48081675326321127,0.4048723101808735
6562,0.7035,3,13,3,615751,60693,84960,41296,0.48071378785958685,0.4049064114757474
6563,0.7036,0,10,0,615761,60683,84960,41296,0.48063458370295276,0.4049461163572892
6564,0.7037,7,15,7,615776,60668,84967,41289,0.4805157774680015,0.40496483811803013
6565,0.7038,3,8,3,615784,60660,84970,41286,0.4804524141426942,0.4049791065858396
6566,0.7039,1,3,1,615787,60657,84971,41285,0.48042865289570397,0.40498518765572583
6567,0.704,25,58,25,615845,60599,84996,41260,0.47996926878722596,0.4050697532864057
6568,0.7041,1,3,1,615848,60596,84997,41259,0.47994550754023574,0.40507584311030387
6569,0.7042,20,62,20,615910,60534,85017,41239,0.47945444176910407,0.40520570288779933
6570,0.7043,7,24,7,615934,60510,85024,41232,0.4792643517931821,0.40526036445125907
6571,0.7044,0,4,0,615938,60506,85024,41232,0.47923267013052845,0.405276297941772
6572,0.7045,6,24,6,615962,60482,85030,41226,0.4790425801546065,0.4053368466590632
6573,0.7046,4,4,4,615966,60478,85034,41222,0.47901089849195283,0.4053294001966568
6574,0.7047,8,14,8,615980,60464,85042,41214,0.4789000126726651,0.4053384212907414
6575,0.7048,3,15,3,615995,60449,85045,41211,0.4787812064377138,0.4053806807003738
6576,0.7049,2,9,2,616004,60440,85047,41209,0.4787099226967431,0.405404873633779
6577,0.705,237,485,237,616489,59955,85284,40972,0.47486852109998734,0.4059567806434354
6578,0.7051,0,7,0,616496,59948,85284,40972,0.4748130781903434,0.4059849385652002
6579,0.7052,7,21,7,616517,59927,85291,40965,0.4746467494614117,0.4060282282044166
6580,0.7053,5,19,5,616536,59908,85296,40960,0.47449626156380686,0.4060752666851727
6581,0.7054,2,10,2,616546,59898,85298,40958,0.4744170574071727,0.40610375188387404
6582,0.7055,4,12,4,616558,59886,85302,40954,0.47432201241921174,0.4061285204284014
6583,0.7056,0,1,0,616559,59885,85302,40954,0.47431409200354835,0.40613254792292663
6584,0.7057,11,28,11,616587,59857,85313,40943,0.47409232036497273,0.40618055555555554
6585,0.7058,19,47,19,616634,59810,85332,40924,0.4737200608287923,0.40625806579704965
6586,0.7059,0,6,0,616640,59804,85332,40924,0.4736725383348118,0.4062822651099992
6587,0.706,23,46,23,616686,59758,85355,40901,0.4733081992142948,0.40633227033846947
6588,0.7061,3,9,3,616695,59749,85358,40898,0.473236915473324,0.4063509096147923
6589,0.7062,9,21,9,616716,59728,85367,40889,0.47307058674439234,0.4063826192392936
6590,0.7063,3,11,3,616727,59717,85370,40886,0.4729834621720948,0.40640935160979297
6591,0.7064,0,4,0,616731,59713,85370,40886,0.47295178050944114,0.406425511187984
6592,0.7065,5,18,5,616749,59695,85375,40881,0.4728092130274997,0.40646874005727013
6593,0.7066,1,0,1,616749,59695,85376,40880,0.4728092130274997,0.4064628386776038
6594,0.7067,122,276,122,617025,59419,85498,40758,0.4706231783043974,0.4068598580512493
6595,0.7068,10,18,10,617043,59401,85508,40748,0.47048061082245596,0.40687375810043036
6596,0.7069,0,7,0,617050,59394,85508,40748,0.4704251679128121,0.4069021988775938
6597,0.707,8,27,8,617077,59367,85516,40740,0.4702113166898999,0.40696454793371095
6598,0.7071,3,5,3,617082,59362,85519,40737,0.4701717146115828,0.40696710256845725
6599,0.7072,3,18,3,617100,59344,85522,40734,0.4700291471296414,0.40702252243250264
6600,0.7073,8,28,8,617128,59316,85530,40726,0.46980737549106577,0.4070890226105036
6601,0.7074,0,10,0,617138,59306,85530,40726,0.4697281713344316,0.40712971849008317
6602,0.7075,62,151,62,617289,59155,85592,40664,0.4685321885692561,0.4073773530089462
6603,0.7076,0,6,0,617295,59149,85592,40664,0.4684846660752756,0.40740184144349934
6604,0.7077,3,13,3,617308,59136,85595,40661,0.46838170067165125,0.4074370973075343
6605,0.7078,2,12,2,617320,59124,85597,40659,0.46828665568369027,0.4074742190553501
6606,0.7079,4,7,4,617327,59117,85601,40655,0.4682312127740464,0.40747905223910513
6607,0.708,16,41,16,617368,59076,85617,40639,0.4679064757318464,0.40755152183723614
6608,0.7081,0,2,0,617370,59074,85617,40639,0.4678906349005196,0.4075596963284627
6609,0.7082,7,20,7,617390,59054,85624,40632,0.4677322265872513,0.4075998635716149
6610,0.7083,43,133,43,617523,58921,85667,40589,0.4666788113040172,0.4078886544065923
6611,0.7084,1,11,1,617534,58910,85668,40588,0.4665916867317197,0.4079277975436692
6612,0.7085,3,20,3,617554,58890,85671,40585,0.4664332784184514,0.40799195777833624
6613,0.7086,1,4,1,617558,58886,85672,40584,0.46640159675579773,0.4080024127877752
6614,0.7087,5,11,5,617569,58875,85677,40579,0.4663144721835002,0.4080177770627627
6615,0.7088,4,16,4,617585,58859,85681,40575,0.46618774553288556,0.4080596174346803
6616,0.7089,4,12,4,617597,58847,85685,40571,0.4660927005449246,0.4080850550202177
6617,0.709,12,32,12,617629,58815,85697,40559,0.46583924724369535,0.40814498762251694
6618,0.7091,0,6,0,617635,58809,85697,40559,0.46579172474971486,0.4081696320747122
6619,0.7092,15,50,15,617685,58759,85712,40544,0.46539570396654417,0.4082857516892742
6620,0.7093,12,14,12,617699,58745,85724,40532,0.46528481814725636,0.4082718051512435
6621,0.7094,1,2,1,617701,58743,85725,40531,0.46526897731592953,0.40827406974635855
6622,0.7095,7,21,7,617722,58722,85732,40524,0.46510264858699785,0.40831872317272233
6623,0.7096,3,6,3,617728,58716,85735,40521,0.46505512609301736,0.40832552374618336
6624,0.7097,11,16,11,617744,58700,85746,40510,0.4649283994424027,0.4083257736115311
6625,0.7098,3,20,3,617764,58680,85749,40507,0.4647699911291345,0.4083902124270318
6626,0.7099,3,4,3,617768,58676,85752,40504,0.4647383094664808,0.4083887880621093
6627,0.71,942,1895,942,619663,56781,86694,39562,0.44972912178431124,0.4106369949036256
6628,0.7101,1,6,1,619669,56775,86695,39561,0.44968159929033075,0.4106564524165421
6629,0.7102,3,20,3,619689,56755,86698,39558,0.4495231909770625,0.41072337067685566
6630,0.7103,5,15,5,619704,56740,86703,39553,0.44940438474211125,0.41075675282730834
6631,0.7104,1,8,1,619712,56732,86704,39552,0.44934102141680393,0.4107847617464999
6632,0.7105,3,17,3,619729,56715,86707,39549,0.4492063743505259,0.41083894290700573
6633,0.7106,2,6,2,619735,56709,86709,39547,0.4491588518565454,0.4108523105053192
6634,0.7107,11,24,11,619759,56685,86720,39536,0.4489687618806235,0.41088743621454776
6635,0.7108,14,47,14,619806,56638,86734,39522,0.44859650234444304,0.4110024958402662
6636,0.7109,2,5,2,619811,56633,86736,39520,0.448556900266126,0.41101161690222876
6637,0.711,12,35,12,619846,56598,86748,39508,0.4482796857179065,0.41108775726801655
6638,0.7111,2,6,2,619852,56592,86750,39506,0.448232163223926,0.41110116755811776
6639,0.7112,3,17,3,619869,56575,86753,39503,0.448097516157648,0.4111555194737609
6640,0.7113,6,17,6,619886,56558,86759,39497,0.4479628690913699,0.4111915048670033
6641,0.7114,2,15,2,619901,56543,86761,39495,0.4478440628564187,0.411243466127991
6642,0.7115,7,10,7,619911,56533,86768,39488,0.44776485869978455,0.4112433738453047
6643,0.7116,0,4,0,619915,56529,86768,39488,0.4477331770371309,0.411260505952071
6644,0.7117,43,148,43,620063,56381,86811,39445,0.44656095551894565,0.41163149875816585
6645,0.7118,3,16,3,620079,56365,86814,39442,0.446434228868331,0.41168181865625686
6646,0.7119,0,6,0,620085,56359,86814,39442,0.4463867063743505,0.41170760221709585
6647,0.712,16,28,16,620113,56331,86830,39426,0.44616493473577495,0.41172969077978633
6648,0.7121,1,8,1,620121,56323,86831,39425,0.44610157141046763,0.4117579479466934
6649,0.7122,3,13,3,620134,56310,86834,39422,0.4459986060068432,0.41179542890569504
6650,0.7123,6,16,6,620150,56294,86840,39416,0.44587187935622863,0.411827395256504
6651,0.7124,3,8,3,620158,56286,86843,39413,0.4458085160309213,0.41184338394340586
6652,0.7125,48,136,48,620294,56150,86891,39365,0.444731339500697,0.41213421975605924
6653,0.7126,1,4,1,620298,56146,86892,39364,0.4446996578380433,0.4121453250968485
6654,0.7127,6,24,6,620322,56122,86898,39358,0.4445095678621214,0.41221198156682026
6655,0.7128,4,13,4,620335,56109,86902,39354,0.444406602458497,0.41224348700543667
6656,0.7129,4,12,4,620347,56097,86906,39350,0.4443115574705361,0.41227068425408864
6657,0.713,12,27,12,620374,56070,86918,39338,0.4440977062476239,0.4123134328358209
6658,0.7131,2,4,2,620378,56066,86920,39336,0.44406602458497024,0.41231840003354225
6659,0.7132,4,15,4,620393,56051,86924,39332,0.443947218350019,0.41235859639558414
6660,0.7133,116,242,116,620635,55809,87040,39216,0.4420304777594728,0.4126913970007893
6661,0.7134,2,4,2,620639,55805,87042,39214,0.44199879609681914,0.4126964080868037
6662,0.7135,5,31,5,620670,55774,87047,39209,0.4417532632112533,0.4128001852963162
6663,0.7136,1,4,1,620674,55770,87048,39208,0.4417215815485997,0.4128113879003559
6664,0.7137,4,10,4,620684,55760,87052,39204,0.44164237739196555,0.4128301251000379
6665,0.7138,5,19,5,620703,55741,87057,39199,0.4414918894943607,0.41288182009690333
6666,0.7139,2,5,2,620708,55736,87059,39197,0.4414522874160436,0.4128911969494275
6667,0.714,20,55,20,620763,55681,87079,39177,0.44101666455455585,0.4130068101794261
6668,0.7141,1,3,1,620766,55678,87080,39176,0.4409929033075656,0.41301368418833156
6669,0.7142,18,48,18,620814,55630,87098,39158,0.4406127233557217,0.4131113643077183
6670,0.7143,5,21,5,620835,55609,87103,39153,0.44044639462679,0.4131719465608577
6671,0.7144,1,5,1,620840,55604,87104,39152,0.4404067925484729,0.4131875554054624
6672,0.7145,6,10,6,620850,55594,87110,39146,0.44032758839183883,0.4131940046442896
6673,0.7146,1,2,1,620852,55592,87111,39145,0.440311747560512,0.41319653356133296
6674,0.7147,9,19,9,620871,55573,87120,39136,0.4401612596629071,0.4132236640657171
6675,0.7148,2,11,2,620882,55562,87122,39134,0.44007413509060955,0.413259271774943
6676,0.7149,0,6,0,620888,55556,87122,39134,0.44002661259662906,0.4132854578096948
6677,0.715,221,486,221,621374,55070,87343,38913,0.43617729058420984,0.41404296521711376
6678,0.7151,0,3,0,621377,55067,87343,38913,0.4361535293372196,0.4140561821664184
6679,0.7152,2,16,2,621393,55051,87345,38911,0.436026802686605,0.4141142163853473
6680,0.7153,2,21,2,621414,55030,87347,38909,0.4358604739576733,0.41419431758907377
6681,0.7154,0,5,0,621419,55025,87347,38909,0.43582087187935625,0.41421636468158496
6682,0.7155,6,11,6,621430,55014,87353,38903,0.43573374730705866,0.41422745615809703
6683,0.7156,0,4,0,621434,55010,87353,38903,0.435702065644405,0.41424509918754593
6684,0.7157,12,17,12,621451,54993,87365,38891,0.435567418578127,0.41424523880533426
6685,0.7158,16,44,16,621495,54949,87381,38875,0.4352189202889368,0.4143396145975443
6686,0.7159,1,2,1,621497,54947,87382,38874,0.43520307945760994,0.41434220483687023
6687,0.716,20,47,20,621544,54900,87402,38854,0.43483081992142947,0.41442498453399323
6688,0.7161,0,5,0,621549,54895,87402,38854,0.4347912178431124,0.4144470874355993
6689,0.7162,3,7,3,621556,54888,87405,38851,0.4347357749334685,0.4144592965574627
6690,0.7163,7,22,7,621578,54866,87412,38844,0.4345615257888734,0.4145128588197631
6691,0.7164,0,7,0,621585,54859,87412,38844,0.4345060828792295,0.41454382463741823
6692,0.7165,5,9,5,621594,54850,87417,38839,0.4344347991382588,0.41455240209629735
6693,0.7166,2,8,2,621602,54842,87419,38837,0.43437143581295146,0.41457530503101014
6694,0.7167,115,268,115,621870,54574,87534,38722,0.43224876441515653,0.4150445892642771
6695,0.7168,4,10,4,621880,54564,87538,38718,0.4321695602585224,0.41506399948543127
6696,0.7169,0,3,0,621883,54561,87538,38718,0.4321457990115321,0.4150773485993632
6697,0.717,9,20,9,621903,54541,87547,38709,0.43198739069826386,0.4151099195710456
6698,0.7171,5,7,5,621910,54534,87552,38704,0.43193194778861993,0.41510971921319634
6699,0.7172,3,11,3,621921,54523,87555,38701,0.4318448232163224,0.4151398781429675
6700,0.7173,10,22,10,621943,54501,87565,38691,0.43167057407172726,0.41517512232809684
6701,0.7174,0,1,0,621944,54500,87565,38691,0.4316626536560639,0.41517957742700473
6702,0.7175,60,123,60,622067,54377,87625,38631,0.4306884425294639,0.41535136762429037
6703,0.7176,0,7,0,622074,54370,87625,38631,0.43063299961982004,0.4153826302942979
6704,0.7177,2,25,2,622099,54345,87627,38629,0.4304349892282347,0.41548174758534645
6705,0.7178,3,13,3,622112,54332,87630,38626,0.43033202382461033,0.4155209879730631
6706,0.7179,2,7,2,622119,54325,87632,38624,0.4302765809149664,0.41553970456917233
6707,0.718,11,29,11,622148,54296,87643,38613,0.4300468888607274,0.41560021095911054
6708,0.7181,0,4,0,622152,54292,87643,38613,0.43001520719807373,0.4156181045153652
6709,0.7182,4,13,4,622165,54279,87647,38609,0.42991224179444937,0.4156511067091551
6710,0.7183,46,142,46,622307,54137,87693,38563,0.42878754277024456,0.4159978425026969
6711,0.7184,0,5,0,622312,54132,87693,38563,0.4287479406919275,0.41602028156858517
6712,0.7185,10,17,10,622329,54115,87703,38553,0.4286132936256495,0.4160335822506151
6713,0.7186,4,11,4,622340,54104,87707,38549,0.42852616905335195,0.41605776391482197
6714,0.7187,6,19,6,622359,54085,87713,38543,0.42837568115574703,0.4161052813404154
6715,0.7188,4,13,4,622372,54072,87717,38539,0.42827271575212267,0.41613847167183166
6716,0.7189,1,7,1,622379,54065,87718,38538,0.4282172728424788,0.41616362320875133
6717,0.719,12,23,12,622402,54042,87730,38526,0.4280351032822203,0.41619134042001554
6718,0.7191,4,3,4,622405,54039,87734,38522,0.42801134203523,0.41617960047968366
6719,0.7192,27,63,27,622468,53976,87761,38495,0.42751235584843494,0.4162926755415211
6720,0.7193,7,16,7,622484,53960,87768,38488,0.4273856291978203,0.41632052613361026
6721,0.7194,0,2,0,622486,53958,87768,38488,0.4273697883664935,0.4163295329165134
6722,0.7195,6,9,6,622495,53949,87774,38482,0.42729850462552277,0.41633218292564184
6723,0.7196,2,1,2,622496,53948,87776,38480,0.4272905842098593,0.4163240576448695
6724,0.7197,3,16,3,622512,53932,87779,38477,0.4271638575592447,0.416377192697681
6725,0.7198,1,6,1,622518,53926,87780,38476,0.42711633506526425,0.41639791346507654
6726,0.7199,1,6,1,622524,53920,87781,38475,0.42706881257128376,0.4164186373721522
6727,0.72,954,1781,954,624305,52139,88735,37521,0.4129625522747434,0.41848092795003344
6728,0.7201,0,4,0,624309,52135,88735,37521,0.4129308706120897,0.4184995984652449
6729,0.7202,3,10,3,624319,52125,88738,37518,0.41285166645545557,0.4185268230648238
6730,0.7203,7,11,7,624330,52114,88745,37511,0.41276454188315803,0.41853277545327755
6731,0.7204,1,2,1,624332,52112,88746,37510,0.4127487010518312,0.418535627412912
6732,0.7205,6,20,6,624352,52092,88752,37504,0.4125902927385629,0.4185901156301621
6733,0.7206,2,7,2,624359,52085,88754,37502,0.412534849828919,0.41860984294596315
6734,0.7207,3,25,3,624384,52060,88757,37499,0.4123368394373337,0.4187072209381525
6735,0.7208,23,55,23,624439,52005,88780,37476,0.4119012165758459,0.418815167465719
6736,0.7209,0,1,0,624440,52004,88780,37476,0.4118932961601825,0.41881984801072863
6737,0.721,7,32,7,624472,51972,88787,37469,0.4116398428589532,0.4189242070191523
6738,0.7211,1,7,1,624479,51965,88788,37468,0.41158439994930934,0.4189504992564266
6739,0.7212,3,14,3,624493,51951,88791,37465,0.41147351413002153,0.418996600161045
6740,0.7213,3,13,3,624506,51938,88794,37462,0.41137054872639717,0.4190380313199105
6741,0.7214,2,10,2,624516,51928,88796,37460,0.411291344569763,0.41907191121850806
6742,0.7215,5,6,5,624522,51922,88801,37455,0.41124382207578253,0.4190675453416427
6743,0.7216,1,1,1,624523,51921,88802,37454,0.41123590166011914,0.4190657342657343
6744,0.7217,42,111,42,624634,51810,88844,37412,0.41035673552148016,0.4193136222008025
6745,0.7218,5,16,5,624650,51794,88849,37407,0.4102300088708655,0.419356285243439
6746,0.7219,2,0,2,624650,51794,88851,37405,0.4102300088708655,0.41934326618011414
6747,0.722,11,38,11,624688,51756,88862,37394,0.4099290330756558,0.41945036455412227
6748,0.7221,3,6,3,624694,51750,88865,37391,0.4098815105816753,0.4194590592432214
6749,0.7222,0,9,0,624703,51741,88865,37391,0.4098102268407046,0.4195014136337118
6750,0.7223,8,26,8,624729,51715,88873,37383,0.40960429603345583,0.41957170755796985
6751,0.7224,3,2,3,624731,51713,88876,37380,0.409588455202129,0.4195615817179801
6752,0.7225,62,130,62,624861,51583,88938,37318,0.40855880116588517,0.4197703062957672
6753,0.7226,0,8,0,624869,51575,88938,37318,0.40849543784057785,0.41980808387612073
6754,0.7227,8,23,8,624892,51552,88946,37310,0.40831326828031933,0.4198645090139767
6755,0.7228,1,8,1,624900,51544,88947,37309,0.40824990495501207,0.4198957829223549
6756,0.7229,0,9,0,624909,51535,88947,37309,0.4081786212140413,0.4199383188510198
6757,0.723,6,24,6,624933,51511,88953,37303,0.4079885312381194,0.4200126106244511
6758,0.7231,1,6,1,624939,51505,88954,37302,0.4079410087441389,0.4200344567432747
6759,0.7232,6,11,6,624950,51494,88960,37296,0.4078538841718413,0.4200473026241694
6760,0.7233,120,194,120,625144,51300,89080,37176,0.40631732353313904,0.4201817442018174
6761,0.7234,0,3,0,625147,51297,89080,37176,0.40629356228614877,0.4201959919975586
6762,0.7235,4,30,4,625177,51267,89084,37172,0.4060559498162464,0.4203123056570065
6763,0.7236,0,10,0,625187,51257,89084,37172,0.4059767456596122,0.4203598367051533
6764,0.7237,1,12,1,625199,51245,89085,37171,0.40588170067165125,0.4204103329714079
6765,0.7238,9,16,9,625215,51229,89094,37162,0.4057549740210366,0.4204274190811282
6766,0.7239,3,6,3,625221,51223,89097,37159,0.4057074515270561,0.42043628793193183
6767,0.724,28,52,28,625273,51171,89125,37131,0.4052955899125586,0.42050010192294623
6768,0.7241,1,5,1,625278,51166,89126,37130,0.40525598783424155,0.42051735072936486
6769,0.7242,13,45,13,625323,51121,89139,37117,0.4048995691293879,0.42064643350937236
6770,0.7243,5,28,5,625351,51093,89144,37112,0.40467779749081234,0.4207471231789581
6771,0.7244,2,5,2,625356,51088,89146,37110,0.40463819541249524,0.42075784031383934
6772,0.7245,7,13,7,625369,51075,89153,37103,0.40453523000887087,0.42077388917870673
6773,0.7246,2,2,2,625371,51073,89155,37101,0.40451938917754404,0.4207702950983283
6774,0.7247,3,9,3,625380,51064,89158,37098,0.40444810543657334,0.42079353916653434
6775,0.7248,5,12,5,625392,51052,89163,37093,0.40435306044861236,0.4208179703896988
6776,0.7249,1,2,1,625394,51050,89164,37092,0.4043372196172855,0.4208209480157019
6777,0.725,221,433,221,625827,50617,89385,36871,0.40090767963502727,0.4214406547183614
6778,0.7251,2,9,2,625836,50608,89387,36869,0.4008363958940565,0.4214707866067652
6779,0.7252,5,18,5,625854,50590,89392,36864,0.4006938284121151,0.4215244585725067
6780,0.7253,9,17,9,625871,50573,89401,36855,0.400559181345837,0.4215468728553781
6781,0.7254,1,5,1,625876,50568,89402,36854,0.40051957926751997,0.4215643659490746
6782,0.7255,7,11,7,625887,50557,89409,36847,0.40043245469522243,0.421571095144387
6783,0.7256,0,4,0,625891,50553,89409,36847,0.40040077303256877,0.4215903890160183
6784,0.7257,7,22,7,625913,50531,89416,36840,0.40022652388797364,0.4216502043011983
6785,0.7258,16,54,16,625967,50477,89432,36824,0.3997988214421493,0.4218050194155852
6786,0.7259,1,2,1,625969,50475,89433,36823,0.39978298061082246,0.42180805974936425
6787,0.726,33,39,33,626008,50436,89466,36790,0.3994740843999493,0.4217779102561163
6788,0.7261,1,11,1,626019,50425,89467,36789,0.39938695982765177,0.42182447772146675
6789,0.7262,2,8,2,626027,50417,89469,36787,0.39932359650234445,0.42184991514150727
6790,0.7263,7,19,7,626046,50398,89476,36780,0.3991731086047396,0.4218954323338457
6791,0.7264,3,5,3,626051,50393,89479,36777,0.3991335065264225,0.4218997361477573
6792,0.7265,1,12,1,626063,50381,89480,36776,0.39903846153846156,0.42195119152793237
6793,0.7266,0,2,0,626065,50379,89480,36776,0.39902262070713473,0.4219608743044002
6794,0.7267,128,222,128,626287,50157,89608,36648,0.3972642884298568,0.4221876620010368
6795,0.7268,4,17,4,626304,50140,89612,36644,0.39712964136357876,0.4222437315634218
6796,0.7269,0,2,0,626306,50138,89612,36644,0.3971138005322519,0.42225346269963815
6797,0.727,7,22,7,626328,50116,89619,36637,0.3969395513876568,0.422313925743202
6798,0.7271,2,14,2,626342,50102,89621,36635,0.39682866556836904,0.4223687699597634
6799,0.7272,4,15,4,626357,50087,89625,36631,0.3967098593334178,0.42241518485204915
6800,0.7273,8,20,8,626377,50067,89633,36623,0.39655145102014955,0.4224593378705733
6801,0.7274,1,4,1,626381,50063,89634,36622,0.3965197693574959,0.4224721693487916
6802,0.7275,60,112,60,626493,49951,89694,36562,0.3956326828031935,0.4226185659958619
6803,0.7276,3,9,3,626502,49942,89697,36559,0.39556139906222276,0.4226425128033202
6804,0.7277,5,10,5,626512,49932,89702,36554,0.39548219490558867,0.4226580024512638
6805,0.7278,8,9,8,626521,49923,89710,36546,0.3954109111646179,0.4226485792596191
6806,0.7279,0,7,0,626528,49916,89710,36546,0.39535546825497403,0.4226827970669196
6807,0.728,11,35,11,626563,49881,89721,36535,0.39507825370675453,0.4227805036104425
6808,0.7281,0,2,0,626565,49879,89721,36535,0.3950624128754277,0.4227902886106418
6809,0.7282,4,18,4,626583,49861,89725,36531,0.39491984539348624,0.42285165293082694
6810,0.7283,42,102,42,626685,49759,89767,36489,0.394111962995818,0.4230706798998238
6811,0.7284,2,8,2,626693,49751,89769,36487,0.3940485996705107,0.42309654676592684
6812,0.7285,9,20,9,626713,49731,89778,36478,0.3938901913572424,0.42313447551879735
6813,0.7286,0,5,0,626718,49726,89778,36478,0.39385058927892536,0.4231590181430096
6814,0.7287,4,12,4,626730,49714,89782,36474,0.3937555442909644,0.42319116350303987
6815,0.7288,3,13,3,626743,49701,89785,36471,0.39365257888734,0.42323492549784153
6816,0.7289,3,4,3,626747,49697,89788,36468,0.39362089722468635,0.42323449196309404
6817,0.729,10,23,10,626770,49674,89798,36458,0.39343872766442783,0.4232805461384851
6818,0.7291,0,5,0,626775,49669,89798,36458,0.39339912558611073,0.4233051191844602
6819,0.7292,10,52,10,626827,49617,89808,36448,0.3929872639716132,0.42349387091152035
6820,0.7293,12,33,12,626860,49584,89820,36436,0.39272589025472054,0.4235759125784701
6821,0.7294,0,3,0,626863,49581,89820,36436,0.3927021290077303,0.42359068556215634
6822,0.7295,8,14,8,626877,49567,89828,36428,0.3925912431884425,0.4236060236060236
6823,0.7296,3,9,3,626886,49558,89831,36425,0.3925199594474718,0.4236302524917716
6824,0.7297,7,13,7,626899,49545,89838,36418,0.39241699404384744,0.42364738317648293
6825,0.7298,3,13,3,626912,49532,89841,36415,0.392314028640223,0.42369134466589875
6826,0.7299,5,6,5,626918,49526,89846,36410,0.39226650614624253,0.42368739527089927
6827,0.73,939,1666,939,628584,47860,90785,35471,0.3790710936509948,0.4256639185897205
6828,0.7301,0,1,0,628585,47859,90785,35471,0.3790631732353314,0.42566902676107043
6829,0.7302,2,13,2,628598,47846,90787,35469,0.37896020783170703,0.4257216587649283
6830,0.7303,2,7,2,628605,47839,90789,35467,0.3789047649220631,0.4257436439152042
6831,0.7304,5,7,5,628612,47832,90794,35462,0.3788493220124192,0.4257449516171633
6832,0.7305,3,11,3,628623,47821,90797,35459,0.3787621974401217,0.4257804995196926
6833,0.7306,0,3,0,628626,47818,90797,35459,0.3787384361931314,0.42579583798647885
6834,0.7307,4,24,4,628650,47794,90801,35455,0.37854834621720945,0.425891001693714
6835,0.7308,11,48,11,628698,47746,90812,35444,0.3781681662653656,0.42606082461834355
6836,0.7309,1,5,1,628703,47741,90813,35443,0.37812856418704854,0.4260795345258704
6837,0.731,16,33,16,628736,47708,90829,35427,0.3778671904701559,0.4261382089372707
6838,0.7311,2,9,2,628745,47699,90831,35425,0.37779590672918517,0.4261705403974785
6839,0.7312,5,15,5,628760,47684,90836,35420,0.3776771004942339,0.42621293800539084
6840,0.7313,4,13,4,628773,47671,90840,35416,0.37757413509060955,0.4262520009147039
6841,0.7314,2,3,2,628776,47668,90842,35414,0.37755037384361934,0.4262535807996919
6842,0.7315,5,14,5,628790,47654,90847,35409,0.3774394880243315,0.42629088763950257
6843,0.7316,0,1,0,628791,47653,90847,35409,0.3774315676086681,0.426296019840601
6844,0.7317,52,97,52,628888,47556,90899,35357,0.3766632872893169,0.42643493782639635
6845,0.7318,6,14,6,628902,47542,90905,35351,0.37655240147002916,0.4264654434029411
6846,0.7319,0,1,0,628903,47541,90905,35351,0.3765444810543657,0.4264705882352941
6847,0.732,13,29,13,628932,47512,90918,35338,0.3763147890001267,0.42652987326493663
6848,0.7321,3,11,3,628943,47501,90921,35335,0.3762276644278292,0.4265657443623545
6849,0.7322,1,7,1,628950,47494,90922,35334,0.3761722215181853,0.42659487129956053
6850,0.7323,3,20,3,628970,47474,90925,35331,0.376013813204917,0.4266771330233681
6851,0.7324,0,3,0,628973,47471,90925,35331,0.37599005195792673,0.4266925919663776
6852,0.7325,44,100,44,629073,47371,90969,35287,0.37519801039158535,0.4269036269931525
6853,0.7326,2,8,2,629081,47363,90971,35285,0.375134647066278,0.42693108121188655
6854,0.7327,8,16,8,629097,47347,90979,35277,0.3750079204156634,0.4269582687838885
6855,0.7328,5,10,5,629107,47337,90984,35272,0.3749287162590293,0.4269752690384825
6856,0.7329,2,5,2,629112,47332,90986,35270,0.3748891141807122,0.4269872400184015
6857,0.733,5,16,5,629128,47316,90991,35265,0.3747623875300976,0.4270352744578051
6858,0.7331,2,3,2,629131,47313,90993,35263,0.37473862628310733,0.42703691145126915
6859,0.7332,1,14,1,629145,47299,90994,35262,0.3746277404638195,0.4271023849032836
6860,0.7333,100,210,100,629355,47089,91094,35162,0.3729644531745026,0.42749632223316436
6861,0.7334,0,7,0,629362,47082,91094,35162,0.3729090102648587,0.42753270755313455
6862,0.7335,8,31,8,629393,47051,91102,35154,0.37266347737929284,0.4276382215193723
6863,0.7336,2,3,2,629396,47048,91104,35152,0.3726397161323026,0.427639902676399
6864,0.7337,4,15,4,629411,47033,91108,35148,0.3725209098973514,0.4276900986846108
6865,0.7338,4,8,4,629419,47025,91112,35144,0.3724575465720441,0.427703878591683
6866,0.7339,2,1,2,629420,47024,91114,35142,0.37244962615638066,0.4276951537132147
6867,0.734,20,56,20,629476,46968,91134,35122,0.3720060828792295,0.42784748446826654
6868,0.7341,1,6,1,629482,46962,91135,35121,0.371958560385249,0.4278717883118307
6869,0.7342,25,62,25,629544,46900,91160,35096,0.3714674946141173,0.4280208790672716
6870,0.7343,8,22,8,629566,46878,91168,35088,0.37129324546952225,0.42807993558304663
6871,0.7344,1,3,1,629569,46875,91169,35087,0.371269484222532,0.42808862643664136
6872,0.7345,8,14,8,629583,46861,91177,35079,0.3711585984032442,0.42810593116914814
6873,0.7346,3,9,3,629592,46852,91180,35076,0.37108731466227346,0.42813201835758224
6874,0.7347,5,14,5,629606,46838,91185,35071,0.3709764288429857,0.42817028653749895
6875,0.7348,6,15,6,629621,46823,91191,35065,0.37085762260803445,0.4282068190699492
6876,0.7349,2,3,2,629624,46820,91193,35063,0.37083386136104424,0.42820854145549136
6877,0.735,229,411,229,630035,46409,91422,34834,0.36757857052338105,0.42876309343574215
6878,0.7351,2,9,2,630044,46400,91424,34832,0.36750728678241035,0.42879653338585777
6879,0.7352,2,12,2,630056,46388,91426,34830,0.36741224179444937,0.42884582235465046
6880,0.7353,3,10,3,630066,46378,91429,34827,0.3673330376378152,0.4288775321716643
6881,0.7354,0,1,0,630067,46377,91429,34827,0.36732511722215183,0.42888281365449976
6882,0.7355,4,15,4,630082,46362,91433,34823,0.36720631098720063,0.4289339163638603
6883,0.7356,2,7,2,630089,46355,91435,34821,0.3671508680775567,0.4289568345323741
6884,0.7357,9,18,9,630107,46337,91444,34812,0.36700830059561523,0.4289886505070919
6885,0.7358,23,56,23,630163,46281,91467,34789,0.36656475731846405,0.4291229801406192
6886,0.7359,0,1,0,630164,46280,91467,34789,0.36655683690280066,0.4291282734460768
6887,0.736,17,45,17,630209,46235,91484,34772,0.366200418197947,0.4292468552100436
6888,0.7361,3,0,3,630209,46235,91487,34769,0.366200418197947,0.4292257172485309
6889,0.7362,4,12,4,630221,46223,91491,34765,0.36610537320998604,0.42926112510495384
6890,0.7363,4,10,4,630231,46213,91495,34761,0.36602616905335195,0.4292859436362289
6891,0.7364,1,2,1,630233,46211,91496,34760,0.3660103282220251,0.42928949870941446
6892,0.7365,6,28,6,630261,46183,91502,34754,0.3657885565834495,0.42939570283059664
6893,0.7366,2,2,2,630263,46181,91504,34752,0.36577271575212267,0.4293922133122459
6894,0.7367,118,218,118,630481,45963,91622,34634,0.36404606513749843,0.4297182277255977
6895,0.7368,7,10,7,630491,45953,91629,34627,0.3639668609808643,0.42972201538843385
6896,0.7369,0,3,0,630494,45950,91629,34627,0.363943099733874,0.4297380145699145
6897,0.737,9,20,9,630514,45930,91638,34618,0.36378469142060577,0.42978100014897946
6898,0.7371,4,3,4,630517,45927,91642,34614,0.3637609301736155,0.4297686892390211
6899,0.7372,4,11,4,630528,45916,91646,34610,0.36367380560131796,0.4297990711074684
6900,0.7373,6,20,6,630548,45896,91652,34604,0.36351539728804966,0.42986335403726705
6901,0.7374,3,7,3,630555,45889,91655,34601,0.3634599543784058,0.42987948813517207
6902,0.7375,53,111,53,630666,45778,91708,34548,0.3625807882397668,0.43009735328536214
6903,0.7376,2,4,2,630670,45774,91710,34546,0.36254910657711314,0.4301045816733068
6904,0.7377,3,23,3,630693,45751,91713,34543,0.36236693701685463,0.43020649114504195
6905,0.7378,6,15,6,630708,45736,91719,34537,0.36224813078190343,0.4302442913557485
6906,0.7379,2,3,2,630711,45733,91721,34535,0.3622243695349132,0.43024617531270243
6907,0.738,11,32,11,630743,45701,91732,34524,0.36197091623368394,0.43033966967902776
6908,0.7381,1,1,1,630744,45700,91733,34523,0.36196299581802055,0.4303379330117298
6909,0.7382,3,10,3,630754,45690,91736,34520,0.3618837916613864,0.430370278020197
6910,0.7383,67,81,67,630835,45609,91803,34453,0.3612422379926499,0.43032899502885263
6911,0.7384,1,9,1,630844,45600,91804,34452,0.3611709542516791,0.4303702593314346
6912,0.7385,5,14,5,630858,45586,91809,34447,0.36106006843239136,0.4304099558931941
6913,0.7386,4,1,4,630859,45585,91813,34443,0.3610521480167279,0.4303868645973909
6914,0.7387,2,14,2,630873,45571,91815,34441,0.3609412621974401,0.4304479328100785
6915,0.7388,4,14,4,630887,45557,91819,34437,0.36083037637815235,0.43049478710903316
6916,0.7389,4,7,4,630894,45550,91823,34433,0.3607749334685084,0.43050398209619545
6917,0.739,10,24,10,630918,45526,91833,34423,0.3605848434925865,0.43056198326433104
6918,0.7391,0,2,0,630920,45524,91833,34423,0.3605690026612597,0.430572754449823
6919,0.7392,17,45,17,630965,45479,91850,34406,0.36021258395640604,0.4306941228015272
6920,0.7393,9,20,9,630985,45459,91859,34397,0.36005417564313774,0.430737828090563
6921,0.7394,3,3,3,630988,45456,91862,34394,0.3600304143961475,0.4307326236693801
6922,0.7395,7,15,7,631003,45441,91869,34387,0.3599116081611963,0.4307636418299344
6923,0.7396,2,4,2,631007,45437,91871,34385,0.35987992649854267,0.4307709653980106
6924,0.7397,2,17,2,631024,45420,91873,34383,0.3597452794322646,0.43084846434344576
6925,0.7398,1,17,1,631041,45403,91874,34382,0.35961063236598656,0.4309331327943849
6926,0.7399,0,3,0,631044,45400,91874,34382,0.35958687111899634,0.4309493369431701
6927,0.74,1001,1723,1001,632767,43677,92875,33381,0.34593999493093397,0.4331931791637468
6928,0.7401,1,6,1,632773,43671,92876,33380,0.3458924724369535,0.4332195558785739
6929,0.7402,5,9,5,632782,43662,92881,33375,0.3458211886959828,0.4332333813622026
6930,0.7403,7,20,7,632802,43642,92888,33368,0.3456627803827145,0.43329437735359044
6931,0.7404,2,6,2,632808,43636,92890,33366,0.345615257888734,0.43331342043063814
6932,0.7405,10,11,10,632819,43625,92900,33356,0.34552813331643645,0.4333017238019771
6933,0.7406,0,3,0,632822,43622,92900,33356,0.34550437206944623,0.43331861051209436
6934,0.7407,8,21,8,632843,43601,92908,33348,0.3453380433405145,0.4333779516303006
6935,0.7408,13,46,13,632889,43555,92921,33335,0.34497370421999746,0.4335414228118091
6936,0.7409,0,2,0,632891,43553,92921,33335,0.3449578633886706,0.4335527000312142
6937,0.741,6,30,6,632921,43523,92927,33329,0.34472025091876823,0.43367771821162754
6938,0.7411,0,2,0,632923,43521,92927,33329,0.3447044100874414,0.43368900455432663
6939,0.7412,2,14,2,632937,43507,92929,33327,0.3445935242681536,0.43375328630554183
6940,0.7413,9,18,9,632955,43489,92938,33318,0.3444509567862121,0.4337885869777494
6941,0.7414,1,7,1,632962,43482,92939,33317,0.34439551387656825,0.4338207528743864
6942,0.7415,6,13,6,632975,43469,92945,33311,0.3442925484729439,0.4338499609273248
6943,0.7416,0,8,0,632983,43461,92945,33311,0.34422918514763656,0.4338951701141041
6944,0.7417,54,94,54,633077,43367,92999,33257,0.3434846660752756,0.4340285028189601
6945,0.7418,7,14,7,633091,43353,93006,33250,0.34337378025598786,0.4340561074631542
6946,0.7419,1,6,1,633097,43347,93007,33249,0.34332625776200737,0.4340827197242676
6947,0.742,15,35,15,633132,43312,93022,33234,0.3430490432137879,0.4341703028244454
6948,0.7421,3,4,3,633136,43308,93025,33231,0.3430173615511342,0.4341708148786893
6949,0.7422,5,10,5,633146,43298,93030,33226,0.34293815739450006,0.434190580732842
6950,0.7423,4,23,4,633169,43275,93034,33222,0.34275598783424155,0.43429154084473903
6951,0.7424,2,9,2,633178,43266,93036,33220,0.34268470409327084,0.4343278508485213
6952,0.7425,47,125,47,633303,43141,93083,33173,0.34169465213534406,0.4346908824068978
6953,0.7426,3,2,3,633305,43139,93086,33170,0.3416788113040172,0.43468005084590283
6954,0.7427,9,17,9,633322,43122,93095,33161,0.3415441642377392,0.43471022377200685
6955,0.7428,3,11,3,633333,43111,93098,33158,0.34145703966544166,0.4347506850751944
6956,0.7429,3,14,3,633347,43097,93101,33155,0.34134615384615385,0.43480826732413574
6957,0.743,5,22,5,633369,43075,93106,33150,0.3411719047015587,0.4348966874385044
6958,0.7431,1,2,1,633371,43073,93107,33149,0.3411560638702319,0.4349006848416468
6959,0.7432,1,12,1,633383,43061,93108,33148,0.3410610188822709,0.4349617499245496
6960,0.7433,86,208,86,633591,42853,93194,33062,0.33941357242428083,0.4355134031482579
6961,0.7434,0,5,0,633596,42848,93194,33062,0.3393739703459638,0.4355420893162956
6962,0.7435,3,14,3,633610,42834,93197,33059,0.339263084526676,0.4356001212233012
6963,0.7436,6,6,6,633616,42828,93203,33053,0.3392155620326955,0.4355899368748435
6964,0.7437,4,20,4,633636,42808,93207,33049,0.3390571537194272,0.43567502010361603
6965,0.7438,8,9,8,633645,42799,93215,33041,0.3389858699784565,0.435667194092827
6966,0.7439,1,3,1,633648,42796,93216,33040,0.3389621087314662,0.4356769871828683
6967,0.744,17,45,17,633693,42751,93233,33023,0.3386056900266126,0.43580911658352467
6968,0.7441,1,4,1,633697,42747,93234,33022,0.33857400836395896,0.4358246776386121
6969,0.7442,11,36,11,633733,42711,93245,33011,0.338288873400076,0.4359499220834104
6970,0.7443,8,21,8,633754,42690,93253,33003,0.33812254467114433,0.4360112559946098
6971,0.7444,1,9,1,633763,42681,93254,33002,0.3380512609301736,0.4360556531849953
6972,0.7445,4,10,4,633773,42671,93258,32998,0.3379720567735395,0.4360834687917113
6973,0.7446,1,5,1,633778,42666,93259,32997,0.33793245469522243,0.43610483327385907
6974,0.7447,3,11,3,633789,42655,93262,32994,0.33784533012292484,0.43614588428135204
6975,0.7448,1,22,1,633811,42633,93263,32993,0.33767108097832976,0.4362653055827361
6976,0.7449,1,0,1,633811,42633,93264,32992,0.33767108097832976,0.4362578512396694
6977,0.745,199,426,199,634237,42207,93463,32793,0.3342969839057154,0.43724
6978,0.7451,1,2,1,634239,42205,93464,32792,0.33428114307438855,0.43724415643292397
6979,0.7452,8,10,8,634249,42195,93472,32784,0.3342019389177544,0.43724242787980633
6980,0.7453,6,17,6,634266,42178,93478,32778,0.3340672918514764,0.43729654730775386
6981,0.7454,4,4,4,634270,42174,93482,32774,0.3340356101888227,0.43728985429898065
6982,0.7455,3,12,3,634282,42162,93485,32771,0.33394056520086174,0.43733735470353513
6983,0.7456,1,2,1,634284,42160,93486,32770,0.3339247243695349,0.4373415187508341
6984,0.7457,13,19,13,634303,42141,93499,32757,0.33377423647193005,0.43735480253144277
6985,0.7458,19,37,19,634340,42104,93518,32738,0.3334811810923837,0.43742818203682426
6986,0.746,24,41,24,634381,42063,93542,32714,0.33315644405018374,0.4374874627224949
6987,0.7461,1,9,1,634390,42054,93543,32713,0.33308516030921304,0.43753260128131394
6988,0.7462,6,13,6,634403,42041,93549,32707,0.33298219490558867,0.4375635468507519
6989,0.7463,5,16,5,634419,42025,93554,32702,0.33285546825497403,0.43761960201801225
6990,0.7464,0,6,0,634425,42019,93554,32702,0.33280794576099354,0.4376547423080526
6991,0.7465,5,10,5,634435,42009,93559,32697,0.3327287416043594,0.43767568869970286
6992,0.7466,0,2,0,634437,42007,93559,32697,0.33271290077303256,0.4376874062968516
6993,0.7467,113,201,113,634638,41806,93672,32584,0.33112089722468635,0.43801586234708967
6994,0.7468,3,12,3,634650,41794,93675,32581,0.33102585223672537,0.4380638655462185
6995,0.7469,0,4,0,634654,41790,93675,32581,0.3309941705740717,0.4380874265506716
6996,0.747,5,22,5,634676,41768,93680,32576,0.33081992142947664,0.43817927472290974
6997,0.7471,4,8,4,634684,41760,93684,32572,0.3307565581041693,0.4381962008287144
6998,0.7472,11,14,11,634698,41746,93695,32561,0.3306456722848815,0.4381955939548091
6999,0.7473,10,18,10,634716,41728,93705,32551,0.33050310480294004,0.4382261473633194
7000,0.7474,1,1,1,634717,41727,93706,32550,0.33049518438727665,0.4382244840260107
7001,0.7475,42,111,42,634828,41616,93748,32508,0.3296160182486377,0.4385624089363769
7002,0.7476,0,5,0,634833,41611,93748,32508,0.32957641617032063,0.4385919939556659
7003,0.7477,6,13,6,634846,41598,93754,32502,0.32947345076669626,0.4386234817813765
7004,0.7478,3,15,3,634861,41583,93757,32499,0.329354644531745,0.4386895602170568
7005,0.7479,4,7,4,634868,41576,93761,32495,0.32929920162210113,0.4387007060793023
7006,0.748,13,34,13,634902,41542,93774,32482,0.329029907489545,0.4388036312547282
7007,0.7481,1,2,1,634904,41540,93775,32481,0.3290140666582182,0.43880790586455193
7008,0.7482,4,10,4,634914,41530,93779,32477,0.3289348625015841,0.43883686678287187
7009,0.7483,51,109,51,635023,41421,93830,32426,0.32807153719427196,0.4390970520129457
7010,0.7484,0,2,0,635025,41419,93830,32426,0.3280556963629451,0.43910894441058973
7011,0.7485,2,11,2,635036,41408,93832,32424,0.3279685717906476,0.4391591721746668
7012,0.7486,3,5,3,635041,41403,93835,32421,0.3279289697123305,0.4391661248374512
7013,0.7487,6,11,6,635052,41392,93841,32415,0.32784184514003295,0.4391859850691669
7014,0.7488,5,14,5,635066,41378,93846,32410,0.32773095932074514,0.4392313113243346
7015,0.7489,1,6,1,635072,41372,93847,32409,0.32768343682676465,0.439259429934536
7016,0.749,5,27,5,635099,41345,93852,32404,0.3274695856038525,0.43938222891157847
7017,0.7491,2,4,2,635103,41341,93854,32402,0.3274379039411988,0.4393908574373161
7018,0.7492,17,37,17,635140,41304,93871,32385,0.3271448485616525,0.4394821479460978
7019,0.7493,5,28,5,635168,41276,93876,32380,0.3269230769230769,0.439611165417617
7020,0.7494,1,7,1,635175,41269,93877,32379,0.32686763401343305,0.439645339995655
7021,0.7495,0,11,0,635186,41258,93877,32379,0.32678050944113546,0.4397110148430816
7022,0.7496,3,11,3,635197,41247,93880,32376,0.3266933848688379,0.43975388125993237
7023,0.7497,4,20,4,635217,41227,93884,32372,0.3265349765555696,0.4398429326485414
7024,0.7498,2,8,2,635225,41219,93886,32370,0.3264716132302623,0.4398755248746416
7025,0.7499,0,4,0,635229,41215,93886,32370,0.32643993156760864,0.43989943602636405
7026,0.75,1060,1626,1060,636855,39589,94946,31310,0.3135613356988975,0.4416141271386056
7027,0.7501,3,1,3,636856,39588,94949,31307,0.31355341528323405,0.4415967275548346
7028,0.7502,3,19,3,636875,39569,94952,31304,0.3134029273856292,0.44169147630268224
7029,0.7503,4,9,4,636884,39560,94956,31300,0.3133316436446585,0.4417160598362969
7030,0.7504,3,7,3,636891,39553,94959,31297,0.31327620073501455,0.44173606210303457
7031,0.7505,4,13,4,636904,39540,94963,31293,0.3131732353313902,0.4417856084028631
7032,0.7506,1,4,1,636908,39536,94964,31292,0.3131415536687365,0.44180267690743774
7033,0.7507,5,26,5,636934,39510,94969,31287,0.3129356228614878,0.44192550531802194
7034,0.7508,14,38,14,636972,39472,94983,31273,0.312634647066278,0.4420524418686833
7035,0.7509,0,6,0,636978,39466,94983,31273,0.31258712457229754,0.44208993624450443
7036,0.751,6,22,6,637000,39444,94989,31267,0.31241287542770246,0.4421801417035539
7037,0.7511,1,2,1,637002,39442,94990,31266,0.31239703459637563,0.4421847598574419
7038,0.7512,2,13,2,637015,39429,94992,31264,0.3122940691927512,0.44225029352269674
7039,0.7513,4,14,4,637029,39415,94996,31260,0.31218318337346346,0.4423063318004952
7040,0.7514,0,5,0,637034,39410,94996,31260,0.31214358129514636,0.4423376255836989
7041,0.7515,9,12,9,637046,39398,95005,31251,0.3120485363071854,0.4423417175048479
7042,0.7516,1,6,1,637052,39392,95006,31250,0.31200101381320494,0.44237139378839785
7043,0.7517,42,96,42,637148,39296,95048,31208,0.31124065390951716,0.44264155225235446
7044,0.7518,3,27,3,637175,39269,95051,31205,0.311026802686605,0.4427874109600704
7045,0.7519,1,2,1,637177,39267,95052,31204,0.31101096185527816,0.4427920704970839
7046,0.752,18,18,18,637195,39249,95070,31186,0.3108683943733367,0.4427628309789167
7047,0.7521,4,9,4,637204,39240,95074,31182,0.310797110632366,0.4427877651870154
7048,0.7522,4,7,4,637211,39233,95078,31178,0.3107416677227221,0.44280013066140234
7049,0.7523,3,16,3,637227,39217,95081,31175,0.31061494107210746,0.4428770314808501
7050,0.7524,2,2,2,637229,39215,95083,31173,0.31059910024078063,0.44287378530431326
7051,0.7525,39,111,39,637340,39104,95122,31134,0.30971993410214166,0.4432643298499388
7052,0.7526,2,6,2,637346,39098,95124,31132,0.30967241160816117,0.443286344866866
7053,0.7527,3,24,3,637370,39074,95127,31129,0.30948232163223927,0.4434140991125735
7054,0.7528,3,11,3,637381,39063,95130,31126,0.30939519705994173,0.4434598013933807
7055,0.7529,2,5,2,637386,39058,95132,31124,0.3093555949816246,0.443475535037474
7056,0.753,6,17,6,637403,39041,95138,31118,0.3092209479153466,0.44353539816702064
7057,0.7531,0,5,0,637408,39036,95138,31118,0.30918134583702955,0.4435670097214699
7058,0.7532,4,13,4,637421,39023,95142,31114,0.30907838043340513,0.4436174914809587
7059,0.7533,118,206,118,637627,38817,95260,30996,0.3074467748067419,0.44398607709165916
7060,0.7534,0,1,0,637628,38816,95260,30996,0.30743885439107843,0.44399243683034434
7061,0.7535,8,13,8,637641,38803,95268,30988,0.30733588898745406,0.44401140548208223
7062,0.7536,2,2,2,637643,38801,95270,30986,0.30732004815612723,0.4440081963689512
7063,0.7537,8,13,8,637656,38788,95278,30978,0.30721708275250287,0.4440271765616489
7064,0.7538,2,14,2,637670,38774,95280,30976,0.30710619693321506,0.44410035842293905
7065,0.7539,1,0,1,637670,38774,95281,30975,0.30710619693321506,0.44409238842133936
7066,0.754,20,46,20,637716,38728,95301,30955,0.306741857812698,0.4442259948624485
7067,0.7541,0,3,0,637719,38725,95301,30955,0.30671809656570775,0.4442451205510907
7068,0.7542,21,47,21,637766,38678,95322,30934,0.30634583702952733,0.4443774061943343
7069,0.7543,8,22,8,637788,38656,95330,30926,0.3061715878849322,0.44445402546635626
7070,0.7544,1,2,1,637790,38654,95331,30925,0.3061557470536054,0.44445881659696174
7071,0.7545,5,9,5,637799,38645,95336,30920,0.30608446331263467,0.4444763889887156
7072,0.7546,0,4,0,637803,38641,95336,30920,0.306052781649981,0.4445019479305933
7073,0.7547,5,15,5,637818,38626,95341,30915,0.30593397541502976,0.4445578867143124
7074,0.7548,7,9,7,637827,38617,95348,30908,0.30586269167405905,0.44455951096727797
7075,0.7549,3,3,3,637830,38614,95351,30905,0.30583893042706883,0.4445547260461169
7076,0.755,202,352,202,638182,38262,95553,30703,0.3030509441135471,0.4451968389762923
7077,0.7551,1,1,1,638183,38261,95554,30702,0.30304302369788366,0.4451952496266114
7078,0.7552,3,7,3,638190,38254,95557,30699,0.3029875807882398,0.4452163067596769
7079,0.7553,4,8,4,638198,38246,95561,30695,0.30292421746293247,0.44523578132025937
7080,0.7554,1,1,1,638199,38245,95562,30694,0.302916297047269,0.44523419254703434
7081,0.7555,3,12,3,638211,38233,95565,30691,0.3028212520593081,0.445287563112994
7082,0.7556,4,4,4,638215,38229,95569,30687,0.30278957039665444,0.44528121191015146
7083,0.7557,6,25,6,638240,38204,95575,30681,0.3025915600050691,0.44539449807650433
7084,0.7558,9,42,9,638282,38162,95584,30672,0.30225890254720567,0.44559374727605544
7085,0.7559,0,1,0,638283,38161,95584,30672,0.3022509821315423,0.44560022082431394
7086,0.756,19,41,19,638324,38120,95603,30653,0.3019262450893423,0.44571270702165094
7087,0.7561,0,4,0,638328,38116,95603,30653,0.30189456342668863,0.4457386322325466
7088,0.7562,2,9,2,638337,38107,95605,30651,0.3018232796857179,0.4457808545914657
7089,0.7563,3,12,3,638349,38095,95608,30648,0.30172823469775695,0.44583448496574196
7090,0.7564,0,3,0,638352,38092,95608,30648,0.3017044734507667,0.4458539423916206
7091,0.7565,0,11,0,638363,38081,95608,30648,0.30161734887846914,0.4459253008191593
7092,0.7566,2,5,2,638368,38076,95610,30646,0.3015777468001521,0.4459416198597247
7093,0.7567,115,188,115,638556,37888,95725,30531,0.30008870865543025,0.4462356947631506
7094,0.7568,4,11,4,638567,37877,95729,30527,0.30000158408313266,0.4462750716332378
7095,0.7569,1,4,1,638571,37873,95730,30526,0.29996990242047905,0.4462930744601529
7096,0.757,8,15,8,638586,37858,95738,30518,0.2998510961855278,0.4463261963261963
7097,0.7571,2,5,2,638591,37853,95740,30516,0.29981149410721075,0.4463426406704793
7098,0.7572,3,8,3,638599,37845,95743,30513,0.29974813078190343,0.4463705784253489
7099,0.7573,3,14,3,638613,37831,95746,30510,0.2996372449626156,0.4464377167439751
7100,0.7574,2,4,2,638617,37827,95748,30508,0.29960556329996196,0.44644764761835076
7101,0.7575,53,89,53,638706,37738,95801,30455,0.2989006463059181,0.44660009091842273
7102,0.7576,2,4,2,638710,37734,95803,30453,0.29886896464326446,0.4466100576356197
7103,0.7577,7,13,7,638723,37721,95810,30446,0.2987659992396401,0.4466384027461968
7104,0.7578,3,6,3,638729,37715,95813,30443,0.2987184767456596,0.4466533642419085
7105,0.7579,0,1,0,638730,37714,95813,30443,0.2987105563299962,0.4466599175433191
7106,0.758,18,34,18,638764,37680,95831,30425,0.2984412621974401,0.44673665663314
7107,0.7581,3,3,3,638767,37677,95834,30422,0.2984175009504499,0.4467319637586455
7108,0.7582,3,16,3,638783,37661,95837,30419,0.29829077429983525,0.44681257344300823
7109,0.7583,40,97,40,638880,37564,95877,30379,0.2975224939804841,0.4471247957847019
7110,0.7584,0,2,0,638882,37562,95877,30379,0.29750665314915725,0.4471379579340899
7111,0.7585,9,9,9,638891,37553,95886,30370,0.29743536940818655,0.4471239491777454
7112,0.7586,5,7,5,638898,37546,95891,30365,0.29737992649854267,0.44712933103620917
7113,0.7587,7,14,7,638912,37532,95898,30358,0.29726904067925486,0.4471645308587421
7114,0.7588,4,16,4,638928,37516,95902,30354,0.2971423140286402,0.44723736555179017
7115,0.7589,3,3,3,638931,37513,95905,30351,0.29711855278165,0.4472327006955087
7116,0.759,15,22,15,638953,37491,95920,30336,0.2969443036370549,0.4472555177141846
7117,0.7592,17,50,17,639003,37441,95937,30319,0.2965482828538842,0.4474468713105077
7118,0.7593,6,13,6,639016,37428,95943,30313,0.2964453174502598,0.44748379858579
7119,0.7594,1,3,1,639019,37425,95944,30312,0.29642155620326954,0.4474954603835422
7120,0.7595,3,10,3,639029,37415,95947,30309,0.2963423520466354,0.44753706219360934
7121,0.7596,6,11,6,639040,37404,95953,30303,0.29625522747433786,0.44756081350525057
7122,0.7597,3,9,3,639049,37395,95956,30300,0.29618394373336715,0.44759583425659205
7123,0.7598,3,12,3,639061,37383,95959,30297,0.29608889874540617,0.44765070921985817
7124,0.7599,1,5,1,639066,37378,95960,30296,0.29604929666708907,0.4476756213612318
7125,0.76,1111,1586,1111,640652,35792,97071,29185,0.28348751742491446,0.44915893316096467
7126,0.7601,5,7,5,640659,35785,97076,29180,0.2834320745152706,0.44916493496498117
7127,0.7602,2,8,2,640667,35777,97078,29178,0.28336871118996326,0.4492032945885613
7128,0.7603,7,17,7,640684,35760,97085,29171,0.28323406412368524,0.4492615237713881
7129,0.7604,1,3,1,640687,35757,97086,29170,0.28321030287669496,0.4492737998059359
7130,0.7605,3,18,3,640705,35739,97089,29167,0.2830677353947535,0.44937293932764305
7131,0.7606,2,4,2,640709,35735,97091,29165,0.28303605373209983,0.44938366718027734
7132,0.7607,8,17,8,640726,35718,97099,29157,0.2829014066658218,0.44943352601156067
7133,0.7608,11,31,11,640757,35687,97110,29146,0.282655873780256,0.44955501056560704
7134,0.7609,2,2,2,640759,35685,97112,29144,0.28264003294892914,0.44955189807030804
7135,0.761,5,23,5,640782,35662,97117,29139,0.2824578633886706,0.4496689865897131
7136,0.7611,2,6,2,640788,35656,97119,29137,0.28241034089469014,0.4496936397450342
7137,0.7612,1,17,1,640805,35639,97120,29136,0.2822756938284121,0.44980316480123506
7138,0.7613,4,17,4,640822,35622,97124,29132,0.2821410467621341,0.44988726565154274
7139,0.7614,3,4,3,640826,35618,97127,29129,0.2821093650994804,0.4498895701731354
7140,0.7615,3,14,3,640840,35604,97130,29126,0.2819984792801926,0.4499613780318245
7141,0.7616,3,4,3,640844,35600,97133,29123,0.28196679761753896,0.4499636914234507
7142,0.7617,35,96,35,640940,35504,97168,29088,0.28120643771385123,0.4503344067376765
7143,0.7618,6,18,6,640958,35486,97174,29082,0.28106387023190976,0.45040887126750095
7144,0.7619,0,4,0,640962,35482,97174,29082,0.2810321885692561,0.4504367759122731
7145,0.762,15,28,15,640990,35454,97189,29067,0.28081041693068054,0.4505044869112382
7146,0.7621,3,8,3,640998,35446,97192,29064,0.2807470536053732,0.45053480080607655
7147,0.7622,4,7,4,641005,35439,97196,29060,0.2806916106957293,0.4505496209243554
7148,0.7623,4,9,4,641014,35430,97200,29056,0.2806203269547586,0.45057842012219707
7149,0.7624,1,2,1,641016,35428,97201,29055,0.28060448612343175,0.45058387481971995
7150,0.7625,64,125,64,641141,35303,97265,28991,0.279614434165505,0.4509129934364015
7151,0.7626,2,6,2,641147,35297,97267,28989,0.27956691167152453,0.45093799583112965
7152,0.7627,6,20,6,641167,35277,97273,28983,0.27940850335825623,0.45102707749766574
7153,0.7628,3,11,3,641178,35266,97276,28980,0.2793213787859587,0.4510786663761168
7154,0.7629,2,9,2,641187,35257,97278,28978,0.27925009504498793,0.4511247762123453
7155,0.763,12,9,12,641196,35248,97290,28966,0.2791788113040172,0.45108543308312826
7156,0.7631,0,4,0,641200,35244,97290,28966,0.27914712964136357,0.45111353371748947
7157,0.7632,3,12,3,641212,35232,97293,28963,0.2790520846534026,0.45117220967365057
7158,0.7633,108,168,108,641380,35064,97401,28855,0.27772145482194904,0.45143071700120463
7159,0.7634,1,8,1,641388,35056,97402,28854,0.2776580914966417,0.4514786418400876
7160,0.7635,5,11,5,641399,35045,97407,28849,0.2775709669243442,0.45151344414185995
7161,0.7636,0,7,0,641406,35038,97407,28849,0.2775155240147003,0.451562915773162
7162,0.7637,2,3,2,641409,35035,97409,28847,0.27749176276771004,0.4515669515669516
7163,0.7638,0,6,0,641415,35029,97409,28847,0.27744424027372955,0.45160936815079217
7164,0.7639,2,5,2,641420,35024,97411,28845,0.2774046381954125,0.4516275501416963
7165,0.764,28,53,28,641473,34971,97439,28817,0.27698485616525154,0.451762086912899
7166,0.7641,0,3,0,641476,34968,97439,28817,0.2769610949182613,0.4517833346398056
7167,0.7642,18,45,18,641521,34923,97457,28799,0.2766046762134077,0.45194752204889993
7168,0.7643,8,23,8,641544,34900,97465,28791,0.27642250665314916,0.4520418897489441
7169,0.7644,0,3,0,641547,34897,97465,28791,0.27639874540615894,0.4520631830172089
7170,0.7645,2,13,2,641560,34884,97467,28789,0.2762957800025345,0.4521382689680084
7171,0.7646,1,9,1,641569,34875,97468,28788,0.2762244962615638,0.45219358182932
7172,0.7647,4,12,4,641581,34863,97472,28784,0.27612945127360283,0.45224441057708925
7173,0.7648,3,13,3,641594,34850,97475,28781,0.27602648586997847,0.4523109804969276
7174,0.7649,3,2,3,641596,34848,97478,28778,0.27601064503865164,0.4522993744695565
7175,0.765,226,355,226,641951,34493,97704,28552,0.27319889747813964,0.4528828614481719
7176,0.7651,1,3,1,641954,34490,97705,28551,0.2731751362311494,0.45289573452197773
7177,0.7652,3,10,3,641964,34480,97708,28548,0.27309593207451527,0.4529415497873961
7178,0.7653,6,13,6,641977,34467,97714,28542,0.2729929666708909,0.4529829072037328
7179,0.7654,1,1,1,641978,34466,97715,28541,0.27298504625522746,0.452981414763439
7180,0.7655,7,16,7,641994,34450,97722,28534,0.2728583196046129,0.4530356916042169
7181,0.7656,1,2,1,641996,34448,97723,28533,0.27284247877328605,0.45304139343611566
7182,0.7657,6,18,6,642014,34430,97729,28527,0.2726999112913446,0.4531187953682672
7183,0.7658,20,41,20,642055,34389,97749,28507,0.2723751742491446,0.45324026965148817
7184,0.7659,2,7,2,642062,34382,97751,28505,0.2723197313395007,0.45327333153115906
7185,0.766,20,42,20,642104,34340,97771,28485,0.2719870738816373,0.45340230799840825
7186,0.7661,2,6,2,642110,34334,97773,28483,0.2719395513876568,0.4534282121081873
7187,0.7662,0,13,0,642123,34321,97773,28483,0.27183658598403243,0.4535220686580473
7188,0.7663,1,9,1,642132,34312,97774,28482,0.2717653022430617,0.45357836735993884
7189,0.7664,0,6,0,642138,34306,97774,28482,0.27171777974908123,0.4536217111549978
7190,0.7665,3,10,3,642148,34296,97777,28479,0.2716385755924471,0.45366786140979687
7191,0.7666,1,6,1,642154,34290,97778,28478,0.2715910530984666,0.4537025235788937
7192,0.7667,126,175,126,642329,34115,97904,28352,0.2702049803573692,0.45387164422815246
7193,0.7668,3,7,3,642336,34108,97907,28349,0.27014953744772524,0.45389628064108106
7194,0.7669,2,1,2,642337,34107,97909,28347,0.27014161703206185,0.4538860601402632
7195,0.767,2,13,2,642350,34094,97911,28345,0.2700386516284375,0.4539630679543234
7196,0.7671,8,13,8,642363,34081,97919,28337,0.26993568622481307,0.45398763177288604
7197,0.7672,3,15,3,642378,34066,97922,28334,0.26981687998986187,0.4540705128205128
7198,0.7673,11,15,11,642393,34051,97933,28323,0.26969807375491067,0.4540834321993138
7199,0.7674,0,1,0,642394,34050,97933,28323,0.26969015333924723,0.45409071232744935
7200,0.7675,47,105,47,642499,33945,97980,28276,0.2688585096945888,0.45444464087687436
7201,0.7676,1,4,1,642503,33941,97981,28275,0.26882682803193514,0.4544650893660795
7202,0.7677,5,14,5,642517,33927,97986,28270,0.26871594221264733,0.45452353007379775
7203,0.7678,2,10,2,642527,33917,97988,28268,0.2686367380560132,0.45457907855592183
7204,0.7679,4,8,4,642535,33909,97992,28264,0.26857337473070586,0.4546024801762823
7205,0.768,11,29,11,642564,33880,98003,28253,0.26834368267646685,0.45471810471086216
7206,0.7681,1,3,1,642567,33877,98004,28252,0.26831992142947664,0.4547312849072092
7207,0.7682,4,16,4,642583,33861,98008,28248,0.268193194778862,0.45481331208037484
7208,0.7683,46,77,46,642660,33784,98054,28202,0.26758332277277913,0.4549737037395541
7209,0.7685,8,23,8,642683,33761,98062,28194,0.2674011532125206,0.4550722298442418
7210,0.7686,4,5,4,642688,33756,98066,28190,0.2673615511342035,0.45507377393213444
7211,0.7687,4,16,4,642704,33740,98070,28186,0.2672348244835889,0.4551561541194329
7212,0.7688,3,10,3,642714,33730,98073,28183,0.2671556203269548,0.4552032691034193
7213,0.7689,0,1,0,642715,33729,98073,28183,0.26714769991129134,0.4552106215273291
7214,0.769,12,12,12,642727,33717,98085,28171,0.26705265492333036,0.45519325232678387
7215,0.7691,1,1,1,642728,33716,98086,28170,0.26704473450766697,0.45519180428529876
7216,0.7692,10,25,10,642753,33691,98096,28160,0.2668467241160816,0.4552877075552538
7217,0.7693,8,14,8,642767,33677,98104,28152,0.2667358382967938,0.4553203189441848
7218,0.7694,0,4,0,642771,33673,98104,28152,0.26670415663414015,0.45534977759805906
7219,0.7695,4,7,4,642778,33666,98108,28148,0.2666487137244963,0.45536609829488467
7220,0.7696,1,5,1,642783,33661,98109,28147,0.2666091116461792,0.45539412373802746
7221,0.7697,1,12,1,642795,33649,98110,28146,0.2665140666582182,0.455473743830407
7222,0.7698,1,9,1,642804,33640,98111,28145,0.2664427829172475,0.45553127781824065
7223,0.7699,1,6,1,642810,33634,98112,28144,0.266395260423267,0.4555667065945806
7224,0.77,1062,1441,1062,644251,32193,99174,27082,0.2549819414522874,0.45688738928722056
7225,0.7701,0,1,0,644252,32192,99174,27082,0.254974021036624,0.45689509734453554
7226,0.7702,2,7,2,644259,32185,99176,27080,0.2549185781269801,0.45693073483506286
7227,0.7703,2,13,2,644272,32172,99178,27078,0.25481561272335573,0.4570126582278481
7228,0.7704,0,3,0,644275,32169,99178,27078,0.25479185147636546,0.45703579928097626
7229,0.7705,1,15,1,644290,32154,99179,27077,0.25467304524141426,0.45714237476996844
7230,0.7706,1,0,1,644290,32154,99180,27076,0.25467304524141426,0.4571332095222016
7231,0.7707,8,22,8,644312,32132,99188,27068,0.25449879609681914,0.45722972972972975
7232,0.7708,16,31,16,644343,32101,99204,27052,0.2542532632112533,0.4573225364732135
7233,0.7709,2,2,2,644345,32099,99206,27050,0.2542374223799265,0.457319650374478
7234,0.771,9,29,9,644374,32070,99215,27041,0.2540077303256875,0.45746138620561316
7235,0.7711,2,5,2,644379,32065,99217,27039,0.2539681282473704,0.4574817271250677
7236,0.7712,0,7,0,644386,32058,99217,27039,0.25391268533772654,0.45753591552870704
7237,0.7713,3,7,3,644393,32051,99220,27036,0.2538572424280826,0.4575625772166466
7238,0.7714,2,3,2,644396,32048,99222,27034,0.2538334811810924,0.45756744863071663
7239,0.7715,3,6,3,644402,32042,99225,27031,0.2537859586871119,0.45758637617862646
7240,0.7716,0,3,0,644405,32039,99225,27031,0.2537621974401217,0.4576096157101744
7241,0.7717,51,91,51,644496,31948,99276,26980,0.253041439614751,0.45784686396959
7242,0.7718,3,6,3,644502,31942,99279,26977,0.2529939171207705,0.4578658836708023
7243,0.7719,0,1,0,644503,31941,99279,26977,0.2529859967051071,0.4578736549102142
7244,0.772,13,23,13,644526,31918,99292,26964,0.25280382714484856,0.45793281478210657
7245,0.7721,1,2,1,644528,31916,99293,26963,0.25278798631352173,0.4579391633689431
7246,0.7722,3,14,3,644542,31902,99296,26960,0.2526771004942339,0.45802045462267676
7247,0.7723,2,11,2,644553,31891,99298,26958,0.2525899759219364,0.458087648048395
7248,0.7724,0,3,0,644556,31888,99298,26958,0.25256621467494617,0.4581110015973898
7249,0.7725,44,98,44,644654,31790,99342,26914,0.25179001393993156,0.45846961024802396
7250,0.7726,3,8,3,644662,31782,99345,26911,0.25172665061462424,0.45850442131088887
7251,0.7727,8,14,8,644676,31768,99353,26903,0.2516157647953365,0.4585399942049735
7252,0.7728,1,7,1,644683,31761,99354,26902,0.25156032188569255,0.4585854797743041
7253,0.7729,1,9,1,644692,31752,99355,26901,0.25148903814472184,0.45864661654135336
7254,0.773,4,23,4,644715,31729,99359,26897,0.2513068685844633,0.4587896155289462
7255,0.7731,3,6,3,644721,31723,99362,26894,0.25125934609048284,0.45880887797055464
7256,0.7732,2,12,2,644733,31711,99364,26892,0.25116430110252186,0.45888435745610295
7257,0.7733,106,183,106,644916,31528,99470,26786,0.2497148650361171,0.45934081009706074
7258,0.7734,2,0,2,644916,31528,99472,26784,0.2497148650361171,0.4593222664288654
7259,0.7735,3,18,3,644934,31510,99475,26781,0.24957229755417565,0.45943627661216996
7260,0.7736,0,3,0,644937,31507,99475,26781,0.2495485363071854,0.459459923140269
7261,0.7737,1,7,1,644944,31500,99476,26780,0.2494930933975415,0.4595058339052848
7262,0.7738,1,7,1,644951,31493,99477,26779,0.2494376504878976,0.4595517572762219
7263,0.7739,1,6,1,644957,31487,99478,26778,0.24939012799391713,0.45958980520037757
7264,0.774,19,41,19,644998,31446,99497,26759,0.24906539095171715,0.45973713598488103
7265,0.7741,1,5,1,645003,31441,99498,26758,0.24902578887340007,0.45976734995446655
7266,0.7742,15,41,15,645044,31400,99513,26743,0.24870105183120012,0.45995218684966377
7267,0.7743,6,19,6,645063,31381,99519,26737,0.24855056393359523,0.4600468013352146
7268,0.7744,0,1,0,645064,31380,99519,26737,0.24854264351793182,0.46005471720839
7269,0.7745,5,7,5,645071,31373,99524,26732,0.2484872006082879,0.4600636778246278
7270,0.7746,2,3,2,645074,31370,99526,26730,0.2484634393612977,0.46006884681583476
7271,0.7747,8,10,8,645084,31360,99534,26722,0.24838423520466354,0.4600736889225578
7272,0.7748,2,14,2,645098,31346,99536,26720,0.24827334938537574,0.46016601797954054
7273,0.7749,1,4,1,645102,31342,99537,26719,0.24824166772272208,0.46018842252114156
7274,0.775,199,367,199,645469,30975,99736,26520,0.24533487517424915,0.46125750065223065
7275,0.7751,0,3,0,645472,30972,99736,26520,0.2453111139272589,0.4612815696096848
7276,0.7752,6,13,6,645485,30959,99742,26514,0.2452081485236345,0.4613296678440311
7277,0.7753,8,14,8,645499,30945,99750,26506,0.24509726270434673,0.461367078031714
7278,0.7754,1,0,1,645499,30945,99751,26505,0.24509726270434673,0.46135770234986945
7279,0.7755,7,11,7,645510,30934,99758,26498,0.24501013813204917,0.46138041509959604
7280,0.7757,2,13,2,645523,30921,99760,26496,0.2449071727284248,0.46146611630701706
7281,0.7758,10,31,10,645554,30890,99770,26486,0.24466163984285896,0.4616215839375349
7282,0.7759,0,2,0,645556,30888,99770,26486,0.24464579901153213,0.46163767560218916
7283,0.776,25,44,25,645600,30844,99795,26461,0.2442973007223419,0.46175726376406945
7284,0.7761,0,7,0,645607,30837,99795,26461,0.244241857812698,0.46181367587001293
7285,0.7762,1,10,1,645617,30827,99796,26460,0.24416265365606388,0.4618848953514759
7286,0.7763,5,21,5,645638,30806,99801,26455,0.24399632492713216,0.4620072999074414
7287,0.7764,1,4,1,645642,30802,99802,26454,0.24396464326447853,0.46203018024311865
7288,0.7765,6,17,6,645659,30785,99808,26448,0.24382999619820048,0.46211101986616115
7289,0.7766,1,1,1,645660,30784,99809,26447,0.24382207578253706,0.4621096957942374
7290,0.7767,104,174,104,645834,30610,99913,26343,0.24244392345710303,0.46253928678032763
7291,0.7768,4,13,4,645847,30597,99917,26339,0.24234095805347863,0.4626071378389771
7292,0.7769,0,2,0,645849,30595,99917,26339,0.24232511722215183,0.46262338848491236
7293,0.777,7,18,7,645867,30577,99924,26332,0.24218254974021036,0.46270361454251524
7294,0.7771,3,2,3,645869,30575,99927,26329,0.24216670890888353,0.46269155068185014
7295,0.7772,0,10,0,645879,30565,99927,26329,0.2420875047522494,0.46277287587443316
7296,0.7773,1,15,1,645894,30550,99928,26328,0.2419686985172982,0.4628854741727909
7297,0.7774,2,5,2,645899,30545,99930,26326,0.2419290964389811,0.46290728139121873
7298,0.7775,38,93,38,645992,30452,99968,26288,0.2411924977822836,0.46330630948184703
7299,0.7776,1,3,1,645995,30449,99969,26287,0.24116873653529336,0.46332134799774394
7300,0.7777,9,17,9,646012,30432,99978,26278,0.24103408946901533,0.46337506612590373
7301,0.7778,1,6,1,646018,30426,99979,26277,0.24098656697503484,0.4634146341463415
7302,0.7779,2,3,2,646021,30423,99981,26275,0.2409628057280446,0.46342022646301456
7303,0.778,17,31,17,646052,30392,99998,26258,0.24071727284247876,0.46351279788172994
7304,0.7781,1,0,1,646052,30392,99999,26257,0.24071727284247876,0.4635033275079878
7305,0.7782,2,7,2,646059,30385,100001,26255,0.2406618299328349,0.4635416666666667
7306,0.7783,40,76,40,646135,30309,100041,26215,0.2400598783424154,0.4637852947420565
7307,0.7784,1,2,1,646137,30307,100042,26214,0.24004403751108858,0.46379221882132304
7308,0.7785,5,9,5,646146,30298,100047,26209,0.23997275377011787,0.46381864193816696
7309,0.7786,0,7,0,646153,30291,100047,26209,0.23991731086047396,0.4638761061946903
7310,0.7787,5,10,5,646163,30281,100052,26204,0.23983810670383982,0.46391077277153225
7311,0.7788,1,13,1,646176,30268,100053,26203,0.23973514130021545,0.46400807494112023
7312,0.7789,1,9,1,646185,30259,100054,26202,0.23966385755924471,0.46407254565098033
7313,0.779,13,19,13,646204,30240,100067,26189,0.23951336966163983,0.4641053359088412
7314,0.7791,1,2,1,646206,30238,100068,26188,0.23949752883031303,0.4641122886612554
7315,0.7792,18,30,18,646236,30208,100086,26170,0.2392599163604106,0.46418815850154316
7316,0.7793,4,15,4,646251,30193,100090,26166,0.23914111012545938,0.464273674124807
7317,0.7794,1,3,1,646254,30190,100091,26165,0.23911734887846914,0.46428888297400406
7318,0.7795,3,6,3,646260,30184,100094,26162,0.23906982638448865,0.4643098001632769
7319,0.7796,2,3,2,646263,30181,100096,26160,0.2390460651374984,0.4643155073569869
7320,0.7797,5,12,5,646275,30169,100101,26155,0.23895102014953745,0.46436687735246074
7321,0.7798,7,10,7,646285,30159,100108,26148,0.2388718159929033,0.46438275880441154
7322,0.7799,0,3,0,646288,30156,100108,26148,0.23884805474591306,0.4644075021312873
7323,0.78,1029,1351,1029,647639,28805,101137,25119,0.22814757318464074,0.4658222683777168
7324,0.7801,2,8,2,647647,28797,101139,25117,0.22808420985933342,0.4658715732462811
7325,0.7802,1,7,1,647654,28790,101140,25116,0.22802876694968952,0.4659221607984269
7326,0.7803,6,11,6,647665,28779,101146,25110,0.22794164237739198,0.46595780214886157
7327,0.7804,2,9,2,647674,28770,101148,25108,0.22787035863642124,0.46601581350458443
7328,0.7805,3,11,3,647685,28759,101151,25105,0.22778323406412368,0.46608124164562603
7329,0.7806,2,7,2,647692,28752,101153,25103,0.22772779115447978,0.4661219942438028
7330,0.7807,5,15,5,647707,28737,101158,25098,0.22760898491952858,0.4662022847589858
7331,0.7808,15,26,15,647733,28711,101173,25083,0.22740305411227982,0.46627876714875266
7332,0.7809,3,3,3,647736,28708,101176,25080,0.22737929286528957,0.4662750055774522
7333,0.781,7,16,7,647752,28692,101183,25073,0.22725256621467493,0.46634427601599554
7334,0.7811,0,4,0,647756,28688,101183,25073,0.2272208845520213,0.4663789736054017
7335,0.7812,4,15,4,647771,28673,101187,25069,0.22710207831707008,0.46646942800788954
7336,0.7813,5,10,5,647781,28663,101192,25064,0.22702287416043593,0.46650659817224116
7337,0.7814,0,5,0,647786,28658,101192,25064,0.22698327208211888,0.46655001675291313
7338,0.7815,4,17,4,647803,28641,101196,25060,0.22684862501584083,0.46665797657399305
7339,0.7816,0,6,0,647809,28635,101196,25060,0.22680110252186034,0.4667101219852873
7340,0.7817,32,71,32,647880,28564,101228,25028,0.22623875300975796,0.4670100014927601
7341,0.7818,6,19,6,647899,28545,101234,25022,0.22608826511215308,0.46711594825172215
7342,0.7819,0,1,0,647900,28544,101234,25022,0.22608034469648966,0.46712466863308816
7343,0.782,8,19,8,647919,28525,101242,25014,0.2259298567988848,0.46721081828200006
7344,0.7821,1,1,1,647920,28524,101243,25013,0.2259219363832214,0.46720959336533613
7345,0.7822,0,3,0,647923,28521,101243,25013,0.22589817513623114,0.46723577539507605
7346,0.7823,7,8,7,647931,28513,101250,25006,0.22583481181092382,0.46723593490162374
7347,0.7824,2,2,2,647933,28511,101252,25004,0.22581897097959702,0.46723348593852193
7348,0.7825,49,85,49,648018,28426,101301,24955,0.2251457356482068,0.467488432213709
7349,0.7827,5,20,5,648038,28406,101306,24950,0.22498732733493854,0.46761376415023614
7350,0.7828,0,6,0,648044,28400,101306,24950,0.22493980484095805,0.4676663542642924
7351,0.7829,5,6,5,648050,28394,101311,24945,0.22489228234697756,0.46766906016235776
7352,0.783,10,15,10,648065,28379,101321,24935,0.22477347611202636,0.4677007915369321
7353,0.7831,1,0,1,648065,28379,101322,24934,0.22477347611202636,0.4676908071202146
7354,0.7832,3,7,3,648072,28372,101325,24931,0.22471803320238246,0.46772226703937864
7355,0.7833,92,141,92,648213,28231,101417,24839,0.2236012545938411,0.46804220840399474
7356,0.7834,1,2,1,648215,28229,101418,24838,0.22358541376251426,0.4680498238076394
7357,0.7835,5,12,5,648227,28217,101423,24833,0.22349036877455328,0.46810556079170595
7358,0.7836,1,3,1,648230,28214,101424,24832,0.22346660752756306,0.46812200731440634
7359,0.7837,4,11,4,648241,28203,101428,24828,0.2233794829552655,0.46817898964756466
7360,0.7838,2,10,2,648251,28193,101430,24826,0.22330027879863135,0.4682472321243328
7361,0.7839,0,5,0,648256,28188,101430,24826,0.22326067672031427,0.46829139472592146
7362,0.784,21,30,21,648286,28158,101451,24805,0.22302306425041185,0.46834582633159
7363,0.7841,1,3,1,648289,28155,101452,24804,0.2229993030034216,0.46836231801960004
7364,0.7842,13,41,13,648330,28114,101465,24791,0.22267456596122165,0.46859465078915036
7365,0.7843,12,25,12,648355,28089,101477,24779,0.2224765555696363,0.4686956192782023
7366,0.7844,0,3,0,648358,28086,101477,24779,0.22245279432264606,0.468722216967748
7367,0.7845,6,10,6,648368,28076,101483,24773,0.2223735901660119,0.4687505913073095
7368,0.7846,3,4,3,648372,28072,101486,24770,0.22234190850335825,0.4687559138564021
7369,0.7847,8,11,8,648383,28061,101494,24762,0.2222547839310607,0.46877307233591425
7370,0.7848,1,13,1,648396,28048,101495,24761,0.22215181852743632,0.4688784108769339
7371,0.7849,0,5,0,648401,28043,101495,24761,0.22211221644911924,0.46892280887811527
7372,0.785,191,310,191,648711,27733,101686,24570,0.21965688759346091,0.46976272871537006
7373,0.7851,5,7,5,648718,27726,101691,24565,0.219601444683817,0.46977491346503225
7374,0.7852,0,9,0,648727,27717,101691,24565,0.21953016094284628,0.46985578210473966
7375,0.7853,6,8,6,648735,27709,101697,24559,0.21946679761753896,0.46986684013162927
7376,0.7854,2,2,2,648737,27707,101699,24557,0.21945095678621215,0.46986453390479105
7377,0.7855,5,18,5,648755,27689,101704,24552,0.21930838930427068,0.46997568959246566
7378,0.7856,1,7,1,648762,27682,101705,24551,0.21925294639462678,0.4700285260276071
7379,0.7857,2,12,2,648774,27670,101707,24549,0.21915790140666583,0.4701162412148835
7380,0.7858,20,40,20,648814,27630,101727,24529,0.21884108478012926,0.47027358653348417
7381,0.7859,0,4,0,648818,27626,101727,24529,0.2188094031174756,0.47030965391621127
7382,0.786,29,39,29,648857,27587,101756,24500,0.21850050690660247,0.4703668861712135
7383,0.7861,3,7,3,648864,27580,101759,24497,0.21844506399695857,0.47039960059143193
7384,0.7862,2,7,2,648871,27573,101761,24495,0.21838962108731466,0.47044249827149115
7385,0.7863,4,9,4,648880,27564,101765,24491,0.21831833734634393,0.47048314282969933
7386,0.7864,1,3,1,648883,27561,101766,24490,0.21829457609935368,0.4705000864536704
7387,0.7865,5,13,5,648896,27548,101771,24485,0.21819161069572932,0.4705667557127208
7388,0.7866,2,3,2,648899,27545,101773,24483,0.21816784944873907,0.4705735373260552
7389,0.7867,101,131,101,649030,27414,101874,24382,0.21713027499683182,0.4707313306046799
7390,0.7868,4,5,4,649035,27409,101878,24378,0.21709067291851478,0.47073589897078416
7391,0.7869,0,3,0,649038,27406,101878,24378,0.21706691167152453,0.4707631700911478
7392,0.787,7,13,7,649051,27393,101885,24371,0.21696394626790014,0.47080982922494397
7393,0.7871,7,5,7,649056,27388,101892,24364,0.21692434418958306,0.4707837378265574
7394,0.7872,2,11,2,649067,27377,101894,24362,0.21683721961728553,0.47086337192446703
7395,0.7873,6,12,6,649079,27365,101900,24356,0.21674217462932455,0.4709112352816071
7396,0.7874,0,5,0,649084,27360,101900,24356,0.21670257255100747,0.4709567638641813
7397,0.7875,47,83,47,649167,27277,101947,24309,0.21604517805094411,0.4712325049432016
7398,0.7876,1,2,1,649169,27275,101948,24308,0.21602933721961728,0.4712405249791598
7399,0.7877,10,17,10,649186,27258,101958,24298,0.21589469015333926,0.4712933509193886
7400,0.7878,2,8,2,649194,27250,101960,24296,0.21583132682803194,0.47134598222946494
7401,0.7879,3,3,3,649197,27247,101963,24293,0.2158075655810417,0.47134264648816454
7402,0.788,12,32,12,649229,27215,101975,24281,0.21555411227981244,0.4715123504738232
7403,0.7881,1,6,1,649235,27209,101976,24280,0.21550658978583195,0.4715570315989823
7404,0.7882,0,14,0,649249,27195,101976,24280,0.21539570396654417,0.47168528411850413
7405,0.7883,47,79,47,649328,27116,102023,24233,0.21476999112913445,0.47192739878089157
7406,0.7884,0,3,0,649331,27113,102023,24233,0.2147462298821442,0.4719549721497293
7407,0.7885,6,5,6,649336,27108,102029,24227,0.21470662780382715,0.47193922275250805
7408,0.7886,4,5,4,649341,27103,102033,24223,0.21466702572551008,0.47194404395433115
7409,0.7887,5,14,5,649355,27089,102038,24218,0.21455613990622227,0.4720213616075779
7410,0.7888,2,3,2,649358,27086,102040,24216,0.21453237865923203,0.47202838095980665
7411,0.7889,0,1,0,649359,27085,102040,24216,0.2145244582435686,0.47203758211340907
7412,0.789,8,31,8,649390,27054,102048,24208,0.21427892535800278,0.47224064609262223
7413,0.7891,1,1,1,649391,27053,102049,24207,0.21427100494233936,0.4722395630120952
7414,0.7892,14,50,14,649441,27003,102063,24193,0.21387498415916867,0.4725564497226346
7415,0.7893,6,11,6,649452,26992,102069,24187,0.21378785958687113,0.47259618202778486
7416,0.7894,0,6,0,649458,26986,102069,24187,0.21374033709289064,0.4726515936138198
7417,0.7895,2,3,2,649461,26983,102071,24185,0.2137165758459004,0.47265869293308316
7418,0.7896,0,1,0,649462,26982,102071,24185,0.21370865543023698,0.47266793050208145
7419,0.7897,2,10,2,649472,26972,102073,24183,0.21362945127360283,0.4727397126380608
7420,0.7898,2,7,2,649479,26965,102075,24181,0.21357400836395893,0.47278379540922066
7421,0.7899,2,2,2,649481,26963,102077,24179,0.21355816753263213,0.4727816667318447
7422,0.79,1035,1401,1035,650882,25562,103112,23144,0.2024616651881891,0.4751775961893812
7423,0.7901,2,2,2,650884,25560,103114,23142,0.20244582435686226,0.4751755574719724
7424,0.7902,2,10,2,650894,25550,103116,23140,0.2023666202002281,0.47525159170260833
7425,0.7903,0,5,0,650899,25545,103116,23140,0.20232701812191103,0.4753004005340454
7426,0.7904,0,3,0,650902,25542,103116,23140,0.2023032568749208,0.4753296906454131
7427,0.7905,4,10,4,650912,25532,103120,23136,0.20222405271828667,0.47538423604832747
7428,0.7906,1,3,1,650915,25529,103121,23135,0.20220029147129642,0.4754027617951669
7429,0.7907,8,12,8,650927,25517,103129,23127,0.20210524648333544,0.47543376367075074
7430,0.7908,18,38,18,650965,25479,103147,23109,0.2018042706881257,0.47561126204000986
7431,0.7909,1,2,1,650967,25477,103148,23108,0.20178842985679887,0.4756200473397139
7432,0.791,6,16,6,650983,25461,103154,23102,0.20166170320618426,0.4757119617816033
7433,0.7911,1,2,1,650985,25459,103155,23101,0.20164586237485743,0.47572075782537065
7434,0.7912,3,7,3,650992,25452,103158,23098,0.20159041946521353,0.4757569515962925
7435,0.7913,5,10,5,651002,25442,103163,23093,0.2015112153085794,0.47580096837333885
7436,0.7914,0,1,0,651003,25441,103163,23093,0.201503294892916,0.47581077183005727
7437,0.7915,2,16,2,651019,25425,103165,23091,0.20137656824230135,0.47594607964382885
7438,0.7917,40,71,40,651090,25354,103205,23051,0.20081421873019897,0.47621113521330444
7439,0.7918,2,6,2,651096,25348,103207,23049,0.20076669623621848,0.47624852780131
7440,0.7919,0,10,0,651106,25338,103207,23049,0.20068749207958433,0.47634695269390537
7441,0.792,8,23,8,651129,25315,103215,23041,0.20050532251932582,0.4764868889072711
7442,0.7921,0,3,0,651132,25312,103215,23041,0.20048156127233557,0.47651645192645753
7443,0.7922,4,7,4,651139,25305,103219,23037,0.20042611836269167,0.47654213727193745
7444,0.7923,4,12,4,651151,25293,103223,23033,0.20033107337473072,0.47661714191118654
7445,0.7924,3,2,3,651153,25291,103226,23030,0.2003152325434039,0.47660437490945967
7446,0.7925,52,68,52,651221,25223,103278,22978,0.19977664427829173,0.4767121014086845
7447,0.7926,0,2,0,651223,25221,103278,22978,0.1997608034469649,0.4767318824041993
7448,0.7927,7,8,7,651231,25213,103285,22971,0.19969744012165758,0.47673501577287064
7449,0.7928,3,5,3,651236,25208,103288,22968,0.1996578380433405,0.47675190966456327
7450,0.7929,5,14,5,651250,25194,103293,22963,0.19954695222405272,0.476836181655834
7451,0.793,7,11,7,651261,25183,103300,22956,0.19945982765175516,0.47686906666112716
7452,0.7931,1,0,1,651261,25183,103301,22955,0.19945982765175516,0.47685819934355395
7453,0.7932,3,4,3,651265,25179,103304,22952,0.1994281459891015,0.47686522199829634
7454,0.7933,93,178,93,651443,25001,103397,22859,0.1980183120010138,0.47762223150856664
7455,0.7934,0,3,0,651446,24998,103397,22859,0.19799455075402358,0.4776521720960361
7456,0.7935,4,18,4,651464,24980,103401,22855,0.19785198327208212,0.47778823037524826
7457,0.7936,1,4,1,651468,24976,103402,22854,0.19782030160942846,0.4778172694961321
7458,0.7937,0,8,0,651476,24968,103402,22854,0.19775693828412116,0.4778972021245452
7459,0.7938,3,11,3,651487,24957,103405,22851,0.1976698137118236,0.4779743975903614
7460,0.7939,0,5,0,651492,24952,103405,22851,0.19763021163350653,0.47802439177457484
7461,0.794,15,31,15,651523,24921,103420,22836,0.1973846787479407,0.47817073936805077
7462,0.7942,7,35,7,651558,24886,103427,22829,0.1971074641997212,0.47844493345907996
7463,0.7943,6,10,6,651568,24876,103433,22823,0.19702826004308707,0.47847963269670224
7464,0.7944,0,1,0,651569,24875,103433,22823,0.19702033962742366,0.47848966413686106
7465,0.7945,3,5,3,651574,24870,103436,22820,0.19698073754910658,0.4785070245334452
7466,0.7946,2,1,2,651575,24869,103438,22818,0.19697281713344317,0.4784951873676264
7467,0.7947,7,7,7,651582,24862,103445,22811,0.19691737422379926,0.47848887210790175
7468,0.7948,6,8,6,651590,24854,103451,22805,0.19685401089849194,0.47850353553368724
7469,0.795,181,258,181,651848,24596,103632,22624,0.19481054365733114,0.4791190173655231
7470,0.7951,0,4,0,651852,24592,103632,22624,0.19477886199467748,0.4791596069129109
7471,0.7952,6,8,6,651860,24584,103638,22618,0.19471549866937016,0.4791746112452862
7472,0.7953,4,8,4,651868,24576,103642,22614,0.19465213534406287,0.4792116973935156
7473,0.7954,1,2,1,651870,24574,103643,22613,0.19463629451273604,0.47922097187784773
7474,0.7955,1,10,1,651880,24564,103644,22612,0.19455709035610189,0.47931151432932
7475,0.7956,1,1,1,651881,24563,103645,22611,0.19454916994043847,0.4793106372154153
7476,0.7957,4,10,4,651891,24553,103649,22607,0.19446996578380432,0.47936810856658185
7477,0.7958,18,20,18,651911,24533,103667,22589,0.19431155747053605,0.47937269216077416
7478,0.7959,1,1,1,651912,24532,103668,22588,0.19430363705487264,0.47937181663837014
7479,0.796,23,39,23,651951,24493,103691,22565,0.19399474084399948,0.47951464150622636
7480,0.7961,0,2,0,651953,24491,103691,22565,0.19397890001267268,0.4795350221013261
7481,0.7962,4,12,4,651965,24479,103695,22561,0.1938838550247117,0.47961309523809526
7482,0.7963,2,9,2,651974,24470,103697,22559,0.19381257128374096,0.4796827489421421
7483,0.7964,0,5,0,651979,24465,103697,22559,0.1937729692054239,0.4797337529772031
7484,0.7965,6,10,6,651989,24455,103703,22553,0.19369376504878977,0.4797694009530293
7485,0.7966,0,3,0,651992,24452,103703,22553,0.19367000380179952,0.4798000212743325
7486,0.7967,98,149,98,652141,24303,103801,22455,0.19248986186795083,0.48023867573463364
7487,0.7968,2,9,2,652150,24294,103803,22453,0.1924185781269801,0.4803088968276039
7488,0.7969,1,1,1,652151,24293,103804,22452,0.19241065771131668,0.4803080543373623
7489,0.797,6,9,6,652160,24284,103810,22446,0.19233937397034595,0.4803338326556816
7490,0.7971,4,4,4,652164,24280,103814,22442,0.19230769230769232,0.48033046530542356
7491,0.7972,4,10,4,652174,24270,103818,22438,0.19222848815105817,0.48038879849276356
7492,0.7973,4,15,4,652189,24255,103822,22434,0.19210968191610694,0.4804986185182805
7493,0.7974,1,2,1,652191,24253,103823,22433,0.19209384108478014,0.4805080752259778
7494,0.7975,42,86,42,652277,24167,103865,22391,0.1914126853377265,0.480927015765282
7495,0.7976,1,4,1,652281,24163,103866,22390,0.19138100367507288,0.4809571885807574
7496,0.7977,4,4,4,652285,24159,103870,22386,0.19134932201241922,0.4809539155655817
7497,0.7978,2,9,2,652294,24150,103872,22384,0.1912780382714485,0.48102462715433875
7498,0.7979,2,3,2,652297,24147,103874,22382,0.19125427702445824,0.4810333340497324
7499,0.798,21,16,21,652313,24131,103895,22361,0.19112755037384363,0.48096446700507617
7500,0.7981,0,1,0,652314,24130,103895,22361,0.19111962995818021,0.48097481232926803
7501,0.7982,2,8,2,652322,24122,103897,22359,0.1910562666328729,0.4810352617198425
7502,0.7983,36,79,36,652401,24043,103933,22323,0.1904305537954632,0.48145192598024417
7503,0.7984,2,6,2,652407,24037,103935,22321,0.1903830313014827,0.48149186763881097
7504,0.7985,3,11,3,652418,24026,103938,22318,0.19029590672918514,0.4815725876057311
7505,0.7986,2,6,2,652424,24020,103940,22316,0.19024838423520465,0.4816125690607735
7506,0.7987,4,12,4,652436,24008,103944,22312,0.1901533392472437,0.48169257340241795
7507,0.7988,4,7,4,652443,24001,103948,22308,0.1900978963375998,0.4817206158630072
7508,0.7989,2,8,2,652451,23993,103950,22306,0.19003453301229248,0.4817814639625046
7509,0.799,5,21,5,652472,23972,103955,22301,0.1898682042833608,0.48194411427830486
7510,0.7992,15,32,15,652504,23940,103970,22286,0.18961475098213154,0.48210963527019424
7511,0.7993,10,14,10,652518,23926,103980,22276,0.18950386516284376,0.48214363014588113
7512,0.7994,1,3,1,652521,23923,103981,22275,0.18948010391585351,0.4821637300316031
7513,0.7995,5,8,5,652529,23915,103986,22270,0.1894167405905462,0.48219118761502655
7514,0.7996,1,0,1,652529,23915,103987,22269,0.1894167405905462,0.4821799757491772
7515,0.7997,3,10,3,652539,23905,103990,22266,0.18933753643391205,0.48225076346624507
7516,0.7998,4,8,4,652547,23897,103994,22262,0.18927417310860473,0.482289477674993
7517,0.7999,5,3,5,652550,23894,103999,22257,0.1892504118616145,0.4822647396589456
7518,0.8,1061,1220,1061,653770,22674,105060,21196,0.1795875047522494,0.48315477547298835
7519,0.8001,2,4,2,653774,22670,105062,21194,0.17955582308959575,0.48317526901331387
7520,0.8002,4,9,4,653783,22661,105066,21190,0.17948453934862502,0.48322729242206564
7521,0.8003,2,6,2,653789,22655,105068,21188,0.17943701685464453,0.4832698492347695
7522,0.8004,1,5,1,653794,22650,105069,21187,0.17939741477632745,0.48331318292766384
7523,0.8005,4,5,4,653799,22645,105073,21183,0.1793578126980104,0.483321164552341
7524,0.8006,2,0,2,653799,22645,105075,21181,0.1793578126980104,0.48329758590790856
7525,0.8007,5,6,5,653805,22639,105080,21176,0.17931029020402992,0.483304804290768
7526,0.8008,19,30,19,653835,22609,105099,21157,0.1790726777341275,0.4834117808344377
7527,0.8009,1,1,1,653836,22608,105100,21156,0.17906475731846408,0.48341102275843156
7528,0.801,5,28,5,653864,22580,105105,21151,0.1788429856798885,0.48366147584093666
7529,0.8011,1,8,1,653872,22572,105106,21150,0.17877962235458117,0.48373816385343765
7530,0.8012,6,10,6,653882,22562,105112,21144,0.17870041819794702,0.48377797098796504
7531,0.8013,4,14,4,653896,22548,105116,21140,0.17858953237865924,0.4838857352133309
7532,0.8014,1,4,1,653900,22544,105117,21139,0.17855785071600558,0.4839182290593595
7533,0.8015,6,7,6,653907,22537,105123,21133,0.17850240780636167,0.48392489122967713
7534,0.8016,1,1,1,653908,22536,105124,21132,0.17849448739069826,0.48392415498763397
7535,0.8017,30,73,30,653981,22463,105154,21102,0.17791629704726905,0.48437966257316656
7536,0.8018,4,7,4,653988,22456,105158,21098,0.17786085413762515,0.4844101575056252
7537,0.8019,1,1,1,653989,22455,105159,21097,0.17785293372196173,0.48440944158706833
7538,0.802,12,24,12,654013,22431,105171,21085,0.1776628437460398,0.48453442411986397
7539,0.8021,2,7,2,654020,22424,105173,21083,0.1776074008363959,0.4845886868779737
7540,0.8022,0,2,0,654022,22422,105173,21083,0.17759156000506907,0.48461096425698197
7541,0.8023,5,11,5,654033,22411,105178,21078,0.1775044354327715,0.4846742854514935
7542,0.8024,2,5,2,654038,22406,105180,21076,0.17746483335445445,0.4847063152568879
7543,0.8025,53,58,53,654096,22348,105233,21023,0.17700544924597642,0.4847248161213714
7544,0.8026,1,7,1,654103,22341,105234,21022,0.17695000633633254,0.4847911814219496
7545,0.8027,7,15,7,654118,22326,105241,21015,0.17683120010138131,0.4848757527514363
7546,0.8028,2,17,2,654135,22309,105243,21013,0.1766965530351033,0.4850422418170906
7547,0.8029,5,5,5,654140,22304,105248,21008,0.1766569509567862,0.4850387883265608
7548,0.803,6,12,6,654152,22292,105254,21002,0.17656190596882523,0.48510186168984154
7549,0.8031,1,0,1,654152,22292,105255,21001,0.17656190596882523,0.4850899683551613
7550,0.8032,2,8,2,654160,22284,105257,20999,0.17649854264351794,0.4851558348543308
7551,0.8033,103,158,103,654318,22126,105360,20896,0.17524711696869852,0.4857049881455999
7552,0.8034,0,1,0,654319,22125,105360,20896,0.1752391965530351,0.48571627809674345
7553,0.8035,5,13,5,654332,22112,105365,20891,0.1751362311494107,0.4858033160477176
7554,0.8036,1,0,1,654332,22112,105366,20890,0.1751362311494107,0.4857913585414632
7555,0.8037,3,13,3,654345,22099,105369,20887,0.17503326574578634,0.48590238682361697
7556,0.8038,3,7,3,654352,22092,105372,20884,0.17497782283614244,0.48594564408041696
7557,0.8039,1,4,1,654356,22088,105373,20883,0.17494614117348878,0.48597891601312515
7558,0.804,16,20,16,654376,22068,105389,20867,0.1747877328602205,0.48601374170257367
7559,0.8041,1,2,1,654378,22066,105390,20866,0.17477189202889368,0.48602441069598434
7560,0.8042,9,26,9,654404,22040,105399,20857,0.17456596122164492,0.486211156957363
7561,0.8043,6,10,6,654414,22030,105405,20851,0.17448675706501077,0.48625265269000256
7562,0.8044,0,2,0,654416,22028,105405,20851,0.17447091623368394,0.4862753329135474
7563,0.8045,5,10,5,654426,22018,105410,20846,0.17439171207704982,0.4863288540500187
7564,0.8046,0,2,0,654428,22016,105410,20846,0.17437587124572299,0.4863515468246932
7565,0.8047,2,7,2,654435,22009,105412,20844,0.17432042833607908,0.48640701934520336
7566,0.8048,4,3,4,654438,22006,105416,20840,0.17429666708908884,0.4863931288801755
7567,0.8049,3,8,3,654446,21998,105419,20837,0.17423330376378152,0.4864479981323684
7568,0.805,202,238,202,654684,21760,105621,20635,0.17234824483588898,0.4867319259346621
7569,0.8051,0,3,0,654687,21757,105621,20635,0.17232448358889874,0.48676637101339876
7570,0.8052,4,7,4,654694,21750,105625,20631,0.17226904067925486,0.4867983294400793
7571,0.8053,5,11,5,654705,21739,105630,20626,0.1721819161069573,0.48686415673315236
7572,0.8054,3,0,3,654705,21739,105633,20623,0.1721819161069573,0.48682781738350406
7573,0.8055,3,7,3,654712,21732,105636,20620,0.1721264731973134,0.4868719304873442
7574,0.8056,1,2,1,654714,21730,105637,20619,0.17211063236598656,0.4868828071501098
7575,0.8057,3,8,3,654722,21722,105640,20616,0.17204726904067927,0.4869384477301715
7576,0.8058,14,28,14,654750,21694,105654,20602,0.17182549740210365,0.4870909778702478
7577,0.8059,0,1,0,654751,21693,105654,20602,0.17181757698644023,0.48710249438467906
7578,0.806,18,32,18,654783,21661,105672,20584,0.171564123685211,0.4872529293407504
7579,0.8061,0,4,0,654787,21657,105672,20584,0.17153244202255735,0.48729906962429864
7580,0.8062,3,6,3,654793,21651,105675,20581,0.17148491952857686,0.4873318810380754
7581,0.8063,3,9,3,654802,21642,105678,20578,0.17141363578760613,0.4873993368072004
7582,0.8064,2,6,2,654808,21636,105680,20576,0.17136611329362564,0.4874443286269307
7583,0.8065,10,10,10,654818,21626,105690,20566,0.17128690913699152,0.4874383769434964
7584,0.8066,1,5,1,654823,21621,105691,20565,0.17124730705867444,0.4874839994310909
7585,0.8067,101,135,101,654958,21486,105792,20464,0.17017805094411353,0.487818831942789
7586,0.8068,3,5,3,654963,21481,105795,20461,0.1701384488657965,0.4878403509608507
7587,0.8069,4,1,4,654964,21480,105799,20457,0.17013052845013307,0.48780313327133557
7588,0.807,9,6,9,654970,21474,105808,20448,0.17008300595615258,0.48776298840704163
7589,0.8071,0,6,0,654976,21468,105808,20448,0.1700354834621721,0.48783280847409105
7590,0.8072,5,8,5,654984,21460,105813,20443,0.16997212013686477,0.4878648306803809
7591,0.8073,6,10,6,654994,21450,105819,20437,0.16989291598023065,0.48790794279848165
7592,0.8074,0,3,0,654997,21447,105819,20437,0.1698691547332404,0.48794288988635276
7593,0.8075,47,65,47,655062,21382,105866,20390,0.1693543277151185,0.48812601742794215
7594,0.8076,0,4,0,655066,21378,105866,20390,0.16932264605246483,0.4881727638383451
7595,0.8077,4,6,4,655072,21372,105870,20386,0.16927512355848434,0.4881938790171943
7596,0.8078,2,6,2,655078,21366,105872,20384,0.16922760106450385,0.4882395209580838
7597,0.8079,2,4,2,655082,21362,105874,20382,0.16919591940185022,0.4882617861249521
7598,0.808,18,28,18,655110,21334,105892,20364,0.16897414776327463,0.48836874670247976
7599,0.8081,1,4,1,655114,21330,105893,20363,0.16894246610062097,0.4884033290960113
7600,0.8082,4,7,4,655121,21323,105897,20359,0.16888702319097706,0.48843625545799146
7601,0.8083,31,60,31,655181,21263,105928,20328,0.16841179825117222,0.4887595874107379
7602,0.8084,1,1,1,655182,21262,105929,20327,0.1684038778355088,0.4887590468633533
7603,0.8085,3,12,3,655194,21250,105932,20324,0.16830883284754783,0.48886323182758457
7604,0.8086,1,1,1,655195,21249,105933,20323,0.16830091243188441,0.48886269604541516
7605,0.8087,1,11,1,655206,21238,105934,20322,0.16821378785958688,0.4889797882579403
7606,0.8088,12,8,12,655214,21230,105946,20310,0.16815042453427956,0.48892633606162733
7607,0.8089,1,2,1,655216,21228,105947,20309,0.16813458370295273,0.488937573729446
7608,0.809,11,14,11,655230,21214,105958,20298,0.16802369788366495,0.48896704567354016
7609,0.8091,1,1,1,655231,21213,105959,20297,0.16801577746800153,0.48896651409298963
7610,0.8092,13,29,13,655260,21184,105972,20284,0.16778608541376253,0.4891482588984277
7611,0.8093,7,19,7,655279,21165,105979,20277,0.16763559751615764,0.4892862313594904
7612,0.8095,3,4,3,655283,21161,105982,20274,0.16760391585350398,0.48929648847592616
7613,0.8096,1,0,1,655283,21161,105983,20273,0.16760391585350398,0.48928416276487907
7614,0.8097,3,8,3,655291,21153,105986,20270,0.1675405525281967,0.48934167008666685
7615,0.8098,4,5,4,655296,21148,105990,20266,0.16750095044987962,0.48935142705365337
7616,0.8099,1,0,1,655296,21148,105991,20265,0.16750095044987962,0.48933909641899886
7617,0.81,992,1107,992,656403,20041,106983,19273,0.1587330503104803,0.49023248715470313
7618,0.8101,0,7,0,656410,20034,106983,19273,0.1586776074008364,0.49031979036812784
7619,0.8102,3,5,3,656415,20029,106986,19270,0.15863800532251932,0.49034326573195247
7620,0.8103,2,5,2,656420,20024,106988,19268,0.15859840324420227,0.49037972106281175
7621,0.8104,1,2,1,656422,20022,106989,19267,0.15858256241287544,0.4903917126931202
7622,0.8105,5,11,5,656433,20011,106994,19262,0.15849543784057787,0.4904641865912968
7623,0.8106,0,5,0,656438,20006,106994,19262,0.1584558357622608,0.49052663746562086
7624,0.8107,4,23,4,656461,19983,106998,19258,0.15827366620200228,0.49076221299151396
7625,0.8108,7,28,7,656489,19955,107005,19251,0.1580518945634267,0.4910217823802479
7626,0.8109,0,1,0,656490,19954,107005,19251,0.15804397414776328,0.49103430684861626
7627,0.811,9,17,9,656507,19937,107014,19242,0.15790932708148522,0.49113045253834964
7628,0.8111,1,6,1,656513,19931,107015,19241,0.15786180458750476,0.49119268865516186
7629,0.8112,2,10,2,656523,19921,107017,19239,0.1577826004308706,0.49129213483146067
7630,0.8113,4,13,4,656536,19908,107021,19235,0.15767963502724622,0.4914033160462918
7631,0.8114,1,6,1,656542,19902,107022,19234,0.15763211253326576,0.49146565821749794
7632,0.8115,0,12,0,656554,19890,107022,19234,0.15753706754530478,0.4916163991411921
7633,0.8116,2,2,2,656556,19888,107024,19232,0.15752122671397795,0.4916155419222904
7634,0.8117,44,50,44,656606,19838,107068,19188,0.15712520593080725,0.491672218520986
7635,0.8118,3,7,3,656613,19831,107071,19185,0.15706976302116335,0.4917213450891942
7636,0.8119,3,4,3,656617,19827,107074,19182,0.1570380813585097,0.4917326770745213
7637,0.812,9,22,9,656639,19805,107083,19173,0.1568638322139146,0.49189286264046383
7638,0.8121,2,5,2,656644,19800,107085,19171,0.15682423013559751,0.4919298965897719
7639,0.8122,3,8,3,656652,19792,107088,19168,0.1567608668102902,0.4919917864476386
7640,0.8123,6,6,6,656658,19786,107094,19162,0.15671334431630973,0.49198931909212285
7641,0.8124,1,2,1,656660,19784,107095,19161,0.1566975034849829,0.49200154063422774
7642,0.8125,44,71,44,656731,19713,107139,19117,0.1561351539728805,0.4923255215039918
7643,0.8126,1,5,1,656736,19708,107140,19116,0.15609555189456342,0.4923758499896971
7644,0.8127,5,15,5,656751,19693,107145,19111,0.15597674565961223,0.4925007731161736
7645,0.8128,2,2,2,656753,19691,107147,19109,0.1559609048282854,0.4925
7646,0.8129,5,9,5,656762,19682,107152,19104,0.15588962108731466,0.4925488578353014
7647,0.813,5,13,5,656775,19669,107157,19099,0.15578665568369027,0.49264857614527446
7648,0.8131,1,3,1,656778,19666,107158,19098,0.15576289443670005,0.492673614694046
7649,0.8132,4,10,4,656788,19656,107162,19094,0.1556836902800659,0.4927483870967742
7650,0.8133,102,135,102,656923,19521,107264,18992,0.154614434165505,0.4931321891309428
7651,0.8134,1,2,1,656925,19519,107265,18991,0.1545985933341782,0.4931446377564269
7652,0.8135,4,9,4,656934,19510,107269,18987,0.15452730959320746,0.4932072629036029
7653,0.8136,2,3,2,656937,19507,107271,18985,0.1545035483462172,0.49321937025875506
7654,0.8137,5,12,5,656949,19495,107276,18980,0.15440850335825623,0.49330734243014945
7655,0.8138,3,4,3,656953,19491,107279,18977,0.15437682169560257,0.4933191223874389
7656,0.8139,0,5,0,656958,19486,107279,18977,0.15433721961728553,0.4933832514364454
7657,0.814,20,34,20,656992,19452,107299,18957,0.15406792548472945,0.49355619776614856
7658,0.8141,2,0,2,656992,19452,107301,18955,0.15406792548472945,0.4935298252922644
7659,0.8142,11,38,11,657030,19414,107312,18944,0.1537669496895197,0.4938735074821419
7660,0.8143,7,11,7,657041,19403,107319,18937,0.15367982511722214,0.49392279603547207
7661,0.8144,1,3,1,657044,19400,107320,18936,0.1536560638702319,0.49394824707846413
7662,0.8145,1,4,1,657048,19396,107321,18935,0.15362438220757826,0.49398659048811666
7663,0.8146,2,1,2,657049,19395,107323,18933,0.15361646179191485,0.4939730745147151
7664,0.8147,6,10,6,657059,19385,107329,18927,0.1535372576352807,0.494022760492796
7665,0.8148,6,8,6,657067,19377,107335,18921,0.15347389430997338,0.49404668651104494
7666,0.8149,0,2,0,657069,19375,107335,18921,0.15345805347864655,0.49407248798830167
7667,0.815,191,227,191,657296,19148,107526,18730,0.15166011912305158,0.4944822852315328
7668,0.8151,2,4,2,657300,19144,107528,18728,0.15162843746039792,0.49450781580059144
7669,0.8152,3,10,3,657310,19134,107531,18725,0.15154923330376377,0.4945983781927679
7670,0.8153,5,5,5,657315,19129,107536,18720,0.15150963122544672,0.49459695104229967
7671,0.8154,1,10,1,657325,19119,107537,18719,0.15143042706881257,0.49471430836724983
7672,0.8155,1,13,1,657338,19106,107538,18718,0.15132746166518818,0.49487098138747887
7673,0.8156,0,6,0,657344,19100,107538,18718,0.15127993917120772,0.494949494949495
7674,0.8157,4,10,4,657354,19090,107542,18714,0.15120073501457357,0.4950269812718231
7675,0.8158,13,35,13,657389,19055,107555,18701,0.15092352046635407,0.49531200339018966
7676,0.8159,2,2,2,657391,19053,107557,18699,0.15090767963502724,0.49531150667514307
7677,0.816,15,34,15,657425,19019,107572,18684,0.15063838550247116,0.4955573827016418
7678,0.8161,0,1,0,657426,19018,107572,18684,0.15063046508680775,0.49557052676250596
7679,0.8162,3,2,3,657428,19016,107575,18681,0.15061462425548092,0.49555667559752764
7680,0.8163,7,9,7,657437,19007,107582,18674,0.1505433405145102,0.4955813274594623
7681,0.8165,3,10,3,657447,18997,107585,18671,0.15046413635787606,0.49567271954975045
7682,0.8166,1,1,1,657448,18996,107586,18670,0.15045621594221265,0.49567248977858014
7683,0.8167,83,116,83,657564,18880,107669,18587,0.14953744772525662,0.49608989243867935
7684,0.8168,3,17,3,657581,18863,107672,18584,0.1494028006589786,0.4962747349587417
7685,0.8169,0,2,0,657583,18861,107672,18584,0.14938695982765177,0.49630124182133795
7686,0.817,7,11,7,657594,18850,107679,18577,0.1492998352553542,0.49635290031260854
7687,0.8171,2,8,2,657602,18842,107681,18575,0.14923647193004688,0.4964321030547612
7688,0.8172,1,8,1,657610,18834,107682,18574,0.1491731086047396,0.49652480752780154
7689,0.8173,3,10,3,657620,18824,107685,18571,0.14909390444810544,0.49661719481214067
7690,0.8174,2,3,2,657623,18821,107687,18569,0.1490701432011152,0.4966301150040118
7691,0.8175,47,63,47,657686,18758,107734,18522,0.1485711570143201,0.49683476394849785
7692,0.8176,1,1,1,657687,18757,107735,18521,0.1485632365986567,0.4968345941305864
7693,0.8177,2,11,2,657698,18746,107737,18519,0.14847611202635913,0.4969542466121025
7694,0.8178,1,6,1,657704,18740,107738,18518,0.14842858953237867,0.49702077406194645
7695,0.8179,4,5,4,657709,18735,107742,18514,0.1483889874540616,0.4970334774087895
7696,0.818,10,16,10,657725,18719,107752,18504,0.14826226080344695,0.49711200064476263
7697,0.8181,3,0,3,657725,18719,107755,18501,0.14826226080344695,0.49707146695325094
7698,0.8182,1,4,1,657729,18715,107756,18500,0.14823057914079332,0.49711137981996506
7699,0.8183,50,67,50,657796,18648,107806,18450,0.14769991129134458,0.4973313925278991
7700,0.8184,1,4,1,657800,18644,107807,18449,0.14766822962869092,0.49737147170625184
7701,0.8185,7,5,7,657805,18639,107814,18442,0.14762862755037384,0.4973436530837895
7702,0.8186,0,1,0,657806,18638,107814,18442,0.14762070713471043,0.49735706580366773
7703,0.8187,8,4,8,657810,18634,107822,18434,0.14758902547205677,0.497302255314557
7704,0.8188,5,5,5,657815,18629,107827,18429,0.1475494233937397,0.49730152733552807
7705,0.8189,1,0,1,657815,18629,107828,18428,0.1475494233937397,0.49728796178859597
7706,0.819,4,11,4,657826,18618,107832,18424,0.14746229882144216,0.49738135089897956
7707,0.8191,0,1,0,657827,18617,107832,18424,0.14745437840577874,0.49739477875867283
7708,0.8192,10,30,10,657857,18587,107842,18414,0.14721676593587632,0.49766222534526094
7709,0.8193,11,9,11,657866,18578,107853,18403,0.14714548219490559,0.49763392012114327
7710,0.8194,2,2,2,657868,18576,107855,18401,0.14712964136357876,0.49763366416961896
7711,0.8195,1,7,1,657875,18569,107856,18400,0.14707419845393485,0.4977143011712516
7712,0.8196,0,4,0,657879,18565,107856,18400,0.14704251679128122,0.49776815906939
7713,0.8197,3,7,3,657886,18558,107859,18397,0.14698707388163731,0.49782167501014746
7714,0.8198,3,5,3,657891,18553,107862,18394,0.14694747180332024,0.4978482691422849
7715,0.8199,0,1,0,657892,18552,107862,18394,0.14693955138765682,0.4978617441671629
7716,0.82,989,1045,989,658937,17507,108851,17405,0.13866271701938918,0.4985391842346471
7717,0.8201,1,8,1,658945,17499,108852,17404,0.13859935369408186,0.4986390854654328
7718,0.8202,1,1,1,658946,17498,108853,17403,0.13859143327841844,0.49863900747829576
7719,0.8203,2,6,2,658952,17492,108855,17401,0.13854391078443798,0.4986960135270685
7720,0.8204,1,0,1,658952,17492,108856,17400,0.13854391078443798,0.49868164622262984
7721,0.8205,3,10,3,658962,17482,108859,17397,0.13846470662780383,0.4987815017632386
7722,0.8206,0,5,0,658967,17477,108859,17397,0.13842510454948675,0.4988530137064862
7723,0.8207,7,12,7,658979,17465,108866,17390,0.13833005956152578,0.49892411418734756
7724,0.8208,10,18,10,658997,17447,108876,17380,0.13818749207958433,0.49903810262152926
7725,0.8209,2,5,2,659002,17442,108878,17378,0.13814789000126726,0.4990809879379667
7726,0.821,5,14,5,659016,17428,108883,17373,0.13803700418197948,0.49920979282204536
7727,0.8211,0,6,0,659022,17422,108883,17373,0.137989481687999,0.4992958758442305
7728,0.8212,0,7,0,659029,17415,108883,17373,0.13793403877835508,0.49939634356674717
7729,0.8213,5,8,5,659037,17407,108888,17368,0.13787067545304776,0.4994392523364486
7730,0.8214,0,4,0,659041,17403,108888,17368,0.13783899379039413,0.49949670702596993
7731,0.8215,6,10,6,659051,17393,108894,17362,0.13775978963375998,0.49955402100417207
7732,0.8216,3,3,3,659054,17390,108897,17359,0.13773602838676974,0.49955394399838843
7733,0.8217,30,57,30,659111,17333,108927,17329,0.13728456469395514,0.4999422999249899
7734,0.8218,0,3,0,659114,17330,108927,17329,0.1372608034469649,0.4999855737326524
7735,0.822,7,22,7,659136,17308,108934,17322,0.1370865543023698,0.5002021368755415
7736,0.8221,3,5,3,659141,17303,108937,17319,0.13704695222405272,0.5002310669516492
7737,0.8222,0,4,0,659145,17299,108937,17319,0.13701527056139906,0.5002888670633774
7738,0.8223,4,10,4,659155,17289,108941,17315,0.1369360664047649,0.5003756791122413
7739,0.8224,0,2,0,659157,17287,108941,17315,0.13692022557343808,0.500404600890122
7740,0.8225,41,63,41,659220,17224,108982,17274,0.13642123938664302,0.5007246796915763
7741,0.8226,1,6,1,659226,17218,108983,17273,0.13637371689266253,0.5007973094430431
7742,0.8227,4,10,4,659236,17208,108987,17269,0.13629451273602838,0.5008846477361719
7743,0.8228,1,6,1,659242,17202,108988,17268,0.1362469902420479,0.5009573542210618
7744,0.8229,2,4,2,659246,17198,108990,17266,0.13621530857939423,0.5009865366759517
7745,0.823,7,9,7,659255,17189,108997,17259,0.13614402483842353,0.5010160241523456
7746,0.8231,1,2,1,659257,17187,108998,17258,0.1361281840070967,0.5010306285382494
7747,0.8232,2,5,2,659262,17182,109000,17256,0.13608858192877962,0.5010743945641443
7748,0.8233,82,126,82,659388,17056,109082,17174,0.13509060955518945,0.5017236342389717
7749,0.8234,0,2,0,659390,17054,109082,17174,0.13507476872386262,0.5017529508005142
7750,0.8235,9,10,9,659400,17044,109091,17165,0.1349955645672285,0.5017685404425736
7751,0.8236,0,8,0,659408,17036,109091,17165,0.13493220124192118,0.5018859097687202
7752,0.8237,5,8,5,659416,17028,109096,17160,0.13486883791661386,0.5019305019305019
7753,0.8238,2,7,2,659423,17021,109098,17158,0.13481339500696995,0.5020041545978525
7754,0.8239,1,7,1,659430,17014,109099,17157,0.13475795209732608,0.5020924175470428
7755,0.824,15,21,15,659451,16993,109114,17142,0.13459162336839436,0.5021825106195986
7756,0.8241,1,0,1,659451,16993,109115,17141,0.13459162336839436,0.5021679264076874
7757,0.8242,11,18,11,659469,16975,109126,17130,0.13444905588645292,0.5022723940771148
7758,0.8243,9,11,9,659480,16964,109135,17121,0.13436193131415536,0.5023030658647499
7759,0.8244,2,4,2,659484,16960,109137,17119,0.1343302496515017,0.5023328149300156
7760,0.8245,6,7,6,659491,16953,109143,17113,0.13427480674185782,0.5023483825515176
7761,0.8246,0,1,0,659492,16952,109143,17113,0.1342668863261944,0.5023631293116102
7762,0.8247,2,5,2,659497,16947,109145,17111,0.13422728424787733,0.5024076575253978
7763,0.8248,6,4,6,659501,16943,109151,17105,0.13419560258522367,0.5023789943609023
7764,0.8249,1,1,1,659502,16942,109152,17104,0.13418768216956026,0.5023791341126711
7765,0.825,195,224,195,659726,16718,109347,16909,0.13241350906095553,0.5028399797781544
7766,0.8251,0,2,0,659728,16716,109347,16909,0.1323976682296287,0.5028698884758365
7767,0.8252,4,9,4,659737,16707,109351,16905,0.13232638448865797,0.502945376651196
7768,0.8253,1,5,1,659742,16702,109352,16904,0.1322867824103409,0.5030054156995775
7769,0.8254,1,7,1,659749,16695,109353,16903,0.132231339500697,0.5030954223465682
7770,0.8255,2,6,2,659755,16689,109355,16901,0.13218381700671653,0.5031557011015183
7771,0.8256,0,1,0,659756,16688,109355,16901,0.1321758965910531,0.5031706808776683
7772,0.8257,3,10,3,659766,16678,109358,16898,0.13209669243441896,0.5032761496306886
7773,0.8258,16,22,16,659788,16656,109374,16882,0.13192244328982386,0.5033693124217306
7774,0.826,15,28,15,659816,16628,109389,16867,0.13170067165124827,0.503567696671145
7775,0.8261,2,1,2,659817,16627,109391,16865,0.13169275123558485,0.5035530873044309
7776,0.8262,5,4,5,659821,16623,109396,16860,0.1316610695729312,0.5035391093987994
7777,0.8263,0,9,0,659830,16614,109396,16860,0.13158978583196046,0.5036744936368525
7778,0.8264,1,1,1,659831,16613,109397,16859,0.13158186541629704,0.5036747131931166
7779,0.8265,3,11,3,659842,16602,109400,16856,0.13149474084399948,0.5037958036941838
7780,0.8266,3,3,3,659845,16599,109403,16853,0.13147097959700926,0.5037964845151262
7781,0.8267,100,128,100,659973,16471,109503,16753,0.13045716639209226,0.5042439200577895
7782,0.8268,4,6,4,659979,16465,109507,16749,0.13040964389811177,0.5042753055940267
7783,0.8269,1,2,1,659981,16463,109508,16748,0.13039380306678494,0.5042907470416428
7784,0.827,3,6,3,659987,16457,109511,16745,0.13034628057280445,0.5043370881272212
7785,0.8271,1,2,1,659989,16455,109512,16744,0.13033043974147762,0.5043525407391789
7786,0.8272,2,4,2,659993,16451,109514,16742,0.130298758078824,0.5043834543427831
7787,0.8273,4,4,4,659997,16447,109518,16738,0.13026707641617033,0.5043845110742805
7788,0.8274,0,5,0,660002,16442,109518,16738,0.13022747433785326,0.5044605183845691
7789,0.8275,38,72,38,660074,16370,109556,16700,0.12965720441008743,0.5049894163894769
7790,0.8276,1,3,1,660077,16367,109557,16699,0.1296334431630972,0.5050202625052924
7791,0.8277,5,3,5,660080,16364,109562,16694,0.12960968191610694,0.5049912275394761
7792,0.8278,2,8,2,660088,16356,109564,16692,0.12954631859079965,0.5050835148874364
7793,0.8279,1,4,1,660092,16352,109565,16691,0.129514636928146,0.5051296795085192
7794,0.828,10,15,10,660107,16337,109575,16681,0.12939583069319477,0.505209279786783
7795,0.8281,0,7,0,660114,16330,109575,16681,0.1293403877835509,0.5053164096816213
7796,0.8282,4,3,4,660117,16327,109579,16677,0.12931662653656065,0.5053023875893831
7797,0.8283,39,49,39,660166,16278,109618,16638,0.12892852616905334,0.505468465184105
7798,0.8285,1,12,1,660178,16266,109619,16637,0.1288334811810924,0.5056377837887123
7799,0.8286,4,4,4,660182,16262,109623,16633,0.12880179951843873,0.5056391548867609
7800,0.8287,2,3,2,660185,16259,109625,16631,0.1287780382714485,0.5056552143508666
7801,0.8288,3,5,3,660190,16254,109628,16628,0.1287384361931314,0.5056870020071772
7802,0.8289,1,1,1,660191,16253,109629,16627,0.128730515777468,0.5056873479318735
7803,0.829,14,17,14,660208,16236,109643,16613,0.12859586871118997,0.5057383786416634
7804,0.8291,1,4,1,660212,16232,109644,16612,0.1285641870485363,0.5057849226647181
7805,0.8292,7,19,7,660231,16213,109651,16605,0.12841369915093145,0.5059723322566884
7806,0.8293,4,12,4,660243,16201,109655,16601,0.12831865416297047,0.5060971891957807
7807,0.8294,1,5,1,660248,16196,109656,16600,0.1282790520846534,0.5061592877180144
7808,0.8295,0,2,0,660250,16194,109656,16600,0.12826321125332657,0.5061901567359883
7809,0.8296,0,2,0,660252,16192,109656,16600,0.12824737042199974,0.506221029519395
7810,0.8297,1,9,1,660261,16183,109657,16599,0.12817608668102903,0.5063449453968641
7811,0.8298,5,3,5,660264,16180,109662,16594,0.1281523254340388,0.5063159821809972
7812,0.8299,0,1,0,660265,16179,109662,16594,0.12814440501837537,0.5063314313611814
7813,0.83,957,963,957,661228,15216,110619,15637,0.12051704473450767,0.5068226752665868
7814,0.8301,1,2,1,661230,15214,110620,15636,0.12050120390318084,0.5068395461912479
7815,0.8302,4,2,4,661232,15212,110624,15632,0.12048536307185401,0.5068084554532486
7816,0.8303,0,5,0,661237,15207,110624,15632,0.12044576099353695,0.5068906255066636
7817,0.8304,1,2,1,661239,15205,110625,15631,0.12042992016221012,0.5069075107017772
7818,0.8305,1,3,1,661242,15202,110626,15630,0.12040615891521987,0.5069408406850026
7819,0.8306,1,2,1,661244,15200,110627,15629,0.12039031808389304,0.5069577346005385
7820,0.8307,3,3,3,661247,15197,110630,15626,0.1203665568369028,0.5069590889919865
7821,0.8308,12,19,12,661266,15178,110642,15614,0.12021606893929794,0.5070797609768771
7822,0.8309,0,1,0,661267,15177,110642,15614,0.12020814852363453,0.507096229417687
7823,0.831,5,16,5,661283,15161,110647,15609,0.1200814218730199,0.5072798180045499
7824,0.8311,0,8,0,661291,15153,110647,15609,0.12001805854771258,0.5074117417593135
7825,0.8312,1,9,1,661300,15144,110648,15608,0.11994677480674186,0.5075442247658689
7826,0.8313,2,5,2,661305,15139,110650,15606,0.11990717272842479,0.5075947308505449
7827,0.8314,2,2,2,661307,15137,110652,15604,0.11989133189709796,0.5075957190722488
7828,0.8315,3,8,3,661315,15129,110655,15601,0.11982796857179065,0.5076797917344614
7829,0.8316,1,3,1,661318,15126,110656,15600,0.1198042073248004,0.5077133372388205
7830,0.8317,23,54,23,661372,15072,110679,15577,0.11937650487897605,0.5082384417109856
7831,0.8318,3,6,3,661378,15066,110682,15574,0.11932898238499556,0.508289817232376
7832,0.8319,2,2,2,661380,15064,110684,15572,0.11931314155366873,0.5082908995952474
7833,0.832,7,13,7,661393,15051,110691,15565,0.11921017615004435,0.5083943036320878
7834,0.8321,0,8,0,661401,15043,110691,15565,0.11914681282473705,0.5085271824359645
7835,0.8322,0,12,0,661413,15031,110691,15565,0.11905176783677607,0.508726630932148
7836,0.8323,1,13,1,661426,15018,110692,15564,0.11894880243315169,0.5089268196978615
7837,0.8324,1,1,1,661427,15017,110693,15563,0.11894088201748827,0.5089274035317201
7838,0.8325,35,51,35,661478,14966,110728,15528,0.11853694081865417,0.5092149275267266
7839,0.8326,1,1,1,661479,14965,110729,15527,0.11852902040299075,0.5092155319428047
7840,0.8327,2,4,2,661483,14961,110731,15525,0.11849733874033709,0.5092501476087384
7841,0.8328,2,2,2,661485,14959,110733,15523,0.11848149790901026,0.5092513614592218
7842,0.8329,3,3,3,661488,14956,110736,15520,0.11845773666202002,0.5092531828323927
7843,0.833,3,7,3,661495,14949,110739,15517,0.11840229375237613,0.5093218669992778
7844,0.8331,2,3,2,661498,14946,110741,15515,0.11837853250538588,0.5093398115623256
7845,0.8332,7,7,7,661505,14939,110748,15508,0.11832308959574199,0.5093441061516734
7846,0.8333,85,82,85,661587,14857,110833,15423,0.11767361551134203,0.5093461030383091
7847,0.8334,1,2,1,661589,14855,110834,15422,0.1176577746800152,0.5093635432836807
7848,0.8335,2,10,2,661599,14845,110836,15420,0.11757857052338107,0.5094994217743268
7849,0.8336,3,3,3,661602,14842,110839,15417,0.11755480927639082,0.5095013053967414
7850,0.8337,1,11,1,661613,14831,110840,15416,0.11746768470409327,0.5096703805336067
7851,0.8338,4,7,4,661620,14824,110844,15412,0.11741224179444937,0.5097235084005821
7852,0.834,20,27,20,661647,14797,110864,15392,0.11719839057153719,0.5098545827950578
7853,0.8341,1,5,1,661652,14792,110865,15391,0.11715878849322012,0.5099228042275453
7854,0.8342,10,13,10,661665,14779,110875,15381,0.11705582308959574,0.5099801061007958
7855,0.8343,3,14,3,661679,14765,110878,15378,0.11694493727030794,0.5101681982549846
7856,0.8344,4,6,4,661685,14759,110882,15374,0.11689741477632747,0.5102047589022003
7857,0.8345,1,3,1,661688,14756,110883,15373,0.11687365352933722,0.510239304324737
7858,0.8346,1,2,1,661690,14754,110884,15372,0.11685781269801039,0.5102569209320852
7859,0.8347,3,8,3,661698,14746,110887,15369,0.11679444937270309,0.5103436825502241
7860,0.8348,2,5,2,661703,14741,110889,15367,0.11675484729438601,0.5103959080643018
7861,0.8349,0,7,0,661710,14734,110889,15367,0.1166994043847421,0.5105146008438258
7862,0.835,154,206,154,661916,14528,111043,15213,0.11506779875807882,0.511516088900844
7863,0.8351,3,3,3,661919,14525,111046,15210,0.11504403751108858,0.5115184126450311
7864,0.8352,2,9,2,661928,14516,111048,15208,0.11497275377011786,0.5116404252455928
7865,0.8353,0,5,0,661933,14511,111048,15208,0.11493315169180078,0.5117265049295063
7866,0.8354,0,8,0,661941,14503,111048,15208,0.11486978836649347,0.5118642926862105
7867,0.8355,8,9,8,661950,14494,111056,15200,0.11479850462552275,0.5118879234862261
7868,0.8356,2,1,2,661951,14493,111058,15198,0.11479058420985934,0.5118722845306659
7869,0.8357,6,13,6,661964,14480,111064,15192,0.11468761880623494,0.5119978430843893
7870,0.8358,13,13,13,661977,14467,111077,15179,0.11458465340261056,0.5120083653781285
7871,0.8359,0,2,0,661979,14465,111077,15179,0.11456881257128373,0.5120429091890433
7872,0.836,22,29,22,662008,14436,111099,15157,0.11433912051704473,0.5121819349170412
7873,0.8361,1,5,1,662013,14431,111100,15156,0.11429951843872767,0.5122520025686957
7874,0.8362,2,11,2,662024,14420,111102,15154,0.1142123938664301,0.5124095489281125
7875,0.8363,2,2,2,662026,14418,111104,15152,0.11419655303510329,0.512411227595536
7876,0.8364,1,2,1,662028,14416,111105,15151,0.11418071220377646,0.51242939763926
7877,0.8365,1,14,1,662042,14402,111106,15150,0.11406982638448866,0.5126556578234975
7878,0.8366,0,1,0,662043,14401,111106,15150,0.11406190596882525,0.512673005989645
7879,0.8367,79,101,79,662144,14300,111185,15071,0.11326194398682043,0.5131251915154404
7880,0.8368,1,11,1,662155,14289,111186,15070,0.11317481941452287,0.5133008617459722
7881,0.8369,1,0,1,662155,14289,111187,15069,0.11317481941452287,0.5132842836705498
7882,0.837,5,12,5,662167,14277,111192,15064,0.1130797744265619,0.5134112675096282
7883,0.8371,2,3,2,662170,14274,111194,15062,0.11305601317957166,0.5134305972184346
7884,0.8372,0,3,0,662173,14271,111194,15062,0.11303225193258142,0.5134831077625882
7885,0.8373,5,4,5,662177,14267,111199,15057,0.11300057026992777,0.5134701950620651
7886,0.8374,0,4,0,662181,14263,111199,15057,0.11296888860727411,0.5135402455661664
7887,0.8375,31,65,31,662246,14198,111230,15026,0.1124540615891522,0.5141664385436627
7888,0.8376,0,1,0,662247,14197,111230,15026,0.11244614117348878,0.5141840331245936
7889,0.8377,3,7,3,662254,14190,111233,15023,0.11239069826384489,0.5142573511792695
7890,0.8378,2,4,2,662258,14186,111235,15021,0.11235901660119123,0.514294518437361
7891,0.8379,1,4,1,662262,14182,111236,15020,0.11232733493853757,0.5143483323060064
7892,0.838,14,20,14,662282,14162,111250,15006,0.1121689266252693,0.5144679100383982
7893,0.8381,1,2,1,662284,14160,111251,15005,0.11215308579394247,0.5144865420881193
7894,0.8382,2,2,2,662286,14158,111253,15003,0.11213724496261564,0.5144885291999588
7895,0.8383,28,45,28,662331,14113,111281,14975,0.111780826257762,0.514817106710671
7896,0.8384,1,3,1,662334,14110,111282,14974,0.11175706501077176,0.5148535277128318
7897,0.8385,2,8,2,662342,14102,111284,14972,0.11169370168546446,0.514961821558781
7898,0.8386,1,5,1,662347,14097,111285,14971,0.11165409960714738,0.5150337140498142
7899,0.8387,2,5,2,662352,14092,111287,14969,0.11161449752883032,0.5150889508275696
7900,0.8388,4,5,4,662357,14087,111291,14965,0.11157489545051325,0.515110835742806
7901,0.8389,0,1,0,662358,14086,111291,14965,0.11156697503484983,0.515128567002857
7902,0.839,8,21,8,662379,14065,111299,14957,0.11140064630591813,0.5153676521259734
7903,0.8392,15,23,15,662402,14042,111314,14942,0.11121847674565961,0.5155258073419818
7904,0.8393,5,8,5,662410,14034,111319,14937,0.1111551134203523,0.5155845500673086
7905,0.8394,1,1,1,662411,14033,111320,14936,0.11114719300468888,0.515585626014015
7906,0.8395,2,2,2,662413,14031,111322,14934,0.11113135217336206,0.5155877783531849
7907,0.8396,2,2,2,662415,14029,111324,14932,0.11111551134203523,0.5155899312869031
7908,0.8397,2,4,2,662419,14025,111326,14930,0.11108382967938157,0.5156276981523052
7909,0.8398,2,6,2,662425,14019,111328,14928,0.11103630718540108,0.5157011089232045
7910,0.8399,0,1,0,662426,14018,111328,14928,0.11102838676973767,0.5157189248946313
7911,0.84,949,954,949,663380,13064,112277,13979,0.10347231022684071,0.5169175017564619
7912,0.8401,2,1,2,663381,13063,112279,13977,0.1034643898111773,0.5169008875739645
7913,0.8402,5,7,5,663388,13056,112284,13972,0.10340894690153339,0.5169453899659612
7914,0.8403,2,4,2,663392,13052,112286,13970,0.10337726523887973,0.5169861594256532
7915,0.8404,0,1,0,663393,13051,112286,13970,0.10336934482321632,0.5170052921801562
7916,0.8405,2,3,2,663396,13048,112288,13968,0.10334558357622609,0.5170269469943737
7917,0.8406,3,5,3,663401,13043,112291,13965,0.10330598149790901,0.5170690165876777
7918,0.8407,5,11,5,663412,13032,112296,13960,0.10321885692561146,0.517190278601067
7919,0.8408,5,28,5,663440,13004,112301,13955,0.10299708528703587,0.5176378945806596
7920,0.8409,0,1,0,663441,13003,112301,13955,0.10298916487137245,0.5176570962237554
7921,0.841,11,13,11,663454,12990,112312,13944,0.10288619946774807,0.517709957674315
7922,0.8411,0,1,0,663455,12989,112312,13944,0.10287827905208466,0.5177291798165818
7923,0.8412,4,7,4,663462,12982,112316,13940,0.10282283614244075,0.5177921402570389
7924,0.8413,2,7,2,663469,12975,112318,13938,0.10276739323279686,0.5178909820532828
7925,0.8414,1,5,1,663474,12970,112319,13937,0.10272779115447979,0.5179693016687107
7926,0.8415,2,5,2,663479,12965,112321,13935,0.10268818907616271,0.5180297397769517
7927,0.8417,27,56,27,663535,12909,112348,13908,0.10224464579901153,0.5186262445463699
7928,0.8418,4,10,4,663545,12899,112352,13904,0.1021654416423774,0.518747901354326
7929,0.8419,0,3,0,663548,12896,112352,13904,0.10214168039538715,0.5188059701492538
7930,0.842,9,10,9,663558,12886,112361,13895,0.10206247623875302,0.5188379821515253
7931,0.8421,0,3,0,663561,12883,112361,13895,0.10203871499176277,0.5188961087459855
7932,0.8422,0,3,0,663564,12880,112361,13895,0.10201495374477253,0.5189542483660131
7933,0.8423,3,10,3,663574,12870,112364,13892,0.10193574958813839,0.5190942380987968
7934,0.8424,1,5,1,663579,12865,112365,13891,0.10189614750982132,0.5191732695470175
7935,0.8425,52,62,52,663641,12803,112417,13839,0.10140508173868965,0.5194429847609038
7936,0.8426,2,2,2,663643,12801,112419,13837,0.10138924090736282,0.5194459043471732
7937,0.8427,5,15,5,663658,12786,112424,13832,0.1012704346724116,0.5196483582538132
7938,0.8428,1,2,1,663660,12784,112425,13831,0.10125459384108478,0.5196693593838061
7939,0.8429,2,8,2,663668,12776,112427,13829,0.10119123051577747,0.5197895132493893
7940,0.843,3,7,3,663675,12769,112430,13826,0.10113578760613356,0.5198721564203798
7941,0.8432,4,1,4,663676,12768,112434,13822,0.10112786719047015,0.5198194810078977
7942,0.8433,69,98,69,663774,12670,112503,13753,0.10035166645545558,0.5204935094425311
7943,0.8434,1,4,1,663778,12666,112504,13752,0.10031998479280192,0.5205541676129911
7944,0.8435,3,9,3,663787,12657,112507,13749,0.1002487010518312,0.520677118836628
7945,0.8436,1,1,1,663788,12656,112508,13748,0.10024078063616779,0.5206786850477201
7946,0.8437,2,5,2,663793,12651,112510,13746,0.10020117855785071,0.5207409932946926
7947,0.8438,4,7,4,663800,12644,112514,13742,0.10014573564820682,0.5208064882892443
7948,0.8439,1,1,1,663801,12643,112515,13741,0.1001378152325434,0.520808065494239
7949,0.844,15,27,15,663828,12616,112530,13726,0.09992396400963123,0.5210690152608003
7950,0.8441,1,4,1,663832,12612,112531,13725,0.09989228234697757,0.5211299692447887
7951,0.8442,9,21,9,663853,12591,112540,13716,0.09972595361804587,0.5213821416353062
7952,0.8443,1,5,1,663858,12586,112541,13715,0.09968635153972881,0.5214630622409794
7953,0.8444,1,2,1,663860,12584,112542,13714,0.09967051070840198,0.5214845235379116
7954,0.8445,2,10,2,663870,12574,112544,13712,0.09959130655176783,0.5216465038423496
7955,0.8446,0,1,0,663871,12573,112544,13712,0.09958338613610443,0.521666349629066
7956,0.8447,4,3,4,663874,12570,112548,13708,0.09955962488911418,0.5216530938427582
7957,0.8448,4,2,4,663876,12568,112552,13704,0.09954378405778735,0.521619975639464
7958,0.8449,0,3,0,663879,12565,112552,13704,0.09952002281079711,0.5216795462332027
7959,0.845,130,168,130,664047,12397,112682,13574,0.09818939297934355,0.5226598898771707
7960,0.8451,2,2,2,664049,12395,112684,13572,0.09817355214801672,0.5226633804444102
7961,0.8452,3,6,3,664055,12389,112687,13569,0.09812602965403625,0.5227290238076894
7962,0.8453,4,8,4,664063,12381,112691,13565,0.09806266632872893,0.5228166191320435
7963,0.8454,2,0,2,664063,12381,112693,13563,0.09806266632872893,0.5227798334875116
7964,0.8455,1,7,1,664070,12374,112694,13562,0.09800722341908503,0.5229025293028995
7965,0.8456,0,3,0,664073,12371,112694,13562,0.09798346217209479,0.5229630200902325
7966,0.8457,4,8,4,664081,12363,112698,13558,0.09792009884678748,0.5230508082249913
7967,0.8458,6,24,6,664105,12339,112704,13552,0.09773000887086554,0.5234251284230041
7968,0.8459,1,0,1,664105,12339,112705,13551,0.09773000887086554,0.5234067207415991
7969,0.846,15,27,15,664132,12312,112720,13536,0.09751615764795336,0.5236768802228412
7970,0.8461,0,3,0,664135,12309,112720,13536,0.09749239640096312,0.5237376668601277
7971,0.8462,4,6,4,664141,12303,112724,13532,0.09744487390698264,0.5237855622217922
7972,0.8463,1,9,1,664150,12294,112725,13531,0.09737359016601191,0.5239496611810261
7973,0.8464,1,2,1,664152,12292,112726,13530,0.09735774933468508,0.5239718069862908
7974,0.8465,3,4,3,664156,12288,112729,13527,0.09732606767203143,0.5239976757699012
7975,0.8466,0,1,0,664157,12287,112729,13527,0.09731814725636802,0.5240179747423879
7976,0.8467,81,91,81,664248,12196,112810,13446,0.09659738943099734,0.5243740737851962
7977,0.8468,4,9,4,664257,12187,112814,13442,0.0965261056900266,0.5244839829880213
7978,0.8469,0,1,0,664258,12186,112814,13442,0.0965181852743632,0.524504448259716
7979,0.847,2,11,2,664269,12175,112816,13440,0.09643106070206564,0.5246925629513957
7980,0.8471,2,11,2,664280,12164,112818,13438,0.09634393612976809,0.5248808686821342
7981,0.8472,3,3,3,664283,12161,112821,13435,0.09632017488277785,0.5248867010470386
7982,0.8473,3,11,3,664294,12150,112824,13432,0.0962330503104803,0.5250566804784614
7983,0.8474,2,4,2,664298,12146,112826,13430,0.09620136864782663,0.5251016578041914
7984,0.8475,35,52,35,664350,12094,112861,13395,0.09578950703332911,0.5255208128996822
7985,0.8477,6,4,6,664354,12090,112867,13389,0.09575782537067545,0.5254915813022489
7986,0.8478,1,2,1,664356,12088,112868,13388,0.09574198453934862,0.5255142094520333
7987,0.8479,3,3,3,664359,12085,112871,13385,0.09571822329235838,0.5255202198665097
7988,0.848,15,17,15,664376,12068,112886,13370,0.09558357622608034,0.5255916345624656
7989,0.8481,1,3,1,664379,12065,112887,13369,0.09555981497909011,0.525634976802705
7990,0.8482,4,7,4,664386,12058,112891,13365,0.0955043720694462,0.5257050702120127
7991,0.8483,25,41,25,664427,12017,112916,13340,0.09517963502724623,0.5260874709153291
7992,0.8484,0,2,0,664429,12015,112916,13340,0.0951637941959194,0.5261289686452376
7993,0.8485,6,12,6,664441,12003,112922,13334,0.09506874920795844,0.5262659351935904
7994,0.8486,1,2,1,664443,12001,112923,13333,0.0950529083766316,0.5262887818741612
7995,0.8487,2,2,2,664445,11999,112925,13331,0.09503706754530478,0.5262929332806948
7996,0.8488,2,7,2,664452,11992,112927,13329,0.09498162463566089,0.5264010110185222
7997,0.8489,0,1,0,664453,11991,112927,13329,0.09497370421999747,0.5264218009478673
7998,0.849,3,11,3,664464,11980,112930,13326,0.0948865796476999,0.5265944835216945
7999,0.8491,1,3,1,664467,11977,112931,13325,0.09486281840070968,0.5266382104181487
8000,0.8492,6,20,6,664487,11957,112937,13319,0.09470441008744139,0.5269425542016142
8001,0.8493,3,7,3,664494,11950,112940,13316,0.09464896717779749,0.5270323755244202
8002,0.8494,0,1,0,664495,11949,112940,13316,0.09464104676213407,0.5270532357015635
8003,0.8495,5,3,5,664498,11946,112945,13311,0.09461728551514384,0.5270222116640931
8004,0.8496,1,0,1,664498,11946,112946,13310,0.09461728551514384,0.5270034843205574
8005,0.8497,0,4,0,664502,11942,112946,13310,0.09458560385249018,0.5270869634088389
8006,0.8498,2,1,2,664503,11941,112948,13308,0.09457768343682676,0.5270703790249118
8007,0.8499,0,1,0,664504,11940,112948,13308,0.09456976302116335,0.5270912547528517
8008,0.85,925,875,925,665379,11065,113873,12383,0.08763939931567609,0.5281047424087342
8009,0.8501,2,3,2,665382,11062,113875,12381,0.08761563806868584,0.5281320650087447
8010,0.8502,2,3,2,665385,11059,113877,12379,0.0875918768216956,0.528159399266149
8011,0.8503,1,2,1,665387,11057,113878,12378,0.08757603599036877,0.5281843396628974
8012,0.8504,1,0,1,665387,11057,113879,12377,0.08757603599036877,0.528164205854741
8013,0.8505,1,3,1,665390,11054,113880,12376,0.08755227474337854,0.5282116944088775
8014,0.8506,1,2,1,665392,11052,113881,12375,0.08753643391205171,0.5282366500192086
8015,0.8507,6,4,6,665396,11048,113887,12369,0.08750475224939805,0.5282060041849939
8016,0.8508,5,29,5,665425,11019,113892,12364,0.08727506019515904,0.5287602104092717
8017,0.8509,0,1,0,665426,11018,113892,12364,0.08726713977949563,0.5287828243948336
8018,0.851,5,17,5,665443,11001,113897,12359,0.08713249271321759,0.5290667808219178
8019,0.8511,0,2,0,665445,10999,113897,12359,0.08711665188189076,0.5291120815138283
8020,0.8512,2,10,2,665455,10989,113899,12357,0.08703744772525662,0.5292983808789514
8021,0.8513,2,4,2,665459,10985,113901,12355,0.08700576606260296,0.5293487574978577
8022,0.8514,0,1,0,665460,10984,113901,12355,0.08699784564693955,0.5293714383649685
8023,0.8515,4,2,4,665462,10982,113905,12351,0.08698200481561272,0.5293361333733339
8024,0.8516,0,1,0,665463,10981,113905,12351,0.0869740843999493,0.5293588205040288
8025,0.8517,22,48,22,665511,10933,113927,12329,0.08659390444810544,0.5300060183991059
8026,0.8518,2,2,2,665513,10931,113929,12327,0.08657806361677861,0.5300111789491788
8027,0.8519,1,2,1,665515,10929,113930,12326,0.08656222278545178,0.5300365512792947
8028,0.852,7,11,7,665526,10918,113937,12319,0.08647509821315423,0.5301458880234109
8029,0.8521,0,1,0,665527,10917,113937,12319,0.08646717779749082,0.5301687037355827
8030,0.8522,0,9,0,665536,10908,113937,12319,0.08639589405652008,0.5303741335514702
8031,0.8523,2,9,2,665545,10899,113939,12317,0.08632461031554936,0.530539283252929
8032,0.8524,2,1,2,665546,10898,113941,12315,0.08631668989988595,0.5305216904320855
8033,0.8525,34,48,34,665594,10850,113975,12281,0.08593650994804207,0.530932514806969
8034,0.8526,2,2,2,665596,10848,113977,12279,0.08592066911671524,0.5309378648333117
8035,0.8527,4,11,4,665607,10837,113981,12275,0.08583354454441769,0.5311093804084458
8036,0.8528,1,2,1,665609,10835,113982,12274,0.08581770371309086,0.5311350556060409
8037,0.8529,3,1,3,665610,10834,113985,12271,0.08580978329742744,0.5310971651157758
8038,0.853,8,10,8,665620,10824,113993,12263,0.08573057914079331,0.5311647247368649
8039,0.8531,0,2,0,665622,10822,113993,12263,0.08571473830946648,0.5312107429066494
8040,0.8532,2,6,2,665628,10816,113995,12261,0.085667215815486,0.5313082289725701
8041,0.8533,65,61,65,665689,10755,114060,12196,0.08518407046001775,0.531392967626683
8042,0.8534,1,0,1,665689,10755,114061,12195,0.08518407046001775,0.5313725490196078
8043,0.8535,5,2,5,665691,10753,114066,12190,0.08516822962869092,0.531316741489779
8044,0.8536,2,3,2,665694,10750,114068,12188,0.08514446838170067,0.5313453657685936
8045,0.8537,0,4,0,665698,10746,114068,12188,0.08511278671904701,0.5314380395918723
8046,0.8538,1,7,1,665705,10739,114069,12187,0.08505734380940312,0.5315798656547152
8047,0.8539,1,3,1,665708,10736,114070,12186,0.08503358256241288,0.531629002704825
8048,0.854,21,17,21,665725,10719,114091,12165,0.08489893549613484,0.5315941269008915
8049,0.8541,1,0,1,665725,10719,114092,12164,0.08489893549613484,0.5315736573001791
8050,0.8542,10,24,10,665749,10695,114102,12154,0.0847088455202129,0.5319269989933914
8051,0.8543,2,6,2,665755,10689,114104,12152,0.08466132302623242,0.5320257431811216
8052,0.8545,0,2,0,665757,10687,114104,12152,0.08464548219490559,0.5320723324138535
8053,0.8546,1,1,1,665758,10686,114105,12151,0.08463756177924217,0.5320751412181985
8054,0.8547,1,4,1,665762,10682,114106,12150,0.08460588011658852,0.5321478626489138
8055,0.8548,0,4,0,665766,10678,114106,12150,0.08457419845393487,0.5322411074119502
8056,0.8549,0,1,0,665767,10677,114106,12150,0.08456627803827145,0.5322644237087659
8057,0.855,156,180,156,665947,10497,114262,11994,0.08314060321885693,0.5332799786581299
8058,0.8551,1,2,1,665949,10495,114263,11993,0.0831247623875301,0.5333066524368553
8059,0.8552,1,4,1,665953,10491,114264,11992,0.08309308072487644,0.5333807765867544
8060,0.8553,3,7,3,665960,10484,114267,11989,0.08303763781523255,0.5334846259956392
8061,0.8554,1,4,1,665964,10480,114268,11988,0.08300595615257889,0.5335588392380274
8062,0.8555,3,8,3,665972,10472,114271,11985,0.08294259282727158,0.5336866010598031
8063,0.8556,2,3,2,665975,10469,114273,11983,0.08291883158028134,0.5337163727062177
8064,0.8557,4,10,4,665985,10459,114277,11979,0.0828396274236472,0.5338711115072645
8065,0.8558,10,17,10,666002,10442,114287,11969,0.08270498035736916,0.5340680915621793
8066,0.8559,1,6,1,666008,10436,114288,11968,0.08265745786338867,0.5341903231565792
8067,0.856,20,15,20,666023,10421,114308,11948,0.08253865162843746,0.534132057758505
8068,0.8563,1,4,1,666027,10417,114309,11947,0.0825069699657838,0.534206760865677
8069,0.8564,5,0,5,666027,10417,114314,11942,0.0825069699657838,0.5341025985061943
8070,0.8565,2,9,2,666036,10408,114316,11940,0.08243568622481308,0.5342759978521568
8071,0.8566,1,1,1,666037,10407,114317,11939,0.08242776580914966,0.5342790656045825
8072,0.8567,86,96,86,666133,10311,114403,11853,0.08166740590546191,0.5347861396859772
8073,0.8568,0,4,0,666137,10307,114403,11853,0.08163572424280827,0.5348826714801445
8074,0.8569,0,5,0,666142,10302,114403,11853,0.08159612216449119,0.5350033852403521
8075,0.857,2,10,2,666152,10292,114405,11851,0.08151691800785706,0.535202998690331
8076,0.8571,2,2,2,666154,10290,114407,11849,0.08150107717653023,0.535209359049641
8077,0.8572,2,5,2,666159,10285,114409,11847,0.08146147509821315,0.5352882703777336
8078,0.8573,2,13,2,666172,10272,114411,11845,0.08135850969458877,0.5355608807704481
8079,0.8574,1,1,1,666173,10271,114412,11844,0.08135058927892536,0.5355640967669003
8080,0.8575,32,40,32,666213,10231,114444,11812,0.0810337726523888,0.5358617248105975
8081,0.8576,1,4,1,666217,10227,114445,11811,0.08100209098973514,0.5359379254015791
8082,0.8577,1,0,1,666217,10227,114446,11810,0.08100209098973514,0.5359168670871716
8083,0.8578,1,2,1,666219,10225,114447,11809,0.08098625015840831,0.5359444494871562
8084,0.8579,0,2,0,666221,10223,114447,11809,0.08097040932708148,0.5359931009440814
8085,0.858,15,8,15,666229,10215,114462,11794,0.08090704600177417,0.5358716888545595
8086,0.8581,0,1,0,666230,10214,114462,11794,0.08089912558611076,0.5358960378044347
8087,0.8582,4,1,4,666231,10213,114466,11790,0.08089120517044734,0.5358360223605871
8088,0.8583,23,30,23,666261,10183,114489,11767,0.08065359270054492,0.5360820045558087
8089,0.8584,0,5,0,666266,10178,114489,11767,0.08061399062222785,0.5362041467304626
8090,0.8585,3,7,3,666273,10171,114492,11764,0.08055854771258396,0.5363118304080237
8091,0.8586,2,5,2,666278,10166,114494,11762,0.08051894563426688,0.536391827800073
8092,0.8587,1,8,1,666286,10158,114495,11761,0.08045558230895958,0.5365664491993248
8093,0.8588,3,8,3,666294,10150,114498,11758,0.08039221898365226,0.5366989227679386
8094,0.8589,1,0,1,666294,10150,114499,11757,0.08039221898365226,0.5366777742274159
8095,0.859,4,7,4,666301,10143,114503,11753,0.08033677607400837,0.5367647058823529
8096,0.8591,0,1,0,666302,10142,114503,11753,0.08032885565834495,0.536789221283398
8097,0.8592,11,20,11,666322,10122,114514,11742,0.08017044734507667,0.5370472008781558
8098,0.8593,4,8,4,666330,10114,114518,11738,0.08010708401976936,0.5371590701079992
8099,0.8594,2,3,2,666333,10111,114520,11736,0.08008332277277912,0.5371904609328512
8100,0.8595,4,2,4,666335,10109,114524,11732,0.08006748194145229,0.5371548921752667
8101,0.8596,1,3,1,666338,10106,114525,11731,0.08004372069446204,0.5372074918715941
8102,0.8597,6,6,6,666344,10100,114531,11725,0.07999619820048157,0.5372279495990836
8103,0.8598,1,3,1,666347,10097,114532,11724,0.07997243695349132,0.5372806012556711
8104,0.8599,1,6,1,666353,10091,114533,11723,0.07992491445951083,0.5374071697075272
8105,0.86,919,778,919,667131,9313,115452,10804,0.07376283107337472,0.5370582094745737
8106,0.8602,3,2,3,667133,9311,115455,10801,0.07374699024204791,0.5370425616547335
8107,0.8603,3,3,3,667136,9308,115458,10798,0.07372322899505766,0.5370536158360688
8108,0.8604,1,1,1,667137,9307,115459,10797,0.07371530857939425,0.5370573020294469
8109,0.8605,6,8,6,667145,9299,115465,10791,0.07365194525408693,0.5371329019412643
8110,0.8606,1,2,1,667147,9297,115466,10790,0.07363610442276011,0.5371633394732912
8111,0.8607,3,8,3,667155,9289,115469,10787,0.07357274109745279,0.5373082287308228
8112,0.8608,4,13,4,667168,9276,115473,10783,0.07346977569382841,0.5375641856523257
8113,0.861,7,10,7,667178,9266,115480,10776,0.07339057153719428,0.5376708911286299
8114,0.8611,1,4,1,667182,9262,115481,10775,0.07335888987454062,0.537755152967011
8115,0.8612,0,2,0,667184,9260,115481,10775,0.07334304904321379,0.5378088345395557
8116,0.8613,1,3,1,667187,9257,115482,10774,0.07331928779622354,0.5378663072238031
8117,0.8615,4,6,4,667193,9251,115486,10770,0.07327176530224307,0.5379351680735228
8118,0.8616,1,2,1,667195,9249,115487,10769,0.07325592447091624,0.537965830752323
8119,0.8617,33,38,33,667233,9211,115520,10736,0.0729549486757065,0.5382262996941896
8120,0.8618,2,5,2,667238,9206,115522,10734,0.07291534659738944,0.5383149448345035
8121,0.8619,1,1,1,667239,9205,115523,10733,0.07290742618172602,0.5383187882435551
8122,0.862,5,10,5,667249,9195,115528,10728,0.07282822202509187,0.5384731215178437
8123,0.8621,2,7,2,667256,9188,115530,10726,0.07277277911544798,0.5386160490107462
8124,0.8622,2,2,2,667258,9186,115532,10724,0.07275693828412115,0.5386238071320945
8125,0.8623,6,7,6,667265,9179,115538,10718,0.07270149537447725,0.5386741719857265
8126,0.8624,1,2,1,667267,9177,115539,10717,0.07268565454315043,0.5387051372273047
8127,0.8625,34,42,34,667309,9135,115573,10683,0.07235299708528703,0.53905540417802
8128,0.8626,3,7,3,667316,9128,115576,10680,0.07229755417564314,0.5391760904684976
8129,0.8627,4,12,4,667328,9116,115580,10676,0.07220250918768217,0.5394098625707356
8130,0.8628,2,5,2,667333,9111,115582,10674,0.0721629071093651,0.5394996209249432
8131,0.8629,6,2,6,667335,9109,115588,10668,0.07214706627803827,0.5394144713556152
8132,0.863,0,7,0,667342,9102,115588,10668,0.07209162336839438,0.5396054628224582
8133,0.8631,0,1,0,667343,9101,115588,10668,0.07208370295273096,0.539632758359047
8134,0.8632,2,6,2,667349,9095,115590,10666,0.07203618045875047,0.5397500126511816
8135,0.8633,71,72,71,667421,9023,115661,10595,0.07146591053098467,0.5400652462024671
8136,0.8634,2,2,2,667423,9021,115663,10593,0.07145006969965784,0.5400734169470787
8137,0.8635,2,3,2,667426,9018,115665,10591,0.07142630845266759,0.5401091335611199
8138,0.8636,1,1,1,667427,9017,115666,10590,0.07141838803700418,0.5401132248686693
8139,0.8637,1,8,1,667435,9009,115667,10589,0.07135502471169687,0.5403102357383407
8140,0.8638,2,9,2,667444,9000,115669,10587,0.07128374097072615,0.5405115637923112
8141,0.8639,1,0,1,667444,9000,115670,10586,0.07128374097072615,0.5404881037475748
8142,0.864,10,20,10,667464,8980,115680,10576,0.07112533265745787,0.5408058907752097
8143,0.8642,7,13,7,667477,8967,115687,10569,0.07102236725383348,0.5410012285012284
8144,0.8643,7,8,7,667485,8959,115694,10562,0.07095900392852617,0.5410583474207264
8145,0.8644,2,1,2,667486,8958,115696,10560,0.07095108351286275,0.5410390408853366
8146,0.8645,1,5,1,667491,8953,115697,10559,0.07091148143454569,0.5411541615416154
8147,0.8647,1,1,1,667492,8952,115698,10558,0.07090356101888227,0.5411583803177857
8148,0.8648,2,9,2,667501,8943,115700,10556,0.07083227727791154,0.5413610954407918
8149,0.865,132,167,132,667668,8776,115832,10424,0.06950956786212141,0.5429166666666667
8150,0.8651,1,2,1,667670,8774,115833,10423,0.06949372703079458,0.5429494191800802
8151,0.8652,2,5,2,667675,8769,115835,10421,0.0694541249524775,0.5430432516935904
8152,0.8653,2,5,2,667680,8764,115837,10419,0.06941452287416043,0.5431371526872751
8153,0.8654,3,4,3,667684,8760,115840,10416,0.06938284121150678,0.5431789737171464
8154,0.8655,3,10,3,667694,8750,115843,10413,0.06930363705487264,0.5433909095653081
8155,0.8656,1,4,1,667698,8746,115844,10412,0.06927195539221899,0.5434805303267565
8156,0.8657,2,3,2,667701,8743,115846,10410,0.06924819414522874,0.5435179867383699
8157,0.8658,5,14,5,667715,8729,115851,10405,0.06913730832594095,0.5437963834012752
8158,0.8659,1,3,1,667718,8726,115852,10404,0.0691135470789507,0.5438578149503398
8159,0.866,17,12,17,667730,8714,115869,10387,0.06901850209098974,0.5437935186639443
8160,0.8661,0,1,0,667731,8713,115869,10387,0.06901058167532632,0.5438219895287958
8161,0.8662,3,6,3,667737,8707,115872,10384,0.06896305918134583,0.5439212194227646
8162,0.8663,4,7,4,667744,8700,115876,10380,0.06890761627170194,0.5440251572327044
8163,0.8664,1,3,1,667747,8697,115877,10379,0.0688838550247117,0.5440868106521284
8164,0.8665,5,11,5,667758,8686,115882,10374,0.06879673045241415,0.5442812172088143
8165,0.8666,0,2,0,667760,8684,115882,10374,0.06878088962108732,0.5443383356070941
8166,0.8667,72,72,72,667832,8612,115954,10302,0.06821061969332151,0.5446759014486624
8167,0.8668,4,5,4,667837,8607,115958,10298,0.06817101761500444,0.5447236180904522
8168,0.867,6,2,6,667839,8605,115964,10292,0.0681551767836776,0.5446367148224586
8169,0.8671,3,4,3,667843,8601,115967,10289,0.06812349512102395,0.5446797247220752
8170,0.8672,0,5,0,667848,8596,115967,10289,0.06808389304270689,0.5448239343394228
8171,0.8673,1,2,1,667850,8594,115968,10288,0.06806805221138006,0.5448575362779366
8172,0.8674,0,1,0,667851,8593,115968,10288,0.06806013179571664,0.5448863937291457
8173,0.8675,32,35,32,667886,8558,116000,10256,0.06778291724749715,0.5451259700223238
8174,0.8676,0,2,0,667888,8556,116000,10256,0.06776707641617032,0.5451839251541569
8175,0.8677,1,4,1,667892,8552,116001,10255,0.06773539475351667,0.545275695219865
8176,0.8678,1,4,1,667896,8548,116002,10254,0.06770371309086301,0.5453675140942453
8177,0.868,8,15,8,667911,8533,116010,10246,0.0675849068559118,0.545609457372597
8178,0.8682,1,2,1,667913,8531,116011,10245,0.06756906602458497,0.5456433745206647
8179,0.8683,24,23,24,667936,8508,116035,10221,0.06738689646432645,0.545731218965241
8180,0.8684,2,3,2,667939,8505,116037,10219,0.06736313521733621,0.5457701345866268
8181,0.8685,2,7,2,667946,8498,116039,10217,0.0673076923076923,0.5459257280256479
8182,0.8686,3,6,3,667952,8492,116042,10214,0.06726016981371183,0.5460280124024377
8183,0.8687,2,7,2,667959,8485,116044,10212,0.06720472690406792,0.5461838797668075
8184,0.8688,4,5,4,667964,8480,116048,10208,0.06716512482575085,0.5462328767123288
8185,0.8689,2,0,2,667964,8480,116050,10206,0.06716512482575085,0.5461843091084234
8186,0.869,6,8,6,667972,8472,116056,10200,0.06710176150044354,0.5462724935732648
8187,0.8691,0,2,0,667974,8470,116056,10200,0.06708592066911671,0.5463310123192288
8188,0.8692,6,19,6,667993,8451,116062,10194,0.06693543277151184,0.5467417538213999
8189,0.8693,6,13,6,668006,8438,116068,10188,0.06683246736788746,0.5469773434983357
8190,0.8695,1,3,1,668009,8435,116069,10187,0.06680870612089722,0.5470411341424122
8191,0.8696,2,0,2,668009,8435,116071,10185,0.06680870612089722,0.5469924812030075
8192,0.8697,4,3,4,668012,8432,116075,10181,0.06678494487390699,0.5469832912480525
8193,0.8698,2,7,2,668019,8425,116077,10179,0.06672950196426308,0.547140399913997
8194,0.8699,1,1,1,668020,8424,116078,10178,0.06672158154859967,0.5471454682292226
8195,0.87,788,738,788,668758,7686,116866,9390,0.06087631478900013,0.5498945888966971
8196,0.8701,0,3,0,668761,7683,116866,9390,0.060852553542009885,0.5499912141978562
8197,0.8702,1,3,1,668764,7680,116867,9389,0.06082879229501964,0.5500615150272423
8198,0.8703,3,2,3,668766,7678,116870,9386,0.06081295146369282,0.5500468823253634
8199,0.8705,3,2,3,668768,7676,116873,9383,0.06079711063236599,0.5500322410457823
8200,0.8706,1,4,1,668772,7672,116874,9382,0.06076542896971233,0.5501348657206521
8201,0.8707,6,4,6,668776,7668,116880,9376,0.060733747307058675,0.550105609011969
8202,0.8708,4,7,4,668783,7661,116884,9372,0.06067830439741478,0.5502260318205836
8203,0.8709,2,3,2,668786,7658,116886,9370,0.06065454315042453,0.5502701432933991
8204,0.871,8,10,8,668796,7648,116894,9362,0.0605753389937904,0.550382128159906
8205,0.8711,1,7,1,668803,7641,116895,9361,0.0605198960841465,0.5505822844371251
8206,0.8712,1,1,1,668804,7640,116896,9360,0.060511975668483084,0.5505882352941176
8207,0.8713,1,0,1,668804,7640,116897,9359,0.060511975668483084,0.550561797752809
8208,0.8714,1,1,1,668805,7639,116898,9358,0.06050405525281967,0.5505677472495146
8209,0.8715,2,5,2,668810,7634,116900,9356,0.0604644531745026,0.5506768687463214
8210,0.8716,0,1,0,668811,7633,116900,9356,0.060456532758839186,0.5507092824768968
8211,0.8717,19,30,19,668841,7603,116919,9337,0.060218920288936766,0.5511806375442739
8212,0.8718,3,5,3,668846,7598,116922,9334,0.06017931821061969,0.5512638790455942
8213,0.8719,3,4,3,668850,7594,116925,9331,0.06014763654796604,0.551314623338257
8214,0.872,7,1,7,668851,7593,116932,9324,0.06013971613230262,0.5511615534669267
8215,0.8721,0,1,0,668852,7592,116932,9324,0.06013179571663921,0.5511941357294868
8216,0.8722,1,4,1,668856,7588,116933,9323,0.060100114053985555,0.5512979717343741
8217,0.8723,3,10,3,668866,7578,116936,9320,0.06002090989735141,0.5515445614865665
8218,0.8724,2,2,2,668868,7576,116938,9318,0.06000506906602458,0.5515567657156387
8219,0.8725,32,51,32,668919,7525,116970,9286,0.05960112786719047,0.5523764202010588
8220,0.8726,1,2,1,668921,7523,116971,9285,0.05958528703586364,0.552415516420752
8221,0.8727,3,2,3,668923,7521,116974,9282,0.059569446204536816,0.5524013569005535
8222,0.8728,1,0,1,668923,7521,116975,9281,0.059569446204536816,0.5523747172955601
8223,0.8729,0,4,0,668927,7517,116975,9281,0.059537764541883156,0.5525062507441362
8224,0.873,6,7,6,668934,7510,116981,9275,0.05948232163223926,0.5525767053917188
8225,0.8731,2,4,2,668938,7506,116983,9273,0.059450639969585606,0.5526551045950295
8226,0.8732,2,4,2,668942,7502,116985,9271,0.059418958306931946,0.5527335598879151
8227,0.8733,61,61,61,669003,7441,117046,9210,0.05893581295146369,0.5531199327367725
8228,0.8734,1,0,1,669003,7441,117047,9209,0.05893581295146369,0.5530930930930931
8229,0.8735,3,6,3,669009,7435,117050,9206,0.05888829045748321,0.5532119463974521
8230,0.8736,1,5,1,669014,7430,117051,9205,0.05884868837916614,0.5533513675984371
8231,0.8737,2,0,2,669014,7430,117053,9203,0.05884868837916614,0.5532976612757771
8232,0.8738,1,2,1,669016,7428,117054,9202,0.05883284754783931,0.553337342152736
8233,0.874,14,10,14,669026,7418,117068,9188,0.058753643391205174,0.5532939901240516
8234,0.8741,0,1,0,669027,7417,117068,9188,0.05874572297554176,0.5533273110508883
8235,0.8742,8,18,8,669045,7399,117076,9180,0.058603155493600304,0.5537125278967369
8236,0.8743,5,3,5,669048,7396,117081,9175,0.05857939424661006,0.553678112364975
8237,0.8744,1,2,1,669050,7394,117082,9174,0.058563553415283236,0.5537180106228875
8238,0.8745,1,4,1,669054,7390,117083,9173,0.058531871752629576,0.553824790195013
8239,0.8746,2,2,2,669056,7388,117085,9171,0.05851603092130275,0.5538377921372064
8240,0.8747,4,5,4,669061,7383,117089,9167,0.05847642884298568,0.5538972809667674
8241,0.8748,3,5,3,669066,7378,117092,9164,0.05843682676466861,0.5539837988151373
8242,0.875,136,103,136,669169,7275,117228,9028,0.05762102395133697,0.5537631110838496
8243,0.8751,3,2,3,669171,7273,117231,9025,0.05760518312001014,0.5537489262486195
8244,0.8752,2,6,2,669177,7267,117233,9023,0.057557660626029655,0.5538980969920196
8245,0.8753,4,6,4,669183,7261,117237,9019,0.05751013813204917,0.553992628992629
8246,0.8754,2,1,2,669184,7260,117239,9017,0.05750221771638576,0.5539718621367574
8247,0.8755,1,3,1,669187,7257,117240,9016,0.05747845646939551,0.5540465802249124
8248,0.8756,0,2,0,669189,7255,117240,9016,0.05746261563806868,0.554114682564071
8249,0.8757,3,6,3,669195,7249,117243,9013,0.0574150931440882,0.5542368712335506
8250,0.8758,5,17,5,669212,7232,117248,9008,0.05728044607781017,0.554679802955665
8251,0.8759,1,2,1,669214,7230,117249,9007,0.05726460524648334,0.5547206996366324
8252,0.876,13,18,13,669232,7212,117262,8994,0.05712203776454188,0.554979637171418
8253,0.8761,0,1,0,669233,7211,117262,8994,0.05711411734887847,0.5550138846035174
8254,0.8762,3,8,3,669241,7203,117265,8991,0.057050754023571154,0.5552056317154501
8255,0.8763,2,5,2,669246,7198,117267,8989,0.057011151945254086,0.5553221721134244
8256,0.8764,0,1,0,669247,7197,117267,8989,0.05700323152959067,0.5553564809094279
8257,0.8765,3,2,3,669249,7195,117270,8986,0.05698739069826384,0.5553426858661393
8258,0.8766,0,3,0,669252,7192,117270,8986,0.056963629451273604,0.5554456669551242
8259,0.8767,56,88,56,669340,7104,117326,8930,0.05626663287289317,0.5569414993139579
8260,0.8768,0,4,0,669344,7100,117326,8930,0.05623495121023951,0.5570804741110418
8261,0.8769,1,1,1,669345,7099,117327,8929,0.0562270307945761,0.5570875967057649
8262,0.877,5,6,5,669351,7093,117332,8924,0.056179508300595614,0.5571580196041706
8263,0.8771,3,9,3,669360,7084,117335,8921,0.056108224559624886,0.5573883161512028
8264,0.8772,1,1,1,669361,7083,117336,8920,0.05610030414396148,0.5573954883459351
8265,0.8773,4,3,4,669364,7080,117340,8916,0.05607654289697123,0.5573893473368342
8266,0.8774,0,4,0,669368,7076,117340,8916,0.056044861234317574,0.5575287643821911
8267,0.8775,24,30,24,669398,7046,117364,8892,0.05580724876441516,0.5579119086460033
8268,0.8777,1,3,1,669401,7043,117365,8891,0.055783487517424915,0.5579892054725744
8269,0.8778,0,1,0,669402,7042,117365,8891,0.0557755671017615,0.558024226448252
8270,0.8779,0,1,0,669403,7041,117365,8891,0.055767646686098085,0.558059251820236
8271,0.878,6,5,6,669408,7036,117371,8885,0.05572804460778102,0.5580679605552415
8272,0.8781,0,2,0,669410,7034,117371,8885,0.05571220377645419,0.5581380739996231
8273,0.8782,1,4,1,669414,7030,117372,8884,0.055680522113800535,0.5582505969586528
8274,0.8783,18,24,18,669438,7006,117390,8866,0.0554904321378786,0.55859375
8275,0.8784,0,1,0,669439,7005,117390,8866,0.05548251172221518,0.5586289458761262
8276,0.8785,4,11,4,669450,6994,117394,8862,0.055395387149917624,0.5589051463168516
8277,0.8786,1,0,1,669450,6994,117395,8861,0.055395387149917624,0.558877325764743
8278,0.8787,1,1,1,669451,6993,117396,8860,0.055387466734254216,0.5588847536743834
8279,0.8788,2,1,2,669452,6992,117398,8858,0.0553795463185908,0.5588643533123029
8280,0.8789,2,1,2,669453,6991,117400,8856,0.055371625902927386,0.5588439452262258
8281,0.879,2,8,2,669461,6983,117402,8854,0.055308262577620074,0.5590705310349182
8282,0.8791,1,1,1,669462,6982,117403,8853,0.05530034216195666,0.5590779917903379
8283,0.8792,4,9,4,669471,6973,117407,8849,0.05522905842098593,0.5592845405132094
8284,0.8793,7,8,7,669479,6965,117414,8842,0.05516569509567862,0.5593724299361043
8285,0.8794,1,0,1,669479,6965,117415,8841,0.05516569509567862,0.5593445527015057
8286,0.8795,0,3,0,669482,6962,117415,8841,0.05514193384868838,0.5594507372017972
8287,0.8796,1,1,1,669483,6961,117416,8840,0.055134013433024966,0.5594582621353079
8288,0.8797,2,13,2,669496,6948,117418,8838,0.055031048029400585,0.5598631698973774
8289,0.8798,1,4,1,669500,6944,117419,8837,0.054999366366746925,0.5599771877574298
8290,0.88,781,637,781,670137,6307,118200,8056,0.0499540615891522,0.5608856088560885
8291,0.8801,1,1,1,670138,6306,118201,8055,0.049946141173488785,0.560894088155421
8292,0.8802,2,3,2,670141,6303,118203,8053,0.04992237992649854,0.5609501253831151
8293,0.8803,1,3,1,670144,6300,118204,8052,0.0498986186795083,0.5610367892976589
8294,0.8804,0,1,0,670145,6299,118204,8052,0.04989069826384489,0.5610758832137134
8295,0.8805,3,4,3,670149,6295,118207,8049,0.04985901660119123,0.5611405465699945
8296,0.8806,1,0,1,670149,6295,118208,8048,0.04985901660119123,0.5611099491040926
8297,0.8807,5,1,5,670150,6294,118213,8043,0.04985109618552782,0.5609960242728604
8298,0.8808,8,2,8,670152,6292,118221,8035,0.04983525535420099,0.5608292036015914
8299,0.8809,0,1,0,670153,6291,118221,8035,0.049827334938537575,0.5608683512494764
8300,0.881,4,2,4,670155,6289,118225,8031,0.049811494107210745,0.5608240223463687
8301,0.8811,4,3,4,670158,6286,118229,8027,0.04978773286022051,0.5608188360231957
8302,0.8812,1,4,1,670162,6282,118230,8026,0.04975605119756685,0.5609449259155717
8303,0.8813,2,6,2,670168,6276,118232,8024,0.049708528703586365,0.5611188811188811
8304,0.8814,2,2,2,670170,6274,118234,8022,0.049692687872259535,0.5611359820928932
8305,0.8815,3,7,3,670177,6267,118237,8019,0.04963724496261564,0.5613187736245275
8306,0.8817,30,28,30,670205,6239,118267,7989,0.049415473324040046,0.5614984537531628
8307,0.8818,3,3,3,670208,6236,118270,7986,0.0493917120770498,0.5615243988187315
8308,0.8819,1,0,1,670208,6236,118271,7985,0.0493917120770498,0.5614935658533156
8309,0.882,8,7,8,670215,6229,118279,7977,0.049336269167405904,0.5615233000140786
8310,0.8821,0,5,0,670220,6224,118279,7977,0.049296667089088836,0.5617210055629885
8311,0.8822,3,7,3,670227,6217,118282,7974,0.04924122417944494,0.5619054330209288
8312,0.8823,3,7,3,670234,6210,118285,7971,0.04918578126980104,0.5620901205838799
8313,0.8825,16,16,16,670250,6194,118301,7955,0.049059054619186415,0.5622305463283624
8314,0.8826,0,2,0,670252,6192,118301,7955,0.049043213787859585,0.5623100303951368
8315,0.8827,1,5,1,670257,6187,118302,7954,0.04900361170954252,0.5624779011385334
8316,0.8828,1,1,1,670258,6186,118303,7953,0.0489956912938791,0.5624867388075536
8317,0.8829,0,1,0,670259,6185,118303,7953,0.04898777087821569,0.5625265242608573
8318,0.883,6,6,6,670265,6179,118309,7947,0.048940248384235205,0.5625796403794422
8319,0.8831,1,1,1,670266,6178,118310,7946,0.04893232796857179,0.5625885018408383
8320,0.8832,2,1,2,670267,6177,118312,7944,0.048924407552908375,0.5625663904822604
8321,0.8833,65,42,65,670309,6135,118377,7879,0.04859175009504499,0.5622234907949194
8322,0.8835,4,4,4,670313,6131,118381,7875,0.04856006843239133,0.5622590318434957
8323,0.8836,1,2,1,670315,6129,118382,7874,0.048544227601064506,0.562308076840677
8324,0.8837,0,6,0,670321,6123,118382,7874,0.048496705107084016,0.5625491176680717
8325,0.8838,1,4,1,670325,6119,118383,7873,0.048465023444430363,0.5626786735277302
8326,0.8839,0,1,0,670326,6118,118383,7873,0.04845710302876695,0.5627188907154599
8327,0.884,9,13,9,670339,6105,118392,7864,0.04835413762514257,0.5629608418641278
8328,0.8841,1,4,1,670343,6101,118393,7863,0.04832245596248891,0.5630908049269551
8329,0.8842,8,11,8,670354,6090,118401,7855,0.04823533139019136,0.5632843313015418
8330,0.8843,7,3,7,670357,6087,118408,7848,0.04821157014320111,0.5631862217438105
8331,0.8844,0,2,0,670359,6085,118408,7848,0.04819572931187429,0.5632670638053542
8332,0.8845,2,0,2,670359,6085,118410,7846,0.04819572931187429,0.5632043643672385
8333,0.8846,4,1,4,670360,6084,118414,7842,0.048187808896210875,0.5631193451098664
8334,0.8847,3,4,3,670364,6080,118417,7839,0.048156127233557215,0.5631870105611035
8335,0.8848,0,1,0,670365,6079,118417,7839,0.0481482068178938,0.5632274752119557
8336,0.8849,1,0,1,670365,6079,118418,7838,0.0481482068178938,0.5631960911115902
8337,0.885,115,103,115,670468,5976,118533,7723,0.04733240400456216,0.5637637783779837
8338,0.8852,1,6,1,670474,5970,118534,7722,0.047284881510581675,0.5639789658194566
8339,0.8853,4,8,4,670482,5962,118538,7718,0.04722151818527436,0.5641812865497076
8340,0.8854,1,4,1,670486,5958,118539,7717,0.04718983652262071,0.5643144424131628
8341,0.8855,3,4,3,670490,5954,118542,7714,0.04715815485996705,0.5643839625402399
8342,0.8856,1,2,1,670492,5952,118543,7713,0.04714231402864022,0.5644346871569703
8343,0.8857,5,6,5,670498,5946,118548,7708,0.04709479153465974,0.5645232166398125
8344,0.8858,8,9,8,670507,5937,118556,7700,0.04702350779368901,0.5646403167852166
8345,0.8859,0,2,0,670509,5935,118556,7700,0.047007666962362187,0.5647231389805647
8346,0.886,11,22,11,670531,5913,118567,7689,0.04683341781776708,0.5652845169827967
8347,0.8861,1,1,1,670532,5912,118568,7688,0.046825497402103664,0.5652941176470588
8348,0.8862,1,4,1,670536,5908,118569,7687,0.046793815739450004,0.565428466347922
8349,0.8863,0,4,0,670540,5904,118569,7687,0.04676213407679635,0.5655948789640203
8350,0.8864,0,1,0,670541,5903,118569,7687,0.046754213661132936,0.5656364974245769
8351,0.8865,2,5,2,670546,5898,118571,7685,0.04671461158281587,0.5657807553559596
8352,0.8866,0,4,0,670550,5894,118571,7685,0.04668292992016221,0.5659474188084542
8353,0.8867,65,63,65,670613,5831,118636,7620,0.04618394373336713,0.566500631923277
8354,0.8868,0,4,0,670617,5827,118636,7620,0.04615226207071347,0.5666691455343199
8355,0.8869,1,4,1,670621,5823,118637,7619,0.046120580408059816,0.5668055348906412
8356,0.887,4,3,4,670624,5820,118641,7615,0.04609681916106957,0.5668031261630071
8357,0.8871,1,4,1,670628,5816,118642,7614,0.04606513749841592,0.566939687267312
8358,0.8872,0,6,0,670634,5810,118642,7614,0.046017615004435436,0.5671930870083433
8359,0.8873,2,6,2,670640,5804,118644,7612,0.045970092510454946,0.5673822301729279
8360,0.8875,28,26,28,670666,5778,118672,7584,0.045764161703206185,0.56757970363718
8361,0.8876,0,1,0,670667,5777,118672,7584,0.04575624128754277,0.5676221839682658
8362,0.8877,3,2,3,670669,5775,118675,7581,0.04574040045621594,0.5676100628930818
8363,0.8878,0,5,0,670674,5770,118675,7581,0.04570079837789887,0.5678226350086136
8364,0.8879,0,1,0,670675,5769,118675,7581,0.04569287796223546,0.5678651685393259
8365,0.888,9,8,9,670683,5761,118684,7572,0.045629514636928145,0.5679141978549463
8366,0.8881,1,1,1,670684,5760,118685,7571,0.04562159422126473,0.5679243867676843
8367,0.8882,0,1,0,670685,5759,118685,7571,0.045613673805601315,0.567966991747937
8368,0.8883,18,20,18,670705,5739,118703,7553,0.04545526549233304,0.5682365332530845
8369,0.8885,6,6,6,670711,5733,118709,7547,0.045407742998352554,0.5682981927710843
8370,0.8887,3,2,3,670713,5731,118712,7544,0.045391902167025724,0.568286252354049
8371,0.8888,2,1,2,670714,5730,118714,7542,0.04538398175136231,0.5682640144665461
8372,0.8889,1,1,1,670715,5729,118715,7541,0.045376061335698895,0.5682743029389601
8373,0.889,3,9,3,670724,5720,118718,7538,0.045304777594728174,0.5685623774324936
8374,0.8891,2,1,2,670725,5719,118720,7536,0.04529685717906476,0.5685401735194267
8375,0.8892,2,11,2,670736,5708,118722,7534,0.0452097326067672,0.5689472889291648
8376,0.8893,1,4,1,670740,5704,118723,7533,0.04517805094411355,0.5690866510538641
8377,0.8894,0,1,0,670741,5703,118723,7533,0.045170130528450134,0.5691296464188577
8378,0.8896,1,4,1,670745,5699,118724,7532,0.045138448865796474,0.5692691406545235
8379,0.8897,2,1,2,670746,5698,118726,7530,0.045130528450133066,0.5692470517084971
8380,0.8898,2,0,2,670746,5698,118728,7528,0.045130528450133066,0.5691819144110086
8381,0.8899,1,0,1,670746,5698,118729,7527,0.045130528450133066,0.5691493383742912
8382,0.89,741,550,741,671296,5148,119470,6786,0.04077429983525535,0.5686274509803921
8383,0.8901,0,1,0,671297,5147,119470,6786,0.04076637941959194,0.5686751026564988
8384,0.8902,1,11,1,671308,5136,119471,6785,0.040679254847294385,0.5691636607667142
8385,0.8903,3,5,3,671313,5131,119474,6782,0.04063965276897732,0.5692940485184252
8386,0.8905,1,1,1,671314,5130,119475,6781,0.0406317323533139,0.5693056838216775
8387,0.8907,6,2,6,671316,5128,119481,6775,0.04061589152198707,0.5691842392674116
8388,0.8908,5,12,5,671328,5116,119486,6770,0.04052084653402611,0.5695776543833081
8389,0.891,8,5,8,671333,5111,119494,6762,0.04048124445570903,0.5695274993683147
8390,0.8911,0,3,0,671336,5108,119494,6762,0.040457483208718795,0.5696714406065712
8391,0.8912,2,7,2,671343,5101,119496,6760,0.0404020402990749,0.569935081359076
8392,0.8913,0,4,0,671347,5097,119496,6760,0.04037035863642124,0.5701273509319389
8393,0.8914,2,0,2,671347,5097,119498,6758,0.04037035863642124,0.5700548291859975
8394,0.8915,5,1,5,671348,5096,119503,6753,0.04036243822075782,0.5699215123639125
8395,0.8916,0,3,0,671351,5093,119503,6753,0.040338676973767584,0.5700658450109741
8396,0.8917,15,23,15,671374,5070,119518,6738,0.04015650741350906,0.570630081300813
8397,0.8918,2,3,2,671377,5067,119520,6736,0.040132746166518816,0.5707023638058121
8398,0.8919,1,3,1,671380,5064,119521,6735,0.04010898491952858,0.5708110856852275
8399,0.892,3,5,3,671385,5059,119524,6732,0.040069382841211504,0.5709439402934442
8400,0.8921,1,0,1,671385,5059,119525,6731,0.040069382841211504,0.5709075487701442
8401,0.8922,4,2,4,671387,5057,119529,6727,0.04005354200988468,0.5708587915818059
8402,0.8923,4,6,4,671393,5051,119533,6723,0.04000601951590419,0.5710039069135383
8403,0.8924,0,2,0,671395,5049,119533,6723,0.03999017868457737,0.5711009174311926
8404,0.8925,24,27,24,671422,5022,119557,6699,0.039776327461665185,0.5715382646531866
8405,0.8926,0,4,0,671426,5018,119557,6699,0.03974464579901153,0.5717333788512418
8406,0.8927,2,6,2,671432,5012,119559,6697,0.03969712330503105,0.5719531983943975
8407,0.8929,1,2,1,671434,5010,119560,6696,0.03968128247370422,0.5720143516145566
8408,0.893,4,5,4,671439,5005,119564,6692,0.03964168039538715,0.5721125074805505
8409,0.8931,0,1,0,671440,5004,119564,6692,0.03963375997972374,0.5721614227086184
8410,0.8932,2,5,2,671445,4999,119566,6690,0.03959415790140666,0.5723329626144238
8411,0.8933,38,42,38,671487,4957,119604,6652,0.039261500443543276,0.5730037040227409
8412,0.8934,1,6,1,671493,4951,119605,6651,0.039213977949562794,0.5732632304775038
8413,0.8935,5,0,5,671493,4951,119610,6646,0.039213977949562794,0.5730792446322325
8414,0.8937,2,0,2,671493,4951,119612,6644,0.039213977949562794,0.5730056058645968
8415,0.8938,4,3,4,671496,4948,119616,6640,0.03919021670257255,0.5730065585088022
8416,0.8939,1,2,1,671498,4946,119617,6639,0.039174375871245726,0.5730686232196807
8417,0.894,6,11,6,671509,4935,119623,6633,0.03908725129894817,0.5733921161825726
8418,0.8941,0,2,0,671511,4933,119623,6633,0.03907141046762134,0.5734912675082138
8419,0.8942,4,12,4,671523,4921,119627,6629,0.03897636547966037,0.573939393939394
8420,0.8943,4,2,4,671525,4919,119631,6625,0.03896052464833354,0.5738911988911989
8421,0.8944,2,3,2,671528,4916,119633,6623,0.038936763401343305,0.5739665482277494
8422,0.8945,3,0,3,671528,4916,119636,6620,0.038936763401343305,0.5738557558945908
8423,0.8946,0,2,0,671530,4914,119636,6620,0.038920922570016475,0.5739552627015779
8424,0.8947,1,4,1,671534,4910,119637,6619,0.038889240907362815,0.574117442969902
8425,0.8948,3,4,3,671538,4906,119640,6616,0.03885755924470916,0.5742058670369727
8426,0.895,98,104,98,671642,4802,119738,6518,0.038033836015714105,0.5757950530035336
8427,0.8952,3,5,3,671647,4797,119741,6515,0.03799423393739704,0.5759370579915134
8428,0.8953,3,4,3,671651,4793,119744,6512,0.03796255227474338,0.5760283060592658
8429,0.8955,3,4,3,671655,4789,119747,6509,0.037930870612089725,0.5761196671977341
8430,0.8956,1,0,1,671655,4789,119748,6508,0.037930870612089725,0.5760821457023989
8431,0.8957,0,3,0,671658,4786,119748,6508,0.03790710936509948,0.576235169116345
8432,0.8958,6,11,6,671669,4775,119754,6502,0.03781998479280193,0.5765717832756939
8433,0.896,10,8,10,671677,4767,119764,6492,0.03775662146749462,0.5766053823607781
8434,0.8961,1,1,1,671678,4766,119765,6491,0.0377487010518312,0.5766189926268099
8435,0.8962,5,5,5,671683,4761,119770,6486,0.03770909897351413,0.5766871165644172
8436,0.8963,1,1,1,671684,4760,119771,6485,0.03770117855785072,0.5767007558915074
8437,0.8964,0,3,0,671687,4757,119771,6485,0.037677417310860474,0.576854652197118
8438,0.8965,4,2,4,671689,4755,119775,6481,0.037661576479533644,0.5768066927732289
8439,0.8967,51,52,51,671741,4703,119826,6430,0.037249714865036115,0.5775622024611515
8440,0.8968,2,1,2,671742,4702,119828,6428,0.0372417944493727,0.5775381850853549
8441,0.8969,0,1,0,671743,4701,119828,6428,0.03723387403370929,0.5775900799712463
8442,0.897,2,3,2,671746,4698,119830,6426,0.03721011278671905,0.5776699029126213
8443,0.8971,2,0,2,671746,4698,119832,6424,0.03721011278671905,0.5775939579212371
8444,0.8972,0,3,0,671749,4695,119832,6424,0.0371863515397288,0.577749797643673
8445,0.8973,2,11,2,671760,4684,119834,6422,0.03709922696743125,0.5782459931568521
8446,0.8974,1,1,1,671761,4683,119835,6421,0.03709130655176784,0.5782600864553314
8447,0.8975,25,18,25,671779,4665,119860,6396,0.03694873906982638,0.5782478980200705
8448,0.8976,0,1,0,671780,4664,119860,6396,0.03694081865416297,0.5783001808318264
8449,0.8977,3,2,3,671782,4662,119863,6393,0.036924977822836144,0.5782903663500678
8450,0.8978,1,2,1,671784,4660,119864,6392,0.036909136991509314,0.5783568584871517
8451,0.8979,1,1,1,671785,4659,119865,6391,0.0369012165758459,0.5783710407239819
8452,0.898,7,14,7,671799,4645,119872,6384,0.036790330756558104,0.5788376099374377
8453,0.8981,0,1,0,671800,4644,119872,6384,0.03678241034089469,0.5788900979325353
8454,0.8982,2,3,2,671803,4641,119874,6382,0.03675864909390445,0.5789712419486528
8455,0.8983,11,17,11,671820,4624,119885,6371,0.03662400202762641,0.5794452023647112
8456,0.8984,1,2,1,671822,4622,119886,6370,0.03660816119629958,0.5795123726346434
8457,0.8985,6,3,6,671825,4619,119892,6364,0.03658439994930934,0.5794409542019484
8458,0.8987,2,1,2,671826,4618,119894,6362,0.03657647953364593,0.5794171220400729
8459,0.8988,2,6,2,671832,4612,119896,6360,0.03652895703966544,0.5796573095151294
8460,0.8989,0,1,0,671833,4611,119896,6360,0.03652103662400203,0.5797101449275363
8461,0.899,4,2,4,671835,4609,119900,6356,0.0365051957926752,0.5796625626994985
8462,0.8992,6,6,6,671841,4603,119906,6350,0.03645767329869472,0.579749840226422
8463,0.8993,2,5,2,671846,4598,119908,6348,0.03641807122037764,0.5799378768499909
8464,0.8994,0,1,0,671847,4597,119908,6348,0.03641015080471423,0.5799908634079488
8465,0.8995,0,2,0,671849,4595,119908,6348,0.036394309973387405,0.5800968655761675
8466,0.8997,2,4,2,671853,4591,119910,6346,0.036362628310733745,0.5802322391880772
8467,0.8998,0,3,0,671856,4588,119910,6346,0.03633886706374351,0.5803914395463691
8468,0.8999,0,3,0,671859,4585,119910,6346,0.03631510581675326,0.5805507272893605
8469,0.9,667,446,667,672305,4139,120577,5679,0.03278260043087061,0.5784273782847831
8470,0.9001,1,0,1,672305,4139,120578,5678,0.03278260043087061,0.5783844351634919
8471,0.9002,2,2,2,672307,4137,120580,5676,0.03276675959954378,0.5784163864261693
8472,0.9003,1,0,1,672307,4137,120581,5675,0.03276675959954378,0.5783734203016714
8473,0.9006,1,5,1,672312,4132,120582,5674,0.032727157521226714,0.5786253314297369
8474,0.9007,4,5,4,672317,4127,120586,5670,0.03268755544290965,0.5787485965091355
8475,0.9008,5,9,5,672326,4118,120591,5665,0.03261627170193892,0.5790657262598385
8476,0.9009,0,4,0,672330,4114,120591,5665,0.03258459003928526,0.5793025871766029
8477,0.901,2,4,2,672334,4110,120593,5663,0.032552908376631606,0.5794535966438146
8478,0.9011,0,2,0,672336,4108,120593,5663,0.032537067545304776,0.579572203459216
8479,0.9012,2,1,2,672337,4107,120595,5661,0.03252914712964136,0.5795454545454546
8480,0.9013,4,2,4,672339,4105,120599,5657,0.03251330629831454,0.5794919073960254
8481,0.9014,3,7,3,672346,4098,120602,5654,0.03245786338867064,0.5797785069729287
8482,0.9015,3,4,3,672350,4094,120605,5651,0.03242618172601698,0.5798871216008209
8483,0.9016,0,3,0,672353,4091,120605,5651,0.032402420479026736,0.5800656949291727
8484,0.9017,16,15,16,672368,4076,120621,5635,0.032283614244075526,0.580269797137267
8485,0.9018,4,5,4,672373,4071,120625,5631,0.03224401216575846,0.5803957946815089
8486,0.9019,1,1,1,672374,4070,120626,5630,0.03223609175009504,0.5804123711340207
8487,0.902,9,6,9,672380,4064,120635,5621,0.03218856925611456,0.5803820340733092
8488,0.9021,2,4,2,672384,4060,120637,5619,0.03215688759346091,0.5805351792540552
8489,0.9022,2,1,2,672385,4059,120639,5617,0.03214896717779749,0.5805084745762712
8490,0.9023,1,4,1,672389,4055,120640,5616,0.03211728551514383,0.5807052011167407
8491,0.9024,0,3,0,672392,4052,120640,5616,0.032093524268153595,0.5808853951179148
8492,0.9025,25,24,25,672416,4028,120665,5591,0.03190343429223166,0.581245451710157
8493,0.9026,0,1,0,672417,4027,120665,5591,0.03189551387656824,0.5813058847993345
8494,0.9027,1,3,1,672420,4024,120666,5590,0.031871752629578,0.5814437278968171
8495,0.9028,2,1,2,672421,4023,120668,5588,0.03186383221391459,0.5814171262095515
8496,0.9029,2,0,2,672421,4023,120670,5586,0.03186383221391459,0.5813300031220731
8497,0.903,4,3,4,672424,4020,120674,5582,0.031840070966924344,0.5813372214122058
8498,0.9032,1,2,1,672426,4018,120675,5581,0.031824230135597514,0.5814147307011147
8499,0.9033,35,40,35,672466,3978,120710,5546,0.03150741350906096,0.5823183536329274
8500,0.9034,2,5,2,672471,3973,120712,5544,0.03146781143074388,0.5825365136072291
8501,0.9035,3,3,3,672474,3970,120715,5541,0.031444050183753645,0.5825885816423089
8502,0.9037,1,1,1,672475,3969,120716,5540,0.03143612976809023,0.5826059522557577
8503,0.9038,1,3,1,672478,3966,120717,5539,0.031412368521099986,0.5827459231983166
8504,0.904,11,8,11,672486,3958,120728,5528,0.03134900519579267,0.582753531520135
8505,0.9042,1,9,1,672495,3949,120729,5527,0.03127772145482195,0.5832629801604052
8506,0.9043,1,5,1,672500,3944,120730,5526,0.031238119376504878,0.5835269271383315
8507,0.9045,4,1,4,672501,3943,120734,5522,0.031230198960841466,0.5834125726360274
8508,0.9047,1,5,1,672506,3938,120735,5521,0.031190596882524395,0.5836769214504705
8509,0.9048,0,5,0,672511,3933,120735,5521,0.031150994804207324,0.5839856145546859
8510,0.905,102,68,102,672579,3865,120837,5419,0.030612406539095173,0.5836923739767341
8511,0.9052,3,4,3,672583,3861,120840,5416,0.030580724876441517,0.5838094211490784
8512,0.9053,1,2,1,672585,3859,120841,5415,0.030564884045114687,0.5838904464093164
8513,0.9055,1,8,1,672593,3851,120842,5414,0.030501520719807374,0.5843497031840259
8514,0.9056,0,2,0,672595,3849,120842,5414,0.030485679888480548,0.5844758717478139
8515,0.9057,2,1,2,672596,3848,120844,5412,0.030477759472817133,0.5844492440604752
8516,0.9058,8,9,8,672605,3839,120852,5404,0.03040647573184641,0.5846586606080277
8517,0.9059,1,7,1,672612,3832,120853,5403,0.030351032822202507,0.5850568489442339
8518,0.906,13,9,13,672621,3823,120866,5390,0.030279749081231783,0.5850428741995007
8519,0.9061,1,2,1,672623,3821,120867,5389,0.030263908249904953,0.5851248642779587
8520,0.9062,2,2,2,672625,3819,120869,5387,0.030248067418578127,0.5851618509667608
8521,0.9063,3,2,3,672627,3817,120872,5384,0.0302322265872513,0.5851537876317792
8522,0.9064,0,1,0,672628,3816,120872,5384,0.030224306171587886,0.5852173913043478
8523,0.9065,0,1,0,672629,3815,120872,5384,0.03021638575592447,0.5852810088053049
8524,0.9067,43,34,43,672663,3781,120915,5341,0.029947091623368394,0.5855075641306731
8525,0.9068,1,1,1,672664,3780,120916,5340,0.02993917120770498,0.5855263157894737
8526,0.907,2,2,2,672666,3778,120918,5338,0.029923330376378152,0.5855638437911365
8527,0.9071,1,2,1,672668,3776,120919,5337,0.029907489545051326,0.5856468780862504
8528,0.9072,1,4,1,672672,3772,120920,5336,0.02987580788239767,0.5858585858585859
8529,0.9073,2,4,2,672676,3768,120922,5334,0.029844126219744013,0.5860250494396836
8530,0.9074,1,3,1,672679,3765,120923,5333,0.02982036497275377,0.5861727852275226
8531,0.9075,13,28,13,672707,3737,120936,5320,0.029598593334178178,0.587390968311803
8532,0.9076,0,1,0,672708,3736,120936,5320,0.029590672918514763,0.5874558303886925
8533,0.9077,0,1,0,672709,3735,120936,5320,0.02958275250285135,0.5875207067918278
8534,0.9078,3,3,3,672712,3732,120939,5317,0.029558991255861106,0.5875787379820975
8535,0.9079,1,0,1,672712,3732,120940,5316,0.029558991255861106,0.5875331564986738
8536,0.908,8,5,8,672717,3727,120948,5308,0.02951938917754404,0.5874930824571112
8537,0.9081,1,5,1,672722,3722,120949,5307,0.029479787099226967,0.5877727323070108
8538,0.9082,2,1,2,672723,3721,120951,5305,0.029471866683563552,0.5877465100819854
8539,0.9083,11,11,11,672734,3710,120962,5294,0.029384742111266,0.5879609062638828
8540,0.9084,1,0,1,672734,3710,120963,5293,0.029384742111266,0.5879151393979785
8541,0.9085,1,4,1,672738,3706,120964,5292,0.029353060448612342,0.5881306957101579
8542,0.9086,2,0,2,672738,3706,120966,5290,0.029353060448612342,0.5880391285015563
8543,0.9087,1,1,1,672739,3705,120967,5289,0.02934514003294893,0.5880587058038692
8544,0.9088,1,3,1,672742,3702,120968,5288,0.029321378785958686,0.5882091212458287
8545,0.9089,1,2,1,672744,3700,120969,5287,0.02930553795463186,0.5882942027372872
8546,0.909,6,2,6,672746,3698,120975,5281,0.02928969712330503,0.5881501280766233
8547,0.9092,6,3,6,672749,3695,120981,5275,0.029265935876314788,0.5880713489409142
8548,0.9093,4,4,4,672753,3691,120985,5271,0.02923425421366113,0.5881499665253291
8549,0.9094,0,1,0,672754,3690,120985,5271,0.02922633379799772,0.5882156009373953
8550,0.9095,2,6,2,672760,3684,120987,5269,0.029178811304017234,0.5885178152574556
8551,0.9096,1,0,1,672760,3684,120988,5268,0.029178811304017234,0.5884718498659517
8552,0.9097,0,1,0,672761,3683,120988,5268,0.029170890888353822,0.5885375935649648
8553,0.9098,3,2,3,672763,3681,120991,5265,0.029155050057026993,0.5885311871227364
8554,0.9099,1,2,1,672765,3679,120992,5264,0.029139209225700166,0.5886167952588617
8555,0.91,597,441,597,673206,3238,121589,4667,0.025646305918134583,0.5903858317520556
8556,0.9101,1,0,1,673206,3238,121590,4666,0.025646305918134583,0.590334008097166
8557,0.9102,1,4,1,673210,3234,121591,4665,0.025614624255480927,0.5905810862134447
8558,0.9103,3,1,3,673211,3233,121594,4662,0.025606703839817512,0.5905003166561115
8559,0.9104,0,2,0,673213,3231,121594,4662,0.025590863008490686,0.5906499429874572
8560,0.9105,1,4,1,673217,3227,121595,4661,0.02555918134583703,0.5908975659229209
8561,0.9106,2,2,2,673219,3225,121597,4659,0.025543340514510203,0.5909436834094368
8562,0.9107,3,8,3,673227,3217,121600,4656,0.02547997718920289,0.5913882890892925
8563,0.9108,3,5,3,673232,3212,121603,4653,0.02544037511088582,0.5916083916083916
8564,0.9109,1,0,1,673232,3212,121604,4652,0.02544037511088582,0.5915564598168871
8565,0.911,2,5,2,673237,3207,121606,4650,0.025400773032568748,0.5918289423444063
8566,0.9111,2,3,2,673240,3204,121608,4648,0.025377011785578506,0.5919510952623536
8567,0.9112,0,1,0,673241,3203,121608,4648,0.02536909136991509,0.5920264934403261
8568,0.9113,3,0,3,673241,3203,121611,4645,0.02536909136991509,0.5918705402650357
8569,0.9114,0,2,0,673243,3201,121611,4645,0.025353250538588265,0.5920214121845526
8570,0.9115,2,1,2,673244,3200,121613,4643,0.02534533012292485,0.5919928598750478
8571,0.9117,6,18,6,673262,3182,121619,4637,0.0252027626409834,0.5930425885663129
8572,0.9118,2,5,2,673267,3177,121621,4635,0.025163160562666327,0.5933179723502304
8573,0.9119,1,0,1,673267,3177,121622,4634,0.025163160562666327,0.5932659070541544
8574,0.912,5,4,5,673271,3173,121627,4629,0.025131478900012674,0.5933094078441425
8575,0.9121,3,4,3,673275,3169,121630,4626,0.025099797237359018,0.5934573444515715
8576,0.9122,1,0,1,673275,3169,121631,4625,0.025099797237359018,0.5934051834744676
8577,0.9123,2,0,2,673275,3169,121633,4623,0.025099797237359018,0.5933008213552361
8578,0.9124,0,3,0,673278,3166,121633,4623,0.025076035990368773,0.5935293362434202
8579,0.9125,17,14,17,673292,3152,121650,4606,0.024965150171080978,0.5937097189997422
8580,0.9127,2,2,2,673294,3150,121652,4604,0.02494930933975415,0.5937580603559454
8581,0.9128,1,1,1,673295,3149,121653,4603,0.024941388924090736,0.5937822497420021
8582,0.9129,2,2,2,673297,3147,121655,4601,0.02492554809276391,0.593830665978317
8583,0.913,4,6,4,673303,3141,121659,4597,0.024878025598783424,0.5940811579219436
8584,0.9131,1,0,1,673303,3141,121660,4596,0.024878025598783424,0.5940286932919736
8585,0.9132,0,3,0,673306,3138,121660,4596,0.024854264351793182,0.5942591155934833
8586,0.9133,39,42,39,673348,3096,121699,4557,0.024521606893929793,0.595452763622109
8587,0.9134,0,3,0,673351,3093,121699,4557,0.02449784564693955,0.5956862745098039
8588,0.9135,0,2,0,673353,3091,121699,4557,0.024482004815612725,0.595842050209205
8589,0.9136,2,3,2,673356,3088,121701,4555,0.02445824356862248,0.5959701687818919
8590,0.9137,0,3,0,673359,3085,121701,4555,0.02443448232163224,0.5962041884816754
8591,0.9138,2,5,2,673364,3080,121703,4553,0.02439488024331517,0.5964889296475828
8592,0.9139,0,1,0,673365,3079,121703,4553,0.024386959827651756,0.5965670859538784
8593,0.914,12,5,12,673370,3074,121715,4541,0.024347357749334685,0.5963230466185161
8594,0.9141,1,1,1,673371,3073,121716,4540,0.02433943733367127,0.5963483515040063
8595,0.9142,6,10,6,673381,3063,121722,4534,0.02426023317703713,0.5968145320521259
8596,0.9143,3,4,3,673385,3059,121725,4531,0.024228551514383474,0.5969696969696969
8597,0.9144,0,1,0,673386,3058,121725,4531,0.02422063109872006,0.5970483594676506
8598,0.9145,0,3,0,673389,3055,121725,4531,0.024196869851729818,0.5972844713946744
8599,0.9146,0,1,0,673390,3054,121725,4531,0.024188949436066406,0.597363216875412
8600,0.9147,2,7,2,673397,3047,121727,4529,0.024133506526422505,0.5978088701161562
8601,0.9148,1,1,1,673398,3046,121728,4528,0.024125586110759094,0.5978346976498548
8602,0.915,70,52,70,673450,2994,121798,4458,0.023713724496261565,0.5982286634460547
8603,0.9151,0,1,0,673451,2993,121798,4458,0.02370580408059815,0.5983089518185478
8604,0.9152,2,1,2,673452,2992,121800,4456,0.023697883664934735,0.59828141783029
8605,0.9153,2,1,2,673453,2991,121802,4454,0.02368996324927132,0.5982538616521155
8606,0.9154,2,1,2,673454,2990,121804,4452,0.02368204283360791,0.598226283257189
8607,0.9155,1,0,1,673454,2990,121805,4451,0.02368204283360791,0.5981722886708776
8608,0.9157,3,2,3,673456,2988,121808,4448,0.02366620200228108,0.5981710597095212
8609,0.9158,1,8,1,673464,2980,121809,4447,0.023602838676973766,0.5987612764238589
8610,0.916,1,9,1,673473,2971,121810,4446,0.023531554936003042,0.5994337333153567
8611,0.9161,0,2,0,673475,2969,121810,4446,0.023515714104676212,0.5995954146999326
8612,0.9162,2,1,2,673476,2968,121812,4444,0.0235077936890128,0.5995682676740421
8613,0.9163,3,1,3,673477,2967,121815,4441,0.023499873273349386,0.599487041036717
8614,0.9165,0,4,0,673481,2963,121815,4441,0.02346819161069573,0.5998109130199892
8615,0.9166,2,1,2,673482,2962,121817,4439,0.023460271195032315,0.5997838129982435
8616,0.9167,44,43,44,673525,2919,121861,4395,0.023119693321505513,0.6009023789991796
8617,0.9168,4,0,4,673525,2919,121865,4391,0.023119693321505513,0.6006839945280438
8618,0.9169,1,0,1,673525,2919,121866,4390,0.023119693321505513,0.6006293610617047
8619,0.917,5,6,5,673531,2913,121871,4385,0.023072170827525027,0.6008495478213209
8620,0.9171,0,1,0,673532,2912,121871,4385,0.023064250411861616,0.6009318898177333
8621,0.9172,1,1,1,673533,2911,121872,4384,0.0230563299961982,0.6009595613433859
8622,0.9173,2,1,2,673534,2910,121874,4382,0.023048409580534786,0.6009325287986835
8623,0.9174,0,1,0,673535,2909,121874,4382,0.02304048916487137,0.6010149499382801
8624,0.9175,8,17,8,673552,2892,121882,4374,0.022905842098593334,0.601981833195706
8625,0.9176,0,1,0,673553,2891,121882,4374,0.02289792168292992,0.6020646937370957
8626,0.9177,4,2,4,673555,2889,121886,4370,0.022882080851603093,0.6020112963218074
8627,0.9179,1,1,1,673556,2888,121887,4369,0.022874160435939678,0.6020394102246107
8628,0.918,1,9,1,673565,2879,121888,4368,0.022802876694968954,0.6027321650338071
8629,0.9181,3,1,3,673566,2878,121891,4365,0.02279495627930554,0.6026508352892448
8630,0.9182,2,3,2,673569,2875,121893,4363,0.022771195032315297,0.6027908261950815
8631,0.9183,8,9,8,673578,2866,121901,4355,0.02269991129134457,0.6031020634261183
8632,0.9184,1,1,1,673579,2865,121902,4354,0.022691990875681155,0.6031306275107355
8633,0.9185,0,1,0,673580,2864,121902,4354,0.022684070460017743,0.6032141867553339
8634,0.9186,1,0,1,673580,2864,121903,4353,0.022684070460017743,0.6031592074269087
8635,0.9187,3,2,3,673582,2862,121906,4350,0.022668229628690913,0.6031613976705491
8636,0.9188,1,1,1,673583,2861,121907,4349,0.0226603092130275,0.6031900138696256
8637,0.9189,1,1,1,673584,2860,121908,4348,0.022652388797364087,0.6032186459489456
8638,0.919,2,3,2,673587,2857,121910,4346,0.022628627550373842,0.6033597112314314
8639,0.9192,3,4,3,673591,2853,121913,4343,0.02259694588772019,0.6035297387437465
8640,0.9193,2,8,2,673599,2845,121915,4341,0.022533582562412877,0.6040912886167548
8641,0.9194,1,0,1,673599,2845,121916,4340,0.022533582562412877,0.6040361864996521
8642,0.9197,3,3,3,673602,2842,121919,4337,0.022509821315422632,0.6041231369271486
8643,0.9198,1,1,1,673603,2841,121920,4336,0.02250190089975922,0.604152152710046
8644,0.9199,2,5,2,673608,2836,121922,4334,0.02246229882144215,0.6044630404463041
8645,0.92,559,383,559,673991,2453,122481,3775,0.01942877962235458,0.6061335902376365
8646,0.9201,1,3,1,673994,2450,122482,3774,0.01940501837536434,0.6063624678663239
8647,0.9202,2,0,2,673994,2450,122484,3772,0.01940501837536434,0.6062359369977499
8648,0.9203,0,2,0,673996,2448,122484,3772,0.01938917754403751,0.6064308681672026
8649,0.9204,0,2,0,673998,2446,122484,3772,0.019373336712710684,0.6066259247346414
8650,0.9205,4,4,4,674002,2442,122488,3768,0.019341655050057027,0.6067632850241546
8651,0.9206,0,1,0,674003,2441,122488,3768,0.019333734634393612,0.6068610082138831
8652,0.9207,4,3,4,674006,2438,122492,3764,0.01930997338740337,0.6069009996775234
8653,0.9208,1,4,1,674010,2434,122493,3763,0.019278291724749715,0.6072293045021785
8654,0.921,2,1,2,674011,2433,122495,3761,0.0192703713090863,0.6072005166289958
8655,0.9212,1,1,1,674012,2432,122496,3760,0.019262450893422888,0.6072351421188631
8656,0.9213,1,3,1,674015,2429,122497,3759,0.019238689646432643,0.6074660633484162
8657,0.9214,0,2,0,674017,2427,122497,3759,0.019222848815105817,0.6076624636275461
8658,0.9215,0,1,0,674018,2426,122497,3759,0.019214928399442402,0.6077607113985448
8659,0.9217,13,14,13,674032,2412,122510,3746,0.019104042580154607,0.608314387788243
8660,0.9218,0,2,0,674034,2410,122510,3746,0.01908820174882778,0.6085120207927226
8661,0.922,1,5,1,674039,2405,122511,3745,0.01904859967051071,0.6089430894308943
8662,0.9221,0,3,0,674042,2402,122511,3745,0.019024838423520467,0.60924027981129
8663,0.9222,5,1,5,674043,2401,122516,3740,0.019016918007857053,0.6090213320306139
8664,0.9223,2,2,2,674045,2399,122518,3738,0.019001077176530223,0.6090923904187714
8665,0.9225,15,10,15,674055,2389,122533,3723,0.018921873019896084,0.6091295811518325
8666,0.9227,1,1,1,674056,2388,122534,3722,0.01891395260423267,0.6091653027823241
8667,0.9229,1,1,1,674057,2387,122535,3721,0.018906032188569257,0.6092010478061559
8668,0.923,2,3,2,674060,2384,122537,3719,0.018882270941579016,0.6093724397837129
8669,0.9231,0,1,0,674061,2383,122537,3719,0.0188743505259156,0.6094723041625697
8670,0.9232,1,0,1,674061,2383,122538,3718,0.0188743505259156,0.6094082937223406
8671,0.9233,26,21,26,674082,2362,122564,3692,0.018708021796983904,0.6098447307565246
8672,0.9234,0,1,0,674083,2361,122564,3692,0.018700101381320493,0.6099454815793821
8673,0.9235,2,2,2,674085,2359,122566,3690,0.018684260549993663,0.6100181848239379
8674,0.9236,1,1,1,674086,2358,122567,3689,0.018676340134330248,0.6100545725152968
8675,0.9237,1,2,1,674088,2356,122568,3688,0.01866049930300342,0.6101919258769027
8676,0.9238,1,3,1,674091,2353,122569,3687,0.01863673805601318,0.6104304635761589
8677,0.9239,0,1,0,674092,2352,122569,3687,0.018628817640349765,0.6105315449577745
8678,0.924,4,8,4,674100,2344,122573,3683,0.018565454315042453,0.6110834577733533
8679,0.9242,4,5,4,674105,2339,122577,3679,0.018525852236725385,0.6113326686606846
8680,0.9243,1,2,1,674107,2337,122578,3678,0.018510011405398555,0.6114713216957606
8681,0.9244,1,0,1,674107,2337,122579,3677,0.018510011405398555,0.6114067176587962
8682,0.9245,0,1,0,674108,2336,122579,3677,0.01850209098973514,0.6115083984699817
8683,0.9246,0,1,0,674109,2335,122579,3677,0.01849417057407173,0.6116101131071191
8684,0.9247,1,3,1,674112,2332,122580,3676,0.018470409327081484,0.6118508655126498
8685,0.9248,1,1,1,674113,2331,122581,3675,0.018462488911418072,0.6118881118881119
8686,0.925,73,66,73,674179,2265,122654,3602,0.017939741477632744,0.6139423896369525
8687,0.9251,1,1,1,674180,2264,122655,3601,0.017931821061969333,0.6139812446717817
8688,0.9252,1,0,1,674180,2264,122656,3600,0.017931821061969333,0.6139154160982264
8689,0.9253,0,1,0,674181,2263,122656,3600,0.017923900646305918,0.6140201262152482
8690,0.9254,2,1,2,674182,2262,122658,3598,0.017915980230642503,0.6139931740614335
8691,0.9255,1,2,1,674184,2260,122659,3597,0.017900139399315677,0.6141369301690285
8692,0.9257,3,2,3,674186,2258,122662,3594,0.017884298567988847,0.614149008885851
8693,0.9258,1,7,1,674193,2251,122663,3593,0.01782885565834495,0.6148186173853525
8694,0.926,5,8,5,674201,2243,122668,3588,0.017765492333037636,0.6153318470245241
8695,0.9261,0,1,0,674202,2242,122668,3588,0.017757571917374225,0.6154373927958834
8696,0.9262,1,3,1,674205,2239,122669,3587,0.01773381067038398,0.6156882938551321
8697,0.9263,1,0,1,674205,2239,122670,3586,0.01773381067038398,0.6156223175965665
8698,0.9265,2,0,2,674205,2239,122672,3584,0.01773381067038398,0.615490297097716
8699,0.9267,24,29,24,674234,2210,122696,3560,0.017504118616144974,0.6169844020797227
8700,0.9268,0,2,0,674236,2208,122696,3560,0.017488277784818148,0.6171983356449375
8701,0.927,2,3,2,674239,2205,122698,3558,0.017464516537827907,0.6173867777199376
8702,0.9271,1,1,1,674240,2204,122699,3557,0.01745659612216449,0.6174275299427183
8703,0.9272,2,0,2,674240,2204,122701,3555,0.01745659612216449,0.6172946692134051
8704,0.9273,2,1,2,674241,2203,122703,3553,0.017448675706501077,0.6172689367616401
8705,0.9274,0,3,0,674244,2200,122703,3553,0.017424914459510835,0.6175908221797323
8706,0.9275,14,13,14,674257,2187,122717,3539,0.01732194905588645,0.6180579811386657
8707,0.9276,0,2,0,674259,2185,122717,3539,0.017306108224559625,0.6182739343116702
8708,0.9277,0,3,0,674262,2182,122717,3539,0.017282346977569384,0.618598147177067
8709,0.9278,0,1,0,674263,2181,122717,3539,0.01727442656190597,0.6187062937062937
8710,0.9279,0,1,0,674264,2180,122717,3539,0.017266506146242554,0.6188144780556041
8711,0.928,4,4,4,674268,2176,122721,3535,0.017234824483588897,0.6189809140255647
8712,0.9281,0,1,0,674269,2175,122721,3535,0.017226904067925486,0.6190893169877408
8713,0.9282,2,2,2,674271,2173,122723,3533,0.017211063236598656,0.6191728005608131
8714,0.9283,13,9,13,674280,2164,122736,3520,0.017139779495627932,0.6192821956368755
8715,0.9284,1,1,1,674281,2163,122737,3519,0.017131859079964517,0.619324181626188
8716,0.9285,2,2,2,674283,2161,122739,3517,0.017116018248637687,0.6194082423388517
8717,0.9287,0,2,0,674285,2159,122739,3517,0.01710017741731086,0.6196264975334743
8718,0.9288,1,2,1,674287,2157,122740,3516,0.01708433658598403,0.6197778952934955
8719,0.9289,1,1,1,674288,2156,122741,3515,0.01707641617032062,0.6198201375418797
8720,0.929,3,2,3,674290,2154,122744,3512,0.01706057533899379,0.6198376279562301
8721,0.9291,1,0,1,674290,2154,122745,3511,0.01706057533899379,0.6197705207413945
8722,0.9292,2,5,2,674295,2149,122747,3509,0.01702097326067672,0.6201838105337575
8723,0.9293,6,3,6,674298,2146,122753,3503,0.016997212013686477,0.6201097539387502
8724,0.9294,1,1,1,674299,2145,122754,3502,0.016989291598023065,0.6201522932530548
8725,0.9295,2,0,2,674299,2145,122756,3500,0.016989291598023065,0.6200177147918512
8726,0.9296,0,3,0,674302,2142,122756,3500,0.016965530351032824,0.6203473945409429
8727,0.9297,0,1,0,674303,2141,122756,3500,0.01695760993536941,0.6204573657152987
8728,0.9298,2,0,2,674303,2141,122758,3498,0.01695760993536941,0.6203227522610392
8729,0.9299,1,0,1,674303,2141,122759,3497,0.01695760993536941,0.6202554097197588
8730,0.93,580,303,580,674606,1838,123339,2917,0.01455772398935496,0.613459516298633
8731,0.9302,0,1,0,674607,1837,123339,2917,0.014549803573691547,0.6135885570046277
8732,0.9303,0,1,0,674608,1836,123339,2917,0.014541883158028132,0.6137176520092573
8733,0.9305,1,1,1,674609,1835,123340,2916,0.01453396274236472,0.6137655230477794
8734,0.9306,1,2,1,674611,1833,123341,2915,0.014518121911037891,0.6139427127211458
8735,0.9307,1,1,1,674612,1832,123342,2914,0.014510201495374478,0.6139907290349769
8736,0.9308,5,2,5,674614,1830,123347,2909,0.01449436066404765,0.6138425828233804
8737,0.931,1,3,1,674617,1827,123348,2908,0.014470599417057407,0.6141499472016896
8738,0.9311,1,0,1,674617,1827,123349,2907,0.014470599417057407,0.6140684410646388
8739,0.9313,0,1,0,674618,1826,123349,2907,0.014462679001393993,0.6141981829706318
8740,0.9314,1,0,1,674618,1826,123350,2906,0.014462679001393993,0.614116652578191
8741,0.9315,0,1,0,674619,1825,123350,2906,0.014454758585730578,0.6142464595222997
8742,0.9316,1,1,1,674620,1824,123351,2905,0.014446838170067165,0.6142947769084373
8743,0.9317,4,10,4,674630,1814,123355,2901,0.014367634013433024,0.6152704135737009
8744,0.9318,2,2,2,674632,1812,123357,2899,0.014351793182106196,0.6153682869879007
8745,0.932,1,0,1,674632,1812,123358,2898,0.014351793182106196,0.6152866242038216
8746,0.9321,2,1,2,674633,1811,123360,2896,0.014343872766442783,0.615253877204164
8747,0.9322,0,1,0,674634,1810,123360,2896,0.014335952350779368,0.6153846153846154
8748,0.9323,1,0,1,674634,1810,123361,2895,0.014335952350779368,0.6153028692879915
8749,0.9324,1,2,1,674636,1808,123362,2894,0.014320111519452542,0.6154827732879625
8750,0.9325,9,11,9,674647,1797,123371,2885,0.014232986947154986,0.6161896625373772
8751,0.9326,1,0,1,674647,1797,123372,2884,0.014232986947154986,0.6161076693014313
8752,0.9327,3,2,3,674649,1795,123375,2881,0.01421714611582816,0.6161248930710008
8753,0.9328,1,1,1,674650,1794,123376,2880,0.014209225700164745,0.6161745827984596
8754,0.9329,1,2,1,674652,1792,123377,2879,0.014193384868837916,0.6163562406336973
8755,0.933,2,2,2,674654,1790,123379,2877,0.014177544037511088,0.6164559674308978
8756,0.9331,0,2,0,674656,1788,123379,2877,0.01416170320618426,0.6167202572347267
8757,0.9332,2,2,2,674658,1786,123381,2875,0.014145862374857432,0.6168204248015448
8758,0.9333,24,21,24,674679,1765,123405,2851,0.013979533645925739,0.61763431542461
8759,0.9334,1,0,1,674679,1765,123406,2850,0.013979533645925739,0.6175514626218852
8760,0.9335,6,4,6,674683,1761,123412,2844,0.013947851983272083,0.6175895765472312
8761,0.9336,1,0,1,674683,1761,123413,2843,0.013947851983272083,0.61750651607298
8762,0.9337,0,8,0,674691,1753,123413,2843,0.01388448865796477,0.6185813751087903
8763,0.9338,2,4,2,674695,1749,123415,2841,0.013852806995311114,0.6189542483660131
8764,0.934,6,4,6,674699,1745,123421,2835,0.013821125332657457,0.618995633187773
8765,0.9342,4,2,4,674701,1743,123425,2831,0.013805284501330629,0.6189331001311762
8766,0.9343,1,2,1,674703,1741,123426,2830,0.013789443670003803,0.6191205425508641
8767,0.9345,1,1,1,674704,1740,123427,2829,0.013781523254340388,0.6191726854891662
8768,0.9347,2,3,2,674707,1737,123429,2827,0.013757762007350146,0.6194127957931639
8769,0.9348,1,0,1,674707,1737,123430,2826,0.013757762007350146,0.6193293885601578
8770,0.9349,1,2,1,674709,1735,123431,2825,0.013741921176023318,0.6195175438596491
8771,0.935,50,47,50,674756,1688,123481,2775,0.013369661639842859,0.6217790723728434
8772,0.9351,1,2,1,674758,1686,123482,2774,0.01335382080851603,0.6219730941704036
8773,0.9352,0,1,0,674759,1685,123482,2774,0.013345900392852618,0.6221125812962548
8774,0.9353,2,1,2,674760,1684,123484,2772,0.013337979977189203,0.6220825852782765
8775,0.9355,0,2,0,674762,1682,123484,2772,0.013322139145862374,0.6223619218679838
8776,0.9356,0,1,0,674763,1681,123484,2772,0.013314218730198961,0.6225016842578037
8777,0.9357,3,2,3,674765,1679,123487,2769,0.013298377898872133,0.6225269784172662
8778,0.9358,1,3,1,674768,1676,123488,2768,0.01327461665188189,0.6228622862286228
8779,0.936,9,3,9,674771,1673,123497,2759,0.013250855404891649,0.6225180505415162
8780,0.9361,0,2,0,674773,1671,123497,2759,0.01323501457356482,0.6227990970654628
8781,0.9362,1,1,1,674774,1670,123498,2758,0.013227094157901407,0.6228545618789522
8782,0.9365,0,3,0,674777,1667,123498,2758,0.013203332910911164,0.6232768361581921
8783,0.9367,18,20,18,674797,1647,123516,2740,0.013044924597642884,0.6245726008661956
8784,0.9369,1,0,1,674797,1647,123517,2739,0.013044924597642884,0.6244870041039672
8785,0.937,2,0,2,674797,1647,123519,2737,0.013044924597642884,0.624315693430657
8786,0.9371,0,3,0,674800,1644,123519,2737,0.013021163350652643,0.6247432093129422
8787,0.9372,1,1,1,674801,1643,123520,2736,0.013013242934989228,0.624800182690112
8788,0.9375,16,9,16,674810,1634,123536,2720,0.012941959194018502,0.624712907671107
8789,0.9376,1,0,1,674810,1634,123537,2719,0.012941959194018502,0.6246266942338617
8790,0.9377,0,1,0,674811,1633,123537,2719,0.012934038778355089,0.6247702205882353
8791,0.9379,4,1,4,674812,1632,123541,2715,0.012926118362691674,0.6245686680469289
8792,0.938,13,9,13,674821,1623,123554,2702,0.012854834621720948,0.6247398843930636
8793,0.9381,1,1,1,674822,1622,123555,2701,0.012846914206057533,0.6247975942632431
8794,0.9382,2,2,2,674824,1620,123557,2699,0.012831073374730707,0.6249131743459134
8795,0.9383,5,4,5,674828,1616,123562,2694,0.01279939171207705,0.6250580046403712
8796,0.9384,0,2,0,674830,1614,123562,2694,0.012783550880750222,0.6253481894150418
8797,0.9385,1,1,1,674831,1613,123563,2693,0.012775630465086807,0.6254064096609382
8798,0.9386,1,0,1,674831,1613,123564,2692,0.012775630465086807,0.6253193960511033
8799,0.9387,1,0,1,674831,1613,123565,2691,0.012775630465086807,0.6252323420074349
8800,0.9388,1,1,1,674832,1612,123566,2690,0.012767710049423394,0.6252905625290562
8801,0.939,1,0,1,674832,1612,123567,2689,0.012767710049423394,0.6252034410602185
8802,0.9392,1,2,1,674834,1610,123568,2688,0.012751869218096566,0.6254071661237784
8803,0.9393,0,2,0,674836,1608,123568,2688,0.012736028386769738,0.6256983240223464
8804,0.9394,2,0,2,674836,1608,123570,2686,0.012736028386769738,0.6255239869585468
8805,0.9395,0,1,0,674837,1607,123570,2686,0.012728107971106324,0.6256696948520848
8806,0.9396,0,2,0,674839,1605,123570,2686,0.012712267139779496,0.6259613143789327
8807,0.9399,0,1,0,674840,1604,123570,2686,0.012704346724116081,0.6261072261072261
8808,0.94,455,219,455,675059,1385,124025,2231,0.010969775693828412,0.6169800884955752
8809,0.9401,0,3,0,675062,1382,124025,2231,0.01094601444683817,0.617492388596734
8810,0.9402,0,2,0,675064,1380,124025,2231,0.010930173615511341,0.6178343949044586
8811,0.9403,0,3,0,675067,1377,124025,2231,0.0109064123685211,0.6183481152993349
8812,0.9405,1,3,1,675070,1374,124026,2230,0.010882651121530858,0.618756936736959
8813,0.9406,0,1,0,675071,1373,124026,2230,0.010874730705867443,0.6189286705523175
8814,0.9407,0,2,0,675073,1371,124026,2230,0.010858889874540615,0.6192724243265759
8815,0.9408,2,3,2,675076,1368,124028,2228,0.010835128627550374,0.6195773081201335
8816,0.9409,1,1,1,675077,1367,124029,2227,0.010827208211886959,0.6196438508625487
8817,0.941,0,6,0,675083,1361,124029,2227,0.010779685717906476,0.6206800445930881
8818,0.9411,1,1,1,675084,1360,124030,2226,0.010771765302243061,0.6207473508087005
8819,0.9412,4,0,4,675084,1360,124034,2222,0.010771765302243061,0.620323841429369
8820,0.9415,2,3,2,675087,1357,124036,2220,0.01074800405525282,0.6206318143695835
8821,0.9416,1,0,1,675087,1357,124037,2219,0.01074800405525282,0.6205257270693513
8822,0.9417,3,7,3,675094,1350,124040,2216,0.010692561145608922,0.6214245653393158
8823,0.942,2,4,2,675098,1346,124042,2214,0.010660879482955266,0.6219101123595505
8824,0.9421,1,1,1,675099,1345,124043,2213,0.010652959067291851,0.6219786396852164
8825,0.9422,3,5,3,675104,1340,124046,2210,0.010613356988974781,0.6225352112676056
8826,0.9423,0,2,0,675106,1338,124046,2210,0.010597516157647953,0.6228861330326945
8827,0.9424,0,1,0,675107,1337,124046,2210,0.01058959574198454,0.6230617423174514
8828,0.9425,11,6,11,675113,1331,124057,2199,0.010542073248004056,0.6229461756373937
8829,0.9426,0,2,0,675115,1329,124057,2199,0.010526232416677227,0.6232993197278912
8830,0.9427,2,1,2,675116,1328,124059,2197,0.010518312001013812,0.6232624113475177
8831,0.9429,0,1,0,675117,1327,124059,2197,0.0105103915853504,0.623439273552781
8832,0.943,1,0,1,675117,1327,124060,2196,0.0105103915853504,0.6233323871700256
8833,0.9432,0,1,0,675118,1326,124060,2196,0.010502471169686986,0.6235093696763203
8834,0.9433,15,19,15,675137,1307,124075,2181,0.01035198327208212,0.6252866972477065
8835,0.9437,0,1,0,675138,1306,124075,2181,0.010344062856418704,0.6254660166332091
8836,0.9438,0,1,0,675139,1305,124075,2181,0.010336142440755291,0.6256454388984509
8837,0.9439,1,1,1,675140,1304,124076,2180,0.010328222025091876,0.6257175660160735
8838,0.944,5,1,5,675141,1303,124081,2175,0.010320301609428463,0.6253594019551466
8839,0.9442,1,0,1,675141,1303,124082,2174,0.010320301609428463,0.6252516537244751
8840,0.9443,3,0,3,675141,1303,124085,2171,0.010320301609428463,0.6249280368451353
8841,0.9444,1,0,1,675141,1303,124086,2170,0.010320301609428463,0.6248200403109704
8842,0.9446,0,2,0,675143,1301,124086,2170,0.010304460778101635,0.6251800633823106
8843,0.9447,1,2,1,675145,1299,124087,2169,0.010288619946774807,0.6254325259515571
8844,0.9448,1,0,1,675145,1299,124088,2168,0.010288619946774807,0.6253244880299971
8845,0.945,37,24,37,675169,1275,124125,2131,0.01009852997085287,0.6256605989430417
8846,0.9452,0,1,0,675170,1274,124125,2131,0.010090609555189456,0.6258443465491924
8847,0.9456,3,2,3,675172,1272,124128,2128,0.010074768723862629,0.6258823529411764
8848,0.9457,3,1,3,675173,1271,124131,2125,0.010066848308199214,0.625736160188457
8849,0.9458,2,1,2,675174,1270,124133,2123,0.010058927892535801,0.6256999705275568
8850,0.946,4,2,4,675176,1268,124137,2119,0.010043087061208973,0.6256273988780632
8851,0.9461,0,1,0,675177,1267,124137,2119,0.010035166645545558,0.625812167749557
8852,0.9462,0,1,0,675178,1266,124137,2119,0.010027246229882145,0.6259970457902511
8853,0.9463,0,1,0,675179,1265,124137,2119,0.01001932581421873,0.6261820330969267
8854,0.9464,0,1,0,675180,1264,124137,2119,0.010011405398555316,0.6263671297664795
8855,0.9465,1,1,1,675181,1263,124138,2118,0.010003484982891902,0.6264418811002662
8856,0.9466,0,3,0,675184,1260,124138,2118,0.00997972373590166,0.6269982238010657
8857,0.9467,16,13,16,675197,1247,124154,2102,0.009876758332277278,0.6276500447894894
8858,0.947,2,5,2,675202,1242,124156,2100,0.009837156253960208,0.6283662477558348
8859,0.9471,0,1,0,675203,1241,124156,2100,0.009829235838296793,0.6285543250523795
8860,0.9472,0,1,0,675204,1240,124156,2100,0.00982131542263338,0.6287425149700598
8861,0.9473,1,0,1,675204,1240,124157,2099,0.00982131542263338,0.6286313267445343
8862,0.9475,8,8,8,675212,1232,124165,2091,0.009757952097326068,0.629250677099007
8863,0.9477,0,1,0,675213,1231,124165,2091,0.009750031681662654,0.6294400963275135
8864,0.9479,0,1,0,675214,1230,124165,2091,0.00974211126599924,0.6296296296296297
8865,0.948,4,2,4,675216,1228,124169,2087,0.009726270434672411,0.6295625942684766
8866,0.9481,0,1,0,675217,1227,124169,2087,0.009718350019008998,0.6297525648762824
8867,0.9482,1,2,1,675219,1225,124170,2086,0.00970250918768217,0.6300211416490487
8868,0.9483,6,7,6,675226,1218,124176,2080,0.009647066278038272,0.6306852637962401
8869,0.9485,1,0,1,675226,1218,124177,2079,0.009647066278038272,0.6305732484076433
8870,0.9486,3,0,3,675226,1218,124180,2076,0.009647066278038272,0.6302367941712204
8871,0.9488,1,1,1,675227,1217,124181,2075,0.009639145862374857,0.6303159173754557
8872,0.9489,0,1,0,675228,1216,124181,2075,0.009631225446711444,0.6305074445457308
8873,0.9493,2,0,2,675228,1216,124183,2073,0.009631225446711444,0.6302827607175433
8874,0.9498,0,2,0,675230,1214,124183,2073,0.009615384615384616,0.6306662610282933
8875,0.95,425,241,425,675471,973,124608,1648,0.007706564440501837,0.6287676459366653
8876,0.9502,1,1,1,675472,972,124609,1647,0.007698644024838423,0.6288659793814433
8877,0.9503,0,1,0,675473,971,124609,1647,0.00769072360917501,0.6291061879297173
8878,0.9504,2,1,2,675474,970,124611,1645,0.007682803193511596,0.6290630975143403
8879,0.9505,0,3,0,675477,967,124611,1645,0.007659041946521354,0.6297856049004594
8880,0.9507,0,1,0,675478,966,124611,1645,0.0076511215308579395,0.6300268096514745
8881,0.9508,2,10,2,675488,956,124613,1643,0.0075719173742238,0.6321662177760677
8882,0.951,1,0,1,675488,956,124614,1642,0.0075719173742238,0.6320246343341032
8883,0.9512,1,1,1,675489,955,124615,1641,0.0075639969585603855,0.6321263482280431
8884,0.9513,0,1,0,675490,954,124615,1641,0.007556076542896971,0.6323699421965318
8885,0.9515,0,2,0,675492,952,124615,1641,0.007540235711570143,0.6328576937909757
8886,0.9516,0,1,0,675493,951,124615,1641,0.007532315295906729,0.6331018518518519
8887,0.9517,5,5,5,675498,946,124620,1636,0.007492713217589659,0.6336173508907823
8888,0.9518,0,2,0,675500,944,124620,1636,0.0074768723862628315,0.6341085271317829
8889,0.952,1,4,1,675504,940,124621,1635,0.007445190723609175,0.6349514563106796
8890,0.9521,0,3,0,675507,937,124621,1635,0.007421429476618933,0.635692068429238
8891,0.9522,1,0,1,675507,937,124622,1634,0.007421429476618933,0.6355503695060288
8892,0.9525,5,1,5,675508,936,124627,1629,0.007413509060955519,0.6350877192982456
8893,0.9526,1,1,1,675509,935,124628,1628,0.007405588645292105,0.6351931330472103
8894,0.9528,1,1,1,675510,934,124629,1627,0.007397668229628691,0.6352987114408434
8895,0.9531,0,6,0,675516,928,124629,1627,0.007350145735648207,0.6367906066536203
8896,0.9532,1,1,1,675517,927,124630,1626,0.007342225319984793,0.63689776733255
8897,0.9533,14,17,14,675534,910,124644,1612,0.0072075782537067545,0.6391752577319587
8898,0.9534,1,1,1,675535,909,124645,1611,0.00719965783804334,0.6392857142857142
8899,0.9535,0,2,0,675537,907,124645,1611,0.007183817006716512,0.6397934868943606
8900,0.9537,0,1,0,675538,906,124645,1611,0.007175896591053098,0.6400476758045291
8901,0.9538,0,3,0,675541,903,124645,1611,0.007152135344062857,0.6408114558472554
8902,0.9539,0,1,0,675542,902,124645,1611,0.007144214928399443,0.641066454436928
8903,0.954,2,3,2,675545,899,124647,1609,0.0071204536814092004,0.6415470494417863
8904,0.9541,5,0,5,675545,899,124652,1604,0.0071204536814092004,0.6408310027966441
8905,0.9542,1,1,1,675546,898,124653,1603,0.007112533265745786,0.6409436225509796
8906,0.9543,1,1,1,675547,897,124654,1602,0.007104612850082372,0.6410564225690276
8907,0.9547,0,1,0,675548,896,124654,1602,0.007096692434418958,0.6413130504403523
8908,0.955,33,41,33,675589,855,124687,1569,0.0067719553922189835,0.6472772277227723
8909,0.9551,0,4,0,675593,851,124687,1569,0.006740273729565327,0.6483471074380165
8910,0.9552,1,0,1,675593,851,124688,1568,0.006740273729565327,0.6482017362546507
8911,0.9553,1,1,1,675594,850,124689,1567,0.006732353313901914,0.6483243690525444
8912,0.9555,1,1,1,675595,849,124690,1566,0.0067244328982385,0.6484472049689441
8913,0.9556,0,1,0,675596,848,124690,1566,0.006716512482575086,0.6487158243579122
8914,0.9557,2,1,2,675597,847,124692,1564,0.006708592066911672,0.6486934881791787
8915,0.9558,1,1,1,675598,846,124693,1563,0.006700671651248258,0.6488169364881694
8916,0.956,5,1,5,675599,845,124698,1558,0.0066927512355848436,0.6483562213899292
8917,0.9561,0,2,0,675601,843,124698,1558,0.006676910404258015,0.648896293211162
8918,0.9565,0,1,0,675602,842,124698,1558,0.006668989988594601,0.6491666666666667
8919,0.9567,16,16,16,675618,826,124714,1542,0.006542263337979977,0.6511824324324325
8920,0.9568,1,0,1,675618,826,124715,1541,0.006542263337979977,0.6510350654837347
8921,0.957,0,1,0,675619,825,124715,1541,0.006534342922316563,0.6513102282333052
8922,0.9573,2,0,2,675619,825,124717,1539,0.006534342922316563,0.6510152284263959
8923,0.9574,0,2,0,675621,823,124717,1539,0.0065185020909897355,0.6515664690939882
8924,0.9575,4,7,4,675628,816,124721,1535,0.006463059181345837,0.6529136537643556
8925,0.9578,1,0,1,675628,816,124722,1534,0.006463059181345837,0.6527659574468085
8926,0.9579,1,0,1,675628,816,124723,1533,0.006463059181345837,0.6526181353767561
8927,0.958,5,5,5,675633,811,124728,1528,0.0064234571030287665,0.6532706284737068
8928,0.9583,3,0,3,675633,811,124731,1525,0.0064234571030287665,0.6528253424657534
8929,0.9586,2,1,2,675634,810,124733,1523,0.006415536687365353,0.6528075439348479
8930,0.9587,0,3,0,675637,807,124733,1523,0.006391775440375111,0.6536480686695278
8931,0.959,1,3,1,675640,804,124734,1522,0.006368014193384869,0.6543422184006878
8932,0.9592,1,0,1,675640,804,124735,1521,0.006368014193384869,0.6541935483870968
8933,0.9593,0,3,0,675643,801,124735,1521,0.006344252946394627,0.6550387596899225
8934,0.9595,2,1,2,675644,800,124737,1519,0.0063363325307312125,0.6550237171194481
8935,0.9597,1,1,1,675645,799,124738,1518,0.0063284121150677984,0.6551575312904618
8936,0.9599,1,0,1,675645,799,124739,1517,0.0063284121150677984,0.6550086355785838
8937,0.96,387,178,387,675823,621,125126,1130,0.004918578126980104,0.6453455168475157
8938,0.9603,1,1,1,675824,620,125127,1129,0.00491065771131669,0.6455117209834191
8939,0.9604,1,1,1,675825,619,125128,1128,0.004902737295653276,0.6456783056668575
8940,0.9605,1,0,1,675825,619,125129,1127,0.004902737295653276,0.645475372279496
8941,0.9606,1,1,1,675826,618,125130,1126,0.004894816879989862,0.6456422018348624
8942,0.9607,1,1,1,675827,617,125131,1125,0.004886896464326448,0.6458094144661309
8943,0.9608,2,0,2,675827,617,125133,1123,0.004886896464326448,0.6454022988505748
8944,0.961,0,2,0,675829,615,125133,1123,0.00487105563299962,0.64614499424626
8945,0.9612,1,0,1,675829,615,125134,1122,0.00487105563299962,0.6459412780656304
8946,0.9613,1,1,1,675830,614,125135,1121,0.004863135217336206,0.6461095100864553
8947,0.9615,0,1,0,675831,613,125135,1121,0.004855214801672792,0.6464821222606689
8948,0.9616,1,3,1,675834,610,125136,1120,0.004831453554682549,0.6473988439306358
8949,0.9617,3,4,3,675838,606,125139,1117,0.004799771892028894,0.6482878699941962
8950,0.962,3,6,3,675844,600,125142,1114,0.004752249398048409,0.6499416569428238
8951,0.9621,1,0,1,675844,600,125143,1113,0.004752249398048409,0.649737302977233
8952,0.9623,1,0,1,675844,600,125144,1112,0.004752249398048409,0.6495327102803738
8953,0.9624,0,1,0,675845,599,125144,1112,0.004744328982384995,0.6499123319696084
8954,0.9625,3,5,3,675850,594,125147,1109,0.004704726904067926,0.6512037580739871
8955,0.9627,1,0,1,675850,594,125148,1108,0.004704726904067926,0.6509988249118684
8956,0.9629,0,1,0,675851,593,125148,1108,0.004696806488404512,0.6513815402704292
8957,0.963,1,1,1,675852,592,125149,1107,0.004688886072741098,0.6515597410241318
8958,0.9632,0,1,0,675853,591,125149,1107,0.0046809656570776835,0.6519434628975265
8959,0.9633,15,10,15,675863,581,125164,1092,0.004601761500443544,0.6527196652719666
8960,0.9636,1,0,1,675863,581,125165,1091,0.004601761500443544,0.652511961722488
8961,0.9637,1,1,1,675864,580,125166,1090,0.0045938410847801295,0.6526946107784432
8962,0.964,2,1,2,675865,579,125168,1088,0.0045859206691167154,0.6526694661067787
8963,0.9642,1,1,1,675866,578,125169,1087,0.004578000253453301,0.6528528528528529
8964,0.9643,1,0,1,675866,578,125170,1086,0.004578000253453301,0.6526442307692307
8965,0.9644,1,1,1,675867,577,125171,1085,0.004570079837789887,0.6528279181708785
8966,0.9647,1,0,1,675867,577,125172,1084,0.004570079837789887,0.6526189042745334
8967,0.9648,0,3,0,675870,574,125172,1084,0.004546318590799645,0.6537997587454765
8968,0.965,35,21,35,675891,553,125207,1049,0.004379989861867951,0.6548064918851436
8969,0.9651,2,1,2,675892,552,125209,1047,0.004372069446204537,0.6547842401500938
8970,0.9652,1,0,1,675892,552,125210,1046,0.004372069446204537,0.6545682102628285
8971,0.9656,1,0,1,675892,552,125211,1045,0.004372069446204537,0.654351909830933
8972,0.966,4,1,4,675893,551,125215,1041,0.004364149030541123,0.6538944723618091
8973,0.9661,2,2,2,675895,549,125217,1039,0.004348308199214295,0.6542821158690176
8974,0.9663,0,1,0,675896,548,125217,1039,0.004340387783550881,0.6546943919344675
8975,0.9667,5,8,5,675904,540,125222,1034,0.004277024458243569,0.6569250317662008
8976,0.9669,1,0,1,675904,540,125223,1033,0.004277024458243569,0.6567069294342022
8977,0.967,0,1,0,675905,539,125223,1033,0.004269104042580155,0.6571246819338422
8978,0.9671,1,0,1,675905,539,125224,1032,0.004269104042580155,0.6569064290260981
8979,0.9672,0,1,0,675906,538,125224,1032,0.004261183626916741,0.6573248407643312
8980,0.9675,3,2,3,675908,536,125227,1029,0.0042453427955899126,0.6575079872204472
8981,0.9678,0,1,0,675909,535,125227,1029,0.0042374223799264985,0.657928388746803
8982,0.968,2,0,2,675909,535,125229,1027,0.0042374223799264985,0.6574903969270166
8983,0.9683,2,0,2,675909,535,125231,1025,0.0042374223799264985,0.657051282051282
8984,0.9686,1,0,1,675909,535,125232,1024,0.0042374223799264985,0.6568313021167415
8985,0.969,1,0,1,675909,535,125233,1023,0.0042374223799264985,0.6566110397946084
8986,0.9692,3,2,3,675911,533,125236,1020,0.00422158154859967,0.6567933032839666
8987,0.9693,1,0,1,675911,533,125237,1019,0.00422158154859967,0.6565721649484536
8988,0.97,317,162,317,676073,371,125554,702,0.0029384742111266,0.6542404473438956
8989,0.9702,1,0,1,676073,371,125555,701,0.0029384742111266,0.6539179104477612
8990,0.9705,1,0,1,676073,371,125556,700,0.0029384742111266,0.6535947712418301
8991,0.9706,1,0,1,676073,371,125557,699,0.0029384742111266,0.6532710280373831
8992,0.9716,0,1,0,676074,370,125557,699,0.002930553795463186,0.6538821328344246
8993,0.9717,1,1,1,676075,369,125558,698,0.002922633379799772,0.6541705716963448
8994,0.9725,3,0,3,676075,369,125561,695,0.002922633379799772,0.6531954887218046
8995,0.973,1,0,1,676075,369,125562,694,0.002922633379799772,0.6528692380056444
8996,0.9733,6,6,6,676081,363,125568,688,0.002875110885819288,0.6546146527117032
8997,0.9734,1,0,1,676081,363,125569,687,0.002875110885819288,0.6542857142857142
8998,0.974,2,0,2,676081,363,125571,685,0.002875110885819288,0.6536259541984732
8999,0.9742,1,0,1,676081,363,125572,684,0.002875110885819288,0.6532951289398281
9000,0.9747,0,2,0,676083,361,125572,684,0.0028592700544924597,0.6545454545454545
9001,0.9749,1,0,1,676083,361,125573,683,0.0028592700544924597,0.6542145593869731
9002,0.975,18,17,18,676100,344,125591,665,0.0027246229882144216,0.6590683845391476
9003,0.9752,1,1,1,676101,343,125592,664,0.0027167025725510076,0.6593843098311817
9004,0.9753,0,1,0,676102,342,125592,664,0.0027087821568875935,0.6600397614314115
9005,0.9755,1,0,1,676102,342,125593,663,0.0027087821568875935,0.6597014925373135
9006,0.9756,1,0,1,676102,342,125594,662,0.0027087821568875935,0.6593625498007968
9007,0.976,2,1,2,676103,341,125596,660,0.0027008617412241794,0.6593406593406593
9008,0.9767,13,11,13,676114,330,125609,647,0.0026137371689266254,0.6622313203684749
9009,0.977,2,0,2,676114,330,125611,645,0.0026137371689266254,0.6615384615384615
9010,0.9775,1,4,1,676118,326,125612,644,0.002582055506272969,0.6639175257731958
9011,0.978,1,2,1,676120,324,125613,643,0.0025662146749461413,0.6649431230610134
9012,0.9783,2,2,2,676122,322,125615,641,0.002550373843619313,0.6656282450674974
9013,0.9784,1,0,1,676122,322,125616,640,0.002550373843619313,0.6652806652806653
9014,0.9786,2,0,2,676122,322,125618,638,0.002550373843619313,0.6645833333333333
9015,0.9788,1,0,1,676122,322,125619,637,0.002550373843619313,0.6642335766423357
9016,0.98,232,122,232,676244,200,125851,405,0.0015840831326828031,0.6694214876033058
9017,0.9804,0,4,0,676248,196,125851,405,0.001552401470029147,0.6738768718801996
9018,0.9807,0,2,0,676250,194,125851,405,0.001536560638702319,0.676126878130217
9019,0.981,1,0,1,676250,194,125852,404,0.001536560638702319,0.6755852842809364
9020,0.9817,1,0,1,676250,194,125853,403,0.001536560638702319,0.6750418760469011
9021,0.982,1,0,1,676250,194,125854,402,0.001536560638702319,0.674496644295302
9022,0.9825,2,3,2,676253,191,125856,400,0.001512799391712077,0.676818950930626
9023,0.9829,1,0,1,676253,191,125857,399,0.001512799391712077,0.676271186440678
9024,0.9833,5,10,5,676263,181,125862,394,0.001433595235077937,0.6852173913043478
9025,0.9835,1,0,1,676263,181,125863,393,0.001433595235077937,0.6846689895470384
9026,0.984,0,1,0,676264,180,125863,393,0.0014256748194145228,0.6858638743455497
9027,0.9842,0,1,0,676265,179,125863,393,0.001417754403751109,0.6870629370629371
9028,0.985,7,11,7,676276,168,125870,386,0.0013306298314535547,0.6967509025270758
9029,0.9852,2,1,2,676277,167,125872,384,0.0013227094157901406,0.6969147005444646
9030,0.986,3,0,3,676277,167,125875,381,0.0013227094157901406,0.6952554744525548
9031,0.9867,10,5,10,676282,162,125885,371,0.0012831073374730707,0.6960600375234521
9032,0.9875,2,2,2,676284,160,125887,369,0.0012672665061462425,0.6975425330812854
9033,0.988,3,1,3,676285,159,125890,366,0.0012593460904828286,0.6971428571428572
9034,0.9886,0,1,0,676286,158,125890,366,0.0012514256748194146,0.6984732824427481
9035,0.99,216,86,216,676372,72,126106,150,0.0005702699277658091,0.6756756756756757
9036,0.9901,2,0,2,676372,72,126108,148,0.0005702699277658091,0.6727272727272727
9037,0.9908,3,2,3,676374,70,126111,145,0.0005544290964389811,0.6744186046511628
9038,0.992,1,0,1,676374,70,126112,144,0.0005544290964389811,0.6728971962616822
9039,0.9925,2,0,2,676374,70,126114,142,0.0005544290964389811,0.6698113207547169
9040,0.9926,1,1,1,676375,69,126115,141,0.0005465086807755671,0.6714285714285714
9041,0.9927,0,1,0,676376,68,126115,141,0.000538588265112153,0.6746411483253588
9042,0.9933,6,3,6,676379,65,126121,135,0.000514827018121911,0.675
9043,0.994,1,2,1,676381,63,126122,134,0.000498986186795083,0.6802030456852792
9044,0.9943,2,1,2,676382,62,126124,132,0.000491065771131669,0.6804123711340206
9045,0.995,3,2,3,676384,60,126127,129,0.00047522493980484094,0.6825396825396826
9046,0.9957,0,1,0,676385,59,126127,129,0.00046730452414142697,0.6861702127659575
9047,0.996,3,0,3,676385,59,126130,126,0.00046730452414142697,0.6810810810810811
9048,0.9964,0,1,0,676386,58,126130,126,0.00045938410847801294,0.6847826086956522
9049,0.9967,0,3,0,676389,55,126130,126,0.00043562286148777086,0.6961325966850829
9050,0.998,0,1,0,676390,54,126130,126,0.0004277024458243569,0.7
9051,0.9988,2,1,2,676391,53,126132,124,0.00041978203016094286,0.7005649717514124
9052,1.0,124,53,124,676444,0,126256,0,0.0,
